t/M,Re(Psi_4),Im(Psi_4)
-100.0,-6.076527145037153e-10,5.876856179231805e-12
-99.99,-6.079817921749351e-10,5.880672470143106e-12
-99.98,-6.083110818308583e-10,5.884491657878269e-12
-99.97,-6.086405836986733e-10,5.8883136996609005e-12
-99.96,-6.089702979286085e-10,5.892138569618769e-12
-99.95,-6.093002245599727e-10,5.895966357516924e-12
-99.94,-6.096303637433602e-10,5.8997970699416156e-12
-99.93,-6.099607161074477e-10,5.9036304908123925e-12
-99.92,-6.102912811114267e-10,5.907466979122585e-12
-99.91,-6.106220593831048e-10,5.9113062991073995e-12
-99.9,-6.109530508693299e-10,5.915148498575534e-12
-99.89,-6.112842557643948e-10,5.918993590306119e-12
-99.88,-6.116156743867777e-10,5.9228415840038185e-12
-99.87,-6.119473066720613e-10,5.926692476952898e-12
-99.86,-6.122791528849574e-10,5.9305462659419234e-12
-99.85,-6.126112131640984e-10,5.934402908083552e-12
-99.84,-6.129434873392006e-10,5.9382622995700336e-12
-99.83,-6.132759769059778e-10,5.942124939384237e-12
-99.82,-6.136086803838071e-10,5.945990389129235e-12
-99.81,-6.139415985933368e-10,5.949858716123762e-12
-99.8,-6.142747317765374e-10,5.953729960867549e-12
-99.79,-6.146080799777159e-10,5.957604038879135e-12
-99.78,-6.149416433307932e-10,5.961481120399035e-12
-99.77,-6.152754220887748e-10,5.96536111778558e-12
-99.76,-6.156094163735346e-10,5.969244057317589e-12
-99.75,-6.15943626211893e-10,5.973129866809978e-12
-99.74,-6.162780521971791e-10,5.9770186399945626e-12
-99.73,-6.166126940676821e-10,5.980910323438529e-12
-99.72,-6.169475520396309e-10,5.984804948618273e-12
-99.71,-6.172826263640019e-10,5.988702513012722e-12
-99.7,-6.176179171705898e-10,5.992603019919721e-12
-99.69,-6.179534246424338e-10,5.996506361238512e-12
-99.68,-6.182891490168996e-10,6.000412826414487e-12
-99.67,-6.186250903053291e-10,6.004322143768528e-12
-99.66,-6.189612487094567e-10,6.008234360225251e-12
-99.65,-6.192976245230241e-10,6.012149687259212e-12
-99.64,-6.196342176510255e-10,6.0160678482402764e-12
-99.63,-6.19971028477942e-10,6.019988982839697e-12
-99.62,-6.203080572256197e-10,6.023913109312157e-12
-99.61,-6.206453038106734e-10,6.02784014332907e-12
-99.6,-6.209827686468992e-10,6.0317702430541765e-12
-99.59,-6.213204514745983e-10,6.035703162791266e-12
-99.58,-6.216583530024127e-10,6.039639104290951e-12
-99.57,-6.219964730675982e-10,6.043578285741161e-12
-99.56,-6.223348119139686e-10,6.047519976933133e-12
-99.55,-6.226733696714902e-10,6.051464894168146e-12
-99.54,-6.2301214660086e-10,6.055412716837708e-12
-99.53,-6.233511426786847e-10,6.059363579075771e-12
-99.52,-6.236903582832805e-10,6.063317374739145e-12
-99.51,-6.240297934187489e-10,6.067274244313601e-12
-99.5,-6.243694484064369e-10,6.071234004565821e-12
-99.49,-6.247093233424786e-10,6.0751967879908775e-12
-99.48,-6.250494181771731e-10,6.079162557978964e-12
-99.47,-6.253897335259561e-10,6.0831314158454716e-12
-99.46,-6.257302691090608e-10,6.087103152153897e-12
-99.45,-6.260710252856683e-10,6.091077942878334e-12
-99.44,-6.264120023362871e-10,6.095055746983046e-12
-99.43,-6.267532002163307e-10,6.099036545072321e-12
-99.42,-6.270946192021207e-10,6.10302035863654e-12
-99.41,-6.274362593752162e-10,6.1070071980370275e-12
-99.4,-6.277781210156259e-10,6.110997021931489e-12
-99.39,-6.281202041685675e-10,6.114989990792681e-12
-99.38,-6.284625093290006e-10,6.11898571432815e-12
-99.37,-6.288050360707417e-10,6.122984679025003e-12
-99.36,-6.291477849607187e-10,6.1269866353126065e-12
-99.35,-6.294907562446835e-10,6.130991532925627e-12
-99.34,-6.298339498668271e-10,6.134999526115498e-12
-99.33,-6.301773660597932e-10,6.139010549605853e-12
-99.32,-6.305210050279481e-10,6.143024559868058e-12
-99.31,-6.308648668045084e-10,6.147041694959828e-12
-99.3,-6.312089517902001e-10,6.151061830710712e-12
-99.29,-6.315532600142954e-10,6.1550849870245195e-12
-99.28,-6.31897791210355e-10,6.1591112470246446e-12
-99.27,-6.322425468226973e-10,6.1631404621829865e-12
-99.26,-6.325875257234331e-10,6.1671728025433714e-12
-99.25,-6.329327286005776e-10,6.1712081983241e-12
-99.24,-6.33278155528457e-10,6.175246625344799e-12
-99.23,-6.336238067693226e-10,6.179288143400213e-12
-99.22,-6.339696823958572e-10,6.1833326987729434e-12
-99.21,-6.343157825756247e-10,6.187380302284148e-12
-99.2,-6.346621076303504e-10,6.191430970489374e-12
-99.19,-6.350086575247809e-10,6.1954847040247875e-12
-99.18,-6.353554326155761e-10,6.199541565428237e-12
-99.17,-6.357024329075863e-10,6.203601456933326e-12
-99.16,-6.36049658637249e-10,6.207664414687463e-12
-99.15,-6.363971100170928e-10,6.211730547887138e-12
-99.14,-6.367447871680047e-10,6.215799673755768e-12
-99.13,-6.370926902048348e-10,6.219871908786136e-12
-99.12,-6.374408194717963e-10,6.223947226945856e-12
-99.11,-6.37789174984091e-10,6.228025620005486e-12
-99.1,-6.381377570340098e-10,6.2321070849691506e-12
-99.09,-6.384865654563532e-10,6.2361917590481e-12
-99.08,-6.388356008625067e-10,6.240279501499886e-12
-99.07,-6.391848632171598e-10,6.244370297177182e-12
-99.06,-6.395343527207809e-10,6.248464222221056e-12
-99.05,-6.398840694509031e-10,6.252561185947867e-12
-99.04,-6.402340138893518e-10,6.256661307505468e-12
-99.03,-6.405841858226534e-10,6.260764542705335e-12
-99.02,-6.409345856429931e-10,6.264870875181596e-12
-99.01,-6.412852134813535e-10,6.2689803317126725e-12
-99.0,-6.416360693694653e-10,6.273092978347525e-12
-98.99,-6.419871536127236e-10,6.277208752958531e-12
-98.98,-6.423384665134983e-10,6.281327515555616e-12
-98.97,-6.426900080496592e-10,6.285449497868187e-12
-98.96,-6.430417783545003e-10,6.289574581472724e-12
-98.95,-6.433937777217486e-10,6.2937028401984455e-12
-98.94,-6.43746006363947e-10,6.2978342352269635e-12
-98.93,-6.440984643545154e-10,6.301968732915627e-12
-98.92,-6.444511519347235e-10,6.306106346517691e-12
-98.91,-6.448040689989591e-10,6.3102471183502555e-12
-98.9,-6.451572164641069e-10,6.314390944995172e-12
-98.89,-6.455105934886631e-10,6.318538190229084e-12
-98.88,-6.45864201015746e-10,6.3226884387844615e-12
-98.87,-6.462180388700486e-10,6.326841848538036e-12
-98.86,-6.465721073164573e-10,6.330998441804686e-12
-98.85,-6.469264066072042e-10,6.335158175212428e-12
-98.84,-6.47280936750262e-10,6.33932106546631e-12
-98.83,-6.476356980969339e-10,6.343487090607221e-12
-98.82,-6.479906905970336e-10,6.3476563455195976e-12
-98.81,-6.483459147840954e-10,6.3518286417300785e-12
-98.8,-6.487013703575663e-10,6.356004288611056e-12
-98.79,-6.490570577625838e-10,6.360183063818016e-12
-98.78,-6.494129774038064e-10,6.36436498901053e-12
-98.77,-6.497691289544864e-10,6.3685500994319745e-12
-98.76,-6.501255129315306e-10,6.3727383791810325e-12
-98.75,-6.504821294154606e-10,6.376929913898391e-12
-98.74,-6.508389785900809e-10,6.38112455912046e-12
-98.73,-6.511960606252821e-10,6.385322455918079e-12
-98.72,-6.515533755312409e-10,6.389523701991995e-12
-98.71,-6.519109239797772e-10,6.393727783903988e-12
-98.7,-6.522687057352122e-10,6.3979352691063904e-12
-98.69,-6.526267210319532e-10,6.4021458986626806e-12
-98.68,-6.529849699865637e-10,6.4063598197760475e-12
-98.67,-6.533434529132257e-10,6.41057690997518e-12
-98.66,-6.537021700596841e-10,6.414797155839659e-12
-98.65,-6.540611212780465e-10,6.419020727296833e-12
-98.64,-6.544203069882885e-10,6.423247503380002e-12
-98.63,-6.547797280020818e-10,6.427477442287304e-12
-98.62,-6.551393825034885e-10,6.431710634924412e-12
-98.61,-6.554992728028764e-10,6.435947052699585e-12
-98.6,-6.558593979964368e-10,6.4401866978827435e-12
-98.59,-6.562197587043536e-10,6.444429591185209e-12
-98.58,-6.565803550390209e-10,6.448675735244122e-12
-98.57,-6.569411868779576e-10,6.452925059934963e-12
-98.56,-6.57302254563119e-10,6.457177647378273e-12
-98.55,-6.576635584640354e-10,6.461433507007214e-12
-98.54,-6.580250982696007e-10,6.465692882752393e-12
-98.53,-6.583868749778436e-10,6.469954930023384e-12
-98.52,-6.587488880887405e-10,6.474220547937274e-12
-98.51,-6.591111379173266e-10,6.4784893670831935e-12
-98.5,-6.59473624638484e-10,6.48276148372967e-12
-98.49,-6.598363486049262e-10,6.4870368645762015e-12
-98.48,-6.601993098186431e-10,6.491315494342268e-12
-98.47,-6.605625084509019e-10,6.4955973951831334e-12
-98.46,-6.609259448802706e-10,6.4998824858773e-12
-98.45,-6.612896191167966e-10,6.504170939465405e-12
-98.44,-6.616535311395113e-10,6.508462683695098e-12
-98.43,-6.620176817632031e-10,6.5127577129384846e-12
-98.42,-6.623820706277152e-10,6.517055955500514e-12
-98.41,-6.627466981190168e-10,6.521357499258903e-12
-98.4,-6.631115642426355e-10,6.52566231775554e-12
-98.39,-6.634766692718542e-10,6.529970508008491e-12
-98.38,-6.638420134459433e-10,6.534281921022546e-12
-98.37,-6.642075970139846e-10,6.538596634917372e-12
-98.36,-6.645734200391477e-10,6.542914680658841e-12
-98.35,-6.649394826254412e-10,6.54723597137168e-12
-98.34,-6.653057852113917e-10,6.551560597644218e-12
-98.33,-6.656723276026014e-10,6.5558885136936755e-12
-98.32,-6.660391102768027e-10,6.560219767748682e-12
-98.31,-6.664061333026363e-10,6.564554348481736e-12
-98.3,-6.667733968297114e-10,6.568892154746228e-12
-98.29,-6.671409013261736e-10,6.573233408587662e-12
-98.28,-6.67508646650624e-10,6.5775778775988075e-12
-98.27,-6.678766330578319e-10,6.581925740236277e-12
-98.26,-6.682448607705832e-10,6.586276889694831e-12
-98.25,-6.686133296643552e-10,6.5906313557118244e-12
-98.24,-6.689820408489237e-10,6.594989118187434e-12
-98.23,-6.693509936126915e-10,6.599350303046384e-12
-98.22,-6.697201883402745e-10,6.603714842479509e-12
-98.21,-6.700896253773377e-10,6.608082637116717e-12
-98.2,-6.704593046946802e-10,6.612453823063546e-12
-98.19,-6.708292266752285e-10,6.616828380326269e-12
-98.18,-6.711993913367695e-10,6.621206208045015e-12
-98.17,-6.715697990713297e-10,6.625587489937336e-12
-98.16,-6.719404498040625e-10,6.629971881885586e-12
-98.15,-6.72311344038849e-10,6.634359989356079e-12
-98.14,-6.726824815648627e-10,6.6387513079854325e-12
-98.13,-6.730538629341023e-10,6.643145954465541e-12
-98.12,-6.734254880428136e-10,6.647543999316458e-12
-98.11,-6.737973573597512e-10,6.651945409129698e-12
-98.1,-6.741694708365703e-10,6.656350195974481e-12
-98.09,-6.745418289144366e-10,6.660758314535683e-12
-98.08,-6.74914431410374e-10,6.6651698976095384e-12
-98.07,-6.752872786909895e-10,6.66958488515015e-12
-98.06,-6.756603711132257e-10,6.674003109066949e-12
-98.05,-6.760337086390353e-10,6.678424747018339e-12
-98.04,-6.764072915172244e-10,6.682849880813858e-12
-98.03,-6.767811199501635e-10,6.687278333895955e-12
-98.02,-6.771551941393985e-10,6.691710233651098e-12
-98.01,-6.775295142249241e-10,6.69614553506195e-12
-98.0,-6.779040804834183e-10,6.700584210972086e-12
-97.99,-6.782788930002725e-10,6.705026313429965e-12
-97.98,-6.786539519800689e-10,6.709471751398608e-12
-97.97,-6.790292578943957e-10,6.713920689478235e-12
-97.96,-6.794048102301626e-10,6.718373085436001e-12
-97.95,-6.797806098275685e-10,6.72282869260426e-12
-97.94,-6.801566566609412e-10,6.727287858700743e-12
-97.93,-6.805329508228938e-10,6.731750460926148e-12
-97.92,-6.809094927216882e-10,6.7362164323498585e-12
-97.91,-6.812862824352687e-10,6.740685877378581e-12
-97.9,-6.81663320111479e-10,6.745158729843107e-12
-97.89,-6.820406058627491e-10,6.749635027070292e-12
-97.88,-6.824181401133563e-10,6.754114796583244e-12
-97.87,-6.827959230419047e-10,6.758597895344657e-12
-97.86,-6.831739543894106e-10,6.763084592702119e-12
-97.85,-6.835522348765028e-10,6.767574669679064e-12
-97.84,-6.839307643971655e-10,6.772068189665201e-12
-97.83,-6.843095431159942e-10,6.776565176986094e-12
-97.82,-6.846885716273676e-10,6.781065624871609e-12
-97.81,-6.85067849745879e-10,6.785569506656026e-12
-97.8,-6.854473777517692e-10,6.7900768588063884e-12
-97.79,-6.858271558956272e-10,6.794587662034696e-12
-97.78,-6.86207184136487e-10,6.799102155758542e-12
-97.77,-6.865874630331587e-10,6.8036197644312255e-12
-97.76,-6.869679924965732e-10,6.808140984272292e-12
-97.75,-6.873487729262925e-10,6.812665595999695e-12
-97.74,-6.877298041609168e-10,6.817193889163034e-12
-97.73,-6.881110867310009e-10,6.821725616913883e-12
-97.72,-6.884926206983362e-10,6.8262607731742214e-12
-97.71,-6.888744061615797e-10,6.8307994025934875e-12
-97.7,-6.89256443644617e-10,6.835341542459177e-12
-97.69,-6.896387327390405e-10,6.839887355318491e-12
-97.68,-6.90021274627295e-10,6.84443632194625e-12
-97.67,-6.904040685121963e-10,6.848988984971908e-12
-97.66,-6.907871149427696e-10,6.853545121356823e-12
-97.65,-6.911704143125844e-10,6.8581047904871305e-12
-97.64,-6.91553966510931e-10,6.8626679720231805e-12
-97.63,-6.919377719675703e-10,6.867234615814904e-12
-97.62,-6.923218306604638e-10,6.871804848401622e-12
-97.61,-6.927061429310085e-10,6.876378562229907e-12
-97.6,-6.930907091487948e-10,6.880955541976124e-12
-97.59,-6.934755288901654e-10,6.885536595857484e-12
-97.58,-6.938606028571128e-10,6.8901209340786266e-12
-97.57,-6.942459312335558e-10,6.894708733801587e-12
-97.56,-6.946315140787793e-10,6.8993001412706555e-12
-97.55,-6.950173516519664e-10,6.903895032015161e-12
-97.54,-6.954034442041958e-10,6.9084934943624085e-12
-97.53,-6.957897917034191e-10,6.9130954743842936e-12
-97.52,-6.961763945634278e-10,6.9177010102846084e-12
-97.51,-6.965632527531219e-10,6.922310143041257e-12
-97.5,-6.969503670099184e-10,6.926922840633616e-12
-97.49,-6.973377367063697e-10,6.931539014869191e-12
-97.48,-6.977253627072859e-10,6.936158785036169e-12
-97.47,-6.981132449669445e-10,6.94078214234538e-12
-97.46,-6.985013836408126e-10,6.945409027315914e-12
-97.45,-6.988897788757551e-10,6.950039483487998e-12
-97.44,-6.99278431091343e-10,6.954673541880484e-12
-97.43,-6.996673403036749e-10,6.9593111584933104e-12
-97.42,-7.000565067601231e-10,6.963952335499067e-12
-97.41,-7.004459307270173e-10,6.968597134930067e-12
-97.4,-7.008356122565756e-10,6.973245503073629e-12
-97.39,-7.012255517864732e-10,6.977897465772057e-12
-97.38,-7.016157491295954e-10,6.98255304678997e-12
-97.37,-7.020062048120713e-10,6.987212179306758e-12
-97.36,-7.023969191349809e-10,6.991874930873295e-12
-97.35,-7.027878916701354e-10,6.996541317385909e-12
-97.34,-7.031791233119897e-10,7.001211202193892e-12
-97.33,-7.035706139833469e-10,7.005884755369246e-12
-97.32,-7.039623636442968e-10,7.010561935920451e-12
-97.31,-7.043543724320972e-10,7.015242751139353e-12
-97.3,-7.047466418323566e-10,7.019927121248127e-12
-97.29,-7.051391705815848e-10,7.0246151462907756e-12
-97.28,-7.055319591865841e-10,7.0293067742230216e-12
-97.27,-7.059250081131466e-10,7.034002050450989e-12
-97.26,-7.063183174608034e-10,7.038700974538299e-12
-97.25,-7.067118873045065e-10,7.043403525320404e-12
-97.24,-7.071057182254859e-10,7.048109680175058e-12
-97.23,-7.07499809988528e-10,7.052819479561419e-12
-97.22,-7.078941628589785e-10,7.057532883424487e-12
-97.21,-7.082887775421121e-10,7.062250020108418e-12
-97.2,-7.086836534898996e-10,7.066970801488657e-12
-97.19,-7.090787915366006e-10,7.071695184317513e-12
-97.18,-7.094741913007843e-10,7.076423244498657e-12
-97.17,-7.09869853406037e-10,7.08115497211092e-12
-97.16,-7.10265778054543e-10,7.085890309012725e-12
-97.15,-7.106619651849964e-10,7.090629386329343e-12
-97.14,-7.11058415165405e-10,7.0953721106066655e-12
-97.13,-7.114551284938051e-10,7.100118477400292e-12
-97.12,-7.118521045074563e-10,7.1048685534132786e-12
-97.11,-7.122493441494202e-10,7.10962225432742e-12
-97.1,-7.126468474826227e-10,7.114379705264517e-12
-97.09,-7.130446147182475e-10,7.119140810789972e-12
-97.08,-7.134426457685749e-10,7.123905582751516e-12
-97.07,-7.138409413323927e-10,7.128674076835308e-12
-97.06,-7.142395012656404e-10,7.133446215050016e-12
-97.05,-7.146383257705859e-10,7.1382221183225775e-12
-97.04,-7.15037415211733e-10,7.1430016544660934e-12
-97.03,-7.154367697576727e-10,7.147784934874313e-12
-97.02,-7.158363892091405e-10,7.152571984022436e-12
-97.01,-7.162362746024524e-10,7.157362643740252e-12
-97.0,-7.166364254635928e-10,7.1621570496911245e-12
-96.99,-7.17036842232859e-10,7.16695517496533e-12
-96.98,-7.174375249905239e-10,7.171756992318679e-12
-96.97,-7.178384739908794e-10,7.176562589095044e-12
-96.96,-7.182396896097601e-10,7.181371883711771e-12
-96.95,-7.186411719530249e-10,7.186184910371778e-12
-96.94,-7.190429208982493e-10,7.191001617599819e-12
-96.93,-7.194449376642409e-10,7.195822059959895e-12
-96.92,-7.198472209819746e-10,7.2006464500220204e-12
-96.91,-7.202497720099539e-10,7.205474378591836e-12
-96.9,-7.206525908546558e-10,7.210306095723806e-12
-96.89,-7.210556775621677e-10,7.21514160401962e-12
-96.88,-7.214590324169847e-10,7.21998082407892e-12
-96.87,-7.218626556829669e-10,7.224823830828004e-12
-96.86,-7.222665474279739e-10,7.229670593312597e-12
-96.85,-7.226707078555202e-10,7.234521089811654e-12
-96.84,-7.230751372941478e-10,7.239375508411093e-12
-96.83,-7.234798359607992e-10,7.2442334064989005e-12
-96.82,-7.23884803997464e-10,7.249095233100112e-12
-96.81,-7.242900415885769e-10,7.253960803515898e-12
-96.8,-7.246955488793984e-10,7.258830228176928e-12
-96.79,-7.251013262978758e-10,7.263703345893796e-12
-96.78,-7.255073738808459e-10,7.2685803440754084e-12
-96.77,-7.259136918467519e-10,7.273461048550476e-12
-96.76,-7.263202803988513e-10,7.278345568105398e-12
-96.75,-7.267271399124497e-10,7.283233916561517e-12
-96.74,-7.271342703233526e-10,7.288126065499913e-12
-96.73,-7.275416720762952e-10,7.293021976957026e-12
-96.72,-7.279493451367857e-10,7.297921643513885e-12
-96.71,-7.283572900935296e-10,7.302825248055457e-12
-96.7,-7.287655067619779e-10,7.307732584012368e-12
-96.69,-7.291739956667878e-10,7.312643783743393e-12
-96.68,-7.295827567324716e-10,7.317558780909868e-12
-96.67,-7.299917902491507e-10,7.32247756785583e-12
-96.66,-7.304010966084326e-10,7.32740024329336e-12
-96.65,-7.308106758719099e-10,7.332326676150169e-12
-96.64,-7.312205282466621e-10,7.337257021356185e-12
-96.63,-7.316306540137154e-10,7.342191163003432e-12
-96.62,-7.320410533439909e-10,7.347129140030547e-12
-96.61,-7.324517261885438e-10,7.352070990068925e-12
-96.6,-7.328626733274034e-10,7.357016649777926e-12
-96.59,-7.332738945344693e-10,7.361966178647897e-12
-96.58,-7.336853902290259e-10,7.366919540782037e-12
-96.57,-7.340971603468762e-10,7.371876841789554e-12
-96.56,-7.345092055966128e-10,7.376837869102726e-12
-96.55,-7.349215256686975e-10,7.381802855099394e-12
-96.54,-7.353341210506105e-10,7.386771682854577e-12
-96.53,-7.357469918897446e-10,7.391744357503842e-12
-96.52,-7.361601383777301e-10,7.396720968494628e-12
-96.51,-7.365735607696178e-10,7.401701410398912e-12
-96.5,-7.369872593900163e-10,7.406685728131435e-12
-96.49,-7.374012341526674e-10,7.411673942914043e-12
-96.48,-7.378154855088719e-10,7.41666608108177e-12
-96.47,-7.382300133642117e-10,7.421662065169174e-12
-96.46,-7.386448186477959e-10,7.42666194454376e-12
-96.45,-7.390599008604363e-10,7.431665733780317e-12
-96.44,-7.394752604558108e-10,7.436673451793023e-12
-96.43,-7.398908977431737e-10,7.441685051524876e-12
-96.42,-7.403068128518325e-10,7.446700551164907e-12
-96.41,-7.407230059184607e-10,7.451719945275984e-12
-96.4,-7.411394772238781e-10,7.456743295248319e-12
-96.39,-7.415562269534067e-10,7.461770554058751e-12
-96.38,-7.419732555063564e-10,7.466801733538156e-12
-96.37,-7.423905628410458e-10,7.471836782781533e-12
-96.36,-7.428081492994211e-10,7.476875853274297e-12
-96.35,-7.432260151204519e-10,7.481918851636611e-12
-96.34,-7.436441604913994e-10,7.486965723542553e-12
-96.33,-7.440625855756391e-10,7.492016537973051e-12
-96.32,-7.444812907319271e-10,7.497071350884827e-12
-96.31,-7.449002759347698e-10,7.50213008546883e-12
-96.3,-7.453195414878246e-10,7.507192774305004e-12
-96.29,-7.45739087863584e-10,7.51225939782441e-12
-96.28,-7.461589153686833e-10,7.517330055433939e-12
-96.27,-7.465790232296756e-10,7.52240454900167e-12
-96.26,-7.469994127698803e-10,7.527483044800267e-12
-96.25,-7.474200837735819e-10,7.532565531508432e-12
-96.24,-7.478410363726687e-10,7.537652019371687e-12
-96.23,-7.482622710636107e-10,7.542742461941962e-12
-96.22,-7.486837877004012e-10,7.547836903195458e-12
-96.21,-7.491055869858672e-10,7.552935243444339e-12
-96.2,-7.495276687039904e-10,7.558037659107301e-12
-96.19,-7.499500336811452e-10,7.563143794566911e-12
-96.18,-7.503726807410886e-10,7.568254423291755e-12
-96.17,-7.507956116536376e-10,7.57336874906954e-12
-96.16,-7.512188259237944e-10,7.578487088886963e-12
-96.15,-7.516423238493134e-10,7.583609420229764e-12
-96.14,-7.520661059468383e-10,7.588735826199628e-12
-96.13,-7.524901717955542e-10,7.59386620993163e-12
-96.12,-7.529145220958642e-10,7.599000645953305e-12
-96.11,-7.533391570945598e-10,7.60413899431758e-12
-96.1,-7.53764076837986e-10,7.609281505587292e-12
-96.09,-7.541892815241382e-10,7.614427903477957e-12
-96.08,-7.546147714105317e-10,7.619578388669124e-12
-96.07,-7.550405468876714e-10,7.624732901968378e-12
-96.06,-7.5546660799644e-10,7.629891461272487e-12
-96.05,-7.55892954944686e-10,7.635054042587788e-12
-96.04,-7.563195880556782e-10,7.64022065686917e-12
-96.03,-7.567465075070879e-10,7.645391360121614e-12
-96.02,-7.571737134808318e-10,7.650566077835921e-12
-96.01,-7.576012062453648e-10,7.655744869674722e-12
-96.0,-7.580289860854865e-10,7.660927706885582e-12
-95.99,-7.584570529437549e-10,7.666114672135292e-12
-95.98,-7.588854076312114e-10,7.67130554421066e-12
-95.97,-7.593140497157063e-10,7.676500599537448e-12
-95.96,-7.597429798083478e-10,7.681699678767077e-12
-95.95,-7.601721979769201e-10,7.686902885318367e-12
-95.94,-7.606017044832131e-10,7.692110150785217e-12
-95.93,-7.610314996305887e-10,7.697321478569676e-12
-95.92,-7.614615836040807e-10,7.702536884038409e-12
-95.91,-7.618919564694762e-10,7.707756389849923e-12
-95.9,-7.623226186703774e-10,7.712980030938745e-12
-95.89,-7.62753570351971e-10,7.718207719633152e-12
-95.88,-7.63184811719837e-10,7.723439497804694e-12
-95.87,-7.63616342885077e-10,7.728675459216873e-12
-95.86,-7.640481641118548e-10,7.733915486768508e-12
-95.85,-7.64480276128951e-10,7.739159608724838e-12
-95.84,-7.649126785356184e-10,7.74440786931847e-12
-95.83,-7.653453717921994e-10,7.749660171592537e-12
-95.82,-7.65778356059287e-10,7.754916659815831e-12
-95.81,-7.662116312920871e-10,7.760177377398894e-12
-95.8,-7.66645198632149e-10,7.765442029525792e-12
-95.79,-7.670790573784704e-10,7.770710915713266e-12
-95.78,-7.675132081835387e-10,7.775983888811104e-12
-95.77,-7.6794765102394e-10,7.781261108523783e-12
-95.76,-7.683823865149038e-10,7.786542385827382e-12
-95.75,-7.688174144115273e-10,7.791827818699815e-12
-95.74,-7.692527352364254e-10,7.797117440113053e-12
-95.73,-7.69688349245199e-10,7.802411176651471e-12
-95.72,-7.701242562150335e-10,7.807709099311132e-12
-95.71,-7.705604574018729e-10,7.813011180505166e-12
-95.7,-7.709969520356854e-10,7.818317383584806e-12
-95.69,-7.714337406701348e-10,7.823627869887072e-12
-95.68,-7.718708235232578e-10,7.82894241825e-12
-95.67,-7.723082009115852e-10,7.834261163418364e-12
-95.66,-7.727458729254035e-10,7.839584116290701e-12
-95.65,-7.731838399686854e-10,7.844911218677577e-12
-95.64,-7.736221021369666e-10,7.850242580467053e-12
-95.63,-7.740606599547325e-10,7.855578287232412e-12
-95.62,-7.744995128310456e-10,7.860917784845217e-12
-95.61,-7.749386618537303e-10,7.866261693825416e-12
-95.6,-7.753781069834222e-10,7.871609806796667e-12
-95.59,-7.75817848444142e-10,7.876962135624357e-12
-95.58,-7.762578863289507e-10,7.882318679393135e-12
-95.57,-7.76698221108232e-10,7.887679413861015e-12
-95.56,-7.771388528996955e-10,7.893044367310222e-12
-95.55,-7.775797819180373e-10,7.898413583469445e-12
-95.54,-7.780210083750722e-10,7.903786956381396e-12
-95.53,-7.784625326966209e-10,7.90916459458119e-12
-95.52,-7.789043546307623e-10,7.914546511294176e-12
-95.51,-7.793464748981512e-10,7.919932614843976e-12
-95.5,-7.797888934428531e-10,7.925323028205145e-12
-95.49,-7.802316108560533e-10,7.93071762342623e-12
-95.48,-7.806746270330714e-10,7.936116478503416e-12
-95.47,-7.811179423462681e-10,7.941519576718167e-12
-95.46,-7.815615569398319e-10,7.946926926016424e-12
-95.45,-7.820054711174342e-10,7.952338589340195e-12
-95.44,-7.82449685122941e-10,7.957754449143972e-12
-95.43,-7.828941992471095e-10,7.96317462523968e-12
-95.42,-7.833390135104392e-10,7.968599036968918e-12
-95.41,-7.837841283939464e-10,7.974027756678276e-12
-95.4,-7.842295439017709e-10,7.979460753524959e-12
-95.39,-7.846752604721466e-10,7.984897999015096e-12
-95.38,-7.851212781010121e-10,7.990339600916198e-12
-95.37,-7.855675973551666e-10,7.995785435317858e-12
-95.36,-7.860142182407668e-10,8.001235622105338e-12
-95.35,-7.864611410688287e-10,8.006690013203367e-12
-95.34,-7.869083664890531e-10,8.012148694376929e-12
-95.33,-7.873558934768906e-10,8.017611824696894e-12
-95.32,-7.878037233505165e-10,8.023079186166088e-12
-95.31,-7.882518562502077e-10,8.028550870894707e-12
-95.3,-7.887002922478117e-10,8.034026857903158e-12
-95.29,-7.891490315232182e-10,8.039507168965331e-12
-95.28,-7.895980745247457e-10,8.044991812655648e-12
-95.27,-7.900474209924777e-10,8.050480841952887e-12
-95.26,-7.904970718789162e-10,8.05597411279047e-12
-95.25,-7.909470268135693e-10,8.061471861080943e-12
-95.24,-7.913972865266857e-10,8.066973738422414e-12
-95.23,-7.918478508795723e-10,8.072480062712355e-12
-95.22,-7.922987202367497e-10,8.077990777901569e-12
-95.21,-7.927498947687876e-10,8.083505781374428e-12
-95.2,-7.932013748830568e-10,8.08902516722552e-12
-95.19,-7.936531606842043e-10,8.094548918636286e-12
-95.18,-7.941052524357278e-10,8.100077072494105e-12
-95.17,-7.945576503887771e-10,8.105609560437895e-12
-95.16,-7.950103545175287e-10,8.111146435824713e-12
-95.15,-7.954633659523216e-10,8.116687656667875e-12
-95.14,-7.959166839378526e-10,8.12223323830924e-12
-95.13,-7.963703091814566e-10,8.127783262442543e-12
-95.12,-7.968242418049527e-10,8.133337658401196e-12
-95.11,-7.972784820725689e-10,8.13889643431933e-12
-95.1,-7.977330301737798e-10,8.144459650544142e-12
-95.09,-7.981878864691643e-10,8.15002718370905e-12
-95.08,-7.986430509906259e-10,8.155599210590261e-12
-95.07,-7.990985244120987e-10,8.161175562911306e-12
-95.06,-7.995543067604844e-10,8.166756324568708e-12
-95.05,-8.000103975615459e-10,8.172341593051827e-12
-95.04,-8.004667982597616e-10,8.177931241752996e-12
-95.03,-8.009235084642006e-10,8.183525293097228e-12
-95.02,-8.013805283174888e-10,8.189123798228817e-12
-95.01,-8.01837858349129e-10,8.194726728665753e-12
-95.0,-8.022954987034131e-10,8.20033407257527e-12
-94.99,-8.027534496228563e-10,8.205945883853388e-12
-94.98,-8.032117113462779e-10,8.211562109063247e-12
-94.97,-8.036702841084359e-10,8.21718284923431e-12
-94.96,-8.041291680547823e-10,8.222808033155621e-12
-94.95,-8.045883636735388e-10,8.228437595453213e-12
-94.94,-8.050478710441541e-10,8.234071615843166e-12
-94.93,-8.05507690438097e-10,8.239710133751592e-12
-94.92,-8.059678222124279e-10,8.245353079493314e-12
-94.91,-8.064282662684184e-10,8.251000601373049e-12
-94.9,-8.068890231611386e-10,8.256652568968556e-12
-94.89,-8.073500930563471e-10,8.262308965637874e-12
-94.88,-8.078114762177544e-10,8.267969882278995e-12
-94.87,-8.082731725742247e-10,8.273635431738504e-12
-94.86,-8.087351833341009e-10,8.279305119768989e-12
-94.85,-8.091975077568148e-10,8.284979523631655e-12
-94.84,-8.09660146461196e-10,8.29065843536616e-12
-94.83,-8.101230995227863e-10,8.296341792084694e-12
-94.82,-8.10586367411752e-10,8.302029690762183e-12
-94.81,-8.110499501916056e-10,8.30772217442119e-12
-94.8,-8.115138483707304e-10,8.313418981024972e-12
-94.79,-8.119780618564056e-10,8.319120470244151e-12
-94.78,-8.124425911908364e-10,8.324826379617607e-12
-94.77,-8.129074364532924e-10,8.330536883402771e-12
-94.76,-8.133725978770467e-10,8.336251941957567e-12
-94.75,-8.1383807590683e-10,8.34197141957064e-12
-94.74,-8.143038704755296e-10,8.347695598700205e-12
-94.73,-8.147699821129801e-10,8.353424237000608e-12
-94.72,-8.1523641079419e-10,8.35915741316877e-12
-94.71,-8.157031572786288e-10,8.36489520314314e-12
-94.7,-8.161702213343509e-10,8.370637539805854e-12
-94.69,-8.166376034558519e-10,8.376384114623036e-12
-94.68,-8.171053035495067e-10,8.382135808364339e-12
-94.67,-8.1757332224613e-10,8.38789181217962e-12
-94.66,-8.180416596407472e-10,8.393652391042847e-12
-94.65,-8.185103160016398e-10,8.399417550229111e-12
-94.64,-8.189792915156455e-10,8.405187338708499e-12
-94.63,-8.194485867396724e-10,8.41096162427173e-12
-94.62,-8.199182015786115e-10,8.416740535293296e-12
-94.61,-8.20388136330359e-10,8.422524042853864e-12
-94.6,-8.208583911525184e-10,8.428312082896821e-12
-94.59,-8.213289668266346e-10,8.43410484186206e-12
-94.58,-8.217998630114602e-10,8.439902195354675e-12
-94.57,-8.222710802736048e-10,8.445704117354009e-12
-94.56,-8.227426188110199e-10,8.451510634829506e-12
-94.55,-8.23214478734755e-10,8.45732180559017e-12
-94.54,-8.236866604794427e-10,8.463137583836363e-12
-94.53,-8.241591641327693e-10,8.468958049141812e-12
-94.52,-8.246319901155604e-10,8.47478305896598e-12
-94.51,-8.251051386395254e-10,8.480612687184461e-12
-94.5,-8.255786096662059e-10,8.48644713372538e-12
-94.49,-8.260524042069548e-10,8.492286034909695e-12
-94.48,-8.265265217939171e-10,8.498129608987215e-12
-94.47,-8.270009627668911e-10,8.503977912968326e-12
-94.46,-8.274757276869466e-10,8.509830851309242e-12
-94.45,-8.279508166054302e-10,8.515688412846384e-12
-94.44,-8.284262298070779e-10,8.521550667043037e-12
-94.43,-8.28901967591232e-10,8.527417581046937e-12
-94.42,-8.293780301544033e-10,8.533289125873239e-12
-94.41,-8.298544178125606e-10,8.539165475572303e-12
-94.4,-8.303311308798021e-10,8.5450463407284e-12
-94.39,-8.308081693406581e-10,8.55093205879608e-12
-94.38,-8.312855336256543e-10,8.556822369069445e-12
-94.37,-8.317632241701653e-10,8.562717409892951e-12
-94.36,-8.322412410159383e-10,8.56861712841454e-12
-94.35,-8.327195844154407e-10,8.574521535977893e-12
-94.34,-8.331982547217406e-10,8.580430687881855e-12
-94.33,-8.33677252256359e-10,8.586344543685474e-12
-94.32,-8.34156577066444e-10,8.592263118608196e-12
-94.31,-8.346362295942921e-10,8.598186338312303e-12
-94.3,-8.351162099253942e-10,8.604114403576021e-12
-94.29,-8.355965185134523e-10,8.610047177618961e-12
-94.28,-8.360771553559992e-10,8.615984638496828e-12
-94.27,-8.365581211151281e-10,8.621926849552829e-12
-94.26,-8.370394156959851e-10,8.627873784841258e-12
-94.25,-8.375210395138329e-10,8.633825475971166e-12
-94.24,-8.380029927818044e-10,8.639781935165994e-12
-94.23,-8.384852757631346e-10,8.645743164810257e-12
-94.22,-8.389678886179078e-10,8.65170924744025e-12
-94.21,-8.394508320042306e-10,8.65767980274602e-12
-94.2,-8.399341057805224e-10,8.663655270926095e-12
-94.19,-8.4041771030925e-10,8.669635569643962e-12
-94.18,-8.409016458104397e-10,8.675620535266525e-12
-94.17,-8.413859126590274e-10,8.681610433135243e-12
-94.16,-8.4187051107316e-10,8.687605060979003e-12
-94.15,-8.423554412368237e-10,8.693604455869337e-12
-94.14,-8.428407036078348e-10,8.699608657410572e-12
-94.13,-8.433262982888139e-10,8.705617629594555e-12
-94.12,-8.438122255660319e-10,8.711631405191048e-12
-94.11,-8.442984856158514e-10,8.717649930061637e-12
-94.1,-8.447850788800613e-10,8.723673419514862e-12
-94.09,-8.45272005587851e-10,8.729701611387803e-12
-94.08,-8.457592659237907e-10,8.735734644959414e-12
-94.07,-8.462468602182392e-10,8.741772552302757e-12
-94.06,-8.467347887129911e-10,8.747815197209299e-12
-94.05,-8.47223051594873e-10,8.753862767416072e-12
-94.04,-8.477116492475132e-10,8.759915175883604e-12
-94.03,-8.482005818621582e-10,8.76597244032559e-12
-94.02,-8.486898497417949e-10,8.772034377070044e-12
-94.01,-8.491794531361507e-10,8.778101337650753e-12
-94.0,-8.496693924217655e-10,8.784173095198728e-12
-93.99,-8.501596676870607e-10,8.790249655095835e-12
-93.98,-8.50650279260421e-10,8.796331184819664e-12
-93.97,-8.511412273865809e-10,8.802417493968541e-12
-93.96,-8.516325124697616e-10,8.8085087276735e-12
-93.95,-8.521241346142373e-10,8.814604819821006e-12
-93.94,-8.526160942366709e-10,8.820705827113543e-12
-93.93,-8.53108391246191e-10,8.826811756338499e-12
-93.92,-8.536010265285285e-10,8.832922452610568e-12
-93.91,-8.54093999895245e-10,8.839038086162035e-12
-93.9,-8.545873115978057e-10,8.845158629969806e-12
-93.89,-8.550809621715676e-10,8.851284100266556e-12
-93.88,-8.555749516509495e-10,8.857414420432507e-12
-93.87,-8.560692804696974e-10,8.863549743052043e-12
-93.86,-8.565639488182276e-10,8.869689952383403e-12
-93.85,-8.57058957075342e-10,8.875835010141775e-12
-93.84,-8.575543053580412e-10,8.881984960742567e-12
-93.83,-8.580499937895219e-10,8.888140066094448e-12
-93.82,-8.585460230040719e-10,8.894299942213912e-12
-93.81,-8.590423930853119e-10,8.900464811207399e-12
-93.8,-8.595391043474717e-10,8.906634593534077e-12
-93.79,-8.600361570601723e-10,8.912809297238029e-12
-93.78,-8.605335514005271e-10,8.918989082714497e-12
-93.77,-8.610312878726582e-10,8.9251736487929e-12
-93.76,-8.615293664946906e-10,8.931363252669504e-12
-93.75,-8.620277875054385e-10,8.937557797532502e-12
-93.74,-8.62526551598711e-10,8.943757394279404e-12
-93.73,-8.63025658623204e-10,8.949961928272813e-12
-93.72,-8.635251090241568e-10,8.956171408948314e-12
-93.71,-8.640249028784789e-10,8.9623859231038e-12
-93.7,-8.645250408213857e-10,8.968605332395356e-12
-93.69,-8.650255228721297e-10,8.974829850233939e-12
-93.68,-8.655263493316481e-10,8.98105934836747e-12
-93.67,-8.660275204934875e-10,8.987293788446427e-12
-93.66,-8.665290365896597e-10,8.993533353485197e-12
-93.65,-8.670308980563074e-10,8.999777771574401e-12
-93.64,-8.675331050029651e-10,9.00602724760585e-12
-93.63,-8.680356577649451e-10,9.012281799467684e-12
-93.62,-8.685385565908281e-10,9.018541309555073e-12
-93.61,-8.69041801776463e-10,9.024805918131085e-12
-93.6,-8.695453936688631e-10,9.03107551619875e-12
-93.59,-8.700493324551861e-10,9.037350201592272e-12
-93.58,-8.705536184207173e-10,9.043629878703688e-12
-93.57,-8.710582517678531e-10,9.049914661698025e-12
-93.56,-8.715632328539239e-10,9.056204417790374e-12
-93.55,-8.720685621190284e-10,9.062499305244364e-12
-93.54,-8.725742395482192e-10,9.068799217810177e-12
-93.53,-8.730802655362639e-10,9.075104199238342e-12
-93.52,-8.735866405093149e-10,9.081414249011996e-12
-93.51,-8.740933645470823e-10,9.087729403677723e-12
-93.5,-8.746004379829699e-10,9.094049627183423e-12
-93.49,-8.751078611374212e-10,9.100374957851386e-12
-93.48,-8.756156341960384e-10,9.106705299899476e-12
-93.47,-8.761237575617908e-10,9.113040817864552e-12
-93.46,-8.766322313558048e-10,9.119381416250543e-12
-93.45,-8.77141056154542e-10,9.125727086732427e-12
-93.44,-8.776502318267572e-10,9.132077850633557e-12
-93.43,-8.781597590213684e-10,9.13843378689944e-12
-93.42,-8.786696378678889e-10,9.14479485835556e-12
-93.41,-8.79179868504206e-10,9.151160957309357e-12
-93.4,-8.796904514832031e-10,9.157532269956184e-12
-93.39,-8.802013868764881e-10,9.163908656251907e-12
-93.38,-8.807126750395317e-10,9.170290182796993e-12
-93.37,-8.81224316342802e-10,9.17667695889443e-12
-93.36,-8.817363109309405e-10,9.183068760256292e-12
-93.35,-8.822486590881085e-10,9.189465727065028e-12
-93.34,-8.827613612457432e-10,9.195867782932461e-12
-93.33,-8.832744174478572e-10,9.20227516708098e-12
-93.32,-8.837878282146395e-10,9.208687665230112e-12
-93.31,-8.843015936732198e-10,9.215105291251748e-12
-93.3,-8.848157141940197e-10,9.221528066544195e-12
-93.29,-8.853301900461949e-10,9.227956054347124e-12
-93.28,-8.858450214748871e-10,9.234389394147363e-12
-93.27,-8.86360208893498e-10,9.240827623159604e-12
-93.26,-8.868757524092503e-10,9.247271199921308e-12
-93.25,-8.873916523133808e-10,9.253719935179918e-12
-93.24,-8.879079090014171e-10,9.260173884119152e-12
-93.23,-8.884245227380913e-10,9.266633045685884e-12
-93.22,-8.889414938450635e-10,9.273097444366364e-12
-93.21,-8.894588224017263e-10,9.279567028362477e-12
-93.2,-8.899765089027048e-10,9.286041822692437e-12
-93.19,-8.904945535866849e-10,9.292521889412013e-12
-93.18,-8.910129567958216e-10,9.299007147320602e-12
-93.17,-8.915317187096177e-10,9.305497653546687e-12
-93.16,-8.920508396108993e-10,9.311993404225817e-12
-93.15,-8.925703198236549e-10,9.318494450838231e-12
-93.14,-8.930901597153407e-10,9.325000652996303e-12
-93.13,-8.936103594428265e-10,9.331512190878022e-12
-93.12,-8.941309193723925e-10,9.338028939840971e-12
-93.11,-8.946518397609286e-10,9.344550987554994e-12
-93.1,-8.951731209716338e-10,9.351078246639814e-12
-93.09,-8.956947630059247e-10,9.357610788065345e-12
-93.08,-8.962167666534196e-10,9.364148682735178e-12
-93.07,-8.967391318640752e-10,9.37069186947681e-12
-93.06,-8.97261858970408e-10,9.377240335961915e-12
-93.05,-8.977849482394683e-10,9.383794026266938e-12
-93.04,-8.983084000553544e-10,9.390353057513005e-12
-93.03,-8.988322146157114e-10,9.396917359890646e-12
-93.02,-8.993563923195044e-10,9.403486997719083e-12
-93.01,-8.998809333057301e-10,9.410061973645165e-12
-93.0,-9.004058380314979e-10,9.416642227321693e-12
-92.99,-9.009311065030615e-10,9.423227697872487e-12
-92.98,-9.014567396001567e-10,9.429818734815388e-12
-92.97,-9.019827370215041e-10,9.436414979130909e-12
-92.96,-9.025090992935483e-10,9.443016557568812e-12
-92.95,-9.030358265788507e-10,9.449623507943428e-12
-92.94,-9.035629195532414e-10,9.456235801030215e-12
-92.93,-9.040903780368547e-10,9.462853447574031e-12
-92.92,-9.046182025235872e-10,9.46947645388908e-12
-92.91,-9.051463933700123e-10,9.476104771585769e-12
-92.9,-9.056749509644588e-10,9.482738248047364e-12
-92.89,-9.062038750741905e-10,9.489377590773704e-12
-92.88,-9.06733166569327e-10,9.496022073767468e-12
-92.87,-9.072628254550156e-10,9.502671995664823e-12
-92.86,-9.077928521837894e-10,9.509327140166654e-12
-92.85,-9.083232470106719e-10,9.515987819119912e-12
-92.84,-9.088540101052641e-10,9.522653796156392e-12
-92.83,-9.093851419061632e-10,9.52932527673141e-12
-92.82,-9.09916642682634e-10,9.536002084420872e-12
-92.81,-9.104485128934783e-10,9.542684389056417e-12
-92.8,-9.109807522619402e-10,9.54937201514414e-12
-92.79,-9.11513361661811e-10,9.556065111204724e-12
-92.78,-9.12046341155071e-10,9.562763657808079e-12
-92.77,-9.125796911696894e-10,9.569467587945804e-12
-92.76,-9.131134119249625e-10,9.576176976385665e-12
-92.75,-9.136475036876377e-10,9.582891828254465e-12
-92.74,-9.141819667150852e-10,9.589612075294661e-12
-92.73,-9.147168014175069e-10,9.596337790554926e-12
-92.72,-9.152520078502949e-10,9.603069216664283e-12
-92.71,-9.157875869459006e-10,9.609805644468245e-12
-92.7,-9.163235384105819e-10,9.616547759534764e-12
-92.69,-9.168598626050996e-10,9.623295327106614e-12
-92.68,-9.173965599221091e-10,9.630048386761963e-12
-92.67,-9.179336307425901e-10,9.63680694028219e-12
-92.66,-9.184710752543341e-10,9.64357097334729e-12
-92.65,-9.190088938176962e-10,9.650340511855244e-12
-92.64,-9.195470866031618e-10,9.657115537172147e-12
-92.63,-9.200856543745626e-10,9.66389601602432e-12
-92.62,-9.206245965083241e-10,9.670681956535926e-12
-92.61,-9.211639143279719e-10,9.67747363964048e-12
-92.6,-9.217036075708684e-10,9.68427067246137e-12
-92.59,-9.222436765455348e-10,9.691073237668136e-12
-92.58,-9.227841218762015e-10,9.697881387976949e-12
-92.57,-9.233249435496075e-10,9.704695046207759e-12
-92.56,-9.238661419573506e-10,9.711514248832736e-12
-92.55,-9.244077173446926e-10,9.718338974393444e-12
-92.54,-9.24949670298708e-10,9.725169250036468e-12
-92.53,-9.25492000822704e-10,9.732005065550261e-12
-92.52,-9.260347091468497e-10,9.738846420277762e-12
-92.51,-9.265777959432883e-10,9.745693372547257e-12
-92.5,-9.271212612375608e-10,9.752545896933678e-12
-92.49,-9.276651053925485e-10,9.759404057479347e-12
-92.48,-9.282093286289662e-10,9.76626765534163e-12
-92.47,-9.287539316764587e-10,9.77313691832509e-12
-92.46,-9.292989143569545e-10,9.780011777310752e-12
-92.45,-9.298442770544696e-10,9.786892249223404e-12
-92.44,-9.30390020300328e-10,9.793778279604871e-12
-92.43,-9.309361446807327e-10,9.800669908635929e-12
-92.42,-9.314826491177418e-10,9.807567207848101e-12
-92.41,-9.320295354153272e-10,9.814470067026017e-12
-92.4,-9.325768033000217e-10,9.821378547004332e-12
-92.39,-9.331244531837238e-10,9.828292638759717e-12
-92.38,-9.336724852983934e-10,9.835212410414902e-12
-92.37,-9.342209000891694e-10,9.842137774645163e-12
-92.36,-9.347696975101086e-10,9.84906882647797e-12
-92.35,-9.353188783045525e-10,9.856005466625602e-12
-92.34,-9.358684423610575e-10,9.86294776226416e-12
-92.33,-9.364183905873895e-10,9.869895768731053e-12
-92.32,-9.369687227832754e-10,9.876849416318181e-12
-92.31,-9.375194391956989e-10,9.883808741209489e-12
-92.3,-9.380705406808782e-10,9.890773708768111e-12
-92.29,-9.386220270372075e-10,9.897744379440458e-12
-92.28,-9.391738987893118e-10,9.90472074027781e-12
-92.27,-9.397261562474834e-10,9.911702728956933e-12
-92.26,-9.402787996270497e-10,9.918690443129506e-12
-92.25,-9.408318288962474e-10,9.925683894239769e-12
-92.24,-9.413852455523772e-10,9.932683020096877e-12
-92.23,-9.41939048759661e-10,9.939687803525028e-12
-92.22,-9.424932391858209e-10,9.946698390452779e-12
-92.21,-9.430478171871477e-10,9.953714668744802e-12
-92.2,-9.43602783171452e-10,9.960736689086493e-12
-92.19,-9.441581369599648e-10,9.96776438506639e-12
-92.18,-9.447138795414167e-10,9.97479784313215e-12
-92.17,-9.452700107972353e-10,9.98183702494126e-12
-92.16,-9.458265312288863e-10,9.988882035621388e-12
-92.15,-9.463834410133281e-10,9.995932711755405e-12
-92.14,-9.469407405929855e-10,1.000298915391927e-11
-92.13,-9.474984303125069e-10,1.0010051379402841e-11
-92.12,-9.480565103109693e-10,1.0017119345778336e-11
-92.11,-9.486149810311544e-10,1.0024193129424223e-11
-92.1,-9.49173842754268e-10,1.0031272681346426e-11
-92.09,-9.497330959061888e-10,1.0038357988638554e-11
-92.08,-9.502927405039675e-10,1.0045449062154384e-11
-92.07,-9.508527771607754e-10,1.0052546004829586e-11
-92.06,-9.514132063374688e-10,1.0059648769527487e-11
-92.05,-9.51974027464686e-10,1.0066757188228017e-11
-92.04,-9.525352419961183e-10,1.0073871558893564e-11
-92.03,-9.530968497089174e-10,1.0080991675364574e-11
-92.02,-9.536588509456813e-10,1.0088117603557755e-11
-92.01,-9.5422124605196e-10,1.009524940742592e-11
-92.0,-9.547840353361703e-10,1.0102387055174523e-11
-91.99,-9.553472190894065e-10,1.0109530471718727e-11
-91.98,-9.559107977107416e-10,1.011667977155222e-11
-91.97,-9.564747714855019e-10,1.0123834923968104e-11
-91.96,-9.570391407890082e-10,1.0130995873798563e-11
-91.95,-9.576039057599947e-10,1.0138162773747956e-11
-91.94,-9.581690668559144e-10,1.0145335523491337e-11
-91.93,-9.587346244405754e-10,1.0152514089058338e-11
-91.92,-9.593005787699453e-10,1.0159698593683695e-11
-91.91,-9.598669301934067e-10,1.01668889395057e-11
-91.9,-9.604336789571068e-10,1.0174085131673539e-11
-91.89,-9.61000825512243e-10,1.01812872710247e-11
-91.88,-9.615683700283911e-10,1.018849533730649e-11
-91.87,-9.621363129024265e-10,1.0195709194131883e-11
-91.86,-9.627046545961908e-10,1.0202929104064454e-11
-91.85,-9.632733952543953e-10,1.0210154836184728e-11
-91.84,-9.638425353542466e-10,1.0217386545032902e-11
-91.83,-9.64412074918012e-10,1.0224624134074064e-11
-91.82,-9.649820145015795e-10,1.0231867640323393e-11
-91.81,-9.655523544060807e-10,1.0239117060266673e-11
-91.8,-9.661230949668805e-10,1.024637251100131e-11
-91.79,-9.666942365362728e-10,1.0253633872453575e-11
-91.78,-9.672657794965871e-10,1.0260901229946005e-11
-91.77,-9.67837723752028e-10,1.0268174397338797e-11
-91.76,-9.684100701616204e-10,1.027545361559904e-11
-91.75,-9.689828187379578e-10,1.0282738833326577e-11
-91.74,-9.695559699499772e-10,1.0290030003340516e-11
-91.73,-9.70129524018345e-10,1.0297327166308561e-11
-91.72,-9.707034816263125e-10,1.0304630287775841e-11
-91.71,-9.712778426579857e-10,1.0311939394457815e-11
-91.7,-9.718526074985783e-10,1.0319254522210033e-11
-91.69,-9.724277765172885e-10,1.0326575532116716e-11
-91.68,-9.73003350304584e-10,1.0333902779617889e-11
-91.67,-9.735793289436531e-10,1.0341235909615677e-11
-91.66,-9.741557127784916e-10,1.034857509928613e-11
-91.65,-9.747325020858732e-10,1.0355920296193488e-11
-91.64,-9.753096973541932e-10,1.0363271502268222e-11
-91.63,-9.758872988614835e-10,1.0370628791095543e-11
-91.62,-9.7646530672886e-10,1.0377992039471994e-11
-91.61,-9.770437216798967e-10,1.0385361416293631e-11
-91.6,-9.776225437132987e-10,1.0392736772903612e-11
-91.59,-9.782017737069876e-10,1.0400118284515439e-11
-91.58,-9.787814107572697e-10,1.0407505788097804e-11
-91.57,-9.79361456608582e-10,1.0414899347630206e-11
-91.56,-9.799419107309918e-10,1.0422299054958077e-11
-91.55,-9.805227738567e-10,1.0429704781381233e-11
-91.54,-9.811040461194204e-10,1.0437116621047111e-11
-91.53,-9.81685728008817e-10,1.0444534578306281e-11
-91.52,-9.822678196564958e-10,1.0451958607044192e-11
-91.51,-9.828503215477835e-10,1.0459388675673639e-11
-91.5,-9.834332339346172e-10,1.0466824930345621e-11
-91.49,-9.840165571248607e-10,1.0474267345619972e-11
-91.48,-9.846002918276907e-10,1.0481715788806688e-11
-91.47,-9.851844377409617e-10,1.0489170379279562e-11
-91.46,-9.857689956405912e-10,1.0496631104424739e-11
-91.45,-9.86353965827692e-10,1.0504098008357818e-11
-91.44,-9.869393483722877e-10,1.0511571044442802e-11
-91.43,-9.875251440461238e-10,1.05190501908961e-11
-91.42,-9.881113527833906e-10,1.0526535473288372e-11
-91.41,-9.886979751179536e-10,1.053402696003516e-11
-91.4,-9.892850109830211e-10,1.0541524626183232e-11
-91.39,-9.898724618436336e-10,1.0549028449953843e-11
-91.38,-9.90460326877987e-10,1.0556538466189854e-11
-91.37,-9.91048606688908e-10,1.056405463690923e-11
-91.36,-9.91637302040193e-10,1.0571577002963024e-11
-91.35,-9.922264128439842e-10,1.057910559581684e-11
-91.34,-9.92815939571164e-10,1.0586640388985475e-11
-91.33,-9.93405882480482e-10,1.0594181336654999e-11
-91.32,-9.93996242133039e-10,1.0601728533451157e-11
-91.31,-9.945870181439235e-10,1.060928200285075e-11
-91.3,-9.951782124755458e-10,1.0616841533918999e-11
-91.29,-9.957698238486278e-10,1.0624407415976734e-11
-91.28,-9.963618533078504e-10,1.0631979513568195e-11
-91.27,-9.969543010531069e-10,1.063955793253069e-11
-91.26,-9.975471671866466e-10,1.0647142480825687e-11
-91.25,-9.98140452847269e-10,1.0654733311861522e-11
-91.24,-9.987341575034658e-10,1.0662330416982615e-11
-91.23,-9.993282819534946e-10,1.0669933796722543e-11
-91.22,-9.999228262380436e-10,1.0677543407179791e-11
-91.21,-1.0005177911860213e-9,1.0685159352313501e-11
-91.2,-1.0011131766711402e-9,1.0692781506890244e-11
-91.19,-1.0017089832052468e-9,1.0700410056249062e-11
-91.18,-1.002305211135662e-9,1.0708044840505102e-11
-91.17,-1.0029018608729385e-9,1.0715685914304467e-11
-91.16,-1.0034989326375929e-9,1.0723333317299476e-11
-91.15,-1.0040964268708885e-9,1.0730987023852332e-11
-91.14,-1.0046943438936418e-9,1.0738647027616745e-11
-91.13,-1.005292683991896e-9,1.0746313396035472e-11
-91.12,-1.0058914474218317e-9,1.0753986107132949e-11
-91.11,-1.0064906350151036e-9,1.0761664994075703e-11
-91.1,-1.0070902465836295e-9,1.0769350426586553e-11
-91.09,-1.0076902827582981e-9,1.077704215507707e-11
-91.08,-1.008290743712492e-9,1.078474020797399e-11
-91.07,-1.0088916299270812e-9,1.079244463929143e-11
-91.06,-1.0094929415851015e-9,1.0800155437841817e-11
-91.05,-1.0100946793324087e-9,1.0807872584667706e-11
-91.04,-1.0106968431395398e-9,1.081559613629444e-11
-91.03,-1.011299433653686e-9,1.0823326051420709e-11
-91.02,-1.0119024513060526e-9,1.083106221775426e-11
-91.01,-1.0125058958573728e-9,1.0838805068748016e-11
-91.0,-1.0131097681625161e-9,1.0846554164319662e-11
-90.99,-1.013714068656309e-9,1.0854309689939275e-11
-90.98,-1.0143187977192988e-9,1.0862071581749758e-11
-90.97,-1.0149239548722295e-9,1.0869839940621229e-11
-90.96,-1.0155295414786928e-9,1.0877614710275044e-11
-90.95,-1.0161355573809194e-9,1.0885395917290505e-11
-90.94,-1.0167420031184998e-9,1.0893183570798532e-11
-90.93,-1.0173488794440486e-9,1.090097753648224e-11
-90.92,-1.0179561852637301e-9,1.0908778190179133e-11
-90.91,-1.0185639223561679e-9,1.0916585176740643e-11
-90.9,-1.0191720905456792e-9,1.0924398630371231e-11
-90.89,-1.0197806904931685e-9,1.0932218566482852e-11
-90.88,-1.0203897222307316e-9,1.0940044957764996e-11
-90.87,-1.020999186113675e-9,1.0947877858012305e-11
-90.86,-1.021609082571166e-9,1.0955717196008165e-11
-90.85,-1.0222194121243717e-9,1.0963563061555647e-11
-90.84,-1.0228301754328745e-9,1.0971415353855807e-11
-90.83,-1.0234413713355334e-9,1.0979274270216887e-11
-90.82,-1.0240530017005606e-9,1.0987139670718235e-11
-90.81,-1.0246650665702568e-9,1.0995011524754327e-11
-90.8,-1.0252775660900131e-9,1.100288995425764e-11
-90.79,-1.025890500732138e-9,1.101077489598123e-11
-90.78,-1.0265038708029515e-9,1.1018666385735343e-11
-90.77,-1.027117676680818e-9,1.1026564384926458e-11
-90.76,-1.0277319187197078e-9,1.1034468946507733e-11
-90.75,-1.0283465969837138e-9,1.1042380033419508e-11
-90.74,-1.0289617127159715e-9,1.1050297750939356e-11
-90.73,-1.0295772653243751e-9,1.1058221988896656e-11
-90.72,-1.0301932555883592e-9,1.1066152827084872e-11
-90.71,-1.0308096838284492e-9,1.1074090187798198e-11
-90.7,-1.0314265502826865e-9,1.1082034213953292e-11
-90.69,-1.0320438554634743e-9,1.1089984777782575e-11
-90.68,-1.032661599659137e-9,1.1097941939872938e-11
-90.67,-1.0332797832929624e-9,1.1105905748825086e-11
-90.66,-1.0338984067472895e-9,1.111387613362839e-11
-90.65,-1.0345174698003628e-9,1.1121853142620143e-11
-90.64,-1.0351369741715258e-9,1.1129836684956279e-11
-90.63,-1.035756918992526e-9,1.113782694347431e-11
-90.62,-1.0363773051122077e-9,1.1145823785599897e-11
-90.61,-1.0369981326193815e-9,1.1153827324829413e-11
-90.6,-1.0376194021914293e-9,1.1161837508285727e-11
-90.59,-1.0382411139414283e-9,1.1169854351104978e-11
-90.58,-1.0388632684703573e-9,1.1177877816448856e-11
-90.57,-1.0394858659705688e-9,1.1185907991122265e-11
-90.56,-1.040108906839597e-9,1.1193944771589097e-11
-90.55,-1.0407323914869602e-9,1.1201988242978842e-11
-90.54,-1.0413563203273784e-9,1.1210038475531555e-11
-90.53,-1.0419806935882532e-9,1.1218095317499214e-11
-90.52,-1.0426055116934147e-9,1.1226158901638689e-11
-90.51,-1.043230774857699e-9,1.1234229192564648e-11
-90.5,-1.0438564840336885e-9,1.1242306151028928e-11
-90.49,-1.044482638891929e-9,1.1250389846478907e-11
-90.48,-1.045109240119601e-9,1.1258480314027597e-11
-90.47,-1.0457362879583356e-9,1.1266577439125227e-11
-90.46,-1.0463637832035667e-9,1.1274681426460039e-11
-90.45,-1.0469917253130904e-9,1.1282791956849293e-11
-90.44,-1.0476201155244107e-9,1.1290909319633223e-11
-90.43,-1.04824895381884e-9,1.1299033442196438e-11
-90.42,-1.0488782406820342e-9,1.1307164331643934e-11
-90.41,-1.0495079765455247e-9,1.1315301965366544e-11
-90.4,-1.0501381614436303e-9,1.1323446413121972e-11
-90.39,-1.0507687962779612e-9,1.1331597659133737e-11
-90.38,-1.051399880899838e-9,1.133975563824464e-11
-90.37,-1.0520314164604967e-9,1.1347920347660079e-11
-90.36,-1.052663401860409e-9,1.1356091995300492e-11
-90.35,-1.053295838920263e-9,1.1364270389365963e-11
-90.34,-1.0539287273867795e-9,1.1372455591002294e-11
-90.33,-1.0545620678212857e-9,1.1380647615644633e-11
-90.32,-1.0551958604049126e-9,1.1388846461463615e-11
-90.31,-1.055830105679741e-9,1.1397052152562097e-11
-90.3,-1.0564648039454499e-9,1.1405264639939527e-11
-90.29,-1.0570999555831933e-9,1.141348396607087e-11
-90.28,-1.0577355611642013e-9,1.142171014223671e-11
-90.27,-1.058371620435466e-9,1.1429943297938277e-11
-90.26,-1.059008134472211e-9,1.1438183198710601e-11
-90.25,-1.0596451032477764e-9,1.1446430031995211e-11
-90.24,-1.0602825273497798e-9,1.1454683696180003e-11
-90.23,-1.0609204070712013e-9,1.1462944232560357e-11
-90.22,-1.0615587428147796e-9,1.1471211694074603e-11
-90.21,-1.0621975348964442e-9,1.1479486067161454e-11
-90.2,-1.0628367838992022e-9,1.1487767311392349e-11
-90.19,-1.0634764898777582e-9,1.1496055435631554e-11
-90.18,-1.0641166529492043e-9,1.1504350614983911e-11
-90.17,-1.064757274667755e-9,1.1512652499442216e-11
-90.16,-1.0653983543764848e-9,1.1520961453157887e-11
-90.15,-1.0660398926006663e-9,1.152927730321727e-11
-90.14,-1.0666818900119898e-9,1.1537600102805941e-11
-90.13,-1.0673243467959195e-9,1.1545929816344172e-11
-90.12,-1.067967263344794e-9,1.155426654558104e-11
-90.11,-1.0686106400714997e-9,1.156261023495131e-11
-90.1,-1.0692544772918292e-9,1.1570960834383504e-11
-90.09,-1.06989877557276e-9,1.15793184038638e-11
-90.08,-1.0705435349150976e-9,1.1587682921959647e-11
-90.07,-1.0711887560474988e-9,1.1596054638852363e-11
-90.06,-1.0718344394404832e-9,1.1604433159060276e-11
-90.05,-1.0724805851531112e-9,1.1612818734554166e-11
-90.04,-1.073127193518096e-9,1.162121137909808e-11
-90.03,-1.0737742655068495e-9,1.1629610895874496e-11
-90.02,-1.074421800836491e-9,1.1638017515624126e-11
-90.01,-1.075069800288657e-9,1.1646431165301527e-11
-90.0,-1.0757182639474231e-9,1.165485187596816e-11
-89.99,-1.0763671927368724e-9,1.1663279542647067e-11
-89.98,-1.077016586264139e-9,1.1671714318706414e-11
-89.97,-1.0776664454368453e-9,1.168015613280799e-11
-89.96,-1.0783167705672488e-9,1.1688605034715631e-11
-89.95,-1.078967562005042e-9,1.1697060959037039e-11
-89.94,-1.0796188200842067e-9,1.1705524021257292e-11
-89.93,-1.0802705454077606e-9,1.1713994066664446e-11
-89.92,-1.0809227379674833e-9,1.1722471279120841e-11
-89.91,-1.081575398524842e-9,1.1730955553363187e-11
-89.9,-1.0822285268800947e-9,1.1739447041987456e-11
-89.89,-1.0828821246331373e-9,1.1747945455375976e-11
-89.88,-1.0835361910123005e-9,1.1756451071863406e-11
-89.87,-1.0841907266925116e-9,1.1764963874211389e-11
-89.86,-1.0848457325002157e-9,1.1773483646524699e-11
-89.85,-1.0855012083672156e-9,1.1782010632711973e-11
-89.84,-1.0861571547903303e-9,1.1790544773426303e-11
-89.83,-1.0868135720844927e-9,1.1799086057250674e-11
-89.82,-1.0874704607763602e-9,1.1807634505666435e-11
-89.81,-1.0881278209063698e-9,1.1816190270837632e-11
-89.8,-1.08878565391028e-9,1.182475289404023e-11
-89.79,-1.0894439590126437e-9,1.1833322810335694e-11
-89.78,-1.090102737053082e-9,1.1841899938209583e-11
-89.77,-1.0907619884499843e-9,1.1850484260792384e-11
-89.76,-1.0914217138112428e-9,1.1859075737725908e-11
-89.75,-1.0920819127614182e-9,1.1867674540594585e-11
-89.74,-1.0927425865460708e-9,1.187628046786714e-11
-89.73,-1.0934037351422337e-9,1.188489362747959e-11
-89.72,-1.0940653592165009e-9,1.1893513896264066e-11
-89.71,-1.0947274586162003e-9,1.1902141593122366e-11
-89.7,-1.0953900343838263e-9,1.191077637978461e-11
-89.69,-1.096053086506103e-9,1.1919418508349115e-11
-89.68,-1.096716615552811e-9,1.192806781262032e-11
-89.67,-1.0973806218268098e-9,1.19367244091661e-11
-89.66,-1.0980451058081285e-9,1.1945388256668695e-11
-89.65,-1.098710067938446e-9,1.1954059323903266e-11
-89.64,-1.0993755083395497e-9,1.1962737815827134e-11
-89.63,-1.1000414277132313e-9,1.19714234225187e-11
-89.62,-1.1007078266006356e-9,1.1980116339327683e-11
-89.61,-1.1013747045829712e-9,1.1988816766518688e-11
-89.6,-1.1020420628009313e-9,1.1997524360695031e-11
-89.59,-1.1027099017082944e-9,1.2006239250541262e-11
-89.58,-1.103378221381784e-9,1.2014961490231645e-11
-89.57,-1.104047022241834e-9,1.2023691040551992e-11
-89.56,-1.1047163047820289e-9,1.2032427921586217e-11
-89.55,-1.1053860694295487e-9,1.2041172147441326e-11
-89.54,-1.1060563164805408e-9,1.2049923725536962e-11
-89.53,-1.1067270464675002e-9,1.2058682678662666e-11
-89.52,-1.1073982596611974e-9,1.2067448963213505e-11
-89.51,-1.1080699565308923e-9,1.2076222656809274e-11
-89.5,-1.108742137459585e-9,1.208500366491563e-11
-89.49,-1.1094148028941049e-9,1.2093792095158262e-11
-89.48,-1.1100879531563448e-9,1.2102587936772096e-11
-89.47,-1.1107615888000093e-9,1.211139113834322e-11
-89.46,-1.1114357100088208e-9,1.2120201724317987e-11
-89.45,-1.1121103174012258e-9,1.212901976284232e-11
-89.44,-1.11278541120785e-9,1.2137845255646362e-11
-89.43,-1.1134609918616982e-9,1.2146678216862731e-11
-89.42,-1.1141370600918979e-9,1.2155518435673126e-11
-89.41,-1.114813615836734e-9,1.2164366164089314e-11
-89.4,-1.1154906598805227e-9,1.2173221312300404e-11
-89.39,-1.1161681921700607e-9,1.2182084011178638e-11
-89.38,-1.1168462135404958e-9,1.2190954123311897e-11
-89.37,-1.1175247242940627e-9,1.219983168279539e-11
-89.36,-1.1182037247582113e-9,1.2208716758123658e-11
-89.35,-1.1188832153639234e-9,1.2217609292395774e-11
-89.34,-1.1195631966417991e-9,1.2226509249289748e-11
-89.33,-1.1202436687397683e-9,1.223541687038741e-11
-89.32,-1.1209246323215223e-9,1.2244331873512831e-11
-89.31,-1.1216060877065232e-9,1.2253254406282662e-11
-89.3,-1.1222880352467168e-9,1.2262184492869053e-11
-89.29,-1.1229704753558912e-9,1.2271122113572027e-11
-89.28,-1.123653408747859e-9,1.2280067198126181e-11
-89.27,-1.1243368354146956e-9,1.228901983078367e-11
-89.26,-1.1250207559699845e-9,1.2297980057324714e-11
-89.25,-1.1257051707192154e-9,1.2306947865818944e-11
-89.24,-1.1263900803165457e-9,1.2315923149856922e-11
-89.23,-1.1270754848416762e-9,1.2324906027169926e-11
-89.22,-1.1277613850378345e-9,1.2333896509408459e-11
-89.21,-1.1284477810080588e-9,1.2342894543361872e-11
-89.2,-1.1291346734170988e-9,1.2351900174239062e-11
-89.19,-1.1298220626214932e-9,1.2360913404556926e-11
-89.18,-1.1305099488130116e-9,1.2369934281322447e-11
-89.17,-1.1311983327645863e-9,1.2378962725816057e-11
-89.16,-1.1318872147089836e-9,1.2387998807381867e-11
-89.15,-1.132576595201114e-9,1.2397042429055458e-11
-89.14,-1.1332664741116517e-9,1.2406093820379095e-11
-89.13,-1.1339568525669492e-9,1.2415152820081809e-11
-89.12,-1.134647730604453e-9,1.2424219478256918e-11
-89.11,-1.1353391087793394e-9,1.2433293751428905e-11
-89.1,-1.1360309874624302e-9,1.2442375716349389e-11
-89.09,-1.1367233670633846e-9,1.2451465320703124e-11
-89.08,-1.137416248016961e-9,1.2460562623162432e-11
-89.07,-1.1381096307545239e-9,1.2469667596452121e-11
-89.06,-1.138803515653532e-9,1.2478780279165177e-11
-89.05,-1.1394979033658726e-9,1.2487900779418265e-11
-89.04,-1.1401927937337098e-9,1.2497028741899702e-11
-89.03,-1.1408881876502865e-9,1.2506164585529406e-11
-89.02,-1.1415840855362966e-9,1.2515308088670346e-11
-89.01,-1.1422804876636294e-9,1.25244593447827e-11
-89.0,-1.142977394502248e-9,1.2533618368549649e-11
-88.99,-1.143674806521003e-9,1.2542785109145318e-11
-88.98,-1.1443727240768837e-9,1.2551959542155444e-11
-88.97,-1.1450711476845637e-9,1.256114181696268e-11
-88.96,-1.1457700782494147e-9,1.2570331720192741e-11
-88.95,-1.1464695144679947e-9,1.2579529622982055e-11
-88.94,-1.1471694585278995e-9,1.2588735196207027e-11
-88.93,-1.147869910240078e-9,1.2597948596820672e-11
-88.92,-1.148570870185253e-9,1.260716969574453e-11
-88.91,-1.1492723385945293e-9,1.2616398662504222e-11
-88.9,-1.1499743160019477e-9,1.2625635386515796e-11
-88.89,-1.1506768027176087e-9,1.2634880044686772e-11
-88.88,-1.1513797992531198e-9,1.264413244529461e-11
-88.87,-1.1520833057931202e-9,1.2653392834640815e-11
-88.86,-1.1527873235786767e-9,1.2662660819974949e-11
-88.85,-1.153491852157703e-9,1.2671936756558284e-11
-88.84,-1.15419689228236e-9,1.2681220566168421e-11
-88.83,-1.1549024444817276e-9,1.26905122162691e-11
-88.82,-1.155608508852887e-9,1.2699811783439649e-11
-88.81,-1.156315086195318e-9,1.2709119192530525e-11
-88.8,-1.1570221766790814e-9,1.2718434525217398e-11
-88.79,-1.1577297809835444e-9,1.2727757725837976e-11
-88.78,-1.1584378992933834e-9,1.2737088791458534e-11
-88.77,-1.1591465322529099e-9,1.2746427856999094e-11
-88.76,-1.1598556800705413e-9,1.2755774755746167e-11
-88.75,-1.1605653434053779e-9,1.2765129643944212e-11
-88.74,-1.1612755225849568e-9,1.2774492413161644e-11
-88.73,-1.1619862179598787e-9,1.278386316170235e-11
-88.72,-1.162697430131998e-9,1.2793241854247053e-11
-88.71,-1.1634091593238446e-9,1.280262846572658e-11
-88.7,-1.1641214061864914e-9,1.2812023052610739e-11
-88.69,-1.164834171095328e-9,1.282142566414058e-11
-88.68,-1.1655474543185495e-9,1.2830836218997673e-11
-88.67,-1.1662612566427875e-9,1.2840254705268368e-11
-88.66,-1.1669755782033918e-9,1.2849681251462224e-11
-88.65,-1.1676904195072915e-9,1.2859115761168361e-11
-88.64,-1.1684057810328633e-9,1.2868558328588136e-11
-88.63,-1.1691216631839908e-9,1.2878008869515229e-11
-88.62,-1.1698380663911353e-9,1.2887467471313199e-11
-88.61,-1.1705549911500629e-9,1.2896934083982825e-11
-88.6,-1.1712724378268598e-9,1.2906408771174134e-11
-88.59,-1.1719904068990514e-9,1.2915891420039457e-11
-88.58,-1.1727088989635185e-9,1.292538220133388e-11
-88.57,-1.1734279139830733e-9,1.2934881026548229e-11
-88.56,-1.1741474528477594e-9,1.2944387981306755e-11
-88.55,-1.1748675159542222e-9,1.2953902915142388e-11
-88.54,-1.1755881036501047e-9,1.2963425882537574e-11
-88.53,-1.176309216209211e-9,1.2972957161248914e-11
-88.52,-1.1770308544306264e-9,1.2982496386398372e-11
-88.51,-1.1777530185099044e-9,1.2992043768578576e-11
-88.5,-1.1784757089774298e-9,1.300159921382678e-11
-88.49,-1.1791989258029865e-9,1.3011162878408204e-11
-88.48,-1.179922670682932e-9,1.3020734597572719e-11
-88.47,-1.1806469429513118e-9,1.3030314503173973e-11
-88.46,-1.1813717432304434e-9,1.303990251804621e-11
-88.45,-1.1820970722577848e-9,1.3049498712027753e-11
-88.44,-1.1828229302070177e-9,1.3059103088530897e-11
-88.43,-1.183549317669024e-9,1.3068715612870782e-11
-88.42,-1.18427623502901e-9,1.3078336314294595e-11
-88.41,-1.1850036827791995e-9,1.3087965249373243e-11
-88.4,-1.1857316615225638e-9,1.3097602121525605e-11
-88.39,-1.1864601711770797e-9,1.3107247633577671e-11
-88.38,-1.1871892127627619e-9,1.311690118087279e-11
-88.37,-1.1879187865256606e-9,1.3126562889572951e-11
-88.36,-1.1886488928795713e-9,1.3136232871398281e-11
-88.35,-1.189379532266e-9,1.3145911073632343e-11
-88.34,-1.1901107051495428e-9,1.3155597496134387e-11
-88.33,-1.1908424120712129e-9,1.3165292175558848e-11
-88.32,-1.1915746533492602e-9,1.3174995187588038e-11
-88.31,-1.1923074295344951e-9,1.3184706365694768e-11
-88.3,-1.1930407410713226e-9,1.319442588258023e-11
-88.29,-1.1937745882974769e-9,1.3204153699136734e-11
-88.28,-1.1945089717186071e-9,1.3213889761438328e-11
-88.27,-1.195243891893699e-9,1.3223634134157976e-11
-88.26,-1.1959793491819223e-9,1.3233386866485229e-11
-88.25,-1.1967153440368518e-9,1.3243147881012483e-11
-88.24,-1.1974518769663446e-9,1.3252917175356039e-11
-88.23,-1.1981889483852651e-9,1.3262694846358442e-11
-88.22,-1.198926558741026e-9,1.3272480879458114e-11
-88.21,-1.1996647084190962e-9,1.3282275161190763e-11
-88.2,-1.2004033980281064e-9,1.3292077880063459e-11
-88.19,-1.201142628026263e-9,1.3301888976028007e-11
-88.18,-1.2018823987097735e-9,1.3311708397237764e-11
-88.17,-1.2026227106316502e-9,1.3321536283764902e-11
-88.16,-1.2033635642294107e-9,1.3331372475953746e-11
-88.15,-1.2041049600339413e-9,1.3341217116486647e-11
-88.14,-1.2048468983635978e-9,1.3351070099035866e-11
-88.13,-1.20558937978769e-9,1.3360931527940435e-11
-88.12,-1.2063324047626058e-9,1.3370801415913156e-11
-88.11,-1.2070759737786948e-9,1.3380679683824638e-11
-88.1,-1.2078200871206567e-9,1.3390566378928843e-11
-88.09,-1.208564745366835e-9,1.340046159586283e-11
-88.08,-1.2093099490530323e-9,1.341036516512714e-11
-88.07,-1.2100556985436914e-9,1.3420277324342892e-11
-88.06,-1.2108019943012608e-9,1.3430197836646323e-11
-88.05,-1.2115488368636755e-9,1.3440126860107751e-11
-88.04,-1.2122962266269665e-9,1.3450064351360852e-11
-88.03,-1.2130441640404593e-9,1.3460010378270071e-11
-88.02,-1.2137926495849016e-9,1.346996477919668e-11
-88.01,-1.2145416837690107e-9,1.3479927948677069e-11
-88.0,-1.2152912670513893e-9,1.3489899502274238e-11
-87.99,-1.2160413998100182e-9,1.3499879566648973e-11
-87.98,-1.216792082634185e-9,1.3509868186585788e-11
-87.97,-1.217543315915556e-9,1.351986530945884e-11
-87.96,-1.21829510001759e-9,1.3529871053544303e-11
-87.95,-1.2190474357729613e-9,1.3539885305824655e-11
-87.94,-1.2198003232501926e-9,1.3549908193712642e-11
-87.93,-1.2205537630337613e-9,1.3559939524639397e-11
-87.92,-1.2213077556842037e-9,1.3569979613775463e-11
-87.91,-1.222062301580039e-9,1.3580028194833023e-11
-87.9,-1.2228174013009602e-9,1.359008537296967e-11
-87.89,-1.2235730551442903e-9,1.3600151237676523e-11
-87.88,-1.2243292637127076e-9,1.3610225690930375e-11
-87.87,-1.2250860274364815e-9,1.3620308750432785e-11
-87.86,-1.2258433467625288e-9,1.3630400428041058e-11
-87.85,-1.226601222244243e-9,1.364050074103858e-11
-87.84,-1.2273596544431555e-9,1.3650609511979133e-11
-87.83,-1.2281186432645961e-9,1.3660727417059527e-11
-87.82,-1.2288781899118443e-9,1.367085376494115e-11
-87.81,-1.2296382945221868e-9,1.3680988800535626e-11
-87.8,-1.230398957585085e-9,1.3691132454737993e-11
-87.79,-1.2311601795468641e-9,1.3701284842813866e-11
-87.78,-1.231921960920107e-9,1.3711445938512332e-11
-87.77,-1.2326843022894325e-9,1.3721615766731084e-11
-87.76,-1.2334472039716217e-9,1.37317942244595e-11
-87.75,-1.2342106664712803e-9,1.3741981592365804e-11
-87.74,-1.2349746903790602e-9,1.3752177461606804e-11
-87.73,-1.235739275880144e-9,1.3762382272346512e-11
-87.72,-1.2365044237390837e-9,1.3772595777004352e-11
-87.71,-1.2372701343622976e-9,1.378281802644448e-11
-87.7,-1.2380364082446908e-9,1.3793049015296355e-11
-87.69,-1.2388032458383833e-9,1.3803288817690093e-11
-87.68,-1.2395706475877654e-9,1.3813537441112743e-11
-87.67,-1.2403386140672234e-9,1.3823794838229461e-11
-87.66,-1.2411071456312539e-9,1.3834061033001014e-11
-87.65,-1.2418762427745584e-9,1.3844336009087684e-11
-87.64,-1.2426459061073387e-9,1.385461992612196e-11
-87.63,-1.2434161361627914e-9,1.3864912575131355e-11
-87.62,-1.2441869331097677e-9,1.387521406688666e-11
-87.61,-1.2449582976725752e-9,1.388552443163427e-11
-87.6,-1.2457302302623738e-9,1.389584364214132e-11
-87.59,-1.2465027313790415e-9,1.3906171739813197e-11
-87.58,-1.2472758015322464e-9,1.3916508681162787e-11
-87.57,-1.248049441172342e-9,1.392685453386283e-11
-87.56,-1.248823650783151e-9,1.3937209269013682e-11
-87.55,-1.2495984306431041e-9,1.3947572943486608e-11
-87.54,-1.2503737818258415e-9,1.3957945443480028e-11
-87.53,-1.2511497042945582e-9,1.3968326864646123e-11
-87.52,-1.2519261986584848e-9,1.3978717270255562e-11
-87.51,-1.2527032654490464e-9,1.3989116604442222e-11
-87.5,-1.2534809051203313e-9,1.3999524864444125e-11
-87.49,-1.2542591181743745e-9,1.4009942078668325e-11
-87.48,-1.2550379051598153e-9,1.4020368262028254e-11
-87.47,-1.2558172664482553e-9,1.4030803411255861e-11
-87.46,-1.256597202714314e-9,1.4041247497822764e-11
-87.45,-1.2573777141162815e-9,1.4051700670545419e-11
-87.44,-1.2581588015128947e-9,1.4062162777237134e-11
-87.43,-1.258940465250555e-9,1.4072633907201368e-11
-87.42,-1.2597227056446198e-9,1.4083114017452235e-11
-87.41,-1.2605055234607937e-9,1.4093603149357638e-11
-87.4,-1.2612889190568138e-9,1.4104101322245487e-11
-87.39,-1.2620728929059885e-9,1.4114608593014274e-11
-87.38,-1.262857445634926e-9,1.4125124863283279e-11
-87.37,-1.2636425777877602e-9,1.4135650264046335e-11
-87.36,-1.264428289290646e-9,1.4146184578975207e-11
-87.35,-1.2652145813680702e-9,1.4156728044148255e-11
-87.34,-1.2660014541126928e-9,1.4167280628107962e-11
-87.33,-1.2667889082087251e-9,1.4177842258890597e-11
-87.32,-1.2675769439624484e-9,1.4188412998587788e-11
-87.31,-1.2683655620911466e-9,1.4198992914129478e-11
-87.3,-1.2691547629259488e-9,1.420958187643613e-11
-87.29,-1.269944546948877e-9,1.4220180014985505e-11
-87.28,-1.2707349147644776e-9,1.4230787233490478e-11
-87.27,-1.2715258668170903e-9,1.4241403686094629e-11
-87.26,-1.2723174036676936e-9,1.425202922357492e-11
-87.25,-1.2731095257758526e-9,1.4262663959877717e-11
-87.24,-1.2739022336074297e-9,1.4273307840752716e-11
-87.23,-1.2746955276314156e-9,1.4283960958083637e-11
-87.22,-1.2754894084436636e-9,1.4294623164119018e-11
-87.21,-1.2762838765762297e-9,1.4305294678028335e-11
-87.2,-1.2770789323736447e-9,1.4315975351690215e-11
-87.19,-1.2778745764196726e-9,1.432666525563994e-11
-87.18,-1.2786708090890696e-9,1.4337364321100141e-11
-87.17,-1.2794676313852534e-9,1.4348072706927077e-11
-87.16,-1.2802650432691055e-9,1.43587904064803e-11
-87.15,-1.2810630454069703e-9,1.4369517200850243e-11
-87.14,-1.281861638311877e-9,1.4380253367581859e-11
-87.13,-1.282660822532204e-9,1.4390998773469356e-11
-87.12,-1.2834605985652736e-9,1.4401753466921205e-11
-87.11,-1.284260966776908e-9,1.441251741286564e-11
-87.1,-1.2850619279457179e-9,1.4423290674686574e-11
-87.09,-1.2858634823541138e-9,1.443407330275395e-11
-87.08,-1.2866656304532735e-9,1.4444865236828695e-11
-87.07,-1.2874683730784615e-9,1.445566643778397e-11
-87.06,-1.2882717105178718e-9,1.4466476969731661e-11
-87.05,-1.289075643216879e-9,1.4477296904734717e-11
-87.04,-1.2898801718042788e-9,1.4488126183588584e-11
-87.03,-1.2906852967545266e-9,1.4498964783353816e-11
-87.02,-1.2914910186078896e-9,1.4509812810981243e-11
-87.01,-1.292297337802661e-9,1.4520670210938794e-11
-87.0,-1.2931042550025753e-9,1.4531536999887575e-11
-86.99,-1.2939117706104595e-9,1.4542413039050393e-11
-86.98,-1.294719885006654e-9,1.455329872773239e-11
-86.97,-1.2955285989231512e-9,1.456419379838905e-11
-86.96,-1.296337912795159e-9,1.4575098219156266e-11
-86.95,-1.2971478270721777e-9,1.458601211257667e-11
-86.94,-1.297958342404844e-9,1.45969354357741e-11
-86.93,-1.2987694591898034e-9,1.4607868235062085e-11
-86.92,-1.2995811780827933e-9,1.4618810468910684e-11
-86.91,-1.3003934993787495e-9,1.4629762155569855e-11
-86.9,-1.3012064237063454e-9,1.4640723311135852e-11
-86.89,-1.302019951792941e-9,1.465169411513366e-11
-86.88,-1.3028340838156217e-9,1.466267428338812e-11
-86.87,-1.303648820514241e-9,1.4673664033447495e-11
-86.86,-1.3044641622281576e-9,1.4684663252947005e-11
-86.85,-1.3052801098145003e-9,1.4695672050956957e-11
-86.84,-1.3060966632601244e-9,1.4706690346854272e-11
-86.83,-1.3069138235265642e-9,1.471771826534149e-11
-86.82,-1.3077315910553547e-9,1.4728755621880345e-11
-86.81,-1.3085499662671848e-9,1.4739802615470928e-11
-86.8,-1.309368949629398e-9,1.4750859144762658e-11
-86.79,-1.3101885418439642e-9,1.4761925363083536e-11
-86.78,-1.3110087433829575e-9,1.4773001055661017e-11
-86.77,-1.311829554710051e-9,1.478408642161599e-11
-86.76,-1.312650976344747e-9,1.4795181386091443e-11
-86.75,-1.3134730088429015e-9,1.4806285965221918e-11
-86.74,-1.3142956527670624e-9,1.4817400219116262e-11
-86.73,-1.3151189086371527e-9,1.4828524090553788e-11
-86.72,-1.3159427769494386e-9,1.4839657655748487e-11
-86.71,-1.3167672580480258e-9,1.4850800842955844e-11
-86.7,-1.3175923528880909e-9,1.4861953657910105e-11
-86.69,-1.318418061636266e-9,1.4873116213282613e-11
-86.68,-1.319244384947108e-9,1.4884288462264817e-11
-86.67,-1.3200713233483482e-9,1.4895470374997226e-11
-86.66,-1.320898877330997e-9,1.4906662045148166e-11
-86.65,-1.3217270474745366e-9,1.4917863423178657e-11
-86.64,-1.3225558342764647e-9,1.4929074519237154e-11
-86.63,-1.323385238313962e-9,1.4940295405312462e-11
-86.62,-1.3242152600185516e-9,1.4951525961959608e-11
-86.61,-1.3250459000827834e-9,1.4962766219095775e-11
-86.6,-1.3258771588209485e-9,1.4974016408349e-11
-86.59,-1.3267090369618346e-9,1.4985276312536625e-11
-86.58,-1.3275415349152128e-9,1.4996545974322614e-11
-86.57,-1.3283746532041466e-9,1.5007825421909924e-11
-86.56,-1.3292083927644344e-9,1.501911475425221e-11
-86.55,-1.3300427534194327e-9,1.5030413855507963e-11
-86.54,-1.3308777361773131e-9,1.5041722759849228e-11
-86.53,-1.3317133415197191e-9,1.5053041490962028e-11
-86.52,-1.3325495699770334e-9,1.506436993781593e-11
-86.51,-1.3333864219372335e-9,1.507570856420003e-11
-86.5,-1.3342238980611252e-9,1.508705690406016e-11
-86.49,-1.3350619988673293e-9,1.509841504114617e-11
-86.48,-1.3359007249603304e-9,1.510978314910562e-11
-86.47,-1.336740076763242e-9,1.5121161180053095e-11
-86.46,-1.3375800549288786e-9,1.5132549028737174e-11
-86.45,-1.33842065986576e-9,1.5143946794085642e-11
-86.44,-1.3392618921973874e-9,1.5155354546648336e-11
-86.43,-1.340103752719018e-9,1.516677218830634e-11
-86.42,-1.3409462412667185e-9,1.517819979787062e-11
-86.41,-1.34178935903985e-9,1.5189637359244387e-11
-86.4,-1.3426331063002533e-9,1.5201084852746538e-11
-86.39,-1.343477483675942e-9,1.5212542311462548e-11
-86.38,-1.344322491711991e-9,1.522400977663954e-11
-86.37,-1.3451681309455003e-9,1.5235487248685715e-11
-86.36,-1.3460144019281358e-9,1.5246974683754287e-11
-86.35,-1.3468613052355541e-9,1.5258472199075856e-11
-86.34,-1.3477088411960117e-9,1.5269979666893628e-11
-86.33,-1.3485570106865385e-9,1.5281497215496353e-11
-86.32,-1.3494058139614378e-9,1.529302477762192e-11
-86.31,-1.3502552518093174e-9,1.530456238998461e-11
-86.3,-1.351105324561837e-9,1.5316110033937035e-11
-86.29,-1.3519560329520306e-9,1.532766778939156e-11
-86.28,-1.352807377446723e-9,1.5339235645664535e-11
-86.27,-1.353659358541048e-9,1.5350813578913287e-11
-86.26,-1.354511976922364e-9,1.5362401533774527e-11
-86.25,-1.3553652329506342e-9,1.5373999695686243e-11
-86.24,-1.356219127600036e-9,1.538560795168456e-11
-86.23,-1.3570736606274507e-9,1.5397226366584803e-11
-86.22,-1.3579288333692554e-9,1.5408854863855894e-11
-86.21,-1.3587846460542254e-9,1.5420493550302805e-11
-86.2,-1.3596410991804168e-9,1.5432142369862047e-11
-86.19,-1.360498193426212e-9,1.5443801397249344e-11
-86.18,-1.3613559293033119e-9,1.545547057762205e-11
-86.17,-1.3622143074236963e-9,1.5467149987807e-11
-86.16,-1.3630733282141546e-9,1.5478839580353155e-11
-86.15,-1.3639329922820244e-9,1.549053938032132e-11
-86.14,-1.3647933002518163e-9,1.5502249451777274e-11
-86.13,-1.3656542526112961e-9,1.5513969611291423e-11
-86.12,-1.3665158500222024e-9,1.5525700122020226e-11
-86.11,-1.3673780928201187e-9,1.5537440863995382e-11
-86.1,-1.368240981728073e-9,1.554919187680208e-11
-86.09,-1.369104517395918e-9,1.5560953137564495e-11
-86.08,-1.36996870018201e-9,1.5572724702819836e-11
-86.07,-1.3708335307891976e-9,1.5584506578089087e-11
-86.06,-1.3716990096632098e-9,1.5596298733116427e-11
-86.05,-1.3725651372895297e-9,1.56081014162077e-11
-86.04,-1.3734319147115969e-9,1.5619914039374908e-11
-86.03,-1.3742993420217724e-9,1.5631737125089457e-11
-86.02,-1.3751674198861686e-9,1.5643570596197716e-11
-86.01,-1.3760361488321574e-9,1.565541444866592e-11
-86.0,-1.3769055293956913e-9,1.566726864750481e-11
-85.99,-1.3777755624422707e-9,1.5679133219298542e-11
-85.98,-1.3786462483391231e-9,1.569100818307682e-11
-85.97,-1.3795175875080417e-9,1.5702893456857692e-11
-85.96,-1.380389580660897e-9,1.571478932963978e-11
-85.95,-1.381262228333717e-9,1.5726695435248194e-11
-85.94,-1.3821355312559975e-9,1.5738611987450318e-11
-85.93,-1.3830094897303647e-9,1.5750539018779457e-11
-85.92,-1.3838841044574896e-9,1.57624764858763e-11
-85.91,-1.3847593760438268e-9,1.577442443762411e-11
-85.9,-1.3856353049733783e-9,1.5786382840534054e-11
-85.89,-1.3865118918573256e-9,1.5798351706937433e-11
-85.88,-1.387389137296068e-9,1.5810331090210164e-11
-85.87,-1.388267041858702e-9,1.5822320958337965e-11
-85.86,-1.3891456059602685e-9,1.5834321314611533e-11
-85.85,-1.3900248304347328e-9,1.5846332226414043e-11
-85.84,-1.3909047156521968e-9,1.585835365612421e-11
-85.83,-1.3917852623020366e-9,1.5870385620910834e-11
-85.82,-1.3926664708984353e-9,1.5882428161586405e-11
-85.81,-1.393548342065128e-9,1.589448123540445e-11
-85.8,-1.3944308763096494e-9,1.5906544885718086e-11
-85.79,-1.3953140742590297e-9,1.5918619134684057e-11
-85.78,-1.396197936477808e-9,1.5930703977911618e-11
-85.77,-1.3970824634745146e-9,1.594279942553467e-11
-85.76,-1.39796765602626e-9,1.595490541174866e-11
-85.75,-1.3988535145051907e-9,1.5967022127375866e-11
-85.74,-1.3997400396234692e-9,1.597914940837607e-11
-85.73,-1.4006272318914415e-9,1.5991287343871283e-11
-85.72,-1.4015150918466468e-9,1.6003435984018983e-11
-85.71,-1.4024036201477182e-9,1.6015595263340057e-11
-85.7,-1.4032928173464532e-9,1.6027765185787112e-11
-85.69,-1.4041826840410703e-9,1.6039945847529996e-11
-85.68,-1.4050732208262247e-9,1.605213718011246e-11
-85.67,-1.4059644281978556e-9,1.606433930160253e-11
-85.66,-1.4068563068045454e-9,1.6076552027866368e-11
-85.65,-1.4077488573088127e-9,1.6088775503814182e-11
-85.64,-1.4086420801606163e-9,1.610100979397119e-11
-85.63,-1.4095359762398135e-9,1.6113254718221136e-11
-85.62,-1.410430545454734e-9,1.612551051907576e-11
-85.61,-1.4113257890951802e-9,1.6137777044889232e-11
-85.6,-1.412221707490047e-9,1.615005437237892e-11
-85.59,-1.4131183011356551e-9,1.6162342489478577e-11
-85.58,-1.4140155704637238e-9,1.6174641346513062e-11
-85.57,-1.4149135168146462e-9,1.618695119189742e-11
-85.56,-1.415812140160432e-9,1.6199271706106764e-11
-85.55,-1.4167114410925347e-9,1.6211603113464878e-11
-85.54,-1.41761142032254e-9,1.6223945384221193e-11
-85.53,-1.4185120783766722e-9,1.6236298494183614e-11
-85.52,-1.4194134158961677e-9,1.6248662580636182e-11
-85.51,-1.4203154336443975e-9,1.6261037361238234e-11
-85.5,-1.421218131954363e-9,1.6273423074634094e-11
-85.49,-1.4221215113675138e-9,1.628581979949804e-11
-85.48,-1.4230255728090254e-9,1.6298227368437947e-11
-85.47,-1.4239303165945535e-9,1.631064581249828e-11
-85.46,-1.4248357434843185e-9,1.632307527428698e-11
-85.45,-1.4257418538819614e-9,1.6335515686431393e-11
-85.44,-1.4266486485659492e-9,1.6347967016714745e-11
-85.43,-1.4275561280771425e-9,1.6360429322937952e-11
-85.42,-1.4284642930863407e-9,1.637290259204849e-11
-85.41,-1.429373144034529e-9,1.6385386907980626e-11
-85.4,-1.4302826816571154e-9,1.6397882241109175e-11
-85.39,-1.4311929064130268e-9,1.641038848535767e-11
-85.38,-1.4321038190516162e-9,1.6422905782818008e-11
-85.37,-1.433015420017166e-9,1.6435434144654028e-11
-85.36,-1.4339277100885408e-9,1.6447973516791222e-11
-85.35,-1.4348406896035104e-9,1.646052406831249e-11
-85.34,-1.43575435963213e-9,1.6473085527595608e-11
-85.33,-1.4366687203573038e-9,1.648565815567055e-11
-85.32,-1.4375837725106581e-9,1.6498241825219474e-11
-85.31,-1.4384995166231699e-9,1.6510836660096695e-11
-85.3,-1.4394159535207933e-9,1.6523442558638612e-11
-85.29,-1.440333083572715e-9,1.6536059544477872e-11
-85.28,-1.4412509074683257e-9,1.654868772483357e-11
-85.27,-1.4421694258386114e-9,1.6561327061039653e-11
-85.26,-1.4430886392386243e-9,1.6573977524884542e-11
-85.25,-1.4440085483454965e-9,1.6586639171384798e-11
-85.24,-1.4449291536959654e-9,1.6599311951177768e-11
-85.23,-1.445850456075183e-9,1.661199597836997e-11
-85.22,-1.4467724557750873e-9,1.6624691167804686e-11
-85.21,-1.4476951536563273e-9,1.6637397579647383e-11
-85.2,-1.4486185504183247e-9,1.665011527101037e-11
-85.19,-1.4495426463505846e-9,1.6662844076338978e-11
-85.18,-1.4504674420903479e-9,1.6675584251856416e-11
-85.17,-1.4513929385770992e-9,1.6688335622820212e-11
-85.16,-1.4523191361498757e-9,1.6701098307838443e-11
-85.15,-1.45324603556063e-9,1.671387220778974e-11
-85.14,-1.4541736373477362e-9,1.6726657413758398e-11
-85.13,-1.4551019422174053e-9,1.6739453933892843e-11
-85.12,-1.4560309506468613e-9,1.6752261779409223e-11
-85.11,-1.4569606633309194e-9,1.6765081041779547e-11
-85.1,-1.4578910808685852e-9,1.677791144352411e-11
-85.09,-1.458822203850957e-9,1.679075333154249e-11
-85.08,-1.4597540330507042e-9,1.680360650666743e-11
-85.07,-1.4606865688973125e-9,1.6816471057529147e-11
-85.06,-1.4616198120347609e-9,1.6829347052366316e-11
-85.05,-1.462553763175403e-9,1.6842234463549738e-11
-85.04,-1.4634884228034527e-9,1.68551331558566e-11
-85.03,-1.4644237917558105e-9,1.6868043368330812e-11
-85.02,-1.46535987057203e-9,1.6880964877666394e-11
-85.01,-1.4662966597108729e-9,1.6893897983910155e-11
-85.0,-1.467234160052859e-9,1.6906842482134433e-11
-84.99,-1.4681723719070708e-9,1.691979844170679e-11
-84.98,-1.46911129615059e-9,1.6932765892774135e-11
-84.97,-1.47005093331115e-9,1.6945744799641342e-11
-84.96,-1.4709912840105832e-9,1.6958735169133813e-11
-84.95,-1.4719323490867372e-9,1.697173714391584e-11
-84.94,-1.4728741288312677e-9,1.698475054942317e-11
-84.93,-1.4738166245603745e-9,1.699777541487144e-11
-84.92,-1.474759835223624e-9,1.701081208939509e-11
-84.91,-1.475703763278449e-9,1.7023860132551065e-11
-84.9,-1.4766484085588982e-9,1.7036919779198236e-11
-84.89,-1.4775937718893294e-9,1.704999094790359e-11
-84.88,-1.4785398537084137e-9,1.7063073820424008e-11
-84.87,-1.4794866549149486e-9,1.7076168161981773e-11
-84.86,-1.4804341758471718e-9,1.708927421970288e-11
-84.85,-1.4813824172597483e-9,1.7102391873739276e-11
-84.84,-1.482331379787356e-9,1.711552122250323e-11
-84.83,-1.4832810641335878e-9,1.712866206768649e-11
-84.82,-1.484231470843787e-9,1.7141814674825717e-11
-84.81,-1.4851826005801556e-9,1.715497889582946e-11
-84.8,-1.4861344540267577e-9,1.7168154847730956e-11
-84.79,-1.4870870316750845e-9,1.718134249037261e-11
-84.78,-1.4880403342852044e-9,1.7194541830000696e-11
-84.77,-1.4889943625117462e-9,1.7207752913591185e-11
-84.76,-1.4899491169090062e-9,1.7220975735181188e-11
-84.75,-1.4909045981637245e-9,1.723421023711673e-11
-84.74,-1.4918608067459297e-9,1.7247456604183334e-11
-84.73,-1.4928177437508177e-9,1.7260714552810056e-11
-84.72,-1.4937754094213355e-9,1.7273984396416267e-11
-84.71,-1.4947338044264697e-9,1.7287266072419638e-11
-84.7,-1.4956929295376996e-9,1.7300559467181432e-11
-84.69,-1.4966527852882961e-9,1.7313864704900823e-11
-84.68,-1.4976133725042478e-9,1.7327181733685856e-11
-84.67,-1.4985746915605889e-9,1.7340510644362e-11
-84.66,-1.4995367433453326e-9,1.7353851385258666e-11
-84.65,-1.500499528305098e-9,1.7367204005680264e-11
-84.64,-1.5014630473117793e-9,1.7380568495953407e-11
-84.63,-1.5024273007600008e-9,1.7393944878642775e-11
-84.62,-1.5033922894457178e-9,1.7407333125740888e-11
-84.61,-1.5043580139718806e-9,1.7420733273814547e-11
-84.6,-1.5053244750267069e-9,1.7434145377582113e-11
-84.59,-1.5062916732698027e-9,1.744756937923809e-11
-84.58,-1.507259609333008e-9,1.746100535791753e-11
-84.57,-1.5082282838764079e-9,1.7474453240206698e-11
-84.56,-1.5091976974410825e-9,1.7487913120795498e-11
-84.55,-1.510167850601622e-9,1.7501385050374452e-11
-84.54,-1.5111387444832242e-9,1.751486893153347e-11
-84.53,-1.5121103793037014e-9,1.752836477713499e-11
-84.52,-1.5130827558792097e-9,1.7541872659223896e-11
-84.51,-1.514055874776921e-9,1.7555392581842043e-11
-84.5,-1.5150297367862e-9,1.7568924531858454e-11
-84.49,-1.5160043423452475e-9,1.7582468528389377e-11
-84.48,-1.5169796923467295e-9,1.7596024626574862e-11
-84.47,-1.5179557873146477e-9,1.760959281253141e-11
-84.46,-1.518932628101364e-9,1.7623172991152563e-11
-84.45,-1.5199102148038612e-9,1.76367653946045e-11
-84.44,-1.5208885486961082e-9,1.765036986345318e-11
-84.43,-1.521867630271618e-9,1.7663986454251982e-11
-84.42,-1.5228474600945712e-9,1.7677615161257487e-11
-84.41,-1.523828038950467e-9,1.7691255950564572e-11
-84.4,-1.5248093672404677e-9,1.7704909094767444e-11
-84.39,-1.5257914459310957e-9,1.7718574344031505e-11
-84.38,-1.5267742755081675e-9,1.773225173111223e-11
-84.37,-1.527757856771812e-9,1.7745941314691917e-11
-84.36,-1.5287421901826618e-9,1.7759643140464234e-11
-84.35,-1.529727276533352e-9,1.7773357192251237e-11
-84.34,-1.5307131165902927e-9,1.7787083460141734e-11
-84.33,-1.5316997107800228e-9,1.7800821994161903e-11
-84.32,-1.5326870599981952e-9,1.7814572776412823e-11
-84.31,-1.5336751647229217e-9,1.7828335886610573e-11
-84.3,-1.5346640258610683e-9,1.784211122832e-11
-84.29,-1.5356536437711812e-9,1.7855898872270248e-11
-84.28,-1.5366440194038605e-9,1.7869698832975173e-11
-84.27,-1.537635153090399e-9,1.78835111476767e-11
-84.26,-1.5386270459243957e-9,1.7897335721357614e-11
-84.25,-1.5396196984429967e-9,1.79111727322115e-11
-84.24,-1.5406131111639136e-9,1.7925022049116458e-11
-84.23,-1.5416072847639634e-9,1.793888381063723e-11
-84.22,-1.542602220093423e-9,1.795275791463702e-11
-84.21,-1.5435979176910072e-9,1.7966644402606687e-11
-84.2,-1.5445943782941526e-9,1.7980543291552178e-11
-84.19,-1.5455916025615057e-9,1.7994454647102252e-11
-84.18,-1.5465895911722586e-9,1.80083783942872e-11
-84.17,-1.5475883445674505e-9,1.802231455542392e-11
-84.16,-1.5485878640190525e-9,1.803626333680597e-11
-84.15,-1.5495881496744532e-9,1.805022447405497e-11
-84.14,-1.5505892024262492e-9,1.806419811035828e-11
-84.13,-1.5515910227092874e-9,1.8078184352264175e-11
-84.12,-1.5525936117154666e-9,1.809218286988794e-11
-84.11,-1.5535969695573077e-9,1.8106194112593782e-11
-84.1,-1.5546010973067526e-9,1.812021781794431e-11
-84.09,-1.555605995411293e-9,1.813425412728754e-11
-84.08,-1.5566116641593321e-9,1.8148303037131904e-11
-84.07,-1.5576181058278527e-9,1.8162364359956064e-11
-84.06,-1.5586253194021822e-9,1.8176438364944895e-11
-84.05,-1.5596333059322785e-9,1.8190524988760325e-11
-84.04,-1.5606420668680918e-9,1.820462418639e-11
-84.03,-1.5616516021013266e-9,1.8218736041597792e-11
-84.02,-1.5626619125710919e-9,1.823286053268019e-11
-84.01,-1.5636729990082193e-9,1.8246997642551703e-11
-84.0,-1.5646848620732033e-9,1.826114746412222e-11
-83.99,-1.5656975028729138e-9,1.8275309910482224e-11
-83.98,-1.5667109207759351e-9,1.828948514069747e-11
-83.97,-1.5677251178502654e-9,1.8303672996999336e-11
-83.96,-1.5687400943159173e-9,1.8317873649401725e-11
-83.95,-1.5697558507557332e-9,1.8332086934220316e-11
-83.94,-1.5707723880866916e-9,1.8346313029771646e-11
-83.93,-1.571789706816205e-9,1.8360551878108407e-11
-83.92,-1.5728078077597168e-9,1.8374803467024404e-11
-83.91,-1.5738266915623712e-9,1.838906782049847e-11
-83.9,-1.5748463589202401e-9,1.8403345000153372e-11
-83.89,-1.575866810484021e-9,1.8417634998530634e-11
-83.88,-1.576888046980537e-9,1.843193776579092e-11
-83.87,-1.5779100690773967e-9,1.8446253424930904e-11
-83.86,-1.57893287758168e-9,1.846058192846933e-11
-83.85,-1.5799564731103463e-9,1.8474923268759537e-11
-83.84,-1.580980856389946e-9,1.848927749476487e-11
-83.83,-1.5820060281244868e-9,1.8503644590823702e-11
-83.82,-1.5830319889498397e-9,1.8518024591737637e-11
-83.81,-1.5840587395254702e-9,1.8532417541960374e-11
-83.8,-1.5850862809455867e-9,1.8546823280269214e-11
-83.79,-1.5861146132458884e-9,1.8561242181362785e-11
-83.78,-1.5871437377032982e-9,1.8575673887647892e-11
-83.77,-1.5881736547281357e-9,1.859011856872214e-11
-83.76,-1.5892043651864545e-9,1.8604576277539498e-11
-83.75,-1.5902358697243562e-9,1.8619046916965428e-11
-83.74,-1.5912681689926631e-9,1.863353065043539e-11
-83.73,-1.5923012637938227e-9,1.8648027325685587e-11
-83.72,-1.5933351547098726e-9,1.8662537043835255e-11
-83.71,-1.5943698425714752e-9,1.867705984244771e-11
-83.7,-1.5954053278988817e-9,1.869159567419458e-11
-83.69,-1.5964416117853846e-9,1.870614455999587e-11
-83.68,-1.5974786945800743e-9,1.8720706561011674e-11
-83.67,-1.5985165771339853e-9,1.8735281627662298e-11
-83.66,-1.5995552600449965e-9,1.8749869845406715e-11
-83.65,-1.6005947443015366e-9,1.8764471099624503e-11
-83.64,-1.6016350303723736e-9,1.8779085594005245e-11
-83.63,-1.6026761190068685e-9,1.879371321059469e-11
-83.62,-1.6037180109618673e-9,1.880835399933489e-11
-83.61,-1.6047607072416465e-9,1.8823007919883842e-11
-83.6,-1.6058042076679464e-9,1.8837675092072888e-11
-83.59,-1.6068485138578532e-9,1.8852355416499714e-11
-83.58,-1.607893626211753e-9,1.8867048990083708e-11
-83.57,-1.6089395455335885e-9,1.8881755768938728e-11
-83.56,-1.6099862724404015e-9,1.8896475842655108e-11
-83.55,-1.6110338076509975e-9,1.8911209172296632e-11
-83.54,-1.6120821520280367e-9,1.8925955718538834e-11
-83.53,-1.6131313060384757e-9,1.894071559747425e-11
-83.52,-1.6141812707372158e-9,1.89554888102706e-11
-83.51,-1.6152320464178903e-9,1.8970275222320885e-11
-83.5,-1.616283634201801e-9,1.8985075052524968e-11
-83.49,-1.6173360346392063e-9,1.899988819457613e-11
-83.48,-1.6183892485427584e-9,1.901471469309982e-11
-83.47,-1.6194432764757588e-9,1.902955457568453e-11
-83.46,-1.6204981193430447e-9,1.9044407812787835e-11
-83.45,-1.6215537777825347e-9,1.905927445911435e-11
-83.44,-1.6226102524759175e-9,1.9074154524948416e-11
-83.43,-1.6236675442781296e-9,1.9089048016410383e-11
-83.42,-1.6247256538049598e-9,1.9103954915648786e-11
-83.41,-1.6257845819285396e-9,1.9118875272043248e-11
-83.4,-1.6268443292213492e-9,1.9133809075536454e-11
-83.39,-1.6279048965204332e-9,1.914875637506397e-11
-83.38,-1.628966284460542e-9,1.916371717683e-11
-83.37,-1.6300284938648342e-9,1.9178691465874466e-11
-83.36,-1.631091525450523e-9,1.9193679289050402e-11
-83.35,-1.6321553799567405e-9,1.9208680604179962e-11
-83.34,-1.6332200580701902e-9,1.9223695553327542e-11
-83.33,-1.6342855606864584e-9,1.92387240121473e-11
-83.32,-1.635351888151209e-9,1.925376604725183e-11
-83.31,-1.6364190416418196e-9,1.9268821648916796e-11
-83.3,-1.6374870217752624e-9,1.9283890857934458e-11
-83.29,-1.6385558291255371e-9,1.9298973724447206e-11
-83.28,-1.6396254645932577e-9,1.9314070166498697e-11
-83.27,-1.6406959288740573e-9,1.932918029760795e-11
-83.26,-1.6417672227358079e-9,1.9344304052786008e-11
-83.25,-1.6428393468669098e-9,1.9359441498227025e-11
-83.24,-1.6439123020438689e-9,1.9374592617001352e-11
-83.23,-1.6449860890893793e-9,1.9389757497227484e-11
-83.22,-1.6460607085240046e-9,1.940493599353792e-11
-83.21,-1.6471361612398426e-9,1.9420128252504548e-11
-83.2,-1.6482124480326653e-9,1.9435334272429845e-11
-83.19,-1.649289569624397e-9,1.9450553948519114e-11
-83.18,-1.6503675267595505e-9,1.9465787541480422e-11
-83.17,-1.6514463201014976e-9,1.948103488124108e-11
-83.16,-1.6525259504177182e-9,1.94962960225111e-11
-83.15,-1.6536064185967212e-9,1.9511570965559826e-11
-83.14,-1.6546877250184264e-9,1.9526859781903427e-11
-83.13,-1.6557698711601314e-9,1.9542162360791318e-11
-83.12,-1.656852857140226e-9,1.9557478746843015e-11
-83.11,-1.6579366838955852e-9,1.9572809057536625e-11
-83.1,-1.659021352143585e-9,1.9588153277262825e-11
-83.09,-1.6601068626623662e-9,1.960351137213995e-11
-83.08,-1.6611932163004953e-9,1.9618883375083353e-11
-83.07,-1.6622804136233864e-9,1.9634269344971884e-11
-83.06,-1.6633684555602818e-9,1.9649669228037045e-11
-83.05,-1.6644573429016772e-9,1.966508308261306e-11
-83.04,-1.665547076162884e-9,1.968051086683701e-11
-83.03,-1.6666376562974164e-9,1.969595266168489e-11
-83.02,-1.6677290840665984e-9,1.9711408480158003e-11
-83.01,-1.6688213601824737e-9,1.9726878269259778e-11
-83.0,-1.6699144853431804e-9,1.9742362110167906e-11
-82.99,-1.6710084604439476e-9,1.9757859944293092e-11
-82.98,-1.6721032862026498e-9,1.9773371881865288e-11
-82.97,-1.6731989633224577e-9,1.9788897892141184e-11
-82.96,-1.67429549232237e-9,1.9804438136866818e-11
-82.95,-1.675392874866724e-9,1.9819992152891274e-11
-82.94,-1.6764911107869627e-9,1.9835560457488777e-11
-82.93,-1.677590201207848e-9,1.9851142895309468e-11
-82.92,-1.6786901468575964e-9,1.9866739416046754e-11
-82.91,-1.6797909485228167e-9,1.9882350197578784e-11
-82.9,-1.6808926069325792e-9,1.9897975025691943e-11
-82.89,-1.6819951228802172e-9,1.991361411877786e-11
-82.88,-1.6830984972157614e-9,1.9929267388165336e-11
-82.87,-1.6842027305297947e-9,1.994493490507367e-11
-82.86,-1.6853078237618423e-9,1.996061662823742e-11
-82.85,-1.6864137777288752e-9,1.9976312588191195e-11
-82.84,-1.687520592972625e-9,1.999202280483045e-11
-82.83,-1.6886282704701692e-9,2.00077472662232e-11
-82.82,-1.689736810892327e-9,2.0023486021482693e-11
-82.81,-1.690846215063822e-9,2.003923916327589e-11
-82.8,-1.6919564837095564e-9,2.00550066031125e-11
-82.79,-1.6930676177497275e-9,2.0070788311249774e-11
-82.78,-1.6941796177530546e-9,2.0086584403292506e-11
-82.77,-1.6952924846136629e-9,2.0102394820850396e-11
-82.76,-1.6964062192404795e-9,2.0118219708804808e-11
-82.75,-1.6975208221121475e-9,2.0134058878873274e-11
-82.74,-1.6986362942559694e-9,2.014991251708614e-11
-82.73,-1.6997526363804824e-9,2.0165780592874e-11
-82.72,-1.7008698493049068e-9,2.0181663075879386e-11
-82.71,-1.7019879337356392e-9,2.0197559999557693e-11
-82.7,-1.7031068904594322e-9,2.021347141200867e-11
-82.69,-1.7042267203445839e-9,2.0229397249972164e-11
-82.68,-1.7053474241441914e-9,2.024533763210748e-11
-82.67,-1.7064690026600316e-9,2.0261292471233595e-11
-82.66,-1.7075914566125978e-9,2.027726195621643e-11
-82.65,-1.7087147868514762e-9,2.0293245923915764e-11
-82.64,-1.709838994196163e-9,2.0309244395095755e-11
-82.63,-1.7109640793440632e-9,2.0325257546717033e-11
-82.62,-1.7120900431336193e-9,2.0341285193157998e-11
-82.61,-1.713216886334441e-9,2.03573274741476e-11
-82.6,-1.7143446098539031e-9,2.037338431861401e-11
-82.59,-1.715473214357726e-9,2.0389455835087757e-11
-82.58,-1.7166027005293005e-9,2.0405542013608577e-11
-82.57,-1.7177330695835068e-9,2.0421642882666027e-11
-82.56,-1.7188643219793756e-9,2.0437758297392224e-11
-82.55,-1.7199964585153663e-9,2.0453888541007595e-11
-82.54,-1.7211294801067088e-9,2.0470033444537082e-11
-82.53,-1.722263387484574e-9,2.0486193054267525e-11
-82.52,-1.72339818149112e-9,2.0502367432562324e-11
-82.51,-1.7245338629377816e-9,2.051855651101322e-11
-82.5,-1.7256704325005227e-9,2.053476041366138e-11
-82.49,-1.726807891537649e-9,2.0550978865749988e-11
-82.48,-1.7279462395986526e-9,2.0567212530752255e-11
-82.47,-1.7290854787141585e-9,2.058346080680344e-11
-82.46,-1.730225609206507e-9,2.0599723889086907e-11
-82.45,-1.7313666319147666e-9,2.0616001896680144e-11
-82.44,-1.7325085476836104e-9,2.063229467161582e-11
-82.43,-1.7336513573154484e-9,2.064860229932703e-11
-82.42,-1.734795061687009e-9,2.0664924896841607e-11
-82.41,-1.7359396613817565e-9,2.0681262361306926e-11
-82.4,-1.7370851574299916e-9,2.0697614784993606e-11
-82.39,-1.7382315505675245e-9,2.0713982085672447e-11
-82.38,-1.7393788415226026e-9,2.073036440288906e-11
-82.37,-1.7405270311816771e-9,2.0746761622990963e-11
-82.36,-1.7416761204760522e-9,2.0763173856541066e-11
-82.35,-1.7428261100046683e-9,2.077960109746136e-11
-82.34,-1.7439770007763298e-9,2.0796043343422067e-11
-82.33,-1.7451287933997474e-9,2.0812500625826504e-11
-82.32,-1.7462814888524667e-9,2.082897294520691e-11
-82.31,-1.747435087963524e-9,2.0845460320424205e-11
-82.3,-1.7485895914659563e-9,2.086196282742223e-11
-82.29,-1.7497450002054147e-9,2.0878480339932233e-11
-82.28,-1.7509013148970309e-9,2.0895012976364112e-11
-82.27,-1.7520585366444769e-9,2.0911560773311365e-11
-82.26,-1.7532166659978685e-9,2.0928123678926803e-11
-82.25,-1.7543757038788335e-9,2.0944701803009517e-11
-82.24,-1.7555356511014826e-9,2.096129499623616e-11
-82.23,-1.7566965085511689e-9,2.0977903441091596e-11
-82.22,-1.757858276933474e-9,2.0994527077053906e-11
-82.21,-1.7590209571405189e-9,2.1011165942722558e-11
-82.2,-1.760184550013387e-9,2.1027820016867753e-11
-82.19,-1.7613490563994696e-9,2.1044489366819814e-11
-82.18,-1.7625144770073849e-9,2.106117390499977e-11
-82.17,-1.7636808127819901e-9,2.1077873801696784e-11
-82.16,-1.764848064515637e-9,2.1094588979301054e-11
-82.15,-1.7660162330916885e-9,2.1111319476322786e-11
-82.14,-1.7671853192479495e-9,2.1128065263814345e-11
-82.13,-1.7683553238014728e-9,2.1144826391706466e-11
-82.12,-1.7695262477902586e-9,2.116160295364482e-11
-82.11,-1.7706980917745424e-9,2.1178394873204297e-11
-82.1,-1.7718708568599292e-9,2.1195202124701537e-11
-82.09,-1.7730445436439586e-9,2.121202478233918e-11
-82.08,-1.7742191530558172e-9,2.1228862906478172e-11
-82.07,-1.7753946859984857e-9,2.1245716480049476e-11
-82.06,-1.776571143174904e-9,2.1262585481527793e-11
-82.05,-1.7777485255165835e-9,2.127947002932977e-11
-82.04,-1.7789268339363568e-9,2.1296369956773188e-11
-82.03,-1.7801060691148703e-9,2.131328540118011e-11
-82.02,-1.781286232220657e-9,2.1330216422118533e-11
-82.01,-1.782467323381325e-9,2.1347162907241737e-11
-82.0,-1.7836493441175567e-9,2.1364124979631047e-11
-81.99,-1.7848322951325085e-9,2.1381102662427594e-11
-81.98,-1.7860161771494268e-9,2.1398095895350506e-11
-81.97,-1.7872009908952473e-9,2.1415104728748695e-11
-81.96,-1.7883867376578915e-9,2.143212921142859e-11
-81.95,-1.7895734179930584e-9,2.144916923854131e-11
-81.94,-1.7907610326335135e-9,2.1466225036509884e-11
-81.93,-1.7919495825741135e-9,2.1483296435311257e-11
-81.92,-1.7931390687410924e-9,2.15003835453037e-11
-81.91,-1.7943294918871488e-9,2.151748629599507e-11
-81.9,-1.7955208527666016e-9,2.1534604789285692e-11
-81.89,-1.7967131524723846e-9,2.1551739053123188e-11
-81.88,-1.7979063917210662e-9,2.1568889022016848e-11
-81.87,-1.7991005713906608e-9,2.15860547821776e-11
-81.86,-1.8002956922773834e-9,2.160323628086474e-11
-81.85,-1.8014917553650677e-9,2.162043356910312e-11
-81.84,-1.8026887612254765e-9,2.1637646729337364e-11
-81.83,-1.8038867110580838e-9,2.1654875709134133e-11
-81.82,-1.805085605716294e-9,2.1672120531731344e-11
-81.81,-1.80628544583344e-9,2.168938119200193e-11
-81.8,-1.8074862323357842e-9,2.170665776570881e-11
-81.79,-1.8086879661188673e-9,2.1723950210377297e-11
-81.78,-1.8098906481584603e-9,2.174125854966699e-11
-81.77,-1.8110942791336078e-9,2.1758582789277636e-11
-81.76,-1.8122988599481214e-9,2.177592308215329e-11
-81.75,-1.813504391583459e-9,2.1793279254620512e-11
-81.74,-1.8147108747925897e-9,2.1810651471922296e-11
-81.73,-1.8159183103406338e-9,2.1828039691173046e-11
-81.72,-1.8171266995372318e-9,2.1845443773037997e-11
-81.71,-1.8183360427481753e-9,2.1862863979514518e-11
-81.7,-1.8195463410802747e-9,2.188030029095279e-11
-81.69,-1.8207575955143967e-9,2.1897752590446563e-11
-81.68,-1.8219698064638656e-9,2.191522097835826e-11
-81.67,-1.8231829753233048e-9,2.193270548138286e-11
-81.66,-1.8243971027732633e-9,2.1950206097401685e-11
-81.65,-1.825612189580957e-9,2.196772286836692e-11
-81.64,-1.826828236489869e-9,2.198525588301555e-11
-81.63,-1.8280452451252795e-9,2.2002804768206255e-11
-81.62,-1.8292632155376855e-9,2.2020369992114577e-11
-81.61,-1.8304821489261156e-9,2.2037951497989485e-11
-81.6,-1.8317020461948044e-9,2.20555490346572e-11
-81.59,-1.8329229082252936e-9,2.2073162929823924e-11
-81.58,-1.834144735832792e-9,2.2090793060596266e-11
-81.57,-1.835367529826373e-9,2.2108439427858027e-11
-81.56,-1.8365912912486644e-9,2.2126102067508437e-11
-81.55,-1.837816020959888e-9,2.2143781014033377e-11
-81.54,-1.8390417197207814e-9,2.2161476376265626e-11
-81.53,-1.8402683885304334e-9,2.2179187970267343e-11
-81.52,-1.8414960283062817e-9,2.2196915933378122e-11
-81.51,-1.8427246398166627e-9,2.22146602403929e-11
-81.5,-1.8439542240509986e-9,2.223242093435203e-11
-81.49,-1.8451847818401274e-9,2.22501980783814e-11
-81.48,-1.8464163140428198e-9,2.226799159166812e-11
-81.47,-1.8476488216075124e-9,2.2285801545067512e-11
-81.46,-1.848882305634654e-9,2.2303627881037496e-11
-81.45,-1.8501167664825996e-9,2.2321470856931532e-11
-81.44,-1.85135220551078e-9,2.2339330241029915e-11
-81.43,-1.852588623401673e-9,2.2357206152489664e-11
-81.42,-1.8538260211707152e-9,2.237509857522801e-11
-81.41,-1.8550643996978789e-9,2.2393007475304246e-11
-81.4,-1.856303759771252e-9,2.2410932955256074e-11
-81.39,-1.8575441024677997e-9,2.2428875030595747e-11
-81.38,-1.8587854284243587e-9,2.2446833699680212e-11
-81.37,-1.8600277387792242e-9,2.246480900585665e-11
-81.36,-1.861271034269103e-9,2.24828008980258e-11
-81.35,-1.8625153161233497e-9,2.250080941301868e-11
-81.34,-1.8637605848494165e-9,2.2518834616192015e-11
-81.33,-1.865006841409231e-9,2.2536876529602248e-11
-81.32,-1.8662540869623997e-9,2.2554935099703596e-11
-81.31,-1.8675023221264605e-9,2.257301036756226e-11
-81.3,-1.8687515480486746e-9,2.259110240590795e-11
-81.29,-1.870001765454611e-9,2.260921118064736e-11
-81.28,-1.8712529753616994e-9,2.2627336712819927e-11
-81.27,-1.872505178612546e-9,2.2645479054926394e-11
-81.26,-1.873758376088765e-9,2.2663638133770614e-11
-81.25,-1.8750125689712216e-9,2.2681814064628164e-11
-81.24,-1.8762677578861496e-9,2.2700006856031952e-11
-81.23,-1.8775239437199356e-9,2.271821645937021e-11
-81.22,-1.8787811275242144e-9,2.273644298430615e-11
-81.21,-1.880039310226752e-9,2.275468639589768e-11
-81.2,-1.8812984926978477e-9,2.277294667455861e-11
-81.19,-1.8825586758280923e-9,2.2791223870022307e-11
-81.18,-1.883819860603069e-9,2.2809517999711013e-11
-81.17,-1.8850820481452465e-9,2.2827828982055287e-11
-81.16,-1.8863452386734472e-9,2.2846157268631297e-11
-81.15,-1.8876094336639043e-9,2.2864502358662806e-11
-81.14,-1.8888746340531454e-9,2.2882864482604465e-11
-81.13,-1.890140840651352e-9,2.290124357911849e-11
-81.12,-1.891408054403225e-9,2.2919639778806708e-11
-81.11,-1.8926762762168395e-9,2.2938053026410152e-11
-81.1,-1.893945506950225e-9,2.295648339068868e-11
-81.09,-1.8952157477068786e-9,2.2974930795856716e-11
-81.08,-1.896486999315446e-9,2.2993395331207203e-11
-81.07,-1.897759262590961e-9,2.3011877107655987e-11
-81.06,-1.899032538591085e-9,2.303037596203453e-11
-81.05,-1.9003068282873496e-9,2.304889199631488e-11
-81.04,-1.9015821325308978e-9,2.3067425226459014e-11
-81.03,-1.902858452226429e-9,2.3085975667336962e-11
-81.02,-1.9041357883837934e-9,2.310454333866973e-11
-81.01,-1.905414141946471e-9,2.3123128260635602e-11
-81.0,-1.906693513811825e-9,2.3141730454675764e-11
-80.99,-1.9079739048263007e-9,2.316034995779756e-11
-80.98,-1.909255316071526e-9,2.317898666695803e-11
-80.97,-1.91053774855899e-9,2.319764075636391e-11
-80.96,-1.9118212029396494e-9,2.3216312229902562e-11
-80.95,-1.9131056803478712e-9,2.3235000994482655e-11
-80.94,-1.914391181719123e-9,2.3253707149315337e-11
-80.93,-1.9156777079515928e-9,2.3272430720319073e-11
-80.92,-1.9169652600767295e-9,2.329117168044785e-11
-80.91,-1.918253838862585e-9,2.330993009152638e-11
-80.9,-1.9195434454407534e-9,2.332870594387048e-11
-80.89,-1.9208340808254256e-9,2.3347499233034133e-11
-80.88,-1.9221257455753234e-9,2.336631003372391e-11
-80.87,-1.923418440937925e-9,2.338513835213079e-11
-80.86,-1.9247121678582673e-9,2.340398414847628e-11
-80.85,-1.9260069272992477e-9,2.3422847512533777e-11
-80.84,-1.9273027200702606e-9,2.3441728442919072e-11
-80.83,-1.9285995471670814e-9,2.3460626927557534e-11
-80.82,-1.9298974096871197e-9,2.3479543032124038e-11
-80.81,-1.931196308346942e-9,2.3498476714950584e-11
-80.8,-1.932496244355277e-9,2.3517428091167713e-11
-80.79,-1.9337972185703876e-9,2.353639703767225e-11
-80.78,-1.9350992318227187e-9,2.355538378496415e-11
-80.77,-1.9364022852260426e-9,2.357438810219943e-11
-80.76,-1.937706379624275e-9,2.3593410170043283e-11
-80.75,-1.9390115159737725e-9,2.3612449987580622e-11
-80.74,-1.940317695578101e-9,2.3631507485070732e-11
-80.73,-1.9416249189832446e-9,2.3650582780419062e-11
-80.72,-1.9429331872344597e-9,2.3669675851493665e-11
-80.71,-1.9442425014385455e-9,2.368878673993558e-11
-80.7,-1.9455528626476162e-9,2.3707915541446053e-11
-80.69,-1.9468642714356582e-9,2.3727061971593253e-11
-80.68,-1.9481767288766675e-9,2.3746226392436627e-11
-80.67,-1.949490236276537e-9,2.3765408621482958e-11
-80.66,-1.950804794273112e-9,2.3784608816446398e-11
-80.65,-1.95212040404334e-9,2.3803826924692476e-11
-80.64,-1.9534370664121374e-9,2.38230628566775e-11
-80.63,-1.9547547823930276e-9,2.3842316887829632e-11
-80.62,-1.9560735531119467e-9,2.3861588809167224e-11
-80.61,-1.9573933792874854e-9,2.3880878751007365e-11
-80.6,-1.9587142619800306e-9,2.390018671876076e-11
-80.59,-1.960036202248474e-9,2.3919512661281242e-11
-80.58,-1.9613592010221583e-9,2.3938856655225252e-11
-80.57,-1.9626832592670366e-9,2.395821874783812e-11
-80.56,-1.964008378017937e-9,2.3977598921853983e-11
-80.55,-1.965334558164006e-9,2.3996997204685548e-11
-80.54,-1.9666618006989925e-9,2.401641357154998e-11
-80.53,-1.9679901067147896e-9,2.403584813848318e-11
-80.52,-1.9693194769756686e-9,2.4055300993237505e-11
-80.51,-1.9706499128590342e-9,2.407477169693367e-11
-80.5,-1.9719814150401433e-9,2.409426078808379e-11
-80.49,-1.9733139844818883e-9,2.4113768106217663e-11
-80.48,-1.9746476223198187e-9,2.413329364072579e-11
-80.47,-1.9759823296372448e-9,2.4152837351464604e-11
-80.46,-1.9773181069027256e-9,2.4172399475260383e-11
-80.45,-1.9786549556904483e-9,2.419197987831257e-11
-80.44,-1.9799928767856844e-9,2.42115785556812e-11
-80.43,-1.9813318712029072e-9,2.4231195579658665e-11
-80.42,-1.9826719397575977e-9,2.4250830976492912e-11
-80.41,-1.984013083708602e-9,2.4270484746415818e-11
-80.4,-1.985355303960931e-9,2.4290156892744225e-11
-80.39,-1.9866986015125677e-9,2.4309847427202794e-11
-80.38,-1.988042977203251e-9,2.4329556423400187e-11
-80.37,-1.9893884323014048e-9,2.4349283862635643e-11
-80.36,-1.990734967735089e-9,2.436902979044726e-11
-80.35,-1.9920825842597737e-9,2.438879420174679e-11
-80.34,-1.9934312831999806e-9,2.440857715326584e-11
-80.33,-1.994781065378267e-9,2.4428378626717227e-11
-80.32,-1.9961319317767694e-9,2.4448198620863945e-11
-80.31,-1.9974838835879752e-9,2.446803715829089e-11
-80.3,-1.998836921698254e-9,2.448789434350292e-11
-80.29,-2.000191047058053e-9,2.4507770123560346e-11
-80.28,-2.0015462607418928e-9,2.4527664550695913e-11
-80.27,-2.0029025638447702e-9,2.4547577584426867e-11
-80.26,-2.0042599571461683e-9,2.456750931429098e-11
-80.25,-2.0056184418300743e-9,2.4587459749366846e-11
-80.24,-2.00697801896824e-9,2.4607428841424496e-11
-80.23,-2.008338689325483e-9,2.4627416629833695e-11
-80.22,-2.0097004543106974e-9,2.4647423283003825e-11
-80.21,-2.011063314569133e-9,2.466744865987835e-11
-80.2,-2.0124272713218668e-9,2.4687492828697278e-11
-80.19,-2.0137923254783063e-9,2.470755578715968e-11
-80.18,-2.0151584781160177e-9,2.472763757498745e-11
-80.17,-2.0165257301878664e-9,2.4747738247132158e-11
-80.16,-2.0178940829322832e-9,2.47678577239392e-11
-80.15,-2.0192635370523654e-9,2.4787996159056872e-11
-80.14,-2.0206340936173792e-9,2.4808153524124496e-11
-80.13,-2.022005754107418e-9,2.482832968655101e-11
-80.12,-2.0233785189506884e-9,2.4848524892947185e-11
-80.11,-2.024752389468164e-9,2.4868739044689085e-11
-80.1,-2.026127366707878e-9,2.4888972169996116e-11
-80.09,-2.0275034516310436e-9,2.4909224340376084e-11
-80.08,-2.0288806453410375e-9,2.4929495529892176e-11
-80.07,-2.0302589486855174e-9,2.4949785733444826e-11
-80.06,-2.031638362827477e-9,2.4970095089963826e-11
-80.05,-2.033018888512326e-9,2.499042329776282e-11
-80.04,-2.0344005276932352e-9,2.501077096687088e-11
-80.03,-2.035783280455761e-9,2.5031137573451797e-11
-80.02,-2.037167148156529e-9,2.5051523374202777e-11
-80.01,-2.038552131791327e-9,2.5071928333271507e-11
-80.0,-2.0399382324319305e-9,2.5092352461064197e-11
-79.99,-2.0413254511466272e-9,2.511279583987557e-11
-79.98,-2.0427137889251557e-9,2.5133258456915977e-11
-79.97,-2.0441032468577214e-9,2.5153740286146698e-11
-79.96,-2.045493826038252e-9,2.5174241398228933e-11
-79.95,-2.0468855273207735e-9,2.519476182368732e-11
-79.94,-2.0482783519282244e-9,2.521530153973043e-11
-79.93,-2.0496723007949147e-9,2.523586062550275e-11
-79.92,-2.051067375059034e-9,2.5256439047491193e-11
-79.91,-2.0524635757303654e-9,2.5277036835116564e-11
-79.9,-2.0538609038328316e-9,2.5297654066098153e-11
-79.89,-2.055259360451841e-9,2.5318290676371267e-11
-79.88,-2.0566589466575214e-9,2.533894674097948e-11
-79.87,-2.0580596635337346e-9,2.5359622217519826e-11
-79.86,-2.0594615121071944e-9,2.5380317187259767e-11
-79.85,-2.0608644932008993e-9,2.5401031721349052e-11
-79.84,-2.062268608167008e-9,2.542176578671784e-11
-79.83,-2.063673858010185e-9,2.5442519321978207e-11
-79.82,-2.065080243803768e-9,2.5463292422488445e-11
-79.81,-2.0664877664315273e-9,2.5484085171934507e-11
-79.8,-2.0678964271870184e-9,2.5504897474499207e-11
-79.79,-2.0693062270558158e-9,2.552572943234333e-11
-79.78,-2.0707171669840474e-9,2.5546581027429896e-11
-79.77,-2.0721292481622273e-9,2.5567452274160343e-11
-79.76,-2.0735424714837535e-9,2.5588343227792528e-11
-79.75,-2.074956838472711e-9,2.5609253843114057e-11
-79.74,-2.0763723496555387e-9,2.563018426847197e-11
-79.73,-2.077789006331222e-9,2.565113444003291e-11
-79.72,-2.0792068095999055e-9,2.5672104368308775e-11
-79.71,-2.0806257604596194e-9,2.5693094087084974e-11
-79.7,-2.0820458600407825e-9,2.5714103601677856e-11
-79.69,-2.0834671093256156e-9,2.5735132965834347e-11
-79.68,-2.0848895096169623e-9,2.5756182202753542e-11
-79.67,-2.086313061751457e-9,2.5777251256792547e-11
-79.66,-2.087737766855928e-9,2.5798340276119398e-11
-79.65,-2.0891636260510762e-9,2.581944918868273e-11
-79.64,-2.09059064038164e-9,2.5840578124343983e-11
-79.63,-2.0920188109794028e-9,2.586172690954242e-11
-79.62,-2.093448138881761e-9,2.588289571806957e-11
-79.61,-2.094878625175708e-9,2.5904084586513264e-11
-79.6,-2.0963102709743203e-9,2.5925293413081566e-11
-79.59,-2.0977430773495953e-9,2.59465223224851e-11
-79.58,-2.0991770452703505e-9,2.5967771296923623e-11
-79.57,-2.1006121761618646e-9,2.5989040417847408e-11
-79.56,-2.1020484707563138e-9,2.6010329565711185e-11
-79.55,-2.1034859303555743e-9,2.6031638907781704e-11
-79.54,-2.1049245558907833e-9,2.6052968384252618e-11
-79.53,-2.1063643483985327e-9,2.6074318125597406e-11
-79.52,-2.107805309431649e-9,2.609568789832334e-11
-79.51,-2.109247439525241e-9,2.6117077985664074e-11
-79.5,-2.110690740093736e-9,2.6138488319278746e-11
-79.49,-2.1121352120835547e-9,2.615991892129174e-11
-79.48,-2.1135808567345657e-9,2.6181369799978748e-11
-79.47,-2.115027675073923e-9,2.620284097934233e-11
-79.46,-2.1164756681405113e-9,2.6224332512242355e-11
-79.45,-2.117924837077717e-9,2.6245844400157418e-11
-79.44,-2.119375183096712e-9,2.6267376644443168e-11
-79.43,-2.120826707082189e-9,2.6288929295260584e-11
-79.42,-2.122279410344923e-9,2.6310502359125823e-11
-79.41,-2.123733293925141e-9,2.633209586892431e-11
-79.4,-2.1251883588468593e-9,2.6353709881924195e-11
-79.39,-2.126644606319435e-9,2.637534429241488e-11
-79.38,-2.1281020374538625e-9,2.639699923594084e-11
-79.37,-2.129560653250121e-9,2.6418674768250645e-11
-79.36,-2.131020455005356e-9,2.644037079248044e-11
-79.35,-2.1324814436441995e-9,2.6462087361859492e-11
-79.34,-2.1339436204343548e-9,2.6483824608058904e-11
-79.33,-2.1354069863262516e-9,2.650558242104018e-11
-79.32,-2.1368715426108617e-9,2.6527360874469677e-11
-79.31,-2.1383372902411194e-9,2.6549159997203113e-11
-79.3,-2.1398042305215076e-9,2.6570979826390728e-11
-79.29,-2.141272364455362e-9,2.6592820377771267e-11
-79.28,-2.142741693029762e-9,2.661468160263537e-11
-79.27,-2.1442122175276328e-9,2.66365635518968e-11
-79.26,-2.145683939231126e-9,2.665846632638388e-11
-79.25,-2.1471568591621412e-9,2.668038980844191e-11
-79.24,-2.1486309781377258e-9,2.6702334265517256e-11
-79.23,-2.150106297584291e-9,2.67242994683265e-11
-79.22,-2.15158281864572e-9,2.674628554608938e-11
-79.21,-2.1530605423301396e-9,2.6768292502018128e-11
-79.2,-2.1545394701999517e-9,2.6790320390234447e-11
-79.19,-2.15601960230097e-9,2.681236916273106e-11
-79.18,-2.1575009407979816e-9,2.6834438934716146e-11
-79.17,-2.1589834867791733e-9,2.685652967689345e-11
-79.16,-2.1604672405656797e-9,2.6878641359487876e-11
-79.15,-2.161952204115181e-9,2.690077408819544e-11
-79.14,-2.1634383783043016e-9,2.6922927843058954e-11
-79.13,-2.1649257641870067e-9,2.6945102721180604e-11
-79.12,-2.166414362960141e-9,2.696729866135096e-11
-79.11,-2.167904175516918e-9,2.6989515715726723e-11
-79.1,-2.1693952038221693e-9,2.7011753850157425e-11
-79.09,-2.1708874482019684e-9,2.7034013145444624e-11
-79.08,-2.1723809100291536e-9,2.705629368250745e-11
-79.07,-2.1738755904047163e-9,2.7078595413961987e-11
-79.06,-2.1753714906091146e-9,2.710091833459002e-11
-79.05,-2.1768686117517435e-9,2.7123262482012035e-11
-79.04,-2.178366954967245e-9,2.7145627956291706e-11
-79.03,-2.179866521276169e-9,2.7168014757260256e-11
-79.02,-2.181367312071016e-9,2.7190422736356026e-11
-79.01,-2.1828693283671645e-9,2.7212852161943162e-11
-79.0,-2.184372571388215e-9,2.7235302895876996e-11
-78.99,-2.1858770421782895e-9,2.7257775070695747e-11
-78.98,-2.187382741935668e-9,2.728026860321926e-11
-78.97,-2.1888896718922107e-9,2.7302783549844818e-11
-78.96,-2.1903978331711365e-9,2.732531998658609e-11
-78.95,-2.1919072269224758e-9,2.7347877901957317e-11
-78.94,-2.193417854322921e-9,2.737045733610583e-11
-78.93,-2.194929716467592e-9,2.7393058244786082e-11
-78.92,-2.1964428145014832e-9,2.741568076500064e-11
-78.91,-2.1979571498930555e-9,2.7438324730493277e-11
-78.9,-2.1994727235201554e-9,2.7460990380391753e-11
-78.89,-2.2009895365434115e-9,2.7483677676810284e-11
-78.88,-2.202507590202539e-9,2.7506386549286118e-11
-78.87,-2.2040268857582984e-9,2.752911708226013e-11
-78.86,-2.2055474242164136e-9,2.7551869356907588e-11
-78.85,-2.2070692068892913e-9,2.7574643275674958e-11
-78.84,-2.2085922348389908e-9,2.7597439002681456e-11
-78.83,-2.2101165093679635e-9,2.7620256383847395e-11
-78.82,-2.2116420315682143e-9,2.7643095644228573e-11
-78.81,-2.2131688025982295e-9,2.7665956659188235e-11
-78.8,-2.21469682376463e-9,2.7688839520105642e-11
-78.79,-2.2162260960778424e-9,2.7711744216867385e-11
-78.78,-2.2177566207393417e-9,2.7734670801556297e-11
-78.77,-2.2192883991516026e-9,2.7757619297853552e-11
-78.76,-2.2208214322193737e-9,2.778058969779892e-11
-78.75,-2.2223557213325165e-9,2.7803582044009986e-11
-78.74,-2.2238912676100026e-9,2.7826596348689714e-11
-78.73,-2.225428072193167e-9,2.784963270354629e-11
-78.72,-2.2269661362869177e-9,2.78726909592588e-11
-78.71,-2.2285054611655854e-9,2.789577133553974e-11
-78.7,-2.2300460479582223e-9,2.791887377963115e-11
-78.69,-2.2315878978283385e-9,2.7941998298001195e-11
-78.68,-2.2331310120315666e-9,2.796514491761607e-11
-78.67,-2.2346753917650656e-9,2.7988313679484293e-11
-78.66,-2.2362210381348327e-9,2.8011504644170906e-11
-78.65,-2.2377679524777033e-9,2.8034717719774662e-11
-78.64,-2.2393161357804502e-9,2.8057953010002348e-11
-78.63,-2.240865589629977e-9,2.8081210582045162e-11
-78.62,-2.2424163148770024e-9,2.8104490426347805e-11
-78.61,-2.2439683128349793e-9,2.8127792506797518e-11
-78.6,-2.245521584700329e-9,2.8151116890101262e-11
-78.59,-2.2470761317364423e-9,2.817446360896544e-11
-78.58,-2.248631955074767e-9,2.8197832694059744e-11
-78.57,-2.2501890560376775e-9,2.8221224119272658e-11
-78.56,-2.2517474356658197e-9,2.824463797647361e-11
-78.55,-2.253307095352572e-9,2.8268074277414747e-11
-78.54,-2.254868036092638e-9,2.8291533015725514e-11
-78.53,-2.2564302593381812e-9,2.831501414957507e-11
-78.52,-2.2579937661501257e-9,2.83385179176808e-11
-78.51,-2.259558557794598e-9,2.8362044138368072e-11
-78.5,-2.261124635509673e-9,2.8385592908876027e-11
-78.49,-2.26269200048354e-9,2.8409164254727876e-11
-78.48,-2.264260653966163e-9,2.843275817952466e-11
-78.47,-2.26583059721333e-9,2.845637475502923e-11
-78.46,-2.267401831271459e-9,2.8480013954157828e-11
-78.45,-2.268974357575855e-9,2.8503675786425844e-11
-78.44,-2.2705481773316236e-9,2.8527360382884268e-11
-78.43,-2.2721232915970275e-9,2.85510677293285e-11
-78.42,-2.2736997017387093e-9,2.8574797733981324e-11
-78.41,-2.2752774090812446e-9,2.859855050848008e-11
-78.4,-2.276856414587114e-9,2.8622326124426407e-11
-78.39,-2.2784367196855387e-9,2.8646124525095705e-11
-78.38,-2.2800183255842075e-9,2.8669945773946574e-11
-78.37,-2.281601233508658e-9,2.8693789902010534e-11
-78.36,-2.2831854445997527e-9,2.8717656938166482e-11
-78.35,-2.2847709602723954e-9,2.8741546847012898e-11
-78.34,-2.286357781603397e-9,2.876545976119908e-11
-78.33,-2.2879459100536368e-9,2.8789395604660127e-11
-78.32,-2.289535346579784e-9,2.8813354437991827e-11
-78.31,-2.291126092592067e-9,2.883733636841516e-11
-78.3,-2.292718149320215e-9,2.8861341177635298e-11
-78.29,-2.2943115180780312e-9,2.8885369136765427e-11
-78.28,-2.2959061999407944e-9,2.8909420218651687e-11
-78.27,-2.2975021963241775e-9,2.8933494356913886e-11
-78.26,-2.299099508757806e-9,2.8957591681609735e-11
-78.25,-2.3006981373354834e-9,2.89817121629814e-11
-78.24,-2.3022980845543087e-9,2.9005855848139392e-11
-78.23,-2.30389935120083e-9,2.9030022720354943e-11
-78.22,-2.3055019385767215e-9,2.905421287910989e-11
-78.21,-2.3071058479663465e-9,2.9078426299855974e-11
-78.2,-2.308711080496268e-9,2.9102663038744032e-11
-78.19,-2.310317637643815e-9,2.912692303388412e-11
-78.18,-2.3119255204839703e-9,2.915120638721754e-11
-78.17,-2.3135347304308082e-9,2.9175513141524196e-11
-78.16,-2.315145268493561e-9,2.919984327435454e-11
-78.15,-2.3167571361848005e-9,2.922419685252392e-11
-78.14,-2.3183703345838108e-9,2.9248573864856634e-11
-78.13,-2.3199848652529052e-9,2.9272974289511926e-11
-78.12,-2.321600729210294e-9,2.9297398299475696e-11
-78.11,-2.3232179278283443e-9,2.932184579184141e-11
-78.1,-2.3248364622599087e-9,2.934631684124067e-11
-78.09,-2.3264563338571836e-9,2.937081144798731e-11
-78.08,-2.3280775441118415e-9,2.939532964277475e-11
-78.07,-2.3297000937778035e-9,2.941987149579938e-11
-78.06,-2.331323984553561e-9,2.94444370538158e-11
-78.05,-2.3329492176329045e-9,2.946902620838706e-11
-78.04,-2.334575794316629e-9,2.949363910838811e-11
-78.03,-2.3362037157857368e-9,2.951827562033492e-11
-78.02,-2.337832983371994e-9,2.9542936099069235e-11
-78.01,-2.339463598398127e-9,2.9567620189038594e-11
-78.0,-2.341095562169026e-9,2.9592328156996985e-11
-77.99,-2.3427288759547073e-9,2.961705992750395e-11
-77.98,-2.344363540829014e-9,2.964181562481068e-11
-77.97,-2.345999558341566e-9,2.9666595157705633e-11
-77.96,-2.3476369297779104e-9,2.9691398606361086e-11
-77.95,-2.3492756563141424e-9,2.97162260237097e-11
-77.94,-2.350915739318646e-9,2.974107733031203e-11
-77.93,-2.3525571800707565e-9,2.9765952707939245e-11
-77.92,-2.3541999798609856e-9,2.979085202852935e-11
-77.91,-2.355844139971124e-9,2.981577544441653e-11
-77.9,-2.3574896617015126e-9,2.9840722906224364e-11
-77.89,-2.359136546453302e-9,2.986569451186823e-11
-77.88,-2.36078479528061e-9,2.989069017093355e-11
-77.87,-2.36243440978677e-9,2.991570995799533e-11
-77.86,-2.3640853910458903e-9,2.994075401069189e-11
-77.85,-2.365737740560569e-9,2.996582222857182e-11
-77.84,-2.3673914595311163e-9,2.9990914657605164e-11
-77.83,-2.3690465492516943e-9,3.001603131103883e-11
-77.82,-2.370703011065971e-9,3.004117230535361e-11
-77.81,-2.3723608462821235e-9,3.006633757105738e-11
-77.8,-2.374020056206533e-9,3.0091527181584626e-11
-77.79,-2.3756806421364385e-9,3.011674117703201e-11
-77.78,-2.3773426055063544e-9,3.014197949192418e-11
-77.77,-2.37900594744596e-9,3.016724227253482e-11
-77.76,-2.380670669442449e-9,3.0192529508605455e-11
-77.75,-2.3823367727369303e-9,3.021784117083337e-11
-77.74,-2.384004258679533e-9,3.0243177336398066e-11
-77.73,-2.3856731285422966e-9,3.0268538029377596e-11
-77.72,-2.3873433837191363e-9,3.0293923230459694e-11
-77.71,-2.3890150254928625e-9,3.0319333045521566e-11
-77.7,-2.390688055177314e-9,3.034476752348881e-11
-77.69,-2.392362474160313e-9,3.037022650323822e-11
-77.68,-2.394038283695024e-9,3.039571018729892e-11
-77.67,-2.3957154852325694e-9,3.042121858235315e-11
-77.66,-2.3973940800225606e-9,3.044675165983802e-11
-77.65,-2.3990740694246068e-9,3.0472309477404526e-11
-77.64,-2.4007554547376936e-9,3.049789207334774e-11
-77.63,-2.402438237325304e-9,3.052349946344899e-11
-77.62,-2.404122418554499e-9,3.0549131620444955e-11
-77.61,-2.4058079991808837e-9,3.057478885173845e-11
-77.6,-2.4074949822414036e-9,3.0600470581759856e-11
-77.59,-2.4091833673843036e-9,3.062617740699314e-11
-77.58,-2.410873156504434e-9,3.0651909134007184e-11
-77.57,-2.4125643510313403e-9,3.0677665785205165e-11
-77.56,-2.4142569521574832e-9,3.070344748446568e-11
-77.55,-2.4159509614491545e-9,3.072925417177855e-11
-77.54,-2.4176463800222266e-9,3.075508589704432e-11
-77.53,-2.4193432094160718e-9,3.078094266035789e-11
-77.52,-2.42104145087212e-9,3.0806824530495817e-11
-77.51,-2.422741105763721e-9,3.0832731510624516e-11
-77.5,-2.4244421755148925e-9,3.0858663678319833e-11
-77.49,-2.426144661507236e-9,3.088462096282404e-11
-77.48,-2.4278485649177867e-9,3.091060348910877e-11
-77.47,-2.429553887306528e-9,3.093661123907556e-11
-77.46,-2.4312606299142295e-9,3.0962644251868254e-11
-77.45,-2.4329687941785545e-9,3.0988702507235224e-11
-77.44,-2.434678381446552e-9,3.1014786115199875e-11
-77.43,-2.436389393038406e-9,3.10408950486984e-11
-77.42,-2.438101830407001e-9,3.106702931861046e-11
-77.41,-2.439815694885982e-9,3.1093189075359707e-11
-77.4,-2.4415309878839636e-9,3.1119374167385786e-11
-77.39,-2.44324771059421e-9,3.1145584776326124e-11
-77.38,-2.444965864604155e-9,3.117182083553685e-11
-77.37,-2.4466854512305277e-9,3.119808241422969e-11
-77.36,-2.4484064718414525e-9,3.122436950676421e-11
-77.35,-2.4501289277827065e-9,3.125068218496368e-11
-77.34,-2.451852820432906e-9,3.1277020426063084e-11
-77.33,-2.4535781513963325e-9,3.130338429899914e-11
-77.32,-2.4553049216906178e-9,3.1329773850828435e-11
-77.31,-2.4570331329347324e-9,3.135618901621476e-11
-77.3,-2.4587627864937076e-9,3.138262997366905e-11
-77.29,-2.4604938837439063e-9,3.140909660377221e-11
-77.28,-2.4622264260262476e-9,3.14355890372711e-11
-77.27,-2.4639604147338936e-9,3.1462107185274513e-11
-77.26,-2.4656958513720017e-9,3.148865122196222e-11
-77.25,-2.467432737174236e-9,3.151522108528952e-11
-77.24,-2.4691710736902972e-9,3.154181683723533e-11
-77.23,-2.4709108622384246e-9,3.156843847532239e-11
-77.22,-2.472652104210118e-9,3.159508609553614e-11
-77.21,-2.4743948010269183e-9,3.1621759600762516e-11
-77.2,-2.4761389541023495e-9,3.164845911916004e-11
-77.19,-2.477884564747225e-9,3.167518472189841e-11
-77.18,-2.479631634571056e-9,3.170193628073175e-11
-77.17,-2.4813801647702177e-9,3.172871395235722e-11
-77.16,-2.483130156995764e-9,3.175551771378169e-11
-77.15,-2.4848816123451916e-9,3.1782347663034326e-11
-77.14,-2.4866345321878185e-9,3.180920376194947e-11
-77.13,-2.4883889186798128e-9,3.1836085984611894e-11
-77.12,-2.4901447724467227e-9,3.186299447435588e-11
-77.11,-2.4919020950994494e-9,3.1889929201862007e-11
-77.1,-2.493660888208089e-9,3.191689023336214e-11
-77.09,-2.495421153052171e-9,3.194387756626689e-11
-77.08,-2.4971828910328116e-9,3.197089120800046e-11
-77.07,-2.498946103674083e-9,3.199793123833557e-11
-77.06,-2.500710792396109e-9,3.2024997646341856e-11
-77.05,-2.5024769585015598e-9,3.2052090515172506e-11
-77.04,-2.504244603647182e-9,3.207920976111838e-11
-77.03,-2.506013729069367e-9,3.210635554154474e-11
-77.02,-2.5077843362618874e-9,3.213352785532566e-11
-77.01,-2.5095564266152855e-9,3.2160726680096255e-11
-77.0,-2.5113300016163223e-9,3.218795205778118e-11
-76.99,-2.5131050627456934e-9,3.221520401632537e-11
-76.98,-2.51488161130104e-9,3.224248267194322e-11
-76.97,-2.516659648783632e-9,3.226978798568396e-11
-76.96,-2.5184391767537718e-9,3.229711994437941e-11
-76.95,-2.5202201963248914e-9,3.2324478638272644e-11
-76.94,-2.5220027093927056e-9,3.2351864042721565e-11
-76.93,-2.523786717101912e-9,3.2379276266226236e-11
-76.92,-2.5255722210083062e-9,3.240671526561797e-11
-76.91,-2.5273592225045934e-9,3.243418114494542e-11
-76.9,-2.5291477229733357e-9,3.246167386491647e-11
-76.89,-2.530937724047777e-9,3.24891934818006e-11
-76.88,-2.5327292270059555e-9,3.251674002847622e-11
-76.87,-2.5345222334151627e-9,3.254431354224945e-11
-76.86,-2.5363167446528973e-9,3.257191399163685e-11
-76.85,-2.5381127623413247e-9,3.2599541454474744e-11
-76.84,-2.5399102876620373e-9,3.262719602388303e-11
-76.83,-2.541709322262526e-9,3.2654877649240766e-11
-76.82,-2.5435098676799975e-9,3.26825863548061e-11
-76.81,-2.5453119251137427e-9,3.271032217800161e-11
-76.8,-2.54711549637699e-9,3.273808518632478e-11
-76.79,-2.5489205826045837e-9,3.276587541062433e-11
-76.78,-2.550727185431839e-9,3.2793692814662406e-11
-76.77,-2.5525353063560464e-9,3.2821537527158855e-11
-76.76,-2.5543449471590635e-9,3.2849409271157866e-11
-76.75,-2.5561561081718327e-9,3.287730879201888e-11
-76.74,-2.5579687920062627e-9,3.290523541636317e-11
-76.73,-2.559782999971031e-9,3.293318932005455e-11
-76.72,-2.5615987331111825e-9,3.2961170841086254e-11
-76.71,-2.563415993172339e-9,3.2989179702994254e-11
-76.7,-2.5652347817329178e-9,3.301721600647906e-11
-76.69,-2.5670551001472465e-9,3.304527982235341e-11
-76.68,-2.56887694991448e-9,3.307337115108051e-11
-76.67,-2.570700332460107e-9,3.3101490135963905e-11
-76.66,-2.5725252494216317e-9,3.312963656163413e-11
-76.65,-2.5743517020889388e-9,3.31578106495589e-11
-76.64,-2.57617969215154e-9,3.318601243285712e-11
-76.63,-2.5780092210290273e-9,3.321424188926529e-11
-76.62,-2.5798402901313657e-9,3.3242499034419684e-11
-76.61,-2.5816729011011266e-9,3.3270783940828383e-11
-76.6,-2.5835070552991686e-9,3.329909660067244e-11
-76.59,-2.585342754352272e-9,3.332743708966734e-11
-76.58,-2.5871799995078984e-9,3.335580545961118e-11
-76.57,-2.5890187927370765e-9,3.338420156975102e-11
-76.56,-2.590859135142475e-9,3.341262565555264e-11
-76.55,-2.592701028398777e-9,3.344107764445187e-11
-76.54,-2.5945444739193628e-9,3.346955760169973e-11
-76.53,-2.5963894732558245e-9,3.349806556530927e-11
-76.52,-2.59823602800559e-9,3.35266015279668e-11
-76.51,-2.6000841395884378e-9,3.355516554784961e-11
-76.5,-2.6019338094806577e-9,3.358375766775649e-11
-76.49,-2.60378503927591e-9,3.3612377924357225e-11
-76.48,-2.605637830401879e-9,3.364102627348932e-11
-76.47,-2.607492184584877e-9,3.36697028344996e-11
-76.46,-2.609348103119326e-9,3.369840759019446e-11
-76.45,-2.611205587790696e-9,3.37271405729201e-11
-76.44,-2.6130646396781685e-9,3.3755901853149515e-11
-76.43,-2.6149252606582957e-9,3.378469142927847e-11
-76.42,-2.6167874522546954e-9,3.381350933802206e-11
-76.41,-2.6186512158799953e-9,3.384235560768812e-11
-76.4,-2.620516553163548e-9,3.38712302744676e-11
-76.39,-2.6223834655818424e-9,3.390013339765403e-11
-76.38,-2.6242519545717525e-9,3.392906497943671e-11
-76.37,-2.6261220218181206e-9,3.3958025028880774e-11
-76.36,-2.627993668920358e-9,3.398701353147857e-11
-76.35,-2.6298668971310258e-9,3.401603074631017e-11
-76.34,-2.631741708238712e-9,3.404507646198246e-11
-76.33,-2.633618103758334e-9,3.4074150818425536e-11
-76.32,-2.6354960852581892e-9,3.410325381542799e-11
-76.31,-2.6373756539910556e-9,3.4132385474021204e-11
-76.3,-2.6392568119360736e-9,3.416154590929148e-11
-76.29,-2.6411395601640766e-9,3.419073514141387e-11
-76.28,-2.643023900932923e-9,3.421995296767374e-11
-76.27,-2.6449098352539075e-9,3.4249199728189473e-11
-76.26,-2.6467973646792447e-9,3.427847526700484e-11
-76.25,-2.648686490914211e-9,3.4307779744466545e-11
-76.24,-2.6505772155015575e-9,3.433711313629918e-11
-76.23,-2.6524695399998698e-9,3.436647539315115e-11
-76.22,-2.6543634659668136e-9,3.439586674146302e-11
-76.21,-2.6562589948728887e-9,3.442528701190598e-11
-76.2,-2.6581561283124227e-9,3.4454736421576704e-11
-76.19,-2.6600548681276756e-9,3.448421473998871e-11
-76.18,-2.661955215550189e-9,3.45137222432825e-11
-76.17,-2.6638571722956565e-9,3.454325890623523e-11
-76.16,-2.6657607399052805e-9,3.457282470517381e-11
-76.15,-2.6676659200139684e-9,3.460241972729085e-11
-76.14,-2.6695727140411534e-9,3.463204395257093e-11
-76.13,-2.671481123735209e-9,3.466169743751162e-11
-76.12,-2.6733911505502914e-9,3.4691380249383924e-11
-76.11,-2.6753027962585357e-9,3.472109238482839e-11
-76.1,-2.6772160621422293e-9,3.475083393242941e-11
-76.09,-2.6791309500067034e-9,3.4780604775506686e-11
-76.08,-2.681047461423758e-9,3.481040511453539e-11
-76.07,-2.6829655979174782e-9,3.484023493640072e-11
-76.06,-2.684885361130716e-9,3.487009419516553e-11
-76.05,-2.686806752594215e-9,3.489998303037544e-11
-76.04,-2.6887297739091324e-9,3.492990138085497e-11
-76.03,-2.690654426822176e-9,3.495984937150566e-11
-76.02,-2.6925807126756822e-9,3.49898269627992e-11
-76.01,-2.694508633066861e-9,3.50198342353549e-11
-76.0,-2.696438190119176e-9,3.504987119968682e-11
-75.99,-2.698369384760687e-9,3.5079937870157026e-11
-75.98,-2.700302218874066e-9,3.511003432166135e-11
-75.97,-2.702236694196088e-9,3.5140160585490687e-11
-75.96,-2.7041728121824342e-9,3.5170316624340024e-11
-75.95,-2.706110574434251e-9,3.520050253620236e-11
-75.94,-2.7080499826086653e-9,3.5230718388891196e-11
-75.93,-2.7099910382499035e-9,3.5260964144906835e-11
-75.92,-2.7119337431260796e-9,3.5291239828227034e-11
-75.91,-2.713878098701355e-9,3.532154556900711e-11
-75.9,-2.7158241067256822e-9,3.53518812908845e-11
-75.89,-2.7177717686730568e-9,3.53822470708268e-11
-75.88,-2.719721086197629e-9,3.541264297704221e-11
-75.87,-2.7216720611597393e-9,3.544306898007539e-11
-75.86,-2.7236246946637553e-9,3.547352520812693e-11
-75.85,-2.7255789888053666e-9,3.550401160445605e-11
-75.84,-2.7275349452109447e-9,3.553452819657791e-11
-75.83,-2.729492565245936e-9,3.556507508165025e-11
-75.82,-2.7314518505216907e-9,3.559565229172535e-11
-75.81,-2.733412803056982e-9,3.56262597799111e-11
-75.8,-2.7353754242309883e-9,3.565689765394184e-11
-75.79,-2.7373397156102906e-9,3.5687565945195826e-11
-75.78,-2.739305678959261e-9,3.571826467673841e-11
-75.77,-2.7412733158978148e-9,3.57489938680733e-11
-75.76,-2.74324262805088e-9,3.5779753564236566e-11
-75.75,-2.7452136170132484e-9,3.5810543782680635e-11
-75.74,-2.7471862846177807e-9,3.584136460120461e-11
-75.73,-2.7491606322053836e-9,3.587221592193465e-11
-75.72,-2.7511366617483514e-9,3.5903098069535114e-11
-75.71,-2.753114374753108e-9,3.593401077079896e-11
-75.7,-2.755093772836915e-9,3.5964954271196445e-11
-75.69,-2.7570748577782462e-9,3.59959284171893e-11
-75.68,-2.759057631088896e-9,3.60269333729377e-11
-75.67,-2.7610420944730576e-9,3.605796915735112e-11
-75.66,-2.7630282496713024e-9,3.6089035743689273e-11
-75.65,-2.765016098243935e-9,3.6120133269383974e-11
-75.64,-2.767005642213008e-9,3.6151261557784104e-11
-75.63,-2.7689968824133106e-9,3.618242109319002e-11
-75.62,-2.7709898213301873e-9,3.621361145226384e-11
-75.61,-2.7729844603033917e-9,3.624483281935374e-11
-75.6,-2.7749808010800283e-9,3.627608525393659e-11
-75.59,-2.776978845141469e-9,3.6307368849873215e-11
-75.58,-2.7789785946349237e-9,3.633868345981147e-11
-75.57,-2.7809800507895253e-9,3.637002927268738e-11
-75.56,-2.7829832153876423e-9,3.6401406338114065e-11
-75.55,-2.7849880901144275e-9,3.64328145515279e-11
-75.54,-2.7869946768413545e-9,3.64642540988743e-11
-75.53,-2.7890029769805912e-9,3.649572492427041e-11
-75.52,-2.7910129923465325e-9,3.6527227099578875e-11
-75.51,-2.7930247246888297e-9,3.6558760641920476e-11
-75.5,-2.7950381756147335e-9,3.659032560349345e-11
-75.49,-2.7970533467976333e-9,3.6621921969191054e-11
-75.48,-2.799070240127335e-9,3.6653549842555584e-11
-75.47,-2.801088857033545e-9,3.6685209238301776e-11
-75.46,-2.8031091993096715e-9,3.6716900156884746e-11
-75.45,-2.8051312689593537e-9,3.6748622645259706e-11
-75.44,-2.8071550669493465e-9,3.678037680706226e-11
-75.43,-2.809180595686545e-9,3.681216263931042e-11
-75.42,-2.811207856649581e-9,3.684398014590827e-11
-75.41,-2.8132368515085826e-9,3.687582931815952e-11
-75.4,-2.8152675820402057e-9,3.6907710307576546e-11
-75.39,-2.817300049842642e-9,3.6939623125070277e-11
-75.38,-2.8193342567690916e-9,3.6971567739692785e-11
-75.37,-2.821370204488238e-9,3.70035442015301e-11
-75.36,-2.8234078946385098e-9,3.70355526485635e-11
-75.35,-2.825447329092146e-9,3.7067592971117394e-11
-75.34,-2.82748850936453e-9,3.709966532458773e-11
-75.33,-2.829531437370644e-9,3.7131769670924804e-11
-75.32,-2.8315761147154813e-9,3.716390606645905e-11
-75.31,-2.833622543276677e-9,3.719607454303891e-11
-75.3,-2.835670724635472e-9,3.722827519024206e-11
-75.29,-2.8377206605516005e-9,3.726050791301541e-11
-75.28,-2.8397723528063876e-9,3.729277289523425e-11
-75.27,-2.8418258031569098e-9,3.732507014203914e-11
-75.26,-2.8438810131983096e-9,3.735739958724668e-11
-75.25,-2.8459379848297098e-9,3.738976135887198e-11
-75.24,-2.8479967197393864e-9,3.742215547376838e-11
-75.23,-2.850057219754806e-9,3.74545820059479e-11
-75.22,-2.8521194863307578e-9,3.748704093727003e-11
-75.21,-2.854183521487563e-9,3.7519532301574113e-11
-75.2,-2.8562493269531936e-9,3.7552056137559095e-11
-75.19,-2.858316904359361e-9,3.7584612565112134e-11
-75.18,-2.860386255492487e-9,3.761720152048505e-11
-75.17,-2.862457382588795e-9,3.7649823249944036e-11
-75.16,-2.8645302863278066e-9,3.7682477249386826e-11
-75.15,-2.866604969348826e-9,3.7715164125075926e-11
-75.14,-2.868681433216528e-9,3.774788371891972e-11
-75.13,-2.870759679575546e-9,3.778063603845459e-11
-75.12,-2.8728397103352124e-9,3.781342113337726e-11
-75.11,-2.874921527119545e-9,3.7846239094280215e-11
-75.1,-2.8770051319100004e-9,3.7879089832180583e-11
-75.09,-2.8790905261394686e-9,3.7911973565935084e-11
-75.08,-2.881177711833754e-9,3.794489016068517e-11
-75.07,-2.883266690763363e-9,3.7977839790215896e-11
-75.06,-2.8853574645723057e-9,3.801082241772158e-11
-75.05,-2.887450035201521e-9,3.8043838023342614e-11
-75.04,-2.8895444043123176e-9,3.8076886762032816e-11
-75.03,-2.891640573735667e-9,3.8109968608793634e-11
-75.02,-2.893738545331605e-9,3.814308367204048e-11
-75.01,-2.895838320657249e-9,3.817623184906147e-11
-75.0,-2.8979399017079373e-9,3.820941328503455e-11
-74.99,-2.9000432902186137e-9,3.8242628008601334e-11
-74.98,-2.9021484879655026e-9,3.8275876088112403e-11
-74.97,-2.904255496808087e-9,3.8309157416357e-11
-74.96,-2.906364318429535e-9,3.83424721725282e-11
-74.95,-2.9084749547887e-9,3.837582033884248e-11
-74.94,-2.9105874074836655e-9,3.840920199963665e-11
-74.93,-2.912701678447388e-9,3.8442617133249527e-11
-74.92,-2.9148177694970203e-9,3.847606579453886e-11
-74.91,-2.916935682390586e-9,3.8509548052128065e-11
-74.9,-2.9190554189335767e-9,3.8543063901180714e-11
-74.89,-2.9211769810121173e-9,3.8576613424824104e-11
-74.88,-2.9233003703699783e-9,3.861019661952625e-11
-74.87,-2.9254255887341046e-9,3.864381359296216e-11
-74.86,-2.9275526381465e-9,3.867746429683445e-11
-74.85,-2.929681520269567e-9,3.87111487828183e-11
-74.84,-2.931812236998374e-9,3.874486713001236e-11
-74.83,-2.933944790068291e-9,3.8778619329625424e-11
-74.82,-2.9360791813823227e-9,3.8812405470968244e-11
-74.81,-2.9382154126467698e-9,3.884622561573342e-11
-74.8,-2.94035348591584e-9,3.888007972228799e-11
-74.79,-2.9424934029245278e-9,3.891396784475151e-11
-74.78,-2.9446351653199023e-9,3.894789005294072e-11
-74.77,-2.9467787751565825e-9,3.8981846370325946e-11
-74.76,-2.948924234231946e-9,3.9015836859652924e-11
-74.75,-2.9510715443883508e-9,3.9049861502357844e-11
-74.74,-2.953220707426e-9,3.908392042708347e-11
-74.73,-2.9553717251581164e-9,3.9118013586903146e-11
-74.72,-2.957524599536633e-9,3.915214103648481e-11
-74.71,-2.959679332291827e-9,3.918630287732924e-11
-74.7,-2.9618359253165473e-9,3.922049906522214e-11
-74.69,-2.9639943806235448e-9,3.925472968635208e-11
-74.68,-2.9661546998704383e-9,3.928899478122174e-11
-74.67,-2.968316884904783e-9,3.9323294377384043e-11
-74.66,-2.9704809377292675e-9,3.93576284975177e-11
-74.65,-2.972646860166873e-9,3.939199718680655e-11
-74.64,-2.974814653803604e-9,3.94264005768311e-11
-74.63,-2.9769843209178297e-9,3.9460838595991894e-11
-74.62,-2.9791558632365857e-9,3.949531130011785e-11
-74.61,-2.981329282506264e-9,3.9529818745207734e-11
-74.6,-2.9835045807202514e-9,3.956436094576166e-11
-74.59,-2.9856817597108387e-9,3.9598938003743055e-11
-74.58,-2.987860821386996e-9,3.9633549883122194e-11
-74.57,-2.9900417676500907e-9,3.966819666610267e-11
-74.56,-2.992224600232132e-9,3.970287841550459e-11
-74.55,-2.994409321110217e-9,3.973759510686818e-11
-74.54,-2.996595932211568e-9,3.977234685730885e-11
-74.53,-2.9987844353950576e-9,3.980713365704485e-11
-74.52,-3.0009748325341013e-9,3.9841955512257475e-11
-74.51,-3.003167125438856e-9,3.98768125846841e-11
-74.5,-3.0053613161923153e-9,3.9911704771116226e-11
-74.49,-3.007557406572684e-9,3.994663217943918e-11
-74.48,-3.0097553984290206e-9,3.99815948530352e-11
-74.47,-3.011955293812918e-9,4.0016592828383706e-11
-74.46,-3.0141570944582292e-9,4.005162614549295e-11
-74.45,-3.0163608023466216e-9,4.0086694844457396e-11
-74.44,-3.018566419398575e-9,4.01217989847027e-11
-74.43,-3.020773947485147e-9,4.0156938551922883e-11
-74.42,-3.022983388524815e-9,4.01921136241586e-11
-74.41,-3.025194744471371e-9,4.022732423968928e-11
-74.4,-3.0274080171825524e-9,4.0262570441964025e-11
-74.39,-3.0296232087010834e-9,4.029785225292226e-11
-74.38,-3.0318403206774815e-9,4.033316974369323e-11
-74.37,-3.0340593551547277e-9,4.036852300709868e-11
-74.36,-3.036280314291451e-9,4.0403911870514524e-11
-74.35,-3.038503199745049e-9,4.0439336574446255e-11
-74.34,-3.040728013524193e-9,4.047479713355684e-11
-74.33,-3.0429547575632473e-9,4.0510293548567776e-11
-74.32,-3.045183433298208e-9,4.0545826200993676e-11
-74.31,-3.047414044031134e-9,4.058139413974663e-11
-74.3,-3.049646590453251e-9,4.061699843354553e-11
-74.29,-3.0518810746248297e-9,4.0652638695678044e-11
-74.28,-3.0541174990270874e-9,4.068831508495675e-11
-74.27,-3.0563558651921057e-9,4.072402756400869e-11
-74.26,-3.0585961752113515e-9,4.075977619214464e-11
-74.25,-3.060838431012036e-9,4.0795561015889507e-11
-74.24,-3.0630826343806324e-9,4.083138211921612e-11
-74.23,-3.0653287877863125e-9,4.086723945461761e-11
-74.22,-3.067576892260156e-9,4.090313316115699e-11
-74.21,-3.0698269505783322e-9,4.093906319161694e-11
-74.2,-3.0720789643841477e-9,4.097502963536754e-11
-74.19,-3.074332935690212e-9,4.1011032567915025e-11
-74.18,-3.0765888665235697e-9,4.1047071917418895e-11
-74.17,-3.078846758700012e-9,4.1083147855976394e-11
-74.16,-3.081106614283276e-9,4.1119260303170414e-11
-74.15,-3.083368435271501e-9,4.1155409424317303e-11
-74.14,-3.0856322235300774e-9,4.1191595206630103e-11
-74.13,-3.0878979811768503e-9,4.1227817634664506e-11
-74.12,-3.090165709967673e-9,4.12640768266015e-11
-74.11,-3.092435412112178e-9,4.1300372792828426e-11
-74.1,-3.0947070894297603e-9,4.133670561660526e-11
-74.09,-3.0969807440329916e-9,4.137307530701328e-11
-74.08,-3.0992563777854207e-9,4.140948186997172e-11
-74.07,-3.101533992805843e-9,4.144592540921377e-11
-74.06,-3.103813590880602e-9,4.148240593105714e-11
-74.05,-3.1060951742540865e-9,4.1518923504423456e-11
-74.04,-3.1083787446342386e-9,4.155547813935493e-11
-74.03,-3.1106643043784566e-9,4.1592069879948836e-11
-74.02,-3.1129518551361533e-9,4.162869879900282e-11
-74.01,-3.1152413991668067e-9,4.166536492699679e-11
-74.0,-3.1175329382593146e-9,4.1702068295662714e-11
-73.99,-3.1198264745391633e-9,4.1738809002846936e-11
-73.98,-3.1221220100347912e-9,4.17755870227065e-11
-73.97,-3.124419546689226e-9,4.1812402417775174e-11
-73.96,-3.1267190865620595e-9,4.184925520146653e-11
-73.95,-3.1290206316417874e-9,4.1886145470090614e-11
-73.94,-3.131324183951156e-9,4.192307328330007e-11
-73.93,-3.133629745522717e-9,4.196003860118483e-11
-73.92,-3.135937318172539e-9,4.199704152671453e-11
-73.91,-3.138246904393359e-9,4.203408208286934e-11
-73.9,-3.1405585058824615e-9,4.207116033810389e-11
-73.89,-3.1428721247118316e-9,4.210827628339025e-11
-73.88,-3.1451877628270162e-9,4.214543003430384e-11
-73.87,-3.1475054224249713e-9,4.2182621597456786e-11
-73.86,-3.1498251054646857e-9,4.221985097873163e-11
-73.85,-3.152146813855595e-9,4.2257118205538377e-11
-73.84,-3.1544705499970382e-9,4.2294423532396795e-11
-73.83,-3.156796315621574e-9,4.233176671537506e-11
-73.82,-3.1591241128268807e-9,4.236914799026465e-11
-73.81,-3.1614539436900468e-9,4.2406567287781054e-11
-73.8,-3.1637858102973864e-9,4.244402471984794e-11
-73.79,-3.1661197144482473e-9,4.248152037768227e-11
-73.78,-3.1684556587406172e-9,4.251905411163365e-11
-73.77,-3.1707936448022947e-9,4.255662616705426e-11
-73.76,-3.173133674902898e-9,4.259423658335538e-11
-73.75,-3.1754757507028084e-9,4.263188519095963e-11
-73.74,-3.177819874683776e-9,4.26695722515322e-11
-73.73,-3.1801660487632295e-9,4.270729775767853e-11
-73.72,-3.182514275061916e-9,4.274506170131166e-11
-73.71,-3.184864555570458e-9,4.278286418127391e-11
-73.7,-3.1872168924624018e-9,4.2820705190795684e-11
-73.69,-3.1895712876985746e-9,4.285858482251861e-11
-73.68,-3.1919277434442986e-9,4.2896503129373173e-11
-73.67,-3.1942862617613645e-9,4.2934460071161376e-11
-73.66,-3.196646844698839e-9,4.2972455776414325e-11
-73.65,-3.199009494377436e-9,4.301049024784979e-11
-73.64,-3.20137421284112e-9,4.3048563539025965e-11
-73.63,-3.203741002275842e-9,4.3086675727345596e-11
-73.62,-3.206109864635688e-9,4.3124826819830644e-11
-73.61,-3.2084808020836836e-9,4.316301690670531e-11
-73.6,-3.2108538167701157e-9,4.320124589610773e-11
-73.59,-3.2132289106424596e-9,4.3239514032007994e-11
-73.58,-3.215606086001104e-9,4.327782124995156e-11
-73.57,-3.217985344813295e-9,4.3316167549048656e-11
-73.56,-3.220366689219992e-9,4.335455308994637e-11
-73.55,-3.2227501212440833e-9,4.339297787550697e-11
-73.54,-3.2251356431621244e-9,4.343144193162897e-11
-73.53,-3.2275232570249544e-9,4.346994526419384e-11
-73.52,-3.229912964888681e-9,4.3508488005149335e-11
-73.51,-3.232304768877494e-9,4.3547070137738616e-11
-73.5,-3.234698671239472e-9,4.358569172260386e-11
-73.49,-3.2370946738847544e-9,4.362435286174192e-11
-73.48,-3.239492779149495e-9,4.366305348136777e-11
-73.47,-3.241892989077659e-9,4.3701793729549696e-11
-73.46,-3.244295305759276e-9,4.374057363539575e-11
-73.45,-3.2466997313536614e-9,4.377939321208868e-11
-73.44,-3.249106268001281e-9,4.3818252502606833e-11
-73.43,-3.2515149178751336e-9,4.3857151581296026e-11
-73.42,-3.253925683040194e-9,4.389609050515424e-11
-73.41,-3.2563385656347375e-9,4.393506927990008e-11
-73.4,-3.2587535679194763e-9,4.397408798212314e-11
-73.39,-3.261170691936962e-9,4.401314660181139e-11
-73.38,-3.263589939823532e-9,4.405224532305472e-11
-73.37,-3.266011313879488e-9,4.409138405229535e-11
-73.36,-3.268434816121164e-9,4.413056288659612e-11
-73.35,-3.2708604487733476e-9,4.416978186505068e-11
-73.34,-3.2732882139056897e-9,4.4209041010343704e-11
-73.33,-3.2757181137870256e-9,4.4248340414700506e-11
-73.32,-3.278150150515998e-9,4.4287680157936937e-11
-73.31,-3.280584326229792e-9,4.432706019036706e-11
-73.3,-3.2830206431802498e-9,4.436648062371991e-11
-73.29,-3.285459103294612e-9,4.4405941472127824e-11
-73.28,-3.2878997093420435e-9,4.4445442814650104e-11
-73.27,-3.2903424629499418e-9,4.4484984625193556e-11
-73.26,-3.2927873666589193e-9,4.452456703503942e-11
-73.25,-3.2952344220851853e-9,4.456419007822333e-11
-73.24,-3.297683631894558e-9,4.460385381152649e-11
-73.23,-3.3001349981877935e-9,4.4643558232461404e-11
-73.22,-3.30258852316039e-9,4.4683303343849896e-11
-73.21,-3.3050442089915e-9,4.472308938133948e-11
-73.2,-3.3075020578357676e-9,4.4762916190896844e-11
-73.19,-3.3099620719315337e-9,4.480278390441474e-11
-73.18,-3.3124242534494392e-9,4.484269260477887e-11
-73.17,-3.3148886045632517e-9,4.488264226294697e-11
-73.16,-3.317355127544152e-9,4.49226329877928e-11
-73.15,-3.31982382450208e-9,4.496266486513713e-11
-73.14,-3.322294697860973e-9,4.5002737743270794e-11
-73.13,-3.3247677496300257e-9,4.504285185758945e-11
-73.12,-3.3272429820426115e-9,4.5083007254470824e-11
-73.11,-3.3297203973703487e-9,4.512320387461975e-11
-73.1,-3.3321999978485286e-9,4.516344186951572e-11
-73.09,-3.3346817856237896e-9,4.520372125786976e-11
-73.08,-3.337165762948801e-9,4.524404202671102e-11
-73.07,-3.3396519321130724e-9,4.528440430341561e-11
-73.06,-3.342140295297191e-9,4.532480810234718e-11
-73.05,-3.3446308547488854e-9,4.536525340460871e-11
-73.04,-3.347123612657581e-9,4.5405740388390266e-11
-73.03,-3.3496185713579926e-9,4.544626902928703e-11
-73.02,-3.3521157329925504e-9,4.548683938872629e-11
-73.01,-3.354615099794089e-9,4.5527451442970255e-11
-73.0,-3.357116674103354e-9,4.5568105484828344e-11
-72.99,-3.359620458106338e-9,4.560880127231593e-11
-72.98,-3.3621264541864735e-9,4.564953895143276e-11
-72.97,-3.3646346642995408e-9,4.5690318616788654e-11
-72.96,-3.3671450909461926e-9,4.57311403038795e-11
-72.95,-3.3696577363308456e-9,4.577200402056738e-11
-72.94,-3.372172602701703e-9,4.5812909880914065e-11
-72.93,-3.3746896923167502e-9,4.585385789025584e-11
-72.92,-3.377209007479096e-9,4.589484809246027e-11
-72.91,-3.379730550391923e-9,4.593588053240055e-11
-72.9,-3.3822543233769187e-9,4.5976955285791095e-11
-72.89,-3.384780328718446e-9,4.6018072411222804e-11
-72.88,-3.3873085686424626e-9,4.605923192140551e-11
-72.87,-3.389839045441387e-9,4.6100433885331997e-11
-72.86,-3.3923717614625284e-9,4.614167831334433e-11
-72.85,-3.3949067189255545e-9,4.618296533075707e-11
-72.84,-3.397443920029312e-9,4.622429498327549e-11
-72.83,-3.3999833673758208e-9,4.626566724382662e-11
-72.82,-3.4025250628866645e-9,4.630708211454475e-11
-72.81,-3.405069009013149e-9,4.6348539934700596e-11
-72.8,-3.407615208103301e-9,4.6390040437007393e-11
-72.79,-3.4101636625278916e-9,4.643158377881586e-11
-72.78,-3.412714374270522e-9,4.647317007129203e-11
-72.77,-3.415267345894214e-9,4.651479927444064e-11
-72.76,-3.4178225796813415e-9,4.655647150510754e-11
-72.75,-3.4203800779635633e-9,4.659818673978625e-11
-72.74,-3.422939843006619e-9,4.663994507912394e-11
-72.73,-3.425501877839944e-9,4.668174638180899e-11
-72.72,-3.4280661825657336e-9,4.672359126685308e-11
-72.71,-3.4306327618050207e-9,4.6765479294512556e-11
-72.7,-3.433201617032244e-9,4.680741053652278e-11
-72.69,-3.435772750674172e-9,4.684938518807925e-11
-72.68,-3.43834616503215e-9,4.689140316613932e-11
-72.67,-3.4409218623541793e-9,4.6933464683622166e-11
-72.66,-3.4434998450573815e-9,4.697556964382625e-11
-72.65,-3.4460801155844014e-9,4.7017718166019146e-11
-72.64,-3.448662675994885e-9,4.705991033143811e-11
-72.63,-3.451247528920131e-9,4.710214611356289e-11
-72.62,-3.453834676587211e-9,4.7144425602741186e-11
-72.61,-3.4564241213317737e-9,4.718674883888901e-11
-72.6,-3.459015865476244e-9,4.722911594456703e-11
-72.59,-3.461609911456134e-9,4.7271526899785716e-11
-72.58,-3.4642062614911865e-9,4.7313981733694114e-11
-72.57,-3.4668049180714454e-9,4.735648053751186e-11
-72.56,-3.4694058835861255e-9,4.7399023401820674e-11
-72.55,-3.472009160350815e-9,4.744161028727939e-11
-72.54,-3.4746147506256688e-9,4.748424130789153e-11
-72.53,-3.477222656987534e-9,4.752691647786708e-11
-72.52,-3.479832881668495e-9,4.75696359082772e-11
-72.51,-3.482445427103394e-9,4.761239955740428e-11
-72.5,-3.4850602955461255e-9,4.765520758329681e-11
-72.49,-3.487677489566557e-9,4.769806000749031e-11
-72.48,-3.4902970114096245e-9,4.77409568189849e-11
-72.47,-3.4929188634882457e-9,4.7783898112029636e-11
-72.46,-3.4955430483110976e-9,4.78268839686507e-11
-72.45,-3.498169568074038e-9,4.7869914401110904e-11
-72.44,-3.500798425446788e-9,4.791298947567559e-11
-72.43,-3.5034296224558125e-9,4.795610922567665e-11
-72.42,-3.506063161798806e-9,4.799927373320444e-11
-72.41,-3.508699045781844e-9,4.804248299937465e-11
-72.4,-3.511337276771197e-9,4.808573714497549e-11
-72.39,-3.5139778572616114e-9,4.812903622801494e-11
-72.38,-3.516620789601534e-9,4.817238020676568e-11
-72.37,-3.5192660762310594e-9,4.821576922700747e-11
-72.36,-3.5219137195898366e-9,4.825920331215023e-11
-72.35,-3.5245637217068964e-9,4.830268233615357e-11
-72.34,-3.5272160860431008e-9,4.8346206811029834e-11
-72.33,-3.529870814025323e-9,4.838977640103384e-11
-72.32,-3.5325279084615024e-9,4.8433391271651794e-11
-72.31,-3.53518737167516e-9,4.847705138153653e-11
-72.3,-3.537849206202699e-9,4.8520756914260825e-11
-72.29,-3.5405134144094797e-9,4.856450794521769e-11
-72.28,-3.543179998722879e-9,4.860830437862014e-11
-72.27,-3.5458489616842585e-9,4.865214634995061e-11
-72.26,-3.548520305819457e-9,4.869603400038753e-11
-72.25,-3.5511940331687593e-9,4.8739967180382964e-11
-72.24,-3.553870146565621e-9,4.8783946136620473e-11
-72.23,-3.5565486483830746e-9,4.8827970822029435e-11
-72.22,-3.559229540963844e-9,4.8872041294421546e-11
-72.21,-3.561912826991615e-9,4.891615768988052e-11
-72.2,-3.56459850868572e-9,4.8960319952495446e-11
-72.19,-3.56728658876124e-9,4.9004528173612165e-11
-72.18,-3.5699770694455157e-9,4.904878244552395e-11
-72.17,-3.572669953392469e-9,4.9093082772764714e-11
-72.16,-3.5753652428626547e-9,4.9137429260526815e-11
-72.15,-3.578062940580072e-9,4.918182192276467e-11
-72.14,-3.5807630488774358e-9,4.922626079293151e-11
-72.13,-3.5834655702392787e-9,4.927074599575846e-11
-72.12,-3.5861705072142367e-9,4.931527753393309e-11
-72.11,-3.5888778623072442e-9,4.93598554824402e-11
-72.1,-3.5915876379276473e-9,4.940447989459479e-11
-72.09,-3.5942998365898917e-9,4.9449150813064596e-11
-72.08,-3.597014460838654e-9,4.9493868311069495e-11
-72.07,-3.5997315132093014e-9,4.953863235129315e-11
-72.06,-3.60245099603322e-9,4.9583443150533464e-11
-72.05,-3.6051729119235194e-9,4.962830071103907e-11
-72.04,-3.60789726350118e-9,4.967320499039675e-11
-72.03,-3.6106240530449574e-9,4.971815611503407e-11
-72.02,-3.6133532832860245e-9,4.976315414733059e-11
-72.01,-3.616084956635953e-9,4.980819918099402e-11
-72.0,-3.6188190756696596e-9,4.985329119650502e-11
-71.99,-3.6215556428057367e-9,4.989843027547671e-11
-71.98,-3.6242946606976406e-9,4.9943616449005854e-11
-71.97,-3.627036131838101e-9,4.9988849785111403e-11
-71.96,-3.6297800586095835e-9,5.0034130431193485e-11
-71.95,-3.6325264439244678e-9,5.0079458237063566e-11
-71.94,-3.635275289790264e-9,5.012483354206029e-11
-71.93,-3.638026599233888e-9,5.0170256129694196e-11
-71.92,-3.640780374477418e-9,5.0215726238466435e-11
-71.91,-3.6435366182460254e-9,5.0261243825085916e-11
-71.9,-3.6462953330988707e-9,5.0306808931791674e-11
-71.89,-3.649056521446707e-9,5.035242173239844e-11
-71.88,-3.6518201861096092e-9,5.0398082290866294e-11
-71.87,-3.654586329186804e-9,5.044379035618968e-11
-71.86,-3.657354953654608e-9,5.048954636896968e-11
-71.85,-3.6601260620088715e-9,5.053535016475327e-11
-71.84,-3.6628996566006843e-9,5.058120190984952e-11
-71.83,-3.6656757402717186e-9,5.0627101633856655e-11
-71.82,-3.6684543154343442e-9,5.0673049353121685e-11
-71.81,-3.671235384788565e-9,5.0719045156327124e-11
-71.8,-3.674018950804201e-9,5.076508907935172e-11
-71.79,-3.6768050160779264e-9,5.081118110895178e-11
-71.78,-3.6795935831856743e-9,5.0857321535696205e-11
-71.77,-3.682384654861563e-9,5.090351023042618e-11
-71.76,-3.6851782334775335e-9,5.09497472282941e-11
-71.75,-3.6879743218089305e-9,5.099603269395571e-11
-71.74,-3.6907729224127174e-9,5.104236658966706e-11
-71.73,-3.6935740377881946e-9,5.108874902805878e-11
-71.72,-3.6963776706025706e-9,5.113518006164345e-11
-71.71,-3.699183823560454e-9,5.1181659741462134e-11
-71.7,-3.70199249923448e-9,5.122818813551e-11
-71.69,-3.704803700076375e-9,5.127476532671648e-11
-71.68,-3.7076174288153305e-9,5.132139124574528e-11
-71.67,-3.710433688173403e-9,5.1368066083632194e-11
-71.66,-3.713252480655169e-9,5.141478988409919e-11
-71.65,-3.716073808843936e-9,5.146156264711229e-11
-71.64,-3.7188976754408853e-9,5.1508384498206633e-11
-71.63,-3.721724083188739e-9,5.15552554331136e-11
-71.62,-3.7245530345505625e-9,5.1602175531922425e-11
-71.61,-3.727384532244841e-9,5.164914487303939e-11
-71.6,-3.730218578864019e-9,5.1696163511289347e-11
-71.59,-3.733055177065214e-9,5.174323143213336e-11
-71.58,-3.735894329550237e-9,5.179034881749899e-11
-71.57,-3.738736038937372e-9,5.183751564983726e-11
-71.56,-3.741580307840915e-9,5.188473202141612e-11
-71.55,-3.744427139001453e-9,5.1931997911104417e-11
-71.54,-3.747276534980224e-9,5.1979313472325625e-11
-71.53,-3.750128498560216e-9,5.202667872921385e-11
-71.52,-3.7529830323097625e-9,5.2074093733796385e-11
-71.51,-3.755840138912592e-9,5.2121558537351e-11
-71.5,-3.7586998211177045e-9,5.216907325001486e-11
-71.49,-3.761562081495448e-9,5.221663788063095e-11
-71.48,-3.764426922753807e-9,5.2264252596396984e-11
-71.47,-3.767294347668087e-9,5.2311917172326724e-11
-71.46,-3.770164358804573e-9,5.235963193915475e-11
-71.45,-3.773036958926048e-9,5.2407396901285545e-11
-71.44,-3.775912150694255e-9,5.2455212083853536e-11
-71.43,-3.7787899368026e-9,5.250307752230066e-11
-71.42,-3.781670319952749e-9,5.25509933439545e-11
-71.41,-3.784553302767473e-9,5.259895960921291e-11
-71.4,-3.787438888209196e-9,5.264697628839356e-11
-71.39,-3.7903270787126116e-9,5.269504352175977e-11
-71.38,-3.793217877073957e-9,5.274316133169315e-11
-71.37,-3.79611128602228e-9,5.279132979787581e-11
-71.36,-3.799007308259244e-9,5.283954897189718e-11
-71.35,-3.801905946487854e-9,5.288781890312181e-11
-71.34,-3.804807203605495e-9,5.2936139664719944e-11
-71.33,-3.807711082145122e-9,5.298451135147886e-11
-71.32,-3.810617584753923e-9,5.303293396423272e-11
-71.31,-3.813526714469791e-9,5.308140759717456e-11
-71.3,-3.816438473832519e-9,5.3129932284691024e-11
-71.29,-3.819352865582744e-9,5.317850807357179e-11
-71.28,-3.822269892406071e-9,5.32271351693792e-11
-71.27,-3.825189557230827e-9,5.327581342019e-11
-71.26,-3.828111862666838e-9,5.3324543019426655e-11
-71.25,-3.831036811541293e-9,5.337332401560118e-11
-71.24,-3.833964406586991e-9,5.34221564263434e-11
-71.23,-3.8368946504418445e-9,5.347104037731896e-11
-71.22,-3.8398275461512895e-9,5.3519975807841484e-11
-71.21,-3.84276309619602e-9,5.356896292615817e-11
-71.2,-3.845701303543325e-9,5.361800171453942e-11
-71.19,-3.848642170814927e-9,5.3667092253444936e-11
-71.18,-3.85158570084965e-9,5.371623460383124e-11
-71.17,-3.854531896481261e-9,5.3765428774388695e-11
-71.16,-3.857480760442137e-9,5.381467489565386e-11
-71.15,-3.8604322953594555e-9,5.3863973060969345e-11
-71.14,-3.863386504385402e-9,5.391332322897616e-11
-71.13,-3.866343390068561e-9,5.3962725544034766e-11
-71.12,-3.869302955229304e-9,5.401218001227305e-11
-71.11,-3.872265202637954e-9,5.406168675946125e-11
-71.1,-3.8752301352195444e-9,5.411124577861517e-11
-71.09,-3.87819775559427e-9,5.4160857182247865e-11
-71.08,-3.881168066698526e-9,5.4210521035705273e-11
-71.07,-3.884141071417463e-9,5.4260237352364804e-11
-71.06,-3.887116772361689e-9,5.4310006216249984e-11
-71.05,-3.890095172510306e-9,5.435982769074875e-11
-71.04,-3.893076274577549e-9,5.440970189899987e-11
-71.03,-3.896060081544061e-9,5.445962880078536e-11
-71.02,-3.89904659604233e-9,5.450960849761621e-11
-71.01,-3.902035820994342e-9,5.455964112388778e-11
-71.0,-3.9050277592711675e-9,5.460972662817402e-11
-70.99,-3.908022413699535e-9,5.4659865149015406e-11
-70.98,-3.9110197870815655e-9,5.4710056741530136e-11
-70.97,-3.9140198823400174e-9,5.4760301452638375e-11
-70.96,-3.917022702215247e-9,5.4810599336180876e-11
-70.95,-3.920028249540639e-9,5.486095051236241e-11
-70.94,-3.923036527356706e-9,5.491135493832163e-11
-70.93,-3.926047538356827e-9,5.496181275389913e-11
-70.92,-3.929061285485451e-9,5.5012324042231354e-11
-70.91,-3.932077771541894e-9,5.506288884935144e-11
-70.9,-3.9350969994814285e-9,5.511350720020238e-11
-70.89,-3.938118972101044e-9,5.5164179171646054e-11
-70.88,-3.941143692277748e-9,5.5214904852711196e-11
-70.87,-3.94417116292202e-9,5.5265684286168545e-11
-70.86,-3.947201386987007e-9,5.531651754538626e-11
-70.85,-3.950234366858357e-9,5.53674047330498e-11
-70.84,-3.9532701065082355e-9,5.541834585401717e-11
-70.83,-3.956308607805401e-9,5.5469340940783915e-11
-70.82,-3.959349874103265e-9,5.5520390171746126e-11
-70.81,-3.962393908106169e-9,5.557149356467168e-11
-70.8,-3.965440712913088e-9,5.562265115265686e-11
-70.79,-3.968490291349706e-9,5.567386299409034e-11
-70.78,-3.971542646248276e-9,5.5725129252382243e-11
-70.77,-3.974597780574461e-9,5.57764498626795e-11
-70.76,-3.9776556972377515e-9,5.5827825034579026e-11
-70.75,-3.980716399294841e-9,5.587925457774873e-11
-70.74,-3.98377988951025e-9,5.5930738834578807e-11
-70.73,-3.986846170837721e-9,5.5982277723482006e-11
-70.72,-3.989915246174955e-9,5.603387137440174e-11
-70.71,-3.992987118511517e-9,5.6085519848590026e-11
-70.7,-3.996061790941858e-9,5.6137223155102296e-11
-70.69,-3.999139266024492e-9,5.618898143205788e-11
-70.68,-4.002219547056702e-9,5.6240794682044036e-11
-70.67,-4.005302636771348e-9,5.629266302154855e-11
-70.66,-4.0083885382949146e-9,5.6344586450451174e-11
-70.65,-4.011477254398804e-9,5.6396565147823665e-11
-70.64,-4.014568788229814e-9,5.6448599065796255e-11
-70.63,-4.017663142601639e-9,5.650068831941157e-11
-70.62,-4.0207603205559045e-9,5.655283297415089e-11
-70.61,-4.023860325003515e-9,5.6605033056394816e-11
-70.6,-4.026963158960445e-9,5.6657288731243985e-11
-70.59,-4.0300688254584255e-9,5.670959993341986e-11
-70.58,-4.033177327344656e-9,5.67619668891155e-11
-70.57,-4.0362886676782e-9,5.6814389495266904e-11
-70.56,-4.039402849477358e-9,5.686686798106258e-11
-70.55,-4.042519875667447e-9,5.691940231235261e-11
-70.54,-4.045639749227755e-9,5.697199253213149e-11
-70.53,-4.0487624732733584e-9,5.702463877414317e-11
-70.52,-4.051888050682517e-9,5.707734108127757e-11
-70.51,-4.0550164845503755e-9,5.7130099517475363e-11
-70.5,-4.058147777812229e-9,5.71829141854069e-11
-70.49,-4.061281933521337e-9,5.7235785072483133e-11
-70.48,-4.064418954729745e-9,5.728871238563123e-11
-70.47,-4.0675588442693965e-9,5.734169601738053e-11
-70.46,-4.070701605417677e-9,5.739473614313219e-11
-70.45,-4.0738472411166385e-9,5.744783284582369e-11
-70.44,-4.076995754270695e-9,5.7500986141321574e-11
-70.43,-4.08014714807463e-9,5.7554196119702305e-11
-70.42,-4.083301425488705e-9,5.7607462780847245e-11
-70.41,-4.0864585895877416e-9,5.76607863641473e-11
-70.4,-4.0896186433077744e-9,5.7714166781002965e-11
-70.39,-4.092781589841465e-9,5.776760412505671e-11
-70.38,-4.0959474319506615e-9,5.782109862305751e-11
-70.37,-4.099116173369199e-9,5.78746500386105e-11
-70.36,-4.1022878165317646e-9,5.7928258651543476e-11
-70.35,-4.1054623645429654e-9,5.7981924537283963e-11
-70.34,-4.108639820782382e-9,5.803564766194463e-11
-70.33,-4.111820188093133e-9,5.8089428225697066e-11
-70.32,-4.115003469456853e-9,5.8143266219766254e-11
-70.31,-4.118189668235116e-9,5.819716164953217e-11
-70.3,-4.121378787352878e-9,5.825111468962163e-11
-70.29,-4.124570829732537e-9,5.83051251133514e-11
-70.28,-4.1277657989027255e-9,5.835919378174264e-11
-70.27,-4.130963697598011e-9,5.8413319957759e-11
-70.26,-4.134164528993912e-9,5.846750401046032e-11
-70.25,-4.137368296173898e-9,5.852174589192023e-11
-70.24,-4.140575002224095e-9,5.857604588048037e-11
-70.23,-4.143784650374717e-9,5.86304038690217e-11
-70.22,-4.14699724358768e-9,5.868482000865808e-11
-70.21,-4.150212785121913e-9,5.873929438052539e-11
-70.2,-4.153431278073637e-9,5.87938270100401e-11
-70.19,-4.156652725355056e-9,5.884841793407635e-11
-70.18,-4.159877130285695e-9,5.890306731029655e-11
-70.17,-4.163104496037103e-9,5.895777516384373e-11
-70.16,-4.166334825557507e-9,5.901254160076983e-11
-70.15,-4.169568122174428e-9,5.906736664157557e-11
-70.14,-4.172804388888868e-9,5.912225035257699e-11
-70.13,-4.1760436289104086e-9,5.917719286084873e-11
-70.12,-4.1792858454001e-9,5.92321941719773e-11
-70.11,-4.1825310414973984e-9,5.928725442709313e-11
-70.1,-4.185779220103943e-9,5.93423736656447e-11
-70.09,-4.189030384934356e-9,5.939755198125666e-11
-70.08,-4.1922845387134424e-9,5.945278936571912e-11
-70.07,-4.195541684754104e-9,5.95080859973381e-11
-70.06,-4.198801826158288e-9,5.956344186921297e-11
-70.05,-4.202064966207893e-9,5.961885706529608e-11
-70.04,-4.2053311079953135e-9,5.967433170309221e-11
-70.03,-4.2086002546680695e-9,5.972986581589985e-11
-70.02,-4.211872409501783e-9,5.978545948003841e-11
-70.01,-4.215147575637529e-9,5.984111277692744e-11
-70.0,-4.2184257563028865e-9,5.989682575052561e-11
-69.99,-4.2217069546881054e-9,5.995259854224698e-11
-69.98,-4.2249911739756285e-9,6.000843113487693e-11
-69.97,-4.228278417413386e-9,6.006432365739415e-11
-69.96,-4.2315686881335044e-9,6.012027611918622e-11
-69.95,-4.2348619893253014e-9,6.017628876981033e-11
-69.94,-4.238158324373153e-9,6.023236146389816e-11
-69.93,-4.241457696329891e-9,6.028849437738309e-11
-69.92,-4.24476010852223e-9,6.034468756384326e-11
-69.91,-4.248065563473434e-9,6.040094129213193e-11
-69.9,-4.251374066299571e-9,6.045725515649627e-11
-69.89,-4.254685618425021e-9,6.051362961301239e-11
-69.88,-4.258000223798846e-9,6.057006461280487e-11
-69.87,-4.2613178853235905e-9,6.062656037122265e-11
-69.86,-4.264638606592992e-9,6.068311682933084e-11
-69.85,-4.267962390866269e-9,6.073973403706175e-11
-69.84,-4.2712892409827844e-9,6.079641214953746e-11
-69.83,-4.274619160634976e-9,6.085315119323451e-11
-69.82,-4.277952153219453e-9,6.090995112697025e-11
-69.81,-4.281288221163788e-9,6.096681239064688e-11
-69.8,-4.284627368574411e-9,6.102373467520341e-11
-69.79,-4.28796959848246e-9,6.108071823539257e-11
-69.78,-4.2913149140214604e-9,6.113776314242718e-11
-69.77,-4.294663318698797e-9,6.119486935869917e-11
-69.76,-4.29801481562017e-9,6.125203710854179e-11
-69.75,-4.301369408155708e-9,6.130926632693854e-11
-69.74,-4.304727099586716e-9,6.136655723619244e-11
-69.73,-4.308087893247677e-9,6.142390975386318e-11
-69.72,-4.3114517924084505e-9,6.148132407915764e-11
-69.71,-4.314818800286705e-9,6.15388002699161e-11
-69.7,-4.318188920312218e-9,6.159633835268038e-11
-69.69,-4.321562155798809e-9,6.165393837093196e-11
-69.68,-4.3249385099934826e-9,6.17116005308096e-11
-69.67,-4.328317986280443e-9,6.176932477936985e-11
-69.66,-4.331700588012744e-9,6.182711129762843e-11
-69.65,-4.335086318369275e-9,6.188496007413514e-11
-69.64,-4.338475180783984e-9,6.194287119725814e-11
-69.63,-4.341867178719565e-9,6.200084481422017e-11
-69.62,-4.345262315294181e-9,6.205888089484063e-11
-69.61,-4.348660593997465e-9,6.211697962233692e-11
-69.6,-4.352062018126533e-9,6.217514093708765e-11
-69.59,-4.355466590955127e-9,6.223336510601075e-11
-69.58,-4.358874316076616e-9,6.2291652027015e-11
-69.57,-4.362285196639215e-9,6.23500018755668e-11
-69.56,-4.365699236086542e-9,6.240841469008039e-11
-69.55,-4.3691164378404806e-9,6.246689057647233e-11
-69.54,-4.372536805155605e-9,6.252542960023739e-11
-69.53,-4.375960341417284e-9,6.258403184270396e-11
-69.52,-4.379387050198687e-9,6.26426973482276e-11
-69.51,-4.38281693466573e-9,6.270142616970216e-11
-69.5,-4.38624999834961e-9,6.276021848922668e-11
-69.49,-4.389686244486669e-9,6.281907437206672e-11
-69.48,-4.393125676730156e-9,6.287799375962492e-11
-69.47,-4.396568298245655e-9,6.2936976839871e-11
-69.46,-4.400014112582037e-9,6.29960237060241e-11
-69.45,-4.403463123004593e-9,6.305513435974184e-11
-69.44,-4.406915333413093e-9,6.311430872696633e-11
-69.43,-4.410370746213859e-9,6.317354751706402e-11
-69.42,-4.413829365746349e-9,6.323285017322752e-11
-69.41,-4.417291195145848e-9,6.329221691566864e-11
-69.4,-4.420756237896018e-9,6.335164786720532e-11
-69.39,-4.424224497297582e-9,6.341114321841069e-11
-69.38,-4.4276959768504166e-9,6.34707028752352e-11
-69.37,-4.4311706801151545e-9,6.353032698887467e-11
-69.36,-4.434648610520705e-9,6.359001559949156e-11
-69.35,-4.438129771531564e-9,6.364976876942931e-11
-69.34,-4.4416141661314815e-9,6.370958685210879e-11
-69.33,-4.445101798444396e-9,6.376946953883675e-11
-69.32,-4.448592671544785e-9,6.382941711661935e-11
-69.31,-4.452086789137474e-9,6.388942960733888e-11
-69.3,-4.455584154447542e-9,6.394950716726325e-11
-69.29,-4.4590847711805685e-9,6.400964977861917e-11
-69.28,-4.462588642713279e-9,6.406985753325288e-11
-69.27,-4.466095772552095e-9,6.413013056146367e-11
-69.26,-4.469606164198484e-9,6.41904689093812e-11
-69.25,-4.473119821103092e-9,6.425087266447307e-11
-69.24,-4.476636746797862e-9,6.431134189598177e-11
-69.23,-4.480156944777954e-9,6.437187671581642e-11
-69.22,-4.483680418554852e-9,6.443247714193796e-11
-69.21,-4.487207171627054e-9,6.449314331439941e-11
-69.2,-4.490737207524783e-9,6.45538753408596e-11
-69.19,-4.494270529794177e-9,6.461467321292049e-11
-69.18,-4.4978071418733175e-9,6.467553707717818e-11
-69.17,-4.501347047369162e-9,6.47364669987651e-11
-69.16,-4.504890249673403e-9,6.479746313587311e-11
-69.15,-4.508436752697387e-9,6.485852531853446e-11
-69.14,-4.51198655960556e-9,6.491965388475965e-11
-69.13,-4.515539674119474e-9,6.498084880039767e-11
-69.12,-4.519096099680226e-9,6.50421101812768e-11
-69.11,-4.522655839953128e-9,6.510343807988756e-11
-69.1,-4.526218898387047e-9,6.516483261031436e-11
-69.09,-4.529785278584041e-9,6.522629387204874e-11
-69.08,-4.533354984223689e-9,6.528782189451583e-11
-69.07,-4.536928018661527e-9,6.534941684666754e-11
-69.06,-4.540504385672408e-9,6.54110786638783e-11
-69.05,-4.5440840887803765e-9,6.547280752912347e-11
-69.04,-4.547667131635631e-9,6.553460352404577e-11
-69.03,-4.551253517549733e-9,6.559646670327541e-11
-69.02,-4.5548432503249825e-9,6.565839721963674e-11
-69.01,-4.5584363336833755e-9,6.572039500573149e-11
-69.0,-4.56203277104949e-9,6.578246025571228e-11
-68.99,-4.565632566024912e-9,6.58445930728259e-11
-68.98,-4.569235722343e-9,6.590679346961826e-11
-68.97,-4.572842243430871e-9,6.596906159808006e-11
-68.96,-4.576452133122768e-9,6.603139743784425e-11
-68.95,-4.58006539487135e-9,6.609380117363544e-11
-68.94,-4.583682032386468e-9,6.615627286276383e-11
-68.93,-4.587302049318691e-9,6.621881251955371e-11
-68.92,-4.5909254492786065e-9,6.628142033095137e-11
-68.91,-4.594552235910782e-9,6.634409634117318e-11
-68.9,-4.5981824128373165e-9,6.640684058146155e-11
-68.89,-4.6018159837473424e-9,6.646965325812134e-11
-68.88,-4.605452952225334e-9,6.653253436436571e-11
-68.87,-4.609093322044822e-9,6.659548395351343e-11
-68.86,-4.612737096761189e-9,6.665850220823564e-11
-68.85,-4.616384280086236e-9,6.672158910612272e-11
-68.84,-4.62003487573978e-9,6.678474482242374e-11
-68.83,-4.623688887424496e-9,6.684796937829409e-11
-68.82,-4.62734631859988e-9,6.691126296005664e-11
-68.81,-4.631007173231048e-9,6.697462553402305e-11
-68.8,-4.634671454803066e-9,6.70380572225809e-11
-68.79,-4.638339167158137e-9,6.710155806447987e-11
-68.78,-4.642010313831993e-9,6.716512828904377e-11
-68.77,-4.645684898759816e-9,6.722876785274857e-11
-68.76,-4.64936292541194e-9,6.729247689953739e-11
-68.75,-4.653044397682341e-9,6.735625550014096e-11
-68.74,-4.656729319250496e-9,6.74201036802076e-11
-68.73,-4.66041769368116e-9,6.748402161358655e-11
-68.72,-4.6641095249092e-9,6.754800940110989e-11
-68.71,-4.667804816574262e-9,6.76120670849277e-11
-68.7,-4.671503572424824e-9,6.767619467945273e-11
-68.69,-4.675205796216309e-9,6.774039234917951e-11
-68.68,-4.67891149160393e-9,6.780466021006576e-11
-68.67,-4.682620662506391e-9,6.786899829739814e-11
-68.66,-4.686333312550076e-9,6.793340668814638e-11
-68.65,-4.690049445526637e-9,6.799788550826246e-11
-68.64,-4.693769065177929e-9,6.806243481652112e-11
-68.63,-4.697492175295202e-9,6.812705469827296e-11
-68.62,-4.7012187796323984e-9,6.8191745326636e-11
-68.61,-4.704948882046338e-9,6.825650666390566e-11
-68.6,-4.7086824863952396e-9,6.832133872675192e-11
-68.59,-4.712419595969598e-9,6.838624194018486e-11
-68.58,-4.716160215151599e-9,6.845121613735671e-11
-68.57,-4.71990434743123e-9,6.851626139600188e-11
-68.56,-4.723651996761151e-9,6.858137784191915e-11
-68.55,-4.727403166803757e-9,6.864656557577887e-11
-68.54,-4.731157861472866e-9,6.871182470119991e-11
-68.53,-4.734916084515547e-9,6.87771553075944e-11
-68.52,-4.738677839777068e-9,6.884255746907302e-11
-68.51,-4.742443131049162e-9,6.890803124393281e-11
-68.5,-4.746211962291327e-9,6.897357673444886e-11
-68.49,-4.74998433719083e-9,6.903919405850937e-11
-68.48,-4.75376025966239e-9,6.910488330750004e-11
-68.47,-4.75753973346251e-9,6.917064452891375e-11
-68.46,-4.761322762557115e-9,6.923647786611226e-11
-68.45,-4.7651093507161805e-9,6.930238336527592e-11
-68.44,-4.768899501812949e-9,6.936836111808165e-11
-68.43,-4.7726932197821e-9,6.943441119569162e-11
-68.42,-4.7764905083221815e-9,6.950053376824073e-11
-68.41,-4.7802913714686645e-9,6.95667289555434e-11
-68.4,-4.784095813011144e-9,6.963299657181378e-11
-68.39,-4.787903836873945e-9,6.969933700713769e-11
-68.38,-4.791715446896536e-9,6.97657502052532e-11
-68.37,-4.795530646951412e-9,6.983223633480803e-11
-68.36,-4.799349441083004e-9,6.989879542141277e-11
-68.35,-4.803171833003525e-9,6.996542759982942e-11
-68.34,-4.806997826788112e-9,7.003213294326817e-11
-68.33,-4.810827426180363e-9,7.009891152320609e-11
-68.32,-4.814660634897173e-9,7.016576365528933e-11
-68.31,-4.818497457651472e-9,7.023268887240736e-11
-68.3,-4.82233789759386e-9,7.029968773949494e-11
-68.29,-4.826181958975582e-9,7.036676031904973e-11
-68.28,-4.830029645582435e-9,7.043390657688407e-11
-68.27,-4.8338809613867075e-9,7.050112660368375e-11
-68.26,-4.837735910461178e-9,7.056842051159946e-11
-68.25,-4.84159449661769e-9,7.063578845393334e-11
-68.24,-4.845456723920761e-9,7.070323044200934e-11
-68.23,-4.84932259623115e-9,7.077074657516266e-11
-68.22,-4.853192117508154e-9,7.08383370238669e-11
-68.21,-4.8570652917432546e-9,7.09060017454856e-11
-68.2,-4.860942122952673e-9,7.097374103288534e-11
-68.19,-4.864822615039746e-9,7.104155480795317e-11
-68.18,-4.868706772032019e-9,7.110944319781232e-11
-68.17,-4.8725945979472254e-9,7.117740628917761e-11
-68.16,-4.876486096691374e-9,7.124544428312223e-11
-68.15,-4.880381272372935e-9,7.131355708722944e-11
-68.14,-4.884280128887708e-9,7.138174493905618e-11
-68.13,-4.888182670275171e-9,7.145000785192273e-11
-68.12,-4.892088900602259e-9,7.1518346023834e-11
-68.11,-4.8959988237215374e-9,7.15867594565177e-11
-68.1,-4.899912443861562e-9,7.165524826756116e-11
-68.09,-4.903829764933662e-9,7.172381249958248e-11
-68.08,-4.907750791026642e-9,7.179245237004338e-11
-68.07,-4.911675526065744e-9,7.18611678444143e-11
-68.06,-4.91560397422636e-9,7.192995909862271e-11
-68.05,-4.9195361394712404e-9,7.199882619230183e-11
-68.04,-4.92347202592262e-9,7.206776922216722e-11
-68.03,-4.927411637513771e-9,7.213678830328579e-11
-68.02,-4.931354978363186e-9,7.220588350465842e-11
-68.01,-4.935302052610628e-9,7.227505495700609e-11
-68.0,-4.939252864272442e-9,7.23443026635394e-11
-67.99,-4.943207417385198e-9,7.241362683775671e-11
-67.98,-4.94716571609772e-9,7.248302751990887e-11
-67.97,-4.95112776440636e-9,7.255250482417949e-11
-67.96,-4.955093566525014e-9,7.262205879795251e-11
-67.95,-4.959063126418807e-9,7.269168958022191e-11
-67.94,-4.9630364481803395e-9,7.276139736768116e-11
-67.93,-4.967013536197248e-9,7.283118193940773e-11
-67.92,-4.970994394299466e-9,7.290104368720112e-11
-67.91,-4.9749790266933e-9,7.297098261868075e-11
-67.9,-4.9789674374063065e-9,7.30409988181802e-11
-67.89,-4.982959630639865e-9,7.311109240251458e-11
-67.88,-4.986955610515858e-9,7.318126353420589e-11
-67.87,-4.990955381223416e-9,7.325151211351883e-11
-67.86,-4.994958946875946e-9,7.332183836984092e-11
-67.85,-4.9989663113918386e-9,7.339224217728597e-11
-67.84,-5.0029774795230054e-9,7.346272433446642e-11
-67.83,-5.0069924548581424e-9,7.353328420282643e-11
-67.82,-5.011011241700237e-9,7.360392215096102e-11
-67.81,-5.015033844276614e-9,7.367463818382253e-11
-67.8,-5.019060266743079e-9,7.37454325324507e-11
-67.79,-5.023090513270217e-9,7.381630514149598e-11
-67.78,-5.027124588076811e-9,7.38872563015677e-11
-67.77,-5.031162495283286e-9,7.395828595982273e-11
-67.76,-5.03520423911369e-9,7.4029394216308e-11
-67.75,-5.039249823771443e-9,7.410058124166215e-11
-67.74,-5.043299253411519e-9,7.417184710440936e-11
-67.73,-5.04735253233685e-9,7.424319193767345e-11
-67.72,-5.051409664717642e-9,7.431461573997154e-11
-67.71,-5.0554706547648555e-9,7.438611871571575e-11
-67.7,-5.059535506697929e-9,7.445770091450088e-11
-67.69,-5.063604224784252e-9,7.452936243385677e-11
-67.68,-5.067676813204303e-9,7.46011034025178e-11
-67.67,-5.071753276153236e-9,7.467292391724914e-11
-67.66,-5.07583361807555e-9,7.474482405986077e-11
-67.65,-5.079917843037546e-9,7.481680388111221e-11
-67.64,-5.084005955280013e-9,7.488886352079551e-11
-67.63,-5.08809795919174e-9,7.496100317701156e-11
-67.62,-5.092193858950797e-9,7.503322281537316e-11
-67.61,-5.096293658881623e-9,7.510552255461405e-11
-67.6,-5.100397363274709e-9,7.517790260058832e-11
-67.59,-5.104504976279076e-9,7.525036291300299e-11
-67.58,-5.108616502351638e-9,7.532290365772874e-11
-67.57,-5.112731945658395e-9,7.539552493663196e-11
-67.56,-5.116851310559803e-9,7.546822690101413e-11
-67.55,-5.120974601373937e-9,7.554100949887118e-11
-67.54,-5.125101822397951e-9,7.561387301915267e-11
-67.53,-5.129232977881009e-9,7.568681743994612e-11
-67.52,-5.133368072281217e-9,7.575984286849084e-11
-67.51,-5.1375071096777355e-9,7.583294948931085e-11
-67.5,-5.141650094653537e-9,7.590613737200986e-11
-67.49,-5.145797031472257e-9,7.597940654065407e-11
-67.48,-5.14994792435488e-9,7.605275718686386e-11
-67.47,-5.154102778076661e-9,7.612618957945145e-11
-67.46,-5.158261596092653e-9,7.619970325011139e-11
-67.45,-5.1624243835924935e-9,7.627329881178896e-11
-67.44,-5.166591144719713e-9,7.634697615389718e-11
-67.43,-5.170761883703503e-9,7.642073566677643e-11
-67.42,-5.174936605050165e-9,7.649457711041622e-11
-67.41,-5.1791153130363515e-9,7.656850073489564e-11
-67.4,-5.183298012206227e-9,7.66425066200338e-11
-67.39,-5.187484706778763e-9,7.671659490338921e-11
-67.38,-5.191675401275724e-9,7.679076558087228e-11
-67.37,-5.195870099886947e-9,7.686501899018616e-11
-67.36,-5.200068807264251e-9,7.693935499034604e-11
-67.35,-5.204271527692817e-9,7.701377375937481e-11
-67.34,-5.208478265690869e-9,7.70882754355881e-11
-67.33,-5.212689025534334e-9,7.716286008689644e-11
-67.32,-5.216903811726876e-9,7.723752784404022e-11
-67.31,-5.221122628700113e-9,7.73122788387391e-11
-67.3,-5.225345480886782e-9,7.738711309451355e-11
-67.29,-5.2295723727605955e-9,7.746203080413897e-11
-67.28,-5.2338033087482275e-9,7.753703200638228e-11
-67.27,-5.238038293303754e-9,7.761211680728998e-11
-67.26,-5.242277330839434e-9,7.76872854003676e-11
-67.25,-5.246520425938839e-9,7.776253780509134e-11
-67.24,-5.250767582983723e-9,7.783787407305872e-11
-67.23,-5.255018806388362e-9,7.791329449847687e-11
-67.22,-5.259274100807232e-9,7.798879903777754e-11
-67.21,-5.2635334706401094e-9,7.806438781553328e-11
-67.2,-5.267796920355588e-9,7.814006094964204e-11
-67.19,-5.272064454482395e-9,7.821581858174648e-11
-67.18,-5.276336077574431e-9,7.829166078100604e-11
-67.17,-5.280611794055112e-9,7.836758765830746e-11
-67.16,-5.28489160849918e-9,7.844359928586007e-11
-67.15,-5.289175525346051e-9,7.851969589607756e-11
-67.14,-5.293463549170437e-9,7.859587745393215e-11
-67.13,-5.297755684603214e-9,7.867214411120203e-11
-67.12,-5.3020519360921526e-9,7.874849599114839e-11
-67.11,-5.306352308076723e-9,7.882493317952836e-11
-67.1,-5.310656805357927e-9,7.890145583642013e-11
-67.09,-5.314965432310941e-9,7.897806401941107e-11
-67.08,-5.319278193545021e-9,7.905475785165234e-11
-67.07,-5.32359509365111e-9,7.913153744886332e-11
-67.06,-5.327916137151276e-9,7.920840291323713e-11
-67.05,-5.332241328645273e-9,7.928535432963367e-11
-67.04,-5.336570672670708e-9,7.936239182095386e-11
-67.03,-5.340904173986501e-9,7.943951553938252e-11
-67.02,-5.345241837007744e-9,7.951672551862635e-11
-67.01,-5.349583666433863e-9,7.959402194632609e-11
-67.0,-5.353929666797366e-9,7.967140481203349e-11
-66.99,-5.358279842790214e-9,7.974887444066205e-11
-66.98,-5.362634198967325e-9,7.982643070429373e-11
-66.97,-5.366992739993328e-9,7.99040738505412e-11
-66.96,-5.371355470491753e-9,7.998180397261714e-11
-66.95,-5.375722395079444e-9,8.005962109112582e-11
-66.94,-5.3800935183879356e-9,8.013752545041106e-11
-66.93,-5.384468845163371e-9,8.021551705313126e-11
-66.92,-5.388848379934024e-9,8.029359604891527e-11
-66.91,-5.3932321272765705e-9,8.037176252006265e-11
-66.9,-5.397620092271499e-9,8.045001671492807e-11
-66.89,-5.402012279178724e-9,8.05283586023209e-11
-66.88,-5.406408692885221e-9,8.060678829394429e-11
-66.87,-5.410809337903789e-9,8.068530598335662e-11
-66.86,-5.415214219070352e-9,8.076391171218921e-11
-66.85,-5.419623340950832e-9,8.084260560030927e-11
-66.84,-5.424036708388184e-9,8.092138781487837e-11
-66.83,-5.42845432599974e-9,8.100025832734173e-11
-66.82,-5.432876198460354e-9,8.107921744066908e-11
-66.81,-5.437302330716842e-9,8.115826516317117e-11
-66.8,-5.441732727186068e-9,8.123740160644975e-11
-66.79,-5.44616739274233e-9,8.1316626899222e-11
-66.78,-5.4506063321519865e-9,8.139594113397692e-11
-66.77,-5.455049550080168e-9,8.147534443690696e-11
-66.76,-5.4594970514021116e-9,8.155483694015024e-11
-66.75,-5.4639488407218166e-9,8.163441872725626e-11
-66.74,-5.468404922795532e-9,8.171408996375276e-11
-66.73,-5.472865302574526e-9,8.179385069619859e-11
-66.72,-5.477329984636819e-9,8.187370112594412e-11
-66.71,-5.481798973893402e-9,8.195364118634062e-11
-66.7,-5.486272275075059e-9,8.203367117716016e-11
-66.69,-5.490749892900627e-9,8.211379115043165e-11
-66.68,-5.495231832272081e-9,8.219400125043683e-11
-66.67,-5.49971809802118e-9,8.227430147418614e-11
-66.66,-5.504208694764108e-9,8.235469208094415e-11
-66.65,-5.508703627514449e-9,8.243517312400261e-11
-66.64,-5.513202900963587e-9,8.251574470670324e-11
-66.63,-5.517706520016601e-9,8.259640696758492e-11
-66.62,-5.522214489393841e-9,8.267715998716447e-11
-66.61,-5.526726814133507e-9,8.27580039361258e-11
-66.6,-5.531243498900038e-9,8.283893885060863e-11
-66.59,-5.535764548624194e-9,8.291996495148267e-11
-66.58,-5.540289968144147e-9,8.300108228669696e-11
-66.57,-5.544819762296889e-9,8.308229094946092e-11
-66.56,-5.549353936021352e-9,8.316359111789022e-11
-66.55,-5.553892494108569e-9,8.324498284461125e-11
-66.54,-5.558435441485915e-9,8.332646629696896e-11
-66.53,-5.562982783149555e-9,8.340804159844668e-11
-66.52,-5.567534523650964e-9,8.348970882571325e-11
-66.51,-5.5720906682474895e-9,8.357146809527315e-11
-66.5,-5.576651221649352e-9,8.365331957028475e-11
-66.49,-5.5812161888399694e-9,8.373526333080863e-11
-66.48,-5.585785574781749e-9,8.38172994786702e-11
-66.47,-5.59035938435107e-9,8.389942819824462e-11
-66.46,-5.5949376224094856e-9,8.398164961311764e-11
-66.45,-5.5995202940315385e-9,8.406396364134562e-11
-66.44,-5.604107403982006e-9,8.414637068913324e-11
-66.43,-5.608698957315214e-9,8.422887067645866e-11
-66.42,-5.613294959013614e-9,8.431146378967175e-11
-66.41,-5.617895414037208e-9,8.439415017231329e-11
-66.4,-5.62250032723787e-9,8.447692988017716e-11
-66.39,-5.6271097037294546e-9,8.455980304145643e-11
-66.38,-5.631723548404562e-9,8.464276986334138e-11
-66.37,-5.636341866323744e-9,8.47258303894283e-11
-66.36,-5.640964662393805e-9,8.480898471854551e-11
-66.35,-5.645591941628769e-9,8.489223301139342e-11
-66.34,-5.650223709161543e-9,8.497557538325145e-11
-66.33,-5.654859969824657e-9,8.505901195303231e-11
-66.32,-5.65950072868403e-9,8.514254286095296e-11
-66.31,-5.664145990851845e-9,8.522616816545062e-11
-66.3,-5.668795761248773e-9,8.530988801857421e-11
-66.29,-5.673450044995287e-9,8.53937026023327e-11
-66.28,-5.6781088471058055e-9,8.547761194749716e-11
-66.27,-5.682772172634555e-9,8.556161615774687e-11
-66.26,-5.687440026601555e-9,8.564571545739294e-11
-66.25,-5.692112413998157e-9,8.572990995456228e-11
-66.24,-5.6967893401426155e-9,8.581419970510377e-11
-66.23,-5.701470809903556e-9,8.589858483551075e-11
-66.22,-5.7061568283811064e-9,8.598306552328418e-11
-66.21,-5.710847400710242e-9,8.606764183623754e-11
-66.2,-5.71554253201167e-9,8.615231388735409e-11
-66.19,-5.720242227331453e-9,8.623708191899434e-11
-66.18,-5.7249464917637795e-9,8.632194591054756e-11
-66.17,-5.7296553304296636e-9,8.640690605639711e-11
-66.16,-5.734368748486161e-9,8.64919624529674e-11
-66.15,-5.7390867510974524e-9,8.65771151898107e-11
-66.14,-5.743809343234373e-9,8.666236452112812e-11
-66.13,-5.7485365302409095e-9,8.674771044964174e-11
-66.12,-5.753268317134662e-9,8.68331531052108e-11
-66.11,-5.758004709038952e-9,8.691869262043178e-11
-66.1,-5.76274571122297e-9,8.700432921405732e-11
-66.09,-5.7674913288240695e-9,8.709006290570273e-11
-66.08,-5.772241566981799e-9,8.717589382468157e-11
-66.07,-5.7769964308171265e-9,8.726182215038323e-11
-66.06,-5.781755925677399e-9,8.734784794560947e-11
-66.05,-5.7865200566034325e-9,8.743397136433434e-11
-66.04,-5.7912888288231976e-9,8.752019255138201e-11
-66.03,-5.796062247577541e-9,8.760651162482833e-11
-66.02,-5.800840318105644e-9,8.769292865320507e-11
-66.01,-5.805623045551929e-9,8.777944385274877e-11
-66.0,-5.81041043519203e-9,8.786605727702623e-11
-65.99,-5.815202492187069e-9,8.795276908584606e-11
-65.98,-5.819999221857581e-9,8.803957944071861e-11
-65.97,-5.8248006297000524e-9,8.812648834880714e-11
-65.96,-5.829606720174953e-9,8.821349606935452e-11
-65.95,-5.834417499232058e-9,8.830060268464316e-11
-65.94,-5.839232972044543e-9,8.838780824891279e-11
-65.93,-5.8440531437764276e-9,8.847511298502292e-11
-65.92,-5.8488780196815235e-9,8.856251696724706e-11
-65.91,-5.85370760508473e-9,8.86500203819955e-11
-65.9,-5.858541905302744e-9,8.873762327044334e-11
-65.89,-5.8633809255559964e-9,8.882532582715086e-11
-65.88,-5.86822467140218e-9,8.89131281322758e-11
-65.87,-5.873073147612554e-9,8.900103041744995e-11
-65.86,-5.87792635997325e-9,8.908903265920349e-11
-65.85,-5.882784313746688e-9,8.91771351104002e-11
-65.84,-5.8876470141453314e-9,8.926533780012229e-11
-65.83,-5.892514466574341e-9,8.935364092840003e-11
-65.82,-5.897386676308565e-9,8.944204458375257e-11
-65.81,-5.902263648814741e-9,8.953054897039796e-11
-65.8,-5.907145389334169e-9,8.961915411676479e-11
-65.79,-5.912031903304027e-9,8.970786023897425e-11
-65.78,-5.916923196094691e-9,8.979666733381786e-11
-65.77,-5.921819273064118e-9,8.988557573164142e-11
-65.76,-5.92672013963511e-9,8.997458540322466e-11
-65.75,-5.93162580111949e-9,9.006369653835998e-11
-65.74,-5.936536263009002e-9,9.015290923938174e-11
-65.73,-5.9414515306592336e-9,9.024222369846251e-11
-65.72,-5.946371609505742e-9,9.0331639917028e-11
-65.71,-5.951296504831193e-9,9.042115823566631e-11
-65.7,-5.956226222320337e-9,9.051077858901532e-11
-65.69,-5.9611607672560476e-9,9.060050121225501e-11
-65.68,-5.966100145030805e-9,9.069032615259999e-11
-65.67,-5.971044361188319e-9,9.078025368597938e-11
-65.66,-5.975993421147982e-9,9.08702837647752e-11
-65.65,-5.98094733036589e-9,9.096041666834727e-11
-65.64,-5.98590609438614e-9,9.105065246512592e-11
-65.63,-5.990869718572776e-9,9.114099126008028e-11
-65.62,-5.995838208437138e-9,9.123143326049775e-11
-65.61,-6.000811569526196e-9,9.132197857879322e-11
-65.6,-6.00578980717709e-9,9.141262726303331e-11
-65.59,-6.010772927160078e-9,9.150337955414197e-11
-65.58,-6.0157609347610946e-9,9.1594235516529e-11
-65.57,-6.0207538356146375e-9,9.168519539554983e-11
-65.56,-6.025751635178518e-9,9.177625912920716e-11
-65.55,-6.0307543389739064e-9,9.186742705941887e-11
-65.54,-6.035761952681546e-9,9.195869914492028e-11
-65.53,-6.040774481638677e-9,9.205007564223874e-11
-65.52,-6.045791931539073e-9,9.21415566412307e-11
-65.51,-6.0508143079032254e-9,9.223314227943312e-11
-65.5,-6.055841616389461e-9,9.232483264622358e-11
-65.49,-6.060873862263408e-9,9.241662805887892e-11
-65.48,-6.065911051458948e-9,9.250852837828434e-11
-65.47,-6.070953189509195e-9,9.260053392598208e-11
-65.46,-6.076000281773139e-9,9.269264477802513e-11
-65.45,-6.081052334047729e-9,9.27848611014101e-11
-65.44,-6.0861093519904124e-9,9.287718297120106e-11
-65.43,-6.091171341037865e-9,9.296961065013198e-11
-65.42,-6.0962383069706844e-9,9.306214415709023e-11
-65.41,-6.101310254483167e-9,9.315478372189037e-11
-65.4,-6.106387191777274e-9,9.324752921684298e-11
-65.39,-6.11146912194667e-9,9.334038115112245e-11
-65.38,-6.116556051518327e-9,9.34333395074246e-11
-65.37,-6.121647986161249e-9,9.35264043220887e-11
-65.36,-6.126744931504474e-9,9.361957584802377e-11
-65.35,-6.131846893276526e-9,9.371285423350732e-11
-65.34,-6.136953877093739e-9,9.380623955206769e-11
-65.33,-6.142065888613922e-9,9.389973200098287e-11
-65.32,-6.1471829336776296e-9,9.399333168798401e-11
-65.31,-6.152305017837126e-9,9.408703872219236e-11
-65.3,-6.157432146960177e-9,9.418085331422348e-11
-65.29,-6.1625643266285424e-9,9.427477552625794e-11
-65.28,-6.167701562667769e-9,9.436880550469671e-11
-65.27,-6.172843860608506e-9,9.446294349301003e-11
-65.26,-6.177991226468586e-9,9.455718947220269e-11
-65.25,-6.183143665820706e-9,9.465154378938104e-11
-65.24,-6.188301184491613e-9,9.474600636326795e-11
-65.23,-6.193463788183595e-9,9.484057746965123e-11
-65.22,-6.1986314827976846e-9,9.493525724081136e-11
-65.21,-6.203804273951821e-9,9.50300456849523e-11
-65.2,-6.208982167423564e-9,9.512494311173248e-11
-65.19,-6.214165169098535e-9,9.521994964660778e-11
-65.18,-6.219353284755504e-9,9.531506531081986e-11
-65.17,-6.224546520230811e-9,9.541029031539948e-11
-65.16,-6.229744881274727e-9,9.550562486452907e-11
-65.15,-6.234948373722919e-9,9.560106902269073e-11
-65.14,-6.240157003411875e-9,9.569662292102922e-11
-65.13,-6.24537077624928e-9,9.579228674675292e-11
-65.12,-6.2505896979761206e-9,9.58880605985132e-11
-65.11,-6.255813774460588e-9,9.598394469330805e-11
-65.1,-6.261043011661217e-9,9.607993909242617e-11
-65.09,-6.266277415205711e-9,9.617604404841315e-11
-65.08,-6.271516991254386e-9,9.627225952624337e-11
-65.07,-6.276761745534701e-9,9.636858581171505e-11
-65.06,-6.282011684016552e-9,9.646502303064428e-11
-65.05,-6.287266812443557e-9,9.656157131917569e-11
-65.04,-6.29252713687654e-9,9.665823080652362e-11
-65.03,-6.297792663885478e-9,9.675500141339207e-11
-65.02,-6.303063397244592e-9,9.685188391065613e-11
-65.01,-6.3083393450088666e-9,9.694887786669794e-11
-65.0,-6.31362051230805e-9,9.70459836306201e-11
-64.99,-6.3189069053887015e-9,9.714320123001762e-11
-64.98,-6.324198529909338e-9,9.724053098323926e-11
-64.97,-6.3294953918354005e-9,9.733797296305519e-11
-64.96,-6.334797497410059e-9,9.743552723944559e-11
-64.95,-6.340104852350097e-9,9.753319405029844e-11
-64.94,-6.345417462404106e-9,9.763097359446748e-11
-64.93,-6.350735334301552e-9,9.772886583633602e-11
-64.92,-6.356058473374981e-9,9.782687105683302e-11
-64.91,-6.36138688585676e-9,9.792498939818678e-11
-64.9,-6.36672057775975e-9,9.802322098866798e-11
-64.89,-6.37205955507004e-9,9.812156593490768e-11
-64.88,-6.377403823845006e-9,9.822002448466309e-11
-64.87,-6.382753390078032e-9,9.831859667801787e-11
-64.86,-6.388108259867501e-9,9.841728272723658e-11
-64.85,-6.393468439296539e-9,9.851608270803688e-11
-64.84,-6.3988339342388145e-9,9.8614996856015e-11
-64.83,-6.404204750971377e-9,9.871402528827405e-11
-64.82,-6.409580895448487e-9,9.881316817739171e-11
-64.81,-6.4149623737730784e-9,9.891242561317377e-11
-64.8,-6.42034919207945e-9,9.901179780838729e-11
-64.79,-6.425741356330253e-9,9.91112848906311e-11
-64.78,-6.431138872824465e-9,9.921088693502428e-11
-64.77,-6.436541747507675e-9,9.931060420514413e-11
-64.76,-6.4419499866613e-9,9.94104367784727e-11
-64.75,-6.447363596241797e-9,9.951038483317098e-11
-64.74,-6.452782582567873e-9,9.961044862328685e-11
-64.73,-6.458206951549048e-9,9.971062808880208e-11
-64.72,-6.463636709560379e-9,9.981092353880893e-11
-64.71,-6.469071862660255e-9,9.991133504712473e-11
-64.7,-6.474512417035021e-9,1.0001186275405814e-10
-64.69,-6.479958378786209e-9,1.0011250691747596e-10
-64.68,-6.485409754257392e-9,1.0021326755560874e-10
-64.67,-6.490866549476418e-9,1.0031414493339377e-10
-64.66,-6.496328770728599e-9,1.0041513911915467e-10
-64.65,-6.501796424180756e-9,1.0051625033363172e-10
-64.64,-6.507269516165109e-9,1.0061747866365082e-10
-64.63,-6.512748052783698e-9,1.0071882435072912e-10
-64.62,-6.518232040259762e-9,1.0082028747340663e-10
-64.61,-6.523721484995204e-9,1.0092186816747637e-10
-64.6,-6.529216392914139e-9,1.0102356666825423e-10
-64.59,-6.534716770608623e-9,1.0112538308433302e-10
-64.58,-6.540222624167339e-9,1.0122731755133864e-10
-64.57,-6.545733959895664e-9,1.0132937026602174e-10
-64.56,-6.5512507839598545e-9,1.0143154148123423e-10
-64.55,-6.556773103023911e-9,1.0153383098462958e-10
-64.54,-6.562300923092946e-9,1.0163623927067068e-10
-64.53,-6.567834250425682e-9,1.0173876644248349e-10
-64.52,-6.573373091381478e-9,1.0184141261380194e-10
-64.51,-6.5789174524660106e-9,1.0194417792950956e-10
-64.5,-6.584467339815772e-9,1.0204706255833066e-10
-64.49,-6.590022759707899e-9,1.0215006667376181e-10
-64.48,-6.595583718661042e-9,1.022531904051856e-10
-64.47,-6.601150222796619e-9,1.0235643403960815e-10
-64.46,-6.606722278951814e-9,1.0245979736961377e-10
-64.45,-6.612299893066631e-9,1.0256328092632488e-10
-64.44,-6.6178830715890765e-9,1.0266688475179011e-10
-64.43,-6.623471820985937e-9,1.0277060901582848e-10
-64.42,-6.629066147647148e-9,1.0287445375771806e-10
-64.41,-6.634666057915512e-9,1.0297841926366261e-10
-64.4,-6.640271558224005e-9,1.0308250573269593e-10
-64.39,-6.645882655076033e-9,1.0318671318136724e-10
-64.38,-6.6514993547970584e-9,1.0329104185432337e-10
-64.37,-6.6571216638757186e-9,1.0339549185170514e-10
-64.36,-6.6627495886726725e-9,1.0350006343883376e-10
-64.35,-6.668383135746023e-9,1.0360475668240543e-10
-64.34,-6.674022311564069e-9,1.037095717306696e-10
-64.33,-6.679667122485983e-9,1.0381450883027368e-10
-64.32,-6.685317575072044e-9,1.0391956805049897e-10
-64.31,-6.690973675852789e-9,1.0402474964559185e-10
-64.3,-6.696635431282771e-9,1.0413005369733526e-10
-64.29,-6.70230284771911e-9,1.042354803993976e-10
-64.28,-6.7079759320103836e-9,1.0434102982405402e-10
-64.27,-6.713654690125405e-9,1.0444670237822962e-10
-64.26,-6.719339129152238e-9,1.0455249796074287e-10
-64.25,-6.725029255422297e-9,1.0465841681112219e-10
-64.24,-6.73072507543942e-9,1.0476445918929964e-10
-64.23,-6.736426595766674e-9,1.0487062516160692e-10
-64.22,-6.742133823056195e-9,1.049769148868291e-10
-64.21,-6.747846763770778e-9,1.0508332856532971e-10
-64.2,-6.753565424569982e-9,1.0518986636017646e-10
-64.19,-6.759289811888232e-9,1.052965284020332e-10
-64.18,-6.765019932569392e-9,1.0540331487459668e-10
-64.17,-6.770755793029766e-9,1.0551022597482465e-10
-64.16,-6.776497399951024e-9,1.0561726179146056e-10
-64.15,-6.782244759962825e-9,1.0572442254004646e-10
-64.14,-6.787997879730467e-9,1.0583170834421233e-10
-64.13,-6.7937567657495095e-9,1.0593911943879198e-10
-64.12,-6.7995214248107756e-9,1.0604665599671146e-10
-64.11,-6.80529186350978e-9,1.0615431808315061e-10
-64.1,-6.811068088517482e-9,1.0626210591961221e-10
-64.09,-6.8168501065269275e-9,1.0637001964135221e-10
-64.08,-6.822637924255819e-9,1.0647805951903138e-10
-64.07,-6.828431548322743e-9,1.0658622559139287e-10
-64.06,-6.8342309854655766e-9,1.066945180501013e-10
-64.05,-6.8400362423862255e-9,1.0680293711004725e-10
-64.04,-6.8458473258070465e-9,1.0691148295522195e-10
-64.03,-6.851664242452202e-9,1.07020155642611e-10
-64.02,-6.857486999055017e-9,1.0712895547622054e-10
-64.01,-6.8633156023122466e-9,1.072378825288865e-10
-64.0,-6.8691500591440855e-9,1.073469369623706e-10
-63.99,-6.874990376124352e-9,1.0745611903115644e-10
-63.98,-6.880836560118379e-9,1.0756542880766475e-10
-63.97,-6.886688617844002e-9,1.0767486656575938e-10
-63.96,-6.892546556165352e-9,1.0778443238087433e-10
-63.95,-6.8984103818315495e-9,1.078941264154356e-10
-63.94,-6.904280101656187e-9,1.0800394890929837e-10
-63.93,-6.9101557224867035e-9,1.0811390002647834e-10
-63.92,-6.916037251097293e-9,1.0822397985127347e-10
-63.91,-6.921924694360294e-9,1.0833418866303924e-10
-63.9,-6.927818059112289e-9,1.0844452655598156e-10
-63.89,-6.93371735216181e-9,1.0855499372706678e-10
-63.88,-6.9396225803541545e-9,1.0866559036161808e-10
-63.87,-6.9455337506346296e-9,1.0877631662076403e-10
-63.86,-6.9514508698698e-9,1.0888717270019516e-10
-63.85,-6.957373944984406e-9,1.0899815866521425e-10
-63.84,-6.9633029827410195e-9,1.0910927481494414e-10
-63.83,-6.9692379901013124e-9,1.0922052124275602e-10
-63.82,-6.9751789740257475e-9,1.0933189818543899e-10
-63.81,-6.981125941460186e-9,1.0944340575959782e-10
-63.8,-6.9870788991648895e-9,1.0955504418268562e-10
-63.79,-6.993037854330363e-9,1.0966681356775039e-10
-63.78,-6.999002813710829e-9,1.097787141558347e-10
-63.77,-7.004973784313867e-9,1.0989074603507053e-10
-63.76,-7.010950773157817e-9,1.1000290951306614e-10
-63.75,-7.016933787205173e-9,1.1011520462551046e-10
-63.74,-7.0229228333611475e-9,1.102276316158414e-10
-63.73,-7.028917918657694e-9,1.1034019064909051e-10
-63.72,-7.034919050100813e-9,1.1045288200171865e-10
-63.71,-7.0409262349792095e-9,1.1056570554438957e-10
-63.7,-7.046939479752704e-9,1.106786617798208e-10
-63.69,-7.052958791998525e-9,1.1079175075318534e-10
-63.68,-7.058984178410941e-9,1.1090497264654828e-10
-63.67,-7.065015646162896e-9,1.1101832756412705e-10
-63.66,-7.071053202305021e-9,1.1113181584066113e-10
-63.65,-7.0770968539604e-9,1.1124543750885097e-10
-63.64,-7.083146608080529e-9,1.1135919284242672e-10
-63.63,-7.089202471851225e-9,1.1147308198351528e-10
-63.62,-7.095264452369415e-9,1.1158710508136588e-10
-63.61,-7.101332556639607e-9,1.1170126239842344e-10
-63.6,-7.107406791924513e-9,1.1181555399616753e-10
-63.59,-7.113487165232115e-9,1.1192998008206999e-10
-63.58,-7.119573683721032e-9,1.1204454087444665e-10
-63.57,-7.12566635464843e-9,1.1215923654237666e-10
-63.56,-7.131765184973546e-9,1.122740673273631e-10
-63.55,-7.137870181979343e-9,1.1238903327935774e-10
-63.54,-7.143981352872913e-9,1.1250413461195703e-10
-63.53,-7.1500987047127345e-9,1.1261937145304341e-10
-63.52,-7.1562222448439345e-9,1.1273474435360695e-10
-63.51,-7.162351980283137e-9,1.1285025301604871e-10
-63.5,-7.1684879182772745e-9,1.1296589789505628e-10
-63.49,-7.1746300663077476e-9,1.1308167895010589e-10
-63.48,-7.180778431280985e-9,1.1319759659324546e-10
-63.47,-7.186933020538905e-9,1.1331365088268568e-10
-63.46,-7.193093841347468e-9,1.134298420091324e-10
-63.45,-7.199260901030967e-9,1.1354617021198241e-10
-63.44,-7.2054342067821565e-9,1.136626354996899e-10
-63.43,-7.211613765622219e-9,1.137792384552746e-10
-63.42,-7.217799585263163e-9,1.1389597883980236e-10
-63.41,-7.223991672849969e-9,1.1401285702977123e-10
-63.4,-7.230190035580856e-9,1.1412987321350357e-10
-63.39,-7.236394680866257e-9,1.1424702743248839e-10
-63.38,-7.242605616179556e-9,1.1436432001646102e-10
-63.37,-7.248822848592556e-9,1.144817510632694e-10
-63.36,-7.255046385500577e-9,1.1459932087164168e-10
-63.35,-7.261276234273527e-9,1.1471702956220212e-10
-63.34,-7.267512402421152e-9,1.1483487725783765e-10
-63.33,-7.273754897114414e-9,1.1495286415919331e-10
-63.32,-7.2800037257604e-9,1.1507099059909647e-10
-63.31,-7.286258895892268e-9,1.1518925657494905e-10
-63.3,-7.292520414821653e-9,1.1530766234026299e-10
-63.29,-7.298788289951775e-9,1.1542620814796784e-10
-63.28,-7.305062528741774e-9,1.1554489413277278e-10
-63.27,-7.3113431384997645e-9,1.1566372046133469e-10
-63.26,-7.317630126818975e-9,1.157826873161942e-10
-63.25,-7.323923501198461e-9,1.1590179495215638e-10
-63.24,-7.330223268763115e-9,1.1602104347811707e-10
-63.23,-7.336529437405487e-9,1.1614043309541474e-10
-63.22,-7.3428420142441635e-9,1.1625996405294439e-10
-63.21,-7.349161007003726e-9,1.1637963645233727e-10
-63.2,-7.355486423171326e-9,1.1649945061483034e-10
-63.19,-7.361818270095995e-9,1.1661940656585517e-10
-63.18,-7.368156555443323e-9,1.1673950466628266e-10
-63.17,-7.374501286718707e-9,1.1685974492643924e-10
-63.16,-7.380852471441698e-9,1.1698012763855308e-10
-63.15,-7.387210117109037e-9,1.1710065298082608e-10
-63.14,-7.393574231364715e-9,1.172213211395639e-10
-63.13,-7.399944821782117e-9,1.1734213230685172e-10
-63.12,-7.4063218957587335e-9,1.1746308667404452e-10
-63.11,-7.412705461144668e-9,1.1758418447006723e-10
-63.1,-7.4190955253459e-9,1.1770542579121365e-10
-63.09,-7.425492096102047e-9,1.1782681091250057e-10
-63.08,-7.431895180955564e-9,1.1794833998658726e-10
-63.07,-7.4383047875344284e-9,1.1807001322637244e-10
-63.06,-7.444720923744329e-9,1.181918307475151e-10
-63.05,-7.451143596533274e-9,1.1831379297562709e-10
-63.04,-7.457572814212453e-9,1.184358998342272e-10
-63.03,-7.464008584162551e-9,1.1855815163501224e-10
-63.02,-7.470450914353857e-9,1.1868054860373416e-10
-63.01,-7.47689981209276e-9,1.1880309084028675e-10
-63.0,-7.483355285345234e-9,1.189257785934e-10
-62.99,-7.489817341636266e-9,1.1904861213242972e-10
-62.98,-7.496285988923329e-9,1.1917159150516645e-10
-62.97,-7.502761234760976e-9,1.1929471730549332e-10
-62.96,-7.509243086820425e-9,1.1941798877626968e-10
-62.95,-7.515731553033194e-9,1.1954140705834495e-10
-62.94,-7.522226641088988e-9,1.1966497203275036e-10
-62.93,-7.528728358687346e-9,1.1978868387726617e-10
-62.92,-7.535236713794943e-9,1.199125427584403e-10
-62.91,-7.541751713970226e-9,1.2003654901058305e-10
-62.9,-7.548273367186776e-9,1.201607027347454e-10
-62.89,-7.554801681183607e-9,1.2028500408009894e-10
-62.88,-7.56133666379177e-9,1.2040945327458704e-10
-62.87,-7.567878322873444e-9,1.2053405058502578e-10
-62.86,-7.57442666627986e-9,1.2065879618672455e-10
-62.85,-7.580981701712551e-9,1.2078369020943915e-10
-62.84,-7.58754343728098e-9,1.2090873297161112e-10
-62.83,-7.594111880667354e-9,1.2103392452679867e-10
-62.82,-7.600687039855497e-9,1.21159265183956e-10
-62.81,-7.607268922696113e-9,1.212847551158722e-10
-62.8,-7.613857537108339e-9,1.2141039447843985e-10
-62.79,-7.620452891033835e-9,1.2153618350822696e-10
-62.78,-7.627054992200281e-9,1.216621224621405e-10
-62.77,-7.633663849037981e-9,1.2178821140992011e-10
-62.76,-7.64027946901657e-9,1.2191445066597926e-10
-62.75,-7.646901860267689e-9,1.220408404381758e-10
-62.74,-7.653531030779708e-9,1.2216738083573667e-10
-62.73,-7.66016698845439e-9,1.222940721624276e-10
-62.72,-7.666809741300831e-9,1.224209145028442e-10
-62.71,-7.673459297423286e-9,1.225479081761959e-10
-62.7,-7.680115664733334e-9,1.2267505334950518e-10
-62.69,-7.686778851244953e-9,1.2280235015675973e-10
-62.68,-7.693448865007773e-9,1.2292979890854872e-10
-62.67,-7.700125714113116e-9,1.230573997489921e-10
-62.66,-7.706809406654295e-9,1.2318515291521223e-10
-62.65,-7.713499950482416e-9,1.2331305854572748e-10
-62.64,-7.720197353885317e-9,1.2344111691812022e-10
-62.63,-7.726901624983475e-9,1.2356932821495919e-10
-62.62,-7.733612771562972e-9,1.2369769264858656e-10
-62.61,-7.740330802078528e-9,1.2382621038702134e-10
-62.6,-7.747055724443448e-9,1.239548816929619e-10
-62.59,-7.75378754670286e-9,1.2408370646390988e-10
-62.58,-7.760526277484035e-9,1.2421268570158494e-10
-62.57,-7.76727192446688e-9,1.2434181891017292e-10
-62.56,-7.77402449586626e-9,1.2447110640486375e-10
-62.55,-7.780784000062134e-9,1.246005485065903e-10
-62.54,-7.787550445012435e-9,1.2473014541542814e-10
-62.53,-7.79432383907804e-9,1.2485989734094566e-10
-62.52,-7.801104190282682e-9,1.2498980439677534e-10
-62.51,-7.8078915070866e-9,1.25119866875718e-10
-62.5,-7.814685797285944e-9,1.252500850856041e-10
-62.49,-7.821487069914732e-9,1.253804589410852e-10
-62.48,-7.828295332484222e-9,1.255109889828034e-10
-62.47,-7.835110593414214e-9,1.2564167521380968e-10
-62.46,-7.841932861108932e-9,1.2577251792816887e-10
-62.45,-7.848762143824059e-9,1.259035173255262e-10
-62.44,-7.855598449838463e-9,1.2603467356604725e-10
-62.43,-7.862441787415274e-9,1.2616598701007667e-10
-62.42,-7.869292164920835e-9,1.2629745765974767e-10
-62.41,-7.87614959063296e-9,1.2642908590043633e-10
-62.4,-7.883014072958584e-9,1.2656087184120137e-10
-62.39,-7.889885620133869e-9,1.2669281571406936e-10
-62.38,-7.896764240740659e-9,1.268249178001719e-10
-62.37,-7.903649942875691e-9,1.2695717820546934e-10
-62.36,-7.910542735045165e-9,1.2708959723480899e-10
-62.35,-7.91744262563456e-9,1.2722217510654016e-10
-62.34,-7.924349623163197e-9,1.273549119127852e-10
-62.33,-7.931263735696044e-9,1.274878080351024e-10
-62.32,-7.938184972259594e-9,1.2762086355354266e-10
-62.31,-7.945113340541032e-9,1.2775407874871572e-10
-62.3,-7.952048849741765e-9,1.2788745382727913e-10
-62.29,-7.95899150782222e-9,1.2802098902302378e-10
-62.28,-7.965941323340401e-9,1.2815468456113113e-10
-62.27,-7.972898304923718e-9,1.2828854057628553e-10
-62.26,-7.979862460927327e-9,1.2842255730972158e-10
-62.25,-7.986833799949662e-9,1.2855673508283046e-10
-62.24,-7.993812330457243e-9,1.2869107402967853e-10
-62.23,-8.000798060902316e-9,1.288255743505151e-10
-62.22,-8.007791000070917e-9,1.2896023628860008e-10
-62.21,-8.014791156235013e-9,1.290950600813049e-10
-62.2,-8.021798538079413e-9,1.2923004590752931e-10
-62.19,-8.02881315424922e-9,1.293651940617587e-10
-62.18,-8.035835013204427e-9,1.295005047027091e-10
-62.17,-8.042864123469689e-9,1.2963597811679782e-10
-62.16,-8.049900493997818e-9,1.2977161438248288e-10
-62.15,-8.056944133145581e-9,1.2990741382399516e-10
-62.14,-8.063995049571371e-9,1.3004337665210112e-10
-62.13,-8.071053251921775e-9,1.3017950311476507e-10
-62.12,-8.078118748824864e-9,1.3031579338960439e-10
-62.11,-8.08519154898335e-9,1.3045224769408295e-10
-62.1,-8.092271661233882e-9,1.305888662788116e-10
-62.09,-8.099359093999025e-9,1.3072564931935434e-10
-62.08,-8.106453856129109e-9,1.30862597177103e-10
-62.07,-8.11355595629322e-9,1.3099970989072744e-10
-62.06,-8.120665403261356e-9,1.3113698780245393e-10
-62.05,-8.127782205722912e-9,1.3127443107533398e-10
-62.04,-8.134906372340486e-9,1.3141204000024115e-10
-62.03,-8.142037912358143e-9,1.3154981480488916e-10
-62.02,-8.149176833531703e-9,1.316877555643971e-10
-62.01,-8.156323145642601e-9,1.3182586267622212e-10
-62.0,-8.16347685711366e-9,1.319641362635186e-10
-61.99,-8.17063797671371e-9,1.321025766339779e-10
-61.98,-8.177806513292966e-9,1.322411839348842e-10
-61.97,-8.184982475762703e-9,1.3237995845453352e-10
-61.96,-8.192165872807723e-9,1.3251890040934143e-10
-61.95,-8.199356713442066e-9,1.326580100368638e-10
-61.94,-8.206555006415097e-9,1.327972875035688e-10
-61.93,-8.213760760763885e-9,1.329367330346217e-10
-61.92,-8.220973985124255e-9,1.330763469548335e-10
-61.91,-8.228194688632704e-9,1.3321612947112812e-10
-61.9,-8.23542288005394e-9,1.3335608069685345e-10
-61.89,-8.242658568429198e-9,1.3349620102696451e-10
-61.88,-8.249901762560844e-9,1.3363649059007282e-10
-61.87,-8.257152471499354e-9,1.33776949628307e-10
-61.86,-8.26441070427575e-9,1.3391757838022479e-10
-61.85,-8.271676469655464e-9,1.3405837709019377e-10
-61.84,-8.278949776847605e-9,1.3419934592547365e-10
-61.83,-8.286230634687433e-9,1.3434048525793152e-10
-61.82,-8.29351905226969e-9,1.3448179515853758e-10
-61.81,-8.300815038494933e-9,1.3462327600769937e-10
-61.8,-8.308118602605032e-9,1.3476492791669297e-10
-61.79,-8.315429753494604e-9,1.3490675115533035e-10
-61.78,-8.322748500268435e-9,1.3504874598527999e-10
-61.77,-8.33007485198598e-9,1.3519091261128832e-10
-61.76,-8.33740881773984e-9,1.353332512844591e-10
-61.75,-8.344750406656443e-9,1.3547576226316162e-10
-61.74,-8.352099627725572e-9,1.3561844572516543e-10
-61.73,-8.359456490245882e-9,1.3576130195196998e-10
-61.72,-8.366821003198523e-9,1.3590433113906947e-10
-61.71,-8.374193175758923e-9,1.3604753357961957e-10
-61.7,-8.381573017197632e-9,1.361909094236772e-10
-61.69,-8.388960536529681e-9,1.363344590307933e-10
-61.68,-8.396355743047576e-9,1.3647818253570075e-10
-61.67,-8.403758645844998e-9,1.3662208017003571e-10
-61.66,-8.411169254239668e-9,1.3676615227861815e-10
-61.65,-8.418587577287053e-9,1.3691039900086482e-10
-61.64,-8.426013624483909e-9,1.3705482061208144e-10
-61.63,-8.433447404786127e-9,1.371994173431428e-10
-61.62,-8.440888927719378e-9,1.3734418941116434e-10
-61.61,-8.448338202322883e-9,1.374891370714246e-10
-61.6,-8.455795237895327e-9,1.3763426060674305e-10
-61.59,-8.463260044003164e-9,1.3777956022774603e-10
-61.58,-8.470732629554008e-9,1.3792503616152926e-10
-61.57,-8.47821300416037e-9,1.3807068867982123e-10
-61.56,-8.485701177049849e-9,1.3821651796021022e-10
-61.55,-8.493197157630272e-9,1.3836252428211314e-10
-61.54,-8.500700955123242e-9,1.3850870794966774e-10
-61.53,-8.508212578970204e-9,1.3865506911215125e-10
-61.52,-8.515732038603671e-9,1.3880160805166816e-10
-61.51,-8.523259343371776e-9,1.3894832498286964e-10
-61.5,-8.530794502662035e-9,1.390952202053229e-10
-61.49,-8.538337525934781e-9,1.39242293926339e-10
-61.48,-8.545888422578083e-9,1.3938954638724523e-10
-61.47,-8.553447202064415e-9,1.3953697788249358e-10
-61.46,-8.561013873937412e-9,1.3968458858290489e-10
-61.45,-8.56858844752166e-9,1.3983237878830513e-10
-61.44,-8.576170932314759e-9,1.3998034873445456e-10
-61.43,-8.58376133795446e-9,1.4012849863464547e-10
-61.42,-8.591359673799361e-9,1.4027682878180703e-10
-61.41,-8.598965949435077e-9,1.40425339376361e-10
-61.4,-8.606580174416631e-9,1.4057403070830416e-10
-61.39,-8.614202358265896e-9,1.407229030161684e-10
-61.38,-8.621832510505714e-9,1.4087195651389528e-10
-61.37,-8.629470640758623e-9,1.4102119149261076e-10
-61.36,-8.637116758644183e-9,1.411706081939818e-10
-61.35,-8.644770873732918e-9,1.413202068127003e-10
-61.34,-8.652432995547372e-9,1.4146998766802422e-10
-61.33,-8.660103133844168e-9,1.4161995099558544e-10
-61.32,-8.667781298206034e-9,1.4177009704819918e-10
-61.31,-8.67546749830687e-9,1.4192042600704506e-10
-61.3,-8.683161743722333e-9,1.4207093829801861e-10
-61.29,-8.69086404425495e-9,1.4222163392682168e-10
-61.28,-8.698574409595261e-9,1.4237251337825728e-10
-61.27,-8.70629284932404e-9,1.4252357674819429e-10
-61.26,-8.714019373227225e-9,1.4267482429948966e-10
-61.25,-8.72175399101489e-9,1.4282625640210914e-10
-61.24,-8.729496712516901e-9,1.429778732591545e-10
-61.23,-8.737247547325562e-9,1.431296750158512e-10
-61.22,-8.745006505472672e-9,1.432816620710735e-10
-61.21,-8.752773596466711e-9,1.4343383457927533e-10
-61.2,-8.760548830290449e-9,1.4358619287361509e-10
-61.19,-8.768332216649544e-9,1.437387371637701e-10
-61.18,-8.776123765389736e-9,1.4389146767875792e-10
-61.17,-8.78392348636097e-9,1.4404438478377638e-10
-61.16,-8.791731389505056e-9,1.441974885871303e-10
-61.15,-8.799547484464647e-9,1.4435077950359827e-10
-61.14,-8.807371781388451e-9,1.4450425762204777e-10
-61.13,-8.815204289892929e-9,1.4465792331439663e-10
-61.12,-8.823045020109335e-9,1.4481177681839697e-10
-61.11,-8.83089398177187e-9,1.4496581839252276e-10
-61.1,-8.838751184994271e-9,1.4512004827591314e-10
-61.09,-8.846616639232252e-9,1.452744668139607e-10
-61.08,-8.854490355515567e-9,1.4542907406996235e-10
-61.07,-8.862372342850373e-9,1.4558387048556037e-10
-61.06,-8.870262611427256e-9,1.4573885627138438e-10
-61.05,-8.878161171405175e-9,1.458940316709347e-10
-61.04,-8.886068032684045e-9,1.4604939697066868e-10
-61.03,-8.893983205295673e-9,1.4620495238713553e-10
-61.02,-8.901906699352542e-9,1.4636069824217946e-10
-61.01,-8.909838524876145e-9,1.465166347532535e-10
-61.0,-8.9177786918153e-9,1.466727622136104e-10
-60.99,-8.925727210501558e-9,1.4682908083680882e-10
-60.98,-8.93368409088536e-9,1.4698559097348718e-10
-60.97,-8.941649343038185e-9,1.4714229281947723e-10
-60.96,-8.949622977116058e-9,1.472991866399126e-10
-60.95,-8.957605003165456e-9,1.4745627276432372e-10
-60.94,-8.96559543152313e-9,1.4761355129611805e-10
-60.93,-8.97359427220348e-9,1.4777102271922396e-10
-60.92,-8.981601535512593e-9,1.4792868719329572e-10
-60.91,-8.989617231524144e-9,1.4808654493598916e-10
-60.9,-8.997641370395228e-9,1.4824459632500383e-10
-60.89,-9.00567396251539e-9,1.4840284153027623e-10
-60.88,-9.013715018063309e-9,1.485612808712282e-10
-60.87,-9.021764547192453e-9,1.4871991458776137e-10
-60.86,-9.02982256027381e-9,1.4887874299263262e-10
-60.85,-9.03788906749094e-9,1.4903776627222845e-10
-60.84,-9.045964079213355e-9,1.4919698479580933e-10
-60.83,-9.054047605693472e-9,1.49356398785689e-10
-60.82,-9.062139657305412e-9,1.4951600853112222e-10
-60.81,-9.07024024447607e-9,1.4967581418329084e-10
-60.8,-9.078349377015841e-9,1.4983581627087558e-10
-60.79,-9.086467065902556e-9,1.499960147963213e-10
-60.78,-9.094593321251538e-9,1.501564102265402e-10
-60.77,-9.102728153504279e-9,1.5031700271417207e-10
-60.76,-9.110871573054577e-9,1.5047779261704665e-10
-60.75,-9.119023590297297e-9,1.5063878009606605e-10
-60.74,-9.127184215742149e-9,1.507999655144674e-10
-60.73,-9.135353459690958e-9,1.5096134909704065e-10
-60.72,-9.1435313326023e-9,1.5112293123675652e-10
-60.71,-9.151717845153503e-9,1.5128471204239117e-10
-60.7,-9.15991300763774e-9,1.514466918926115e-10
-60.69,-9.168116830616903e-9,1.5160887103340704e-10
-60.68,-9.17632932460259e-9,1.5177124975811783e-10
-60.67,-9.184550500104124e-9,1.5193382827633054e-10
-60.66,-9.192780367808244e-9,1.5209660696769028e-10
-60.65,-9.201018938050454e-9,1.5225958605146946e-10
-60.64,-9.209266221487855e-9,1.524227657972828e-10
-60.63,-9.217522228824396e-9,1.5258614649392989e-10
-60.62,-9.22578697028652e-9,1.52749728553161e-10
-60.61,-9.23406045725403e-9,1.5291351191495782e-10
-60.6,-9.242342699628354e-9,1.5307749717984594e-10
-60.59,-9.250633708199426e-9,1.5324168452672395e-10
-60.58,-9.258933494000428e-9,1.5340607417255322e-10
-60.57,-9.267242067275597e-9,1.5357066648286477e-10
-60.56,-9.275559438856053e-9,1.5373546173460583e-10
-60.55,-9.28388561960237e-9,1.5390046015094858e-10
-60.54,-9.292220620048195e-9,1.5406566212267666e-10
-60.53,-9.30056445163354e-9,1.5423106765503571e-10
-60.52,-9.30891712303469e-9,1.5439667752451437e-10
-60.51,-9.31727864720191e-9,1.54562491598816e-10
-60.5,-9.325649034037585e-9,1.547285102906021e-10
-60.49,-9.334028294542861e-9,1.5489473386271446e-10
-60.48,-9.34241643938099e-9,1.5506116266706847e-10
-60.47,-9.350813479465917e-9,1.5522779686284493e-10
-60.46,-9.359219425655108e-9,1.553946368959128e-10
-60.45,-9.367634288589486e-9,1.5556168294482227e-10
-60.44,-9.376058079334085e-9,1.557289352773352e-10
-60.43,-9.384490808761139e-9,1.558963942957857e-10
-60.42,-9.392932487662222e-9,1.5606406015590454e-10
-60.41,-9.401383127025497e-9,1.5623193323352656e-10
-60.4,-9.409842737804492e-9,1.5640001379603393e-10
-60.39,-9.418311330887161e-9,1.5656830214786856e-10
-60.38,-9.426788917184774e-9,1.5673679854046194e-10
-60.37,-9.435275507804414e-9,1.5690550328079796e-10
-60.36,-9.44377111365993e-9,1.570744166334979e-10
-60.35,-9.452275745699275e-9,1.5724353896561345e-10
-60.34,-9.460789414864027e-9,1.5741287055019421e-10
-60.33,-9.469312132610757e-9,1.5758241152723395e-10
-60.32,-9.477843909615049e-9,1.5775216237912078e-10
-60.31,-9.486384756894745e-9,1.579221233069582e-10
-60.3,-9.494934685723373e-9,1.5809229461654909e-10
-60.29,-9.50349370706534e-9,1.582626766422004e-10
-60.28,-9.512061832176462e-9,1.5843326966998655e-10
-60.27,-9.520639072032073e-9,1.5860407386353282e-10
-60.26,-9.529225437815347e-9,1.587750897710554e-10
-60.25,-9.537820940661628e-9,1.589463174388759e-10
-60.24,-9.546425591877075e-9,1.5911775729365773e-10
-60.23,-9.555039402462134e-9,1.5928940960299878e-10
-60.22,-9.563662383762339e-9,1.5946127461278293e-10
-60.21,-9.572294546815386e-9,1.5963335275285287e-10
-60.2,-9.580935903083208e-9,1.598056441373556e-10
-60.19,-9.589586463653094e-9,1.5997814926733587e-10
-60.18,-9.598246239839498e-9,1.6015086828041045e-10
-60.17,-9.606915242880513e-9,1.6032380156666725e-10
-60.16,-9.615593484164081e-9,1.604969493839235e-10
-60.15,-9.62428097510472e-9,1.6067031171664271e-10
-60.14,-9.632977726410193e-9,1.6084388983695613e-10
-60.13,-9.641683750104396e-9,1.610176830351112e-10
-60.12,-9.65039905727803e-9,1.6119169200283923e-10
-60.11,-9.659123659430052e-9,1.613659169963525e-10
-60.1,-9.667857567861519e-9,1.615403583370412e-10
-60.09,-9.676600793921427e-9,1.6171501632287742e-10
-60.08,-9.685353348974494e-9,1.6188989134109652e-10
-60.07,-9.694115244606215e-9,1.6206498352732117e-10
-60.06,-9.702886492301618e-9,1.622402932859647e-10
-60.05,-9.711667103351388e-9,1.6241582094631492e-10
-60.04,-9.720457089340266e-9,1.62591566713417e-10
-60.03,-9.72925646168225e-9,1.627675310002755e-10
-60.02,-9.73806523215651e-9,1.6294371409837542e-10
-60.01,-9.746883411907613e-9,1.6312011620487727e-10
-60.0,-9.755711012739995e-9,1.6329673769744604e-10
-59.99,-9.764548046179482e-9,1.6347357894936268e-10
-59.98,-9.773394523685606e-9,1.6365064017432395e-10
-59.97,-9.782250457004402e-9,1.638279217583552e-10
-59.96,-9.791115857672045e-9,1.640054239226033e-10
-59.95,-9.799990737331929e-9,1.6418314705140897e-10
-59.94,-9.808875107587616e-9,1.643610914001143e-10
-59.93,-9.817768980115842e-9,1.6453925732377192e-10
-59.92,-9.826672366569564e-9,1.647176450897748e-10
-59.91,-9.835585278718211e-9,1.6489625510824675e-10
-59.9,-9.844507728226313e-9,1.6507508752936457e-10
-59.89,-9.85343972670426e-9,1.6525414282587374e-10
-59.88,-9.862381286150927e-9,1.6543342112300798e-10
-59.87,-9.871332417843912e-9,1.656129230079273e-10
-59.86,-9.880293134328191e-9,1.657926484627797e-10
-59.85,-9.88926344675135e-9,1.6597259804052555e-10
-59.84,-9.898243367124089e-9,1.661527719306952e-10
-59.83,-9.907232907126643e-9,1.6633317057805745e-10
-59.82,-9.91623207876711e-9,1.6651379426476426e-10
-59.81,-9.925240893908937e-9,1.6669464318849158e-10
-59.8,-9.934259364282702e-9,1.668757177585954e-10
-59.79,-9.943287501853633e-9,1.6705701830176553e-10
-59.78,-9.952325318603818e-9,1.6723854509442713e-10
-59.77,-9.96137282624717e-9,1.674202984844545e-10
-59.76,-9.970430036946999e-9,1.6760227876355047e-10
-59.75,-9.979496962549276e-9,1.677844862408246e-10
-59.74,-9.988573614911695e-9,1.679669212955456e-10
-59.73,-9.997660006274475e-9,1.6814958422591634e-10
-59.72,-1.0006756148402955e-8,1.6833247530556873e-10
-59.71,-1.0015862053379911e-8,1.6851559495348748e-10
-59.7,-1.0024977733296897e-8,1.686989433565767e-10
-59.69,-1.0034103200223422e-8,1.6888252090442398e-10
-59.68,-1.0043238466067318e-8,1.690663280659549e-10
-59.67,-1.0052383543169146e-8,1.692503648439951e-10
-59.66,-1.0061538443441571e-8,1.6943463175851867e-10
-59.65,-1.007070317900609e-8,1.696191291656266e-10
-59.64,-1.0079877762076584e-8,1.698038573377181e-10
-59.63,-1.0089062204785267e-8,1.6998881658120001e-10
-59.62,-1.0098256519489432e-8,1.7017400722514875e-10
-59.61,-1.0107460717744495e-8,1.7035942964351076e-10
-59.6,-1.0116674812436782e-8,1.705450841311618e-10
-59.59,-1.0125898815672254e-8,1.7073097086441428e-10
-59.58,-1.0135132739185753e-8,1.709170906037275e-10
-59.57,-1.0144376595799448e-8,1.7110344323776597e-10
-59.56,-1.015363039756134e-8,1.7129002929720464e-10
-59.55,-1.01628941567622e-8,1.7147684907365578e-10
-59.54,-1.017216788576918e-8,1.7166390283022215e-10
-59.53,-1.0181451596824361e-8,1.7185119099960122e-10
-59.52,-1.0190745302323335e-8,1.7203871380728726e-10
-59.51,-1.0200049014600475e-8,1.722264717165902e-10
-59.5,-1.0209362746057632e-8,1.7241446492956137e-10
-59.49,-1.0218686509090336e-8,1.7260269390675536e-10
-59.48,-1.0228020316041317e-8,1.727911588230545e-10
-59.47,-1.0237364179310207e-8,1.729798601705263e-10
-59.46,-1.0246718111488253e-8,1.7316879821081127e-10
-59.45,-1.025608212492685e-8,1.7335797325925784e-10
-59.44,-1.0265456232140026e-8,1.735473857132876e-10
-59.43,-1.0274840445561834e-8,1.737370358183627e-10
-59.42,-1.0284234777797218e-8,1.7392692394270825e-10
-59.41,-1.0293639241344102e-8,1.741170505154261e-10
-59.4,-1.0303053848691704e-8,1.7430741573861178e-10
-59.39,-1.0312478612573477e-8,1.7449802003240176e-10
-59.38,-1.0321913545355562e-8,1.746888637307493e-10
-59.37,-1.033135865967403e-8,1.7487994714832672e-10
-59.36,-1.0340813968276229e-8,1.7507127058428812e-10
-59.35,-1.0350279483826657e-8,1.7526283447961795e-10
-59.34,-1.0359755218768987e-8,1.7545463908743878e-10
-59.33,-1.0369241185895216e-8,1.7564668475432638e-10
-59.32,-1.0378737397940142e-8,1.7583897186537218e-10
-59.31,-1.0388243867453992e-8,1.7603150076225557e-10
-59.3,-1.0397760607320841e-8,1.7622427178793622e-10
-59.29,-1.0407287630286466e-8,1.764172852217092e-10
-59.28,-1.0416824948992738e-8,1.7661054146969075e-10
-59.27,-1.042637257621932e-8,1.768040408627238e-10
-59.26,-1.0435930524863535e-8,1.7699778374909352e-10
-59.25,-1.0445498807662591e-8,1.7719177043081633e-10
-59.24,-1.0455077437575217e-8,1.773860012900188e-10
-59.23,-1.0464666427189342e-8,1.775804767024398e-10
-59.22,-1.047426578968529e-8,1.7777519694804405e-10
-59.21,-1.0483875537661924e-8,1.7797016244418775e-10
-59.2,-1.0493495684260496e-8,1.7816537345542207e-10
-59.19,-1.0503126242198907e-8,1.7836083037650154e-10
-59.18,-1.0512767224557718e-8,1.7855653359910483e-10
-59.17,-1.0522418644202654e-8,1.7875248343966973e-10
-59.16,-1.0532080514253922e-8,1.7894868018885516e-10
-59.15,-1.0541752847580074e-8,1.7914512428481568e-10
-59.14,-1.0551435657127945e-8,1.7934181604207582e-10
-59.13,-1.056112895606225e-8,1.7953875582809063e-10
-59.12,-1.0570832757294988e-8,1.7973594395894948e-10
-59.11,-1.0580547074157228e-8,1.7993338076690066e-10
-59.1,-1.059027191957887e-8,1.8013106663094536e-10
-59.09,-1.0600007306591506e-8,1.803290020515017e-10
-59.08,-1.06097532482638e-8,1.8052718710434238e-10
-59.07,-1.0619509757893724e-8,1.8072562237481446e-10
-59.06,-1.0629276848619111e-8,1.8092430811873352e-10
-59.05,-1.063905453359214e-8,1.8112324466963218e-10
-59.04,-1.0648842825968478e-8,1.8132243250546077e-10
-59.03,-1.0658641739078417e-8,1.815218717925925e-10
-59.02,-1.0668451285911688e-8,1.817215631054139e-10
-59.01,-1.0678271479976361e-8,1.8192150662528798e-10
-59.0,-1.0688102334412684e-8,1.8212170278725245e-10
-58.99,-1.0697943862525872e-8,1.823221519660065e-10
-58.98,-1.0707796077493514e-8,1.8252285452249439e-10
-58.97,-1.0717658993068596e-8,1.8272381068290923e-10
-58.96,-1.0727532622208145e-8,1.8292502095997027e-10
-58.95,-1.0737416978361474e-8,1.8312648570448734e-10
-58.94,-1.0747312074869666e-8,1.8332820529987158e-10
-58.93,-1.0757217925257053e-8,1.8353017992249368e-10
-58.92,-1.0767134542766958e-8,1.8373241019327427e-10
-58.91,-1.077706194102866e-8,1.8393489635260666e-10
-58.9,-1.0787000133358061e-8,1.8413763868696532e-10
-58.89,-1.0796949133282627e-8,1.843406376840532e-10
-58.88,-1.0806908954338232e-8,1.845438936857968e-10
-58.87,-1.081687961004578e-8,1.8474740698437993e-10
-58.86,-1.0826861113799975e-8,1.8495117800406537e-10
-58.85,-1.0836853479279009e-8,1.8515520715883472e-10
-58.84,-1.0846856720045445e-8,1.8535949467411846e-10
-58.83,-1.085687084958697e-8,1.8556404112928138e-10
-58.82,-1.0866895881585147e-8,1.857688467080322e-10
-58.81,-1.0876931829711272e-8,1.8597391190955311e-10
-58.8,-1.0886978707570074e-8,1.8617923692873983e-10
-58.79,-1.0897036528805567e-8,1.8638482237850419e-10
-58.78,-1.0907105307171441e-8,1.8659066843641503e-10
-58.77,-1.0917185056301303e-8,1.8679677556255672e-10
-58.76,-1.0927275789938125e-8,1.8700314408220612e-10
-58.75,-1.0937377521796671e-8,1.87209774392251e-10
-58.74,-1.0947490265726004e-8,1.8741666686875371e-10
-58.73,-1.0957614035406787e-8,1.8762382192840283e-10
-58.72,-1.0967748844739965e-8,1.87831239874703e-10
-58.71,-1.0977894707502575e-8,1.880389210878925e-10
-58.7,-1.098805163747518e-8,1.8824686604531764e-10
-58.69,-1.0998219648573434e-8,1.884550749692437e-10
-58.68,-1.1008398754725812e-8,1.8866354838807414e-10
-58.67,-1.1018588969738586e-8,1.8887228653134107e-10
-58.66,-1.1028790307613748e-8,1.8908128988901114e-10
-58.65,-1.1039002782028505e-8,1.8929055897411746e-10
-58.64,-1.1049226407576273e-8,1.8950009364087169e-10
-58.63,-1.1059461197591051e-8,1.897098948379637e-10
-58.62,-1.106970716631263e-8,1.899199626550472e-10
-58.61,-1.1079964327761415e-8,1.9013029764375174e-10
-58.6,-1.1090232695918949e-8,1.903409000621934e-10
-58.59,-1.1100512284928787e-8,1.9055177036857114e-10
-58.58,-1.1110803108827944e-8,1.9076290880567797e-10
-58.57,-1.1121105181655681e-8,1.9097431593278338e-10
-58.56,-1.113141851750779e-8,1.9118599216824332e-10
-58.55,-1.1141743130760533e-8,1.913979375297426e-10
-58.54,-1.1152079035328733e-8,1.9161015280042934e-10
-58.53,-1.116242624544407e-8,1.9182263817733687e-10
-58.52,-1.1172784775339742e-8,1.9203539415709892e-10
-58.51,-1.1183154639216962e-8,1.9224842104562087e-10
-58.5,-1.1193535851293114e-8,1.924617192917881e-10
-58.49,-1.1203928425752514e-8,1.9267528922305395e-10
-58.48,-1.1214332377103262e-8,1.928891312651014e-10
-58.47,-1.1224747719382129e-8,1.931032457531488e-10
-58.46,-1.1235174467074055e-8,1.9331763317062945e-10
-58.45,-1.1245612634522701e-8,1.9353229385796424e-10
-58.44,-1.1256062235940774e-8,1.937472281850531e-10
-58.43,-1.1266523285786497e-8,1.9396243658195339e-10
-58.42,-1.1276995798499631e-8,1.941779193623118e-10
-58.41,-1.1287479788487331e-8,1.9439367710170652e-10
-58.4,-1.1297975270148837e-8,1.9460971004507453e-10
-58.39,-1.1308482257914745e-8,1.948260185738059e-10
-58.38,-1.1319000766339886e-8,1.9504260318650148e-10
-58.37,-1.1329530809806031e-8,1.9525946421070964e-10
-58.36,-1.1340072403144561e-8,1.9547660206779298e-10
-58.35,-1.135062556049772e-8,1.956940171685882e-10
-58.34,-1.1361190296674748e-8,1.9591170979232136e-10
-58.33,-1.1371766626184655e-8,1.9612968049656233e-10
-58.32,-1.1382354563573614e-8,1.9634792958899593e-10
-58.31,-1.1392954123666382e-8,1.9656645759918833e-10
-58.3,-1.14035653209192e-8,1.9678526471838132e-10
-58.29,-1.1414188169984475e-8,1.970043515080402e-10
-58.28,-1.1424822685661909e-8,1.972237183258933e-10
-58.27,-1.1435468882587484e-8,1.9744336558292614e-10
-58.26,-1.1446126775558311e-8,1.9766329363727685e-10
-58.25,-1.1456796379248135e-8,1.9788350295704493e-10
-58.24,-1.1467477708470637e-8,1.9810399386155195e-10
-58.23,-1.147817077801024e-8,1.983247668634493e-10
-58.22,-1.1488875602676703e-8,1.9854582222729567e-10
-58.21,-1.149959219726919e-8,1.9876716062292164e-10
-58.2,-1.151032057667491e-8,1.9898878216453567e-10
-58.19,-1.152106075579263e-8,1.992106874233568e-10
-58.18,-1.153181274965136e-8,1.9943287679130096e-10
-58.17,-1.1542576572691863e-8,1.9965535054948156e-10
-58.16,-1.1553352240308442e-8,1.9987810921650305e-10
-58.15,-1.1564139767300475e-8,2.0010115332774465e-10
-58.14,-1.1574939168737033e-8,2.0032448303078494e-10
-58.13,-1.1585750459581914e-8,2.0054809890219222e-10
-58.12,-1.1596573654940581e-8,2.0077200136827935e-10
-58.11,-1.160740876942667e-8,2.0099619075281774e-10
-58.1,-1.1618255818662386e-8,2.0122066751735407e-10
-58.09,-1.162911481731883e-8,2.014454317942238e-10
-58.08,-1.1639985781009853e-8,2.0167048488660533e-10
-58.07,-1.1650868724364731e-8,2.0189582626906526e-10
-58.06,-1.1661763662705859e-8,2.0212145669140745e-10
-58.05,-1.1672670611198006e-8,2.0234737658994874e-10
-58.04,-1.168358958518873e-8,2.0257358639260243e-10
-58.03,-1.1694520599723637e-8,2.0280008642120083e-10
-58.02,-1.170546367008053e-8,2.030268771543089e-10
-58.01,-1.1716418811501377e-8,2.032539590944965e-10
-58.0,-1.1727386039248218e-8,2.0348133251880026e-10
-57.99,-1.1738365368801937e-8,2.0370899793120276e-10
-57.98,-1.1749356815266425e-8,2.0393695578473718e-10
-57.97,-1.1760360394089414e-8,2.041652064023682e-10
-57.96,-1.1771376120672879e-8,2.043937502938957e-10
-57.95,-1.1782404010377665e-8,2.046225878571327e-10
-57.94,-1.179344407856997e-8,2.0485171946212806e-10
-57.93,-1.1804496340765883e-8,2.0508114560068611e-10
-57.92,-1.1815560812341055e-8,2.0531086674300724e-10
-57.91,-1.182663750884466e-8,2.0554088316672352e-10
-57.9,-1.1837726445646624e-8,2.057711954764263e-10
-57.89,-1.1848827638533806e-8,2.0600180395459217e-10
-57.88,-1.1859941102888847e-8,2.0623270908003634e-10
-57.87,-1.1871066854212712e-8,2.0646391130326622e-10
-57.86,-1.1882204908126865e-8,2.0669541103239647e-10
-57.85,-1.1893355280406444e-8,2.0692720872091974e-10
-57.84,-1.1904517986466653e-8,2.071593047689527e-10
-57.83,-1.1915693042121333e-8,2.0739169966137378e-10
-57.82,-1.1926880463067305e-8,2.0762439372583258e-10
-57.81,-1.1938080264798194e-8,2.0785738752589744e-10
-57.8,-1.1949292463211553e-8,2.0809068139013028e-10
-57.79,-1.1960517074082711e-8,2.0832427583610685e-10
-57.78,-1.1971754113043828e-8,2.0855817122431413e-10
-57.77,-1.1983003595985884e-8,2.087923680507949e-10
-57.76,-1.1994265538672831e-8,2.090268668249414e-10
-57.75,-1.200553995700649e-8,2.0926166775362463e-10
-57.74,-1.2016826866814578e-8,2.094967714601541e-10
-57.73,-1.2028126283926776e-8,2.0973217828810844e-10
-57.72,-1.2039438224295946e-8,2.0996788879844394e-10
-57.71,-1.2050762703504573e-8,2.1020390333145633e-10
-57.7,-1.2062099738550161e-8,2.1044022236509174e-10
-57.69,-1.207344934446391e-8,2.1067684628810173e-10
-57.68,-1.208481153732519e-8,2.1091377564212714e-10
-57.67,-1.209618633342515e-8,2.111510108125786e-10
-57.66,-1.2107573748613381e-8,2.1138855221219736e-10
-57.65,-1.211897379908787e-8,2.1162640037657187e-10
-57.64,-1.213038650079613e-8,2.118645556521926e-10
-57.63,-1.2141811870026053e-8,2.12103018517396e-10
-57.62,-1.2153249923106718e-8,2.1234178930734002e-10
-57.61,-1.2164700675336952e-8,2.125808688511482e-10
-57.6,-1.2176164143762762e-8,2.12820257222034e-10
-57.59,-1.2187640344269564e-8,2.130599550417172e-10
-57.58,-1.219912929313778e-8,2.132999626089463e-10
-57.57,-1.2210631006573615e-8,2.135402805388538e-10
-57.56,-1.2222145500886172e-8,2.1378090917970115e-10
-57.55,-1.2233672792325063e-8,2.1402184901022152e-10
-57.54,-1.2245212897320783e-8,2.1426310051715701e-10
-57.53,-1.2256765832086847e-8,2.1450466413602632e-10
-57.52,-1.2268331613080933e-8,2.1474654030436284e-10
-57.51,-1.2279910256644972e-8,2.1498872947893554e-10
-57.5,-1.2291501779208088e-8,2.1523123211629782e-10
-57.49,-1.2303106197248147e-8,2.15474048668564e-10
-57.48,-1.2314723527086564e-8,2.157171796321478e-10
-57.47,-1.2326353785428917e-8,2.1596062547987254e-10
-57.46,-1.233799698862175e-8,2.1620438653631842e-10
-57.45,-1.2349653153301032e-8,2.1644846345682345e-10
-57.44,-1.2361322295762479e-8,2.1669285646525551e-10
-57.43,-1.2373004433241357e-8,2.169375662603634e-10
-57.42,-1.2384699581292622e-8,2.171825931551898e-10
-57.41,-1.2396407757402172e-8,2.1742793768260537e-10
-57.4,-1.2408128978029084e-8,2.1767360028635113e-10
-57.39,-1.2419863259688806e-8,2.1791958140639559e-10
-57.38,-1.2431610619167676e-8,2.1816588156041148e-10
-57.37,-1.2443371073238216e-8,2.18412501074036e-10
-57.36,-1.2455144638653918e-8,2.1865944058204482e-10
-57.35,-1.2466931332071058e-8,2.1890670052100726e-10
-57.34,-1.2478731170375282e-8,2.1915428128068655e-10
-57.33,-1.2490544170362704e-8,2.1940218337432718e-10
-57.32,-1.2502370348865647e-8,2.196504073146992e-10
-57.31,-1.251420972280475e-8,2.1989895347629468e-10
-57.3,-1.2526062309026727e-8,2.201478224575814e-10
-57.29,-1.2537928124412345e-8,2.203970145660221e-10
-57.28,-1.2549807185982741e-8,2.2064653036028013e-10
-57.27,-1.2561699510675726e-8,2.2089637037561826e-10
-57.26,-1.2573605115473213e-8,2.2114653499779425e-10
-57.25,-1.2585524017423544e-8,2.2139702474407318e-10
-57.24,-1.2597456233536217e-8,2.2164784005277575e-10
-57.23,-1.2609401780827061e-8,2.218989814125269e-10
-57.22,-1.2621360676439074e-8,2.221504493592235e-10
-57.21,-1.2633332937543258e-8,2.2240224426756041e-10
-57.2,-1.2645318581118316e-8,2.2265436670358644e-10
-57.19,-1.2657317624488033e-8,2.2290681709557302e-10
-57.18,-1.2669330084891085e-8,2.2315959583276358e-10
-57.17,-1.2681355979181259e-8,2.234127037281413e-10
-57.16,-1.269339532504383e-8,2.2366614091032088e-10
-57.15,-1.2705448139488176e-8,2.2391990794609317e-10
-57.14,-1.2717514439752379e-8,2.241740054859624e-10
-57.13,-1.2729594243344516e-8,2.244284338591657e-10
-57.12,-1.2741687567447624e-8,2.2468319357068002e-10
-57.11,-1.2753794429532697e-8,2.249382850720264e-10
-57.1,-1.2765914846928746e-8,2.251937089309621e-10
-57.09,-1.2778048837026405e-8,2.2544946560747643e-10
-57.08,-1.2790196417331567e-8,2.2570555554990907e-10
-57.07,-1.280235760522566e-8,2.2596197933547535e-10
-57.06,-1.2814532418244397e-8,2.2621873734341273e-10
-57.05,-1.2826720873935928e-8,2.2647583009857223e-10
-57.04,-1.2838922989757509e-8,2.2673325815242815e-10
-57.03,-1.2851138783356428e-8,2.2699102195755642e-10
-57.02,-1.2863368272220837e-8,2.2724912197003157e-10
-57.01,-1.2875611474041483e-8,2.2750755872638017e-10
-57.0,-1.2887868406482537e-8,2.2776633272313683e-10
-56.99,-1.2900139087149381e-8,2.2802544447791179e-10
-56.98,-1.2912423533717473e-8,2.282848944241077e-10
-56.97,-1.2924721763976386e-8,2.2854468304637877e-10
-56.96,-1.2937033795627084e-8,2.28804810924712e-10
-56.95,-1.294935964643552e-8,2.2906527851859847e-10
-56.94,-1.2961699334174122e-8,2.2932608630548165e-10
-56.93,-1.2974052876719225e-8,2.2958723477729102e-10
-56.92,-1.29864202918977e-8,2.2984872450785555e-10
-56.91,-1.2998801597568856e-8,2.3011055596525097e-10
-56.9,-1.301119681160139e-8,2.3037272963809588e-10
-56.89,-1.3023605951971809e-8,2.306352459755561e-10
-56.88,-1.303602903658507e-8,2.3089810552876937e-10
-56.87,-1.304846608343987e-8,2.311613088740862e-10
-56.86,-1.3060917110607541e-8,2.3142485641776837e-10
-56.85,-1.3073382136016754e-8,2.3168874874204194e-10
-56.84,-1.308586117767076e-8,2.3195298627561608e-10
-56.83,-1.3098354253785066e-8,2.3221756956911744e-10
-56.82,-1.3110861382449088e-8,2.3248249913963205e-10
-56.81,-1.3123382581667657e-8,2.3274777547528026e-10
-56.8,-1.3135917869778364e-8,2.330133990625711e-10
-56.79,-1.3148467264827757e-8,2.3327937052629804e-10
-56.78,-1.3161030785047178e-8,2.3354569023272434e-10
-56.77,-1.3173608448716541e-8,2.3381235877664026e-10
-56.76,-1.3186200274027377e-8,2.340793766602273e-10
-56.75,-1.319880627946964e-8,2.3434674440387383e-10
-56.74,-1.3211426483083854e-8,2.3461446251775275e-10
-56.73,-1.3224060903412052e-8,2.348825315077512e-10
-56.72,-1.3236709558706541e-8,2.351509519057498e-10
-56.71,-1.3249372467465226e-8,2.354197242233947e-10
-56.7,-1.3262049648046529e-8,2.3568884894384963e-10
-56.69,-1.3274741118981912e-8,2.3595832668195785e-10
-56.68,-1.328744689845386e-8,2.362281578672829e-10
-56.67,-1.330016700563081e-8,2.364983430158106e-10
-56.66,-1.3312901458351049e-8,2.3676888271865164e-10
-56.65,-1.3325650275354973e-8,2.370397774664756e-10
-56.64,-1.3338413475490395e-8,2.373110277911502e-10
-56.63,-1.3351191077137034e-8,2.375826341926246e-10
-56.62,-1.3363983098945402e-8,2.378545972348704e-10
-56.61,-1.3376789559575194e-8,2.3812691746917843e-10
-56.6,-1.3389610477931424e-8,2.3839959526308917e-10
-56.59,-1.340244587242561e-8,2.386726313102415e-10
-56.58,-1.3415295762009869e-8,2.389460261342872e-10
-56.57,-1.3428160165383531e-8,2.392197802062485e-10
-56.56,-1.3441039101424389e-8,2.394938940633077e-10
-56.55,-1.3453932588837175e-8,2.3976836822567625e-10
-56.54,-1.3466840646694901e-8,2.400432032798423e-10
-56.53,-1.347976329353024e-8,2.4031839976722653e-10
-56.52,-1.3492700548529653e-8,2.4059395807026953e-10
-56.51,-1.3505652430648437e-8,2.4086987891672665e-10
-56.5,-1.3518618958669993e-8,2.411461627193911e-10
-56.49,-1.3531600151760883e-8,2.41422810065864e-10
-56.48,-1.3544596028881005e-8,2.4169982151240367e-10
-56.47,-1.3557606609035524e-8,2.4197719757602286e-10
-56.46,-1.357063191143042e-8,2.422549387801469e-10
-56.45,-1.3583671955048583e-8,2.425330456525624e-10
-56.44,-1.3596726759023069e-8,2.428115187636213e-10
-56.43,-1.3609796342558095e-8,2.430903586910093e-10
-56.42,-1.3622880724858634e-8,2.4336956590659397e-10
-56.41,-1.3635979925124846e-8,2.436491409955068e-10
-56.4,-1.36490939626474e-8,2.439290843968081e-10
-56.39,-1.3662222856622101e-8,2.442093969422747e-10
-56.38,-1.3675366626407441e-8,2.4449007890040384e-10
-56.37,-1.3688525291301553e-8,2.4477113091581776e-10
-56.36,-1.3701698870676693e-8,2.450525535514011e-10
-56.35,-1.3714887384011525e-8,2.4533434732725103e-10
-56.34,-1.3728090850534748e-8,2.4561651280551006e-10
-56.33,-1.3741309289815774e-8,2.4589905047346376e-10
-56.32,-1.3754542721311099e-8,2.461819610226374e-10
-56.31,-1.3767791164491275e-8,2.4646524488944053e-10
-56.3,-1.3781054638932313e-8,2.467489026684843e-10
-56.29,-1.3794333164193932e-8,2.4703293493349625e-10
-56.28,-1.380762675975666e-8,2.473173422084647e-10
-56.27,-1.382093544540132e-8,2.47602125077626e-10
-56.26,-1.383425924068347e-8,2.478872840884984e-10
-56.25,-1.3847598165236875e-8,2.481728197339283e-10
-56.24,-1.3860952238853516e-8,2.4845873272188104e-10
-56.23,-1.3874321481166974e-8,2.4874502345972504e-10
-56.22,-1.3887705911986546e-8,2.4903169265762367e-10
-56.21,-1.390110555144991e-8,2.49318740683719e-10
-56.2,-1.3914520418382554e-8,2.496061682775543e-10
-56.19,-1.3927950533644774e-8,2.4989397599102656e-10
-56.18,-1.3941395916748385e-8,2.501821642620876e-10
-56.17,-1.3954856587474337e-8,2.5047073373976214e-10
-56.16,-1.3968332565997325e-8,2.5075968497413304e-10
-56.15,-1.3981823872130741e-8,2.5104901857847146e-10
-56.14,-1.3995330525842656e-8,2.513387350845004e-10
-56.13,-1.400885254725469e-8,2.5162883506612003e-10
-56.12,-1.402238995623681e-8,2.519193190201216e-10
-56.11,-1.4035942773245097e-8,2.522101877634463e-10
-56.1,-1.4049511018044905e-8,2.5250144148657447e-10
-56.09,-1.4063094710866732e-8,2.5279308113065315e-10
-56.08,-1.4076693871966347e-8,2.530851070066911e-10
-56.07,-1.4090308521303254e-8,2.5337751990075484e-10
-56.06,-1.4103938679443254e-8,2.5367032015081714e-10
-56.05,-1.41175843663802e-8,2.539635085454832e-10
-56.04,-1.4131245602435853e-8,2.5425708562895634e-10
-56.03,-1.4144922408113152e-8,2.545510518428141e-10
-56.02,-1.4158614803583921e-8,2.5484540793555543e-10
-56.01,-1.4172322809362546e-8,2.5514015437107807e-10
-56.0,-1.4186046445642061e-8,2.5543529181061275e-10
-55.99,-1.4199785733032785e-8,2.557308207525406e-10
-55.98,-1.4213540691940258e-8,2.560267418557497e-10
-55.97,-1.4227311342850296e-8,2.563230557044528e-10
-55.96,-1.4241097706448678e-8,2.566197628329375e-10
-55.95,-1.4254899803073658e-8,2.5691686390136055e-10
-55.94,-1.4268717653434198e-8,2.5721435938260544e-10
-55.93,-1.4282551278076272e-8,2.5751224997810636e-10
-55.92,-1.4296400697763267e-8,2.578105361966517e-10
-55.91,-1.4310265932988931e-8,2.5810921865759706e-10
-55.9,-1.4324147004660827e-8,2.584082980073745e-10
-55.89,-1.4338043933383443e-8,2.58707774803694e-10
-55.88,-1.4351956740011295e-8,2.5900764963692835e-10
-55.87,-1.436588544530419e-8,2.5930792305910617e-10
-55.86,-1.4379830070064114e-8,2.596085957011359e-10
-55.85,-1.4393790635243943e-8,2.5990966816666844e-10
-55.84,-1.4407767161688962e-8,2.6021114105990704e-10
-55.83,-1.4421759670289088e-8,2.6051301493373653e-10
-55.82,-1.4435768181992649e-8,2.608152904941359e-10
-55.81,-1.4449792717932896e-8,2.611179682182789e-10
-55.8,-1.4463833298905702e-8,2.6142104877552375e-10
-55.79,-1.447788994606511e-8,2.617245327594636e-10
-55.78,-1.44919626805051e-8,2.6202842075291315e-10
-55.77,-1.4506051523457002e-8,2.623327133634491e-10
-55.76,-1.4520156495761434e-8,2.6263741123310107e-10
-55.75,-1.4534277618846932e-8,2.629425149442266e-10
-55.74,-1.4548414914182255e-8,2.6324802498549817e-10
-55.73,-1.4562568401859518e-8,2.635539423333721e-10
-55.72,-1.4576738104331271e-8,2.638602672487059e-10
-55.71,-1.4590924042539625e-8,2.641670003969579e-10
-55.7,-1.460512623773536e-8,2.6447414241923457e-10
-55.69,-1.4619344711270279e-8,2.6478169398949703e-10
-55.68,-1.4633579484616322e-8,2.65089655617612e-10
-55.67,-1.4647830579162571e-8,2.65398028079627e-10
-55.66,-1.4662098016346674e-8,2.657068118580046e-10
-55.65,-1.4676381817892905e-8,2.66016007696643e-10
-55.64,-1.4690682004617693e-8,2.6632561587589623e-10
-55.63,-1.4704998598885834e-8,2.666356373769552e-10
-55.62,-1.4719331621829608e-8,2.66946072717814e-10
-55.61,-1.4733681095191335e-8,2.672569225366413e-10
-55.6,-1.474804704073141e-8,2.675681873276293e-10
-55.59,-1.4762429479836084e-8,2.6787986784966035e-10
-55.58,-1.477682843438189e-8,2.681919647150715e-10
-55.57,-1.479124392624671e-8,2.6850447849892124e-10
-55.56,-1.4805675976919543e-8,2.6881740982256903e-10
-55.55,-1.4820124608498285e-8,2.6913075940068423e-10
-55.54,-1.483458984251024e-8,2.694445277870016e-10
-55.53,-1.4849071701134175e-8,2.6975871559367256e-10
-55.52,-1.4863570206077056e-8,2.7007332343894e-10
-55.51,-1.4878085379306823e-8,2.703883520794755e-10
-55.5,-1.4892617242905796e-8,2.7070380202742767e-10
-55.49,-1.4907165818723623e-8,2.7101967395511425e-10
-55.48,-1.4921731128887762e-8,2.71335968520964e-10
-55.47,-1.4936313195443836e-8,2.716526863003654e-10
-55.46,-1.4950912040302527e-8,2.7196982801064946e-10
-55.45,-1.4965527686102773e-8,2.7228739413562467e-10
-55.44,-1.4980160154431574e-8,2.7260538550134747e-10
-55.43,-1.49948094677801e-8,2.729238026582806e-10
-55.42,-1.50094756484046e-8,2.732426463005268e-10
-55.41,-1.5024158718455695e-8,2.7356191692732755e-10
-55.4,-1.503885870028555e-8,2.738816153907306e-10
-55.39,-1.5053575616231567e-8,2.742017421735933e-10
-55.38,-1.5068309488607788e-8,2.7452229796680883e-10
-55.37,-1.5083060339755986e-8,2.748432834633498e-10
-55.36,-1.5097828192399023e-8,2.751646992407873e-10
-55.35,-1.5112613068626385e-8,2.754865459497357e-10
-55.34,-1.512741499104932e-8,2.7580882439284203e-10
-55.33,-1.5142233982416042e-8,2.7613153495869186e-10
-55.32,-1.5157070065099962e-8,2.764546784978727e-10
-55.31,-1.5171923261567626e-8,2.767782555728657e-10
-55.3,-1.5186793594608555e-8,2.771022668723598e-10
-55.29,-1.520168108697982e-8,2.774267131061796e-10
-55.28,-1.521658576120166e-8,2.7775159481272183e-10
-55.27,-1.5231507640064796e-8,2.7807691290333527e-10
-55.26,-1.5246446746437676e-8,2.784026674239652e-10
-55.25,-1.526140310295993e-8,2.787288596968165e-10
-55.24,-1.5276376732576725e-8,2.790554900986331e-10
-55.23,-1.5291367658084188e-8,2.793825593582706e-10
-55.22,-1.5306375902381245e-8,2.7971006812574574e-10
-55.21,-1.5321401488437715e-8,2.8003801699855366e-10
-55.2,-1.5336444439252167e-8,2.8036640667684296e-10
-55.19,-1.5351504777682242e-8,2.806952379124881e-10
-55.18,-1.536658252680623e-8,2.8102451119123687e-10
-55.17,-1.5381677710065815e-8,2.8135422738281744e-10
-55.16,-1.5396790350112147e-8,2.8168438704743765e-10
-55.15,-1.5411920470165788e-8,2.820149909025557e-10
-55.14,-1.54270680935033e-8,2.823460395640762e-10
-55.13,-1.5442233243313614e-8,2.8267753370912017e-10
-55.12,-1.5457415942782823e-8,2.830094740489856e-10
-55.11,-1.5472616215292292e-8,2.833418612778939e-10
-55.1,-1.548783408407687e-8,2.836746959833878e-10
-55.09,-1.550306957254011e-8,2.840079788797054e-10
-55.08,-1.5518322703959292e-8,2.8434171074242587e-10
-55.07,-1.5533593501822835e-8,2.846758920936267e-10
-55.06,-1.5548881989597146e-8,2.850105237540666e-10
-55.05,-1.556418819075944e-8,2.8534560628341416e-10
-55.04,-1.5579512128818244e-8,2.856811404541559e-10
-55.03,-1.5594853827344452e-8,2.8601712694299434e-10
-55.02,-1.5610213309892666e-8,2.863535663916744e-10
-55.01,-1.5625590600173316e-8,2.866904595001937e-10
-55.0,-1.5640985721749614e-8,2.8702780701628333e-10
-54.99,-1.5656398698715833e-8,2.873656093212794e-10
-54.98,-1.567182955379211e-8,2.877038677155735e-10
-54.97,-1.5687278311864957e-8,2.880425824137868e-10
-54.96,-1.5702744996169618e-8,2.8838175419378707e-10
-54.95,-1.5718229630598373e-8,2.887213837851849e-10
-54.94,-1.573373223922644e-8,2.8906147192321614e-10
-54.93,-1.574925284577348e-8,2.894020192085809e-10
-54.92,-1.5764791474272655e-8,2.8974302640611063e-10
-54.91,-1.5780348148630775e-8,2.900844941637428e-10
-54.9,-1.579592289306426e-8,2.904264233107779e-10
-54.89,-1.58115157313519e-8,2.907688144154088e-10
-54.88,-1.5827126687695062e-8,2.911116681961462e-10
-54.87,-1.5842755786253383e-8,2.914549854117497e-10
-54.86,-1.5858403051237623e-8,2.9179876667553125e-10
-54.85,-1.587406850665646e-8,2.9214301281577973e-10
-54.84,-1.5889752177087483e-8,2.9248772443325574e-10
-54.83,-1.5905454086491932e-8,2.9283290226597976e-10
-54.82,-1.592117425925918e-8,2.93178547025487e-10
-54.81,-1.593691271980609e-8,2.935246594104098e-10
-54.8,-1.5952669492388505e-8,2.9387124026906865e-10
-54.79,-1.5968444601571405e-8,2.9421829004065337e-10
-54.78,-1.5984238071662725e-8,2.9456580966678125e-10
-54.77,-1.6000049927236767e-8,2.949137997302736e-10
-54.76,-1.601588019283905e-8,2.9526226106511147e-10
-54.75,-1.603172889286978e-8,2.956111943208694e-10
-54.74,-1.604759605213231e-8,2.959606002068805e-10
-54.73,-1.6063481695346632e-8,2.963104794809961e-10
-54.72,-1.6079385847006912e-8,2.966608327588384e-10
-54.71,-1.609530853166454e-8,2.970116609260171e-10
-54.7,-1.6111249774402183e-8,2.973629646348743e-10
-54.69,-1.6127209599832728e-8,2.977147445543669e-10
-54.68,-1.6143188032789507e-8,2.9806700144872233e-10
-54.67,-1.6159185098216612e-8,2.9841973604771074e-10
-54.66,-1.6175200820907184e-8,2.987729490978876e-10
-54.65,-1.619123522580148e-8,2.9912664134201866e-10
-54.64,-1.620728833792453e-8,2.994808134391194e-10
-54.63,-1.6223360182307865e-8,2.9983546614014557e-10
-54.62,-1.623945078394606e-8,3.0019060024709287e-10
-54.61,-1.6255560167952716e-8,3.005462164697924e-10
-54.6,-1.627168835930458e-8,3.009023154840668e-10
-54.59,-1.6287835383479672e-8,3.012588980477525e-10
-54.58,-1.6304001265397e-8,3.0161596492467554e-10
-54.57,-1.6320186030416665e-8,3.01973516895495e-10
-54.56,-1.6336389703770198e-8,3.023315545708181e-10
-54.55,-1.635261231085698e-8,3.026900788153495e-10
-54.54,-1.636885387690931e-8,3.030490903327386e-10
-54.53,-1.6385114427318418e-8,3.03408589857408e-10
-54.52,-1.6401393987561452e-8,3.0376857815808023e-10
-54.51,-1.6417692583186515e-8,3.0412905593541305e-10
-54.5,-1.643401023956373e-8,3.0449002396736913e-10
-54.49,-1.6450346982274108e-8,3.0485148296979994e-10
-54.48,-1.6466702836874493e-8,3.0521343381643485e-10
-54.47,-1.6483077829046928e-8,3.0557587710414965e-10
-54.46,-1.649947198435582e-8,3.059388136175379e-10
-54.45,-1.651588532863663e-8,3.063022441881152e-10
-54.44,-1.6532317887526605e-8,3.06666169514971e-10
-54.43,-1.6548769686726186e-8,3.0703059040333437e-10
-54.42,-1.656524075230254e-8,3.073955075079695e-10
-54.41,-1.658173110978351e-8,3.0776092173239547e-10
-54.4,-1.6598240785362435e-8,3.0812683367536043e-10
-54.39,-1.661476980480909e-8,3.0849324424293294e-10
-54.38,-1.6631318194010273e-8,3.0886015407923054e-10
-54.37,-1.6647885979103543e-8,3.0922756406464545e-10
-54.36,-1.6664473186126995e-8,3.0959547491013686e-10
-54.35,-1.6681079841164188e-8,3.099638873496423e-10
-54.34,-1.669770597024653e-8,3.1033280219717577e-10
-54.33,-1.6714351599688212e-8,3.107022201587075e-10
-54.32,-1.673101675551667e-8,3.110721421517964e-10
-54.31,-1.6747701464164343e-8,3.1144256876587014e-10
-54.3,-1.6764405751774464e-8,3.11813500965177e-10
-54.29,-1.6781129644766106e-8,3.121849393480293e-10
-54.28,-1.679787316938732e-8,3.1255688476189997e-10
-54.27,-1.6814636352170265e-8,3.1292933798398397e-10
-54.26,-1.683141921952358e-8,3.133022998090122e-10
-54.25,-1.684822179788785e-8,3.136757710355401e-10
-54.24,-1.6865044113581768e-8,3.140497524202844e-10
-54.23,-1.6881886193780606e-8,3.1442424459600207e-10
-54.22,-1.6898748064528797e-8,3.147992485890225e-10
-54.21,-1.691562975257748e-8,3.151747651650765e-10
-54.2,-1.6932531284756297e-8,3.155507949167886e-10
-54.19,-1.6949452687612976e-8,3.1592733879378275e-10
-54.18,-1.6966393988044482e-8,3.1630439753767283e-10
-54.17,-1.6983355212798084e-8,3.1668197191881627e-10
-54.16,-1.7000336388809164e-8,3.170600627265992e-10
-54.15,-1.7017337542909028e-8,3.1743867083115967e-10
-54.14,-1.7034358701773845e-8,3.178177969817838e-10
-54.13,-1.705139989274529e-8,3.1819744200055065e-10
-54.12,-1.7068461142648983e-8,3.1857760661428823e-10
-54.11,-1.7085542478598392e-8,3.189582916411843e-10
-54.1,-1.7102643927787523e-8,3.193394979160505e-10
-54.09,-1.7119765517033462e-8,3.1972122626280343e-10
-54.08,-1.7136907273720358e-8,3.2010347745494967e-10
-54.07,-1.7154069225008977e-8,3.2048625222901935e-10
-54.06,-1.7171251398195654e-8,3.208695515014429e-10
-54.05,-1.718845382068355e-8,3.212533759919929e-10
-54.04,-1.7205676519509256e-8,3.216377265736309e-10
-54.03,-1.722291952226406e-8,3.220226040431435e-10
-54.02,-1.724018285635864e-8,3.224080091593161e-10
-54.01,-1.725746654926961e-8,3.2279394282235235e-10
-54.0,-1.727477062835872e-8,3.231804058129763e-10
-53.99,-1.7292095121318032e-8,3.23567398879898e-10
-53.98,-1.730944005575483e-8,3.23954922937542e-10
-53.97,-1.73268054591581e-8,3.243429787088971e-10
-53.96,-1.734419135911432e-8,3.247315671623763e-10
-53.95,-1.7361597783740764e-8,3.2512068891416237e-10
-53.94,-1.7379024760444916e-8,3.2551034494825027e-10
-53.93,-1.739647231718066e-8,3.2590053598221916e-10
-53.92,-1.741394048165335e-8,3.2629126297455554e-10
-53.91,-1.7431429281836383e-8,3.2668252658250863e-10
-53.9,-1.744893874564308e-8,3.2707432785211154e-10
-53.89,-1.746646890099863e-8,3.2746666740993497e-10
-53.88,-1.748401977598226e-8,3.2785954617966986e-10
-53.87,-1.7501591398514945e-8,3.2825296497425825e-10
-53.86,-1.751918379694883e-8,3.286469246409681e-10
-53.85,-1.753679699920786e-8,3.2904142592930766e-10
-53.84,-1.7554431033464543e-8,3.294364697843152e-10
-53.83,-1.7572085927994538e-8,3.298320570586898e-10
-53.82,-1.758976171112016e-8,3.3022818853557744e-10
-53.81,-1.7607458411051392e-8,3.306248649997548e-10
-53.8,-1.7625176056222064e-8,3.3102208739477824e-10
-53.79,-1.7642914674937607e-8,3.314198565341616e-10
-53.78,-1.7660674295687774e-8,3.318181732581388e-10
-53.77,-1.767845494721017e-8,3.3221703829702787e-10
-53.76,-1.7696256657322922e-8,3.326164528194177e-10
-53.75,-1.771407945526874e-8,3.3301641740465706e-10
-53.74,-1.77319233694491e-8,3.3341693293294603e-10
-53.73,-1.7749788428402797e-8,3.3381800028224806e-10
-53.72,-1.7767674661082586e-8,3.342196203683812e-10
-53.71,-1.7785582095991978e-8,3.34621793926676e-10
-53.7,-1.7803510762008334e-8,3.350245219691183e-10
-53.69,-1.7821460687934817e-8,3.354278051840647e-10
-53.68,-1.783943190257561e-8,3.358316446116295e-10
-53.67,-1.7857424435200637e-8,3.3623604092521533e-10
-53.66,-1.7875438314320053e-8,3.366409950746681e-10
-53.65,-1.7893473569200845e-8,3.370465080040188e-10
-53.64,-1.7911530228762695e-8,3.3745258042076054e-10
-53.63,-1.7929608322137228e-8,3.3785921342668575e-10
-53.62,-1.7947707878629585e-8,3.382664075212387e-10
-53.61,-1.796582892717886e-8,3.386741639309011e-10
-53.6,-1.7983971497149066e-8,3.390824833910941e-10
-53.59,-1.800213561781289e-8,3.394913666955932e-10
-53.58,-1.8020321318344166e-8,3.399008148543113e-10
-53.57,-1.803852862836445e-8,3.40310828697142e-10
-53.56,-1.8056757577027176e-8,3.407214090416045e-10
-53.55,-1.8075008193968438e-8,3.411325568824353e-10
-53.54,-1.809328050860628e-8,3.4154427300515527e-10
-53.53,-1.811157455035951e-8,3.4195655830740344e-10
-53.52,-1.812989034906391e-8,3.4236941371264e-10
-53.51,-1.8148227934263568e-8,3.427828400597487e-10
-53.5,-1.8166587335510717e-8,3.4319683820790596e-10
-53.49,-1.8184968582697794e-8,3.436114092031341e-10
-53.48,-1.8203371705457822e-8,3.44026553813377e-10
-53.47,-1.822179673370123e-8,3.444422728414111e-10
-53.46,-1.824024369725544e-8,3.448585673347146e-10
-53.45,-1.825871262595909e-8,3.452754381186839e-10
-53.44,-1.82772035499193e-8,3.456928861693311e-10
-53.43,-1.829571649900349e-8,3.461109122642545e-10
-53.42,-1.8314251503330213e-8,3.4652951734117374e-10
-53.41,-1.8332808592898732e-8,3.4694870241063144e-10
-53.4,-1.8351387797942145e-8,3.4736846821820604e-10
-53.39,-1.836998914863259e-8,3.4778881573643465e-10
-53.38,-1.838861267504012e-8,3.482097459176202e-10
-53.37,-1.8407258407708023e-8,3.486312595464874e-10
-53.36,-1.8425926376751734e-8,3.490533575916436e-10
-53.35,-1.8444616612575386e-8,3.4947604103202564e-10
-53.34,-1.8463329145695497e-8,3.498993106881637e-10
-53.33,-1.848206400639408e-8,3.503231675078008e-10
-53.32,-1.8500821225344785e-8,3.50747612411028e-10
-53.31,-1.8519600833007072e-8,3.5117264630794495e-10
-53.3,-1.8538402860402488e-8,3.5159827015966794e-10
-53.29,-1.855722733708523e-8,3.5202448473662333e-10
-53.28,-1.8576074294750655e-8,3.5245129115394654e-10
-53.27,-1.859494376395333e-8,3.528786901786453e-10
-53.26,-1.8613835775197483e-8,3.5330668282359166e-10
-53.25,-1.8632750359617187e-8,3.5373527004666005e-10
-53.24,-1.865168754790048e-8,3.5416445268784923e-10
-53.23,-1.867064737111469e-8,3.545942316914619e-10
-53.22,-1.8689629860189544e-8,3.5502460802916174e-10
-53.21,-1.8708635046266424e-8,3.5545558246876525e-10
-53.2,-1.8727662959883443e-8,3.558871563501039e-10
-53.19,-1.8746713632798062e-8,3.56319330159771e-10
-53.18,-1.8765787095976055e-8,3.567521051201822e-10
-53.17,-1.878488338063202e-8,3.5718548202218597e-10
-53.16,-1.8804002517880948e-8,3.576194618496025e-10
-53.15,-1.882314453926157e-8,3.5805404554231915e-10
-53.14,-1.8842309476026243e-8,3.5848923403167764e-10
-53.13,-1.8861497359617733e-8,3.589250283080787e-10
-53.12,-1.8880708221380404e-8,3.593614293090481e-10
-53.11,-1.889994209305983e-8,3.597984379393278e-10
-53.1,-1.8919199005891107e-8,3.602360551991911e-10
-53.09,-1.893847899173845e-8,3.6067428200466094e-10
-53.08,-1.8957782082164343e-8,3.6111311926417637e-10
-53.07,-1.8977108308900495e-8,3.6155256803683083e-10
-53.06,-1.8996457703633376e-8,3.619926292603246e-10
-53.05,-1.9015830298215616e-8,3.6243330378071763e-10
-53.04,-1.9035226124463402e-8,3.628745927067737e-10
-53.03,-1.9054645214324654e-8,3.633164969298142e-10
-53.02,-1.9074087599551355e-8,3.63759017437529e-10
-53.01,-1.909355331253662e-8,3.6420215510556704e-10
-53.0,-1.911304238494902e-8,3.646459110526379e-10
-52.99,-1.9132554849043486e-8,3.6509028611156635e-10
-52.98,-1.915209073696485e-8,3.6553528132196875e-10
-52.97,-1.9171650080857876e-8,3.6598089760870707e-10
-52.96,-1.9191232912910797e-8,3.664271359971573e-10
-52.95,-1.9210839265502352e-8,3.668739974677296e-10
-52.94,-1.923046917106364e-8,3.673214829465994e-10
-52.93,-1.925012266184347e-8,3.677695934331797e-10
-52.92,-1.9269799770305006e-8,3.6821832997453447e-10
-52.91,-1.9289500528968266e-8,3.6866769340671567e-10
-52.9,-1.930922497037752e-8,3.6911768478369593e-10
-52.89,-1.932897312714109e-8,3.695683051424191e-10
-52.88,-1.9348745031970767e-8,3.7001955543000706e-10
-52.87,-1.9368540717366353e-8,3.7047143661455564e-10
-52.86,-1.9388360216150437e-8,3.7092394973011404e-10
-52.85,-1.9408203561079064e-8,3.7137709573890705e-10
-52.84,-1.942807078518668e-8,3.7183087564577863e-10
-52.83,-1.9447961921100606e-8,3.7228529056449883e-10
-52.82,-1.9467877002180326e-8,3.727403411183835e-10
-52.81,-1.9487816060994204e-8,3.731960286722655e-10
-52.8,-1.950777913076255e-8,3.736523540731646e-10
-52.79,-1.9527766244571856e-8,3.7410931846588285e-10
-52.78,-1.954777743553354e-8,3.745669226420842e-10
-52.77,-1.9567812737114918e-8,3.750251677997611e-10
-52.76,-1.958787218206364e-8,3.7548405483627444e-10
-52.75,-1.9607955804092207e-8,3.759435847613538e-10
-52.74,-1.9628063636057312e-8,3.7640375877301964e-10
-52.73,-1.9648195712453435e-8,3.768645774519989e-10
-52.72,-1.9668352065696475e-8,3.7732604222565017e-10
-52.71,-1.9688532729653777e-8,3.777881539852537e-10
-52.7,-1.9708737737857736e-8,3.7825091372373647e-10
-52.69,-1.9728967123874307e-8,3.787143224199167e-10
-52.68,-1.9749220921575338e-8,3.791783811999841e-10
-52.67,-1.976949916443422e-8,3.796430910736789e-10
-52.66,-1.9789801886413236e-8,3.8010845294760896e-10
-52.65,-1.9810129121192724e-8,3.8057446794249185e-10
-52.64,-1.9830480902657588e-8,3.810411371282553e-10
-52.63,-1.98508572649049e-8,3.815084614442563e-10
-52.62,-1.987125824175464e-8,3.819764419585373e-10
-52.61,-1.989168386735242e-8,3.8244507974549763e-10
-52.6,-1.9912134175630696e-8,3.829143757602894e-10
-52.59,-1.9932609200943623e-8,3.833843311048129e-10
-52.58,-1.9953108977274022e-8,3.8385494677973206e-10
-52.57,-1.9973633538999258e-8,3.843262238319276e-10
-52.56,-1.9994182920407592e-8,3.847981633490554e-10
-52.55,-2.0014757156026198e-8,3.85270766330897e-10
-52.54,-2.0035356279619044e-8,3.8574403388610617e-10
-52.53,-2.0055980326301435e-8,3.862179669633578e-10
-52.52,-2.0076629330406585e-8,3.8669256670585563e-10
-52.51,-2.009730332652411e-8,3.871678340818618e-10
-52.5,-2.0118002349097356e-8,3.876437702496722e-10
-52.49,-2.0138726433082792e-8,3.881203761366878e-10
-52.48,-2.0159475613022018e-8,3.885976528745941e-10
-52.47,-2.0180249923688813e-8,3.890756015097802e-10
-52.46,-2.0201049399898326e-8,3.8955422321040805e-10
-52.45,-2.0221874076793652e-8,3.900335188534596e-10
-52.44,-2.0242723989016272e-8,3.905134896419941e-10
-52.43,-2.026359917167607e-8,3.909941365759075e-10
-52.42,-2.0284499659915728e-8,3.914754607418721e-10
-52.41,-2.030542548863758e-8,3.9195746318129e-10
-52.4,-2.0326376693274494e-8,3.9244014507190005e-10
-52.39,-2.0347353308836557e-8,3.9292350739192284e-10
-52.38,-2.036835537074234e-8,3.9340755121459286e-10
-52.37,-2.0389382914158125e-8,3.938922776345632e-10
-52.36,-2.041043597447038e-8,3.943776877486178e-10
-52.35,-2.0431514587387813e-8,3.948637826248533e-10
-52.34,-2.0452618788117576e-8,3.9535056339068457e-10
-52.33,-2.0473748612342565e-8,3.958380311157483e-10
-52.32,-2.049490409565997e-8,3.9632618681288225e-10
-52.31,-2.051608527359589e-8,3.968150316877791e-10
-52.3,-2.0537292182031736e-8,3.9730456678000115e-10
-52.29,-2.0558524856674683e-8,3.9779479315854235e-10
-52.28,-2.057978333334733e-8,3.982857118807361e-10
-52.27,-2.0601067648045223e-8,3.9877732419501954e-10
-52.26,-2.06223778364687e-8,3.992696310092925e-10
-52.25,-2.064371393480773e-8,3.9976263357617657e-10
-52.24,-2.066507597899496e-8,4.0025633295490764e-10
-52.23,-2.068646400529887e-8,4.007507302296019e-10
-52.22,-2.0707878049677953e-8,4.0124582651334146e-10
-52.21,-2.07293181484969e-8,4.0174162293353254e-10
-52.2,-2.0750784338008344e-8,4.0223812056950077e-10
-52.19,-2.0772276654490236e-8,4.0273532059173335e-10
-52.18,-2.0793795134412834e-8,4.032332240950428e-10
-52.17,-2.0815339814155615e-8,4.0373183207317124e-10
-52.16,-2.08369107301936e-8,4.042311458496869e-10
-52.15,-2.0858507919217995e-8,4.047311664242246e-10
-52.14,-2.088013141780059e-8,4.052318949116006e-10
-52.13,-2.0901781262555253e-8,4.057333324947174e-10
-52.12,-2.0923457490230077e-8,4.0623548025690385e-10
-52.11,-2.0945160137602433e-8,4.067383393620513e-10
-52.1,-2.0966889241585942e-8,4.072419109339012e-10
-52.09,-2.098864483906196e-8,4.0774619604526965e-10
-52.08,-2.101042696694957e-8,4.0825119595334014e-10
-52.07,-2.1032235662314105e-8,4.0875691166272173e-10
-52.06,-2.1054070962257073e-8,4.0926334438986383e-10
-52.05,-2.1075932903874196e-8,4.0977049526744875e-10
-52.04,-2.109782152430852e-8,4.102783653860441e-10
-52.03,-2.1119736860910032e-8,4.107869560012935e-10
-52.02,-2.1141678951003338e-8,4.112962681307044e-10
-52.01,-2.1163647831833183e-8,4.118063030020115e-10
-52.0,-2.1185643540974444e-8,4.123170617479164e-10
-51.99,-2.1207666115878074e-8,4.1282854555989983e-10
-51.98,-2.1229715593947428e-8,4.1334075553059376e-10
-51.97,-2.1251792013017153e-8,4.13853692761027e-10
-51.96,-2.1273895410489946e-8,4.143673585370902e-10
-51.95,-2.1296025824294112e-8,4.148817540243761e-10
-51.94,-2.131818329217586e-8,4.1539688029104835e-10
-51.93,-2.1340367851931444e-8,4.159127385264284e-10
-51.92,-2.1362579541499444e-8,4.1642932995246187e-10
-51.91,-2.1384818398759654e-8,4.16946655694631e-10
-51.9,-2.1407084461891597e-8,4.174647169280991e-10
-51.89,-2.1429377768815963e-8,4.179835148191105e-10
-51.88,-2.1451698357784185e-8,4.185030505719713e-10
-51.87,-2.1474046266961808e-8,4.1902332533399846e-10
-51.86,-2.149642153447103e-8,4.1954434026509937e-10
-51.85,-2.1518824198867986e-8,4.2006609660208295e-10
-51.84,-2.1541254298379752e-8,4.205885955154169e-10
-51.83,-2.1563711871515863e-8,4.211118381781529e-10
-51.82,-2.1586196956664883e-8,4.2163582578808725e-10
-51.81,-2.160870959257065e-8,4.2216055952359715e-10
-51.8,-2.163124981779756e-8,4.2268604055394456e-10
-51.79,-2.1653817670707436e-8,4.232122701645217e-10
-51.78,-2.167641319058039e-8,4.2373924942485956e-10
-51.77,-2.169903641593829e-8,4.24266979598056e-10
-51.76,-2.1721687385516498e-8,4.24795461913442e-10
-51.75,-2.1744366138510358e-8,4.2532469750302673e-10
-51.74,-2.176707271373025e-8,4.258546876399769e-10
-51.73,-2.1789807150310873e-8,4.263854334873251e-10
-51.72,-2.1812569487310412e-8,4.2691693626734467e-10
-51.71,-2.1835359763963114e-8,4.274491972114394e-10
-51.7,-2.18581780195157e-8,4.2798221754879555e-10
-51.69,-2.1881024293128672e-8,4.2851599841536105e-10
-51.68,-2.1903898624262732e-8,4.290505410447784e-10
-51.67,-2.1926801052364068e-8,4.2958584675316145e-10
-51.66,-2.194973161697658e-8,4.3012191662554526e-10
-51.65,-2.1972690357241907e-8,4.3065875205374383e-10
-51.64,-2.199567731324917e-8,4.311963540420167e-10
-51.63,-2.2018692524428046e-8,4.3173472402816625e-10
-51.62,-2.2041736030576657e-8,4.3227386317886396e-10
-51.61,-2.2064807871514857e-8,4.3281377259198743e-10
-51.6,-2.2087908086968393e-8,4.333544537494681e-10
-51.59,-2.2111036717003394e-8,4.338959076778123e-10
-51.58,-2.2134193801477223e-8,4.344381356837272e-10
-51.57,-2.215737938061224e-8,4.3498113905019575e-10
-51.56,-2.2180593494328386e-8,4.355249190031473e-10
-51.55,-2.220383618292159e-8,4.3606947678946816e-10
-51.54,-2.2227107486549644e-8,4.366148135685199e-10
-51.53,-2.225040744548091e-8,4.371609307260146e-10
-51.52,-2.2273736100262847e-8,4.3770782941886326e-10
-51.51,-2.229709349112992e-8,4.3825551093667094e-10
-51.5,-2.2320479658639077e-8,4.3880397657652896e-10
-51.49,-2.2343894643336956e-8,4.3935322750851685e-10
-51.48,-2.2367338485836763e-8,4.3990326509061243e-10
-51.47,-2.2390811226924224e-8,4.404540905349235e-10
-51.46,-2.2414312907219752e-8,4.4100570504302953e-10
-51.45,-2.2437843567522777e-8,4.4155811004011054e-10
-51.44,-2.2461403248759794e-8,4.4211130669076064e-10
-51.43,-2.2484991991896985e-8,4.4266529626670785e-10
-51.42,-2.2508609837928807e-8,4.432200799914659e-10
-51.41,-2.2532256827836082e-8,4.4377565935196163e-10
-51.4,-2.2555933002911046e-8,4.443320354262309e-10
-51.39,-2.2579638404158983e-8,4.4488920954253965e-10
-51.38,-2.2603373073056317e-8,4.454471830234703e-10
-51.37,-2.262713705076544e-8,4.4600595710210465e-10
-51.36,-2.2650930378796618e-8,4.465655331226982e-10
-51.35,-2.2674753098552174e-8,4.471259123291929e-10
-51.34,-2.2698605251599722e-8,4.47687096052909e-10
-51.33,-2.272248687938411e-8,4.482490855413929e-10
-51.32,-2.2746398023812222e-8,4.488118821707279e-10
-51.31,-2.277033872641943e-8,4.4937548721055845e-10
-51.3,-2.279430902909655e-8,4.4993990187622535e-10
-51.29,-2.2818308973573742e-8,4.505051276138159e-10
-51.28,-2.28423386018874e-8,4.5107116566993393e-10
-51.27,-2.2866397955994404e-8,4.5163801726893414e-10
-51.26,-2.2890487078055586e-8,4.5220568384469115e-10
-51.25,-2.2914606010082644e-8,4.5277416663984e-10
-51.24,-2.2938754794204567e-8,4.5334346701979146e-10
-51.23,-2.2962933472769567e-8,4.539135862892575e-10
-51.22,-2.2987142088097784e-8,4.5448452576377816e-10
-51.21,-2.301138068255659e-8,4.5505628675304586e-10
-51.2,-2.3035649298608405e-8,4.556288705203095e-10
-51.19,-2.3059947978825658e-8,4.5620227855588044e-10
-51.18,-2.3084276765777264e-8,4.567765120772003e-10
-51.17,-2.310863570213924e-8,4.5735157242480174e-10
-51.16,-2.3133024830510025e-8,4.5792746098535874e-10
-51.15,-2.3157444193849376e-8,4.5850417906513203e-10
-51.14,-2.3181893835026898e-8,4.5908172795427635e-10
-51.13,-2.320637379676148e-8,4.5966010908528167e-10
-51.12,-2.3230884122292206e-8,4.6023932371732235e-10
-51.11,-2.3255424854670734e-8,4.6081937322719584e-10
-51.1,-2.327999603690562e-8,4.614002590191855e-10
-51.09,-2.3304597712258292e-8,4.6198198234420243e-10
-51.08,-2.3329229923984623e-8,4.6256454471168365e-10
-51.07,-2.3353892715493893e-8,4.6314794733978494e-10
-51.06,-2.337858613013988e-8,4.6373219162945497e-10
-51.05,-2.340331021157936e-8,4.643172789386739e-10
-51.04,-2.342806500296445e-8,4.649032106223438e-10
-51.03,-2.345285054828462e-8,4.65489988085378e-10
-51.02,-2.347766689110611e-8,4.660776126822429e-10
-51.01,-2.3502514075213157e-8,4.66666085709247e-10
-51.0,-2.3527392144349898e-8,4.672554086916184e-10
-50.99,-2.355230114252457e-8,4.678455828472646e-10
-50.98,-2.357724111373419e-8,4.684366096704012e-10
-50.97,-2.360221210182436e-8,4.690284905109884e-10
-50.96,-2.3627214151131423e-8,4.696212267279212e-10
-50.95,-2.36522473056863e-8,4.702148196656102e-10
-50.94,-2.3677311609776657e-8,4.708092708910076e-10
-50.93,-2.3702407107730938e-8,4.714045816359936e-10
-50.92,-2.372753384399146e-8,4.720007532638113e-10
-50.91,-2.3752691862892387e-8,4.725977872982393e-10
-50.9,-2.3777881209127413e-8,4.731956850343846e-10
-50.89,-2.3803101927176896e-8,4.737944479471775e-10
-50.88,-2.3828354061784592e-8,4.743940774101151e-10
-50.87,-2.385363765769372e-8,4.749945748257357e-10
-50.86,-2.3878952759851005e-8,4.755959413903733e-10
-50.85,-2.3904299412680348e-8,4.761981791808401e-10
-50.84,-2.3929677661630974e-8,4.768012889419315e-10
-50.83,-2.3955087551530416e-8,4.774052722628249e-10
-50.82,-2.3980529127535614e-8,4.780101307124178e-10
-50.81,-2.400600243484547e-8,4.786158655394042e-10
-50.8,-2.4031507518583344e-8,4.792224782932626e-10
-50.79,-2.4057044424261346e-8,4.798299702345611e-10
-50.78,-2.408261319720144e-8,4.804383430236301e-10
-50.77,-2.410821388278041e-8,4.810475977730405e-10
-50.76,-2.413384652666438e-8,4.816577364057172e-10
-50.75,-2.41595111743104e-8,4.822687599754386e-10
-50.74,-2.418520787162677e-8,4.828806699589747e-10
-50.73,-2.4210936664132693e-8,4.834934678347629e-10
-50.72,-2.4236697597808742e-8,4.841071550961642e-10
-50.71,-2.4262490718551324e-8,4.847217331843697e-10
-50.7,-2.4288316072361942e-8,4.853372035820809e-10
-50.69,-2.4314173705177435e-8,4.859535676196645e-10
-50.68,-2.4340063663177314e-8,4.865708267794858e-10
-50.67,-2.4365985992639608e-8,4.871889826271594e-10
-50.66,-2.4391940739726977e-8,4.878080365424678e-10
-50.65,-2.4417927950843086e-8,4.884279899635328e-10
-50.64,-2.4443947672452512e-8,4.890488444470933e-10
-50.63,-2.446999995098719e-8,4.896706013512565e-10
-50.62,-2.44960848330114e-8,4.9029326226325e-10
-50.61,-2.4522202365166853e-8,4.909168285853275e-10
-50.6,-2.454835259425317e-8,4.915413017880813e-10
-50.59,-2.4574535567039305e-8,4.921666833617947e-10
-50.58,-2.4600751330339997e-8,4.927929748125808e-10
-50.57,-2.4626999931090173e-8,4.934201776155507e-10
-50.56,-2.4653281416402018e-8,4.94048293222348e-10
-50.55,-2.4679595833313912e-8,4.946773231948345e-10
-50.54,-2.470594322904451e-8,4.953072688797546e-10
-50.53,-2.4732323650799236e-8,4.959381319632838e-10
-50.52,-2.4758737145894062e-8,4.96569913786274e-10
-50.51,-2.4785183761761984e-8,4.972026159847188e-10
-50.5,-2.4811663545855926e-8,4.978362399192861e-10
-50.49,-2.483817654581803e-8,4.984707871917648e-10
-50.48,-2.486472280909672e-8,4.991062592878396e-10
-50.47,-2.48913023835062e-8,4.997426577599612e-10
-50.46,-2.491791531679196e-8,5.003799840413078e-10
-50.45,-2.4944561656962835e-8,5.010182396570662e-10
-50.44,-2.4971241451924953e-8,5.016574261523537e-10
-50.43,-2.499795474924617e-8,5.022975450634245e-10
-50.42,-2.5024701597594054e-8,5.02938597939229e-10
-50.41,-2.505148204482706e-8,5.035805862665517e-10
-50.4,-2.5078296139307363e-8,5.042235115608151e-10
-50.39,-2.510514392949803e-8,5.048673752998094e-10
-50.38,-2.5132025463339997e-8,5.055121792538503e-10
-50.37,-2.5158940789710957e-8,5.061579246688582e-10
-50.36,-2.5185889957111906e-8,5.06804613294757e-10
-50.35,-2.5212873014101287e-8,5.074522465778388e-10
-50.34,-2.5239890009348538e-8,5.081008261020634e-10
-50.33,-2.5266940991784192e-8,5.087503533078279e-10
-50.32,-2.529402601020691e-8,5.094008299808339e-10
-50.31,-2.5321145113467364e-8,5.100522574327e-10
-50.3,-2.5348298350866172e-8,5.107046375088514e-10
-50.29,-2.537548577110832e-8,5.113579712940471e-10
-50.28,-2.540270742368282e-8,5.120122608265895e-10
-50.27,-2.542996335777497e-8,5.126675074533241e-10
-50.26,-2.5457253622777972e-8,5.133237127956103e-10
-50.25,-2.548457826804723e-8,5.139808784405265e-10
-50.24,-2.551193734307416e-8,5.146390058550392e-10
-50.23,-2.553933089747588e-8,5.152980967653183e-10
-50.22,-2.5566758980955403e-8,5.159581526533229e-10
-50.21,-2.55942216431947e-8,5.166191751864806e-10
-50.2,-2.5621718934029692e-8,5.17281165874873e-10
-50.19,-2.564925090332214e-8,5.179441262558848e-10
-50.18,-2.5676817601181893e-8,5.186080581216862e-10
-50.17,-2.5704419077541182e-8,5.192729628108576e-10
-50.16,-2.5732055382655326e-8,5.19938842166689e-10
-50.15,-2.575972656666456e-8,5.206056976344394e-10
-50.14,-2.5787432679981053e-8,5.21273530905642e-10
-50.13,-2.5815173772851015e-8,5.219423434982841e-10
-50.12,-2.584294989584963e-8,5.226121371033034e-10
-50.11,-2.5870761099384004e-8,5.232829131883612e-10
-50.1,-2.5898607434476775e-8,5.239546736100148e-10
-50.09,-2.5926488951405714e-8,5.246274197902387e-10
-50.08,-2.595440570118606e-8,5.253011533983996e-10
-50.07,-2.5982357734624494e-8,5.259758761460276e-10
-50.06,-2.6010345102760492e-8,5.266515895475185e-10
-50.05,-2.603836785656838e-8,5.273282952686452e-10
-50.04,-2.606642604714051e-8,5.280059949925158e-10
-50.03,-2.609451972585774e-8,5.286846902846633e-10
-50.02,-2.6122648943759013e-8,5.293643827489666e-10
-50.01,-2.6150813752483537e-8,5.300450741770157e-10
-50.0,-2.6179014203375238e-8,5.307267661349969e-10
-49.99,-2.620725034797478e-8,5.314094602357299e-10
-49.98,-2.623552223790259e-8,5.320931581095446e-10
-49.97,-2.626382992487241e-8,5.32777861525072e-10
-49.96,-2.6292173460589955e-8,5.334635720347225e-10
-49.95,-2.6320552897145677e-8,5.341502913729781e-10
-49.94,-2.6348968286400586e-8,5.348380211705636e-10
-49.93,-2.637741968036055e-8,5.355267630673532e-10
-49.92,-2.6405907131068897e-8,5.362165189038479e-10
-49.91,-2.6434430690988844e-8,5.369072899573967e-10
-49.9,-2.6462990412220515e-8,5.375990782384273e-10
-49.89,-2.6491586347283386e-8,5.38291885388861e-10
-49.88,-2.652021854854932e-8,5.389857129571304e-10
-49.87,-2.6548887068533613e-8,5.396805628004699e-10
-49.86,-2.6577591960075255e-8,5.403764364594025e-10
-49.85,-2.6606333275680535e-8,5.41073335674996e-10
-49.84,-2.6635111068328985e-8,5.417712622226867e-10
-49.83,-2.6663925390918052e-8,5.424702176476913e-10
-49.82,-2.6692776296133767e-8,5.431702037855756e-10
-49.81,-2.6721663837345254e-8,5.438712222439007e-10
-49.8,-2.675058806767048e-8,5.445732747799737e-10
-49.79,-2.677954904032624e-8,5.452763630667762e-10
-49.78,-2.680854680859543e-8,5.459804888271646e-10
-49.77,-2.683758142592192e-8,5.466856538444828e-10
-49.76,-2.6866652945879747e-8,5.473918597394903e-10
-49.75,-2.6895761421953497e-8,5.480991082788428e-10
-49.74,-2.6924906907787498e-8,5.488074012020632e-10
-49.73,-2.6954089457255668e-8,5.495167401892662e-10
-49.72,-2.6983309124205546e-8,5.502271270125386e-10
-49.71,-2.7012565962558813e-8,5.509385634138926e-10
-49.7,-2.7041860026286503e-8,5.51651051118687e-10
-49.69,-2.7071191369473753e-8,5.523645917913551e-10
-49.68,-2.7100560046591224e-8,5.530791872998126e-10
-49.67,-2.7129966111515512e-8,5.537948393014852e-10
-49.66,-2.7159409618930654e-8,5.54511549660902e-10
-49.65,-2.7188890623253898e-8,5.55229319984095e-10
-49.64,-2.721840917889608e-8,5.559481521487509e-10
-49.63,-2.7247965340649102e-8,5.566680478132139e-10
-49.62,-2.727755916322738e-8,5.573890087637961e-10
-49.61,-2.730719070141098e-8,5.581110368546754e-10
-49.6,-2.73368600101719e-8,5.588341337463189e-10
-49.59,-2.736656714446764e-8,5.595583012618208e-10
-49.58,-2.7396312159412705e-8,5.602835411645881e-10
-49.57,-2.7426095110116947e-8,5.610098552845833e-10
-49.56,-2.7455916051954656e-8,5.617372453745279e-10
-49.55,-2.7485775040503607e-8,5.624657131430427e-10
-49.54,-2.7515672130496193e-8,5.631952604660456e-10
-49.53,-2.754560737810643e-8,5.639258891560923e-10
-49.52,-2.7575580838820146e-8,5.646576009507281e-10
-49.51,-2.7605592568357276e-8,5.653903976427897e-10
-49.5,-2.76356426224857e-8,5.661242810773313e-10
-49.49,-2.7665731057235156e-8,5.668592530550866e-10
-49.48,-2.769585792842889e-8,5.675953153410109e-10
-49.47,-2.7726023292325956e-8,5.683324697813517e-10
-49.46,-2.7756227204959537e-8,5.690707181645369e-10
-49.45,-2.7786469722660584e-8,5.698100623600049e-10
-49.44,-2.7816750901933603e-8,5.705505041219702e-10
-49.43,-2.784707079900612e-8,5.712920453281238e-10
-49.42,-2.787742947056087e-8,5.720346878154683e-10
-49.41,-2.7907826973160827e-8,5.72778433377785e-10
-49.4,-2.793826336359922e-8,5.735232838823428e-10
-49.39,-2.796873869867725e-8,5.742692411416408e-10
-49.38,-2.7999253035361617e-8,5.750163070246219e-10
-49.37,-2.80298064306435e-8,5.757644832676321e-10
-49.36,-2.8060398941579832e-8,5.765137719939832e-10
-49.35,-2.809103062544652e-8,5.772641747125279e-10
-49.34,-2.8121701539488664e-8,5.780156935078906e-10
-49.33,-2.8152411741201698e-8,5.78768330215331e-10
-49.32,-2.818316128783631e-8,5.795220865871957e-10
-49.31,-2.8213950237191017e-8,5.802769645281116e-10
-49.3,-2.8244778646785737e-8,5.810329660446823e-10
-49.29,-2.827564657448696e-8,5.817900928404252e-10
-49.28,-2.8306554078202697e-8,5.825483468452167e-10
-49.27,-2.8337501215740736e-8,5.833077299931566e-10
-49.26,-2.836848804524936e-8,5.840682440298613e-10
-49.25,-2.839951462474221e-8,5.848298910177351e-10
-49.24,-2.843058101268826e-8,5.855926727895438e-10
-49.23,-2.846168726724974e-8,5.863565911398025e-10
-49.22,-2.8492833446964346e-8,5.871216479921106e-10
-49.21,-2.852401961018022e-8,5.878878454297818e-10
-49.2,-2.855524581572655e-8,5.886551851773633e-10
-49.19,-2.858651212214101e-8,5.894236691576829e-10
-49.18,-2.8617818588419753e-8,5.901932993180797e-10
-49.17,-2.86491652733491e-8,5.909640776189982e-10
-49.16,-2.8680552235976547e-8,5.917360058597377e-10
-49.15,-2.871197953546409e-8,5.925090860449299e-10
-49.14,-2.8743447230976963e-8,5.932833200763897e-10
-49.13,-2.8774955381717946e-8,5.94058709860793e-10
-49.12,-2.8806504047204268e-8,5.948352574372789e-10
-49.11,-2.8838093286848998e-8,5.956129646409173e-10
-49.1,-2.886972316044448e-8,5.963918334118214e-10
-49.09,-2.890139372741422e-8,5.971718656898286e-10
-49.08,-2.8933105047696828e-8,5.979530634514096e-10
-49.07,-2.896485718117661e-8,5.987354287211743e-10
-49.06,-2.8996650187789626e-8,5.995189633526215e-10
-49.05,-2.90284841276287e-8,6.003036692649938e-10
-49.04,-2.9060359060859372e-8,6.010895485318379e-10
-49.03,-2.9092275047925804e-8,6.01876603049054e-10
-49.02,-2.9124232148947003e-8,6.026648348001532e-10
-49.01,-2.9156230424642068e-8,6.03454245773172e-10
-49.0,-2.918826993538284e-8,6.042448379190474e-10
-48.99,-2.922035074209517e-8,6.050366131796485e-10
-48.98,-2.925247290536033e-8,6.058295736459155e-10
-48.97,-2.9284636486042785e-8,6.066237212951305e-10
-48.96,-2.9316841545313392e-8,6.074190579536663e-10
-48.95,-2.934908814416031e-8,6.082155858075073e-10
-48.94,-2.938137634378773e-8,6.090133067699903e-10
-48.93,-2.9413706205348653e-8,6.098122228124312e-10
-48.92,-2.9446077790334602e-8,6.106123360345836e-10
-48.91,-2.9478491160288166e-8,6.114136483107868e-10
-48.9,-2.9510946376645192e-8,6.122161617819017e-10
-48.89,-2.9543443500943273e-8,6.130198784858246e-10
-48.88,-2.9575982595738105e-8,6.138248002100215e-10
-48.87,-2.9608563722187706e-8,6.146309292126915e-10
-48.86,-2.9641186942377934e-8,6.154382674539989e-10
-48.85,-2.9673852318712128e-8,6.162468169386663e-10
-48.84,-2.9706559913072153e-8,6.170565796864204e-10
-48.83,-2.9739309787894978e-8,6.178675578783574e-10
-48.82,-2.977210200559816e-8,6.186797533687096e-10
-48.81,-2.980493662868669e-8,6.194931682943649e-10
-48.8,-2.983781371956582e-8,6.203078047224205e-10
-48.79,-2.987073334149409e-8,6.211236646515595e-10
-48.78,-2.990369555678387e-8,6.219407501960867e-10
-48.77,-2.993670042845041e-8,6.227590632812063e-10
-48.76,-2.9969748019652186e-8,6.235786062072815e-10
-48.75,-3.0002838393518526e-8,6.24399380859445e-10
-48.74,-3.0035971613056294e-8,6.252213893887467e-10
-48.73,-3.0069147741893944e-8,6.260446338195122e-10
-48.72,-3.01023668432581e-8,6.268691162762435e-10
-48.71,-3.01356289808522e-8,6.276948388007978e-10
-48.7,-3.016893421830708e-8,6.285218035676839e-10
-48.69,-3.020228261928541e-8,6.293500126100191e-10
-48.68,-3.023567424771818e-8,6.301794679899868e-10
-48.67,-3.0269109167588105e-8,6.310101718387547e-10
-48.66,-3.030258744296419e-8,6.31842126343338e-10
-48.65,-3.03361091380016e-8,6.32675333467801e-10
-48.64,-3.0369674317074266e-8,6.335097953945602e-10
-48.63,-3.040328304440791e-8,6.343455142545847e-10
-48.62,-3.043693538467035e-8,6.351824920763753e-10
-48.61,-3.0470631402514404e-8,6.360207310416889e-10
-48.6,-3.05043711624403e-8,6.368602334801494e-10
-48.59,-3.053815472945735e-8,6.377010012703888e-10
-48.58,-3.05719821683782e-8,6.385430364995509e-10
-48.57,-3.060585354429518e-8,6.393863415299508e-10
-48.56,-3.063976892241951e-8,6.40230918333832e-10
-48.55,-3.067372836790922e-8,6.410767691268799e-10
-48.54,-3.0707731946180334e-8,6.419238960612617e-10
-48.53,-3.0741779722668364e-8,6.427723013080491e-10
-48.52,-3.0775871762984395e-8,6.436219869836988e-10
-48.51,-3.081000813281007e-8,6.444729553535579e-10
-48.5,-3.0844188897987176e-8,6.453252083628605e-10
-48.49,-3.08784141244239e-8,6.461787483534177e-10
-48.48,-3.0912683877989945e-8,6.470335775015117e-10
-48.47,-3.094699822490775e-8,6.478896979629122e-10
-48.46,-3.0981357231607987e-8,6.487471118707063e-10
-48.45,-3.1015760964116916e-8,6.496058215343898e-10
-48.44,-3.10502094890765e-8,6.504658290295367e-10
-48.43,-3.108470287296246e-8,6.513271366064303e-10
-48.42,-3.111924118244811e-8,6.521897463418912e-10
-48.41,-3.1153824484570965e-8,6.530536607332338e-10
-48.4,-3.11884528459568e-8,6.539188816986139e-10
-48.39,-3.1223126333675337e-8,6.547854115423071e-10
-48.38,-3.1257845014900965e-8,6.556532525059384e-10
-48.37,-3.1292608956877624e-8,6.565224068079715e-10
-48.36,-3.132741822686997e-8,6.573928766485748e-10
-48.35,-3.1362272892391264e-8,6.582646642968225e-10
-48.34,-3.139717302103544e-8,6.591377719721836e-10
-48.33,-3.143211868092938e-8,6.600122017482477e-10
-48.32,-3.146710993850108e-8,6.608879562676776e-10
-48.31,-3.1502146862977476e-8,6.617650373739423e-10
-48.3,-3.153722952192011e-8,6.626434475231497e-10
-48.29,-3.157235798366411e-8,6.635231888604355e-10
-48.28,-3.160753231624151e-8,6.644042637299882e-10
-48.27,-3.164275258805665e-8,6.652866744120721e-10
-48.26,-3.167801886765834e-8,6.66170423054873e-10
-48.25,-3.1713331223616245e-8,6.670555119640516e-10
-48.24,-3.174868972462906e-8,6.67941943532172e-10
-48.23,-3.1784094439438945e-8,6.688297198909669e-10
-48.22,-3.181954543703496e-8,6.697188434595825e-10
-48.21,-3.185504278654099e-8,6.706093164208066e-10
-48.2,-3.189058655703409e-8,6.715011411172829e-10
-48.19,-3.192617681781792e-8,6.723943197970253e-10
-48.18,-3.1961813638363775e-8,6.73288854829898e-10
-48.17,-3.19974970880683e-8,6.741847484502701e-10
-48.16,-3.203322723663191e-8,6.750820030436698e-10
-48.15,-3.2069004153801876e-8,6.759806208692711e-10
-48.14,-3.210482790945246e-8,6.768806043326316e-10
-48.13,-3.2140698573390833e-8,6.77781955469288e-10
-48.12,-3.2176616215932615e-8,6.786846769810382e-10
-48.11,-3.221258090732181e-8,6.795887710032686e-10
-48.1,-3.2248592717670564e-8,6.804942399315889e-10
-48.09,-3.2284651717480316e-8,6.814010860814739e-10
-48.08,-3.2320757977478616e-8,6.823093117750892e-10
-48.07,-3.23569115681938e-8,6.832189193596898e-10
-48.06,-3.239311256047352e-8,6.841299112365455e-10
-48.05,-3.242936102534084e-8,6.850422897237753e-10
-48.04,-3.246565703360886e-8,6.859560572371265e-10
-48.03,-3.2502000656618864e-8,6.86871216062601e-10
-48.02,-3.253839196559301e-8,6.87787768597793e-10
-48.01,-3.257483103196777e-8,6.887057172488425e-10
-48.0,-3.261131792719195e-8,6.896250643946082e-10
-47.99,-3.2647852722877784e-8,6.905458123777126e-10
-47.98,-3.268443549090258e-8,6.914679636316283e-10
-47.97,-3.272106630304115e-8,6.923915205367931e-10
-47.96,-3.275774523131911e-8,6.933164855017112e-10
-47.95,-3.279447234771648e-8,6.942428608181176e-10
-47.94,-3.283124772488546e-8,6.951706491345161e-10
-47.93,-3.286807143484702e-8,6.960998525809615e-10
-47.92,-3.2904943550112656e-8,6.970304737613945e-10
-47.91,-3.294186414330714e-8,6.979625150498296e-10
-47.9,-3.297883328713337e-8,6.988959788917454e-10
-47.89,-3.301585105437441e-8,6.998308676552891e-10
-47.88,-3.305291751840569e-8,7.007671836951363e-10
-47.87,-3.309003275182763e-8,7.017049297020707e-10
-47.86,-3.312719682812574e-8,7.026441078090635e-10
-47.85,-3.3164409820294387e-8,7.035847208571477e-10
-47.84,-3.320167180224784e-8,7.045267709935083e-10
-47.83,-3.323898284731793e-8,7.054702607626841e-10
-47.82,-3.327634302926964e-8,7.06415192551316e-10
-47.81,-3.331375242193795e-8,7.073615689323456e-10
-47.8,-3.335121109920643e-8,7.083093923408333e-10
-47.79,-3.338871913526487e-8,7.092586652317264e-10
-47.78,-3.342627660425138e-8,7.102093901120976e-10
-47.77,-3.3463883580446215e-8,7.11161569494144e-10
-47.76,-3.350154013846012e-8,7.121152057571302e-10
-47.75,-3.3539246352704743e-8,7.130703015247417e-10
-47.74,-3.357700229794792e-8,7.140268592149346e-10
-47.73,-3.361480804904638e-8,7.149848813839941e-10
-47.72,-3.3652663680944886e-8,7.159443704891456e-10
-47.71,-3.369056926864191e-8,7.16905329112023e-10
-47.7,-3.37285248874579e-8,7.17867759672713e-10
-47.69,-3.37665306126913e-8,7.188316647526814e-10
-47.68,-3.3804586519809215e-8,7.197970469177215e-10
-47.67,-3.3842692684112276e-8,7.20763908675078e-10
-47.66,-3.38808491819975e-8,7.217322524319266e-10
-47.65,-3.391905608874792e-8,7.227020808994171e-10
-47.64,-3.395731348047592e-8,7.236733965871934e-10
-47.63,-3.399562143326672e-8,7.246462020049893e-10
-47.62,-3.4033980023366224e-8,7.2562049976345e-10
-47.61,-3.407238932718357e-8,7.26596292315357e-10
-47.6,-3.4110849421077616e-8,7.275735823378501e-10
-47.59,-3.4149360381821766e-8,7.285523723878055e-10
-47.58,-3.41879222859352e-8,7.295326650400714e-10
-47.57,-3.422653521056071e-8,7.305144627695643e-10
-47.56,-3.426519923261671e-8,7.314977682403828e-10
-47.55,-3.430391442902439e-8,7.324825841101847e-10
-47.54,-3.434268087732074e-8,7.334689129273049e-10
-47.53,-3.438149865472847e-8,7.344567571984274e-10
-47.52,-3.4420367838838315e-8,7.354461196932811e-10
-47.51,-3.4459288507281815e-8,7.364370028814591e-10
-47.5,-3.449826073786491e-8,7.374294094364815e-10
-47.49,-3.453728460853589e-8,7.384233419465997e-10
-47.48,-3.45763601972834e-8,7.394188031383862e-10
-47.47,-3.4615487582242695e-8,7.404157954900101e-10
-47.46,-3.4654666841809184e-8,7.414143217065866e-10
-47.45,-3.4693898054458475e-8,7.424143844505361e-10
-47.44,-3.473318129863498e-8,7.434159864147997e-10
-47.43,-3.477251665311234e-8,7.444191300879562e-10
-47.42,-3.4811904196852135e-8,7.454238182731413e-10
-47.41,-3.4851344008650605e-8,7.464300535690458e-10
-47.4,-3.48908361677035e-8,7.474378385990063e-10
-47.39,-3.493038075327935e-8,7.484471763189267e-10
-47.38,-3.496997784462016e-8,7.49458068788713e-10
-47.37,-3.5009627521452564e-8,7.504705192424727e-10
-47.36,-3.504932986322312e-8,7.514845301868597e-10
-47.35,-3.508908494984708e-8,7.525001043048805e-10
-47.34,-3.512889286119784e-8,7.535172443375201e-10
-47.33,-3.516875367730937e-8,7.545359529187359e-10
-47.32,-3.52086674783723e-8,7.555562327836415e-10
-47.31,-3.5248634344726054e-8,7.565780866618166e-10
-47.3,-3.52886543567844e-8,7.576015172667104e-10
-47.29,-3.532872759522443e-8,7.586265272976188e-10
-47.28,-3.536885414075614e-8,7.596531194180232e-10
-47.27,-3.5409034074250095e-8,7.606812964685342e-10
-47.26,-3.544926747657062e-8,7.617110611382791e-10
-47.25,-3.548955442903489e-8,7.627424162090188e-10
-47.24,-3.552989501294873e-8,7.63775364360912e-10
-47.23,-3.5570289309567285e-8,7.648099083976984e-10
-47.22,-3.561073740059049e-8,7.658460510144458e-10
-47.21,-3.565123936761034e-8,7.668837950478695e-10
-47.2,-3.5691795292621717e-8,7.679231432462621e-10
-47.19,-3.573240525730252e-8,7.689640983588228e-10
-47.18,-3.5773069344080504e-8,7.700066631798348e-10
-47.17,-3.581378763503576e-8,7.710508405278216e-10
-47.16,-3.585456021259973e-8,7.720966330875666e-10
-47.15,-3.589538715937398e-8,7.731440437315645e-10
-47.14,-3.593626855785913e-8,7.741930752316837e-10
-47.13,-3.597720449099926e-8,7.752437304730196e-10
-47.12,-3.601819504183059e-8,7.762960121576028e-10
-47.11,-3.6059240293256e-8,7.773499230922142e-10
-47.1,-3.610034032850659e-8,7.784054662912154e-10
-47.09,-3.6141495231113504e-8,7.794626443916134e-10
-47.08,-3.618270508457657e-8,7.805214602130707e-10
-47.07,-3.6223969972436434e-8,7.815819166980055e-10
-47.06,-3.6265289978549804e-8,7.826440166548035e-10
-47.05,-3.630666518692301e-8,7.837077629057326e-10
-47.04,-3.634809568166742e-8,7.847731582714469e-10
-47.03,-3.638958154686926e-8,7.858402057870323e-10
-47.02,-3.6431122867046605e-8,7.869089080593717e-10
-47.01,-3.647271972660097e-8,7.879792681648606e-10
-47.0,-3.6514372210261984e-8,7.890512888641429e-10
-46.99,-3.655608040287068e-8,7.901249730515324e-10
-46.98,-3.659784438924595e-8,7.912003237140712e-10
-46.97,-3.663966425464837e-8,7.922773436167122e-10
-46.96,-3.668154008422838e-8,7.93356035726321e-10
-46.95,-3.672347196340043e-8,7.94436402895436e-10
-46.94,-3.6765459977595e-8,7.955184481106975e-10
-46.93,-3.680750421267211e-8,7.966021742348898e-10
-46.92,-3.6849604754386894e-8,7.976875843182569e-10
-46.91,-3.689176168862061e-8,7.987746808540802e-10
-46.9,-3.693397510155605e-8,7.998634672590399e-10
-46.89,-3.697624507954559e-8,8.009539462261463e-10
-46.88,-3.701857170882374e-8,8.02046120839685e-10
-46.87,-3.706095507606806e-8,8.031399939353748e-10
-46.86,-3.7103395267973856e-8,8.04235568473049e-10
-46.85,-3.714589237136368e-8,8.053328475019863e-10
-46.84,-3.718844647330177e-8,8.064318338590742e-10
-46.83,-3.723105766089632e-8,8.07532530610553e-10
-46.82,-3.727372602129968e-8,8.086349406938073e-10
-46.81,-3.731645164228274e-8,8.097390671240613e-10
-46.8,-3.7359234611153686e-8,8.108449127880797e-10
-46.79,-3.7402075015858204e-8,8.119524808090339e-10
-46.78,-3.74449729444617e-8,8.130617741836417e-10
-46.77,-3.748792848421153e-8,8.141727957363965e-10
-46.76,-3.75309417241823e-8,8.152855486411192e-10
-46.75,-3.75740127524177e-8,8.1640003597015e-10
-46.74,-3.7617141657341613e-8,8.175162605113147e-10
-46.73,-3.766032852775448e-8,8.186342255350094e-10
-46.72,-3.7703573452330375e-8,8.197539339053895e-10
-46.71,-3.7746876520131593e-8,8.208753887350788e-10
-46.7,-3.7790237820141884e-8,8.219985930669192e-10
-46.69,-3.783365744174191e-8,8.231235499733678e-10
-46.68,-3.7877135474276494e-8,8.24250262438511e-10
-46.67,-3.7920672007404604e-8,8.253787336634506e-10
-46.66,-3.7964267130723466e-8,8.265089665440367e-10
-46.65,-3.8007920934128276e-8,8.276409642482662e-10
-46.64,-3.805163350772892e-8,8.28774729787718e-10
-46.63,-3.8095404941756345e-8,8.299102664100713e-10
-46.62,-3.813923532634995e-8,8.31047577012919e-10
-46.61,-3.8183124752143636e-8,8.321866648789213e-10
-46.6,-3.8227073309734514e-8,8.333275329185568e-10
-46.59,-3.827108108997503e-8,8.344701843854706e-10
-46.58,-3.831514818377771e-8,8.356146223245193e-10
-46.57,-3.835927468227284e-8,8.36760849909834e-10
-46.56,-3.840346067673271e-8,8.379088702185396e-10
-46.55,-3.84477062586303e-8,8.390586864344042e-10
-46.54,-3.8492011519469364e-8,8.402103016074183e-10
-46.53,-3.853637655102488e-8,8.413637190183223e-10
-46.52,-3.858080144519008e-8,8.425189417123743e-10
-46.51,-3.862528629411156e-8,8.436759728930268e-10
-46.5,-3.866983118990338e-8,8.448348157136615e-10
-46.49,-3.871443622490587e-8,8.459954733506613e-10
-46.48,-3.875910149178753e-8,8.471579489505573e-10
-46.47,-3.8803827083115004e-8,8.483222457499546e-10
-46.46,-3.88486130917601e-8,8.494883669094133e-10
-46.45,-3.889345961077907e-8,8.506563156556117e-10
-46.44,-3.8938366733391366e-8,8.518260950335406e-10
-46.43,-3.89833345529298e-8,8.529977084745735e-10
-46.42,-3.9028363162705543e-8,8.541711590974295e-10
-46.41,-3.907345265653971e-8,8.553464500209788e-10
-46.4,-3.911860312809309e-8,8.565235846294398e-10
-46.39,-3.916381467158028e-8,8.577025660848908e-10
-46.38,-3.9209087380948656e-8,8.588833976792153e-10
-46.37,-3.925442135053921e-8,8.600660825602039e-10
-46.36,-3.9299816674884925e-8,8.612506240267461e-10
-46.35,-3.934527344837265e-8,8.624370253197953e-10
-46.34,-3.93907917661194e-8,8.636252897437499e-10
-46.33,-3.943637172287211e-8,8.648154205309141e-10
-46.32,-3.948201341380395e-8,8.660074210011731e-10
-46.31,-3.9527716934205525e-8,8.672012943616032e-10
-46.3,-3.9573482379440804e-8,8.683970439926917e-10
-46.29,-3.9619309845281384e-8,8.695946731276182e-10
-46.28,-3.9665199427287304e-8,8.707941850257482e-10
-46.27,-3.9711151221454755e-8,8.71995583133045e-10
-46.26,-3.975716532402694e-8,8.731988706088691e-10
-46.25,-3.9803241831094226e-8,8.744040508556133e-10
-46.24,-3.9849380839340204e-8,8.756111272262504e-10
-46.23,-3.989558244501277e-8,8.768201030033374e-10
-46.22,-3.9941846745162874e-8,8.780309815171988e-10
-46.21,-3.998817383654823e-8,8.792437661305486e-10
-46.2,-4.003456381641217e-8,8.804584602148443e-10
-46.19,-4.008101678189788e-8,8.816750671626387e-10
-46.18,-4.012753283055707e-8,8.828935902674766e-10
-46.17,-4.017411206017928e-8,8.84114033017114e-10
-46.16,-4.022075456768406e-8,8.853363985178764e-10
-46.15,-4.026746045205564e-8,8.865606903998877e-10
-46.14,-4.0314229810897724e-8,8.877869120428711e-10
-46.13,-4.0361062742585414e-8,8.890150667867194e-10
-46.12,-4.0407959345490826e-8,8.902451580346196e-10
-46.11,-4.045491971841299e-8,8.914771892020138e-10
-46.1,-4.050194395992014e-8,8.927111637022351e-10
-46.09,-4.054903216916884e-8,8.93947084964582e-10
-46.08,-4.059618444525208e-8,8.951849564442972e-10
-46.07,-4.064340088731472e-8,8.964247815716412e-10
-46.06,-4.0690681595058034e-8,8.976665637660813e-10
-46.05,-4.073802666807689e-8,8.989103065707515e-10
-46.04,-4.078543620608858e-8,9.001560132912664e-10
-46.03,-4.0832910309064505e-8,9.014036874494322e-10
-46.02,-4.0880449077458404e-8,9.026533325768905e-10
-46.01,-4.092805261123391e-8,9.039049520955891e-10
-46.0,-4.0975721011181877e-8,9.051585495358323e-10
-45.99,-4.102345437793389e-8,9.064141282992495e-10
-45.98,-4.1071252812093896e-8,9.076716919975916e-10
-45.97,-4.11191164152067e-8,9.089312441102675e-10
-45.96,-4.116704528812934e-8,9.101927880517491e-10
-45.95,-4.1215039532271935e-8,9.114563274375013e-10
-45.94,-4.126309924929006e-8,9.127218657757244e-10
-45.93,-4.131122454091278e-8,9.139894066145993e-10
-45.92,-4.135941550893258e-8,9.152589533897966e-10
-45.91,-4.140767225565328e-8,9.16530509787555e-10
-45.9,-4.145599488330887e-8,9.178040793473809e-10
-45.89,-4.1504383494025394e-8,9.190796654168759e-10
-45.88,-4.15528381910783e-8,9.203572719248285e-10
-45.87,-4.160135907662786e-8,9.216369021801145e-10
-45.86,-4.1649946254038285e-8,9.229185598404927e-10
-45.85,-4.169859982624251e-8,9.242022484343697e-10
-45.84,-4.174731989675158e-8,9.254879716651619e-10
-45.83,-4.179610656900348e-8,9.267757330118733e-10
-45.82,-4.184495994685509e-8,9.280655362474649e-10
-45.81,-4.189388013390367e-8,9.293573848614019e-10
-45.8,-4.194286723453757e-8,9.30651282462963e-10
-45.79,-4.199192135267843e-8,9.319472327461523e-10
-45.78,-4.204104259299491e-8,9.332452393671021e-10
-45.77,-4.209023105994747e-8,9.345453058553191e-10
-45.76,-4.213948685840067e-8,9.358474359746232e-10
-45.75,-4.218881009333529e-8,9.371516333994547e-10
-45.74,-4.223820086984758e-8,9.384579016717316e-10
-45.73,-4.2287659293335446e-8,9.397662445221736e-10
-45.72,-4.233718546932079e-8,9.410766656937385e-10
-45.71,-4.2386779503411725e-8,9.423891688193284e-10
-45.7,-4.243644150170496e-8,9.437037575778015e-10
-45.69,-4.248617156987289e-8,9.450204356979623e-10
-45.68,-4.2535969814577276e-8,9.46339206848483e-10
-45.67,-4.2585836342068554e-8,9.476600748130328e-10
-45.66,-4.263577125906864e-8,9.489830431932462e-10
-45.65,-4.268577467238948e-8,9.50308115961348e-10
-45.64,-4.2735846688834976e-8,9.516352965685994e-10
-45.63,-4.2785987415827416e-8,9.52964588950557e-10
-45.62,-4.283619696064124e-8,9.5429599683263e-10
-45.61,-4.288647543078617e-8,9.556295238988402e-10
-45.6,-4.2936822934191425e-8,9.569651739682646e-10
-45.59,-4.298723957864304e-8,9.583029507723478e-10
-45.58,-4.303772547221434e-8,9.596428581259954e-10
-45.57,-4.308828072333982e-8,9.609848998497681e-10
-45.56,-4.3138905440778475e-8,9.62329079644305e-10
-45.55,-4.3189599732271305e-8,9.636754014357673e-10
-45.54,-4.3240363707721546e-8,9.650238690294925e-10
-45.53,-4.3291197475804446e-8,9.663744861041135e-10
-45.52,-4.3342101145869993e-8,9.67727256641696e-10
-45.51,-4.3393074827150914e-8,9.690821842917936e-10
-45.5,-4.344411862962906e-8,9.704392731282493e-10
-45.49,-4.3495232662788076e-8,9.717985268423625e-10
-45.48,-4.354641703698383e-8,9.731599493023194e-10
-45.47,-4.359767186220383e-8,9.745235444810747e-10
-45.46,-4.3648997248936225e-8,9.758893161074323e-10
-45.45,-4.370039330784039e-8,9.772572681374445e-10
-45.44,-4.375186014957419e-8,9.78627404449034e-10
-45.43,-4.3803397885304135e-8,9.799997288923298e-10
-45.42,-4.385500662594331e-8,9.81374245351838e-10
-45.41,-4.390668648332201e-8,9.827509580070017e-10
-45.4,-4.3958437568603363e-8,9.841298704396807e-10
-45.39,-4.401025999374717e-8,9.855109866594542e-10
-45.38,-4.4062153870650536e-8,9.8689431064771e-10
-45.37,-4.41141193115267e-8,9.882798463807622e-10
-45.36,-4.41661564287168e-8,9.896675977313836e-10
-45.35,-4.421826533483174e-8,9.91057568685914e-10
-45.34,-4.427044614256449e-8,9.92449763172581e-10
-45.33,-4.4322698964886526e-8,9.938441852805764e-10
-45.32,-4.437502391487108e-8,9.952408387981463e-10
-45.31,-4.442742110593553e-8,9.96639727874174e-10
-45.3,-4.447989065170912e-8,9.980408564345921e-10
-45.29,-4.453243266583115e-8,9.994442284808566e-10
-45.28,-4.45850472622376e-8,1.000849848059672e-9
-45.27,-4.4637734555108826e-8,1.0022577191584998e-9
-45.26,-4.4690494658786536e-8,1.0036678458277333e-9
-45.25,-4.474332768783705e-8,1.0050802320216513e-9
-45.24,-4.4796233756978037e-8,1.0064948818931883e-9
-45.23,-4.4849212981205e-8,1.0079117994217044e-9
-45.22,-4.4902265475448185e-8,1.0093309887181295e-9
-45.21,-4.495539135548672e-8,1.0107524538455308e-9
-45.2,-4.5008590736583105e-8,1.0121761987649562e-9
-45.19,-4.506186373448412e-8,1.0136022277030126e-9
-45.18,-4.511521046519749e-8,1.0150305446249063e-9
-45.17,-4.516863104491855e-8,1.0164611537549798e-9
-45.16,-4.522212559004728e-8,1.0178940591478664e-9
-45.15,-4.527569421708619e-8,1.0193292648679147e-9
-45.14,-4.532933704293611e-8,1.020766775080397e-9
-45.13,-4.538305418419742e-8,1.0222065939760242e-9
-45.12,-4.543684575854376e-8,1.0236487255567441e-9
-45.11,-4.5490711883218814e-8,1.02509317408157e-9
-45.1,-4.554465267570498e-8,1.026539943606848e-9
-45.09,-4.559866825384727e-8,1.0279890383610448e-9
-45.08,-4.5652758735794235e-8,1.0294404625932e-9
-45.07,-4.5706924239599756e-8,1.0308942203204327e-9
-45.06,-4.576116488385301e-8,1.032350315852264e-9
-45.05,-4.5815480787061206e-8,1.033808753335485e-9
-45.04,-4.586987206811551e-8,1.0352695369234747e-9
-45.03,-4.592433884614939e-8,1.0367326709796167e-9
-45.02,-4.597888124035859e-8,1.0381981595893328e-9
-45.01,-4.6033499370273766e-8,1.039666006958131e-9
-45.0,-4.608819335545539e-8,1.0411362174839278e-9
-44.99,-4.6142963315950856e-8,1.0426087952332934e-9
-44.98,-4.619780937184392e-8,1.0440837445905946e-9
-44.97,-4.625273164330753e-8,1.0455610697366851e-9
-44.96,-4.630773025111454e-8,1.0470407750478648e-9
-44.95,-4.6362805316239794e-8,1.0485228646594024e-9
-44.94,-4.6417956958637226e-8,1.0500073429324774e-9
-44.93,-4.6473185300404494e-8,1.0514942141828917e-9
-44.92,-4.652849046276457e-8,1.0529834827050535e-9
-44.91,-4.658387256718715e-8,1.054475152802401e-9
-44.9,-4.663933173550776e-8,1.055969228830001e-9
-44.89,-4.669486808988252e-8,1.057465715058859e-9
-44.88,-4.675048175235024e-8,1.0589646158351036e-9
-44.87,-4.680617284555156e-8,1.0604659355076064e-9
-44.86,-4.6861941492119264e-8,1.0619696784611875e-9
-44.85,-4.691778781492338e-8,1.0634758490566417e-9
-44.84,-4.697371193710407e-8,1.0649844517244389e-9
-44.83,-4.702971398194636e-8,1.066495490697368e-9
-44.82,-4.708579407311036e-8,1.0680089704636226e-9
-44.81,-4.7141952334130355e-8,1.0695248954636548e-9
-44.8,-4.719818888937235e-8,1.0710432699751781e-9
-44.79,-4.725450386266464e-8,1.0725640985446718e-9
-44.78,-4.7310897378645634e-8,1.0740873855278363e-9
-44.77,-4.736736956185278e-8,1.0756131353648993e-9
-44.76,-4.7423920537310965e-8,1.0771413524907648e-9
-44.75,-4.7480550429946435e-8,1.0786720414637231e-9
-44.74,-4.753725936510601e-8,1.0802052066116632e-9
-44.73,-4.759404746838347e-8,1.0817408524279384e-9
-44.72,-4.765091486545773e-8,1.0832789834613178e-9
-44.71,-4.77078616823142e-8,1.0848196041192826e-9
-44.7,-4.776488804522219e-8,1.0863627189087526e-9
-44.69,-4.782199408060816e-8,1.0879083324045921e-9
-44.68,-4.787917991499364e-8,1.0894564490487938e-9
-44.67,-4.793644567516576e-8,1.091007073483216e-9
-44.66,-4.7993791488720755e-8,1.0925602099086558e-9
-44.65,-4.8051217482550155e-8,1.094115863252066e-9
-44.64,-4.81087237841711e-8,1.0956740379319705e-9
-44.63,-4.8166310521635753e-8,1.0972347384770922e-9
-44.62,-4.822397782264975e-8,1.0987979694417094e-9
-44.61,-4.828172581556675e-8,1.100363735420953e-9
-44.6,-4.8339554628949014e-8,1.1019320410272745e-9
-44.59,-4.839746439136304e-8,1.1035028908363667e-9
-44.58,-4.845545523174184e-8,1.1050762893915072e-9
-44.57,-4.8513527279177684e-8,1.106652241469434e-9
-44.56,-4.857168066309284e-8,1.1082307515188771e-9
-44.55,-4.862991551310874e-8,1.1098118243027009e-9
-44.54,-4.868823195899662e-8,1.1113954643531395e-9
-44.53,-4.874663013083751e-8,1.1129816764420905e-9
-44.52,-4.880511015891452e-8,1.1145704650773157e-9
-44.51,-4.886367217385699e-8,1.1161618350481492e-9
-44.5,-4.892231630627932e-8,1.1177557909890778e-9
-44.49,-4.898104268718188e-8,1.1193523375907252e-9
-44.48,-4.9039851447810315e-8,1.1209514794977375e-9
-44.47,-4.909874271967119e-8,1.122553221589575e-9
-44.46,-4.915771663439306e-8,1.1241575684113966e-9
-44.45,-4.92167733238132e-8,1.1257645247374078e-9
-44.44,-4.9275912920342586e-8,1.1273740952697158e-9
-44.43,-4.9335135556185396e-8,1.1289862847613705e-9
-44.42,-4.939444136395037e-8,1.1306010980422402e-9
-44.41,-4.945383047655377e-8,1.1322185398681569e-9
-44.4,-4.951330302710415e-8,1.1338386148644623e-9
-44.39,-4.95728591487934e-8,1.1354613280402624e-9
-44.38,-4.963249897550068e-8,1.1370866839314711e-9
-44.37,-4.969222264082311e-8,1.1387146875323768e-9
-44.36,-4.975203027880605e-8,1.1403453435990447e-9
-44.35,-4.9811922023795595e-8,1.1419786568667948e-9
-44.34,-4.9871898010519936e-8,1.1436146322449484e-9
-44.33,-4.9931958373117715e-8,1.1452532747301703e-9
-44.32,-4.999210324716459e-8,1.1468945888882528e-9
-44.31,-5.005233276782323e-8,1.1485385797077465e-9
-44.3,-5.011264707054478e-8,1.1501852520352651e-9
-44.29,-5.017304629097327e-8,1.1518346107991723e-9
-44.28,-5.023353056508618e-8,1.153486660788159e-9
-44.27,-5.0294100029131216e-8,1.155141407021944e-9
-44.26,-5.0354754819749054e-8,1.1567988542912158e-9
-44.25,-5.041549507345578e-8,1.1584590076169054e-9
-44.24,-5.047632092715716e-8,1.1601218718888349e-9
-44.23,-5.0537232518147285e-8,1.1617874519962875e-9
-44.22,-5.059822998382402e-8,1.1634557529175985e-9
-44.21,-5.065931346197104e-8,1.1651267796061988e-9
-44.2,-5.072048309033063e-8,1.1668005371228535e-9
-44.19,-5.078173900719861e-8,1.1684770302538078e-9
-44.18,-5.084308135093516e-8,1.1701562640775706e-9
-44.17,-5.0904510260318034e-8,1.171838243675234e-9
-44.16,-5.096602587408685e-8,1.173522973956697e-9
-44.15,-5.102762833158825e-8,1.1752104599891957e-9
-44.14,-5.108931777214031e-8,1.176900706714337e-9
-44.13,-5.1151094335468824e-8,1.1785937192120823e-9
-44.12,-5.121295816144922e-8,1.1802895025905424e-9
-44.11,-5.1274909390187906e-8,1.1819880618418957e-9
-44.1,-5.133694816212992e-8,1.1836894020248836e-9
-44.09,-5.139907461798891e-8,1.185393528260869e-9
-44.08,-5.146128889872424e-8,1.1871004456009411e-9
-44.07,-5.152359114535629e-8,1.1888101591651767e-9
-44.06,-5.158598149944527e-8,1.1905226740369977e-9
-44.05,-5.1648460102600546e-8,1.1922379953754398e-9
-44.04,-5.171102709678088e-8,1.1939561282479421e-9
-44.03,-5.1773682624117085e-8,1.1956770778749657e-9
-44.02,-5.1836426827127705e-8,1.1974008492939119e-9
-44.01,-5.189925984849355e-8,1.1991274477909947e-9
-44.0,-5.1962181831089075e-8,1.2008568784619738e-9
-43.99,-5.202519291815389e-8,1.202589146428591e-9
-43.98,-5.208829325317608e-8,1.204324257008341e-9
-43.97,-5.21514829799413e-8,1.2060622153079876e-9
-43.96,-5.221476224231679e-8,1.2078030265777629e-9
-43.95,-5.227813118449805e-8,1.209546696047632e-9
-43.94,-5.234158995119211e-8,1.21129322892662e-9
-43.93,-5.2405138686941916e-8,1.213042630426328e-9
-43.92,-5.246877753686844e-8,1.2147949058189282e-9
-43.91,-5.253250664619332e-8,1.2165500604513482e-9
-43.9,-5.259632616054866e-8,1.2183080995064889e-9
-43.89,-5.266023622559223e-8,1.2200690283225337e-9
-43.88,-5.272423698750678e-8,1.22183285218423e-9
-43.87,-5.278832859252651e-8,1.2235995762536465e-9
-43.86,-5.2852511187253775e-8,1.2253692060483254e-9
-43.85,-5.291678491860677e-8,1.2271417468527776e-9
-43.84,-5.298114993364858e-8,1.2289172038702473e-9
-43.83,-5.304560637969787e-8,1.2306955826459337e-9
-43.82,-5.3110154404519927e-8,1.2324768884299265e-9
-43.81,-5.317479415591267e-8,1.234261126547459e-9
-43.8,-5.3239525782163395e-8,1.2360483024973043e-9
-43.79,-5.330434943155027e-8,1.2378384215453104e-9
-43.78,-5.3369265252865204e-8,1.2396314892427244e-9
-43.77,-5.343427339512937e-8,1.2414275108452526e-9
-43.76,-5.3499374007549725e-8,1.2432264919079348e-9
-43.75,-5.3564567239626337e-8,1.2450284377865113e-9
-43.74,-5.362985324112663e-8,1.2468333539130283e-9
-43.73,-5.36952321621644e-8,1.2486412458146009e-9
-43.72,-5.3760704152960994e-8,1.2504521189050398e-9
-43.71,-5.38262693641435e-8,1.2522659787406359e-9
-43.7,-5.389192794672579e-8,1.2540828306632643e-9
-43.69,-5.39576800515608e-8,1.2559026803653976e-9
-43.68,-5.402352583025788e-8,1.2577255331613678e-9
-43.67,-5.408946543448593e-8,1.2595513947497201e-9
-43.66,-5.415549901605553e-8,1.261380270580114e-9
-43.65,-5.4221626727380505e-8,1.2632121661749927e-9
-43.64,-5.428784872091845e-8,1.265047087130438e-9
-43.63,-5.4354165149368306e-8,1.26688503902475e-9
-43.62,-5.4420576165763804e-8,1.2687260273400799e-9
-43.61,-5.448708192350152e-8,1.27057005789911e-9
-43.6,-5.455368257624343e-8,1.2724171359860921e-9
-43.59,-5.462037827780747e-8,1.2742672674731113e-9
-43.58,-5.468716918229995e-8,1.2761204578707518e-9
-43.57,-5.4754055444217346e-8,1.2779767128813858e-9
-43.56,-5.482103721829131e-8,1.2798360379940456e-9
-43.55,-5.488811465951393e-8,1.2816984390722445e-9
-43.54,-5.495528792316277e-8,1.283563921689162e-9
-43.53,-5.502255716476257e-8,1.2854324914983367e-9
-43.52,-5.508992254014872e-8,1.2873041542313193e-9
-43.51,-5.515738420548407e-8,1.2891789156043346e-9
-43.5,-5.522494231720008e-8,1.291056781330418e-9
-43.49,-5.5292597031899246e-8,1.2929377570627936e-9
-43.48,-5.536034850664343e-8,1.2948218486183197e-9
-43.47,-5.542819689858526e-8,1.2967090617501733e-9
-43.46,-5.5496142365450196e-8,1.2985994021828093e-9
-43.45,-5.55641850645735e-8,1.300492875870454e-9
-43.44,-5.5632325154828463e-8,1.302389488126197e-9
-43.43,-5.570056279408962e-8,1.3042892452629569e-9
-43.42,-5.57688981410845e-8,1.3061921528164558e-9
-43.41,-5.5837331354835484e-8,1.3080982166968273e-9
-43.4,-5.590586259464171e-8,1.3100074427052058e-9
-43.39,-5.597449202005832e-8,1.3119198366746703e-9
-43.38,-5.6043219790819005e-8,1.3138354046027802e-9
-43.37,-5.611204606711491e-8,1.3157541521697907e-9
-43.36,-5.618097100939269e-8,1.3176760852975474e-9
-43.35,-5.62499947783142e-8,1.319601209927883e-9
-43.34,-5.631911753493898e-8,1.3215295318999198e-9
-43.33,-5.6388339440383064e-8,1.3234610573187634e-9
-43.32,-5.645766065646302e-8,1.325395791803126e-9
-43.31,-5.6527081344840285e-8,1.3273337415278557e-9
-43.3,-5.659660166784041e-8,1.3292749124021158e-9
-43.29,-5.6666221787837765e-8,1.3312193103228396e-9
-43.28,-5.673594186764098e-8,1.3331669412889927e-9
-43.27,-5.680576207029616e-8,1.3351178114105595e-9
-43.26,-5.687568255910292e-8,1.337071926491142e-9
-43.25,-5.694570349769778e-8,1.339029292612964e-9
-43.24,-5.701582505016842e-8,1.3409899158878997e-9
-43.23,-5.708604738055236e-8,1.3429538022523584e-9
-43.22,-5.71563706534992e-8,1.344920957873773e-9
-43.21,-5.722679503389574e-8,1.3468913886593434e-9
-43.2,-5.72973206868368e-8,1.3488651007784611e-9
-43.19,-5.736794777766795e-8,1.3508421002858785e-9
-43.18,-5.743867647223329e-8,1.3528223933053591e-9
-43.17,-5.750950693653929e-8,1.3548059859550183e-9
-43.16,-5.758043933690277e-8,1.3567928842924867e-9
-43.15,-5.765147384000781e-8,1.3587830946004943e-9
-43.14,-5.7722610612794577e-8,1.3607766228233155e-9
-43.13,-5.77938498225243e-8,1.3627734752250352e-9
-43.12,-5.786519163675038e-8,1.3647736580754727e-9
-43.11,-5.793663622325995e-8,1.3667771773464974e-9
-43.1,-5.800818375032304e-8,1.3687840394395065e-9
-43.09,-5.807983438635775e-8,1.3707942504443038e-9
-43.08,-5.8151588300159225e-8,1.372807816679252e-9
-43.07,-5.822344566086233e-8,1.3748247442708405e-9
-43.06,-5.829540663765622e-8,1.376845039533864e-9
-43.05,-5.8367471400518044e-8,1.3788687087971171e-9
-43.04,-5.843964011925351e-8,1.3808957581073243e-9
-43.03,-5.8511912964333286e-8,1.382926194025299e-9
-43.02,-5.8584290106306754e-8,1.3849600226974815e-9
-43.01,-5.865677171612402e-8,1.3869972504526403e-9
-43.0,-5.872935796509144e-8,1.3890378836455906e-9
-42.99,-5.8802049024664334e-8,1.3910819286263895e-9
-42.98,-5.887484506688793e-8,1.3931293917376956e-9
-42.97,-5.894774626385315e-8,1.3951802792733609e-9
-42.96,-5.902075278804568e-8,1.3972345977236998e-9
-42.95,-5.909386481229725e-8,1.3992923533735262e-9
-42.94,-5.916708250985941e-8,1.401353552786414e-9
-42.93,-5.924040605405882e-8,1.403418202153936e-9
-42.92,-5.9313835618730385e-8,1.4054863081017776e-9
-42.91,-5.9387371377891855e-8,1.4075578770047016e-9
-42.9,-5.94610135060842e-8,1.4096329152260522e-9
-42.89,-5.953476217788252e-8,1.411711429456167e-9
-42.88,-5.960861756837492e-8,1.4137934259408232e-9
-42.87,-5.968257985303316e-8,1.415878911237607e-9
-42.86,-5.975664920747048e-8,1.417967891955483e-9
-42.85,-5.983082580770615e-8,1.420060374625481e-9
-42.84,-5.990510982999334e-8,1.422156365676033e-9
-42.83,-5.997950145104326e-8,1.4242558716467967e-9
-42.82,-6.00540008478694e-8,1.4263588992777759e-9
-42.81,-6.012860819770316e-8,1.4284654549314688e-9
-42.8,-6.020332367822878e-8,1.430575545219476e-9
-42.79,-6.027814746737364e-8,1.4326891768854075e-9
-42.78,-6.035307974327723e-8,1.4348063565025135e-9
-42.77,-6.042812068479542e-8,1.4369270906514293e-9
-42.76,-6.050327047063649e-8,1.4390513859586858e-9
-42.75,-6.057852928019084e-8,1.44117924918253e-9
-42.74,-6.06538972929548e-8,1.4433106868841116e-9
-42.73,-6.072937468892201e-8,1.4454457058056472e-9
-42.72,-6.080496164822815e-8,1.4475843126537898e-9
-42.71,-6.088065835156698e-8,1.449726514081571e-9
-42.7,-6.095646497975352e-8,1.4518723168965197e-9
-42.69,-6.10323817140233e-8,1.4540217278072995e-9
-42.68,-6.110840873598602e-8,1.4561747535110643e-9
-42.67,-6.118454622752764e-8,1.4583314007967889e-9
-42.66,-6.126079437090762e-8,1.4604916765885215e-9
-42.65,-6.133715334862227e-8,1.4626555874770218e-9
-42.64,-6.141362334362671e-8,1.464823140383025e-9
-42.63,-6.149020453916488e-8,1.4669943421376829e-9
-42.62,-6.156689711880939e-8,1.4691691994634079e-9
-42.61,-6.164370126647443e-8,1.4713477193841054e-9
-42.6,-6.172061716630757e-8,1.4735299086005188e-9
-42.59,-6.179764500307554e-8,1.4757157741376756e-9
-42.58,-6.187478496158275e-8,1.477905322753353e-9
-42.57,-6.19520372270946e-8,1.480098561448024e-9
-42.56,-6.202940198527995e-8,1.4822954970676505e-9
-42.55,-6.210687942209873e-8,1.4844961366455344e-9
-42.54,-6.218446972375293e-8,1.4867004870503198e-9
-42.53,-6.226217307696296e-8,1.4889085553684904e-9
-42.52,-6.233998966865854e-8,1.4911203483696566e-9
-42.51,-6.24179196862022e-8,1.493335873198755e-9
-42.5,-6.249596331712604e-8,1.4955551368385372e-9
-42.49,-6.257412074959066e-8,1.4977781463092512e-9
-42.48,-6.265239217196668e-8,1.5000049086387589e-9
-42.47,-6.273077777275503e-8,1.5022354308991266e-9
-42.46,-6.280927774124333e-8,1.5044697201093604e-9
-42.45,-6.288789226667908e-8,1.5067077834327266e-9
-42.44,-6.296662153888452e-8,1.5089496278811087e-9
-42.43,-6.304546574780012e-8,1.511195260522345e-9
-42.42,-6.312442508424633e-8,1.513444688577229e-9
-42.41,-6.320349973851848e-8,1.5156979191911845e-9
-42.4,-6.32826899021443e-8,1.5179549594095668e-9
-42.39,-6.336199576645505e-8,1.5202158165232908e-9
-42.38,-6.344141752337244e-8,1.522480497656112e-9
-42.37,-6.35209553650745e-8,1.5247490099793518e-9
-42.36,-6.360060948401196e-8,1.527021360771669e-9
-42.35,-6.368038007331428e-8,1.5292975572583731e-9
-42.34,-6.37602673261108e-8,1.5315776066140248e-9
-42.33,-6.384027143606447e-8,1.533861516102737e-9
-42.32,-6.392039259720426e-8,1.5361492930489001e-9
-42.31,-6.400063100382978e-8,1.5384409447282495e-9
-42.3,-6.408098685066835e-8,1.5407364784503967e-9
-42.29,-6.416146033272491e-8,1.5430359014682723e-9
-42.28,-6.42420516454605e-8,1.5453392211345582e-9
-42.27,-6.432276098468572e-8,1.5476464448671367e-9
-42.26,-6.44035885465394e-8,1.5499575799381789e-9
-42.25,-6.448453452745529e-8,1.552272633787071e-9
-42.24,-6.456559912434969e-8,1.5545916137895926e-9
-42.23,-6.46467825342446e-8,1.5569145274273792e-9
-42.22,-6.472808495548033e-8,1.559241381889362e-9
-42.21,-6.480950658513608e-8,1.5615721848168872e-9
-42.2,-6.48910476220377e-8,1.5639069437096325e-9
-42.19,-6.497270826464545e-8,1.5662456658399507e-9
-42.18,-6.505448871215585e-8,1.5685883588521562e-9
-42.17,-6.513638916392118e-8,1.5709350301312675e-9
-42.16,-6.521840981983711e-8,1.5732856873451139e-9
-42.15,-6.530055088001422e-8,1.5756403378468e-9
-42.14,-6.538281254503384e-8,1.5779989893040865e-9
-42.13,-6.546519501575577e-8,1.580361649245636e-9
-42.12,-6.554769849343779e-8,1.5827283252235016e-9
-42.11,-6.563032317982288e-8,1.5850990249118504e-9
-42.1,-6.571306927695092e-8,1.5874737558521914e-9
-42.09,-6.579593698709823e-8,1.5898525256716876e-9
-42.08,-6.587892651313259e-8,1.5922353419863971e-9
-42.07,-6.59620380582982e-8,1.5946222125426454e-9
-42.06,-6.604527182592794e-8,1.597013144913317e-9
-42.05,-6.61286280201193e-8,1.5994081468549787e-9
-42.04,-6.621210684497786e-8,1.601807226113619e-9
-42.03,-6.629570850533669e-8,1.6042103902227156e-9
-42.02,-6.637943320615571e-8,1.6066176470512854e-9
-42.01,-6.646328115278918e-8,1.6090290044443383e-9
-42.0,-6.6547252551209e-8,1.6114444700042883e-9
-41.99,-6.663134760752726e-8,1.6138640516166266e-9
-41.98,-6.67155665283028e-8,1.616287757012313e-9
-41.97,-6.679990952053382e-8,1.6187155940220824e-9
-41.96,-6.688437679142336e-8,1.6211475705417934e-9
-41.95,-6.696896854893247e-8,1.623583694375241e-9
-41.94,-6.70536850009447e-8,1.6260239733562407e-9
-41.93,-6.71385263560015e-8,1.6284684154109213e-9
-41.92,-6.722349282307693e-8,1.6309170284469523e-9
-41.91,-6.730858461138163e-8,1.6333698203891169e-9
-41.9,-6.739380193062523e-8,1.6358267990570678e-9
-41.89,-6.747914499083833e-8,1.638287972583134e-9
-41.88,-6.756461400248272e-8,1.6407533487523111e-9
-41.87,-6.765020917622113e-8,1.643222935600991e-9
-41.86,-6.773593072344699e-8,1.6456967412138253e-9
-41.85,-6.782177885586561e-8,1.6481747734731743e-9
-41.84,-6.790775378521356e-8,1.6506570405440491e-9
-41.83,-6.799385572420324e-8,1.65314355044025e-9
-41.82,-6.808008488526047e-8,1.6556343110857742e-9
-41.81,-6.816644148185436e-8,1.6581293306886217e-9
-41.8,-6.825292572760054e-8,1.6606286173582702e-9
-41.79,-6.833953783638224e-8,1.663132179146677e-9
-41.78,-6.842627802258508e-8,1.6656400241773706e-9
-41.77,-6.851314650105308e-8,1.668152160697943e-9
-41.76,-6.860014348693158e-8,1.6706685967747036e-9
-41.75,-6.868726919584482e-8,1.6731893406006864e-9
-41.74,-6.877452384374792e-8,1.6757144004663166e-9
-41.73,-6.886190764708262e-8,1.678243784461945e-9
-41.72,-6.894942082256218e-8,1.6807775009474023e-9
-41.71,-6.903706358751183e-8,1.6833155579880017e-9
-41.7,-6.912483615942152e-8,1.685857964030525e-9
-41.69,-6.921273875631992e-8,1.688404727307104e-9
-41.68,-6.930077159674891e-8,1.6909558561247117e-9
-41.67,-6.93889348993734e-8,1.6935113587623063e-9
-41.66,-6.947722888351724e-8,1.6960712435659411e-9
-41.65,-6.9565653768701e-8,1.6986355189158695e-9
-41.64,-6.965420977521592e-8,1.7012041931746534e-9
-41.63,-6.974289712335999e-8,1.7037772747446806e-9
-41.62,-6.983171603397418e-8,1.7063547720085818e-9
-41.61,-6.99206667284937e-8,1.7089366933578957e-9
-41.6,-7.000974942849338e-8,1.7115230473459321e-9
-41.59,-7.009896435613087e-8,1.7141138423602823e-9
-41.58,-7.018831173390116e-8,1.7167090867942835e-9
-41.57,-7.027779178490615e-8,1.7193087892398257e-9
-41.56,-7.036740473222145e-8,1.7219129582157758e-9
-41.55,-7.04571507999984e-8,1.724521602291617e-9
-41.54,-7.054703021212703e-8,1.727134729941607e-9
-41.53,-7.063704319338921e-8,1.729752349677914e-9
-41.52,-7.072718996868168e-8,1.7323744701920655e-9
-41.51,-7.081747076365775e-8,1.7350011000755491e-9
-41.5,-7.090788580403726e-8,1.7376322478319919e-9
-41.49,-7.099843531617175e-8,1.7402679221838131e-9
-41.48,-7.108911952687792e-8,1.742908131842876e-9
-41.47,-7.117993866313375e-8,1.7455528854239116e-9
-41.46,-7.1270892952679e-8,1.7482021915783543e-9
-41.45,-7.136198262342934e-8,1.7508560591305175e-9
-41.44,-7.145320790382587e-8,1.7535144966784375e-9
-41.43,-7.154456902277289e-8,1.7561775130722213e-9
-41.42,-7.163606620954617e-8,1.7588451169356202e-9
-41.41,-7.172769969379682e-8,1.7615173172612594e-9
-41.4,-7.181946970579207e-8,1.7641941226619678e-9
-41.39,-7.191137647590574e-8,1.7668755420583279e-9
-41.38,-7.200342023546684e-8,1.7695615842553013e-9
-41.37,-7.20956012155897e-8,1.7722522581040901e-9
-41.36,-7.218791964832695e-8,1.7749475725049979e-9
-41.35,-7.228037576598118e-8,1.7776475363105465e-9
-41.34,-7.237296980136134e-8,1.7803521585186455e-9
-41.33,-7.246570198745093e-8,1.7830614479288294e-9
-41.32,-7.25585725581163e-8,1.785775413631645e-9
-41.31,-7.265158174728748e-8,1.788494064466154e-9
-41.3,-7.274472978945493e-8,1.7912174094667328e-9
-41.29,-7.283801691966505e-8,1.7939454577385548e-9
-41.28,-7.293144337305217e-8,1.7966782181751858e-9
-41.27,-7.302500938571374e-8,1.7994156999096763e-9
-41.26,-7.311871519387048e-8,1.8021579119402031e-9
-41.25,-7.321256103418977e-8,1.8049048633423996e-9
-41.24,-7.330654714375668e-8,1.8076565632607143e-9
-41.23,-7.34006737602359e-8,1.8104130208352166e-9
-41.22,-7.349494112194423e-8,1.8131742451614274e-9
-41.21,-7.358934946671503e-8,1.8159402454643178e-9
-41.2,-7.368389903407304e-8,1.8187110307460638e-9
-41.19,-7.377859006333343e-8,1.821486610351193e-9
-41.18,-7.387342279416822e-8,1.8242669934331523e-9
-41.17,-7.396839746694571e-8,1.8270521893651313e-9
-41.16,-7.406351432250221e-8,1.8298422072950024e-9
-41.15,-7.415877360196127e-8,1.8326370563924688e-9
-41.14,-7.425417554691914e-8,1.8354367461531908e-9
-41.13,-7.434972039966768e-8,1.838241285790449e-9
-41.12,-7.444540840253854e-8,1.8410506846000758e-9
-41.11,-7.45412397986911e-8,1.8438649520328412e-9
-41.1,-7.463721483158257e-8,1.846684097330265e-9
-41.09,-7.473333374529389e-8,1.8495081300667108e-9
-41.08,-7.482959678398289e-8,1.8523370594739232e-9
-41.07,-7.492600419268337e-8,1.8551708950111015e-9
-41.06,-7.502255621661327e-8,1.8580096462916415e-9
-41.05,-7.511925310171602e-8,1.8608533226585692e-9
-41.04,-7.521609509396425e-8,1.8637019335383327e-9
-41.03,-7.531308244040304e-8,1.8665554886006505e-9
-41.02,-7.541021538796994e-8,1.869413997251617e-9
-41.01,-7.55074941842255e-8,1.87227746925785e-9
-41.0,-7.560491907774224e-8,1.8751459137164305e-9
-40.99,-7.570249031674702e-8,1.878019340682913e-9
-40.98,-7.580020815028852e-8,1.880897759508769e-9
-40.97,-7.589807282789595e-8,1.8837811800814485e-9
-40.96,-7.59960845997009e-8,1.8866696118393666e-9
-40.95,-7.609424371595174e-8,1.8895630645034986e-9
-40.94,-7.619255042791179e-8,1.892461547772742e-9
-40.93,-7.629100498663329e-8,1.8953650713729213e-9
-40.92,-7.638960764419873e-8,1.898273645031431e-9
-40.91,-7.648835865298235e-8,1.9011872784884623e-9
-40.9,-7.658725826571739e-8,1.90410598154993e-9
-40.89,-7.668630673585802e-8,1.907029764027489e-9
-40.88,-7.678550431704594e-8,1.9099586356971256e-9
-40.87,-7.68848512636315e-8,1.9128926063201082e-9
-40.86,-7.69843478303811e-8,1.9158316859114128e-9
-40.85,-7.708399427251944e-8,1.9187758842992676e-9
-40.84,-7.718379084578082e-8,1.921725211299045e-9
-40.83,-7.728373780642811e-8,1.9246796769394067e-9
-40.82,-7.738383541099326e-8,1.927639291105178e-9
-40.81,-7.748408391678994e-8,1.930604063716137e-9
-40.8,-7.758448358141732e-8,1.933574004821176e-9
-40.79,-7.768503466307133e-8,1.9365491244617255e-9
-40.78,-7.778573742037272e-8,1.939529432555242e-9
-40.77,-7.788659211248346e-8,1.9425149392440316e-9
-40.76,-7.798759899894295e-8,1.945505654560499e-9
-40.75,-7.80887583400287e-8,1.9485015885488956e-9
-40.74,-7.819007039608325e-8,1.9515027514239494e-9
-40.73,-7.829153542837532e-8,1.954509153252559e-9
-40.72,-7.839315369859535e-8,1.957520804166393e-9
-40.71,-7.84949254686662e-8,1.9605377143746136e-9
-40.7,-7.859685100122527e-8,1.9635598940512344e-9
-40.69,-7.869893055926937e-8,1.966587353427946e-9
-40.68,-7.880116440661289e-8,1.969620102776229e-9
-40.67,-7.890355280720881e-8,1.972658152307033e-9
-40.66,-7.900609602566212e-8,1.9757015123326754e-9
-40.65,-7.910879432700741e-8,1.978750193134231e-9
-40.64,-7.921164797690532e-8,1.9818042051150405e-9
-40.63,-7.93146572414049e-8,1.9848635585159137e-9
-40.62,-7.941782238720611e-8,1.987928263720261e-9
-40.61,-7.95211436815528e-8,1.990998331159583e-9
-40.6,-7.962462139134754e-8,1.9940737712961407e-9
-40.59,-7.972825578547215e-8,1.99715459444275e-9
-40.58,-7.983204713230847e-8,2.0002408112153502e-9
-40.57,-7.993599570101426e-8,2.003332431945498e-9
-40.56,-8.004010176126013e-8,2.006429467213887e-9
-40.55,-8.014436558321577e-8,2.0095319275656897e-9
-40.54,-8.02487874375274e-8,2.0126398234605434e-9
-40.53,-8.035336759539e-8,2.0157531655311154e-9
-40.52,-8.045810632860715e-8,2.01887196438079e-9
-40.51,-8.056300390926541e-8,2.0219962306205796e-9
-40.5,-8.066806061024531e-8,2.025125974879113e-9
-40.49,-8.077327670468854e-8,2.0282612077233487e-9
-40.48,-8.087865246661158e-8,2.03140194000454e-9
-40.47,-8.098418817006911e-8,2.0345481823061063e-9
-40.46,-8.108988409004256e-8,2.0376999454416927e-9
-40.45,-8.119574050181111e-8,2.040857240084758e-9
-40.44,-8.130175768138466e-8,2.044020076992357e-9
-40.43,-8.140793590496333e-8,2.0471884671072235e-9
-40.42,-8.151427544965574e-8,2.0503624211727543e-9
-40.41,-8.162077659291029e-8,2.0535419498996553e-9
-40.4,-8.172743961255844e-8,2.0567270643063597e-9
-40.39,-8.183426478729001e-8,2.0599177752693496e-9
-40.38,-8.194125239614241e-8,2.0631140936658553e-9
-40.37,-8.20484027185811e-8,2.066316030444038e-9
-40.36,-8.215571603476852e-8,2.0695235964991512e-9
-40.35,-8.226319262551783e-8,2.072736802904408e-9
-40.34,-8.237083277171816e-8,2.0759556606370354e-9
-40.33,-8.247863675551404e-8,2.079180180733422e-9
-40.32,-8.258660485877537e-8,2.082410374262302e-9
-40.31,-8.269473736442452e-8,2.0856462521727584e-9
-40.3,-8.280303455580102e-8,2.0888878256523307e-9
-40.29,-8.291149671689669e-8,2.0921351059369253e-9
-40.28,-8.30201241319426e-8,2.095388103991821e-9
-40.27,-8.312891708608007e-8,2.098646831147785e-9
-40.26,-8.323787586466103e-8,2.1019112984176802e-9
-40.25,-8.33470007539195e-8,2.1051815171413156e-9
-40.24,-8.34562920403748e-8,2.1084574985684465e-9
-40.23,-8.356575001119713e-8,2.111739253888639e-9
-40.22,-8.367537495396746e-8,2.115026794541131e-9
-40.21,-8.378516715703104e-8,2.1183201315784882e-9
-40.2,-8.389512690934198e-8,2.121619276575681e-9
-40.19,-8.400525450001284e-8,2.1249242408330495e-9
-40.18,-8.41155502191321e-8,2.128235035724112e-9
-40.17,-8.422601435697963e-8,2.1315516725636254e-9
-40.16,-8.433664720479132e-8,2.1348741629778866e-9
-40.15,-8.444744905397157e-8,2.1382025182433016e-9
-40.14,-8.455842019668277e-8,2.141536749930225e-9
-40.13,-8.466956092567717e-8,2.144876869604223e-9
-40.12,-8.478087153430783e-8,2.1482228886486943e-9
-40.11,-8.489235231606634e-8,2.1515748187746703e-9
-40.1,-8.500400356571811e-8,2.154932671480041e-9
-40.09,-8.511582557796202e-8,2.1582964584082206e-9
-40.08,-8.522781864837754e-8,2.161666191174403e-9
-40.07,-8.533998307307086e-8,2.1650418814063873e-9
-40.06,-8.54523191486532e-8,2.1684235408391118e-9
-40.05,-8.556482717228297e-8,2.171811181109245e-9
-40.04,-8.567750744180967e-8,2.1752048140596075e-9
-40.03,-8.579036025565842e-8,2.178604451378643e-9
-40.02,-8.590338591262079e-8,2.1820101048017045e-9
-40.01,-8.601658471230388e-8,2.1854217861950796e-9
-40.0,-8.612995695466871e-8,2.1888395074218746e-9
-39.99,-8.62435029404233e-8,2.1922632802660678e-9
-39.98,-8.635722297089108e-8,2.1956931165867527e-9
-39.97,-8.647111734773626e-8,2.199129028503426e-9
-39.96,-8.658518637339299e-8,2.202571027662782e-9
-39.95,-8.669943035089904e-8,2.2060191262219004e-9
-39.94,-8.681384958366554e-8,2.2094733360382613e-9
-39.93,-8.692844437601868e-8,2.212933669225805e-9
-39.92,-8.704321503239347e-8,2.21640013782367e-9
-39.91,-8.71581618583548e-8,2.219872753816829e-9
-39.9,-8.727328515963445e-8,2.2233515292679304e-9
-39.89,-8.738858524287269e-8,2.226836476435785e-9
-39.88,-8.75040624149954e-8,2.2303276073938178e-9
-39.87,-8.761971698370956e-8,2.233824934199268e-9
-39.86,-8.773554925725253e-8,2.237328469203384e-9
-39.85,-8.785155954444858e-8,2.240838224536578e-9
-39.84,-8.796774815483522e-8,2.2443542124778406e-9
-39.83,-8.80841153984022e-8,2.247876445246321e-9
-39.82,-8.820066158562414e-8,2.2514049352651024e-9
-39.81,-8.831738702791886e-8,2.2549396947136463e-9
-39.8,-8.843429203701743e-8,2.2584807359872544e-9
-39.79,-8.855137692554964e-8,2.262028071567361e-9
-39.78,-8.866864200612755e-8,2.2655817136825017e-9
-39.77,-8.878608759270263e-8,2.2691416748542384e-9
-39.76,-8.890371399959481e-8,2.2727079674968807e-9
-39.75,-8.90215215413492e-8,2.2762806041418514e-9
-39.74,-8.91395105336125e-8,2.2798595972973833e-9
-39.73,-8.925768129240198e-8,2.2834449595105588e-9
-39.72,-8.937603413436456e-8,2.287036703293311e-9
-39.71,-8.949456937679692e-8,2.2906348412844105e-9
-39.7,-8.961328733760611e-8,2.2942393860736653e-9
-39.69,-8.973218833526897e-8,2.2978503502919513e-9
-39.68,-8.985127268887796e-8,2.3014677466702535e-9
-39.67,-8.997054071826117e-8,2.305091587849654e-9
-39.66,-9.008999274381557e-8,2.3087218865567294e-9
-39.65,-9.020962908614141e-8,2.3123586556072577e-9
-39.64,-9.032945006720783e-8,2.316001907717453e-9
-39.63,-9.044945600915332e-8,2.3196516557499083e-9
-39.62,-9.056964723469695e-8,2.3233079124748387e-9
-39.61,-9.069002406753786e-8,2.3269706908411073e-9
-39.6,-9.081058683147695e-8,2.3306400037173113e-9
-39.59,-9.093133585133709e-8,2.33431586392338e-9
-39.58,-9.10522714523895e-8,2.3379982844998036e-9
-39.57,-9.117339396077309e-8,2.341687278419222e-9
-39.56,-9.129470370295475e-8,2.345382858712472e-9
-39.55,-9.141620100615531e-8,2.349085038280142e-9
-39.54,-9.153788619827426e-8,2.352793830390807e-9
-39.53,-9.16597596077553e-8,2.356509247952115e-9
-39.52,-9.17818215638236e-8,2.3602313041328167e-9
-39.51,-9.190407239627446e-8,2.3639600121020256e-9
-39.5,-9.202651243524876e-8,2.36769538502316e-9
-39.49,-9.214914201202564e-8,2.371437436078439e-9
-39.48,-9.227196145822255e-8,2.375186178533564e-9
-39.47,-9.239497110614153e-8,2.3789416256110033e-9
-39.46,-9.25181712888271e-8,2.3827037905715998e-9
-39.45,-9.26415623399546e-8,2.386472686808204e-9
-39.44,-9.276514459369019e-8,2.3902483275825224e-9
-39.43,-9.288891838488122e-8,2.394030726375003e-9
-39.42,-9.301288404912814e-8,2.397819896533181e-9
-39.41,-9.313704192272067e-8,2.4016158514036963e-9
-39.4,-9.326139234244472e-8,2.405418604528082e-9
-39.39,-9.338593564559036e-8,2.4092281695084275e-9
-39.38,-9.351067217104139e-8,2.413044559526599e-9
-39.37,-9.363560225701136e-8,2.4168677884529696e-9
-39.36,-9.37607262430179e-8,2.4206978697323533e-9
-39.35,-9.388604446932315e-8,2.424534817027443e-9
-39.34,-9.401155727680112e-8,2.4283786439287518e-9
-39.33,-9.413726500675094e-8,2.432229364147313e-9
-39.32,-9.426316800143657e-8,2.4360869912642108e-9
-39.31,-9.43892666035815e-8,2.4399515390946064e-9
-39.3,-9.451556115668501e-8,2.443823021393296e-9
-39.29,-9.464205200483252e-8,2.447701451950267e-9
-39.28,-9.476873949276304e-8,2.4515868445369477e-9
-39.27,-9.489562396603949e-8,2.4554792129901494e-9
-39.26,-9.50227057708563e-8,2.459378571246307e-9
-39.25,-9.514998525382563e-8,2.463284933091475e-9
-39.24,-9.527746276252404e-8,2.467198312553301e-9
-39.23,-9.540513864512565e-8,2.4711187236187813e-9
-39.22,-9.553301325044502e-8,2.475046180225679e-9
-39.21,-9.566108692798209e-8,2.478980696404724e-9
-39.2,-9.578936002795137e-8,2.482922286200312e-9
-39.19,-9.591783290121767e-8,2.4868709637619594e-9
-39.18,-9.604650589930419e-8,2.49082674317369e-9
-39.17,-9.617537937447655e-8,2.494789638504617e-9
-39.16,-9.630445367967664e-8,2.4987596639408827e-9
-39.15,-9.643372916859537e-8,2.502736833833628e-9
-39.14,-9.656320619528507e-8,2.5067211622586866e-9
-39.13,-9.669288511497392e-8,2.5107126635590204e-9
-39.12,-9.682276628326384e-8,2.5147113520441402e-9
-39.11,-9.695285005650814e-8,2.5187172420027204e-9
-39.1,-9.708313679185754e-8,2.522730347875752e-9
-39.09,-9.721362684696445e-8,2.52675068393655e-9
-39.08,-9.734432058037465e-8,2.5307782647238683e-9
-39.07,-9.747521835119303e-8,2.5348131046323814e-9
-39.06,-9.760632051935685e-8,2.538855218173863e-9
-39.05,-9.773762744533565e-8,2.54290461978906e-9
-39.04,-9.786913949039509e-8,2.5469613241146513e-9
-39.03,-9.800085701665132e-8,2.5510253457307577e-9
-39.02,-9.813278038667131e-8,2.5550966992101337e-9
-39.01,-9.826490996383446e-8,2.559175399183529e-9
-39.0,-9.83972461122916e-8,2.563261460398074e-9
-38.99,-9.85297891967808e-8,2.5673548975797875e-9
-38.98,-9.866253958290081e-8,2.571455725289274e-9
-38.97,-9.879549763677706e-8,2.5755639585182122e-9
-38.96,-9.892866372552085e-8,2.5796796118972136e-9
-38.95,-9.90620382165714e-8,2.5838027003181566e-9
-38.94,-9.919562147855466e-8,2.58793323878994e-9
-38.93,-9.932941388029448e-8,2.5920712420299884e-9
-38.92,-9.946341579186952e-8,2.596216725034155e-9
-38.91,-9.959762758372965e-8,2.6003697028168673e-9
-38.9,-9.97320496271676e-8,2.604530190291524e-9
-38.89,-9.986668229413007e-8,2.6086982025437575e-9
-38.88,-1.000015259573634e-7,2.612873754648167e-9
-38.87,-1.0013658099033976e-7,2.6170568616062484e-9
-38.86,-1.0027184776725164e-7,2.6212475386805655e-9
-38.85,-1.0040732666303854e-7,2.6254458009287726e-9
-38.84,-1.0054301805313104e-7,2.6296516636907735e-9
-38.83,-1.0067892231423302e-7,2.6338651419967073e-9
-38.82,-1.0081503982323396e-7,2.638086251233552e-9
-38.81,-1.0095137095819469e-7,2.642315006644537e-9
-38.8,-1.0108791609753098e-7,2.6465514236637552e-9
-38.79,-1.0122467562064241e-7,2.650795517544936e-9
-38.78,-1.0136164990751947e-7,2.6550473037911017e-9
-38.77,-1.0149883933935096e-7,2.659306797570463e-9
-38.76,-1.0163624429737095e-7,2.6635740146921105e-9
-38.75,-1.0177386516395674e-7,2.667848970399388e-9
-38.74,-1.0191170232227954e-7,2.6721316803561637e-9
-38.73,-1.020497561560226e-7,2.6764221600807476e-9
-38.72,-1.0218802704987372e-7,2.680720425136815e-9
-38.71,-1.0232651538921867e-7,2.685026491302354e-9
-38.7,-1.0246522155994487e-7,2.6893403740564614e-9
-38.69,-1.0260414594900397e-7,2.693662089198758e-9
-38.68,-1.0274328894407605e-7,2.697991652443912e-9
-38.67,-1.0288265093340792e-7,2.7023290795021073e-9
-38.66,-1.0302223230622498e-7,2.706674386297852e-9
-38.65,-1.0316203345234828e-7,2.7110275886443346e-9
-38.64,-1.0330205476238726e-7,2.7153887023720385e-9
-38.63,-1.0344229662791257e-7,2.71975774342753e-9
-38.62,-1.0358275944101208e-7,2.7241347276441213e-9
-38.61,-1.037234435947237e-7,2.728519671078592e-9
-38.6,-1.038643494826036e-7,2.7329125897830102e-9
-38.59,-1.040054774993488e-7,2.7373134997751506e-9
-38.58,-1.0414682804023274e-7,2.741722417140411e-9
-38.57,-1.0428840150143096e-7,2.74613935790042e-9
-38.56,-1.0443019827913683e-7,2.750564338352399e-9
-38.55,-1.0457221877171077e-7,2.7549973746205364e-9
-38.54,-1.0471446337724201e-7,2.759438482875973e-9
-38.53,-1.0485693249500371e-7,2.76388767944603e-9
-38.52,-1.0499962652494087e-7,2.7683449806694028e-9
-38.51,-1.0514254586778447e-7,2.772810402738637e-9
-38.5,-1.0528569092507427e-7,2.7772839621940838e-9
-38.49,-1.0542906209919738e-7,2.7817656752668566e-9
-38.48,-1.0557265979317231e-7,2.786255558516124e-9
-38.47,-1.0571648441114865e-7,2.7907536283276165e-9
-38.46,-1.0586053635749337e-7,2.7952599012854735e-9
-38.45,-1.0600481603807302e-7,2.7997743938592542e-9
-38.44,-1.0614932385902423e-7,2.80429712271172e-9
-38.43,-1.0629406022747917e-7,2.8088281043970274e-9
-38.42,-1.0643902555140388e-7,2.81336735564156e-9
-38.41,-1.0658422023938505e-7,2.8179148930493e-9
-38.4,-1.0672964470108884e-7,2.8224707334346845e-9
-38.39,-1.0687529934676554e-7,2.8270348934749977e-9
-38.38,-1.070211845876961e-7,2.8316073900112096e-9
-38.37,-1.0716730083565036e-7,2.8361882398840482e-9
-38.36,-1.0731364850350706e-7,2.8407774600200708e-9
-38.35,-1.0746022800486541e-7,2.8453750673054307e-9
-38.34,-1.0760703975399255e-7,2.8499810785828324e-9
-38.33,-1.0775408416624193e-7,2.854595510983114e-9
-38.32,-1.0790136165760345e-7,2.859218381445533e-9
-38.31,-1.0804887264491065e-7,2.863849707016505e-9
-38.3,-1.0819661754583588e-7,2.8684895048732334e-9
-38.29,-1.083445967789264e-7,2.8731377921536654e-9
-38.28,-1.0849281076342782e-7,2.8777945859300053e-9
-38.27,-1.0864125991963237e-7,2.8824599035378378e-9
-38.26,-1.0878994466842837e-7,2.8871337621292245e-9
-38.25,-1.0893886543161273e-7,2.8918161791059174e-9
-38.24,-1.0908802263187213e-7,2.8965071715541578e-9
-38.23,-1.0923741669286087e-7,2.9012067571523044e-9
-38.22,-1.093870480386822e-7,2.9059149530161564e-9
-38.21,-1.0953691709461216e-7,2.910631776795058e-9
-38.2,-1.0968702428661327e-7,2.9153572459139864e-9
-38.19,-1.098373700415043e-7,2.9200913777986353e-9
-38.18,-1.099879547870782e-7,2.9248341901196227e-9
-38.17,-1.1013877895170657e-7,2.92958570052211e-9
-38.16,-1.1028984296507003e-7,2.9343459263791424e-9
-38.15,-1.104411472571656e-7,2.939114885537347e-9
-38.14,-1.1059269225907381e-7,2.9438925957435613e-9
-38.13,-1.1074447840290512e-7,2.948679074684729e-9
-38.12,-1.1089650612135752e-7,2.9534743401874346e-9
-38.11,-1.1104877584806579e-7,2.958278409999698e-9
-38.1,-1.112012880175865e-7,2.963091302057935e-9
-38.09,-1.1135404306534256e-7,2.9679130342931886e-9
-38.08,-1.1150704142748221e-7,2.9727436245953082e-9
-38.07,-1.1166028354113809e-7,2.9775830909587957e-9
-38.06,-1.1181376984430903e-7,2.9824314513738507e-9
-38.05,-1.1196750077573735e-7,2.987288724002216e-9
-38.04,-1.121214767754087e-7,2.9921549268952194e-9
-38.03,-1.1227569828355018e-7,2.99703007814892e-9
-38.02,-1.1243016574179258e-7,3.0019141959829915e-9
-38.01,-1.1258487959242694e-7,3.006807298695538e-9
-38.0,-1.127398402787359e-7,3.011709404450949e-9
-37.99,-1.1289504824482247e-7,3.0166205315591026e-9
-37.98,-1.1305050393545566e-7,3.021540698468201e-9
-37.97,-1.1320620779666428e-7,3.0264699234717224e-9
-37.96,-1.1336216027518673e-7,3.031408225029324e-9
-37.95,-1.1351836181856757e-7,3.036355621537976e-9
-37.94,-1.1367481287543588e-7,3.0413121316008764e-9
-37.93,-1.1383151389504942e-7,3.0462777737693125e-9
-37.92,-1.1398846532777403e-7,3.0512525665216892e-9
-37.91,-1.1414566762482828e-7,3.056236528632262e-9
-37.9,-1.1430312123833023e-7,3.0612296786200485e-9
-37.89,-1.1446082662114964e-7,3.066232035374216e-9
-37.88,-1.1461878422728274e-7,3.0712436174471554e-9
-37.87,-1.1477699451160138e-7,3.0762644438528086e-9
-37.86,-1.1493545792946513e-7,3.081294533306072e-9
-37.85,-1.1509417493787528e-7,3.086333904598248e-9
-37.84,-1.1525314599408265e-7,3.0913825768456225e-9
-37.83,-1.1541237155671713e-7,3.096440568898124e-9
-37.82,-1.1557185208483072e-7,3.101507899765296e-9
-37.81,-1.157315880389595e-7,3.106584588486559e-9
-37.8,-1.1589157988011511e-7,3.1116706541929716e-9
-37.79,-1.1605182807039387e-7,3.116766115986617e-9
-37.78,-1.162123330728233e-7,3.121870993088231e-9
-37.77,-1.1637309535128913e-7,3.1269853046216143e-9
-37.76,-1.1653411537074386e-7,3.1321090698798194e-9
-37.75,-1.1669539359683889e-7,3.1372423082709687e-9
-37.74,-1.1685693049635469e-7,3.1423850389716567e-9
-37.73,-1.1701872653690542e-7,3.1475372814514178e-9
-37.72,-1.1718078218703136e-7,3.1526990551622983e-9
-37.71,-1.1734309791624469e-7,3.157870379577456e-9
-37.7,-1.1750567419499176e-7,3.1630512741207336e-9
-37.69,-1.176685114946178e-7,3.168241758498791e-9
-37.68,-1.1783161028751324e-7,3.1734418521281805e-9
-37.67,-1.1799497104686868e-7,3.1786515748191143e-9
-37.66,-1.1815859424696561e-7,3.1838709462072205e-9
-37.65,-1.1832248036287433e-7,3.1890999859764085e-9
-37.64,-1.1848662987065822e-7,3.1943387139922294e-9
-37.63,-1.186510432475432e-7,3.199587149941967e-9
-37.62,-1.1881572097118691e-7,3.2048453138661096e-9
-37.61,-1.1898066352084873e-7,3.2101132255459826e-9
-37.6,-1.1914587137634592e-7,3.2153909049792036e-9
-37.59,-1.1931134501856054e-7,3.220678372128714e-9
-37.58,-1.1947708492938196e-7,3.225975647123618e-9
-37.57,-1.1964309159145515e-7,3.2312827499393334e-9
-37.56,-1.1980936548866872e-7,3.2365997008186446e-9
-37.55,-1.19975907105622e-7,3.2419265197597036e-9
-37.54,-1.201427169280755e-7,3.247263227205658e-9
-37.53,-1.2030979544276725e-7,3.2526098431524764e-9
-37.52,-1.2047714313718785e-7,3.257966388224095e-9
-37.51,-1.206447605000833e-7,3.263332882591238e-9
-37.5,-1.2081264802096698e-7,3.268709346640291e-9
-37.49,-1.209808061904402e-7,3.2740958008637283e-9
-37.48,-1.2114923550002925e-7,3.279492265808335e-9
-37.47,-1.2131793644227302e-7,3.284898761954841e-9
-37.46,-1.2148690951072801e-7,3.290315309811465e-9
-37.45,-1.2165615519986501e-7,3.295741930118879e-9
-37.44,-1.218256740052258e-7,3.301178643518486e-9
-37.43,-1.219954664232293e-7,3.306625470700433e-9
-37.42,-1.22165532951448e-7,3.3120824324746186e-9
-37.41,-1.223358740882846e-7,3.3175495495809787e-9
-37.4,-1.2250649033332473e-7,3.323026842980364e-9
-37.39,-1.2267738218700297e-7,3.328514333541697e-9
-37.38,-1.2284855015066921e-7,3.3340120421560373e-9
-37.37,-1.2301999472705055e-7,3.3395199898571416e-9
-37.36,-1.231917164194601e-7,3.3450381977293935e-9
-37.35,-1.2336371573279302e-7,3.35056668663722e-9
-37.34,-1.2353599317173572e-7,3.356105478305706e-9
-37.33,-1.2370854924362083e-7,3.3616545932717825e-9
-37.32,-1.2388138445569948e-7,3.3672140530201833e-9
-37.31,-1.2405449931657048e-7,3.372783878913623e-9
-37.3,-1.242278943358058e-7,3.378364092230199e-9
-37.29,-1.2440157002405574e-7,3.3839547142463753e-9
-37.28,-1.2457552689290446e-7,3.3895557664880463e-9
-37.27,-1.2474976545510193e-7,3.39516727039545e-9
-37.26,-1.249242862242731e-7,3.400789247457355e-9
-37.25,-1.2509908971512954e-7,3.4064217193575037e-9
-37.24,-1.2527417644344792e-7,3.4120647075836623e-9
-37.23,-1.254495469260891e-7,3.4177182337849752e-9
-37.22,-1.2562520168081253e-7,3.4233823196939897e-9
-37.21,-1.2580114122653932e-7,3.4290569871717816e-9
-37.2,-1.2597736608315618e-7,3.434742257980683e-9
-37.19,-1.2615387677160488e-7,3.4404381539183736e-9
-37.18,-1.2633067381400899e-7,3.4461446969613683e-9
-37.17,-1.265077577333815e-7,3.451861908897675e-9
-37.16,-1.2668512905372967e-7,3.4575898119607725e-9
-37.15,-1.268627883003617e-7,3.4633284281100248e-9
-37.14,-1.2704073599939638e-7,3.4690777794136363e-9
-37.13,-1.27218972678168e-7,3.4748378881134974e-9
-37.12,-1.2739749886510486e-7,3.480608776279037e-9
-37.11,-1.2757631508947827e-7,3.4863904662342138e-9
-37.1,-1.2775542188184533e-7,3.492182980318775e-9
-37.09,-1.2793481977371602e-7,3.4979863407843083e-9
-37.08,-1.2811450929777763e-7,3.5038005701367326e-9
-37.07,-1.2829449098755916e-7,3.5096256906976847e-9
-37.06,-1.2847476537794482e-7,3.5154617250933295e-9
-37.05,-1.2865533300469195e-7,3.5213086958066006e-9
-37.04,-1.2883619440483412e-7,3.527166625503429e-9
-37.03,-1.2901735011633973e-7,3.5330355367768556e-9
-37.02,-1.2919880067815626e-7,3.5389154522198114e-9
-37.01,-1.293805466306856e-7,3.5448063948387917e-9
-37.0,-1.295625885149913e-7,3.5507083872202377e-9
-36.99,-1.2974492687354902e-7,3.5566214523666164e-9
-36.98,-1.2992756224978464e-7,3.562545613081592e-9
-36.97,-1.3011049518821394e-7,3.568480892339167e-9
-36.96,-1.3029372623446817e-7,3.5744273131985877e-9
-36.95,-1.3047725593544207e-7,3.5803848987273217e-9
-36.94,-1.3066108483861696e-7,3.586353671955919e-9
-36.93,-1.3084521349335557e-7,3.592333656082334e-9
-36.92,-1.3102964244947308e-7,3.5983248743657456e-9
-36.91,-1.312143722582841e-7,3.604327350005653e-9
-36.9,-1.313994034719476e-7,3.61034110634362e-9
-36.89,-1.3158473664403586e-7,3.616366166804894e-9
-36.88,-1.3177037232881607e-7,3.6224025547311077e-9
-36.87,-1.319563110822727e-7,3.6284502936696342e-9
-36.86,-1.3214255346086402e-7,3.6345094071710818e-9
-36.85,-1.3232910002268009e-7,3.64057991871449e-9
-36.84,-1.3251595132656045e-7,3.6466618519762694e-9
-36.83,-1.327031079327763e-7,3.6527552306539253e-9
-36.82,-1.3289057040259028e-7,3.658860078534899e-9
-36.81,-1.3307833929840405e-7,3.664976419330136e-9
-36.8,-1.3326641518378401e-7,3.671104276936342e-9
-36.79,-1.3345479862348833e-7,3.6772436752493316e-9
-36.78,-1.336434901831796e-7,3.6833946382688334e-9
-36.77,-1.3383249042992323e-7,3.6895571898675054e-9
-36.76,-1.340217999319545e-7,3.6957313542327994e-9
-36.75,-1.3421141925841188e-7,3.7019171554335963e-9
-36.74,-1.344013489798036e-7,3.70811461770305e-9
-36.73,-1.345915896676801e-7,3.714323765176794e-9
-36.72,-1.347821418948586e-7,3.7205446221933442e-9
-36.71,-1.3497300623516387e-7,3.726777213107723e-9
-36.7,-1.351641832636685e-7,3.733021562224608e-9
-36.69,-1.3535567355671306e-7,3.73927769400888e-9
-36.68,-1.3554747769155756e-7,3.745545632990876e-9
-36.67,-1.357395962468357e-7,3.7518254036926096e-9
-36.66,-1.3593202980234198e-7,3.758117030795138e-9
-36.65,-1.361247789388965e-7,3.764420538944517e-9
-36.64,-1.3631784423874964e-7,3.7707359527330565e-9
-36.63,-1.3651122628506136e-7,3.777063297112359e-9
-36.62,-1.3670492566226465e-7,3.783402596801953e-9
-36.61,-1.3689894295604782e-7,3.7897538767173205e-9
-36.6,-1.3709327875343125e-7,3.79611716185497e-9
-36.59,-1.372879336422089e-7,3.802492477103745e-9
-36.58,-1.3748290821165823e-7,3.808879847527585e-9
-36.57,-1.3767820305222963e-7,3.815279298428509e-9
-36.56,-1.3787381875552452e-7,3.821690854741458e-9
-36.55,-1.3806975591444603e-7,3.828114541857997e-9
-36.54,-1.3826601512287344e-7,3.834550384942022e-9
-36.53,-1.3846259697616686e-7,3.840998409381596e-9
-36.52,-1.3865950207063066e-7,3.847458640510549e-9
-36.51,-1.388567310041822e-7,3.853931103901224e-9
-36.5,-1.3905428437538385e-7,3.8604158250310186e-9
-36.49,-1.3925216278441735e-7,3.866912829467816e-9
-36.48,-1.3945036683272172e-7,3.8734221427025216e-9
-36.47,-1.3964889712265175e-7,3.879943790600742e-9
-36.46,-1.3984775425804714e-7,3.8864777987744386e-9
-36.45,-1.4004693884382404e-7,3.893024193147324e-9
-36.44,-1.40246451486364e-7,3.899582999494109e-9
-36.43,-1.404462927929054e-7,3.906154243649457e-9
-36.42,-1.4064646337225358e-7,3.912737951837822e-9
-36.41,-1.408469638340762e-7,3.91933414980278e-9
-36.4,-1.4104779479022496e-7,3.9259428638448584e-9
-36.39,-1.4124895685243542e-7,3.932564120050204e-9
-36.38,-1.4145045063453091e-7,3.9391979445807154e-9
-36.37,-1.416522767515318e-7,3.945844363735432e-9
-36.36,-1.4185443581944724e-7,3.952503403851986e-9
-36.35,-1.4205692845581274e-7,3.959175091289775e-9
-36.34,-1.4225975527933285e-7,3.9658594525614645e-9
-36.33,-1.4246291690969545e-7,3.97255651410814e-9
-36.32,-1.4266641396828688e-7,3.97926630254191e-9
-36.31,-1.4287024707755884e-7,3.985988844422967e-9
-36.3,-1.4307441686123065e-7,3.992724166510447e-9
-36.29,-1.4327892394437094e-7,3.99947229558274e-9
-36.28,-1.4348376895315206e-7,4.0062332583368866e-9
-36.27,-1.4368895251506003e-7,4.013007081629005e-9
-36.26,-1.4389447525924257e-7,4.019793792504353e-9
-36.25,-1.4410033781552846e-7,4.026593417927632e-9
-36.24,-1.4430654081538565e-7,4.033405984896751e-9
-36.23,-1.4451308489154133e-7,4.040231520570024e-9
-36.22,-1.4471997067792858e-7,4.047070052016939e-9
-36.21,-1.4492719880994613e-7,4.053921606687024e-9
-36.2,-1.451347699240463e-7,4.0607862116735885e-9
-36.19,-1.453426846581455e-7,4.067663894349771e-9
-36.18,-1.4555094365152404e-7,4.074554682322603e-9
-36.17,-1.4575954754451812e-7,4.08145860283511e-9
-36.16,-1.4596849697894406e-7,4.088375683607331e-9
-36.15,-1.4617779259802976e-7,4.095305952050696e-9
-36.14,-1.463874350460942e-7,4.102249436065642e-9
-36.13,-1.4659742496905794e-7,4.109206163114358e-9
-36.12,-1.468077630135566e-7,4.116176161461254e-9
-36.11,-1.470184498282926e-7,4.123159458532454e-9
-36.1,-1.472294860629906e-7,4.130156082304468e-9
-36.09,-1.4744087236866968e-7,4.137166060870622e-9
-36.08,-1.4765260939762367e-7,4.144189422195971e-9
-36.07,-1.4786469780349209e-7,4.15122619453979e-9
-36.06,-1.4807713824155522e-7,4.158276405876457e-9
-36.05,-1.4828993136793735e-7,4.165340084595365e-9
-36.04,-1.485030778405665e-7,4.172417258868389e-9
-36.03,-1.4871657831841676e-7,4.179507957167872e-9
-36.02,-1.4893043346195963e-7,4.1866122078953705e-9
-36.01,-1.49144643932837e-7,4.193730039607777e-9
-36.0,-1.4935921039441428e-7,4.200861480732802e-9
-35.99,-1.4957413351098673e-7,4.208006559977546e-9
-35.98,-1.497894139484835e-7,4.21516530597104e-9
-35.97,-1.5000505237406873e-7,4.222337747604437e-9
-35.96,-1.502210494564483e-7,4.229523913615431e-9
-35.95,-1.5043740586548082e-7,4.2367238328481286e-9
-35.94,-1.5065412227236486e-7,4.243937534247345e-9
-35.93,-1.508711993502233e-7,4.251165046865891e-9
-35.92,-1.510886377727038e-7,4.258406399899298e-9
-35.91,-1.5130643821543088e-7,4.265661622266016e-9
-35.9,-1.5152460135540498e-7,4.27293074338112e-9
-35.89,-1.5174312787064428e-7,4.280213792435621e-9
-35.88,-1.519620184409947e-7,4.28751079881103e-9
-35.87,-1.5218127374720004e-7,4.294821791789746e-9
-35.86,-1.5240089447194606e-7,4.302146801117883e-9
-35.85,-1.5262088129898806e-7,4.309485856126438e-9
-35.84,-1.5284123491349093e-7,4.3168389864783364e-9
-35.83,-1.5306195600220186e-7,4.324206221940065e-9
-35.82,-1.5328304525315455e-7,4.331587592026935e-9
-35.81,-1.5350450335575621e-7,4.338983126934485e-9
-35.8,-1.5372633100089795e-7,4.3463928563058054e-9
-35.79,-1.5394852888081935e-7,4.35381681002353e-9
-35.78,-1.5417109768945514e-7,4.361255018230755e-9
-35.77,-1.5439403812170292e-7,4.3687075111049e-9
-35.76,-1.5461735087434326e-7,4.3761743186543504e-9
-35.75,-1.5484103664531928e-7,4.383655471109386e-9
-35.74,-1.5506509613401713e-7,4.391150998868126e-9
-35.73,-1.5528953004148092e-7,4.398660932188254e-9
-35.72,-1.5551433906980026e-7,4.406185301614414e-9
-35.71,-1.5573952392286744e-7,4.413724137571231e-9
-35.7,-1.559650853060099e-7,4.42127747064823e-9
-35.69,-1.561910239258111e-7,4.428845331464713e-9
-35.68,-1.5641734049038184e-7,4.436427750785065e-9
-35.67,-1.5664403570932294e-7,4.444024759430384e-9
-35.66,-1.5687111029377798e-7,4.451636388112563e-9
-35.65,-1.5709856495592968e-7,4.459262667783835e-9
-35.64,-1.5732640041016997e-7,4.466903629602696e-9
-35.63,-1.5755461737171943e-7,4.474559304475301e-9
-35.62,-1.5778321655757854e-7,4.482229723583142e-9
-35.61,-1.5801219868603306e-7,4.4899149181046354e-9
-35.6,-1.582415644771454e-7,4.497614919360549e-9
-35.59,-1.5847131465217968e-7,4.5053297586586914e-9
-35.58,-1.5870144993401505e-7,4.51305946740446e-9
-35.57,-1.589319710469741e-7,4.520804077180624e-9
-35.56,-1.5916287871697132e-7,4.528563619553144e-9
-35.55,-1.593941736711552e-7,4.5363381259847915e-9
-35.54,-1.5962585663856918e-7,4.544127628357852e-9
-35.53,-1.5985792834941936e-7,4.551932158388951e-9
-35.52,-1.6009038953563805e-7,4.559751747860722e-9
-35.51,-1.6032324093047564e-7,4.567586428823274e-9
-35.5,-1.6055648326891184e-7,4.5754362332191305e-9
-35.49,-1.607901172872842e-7,4.583301193157786e-9
-35.48,-1.6102414372361132e-7,4.591181340689352e-9
-35.47,-1.612585633171317e-7,4.599076708116466e-9
-35.46,-1.614933768087732e-7,4.606987327695107e-9
-35.45,-1.617285849413093e-7,4.614913231840677e-9
-35.44,-1.619641884586013e-7,4.622854452880777e-9
-35.43,-1.622001881061421e-7,4.630811023452239e-9
-35.42,-1.624365846310703e-7,4.638782976026326e-9
-35.41,-1.626733787822241e-7,4.646770343384933e-9
-35.4,-1.629105713094526e-7,4.654773158214781e-9
-35.39,-1.631481629648608e-7,4.662791453295557e-9
-35.38,-1.6338615450138605e-7,4.670825261477117e-9
-35.37,-1.6362454667415234e-7,4.678874615915157e-9
-35.36,-1.638633402394999e-7,4.686939549412631e-9
-35.35,-1.6410253595543784e-7,4.695020095140197e-9
-35.34,-1.6434213458144144e-7,4.703116286408539e-9
-35.33,-1.6458213687876275e-7,4.71122815634695e-9
-35.32,-1.648225436099645e-7,4.71935573845711e-9
-35.31,-1.6506335553940627e-7,4.727499065968516e-9
-35.3,-1.6530457343300946e-7,4.735658172446304e-9
-35.29,-1.655461980580336e-7,4.743833091451184e-9
-35.28,-1.6578823018357768e-7,4.752023856733954e-9
-35.27,-1.6603067058036694e-7,4.7602305018729346e-9
-35.26,-1.662735200206401e-7,4.7684530606874876e-9
-35.25,-1.6651677927804524e-7,4.776691567218652e-9
-35.24,-1.66760449128165e-7,4.7849460552034786e-9
-35.23,-1.6700453034800383e-7,4.793216558797361e-9
-35.22,-1.6724902371613946e-7,4.801503112083318e-9
-35.21,-1.6749393001298283e-7,4.809805749201013e-9
-35.2,-1.677392500201951e-7,4.818124504679168e-9
-35.19,-1.6798498452116058e-7,4.826459412509307e-9
-35.18,-1.6823113430187092e-7,4.834810507211198e-9
-35.17,-1.6847770014808693e-7,4.843177823425063e-9
-35.16,-1.687246828485822e-7,4.851561395610844e-9
-35.15,-1.6897208319328622e-7,4.859961258523547e-9
-35.14,-1.6921990197401614e-7,4.868377446842315e-9
-35.13,-1.694681399839764e-7,4.876809995387336e-9
-35.12,-1.6971679801814516e-7,4.885258938972568e-9
-35.11,-1.69965876873064e-7,4.893724312881487e-9
-35.1,-1.702153773469816e-7,4.902206151877816e-9
-35.09,-1.7046530023991228e-7,4.910704491235107e-9
-35.08,-1.7071564635345496e-7,4.9192193660954695e-9
-35.07,-1.7096641649073838e-7,4.927750811860054e-9
-35.06,-1.7121761145664482e-7,4.936298863783502e-9
-35.05,-1.714692320574996e-7,4.944863557591036e-9
-35.04,-1.7172127910252168e-7,4.953444928444513e-9
-35.03,-1.7197375340074297e-7,4.9620430122930674e-9
-35.02,-1.7222665576404766e-7,4.9706578447671384e-9
-35.01,-1.724799870057265e-7,4.979289461538866e-9
-35.0,-1.7273374794080023e-7,4.987937898606289e-9
-34.99,-1.7298793938598405e-7,4.996603191924903e-9
-34.98,-1.7324256215962146e-7,5.005285377516477e-9
-34.97,-1.734976170819021e-7,5.013984491511864e-9
-34.96,-1.7375310497451036e-7,5.022700570070809e-9
-34.95,-1.7400902666109103e-7,5.031433649482675e-9
-34.94,-1.74265382966738e-7,5.040183766217531e-9
-34.93,-1.7452217471855534e-7,5.048950956568315e-9
-34.92,-1.747794027450823e-7,5.057735257232996e-9
-34.91,-1.750370678770788e-7,5.066536704669651e-9
-34.9,-1.7529517094563917e-7,5.0753553359219384e-9
-34.89,-1.7555371278565972e-7,5.0841911874051924e-9
-34.88,-1.7581269423240677e-7,5.093044296161804e-9
-34.87,-1.7607211612327084e-7,5.1019146991532715e-9
-34.86,-1.7633197929720011e-7,5.110802433434621e-9
-34.85,-1.7659228459506513e-7,5.1197075360828565e-9
-34.84,-1.768530328594769e-7,5.128630044346939e-9
-34.83,-1.771142249347617e-7,5.1375699954816505e-9
-34.82,-1.773758616670556e-7,5.1465274270319485e-9
-34.81,-1.7763794390413472e-7,5.155502376345223e-9
-34.8,-1.7790047249578375e-7,5.164494880926844e-9
-34.79,-1.7816344829323393e-7,5.173504978559188e-9
-34.78,-1.7842687214976633e-7,5.182532706912481e-9
-34.77,-1.7869074492018871e-7,5.1915781038506835e-9
-34.76,-1.789550674614479e-7,5.200641207254266e-9
-34.75,-1.7921984063201113e-7,5.209722055079419e-9
-34.74,-1.7948506529215857e-7,5.218820685531976e-9
-34.73,-1.7975074230397196e-7,5.227937136715957e-9
-34.72,-1.8001687253143633e-7,5.237071446714052e-9
-34.71,-1.8028345684036747e-7,5.246223654184106e-9
-34.7,-1.805504960982158e-7,5.255393797375922e-9
-34.69,-1.8081799117413435e-7,5.264581914843613e-9
-34.68,-1.8108594293960657e-7,5.273788045200343e-9
-34.67,-1.8135435226748486e-7,5.283012227195376e-9
-34.66,-1.816232200325049e-7,5.292254499564814e-9
-34.65,-1.8189254711133223e-7,5.301514901241021e-9
-34.64,-1.8216233438245479e-7,5.310793471181746e-9
-34.63,-1.8243258272622222e-7,5.320090248380923e-9
-34.62,-1.8270329302470612e-7,5.329405272110041e-9
-34.61,-1.8297446616191398e-7,5.338738581502925e-9
-34.6,-1.8324610302370377e-7,5.3480902159009235e-9
-34.59,-1.8351820449783725e-7,5.357460214810214e-9
-34.58,-1.8379077147375632e-7,5.3668486176830534e-9
-34.57,-1.8406380484281703e-7,5.3762554641699265e-9
-34.56,-1.8433730549838287e-7,5.385680793826005e-9
-34.55,-1.846112743355817e-7,5.395124646653893e-9
-34.54,-1.848857122515244e-7,5.404587062419468e-9
-34.53,-1.851606201449744e-7,5.414068081027744e-9
-34.52,-1.8543599891676754e-7,5.423567742742486e-9
-34.51,-1.857118494696189e-7,5.433086087531379e-9
-34.5,-1.8598817270793992e-7,5.442623155655506e-9
-34.49,-1.8626496953837247e-7,5.452178987611953e-9
-34.48,-1.8654224086916245e-7,5.461753623674226e-9
-34.47,-1.8681998761057518e-7,5.471347104465328e-9
-34.46,-1.8709821067473604e-7,5.48095947052966e-9
-34.45,-1.8737691097576474e-7,5.490590762780031e-9
-34.44,-1.8765608942974153e-7,5.500241021737834e-9
-34.43,-1.8793574695438704e-7,5.509910288491055e-9
-34.42,-1.882158844696134e-7,5.519598604032676e-9
-34.41,-1.884965028973054e-7,5.529306009451029e-9
-34.4,-1.8877760316102476e-7,5.539032545886509e-9
-34.39,-1.8905918618639456e-7,5.54877825463178e-9
-34.38,-1.8934125290112547e-7,5.558543177071643e-9
-34.37,-1.8962380423465635e-7,5.5683273547349455e-9
-34.36,-1.899068411184313e-7,5.5781308291498984e-9
-34.35,-1.9019036448602783e-7,5.587953641986117e-9
-34.34,-1.9047437527264654e-7,5.597795835067818e-9
-34.33,-1.9075887441573236e-7,5.607657450203903e-9
-34.32,-1.9104386285467594e-7,5.617538529326963e-9
-34.31,-1.9132934153069454e-7,5.627439114436892e-9
-34.3,-1.9161531138705417e-7,5.637359247925437e-9
-34.29,-1.919017733690403e-7,5.647298971847348e-9
-34.28,-1.9218872842396444e-7,5.657258328554597e-9
-34.27,-1.9247617750092035e-7,5.667237360561322e-9
-34.26,-1.9276412155126107e-7,5.67723611036961e-9
-34.25,-1.9305256152809672e-7,5.687254620698915e-9
-34.24,-1.9334149838675775e-7,5.697292934180265e-9
-34.23,-1.936309330844046e-7,5.7073510937249984e-9
-34.22,-1.9392086658041463e-7,5.71742914226986e-9
-34.21,-1.9421129983595282e-7,5.727527122823374e-9
-34.2,-1.9450223381432673e-7,5.737645078587777e-9
-34.19,-1.9479366948096233e-7,5.747783052703512e-9
-34.18,-1.950856078029531e-7,5.757941088616547e-9
-34.17,-1.9537804974992351e-7,5.768119229655984e-9
-34.16,-1.9567099629325564e-7,5.778317519580163e-9
-34.15,-1.9596444840637137e-7,5.788536001823207e-9
-34.14,-1.962584070647637e-7,5.7987747200669216e-9
-34.13,-1.9655287324608379e-7,5.8090337184089865e-9
-34.12,-1.9684784793000376e-7,5.819313040668429e-9
-34.11,-1.971433320981029e-7,5.8296127308046044e-9
-34.1,-1.9743932673429555e-7,5.839932833073304e-9
-34.09,-1.9773583282421511e-7,5.850273391773561e-9
-34.08,-1.980328513559316e-7,5.860634451166776e-9
-34.07,-1.9833038331940825e-7,5.871016055793949e-9
-34.06,-1.9862842970665716e-7,5.881418250076999e-9
-34.05,-1.9892699151200176e-7,5.8918410788241835e-9
-34.04,-1.9922606973159464e-7,5.902284586779694e-9
-34.03,-1.9952566536381355e-7,5.91274881878e-9
-34.02,-1.9982577940917409e-7,5.923233819842073e-9
-34.01,-2.001264128702515e-7,5.933739635000096e-9
-34.0,-2.0042756675172548e-7,5.944266309447633e-9
-33.99,-2.007292420604536e-7,5.95481388854405e-9
-33.98,-2.0103143980541973e-7,5.965382417595687e-9
-33.97,-2.0133416099736623e-7,5.97597194229463e-9
-33.96,-2.0163740665028197e-7,5.986582507801735e-9
-33.95,-2.0194117777877173e-7,5.9972141603021725e-9
-33.94,-2.022454754004869e-7,6.007866945447175e-9
-33.93,-2.0255030053521031e-7,6.0185409091166e-9
-33.92,-2.028556542046775e-7,6.0292360974912635e-9
-33.91,-2.0316153743279738e-7,6.039952556548818e-9
-33.9,-2.0346795124580302e-7,6.050690332698583e-9
-33.89,-2.0377489667183247e-7,6.0614494720458545e-9
-33.88,-2.0408237474140484e-7,6.072230021328234e-9
-33.87,-2.043903864870749e-7,6.083032026923844e-9
-33.86,-2.0469893294385097e-7,6.093855535653459e-9
-33.85,-2.0500801514854134e-7,6.104700594172648e-9
-33.84,-2.0531763414039008e-7,6.115567249518532e-9
-33.83,-2.056277909606905e-7,6.126455548765366e-9
-33.82,-2.0593848665349102e-7,6.1373655385343045e-9
-33.81,-2.0624972226402473e-7,6.148297266653828e-9
-33.8,-2.065614988405999e-7,6.159250780122249e-9
-33.79,-2.0687381743330352e-7,6.170226126556408e-9
-33.78,-2.0718667909460176e-7,6.181223353319355e-9
-33.77,-2.075000848793846e-7,6.1922425082989745e-9
-33.76,-2.078140358443531e-7,6.203283639160835e-9
-33.75,-2.081285330485654e-7,6.2143467938023004e-9
-33.74,-2.0844357755378443e-7,6.225432020136609e-9
-33.73,-2.08759170423259e-7,6.236539366473615e-9
-33.72,-2.090753127230151e-7,6.247668880970428e-9
-33.71,-2.0939200552121454e-7,6.25882061177883e-9
-33.7,-2.097092498883648e-7,6.269994607561627e-9
-33.69,-2.1002704689709205e-7,6.2811909166484026e-9
-33.68,-2.1034539762201142e-7,6.292409588205884e-9
-33.67,-2.1066430314076181e-7,6.3036506705079564e-9
-33.66,-2.1098376453274224e-7,6.314914212650703e-9
-33.65,-2.113037828796653e-7,6.326200263737379e-9
-33.64,-2.1162435926570176e-7,6.337508872691939e-9
-33.63,-2.1194549477726197e-7,6.34884008892861e-9
-33.62,-2.122671905029514e-7,6.360193961742993e-9
-33.61,-2.1258944753374863e-7,6.37157054066468e-9
-33.6,-2.1291226696302588e-7,6.382969875211329e-9
-33.59,-2.1323564988646158e-7,6.394392015096577e-9
-33.58,-2.1355959740195018e-7,6.405837010250948e-9
-33.57,-2.1388411060979933e-7,6.4173049104785355e-9
-33.56,-2.1420919061257614e-7,6.428795765891237e-9
-33.55,-2.14534838515312e-7,6.440309626653543e-9
-33.54,-2.1486105542525868e-7,6.451846543135231e-9
-33.53,-2.151878424521343e-7,6.4634065655826255e-9
-33.52,-2.1551520070787382e-7,6.4749897446103435e-9
-33.51,-2.158431313069049e-7,6.486596130928395e-9
-33.5,-2.1617163536592e-7,6.4982257751356155e-9
-33.49,-2.165007140040883e-7,6.509878728280261e-9
-33.48,-2.168303683428575e-7,6.521555041173674e-9
-33.47,-2.171605995061515e-7,6.533254765190928e-9
-33.46,-2.1749140862020284e-7,6.5449779513263176e-9
-33.45,-2.1782279681359792e-7,6.556724651021548e-9
-33.44,-2.181547652175154e-7,6.568494915794121e-9
-33.43,-2.1848731496535142e-7,6.580288797190283e-9
-33.42,-2.188204471928975e-7,6.592106346940491e-9
-33.41,-2.1915416303855047e-7,6.603947616938078e-9
-33.4,-2.1948846364279636e-7,6.615812658990392e-9
-33.39,-2.1982335014906122e-7,6.6277015253234965e-9
-33.38,-2.201588237027766e-7,6.63961426810201e-9
-33.37,-2.2049488545187262e-7,6.651550939607144e-9
-33.36,-2.2083153654688924e-7,6.663511592306507e-9
-33.35,-2.2116877814060527e-7,6.675496278831602e-9
-33.34,-2.2150661138848363e-7,6.687505051781921e-9
-33.33,-2.2184503744816366e-7,6.699537963989631e-9
-33.32,-2.2218405748008855e-7,6.711595068479716e-9
-33.31,-2.2252367264677352e-7,6.723676418217675e-9
-33.3,-2.2286388411368482e-7,6.735782066357824e-9
-33.29,-2.232046930483529e-7,6.747912066348904e-9
-33.28,-2.2354610062086795e-7,6.760066471525241e-9
-33.27,-2.2388810800415244e-7,6.772245335493486e-9
-33.26,-2.2423071637323373e-7,6.7844487119348e-9
-33.25,-2.245739269057219e-7,6.796676654504236e-9
-33.24,-2.2491774078185163e-7,6.808929217494614e-9
-33.23,-2.252621591843378e-7,6.8212064545545515e-9
-33.22,-2.256071832982823e-7,6.83350842017248e-9
-33.21,-2.2595281431164388e-7,6.845835168639113e-9
-33.2,-2.262990534145667e-7,6.85818675418731e-9
-33.19,-2.2664590179987766e-7,6.8705632315895955e-9
-33.18,-2.26993360662893e-7,6.8829646554541045e-9
-33.17,-2.2734143120153812e-7,6.8953910806146555e-9
-33.16,-2.276901146163486e-7,6.907842562060141e-9
-33.15,-2.280394121102265e-7,6.920319154911464e-9
-33.14,-2.2838932488884218e-7,6.932820914236187e-9
-33.13,-2.287398541603377e-7,6.945347895573348e-9
-33.12,-2.2909100113543866e-7,6.957900154269449e-9
-33.11,-2.294427670274636e-7,6.9704777458468045e-9
-33.1,-2.297951530523187e-7,6.98308072631971e-9
-33.09,-2.3014816042861286e-7,6.995709151200939e-9
-33.08,-2.3050179037733503e-7,7.008363076724725e-9
-33.07,-2.3085604412219508e-7,7.021042558975763e-9
-33.06,-2.312109228896846e-7,7.0337476541921e-9
-33.05,-2.3156642790854886e-7,7.046478418688966e-9
-33.04,-2.3192256041048217e-7,7.059234909036473e-9
-33.03,-2.322793216296796e-7,7.072017181981967e-9
-33.02,-2.326367128030191e-7,7.0848252941771464e-9
-33.01,-2.3299473516987912e-7,7.097659302567365e-9
-33.0,-2.3335338997244395e-7,7.110519264318588e-9
-32.99,-2.3371267845558955e-7,7.123405236455028e-9
-32.98,-2.3407260186672727e-7,7.136317276405628e-9
-32.97,-2.344331614559259e-7,7.149255441470551e-9
-32.96,-2.347943584760213e-7,7.162219789535513e-9
-32.95,-2.35156194182398e-7,7.175210378095043e-9
-32.94,-2.355186698334021e-7,7.188227265033012e-9
-32.93,-2.358817866896593e-7,7.201270508430901e-9
-32.92,-2.3624554601494646e-7,7.214340166253696e-9
-32.91,-2.3660994907537307e-7,7.227436296976204e-9
-32.9,-2.369749971398823e-7,7.240558958951248e-9
-32.89,-2.3734069148020717e-7,7.2537082106183285e-9
-32.88,-2.3770703337079218e-7,7.26688411064253e-9
-32.87,-2.38074024088737e-7,7.280086717998189e-9
-32.86,-2.384416649138148e-7,7.293316091534641e-9
-32.85,-2.3880995712859623e-7,7.306572290365204e-9
-32.84,-2.391789020186522e-7,7.319855373740495e-9
-32.83,-2.395485008720086e-7,7.33316540097558e-9
-32.82,-2.399187549794106e-7,7.346502431667397e-9
-32.81,-2.402896656345558e-7,7.359866525392624e-9
-32.8,-2.4066123413383006e-7,7.373257742001978e-9
-32.79,-2.410334617763907e-7,7.38667614139211e-9
-32.78,-2.4140634986428614e-7,7.4001217836491705e-9
-32.77,-2.417798997022035e-7,7.4135947289375994e-9
-32.76,-2.421541125976597e-7,7.427095037642502e-9
-32.75,-2.425289898610513e-7,7.440622770419483e-9
-32.74,-2.4290453280552803e-7,7.454177987451082e-9
-32.73,-2.43280742747018e-7,7.467760750101454e-9
-32.72,-2.4365762100448716e-7,7.481371118865985e-9
-32.71,-2.440351688994373e-7,7.495009154958738e-9
-32.7,-2.444133877563026e-7,7.508674919642562e-9
-32.69,-2.447922789023961e-7,7.522368474200901e-9
-32.68,-2.451718436679719e-7,7.536089880162241e-9
-32.67,-2.4555208338604184e-7,7.549839199214895e-9
-32.66,-2.4593299939228505e-7,7.563616493043093e-9
-32.65,-2.463145930256312e-7,7.57742182358015e-9
-32.64,-2.466968656276228e-7,7.591255252988079e-9
-32.63,-2.470798185427499e-7,7.605116843469853e-9
-32.62,-2.4746345311837037e-7,7.619006657356473e-9
-32.61,-2.478477707048346e-7,7.632924757357976e-9
-32.6,-2.4823277265512497e-7,7.646871205643323e-9
-32.59,-2.4861846032555646e-7,7.660846065554382e-9
-32.58,-2.4900483507497055e-7,7.674849399926281e-9
-32.57,-2.493918982653745e-7,7.688881271618853e-9
-32.56,-2.4977965126154785e-7,7.702941744204127e-9
-32.55,-2.501680954312986e-7,7.717030880896077e-9
-32.54,-2.5055723214523926e-7,7.731148745259412e-9
-32.53,-2.5094706277708713e-7,7.74529540108527e-9
-32.52,-2.513375887035374e-7,7.759470912239785e-9
-32.51,-2.5172881130409533e-7,7.773675342578629e-9
-32.5,-2.521207319612354e-7,7.787908756333338e-9
-32.49,-2.525133520605647e-7,7.8021712179063e-9
-32.48,-2.529066729905047e-7,7.816462791624129e-9
-32.47,-2.5330069614251727e-7,7.830783542018417e-9
-32.46,-2.5369542291126543e-7,7.845133534319439e-9
-32.45,-2.5409085469404196e-7,7.85951283287155e-9
-32.44,-2.5448699289128575e-7,7.873921503039617e-9
-32.43,-2.548838389065904e-7,7.888359609909759e-9
-32.42,-2.552813941464683e-7,7.902827218964375e-9
-32.41,-2.556796600204293e-7,7.917324395653091e-9
-32.4,-2.560786379410398e-7,7.931851205734684e-9
-32.39,-2.5647832932387475e-7,7.946407714972356e-9
-32.38,-2.5687873558782374e-7,7.960993989372464e-9
-32.37,-2.5727985815427276e-7,7.975610095111582e-9
-32.36,-2.576816984482239e-7,7.990256098491058e-9
-32.35,-2.58084257897488e-7,8.004932065982243e-9
-32.34,-2.584875379329849e-7,8.019638064114581e-9
-32.33,-2.5889153998871163e-7,8.034374159808556e-9
-32.32,-2.592962655017864e-7,8.049140419792607e-9
-32.31,-2.597017159124925e-7,8.063936911410665e-9
-32.3,-2.6010789266389727e-7,8.078763701662276e-9
-32.29,-2.60514797202713e-7,8.093620858103612e-9
-32.28,-2.609224309782564e-7,8.108508448282482e-9
-32.27,-2.613307954432051e-7,8.123426539897247e-9
-32.26,-2.617398920534389e-7,8.13837520081427e-9
-32.25,-2.6214972226793764e-7,8.153354499041944e-9
-32.24,-2.6256028754854767e-7,8.168364502803425e-9
-32.23,-2.629715893606999e-7,8.183405280547733e-9
-32.22,-2.6338362917270494e-7,8.198476900788498e-9
-32.21,-2.6379640845606283e-7,8.213579432069268e-9
-32.2,-2.64209928685737e-7,8.228712943383782e-9
-32.19,-2.6462419133942697e-7,8.243877503740014e-9
-32.18,-2.650391978982893e-7,8.259073182165615e-9
-32.17,-2.6545494984666903e-7,8.274300048197083e-9
-32.16,-2.658714486719902e-7,8.289558171140555e-9
-32.15,-2.6628869586514073e-7,8.304847620797074e-9
-32.14,-2.6670669291983554e-7,8.320168466996743e-9
-32.13,-2.6712544133341235e-7,8.335520779683123e-9
-32.12,-2.6754494260623705e-7,8.350904628941196e-9
-32.11,-2.679651982419225e-7,8.366320085294778e-9
-32.1,-2.683862097473447e-7,8.381767218991644e-9
-32.09,-2.6880797863269566e-7,8.397246100928017e-9
-32.08,-2.69230506411302e-7,8.412756801731692e-9
-32.07,-2.6965379459990434e-7,8.428299392516954e-9
-32.06,-2.700778447183552e-7,8.443873944287768e-9
-32.05,-2.705026582901365e-7,8.459480528629015e-9
-32.04,-2.709282368414547e-7,8.475119216861233e-9
-32.03,-2.713545819024909e-7,8.490790080669779e-9
-32.02,-2.717816950060884e-7,8.506493191772849e-9
-32.01,-2.7220957768882204e-7,8.522228622439782e-9
-32.0,-2.726382314905171e-7,8.537996444581709e-9
-31.99,-2.7306765795427994e-7,8.553796730735515e-9
-31.98,-2.7349785862636955e-7,8.569629553319957e-9
-31.97,-2.739288350568343e-7,8.585494985039442e-9
-31.96,-2.7436058879865063e-7,8.60139309868415e-9
-31.95,-2.747931214083585e-7,8.61732396737666e-9
-31.94,-2.752264344458588e-7,8.633287664341495e-9
-31.93,-2.7566052947446665e-7,8.649284262822091e-9
-31.92,-2.760954080606605e-7,8.665313836381408e-9
-31.91,-2.7653107177462367e-7,8.68137645894765e-9
-31.9,-2.7696752218967835e-7,8.697472204151696e-9
-31.89,-2.774047608825733e-7,8.713601146196791e-9
-31.88,-2.778427894338249e-7,8.729763359357237e-9
-31.87,-2.7828160942685054e-7,8.745958918001554e-9
-31.86,-2.78721222448937e-7,8.762187896642743e-9
-31.85,-2.7916163009027106e-7,8.778450370210009e-9
-31.84,-2.796028339453457e-7,8.794746413541897e-9
-31.83,-2.8004483561124155e-7,8.81107610184182e-9
-31.82,-2.8048763668891974e-7,8.827439510350588e-9
-31.81,-2.8093123878275787e-7,8.843836714556404e-9
-31.8,-2.813756435007128e-7,8.86026779016587e-9
-31.79,-2.8182085245397534e-7,8.876732812974996e-9
-31.78,-2.8226686725734414e-7,8.893231858968925e-9
-31.77,-2.8271368952922614e-7,8.909765004472034e-9
-31.76,-2.831613208914434e-7,8.92633232577691e-9
-31.75,-2.8360976296924923e-7,8.942933899378188e-9
-31.74,-2.8405901739165273e-7,8.959569802180222e-9
-31.73,-2.84509085791013e-7,8.976240110975323e-9
-31.72,-2.849599698032382e-7,8.992944902817068e-9
-31.71,-2.854116710678294e-7,9.00968425519307e-9
-31.7,-2.8586419122789183e-7,9.026458245366992e-9
-31.69,-2.863175319299492e-7,9.04326695116978e-9
-31.68,-2.8677169482423667e-7,9.060110450270122e-9
-31.67,-2.8722668156454507e-7,9.076988820755296e-9
-31.66,-2.876824938082714e-7,9.093902140852522e-9
-31.65,-2.8813913321625303e-7,9.110850488952134e-9
-31.64,-2.885966014531121e-7,9.127833943621359e-9
-31.63,-2.8905490018704324e-7,9.144852583548434e-9
-31.62,-2.895140310898629e-7,9.161906487807518e-9
-31.61,-2.899739958369717e-7,9.178995735364283e-9
-31.6,-2.904347961074481e-7,9.1961204057018e-9
-31.59,-2.9089643358400245e-7,9.213280578310151e-9
-31.58,-2.913589099529968e-7,9.230476332770107e-9
-31.57,-2.9182222690450837e-7,9.247707749032619e-9
-31.56,-2.922863861321102e-7,9.2649749072326e-9
-31.55,-2.927513893333044e-7,9.28227788752769e-9
-31.54,-2.932172382091936e-7,9.299616770427492e-9
-31.53,-2.936839344647383e-7,9.31699163662236e-9
-31.52,-2.9415147980764003e-7,9.334402566781736e-9
-31.51,-2.946198759509762e-7,9.351849642070657e-9
-31.5,-2.950891246102162e-7,9.36933294372631e-9
-31.49,-2.9555922750513904e-7,9.38685255312905e-9
-31.48,-2.960301863590041e-7,9.404408551746443e-9
-31.47,-2.9650200289921383e-7,9.422001021590172e-9
-31.46,-2.9697467885633053e-7,9.439630044607526e-9
-31.45,-2.974482159650453e-7,9.457295702761999e-9
-31.44,-2.9792261596403755e-7,9.4749980786725e-9
-31.43,-2.9839788059531515e-7,9.492737254903653e-9
-31.42,-2.9887401160492475e-7,9.510513314011699e-9
-31.41,-2.993510107426186e-7,9.528326339262289e-9
-31.4,-2.998288797620861e-7,9.546176413516134e-9
-31.39,-3.003076204203909e-7,9.564063620368076e-9
-31.38,-3.007872344796184e-7,9.581988043203361e-9
-31.37,-3.012677237040828e-7,9.599949765912175e-9
-31.36,-3.0174908986288595e-7,9.617948872376437e-9
-31.35,-3.0223133472887465e-7,9.635985446761021e-9
-31.34,-3.027144600786974e-7,9.65405957336992e-9
-31.33,-3.031984676927799e-7,9.672171336870562e-9
-31.32,-3.036833593555177e-7,9.690320821854156e-9
-31.31,-3.04169136855205e-7,9.708508113313124e-9
-31.3,-3.0465580198408123e-7,9.726733296527401e-9
-31.29,-3.0514335653801716e-7,9.744996456736642e-9
-31.28,-3.0563180231710864e-7,9.76329767955401e-9
-31.27,-3.0612114112524235e-7,9.78163705065307e-9
-31.26,-3.0661137477032376e-7,9.800014656093157e-9
-31.25,-3.0710250506373756e-7,9.818430581915541e-9
-31.24,-3.075945338220876e-7,9.836884914635762e-9
-31.23,-3.08087462864119e-7,9.855377740750895e-9
-31.22,-3.0858129401397595e-7,9.87390914701031e-9
-31.21,-3.0907602909899836e-7,9.892479220504402e-9
-31.2,-3.095716699509806e-7,9.911088048248772e-9
-31.19,-3.1006821840546955e-7,9.929735717817908e-9
-31.18,-3.1056567630196877e-7,9.948422316747773e-9
-31.17,-3.110640454843293e-7,9.967147932856985e-9
-31.16,-3.115633277999079e-7,9.98591265416729e-9
-31.15,-3.120635251005651e-7,1.0004716568828038e-8
-31.14,-3.1256463924192424e-7,1.0023559765443234e-8
-31.13,-3.130666720838576e-7,1.0042442332473162e-8
-31.12,-3.135696254898385e-7,1.0061364358945516e-8
-31.11,-3.1407350132807995e-7,1.008032593376398e-8
-31.1,-3.1457830147043567e-7,1.009932714630616e-8
-31.09,-3.150840277928692e-7,1.0118368086175385e-8
-31.08,-3.155906821755648e-7,1.0137448842817298e-8
-31.07,-3.1609826650282564e-7,1.0156569506284238e-8
-31.06,-3.166067826629345e-7,1.0175730166762738e-8
-31.05,-3.171162325483507e-7,1.0194930914540137e-8
-31.04,-3.176266180556806e-7,1.0214171840106596e-8
-31.03,-3.181379410857609e-7,1.0233453034305696e-8
-31.02,-3.186502035431952e-7,1.0252774588068062e-8
-31.01,-3.191634073374295e-7,1.0272136592770502e-8
-31.0,-3.19677554381521e-7,1.0291539139495496e-8
-30.99,-3.201926465928317e-7,1.0310982320204422e-8
-30.98,-3.2070868589302796e-7,1.033046622661302e-8
-30.97,-3.212256742078297e-7,1.0349990950832238e-8
-30.96,-3.2174361346720966e-7,1.036955658506536e-8
-30.95,-3.2226250560561496e-7,1.038916322184501e-8
-30.94,-3.2278235256124153e-7,1.0408810954024145e-8
-30.93,-3.233031562768693e-7,1.0428499874449143e-8
-30.92,-3.238249186994102e-7,1.0448230076228524e-8
-30.91,-3.2434764178002553e-7,1.0468001652863877e-8
-30.9,-3.2487132747426086e-7,1.0487814697835228e-8
-30.89,-3.253959777417071e-7,1.0507669305071892e-8
-30.88,-3.2592159454655823e-7,1.0527565568636265e-8
-30.87,-3.264481798568328e-7,1.0547503582801617e-8
-30.86,-3.26975735645414e-7,1.0567483441917657e-8
-30.85,-3.27504263889109e-7,1.058750524094396e-8
-30.84,-3.280337665692544e-7,1.0607569074617825e-8
-30.83,-3.285642456712137e-7,1.0627675038235143e-8
-30.82,-3.2909570318519796e-7,1.0647823227229046e-8
-30.81,-3.296281411051668e-7,1.0668013737103234e-8
-30.8,-3.301615614300613e-7,1.0688246663809595e-8
-30.79,-3.306959661627321e-7,1.0708522103402316e-8
-30.78,-3.3123135731061395e-7,1.0728840152097367e-8
-30.77,-3.317677368854727e-7,1.0749200906537659e-8
-30.76,-3.323051069035296e-7,1.0769604463471398e-8
-30.75,-3.3284346938547463e-7,1.079005091989506e-8
-30.74,-3.333828263561889e-7,1.081054037295799e-8
-30.73,-3.3392317984519923e-7,1.0831072920183225e-8
-30.72,-3.34464531886447e-7,1.0851648659383877e-8
-30.71,-3.3500688451824367e-7,1.087226768818369e-8
-30.7,-3.3555023978341736e-7,1.0892930104984191e-8
-30.69,-3.360945997293563e-7,1.0913636008004907e-8
-30.68,-3.3663996640768973e-7,1.0934385495996515e-8
-30.67,-3.371863418748814e-7,1.0955178667648396e-8
-30.66,-3.377337281914998e-7,1.0976015622203998e-8
-30.65,-3.382821274230316e-7,1.0996896458929261e-8
-30.64,-3.3883154163917525e-7,1.1017821277347057e-8
-30.63,-3.3938197291425493e-7,1.1038790177277482e-8
-30.62,-3.399334233273696e-7,1.1059803258718962e-8
-30.61,-3.404858949618323e-7,1.1080860621948229e-8
-30.6,-3.410393899056411e-7,1.1101962367427345e-8
-30.59,-3.4159391025143265e-7,1.1123108596061376e-8
-30.58,-3.421494580963415e-7,1.1144299408712915e-8
-30.57,-3.427060355423122e-7,1.1165534906518638e-8
-30.56,-3.432636446955388e-7,1.118681519105252e-8
-30.55,-3.4382228766719197e-7,1.1208140363937976e-8
-30.54,-3.4438196657271275e-7,1.1229510527265448e-8
-30.53,-3.449426835325331e-7,1.1250925783052914e-8
-30.52,-3.4550444067160573e-7,1.1272386233733169e-8
-30.51,-3.460672401193903e-7,1.1293891982120743e-8
-30.5,-3.4663108401028816e-7,1.1315443130992232e-8
-30.49,-3.4719597448308316e-7,1.1337039783573648e-8
-30.48,-3.477619136814852e-7,1.1358682043178903e-8
-30.47,-3.4832890375377127e-7,1.1380370013504609e-8
-30.46,-3.4889694685310807e-7,1.1402103798535454e-8
-30.45,-3.4946604513717097e-7,1.142388350227021e-8
-30.44,-3.5003620076841173e-7,1.144570922920872e-8
-30.43,-3.5060741591415574e-7,1.1467581083789527e-8
-30.42,-3.511796927464171e-7,1.1489499171112246e-8
-30.41,-3.517530334419889e-7,1.1511463596266064e-8
-30.4,-3.5232744018228844e-7,1.1533474464575518e-8
-30.39,-3.5290291515379564e-7,1.1555531881590987e-8
-30.38,-3.5347946054762434e-7,1.1577635953308891e-8
-30.37,-3.54057078559594e-7,1.1599786785813758e-8
-30.36,-3.546357713906317e-7,1.1621984485518934e-8
-30.35,-3.552155412463661e-7,1.1644229158978044e-8
-30.34,-3.5579639033700315e-7,1.1666520913294262e-8
-30.33,-3.563783208780403e-7,1.1688859855294123e-8
-30.32,-3.5696133508962775e-7,1.1711246092636697e-8
-30.31,-3.575454351965977e-7,1.1733679733003757e-8
-30.3,-3.581306234293822e-7,1.1756160883850959e-8
-30.29,-3.5871690202223007e-7,1.1778689653840788e-8
-30.28,-3.593042732151654e-7,1.1801266151080591e-8
-30.27,-3.598927392528535e-7,1.1823890484456722e-8
-30.26,-3.604823023847371e-7,1.1846562762737531e-8
-30.25,-3.610729648654442e-7,1.1869283095257978e-8
-30.24,-3.616647289544623e-7,1.1892051591314105e-8
-30.23,-3.6225759691622133e-7,1.1914868360794247e-8
-30.22,-3.6285157102012956e-7,1.1937733513539374e-8
-30.21,-3.6344665354058894e-7,1.196064715975355e-8
-30.2,-3.640428467571243e-7,1.1983609409927537e-8
-30.19,-3.6464015295395226e-7,1.200662037492876e-8
-30.18,-3.65238574420685e-7,1.2029680165751412e-8
-30.17,-3.6583811345148845e-7,1.2052788893629562e-8
-30.16,-3.6643877234668093e-7,1.207594666998193e-8
-30.15,-3.670405534100052e-7,1.2099153606831426e-8
-30.14,-3.6764345895140776e-7,1.2122409816105634e-8
-30.13,-3.6824749128556745e-7,1.2145715410246103e-8
-30.12,-3.688526527322906e-7,1.2169070501805731e-8
-30.11,-3.694589456166997e-7,1.2192475203608963e-8
-30.1,-3.7006637226856275e-7,1.2215929628848586e-8
-30.09,-3.7067493502306167e-7,1.2239433890872898e-8
-30.08,-3.7128463622066617e-7,1.2262988103460391e-8
-30.07,-3.718954782066147e-7,1.2286592380523273e-8
-30.06,-3.7250746333170615e-7,1.2310246836139767e-8
-30.05,-3.7312059395145806e-7,1.233395158500295e-8
-30.04,-3.7373487242708215e-7,1.235770674178269e-8
-30.03,-3.7435030112422325e-7,1.2381512421540244e-8
-30.02,-3.7496688241520697e-7,1.240536873936488e-8
-30.01,-3.755846186757608e-7,1.2429275811070734e-8
-30.0,-3.762035122879384e-7,1.2453233752437471e-8
-29.99,-3.7682356563874085e-7,1.2477242679609051e-8
-29.98,-3.77444781120514e-7,1.2501302708892934e-8
-29.97,-3.7806716113092373e-7,1.2525413957139217e-8
-29.96,-3.786907080727053e-7,1.2549576541148406e-8
-29.95,-3.793154243538492e-7,1.2573790578204037e-8
-29.94,-3.799413123880542e-7,1.2598056185722128e-8
-29.93,-3.805683745939759e-7,1.2622373481622774e-8
-29.92,-3.811966133956116e-7,1.2646742583895068e-8
-29.91,-3.818260312224893e-7,1.2671163610791465e-8
-29.9,-3.824566305092647e-7,1.2695636681190982e-8
-29.89,-3.830884136960684e-7,1.2720161913768007e-8
-29.88,-3.83721383228474e-7,1.2744739427742133e-8
-29.87,-3.843555415573714e-7,1.2769369342695416e-8
-29.86,-3.849908911388785e-7,1.279405177824832e-8
-29.85,-3.856274344348742e-7,1.2818786854546025e-8
-29.84,-3.862651739123845e-7,1.2843574691822023e-8
-29.83,-3.8690411204396206e-7,1.2868415410728893e-8
-29.82,-3.875442513075974e-7,1.2893309132133853e-8
-29.81,-3.8818559418683296e-7,1.2918255977197505e-8
-29.8,-3.888281431704145e-7,1.2943256067393484e-8
-29.79,-3.894719007530108e-7,1.2968309524480486e-8
-29.78,-3.9011686943433375e-7,1.2993416470477427e-8
-29.77,-3.907630517197535e-7,1.3018577027772523e-8
-29.76,-3.914104501205186e-7,1.3043791318925407e-8
-29.75,-3.9205906715268196e-7,1.3069059466862463e-8
-29.74,-3.92708905338559e-7,1.3094381594771966e-8
-29.73,-3.9335996720567454e-7,1.3119757826139845e-8
-29.72,-3.940122552870823e-7,1.3145188284805643e-8
-29.71,-3.9466577212156415e-7,1.3170673094764636e-8
-29.7,-3.953205202535173e-7,1.3196212380413602e-8
-29.69,-3.959765022328564e-7,1.3221806266465597e-8
-29.68,-3.966337206150489e-7,1.3247454877752657e-8
-29.67,-3.972921779613528e-7,1.3273158339605557e-8
-29.66,-3.979518768386763e-7,1.3298916777670791e-8
-29.65,-3.9861281981936044e-7,1.3324730317681765e-8
-29.64,-3.9927500948178897e-7,1.3350599085830993e-8
-29.63,-3.9993844840963345e-7,1.3376523208542602e-8
-29.62,-4.006031391926098e-7,1.3402502812523789e-8
-29.61,-4.0126908442582867e-7,1.3428538024804752e-8
-29.6,-4.0193628671041816e-7,1.3454628972868692e-8
-29.59,-4.0260474865311607e-7,1.3480775784250499e-8
-29.58,-4.03274472866316e-7,1.3506978586940183e-8
-29.57,-4.039454619682121e-7,1.3533237509080227e-8
-29.56,-4.0461771858307457e-7,1.3559552679334833e-8
-29.55,-4.05291245340335e-7,1.3585924226629024e-8
-29.54,-4.059660448758853e-7,1.3612352279984682e-8
-29.53,-4.066421198310843e-7,1.3638836968867756e-8
-29.52,-4.0731947285322345e-7,1.3665378423215466e-8
-29.51,-4.079981065953457e-7,1.3691976772907794e-8
-29.5,-4.0867802371644255e-7,1.3718632148413196e-8
-29.49,-4.093592268812238e-7,1.3745344680445097e-8
-29.48,-4.1004171876048436e-7,1.3772114499970085e-8
-29.47,-4.1072550203087775e-7,1.3798941738482321e-8
-29.46,-4.114105793747101e-7,1.3825826527253967e-8
-29.45,-4.120969534805404e-7,1.3852768998579882e-8
-29.44,-4.127846270427694e-7,1.3879769284417691e-8
-29.43,-4.134736027615301e-7,1.3906827517598034e-8
-29.42,-4.1416388334317397e-7,1.3933943830792372e-8
-29.41,-4.1485547150000014e-7,1.3961118357280442e-8
-29.4,-4.1554836995000515e-7,1.3988351230563108e-8
-29.39,-4.162425814176508e-7,1.4015642584470078e-8
-29.38,-4.169381086331418e-7,1.4042992553010653e-8
-29.37,-4.1763495433269526e-7,1.4070401270776963e-8
-29.36,-4.183331212584916e-7,1.4097868872390163e-8
-29.35,-4.190326121591626e-7,1.4125395493275086e-8
-29.34,-4.197334297888983e-7,1.4152981268393143e-8
-29.33,-4.2043557690827805e-7,1.4180626333865037e-8
-29.32,-4.211390562839244e-7,1.4208330825431486e-8
-29.31,-4.2184387068851394e-7,1.4236094879667386e-8
-29.3,-4.2255002290108816e-7,1.4263918633095913e-8
-29.29,-4.2325751570640005e-7,1.4291802222894789e-8
-29.28,-4.2396635189553755e-7,1.4319745786387052e-8
-29.27,-4.246765342660519e-7,1.4347749461053665e-8
-29.26,-4.253880656211771e-7,1.4375813384992026e-8
-29.25,-4.261009487706085e-7,1.4403937696595829e-8
-29.24,-4.268151865303016e-7,1.4432122534421908e-8
-29.23,-4.275307817223775e-7,1.4460368037408505e-8
-29.22,-4.2824773717505395e-7,1.448867434491122e-8
-29.21,-4.289660557228257e-7,1.4517041596440771e-8
-29.2,-4.2968574020670403e-7,1.4545469932144263e-8
-29.19,-4.3040679347370266e-7,1.4573959492168809e-8
-29.18,-4.3112921837720245e-7,1.4602510417179505e-8
-29.17,-4.3185301777696107e-7,1.4631122848037953e-8
-29.16,-4.3257819453904344e-7,1.4659796926089106e-8
-29.15,-4.3330475153567573e-7,1.4688532792953169e-8
-29.14,-4.3403269164566023e-7,1.4717330590577991e-8
-29.13,-4.347620177540112e-7,1.4746190461167688e-8
-29.12,-4.3549273275210935e-7,1.4775112547389895e-8
-29.11,-4.3622483953790245e-7,1.4804096992134931e-8
-29.1,-4.369583410155631e-7,1.4833143938891072e-8
-29.09,-4.3769324009575363e-7,1.4862253531084427e-8
-29.08,-4.3842953969551867e-7,1.4891425912640788e-8
-29.07,-4.3916724273840397e-7,1.492066122805409e-8
-29.06,-4.399063521543033e-7,1.494995962190848e-8
-29.05,-4.406468708797856e-7,1.4979321238975223e-8
-29.04,-4.4138880185780266e-7,1.5008746224910697e-8
-29.03,-4.421321480377951e-7,1.5038234725162694e-8
-29.02,-4.428769123757305e-7,1.5067786885918596e-8
-29.01,-4.436230978341091e-7,1.5097402853329223e-8
-29.0,-4.443707073820246e-7,1.5127082774183968e-8
-28.99,-4.4511974399504134e-7,1.5156826795580366e-8
-28.98,-4.458702106553898e-7,1.5186635064830213e-8
-28.97,-4.4662211035186653e-7,1.521650772964145e-8
-28.96,-4.473754460799305e-7,1.5246444938326306e-8
-28.95,-4.481302208414727e-7,1.5276446838998076e-8
-28.94,-4.488864376452109e-7,1.530651358070592e-8
-28.93,-4.496440995064769e-7,1.533664531245358e-8
-28.92,-4.504032094471883e-7,1.536684218375066e-8
-28.91,-4.511637704959833e-7,1.5397104344514206e-8
-28.9,-4.5192578568834917e-7,1.542743194478551e-8
-28.89,-4.5268925806619893e-7,1.54578251351414e-8
-28.88,-4.534541906784483e-7,1.548828406661206e-8
-28.87,-4.5422058658053024e-7,1.5518808890336124e-8
-28.86,-4.5498844883477533e-7,1.5549399757933397e-8
-28.85,-4.5575778051017715e-7,1.5580056821387337e-8
-28.84,-4.565285846826806e-7,1.5610780232928918e-8
-28.83,-4.57300864434878e-7,1.5641570145407606e-8
-28.82,-4.580746228561192e-7,1.567242671181741e-8
-28.81,-4.5884986304316537e-7,1.5703350085432366e-8
-28.8,-4.5962658809822147e-7,1.5734340420208823e-8
-28.79,-4.604048011320876e-7,1.5765397870124194e-8
-28.78,-4.611845052615182e-7,1.5796522589598696e-8
-28.77,-4.6196570361001754e-7,1.582771473370835e-8
-28.76,-4.627483993085117e-7,1.5858974457556016e-8
-28.75,-4.6353259549451765e-7,1.5890301916507644e-8
-28.74,-4.6431829531246524e-7,1.592169726681044e-8
-28.73,-4.6510550191404283e-7,1.595316066460705e-8
-28.72,-4.6589421845761797e-7,1.5984692266619785e-8
-28.71,-4.666844481085981e-7,1.6016292229904978e-8
-28.7,-4.674761940394619e-7,1.6047960711842856e-8
-28.69,-4.682694594297327e-7,1.6079697870240358e-8
-28.68,-4.690642474658439e-7,1.6111503863160017e-8
-28.67,-4.698605613414141e-7,1.6143378849195984e-8
-28.66,-4.7065840425690566e-7,1.6175322987323118e-8
-28.65,-4.714577794201194e-7,1.6207336436650122e-8
-28.64,-4.7225869004582626e-7,1.623941935684964e-8
-28.63,-4.7306113935582793e-7,1.627157190803036e-8
-28.62,-4.73865130579257e-7,1.630379425042212e-8
-28.61,-4.7467066695235444e-7,1.6336086544940548e-8
-28.6,-4.7547775171823154e-7,1.6368448952738988e-8
-28.59,-4.76286388127353e-7,1.640088163516387e-8
-28.58,-4.770965794376005e-7,1.643338475429895e-8
-28.57,-4.779083289136876e-7,1.6465958472280405e-8
-28.56,-4.787216398279e-7,1.6498602951895457e-8
-28.55,-4.79536515459405e-7,1.6531318356003596e-8
-28.54,-4.803529590948651e-7,1.656410484823762e-8
-28.53,-4.811709740281828e-7,1.65969625922319e-8
-28.52,-4.819905635605202e-7,1.6629891752265732e-8
-28.51,-4.828117310002862e-7,1.6662892492896172e-8
-28.5,-4.836344796631242e-7,1.6695964979060943e-8
-28.49,-4.844588128724115e-7,1.6729109376103757e-8
-28.48,-4.852847339583286e-7,1.676232584984209e-8
-28.47,-4.8611224625901e-7,1.6795614566133998e-8
-28.46,-4.869413531193392e-7,1.6828975691772404e-8
-28.45,-4.877720578920763e-7,1.686240939355908e-8
-28.44,-4.886043639372347e-7,1.6895915838771716e-8
-28.43,-4.894382746223376e-7,1.6929495195095608e-8
-28.42,-4.902737933221296e-7,1.696314763050007e-8
-28.41,-4.911109234190368e-7,1.69968733137391e-8
-28.4,-4.919496683029411e-7,1.7030672413206038e-8
-28.39,-4.927900313712281e-7,1.706454509849735e-8
-28.38,-4.936320160285557e-7,1.7098491539202834e-8
-28.37,-4.944756256875214e-7,1.7132511905387993e-8
-28.36,-4.953208637679633e-7,1.7166606367389537e-8
-28.35,-4.961677336974616e-7,1.7200775096131732e-8
-28.34,-4.970162389111554e-7,1.7235018262716342e-8
-28.33,-4.978663828513018e-7,1.7269336039066224e-8
-28.32,-4.987181689686243e-7,1.7303728596926736e-8
-28.31,-4.995716007209094e-7,1.7338196108892874e-8
-28.3,-5.004266815736914e-7,1.7372738747662568e-8
-28.29,-5.012834150004179e-7,1.7407356686656122e-8
-28.28,-5.021418044817712e-7,1.744205009947532e-8
-28.27,-5.030018535063595e-7,1.747681916012812e-8
-28.26,-5.038635655706735e-7,1.751166404307745e-8
-28.25,-5.047269441786075e-7,1.75465849233044e-8
-28.24,-5.055919928422289e-7,1.7581581975880185e-8
-28.23,-5.064587150808091e-7,1.7616655376632056e-8
-28.22,-5.073271144218976e-7,1.7651805301586986e-8
-28.21,-5.081971944005922e-7,1.7687031927380238e-8
-28.2,-5.09068958559987e-7,1.772233543077754e-8
-28.19,-5.099424104507598e-7,1.775771598916363e-8
-28.18,-5.108175536315994e-7,1.7793173780335933e-8
-28.17,-5.116943916691046e-7,1.782870898232263e-8
-28.16,-5.125729281376365e-7,1.7864321773823794e-8
-28.15,-5.134531666195433e-7,1.7900012333620065e-8
-28.14,-5.143351107052112e-7,1.793578084145202e-8
-28.13,-5.152187639926488e-7,1.797162747676126e-8
-28.12,-5.161041300880325e-7,1.8007552420070175e-8
-28.11,-5.16991212605634e-7,1.804355585194596e-8
-28.1,-5.178800151672773e-7,1.8079637953396076e-8
-28.09,-5.187705414033716e-7,1.8115798905992363e-8
-28.08,-5.196627949519057e-7,1.815203889162458e-8
-28.07,-5.2055677945898e-7,1.8188358092715917e-8
-28.06,-5.214524985791566e-7,1.8224756691859636e-8
-28.05,-5.223499559744277e-7,1.8261234872436973e-8
-28.04,-5.232491553153347e-7,1.829779281802479e-8
-28.03,-5.24150100280558e-7,1.833443071252341e-8
-28.02,-5.250527945566552e-7,1.837114874061528e-8
-28.01,-5.259572418383633e-7,1.840794708705002e-8
-28.0,-5.268634458288495e-7,1.8444825937122473e-8
-27.99,-5.27771410239101e-7,1.8481785476762143e-8
-27.98,-5.286811387886501e-7,1.8518825892035933e-8
-27.97,-5.295926352049514e-7,1.8555947369620092e-8
-27.96,-5.305059032239671e-7,1.859315009651479e-8
-27.95,-5.314209465898113e-7,1.8630434260250084e-8
-27.94,-5.323377690547637e-7,1.866780004875948e-8
-27.93,-5.332563743794762e-7,1.8705247650317513e-8
-27.92,-5.341767663330569e-7,1.8742777253846493e-8
-27.91,-5.350989486925551e-7,1.8780389048578704e-8
-27.9,-5.360229252440013e-7,1.881808322395901e-8
-27.89,-5.369486997810605e-7,1.8855859970355285e-8
-27.88,-5.378762761063547e-7,1.8893719478187732e-8
-27.87,-5.388056580306574e-7,1.8931661938509397e-8
-27.86,-5.39736849372919e-7,1.8969687542698102e-8
-27.85,-5.406698539611321e-7,1.900779648277006e-8
-27.84,-5.416046756314074e-7,1.904598895092522e-8
-27.83,-5.425413182281009e-7,1.908426513987372e-8
-27.82,-5.434797856045891e-7,1.9122625242936343e-8
-27.81,-5.444200816222246e-7,1.916106945378776e-8
-27.8,-5.453622101513256e-7,1.91995979664035e-8
-27.79,-5.463061750705227e-7,1.9238210975503007e-8
-27.78,-5.472519802669516e-7,1.9276908675871142e-8
-27.77,-5.48199629636663e-7,1.9315691263188906e-8
-27.76,-5.491491270838518e-7,1.9354558933323203e-8
-27.75,-5.501004765218268e-7,1.9393511882590144e-8
-27.74,-5.510536818721582e-7,1.9432550307712943e-8
-27.73,-5.520087470652138e-7,1.9471674405987477e-8
-27.72,-5.529656760400491e-7,1.9510884375315612e-8
-27.71,-5.539244727445369e-7,1.9550180413796887e-8
-27.7,-5.548851411349013e-7,1.9589562719959144e-8
-27.69,-5.558476851766488e-7,1.96290314928771e-8
-27.68,-5.568121088434753e-7,1.9668586932241457e-8
-27.67,-5.577784161182368e-7,1.970822923801939e-8
-27.66,-5.587466109924643e-7,1.974795861071557e-8
-27.65,-5.597166974664867e-7,1.978777525110889e-8
-27.64,-5.606886795495338e-7,1.9827679360785638e-8
-27.63,-5.616625612594212e-7,1.9867671141469263e-8
-27.62,-5.626383466232364e-7,1.9907750795563475e-8
-27.61,-5.636160396766938e-7,1.994791852588252e-8
-27.6,-5.645956444645287e-7,1.998817453554585e-8
-27.59,-5.655771650404605e-7,2.0028519028400832e-8
-27.58,-5.665606054664888e-7,2.0068952208706017e-8
-27.57,-5.675459698148307e-7,2.0109474281028595e-8
-27.56,-5.685332621656979e-7,2.0150085450482428e-8
-27.55,-5.695224866086001e-7,2.0190785922688828e-8
-27.54,-5.70513647242099e-7,2.0231575903713072e-8
-27.53,-5.715067481738201e-7,2.027245560010451e-8
-27.52,-5.725017935204135e-7,2.031342521895438e-8
-27.51,-5.734987874074543e-7,2.0354484967705612e-8
-27.5,-5.744977339699443e-7,2.0395635054362868e-8
-27.49,-5.754986373517792e-7,2.043687568734695e-8
-27.48,-5.76501501706028e-7,2.0478207075763275e-8
-27.47,-5.775063311950026e-7,2.051962942871087e-8
-27.46,-5.785131299899613e-7,2.0561142956266806e-8
-27.45,-5.795219022717795e-7,2.060274786880504e-8
-27.44,-5.805326522300879e-7,2.0644444377107736e-8
-27.43,-5.815453840641562e-7,2.0686232692547937e-8
-27.42,-5.825601019821448e-7,2.072811302692131e-8
-27.41,-5.835768102018282e-7,2.077008559273628e-8
-27.4,-5.845955129501804e-7,2.0812150602455482e-8
-27.39,-5.856162144632071e-7,2.085430826959052e-8
-27.38,-5.866389189866822e-7,2.0896558807784954e-8
-27.37,-5.876636307754486e-7,2.0938902431381252e-8
-27.36,-5.886903540939562e-7,2.0981339355019957e-8
-27.35,-5.897190932158004e-7,2.1023869794028072e-8
-27.34,-5.907498524240542e-7,2.1066493964174222e-8
-27.33,-5.917826360115455e-7,2.110921208157385e-8
-27.32,-5.92817448280064e-7,2.1152024362870705e-8
-27.31,-5.938542935411722e-7,2.1194931025556612e-8
-27.3,-5.948931761159675e-7,2.1237932287039335e-8
-27.29,-5.959341003349189e-7,2.1281028365704645e-8
-27.28,-5.969770705379985e-7,2.1324219480168575e-8
-27.27,-5.980220910750286e-7,2.1367505849622507e-8
-27.26,-5.990691663051428e-7,2.1410887693810503e-8
-27.25,-6.001183005970801e-7,2.1454365232929725e-8
-27.24,-6.011694983293334e-7,2.1497938687578067e-8
-27.23,-6.0222276389e-7,2.1541608279091708e-8
-27.22,-6.032781016766808e-7,2.1585374229123456e-8
-27.21,-6.043355160969799e-7,2.1629236759821856e-8
-27.2,-6.053950115679503e-7,2.1673196093966713e-8
-27.19,-6.064565925163948e-7,2.171725245485257e-8
-27.18,-6.075202633789381e-7,2.176140606602217e-8
-27.17,-6.085860286018038e-7,2.180565715185751e-8
-27.16,-6.096538926412639e-7,2.1850005937083867e-8
-27.15,-6.107238599633758e-7,2.1894452646963225e-8
-27.14,-6.11795935043705e-7,2.1938997507164396e-8
-27.13,-6.128701223679467e-7,2.1983640744096485e-8
-27.12,-6.139464264317209e-7,2.2028382584428848e-8
-27.11,-6.150248517399813e-7,2.2073223255636413e-8
-27.1,-6.161054028085344e-7,2.2118162985432534e-8
-27.09,-6.171880841623106e-7,2.2163202002114624e-8
-27.08,-6.182729003365678e-7,2.220834053474643e-8
-27.07,-6.193598558764138e-7,2.2253578812432217e-8
-27.06,-6.204489553369483e-7,2.229891706527084e-8
-27.05,-6.215402032834688e-7,2.234435552360402e-8
-27.04,-6.226336042910215e-7,2.238989441831563e-8
-27.03,-6.237291629449601e-7,2.2435533980944386e-8
-27.02,-6.248268838405952e-7,2.2481274443461693e-8
-27.01,-6.259267715832572e-7,2.2527116038389228e-8
-27.0,-6.270288307886566e-7,2.257305899873764e-8
-26.99,-6.28133066082366e-7,2.2619103558113608e-8
-26.98,-6.2923948210036e-7,2.2665249950465095e-8
-26.97,-6.303480834883381e-7,2.271149841055665e-8
-26.96,-6.314588749030261e-7,2.275784917355516e-8
-26.95,-6.325718610106194e-7,2.280430247499507e-8
-26.94,-6.336870464879841e-7,2.285085855113782e-8
-26.93,-6.348044360220704e-7,2.2897517638748637e-8
-26.92,-6.359240343100239e-7,2.294427997520343e-8
-26.91,-6.370458460596583e-7,2.2991145798099027e-8
-26.9,-6.381698759887575e-7,2.303811534592036e-8
-26.89,-6.392961288257166e-7,2.3085188857527856e-8
-26.88,-6.404246093092582e-7,2.313236657229516e-8
-26.87,-6.415553221883375e-7,2.317964873025538e-8
-26.86,-6.426882722224441e-7,2.3227035571729413e-8
-26.85,-6.438234641815335e-7,2.327452733804811e-8
-26.84,-6.449609028461043e-7,2.3322124270442097e-8
-26.83,-6.46100593007053e-7,2.3369826611353214e-8
-26.82,-6.472425394656239e-7,2.341763460331965e-8
-26.81,-6.483867470339887e-7,2.346554848945095e-8
-26.8,-6.495332205345223e-7,2.3513568513667612e-8
-26.79,-6.506819648001988e-7,2.3561694920058537e-8
-26.78,-6.518329846747721e-7,2.360992795380264e-8
-26.77,-6.529862850125407e-7,2.3658267859956084e-8
-26.76,-6.541418706784276e-7,2.3706714884680825e-8
-26.75,-6.552997465479894e-7,2.3755269274342275e-8
-26.74,-6.564599175074408e-7,2.3803931275971378e-8
-26.73,-6.576223884539405e-7,2.3852701137509045e-8
-26.72,-6.587871642950088e-7,2.3901579106609323e-8
-26.71,-6.5995424994919e-7,2.3950565432400136e-8
-26.7,-6.611236503457466e-7,2.3999660363780865e-8
-26.69,-6.622953704246634e-7,2.404886415094486e-8
-26.68,-6.634694151368383e-7,2.4098177043977767e-8
-26.67,-6.646457894439042e-7,2.4147599293978286e-8
-26.66,-6.658244983185323e-7,2.4197131152411284e-8
-26.65,-6.670055467439376e-7,2.4246772871371154e-8
-26.64,-6.681889397147236e-7,2.4296524703283684e-8
-26.63,-6.693746822360857e-7,2.4346386901563184e-8
-26.62,-6.705627793241366e-7,2.4396359719888627e-8
-26.61,-6.717532360062487e-7,2.4446443412518748e-8
-26.6,-6.729460573205823e-7,2.4496638234452643e-8
-26.59,-6.741412483163656e-7,2.4546944440916966e-8
-26.58,-6.753388140539254e-7,2.459736228824606e-8
-26.57,-6.765387596044902e-7,2.46478920327709e-8
-26.56,-6.777410900505107e-7,2.469853393166693e-8
-26.55,-6.789458104856439e-7,2.474928824270274e-8
-26.54,-6.801529260145789e-7,2.4800155224229444e-8
-26.53,-6.813624417528974e-7,2.4851135135096685e-8
-26.52,-6.825743628279185e-7,2.490222823454083e-8
-26.51,-6.837886943777517e-7,2.49534347828555e-8
-26.5,-6.850054415518493e-7,2.5004755040567266e-8
-26.49,-6.862246095108358e-7,2.505618926882685e-8
-26.48,-6.874462034266717e-7,2.510773772925797e-8
-26.47,-6.886702284827928e-7,2.5159400684216445e-8
-26.46,-6.898966898736199e-7,2.5211178396699378e-8
-26.45,-6.911255928051828e-7,2.526307113030973e-8
-26.44,-6.923569424947208e-7,2.531507914895603e-8
-26.43,-6.935907441707279e-7,2.536720271720842e-8
-26.42,-6.948270030736669e-7,2.5419442100503784e-8
-26.41,-6.960657244547796e-7,2.547179756453242e-8
-26.4,-6.973069135771952e-7,2.552426937570322e-8
-26.39,-6.985505757152787e-7,2.5576857801042458e-8
-26.38,-6.997967161549654e-7,2.5629563108231757e-8
-26.37,-7.010453401937306e-7,2.568238556508224e-8
-26.36,-7.022964531406869e-7,2.573532544092102e-8
-26.35,-7.035500603165944e-7,2.5788383004678655e-8
-26.34,-7.048061670534269e-7,2.5841558526376517e-8
-26.33,-7.060647786950866e-7,2.5894852276668883e-8
-26.32,-7.073259005970331e-7,2.5948264526516262e-8
-26.31,-7.085895381263672e-7,2.6001795547860888e-8
-26.3,-7.098556966620924e-7,2.6055445612689643e-8
-26.29,-7.111243815946756e-7,2.610921499428761e-8
-26.28,-7.123955983262622e-7,2.616310396608994e-8
-26.27,-7.136693522711059e-7,2.6217112802026502e-8
-26.26,-7.149456488549033e-7,2.6271241776994193e-8
-26.25,-7.162244935153053e-7,2.6325491166174587e-8
-26.24,-7.175058917019414e-7,2.6379861245591453e-8
-26.23,-7.187898488760092e-7,2.6434352291719123e-8
-26.22,-7.200763705106142e-7,2.6488964581790775e-8
-26.21,-7.21365462091215e-7,2.6543698393361593e-8
-26.2,-7.226571291145019e-7,2.6598554004917892e-8
-26.19,-7.239513770896712e-7,2.6653531695304393e-8
-26.18,-7.252482115376554e-7,2.6708631744090627e-8
-26.17,-7.265476379915056e-7,2.6763854431537532e-8
-26.16,-7.278496619960305e-7,2.6819200038296935e-8
-26.15,-7.291542891084578e-7,2.687466884579302e-8
-26.14,-7.304615248978415e-7,2.6930261136094958e-8
-26.13,-7.317713749453195e-7,2.6985977191671115e-8
-26.12,-7.330838448442132e-7,2.7041817295882845e-8
-26.11,-7.343989402003109e-7,2.7097781732460947e-8
-26.1,-7.357166666309718e-7,2.7153870785932342e-8
-26.09,-7.370370297659989e-7,2.7210084741288342e-8
-26.08,-7.383600352476895e-7,2.7266423884304488e-8
-26.07,-7.396856887301342e-7,2.7322888501216166e-8
-26.06,-7.410139958800098e-7,2.7379478879027996e-8
-26.05,-7.423449623761299e-7,2.7436195305251852e-8
-26.04,-7.436785939096011e-7,2.7493038068045107e-8
-26.03,-7.450148961840046e-7,2.7550007456211946e-8
-26.02,-7.463538749152073e-7,2.76071037591938e-8
-26.01,-7.476955358314126e-7,2.7664327266882926e-8
-26.0,-7.490398846733819e-7,2.7721678270195386e-8
-25.99,-7.503869271940998e-7,2.7779157060241113e-8
-25.98,-7.517366691591766e-7,2.7836763928954262e-8
-25.97,-7.530891163467207e-7,2.7894499169023636e-8
-25.96,-7.544442745472232e-7,2.795236307352632e-8
-25.95,-7.55802149563682e-7,2.801035593623283e-8
-25.94,-7.571627472118408e-7,2.8068478051636575e-8
-25.93,-7.585260733200268e-7,2.8126729714819082e-8
-25.92,-7.598921337289612e-7,2.818511122154052e-8
-25.91,-7.612609342921307e-7,2.8243622868014853e-8
-25.9,-7.626324808756337e-7,2.8302264951244826e-8
-25.89,-7.640067793583603e-7,2.8361037769061474e-8
-25.88,-7.653838356318195e-7,2.8419941619460344e-8
-25.87,-7.667636556001276e-7,2.847897680136379e-8
-25.86,-7.681462451804334e-7,2.8538143614413424e-8
-25.85,-7.695316103024983e-7,2.8597442358742772e-8
-25.84,-7.709197569088844e-7,2.865687333519895e-8
-25.83,-7.723106909549339e-7,2.8716436845017377e-8
-25.82,-7.737044184091636e-7,2.8776133190568886e-8
-25.81,-7.751009452525396e-7,2.8835962674523605e-8
-25.8,-7.765002774790337e-7,2.88959256002159e-8
-25.79,-7.779024210958588e-7,2.8956022271708706e-8
-25.78,-7.793073821228613e-7,2.9016252993577827e-8
-25.77,-7.80715166592957e-7,2.9076618071246122e-8
-25.76,-7.821257805520849e-7,2.9137117810728585e-8
-25.75,-7.835392300592886e-7,2.9197752518654524e-8
-25.74,-7.849555211865455e-7,2.925852250220604e-8
-25.73,-7.863746600189016e-7,2.9319428069314612e-8
-25.72,-7.87796652654678e-7,2.9380469528621023e-8
-25.71,-7.89221505205038e-7,2.9441647189459486e-8
-25.7,-7.906492237947145e-7,2.95029613614221e-8
-25.69,-7.920798145611782e-7,2.9564412355284335e-8
-25.68,-7.935132836554091e-7,2.9626000482162553e-8
-25.67,-7.949496372415194e-7,2.9687726054034657e-8
-25.66,-7.963888814968862e-7,2.974958938320116e-8
-25.65,-7.978310226122171e-7,2.981159078295833e-8
-25.64,-7.992760667912618e-7,2.987373056722882e-8
-25.63,-8.007240202516079e-7,2.9936009050339906e-8
-25.62,-8.021748892235968e-7,2.9998426547579634e-8
-25.61,-8.036286799516508e-7,3.0060983374597963e-8
-25.6,-8.05085398693062e-7,3.0123679848047004e-8
-25.59,-8.065450517185071e-7,3.018651628497615e-8
-25.58,-8.080076453125891e-7,3.024949300322711e-8
-25.57,-8.094731857731517e-7,3.0312610321330124e-8
-25.56,-8.109416794113657e-7,3.0375868558357215e-8
-25.55,-8.124131325522345e-7,3.0439268034143876e-8
-25.54,-8.138875515341116e-7,3.050280906912491e-8
-25.53,-8.153649427091419e-7,3.056649198448726e-8
-25.52,-8.168453124429556e-7,3.063031710214517e-8
-25.51,-8.183286671147894e-7,3.0694284744435964e-8
-25.5,-8.198150131175752e-7,3.0758395234610795e-8
-25.49,-8.213043568580679e-7,3.082264889650332e-8
-25.48,-8.22796704756507e-7,3.088704605461034e-8
-25.47,-8.242920632470356e-7,3.095158703411658e-8
-25.46,-8.25790438777617e-7,3.101627216094416e-8
-25.45,-8.272918378097914e-7,3.1081101761520545e-8
-25.44,-8.287962668191051e-7,3.1146076163152605e-8
-25.43,-8.303037322949224e-7,3.1211195693760224e-8
-25.42,-8.318142407403465e-7,3.127646068168836e-8
-25.41,-8.333277986724585e-7,3.134187145656581e-8
-25.4,-8.34844412622448e-7,3.1407428347966854e-8
-25.39,-8.363640891351333e-7,3.147313168681084e-8
-25.38,-8.378868347694661e-7,3.153898180428688e-8
-25.37,-8.394126560985086e-7,3.1604979032263367e-8
-25.36,-8.409415597091592e-7,3.1671123703428896e-8
-25.35,-8.424735522024274e-7,3.173741615139438e-8
-25.34,-8.440086401933788e-7,3.1803856709869784e-8
-25.33,-8.455468303112714e-7,3.187044571384833e-8
-25.32,-8.47088129199581e-7,3.193718349853921e-8
-25.31,-8.486325435153999e-7,3.200407040010797e-8
-25.3,-8.501800799309281e-7,3.207110675542185e-8
-25.29,-8.517307451316209e-7,3.2138292901792e-8
-25.28,-8.532845458177345e-7,3.220562917760983e-8
-25.27,-8.548414887036592e-7,3.227311592159745e-8
-25.26,-8.564015805180725e-7,3.2340753473324984e-8
-25.25,-8.579648280039965e-7,3.24085421730925e-8
-25.24,-8.595312379186376e-7,3.2476482361816384e-8
-25.23,-8.611008170336523e-7,3.254457438104092e-8
-25.22,-8.626735721352142e-7,3.261281857336561e-8
-25.21,-8.642495100238101e-7,3.268121528143959e-8
-25.2,-8.658286375142313e-7,3.274976484927567e-8
-25.19,-8.674109614360364e-7,3.281846762122224e-8
-25.18,-8.689964886329822e-7,3.2887323942420605e-8
-25.17,-8.705852259636397e-7,3.29563341586335e-8
-25.16,-8.721771803007959e-7,3.3025498616447755e-8
-25.15,-8.737723585320167e-7,3.309481766320065e-8
-25.14,-8.753707675596549e-7,3.3164291646295776e-8
-25.13,-8.76972414300225e-7,3.323392091496787e-8
-25.12,-8.785773056852491e-7,3.3303705818336695e-8
-25.11,-8.801854486606885e-7,3.337364670635638e-8
-25.1,-8.817968501875048e-7,3.34437439298426e-8
-25.09,-8.834115172411662e-7,3.3513997840238175e-8
-25.08,-8.850294568120167e-7,3.358440878968551e-8
-25.07,-8.8665067590506e-7,3.365497713101281e-8
-25.06,-8.882751815401272e-7,3.372570321779234e-8
-25.05,-8.899029807521308e-7,3.3796587404368796e-8
-25.04,-8.915340805904079e-7,3.386763004566246e-8
-25.03,-8.931684881196035e-7,3.3938831497388175e-8
-25.02,-8.948062104189542e-7,3.4010192115891696e-8
-25.01,-8.964472545829173e-7,3.4081712258224077e-8
-25.0,-8.980916277208303e-7,3.4153392282411975e-8
-24.99,-8.997393369567929e-7,3.4225232546881785e-8
-24.98,-9.013903894303076e-7,3.429723341090887e-8
-24.97,-9.03044792295613e-7,3.436939523438458e-8
-24.96,-9.047025527222112e-7,3.444171837796411e-8
-24.95,-9.063636778946646e-7,3.451420320327807e-8
-24.94,-9.080281750125517e-7,3.4586850072098606e-8
-24.93,-9.096960512907054e-7,3.4659659347589586e-8
-24.92,-9.113673139591374e-7,3.473263139298982e-8
-24.91,-9.130419702630226e-7,3.48057665726843e-8
-24.9,-9.147200274628994e-7,3.4879065251679034e-8
-24.89,-9.164014928342443e-7,3.4952527795633407e-8
-24.88,-9.180863736682253e-7,3.5026154571000065e-8
-24.87,-9.197746772711142e-7,3.5099945944904946e-8
-24.86,-9.214664109644414e-7,3.517390228502598e-8
-24.85,-9.231615820852398e-7,3.52480239602026e-8
-24.84,-9.248601979858932e-7,3.532231133955636e-8
-24.83,-9.265622660342809e-7,3.539676479321038e-8
-24.82,-9.282677936135002e-7,3.5471384691853325e-8
-24.81,-9.299767881222891e-7,3.554617140695717e-8
-24.8,-9.316892569750036e-7,3.562112531068484e-8
-24.79,-9.33405207601282e-7,3.569624677607044e-8
-24.78,-9.351246474462957e-7,3.577153617650849e-8
-24.77,-9.36847583971125e-7,3.584699388661256e-8
-24.76,-9.385740246520169e-7,3.5922620281364627e-8
-24.75,-9.403039769812752e-7,3.599841573661126e-8
-24.74,-9.420374484663923e-7,3.607438062885782e-8
-24.73,-9.437744466310845e-7,3.6150515335359486e-8
-24.72,-9.455149790142104e-7,3.622682023426968e-8
-24.71,-9.472590531709602e-7,3.630329570412872e-8
-24.7,-9.49006676671695e-7,3.6379942124456656e-8
-24.69,-9.507578571028077e-7,3.6456759875468974e-8
-24.68,-9.525126020665192e-7,3.6533749338029406e-8
-24.67,-9.542709191814175e-7,3.66109108940724e-8
-24.66,-9.56032816080872e-7,3.668824492554498e-8
-24.65,-9.577983004149571e-7,3.676575181582943e-8
-24.64,-9.595673798492783e-7,3.684343194859733e-8
-24.63,-9.613400620657184e-7,3.692128570864293e-8
-24.62,-9.631163547618142e-7,3.699931348112811e-8
-24.61,-9.648962656512262e-7,3.707751565222772e-8
-24.6,-9.666798024638973e-7,3.715589260834132e-8
-24.59,-9.684669729453794e-7,3.723444473751192e-8
-24.58,-9.702577848574182e-7,3.7313172427678793e-8
-24.57,-9.720522459781476e-7,3.739207606791059e-8
-24.56,-9.738503641015474e-7,3.747115604784877e-8
-24.55,-9.756521470377198e-7,3.755041275804743e-8
-24.54,-9.774576026133024e-7,3.7629846589648285e-8
-24.53,-9.792667386706732e-7,3.770945793450729e-8
-24.52,-9.810795630689808e-7,3.778924718539679e-8
-24.51,-9.828960836830563e-7,3.7869214735703134e-8
-24.5,-9.847163084044059e-7,3.79493609795214e-8
-24.49,-9.865402451408366e-7,3.80296863117091e-8
-24.48,-9.88367901816282e-7,3.811019112805551e-8
-24.47,-9.901992863711582e-7,3.8190875824629466e-8
-24.46,-9.920344067623547e-7,3.827174079881145e-8
-24.45,-9.938732709631594e-7,3.8352786448221954e-8
-24.44,-9.957158869631756e-7,3.8434013171597605e-8
-24.43,-9.975622627686749e-7,3.851542136804061e-8
-24.42,-9.994124064021812e-7,3.859701143787897e-8
-24.41,-1.0012663259028827e-6,3.867878378167457e-8
-24.4,-1.0031240293267478e-6,3.876073880107653e-8
-24.39,-1.004985524745785e-6,3.884287689827432e-8
-24.38,-1.0068508202490494e-6,3.892519847635911e-8
-24.37,-1.0087199239420734e-6,3.9007703939096855e-8
-24.36,-1.0105928439471617e-6,3.9090393690991245e-8
-24.35,-1.0124695884029705e-6,3.9173268137141075e-8
-24.34,-1.0143501654654204e-6,3.9256327683747805e-8
-24.33,-1.0162345833065896e-6,3.933957273745483e-8
-24.32,-1.0181228501156104e-6,3.942300370562123e-8
-24.31,-1.020014974098416e-6,3.9506620996571375e-8
-24.3,-1.0219109634775396e-6,3.959042501922523e-8
-24.29,-1.0238108264927078e-6,3.9674416183360136e-8
-24.28,-1.0257145714001235e-6,3.9758594899265884e-8
-24.27,-1.0276222064732932e-6,3.984296157829939e-8
-24.26,-1.0295337400022263e-6,3.9927516632118265e-8
-24.25,-1.0314491802941657e-6,4.001226047378393e-8
-24.24,-1.0333685356730492e-6,4.0097193516396975e-8
-24.23,-1.035291814480018e-6,4.01823161741849e-8
-24.22,-1.0372190250733697e-6,4.0267628862062886e-8
-24.21,-1.0391501758281794e-6,4.0353131995697324e-8
-24.2,-1.0410852751364917e-6,4.043882599149839e-8
-24.19,-1.0430243314077924e-6,4.052471126664248e-8
-24.18,-1.0449673530686065e-6,4.061078823889545e-8
-24.17,-1.0469143485623787e-6,4.069705732687932e-8
-24.16,-1.0488653263498604e-6,4.078351895004563e-8
-24.15,-1.0508202949091737e-6,4.0870173528464465e-8
-24.14,-1.0527792627353202e-6,4.09570214829693e-8
-24.13,-1.054742238340917e-6,4.104406323517506e-8
-24.12,-1.0567092302555215e-6,4.1131299207501094e-8
-24.11,-1.0586802470263552e-6,4.121872982282002e-8
-24.1,-1.0606552972175655e-6,4.130635550518953e-8
-24.09,-1.0626343894108712e-6,4.139417667915747e-8
-24.08,-1.0646175322053663e-6,4.148219376992721e-8
-24.07,-1.0666047342174936e-6,4.157040720349416e-8
-24.06,-1.068596004081446e-6,4.165881740698591e-8
-24.05,-1.0705913504481619e-6,4.174742480772153e-8
-24.04,-1.0725907819866805e-6,4.183622983392283e-8
-24.03,-1.0745943073832524e-6,4.192523291480449e-8
-24.02,-1.0766019353419569e-6,4.201443448004624e-8
-24.01,-1.0786136745838348e-6,4.210383496013463e-8
-24.0,-1.0806295338481597e-6,4.219343478648093e-8
-23.99,-1.0826495218915754e-6,4.228323439091804e-8
-23.98,-1.0846736474880216e-6,4.237323420637284e-8
-23.97,-1.0867019194296848e-6,4.246343466623973e-8
-23.96,-1.0887343465258807e-6,4.255383620465648e-8
-23.95,-1.0907709376040725e-6,4.2644439256856645e-8
-23.94,-1.092811701509175e-6,4.273524425829975e-8
-23.93,-1.094856647103987e-6,4.282625164565842e-8
-23.92,-1.0969057832687605e-6,4.291746185576552e-8
-23.91,-1.0989591189022857e-6,4.300887532697329e-8
-23.9,-1.1010166629203352e-6,4.3100492497857584e-8
-23.89,-1.1030784242570499e-6,4.3192313807654125e-8
-23.88,-1.1051444118642604e-6,4.3284339696764966e-8
-23.87,-1.1072146347118735e-6,4.337657060594716e-8
-23.86,-1.1092891017874244e-6,4.346900697691612e-8
-23.85,-1.111367822096677e-6,4.356164925191697e-8
-23.84,-1.1134508046632565e-6,4.3654497874169525e-8
-23.83,-1.1155380585287183e-6,4.374755328751773e-8
-23.82,-1.117629592752905e-6,4.384081593651512e-8
-23.81,-1.119725416413266e-6,4.3934286266547637e-8
-23.8,-1.1218255386057422e-6,4.4027964723788096e-8
-23.79,-1.1239299684440558e-6,4.4121851754611136e-8
-23.78,-1.1260387150603308e-6,4.421594780696927e-8
-23.77,-1.128151787604631e-6,4.43102533291307e-8
-23.76,-1.1302691952452927e-6,4.4404768769815463e-8
-23.75,-1.1323909471686667e-6,4.449949457891625e-8
-23.74,-1.134517052579646e-6,4.4594431207002515e-8
-23.73,-1.1366475207009556e-6,4.4689579105082484e-8
-23.72,-1.1387823607739613e-6,4.478493872525518e-8
-23.71,-1.1409215820581186e-6,4.488051052006669e-8
-23.7,-1.1430651938311502e-6,4.49762949430672e-8
-23.69,-1.145213205389232e-6,4.507229244819633e-8
-23.68,-1.1473656260468266e-6,4.516850349047178e-8
-23.67,-1.1495224651368202e-6,4.526492852542868e-8
-23.66,-1.1516837320104327e-6,4.536156800939192e-8
-23.65,-1.1538494360374137e-6,4.545842239936109e-8
-23.64,-1.156019586605946e-6,4.555549215322784e-8
-23.63,-1.1581941931224896e-6,4.56527777293872e-8
-23.62,-1.160373265012347e-6,4.5750279586982664e-8
-23.61,-1.1625568117189031e-6,4.584799818621409e-8
-23.6,-1.1647448427045034e-6,4.59459339876102e-8
-23.59,-1.1669373674499337e-6,4.604408745248461e-8
-23.58,-1.169134395454348e-6,4.6142459043086853e-8
-23.57,-1.1713359362357568e-6,4.62410492222197e-8
-23.56,-1.1735419993305684e-6,4.633985845341352e-8
-23.55,-1.1757525942944338e-6,4.643888720104918e-8
-23.54,-1.1779677307007538e-6,4.653813593005052e-8
-23.53,-1.1801874181423778e-6,4.6637605106098666e-8
-23.52,-1.182411666230471e-6,4.673729519570205e-8
-23.51,-1.1846404845953153e-6,4.683720666602032e-8
-23.5,-1.1868738828856815e-6,4.69373399848209e-8
-23.49,-1.1891118707689764e-6,4.7037695620827014e-8
-23.48,-1.191354457931783e-6,4.713827404320158e-8
-23.47,-1.1936016540793682e-6,4.723907572213728e-8
-23.46,-1.1958534689356972e-6,4.734010112808916e-8
-23.45,-1.1981099122442002e-6,4.7441350732746445e-8
-23.44,-1.2003709937663237e-6,4.7542825008104634e-8
-23.43,-1.2026367232828574e-6,4.7644524427046154e-8
-23.42,-1.2049071105937706e-6,4.7746449463177935e-8
-23.41,-1.2071821655176808e-6,4.7848600590660604e-8
-23.4,-1.209461897892328e-6,4.795097828440215e-8
-23.39,-1.2117463175743474e-6,4.805358302025837e-8
-23.38,-1.2140354344394453e-6,4.815641527458425e-8
-23.37,-1.216329258382425e-6,4.825947552434554e-8
-23.36,-1.2186277993170967e-6,4.836276424735746e-8
-23.35,-1.2209310671765744e-6,4.84662819221086e-8
-23.34,-1.2232390719125532e-6,4.857002902771726e-8
-23.33,-1.2255518234963948e-6,4.867400604393121e-8
-23.32,-1.2278693319185002e-6,4.877821345172534e-8
-23.31,-1.230191607188225e-6,4.8882651731845115e-8
-23.3,-1.2325186593342855e-6,4.898732136655511e-8
-23.29,-1.234850498404458e-6,4.9092222838445984e-8
-23.28,-1.2371871344661194e-6,4.919735663071612e-8
-23.27,-1.239528577605438e-6,4.93027232274948e-8
-23.26,-1.2418748379281904e-6,4.9408323113534604e-8
-23.25,-1.244225925559118e-6,4.951415677400171e-8
-23.24,-1.246581850642646e-6,4.962022469505439e-8
-23.23,-1.248942623342338e-6,4.9726527363504226e-8
-23.22,-1.2513082538410632e-6,4.9833065266794955e-8
-23.21,-1.253678752341107e-6,4.9939838893019826e-8
-23.2,-1.2560541290643464e-6,5.004684873082216e-8
-23.19,-1.258434394251684e-6,5.0154095269892835e-8
-23.18,-1.2608195581637743e-6,5.026157900008908e-8
-23.17,-1.263209631080343e-6,5.0369300412330764e-8
-23.16,-1.2656046233011335e-6,5.047725999825826e-8
-23.15,-1.2680045451449524e-6,5.0585458249806685e-8
-23.14,-1.2704094069501774e-6,5.069389565983214e-8
-23.13,-1.2728192190748574e-6,5.080257272190301e-8
-23.12,-1.2752339918963686e-6,5.091148992995902e-8
-23.11,-1.2776537358118547e-6,5.1020647779028603e-8
-23.1,-1.2800784612378387e-6,5.1130046764492786e-8
-23.09,-1.2825081786106917e-6,5.123968738241745e-8
-23.08,-1.2849428983861699e-6,5.134957012955275e-8
-23.07,-1.2873826310396133e-6,5.14596955034349e-8
-23.06,-1.2898273870662448e-6,5.157006400206214e-8
-23.05,-1.2922771769808441e-6,5.168067612419821e-8
-23.04,-1.2947320113178297e-6,5.179153236922495e-8
-23.03,-1.2971919006314026e-6,5.190263323706881e-8
-23.02,-1.2996568554954085e-6,5.201397922851411e-8
-23.01,-1.3021268865034496e-6,5.212557084489676e-8
-23.0,-1.3046020042687208e-6,5.223740858806027e-8
-22.99,-1.3070822194246396e-6,5.234949296061944e-8
-22.98,-1.3095675426239218e-6,5.246182446580656e-8
-22.97,-1.3120579845392736e-6,5.257440360741006e-8
-22.96,-1.3145535558633892e-6,5.268723089009733e-8
-22.95,-1.3170542673083948e-6,5.28003068187951e-8
-22.94,-1.3195601296066149e-6,5.291363189943283e-8
-22.93,-1.3220711535100854e-6,5.302720663817588e-8
-22.92,-1.3245873497907332e-6,5.314103154200219e-8
-22.91,-1.3271087292405438e-6,5.325510711878519e-8
-22.9,-1.32963530267111e-6,5.336943387647323e-8
-22.89,-1.332167080914158e-6,5.348401232402354e-8
-22.88,-1.3347040748213514e-6,5.359884297087143e-8
-22.87,-1.3372462952642476e-6,5.3713926327172316e-8
-22.86,-1.3397937531343862e-6,5.3829262903346843e-8
-22.85,-1.342346459343206e-6,5.394485321093843e-8
-22.84,-1.3449044248226191e-6,5.406069776161707e-8
-22.83,-1.3474676605237298e-6,5.417679706798196e-8
-22.82,-1.3500361774184047e-6,5.4293151642978555e-8
-22.81,-1.352609986498028e-6,5.4409762000446663e-8
-22.8,-1.3551890987745128e-6,5.4526628654549835e-8
-22.79,-1.3577735252795104e-6,5.4643752120177024e-8
-22.78,-1.3603632770649143e-6,5.476113291258464e-8
-22.77,-1.3629583652025713e-6,5.487877154805527e-8
-22.76,-1.365558800784471e-6,5.499666854296556e-8
-22.75,-1.3681645949229739e-6,5.511482441467586e-8
-22.74,-1.3707757587503137e-6,5.523323968074053e-8
-22.73,-1.373392303418862e-6,5.535191485952461e-8
-22.72,-1.3760142401012992e-6,5.5470850470059875e-8
-22.71,-1.37864157999044e-6,5.5590047031693884e-8
-22.7,-1.3812743342991577e-6,5.570950506426067e-8
-22.69,-1.383912514260595e-6,5.582922508861118e-8
-22.68,-1.3865561311283566e-6,5.594920762581021e-8
-22.67,-1.3892051961757451e-6,5.60694531974588e-8
-22.66,-1.3918597206969582e-6,5.618996232588609e-8
-22.65,-1.3945197160058614e-6,5.6310735533780296e-8
-22.64,-1.3971851934366837e-6,5.643177334459633e-8
-22.63,-1.3998561643440806e-6,5.655307628199544e-8
-22.62,-1.4025326401031705e-6,5.6674644870646236e-8
-22.61,-1.4052146321088724e-6,5.679647963529233e-8
-22.6,-1.4079021517766013e-6,5.691858110136584e-8
-22.59,-1.4105952105423671e-6,5.704094979511313e-8
-22.58,-1.4132938198619058e-6,5.716358624272601e-8
-22.57,-1.4159979912119866e-6,5.728649097143996e-8
-22.56,-1.4187077360891775e-6,5.740966450882202e-8
-22.55,-1.421423066010406e-6,5.753310738288733e-8
-22.54,-1.4241439925134423e-6,5.765682012218568e-8
-22.53,-1.4268705271559387e-6,5.778080325573622e-8
-22.52,-1.42960268151592e-6,5.7905057313319767e-8
-22.51,-1.4323404671922013e-6,5.8029582824879154e-8
-22.5,-1.4350838958034806e-6,5.815438032109652e-8
-22.49,-1.4378329789893648e-6,5.8279450332809846e-8
-22.48,-1.4405877284092818e-6,5.840479339177643e-8
-22.47,-1.4433481557436177e-6,5.853041003001673e-8
-22.46,-1.4461142726928866e-6,5.865630078000528e-8
-22.45,-1.4488860909780035e-6,5.8782466174767315e-8
-22.44,-1.4516636223405525e-6,5.890890674769177e-8
-22.43,-1.4544468785422425e-6,5.903562303280525e-8
-22.42,-1.4572358713654956e-6,5.916261556440729e-8
-22.41,-1.4600306126130768e-6,5.928988487740668e-8
-22.4,-1.4628311141081225e-6,5.94174315071287e-8
-22.39,-1.4656373876943394e-6,5.9545255989199487e-8
-22.38,-1.4684494452358657e-6,5.967335886008899e-8
-22.37,-1.4712672986175122e-6,5.980174065613364e-8
-22.36,-1.4740909597439727e-6,5.993040191467391e-8
-22.35,-1.4769204405412522e-6,6.005934317294258e-8
-22.34,-1.4797557529552334e-6,6.018856496909755e-8
-22.33,-1.4825969089524881e-6,6.031806784163826e-8
-22.32,-1.485443920520063e-6,6.044785232894939e-8
-22.31,-1.4882967996656808e-6,6.057791897052522e-8
-22.3,-1.491155558417267e-6,6.070826830590237e-8
-22.29,-1.4940202088233843e-6,6.083890087516369e-8
-22.28,-1.4968907629531081e-6,6.09698172186303e-8
-22.27,-1.4997672328961077e-6,6.110101787719177e-8
-22.26,-1.5026496307624915e-6,6.12325033920147e-8
-22.25,-1.5055379686827618e-6,6.136427430463931e-8
-22.24,-1.5084322588080662e-6,6.149633115729631e-8
-22.23,-1.5113325133105108e-6,6.16286744920979e-8
-22.22,-1.5142387443817075e-6,6.176130485185734e-8
-22.21,-1.5171509642345608e-6,6.189422277959726e-8
-22.2,-1.520069185102311e-6,6.202742881886526e-8
-22.19,-1.522993419238683e-6,6.216092351346655e-8
-22.18,-1.5259236789181712e-6,6.229470740748845e-8
-22.17,-1.5288599764353253e-6,6.242878104550139e-8
-22.16,-1.5318023241056094e-6,6.256314497248788e-8
-22.15,-1.5347507342648294e-6,6.269779973348562e-8
-22.14,-1.537705219269332e-6,6.283274587399907e-8
-22.13,-1.5406657914961297e-6,6.29679839399106e-8
-22.12,-1.5436324633424351e-6,6.310351447729063e-8
-22.11,-1.5466052472265106e-6,6.323933803291603e-8
-22.1,-1.5495841555866283e-6,6.337545515331964e-8
-22.09,-1.5525692008814996e-6,6.351186638567052e-8
-22.08,-1.5555603955910676e-6,6.364857227734997e-8
-22.07,-1.5585577522150628e-6,6.378557337611201e-8
-22.06,-1.5615612832740317e-6,6.39228702297742e-8
-22.05,-1.5645710013089567e-6,6.406046338667654e-8
-22.04,-1.5675869188813069e-6,6.419835339539469e-8
-22.03,-1.570609048573146e-6,6.433654080464181e-8
-22.02,-1.5736374029868821e-6,6.44750261635156e-8
-22.01,-1.5766719947455511e-6,6.461381002137595e-8
-22.0,-1.579712836492528e-6,6.47528929275163e-8
-21.99,-1.582759940891823e-6,6.489227543214617e-8
-21.98,-1.5858133206277045e-6,6.50319580849726e-8
-21.97,-1.5888729884050071e-6,6.517194143651035e-8
-21.96,-1.5919389569491832e-6,6.53122260370014e-8
-21.95,-1.5950112390057698e-6,6.545281243745556e-8
-21.94,-1.5980898473410948e-6,6.559370118871552e-8
-21.93,-1.601174794741826e-6,6.573489284182624e-8
-21.92,-1.6042660940149625e-6,6.587638794811887e-8
-21.91,-1.6073637579878738e-6,6.601818705926166e-8
-21.9,-1.6104677995085993e-6,6.616029072684134e-8
-21.89,-1.6135782314453534e-6,6.630269950284378e-8
-21.88,-1.6166950666868343e-6,6.644541393924985e-8
-21.87,-1.6198183181419967e-6,6.65884345884121e-8
-21.86,-1.6229479987405294e-6,6.673176200267112e-8
-21.85,-1.6260841214318118e-6,6.687539673451825e-8
-21.84,-1.6292266991862968e-6,6.701933933680202e-8
-21.83,-1.632375744994357e-6,6.716359036224376e-8
-21.82,-1.6355312718668905e-6,6.730815036372242e-8
-21.81,-1.63869329283491e-6,6.745301989452086e-8
-21.8,-1.6418618209499274e-6,6.759819950758309e-8
-21.79,-1.6450368692835804e-6,6.774368975648148e-8
-21.78,-1.6482184509279976e-6,6.788949119447985e-8
-21.77,-1.6514065789953121e-6,6.803560437526197e-8
-21.76,-1.6546012666182152e-6,6.818202985223818e-8
-21.75,-1.6578025269493514e-6,6.832876817907028e-8
-21.74,-1.6610103731617487e-6,6.847581990964737e-8
-21.73,-1.6642248184485485e-6,6.862318559764764e-8
-21.72,-1.6674458760231743e-6,6.8770865797133e-8
-21.71,-1.6706735591192164e-6,6.891886106167506e-8
-21.7,-1.673907880990509e-6,6.90671719456802e-8
-21.69,-1.6771488549106822e-6,6.921579900266757e-8
-21.68,-1.6803964941740005e-6,6.936474278706941e-8
-21.67,-1.6836508120943605e-6,6.951400385259399e-8
-21.66,-1.6869118220061639e-6,6.966358275353004e-8
-21.65,-1.69017953726371e-6,6.981348004375452e-8
-21.64,-1.6934539712412072e-6,6.996369627722054e-8
-21.63,-1.6967351373329831e-6,7.011423200820155e-8
-21.62,-1.7000230489538707e-6,7.026508779044543e-8
-21.61,-1.7033177195378044e-6,7.041626417810564e-8
-21.6,-1.7066191625394532e-6,7.056776172489765e-8
-21.59,-1.7099273914328917e-6,7.071958098483577e-8
-21.58,-1.7132424197128583e-6,7.087172251159844e-8
-21.57,-1.716564260893147e-6,7.102418685896268e-8
-21.56,-1.7198929285080773e-6,7.117697458065557e-8
-21.55,-1.7232284361114802e-6,7.133008623014395e-8
-21.54,-1.726570797277211e-6,7.148352236097226e-8
-21.53,-1.729920025598998e-6,7.163728352639363e-8
-21.52,-1.7332761346901974e-6,7.179137027980597e-8
-21.51,-1.7366391381841633e-6,7.194578317427853e-8
-21.5,-1.7400090497336595e-6,7.210052276285658e-8
-21.49,-1.7433858830115083e-6,7.225558959829063e-8
-21.48,-1.746769651710234e-6,7.241098423337508e-8
-21.47,-1.750160369541856e-6,7.256670722057175e-8
-21.46,-1.7535580502378817e-6,7.272275911231381e-8
-21.45,-1.7569627075499916e-6,7.287914046102425e-8
-21.44,-1.760374355248939e-6,7.303585181821386e-8
-21.43,-1.7637930071252953e-6,7.319289373608716e-8
-21.42,-1.7672186769891746e-6,7.335026676606968e-8
-21.41,-1.7706513786699072e-6,7.350797145960378e-8
-21.4,-1.7740911260168052e-6,7.36660083676792e-8
-21.39,-1.7775379328982684e-6,7.38243780414956e-8
-21.38,-1.7809918132021525e-6,7.398308103139555e-8
-21.37,-1.7844527808358253e-6,7.414211788805165e-8
-21.36,-1.7879208497258551e-6,7.43014891614187e-8
-21.35,-1.7913960338183495e-6,7.446119540137426e-8
-21.34,-1.7948783470783508e-6,7.462123715752799e-8
-21.33,-1.7983678034905534e-6,7.478161497902432e-8
-21.32,-1.8018644170587325e-6,7.494232941494409e-8
-21.31,-1.8053682018056993e-6,7.510338101360614e-8
-21.3,-1.8088791717736556e-6,7.526477032365986e-8
-21.29,-1.8123973410236868e-6,7.542649789273651e-8
-21.28,-1.8159227236361417e-6,7.558856426862259e-8
-21.27,-1.819455333710365e-6,7.575096999841233e-8
-21.26,-1.822995185364734e-6,7.591371562890178e-8
-21.25,-1.8265422927364461e-6,7.607680170654576e-8
-21.24,-1.8300966699818231e-6,7.624022877747929e-8
-21.23,-1.8336583312761478e-6,7.640399738716819e-8
-21.22,-1.8372272908132042e-6,7.656810808084028e-8
-21.21,-1.840803562805944e-6,7.673256140329784e-8
-21.2,-1.844387161485898e-6,7.689735789869906e-8
-21.19,-1.8479781011033797e-6,7.706249811097083e-8
-21.18,-1.8515763959275345e-6,7.722798258352788e-8
-21.17,-1.8551820602459315e-6,7.739381185924626e-8
-21.16,-1.8587951083647721e-6,7.75599864803807e-8
-21.15,-1.8624155546091059e-6,7.772650698889136e-8
-21.14,-1.8660434133221457e-6,7.789337392613056e-8
-21.13,-1.8696786988656663e-6,7.806058783303448e-8
-21.12,-1.873321425620162e-6,7.82281492495055e-8
-21.11,-1.8769716079841271e-6,7.839605871558125e-8
-21.1,-1.8806292603745411e-6,7.85643167702207e-8
-21.09,-1.8842943972267905e-6,7.873292395205638e-8
-21.08,-1.8879670329942788e-6,7.89018807989978e-8
-21.07,-1.891647182148869e-6,7.907118784835136e-8
-21.06,-1.8953348591802791e-6,7.924084563689047e-8
-21.05,-1.8990300785966428e-6,7.941085470062283e-8
-21.04,-1.9027328549238313e-6,7.958121557494462e-8
-21.03,-1.9064432027059286e-6,7.975192879470823e-8
-21.02,-1.9101611365046127e-6,7.992299489399286e-8
-21.01,-1.9138866709003127e-6,8.009441440592901e-8
-21.0,-1.917619820490193e-6,8.026618786347228e-8
-20.99,-1.921360599889867e-6,8.043831579848107e-8
-20.98,-1.9251090237325215e-6,8.06107987420989e-8
-20.97,-1.928865106669061e-6,8.078363722484133e-8
-20.96,-1.9326288633680207e-6,8.09568317765558e-8
-20.95,-1.93640030851533e-6,8.113038292586558e-8
-20.94,-1.9401794568145214e-6,8.130429120125516e-8
-20.93,-1.943966322986754e-6,8.147855712967663e-8
-20.92,-1.9477609217703115e-6,8.165318123802035e-8
-20.91,-1.9515632679211326e-6,8.182816405182233e-8
-20.9,-1.9553733762119415e-6,8.200350609581e-8
-20.89,-1.959191261433101e-6,8.217920789395475e-8
-20.88,-1.9630169383918894e-6,8.235526996947287e-8
-20.87,-1.9668504219129217e-6,8.253169284435358e-8
-20.86,-1.970691726837514e-6,8.270847704009066e-8
-20.85,-1.974540868024148e-6,8.288562307683996e-8
-20.84,-1.9783978603481986e-6,8.306313147410576e-8
-20.83,-1.9822627187017775e-6,8.324100275030855e-8
-20.82,-1.9861354579939247e-6,8.341923742280421e-8
-20.81,-1.990016093150037e-6,8.359783600843831e-8
-20.8,-1.9939046391126436e-6,8.377679902237723e-8
-20.79,-1.9978011108406664e-6,8.395612697890118e-8
-20.78,-2.0017055233089655e-6,8.413582039193803e-8
-20.77,-2.005617891509781e-6,8.431587977353728e-8
-20.76,-2.0095382304510433e-6,8.44963056349403e-8
-20.75,-2.0134665551569643e-6,8.46770984866184e-8
-20.74,-2.0174028806685443e-6,8.485825883738365e-8
-20.73,-2.0213472220423097e-6,8.503978719543523e-8
-20.72,-2.0252995943511315e-6,8.522168406754418e-8
-20.71,-2.0292600126837144e-6,8.540394995923383e-8
-20.7,-2.0332284921450585e-6,8.558658537545281e-8
-20.69,-2.0372050478555435e-6,8.576959081905606e-8
-20.68,-2.041189694951615e-6,8.595296679248172e-8
-20.67,-2.0451824485851894e-6,8.613671379647602e-8
-20.66,-2.0491833239239613e-6,8.632083233080149e-8
-20.65,-2.0531923361511753e-6,8.650532289375267e-8
-20.64,-2.0572095004653507e-6,8.669018598245159e-8
-20.63,-2.061234832080692e-6,8.687542209281132e-8
-20.62,-2.0652683462261926e-6,8.706103171919812e-8
-20.61,-2.0693100581465097e-6,8.724701535499267e-8
-20.6,-2.073359983101214e-6,8.743337349190192e-8
-20.59,-2.0774181363649797e-6,8.762010662034626e-8
-20.58,-2.0814845332274622e-6,8.78072152293929e-8
-20.57,-2.0855591889929142e-6,8.799469980683874e-8
-20.56,-2.0896421189809497e-6,8.818256083871094e-8
-20.55,-2.0937333385250804e-6,8.837079880999228e-8
-20.54,-2.097832862974079e-6,8.855941420384175e-8
-20.53,-2.1019407076910494e-6,8.874840750229574e-8
-20.52,-2.1060568880532775e-6,8.893777918544308e-8
-20.51,-2.1101814194527766e-6,8.912752973226282e-8
-20.5,-2.1143143172954167e-6,8.931765961998915e-8
-20.49,-2.1184555970014534e-6,8.950816932427358e-8
-20.48,-2.122605274005062e-6,8.969905931921378e-8
-20.47,-2.1267633637545665e-6,8.989033007743616e-8
-20.46,-2.130929881711858e-6,9.008198206978366e-8
-20.45,-2.135104843352825e-6,9.027401576536163e-8
-20.44,-2.1392882641670046e-6,9.046643163202721e-8
-20.43,-2.143480159657219e-6,9.065923013547087e-8
-20.42,-2.1476805453400797e-6,9.085241173982586e-8
-20.41,-2.1518894367454605e-6,9.104597690771935e-8
-20.4,-2.1561068494165536e-6,9.123992609969648e-8
-20.39,-2.160332798909615e-6,9.143425977483192e-8
-20.38,-2.1645673007936525e-6,9.162897839014379e-8
-20.37,-2.168810370651347e-6,9.182408240102315e-8
-20.36,-2.1730620240777096e-6,9.201957226082353e-8
-20.35,-2.1773222766804476e-6,9.221544842134376e-8
-20.34,-2.1815911440801395e-6,9.241171133229577e-8
-20.33,-2.1858686419097856e-6,9.260836144141988e-8
-20.32,-2.1901547858147292e-6,9.280539919467605e-8
-20.31,-2.1944495914526143e-6,9.300282503600262e-8
-20.3,-2.19875307449353e-6,9.320063940741828e-8
-20.29,-2.2030652506192383e-6,9.339884274895987e-8
-20.28,-2.2073861355236396e-6,9.359743549843793e-8
-20.27,-2.2117157449123645e-6,9.379641809205845e-8
-20.26,-2.2160540945033984e-6,9.399579096339094e-8
-20.25,-2.2204012000251633e-6,9.419555454440966e-8
-20.24,-2.2247570772184683e-6,9.439570926462141e-8
-20.23,-2.2291217418352956e-6,9.45962555517352e-8
-20.22,-2.23349520963861e-6,9.479719383099352e-8
-20.21,-2.2378774964029872e-6,9.499852452558717e-8
-20.2,-2.242268617913393e-6,9.520024805654533e-8
-20.19,-2.2466685899661845e-6,9.540236484254701e-8
-20.18,-2.2510774283682215e-6,9.560487529998871e-8
-20.17,-2.2554951489369705e-6,9.580777984319014e-8
-20.16,-2.259921767500484e-6,9.601107888394722e-8
-20.15,-2.264357299897131e-6,9.621477283191122e-8
-20.14,-2.2688017619756135e-6,9.641886209417016e-8
-20.13,-2.2732551695945157e-6,9.662334707547948e-8
-20.12,-2.2777175386226367e-6,9.68282281782061e-8
-20.11,-2.282188884938416e-6,9.703350580259788e-8
-20.1,-2.2866692244301295e-6,9.723918034571718e-8
-20.09,-2.291158572995551e-6,9.744525220260779e-8
-20.08,-2.295656946542066e-6,9.765172176603488e-8
-20.07,-2.300164360986002e-6,9.785858942566248e-8
-20.06,-2.3046808322529317e-6,9.806585556876018e-8
-20.05,-2.3092063762778375e-6,9.827352058045543e-8
-20.04,-2.3137410090041047e-6,9.848158484258599e-8
-20.03,-2.3182847463837765e-6,9.86900487345563e-8
-20.02,-2.322837604378085e-6,9.889891263323813e-8
-20.01,-2.3273995989561053e-6,9.910817691278591e-8
-20.0,-2.3319707460952144e-6,9.9317841944443e-8
-19.99,-2.33655106178142e-6,9.952790809687652e-8
-19.98,-2.3411405620082737e-6,9.973837573566474e-8
-19.97,-2.345739262777281e-6,9.99492452239257e-8
-19.96,-2.3503471800975115e-6,1.0016051692174657e-7
-19.95,-2.354964329985786e-6,1.0037219118632583e-7
-19.94,-2.3595907284662807e-6,1.0058426837182444e-7
-19.93,-2.3642263915701335e-6,1.0079674882982662e-7
-19.92,-2.3688713353358856e-6,1.0100963290851149e-7
-19.91,-2.3735255758087644e-6,1.0122292095350414e-7
-19.9,-2.3781891290405888e-6,1.0143661330689675e-7
-19.89,-2.3828620110901163e-6,1.0165071030821951e-7
-19.88,-2.3875442380222716e-6,1.0186521229358262e-7
-19.87,-2.3922358259084458e-6,1.0208011959608461e-7
-19.86,-2.396936790825642e-6,1.0229543254566943e-7
-19.85,-2.401647148857254e-6,1.0251115146895904e-7
-19.84,-2.406366916092406e-6,1.0272727668970858e-7
-19.83,-2.4110961086253775e-6,1.0294380852796771e-7
-19.82,-2.4158347425563895e-6,1.031607473010187e-7
-19.81,-2.4205828339905047e-6,1.03378093322221e-7
-19.8,-2.4253403990378454e-6,1.0359584690221393e-7
-19.79,-2.4301074538136807e-6,1.0381400834781831e-7
-19.78,-2.434884014437949e-6,1.040325779626615e-7
-19.77,-2.4396700970345966e-6,1.0425155604691708e-7
-19.76,-2.444465717732728e-6,1.0447094289709528e-7
-19.75,-2.4492708926650003e-6,1.0469073880646311e-7
-19.74,-2.4540856379682017e-6,1.0491094406453028e-7
-19.73,-2.4589099697830815e-6,1.0513155895746054e-7
-19.72,-2.463743904253505e-6,1.0535258376766576e-7
-19.71,-2.468587457527567e-6,1.0557401877373434e-7
-19.7,-2.4734406457557802e-6,1.0579586425094635e-7
-19.69,-2.4783034850922367e-6,1.060181204705705e-7
-19.68,-2.483175991693533e-6,1.06240787700364e-7
-19.67,-2.488058181719124e-6,1.0646386620418028e-7
-19.66,-2.492950071330779e-6,1.0668735624193654e-7
-19.65,-2.497851676692752e-6,1.0691125806994354e-7
-19.64,-2.502763013970934e-6,1.0713557194044274e-7
-19.63,-2.5076840993334427e-6,1.0736029810181143e-7
-19.62,-2.512614948950094e-6,1.0758543679860005e-7
-19.61,-2.517555578991651e-6,1.0781098827116882e-7
-19.6,-2.522506005630794e-6,1.080369527557264e-7
-19.59,-2.5274662450406273e-6,1.0826333048476405e-7
-19.58,-2.532436313395446e-6,1.084901216864575e-7
-19.57,-2.5374162268700323e-6,1.0871732658489811e-7
-19.56,-2.542406001639806e-6,1.0894494539982227e-7
-19.55,-2.5474056538800063e-6,1.0917297834703815e-7
-19.54,-2.552415199765924e-6,1.0940142563783079e-7
-19.53,-2.557434655472877e-6,1.0963028747932278e-7
-19.52,-2.562464037175626e-6,1.0985956407437794e-7
-19.51,-2.567503361047878e-6,1.1008925562126696e-7
-19.5,-2.57255264326299e-6,1.1031936231397325e-7
-19.49,-2.5776118999927537e-6,1.1054988434205905e-7
-19.48,-2.5826811474077724e-6,1.1078082189055995e-7
-19.47,-2.587760401677397e-6,1.1101217513978674e-7
-19.46,-2.5928496789683255e-6,1.112439442657844e-7
-19.45,-2.597948995446107e-6,1.1147612943994422e-7
-19.44,-2.6030583672735366e-6,1.1170873082874492e-7
-19.43,-2.608177810610895e-6,1.1194174859419193e-7
-19.42,-2.6133073416159487e-6,1.1217518289338898e-7
-19.41,-2.6184469764432146e-6,1.1240903387887221e-7
-19.4,-2.623596731244291e-6,1.1264330169820017e-7
-19.39,-2.628756622166853e-6,1.1287798649419935e-7
-19.38,-2.6339266653553442e-6,1.1311308840445554e-7
-19.37,-2.6391068769499896e-6,1.1334860756215742e-7
-19.36,-2.644297273086899e-6,1.1358454409487454e-7
-19.35,-2.6494978698974903e-6,1.138208981256947e-7
-19.34,-2.654708683508746e-6,1.14057669772318e-7
-19.33,-2.6599297300426873e-6,1.1429485914738357e-7
-19.32,-2.6651610256158924e-6,1.1453246635829973e-7
-19.31,-2.670402586339617e-6,1.1477049150737194e-7
-19.3,-2.675654428319416e-6,1.1500893469176888e-7
-19.29,-2.6809165676545893e-6,1.152477960029743e-7
-19.28,-2.6861890204387544e-6,1.1548707552748426e-7
-19.27,-2.6914718027581444e-6,1.1572677334618922e-7
-19.26,-2.6967649306930964e-6,1.1596688953473327e-7
-19.25,-2.7020684203161882e-6,1.1620742416310255e-7
-19.24,-2.707382287692984e-6,1.1644837729573387e-7
-19.23,-2.7127065488813364e-6,1.1668974899176653e-7
-19.22,-2.71804121993146e-6,1.1693153930424649e-7
-19.21,-2.723386316884978e-6,1.1717374828109076e-7
-19.2,-2.7287418557754702e-6,1.1741637596408127e-7
-19.19,-2.7341078526274417e-6,1.1765942238945048e-7
-19.18,-2.7394843234566755e-6,1.1790288758741201e-7
-19.17,-2.744871284269635e-6,1.1814677158250729e-7
-19.16,-2.7502687510629074e-6,1.1839107439349377e-7
-19.15,-2.7556767398236787e-6,1.1863579603265736e-7
-19.14,-2.7610952665284436e-6,1.1888093650674887e-7
-19.13,-2.7665243471436682e-6,1.1912649581635232e-7
-19.12,-2.7719639976248236e-6,1.1937247395586325e-7
-19.11,-2.7774142339163183e-6,1.1961887091347523e-7
-19.1,-2.782875071951408e-6,1.1986568667113276e-7
-19.09,-2.7883465276515623e-6,1.2011292120493688e-7
-19.08,-2.793828616926238e-6,1.203605744841055e-7
-19.07,-2.7993213556725366e-6,1.2060864647177727e-7
-19.06,-2.8048247597753e-6,1.2085713712471716e-7
-19.05,-2.810338845106086e-6,1.2110604639307436e-7
-19.04,-2.8158636275235603e-6,1.2135537422056274e-7
-19.03,-2.8213991228727753e-6,1.2160512054411061e-7
-19.02,-2.8269453469845944e-6,1.2185528529446857e-7
-19.01,-2.832502315676154e-6,1.2210586839541048e-7
-19.0,-2.838070044749948e-6,1.2235686976377537e-7
-18.99,-2.843648549993731e-6,1.2260828930993907e-7
-18.98,-2.8492378471797018e-6,1.2286012693735036e-7
-18.97,-2.854837952065262e-6,1.231123825424981e-7
-18.96,-2.8604488803913043e-6,1.2336505601508596e-7
-18.95,-2.8660706478831347e-6,1.2361814723726676e-7
-18.94,-2.871703270249118e-6,1.238716560848797e-7
-18.93,-2.877346763181058e-6,1.2412558242606022e-7
-18.92,-2.883001142353525e-6,1.2437992612212066e-7
-18.91,-2.888666423423691e-6,1.2463468702690175e-7
-18.9,-2.89434262203054e-6,1.2488986498706614e-7
-18.89,-2.9000297537951454e-6,1.2514545984173962e-7
-18.88,-2.9057278343197714e-6,1.25401471422944e-7
-18.87,-2.9114368791880064e-6,1.2565789955497128e-7
-18.86,-2.9171569039639238e-6,1.2591474405469588e-7
-18.85,-2.9228879241921217e-6,1.2617200473132643e-7
-18.84,-2.9286299553970155e-6,1.2642968138654728e-7
-18.83,-2.9343830130829113e-6,1.2668777381418498e-7
-18.82,-2.9401471127330454e-6,1.269462818003377e-7
-18.81,-2.94592226980967e-6,1.272052051232979e-7
-18.8,-2.9517084997537798e-6,1.2746454355362274e-7
-18.79,-2.957505817984063e-6,1.2772429685355055e-7
-18.78,-2.9633142398972037e-6,1.2798446477751294e-7
-18.77,-2.969133780867464e-6,1.2824504707188115e-7
-18.76,-2.974964456245643e-6,1.285060434749373e-7
-18.75,-2.9808062813594322e-6,1.287674537165507e-7
-18.74,-2.986659271512677e-6,1.2902927751836546e-7
-18.73,-2.9925234419850997e-6,1.2929151459403302e-7
-18.72,-2.9983988080317013e-6,1.2955416464838422e-7
-18.71,-3.0042853848826495e-6,1.2981722737787975e-7
-18.7,-3.010183187742518e-6,1.300807024705016e-7
-18.69,-3.0160922317903814e-6,1.303445896057981e-7
-18.68,-3.0220125321790066e-6,1.3060888845436488e-7
-18.67,-3.027944104034573e-6,1.3087359867832445e-7
-18.66,-3.0338869624560347e-6,1.3113871993084178e-7
-18.65,-3.039841122515313e-6,1.3140425185622806e-7
-18.64,-3.0458065992562034e-6,1.3167019409010274e-7
-18.63,-3.0517834076943754e-6,1.319365462585986e-7
-18.62,-3.0577715628166157e-6,1.3220330797931163e-7
-18.61,-3.0637710795809786e-6,1.3247047886032703e-7
-18.6,-3.0697819729155148e-6,1.327380585008408e-7
-18.59,-3.0758042577185494e-6,1.330060464903192e-7
-18.58,-3.0818379488579854e-6,1.3327444240960226e-7
-18.57,-3.087883061170865e-6,1.3354324582941674e-7
-18.56,-3.0939396094629816e-6,1.338124563112319e-7
-18.55,-3.1000076085082613e-6,1.3408207340712082e-7
-18.54,-3.1060870730484154e-6,1.3435209665942152e-7
-18.53,-3.112178017792641e-6,1.3462252560072193e-7
-18.52,-3.1182804574170087e-6,1.3489335975391075e-7
-18.51,-3.124394406564203e-6,1.3516459863186054e-7
-18.5,-3.1305198798425616e-6,1.354362417378645e-7
-18.49,-3.136656891826194e-6,1.3570828856486811e-7
-18.48,-3.1428054570542067e-6,1.3598073859601834e-7
-18.47,-3.148965590030337e-6,1.362535913041109e-7
-18.46,-3.1551373052224023e-6,1.365268461517363e-7
-18.45,-3.161320617061633e-6,1.3680050259128263e-7
-18.44,-3.1675155399428937e-6,1.370745600649069e-7
-18.43,-3.1737220882235636e-6,1.3734901800396574e-7
-18.42,-3.179940276222788e-6,1.376238758296993e-7
-18.41,-3.1861701182220293e-6,1.378991329522939e-7
-18.4,-3.192411628463646e-6,1.381747887713802e-7
-18.39,-3.198664821150766e-6,1.3845084267616974e-7
-18.38,-3.2049297104466523e-6,1.3872729404477496e-7
-18.37,-3.211206310474399e-6,1.3900414224423457e-7
-18.36,-3.2174946353163908e-6,1.39281386630942e-7
-18.35,-3.22379469901342e-6,1.3955902654983132e-7
-18.34,-3.2301065155646836e-6,1.3983706133505552e-7
-18.33,-3.2364300989271857e-6,1.4011549030891385e-7
-18.32,-3.242765463014688e-6,1.4039431278320904e-7
-18.31,-3.2491126216979406e-6,1.4067352805777944e-7
-18.3,-3.2554715888035665e-6,1.4095313542116142e-7
-18.29,-3.261842378113756e-6,1.4123313415016567e-7
-18.28,-3.2682250033660216e-6,1.4151352351003895e-7
-18.27,-3.2746194782520754e-6,1.4179430275425374e-7
-18.26,-3.28102581641771e-6,1.4207547112454812e-7
-18.25,-3.2874440314620978e-6,1.4235702785057987e-7
-18.24,-3.293874136937283e-6,1.426389721502094e-7
-18.23,-3.3003161463476912e-6,1.429213032289387e-7
-18.22,-3.306770073149458e-6,1.4320402028043073e-7
-18.21,-3.313235930749841e-6,1.4348712248577735e-7
-18.2,-3.3197137325068006e-6,1.437706090138357e-7
-18.19,-3.3262034917286924e-6,1.440544790209759e-7
-18.18,-3.332705221672613e-6,1.4433873165108843e-7
-18.17,-3.3392189355452994e-6,1.446233660355662e-7
-18.16,-3.3457446465015426e-6,1.449083812927866e-7
-18.15,-3.3522823676438134e-6,1.451937765285394e-7
-18.14,-3.358832112022209e-6,1.45479550835754e-7
-18.13,-3.365393892632753e-6,1.457657032939629e-7
-18.12,-3.371967722418041e-6,1.4605223297049119e-7
-18.11,-3.378553614265758e-6,1.4633913891849439e-7
-18.1,-3.385151581008418e-6,1.4662642017853596e-7
-18.09,-3.3917616354230503e-6,1.4691407577743997e-7
-18.08,-3.3983837902298697e-6,1.4720210472878061e-7
-18.07,-3.405018058092106e-6,1.4749050603258625e-7
-18.06,-3.411664451615681e-6,1.4777927867508642e-7
-18.05,-3.418322983348025e-6,1.480684216288888e-7
-18.04,-3.424993665777606e-6,1.4835793385272973e-7
-18.03,-3.4316765113335808e-6,1.486478142913487e-7
-18.02,-3.4383715323847444e-6,1.4893806187553927e-7
-18.01,-3.445078741239253e-6,1.492286755218626e-7
-18.0,-3.4517981501438702e-6,1.4951965413273554e-7
-17.99,-3.458529771283279e-6,1.498109965961911e-7
-17.98,-3.465273616779158e-6,1.5010270178583477e-7
-17.97,-3.472029698690374e-6,1.503947685606677e-7
-17.96,-3.4787980290111973e-6,1.5068719576522108e-7
-17.95,-3.485578619671581e-6,1.5097998222893708e-7
-17.94,-3.49237148253589e-6,1.5127312676695603e-7
-17.93,-3.499176629402566e-6,1.515666281788941e-7
-17.92,-3.5059940720033043e-6,1.5186048524965097e-7
-17.91,-3.5128238220026053e-6,1.521546967489652e-7
-17.9,-3.519665890996578e-6,1.5244926143124066e-7
-17.89,-3.5265202905126978e-6,1.5274417803539718e-7
-17.88,-3.5333870320092385e-6,1.5303944528489289e-7
-17.87,-3.54026612687404e-6,1.533350618878174e-7
-17.86,-3.5471575864240363e-6,1.5363102653641635e-7
-17.85,-3.5540614219048846e-6,1.539273379070874e-7
-17.84,-3.5609776444898104e-6,1.5422399466051912e-7
-17.83,-3.567906265279062e-6,1.545209954411119e-7
-17.82,-3.5748472952993416e-6,1.5481833887717513e-7
-17.81,-3.581800745502701e-6,1.5511602358094708e-7
-17.8,-3.5887666267660436e-6,1.5541404814828927e-7
-17.79,-3.5957449498906954e-6,1.557124111583778e-7
-17.78,-3.6027357256010132e-6,1.5601111117391306e-7
-17.77,-3.609738964544323e-6,1.5631014674106214e-7
-17.76,-3.61675467728928e-6,1.5660951638906694e-7
-17.75,-3.6237828743264383e-6,1.5690921862998906e-7
-17.74,-3.630823566066197e-6,1.5720925195935296e-7
-17.73,-3.637876762838641e-6,1.5750961485506662e-7
-17.72,-3.644942474892767e-6,1.578103057779583e-7
-17.71,-3.6520207123957157e-6,1.581113231716129e-7
-17.7,-3.6591114854318817e-6,1.5841266546167222e-7
-17.69,-3.6662148040021833e-6,1.587143310565328e-7
-17.68,-3.673330678023185e-6,1.5901631834683065e-7
-17.67,-3.6804591173265253e-6,1.593186257050098e-7
-17.66,-3.6876001316580233e-6,1.5962125148591091e-7
-17.65,-3.694753730676516e-6,1.5992419402593076e-7
-17.64,-3.701919923953698e-6,1.6022745164324705e-7
-17.63,-3.709098720973129e-6,1.6053102263799334e-7
-17.62,-3.716290131129e-6,1.6083490529135853e-7
-17.61,-3.7234941637254843e-6,1.6113909786648567e-7
-17.6,-3.7307108279762797e-6,1.614435986072583e-7
-17.59,-3.7379401330035732e-6,1.6174840573882305e-7
-17.58,-3.7451820878368542e-6,1.6205351746742507e-7
-17.57,-3.752436701412829e-6,1.6235893198033676e-7
-17.56,-3.7597039825733143e-6,1.626646474453071e-7
-17.55,-3.7669839400662264e-6,1.6297066201064527e-7
-17.54,-3.7742765825427325e-6,1.6327697380541464e-7
-17.53,-3.7815819185579167e-6,1.6358358093899145e-7
-17.52,-3.788899956569168e-6,1.638904815007803e-7
-17.51,-3.7962307049353863e-6,1.6419767356056606e-7
-17.5,-3.8035741719164e-6,1.645051551677365e-7
-17.49,-3.8109303656715596e-6,1.6481292435191754e-7
-17.48,-3.818299294259362e-6,1.6512097912210649e-7
-17.47,-3.82568096563641e-6,1.654293174669774e-7
-17.46,-3.833075387656106e-6,1.6573793735461652e-7
-17.45,-3.840482568068556e-6,1.660468367324919e-7
-17.44,-3.84790251451867e-6,1.6635601352683375e-7
-17.43,-3.855335234546438e-6,1.6666546564348655e-7
-17.42,-3.862780735584607e-6,1.6697519096662595e-7
-17.41,-3.870239024958951e-6,1.6728518735940412e-7
-17.4,-3.877710109886477e-6,1.6759545266361766e-7
-17.39,-3.885193997475511e-6,1.6790598469929525e-7
-17.38,-3.892690694723384e-6,1.682167812648867e-7
-17.37,-3.900200208516706e-6,1.6852784013703144e-7
-17.36,-3.907722545629451e-6,1.6883915907039605e-7
-17.35,-3.915257712722905e-6,1.6915073579729308e-7
-17.34,-3.922805716344064e-6,1.6946256802790445e-7
-17.33,-3.930366562924778e-6,1.6977465345019638e-7
-17.32,-3.937940258780636e-6,1.7008698972928265e-7
-17.31,-3.945526810110725e-6,1.7039957450747566e-7
-17.3,-3.953126222995505e-6,1.707124054046518e-7
-17.29,-3.960738503396603e-6,1.7102548001725063e-7
-17.28,-3.968363657155694e-6,1.713387959185416e-7
-17.27,-3.976001689993136e-6,1.7165235065878557e-7
-17.26,-3.983652607507423e-6,1.7196614176453983e-7
-17.25,-3.991316415173816e-6,1.7228016673887528e-7
-17.24,-3.998993118343444e-6,1.725944230607839e-7
-17.23,-4.006682722242091e-6,1.7290890818557943e-7
-17.22,-4.01438523196966e-6,1.732236195444317e-7
-17.21,-4.022100652498598e-6,1.735385545442005e-7
-17.2,-4.029828988672713e-6,1.7385371056735955e-7
-17.19,-4.03757024520706e-6,1.7416908497194703e-7
-17.18,-4.045324426685619e-6,1.7448467509090503e-7
-17.17,-4.053091537561151e-6,1.7480047823269508e-7
-17.16,-4.060871582153813e-6,1.7511649168037302e-7
-17.15,-4.068664564649728e-6,1.754327126921868e-7
-17.14,-4.076470489100632e-6,1.7574913850047889e-7
-17.13,-4.084289359422104e-6,1.7606576631255998e-7
-17.12,-4.092121179392692e-6,1.763825933096778e-7
-17.11,-4.099965952652979e-6,1.766996166473181e-7
-17.1,-4.107823682704215e-6,1.7701683345497812e-7
-17.09,-4.11569437290718e-6,1.773342408358384e-7
-17.08,-4.123578026481105e-6,1.7765183586674925e-7
-17.07,-4.1314746465028994e-6,1.7796961559809598e-7
-17.06,-4.1393842359051735e-6,1.782875770533474e-7
-17.05,-4.147306797476074e-6,1.7860571722936399e-7
-17.04,-4.155242333857338e-6,1.7892403309563635e-7
-17.03,-4.1631908475433654e-6,1.792425215943783e-7
-17.02,-4.171152340880202e-6,1.7956117964080792e-7
-17.01,-4.179126816064286e-6,1.7988000412216971e-7
-17.0,-4.187114275141004e-6,1.8019899189803535e-7
-16.99,-4.1951147200041605e-6,1.8051813980013226e-7
-16.98,-4.203128152393575e-6,1.8083744463196913e-7
-16.97,-4.211154573895331e-6,1.8115690316865223e-7
-16.96,-4.219193985939485e-6,1.8147651215709878e-7
-16.95,-4.227246389799079e-6,1.817962683151183e-7
-16.94,-4.235311786589397e-6,1.8211616833218423e-7
-16.93,-4.243390177266271e-6,1.8243620886830768e-7
-16.92,-4.251481562624428e-6,1.8275638655448108e-7
-16.91,-4.259585943297091e-6,1.8307669799218782e-7
-16.9,-4.267703319754748e-6,1.8339713975353159e-7
-16.89,-4.2758336923025666e-6,1.8371770838050362e-7
-16.88,-4.283977061080819e-6,1.8403840038537968e-7
-16.87,-4.2921334260623966e-6,1.8435921225026342e-7
-16.86,-4.30030278705194e-6,1.846801404267567e-7
-16.85,-4.308485143684735e-6,1.8500118133613166e-7
-16.84,-4.316680495424995e-6,1.8532233136864886e-7
-16.83,-4.324888841564731e-6,1.856435868839436e-7
-16.82,-4.333110181222768e-6,1.8596494421025652e-7
-16.81,-4.3413445133426505e-6,1.8628639964457973e-7
-16.8,-4.349591836691888e-6,1.8660794945247825e-7
-16.79,-4.357852149860633e-6,1.8692958986781314e-7
-16.78,-4.366125451259926e-6,1.8725131709238604e-7
-16.77,-4.374411739120544e-6,1.8757312729589361e-7
-16.76,-4.38271101149195e-6,1.878950166159613e-7
-16.75,-4.391023266240365e-6,1.882169811571636e-7
-16.74,-4.399348501047703e-6,1.8853901699212966e-7
-16.73,-4.407686713409884e-6,1.8886112015971285e-7
-16.72,-4.416037900635986e-6,1.8918328666619992e-7
-16.71,-4.4244020598462675e-6,1.895055124843677e-7
-16.7,-4.432779187971089e-6,1.8982779355327037e-7
-16.69,-4.441169281749383e-6,1.9015012577846965e-7
-16.68,-4.449572337726893e-6,1.904725050314006e-7
-16.67,-4.4579883522555266e-6,1.9079492714925923e-7
-16.66,-4.46641732149121e-6,1.911173879351242e-7
-16.65,-4.474859241392318e-6,1.9143988315685586e-7
-16.64,-4.4833141077190915e-6,1.9176240854826565e-7
-16.63,-4.4917819160315104e-6,1.9208495980737523e-7
-16.62,-4.5002626616872045e-6,1.9240753259768453e-7
-16.61,-4.5087563398413714e-6,1.927301225464741e-7
-16.6,-4.5172629454443625e-6,1.9305272524575053e-7
-16.59,-4.525782473240156e-6,1.9337533625155788e-7
-16.58,-4.534314917765218e-6,1.936979510836369e-7
-16.57,-4.542860273346906e-6,1.9402056522555434e-7
-16.56,-4.551418534101532e-6,1.9434317412392844e-7
-16.55,-4.5599896939330264e-6,1.9466577318917417e-7
-16.54,-4.568573746531738e-6,1.9498835779381122e-7
-16.53,-4.5771706853725575e-6,1.9531092327380992e-7
-16.52,-4.585780503713032e-6,1.9563346492735306e-7
-16.51,-4.5944031945927655e-6,1.95955978014782e-7
-16.5,-4.603038750830275e-6,1.9627845775851795e-7
-16.49,-4.611687165023105e-6,1.9660089934281714e-7
-16.48,-4.620348429544984e-6,1.969232979137123e-7
-16.47,-4.629022536544793e-6,1.972456485781218e-7
-16.46,-4.637709477944498e-6,1.975679464042209e-7
-16.45,-4.6464092454381046e-6,1.9789018642113916e-7
-16.44,-4.655121830489521e-6,1.982123636184949e-7
-16.43,-4.663847224331045e-6,1.9853447294629757e-7
-16.42,-4.672585417961781e-6,1.9885650931472664e-7
-16.41,-4.681336402145981e-6,1.9917846759361619e-7
-16.4,-4.690100167410904e-6,1.995003426128384e-7
-16.39,-4.698876704046045e-6,1.998221291611104e-7
-16.38,-4.7076660021004056e-6,2.0014382198681952e-7
-16.37,-4.716468051381713e-6,2.004654157969201e-7
-16.36,-4.725282841453849e-6,2.0078690525695254e-7
-16.35,-4.7341103616353746e-6,2.0110828499121815e-7
-16.34,-4.7429506009986e-6,2.0142954958163982e-7
-16.33,-4.751803548366454e-6,2.01750693568447e-7
-16.32,-4.760669192311682e-6,2.0207171144912e-7
-16.31,-4.769547521154867e-6,2.0239259767883902e-7
-16.3,-4.778438522962519e-6,2.027133466695145e-7
-16.29,-4.78734218554535e-6,2.0303395279054557e-7
-16.28,-4.796258496456379e-6,2.0335441036695396e-7
-16.27,-4.805187442989384e-6,2.0367471368105588e-7
-16.26,-4.814129012176647e-6,2.0399485697052924e-7
-16.25,-4.823083190787701e-6,2.0431483442911933e-7
-16.24,-4.8320499653268475e-6,2.0463464020611633e-7
-16.23,-4.8410293220318935e-6,2.0495426840594535e-7
-16.22,-4.850021246871627e-6,2.0527371308806208e-7
-16.21,-4.8590257255446875e-6,2.0559296826655597e-7
-16.2,-4.868042743477217e-6,2.0591202791036032e-7
-16.19,-4.877072285820858e-6,2.0623088594190114e-7
-16.18,-4.886114337451305e-6,2.0654953623804023e-7
-16.17,-4.895168882965997e-6,2.068679726289654e-7
-16.16,-4.904235906682305e-6,2.0718618889831715e-7
-16.15,-4.913315392635523e-6,2.0750417878273432e-7
-16.14,-4.92240732457723e-6,2.0782193597174796e-7
-16.13,-4.931511685973103e-6,2.0813945410727412e-7
-16.12,-4.940628460000443e-6,2.084567267832633e-7
-16.11,-4.949757629547542e-6,2.0877374754586172e-7
-16.1,-4.958899177209793e-6,2.0909050989286142e-7
-16.09,-4.968053085289786e-6,2.0940700727304297e-7
-16.08,-4.9772193357934445e-6,2.0972323308670264e-7
-16.07,-4.986397910429189e-6,2.1003918068461704e-7
-16.06,-4.995588790605323e-6,2.1035484336794253e-7
-16.05,-5.004791957428362e-6,2.1067021438830177e-7
-16.04,-5.014007391700394e-6,2.1098528694691768e-7
-16.03,-5.023235073917821e-6,2.1130005419492296e-7
-16.02,-5.0324749842685946e-6,2.116145092323047e-7
-16.01,-5.041727102630079e-6,2.1192864510819324e-7
-16.0,-5.050991408568121e-6,2.1224245482060852e-7
-15.99,-5.060267881332929e-6,2.1255593131562412e-7
-15.98,-5.069556499858837e-6,2.1286906748766014e-7
-15.97,-5.078857242761027e-6,2.131818561786073e-7
-15.96,-5.088170088333793e-6,2.134942901779854e-7
-15.95,-5.097495014548274e-6,2.1380636222242957e-7
-15.94,-5.106831999050366e-6,2.141180649953048e-7
-15.93,-5.116181019158543e-6,2.1442939112682496e-7
-15.92,-5.125542051861424e-6,2.147403331927423e-7
-15.91,-5.1349150738157805e-6,2.1505088371535062e-7
-15.9,-5.144300061344303e-6,2.1536103516200451e-7
-15.89,-5.153696990433192e-6,2.156707799458347e-7
-15.88,-5.16310583672999e-6,2.1598011042431642e-7
-15.87,-5.172526575541857e-6,2.16289018899787e-7
-15.86,-5.1819591818320165e-6,2.1659749761885351e-7
-15.85,-5.191403630218803e-6,2.1690553877227352e-7
-15.84,-5.2008598949727725e-6,2.1721313449377024e-7
-15.83,-5.210327950014032e-6,2.1752027686111712e-7
-15.82,-5.219807768910649e-6,2.1782695789453385e-7
-15.81,-5.229299324875986e-6,2.181331695570893e-7
-15.8,-5.2388025907661345e-6,2.1843890375402056e-7
-15.79,-5.248317539077888e-6,2.1874415233237484e-7
-15.78,-5.257844141946272e-6,2.1904890708133427e-7
-15.77,-5.267382371142113e-6,2.1935315973066138e-7
-15.76,-5.27693219806931e-6,2.1965690195140517e-7
-15.75,-5.286493593763288e-6,2.1996012535529022e-7
-15.74,-5.296066528887608e-6,2.2026282149395452e-7
-15.73,-5.305650973732137e-6,2.2056498185924452e-7
-15.72,-5.315246898210643e-6,2.208665978822597e-7
-15.71,-5.3248542718573924e-6,2.2116766093356612e-7
-15.7,-5.334473063826054e-6,2.214681623221616e-7
-15.69,-5.344103242886347e-6,2.2176809329598693e-7
-15.68,-5.35374477742161e-6,2.220674450407987e-7
-15.67,-5.363397635426299e-6,2.2236620868027565e-7
-15.66,-5.373061784503841e-6,2.2266437527540196e-7
-15.65,-5.382737191863588e-6,2.2296193582402188e-7
-15.64,-5.392423824318408e-6,2.2325888126110698e-7
-15.63,-5.402121648282102e-6,2.2355520245755577e-7
-15.62,-5.411830629767264e-6,2.2385089022044872e-7
-15.61,-5.4215507343817045e-6,2.2414593529234215e-7
-15.6,-5.431281927326884e-6,2.2444032835081854e-7
-15.59,-5.441024173394608e-6,2.2473406000851478e-7
-15.58,-5.450777436964621e-6,2.2502712081266634e-7
-15.57,-5.4605416820017685e-6,2.2531950124413554e-7
-15.56,-5.4703168720537995e-6,2.2561119171802702e-7
-15.55,-5.480102970247821e-6,2.259021825821023e-7
-15.54,-5.48989993928889e-6,2.2619246411795448e-7
-15.53,-5.4997077414557334e-6,2.2648202653867737e-7
-15.52,-5.509526338599265e-6,2.2677085999047036e-7
-15.51,-5.519355692139487e-6,2.2705895455087753e-7
-15.5,-5.529195763062186e-6,2.273463002287735e-7
-15.49,-5.539046511917139e-6,2.2763288696416677e-7
-15.48,-5.54890789881431e-6,2.27918704627655e-7
-15.47,-5.558779883421953e-6,2.2820374301992319e-7
-15.46,-5.568662424963084e-6,2.2848799187175251e-7
-15.45,-5.578555482213101e-6,2.2877144084315572e-7
-15.44,-5.588459013496607e-6,2.290540795230897e-7
-15.43,-5.598372976685043e-6,2.293358974291634e-7
-15.42,-5.608297329193171e-6,2.296168840074212e-7
-15.41,-5.6182320279766e-6,2.2989702863139224e-7
-15.4,-5.6281770295288e-6,2.3017632060203481e-7
-15.39,-5.638132289878231e-6,2.3045474914745292e-7
-15.38,-5.648097764585051e-6,2.3073230342209393e-7
-15.37,-5.658073408738884e-6,2.3100897250689435e-7
-15.36,-5.668059176954833e-6,2.3128474540803011e-7
-15.35,-5.678055023371506e-6,2.3155961105749017e-7
-15.34,-5.688060901647668e-6,2.3183355831186675e-7
-15.33,-5.69807676495853e-6,2.321065759520308e-7
-15.32,-5.708102565993984e-6,2.3237865268334002e-7
-15.31,-5.718138256954798e-6,2.3264977713454864e-7
-15.3,-5.728183789549108e-6,2.3291993785755882e-7
-15.29,-5.738239114990378e-6,2.3318912332705248e-7
-15.28,-5.748304183993709e-6,2.334573219398529e-7
-15.27,-5.758378946773001e-6,2.3372452201506858e-7
-15.26,-5.768463353037177e-6,2.3399071179299355e-7
-15.25,-5.778557351987725e-6,2.3425587943491448e-7
-15.24,-5.788660892315716e-6,2.3452001302259728e-7
-15.23,-5.798773922197753e-6,2.3478310055817296e-7
-15.22,-5.8088963892932825e-6,2.350451299632016e-7
-15.21,-5.819028240741754e-6,2.353060890785615e-7
-15.2,-5.829169423158571e-6,2.3556596566379027e-7
-15.19,-5.8393198826324355e-6,2.3582474739720535e-7
-15.18,-5.849479564722353e-6,2.3608242187425558e-7
-15.17,-5.859648414453105e-6,2.3633897660829507e-7
-15.16,-5.869826376313456e-6,2.3659439902955856e-7
-15.15,-5.880013394252032e-6,2.3684867648450877e-7
-15.14,-5.890209411673994e-6,2.3710179623589283e-7
-15.13,-5.900414371437905e-6,2.3735374546188352e-7
-15.12,-5.910628215852408e-6,2.3760451125586275e-7
-15.11,-5.920850886672759e-6,2.378540806255129e-7
-15.1,-5.931082325097069e-6,2.381024404930207e-7
-15.09,-5.941322471763716e-6,2.3834957769404153e-7
-15.08,-5.951571266747231e-6,2.38595478977483e-7
-15.07,-5.961828649555159e-6,2.3884013100494676e-7
-15.06,-5.972094559124023e-6,2.390835203502694e-7
-15.05,-5.982368933817102e-6,2.3932563349878313e-7
-15.04,-5.9926517114194635e-6,2.395664568475538e-7
-15.03,-6.002942829135393e-6,2.3980597670392317e-7
-15.02,-6.013242223584798e-6,2.400441792860004e-7
-15.01,-6.023549830799083e-6,2.402810507211243e-7
-15.0,-6.0338655862180435e-6,2.405165770463623e-7
-14.99,-6.0441894246863705e-6,2.407507442073407e-7
-14.98,-6.054521280449547e-6,2.4098353805817184e-7
-14.97,-6.064861087150552e-6,2.412149443604118e-7
-14.96,-6.0752087778266015e-6,2.4144494878333504e-7
-14.95,-6.085564284904425e-6,2.416735369024685e-7
-14.94,-6.095927540197707e-6,2.419006942001711e-7
-14.93,-6.106298474902537e-6,2.4212640606414744e-7
-14.92,-6.1166770195944985e-6,2.423506577874217e-7
-14.91,-6.127063104224272e-6,2.4257343456778725e-7
-14.9,-6.13745665811377e-6,2.427947215073686e-7
-14.89,-6.14785760995312e-6,2.430145036117008e-7
-14.88,-6.158265887796367e-6,2.432327657895901e-7
-14.87,-6.168681419057498e-6,2.434494928525837e-7
-14.86,-6.179104130507063e-6,2.4366466951411405e-7
-14.85,-6.18953394826815e-6,2.438782803895446e-7
-14.84,-6.199970797812059e-6,2.440903099947215e-7
-14.83,-6.210414603955484e-6,2.443007427463696e-7
-14.82,-6.220865290855322e-6,2.4450956296126223e-7
-14.81,-6.231322782005667e-6,2.4471675485528433e-7
-14.8,-6.2417870002334266e-6,2.449223025433173e-7
-14.79,-6.252257867694527e-6,2.4512619003886443e-7
-14.78,-6.262735305869807e-6,2.4532840125275406e-7
-14.77,-6.273219235561703e-6,2.455289199932528e-7
-14.76,-6.283709576888499e-6,2.457277299653353e-7
-14.75,-6.294206249282142e-6,2.459248147701532e-7
-14.74,-6.304709171482997e-6,2.461201579041289e-7
-14.73,-6.3152182615370055e-6,2.4631374275905196e-7
-14.72,-6.3257334367896405e-6,2.465055526210021e-7
-14.71,-6.336254613883475e-6,2.466955706699339e-7
-14.7,-6.3467817087534876e-6,2.4688377997903366e-7
-14.69,-6.357314636622629e-6,2.4707016351434436e-7
-14.68,-6.367853311997898e-6,2.472547041340048e-7
-14.67,-6.378397648666391e-6,2.47437384587931e-7
-14.66,-6.388947559690351e-6,2.4761818751650373e-7
-14.65,-6.399502957403679e-6,2.4779709545132857e-7
-14.64,-6.410063753406943e-6,2.4797409081311577e-7
-14.63,-6.420629858563804e-6,2.481491559124125e-7
-14.62,-6.431201182996161e-6,2.4832227294792376e-7
-14.61,-6.441777636080194e-6,2.4849342400690237e-7
-14.6,-6.452359126441796e-6,2.4866259106363217e-7
-14.59,-6.462945561952063e-6,2.488297559797939e-7
-14.58,-6.473536849722936e-6,2.4899490050307896e-7
-14.57,-6.484132896103502e-6,2.4915800626637985e-7
-14.56,-6.4947336066743915e-6,2.4931905478862544e-7
-14.55,-6.5053388862438955e-6,2.494780274726458e-7
-14.54,-6.515948638844209e-6,2.4963490560529144e-7
-14.53,-6.526562767725202e-6,2.497896703563303e-7
-14.52,-6.537181175351156e-6,2.4994230277887206e-7
-14.51,-6.5478037633964584e-6,2.500927838071838e-7
-14.5,-6.558430432739897e-6,2.502410942576523e-7
-14.49,-6.569061083460955e-6,2.5038721482706125e-7
-14.48,-6.579695614834658e-6,2.505311260923469e-7
-14.47,-6.590333925327694e-6,2.506728085102981e-7
-14.46,-6.600975912592791e-6,2.508122424160085e-7
-14.45,-6.611621473464615e-6,2.5094940802335733e-7
-14.44,-6.622270503955154e-6,2.510842854236488e-7
-14.43,-6.632922899248193e-6,2.512168545851301e-7
-14.42,-6.64357855369602e-6,2.513470953523876e-7
-14.41,-6.6542373608130895e-6,2.514749874457495e-7
-14.4,-6.664899213272067e-6,2.5160051046071435e-7
-14.39,-6.67556400289914e-6,2.517236438667028e-7
-14.38,-6.686231620668664e-6,2.5184436700733776e-7
-14.37,-6.696901956698503e-6,2.5196265909928883e-7
-14.36,-6.7075749002453846e-6,2.520784992315737e-7
-14.35,-6.718250339699458e-6,2.521918663648439e-7
-14.34,-6.7289281625801205e-6,2.52302739330819e-7
-14.33,-6.739608255529986e-6,2.524110968319205e-7
-14.32,-6.750290504311355e-6,2.5251691744021263e-7
-14.31,-6.760974793799724e-6,2.5262017959687427e-7
-14.3,-6.771661007979684e-6,2.5272086161134217e-7
-14.29,-6.782349029939727e-6,2.5281894166086853e-7
-14.28,-6.793038741866732e-6,2.529143977899057e-7
-14.27,-6.803730025041447e-6,2.5300720790900473e-7
-14.26,-6.81442275983308e-6,2.530973497948501e-7
-14.25,-6.8251168256943125e-6,2.531848010884981e-7
-14.24,-6.835812101155543e-6,2.532695392957791e-7
-14.23,-6.846508463820474e-6,2.53351541785949e-7
-14.22,-6.857205790360763e-6,2.534307857913027e-7
-14.21,-6.8679039565099675e-6,2.5350724840595623e-7
-14.2,-6.8786028370593996e-6,2.535809065861009e-7
-14.19,-6.889302305852374e-6,2.5365173714838815e-7
-14.18,-6.9000022357784256e-6,2.537197167694002e-7
-14.17,-6.91070249876848e-6,2.537848219855211e-7
-14.16,-6.921402965790005e-6,2.5384702919156294e-7
-14.15,-6.932103506840008e-6,2.5390631464005954e-7
-14.14,-6.942803990940988e-6,2.5396265444091757e-7
-14.13,-6.953504286135682e-6,2.5401602456097226e-7
-14.12,-6.964204259480306e-6,2.5406640082206487e-7
-14.11,-6.974903777039995e-6,2.5411375890179386e-7
-14.1,-6.985602703883363e-6,2.5415807433144886e-7
-14.09,-6.9963009040759875e-6,2.5419932249634645e-7
-14.08,-7.006998240676465e-6,2.5423747863411326e-7
-14.07,-7.017694575729199e-6,2.5427251783506086e-7
-14.06,-7.0283897702594795e-6,2.5430441504058375e-7
-14.05,-7.039083684268274e-6,2.5433314504251656e-7
-14.04,-7.049776176725711e-6,2.543586824826853e-7
-14.03,-7.060467105565879e-6,2.5438100185207683e-7
-14.02,-7.071156327681193e-6,2.5440007748981434e-7
-14.01,-7.081843698915845e-6,2.544158835828248e-7
-14.0,-7.092529074061674e-6,2.5442839416453936e-7
-13.99,-7.103212306849963e-6,2.5443758311482634e-7
-13.98,-7.113893249948231e-6,2.544434241583678e-7
-13.97,-7.124571754952528e-6,2.544458908648513e-7
-13.96,-7.135247672382231e-6,2.5444495664720747e-7
-13.95,-7.145920851674002e-6,2.5444059476157275e-7
-13.94,-7.156591141175939e-6,2.5443277830632994e-7
-13.93,-7.167258388141676e-6,2.544214802212688e-7
-13.92,-7.1779224387242155e-6,2.5440667328643453e-7
-13.91,-7.188583137969749e-6,2.543883301220252e-7
-13.9,-7.199240329812761e-6,2.5436642318719896e-7
-13.89,-7.2098938570678984e-6,2.5434092477892594e-7
-13.88,-7.220543561425681e-6,2.543118070323259e-7
-13.87,-7.231189283445819e-6,2.54279041918676e-7
-13.86,-7.241830862550906e-6,2.542426012451577e-7
-13.85,-7.25246813702008e-6,2.542024566538397e-7
-13.84,-7.263100943983263e-6,2.5415857962136466e-7
-13.83,-7.273729119414552e-6,2.54110941457142e-7
-13.82,-7.284352498126501e-6,2.540595133040025e-7
-13.81,-7.294970913763231e-6,2.540042661356463e-7
-13.8,-7.30558419879414e-6,2.5394517075737654e-7
-13.79,-7.31619218450845e-6,2.538821978040078e-7
-13.78,-7.3267947010073235e-6,2.5381531774020953e-7
-13.77,-7.337391577198902e-6,2.537445008586657e-7
-13.76,-7.347982640790952e-6,2.536697172799552e-7
-13.75,-7.35856771828489e-6,2.535909369511564e-7
-13.74,-7.369146634969109e-6,2.535081296453313e-7
-13.73,-7.379719214912499e-6,2.5342126496100105e-7
-13.72,-7.390285280957908e-6,2.533303123202782e-7
-13.71,-7.40084465471556e-6,2.532352409691603e-7
-13.7,-7.411397156556378e-6,2.531360199758756e-7
-13.69,-7.421942605605733e-6,2.5303261823056073e-7
-13.68,-7.432480819736256e-6,2.529250044438569e-7
-13.67,-7.443011615561289e-6,2.528131471468934e-7
-13.66,-7.453534808428797e-6,2.526970146892499e-7
-13.65,-7.4640502124135304e-6,2.5257657523918195e-7
-13.64,-7.474557640311042e-6,2.5245179678195405e-7
-13.63,-7.4850569036310495e-6,2.523226471196432e-7
-13.62,-7.495547812589595e-6,2.5218909386954674e-7
-13.61,-7.506030176103342e-6,2.5205110446403e-7
-13.6,-7.51650380178186e-6,2.5190864614898817e-7
-13.59,-7.526968495921401e-6,2.517616859834341e-7
-13.58,-7.5374240634969786e-6,2.516101908383712e-7
-13.57,-7.5478703081566855e-6,2.514541273958713e-7
-13.56,-7.5583070322133585e-6,2.512934621484225e-7
-13.55,-7.56873403663863e-6,2.5112816139778017e-7
-13.54,-7.579151121055176e-6,2.5095819125426777e-7
-13.53,-7.589558083729955e-6,2.50783517635491e-7
-13.52,-7.59995472156678e-6,2.5060410626585934e-7
-13.51,-7.610340830099489e-6,2.5041992267575867e-7
-13.5,-7.620716203484727e-6,2.50230932199901e-7
-13.49,-7.631080634494618e-6,2.5003709997721947e-7
-13.48,-7.641433914509238e-6,2.4983839094937184e-7
-13.47,-7.65177583350982e-6,2.4963476986053786e-7
-13.46,-7.662106180071228e-6,2.494262012554744e-7
-13.45,-7.672424741355013e-6,2.4921264947938155e-7
-13.44,-7.682731303100904e-6,2.489940786769105e-7
-13.43,-7.693025649620722e-6,2.4877045279066997e-7
-13.42,-7.70330756379027e-6,2.4854173556086956e-7
-13.41,-7.713576827042097e-6,2.483078905237568e-7
-13.4,-7.723833219357783e-6,2.480688810117791e-7
-13.39,-7.734076519260472e-6,2.478246701515574e-7
-13.38,-7.744306503807477e-6,2.4757522086330775e-7
-13.37,-7.754522948582848e-6,2.4732049585980675e-7
-13.36,-7.764725627689268e-6,2.470604576454622e-7
-13.35,-7.774914313740444e-6,2.467950685157281e-7
-13.34,-7.785088777854133e-6,2.4652429055557607e-7
-13.33,-7.79524878964325e-6,2.4624808563879817e-7
-13.32,-7.80539411720959e-6,2.45966415427139e-7
-13.31,-7.815524527134918e-6,2.4567924136895555e-7
-13.3,-7.82563978447316e-6,2.453865246984674e-7
-13.29,-7.835739652743586e-6,2.4508822643504703e-7
-13.28,-7.845823893921837e-6,2.447843073819842e-7
-13.27,-7.855892268432332e-6,2.444747281250749e-7
-13.26,-7.865944535140907e-6,2.441594490325052e-7
-13.25,-7.875980451346121e-6,2.438384302531723e-7
-13.24,-7.885999772771491e-6,2.435116317159861e-7
-13.23,-7.896002253557968e-6,2.431790131289174e-7
-13.22,-7.90598764625473e-6,2.4284053397748036e-7
-13.21,-7.915955701812278e-6,2.424961535248544e-7
-13.2,-7.925906169573634e-6,2.4214583080943124e-7
-13.19,-7.935838797266279e-6,2.417895246449803e-7
-13.18,-7.945753330994356e-6,2.4142719361912734e-7
-13.17,-7.95564951522983e-6,2.4105879609229736e-7
-13.16,-7.96552709280459e-6,2.406842901968646e-7
-13.15,-7.97538580490204e-6,2.4030363383605085e-7
-13.14,-7.985225391049224e-6,2.399167846830852e-7
-13.13,-7.995045589107637e-6,2.395237001798413e-7
-13.12,-8.004846135265321e-6,2.3912433753606507e-7
-13.11,-8.014626764028898e-6,2.3871865372817654e-7
-13.1,-8.024387208213922e-6,2.3830660549841487e-7
-13.09,-8.034127198937741e-6,2.3788814935376443e-7
-13.08,-8.043846465609942e-6,2.3746324156452378e-7
-13.07,-8.053544735924387e-6,2.370318381642495e-7
-13.06,-8.063221735850229e-6,2.365938949474534e-7
-13.05,-8.072877189623898e-6,2.3614936746916884e-7
-13.04,-8.082510819739728e-6,2.356982110443948e-7
-13.03,-8.092122346941556e-6,2.3524038074596485e-7
-13.02,-8.101711490214263e-6,2.3477583140456968e-7
-13.01,-8.11127796677489e-6,2.343045176066222e-7
-13.0,-8.120821492063238e-6,2.3382639369440138e-7
-12.99,-8.130341779734217e-6,2.3334141376362576e-7
-12.98,-8.139838541648185e-6,2.328495316635595e-7
-12.97,-8.149311487861696e-6,2.32350700995673e-7
-12.96,-8.158760326619953e-6,2.318448751118706e-7
-12.95,-8.168184764346559e-6,2.313320071141502e-7
-12.94,-8.177584505634746e-6,2.30812049853311e-7
-12.93,-8.186959253239362e-6,2.3028495592765097e-7
-12.92,-8.196308708066416e-6,2.2975067768260347e-7
-12.91,-8.20563256916452e-6,2.292091672085318e-7
-12.9,-8.214930533716565e-6,2.2866037634062945e-7
-12.89,-8.224202297029452e-6,2.2810425665724462e-7
-12.88,-8.233447552525136e-6,2.2754075947890834e-7
-12.87,-8.24266599173185e-6,2.2696983586744674e-7
-12.86,-8.251857304274596e-6,2.2639143662505655e-7
-12.85,-8.261021177865769e-6,2.2580551229224781e-7
-12.84,-8.270157298295925e-6,2.2521201314760514e-7
-12.83,-8.279265349424348e-6,2.246108892064528e-7
-12.82,-8.288345013169727e-6,2.2400209022017036e-7
-12.81,-8.29739596950076e-6,2.2338556567383223e-7
-12.8,-8.306417896426253e-6,2.2276126478649807e-7
-12.79,-8.315410469986779e-6,2.2212913650932322e-7
-12.78,-8.324373364243806e-6,2.2148912952473815e-7
-12.77,-8.333306251270528e-6,2.2084119224487923e-7
-12.76,-8.342208801142825e-6,2.201852728111967e-7
-12.75,-8.351080681929304e-6,2.1952131909237547e-7
-12.74,-8.359921559681011e-6,2.1884927868447743e-7
-12.73,-8.368731098422763e-6,2.1816909890849775e-7
-12.72,-8.377508960142663e-6,2.1748072681002642e-7
-12.71,-8.386254804782638e-6,2.16784109157804e-7
-12.7,-8.394968290228491e-6,2.1607919244257323e-7
-12.69,-8.403649072300458e-6,2.153659228765808e-7
-12.68,-8.412296804742398e-6,2.146442463910923e-7
-12.67,-8.420911139213071e-6,2.1391410863655687e-7
-12.66,-8.42949172527509e-6,2.1317545498093073e-7
-12.65,-8.438038210386059e-6,2.1242823050818034e-7
-12.64,-8.446550239887157e-6,2.1167238001794812e-7
-12.63,-8.455027456994668e-6,2.1090784802349739e-7
-12.62,-8.463469502788674e-6,2.1013457875154293e-7
-12.61,-8.471876016203253e-6,2.0935251613961348e-7
-12.6,-8.480246634016746e-6,2.0856160383670312e-7
-12.59,-8.488580990841133e-6,2.0776178520105946e-7
-12.58,-8.49687871911163e-6,2.0695300329883987e-7
-12.57,-8.50513944907721e-6,2.0613520090355918e-7
-12.56,-8.513362808789367e-6,2.0530832049443984e-7
-12.55,-8.52154842409272e-6,2.044723042555388e-7
-12.54,-8.529695918613683e-6,2.0362709407454731e-7
-12.53,-8.537804913750814e-6,2.027726315416382e-7
-12.52,-8.545875028663856e-6,2.019088579476606e-7
-12.51,-8.553905880263923e-6,2.010357142843985e-7
-12.5,-8.561897083202105e-6,2.001531412413183e-7
-12.49,-8.569848249859863e-6,1.9926107920679766e-7
-12.48,-8.577758990337701e-6,1.9835946826476287e-7
-12.47,-8.58562891244495e-6,1.974482481949306e-7
-12.46,-8.593457621689004e-6,1.9652735847115368e-7
-12.45,-8.601244721264767e-6,1.9559673825938516e-7
-12.44,-8.608989812043732e-6,1.9465632641872072e-7
-12.43,-8.616692492563247e-6,1.9370606149758777e-7
-12.42,-8.624352359016221e-6,1.9274588173420465e-7
-12.41,-8.631969005239319e-6,1.9177572505507325e-7
-12.4,-8.63954202270306e-6,1.9079552907347383e-7
-12.39,-8.64707100050071e-6,1.8980523108830699e-7
-12.38,-8.654555525336814e-6,1.888047680834935e-7
-12.37,-8.661995181516868e-6,1.877940767255127e-7
-12.36,-8.669389550935898e-6,1.8677309336378352e-7
-12.35,-8.676738213068051e-6,1.8574175402836902e-7
-12.34,-8.684040744954599e-6,1.8469999442906302e-7
-12.33,-8.691296721193765e-6,1.8364774995376415e-7
-12.32,-8.698505713928837e-6,1.8258495566850986e-7
-12.31,-8.705667292837798e-6,1.8151154631486588e-7
-12.3,-8.712781025120946e-6,1.804274563095754e-7
-12.29,-8.719846475491106e-6,1.7933261974282707e-7
-12.28,-8.726863206161245e-6,1.782269703773941e-7
-12.27,-8.73383077683379e-6,1.7711044164748566e-7
-12.26,-8.740748744688786e-6,1.7598296665720074e-7
-12.25,-8.747616664373182e-6,1.7484447817926554e-7
-12.24,-8.754434087988543e-6,1.7369490865463127e-7
-12.23,-8.761200565080645e-6,1.7253419018980995e-7
-12.22,-8.767915642626964e-6,1.7136225455722173e-7
-12.21,-8.774578865025923e-6,1.7017903319289782e-7
-12.2,-8.781189774085187e-6,1.6898445719564668e-7
-12.19,-8.787747909009749e-6,1.6777845732608283e-7
-12.18,-8.794252806390687e-6,1.6656096400456432e-7
-12.17,-8.800704000193526e-6,1.6533190731081956e-7
-12.16,-8.807101021746024e-6,1.6409121698300193e-7
-12.15,-8.813443399727091e-6,1.6283882241468484e-7
-12.14,-8.819730660154892e-6,1.6157465265587558e-7
-12.13,-8.825962326374836e-6,1.6029863641057236e-7
-12.12,-8.832137919048038e-6,1.5901070203537958e-7
-12.11,-8.838256956139167e-6,1.5771077753881308e-7
-12.1,-8.84431895290481e-6,1.5639879058026535e-7
-12.09,-8.8503234218813e-6,1.5507466846778376e-7
-12.08,-8.85626987287334e-6,1.5373833815802054e-7
-12.07,-8.862157812941381e-6,1.5238972625425625e-7
-12.06,-8.867986746389863e-6,1.510287590054223e-7
-12.05,-8.873756174755019e-6,1.4965536230479998e-7
-12.04,-8.879465596793153e-6,1.4826946168894054e-7
-12.03,-8.88511450846846e-6,1.4687098233622494e-7
-12.02,-8.89070240294011e-6,1.4545984906586673e-7
-12.01,-8.89622877055119e-6,1.440359863365194e-7
-12.0,-8.90169309881593e-6,1.4259931824524492e-7
-11.99,-8.907094872407271e-6,1.4114976852595992e-7
-11.98,-8.912433573144949e-6,1.3968726054834564e-7
-11.97,-8.917708679983313e-6,1.382117173170595e-7
-11.96,-8.92291966899828e-6,1.36723061469809e-7
-11.95,-8.928066013375527e-6,1.3522121527653127e-7
-11.94,-8.933147183398167e-6,1.3370610063839252e-7
-11.93,-8.938162646433903e-6,1.3217763908571168e-7
-11.92,-8.94311186692321e-6,1.306357517779054e-7
-11.91,-8.947994306365419e-6,1.290803595013698e-7
-11.9,-8.95280942330821e-6,1.2751138266851963e-7
-11.89,-8.957556673333397e-6,1.2592874131668402e-7
-11.88,-8.962235509044986e-6,1.2433235510682197e-7
-11.87,-8.966845380056589e-6,1.2272214332272069e-7
-11.86,-8.971385732978447e-6,1.2109802486868086e-7
-11.85,-8.97585601140524e-6,1.1945991826929126e-7
-11.84,-8.980255655902968e-6,1.1780774166803741e-7
-11.83,-8.98458410399605e-6,1.1614141282594967e-7
-11.82,-8.988840790155282e-6,1.1446084912035105e-7
-11.81,-8.993025145784011e-6,1.1276596754362903e-7
-11.8,-8.997136599206244e-6,1.1105668470222743e-7
-11.79,-9.001174575653027e-6,1.0933291681532763e-7
-11.78,-9.005138497250074e-6,1.0759457971394094e-7
-11.77,-9.009027783004433e-6,1.0584158883890297e-7
-11.76,-9.012841848792013e-6,1.0407385924056894e-7
-11.75,-9.016580107344031e-6,1.0229130557696928e-7
-11.74,-9.020241968234193e-6,1.0049384211322993e-7
-11.73,-9.023826837865861e-6,9.868138271996766e-8
-11.72,-9.027334119458892e-6,9.685384087186437e-8
-11.71,-9.030763213036342e-6,9.50111296469978e-8
-11.7,-9.034113515411293e-6,9.315316172581565e-8
-11.69,-9.037384420173814e-6,9.127984938869492e-8
-11.68,-9.040575317678129e-6,8.939110451660008e-8
-11.67,-9.043685595028962e-6,8.74868385883586e-8
-11.66,-9.046714636068076e-6,8.556696268030547e-8
-11.65,-9.049661821361272e-6,8.36313874649379e-8
-11.64,-9.0525265281855e-6,8.168002320946215e-8
-11.63,-9.05530813051498e-6,7.971277977513085e-8
-11.62,-9.058005999007674e-6,7.772956661544838e-8
-11.61,-9.060619500992583e-6,7.573029277585177e-8
-11.6,-9.063148000455859e-6,7.371486689184431e-8
-11.59,-9.065590858027492e-6,7.168319718782158e-8
-11.58,-9.06794743096754e-6,6.963519147659667e-8
-11.57,-9.070217073153262e-6,6.757075715751382e-8
-11.56,-9.072399135065103e-6,6.548980121577927e-8
-11.55,-9.074492963773577e-6,6.339223022102662e-8
-11.54,-9.076497902924818e-6,6.127795032624679e-8
-11.53,-9.078413292728259e-6,5.914686726700718e-8
-11.52,-9.080238469941647e-6,5.699888635975425e-8
-11.51,-9.081972767858876e-6,5.483391250110683e-8
-11.5,-9.08361551629463e-6,5.2651850166426945e-8
-11.49,-9.08516604157259e-6,5.045260340925339e-8
-11.48,-9.086623666510058e-6,4.8236075859111726e-8
-11.47,-9.087987710404762e-6,4.6002170721805854e-8
-11.46,-9.089257489021796e-6,4.3750790777093316e-8
-11.45,-9.090432314579076e-6,4.1481838378593666e-8
-11.44,-9.091511495733066e-6,3.9195215451699014e-8
-11.43,-9.092494337566307e-6,3.6890823493225e-8
-11.42,-9.093380141572633e-6,3.456856356991337e-8
-11.41,-9.094168205643473e-6,3.2228336317926104e-8
-11.4,-9.094857824054005e-6,2.987004194085318e-8
-11.39,-9.095448287449008e-6,2.749358020941662e-8
-11.38,-9.095938882829382e-6,2.5098850460160688e-8
-11.37,-9.096328893537678e-6,2.2685751594191854e-8
-11.36,-9.096617599244531e-6,2.0254182076647564e-8
-11.35,-9.096804275934574e-6,1.7804039934924855e-8
-11.34,-9.09688819589181e-6,1.5335222758198874e-8
-11.33,-9.09686862768694e-6,1.284762769637482e-8
-11.32,-9.096744836161631e-6,1.0341151458462332e-8
-11.31,-9.096516082415791e-6,7.815690312440764e-9
-11.3,-9.096181623792517e-6,5.271140083543004e-9
-11.29,-9.095740713864561e-6,2.7073961533399626e-9
-11.28,-9.095192602420027e-6,1.2435345933527037e-10
-11.27,-9.09453653544848e-6,-2.4780935070490677e-9
-11.26,-9.093771755125905e-6,-5.100050700348989e-9
-11.25,-9.092897499801612e-6,-7.741624523011983e-9
-11.24,-9.091913003983309e-6,-1.040292182604866e-8
-11.23,-9.090817498323299e-6,-1.3084049909245907e-8
-11.22,-9.089610209603648e-6,-1.5785116523660507e-8
-11.21,-9.088290360722787e-6,-1.8506229870971998e-8
-11.2,-9.086857170680524e-6,-2.1247498605684777e-8
-11.19,-9.085309854564102e-6,-2.400903183548478e-8
-11.18,-9.083647623533938e-6,-2.6790939121877832e-8
-11.17,-9.081869684809115e-6,-2.9593330482107888e-8
-11.16,-9.079975241652965e-6,-3.2416316388679986e-8
-11.15,-9.077963493359187e-6,-3.5260007771755566e-8
-11.14,-9.07583363523704e-6,-3.812451601913814e-8
-11.13,-9.07358485859728e-6,-4.100995297676359e-8
-11.12,-9.071216350737591e-6,-4.391643095115303e-8
-11.11,-9.068727294928467e-6,-4.6844062708746784e-8
-11.1,-9.066116870398282e-6,-4.979296147733347e-8
-11.09,-9.063384252319378e-6,-5.276324094742053e-8
-11.08,-9.060528611793638e-6,-5.575501527161573e-8
-11.07,-9.0575491158378e-6,-5.8768399067445566e-8
-11.06,-9.054444927368892e-6,-6.180350741671577e-8
-11.05,-9.051215205190376e-6,-6.48604558666786e-8
-11.04,-9.047859103977097e-6,-6.79393604310766e-8
-11.03,-9.044375774261366e-6,-7.104033759075975e-8
-11.02,-9.040764362418029e-6,-7.416350429481869e-8
-11.01,-9.037024010649793e-6,-7.73089779608077e-8
-11.0,-9.033153856973499e-6,-8.047687647551336e-8
-10.99,-9.029153035205298e-6,-8.366731819664318e-8
-10.98,-9.025020674945623e-6,-8.68804219524467e-8
-10.97,-9.020755901565639e-6,-9.011630704299773e-8
-10.96,-9.016357836192255e-6,-9.337509324081941e-8
-10.95,-9.011825595692706e-6,-9.665690079160752e-8
-10.94,-9.007158292662295e-6,-9.996185041542097e-8
-10.93,-9.002355035407538e-6,-1.0329006330606016e-7
-10.92,-8.997414927932908e-6,-1.0664166113325347e-7
-10.91,-8.992337069926288e-6,-1.1001676604237794e-7
-10.9,-8.987120556743554e-6,-1.1341550065531183e-7
-10.89,-8.981764479395485e-6,-1.1683798807169133e-7
-10.88,-8.976267924531877e-6,-1.2028435186817184e-7
-10.87,-8.970629974427771e-6,-1.237547161007205e-7
-10.86,-8.964849706968672e-6,-1.2724920530391495e-7
-10.85,-8.958926195636182e-6,-1.3076794449201693e-7
-10.84,-8.95285850949354e-6,-1.3431105915977158e-7
-10.83,-8.946645713170498e-6,-1.3787867528265942e-7
-10.82,-8.940286866849816e-6,-1.414709193176627e-7
-10.81,-8.933781026251896e-6,-1.4508791820331065e-7
-10.8,-8.927127242620528e-6,-1.4872979936110864e-7
-10.79,-8.920324562708658e-6,-1.5239669069516036e-7
-10.78,-8.913372028763596e-6,-1.5608872059316183e-7
-10.77,-8.906268678512434e-6,-1.5980601792678232e-7
-10.76,-8.899013545148075e-6,-1.6354871205221992e-7
-10.75,-8.89160565731412e-6,-1.6731693281015626e-7
-10.74,-8.884044039090767e-6,-1.7111081052699222e-7
-10.73,-8.876327709980552e-6,-1.7493047601464702e-7
-10.72,-8.868455684893116e-6,-1.7877606057158187e-7
-10.71,-8.860426974131862e-6,-1.8264769598203694e-7
-10.7,-8.852240583378246e-6,-1.865455145179551e-7
-10.69,-8.843895513678738e-6,-1.9046964893791297e-7
-10.68,-8.835390761429415e-6,-1.9442023248890542e-7
-10.67,-8.826725318361907e-6,-1.98397398904983e-7
-10.66,-8.817898171528971e-6,-2.0240128240922304e-7
-10.65,-8.808908303290018e-6,-2.0643201771294894e-7
-10.64,-8.79975469129723e-6,-2.1048974001603495e-7
-10.63,-8.790436308480505e-6,-2.1457458500809348e-7
-10.62,-8.780952123033973e-6,-2.1868668886776695e-7
-10.61,-8.771301098400505e-6,-2.2282618826325705e-7
-10.6,-8.761482193259213e-6,-2.269932203525421e-7
-10.59,-8.75149436150876e-6,-2.311879227837129e-7
-10.58,-8.741336552255813e-6,-2.3541043369483682e-7
-10.57,-8.731007709798833e-6,-2.396608917147607e-7
-10.56,-8.720506773614502e-6,-2.439394359618431e-7
-10.55,-8.709832678343563e-6,-2.4824620604610095e-7
-10.54,-8.698984353776728e-6,-2.5258134206764283e-7
-10.53,-8.687960724840373e-6,-2.5694498461717446e-7
-10.52,-8.67676071158289e-6,-2.6133727477657425e-7
-10.51,-8.665383229159545e-6,-2.657583541182548e-7
-10.5,-8.653827187819582e-6,-2.7020836470555174e-7
-10.49,-8.642091492891332e-6,-2.7468744909316784e-7
-10.48,-8.630175044768726e-6,-2.791957503256708e-7
-10.47,-8.618076738897488e-6,-2.837334119392979e-7
-10.46,-8.605795465760046e-6,-2.8830057796038897e-7
-10.45,-8.593330110862833e-6,-2.9289739290638354e-7
-10.44,-8.58067955472202e-6,-2.97524001784849e-7
-10.43,-8.567842672849464e-6,-3.021805500943708e-7
-10.42,-8.554818335738699e-6,-3.068671838229213e-7
-10.41,-8.541605408851796e-6,-3.115840494490159e-7
-10.4,-8.528202752605036e-6,-3.1633129394144806e-7
-10.39,-8.51460922235569e-6,-3.211090647578218e-7
-10.38,-8.500823668387335e-6,-3.259175098457871e-7
-10.37,-8.486844935897559e-6,-3.3075677764182994e-7
-10.36,-8.472671864983136e-6,-3.3562701707159215e-7
-10.35,-8.458303290627163e-6,-3.405283775490414e-7
-10.34,-8.44373804268544e-6,-3.4546100897608845e-7
-10.33,-8.428974945872663e-6,-3.504250617433213e-7
-10.32,-8.414012819749178e-6,-3.5542068672801867e-7
-10.31,-8.3988504787075e-6,-3.6044803529486624e-7
-10.3,-8.383486731959097e-6,-3.6550725929491835e-7
-10.29,-8.367920383520995e-6,-3.705985110656718e-7
-10.28,-8.352150232201962e-6,-3.7572194342995645e-7
-10.27,-8.336175071590359e-6,-3.808777096963698e-7
-10.26,-8.31999369004031e-6,-3.860659636572188e-7
-10.25,-8.303604870657886e-6,-3.912868595897809e-7
-10.24,-8.287007391289377e-6,-3.965405522541419e-7
-10.23,-8.270200024507497e-6,-4.018271968933236e-7
-10.22,-8.253181537598629e-6,-4.071469492326903e-7
-10.21,-8.235950692549219e-6,-4.1249996547913774e-7
-10.2,-8.218506246034247e-6,-4.17886402320024e-7
-10.19,-8.200846949402786e-6,-4.23306416923276e-7
-10.18,-8.182971548666683e-6,-4.287601669355978e-7
-10.17,-8.164878784487023e-6,-4.342478104827668e-7
-10.16,-8.146567392161305e-6,-4.397695061677253e-7
-10.15,-8.128036101611676e-6,-4.4532541307063563e-7
-10.14,-8.109283637371775e-6,-4.509156907471422e-7
-10.13,-8.090308718574556e-6,-4.565404992286737e-7
-10.12,-8.071110058939387e-6,-4.6219999902005143e-7
-10.11,-8.051686366760314e-6,-4.678943510998026e-7
-10.1,-8.032036344893638e-6,-4.736237169184466e-7
-10.09,-8.012158690745407e-6,-4.793882583970196e-7
-10.08,-7.99205209625936e-6,-4.851881379275227e-7
-10.07,-7.971715247905074e-6,-4.910235183702163e-7
-10.06,-7.951146826666396e-6,-4.968945630536668e-7
-10.05,-7.930345508027737e-6,-5.028014357724799e-7
-10.04,-7.909309961964517e-6,-5.087443007873763e-7
-10.03,-7.888038852929988e-6,-5.147233228227771e-7
-10.02,-7.866530839843232e-6,-5.207386670665942e-7
-10.01,-7.844784576079126e-6,-5.267904991678491e-7
-10.0,-7.822798709454863e-6,-5.328789852361236e-7
-9.99,-7.800571882219943e-6,-5.390042918401559e-7
-9.98,-7.778102731044062e-6,-5.451665860058435e-7
-9.97,-7.755389887005815e-6,-5.513660352156715e-7
-9.96,-7.732431975581815e-6,-5.576028074064192e-7
-9.95,-7.709227616634923e-6,-5.638770709681259e-7
-9.94,-7.6857754244042e-6,-5.701889947425223e-7
-9.93,-7.662074007492867e-6,-5.765387480210963e-7
-9.92,-7.6381219688578e-6,-5.829265005441538e-7
-9.91,-7.613917905799147e-6,-5.893524224982464e-7
-9.9,-7.589460409948787e-6,-5.958166845153393e-7
-9.89,-7.564748067260897e-6,-6.02319457670609e-7
-9.88,-7.539779457999859e-6,-6.08860913480741e-7
-9.87,-7.5145531567312545e-6,-6.154412239022404e-7
-9.86,-7.489067732310752e-6,-6.220605613294212e-7
-9.85,-7.463321747874538e-6,-6.287190985922304e-7
-9.84,-7.437313760827909e-6,-6.354170089555064e-7
-9.83,-7.411042322836881e-6,-6.421544661152768e-7
-9.82,-7.384505979817081e-6,-6.489316441982747e-7
-9.81,-7.3577032719242286e-6,-6.557487177589511e-7
-9.8,-7.330632733544582e-6,-6.626058617779755e-7
-9.79,-7.303292893285598e-6,-6.695032516594315e-7
-9.78,-7.275682273965175e-6,-6.764410632290727e-7
-9.77,-7.24779939260403e-6,-6.834194727325598e-7
-9.76,-7.219642760415232e-6,-6.904386568318255e-7
-9.75,-7.1912108827952065e-6,-6.974987926044572e-7
-9.74,-7.162502259314855e-6,-7.046000575397054e-7
-9.73,-7.133515383710673e-6,-7.117426295378275e-7
-9.72,-7.104248743875762e-6,-7.1892668690589e-7
-9.71,-7.074700821851301e-6,-7.261524083564042e-7
-9.7,-7.044870093817802e-6,-7.334199730047236e-7
-9.69,-7.014755030086838e-6,-7.407295603657097e-7
-9.68,-6.984354095092224e-6,-7.480813503520544e-7
-9.67,-6.95366574738256e-6,-7.55475523271141e-7
-9.66,-6.922688439612757e-6,-7.629122598221195e-7
-9.65,-6.891420618536142e-6,-7.703917410936764e-7
-9.64,-6.859860724996514e-6,-7.779141485609313e-7
-9.63,-6.82800719392048e-6,-7.854796640821186e-7
-9.62,-6.795858454310288e-6,-7.93088469896493e-7
-9.61,-6.763412929236011e-6,-8.007407486212113e-7
-9.6,-6.7306690358282375e-6,-8.084366832478531e-7
-9.59,-6.697625185271205e-6,-8.161764571394815e-7
-9.58,-6.6642797827959725e-6,-8.239602540280052e-7
-9.57,-6.6306312276729045e-6,-8.317882580103808e-7
-9.56,-6.596677913205719e-6,-8.39660653545978e-7
-9.55,-6.5624182267239666e-6,-8.475776254531144e-7
-9.54,-6.527850549578356e-6,-8.555393589048784e-7
-9.53,-6.492973257132127e-6,-8.635460394277135e-7
-9.52,-6.457784718757302e-6,-8.715978528957382e-7
-9.51,-6.422283297827079e-6,-8.796949855290306e-7
-9.5,-6.386467351710481e-6,-8.878376238891349e-7
-9.49,-6.350335231767538e-6,-8.960259548760088e-7
-9.48,-6.313885283342412e-6,-9.042601657238215e-7
-9.47,-6.2771158457593e-6,-9.125404439976531e-7
-9.46,-6.240025252316786e-6,-9.208669775896858e-7
-9.45,-6.202611830282315e-6,-9.29239954715341e-7
-9.44,-6.164873900888841e-6,-9.376595639092731e-7
-9.43,-6.126809779328703e-6,-9.461259940218308e-7
-9.42,-6.088417774750088e-6,-9.546394342146592e-7
-9.41,-6.049696190251804e-6,-9.632000739572198e-7
-9.4,-6.01064332288089e-6,-9.71808103021387e-7
-9.39,-5.97125746362646e-6,-9.80463711479439e-7
-9.38,-5.931536897417483e-6,-9.891670896974882e-7
-9.37,-5.891479903118973e-6,-9.979184283332555e-7
-9.36,-5.851084753528164e-6,-1.0067179183302834e-6
-9.35,-5.810349715371292e-6,-1.0155657509135093e-6
-9.34,-5.769273049301095e-6,-1.024462117586611e-6
-9.33,-5.727853009894031e-6,-1.033407210125283e-6
-9.32,-5.6860878456466854e-6,-1.042401220573829e-6
-9.31,-5.643975798974458e-6,-1.0514443412403069e-6
-9.3,-5.601515106208433e-6,-1.0605367646914482e-6
-9.29,-5.558703997593962e-6,-1.069678683748723e-6
-9.28,-5.515540697288833e-6,-1.0788702914825238e-6
-9.27,-5.472023423360894e-6,-1.0881117812079335e-6
-9.26,-5.428150387787591e-6,-1.0974033464791891e-6
-9.25,-5.38391979645397e-6,-1.1067451810851592e-6
-9.24,-5.339329849152117e-6,-1.1161374790445072e-6
-9.23,-5.2943787395799666e-6,-1.125580434599093e-6
-9.22,-5.249064655341735e-6,-1.135074242210225e-6
-9.21,-5.2033857779459465e-6,-1.1446190965528324e-6
-9.2,-5.157340282806046e-6,-1.154215192510034e-6
-9.19,-5.1109263392415564e-6,-1.1638627251674772e-6
-9.18,-5.06414211047636e-6,-1.1735618898080165e-6
-9.17,-5.016985753640775e-6,-1.183312881906758e-6
-9.16,-4.969455419771651e-6,-1.1931158971238788e-6
-9.15,-4.92154925381331e-6,-1.2029711313004627e-6
-9.14,-4.8732653946190185e-6,-1.2128787804520119e-6
-9.13,-4.824601974952663e-6,-1.2228390407619135e-6
-9.12,-4.775557121489849e-6,-1.2328521085769906e-6
-9.11,-4.7261289548195215e-6,-1.2429181804001344e-6
-9.1,-4.6763155894479315e-6,-1.2530374528850542e-6
-9.09,-4.62611513379919e-6,-1.2632101228295052e-6
-9.08,-4.575525690218496e-6,-1.273436387169314e-6
-9.07,-4.524545354975273e-6,-1.2837164429722054e-6
-9.06,-4.473172218266634e-6,-1.2940504874309993e-6
-9.05,-4.421404364219982e-6,-1.3044387178576136e-6
-9.04,-4.369239870897202e-6,-1.3148813316759006e-6
-9.03,-4.316676810298592e-6,-1.3253785264159358e-6
-9.02,-4.263713248367333e-6,-1.3359304997059371e-6
-9.01,-4.210347244993371e-6,-1.3465374492669703e-6
-9.0,-4.156576854018294e-6,-1.3571995729050397e-6
-8.99,-4.102400123240921e-6,-1.3679170685045948e-6
-8.98,-4.047815094421957e-6,-1.3786901340212182e-6
-8.97,-3.99281980328993e-6,-1.3895189674747072e-6
-8.96,-3.937412279546958e-6,-1.4004037669419215e-6
-8.95,-3.881590546874533e-6,-1.4113447305491139e-6
-8.94,-3.825352622940699e-6,-1.4223420564654152e-6
-8.93,-3.7686965194061762e-6,-1.433395942894218e-6
-8.92,-3.7116202419312206e-6,-1.4445065880664557e-6
-8.91,-3.6541217901834067e-6,-1.4556741902328221e-6
-8.9,-3.596199157844995e-6,-1.4668989476561092e-6
-8.89,-3.5378503326209597e-6,-1.4781810586031944e-6
-8.88,-3.479073296246352e-6,-1.489520721337411e-6
-8.87,-3.4198660244962445e-6,-1.5009181341099693e-6
-8.86,-3.360226487193541e-6,-1.512373495153314e-6
-8.85,-3.300152648217885e-6,-1.5238870026713384e-6
-8.84,-3.239642465515879e-6,-1.5354588548321268e-6
-8.83,-3.1786938911103575e-6,-1.5470892497593676e-6
-8.82,-3.117304871110138e-6,-1.5587783855239727e-6
-8.81,-3.0554733457211223e-6,-1.5705264601355101e-6
-8.8,-2.993197249256621e-6,-1.5823336715334462e-6
-8.79,-2.9304745101480743e-6,-1.5942002175795706e-6
-8.78,-2.867303050956902e-6,-1.6061262960473316e-6
-8.77,-2.803680788386069e-6,-1.6181121046141657e-6
-8.76,-2.7396056332916504e-6,-1.630157840852839e-6
-8.75,-2.675075490695972e-6,-1.6422637022210387e-6
-8.74,-2.6100882597997805e-6,-1.6544298860538238e-6
-8.73,-2.5446418339953338e-6,-1.6666565895534077e-6
-8.72,-2.4787341008802296e-6,-1.678944009779299e-6
-8.71,-2.4123629422701544e-6,-1.691292343640521e-6
-8.7,-2.3455262342142946e-6,-1.7037017878843648e-6
-8.69,-2.2782218470086688e-6,-1.716172539087883e-6
-8.68,-2.2104476452117917e-6,-1.728704793647737e-6
-8.67,-2.1422014876594816e-6,-1.7412987477698403e-6
-8.66,-2.0734812274799084e-6,-1.7539545974607694e-6
-8.65,-2.004284712110807e-6,-1.766672538515959e-6
-8.64,-1.9346097833142976e-6,-1.7794527665110442e-6
-8.63,-1.864454277194589e-6,-1.792295476790829e-6
-8.62,-1.793816024214611e-6,-1.8052008644593668e-6
-8.61,-1.7226928492138547e-6,-1.8181691243690648e-6
-8.6,-1.6510825714251872e-6,-1.8312004511101964e-6
-8.59,-1.5789830044939435e-6,-1.8442950390008038e-6
-8.58,-1.5063919564971168e-6,-1.8574530820752795e-6
-8.57,-1.4333072299603007e-6,-1.8706747740734758e-6
-8.56,-1.3597266218791831e-6,-1.8839603084303149e-6
-8.55,-1.2856479237381154e-6,-1.897309878264361e-6
-8.54,-1.2110689215310625e-6,-1.9107236763662965e-6
-8.53,-1.1359873957813618e-6,-1.9242018951880734e-6
-8.52,-1.0604011215636953e-6,-1.9377447268315762e-6
-8.51,-9.84307868524532e-7,-1.951352363036235e-6
-8.5,-9.077054009053437e-7,-1.9650249951685743e-6
-8.49,-8.305914775629357e-7,-1.9787628142101006e-6
-8.48,-7.529638519943058e-7,-1.9925660107447537e-6
-8.47,-6.748202723581125e-7,-2.006434774947282e-6
-8.46,-5.961584814993517e-7,-2.0203692965718232e-6
-8.45,-5.169762169726567e-7,-2.034369764938631e-6
-8.44,-4.3727121106685885e-7,-2.048436368923273e-6
-8.43,-3.5704119083017075e-7,-2.0625692969420476e-6
-8.42,-2.762838780957269e-7,-2.0767687369413757e-6
-8.41,-1.9499698950574817e-7,-2.091034876384103e-6
-8.4,-1.1317823654076126e-7,-2.1053679022367305e-6
-8.39,-3.082532554332463e-8,-2.1197680009576885e-6
-8.38,5.2064042253166345e-8,-2.134235358482542e-6
-8.37,1.3549217069692448e-7,-2.1487701602120647e-6
-8.36,2.1946136869094017e-7,-2.1633725909988096e-6
-8.35,3.0397395016239747e-7,-2.1780428351326557e-6
-8.34,3.8903223403560624e-7,-2.192781076329667e-6
-8.33,4.746385442006466e-7,-2.207587497715672e-6
-8.32,5.607952094856359e-7,-2.222462281815154e-6
-8.31,6.47504563623566e-7,-2.2374056105348244e-6
-8.3,7.347689452235657e-7,-2.252417665151721e-6
-8.29,8.225906977381872e-7,-2.2674986262979423e-6
-8.28,9.109721694319666e-7,-2.282648673947008e-6
-8.27,9.999157133484396e-7,-2.2978679873988145e-6
-8.26,1.0894236872780824e-6,-2.313156745266171e-6
-8.25,1.1794984537235714e-6,-2.3285151254589575e-6
-8.24,1.270142379867086e-6,-2.34394330517012e-6
-8.23,1.3613578375346813e-6,-2.3594414608609915e-6
-8.22,1.4531472031621358e-6,-2.3750097682454096e-6
-8.21,1.5455128577585549e-6,-2.3906484022758613e-6
-8.2,1.6384571868711441e-6,-2.4063575371264167e-6
-8.19,1.7319825805477553e-6,-2.4221373461796466e-6
-8.18,1.8260914333008304e-6,-2.43798800200893e-6
-8.17,1.9207861440680477e-6,-2.453909676363733e-6
-8.16,2.016069116175789e-6,-2.469902540154332e-6
-8.15,2.1119427572991077e-6,-2.4859667634347213e-6
-8.14,2.2084094794236555e-6,-2.5021025153876163e-6
-8.13,2.3054716988043423e-6,-2.518309964307195e-6
-8.12,2.403131835925698e-6,-2.5345892775843606e-6
-8.11,2.501392315460712e-6,-2.5509406216881773e-6
-8.1,2.6002555662294408e-6,-2.5673641621510154e-6
-8.09,2.6997240211566426e-6,-2.583860063550716e-6
-8.08,2.7998001172291997e-6,-2.600428489494706e-6
-8.07,2.900486295452126e-6,-2.6170696026018427e-6
-8.06,3.001785000806058e-6,-2.633783564486145e-6
-8.05,3.103698682201548e-6,-2.6505705357388203e-6
-8.04,3.206229792434228e-6,-2.667430675911211e-6
-8.03,3.309380788139424e-6,-2.684364143497621e-6
-8.02,3.413154129746249e-6,-2.7013710959163757e-6
-8.01,3.5175522814297337e-6,-2.718451689493392e-6
-8.0,3.6225777110638277e-6,-2.735606079442759e-6
-7.99,3.7282328901737796e-6,-2.7528344198494154e-6
-7.98,3.834520293886959e-6,-2.770136863651298e-6
-7.97,3.941442400883148e-6,-2.78751356261934e-6
-7.96,4.049001693345673e-6,-2.8049646673408872e-6
-7.95,4.157200656909496e-6,-2.82249032719862e-6
-7.94,4.266041780611236e-6,-2.8400906903538396e-6
-7.93,4.375527556836723e-6,-2.8577659037263414e-6
-7.92,4.485660481268147e-6,-2.87551611297487e-6
-7.91,4.5964430528317335e-6,-2.8933414624791214e-6
-7.9,4.707877773643591e-6,-2.9112420953188186e-6
-7.89,4.819967148954819e-6,-2.9292181532549e-6
-7.88,4.932713687097328e-6,-2.947269776708929e-6
-7.87,5.046119899427393e-6,-2.965397104744794e-6
-7.86,5.160188300269302e-6,-2.983600275047217e-6
-7.85,5.274921406858466e-6,-3.001879423900712e-6
-7.84,5.3903217392838e-6,-3.0202346861716438e-6
-7.83,5.506391820428908e-6,-3.0386661952860054e-6
-7.82,5.623134175912597e-6,-3.0571740832087193e-6
-7.81,5.740551334029993e-6,-3.075758480423154e-6
-7.8,5.85864582569186e-6,-3.0944195159099642e-6
-7.79,5.9774201843627445e-6,-3.1131573171265655e-6
-7.78,6.09687694599928e-6,-3.131972009984377e-6
-7.77,6.217018648987745e-6,-3.1508637188280315e-6
-7.76,6.337847834080975e-6,-3.1698325664152425e-6
-7.75,6.459367044333825e-6,-3.18887867389173e-6
-7.74,6.581578825038997e-6,-3.208002160772548e-6
-7.73,6.7044857236604976e-6,-3.2272031449171395e-6
-7.72,6.828090289768655e-6,-3.246481742509744e-6
-7.71,6.952395074972506e-6,-3.2658380680349792e-6
-7.7,7.077402632852103e-6,-3.2852722342557764e-6
-7.69,7.203115518890642e-6,-3.304784352190629e-6
-7.68,7.3295362904045734e-6,-3.3243745310905876e-6
-7.67,7.456667506474028e-6,-3.3440428784165716e-6
-7.66,7.584511727872205e-6,-3.363789499815728e-6
-7.65,7.713071516993954e-6,-3.383614499098043e-6
-7.64,7.842349437783058e-6,-3.4035179782119394e-6
-7.63,7.972348055660788e-6,-3.4235000372223715e-6
-7.62,8.103069937450137e-6,-3.443560774285171e-6
-7.61,8.2345176513025e-6,-3.4637002856238623e-6
-7.6,8.366693766622332e-6,-3.483918665504946e-6
-7.59,8.499600853991488e-6,-3.504216006213919e-6
-7.58,8.633241485090454e-6,-3.5245923980299086e-6
-7.57,8.767618232623553e-6,-3.5450479292013843e-6
-7.56,8.90273367023789e-6,-3.5655826859220402e-6
-7.55,9.03859037244608e-6,-3.5861967523035624e-6
-7.54,9.17519091454456e-6,-3.606890210352926e-6
-7.53,9.312537872534045e-6,-3.6276631399443424e-6
-7.52,9.450633823037115e-6,-3.6485156187959158e-6
-7.51,9.5894813432157e-6,-3.6694477224425096e-6
-7.5,9.729083010687904e-6,-3.690459524209954e-6
-7.49,9.869441403444169e-6,-3.7115510951890996e-6
-7.48,1.0010559099761399e-5,-3.7327225042099394e-6
-7.47,1.015243867811853e-5,-3.7539738178140005e-6
-7.46,1.0295082717107995e-5,-3.7753051002287382e-6
-7.45,1.043849379534949e-5,-3.7967164133398425e-6
-7.44,1.0582674491401909e-5,-3.8182078166653475e-6
-7.43,1.0727627383672851e-5,-3.839779367327212e-6
-7.42,1.0873355050329144e-5,-3.861431120024632e-6
-7.41,1.1019860069206088e-5,-3.883163127006324e-6
-7.4,1.1167145017715157e-5,-3.904975438043256e-6
-7.39,1.1315212472751906e-5,-3.926868100399632e-6
-7.38,1.1464065010601661e-5,-3.948841158805869e-6
-7.37,1.1613705206845567e-5,-3.9708946554307825e-6
-7.36,1.1764135636264876e-5,-3.99302862985084e-6
-7.35,1.1915358872744649e-5,-4.0152431190243254e-6
-7.34,1.2067377489177173e-5,-4.0375381572606466e-6
-7.33,1.2220194057363596e-5,-4.059913776193058e-6
-7.32,1.2373811147914187e-5,-4.082370004746899e-6
-7.31,1.252823133014969e-5,-4.104906869113251e-6
-7.3,1.2683457171999954e-5,-4.127524392717621e-6
-7.29,1.2839491239901977e-5,-4.150222596190846e-6
-7.28,1.2996336098697576e-5,-4.173001497338843e-6
-7.27,1.3153994311529662e-5,-4.195861111112681e-6
-7.26,1.3312468439738336e-5,-4.218801449579285e-6
-7.25,1.3471761042754107e-5,-4.241822521888869e-6
-7.24,1.3631874677992775e-5,-4.264924334247355e-6
-7.23,1.3792811900747865e-5,-4.288106889882632e-6
-7.22,1.3954575264081708e-5,-4.311370189015502e-6
-7.21,1.4117167318716535e-5,-4.334714228827835e-6
-7.2,1.4280590612924793e-5,-4.358139003431492e-6
-7.19,1.4444847692417192e-5,-4.3816445038365965e-6
-7.18,1.4609941100230672e-5,-4.405230717920087e-6
-7.17,1.4775873376616146e-5,-4.428897630393419e-6
-7.16,1.49426470589231e-5,-4.452645222771105e-6
-7.15,1.5110264681485379e-5,-4.476473473338405e-6
-7.14,1.5278728775505314e-5,-4.500382357118182e-6
-7.13,1.5448041868935373e-5,-4.524371845838651e-6
-7.12,1.5618206486361882e-5,-4.548441907901919e-6
-7.11,1.5789225148884814e-5,-4.572592508348831e-6
-7.1,1.5961100373997527e-5,-4.596823608826783e-6
-7.09,1.613383467546685e-5,-4.621135167556871e-6
-7.08,1.6307430563209728e-5,-4.645527139300077e-6
-7.07,1.6481890543171253e-5,-4.669999475322529e-6
-7.06,1.6657217117199453e-5,-4.694552123363668e-6
-7.05,1.6833412782921132e-5,-4.719185027600035e-6
-7.04,1.7010480033614453e-5,-4.74389812861265e-6
-7.03,1.7188421358083694e-5,-4.768691363351293e-6
-7.02,1.7367239240528594e-5,-4.793564665100866e-6
-7.01,1.754693616041703e-5,-4.81851796344579e-6
-7.0,1.772751459235364e-5,-4.8435511842360635e-6
-6.99,1.7908977005948378e-5,-4.868664249550319e-6
-6.98,1.8091325865684287e-5,-4.893857077662891e-6
-6.97,1.8274563630784977e-5,-4.91912958300541e-6
-6.96,1.845869275507783e-5,-4.944481676133787e-6
-6.95,1.864371568685997e-5,-4.969913263690432e-6
-6.94,1.882963486876183e-5,-4.9954242483686765e-6
-6.93,1.9016452737607358e-5,-5.0210145288771094e-6
-6.92,1.9204171724277753e-5,-5.046683999901948e-6
-6.91,1.9392794253569615e-5,-5.0724325520710985e-6
-6.9,1.958232274405396e-5,-5.098260071917905e-6
-6.89,1.977275960793496e-5,-5.124166441842609e-6
-6.88,1.996410725090655e-5,-5.150151540075585e-6
-6.87,2.015636807200704e-5,-5.1762152406418865e-6
-6.86,2.0349544463475127e-5,-5.202357413320616e-6
-6.85,2.0543638810601794e-5,-5.228577923609032e-6
-6.84,2.073865349158387e-5,-5.254876632684395e-6
-6.83,2.093459087737469e-5,-5.281253397365509e-6
-6.82,2.1131453331534276e-5,-5.307708070074471e-6
-6.81,2.132924321007761e-5,-5.334240498798594e-6
-6.8,2.152796286132396e-5,-5.360850527051157e-6
-6.79,2.1727614625741866e-5,-5.387537993832706e-6
-6.78,2.1928200835795884e-5,-5.414302733592319e-6
-6.77,2.2129723815790844e-5,-5.441144576187984e-6
-6.76,2.2332185881713835e-5,-5.468063346847966e-6
-6.75,2.2535589341077767e-5,-5.495058866129722e-6
-6.74,2.273993649276258e-5,-5.5221309498819734e-6
-6.73,2.2945229626853432e-5,-5.549279409203594e-6
-6.72,2.3151471024480734e-5,-5.576504050403578e-6
-6.71,2.3358662957656273e-5,-5.603804674961561e-6
-6.7,2.3566807689111767e-5,-5.631181079486095e-6
-6.69,2.3775907472131638e-5,-5.658633055675502e-6
-6.68,2.3985964550388072e-5,-5.686160390275626e-6
-6.67,2.4196981157773924e-5,-5.713762865039597e-6
-6.66,2.4408959518233704e-5,-5.741440256686769e-6
-6.65,2.4621901845594965e-5,-5.7691923368609056e-6
-6.64,2.4835810343396523e-5,-5.797018872089075e-6
-6.63,2.5050687204717003e-5,-5.824919623739638e-6
-6.62,2.5266534612001724e-5,-5.852894347980606e-6
-6.61,2.5483354736888244e-5,-5.8809427957379845e-6
-6.6,2.570114974003086e-5,-5.9090647126523405e-6
-6.59,2.5919921770923703e-5,-5.937259839037879e-6
-6.58,2.6139672967723067e-5,-5.965527909838539e-6
-6.57,2.6360405457068265e-5,-5.9938686545871585e-6
-6.56,2.6582121353900247e-5,-6.022281797360081e-6
-6.55,2.6804822761281993e-5,-6.0507670567361145e-6
-6.54,2.7028511770213314e-5,-6.079324145753155e-6
-6.53,2.7253190459449388e-5,-6.1079527718626206e-6
-6.52,2.7478860895312917e-5,-6.136652636889746e-6
-6.51,2.770552513150933e-5,-6.16542343698591e-6
-6.5,2.793318520893911e-5,-6.194264862587618e-6
-6.49,2.8161843155507703e-5,-6.223176598371119e-6
-6.48,2.8391500985935645e-5,-6.252158323208263e-6
-6.47,2.8622160701568322e-5,-6.281209710122685e-6
-6.46,2.885382429018192e-5,-6.310330426244654e-6
-6.45,2.9086493725789824e-5,-6.339520132767229e-6
-6.44,2.932017096844836e-5,-6.368778484900578e-6
-6.43,2.955485796405903e-5,-6.398105131826959e-6
-6.42,2.979055664417138e-5,-6.427499716656917e-6
-6.41,3.0027268925784587e-5,-6.4569618763821156e-6
-6.4,3.0264996711147007e-5,-6.486491241831508e-6
-6.39,3.0503741887554207e-5,-6.516087437624547e-6
-6.38,3.074350632714675e-5,-6.545750082126324e-6
-6.37,3.098429188670638e-5,-6.57547878740067e-6
-6.36,3.122610040745052e-5,-6.60527315916534e-6
-6.35,3.146893371482589e-5,-6.63513279674481e-6
-6.34,3.1712793618300766e-5,-6.665057293024655e-6
-6.33,3.1957681911155566e-5,-6.695046234404045e-6
-6.32,3.220360037027341e-5,-6.725099200750526e-6
-6.31,3.24505507559277e-5,-6.755215765352714e-6
-6.3,3.269853481156948e-5,-6.7853954948720325e-6
-6.29,3.294755426361358e-5,-6.815637949298002e-6
-6.28,3.319761082122342e-5,-6.845942681899304e-6
-6.27,3.3448706176093095e-5,-6.876309239177499e-6
-6.26,3.370084200223119e-5,-6.906737160818497e-6
-6.25,3.3954019955739366e-5,-6.937225979646611e-6
-6.24,3.420824167459418e-5,-6.9677752215749035e-6
-6.23,3.4463508778423416e-5,-6.998384405558729e-6
-6.22,3.471982286828351e-5,-7.029053043547401e-6
-6.21,3.4977185526436106e-5,-7.05978064043582e-6
-6.2,3.5235598316120475e-5,-7.09056669401668e-6
-6.19,3.5495062781327884e-5,-7.121410694931625e-6
-6.18,3.5755580446572615e-5,-7.152312126623596e-6
-6.17,3.601715281666358e-5,-7.183270465287754e-6
-6.16,3.6279781376471504e-5,-7.214285179822021e-6
-6.15,3.6543467590698514e-5,-7.2453557317794445e-6
-6.14,3.6808212903643395e-5,-7.276481575318934e-6
-6.13,3.7074018738967895e-5,-7.307662157156803e-6
-6.12,3.7340886499459505e-5,-7.338896916515916e-6
-6.11,3.760881756679498e-5,-7.370185285077639e-6
-6.1,3.787781330130178e-5,-7.4015266869332e-6
-6.09,3.814787504171666e-5,-7.432920538532257e-6
-6.08,3.841900410494622e-5,-7.464366248635358e-6
-6.07,3.8691201785823686e-5,-7.495863218263158e-6
-6.06,3.8964469356864e-5,-7.527410840646297e-6
-6.05,3.923880806802031e-5,-7.559008501177245e-6
-6.04,3.9514219146436297e-5,-7.59065557735824e-6
-6.03,3.979070379619915e-5,-7.622351438753019e-6
-6.02,4.0068263198089635e-5,-7.654095446935225e-6
-6.01,4.0346898509332864e-5,-7.68588695544004e-6
-6.0,4.06266108633456e-5,-7.717725309711476e-6
-5.99,4.090740136948333e-5,-7.749609847054298e-6
-5.98,4.1189271112787434e-5,-7.781539896582306e-6
-5.97,4.147222115372738e-5,-7.813514779168041e-6
-5.96,4.175625252794569e-5,-7.845533807392005e-6
-5.95,4.2041366245998765e-5,-7.877596285493008e-6
-5.94,4.232756329309747e-5,-7.909701509316169e-6
-5.93,4.261484462884747e-5,-7.941848766262454e-6
-5.92,4.290321118698564e-5,-7.974037335238374e-6
-5.91,4.3192663875117554e-5,-8.006266486604382e-6
-5.9,4.348320357445282e-5,-8.038535482124242e-6
-5.89,4.3774831139539155e-5,-8.070843574914495e-6
-5.88,4.406754739799529e-5,-8.103190009391706e-6
-5.87,4.4361353150241286e-5,-8.135574021222938e-6
-5.86,4.4656249169231154e-5,-8.167994837274263e-6
-5.85,4.495223620017924e-5,-8.200451675559496e-6
-5.84,4.5249314960289376e-5,-8.232943745187342e-6
-5.83,4.5547486138480955e-5,-8.26547024631369e-6
-5.82,4.584675039511399e-5,-8.298030370086004e-6
-5.81,4.614710836171261e-5,-8.330623298595398e-6
-5.8,4.644856064068826e-5,-8.363248204823112e-6
-5.79,4.675110780505996e-5,-8.395904252590481e-6
-5.78,4.705475039817582e-5,-8.428590596505664e-6
-5.77,4.7359488933430105e-5,-8.461306381914513e-6
-5.76,4.766532389398181e-5,-8.494050744847254e-6
-5.75,4.7972255732470316e-5,-8.526822811967797e-6
-5.74,4.8280284870731156e-5,-8.559621700522544e-6
-5.73,4.858941169950873e-5,-8.592446518287192e-6
-5.72,4.889963657816893e-5,-8.62529636351774e-6
-5.71,4.921095983441098e-5,-8.658170324896774e-6
-5.7,4.952338176397708e-5,-8.691067481483157e-6
-5.69,4.983690263036025e-5,-8.723986902660074e-6
-5.68,5.015152266451341e-5,-8.756927648083846e-6
-5.67,5.04672420645543e-5,-8.789888767632418e-6
-5.66,5.078406099547132e-5,-8.822869301353188e-6
-5.65,5.110197958882647e-5,-8.85586827941218e-6
-5.64,5.1420997942458805e-5,-8.888884722043045e-6
-5.63,5.174111612018485e-5,-8.92191763949575e-6
-5.62,5.2062334151499856e-5,-8.95496603198262e-6
-5.61,5.238465203127578e-5,-8.988028889631348e-6
-5.6,5.2708069719458706e-5,-9.021105192430134e-6
-5.59,5.303258714076758e-5,-9.054193910178347e-6
-5.58,5.3358204184385484e-5,-9.08729400243464e-6
-5.57,5.3684920703658336e-5,-9.120404418466196e-6
-5.56,5.401273651578439e-5,-9.153524097196999e-6
-5.55,5.4341651401507584e-5,-9.18665196715813e-6
-5.54,5.467166510480778e-5,-9.21978694643464e-6
-5.53,5.5002777332589674e-5,-9.252927942617722e-6
-5.52,5.533498775437222e-5,-9.286073852750142e-6
-5.51,5.56682960019745e-5,-9.31922356327987e-6
-5.5,5.600270166920221e-5,-9.352375950005976e-6
-5.49,5.6338204311532355e-5,-9.385529878029172e-6
-5.48,5.6674803445797035e-5,-9.41868420170162e-6
-5.47,5.701249854986547e-5,-9.451837764576614e-6
-5.46,5.735128906232596e-5,-9.484989399358238e-6
-5.45,5.769117438216551e-5,-9.518137927850948e-6
-5.44,5.803215386845005e-5,-9.551282160909467e-6
-5.43,5.837422684000046e-5,-9.584420898389333e-6
-5.42,5.8717392575071945e-5,-9.617552929097026e-6
-5.41,5.906165031102827e-5,-9.650677030739537e-6
-5.4,5.940699924401632e-5,-9.683791969875465e-6
-5.39,5.9753438528640974e-5,-9.716896501866438e-6
-5.38,6.0100967277637114e-5,-9.749989370825412e-6
-5.37,6.04495845615394e-5,-9.783069309570029e-6
-5.36,6.0799289408357764e-5,-9.81613503957191e-6
-5.35,6.115008080323968e-5,-9.849185270908781e-6
-5.34,6.150195768814465e-5,-9.882218702215964e-6
-5.33,6.185491896150811e-5,-9.915234020636314e-6
-5.32,6.220896347790916e-5,-9.948229901773936e-6
-5.31,6.256409004773565e-5,-9.981205009644348e-6
-5.3,6.292029743684765e-5,-1.0014157996627076e-5
-5.29,6.327758436624182e-5,-1.004708750341873e-5
-5.28,6.363594951171339e-5,-1.0079992158983166e-5
-5.27,6.399539150351709e-5,-1.0112870580506904e-5
-5.26,6.435590892602722e-5,-1.0145721373348848e-5
-5.25,6.471750031739839e-5,-1.0178543130996093e-5
-5.24,6.508016416922298e-5,-1.0211334435015449e-5
-5.23,6.544389892618729e-5,-1.0244093855006727e-5
-5.22,6.580870298573201e-5,-1.0276819948557393e-5
-5.21,6.617457469770314e-5,-1.0309511261195649e-5
-5.2,6.654151236401024e-5,-1.03421663263449e-5
-5.19,6.690951423827802e-5,-1.0374783665277494e-5
-5.18,6.727857852550054e-5,-1.0407361787070344e-5
-5.17,6.764870338169317e-5,-1.0439899188558662e-5
-5.16,6.801988691354258e-5,-1.047239435429192e-5
-5.15,6.839212717805873e-5,-1.050484575648804e-5
-5.14,6.876542218222333e-5,-1.0537251854990614e-5
-5.13,6.913976988263832e-5,-1.056961109722312e-5
-5.12,6.95151681851742e-5,-1.0601921918146544e-5
-5.11,6.989161494461689e-5,-1.0634182740214325e-5
-5.1,7.026910796431373e-5,-1.0666391973331049e-5
-5.09,7.06476449958192e-5,-1.0698548014807654e-5
-5.08,7.102722373853914e-5,-1.073064924931943e-5
-5.07,7.140784183937493e-5,-1.0762694048864294e-5
-5.06,7.1789496892366e-5,-1.0794680772720033e-5
-5.05,7.217218643833394e-5,-1.0826607767402472e-5
-5.04,7.255590796452134e-5,-1.0858473366625483e-5
-5.03,7.294065890423543e-5,-1.0890275891257523e-5
-5.02,7.33264366364866e-5,-1.092201364928404e-5
-5.01,7.371323848562924e-5,-1.095368493576408e-5
-5.0,7.410106172099923e-5,-1.0985288032792588e-5
-4.99,7.448990355655295e-5,-1.1016821209459779e-5
-4.98,7.487976115050533e-5,-1.104828272181225e-5
-4.97,7.52706316049654e-5,-1.1079670812813876e-5
-4.96,7.566251196557473e-5,-1.1110983712307588e-5
-4.95,7.605539922114084e-5,-1.1142219636977216e-5
-4.94,7.64492903032736e-5,-1.1173376790309563e-5
-4.93,7.68441820860207e-5,-1.1204453362558042e-5
-4.92,7.724007138549985e-5,-1.1235447530704037e-5
-4.91,7.763695495953296e-5,-1.1266357458422871e-5
-4.9,7.803482950728008e-5,-1.1297181296046005e-5
-4.89,7.843369166887082e-5,-1.1327917180525552e-5
-4.88,7.883353802503671e-5,-1.1358563235400643e-5
-4.87,7.923436509674187e-5,-1.1389117570761231e-5
-4.86,7.963616934481596e-5,-1.1419578283213973e-5
-4.85,8.003894716958282e-5,-1.1449943455849567e-5
-4.84,8.044269491049206e-5,-1.1480211158208916e-5
-4.83,8.084740884574824e-5,-1.151037944624929e-5
-4.82,8.125308519194e-5,-1.1540446362314477e-5
-4.81,8.165972010366982e-5,-1.1570409935099855e-5
-4.8,8.206730967318167e-5,-1.1600268179623847e-5
-4.79,8.24758499299911e-5,-1.1630019097195151e-5
-4.78,8.288533684051051e-5,-1.1659660675384177e-5
-4.77,8.32957663076803e-5,-1.1689190887991331e-5
-4.76,8.370713417059326e-5,-1.1718607695019758e-5
-4.75,8.411943620412298e-5,-1.1747909042645322e-5
-4.74,8.45326681185518e-5,-1.1777092863188804e-5
-4.73,8.49468255591954e-5,-1.1806157075088669e-5
-4.72,8.5361904106031e-5,-1.1835099582873932e-5
-4.71,8.577789927332294e-5,-1.1863918277136848e-5
-4.7,8.619480650924857e-5,-1.1892611034509107e-5
-4.69,8.661262119552571e-5,-1.1921175717634028e-5
-4.68,8.703133864703611e-5,-1.1949610175143946e-5
-4.67,8.745095411145351e-5,-1.1977912241635063e-5
-4.66,8.787146276886855e-5,-1.200607973764419e-5
-4.65,8.829285973141302e-5,-1.203411046962625e-5
-4.64,8.871514004288836e-5,-1.2062002229932011e-5
-4.63,8.913829867838808e-5,-1.2089752796785866e-5
-4.62,8.956233054392567e-5,-1.2117359934266009e-5
-4.61,8.998723047605873e-5,-1.2144821392283674e-5
-4.6,9.041299324151588e-5,-1.2172134906562929e-5
-4.59,9.083961353682114e-5,-1.2199298198622995e-5
-4.58,9.126708598791963e-5,-1.2226308975759145e-5
-4.57,9.169540514980564e-5,-1.2253164931025588e-5
-4.56,9.212456550614646e-5,-1.227986374321808e-5
-4.55,9.255456146890857e-5,-1.230640307685866e-5
-4.54,9.298538737798535e-5,-1.233278058217959e-5
-4.53,9.341703750082298e-5,-1.2358993895109235e-5
-4.52,9.384950603204656e-5,-1.238504063725715e-5
-4.51,9.428278709308869e-5,-1.2410918415901886e-5
-4.5,9.471687473181523e-5,-1.2436624823977928e-5
-4.49,9.515176292215341e-5,-1.2462157440064776e-5
-4.48,9.558744556372031e-5,-1.2487513828374933e-5
-4.47,9.602391648145062e-5,-1.251269153874464e-5
-4.46,9.64611694252251e-5,-1.2537688106624312e-5
-4.45,9.689919806950015e-5,-1.2562501053069838e-5
-4.44,9.733799601293724e-5,-1.258712788473443e-5
-4.43,9.777755677803208e-5,-1.2611566093863338e-5
-4.42,9.8217873810746e-5,-1.2635813158285442e-5
-4.41,9.865894048013639e-5,-1.2659866541409613e-5
-4.4,9.910075007798778e-5,-1.2683723692221096e-5
-4.39,9.954329581844512e-5,-1.2707382045274423e-5
-4.38,9.998657083764411e-5,-1.2730839020695207e-5
-4.37,0.0001004305681933471,-1.2754092024174825e-5
-4.36,0.00010087528086457327,-1.2777138446971467e-5
-4.35,0.0001013207017512384,-1.2799975665908913e-5
-4.34,0.00010176682367378376,-1.2822601043379015e-5
-4.33,0.00010221363937281738,-1.2845011927341074e-5
-4.32,0.00010266114150874722,-1.2867205651326374e-5
-4.31,0.00010310932266142014,-1.288917953444197e-5
-4.3,0.00010355817532975889,-1.2910930881373317e-5
-4.29,0.00010400769193140365,-1.2932456982392112e-5
-4.28,0.0001044578648023486,-1.2953755113361374e-5
-4.27,0.0001049086861965854,-1.2974822535742774e-5
-4.26,0.00010536014828574248,-1.2995656496606258e-5
-4.25,0.00010581224315872996,-1.301625422863785e-5
-4.24,0.00010626496282138218,-1.3036612950151727e-5
-4.23,0.00010671829919610201,-1.3056729865100335e-5
-4.22,0.00010717224412150739,-1.3076602163087956e-5
-4.21,0.00010762678935207725,-1.3096227019382927e-5
-4.2,0.00010808192655779996,-1.3115601594932684e-5
-4.19,0.00010853764732382163,-1.313472303638003e-5
-4.18,0.0001089939431500975,-1.3153588476078794e-5
-4.17,0.00010945080545104076,-1.3172195032112158e-5
-4.16,0.00010990822555517924,-1.3190539808310789e-5
-4.15,0.0001103661947048043,-1.3208619894273113e-5
-4.14,0.00011082470405563001,-1.3226432365386552e-5
-4.13,0.0001112837446764471,-1.3243974282849139e-5
-4.12,0.00011174330754878169,-1.3261242693692183e-5
-4.11,0.0001122033835665553,-1.327823463080638e-5
-4.1,0.00011266396353574268,-1.3294947112965366e-5
-4.09,0.00011312503817403709,-1.3311377144852788e-5
-4.08,0.00011358659811051246,-1.3327521717091012e-5
-4.07,0.00011404863388528738,-1.3343377806269695e-5
-4.06,0.00011451113594919383,-1.3358942374974684e-5
-4.05,0.00011497409466344311,-1.3374212371820107e-5
-4.04,0.00011543750029929781,-1.3389184731482507e-5
-4.03,0.00011590134303774184,-1.3403856374731484e-5
-4.02,0.00011636561296915433,-1.3418224208467128e-5
-4.01,0.00011683030009298427,-1.3432285125755403e-5
-4.0,0.00011729539431742704,-1.3446036005864617e-5
-3.99,0.00011776088545910338,-1.3459473714306096e-5
-3.98,0.00011822676324273917,-1.3472595102872255e-5
-3.97,0.00011869301730084752,-1.3485397009678437e-5
-3.96,0.00011915963717341401,-1.349787625920543e-5
-3.95,0.00011962661230758088,-1.3510029662344801e-5
-3.94,0.00012009393205733704,-1.3521854016440489e-5
-3.93,0.00012056158568320635,-1.3533346105338095e-5
-3.92,0.00012102956235194071,-1.3544502699432258e-5
-3.91,0.0001214978511362145,-1.3555320555714244e-5
-3.9,0.00012196644101431964,-1.3565796417824179e-5
-3.89,0.0001224353208698648,-1.3575927016101455e-5
-3.88,0.00012290447949147784,-1.3585709067638875e-5
-3.87,0.00012337390557250462,-1.3595139276335937e-5
-3.86,0.00012384358771071798,-1.3604214332956872e-5
-3.85,0.0001243135144080238,-1.3612930915184556e-5
-3.84,0.00012478367407017037,-1.3621285687683322e-5
-3.83,0.00012525405500646292,-1.3629275302155633e-5
-3.82,0.00012572464542947461,-1.3636896397405296e-5
-3.81,0.0001261954334547673,-1.3644145599400692e-5
-3.8,0.0001266664071006096,-1.3651019521337763e-5
-3.79,0.00012713755428769933,-1.3657514763708242e-5
-3.78,0.0001276088628388882,-1.3663627914364218e-5
-3.77,0.00012808032047891002,-1.3669355548589408e-5
-3.76,0.0001285519148341101,-1.3674694229168166e-5
-3.75,0.00012902363343217875,-1.367964050645735e-5
-3.74,0.00012949546370188655,-1.3684190918460758e-5
-3.73,0.00012996739297282346,-1.3688341990902748e-5
-3.72,0.00013043940847513877,-1.3692090237305769e-5
-3.71,0.00013091149733928666,-1.3695432159067175e-5
-3.7,0.00013138364659577302,-1.3698364245539668e-5
-3.69,0.00013185584317490495,-1.3700882974111524e-5
-3.68,0.0001323280739065443,-1.3702984810290557e-5
-3.67,0.00013280032551986362,-1.3704666207786723e-5
-3.66,0.000133272584643106,-1.3705923608599166e-5
-3.65,0.00013374483780334603,-1.3706753443103293e-5
-3.64,0.00013421707142625644,-1.3707152130139752e-5
-3.63,0.00013468927183587741,-1.3707116077104023e-5
-3.62,0.00013516142525438663,-1.3706641680041981e-5
-3.61,0.00013563351780187697,-1.3705725323739909e-5
-3.6,0.00013610553549613257,-1.3704363381821764e-5
-3.59,0.00013657746425241356,-1.37025522168473e-5
-3.58,0.00013704928988323976,-1.3700288180410015e-5
-3.57,0.00013752099809817968,-1.3697567613237673e-5
-3.56,0.00013799257450364494,-1.3694386845294618e-5
-3.55,0.00013846400460268331,-1.369074219588657e-5
-3.54,0.00013893527379478103,-1.3686629973765419e-5
-3.53,0.00013940636737566533,-1.3682046477237339e-5
-3.52,0.00013987727053711016,-1.3676987994270945e-5
-3.51,0.00014034796836674923,-1.3671450802609865e-5
-3.5,0.00014081844584788947,-1.3665431169883621e-5
-3.49,0.00014128868785932854,-1.365892535372306e-5
-3.48,0.00014175867917517898,-1.3651929601876576e-5
-3.47,0.0001422284044646932,-1.364444015232729e-5
-3.46,0.00014269784829209377,-1.3636453233414156e-5
-3.45,0.0001431669951164088,-1.3627965063951817e-5
-3.44,0.00014363582929130823,-1.3618971853355657e-5
-3.43,0.0001441043350649484,-1.3609469801764822e-5
-3.42,0.0001445724965798163,-1.3599455100172476e-5
-3.41,0.0001450402978725834,-1.358892393055073e-5
-3.4,0.00014550772287395694,-1.3577872465984098e-5
-3.39,0.0001459747554085427,-1.3566296870801881e-5
-3.38,0.0001464413791947064,-1.3554193300710592e-5
-3.37,0.00014690757784444278,-1.3541557902931975e-5
-3.36,0.00014737333486324755,-1.3528386816340846e-5
-3.35,0.00014783863364999455,-1.3514676171604586e-5
-3.34,0.0001483034574968188,-1.350042209132521e-5
-3.33,0.000148767789588999,-1.3485620690183592e-5
-3.32,0.00014923161300485211,-1.3470268075084688e-5
-3.31,0.0001496949107156259,-1.3454360345305495e-5
-3.3,0.0001501576655854007,-1.343789359264428e-5
-3.29,0.00015061986037099426,-1.3420863901572576e-5
-3.28,0.00015108147772187065,-1.3403267349388003e-5
-3.27,0.00015154250018005398,-1.3385100006370374e-5
-3.26,0.00015200291018005056,-1.336635793593837e-5
-3.25,0.00015246269004877254,-1.3347037194809696e-5
-3.24,0.00015292182200546492,-1.332713383316141e-5
-3.23,0.00015338028816164214,-1.3306643894794177e-5
-3.22,0.0001538380705210287,-1.328556341729587e-5
-3.21,0.0001542951509795015,-1.326388843221238e-5
-3.2,0.00015475151132504135,-1.3241614965211914e-5
-3.19,0.00015520713323768836,-1.321873903626103e-5
-3.18,0.00015566199828950165,-1.3195256659794563e-5
-3.17,0.00015611608794452504,-1.317116384489343e-5
-3.16,0.0001565693835587597,-1.3146456595459744e-5
-3.15,0.00015702186638014016,-1.3121130910398023e-5
-3.14,0.00015747351754851562,-1.3095182783796371e-5
-3.13,0.00015792431809564017,-1.306860820510905e-5
-3.12,0.0001583742489451629,-1.304140315934303e-5
-3.11,0.00015882329091263078,-1.3013563627244935e-5
-3.1,0.00015927142470548863,-1.298508558549174e-5
-3.09,0.00015971863092309468,-1.295596500688181e-5
-3.08,0.00016016489005673333,-1.2926197860528759e-5
-3.07,0.00016061018248963898,-1.2895780112058135e-5
-3.06,0.0001610544884970218,-1.2864707723804824e-5
-3.05,0.00016149778824610633,-1.2832976655013761e-5
-3.04,0.00016194006179616512,-1.2800582862041492e-5
-3.03,0.00016238128909856983,-1.276752229856256e-5
-3.02,0.00016282144999684193,-1.2733790915772326e-5
-3.01,0.0001632605242267086,-1.2699384662600341e-5
-3.0,0.00016369849141617058,-1.2664299485917419e-5
-2.99,0.00016413533108557002,-1.2628531330750224e-5
-2.98,0.00016457102264766954,-1.2592076140496623e-5
-2.97,0.0001650055454077343,-1.2554929857141493e-5
-2.96,0.00016543887856362125,-1.25170884214782e-5
-2.95,0.00016587100120587654,-1.2478547773327819e-5
-2.94,0.00016630189231783653,-1.2439303851765305e-5
-2.93,0.00016673153077573907,-1.2399352595343169e-5
-2.92,0.00016715989534883652,-1.2358689942320912e-5
-2.91,0.00016758696469952025,-1.2317311830894505e-5
-2.9,0.00016801271738344843,-1.2275214199429302e-5
-2.89,0.00016843713184968188,-1.2232392986694863e-5
-2.88,0.0001688601864408278,-1.2188844132100444e-5
-2.87,0.00016928185939318698,-1.214456357593555e-5
-2.86,0.00016970212883691174,-1.209954725960959e-5
-2.85,0.00017012097279616898,-1.205379112589663e-5
-2.84,0.00017053836918930895,-1.2007291119180383e-5
-2.83,0.00017095429582904465,-1.1960043185700591e-5
-2.82,0.00017136873042263297,-1.1912043273805479e-5
-2.81,0.00017178165057206914,-1.1863287334202606e-5
-2.8,0.00017219303377428367,-1.1813771320212499e-5
-2.79,0.00017260285742134798,-1.1763491188025985e-5
-2.78,0.00017301109880068873,-1.1712442896963694e-5
-2.77,0.00017341773509530606,-1.1660622409735635e-5
-2.76,0.00017382274338400368,-1.160802569270477e-5
-2.75,0.00017422610064162148,-1.1554648716153805e-5
-2.74,0.00017462778373928116,-1.1500487454550774e-5
-2.73,0.00017502776944463305,-1.1445537886819794e-5
-2.72,0.0001754260344221158,-1.1389795996613725e-5
-2.71,0.00017582255523322193,-1.133325777258786e-5
-2.7,0.0001762173083367685,-1.1275919208675925e-5
-2.69,0.00017661027008918065,-1.1217776304369169e-5
-2.68,0.00017700141674477815,-1.1158825064998651e-5
-2.67,0.00017739072445607115,-1.1099061502016514e-5
-2.66,0.00017777816927406606,-1.1038481633281656e-5
-2.65,0.0001781637271485757,-1.0977081483348674e-5
-2.64,0.00017854737392854024,-1.0914857083755728e-5
-2.63,0.0001789290853623542,-1.0851804473319042e-5
-2.62,0.00017930883709820302,-1.0787919698424421e-5
-2.61,0.00017968660468440633,-1.072319881332597e-5
-2.6,0.00018006236356977068,-1.0657637880443537e-5
-2.59,0.00018043608910394947,-1.0591232970663686e-5
-2.58,0.00018080775653781108,-1.052398016364338e-5
-2.57,0.00018117734102381566,-1.0455875548115067e-5
-2.56,0.00018154481761640097,-1.038691522219372e-5
-2.55,0.00018191016127237439,-1.031709529368746e-5
-2.54,0.00018227334685131524,-1.0246411880408987e-5
-2.53,0.0001826343491159858,-1.0174861110489156e-5
-2.52,0.00018299314273274815,-1.010243912269382e-5
-2.51,0.0001833497022719935,-1.0029142066743222e-5
-2.5,0.00018370400220857634,-9.954966103631136e-6
-2.49,0.0001840560169222595,-9.879907405948484e-6
-2.48,0.00018440572069816665,-9.803962158208206e-6
-2.47,0.00018475308772724518,-9.727126557172862e-6
-2.46,0.00018509809210673527,-9.649396812183769e-6
-2.45,0.00018544070784065055,-9.570769145492769e-6
-2.44,0.00018578090884026476,-9.49123979259545e-6
-2.43,0.00018611866892461075,-9.410805002567642e-6
-2.42,0.00018645396182098334,-9.329461038402598e-6
-2.41,0.0001867867611654577,-9.247204177352647e-6
-2.4,0.00018711704050341032,-9.16403071126945e-6
-2.39,0.00018744477329005242,-9.079936946950447e-6
-2.38,0.00018776993289097601,-8.994919206484579e-6
-2.37,0.0001880924925826977,-8.908973827600116e-6
-2.36,0.00018841242555322344,-8.822097164017678e-6
-2.35,0.00018872970490261854,-8.734285585799973e-6
-2.34,0.00018904430364358453,-8.645535479710304e-6
-2.33,0.00018935619470204798,-8.555843249566641e-6
-2.32,0.00018966535091775668,-8.465205316602872e-6
-2.31,0.00018997174504488808,-8.373618119828999e-6
-2.3,0.000190275349752663,-8.281078116394186e-6
-2.29,0.00019057613762597464,-8.187581781953995e-6
-2.28,0.00019087408116601852,-8.093125611034625e-6
-2.27,0.0001911691527909421,-7.997706117405405e-6
-2.26,0.00019146132483649394,-7.90131983444907e-6
-2.25,0.00019175056955669196,-7.803963315534002e-6
-2.24,0.00019203685912449307,-7.70563313439207e-6
-2.23,0.0001923201656324771,-7.606325885494453e-6
-2.22,0.00019260046109353975,-7.506038184432045e-6
-2.21,0.00019287771744159373,-7.404766668295965e-6
-2.2,0.00019315190653228223,-7.302507996061637e-6
-2.19,0.00019342300014369934,-7.199258848974197e-6
-2.18,0.0001936909699771227,-7.095015930935629e-6
-2.17,0.0001939557876577533,-6.9897759688938125e-6
-2.16,0.0001942174247354679,-6.883535713233678e-6
-2.15,0.00019447585268558154,-6.776291938171278e-6
-2.14,0.00019473104290961552,-6.668041442147145e-6
-2.13,0.00019498296673608147,-6.558781048224089e-6
-2.12,0.00019523159542127077,-6.448507604485083e-6
-2.11,0.00019547690015005658,-6.3372179844364135e-6
-2.1,0.00019571885203670513,-6.224909087405311e-6
-2.09,0.00019595742212569531,-6.111577838949175e-6
-2.08,0.00019619258139255333,-5.997221191257776e-6
-2.07,0.0001964243007446912,-5.881836123563582e-6
-2.06,0.0001966525510222613,-5.765419642549976e-6
-2.05,0.0001968773029990161,-5.647968782762522e-6
-2.04,0.00019709852738318125,-5.529480607023205e-6
-2.03,0.00019731619481833885,-5.409952206844157e-6
-2.02,0.0001975302758843192,-5.289380702844531e-6
-2.01,0.000197740741098104,-5.167763245168491e-6
-2.0,0.00019794756091474067,-5.045097013906108e-6
-1.99,0.00019815070572826504,-4.9213792195134385e-6
-1.98,0.00019835014587263634,-4.796607103236654e-6
-1.97,0.00019854585162268194,-4.670777937536848e-6
-1.96,0.00019873779319505108,-4.54388902651656e-6
-1.95,0.00019892594074918143,-4.415937706346878e-6
-1.94,0.000199110264388275,-4.286921345698321e-6
-1.93,0.00019929073416028427,-4.156837346170802e-6
-1.92,0.00019946732005890884,-4.025683142727379e-6
-1.91,0.00019963999202460395,-3.8934562041284255e-6
-1.9,0.00019980871994559757,-3.760154033365655e-6
-1.89,0.0001999734736589178,-3.625774168101611e-6
-1.88,0.00020013422295143583,-3.49031418110644e-6
-1.87,0.00020029093756091133,-3.3537716806995075e-6
-1.86,0.00020044358717705504,-3.216144311188419e-6
-1.85,0.00020059214144260023,-3.0774297533151676e-6
-1.84,0.00020073656995438314,-2.937625724697571e-6
-1.83,0.00020087684226443548,-2.796729980275924e-6
-1.82,0.0002010129278810878,-2.654740312760253e-6
-1.81,0.00020114479627008272,-2.5116545530772187e-6
-1.8,0.00020127241685569954,-2.3674705708209087e-6
-1.79,0.0002013957590218896,-2.2221862747024686e-6
-1.78,0.00020151479211342164,-2.0757996130022716e-6
-1.77,0.00020162948543703843,-1.9283085740241737e-6
-1.76,0.00020173980826262275,-1.7797111865467346e-6
-1.75,0.00020184572982437813,-1.630005520283429e-6
-1.74,0.00020194721932201566,-1.47918968633386e-6
-1.73,0.0002020442459219525,-1.3272618376445056e-6
-1.72,0.0002021367787585252,-1.1742201694687441e-6
-1.71,0.00020222478693520833,-1.0200629198227939e-6
-1.7,0.0002023082395258464,-8.647883699488372e-7
-1.69,0.0002023871055758974,-7.083948447768471e-7
-1.68,0.0002024613541036859,-5.508807133867557e-7
-1.67,0.00020253095410166733,-3.9224438947258664e-7
-1.66,0.0002025958745377012,-2.324843318056671e-7
-1.65,0.00020265608435633963,-7.15990447027699e-8
-1.64,0.0002027115524801223,9.041292151054116e-8
-1.63,0.00020276224781088316,2.5355297003084155e-7
-1.62,0.00020280813923106978,4.1782245710900397e-7
-1.61,0.00020284919560507287,5.832226915823477e-7
-1.6,0.00020288538578056212,7.497549344050206e-7
-1.59,0.00020291667858984193,9.174203981766325e-7
-1.58,0.00020294304285120874,1.0862202466735297e-6
-1.57,0.0002029644473703241,1.256155594375625e-6
-1.56,0.00020298086094159735,1.4272275059946695e-6
-1.55,0.00020299225234958097,1.5994369960021864e-6
-1.54,0.00020299859037037097,1.7727850281555166e-6
-1.53,0.00020299984377302564,1.9472725150248425e-6
-1.52,0.00020299598132098793,2.122900317518597e-6
-1.51,0.00020298697177352528,2.2996692444080234e-6
-1.5,0.00020297278388717394,2.4775800518531324e-6
-1.49,0.00020295338641719804,2.6566334429282394e-6
-1.48,0.00020292874811905675,2.836830067144091e-6
-1.47,0.00020289883774988747,3.018170519971406e-6
-1.46,0.00020286362406998822,3.2006553423676785e-6
-1.45,0.0002028230758443268,3.3842850202964774e-6
-1.44,0.00020277716184404434,3.569059984254236e-6
-1.43,0.00020272585084798135,3.7549806087906705e-6
-1.42,0.00020266911164420882,3.942047212032708e-6
-1.41,0.0002026069130315701,4.13026005520728e-6
-1.4,0.00020253922382123534,4.319619342163434e-6
-1.39,0.00020246601283826495,4.510125218895169e-6
-1.38,0.0002023872489231838,4.7017777730643755e-6
-1.37,0.00020230290093356534,4.8945770335230315e-6
-1.36,0.00020221293774562964,5.088522969836825e-6
-1.35,0.00020211732825584376,5.283615491807476e-6
-1.34,0.00020201604138254332,5.479854448994017e-6
-1.33,0.00020190904606755657,5.677239630241269e-6
-1.32,0.0002017963112778403,5.875770763196072e-6
-1.31,0.0002016778060071281,6.075447513837722e-6
-1.3,0.00020155349927758728,6.276269485997415e-6
-1.29,0.00020142336014148703,6.478236220885776e-6
-1.28,0.00020128735768287485,6.681347196615974e-6
-1.27,0.00020114546101926718,6.885601827728893e-6
-1.26,0.00020099763930334424,7.090999464720315e-6
-1.25,0.00020084386172466076,7.297539393565416e-6
-1.24,0.00020068409751136283,7.505220835247613e-6
-1.23,0.00020051831593191692,7.71404294528379e-6
-1.22,0.00020034648629684988,7.924004813255352e-6
-1.21,0.00020016857796049356,8.135105462333754e-6
-1.2,0.0001999845603227463,8.347343848810854e-6
-1.19,0.0001997944028308389,8.560718861632433e-6
-1.18,0.00019959807498111552,8.775229321923951e-6
-1.17,0.0001993955463208186,8.990873982528088e-6
-1.16,0.00019918678644988632,9.207651527532254e-6
-1.15,0.00019897176502276287,9.425560571807627e-6
-1.14,0.0001987504517502123,9.644599660539167e-6
-1.13,0.00019852281640114595,9.86476726876586e-6
-1.12,0.0001982888288044602,1.0086061800914407e-5
-1.11,0.0001980484588508785,1.0308481590337855e-5
-1.1,0.00019780167649480971,1.0532024898858303e-5
-1.09,0.00019754845175621168,1.0756689916302424e-5
-1.08,0.00019728875472246326,1.098247476004576e-5
-1.07,0.00019702255555025083,1.1209377474557114e-5
-1.06,0.00019674982446745622,1.1437396030939766e-5
-1.05,0.000196470531775063,1.1666528326479918e-5
-1.04,0.0001961846478490649,1.189677218419371e-5
-1.03,0.0001958921431423835,1.2128125352374978e-5
-1.02,0.00019559298818680066,1.2360585504146016e-5
-1.01,0.0001952871535948948,1.2594150237010512e-5
-1.0,0.00019497461006198763,1.2828817072406338e-5
-0.99,0.0001946553283680982,1.306458345526074e-5
-0.98,0.00019432927937990983,1.330144675354844e-5
-0.97,0.0001939964340527404,1.3539404257849982e-5
-0.96,0.00019365676343252496,1.3778453180911824e-5
-0.95,0.00019331023865780741,1.401859065720907e-5
-0.94,0.00019295683096173642,1.4259813742512218e-5
-0.93,0.00019259651167407375,1.4502119413451455e-5
-0.92,0.00019222925222321053,1.4745504567086135e-5
-0.91,0.00019185502413819082,1.4989966020474673e-5
-0.9,0.00019147379905074042,1.5235500510249119e-5
-0.89,0.00019108554869731107,1.5482104692188822e-5
-0.88,0.0001906902449211261,1.5729775140799246e-5
-0.87,0.0001902878596742392,1.5978508348889423e-5
-0.86,0.0001898783650195937,1.6228300727155832e-5
-0.85,0.000189461733133099,1.6479148603767532e-5
-0.84,0.0001890379363057081,1.6731048223949186e-5
-0.83,0.00018860694694550594,1.6983995749575405e-5
-0.82,0.00018816873757980274,1.7237987258759588e-5
-0.81,0.00018772328085723774,1.749301874544911e-5
-0.8,0.00018727054954988722,1.7749086119024444e-5
-0.79,0.0001868105165553854,1.8006185203894176e-5
-0.78,0.00018634315489904363,1.82643117391057e-5
-0.77,0.00018586843773598687,1.8523461377942533e-5
-0.76,0.0001853863383532888,1.878362968753874e-5
-0.75,0.00018489683017211886,1.904481214848722e-5
-0.74,0.00018439988674989494,1.9307004154456215e-5
-0.73,0.0001838954817824429,1.9570201011804773e-5
-0.72,0.00018338358910615978,1.9834397939204724e-5
-0.71,0.00018286418270019121,2.0099590067264353e-5
-0.7,0.00018233723668860654,2.036577243815507e-5
-0.69,0.00018180272534258664,2.0632940005240545e-5
-0.68,0.0001812606230826133,2.090108763271246e-5
-0.67,0.0001807109044806703,2.117021009522825e-5
-0.66,0.00018015354426244705,2.1440302077545024e-5
-0.65,0.00017958851730954546,2.1711358174172175e-5
-0.64,0.00017901579866170096,2.198337288901236e-5
-0.63,0.0001784353635190004,2.2256340635016052e-5
-0.62,0.0001778471872441123,2.253025573383481e-5
-0.61,0.00017725124536451873,2.2805112415479645e-5
-0.6,0.0001766475135747551,2.308090481798253e-5
-0.59,0.00017603596773865205,2.3357626987065656e-5
-0.58,0.00017541658389158896,2.3635272875806667e-5
-0.57,0.00017478933824274312,2.3913836344316386e-5
-0.56,0.00017415420717735447,2.4193311159413106e-5
-0.55,0.00017351116725898672,2.4473690994308258e-5
-0.54,0.0001728601952317978,2.4754969428289604e-5
-0.53,0.00017220126802281493,2.5037139946412377e-5
-0.52,0.00017153436274421074,2.5320195939194003e-5
-0.51,0.0001708594566955896,2.560413070231176e-5
-0.5,0.0001701765273662723,2.588893743630576e-5
-0.49,0.0001694855524375898,2.6174609246289042e-5
-0.48,0.00016878650978517713,2.6461139141655252e-5
-0.47,0.0001680793774812753,2.6748520035797572e-5
-0.46,0.0001673641337970341,2.703674474582946e-5
-0.45,0.00016664075720481742,2.732580599230985e-5
-0.44,0.00016590922638051964,2.761569639897342e-5
-0.43,0.0001651695202058735,2.790640849246439e-5
-0.42,0.00016442161777077308,2.819793470207915e-5
-0.41,0.00016366549837559292,2.8490267359507746e-5
-0.4,0.0001629011415335114,2.8783398698585996e-5
-0.39,0.00016212852697284084,2.9077320855047595e-5
-0.38,0.0001613476346393544,2.937202586628658e-5
-0.37,0.00016055844469862028,2.966750567111752e-5
-0.36,0.0001597609375383372,2.9963752109550828e-5
-0.35,0.00015895509377067196,3.0260756922563715e-5
-0.34,0.00015814089423459875,3.055851175188102e-5
-0.33,0.00015731831999824244,3.085700813976149e-5
-0.32,0.00015648735236122187,3.11562375287885e-5
-0.31,0.00015564797285699762,3.145619126166856e-5
-0.3,0.0001548001632552184,3.175686058102668e-5
-0.29,0.00015394390556406872,3.205823662922142e-5
-0.28,0.00015307918203262408,3.236031044815287e-5
-0.27,0.00015220597515320087,3.2663072979082937e-5
-0.26,0.00015132426766370957,3.296651506245924e-5
-0.25,0.00015043404255000913,3.327062743774638e-5
-0.24,0.00014953528304826252,3.357540074326112e-5
-0.23,0.00014862797264729365,3.388082551601215e-5
-0.22,0.00014771209509094292,3.418689219155197e-5
-0.21,0.00014678763438042398,3.449359110382618e-5
-0.2,0.0001458545747766813,3.4800912485038733e-5
-0.19,0.00014491290080274929,3.510884646551027e-5
-0.18,0.00014396259724610584,3.541738307355902e-5
-0.17,0.00014300364916103412,3.5726512235370456e-5
-0.16,0.00014203604187097599,3.603622377488963e-5
-0.15,0.00014105976097088878,3.6346507413706864e-5
-0.14,0.00014007479232960382,3.6657352770956664e-5
-0.13,0.00013908112209217723,3.696874936322183e-5
-0.12,0.00013807873668224673,3.7280686604443415e-5
-0.11,0.00013706762280438307,3.7593153805837353e-5
-0.1,0.00013604776744644207,3.7906140175818326e-5
-0.09,0.00013501915788191517,3.8219634819928864e-5
-0.08,0.0001339817816722768,3.8533626740779045e-5
-0.07,0.00013293562666933073,3.884810483798487e-5
-0.06,0.0001318806810175563,3.916305790812409e-5
-0.05,0.00013081693315644932,3.947847464468974e-5
-0.04,0.00012974437182286378,3.979434363805743e-5
-0.03,0.00012866298605334936,4.011065337545203e-5
-0.02,0.00012757276518648503,4.042739224093194e-5
-0.01,0.0001264736988652144,4.074454851537078e-5
0.0,0.00012536577703917262,4.106211037644797e-5
0.01,0.00012424898996701424,4.138006589865285e-5
0.02,0.00012312332821873474,4.169840305329176e-5
0.03,0.00012198878267799252,4.20171097084964e-5
0.04,0.00012084534454442347,4.233617362925173e-5
0.05,0.00011969300533595135,4.265558247742081e-5
0.06,0.00011853175689109928,4.2975323811787145e-5
0.07,0.00011736159137129101,4.329538508808932e-5
0.08,0.0001161825012631538,4.361575365908232e-5
0.09,0.00011499447938080915,4.393641677459085e-5
0.1,0.00011379751886816567,4.425736158157718e-5
0.11,0.00011259161320120525,4.457857512421762e-5
0.12,0.00011137675619026141,4.490004434398169e-5
0.13,0.00011015294198229722,4.522175607972559e-5
0.14,0.00010892016506317237,4.5543697067788576e-5
0.15,0.0001076784202599084,4.5865853942099204e-5
0.16,0.00010642770274294836,4.618821323428742e-5
0.17,0.00010516800802840759,4.6510761373810305e-5
0.18,0.00010389933198032004,4.683348468807756e-5
0.19,0.00010262167081287976,4.7156369402593035e-5
0.2,0.00010133502109267153,4.747940164110049e-5
0.21,0.00010003937974090126,4.780256742573442e-5
0.22,9.873474403561263e-5,4.812585267718759e-5
0.23,9.742111161390155e-5,4.844924321487822e-5
0.24,9.60984804741215e-5,4.8772724757131635e-5
0.25,9.476684897807917e-5,4.909628292136546e-5
0.26,9.342621585322906e-5,4.941990322428805e-5
0.27,9.207658019485279e-5,4.9743571082100827e-5
0.28,9.071794146823404e-5,5.006727181071298e-5
0.29,8.935029951082602e-5,5.039099062596275e-5
0.3,8.797365453440739e-5,5.07147126438449e-5
0.31,8.658800712723404e-5,5.103842288075286e-5
0.32,8.51933582561767e-5,5.1362106253725044e-5
0.33,8.378970926885505e-5,5.1685747580698224e-5
0.34,8.23770618957579e-5,5.200933158077933e-5
0.35,8.09554182523577e-5,5.233284287451048e-5
0.36,7.952478084121285e-5,5.265626598415502e-5
0.37,7.808515255406147e-5,5.297958533399207e-5
0.38,7.663653667390451e-5,5.330278525061325e-5
0.39,7.517893687708164e-5,5.362584996322961e-5
0.4,7.37123572353309e-5,5.394876360399718e-5
0.41,7.223680221784271e-5,5.4271510208336364e-5
0.42,7.07522766933036e-5,5.459407371527242e-5
0.43,6.925878593192327e-5,5.491643796778022e-5
0.44,6.775633560745856e-5,5.523858671313682e-5
0.45,6.624493179921741e-5,5.5560503603289567e-5
0.46,6.472458099405948e-5,5.5882172195221154e-5
0.47,6.319529008838008e-5,5.620357595133984e-5
0.48,6.165706639008247e-5,5.652469823986548e-5
0.49,6.0109917620538985e-5,5.68455223352341e-5
0.5,5.855385191654177e-5,5.7166031418501855e-5
0.51,5.698887783223653e-5,5.748620857777069e-5
0.52,5.541500434104844e-5,5.780603680861226e-5
0.53,5.38322408375891e-5,5.812549901450794e-5
0.54,5.2240597139558606e-5,5.844457800729819e-5
0.55,5.064008348962583e-5,5.876325650763519e-5
0.56,4.9030710557301735e-5,5.908151714545145e-5
0.57,4.741248944079282e-5,5.939934246043628e-5
0.58,4.578543166884944e-5,5.971671490252246e-5
0.59,4.414954920258794e-5,6.0033616832377506e-5
0.6,4.250485443730971e-5,6.0350030521910306e-5
0.61,4.0851360204301566e-5,6.066593815478777e-5
0.62,3.918907977261712e-5,6.098132182695433e-5
0.63,3.7518026850849685e-5,6.129616354716972e-5
0.64,3.5838215588887574e-5,6.161044523754883e-5
0.65,3.414966057965276e-5,6.192414873411815e-5
0.66,3.245237686082533e-5,6.223725578737394e-5
0.67,3.0746379916552916e-5,6.254974806285979e-5
0.68,2.9031685679142036e-5,6.286160714174849e-5
0.69,2.7308310530734993e-5,6.317281452142611e-5
0.7,2.5576271304970288e-5,6.348335161610476e-5
0.71,2.3835585288625204e-5,6.379319975743031e-5
0.72,2.208627022324439e-5,6.410234019509962e-5
0.73,2.032834430674826e-5,6.441075409749895e-5
0.74,1.8561826195025325e-5,6.47184225523401e-5
0.75,1.6786735003508463e-5,6.502532656731276e-5
0.76,1.5003090308732679e-5,6.533144707074867e-5
0.77,1.3210912149875177e-5,6.563676491228852e-5
0.78,1.141022103027721e-5,6.594126086356442e-5
0.79,9.601037918948065e-6,6.624491561889213e-5
0.8,7.783384252049909e-6,6.654770979596973e-5
0.81,5.957281934366237e-6,6.684962393658988e-5
0.82,4.122753340750297e-6,6.715063850736008e-5
0.83,2.2798213175532822e-6,6.745073390043156e-5
0.84,4.2850918403443117e-7,6.774989043424507e-5
0.85,-1.431159266245998e-6,6.804808835427577e-5
0.86,-3.299159764058118e-6,6.834530783379685e-5
0.87,-5.175467563148056e-6,6.864152897464872e-5
0.88,-7.060057438909403e-6,6.893673180802397e-5
0.89,-8.952903687067541e-6,6.923089629525034e-5
0.9,-1.0853980122393174e-5,6.952400232859884e-5
0.91,-1.2763260077426771e-5,6.981602973208909e-5
0.92,-1.4680716401232436e-5,7.010695826231365e-5
0.93,-1.660632145816653e-5,7.039676760926797e-5
0.94,-1.8540047126670136e-5,7.06854373971864e-5
0.95,-2.048186479808361e-5,7.097294718540155e-5
0.96,-2.2431745375479118e-5,7.125927646919619e-5
0.97,-2.4389659272518633e-5,7.154440468068072e-5
0.98,-2.635557641233289e-5,7.182831118966805e-5
0.99,-2.8329466226418663e-5,7.21109753045684e-5
1.0,-3.031129765356579e-5,7.239237627329015e-5
1.01,-3.2301039138798005e-5,7.267249328414388e-5
1.02,-3.4298658632344826e-5,7.295130546677239e-5
1.03,-3.630412358862806e-5,7.322879189307402e-5
1.04,-3.831740096527779e-5,7.350493157814372e-5
1.05,-4.0338457222169494e-5,7.377970348122878e-5
1.06,-4.2367258320482066e-5,7.40530865066812e-5
1.07,-4.44037697217837e-5,7.432505950493549e-5
1.08,-4.6447956387138305e-5,7.459560127347917e-5
1.09,-4.849978277623688e-5,7.486469055785358e-5
1.1,-5.055921284655319e-5,7.513230605264438e-5
1.11,-5.2626210052523797e-5,7.53984264024945e-5
1.12,-5.4700737344752565e-5,7.566303020312738e-5
1.13,-5.678275716923952e-5,7.592609600236803e-5
1.14,-5.887223146663437e-5,7.61876023011854e-5
1.15,-6.096912167151584e-5,7.644752755474595e-5
1.16,-6.307338871169548e-5,7.670585017346448e-5
1.17,-6.518499300754738e-5,7.69625485240737e-5
1.18,-6.730389447136326e-5,7.721760093070501e-5
1.19,-6.943005250673345e-5,7.747098567597404e-5
1.2,-7.156342600795284e-5,7.772268100207781e-5
1.21,-7.370397335945466e-5,7.797266511189754e-5
1.22,-7.585165243526856e-5,7.822091617012464e-5
1.23,-7.800642059850666e-5,7.846741230437328e-5
1.24,-8.016823470087668e-5,7.87121316063246e-5
1.25,-8.233705108221847e-5,7.895505213286942e-5
1.26,-8.45128255700714e-5,7.91961519072607e-5
1.27,-8.669551347926727e-5,7.943540892027847e-5
1.28,-8.888506961154965e-5,7.96728011313999e-5
1.29,-9.108144825522214e-5,7.990830646998528e-5
1.3,-9.328460318482484e-5,8.014190283646878e-5
1.31,-9.549448766083323e-5,8.037356810355408e-5
1.32,-9.771105442939368e-5,8.060328011743265e-5
1.33,-9.993425572208018e-5,8.083101669899536e-5
1.34,-0.00010216404325568157,8.105675564506538e-5
1.35,-0.00010440036823201842,8.128047472963183e-5
1.36,-0.00010664318133778397,8.150215170510304e-5
1.37,-0.00010889243274442245,8.172176430355092e-5
1.38,-0.00011114807210802509,8.193929023798596e-5
1.39,-0.00011341004856926528,8.215470720362396e-5
1.4,-0.00011567831075335516,8.236799287917253e-5
1.41,-0.00011795280677003709,8.25791249281174e-5
1.42,-0.0001202334842136016,8.278808100002698e-5
1.43,-0.0001225202901629356,8.29948387318568e-5
1.44,-0.00012481317118160094,8.319937574927082e-5
1.45,-0.00012711207331794118,8.340166966796095e-5
1.46,-0.00012941694210522048,8.360169809498904e-5
1.47,-0.0001317277225617924,8.379943863012505e-5
1.48,-0.00013404435919129603,8.399486886719821e-5
1.49,-0.00013636679598288907,8.418796639546089e-5
1.5,-0.00013869497641150197,8.437870880094946e-5
1.51,-0.0001410288434381317,8.456707366786818e-5
1.52,-0.00014336833951016285,8.475303857996932e-5
1.53,-0.0001457134065617185,8.493658112194679e-5
1.54,-0.00014806398601404446,8.511767888083798e-5
1.55,-0.00015042001877592132,8.529630944743193e-5
1.56,-0.00015278144524411388,8.547245041768553e-5
1.57,-0.00015514820530384497,8.564607939415004e-5
1.58,-0.00015752023832930683,8.581717398740262e-5
1.59,-0.00015989748318420152,8.598571181748485e-5
1.6,-0.00016227987822231145,8.615167051535421e-5
1.61,-0.00016466736128810502,8.631502772433969e-5
1.62,-0.00016705986971737483,8.647576110160207e-5
1.63,-0.0001694573403379034,8.663384831960525e-5
1.64,-0.00017185970947016644,8.678926706759833e-5
1.65,-0.0001742669129280651,8.69419950530975e-5
1.66,-0.00017667888601969296,8.709201000337958e-5
1.67,-0.00017909556354813371,8.72392896669816e-5
1.68,-0.00018151687981229304,8.738381181521015e-5
1.69,-0.00018394276860776278,8.752555424365431e-5
1.7,-0.0001863731632277187,8.766449477370742e-5
1.71,-0.00018880799646384927,8.7800611254091e-5
1.72,-0.00019124720060731962,8.793388156239703e-5
1.73,-0.00019369070744976877,8.806428360662452e-5
1.74,-0.00019613844828433963,8.819179532672814e-5
1.75,-0.00019859035390674046,8.831639469617361e-5
1.76,-0.000201046354616343,8.843805972350065e-5
1.77,-0.0002035063802173143,8.855676845388956e-5
1.78,-0.00020597036001977667,8.867249897073381e-5
1.79,-0.0002084382228410104,8.878522939721884e-5
1.8,-0.00021090989700668197,8.889493789791663e-5
1.81,-0.00021338531035211,8.900160268036789e-5
1.82,-0.0002158643902235668,8.910520199668455e-5
1.83,-0.00021834706347961035,8.920571414515615e-5
1.84,-0.00022083325649245198,8.930311747185739e-5
1.85,-0.00022332289514935823,8.939739037226103e-5
1.86,-0.00022581590485408842,8.948851129286768e-5
1.87,-0.0002283122105283636,8.957645873282097e-5
1.88,-0.0002308117366133725,8.966121124554674e-5
1.89,-0.000233314407071311,8.974274744039035e-5
1.9,-0.00023582014538695413,8.982104598425706e-5
1.91,-0.00023832887456926786,8.98960856032593e-5
1.92,-0.00024084051715304928,8.996784508436912e-5
1.93,-0.00024335499520060602,9.003630327707743e-5
1.94,-0.00024587223030346744,9.010143909505624e-5
1.95,-0.00024839214358413455,9.01632315178205e-5
1.96,-0.0002509146556978588,9.02216595924081e-5
1.97,-0.0002534396868344601,9.027670243504599e-5
1.98,-0.0002559671567201807,9.03283392328393e-5
1.99,-0.00025849698461957016,9.037654924544805e-5
2.0,-0.0002610290893374063,9.042131180678327e-5
2.01,-0.000263563389220654,9.046260632669145e-5
2.02,-0.0002660998021604562,9.050041229265949e-5
2.03,-0.00026863824559416027,9.053470927150745e-5
2.04,-0.00027117863650737985,9.056547691109625e-5
2.05,-0.0002737208914360943,9.059269494203929e-5
2.06,-0.0002762649264687772,9.061634317940394e-5
2.07,-0.00027881065724856655,9.063640152443228e-5
2.08,-0.00028135799897546673,9.065284996625958e-5
2.09,-0.00028390686640858426,9.066566858363359e-5
2.1,-0.0002864571738684048,9.067483754663499e-5
2.11,-0.0002890088352390965,9.068033711840947e-5
2.12,-0.000291561763970856,9.068214765689428e-5
2.13,-0.0002941158730822872,9.068024961654992e-5
2.14,-0.00029667107516281334,9.067462355009752e-5
2.15,-0.0002992272823751275,9.066525011025137e-5
2.16,-0.0003017844064576758,9.065211005146322e-5
2.17,-0.00030434235872717593,9.063518423166053e-5
2.18,-0.0003069010500811753,9.061445361399119e-5
2.19,-0.00030946039100063455,9.058989926856583e-5
2.2,-0.00031202029155255763,9.056150237421334e-5
2.21,-0.0003145806613926501,9.052924422021974e-5
2.22,-0.0003171414097680145,9.049310620808393e-5
2.23,-0.0003197024455198774,9.045306985326947e-5
2.24,-0.0003222636770863612,9.040911678695745e-5
2.25,-0.00032482501250527735,9.03612287577979e-5
2.26,-0.0003273863594169659,9.03093876336688e-5
2.27,-0.00032994762506716505,9.025357540343035e-5
2.28,-0.0003325087163099146,9.01937741786821e-5
2.29,-0.0003350695396104982,9.012996619552149e-5
2.3,-0.00033763000104841754,9.006213381629961e-5
2.31,-0.0003401900063204026,8.999025953138173e-5
2.32,-0.0003427494607434539,8.991432596090565e-5
2.33,-0.0003453082692579255,8.983431585653827e-5
2.34,-0.00034786633643063395,8.975021210323771e-5
2.35,-0.0003504235664580144,8.966199772100837e-5
2.36,-0.0003529798631692946,8.956965586666226e-5
2.37,-0.0003555351300297197,8.947316983557338e-5
2.38,-0.0003580892701437997,8.937252306343771e-5
2.39,-0.0003606421862586001,8.926769912802862e-5
2.4,-0.000363193780767056,8.915868175095184e-5
2.41,-0.00036574395571133567,8.904545479939857e-5
2.42,-0.0003682926127862223,8.892800228790325e-5
2.43,-0.00037083965334254074,8.88063083800913e-5
2.44,-0.0003733849783906128,8.868035739043205e-5
2.45,-0.0003759284886037504,8.855013378598633e-5
2.46,-0.000378470084321779,8.841562218815524e-5
2.47,-0.0003810096655545955,8.827680737442607e-5
2.48,-0.00038354713198576133,8.813367428011089e-5
2.49,-0.00038608238297613046,8.798620800009518e-5
2.5,-0.00038861531756750217,8.783439379057179e-5
2.51,-0.00039114583448632186,8.767821707077964e-5
2.52,-0.00039367383214740197,8.751766342473692e-5
2.53,-0.00039619920865767986,8.735271860297193e-5
2.54,-0.00039872186182001416,8.718336852425153e-5
2.55,-0.000401241689137006,8.700959927731018e-5
2.56,-0.00040375858781485906,8.683139712256494e-5
2.57,-0.00040627245476726925,8.664874849384202e-5
2.58,-0.00040878318661934776,8.646164000008559e-5
2.59,-0.0004112906797115757,8.627005842707585e-5
2.6,-0.00041379483010379304,8.607399073913117e-5
2.61,-0.0004162955335792208,8.587342408081611e-5
2.62,-0.0004187926856485075,8.566834577864039e-5
2.63,-0.0004212861815538184,8.54587433427552e-5
2.64,-0.0004237759162729497,8.524460446864311e-5
2.65,-0.0004262617845234769,8.502591703880722e-5
2.66,-0.0004287436807669317,8.480266912445188e-5
2.67,-0.0004312214992130135,8.457484898716243e-5
2.68,-0.0004336951338238342,8.43424450805731e-5
2.69,-0.00043616447831818585,8.410544605204053e-5
2.7,-0.0004386294261758487,8.386384074430137e-5
2.71,-0.0004410898706419238,8.361761819713188e-5
2.72,-0.0004435457047311987,8.336676764899747e-5
2.73,-0.0004459968212325412,8.311127853869846e-5
2.74,-0.0004484431127133313,8.285114050700812e-5
2.75,-0.0004508844715239065,8.258634339831316e-5
2.76,-0.0004533207898020611,8.231687726223057e-5
2.77,-0.00045575195947755194,8.204273235523762e-5
2.78,-0.0004581778722766486,8.176389914228012e-5
2.79,-0.0004605984197267058,8.148036829838632e-5
2.8,-0.0004630134931607702,8.119213071026143e-5
2.81,-0.00046542298372221263,8.089917747788968e-5
2.82,-0.000467826782369388,8.060149991611248e-5
2.83,-0.0004702247798803325,8.029908955621586e-5
2.84,-0.0004726168668574748,7.999193814749829e-5
2.85,-0.0004750029337323879,7.968003765883838e-5
2.86,-0.00047738287077056827,7.936338028025133e-5
2.87,-0.00047975656807623256,7.904195842443471e-5
2.88,-0.00048212391559715554,7.871576472831582e-5
2.89,-0.0004844848031295251,7.838479205458055e-5
2.9,-0.00048683912032282883,7.804903349319926e-5
2.91,-0.0004891867566847711,7.770848236294392e-5
2.92,-0.0004915276015862101,7.736313221289326e-5
2.93,-0.0004938615442661239,7.701297682393471e-5
2.94,-0.0004961884738366086,7.665801021025301e-5
2.95,-0.0004985082792878918,7.629822662081076e-5
2.96,-0.0005008208494933861,7.593362054081896e-5
2.97,-0.0005031260732147515,7.556418669320272e-5
2.98,-0.0005054238391070012,7.518992004004784e-5
2.99,-0.0005077140357236175,7.481081578405246e-5
3.0,-0.0005099965515217037,7.442686936995063e-5
3.01,-0.0005122712748671552,7.40380764859422e-5
3.02,-0.0005145380940398523,7.364443306510206e-5
3.03,-0.0005167968972388911,7.324593528678386e-5
3.04,-0.0005190475725878193,7.284257957801297e-5
3.05,-0.0005212900081399099,7.243436261486677e-5
3.06,-0.0005235240918834555,7.202128132384395e-5
3.07,-0.0005257497117470841,7.160333288322879e-5
3.08,-0.0005279667556050962,7.118051472443395e-5
3.09,-0.0005301751112828278,7.075282453334315e-5
3.1,-0.0005323746665620404,7.032026025163353e-5
3.11,-0.0005345653091863228,6.98828200780928e-5
3.12,-0.0005367469268665236,6.944050246992061e-5
3.13,-0.0005389194072861995,6.899330614401897e-5
3.14,-0.0005410826381070928,6.854123007827396e-5
3.15,-0.0005432365069746225,6.808427351282106e-5
3.16,-0.0005453809015234011,6.762243595129779e-5
3.17,-0.000547515709382769,6.715571716209177e-5
3.18,-0.0005496408181823529,6.668411717956323e-5
3.19,-0.0005517561155576414,6.620763630526777e-5
3.2,-0.0005538614891555803,6.572627510915756e-5
3.21,-0.0005559568266401915,6.524003443077432e-5
3.22,-0.0005580420156982088,6.474891538042562e-5
3.23,-0.0005601169440447251,6.425291934035091e-5
3.24,-0.0005621814994288797,6.375204796587106e-5
3.25,-0.0005642355696395348,6.324630318652948e-5
3.26,-0.0005662790425109949,6.273568720721266e-5
3.27,-0.0005683118059287344,6.222020250926276e-5
3.28,-0.000570333747835136,6.169985185157114e-5
3.29,-0.0005723447562352625,6.1174638271664e-5
3.3,-0.0005743447192026284,6.0644565086767124e-5
3.31,-0.000576333524884998,6.010963589486049e-5
3.32,-0.0005783110615102047,5.9569854575716905e-5
3.33,-0.0005802772173919687,5.9025225291926667e-5
3.34,-0.0005822318809357488,5.847575248990462e-5
3.35,-0.0005841749406445991,5.792144090088704e-5
3.36,-0.0005861062851250448,5.7362295541909316e-5
3.37,-0.0005880258030929698,5.679832171677137e-5
3.38,-0.0005899333833795232,5.622952501698363e-5
3.39,-0.0005918289149370317,5.565591132270174e-5
3.4,-0.0005937122868449413,5.5077486803644116e-5
3.41,-0.000595583388315752,5.449425791999387e-5
3.42,-0.0005974421087009815,5.3906231423282185e-5
3.43,-0.0005992883374971364,5.3313414357261375e-5
3.44,-0.0006011219643516939,5.2715814058754955e-5
3.45,-0.0006029428790690948,5.2113438158497014e-5
3.46,-0.00060475097161676,5.150629458195262e-5
3.47,-0.0006065461321310976,5.089439155012239e-5
3.48,-0.0006083282509235424,5.027773758032868e-5
3.49,-0.0006100972184865914,4.9656341486986245e-5
3.5,-0.0006118529254998549,4.9030212382358644e-5
3.51,-0.0006135952628361216,4.8399359677291614e-5
3.52,-0.0006153241215674221,4.77637930819343e-5
3.53,-0.0006170393929711196,4.712352260644322e-5
3.54,-0.0006187409685359877,4.647855856166325e-5
3.55,-0.0006204287399683183,4.5828911559797286e-5
3.56,-0.0006221025991980192,4.517459251505622e-5
3.57,-0.0006237624383847344,4.45156126442893e-5
3.58,-0.000625408149923962,4.385198346759974e-5
3.59,-0.0006270396264531858,4.318371680893904e-5
3.6,-0.0006286567608580102,4.251082479668531e-5
3.61,-0.0006302594462783,4.183331986420493e-5
3.62,-0.0006318475761143321,4.115121475039053e-5
3.63,-0.0006334210440329479,4.046452250018604e-5
3.64,-0.0006349797439737151,3.977325646508899e-5
3.65,-0.0006365235701550869,3.907743030363809e-5
3.66,-0.0006380524170805772,3.837705798187986e-5
3.67,-0.0006395661795449325,3.767215377381405e-5
3.68,-0.0006410647526403063,3.6962732261825784e-5
3.69,-0.0006425480317624436,3.624880833709228e-5
3.7,-0.0006440159126168613,3.5530397199976774e-5
3.71,-0.000645468291225041,3.480751436039533e-5
3.72,-0.0006469050639306157,3.408017563817305e-5
3.73,-0.0006483261274055536,3.3348397163374e-5
3.74,-0.0006497313786563649,3.2612195376613785e-5
3.75,-0.0006511207150302849,3.187158702935397e-5
3.76,-0.000652494034221472,3.112658918417455e-5
3.77,-0.000653851234277211,3.037721921502663e-5
3.78,-0.0006551922136040932,2.96234948074661e-5
3.79,-0.0006565168709742295,2.8865433958867724e-5
3.8,-0.0006578251055314317,2.8103054978617618e-5
3.81,-0.0006591168167974103,2.733637648828544e-5
3.82,-0.0006603919046779711,2.656541742177736e-5
3.83,-0.0006616502694691989,2.5790197025469153e-5
3.84,-0.0006628918118636539,2.5010734858315267e-5
3.85,-0.0006641164329565451,2.4227050791941884e-5
3.86,-0.000665324034251929,2.3439165010716178e-5
3.87,-0.0006665145176688728,2.2647098011796638e-5
3.88,-0.0006676877855476411,2.1850870605159893e-5
3.89,-0.0006688437406558609,2.1050503913609292e-5
3.9,-0.0006699822861946894,2.024601937276345e-5
3.91,-0.0006711033258049836,1.9437438731018617e-5
3.92,-0.0006722067635734417,1.86247840494949e-5
3.93,-0.0006732925040387644,1.780807770195907e-5
3.94,-0.0006743604521977966,1.6987342374727353e-5
3.95,-0.0006754105135116603,1.6162601066543995e-5
3.96,-0.0006764425939119009,1.5333877088444266e-5
3.97,-0.0006774565998065857,1.4501194063585868e-5
3.98,-0.000678452438086443,1.3664575927071372e-5
3.99,-0.0006794300161309507,1.2824046925738073e-5
4.0,-0.0006803892418144519,1.1979631617935566e-5
4.01,-0.0006813300235122329,1.1131354873268987e-5
4.02,-0.0006822522701066061,1.0279241872337479e-5
4.03,-0.0006831558909929804,9.42331810643455e-6
4.04,-0.0006840407960859296,8.563609377237143e-6
4.05,-0.0006849068958252252,7.70014179646742e-6
4.06,-0.0006857541011818926,6.832941785534134e-6
4.07,-0.0006865823236642258,5.962036075154595e-6
4.08,-0.00068739147532381,5.0874517049471075e-6
4.09,-0.0006881814687615228,4.209216023010516e-6
4.1,-0.0006889522171335242,3.3273566854748594e-6
4.11,-0.0006897036341572329,2.4419016560319657e-6
4.12,-0.0006904356341172919,1.5528792054449204e-6
4.13,-0.0006911481318715197,6.603179110321694e-7
4.14,-0.0006918410428568459,-2.3575334386698744e-7
4.15,-0.0006925142830952284,-1.1353053704535888e-6
4.16,-0.0006931677691995654,-2.038308675047295e-6
4.17,-0.0006938014183795818,-2.9447334596934916e-6
4.18,-0.0006944151484477066,-3.854549622787212e-6
4.19,-0.0006950088778249288,-4.767726759723042e-6
4.2,-0.0006955825255466447,-5.68423416356784e-6
4.21,-0.0006961360112684729,-6.604040825750978e-6
4.22,-0.0006966692552720695,-7.52711543678631e-6
4.23,-0.0006971821784709177,-8.453426387007914e-6
4.24,-0.0006976747024160929,-9.382941767333002e-6
4.25,-0.0006981467493020188,-1.0315629370046854e-5
4.26,-0.000698598241972198,-1.125145668961149e-5
4.27,-0.00069902910392493,-1.2190390923493563e-5
4.28,-0.0006994392593190013,-1.3132398973019392e-5
4.29,-0.0006998286329793575,-1.4077447444250595e-5
4.3,-0.0007001971504027564,-1.5025502648880574e-5
4.31,-0.0007005447377634053,-1.5976530605159607e-5
4.32,-0.0007008713219185611,-1.6930497038834687e-5
4.33,-0.0007011768304141253,-1.7887367384120294e-5
4.34,-0.0007014611914902068,-1.8847106784684977e-5
4.35,-0.0007017243340866617,-1.9809680094666824e-5
4.36,-0.0007019661878486197,-2.07750518797062e-5
4.37,-0.0007021866831319751,-2.1743186418005945e-5
4.38,-0.0007023857510088578,-2.271404770141142e-5
4.39,-0.0007025633232730888,-2.368759943651481e-5
4.4,-0.0007027193324455908,-2.4663805045780372e-5
4.41,-0.0007028537117797963,-2.564262766869669e-5
4.42,-0.0007029663952670169,-2.6624030162944087e-5
4.43,-0.0007030573176417874,-2.7607975105595622e-5
4.44,-0.0007031264143871862,-2.85944247943297e-5
4.45,-0.0007031736217401307,-2.9583341248672692e-5
4.46,-0.0007031988766966452,-3.057468621126155e-5
4.47,-0.0007032021170170925,-3.156842114913124e-5
4.48,-0.0007031832812313931,-3.2564507255020243e-5
4.49,-0.0007031423086441989,-3.356290544870436e-5
4.5,-0.0007030791393400534,-3.456357637834756e-5
4.51,-0.0007029937141885185,-3.5566480421882836e-5
4.52,-0.0007028859748492594,-3.6571577688406625e-5
4.53,-0.0007027558637771237,-3.757882801960381e-5
4.54,-0.0007026033242271623,-3.858819099118931e-5
4.55,-0.0007024283002596466,-3.95996259143746e-5
4.56,-0.0007022307367450363,-4.061309183735991e-5
4.57,-0.000702010579368921,-4.162854754684067e-5
4.58,-0.0007017677746369342,-4.2645951569545215e-5
4.59,-0.0007015022698796277,-4.366526217378917e-5
4.6,-0.0007012140132573225,-4.4686437371052704e-5
4.61,-0.0007009029537649182,-4.57094349175838e-5
4.62,-0.0007005690412366741,-4.673421231601859e-5
4.63,-0.000700212226350957,-4.776072681702621e-5
4.64,-0.0006998324606349497,-4.878893542097826e-5
4.65,-0.0006994296964693346,-4.981879487963413e-5
4.66,-0.0006990038870929333,-5.0850261697855575e-5
4.67,-0.000698554986607315,-5.1883292135336156e-5
4.68,-0.0006980829499813711,-5.291784220835859e-5
4.69,-0.0006975877330558533,-5.3953867691570216e-5
4.7,-0.000697069292547867,-5.4991324119781005e-5
4.71,-0.0006965275860553467,-5.603016678978351e-5
4.72,-0.0006959625720614772,-5.707035076219546e-5
4.73,-0.0006953742099390833,-5.8111830863321225e-5
4.74,-0.0006947624599549832,-5.915456168703731e-5
4.75,-0.0006941272832743136,-6.0198497596698744e-5
4.76,-0.0006934686419647838,-6.124359272706438e-5
4.77,-0.0006927864990009348,-6.228980098624806e-5
4.78,-0.0006920808182683276,-6.333707605768698e-5
4.79,-0.0006913515645677081,-6.43853714021316e-5
4.8,-0.0006905987036191222,-6.543464025965741e-5
4.81,-0.0006898222020660032,-6.648483565170062e-5
4.82,-0.0006890220274791982,-6.753591038310908e-5
4.83,-0.0006881981483609838,-6.858781704421611e-5
4.84,-0.0006873505341490109,-6.964050801293671e-5
4.85,-0.0006864791552202276,-7.06939354568831e-5
4.86,-0.0006855839828947544,-7.174805133550146e-5
4.87,-0.0006846649894397136,-7.280280740222457e-5
4.88,-0.0006837221480730248,-7.385815520665562e-5
4.89,-0.0006827554329671453,-7.491404609675671e-5
4.9,-0.0006817648192527877,-7.597043122107299e-5
4.91,-0.0006807502830225708,-7.702726153096559e-5
4.92,-0.0006797118013346399,-7.808448778286887e-5
4.93,-0.0006786493522162442,-7.914206054056979e-5
4.94,-0.0006775629146672664,-8.019993017750235e-5
4.95,-0.0006764524686637066,-8.12580468790626e-5
4.96,-0.0006753179951611251,-8.231636064494414e-5
4.97,-0.0006741594760980349,-8.337482129149672e-5
4.98,-0.0006729768943992555,-8.443337845409697e-5
4.99,-0.000671770233979214,-8.549198158954047e-5
5.0,-0.0006705394797452067,-8.655057997845712e-5
5.01,-0.0006692846176006122,-8.76091227277399e-5
5.02,-0.0006680056344480478,-8.86675587729953e-5
5.03,-0.000666702518192501,-8.972583688101303e-5
5.04,-0.0006653752577443925,-9.078390565225019e-5
5.05,-0.0006640238430226012,-9.18417135233397e-5
5.06,-0.0006626482649574438,-9.289920876961332e-5
5.07,-0.0006612485154935978,-9.395633950764061e-5
5.08,-0.000659824587592985,-9.501305369779258e-5
5.09,-0.0006583764752376029,-9.6069299146817e-5
5.1,-0.0006569041734323047,-9.712502351043583e-5
5.11,-0.000655407678207532,-9.818017429595444e-5
5.12,-0.0006538869866220044,-9.923469886489719e-5
5.13,-0.0006523420967653414,-0.00010028854443565047
5.14,-0.0006507730077606652,-0.00010134165808613314
5.15,-0.0006491797197671154,-0.0001023939867564705
5.16,-0.0006475622339823462,-0.00010344547725170298
5.17,-0.0006459205526449528,-0.00010449607624449406
5.18,-0.0006442546790368549,-0.0001055457302778668
5.19,-0.0006425646174856273,-0.00010659438576795087
5.2,-0.000640850373366782,-0.00010764198900674637
5.21,-0.0006391119531059933,-0.0001086884861649102
5.22,-0.0006373493641812709,-0.00010973382329454772
5.23,-0.0006355626151250912,-0.0001107779463320293
5.24,-0.0006337517155264627,-0.00011182080110081503
5.25,-0.0006319166760329461,-0.00011286233331430448
5.26,-0.0006300575083526219,-0.00011390248857869295
5.27,-0.000628174225256003,-0.00011494121239584678
5.28,-0.0006262668405778909,-0.00011597845016619269
5.29,-0.0006243353692191891,-0.00011701414719162438
5.3,-0.0006223798271486512,-0.00011804824867842142
5.31,-0.0006204002314045749,-0.00011908069974018217
5.32,-0.0006183966000964588,-0.00012011144540077262
5.33,-0.0006163689524065856,-0.00012114043059728909
5.34,-0.000614317308591551,-0.00012216760018303702
5.35,-0.0006122416899837637,-0.00012319289893051783
5.36,-0.0006101421189928507,-0.0001242162715344354
5.37,-0.0006080186191070455,-0.0001252376626147126
5.38,-0.0006058712148944947,-0.00012625701671952538
5.39,-0.0006036999320045217,-0.00012727427832834055
5.4,-0.0006015047971688304,-0.00012828939185498186
5.41,-0.000599285838202659,-0.00012930230165069078
5.42,-0.0005970430840058681,-0.00013031295200721484
5.43,-0.0005947765645639769,-0.0001313212871599023
5.44,-0.0005924863109491543,-0.00013232725129080724
5.45,-0.0005901723553211292,-0.00013333078853180935
5.46,-0.0005878347309280732,-0.00013433184296774526
5.47,-0.000585473472107396,-0.00013533035863955335
5.48,-0.000583088614286517,-0.0001363262795474221
5.49,-0.0005806801939835447,-0.00013731954965396503
5.5,-0.0005782482488079331,-0.00013831011288738913
5.51,-0.0005757928174610525,-0.00013929791314468387
5.52,-0.000573313939736722,-0.00014028289429482391
5.53,-0.0005708116565216728,-0.00014126500018197193
5.54,-0.0005682860097959578,-0.0001422441746287026
5.55,-0.000565737042633312,-0.00014322036143922865
5.56,-0.0005631647992014334,-0.00014419350440264108
5.57,-0.0005605693247622285,-0.0001451635472961558
5.58,-0.0005579506656719888,-0.00014613043388837874
5.59,-0.0005553088693815041,-0.00014709410794256316
5.6,-0.0005526439844361338,-0.0001480545132198927
5.61,-0.0005499560604757948,-0.00014901159348276868
5.62,-0.000547245148234926,-0.00014996529249809931
5.63,-0.0005445112995423504,-0.00015091555404060338
5.64,-0.0005417545673211153,-0.00015186232189612112
5.65,-0.0005389750055882574,-0.00015280553986494024
5.66,-0.0005361726694545101,-0.00015374515176511098
5.67,-0.0005333476151239515,-0.00015468110143578614
5.68,-0.000530499899893594,-0.0001556133327405663
5.69,-0.0005276295821529177,-0.00015654178957084412
5.7,-0.000524736721383339,-0.00015746641584915965
5.71,-0.0005218213781576247,-0.00015838715553256937
5.72,-0.0005188836141392451,-0.00015930395261600758
5.73,-0.0005159234920816599,-0.00016021675113566725
5.74,-0.0005129410758275629,-0.0001611254951723814
5.75,-0.0005099364303080467,-0.00016203012885500343
5.76,-0.0005069096215417206,-0.00016293059636381642
5.77,-0.0005038607166337654,-0.0001638268419339142
5.78,-0.0005007897837749257,-0.00016471880985861485
5.79,-0.0004976968922404463,-0.00016560644449286897
5.8,-0.0004945821123889477,-0.00016648969025667286
5.81,-0.0004914455156612383,-0.00016736849163848344
5.82,-0.0004882871745790741,-0.0001682427931986461
5.83,-0.00048510716274384973,-0.00016911253957281762
5.84,-0.0004819055548352356,-0.0001699776754753971
5.85,-0.0004786824266097539,-0.00017083814570296196
5.86,-0.00047543785489929463,-0.00017169389513770593
5.87,-0.00047217191760956723,-0.00017254486875087696
5.88,-0.00046888469371850016,-0.00017339101160622199
5.89,-0.00046557626327457384,-0.00017423226886343498
5.9,-0.0004622467073951003,-0.00017506858578160428
5.91,-0.0004588961082644325,-0.00017589990772266502
5.92,-0.0004555245491321247,-0.00017672618015485259
5.93,-0.0004521321143110268,-0.00017754734865615181
5.94,-0.0004487188891753209,-0.0001783633589177655
5.95,-0.0004452849601584954,-0.0001791741567475619
5.96,-0.00044183041475126257,-0.00017997968807353766
5.97,-0.0004383553414994151,-0.00018077989894727718
5.98,-0.00043485983000161996,-0.00018157473554741336
5.99,-0.0004313439709071603,-0.00018236414418308912
6.0,-0.0004278078559136062,-0.00018314807129741643
6.01,-0.0004242515777644368,-0.00018392646347094104
6.02,-0.00042067523024659584,-0.00018469926742509967
6.03,-0.0004170789081879899,-0.00018546643002567833
6.04,-0.0004134627074549275,-0.00018622789828628034
6.05,-0.00040982672494949856,-0.0001869836193717718
6.06,-0.00040617105860689395,-0.00018773354060175212
6.07,-0.00040249580739266553,-0.00018847760945400144
6.08,-0.0003988010712999282,-0.0001892157735679301
6.09,-0.000395086951346502,-0.00018994798074804199
6.1,-0.000391353549571996,-0.00019067417896737805
6.11,-0.00038760096903482904,-0.00019139431637096266
6.12,-0.00038382931380919963,-0.00019210834127924634
6.13,-0.00038003868898199,-0.0001928162021915522
6.14,-0.00037622920064961276,-0.00019351784778951192
6.15,-0.0003724009559148028,-0.00019421322694049913
6.16,-0.0003685540628833454,-0.00019490228870105855
6.17,-0.00036468863066074986,-0.00019558498232034307
6.18,-0.00036080476934886277,-0.0001962612572435256
6.19,-0.00035690259004242457,-0.00019693106311522175
6.2,-0.0003529822048255665,-0.00019759434978290527
6.21,-0.0003490437267682504,-0.00019825106730031542
6.22,-0.0003450872699226541,-0.00019890116593086242
6.23,-0.0003411129493194873,-0.000199544596151024
6.24,-0.0003371208809642684,-0.00020018130865374187
6.25,-0.0003331111818335295,-0.00020081125435180775
6.26,-0.00032908396987096515,-0.0002014343843812393
6.27,-0.00032503936398353434,-0.00020205065010466325
6.28,-0.0003209774840374938,-0.00020266000311467674
6.29,-0.0003168984508543823,-0.0002032623952372156
6.3,-0.00031280238620694397,-0.00020385777853490443
6.31,-0.00030868941281499303,-0.0002044461053104016
6.32,-0.00030455965434123363,-0.00020502732810974417
6.33,-0.0003004132353870103,-0.00020560139972567555
6.34,-0.00029625028148800794,-0.00020616827320097474
6.35,-0.0002920709191098971,-0.00020672790183176497
6.36,-0.00028787527564392353,-0.00020728023917082543
6.37,-0.00028366347940243797,-0.00020782523903088845
6.38,-0.0002794356596143763,-0.00020836285548792938
6.39,-0.00027519194642068226,-0.00020889304288444812
6.4,-0.00027093247086967413,-0.00020941575583273696
6.41,-0.0002666573649123594,-0.00020993094921814302
6.42,-0.0002623667613976916,-0.00021043857820231987
6.43,-0.00025806079406777687,-0.00021093859822646948
6.44,-0.00025373959755302145,-0.00021143096501457208
6.45,-0.000249403307367233,-0.0002119156345766087
6.46,-0.00024505205990265873,-0.0002123925632117639
6.47,-0.00024068599242497703,-0.0002128617075116308
6.48,-0.00023630524306823445,-0.00021332302436339373
6.49,-0.00023190995082972933,-0.00021377647095300936
6.5,-0.00022750025556483993,-0.00021422200476835953
6.51,-0.0002230762979818057,-0.0002146595836024152
6.52,-0.00021863821963645201,-0.00021508916555636532
6.53,-0.0002141861629268633,-0.00021551070904275415
6.54,-0.00020972027108800764,-0.0002159241727885817
6.55,-0.0002052406881863052,-0.0002163295158384191
6.56,-0.00020074755911414803,-0.00021672669755748287
6.57,-0.00019624102958436991,-0.00021711567763472498
6.58,-0.0001917212461246631,-0.0002174964160858759
6.59,-0.00018718835607194442,-0.00021786887325650673
6.6,-0.00018264250756667378,-0.00021823300982505442
6.61,-0.00017808384954712085,-0.0002185887868058401
6.62,-0.00017351253174358253,-0.0002189361655520767
6.63,-0.00016892870467254944,-0.00021927510775885675
6.64,-0.00016433251963082684,-0.00021960557546612646
6.65,-0.00015972412868960127,-0.0002199275310616408
6.66,-0.00015510368468846686,-0.00022024093728391313
6.67,-0.0001504713412293929,-0.00022054575722514454
6.68,-0.0001458272526706525,-0.00022084195433412748
6.69,-0.00014117157412069718,-0.0002211294924191436
6.7,-0.0001365044614319918,-0.00022140833565085268
6.71,-0.0001318260711947897,-0.0002216784485651412
6.72,-0.00012713656073087484,-0.0002219397960659827
6.73,-0.00012243608808724935,-0.00022219234342825685
6.74,-0.00011772481202977721,-0.0002224360563005658
6.75,-0.00011300289203677957,-0.00022267090070802724
6.76,-0.00010827048829258945,-0.00022289684305505425
6.77,-0.00010352776168105675,-0.0002231138501281098
6.78,-9.877487377901003e-5,-0.0002233218890984512
6.79,-9.401198684967494e-5,-0.00022352092752485277
6.8,-8.923926383604596e-5,-0.0002237109333563081
6.81,-8.445686835421353e-5,-0.00022389187493471603
6.82,-7.966496468665285e-5,-0.00022406372099755364
6.83,-7.486371777546441e-5,-0.00022422644068051175
6.84,-7.00532932155722e-5,-0.00022438000352013266
6.85,-6.523385724788032e-5,-0.00022452437945641915
6.86,-6.040557675238846e-5,-0.00022465953883541706
6.87,-5.556861924126444e-5,-0.00022478545241179037
6.88,-5.0723152851872634e-5,-0.00022490209135136516
6.89,-4.5869346339766095e-5,-0.00022500942723366544
6.9,-4.1007369071633426e-5,-0.00022510743205441416
6.91,-3.613739101821007e-5,-0.0002251960782280249
6.92,-3.1259582747142425e-5,-0.00022527533859006794
6.93,-2.6374115415819407e-5,-0.00022534518639971137
6.94,-2.1481160764159556e-5,-0.00022540559534215334
6.95,-1.6580891107364222e-5,-0.0002254565395310192
6.96,-1.1673479328624376e-5,-0.00022549799351074043
6.97,-6.75909887179756e-6,-0.0002255299322589221
6.98,-1.8379237340404398e-6,-0.0002255523311886727
6.99,3.089871541590014e-6,-0.00022556516615091722
7.0,8.024111873579514e-6,-0.00022556841343669763
7.01,1.2964621649430837e-5,-0.00022556204977943752
7.02,1.791122473317651e-5,-0.00022554605235719022
7.03,2.2863744472927642e-5,-0.00022552039879486133
7.04,2.7822003708455586e-5,-0.00022548506716641003
7.05,3.2785824778815414e-5,-0.00022544003599702557
7.06,3.775502952999638e-5,-0.00022538528426528745
7.07,4.272943932261221e-5,-0.00022532079140528537
7.08,4.7708875039621e-5,-0.00022524653730873257
7.09,5.2693157094084105e-5,-0.00022516250232705113
7.1,5.7682105436953386e-5,-0.0002250686672734161
7.11,6.267553956489422e-5,-0.00022496501342480428
7.12,6.767327852813681e-5,-0.00022485152252400085
7.13,7.267514093836671e-5,-0.00022472817678157266
7.14,7.768094497663927e-5,-0.000224594958877841
7.15,8.269050840132913e-5,-0.00022445185196480523
7.16,8.770364855610896e-5,-0.00022429883966806346
7.17,9.272018237796128e-5,-0.000224135906088688
7.18,9.773992640521576e-5,-0.00022396303580508325
7.19,0.00010276269678561991,-0.00022378021387482432
7.2,0.00010778830928443428,-0.00022358742583646169
7.21,0.00011281657929256224,-0.00022338465771129314
7.22,0.00011784732183470289,-0.0002231718960051346
7.23,0.0001228803515775338,-0.00022294912771003976
7.24,0.00012791548283791801,-0.0002227163403059942
7.25,0.00013295252959114593,-0.0002224735217626075
7.26,0.0001379913054791924,-0.00022222066054074718
7.27,0.0001430316238190088,-0.00022195774559417028
7.28,0.0001480732976108369,-0.0002216847663711099
7.29,0.0001531161395465454,-0.00022140171281584767
7.3,0.00015815996201799744,-0.00022110857537025467
7.31,0.0001632045771254366,-0.00022080534497530006
7.32,0.0001682497966858987,-0.00022049201307253871
7.33,0.0001732954322416472,-0.00022016857160556968
7.34,0.0001783412950686311,-0.00021983501302146171
7.35,0.00018338719618496394,-0.0002194913302721571
7.36,0.00018843294635942823,-0.00021913751681585086
7.37,0.0001934783561199955,-0.00021877356661832245
7.38,0.00019852323576237377,-0.0002183994741542646
7.39,0.00020356739535857163,-0.00021801523440856816
7.4,0.0002086106447654833,-0.00021762084287758041
7.41,0.00021365279363349043,-0.0002172162955703361
7.42,0.00021869365141509157,-0.00021680158900976457
7.43,0.00022373302737354082,-0.00021637672023385517
7.44,0.00022877073059150835,-0.00021594168679680507
7.45,0.00023380656997975857,-0.00021549648677013716
7.46,0.00023884035428585012,-0.00021504111874378162
7.47,0.00024387189210284152,-0.0002145755818271361
7.48,0.0002489009918780261,-0.00021409987565008986
7.49,0.0002539274619216719,-0.00021361400036401862
7.5,0.0002589511104157835,-0.00021311795664275956
7.51,0.0002639717454228782,-0.00021261174568354218
7.52,0.00026898917489477474,-0.0002120953692078982
7.53,0.00027400320668139415,-0.0002115688294625426
7.54,0.00027901364853957853,-0.00021103212922021826
7.55,0.00028402030814192176,-0.0002104852717805093
7.56,0.00028902299308560875,-0.000209928260970641
7.57,0.0002940215109012746,-0.00020936110114622356
7.58,0.0002990156690618629,-0.00020878379719198835
7.59,0.0003040052749915081,-0.00020819635452247443
7.6,0.0003089901360744254,-0.00020759877908270414
7.61,0.0003139700596638,-0.00020699107734881172
7.62,0.0003189448530907006,-0.00020637325632864666
7.63,0.0003239143236729951,-0.00020574532356235146
7.64,0.00032887827872427245,-0.00020510728712290108
7.65,0.00033383652556277977,-0.00020445915561661282
7.66,0.0003387888715203585,-0.0002038009381836288
7.67,0.0003437351239513966,-0.00020313264449836583
7.68,0.0003486750902417812,-0.0002024542847699277
7.69,0.00035360857781785866,-0.000201765869742502
7.7,0.0003585353941554034,-0.00020106741069570615
7.71,0.00036345534678858683,-0.00020035891944491127
7.72,0.0003683682433189563,-0.0001996404083415475
7.73,0.00037327389142441446,-0.00019891189027334497
7.74,0.00037817209886820315,-0.00019817337866458415
7.75,0.00038306267350789435,-0.0001974248874762744
7.76,0.00038794542330437446,-0.0001966664312063365
7.77,0.00039282015633084524,-0.00019589802488972864
7.78,0.000397686680781811,-0.00019511968409855252
7.79,0.00040254480498207824,-0.00019433142494212002
7.8,0.00040739433739575207,-0.00019353326406699756
7.81,0.0004122350866352302,-0.00019272521865701446
7.82,0.00041706686147020627,-0.0001919073064332331
7.83,0.000421889470836656,-0.00019107954565389704
7.84,0.0004267027238458427,-0.0001902419551143414
7.85,0.0004315064297933018,-0.00018939455414687228
7.86,0.0004363003981678374,-0.00018853736262061533
7.87,0.00044108443866050723,-0.0001876704009413343
7.88,0.00044585836117361135,-0.0001867936900512071
7.89,0.0004506219758296683,-0.00018590725142858641
7.9,0.0004553750929803993,-0.00018501110708771303
7.91,0.0004601175232156954,-0.0001841052795784095
7.92,0.00046484907737258754,-0.0001831897919857271
7.93,0.00046956956654420936,-0.0001822646679295772
7.94,0.00047427880208875106,-0.0001813299315643168
7.95,0.00047897659563841114,-0.00018038560757831272
7.96,0.000483662759108336,-0.0001794317211934641
7.97,0.0004883371047055568,-0.0001784682981646983
7.98,0.0004929994449379147,-0.00017749536477943507
7.99,0.0004976495926229798,-0.00017651294785701475
8.0,0.0005022873608969597,-0.000175521074748098
8.01,0.0005069125632235984,-0.00017451977333403465
8.02,0.0005115250134030672,-0.0001735090720261882
8.03,0.0005161245255808419,-0.000172488999765252
8.04,0.0005207109142565728,-0.00017145958602050507
8.05,0.0005252839942929372,-0.0001704208607890557
8.06,0.000529843580924489,-0.0001693728545950518
8.07,0.0005343894897664861,-0.00016831559848884815
8.08,0.0005389215368237115,-0.00016724912404614893
8.09,0.0005434395384992791,-0.00016617346336711826
8.1,0.0005479433116034255,-0.0001650886490754531
8.11,0.0005524326733622857,-0.000163994714317442
8.12,0.0005569074414266537,-0.00016289169276095808
8.13,0.0005613674338807368,-0.0001617796185944616
8.14,0.0005658124692508807,-0.0001606585265259339
8.15,0.0005702423665142799,-0.00015952845178180636
8.16,0.0005746569451076901,-0.00015838943010583603
8.17,0.000579056024936094,-0.00015724149775797117
8.18,0.0005834394263813717,-0.00015608469151316543
8.19,0.0005878069703109448,-0.00015491904866016834
8.2,0.0005921584780864019,-0.0001537446070002953
8.21,0.0005964937715721038,-0.0001525614048461412
8.22,0.0006008126731437719,-0.00015136948102028648
8.23,0.0006051150056970563,-0.00015016887485395824
8.24,0.0006094005926560801,-0.00014895962618565841
8.25,0.0006136692579819672,-0.0001477417753597821
8.26,0.0006179208261813439,-0.00014651536322516547
8.27,0.0006221551223148193,-0.00014528043113364391
8.28,0.0006263719720054553,-0.00014403702093854727
8.29,0.0006305712014471808,-0.0001427851749931882
8.3,0.0006347526374132339,-0.00014152493614929886
8.31,0.000638916107264521,-0.00014025634775544953
8.32,0.0006430614389580069,-0.0001389794536554326
8.33,0.0006471884610550409,-0.00013769429818661489
8.34,0.0006512970027296744,-0.00013640092617826153
8.35,0.0006553868937769504,-0.00013509938294982822
8.36,0.0006594579646211694,-0.0001337897143092181
8.37,0.0006635100463241205,-0.00013247196655101362
8.38,0.0006675429705932958,-0.00013114618645468568
8.39,0.0006715565697900658,-0.00012981242128275018
8.4,0.0006755506769378445,-0.00012847071877891388
8.41,0.0006795251257302006,-0.000127121127166183
8.42,0.0006834797505389673,-0.00012576369514494414
8.43,0.0006874143864223028,-0.00012439847189101152
8.44,0.0006913288691327269,-0.00012302550705364784
8.45,0.000695223035125133,-0.00012164485075354928
8.46,0.000699096721564762,-0.00012025655358081276
8.47,0.0007029497663351525,-0.00011886066659286023
8.48,0.0007067820080460487,-0.00011745724131234104
8.49,0.0007105932860412879,-0.00011604632972500569
8.5,0.0007143834404066497,-0.00011462798427754328
8.51,0.0007181523119776731,-0.00011320225787539937
8.52,0.0007218997423474396,-0.00011176920388055536
8.53,0.0007256255738743271,-0.00011032887610928715
8.54,0.0007293296496897268,-0.00010888132882988852
8.55,0.0007330118137057167,-0.00010742661676036763
8.56,0.0007366719106227256,-0.00010596479506612295
8.57,0.0007403097859371253,-0.00010449591935757314
8.58,0.0007439252859488242,-0.00010302004568777332
8.59,0.0007475182577687977,-0.00010153723055000362
8.6,0.000751088549326598,-0.00010004753087531506
8.61,0.0007546360093778141,-9.855100403006843e-5
8.62,0.0007581604875115066,-9.704770781342501e-5
8.63,0.0007616618341576,-9.553770045482017e-5
8.64,0.0007651399005942333,-9.402104061141319e-5
8.65,0.0007685945389550722,-9.249778736549858e-5
8.66,0.0007720256022365987,-9.09680002218986e-5
8.67,0.00077543294430533,-8.943173910532218e-5
8.68,0.0007788164199050283,-8.788906435770909e-5
8.69,0.0007821758846638546,-8.634003673552867e-5
8.7,0.0007855111951014821,-8.478471740706668e-5
8.71,0.0007888222086361775,-8.322316794968153e-5
8.72,0.0007921087835918291,-8.165545034703194e-5
8.73,0.0007953707792049426,-8.008162698627889e-5
8.74,0.0007986080556315985,-7.850176065526212e-5
8.75,0.0008018204739543449,-7.691591453965404e-5
8.76,0.0008050078961890791,-7.532415222007887e-5
8.77,0.0008081701852918569,-7.372653766921779e-5
8.78,0.000811307205165684,-7.212313524887726e-5
8.79,0.0008144188206672386,-7.051400970704312e-5
8.8,0.0008175048976135736,-6.88992261748938e-5
8.81,0.0008205653027887536,-6.727885016381316e-5
8.82,0.0008235999039504607,-6.565294756235009e-5
8.83,0.00082660856983655,-6.402158463317213e-5
8.84,0.0008295911701715617,-6.238482800999398e-5
8.85,0.0008325475756731782,-6.074274469446827e-5
8.86,0.0008354776580586505,-5.909540205306932e-5
8.87,0.0008383812900511655,-5.74428678139394e-5
8.88,0.0008412583453861692,-5.57852100637196e-5
8.89,0.0008441086988176445,-5.4122497244352485e-5
8.9,0.0008469322261243407,-5.24547981498625e-5
8.91,0.0008497288041159535,-5.0782181923113065e-5
8.92,0.0008524983106392606,-4.9104718052542586e-5
8.93,0.0008552406245841974,-4.7422476368876516e-5
8.94,0.0008579556258899034,-4.5735527041811555e-5
8.95,0.0008606431955506959,-4.404394057668343e-5
8.96,0.000863303215622018,-4.2347787811115205e-5
8.97,0.0008659355692263102,-4.064713991163423e-5
8.98,0.0008685401405588594,-3.89420683702706e-5
8.99,0.0008711168148935732,-3.7232645001140347e-5
9.0,0.0008736654785887208,-3.55189419369958e-5
9.01,0.0008761860190926135,-3.380103162576492e-5
9.02,0.0008786783249492316,-3.207898682706161e-5
9.03,0.0008811422858038115,-3.0352880608681458e-5
9.04,0.0008835777924083674,-2.862278634307143e-5
9.05,0.0008859847366271674,-2.6888777703778303e-5
9.06,0.0008883630114421523,-2.5150928661889756e-5
9.07,0.0008907125109583089,-2.3409313482432736e-5
9.08,0.0008930331304089898,-2.1664006720771042e-5
9.09,0.0008953247661611617,-1.9915083218974997e-5
9.1,0.0008975873157206308,-1.8162618102170948e-5
9.11,0.0008998206777371775,-1.6406686774878112e-5
9.12,0.0009020247520096765,-1.464736491731555e-5
9.13,0.0009041994394911284,-1.2884728481696924e-5
9.14,0.000906344642293656,-1.1118853688510844e-5
9.15,0.000908460263693428,-9.349817022771877e-6
9.16,0.0009105462081355643,-7.577695230259535e-6
9.17,0.0009126023812389274,-5.802565313742894e-6
9.18,0.000914628689800915,-4.024504529177104e-6
9.19,0.0009166250418021596,-2.243590381890934e-6
9.2,0.0009185913464111882,-4.5990062275532947e-7
9.21,0.0009205275139890177,1.3264867556692088e-6
9.22,0.000922433456093703,3.115493522998164e-6
9.23,0.0009243090854848109,4.9070412149066755e-6
9.24,0.0009261543161278567,6.701051137030006e-6
9.25,0.0009279690631986728,8.497444368880388e-6
9.26,0.0009297532430877139,1.0296141767779434e-5
9.27,0.0009315067734043126,1.2097063972806261e-5
9.28,0.0009332295729808835,1.3900131408761967e-5
9.29,0.0009349215618770469,1.5705264290150054e-5
9.3,0.0009365826613837155,1.751238262516994e-5
9.31,0.0009382127940271086,1.932140621972535e-5
9.32,0.0009398118835727154,2.113225468145374e-5
9.33,0.0009413798550291963,2.294484742375786e-5
9.34,0.0009429166346522175,2.4759103669866194e-5
9.35,0.0009444221499482463,2.6574942456895674e-5
9.36,0.0009458963296782491,2.839228263993242e-5
9.37,0.0009473391038613768,3.021104289612834e-5
9.38,0.0009487504037785516,3.203114172880837e-5
9.39,0.0009501301619760153,3.385249747158923e-5
9.4,0.0009514783122687978,3.5675028292516096e-5
9.41,0.0009527947897441521,3.749865219820655e-5
9.42,0.000954079530764898,3.932328703801004e-5
9.43,0.0009553324729727271,4.114885050817883e-5
9.44,0.0009565535552914327,4.297526015604882e-5
9.45,0.0009577427179300888,4.480243338423592e-5
9.46,0.0009588999023861602,4.6630287454840766e-5
9.47,0.0009600250514485532,4.845873949366384e-5
9.48,0.0009611181092006012,5.0287706494434964e-5
9.49,0.0009621790210229966,5.2117105323050455e-5
9.5,0.0009632077335966471,5.394685272182148e-5
9.51,0.0009642041949054868,5.57768653137342e-5
9.52,0.0009651683542392086,5.760705960671597e-5
9.53,0.0009661001621959402,5.943735199791446e-5
9.54,0.0009669995706848642,6.126765877798685e-5
9.55,0.0009678665329287603,6.30978961353941e-5
9.56,0.0009687010034664955,6.492798016070776e-5
9.57,0.0009695029381554577,6.675782685092421e-5
9.58,0.0009702722941739026,6.858735211378709e-5
9.59,0.0009710090300232598,7.04164717721187e-5
9.6,0.0009717131055303646,7.224510156815754e-5
9.61,0.0009723844818496284,7.40731571679054e-5
9.62,0.0009730231214651468,7.590055416548111e-5
9.63,0.0009736289881927443,7.772720808748088e-5
9.64,0.0009742020471819471,7.955303439734629e-5
9.65,0.0009747422649179033,8.137794849973823e-5
9.66,0.0009752496092232329,8.32018657449185e-5
9.67,0.0009757240492598174,8.502470143313497e-5
9.68,0.0009761655555305138,8.684637081901607e-5
9.69,0.0009765740998808196,8.866678911596739e-5
9.7,0.0009769496555004692,9.0485871500576e-5
9.71,0.000977292196924955,9.230353311701947e-5
9.72,0.0009776017000369985,9.411968908147759e-5
9.73,0.0009778781420679463,9.593425448655269e-5
9.74,0.0009781215015991084,9.774714440569004e-5
9.75,0.0009783317585630293,9.955827389760575e-5
9.76,0.0009785088942446882,0.00010136755801071503
9.77,0.000978652891282651,0.00010317491178756807
9.78,0.0009787637336701328,0.00010498025026928521
9.79,0.0009788414067560215,0.00010678348849999786
9.8,0.0009788858972458203,0.00010858454153129094
9.81,0.000978897193202517,0.00011038332442664717
9.82,0.0009788752840474244,0.00011217975226589668
9.83,0.0009788201605609114,0.00011397374014966412
9.84,0.0009787318148830975,0.0001157652032038215
9.85,0.0009786102405144662,0.00011755405658394004
9.86,0.0009784554323164396,0.00011934021547974336
9.87,0.000978267386511847,0.000121123595119563
9.88,0.0009780461006853637,0.00012290411077479465
9.89,0.0009777915737838652,0.00012468167776435126
9.9,0.0009775038061167324,0.00012645621145912148
9.91,0.000977182799356067,0.00012822762728642467
9.92,0.0009768285565368736,0.00012999584073446703
9.93,0.0009764410820571435,0.0001317607673567945
9.94,0.0009760203816779012,0.0001335223227767498
9.95,0.0009755664625231687,0.00013528042269192163
9.96,0.000975079333079876,0.00013703498287859987
9.97,0.0009745590031976885,0.00013878591919622222
9.98,0.0009740054840887961,0.00014053314759182348
9.99,0.0009734187883276146,0.00014227658410448187
10.0,0.0009727989298504331,0.00014401614486976135
10.01,0.00097214592395499,0.00014575174612415146
10.02,0.0009714597872999964,0.0001474833042095061
10.03,0.0009707405379045728,0.000149210735577478
10.04,0.0009699881951476476,0.00015093395679394836
10.05,0.0009692027797672671,0.00015265288454345508
10.06,0.0009683843138598634,0.00015436743563361575
10.07,0.0009675328208794281,0.000156077526999545
10.08,0.0009666483256366568,0.0001577830757082726
10.09,0.0009657308542979973,0.00015948399896314848
10.1,0.000964780434384658,0.00016118021410825142
10.11,0.0009637970947715299,0.00016287163863278457
10.12,0.0009627808656860646,0.00016455819017547325
10.13,0.0009617317787070749,0.0001662397865289505
10.14,0.0009606498667634766,0.00016791634564413755
10.15,0.0009595351641329609,0.00016958778563462462
10.16,0.0009583877064406144,0.00017125402478103432
10.17,0.0009572075306574601,0.0001729149815353882
10.18,0.0009559946750989441,0.00017457057452546003
10.19,0.0009547491794233614,0.00017622072255912404
10.2,0.0009534710846302038,0.00017786534462869465
10.21,0.000952160433058468,0.00017950435991526115
10.22,0.0009508172683848678,0.0001811376877930093
10.23,0.0009494416356220193,0.00018276524783354076
10.24,0.0009480335811165329,0.00018438695981017834
10.25,0.0009465931525470595,0.00018600274370226606
10.26,0.0009451203989222637,0.00018761251969945616
10.27,0.0009436153705787505,0.00018921620820599463
10.28,0.0009420781191789041,0.00019081372984498793
10.29,0.0009405086977086886,0.00019240500546266584
10.3,0.0009389071604753679,0.00019398995613263004
10.31,0.0009372735631051771,0.00019556850316009873
10.32,0.0009356079625409245,0.00019714056808613415
10.33,0.0009339104170395318,0.0001987060726918628
10.34,0.0009321809861695127,0.00020026493900268308
10.35,0.0009304197308083922,0.000201817089292462
10.36,0.0009286267131400637,0.00020336244608772284
10.37,0.0009268019966520879,0.00020490093217181816
10.38,0.0009249456461329132,0.00020643247058908795
10.39,0.0009230577276690606,0.00020795698464901402
10.4,0.0009211383086422367,0.00020947439793035603
10.41,0.0009191874577263779,0.00021098463428527255
10.42,0.000917205244884641,0.000212487617843436
10.43,0.0009151917413663389,0.00021398327301612926
10.44,0.0009131470197038043,0.00021547152450033125
10.45,0.0009110711537092104,0.00021695229728278497
10.46,0.0009089642184713052,0.0002184255166440597
10.47,0.0009068262903521197,0.00021989110816259005
10.48,0.0009046574469835844,0.00022134899771870413
10.49,0.0009024577672641103,0.0002227991114986422
10.5,0.0009002273313550964,0.0002242413759985519
10.51,0.0008979662206773893,0.00022567571802847045
10.52,0.0008956745179076755,0.00022710206471630127
10.53,0.0008933523069748147,0.00022852034351175695
10.54,0.0008909996730561262,0.0002299304821903069
10.55,0.000888616702573606,0.00023133240885709163
10.56,0.0008862034831900846,0.00023272605195083203
10.57,0.0008837601038053449,0.00023411134024771586
10.58,0.0008812866545521585,0.0002354882028652717
10.59,0.0008787832267922792,0.00023685656926622321
10.6,0.0008762499131123819,0.0002382163692623309
10.61,0.0008736868073199344,0.000239567533018209
10.62,0.0008710940044390221,0.00024090999105513117
10.63,0.0008684716007061086,0.00024224367425481426
10.64,0.0008658196935657477,0.0002435685138631879
10.65,0.0008631383816662357,0.00024488444149414534
10.66,0.0008604277648552054,0.0002461913891332734
10.67,0.0008576879441751763,0.0002474892891415641
10.68,0.0008549190218590304,0.0002487780742591108
10.69,0.0008521211013254542,0.0002500576776087789
10.7,0.0008492942871743123,0.00025132803269986727
10.71,0.0008464386851819703,0.00025258907343174143
10.72,0.0008435544022965687,0.0002538407340974504
10.73,0.0008406415466332334,0.0002550829493873204
10.74,0.0008377002274692419,0.0002563156543925354
10.75,0.0008347305552391289,0.00025753878460869537
10.76,0.000831732641529749,0.0002587522759393467
10.77,0.0008287065990752729,0.0002599560646994999
10.78,0.0008256525417521454,0.0002611500876191248
10.79,0.000822570584573981,0.00026233428184662235
10.8,0.0008194608436864065,0.00026350858495227924
10.81,0.000816323436361871,0.00026467293493169454
10.82,0.0008131584809943782,0.00026582727020919275
10.83,0.00080996609709418,0.00026697152964120694
10.84,0.0008067464052824285,0.00026810565251964946
10.85,0.0008034995272857596,0.0002692295785752483
10.86,0.0008002255859308406,0.0002703432479808711
10.87,0.0007969247051388618,0.00027144660135482607
10.88,0.0007935970099199793,0.00027253957976412796
10.89,0.0007902426263677097,0.0002736221247277611
10.9,0.000786861681653274,0.0002746941782198998
10.91,0.0007834543040198951,0.0002757556826731185
10.92,0.000780020622777045,0.0002768065809815742
10.93,0.0007765607682946508,0.00027784681650415996
10.94,0.000773074871997237,0.0002788763330676498
10.95,0.0007695630663580395,0.00027989507496979416
10.96,0.0007660254848930609,0.00028090298698241927
10.97,0.0007624622621550824,0.0002819000143544847
10.98,0.0007588735337276319,0.00028288610281511985
10.99,0.0007552594362188939,0.00028386119857663793
11.0,0.0007516201072555964,0.00028482524833751976
11.01,0.0007479556854768302,0.0002857781992853829
11.02,0.0007442663105278315,0.00028671999909991576
11.03,0.0007405521230537257,0.00028765059595578925
11.04,0.0007368132646932185,0.00028856993852554344
11.05,0.0007330498780722437,0.0002894779759824481
11.06,0.0007292621067975728,0.0002903746580033404
11.07,0.0007254500954503782,0.0002912599347714315
11.08,0.0007216139895797482,0.0002921337569790851
11.09,0.0007177539356961689,0.0002929960758305847
11.1,0.0007138700812649546,0.00029384684304485274
11.11,0.0007099625746996448,0.000294686010858156
11.12,0.0007060315653553544,0.0002955135320267905
11.13,0.0007020772035220797,0.0002963293598297152
11.14,0.0006980996404179715,0.00029713344807119185
11.15,0.0006940990281825619,0.0002979257510833681
11.16,0.0006900755198699499,0.0002987062237288459
11.17,0.0006860292694419545,0.0002994748214032292
11.18,0.0006819604317612197,0.0003002315000376312
11.19,0.0006778691625842821,0.0003009762161011576
11.2,0.0006737556185546062,0.00030170892660336563
11.21,0.0006696199571955747,0.0003024295890966944
11.22,0.0006654623369034406,0.0003031381616788653
11.23,0.0006612829169402492,0.0003038346029952464
11.24,0.0006570818574267075,0.00030451887224120807
11.25,0.0006528593193350391,0.00030519092916443213
11.26,0.0006486154644817772,0.00030585073406719747
11.27,0.0006443504555205459,0.00030649824780863667
11.28,0.0006400644559347823,0.0003071334318069719
11.29,0.0006357576300304433,0.0003077562480417024
11.3,0.0006314301429286675,0.00030836665905578653
11.31,0.0006270821605583987,0.000308964627957778
11.32,0.0006227138496489834,0.0003095501184239348
11.33,0.0006183253777227357,0.0003101230947003058
11.34,0.0006139169130874524,0.00031068352160477816
11.35,0.0006094886248289202,0.0003112313645291081
11.36,0.0006050406828033638,0.0003117665894409014
11.37,0.0006005732576298867,0.00031228916288558533
11.38,0.0005960865206828559,0.0003127990519883418
11.39,0.0005915806440842741,0.00031329622445600393
11.4,0.0005870558006961158,0.0003137806485789314
11.41,0.0005825121641126209,0.00031425229323285027
11.42,0.0005779499086525752,0.0003147111278806658
11.43,0.0005733692093515516,0.0003151571225742439
11.44,0.000568770241954119,0.0003155902479561603
11.45,0.0005641531829060303,0.00031601047526141614
11.46,0.0005595182093463781,0.0003164177763191314
11.47,0.0005548654990997181,0.0003168121235541991
11.48,0.0005501952306681679,0.00031719348998891366
11.49,0.0005455075832234814,0.0003175618492445626
11.5,0.0005408027365990874,0.00031791717554299174
11.51,0.0005360808712821139,0.0003182594437081426
11.52,0.0005313421684053699,0.00031858862916754333
11.53,0.0005265868097393181,0.0003189047079537881
11.54,0.00052181497768401,0.00031920765670597276
11.55,0.0005170268552610001,0.00031949745267109627
11.56,0.0005122226261052368,0.00031977407370544224
11.57,0.0005074024744569261,0.0003200374982759175
11.58,0.0005025665851533727,0.0003202877054613652
11.59,0.0004977151436207989,0.00032052467495384616
11.6,0.000492848335866138,0.0003207483870598841
11.61,0.0004879663484688029,0.0003209588227016771
11.62,0.00048306936857244446,0.0003211559634182911
11.63,0.00047815758387666864,0.00032133979136679964
11.64,0.0004732311826287528,0.0003215102893234111
11.65,0.00046829035361532344,0.0003216674406845509
11.66,0.0004633352861540228,0.0003218112294679222
11.67,0.0004583661700851553,0.00032194164031351744
11.68,0.00045338319576331286,0.0003220586584846176
11.69,0.0004483865540489756,0.0003221622698687446
11.7,0.0004433764363001037,0.00032225246097858715
11.71,0.00043835303436370377,0.0003223292189528959
11.72,0.0004333165405673784,0.0003223925315573345
11.73,0.0004282671477108573,0.0003224423871853166
11.74,0.0004232050490575152,0.00032247877485879487
11.75,0.0004181304383258682,0.0003225016842290222
11.76,0.00041304350968105694,0.0003225111055772831
11.77,0.00040794445772631083,0.0003225070298155886
11.78,0.0004028334774944015,0.00032248944848733567
11.79,0.00039771076443907553,0.00032245835376794584
11.8,0.00039257651442647587,0.00032241373846545444
11.81,0.0003874309237265505,0.00032235559602108023
11.82,0.0003822741890044429,0.0003222839205097574
11.83,0.00037710650731186883,0.0003221987066406297
11.84,0.00037192807607848807,0.0003220999497575197
11.85,0.00036673909310325567,0.00032198764583936433
11.86,0.0003615397565457616,0.00032186179150060567
11.87,0.00035633026491756474,0.00032172238399157105
11.88,0.00035111081707350723,0.00032156942119879363
11.89,0.00034588161220302604,0.0003214029016453202
11.9,0.00034064284982144785,0.0003212228244909804
11.91,0.00033539472976127716,0.00032102918953261705
11.92,0.00033013745216347364,0.0003208219972042865
11.93,0.00032487121746872295,0.00032060124857743674
11.94,0.0003195962264086949,0.00032036694536103163
11.95,0.0003143126799972936,0.00032011908990166066
11.96,0.00030902077952190446,0.00031985768518360365
11.97,0.0003037207265346323,0.00031958273482886963
11.98,0.00029841272284352306,0.0003192942430972061
11.99,0.00029309697050379453,0.0003189922148860525
12.0,0.00028777367180904845,0.0003186766557304974
12.01,0.00028244302928248475,0.0003183475718031682
12.02,0.00027710524566810395,0.0003180049699141105
12.03,0.00027176052392191086,0.0003176488575106212
12.04,0.00026640906720310945,0.00031727924267706096
12.05,0.0002610510788652946,0.0003168961341346128
12.06,0.00025568676244764504,0.00031649954124104084
12.07,0.00025031632166610255,0.0003160894739903781
12.08,0.00024493996040455906,0.0003156659430126134
12.09,0.0002395578827060379,0.0003152289595733233
12.1,0.00023417029276386877,0.00031477853557329094
12.11,0.0002287773949128685,0.0003143146835480647
12.12,0.00022337939362051544,0.0003138374166675139
12.13,0.00021797649347812483,0.00031334674873533674
12.14,0.00021256889919202778,0.00031284269418853155
12.15,0.00020715681557474018,0.0003123252680968472
12.16,0.00020174044753614486,0.0003117944861621917
12.17,0.00019632000007466566,0.00031125036471800564
12.18,0.0001908956782684482,0.00031069292072862447
12.19,0.00018546768726653899,0.000310122171788574
12.2,0.00018003623228006956,0.0003095381361218654
12.21,0.00017460151857344046,0.0003089408325812383
12.22,0.0001691637514555151,0.00030833028064737854
12.23,0.00016372313627080587,0.0003077065004280997
12.24,0.00015827987839067394,0.00030706951265750584
12.25,0.00015283418320453034,0.0003064193386950994
12.26,0.00014738625611104142,0.0003057560005248749
12.27,0.0001419363025093398,0.00030507952075437293
12.28,0.00013648452779024017,0.000304389922613708
12.29,0.00013103113732746463,0.0003036872299545517
12.3,0.00012557633646886752,0.00030297146724910613
12.31,0.00012012033052767883,0.0003022426595890163
12.32,0.00011466332477373949,0.0003015008326842835
12.33,0.00010920552442475755,0.0003007460128621114
12.34,0.00010374713463756536,0.00029997822706575667
12.35,9.82883604993905e-5,0.00029919750285331624
12.36,9.2829407019129e-5,0.0002984038683965073
12.37,8.737047911863279e-5,0.00029759735247940225
12.38,8.191178162400639e-5,0.0002967779844971346
12.39,7.645351925691479e-5,0.00029594579445457844
12.4,7.099589662589481e-5,0.0002951008129649911
12.41,6.553911821768729e-5,0.0002942430712486221
12.42,6.0083388388574754e-5,0.00029337260113131077
12.43,5.4628911355732674e-5,0.00029248943504302287
12.44,4.917589118859183e-5,0.00029159360601637606
12.45,4.372453180021369e-5,0.00029068514768513696
12.46,3.827503693867993e-5,0.00028976409428267084
12.47,3.282761017849627e-5,0.00028883048064037793
12.48,2.738245491200247e-5,0.0002878843421860888
12.49,2.193977434080755e-5,0.0002869257149424368
12.5,1.6499771467232242e-5,0.00028595463552518884
12.51,1.106264908576783e-5,0.00028497114114155886
12.52,5.628609774552717e-6,0.0002839752695884873
12.53,1.978558868615042e-7,0.0002829670592508823
12.54,-5.22941045738882e-6,0.0002819465490998456
12.55,-1.065298738011537e-5,0.00028091377869085137
12.56,-1.6072673253526135e-5,0.0002798687881619152
12.57,-2.148826670856844e-5,0.00027881161823171567
12.58,-2.6899566643350756e-5,0.00027774231019769786
12.59,-3.2306372231549544e-5,0.0002766609059341427
12.6,-3.770848293079885e-5,0.0002755674478902075
12.61,-4.3105698491058675e-5,0.00027446197908793875
12.62,-4.849781896296838e-5,0.00027334454312025213
12.63,-5.388464470617538e-5,0.0002722151841488914
12.64,-5.9265976397643465e-5,0.0002710739469023561
12.65,-6.464161503995146e-5,0.0002699208766737875
12.66,-7.001136196955634e-5,0.00026875601931884664
12.67,-7.537501886504576e-5,0.0002675794212535507
12.68,-8.073238775536323e-5,0.00026639112945208815
12.69,-8.608327102801657e-5,0.0002651911914445939
12.7,-9.14274714372601e-5,0.00026397965531491536
12.71,-9.676479211225659e-5,0.0002627565696983342
12.72,-0.00010209503656521213,0.00026152198377926586
12.73,-0.00010741800869949687,0.0002602759472889372
12.74,-0.00011273351281773346,0.0002590185105030232
12.75,-0.00011804135362986402,0.00025774972423927645
12.76,-0.0001233413362611927,0.0002564696398550981
12.77,-0.00012863326626040672,0.0002551783092451253
12.78,-0.0001339169496075687,0.0002538757848387512
12.79,-0.0001391921927220817,0.0002525621195976399
12.8,-0.00014445880247063774,0.00025123736701320365
12.81,-0.00014971658617512527,0.00024990158110407124
12.82,-0.00015496535162052931,0.0002485548164135097
12.83,-0.00016020490706278667,0.00024719712800682714
12.84,-0.00016543506123662218,0.00024582857146875374
12.85,-0.00017065562336336348,0.0002444492029007929
12.86,-0.00017586640315871277,0.000243059078918552
12.87,-0.00018106721084050736,0.00024165825664903136
12.88,-0.0001862578571364385,0.00024024679372791182
12.89,-0.00019143815329174604,0.00023882474829679888
12.9,-0.00019660791107688802,0.00023739217900044593
12.91,-0.0002017669427951772,0.00023594914498395675
12.92,-0.00020691506129038253,0.0002344957058899593
12.93,-0.00021205207995431274,0.0002330319218557558
12.94,-0.00021717781273435492,0.00023155785351044832
12.95,-0.00022229207414099818,0.0002300735619720431
12.96,-0.0002273946792553104,0.00022857910884451833
12.97,-0.00023248544373639398,0.00022707455621489
12.98,-0.0002375641838288091,0.0002255599666502313
12.99,-0.0002426307163699587,0.00022403540319468243
13.0,-0.00024768485879744724,0.00022250092936643043
13.01,-0.00025272642915640523,0.00022095660915467098
13.02,-0.00025775524610677843,0.00021940250701654043
13.03,-0.0002627711289305854,0.0002178386878740267
13.04,-0.0002677738975391426,0.00021626521711086595
13.05,-0.00027276337248025544,0.00021468216056940183
13.06,-0.0002777393749453701,0.00021308958454743454
13.07,-0.0002827017267766988,0.00021148755579503898
13.08,-0.0002876502504743042,0.00020987614151136698
13.09,-0.00029258476920315346,0.00020825540934142682
13.1,-0.00029750510680013047,0.00020662542737283295
13.11,-0.00030241108778101704,0.00020498626413254875
13.12,-0.00030730253734743995,0.0002033379885835913
13.13,-0.00031217928139377584,0.00020168067012173003
13.14,-0.00031704114651402287,0.00020001437857215029
13.15,-0.00032188796000863804,0.00019833918418611112
13.16,-0.0003267195498913311,0.00019665515763756783
13.17,-0.00033153574489582687,0.00019496237001978144
13.18,-0.0003363363744825872,0.00019326089284190843
13.19,-0.00034112126884549394,0.0001915507980255687
13.2,-0.0003458902589184981,0.00018983215790139345
13.21,-0.0003506431763822252,0.00018810504520555045
13.22,-0.000355379853670542,0.00018636953307625738
13.23,-0.00036010012397709186,0.00018462569505026604
13.24,-0.00036480382126178137,0.00018287360505933581
13.25,-0.0003694907802572318,0.00018111333742668314
13.26,-0.000374160836475194,0.000179344966863419
13.27,-0.0003788138262129101,0.0001775685684649443
13.28,-0.00038344958655945537,0.00017578421770737164
13.29,-0.00038806795540202325,0.0001739919904438824
13.3,-0.0003926687714321728,0.00017219196290109288
13.31,-0.00039725187415203943,0.00017038421167539153
13.32,-0.0004018171038805013,0.00016856881372926904
13.33,-0.00040636430175930747,0.00016674584638761463
13.34,-0.00041089330975915345,0.00016491538733401384
13.35,-0.00041540397068573406,0.0001630775146070122
13.36,-0.00041989612818573195,0.00016123230659637554
13.37,-0.00042436962675278006,0.00015937984203932682
13.38,-0.00042882431173337676,0.00015752020001676362
13.39,-0.00043326002933274807,0.0001556534599494716
13.4,-0.0004376766266206903,0.0001537797015943029
13.41,-0.00044207395153733815,0.00015189900504036194
13.42,-0.00044645185289891723,0.0001500114507051507
13.43,-0.0004508101804034327,0.0001481171193307233
13.44,-0.00045514878463633046,0.000146216091979804
13.45,-0.00045946751707609843,0.0001443084500319019
13.46,-0.00046376623009983123,0.00014239427517941076
13.47,-0.0004680447769887534,0.00014047364942369143
13.48,-0.00047230301193368585,0.00013854665507113603
13.49,-0.00047654079004048747,0.00013661337472922557
13.5,-0.0004807579673354273,0.0001346738913025733
13.51,-0.00048495440077052474,0.00013272828798894493
13.52,-0.0004891299482288465,0.00013077664827527632
13.53,-0.0004932844685297513,0.0001288190559336674
13.54,-0.000497417821434086,0.00012685559501738098
13.55,-0.0005015298676493455,0.00012488634985679934
13.56,-0.0005056204688347756,0.00012291140505540045
13.57,-0.0005096894876064385,0.00012093084548569863
13.58,-0.0005137367875422219,0.00011894475628518148
13.59,-0.0005177622331868086,0.00011695322285223683
13.6,-0.0005217656900565952,0.00011495633084206344
13.61,-0.0005257470246445655,0.00011295416616256968
13.62,-0.0005297061044251115,0.00011094681497026805
13.63,-0.0005336427978588166,0.00010893436366614976
13.64,-0.0005375569743971791,0.00010691689889155153
13.65,-0.0005414485044872941,0.00010489450752401757
13.66,-0.0005453172595764895,0.0001028672766731379
13.67,-0.0005491631121169034,0.00010083529367638897
13.68,-0.000552985935570027,9.879864609495657e-5
13.69,-0.0005567856044111905,9.675742170955852e-5
13.7,-0.0005605619941339912,9.471170851623926e-5
13.71,-0.0005643149812546991,9.266159472217647e-5
13.72,-0.0005680444433165788,9.060716874146519e-5
13.73,-0.000571750258894199,8.854851919089677e-5
13.74,-0.0005754323075976555,8.648573488572478e-5
13.75,-0.0005790904700767738,8.441890483543274e-5
13.76,-0.0005827246280252495,8.234811823948532e-5
13.77,-0.0005863346641847309,8.027346448306686e-5
13.78,-0.0005899204623488774,7.819503313282773e-5
13.79,-0.0005934819073673375,7.61129139326093e-5
13.8,-0.000597018885149692,7.402719679916407e-5
13.81,-0.000600531282669351,7.193797181786944e-5
13.82,-0.0006040189879673907,6.984532923844608e-5
13.83,-0.0006074818901563416,6.774935947064402e-5
13.84,-0.0006109198794239299,6.565015307994603e-5
13.85,-0.0006143328470367687,6.354780078325238e-5
13.86,-0.0006177206853439841,6.144239344456813e-5
13.87,-0.0006210832877808155,5.93340220706696e-5
13.88,-0.0006244205488721444,5.722277780678522e-5
13.89,-0.0006277323642359725,5.51087519322526e-5
13.9,-0.0006310186305868633,5.2992035856182745e-5
13.91,-0.0006342792457393184,5.0872721113114036e-5
13.92,-0.0006375141086111064,4.875089935866344e-5
13.93,-0.0006407231192265438,4.6626662365165636e-5
13.94,-0.0006439061787197119,4.450010201732484e-5
13.95,-0.0006470631893376427,4.2371310307846995e-5
13.96,-0.0006501940544434359,4.024037933306955e-5
13.97,-0.0006532986785193215,3.81074012885948e-5
13.98,-0.0006563769671696885,3.597246846491853e-5
13.99,-0.0006594288271240468,3.383567324304809e-5
14.0,-0.0006624541662399364,3.16971080901269e-5
14.01,-0.0006654528935057946,2.9556865555050068e-5
14.02,-0.0006684249190437598,2.74150382640779e-5
14.03,-0.0006713701541124295,2.5271718916453386e-5
14.04,-0.0006742885111095657,2.3127000280006105e-5
14.05,-0.0006771799035747416,2.098097518676546e-5
14.06,-0.0006800442461919412,1.883373652857016e-5
14.07,-0.0006828814547921099,1.6685377252665766e-5
14.08,-0.0006856914463556382,1.4535990357319775e-5
14.09,-0.0006884741390148097,1.2385668887415294e-5
14.1,-0.0006912294520561851,1.0234505930060515e-5
14.11,-0.0006939573059229343,8.082594610190992e-6
14.12,-0.0006966576222171206,5.9300280861672945e-6
14.13,-0.0006993303237019266,3.776899545381528e-6
14.14,-0.000701975334303832,1.6233021998593368e-6
14.15,-0.0007045925791147298,-5.306707181389475e-7
14.16,-0.0007071819843940062,-2.6849259605172937e-6
14.17,-0.0007097434775705421,-4.839370267733914e-6
14.18,-0.0007122769872446871,-6.9939103732003245e-6
14.19,-0.0007147824431901622,-9.148453007672528e-6
14.2,-0.0007172597763559199,-1.130290490364604e-5
14.21,-0.0007197089188679436,-1.345717279974195e-5
14.22,-0.0007221298040310003,-1.5611163445098452e-5
14.23,-0.0007245223663303333,-1.7764783603755842e-5
14.24,-0.0007268865414333075,-1.991794005904087e-5
14.25,-0.0007292222661909988,-2.207053961794729e-5
14.26,-0.0007315294786397317,-2.4222489115513577e-5
14.27,-0.0007338081180025571,-2.637369541919962e-5
14.28,-0.0007360581246906847,-2.8524065433258326e-5
14.29,-0.0007382794403048671,-3.06735061031027e-5
14.3,-0.0007404720076367053,-3.2821924419674384e-5
14.31,-0.0007426357706699385,-3.496922742379814e-5
14.32,-0.0007447706745816401,-3.7115322210545496e-5
14.33,-0.0007468766657433963,-3.926011593358541e-5
14.34,-0.0007489536917224117,-4.1403515809529085e-5
14.35,-0.0007510017012825589,-4.3545429122275085e-5
14.36,-0.0007530206443853909,-4.5685763227346626e-5
14.37,-0.0007550104721910835,-4.7824425556229546e-5
14.38,-0.0007569711370593358,-4.996132362069073e-5
14.39,-0.0007589025925502131,-5.2096365017108e-5
14.4,-0.0007608047934249359,-5.422945743078016e-5
14.41,-0.0007626776956466161,-5.63605086402418e-5
14.42,-0.000764521256380944,-5.848942652156537e-5
14.43,-0.0007663354339968196,-6.061611905265509e-5
14.44,-0.0007681201880669183,-6.274049431754204e-5
14.45,-0.0007698754793682352,-6.486246051066633e-5
14.46,-0.0007716012698825414,-6.698192594115147e-5
14.47,-0.0007732975227968073,-6.909879903707522e-5
14.48,-0.0007749642025035721,-7.121298834973148e-5
14.49,-0.0007766012746012502,-7.332440255788384e-5
14.5,-0.000778208705894398,-7.543295047200921e-5
14.51,-0.0007797864643939127,-7.753854103854016e-5
14.52,-0.0007813345193172005,-7.964108334408918e-5
14.53,-0.0007828528410882633,-8.174048661967281e-5
14.54,-0.0007843414013377571,-8.383666024492228e-5
14.55,-0.0007858001729029909,-8.59295137522877e-5
14.56,-0.0007872291298278648,-8.801895683122792e-5
14.57,-0.0007886282473627681,-9.010489933240003e-5
14.58,-0.000789997501964409,-9.218725127183174e-5
14.59,-0.0007913368712956187,-9.426592283508705e-5
14.6,-0.0007926463342250737,-9.634082438141897e-5
14.61,-0.0007939258708269857,-9.841186644791675e-5
14.62,-0.0007951754623807257,-0.00010047895975364008
14.63,-0.0007963950913704151,-0.00010254201520374189
14.64,-0.0007975847414844428,-0.00010460094389358156
14.65,-0.0007987443976149436,-0.0001066556571128261
14.66,-0.000799874045857231,-0.00010870606634954332
14.67,-0.0008009736735091572,-0.00011075208329427927
14.68,-0.0008020432690704387,-0.00011279361984412635
14.69,-0.0008030828222419356,-0.00011483058810677873
14.7,-0.0008040923239248512,-0.00011686290040457754
14.71,-0.0008050717662199197,-0.00011889046927854251
14.72,-0.000806021142426507,-0.00012091320749238986
14.73,-0.000806940447041685,-0.0001229310280365429
14.74,-0.0008078296757592387,-0.0001249438441321203
14.75,-0.0008086888254686404,-0.000126951569234924
14.76,-0.0008095178942539508,-0.0001289541170394029
14.77,-0.0008103168813926897,-0.0001309514014826083
14.78,-0.0008110857873546437,-0.00013294333674813651
14.79,-0.0008118246138006305,-0.00013492983727005626
14.8,-0.0008125333635812101,-0.00013691081773682068
14.81,-0.0008132120407353393,-0.00013888619309516972
14.82,-0.0008138606504889979,-0.00014085587855401218
14.83,-0.000814479199253734,-0.00014281978958829986
14.84,-0.0008150676946251902,-0.000144777841942883
14.85,-0.0008156261453815525,-0.0001467299516363502
14.86,-0.0008161545614819761,-0.00014867603496485754
14.87,-0.0008166529540649371,-0.00015061600850594002
14.88,-0.0008171213354465583,-0.0001525497891223046
14.89,-0.0008175597191188679,-0.0001544772939656137
14.9,-0.0008179681197480132,-0.00015639844048025018
14.91,-0.0008183465531724385,-0.00015831314640706438
14.92,-0.0008186950364009935,-0.00016022132978711016
14.93,-0.00081901358761101,-0.00016212290896535885
14.94,-0.0008193022261463283,-0.00016401780259440155
14.95,-0.0008195609725152592,-0.00016590592963813304
14.96,-0.0008197898483885203,-0.00016778720937541793
14.97,-0.0008199888765971147,-0.00016966156140374108
14.98,-0.0008201580811301568,-0.0001715289056428436
14.99,-0.0008202974871326568,-0.0001733891623383348
15.0,-0.0008204071209032604,-0.00017524225206529348
15.01,-0.0008204870098919309,-0.00017708809573184836
15.02,-0.0008205371826975979,-0.0001789266145827416
15.03,-0.0008205576690657469,-0.00018075773020287416
15.04,-0.0008205484998859716,-0.0001825813645208337
15.05,-0.0008205097071894685,-0.00018439743981240252
15.06,-0.0008204413241465015,-0.00018620587870405033
15.07,-0.0008203433850638062,-0.00018800660417640428
15.08,-0.000820215925381949,-0.00018979953956770572
15.09,-0.000820058981672652,-0.0001915846085772417
15.1,-0.0008198725916360578,-0.00019336173526876392
15.11,-0.0008196567940979604,-0.00019513084407388236
15.12,-0.0008194116290069812,-0.00019689185979544454
15.13,-0.0008191371374317121,-0.0001986447076108934
15.14,-0.0008188333615577994,-0.0002003893130756049
15.15,-0.0008185003446849881,-0.00020212560212620628
15.16,-0.000818138131224133,-0.00020385350108387726
15.17,-0.0008177467666941467,-0.00020557293665762364
15.18,-0.0008173262977189164,-0.0002072838359475402
15.19,-0.0008168767720241745,-0.0002089861264480482
15.2,-0.0008163982384343191,-0.00021067973605110954
15.21,-0.0008158907468691986,-0.0002123645930494271
15.22,-0.0008153543483408508,-0.00021404062613961913
15.23,-0.0008147890949501985,-0.000215707764425376
15.24,-0.0008141950398836985,-0.00021736593742059212
15.25,-0.0008135722374099544,-0.0002190150750524805
15.26,-0.0008129207428762798,-0.0002206551076646629
15.27,-0.0008122406127052297,-0.00022228596602024247
15.28,-0.0008115319043910728,-0.0002239075813048499
15.29,-0.000810794676496244,-0.000225519885129671
15.3,-0.0008100289886477343,-0.00022712280953445093
15.31,-0.0008092349015334527,-0.0002287162869904785
15.32,-0.0008084124768985394,-0.00023030025040354587
15.33,-0.0008075617775416447,-0.00023187463311688742
15.34,-0.0008066828673111622,-0.0002334393689140953
15.35,-0.0008057758111014175,-0.00023499439202201444
15.36,-0.0008048406748488308,-0.00023653963711361135
15.37,-0.0008038775255280246,-0.00023807503931082502
15.38,-0.0008028864311478946,-0.00023960053418738982
15.39,-0.000801867460747649,-0.0002411160577716384
15.4,-0.0008008206843928042,-0.00024262154654928128
15.41,-0.0007997461731711266,-0.0002441169374661643
15.42,-0.0007986439991885679,-0.00024560216793099624
15.43,-0.0007975142355651269,-0.0002470771758180658
15.44,-0.0007963569564306956,-0.00024854189946991876
15.45,-0.000795172236920856,-0.0002499962777000249
15.46,-0.0007939601531726486,-0.00025144024979541533
15.47,-0.0007927207823202874,-0.00025287375551929445
15.48,-0.0007914542024908567,-0.0002542967351136324
15.49,-0.0007901604927999533,-0.00025570912930173014
15.5,-0.0007888397333473054,-0.0002571108792907589
15.51,-0.000787492005212341,-0.00025850192677428233
15.52,-0.0007861173904497348,-0.0002598822139347438
15.53,-0.0007847159720849082,-0.00026125168344593894
15.54,-0.0007832878341094916,-0.00026261027847545643
15.55,-0.0007818330614767612,-0.000263957942687097
15.56,-0.0007803517400970329,-0.0002652946202432697
15.57,-0.000778843956833022,-0.0002666202558073575
15.58,-0.0007773097994951654,-0.0002679347945460656
15.59,-0.0007757493568369147,-0.00026923818213173546
15.6,-0.0007741627185499943,-0.00027053036474463917
15.61,-0.0007725499752596143,-0.00027181128907525365
15.62,-0.0007709112185196668,-0.00027308090232649324
15.63,-0.0007692465408078718,-0.0002743391522159354
15.64,-0.0007675560355209031,-0.00027558598697800834
15.65,-0.0007658397969694696,-0.0002768213553661569
15.66,-0.0007640979203733751,-0.00027804520665498526
15.67,-0.0007623305018565294,-0.000279257490642368
15.68,-0.0007605376384419475,-0.0002804581576515406
15.69,-0.0007587194280466983,-0.000281647158533161
15.7,-0.0007568759694768303,-0.0002828244446673455
15.71,-0.0007550073624222668,-0.0002839899679656806
15.72,-0.0007531137074516644,-0.0002851436808732018
15.73,-0.0007511951060072416,-0.0002862855363703575
15.74,-0.0007492516603995829,-0.00028741548797493705
15.75,-0.0007472834738023998,-0.0002885334897439728
15.76,-0.0007452906502472773,-0.0002896394962756224
15.77,-0.000743273294618378,-0.0002907334627110175
15.78,-0.0007412315126471155,-0.0002918153447360896
15.79,-0.0007391654109068129,-0.0002928850985833666
15.8,-0.0007370750968073142,-0.00029394268103374437
15.81,-0.0007349606785895838,-0.00029498804941823116
15.82,-0.0007328222653202554,-0.0002960211616196656
15.83,-0.0007306599668861795,-0.00029704197607440636
15.84,-0.0007284738939889209,-0.000298050451773993
15.85,-0.0007262641581392371,-0.000299046548266785
15.86,-0.0007240308716515318,-0.00030003022565956884
15.87,-0.0007217741476382769,-0.00030100144461914186
15.88,-0.0007194941000044016,-0.0003019601663738646
15.89,-0.0007171908434416769,-0.00030290635271518337
15.9,-0.0007148644934230434,-0.00030383996599913884
15.91,-0.0007125151661969302,-0.0003047609691478328
15.92,-0.0007101429787815603,-0.0003056693256508716
15.93,-0.0007077480489591962,-0.0003065649995667843
15.94,-0.0007053304952703951,-0.00030744795552441266
15.95,-0.0007028904370082158,-0.00030831815872427366
15.96,-0.0007004279942124137,-0.0003091755749398914
15.97,-0.0006979432876636044,-0.00031002017051910604
15.98,-0.0006954364388774087,-0.0003108519123853462
15.99,-0.0006929075700985652,-0.00031167076803888943
16.0,-0.000690356804295035,-0.00031247670555807253
16.01,-0.0006877842651520636,-0.00031326969360050274
16.02,-0.0006851900770662362,-0.0003140497014042065
16.03,-0.000682574365139499,-0.0003148166987887835
16.04,-0.0006799372551731698,-0.00031557065615650894
16.05,-0.000677278873661909,-0.00031631154449341965
16.06,-0.0006745993477876933,-0.00031703933537037196
16.07,-0.000671898805413743,-0.00031775400094406016
16.08,-0.000669177375078446,-0.0003184555139580266
16.09,-0.0006664351859892517,-0.0003191438477436217
16.1,-0.0006636723680165468,-0.00031981897622095215
16.11,-0.0006608890516875161,-0.0003204808738997987
16.12,-0.0006580853681799714,-0.0003211295158804945
16.13,-0.0006552614493161727,-0.0003217648778547859
16.14,-0.0006524174275566222,-0.0003223869361066668
16.15,-0.0006495534359938483,-0.0003229956675131739
16.16,-0.0006466696083461542,-0.00032359104954516287
16.17,-0.0006437660789513696,-0.0003241730602680536
16.18,-0.0006408429827605679,-0.000324741678342545
16.19,-0.0006379004553317718,-0.00032529688302530954
16.2,-0.0006349386328236404,-0.0003258386541696393
16.21,-0.0006319576519891373,-0.0003263669722260964
16.22,-0.000628957650169192,-0.0003268818182431029
16.23,-0.0006259387652863222,-0.00032738317386751874
16.24,-0.0006229011358382699,-0.0003278710213451931
16.25,-0.0006198449008915951,-0.0003283453435214782
16.26,-0.0006167702000752644,-0.0003288061238417198
16.27,-0.0006136771735742335,-0.0003292533463517228
16.28,-0.0006105659621229892,-0.00032968699569818047
16.29,-0.0006074367069991114,-0.0003301070571290812
16.3,-0.0006042895500167825,-0.0003305135164940842
16.31,-0.0006011246335203207,-0.00033090636024487013
16.32,-0.0005979421003776644,-0.00033128557543546405
16.33,-0.0005947420939738725,-0.0003316511497225161
16.34,-0.000591524758204583,-0.00033200307136557777
16.35,-0.0005882902374694898,-0.00033234132922733175
16.36,-0.0005850386766657829,-0.00033266591277379806
16.37,-0.0005817702211815815,-0.000332976812074512
16.38,-0.0005784850168893624,-0.00033327401780268044
16.39,-0.0005751832101393687,-0.0003335575212352973
16.4,-0.0005718649477530159,-0.0003338273142532453
16.41,-0.0005685303770162733,-0.0003340833893413503
16.42,-0.0005651796456730465,-0.0003343257395884334
16.43,-0.0005618129019185493,-0.00033455435868730824
16.44,-0.0005584302943926518,-0.0003347692409347712
16.45,-0.0005550319721732375,-0.00033497038123154766
16.46,-0.000551618084769535,-0.00033515777508222365
16.47,-0.0005481887821154551,-0.0003353314185951398
16.48,-0.0005447442145628958,-0.00033549130848226067
16.49,-0.0005412845328750723,-0.00033563744205901804
16.5,-0.0005378098882198039,-0.0003357698172441215
16.51,-0.0005343204321628187,-0.00033588843255934534
16.52,-0.0005308163166610381,-0.00033599328712928794
16.53,-0.0005272976940558493,-0.00033608438068109966
16.54,-0.0005237647170663908,-0.00033616171354418123
16.55,-0.0005202175387828052,-0.0003362252866498653
16.56,-0.000516656312659505,-0.0003362751015310588
16.57,-0.0005130811925084233,-0.0003363111603218599
16.58,-0.0005094923324922643,-0.0003363334657571548
16.59,-0.0005058898871177331,-0.0003363420211721731
16.6,-0.0005022740112287864,-0.00033633683050202876
16.61,-0.0004986448599998529,-0.0003363178982812342
16.62,-0.0004950025889290585,-0.00033628522964316757
16.63,-0.0004913473538314575,-0.0003362388303195363
16.64,-0.0004876793108322378,-0.00033617870663980366
16.65,-0.0004839986163599441,-0.0003361048655305782
16.66,-0.00048030542713968006,-0.0003360173145149974
16.67,-0.00047659990018632123,-0.00033591606171206614
16.68,-0.00047288219279771767,-0.000335801115835972
16.69,-0.00046915246254789,-0.0003356724861953769
16.7,-0.0004654108672802339,-0.0003355301826926834
16.71,-0.0004616575651007128,-0.0003353742158232659
16.72,-0.0004578927143710602,-0.0003352045966746852
16.73,-0.0004541164737019598,-0.0003350213369258636
16.74,-0.00045032900194625486,-0.000334824448846249
16.75,-0.0004465304581921237,-0.00033461394529493666
16.76,-0.0004427210017562824,-0.00033438983971977477
16.77,-0.0004389007921771732,-0.00033415214615643574
16.78,-0.00043506998920814894,-0.00033390087922747423
16.79,-0.0004312287528106715,-0.00033363605414133947
16.8,-0.00042737724314750094,-0.000333357686691378
16.81,-0.00042351562057589093,-0.00033306579325480127
16.82,-0.0004196440456407763,-0.00033276039079162544
16.83,-0.00041576267906797906,-0.0003324414968435961
16.84,-0.0004118716817573926,-0.0003321091295330764
16.85,-0.00040797121477619577,-0.00033176330756190943
16.86,-0.0004040614393520439,-0.00033140405021025917
16.87,-0.000400142516866278,-0.00033103137733542486
16.88,-0.0003962146088471328,-0.0003306453093706285
16.89,-0.0003922778769629431,-0.00033024586732377504
16.9,-0.0003883324830153681,-0.00032983307277619227
16.91,-0.0003843785889325982,-0.000329406947881334
16.92,-0.0003804163567625863,-0.000328967515363474
16.93,-0.00037644594866627373,-0.0003285147985163619
16.94,-0.0003724675269108145,-0.00032804882120185554
16.95,-0.00036848125386282257,-0.0003275696078485323
16.96,-0.00036448729198160457,-0.000327077183450275
16.97,-0.0003604858038124191,-0.00032657157356482785
16.98,-0.0003564769519797153,-0.0003260528043123346
16.99,-0.0003524608991804073,-0.0003255209023738391
17.0,-0.0003484378081771274,-0.00032497589498978565
17.01,-0.00034440784179151076,-0.000324417809958461
17.02,-0.0003403711628974693,-0.00032384667563444154
17.03,-0.0003363279344144745,-0.0003232625209269992
17.04,-0.0003322783193008641,-0.0003226653752984918
17.05,-0.00032822248054713234,-0.0003220552687627215
17.06,-0.00032416058116924965,-0.00032143223188326993
17.07,-0.0003200927842019754,-0.0003207962957718261
17.08,-0.0003160192526921933,-0.00032014749208645547
17.09,-0.0003119401496922372,-0.00031948585302988457
17.1,-0.0003078556382532505,-0.0003188114113477341
17.11,-0.00030376588141853273,-0.00031812420032673895
17.12,-0.00029967104221690163,-0.00031742425379294127
17.13,-0.0002955712836560832,-0.0003167116061098687
17.14,-0.00029146676871608015,-0.0003159862921766754
17.15,-0.00028735766034258223,-0.00031524834742627174
17.16,-0.00028324412144036177,-0.000314497807823423
17.17,-0.0002791263148667028,-0.0003137347098628298
17.18,-0.000275004403424824,-0.000312959090567188
17.19,-0.00027087854985731973,-0.00031217098748521097
17.2,-0.0002667489168396199,-0.00031137043868965225
17.21,-0.0002626156669734449,-0.00031055748277528724
17.22,-0.00025847896278029725,-0.0003097321588568782
17.23,-0.0002543389666949359,-0.00030889450656712195
17.24,-0.0002501958410588993,-0.00030804456605456194
17.25,-0.00024604974811400307,-0.0003071823779814991
17.26,-0.00024190084999588466,-0.00030630798352185816
17.27,-0.00023774930872754178,-0.00030542142435904725
17.28,-0.00023359528621288926,-0.00030452274268379315
17.29,-0.00022943894423033768,-0.00030361198119194824
17.3,-0.0002252804444263706,-0.0003026891830822812
17.31,-0.00022111994830915942,-0.00030175439205424947
17.32,-0.00021695761724216758,-0.0003008076523057444
17.33,-0.00021279361243779486,-0.00029984900853081606
17.34,-0.00020862809495101226,-0.00029887850591738175
17.35,-0.0002044612256730381,-0.0002978961901449076
17.36,-0.00020029316532501232,-0.00029690210738207365
17.37,-0.0001961240744516867,-0.0002958963042844175
17.38,-0.00019195411341515033,-0.00029487882799195575
17.39,-0.00018778344238854565,-0.0002938497261267858
17.4,-0.00018361222134982786,-0.0002928090467906697
17.41,-0.00017944061007551366,-0.000291756838562596
17.42,-0.00017526876813447716,-0.00029069315049631904
17.43,-0.00017109685488174244,-0.00028961803211788344
17.44,-0.00016692502945229505,-0.00028853153342312676
17.45,-0.00016275345075492998,-0.00028743370487516255
17.46,-0.0001585822774660912,-0.00028632459740184025
17.47,-0.00015441166802375843,-0.0002852042623931928
17.48,-0.00015024178062132383,-0.0002840727516988631
17.49,-0.00014607277320151764,-0.0002829301176255054
17.5,-0.00014190480345032435,-0.00028177641293417787
17.51,-0.00013773802879094414,-0.000280611690837702
17.52,-0.00013357260637775537,-0.00027943600499802916
17.53,-0.00012940869309030354,-0.0002782494095235494
17.54,-0.00012524644552731998,-0.00027705195896642537
17.55,-0.00012108602000073937,-0.0002758437083198738
17.56,-0.00011692757252976568,-0.00027462471301545024
17.57,-0.00011277125883493079,-0.00027339502892030133
17.58,-0.00010861723433220057,-0.0002721547123344134
17.59,-0.00010446565412707901,-0.0002709038199878275
17.6,-0.00010031667300875404,-0.0002696424090378555
17.61,-9.617044544425397e-5,-0.0002683705370662621
17.62,-9.20271255726206e-5,-0.0002670882620764383
17.63,-8.788686719912617e-5,-0.00026579564249055787
17.64,-8.374982378948605e-5,-0.0002644927371467126
17.65,-7.961614846411712e-5,-0.00026317960529603757
17.66,-7.548599399240215e-5,-0.000261856306599809
17.67,-7.135951278699091e-5,-0.0002605229011265421
17.68,-6.723685689811321e-5,-0.0002591794493490541
17.69,-6.311817800792081e-5,-0.0002578260121415255
17.7,-5.9003627424858295e-5,-0.00025646265077654073
17.71,-5.489335607804299e-5,-0.00025508942692210754
17.72,-5.0787514511692074e-5,-0.0002537064026386688
17.73,-4.668625287954578e-5,-0.000252313640376098
17.74,-4.258972093934355e-5,-0.000250911202970672
17.75,-3.849806804729978e-5,-0.000249499153642036
17.76,-3.4411443152627685e-5,-0.0002480775559901518
17.77,-3.032999479207096e-5,-0.00024664647399223077
17.78,-2.6253871084463764e-5,-0.00024520597199965006
17.79,-2.218321972532912e-5,-0.00024375611473485725
17.8,-1.811818798148182e-5,-0.00024229696728825733
17.81,-1.4058922685683608e-5,-0.0002408285951150952
17.82,-1.000557023129257e-5,-0.00023935106403230401
17.83,-5.958276566973768e-6,-0.00023786444021536333
17.84,-1.917187191403817e-6,-0.00023636879019512565
17.85,2.1175528519710157e-6,-0.00023486418085463795
17.86,6.1457989801669195e-6,-0.00023335067942594788
17.87,1.0167407075864283e-5,-0.0002318283534868991
17.88,1.4182233492573284e-5,-0.0002302972709579055
17.89,1.8190135059787393e-5,-0.00022875750009871955
17.9,2.2190969088087303e-5,-0.00022720910950519303
17.91,2.618459337424878e-5,-0.0002256521681060065
17.92,3.017086620628697e-5,-0.00022408674515941163
17.93,3.414964636849608e-5,-0.0002225129102499339
17.94,3.812079314645934e-5,-0.0002209307332850869
17.95,4.208416633201503e-5,-0.00021934028449206264
17.96,4.603962622821675e-5,-0.00021774163441441017
17.97,4.998703365423636e-5,-0.00021613485390870708
17.98,5.392624995027186e-5,-0.00021452001414121316
17.99,5.7857136982391825e-5,-0.0002128971865845234
18.0,6.177955714738043e-5,-0.00021126644301419818
18.01,6.569337337752749e-5,-0.000209627855505384
18.02,6.959844914540723e-5,-0.0002079814964294346
18.03,7.349464846862472e-5,-0.00020632743845050978
18.04,7.738183591451584e-5,-0.00020466575452216974
18.05,8.125987660484477e-5,-0.00020299651788395132
18.06,8.512863622044098e-5,-0.00020131980205794818
18.07,8.898798100583793e-5,-0.00019963568084536276
18.08,9.283777777384426e-5,-0.00019794422832307066
18.09,9.66778939101256e-5,-0.00019624551884014752
18.1,0.00010050819737771517,-0.0001945396270144177
18.11,0.00010432855672152341,-0.0001928266277289685
18.12,0.00010813884107280656,-0.0001911065961286613
18.13,0.00011193892015359295,-0.00018937960761665102
18.14,0.00011572866428109966,-0.0001876457378508721
18.15,0.00011950794437209385,-0.00018590506274052346
18.16,0.00012327663194724778,-0.0001841576584425587
18.17,0.00012703459913543456,-0.0001824036013581511
18.18,0.000130781718678015,-0.0001806429681291596
18.19,0.00013451786393308258,-0.0001788758356345807
18.2,0.00013824290887966932,-0.00017710228098699962
18.21,0.00014195672812194029,-0.00017532238152902766
18.22,0.00014565919689332719,-0.00017353621482973816
18.23,0.00014935019106065628,-0.00017174385868108568
18.24,0.0001530295871282228,-0.00016994539109433556
18.25,0.0001566972622418497,-0.00016814089029645936
18.26,0.00016035309419289558,-0.00016633043472655685
18.27,0.00016399696142224753,-0.0001645141030322392
18.28,0.00016762874302426794,-0.0001626919740660297
18.29,0.00017124831875071255,-0.0001608641268817486
18.3,0.00017485556901461542,-0.0001590306407308867
18.31,0.00017845037489413887,-0.0001571915950589842
18.32,0.00018203261813639542,-0.00015534706950199836
18.33,0.00018560218116122124,-0.00015349714388266427
18.34,0.00018915894706493646,-0.0001516418982068531
18.35,0.00019270279962405168,-0.0001497814126599215
18.36,0.0001962336232989561,-0.00014791576760306136
18.37,0.00019975130323756407,-0.00014604504356964204
18.38,0.0002032557252789204,-0.00014416932126154285
18.39,0.000206746775956792,-0.0001422886815454897
18.4,0.0002102243425031986,-0.00014040320544939067
18.41,0.00021368831285193223,-0.00013851297415864262
18.42,0.00021713857564202758,-0.00013661806901246916
18.43,0.00022057502022120132,-0.00013471857150022744
18.44,0.00022399753664926398,-0.00013281456325772682
18.45,0.0002274060157014791,-0.00013090612606353228
18.46,0.00023080034887190947,-0.00012899334183527487
18.47,0.00023418042837670925,-0.00012707629262595537
18.48,0.00023754614715739667,-0.0001251550606202421
18.49,0.00024089739888407563,-0.00012322972813077495
18.5,0.00024423407795863756,-0.00012130037759444308
18.51,0.0002475560795179148,-0.00011936709156870254
18.52,0.0002508632994368041,-0.00011742995272784493
18.53,0.0002541556343313639,-0.00011548904385929982
18.54,0.00025743298156184904,-0.00011354444785990949
18.55,0.00026069523923574794,-0.00011159624773222242
18.56,0.0002639423062107455,-0.00010964452658077738
18.57,0.00026717408209767925,-0.00010768936760837197
18.58,0.00027039046726344036,-0.00010573085411235828
18.59,0.0002735913628338567,-0.00010376906948091596
18.6,0.0002767766706965196,-0.00010180409718932686
18.61,0.0002799462935035853,-9.983602079626332e-5
18.62,0.0002831001346745506,-9.786492394005138e-5
18.63,0.0002862380983989648,-9.589089033496215e-5
18.64,0.0002893600896391392,-9.3914003767477e-5
18.65,0.00029246601413278475,-9.193434809257471e-5
18.66,0.0002955557783956478,-8.995200722999466e-5
18.67,0.0002986292897240801,-8.796706516052953e-5
18.68,0.0003016864561975919,-8.597960592229343e-5
18.69,0.0003047271866813624,-8.398971360700225e-5
18.7,0.00030775139082870755,-8.199747235625332e-5
18.71,0.0003107589790835232,-8.000296635780497e-5
18.72,0.0003137498626826769,-7.800627984186214e-5
18.73,0.00031672395365838103,-7.600749707734991e-5
18.74,0.00031968116484050696,-7.400670236821083e-5
18.75,0.0003226214098588876,-7.200398004967619e-5
18.76,0.00032554460314555844,-6.999941448456664e-5
18.77,0.00032845065993698076,-6.799309005957559e-5
18.78,0.000331339496276221,-6.59850911815585e-5
18.79,0.00033421102901508325,-6.397550227383713e-5
18.8,0.00033706517581622735,-6.196440777248561e-5
18.81,0.0003399018551552258,-5.995189212263622e-5
18.82,0.0003427209863226028,-5.79380397747787e-5
18.83,0.0003455224894258209,-5.592293518107207e-5
18.84,0.00034830628539124595,-5.390666279164155e-5
18.85,0.0003510722959660591,-5.1889307050901385e-5
18.86,0.00035382044372013965,-4.9870952393867826e-5
18.87,0.00035655065204792273,-4.785168324246969e-5
18.88,0.00035926284517018753,-4.5831584001886444e-5
18.89,0.0003619569481358487,-4.381073905685972e-5
18.9,0.00036463288682367107,-4.178923276803819e-5
18.91,0.0003672905879439846,-3.976714946829985e-5
18.92,0.00036992997904033336,-3.774457345910331e-5
18.93,0.00037255098849109516,-3.5721589006826927e-5
18.94,0.00037515354551107726,-3.3698280339114954e-5
18.95,0.00037773758015305483,-3.1674731641241104e-5
18.96,0.00038030302330928714,-2.9651027052457182e-5
18.97,0.00038284980671298796,-2.7627250662368606e-5
18.98,0.0003853778629397656,-2.56034865072945e-5
18.99,0.0003878871254090141,-2.357981856665167e-5
19.0,0.0003903775283852871,-2.15563307593317e-5
19.01,0.00039284900697960897,-1.9533106940089417e-5
19.02,0.00039530149715076904,-1.7510230895937434e-5
19.03,0.00039773493570657815,-1.5487786342543745e-5
19.04,0.0004001492603050675,-1.346585692064238e-5
19.05,0.0004025444094556738,-1.1444526192439504e-5
19.06,0.00040492032252037745,-9.42387763804081e-6
19.07,0.0004072769397148003,-7.403994651870998e-6
19.08,0.0004096142021092702,-5.384960539111792e-6
19.09,0.00041193205162985474,-3.3668585121407826e-6
19.1,0.0004142304310593412,-1.3497716869783982e-6
19.11,0.00041650928403819836,6.662169202542493e-7
19.12,0.00041876855506548557,2.6810243968755308e-6
19.13,0.0004210081894997358,4.694567937166402e-6
19.14,0.0004232281335597997,6.706764845903186e-6
19.15,0.0004254283343256387,8.717532541853991e-6
19.16,0.0004276087397391104,1.0726788561301498e-5
19.17,0.0004297692986046857,1.2734450561523714e-5
19.18,0.00043190996059014715,1.4740436324293691e-5
19.19,0.0004340306762272478,1.674466375935254e-5
19.2,0.0004361313969123303,1.8747050907880906e-5
19.21,0.00043821207490690945,2.074751594596114e-5
19.22,0.0004402726633382218,2.2745977188027205e-5
19.23,0.0004423131161997308,2.474235309031423e-5
19.24,0.00044433338835160553,2.6736562254282398e-5
19.25,0.0004463334355211554,2.8728523430049836e-5
19.26,0.0004483132143032286,3.0718155519800156e-5
19.27,0.0004502726821605773,3.270537758119087e-5
19.28,0.0004522117974241856,3.469010883074645e-5
19.29,0.000454130519293557,3.667226864724244e-5
19.3,0.000456028807836974,3.86517765750802e-5
19.31,0.00045790662399171025,4.062855232764926e-5
19.32,0.0004597639295642169,4.260251579067984e-5
19.33,0.000461600687230261,4.4573587025586955e-5
19.34,0.0004634168605350463,4.654168627280133e-5
19.35,0.0004652124138932723,4.850673395508885e-5
19.36,0.0004669873125891822,5.046865068085671e-5
19.37,0.00046874152277655995,5.242735724746082e-5
19.38,0.0004704750114786934,5.4382774644480576e-5
19.39,0.00047218774658830376,5.633482405700332e-5
19.4,0.00047387969686744203,5.8283426868880085e-5
19.41,0.0004755508319473451,6.022850466598625e-5
19.42,0.0004772011223282543,6.21699792394497e-5
19.43,0.0004788305393792024,6.41077725888867e-5
19.44,0.0004804390553377732,6.604180692561523e-5
19.45,0.00048202664330979994,6.797200467585552e-5
19.46,0.0004835932772690633,6.989828848392556e-5
19.47,0.00048513893205691735,7.182058121540968e-5
19.48,0.0004866635833819128,7.373880596033514e-5
19.49,0.0004881672078193662,7.56528860363146e-5
19.5,0.000489649782810896,7.756274499169232e-5
19.51,0.0004911112866639315,7.946830660866498e-5
19.52,0.000492551698551173,8.136949490639638e-5
19.53,0.0004939709985100399,8.32662341441193e-5
19.54,0.0004953691674420517,8.515844882421663e-5
19.55,0.0004967461871122094,8.704606369529933e-5
19.56,0.0004981020401483118,8.892900375525872e-5
19.57,0.0004994367100402627,9.080719425431729e-5
19.58,0.0005007501811393184,9.268056069805355e-5
19.59,0.0005020424386573288,9.454902885042394e-5
19.6,0.0005033134686659162,9.641252473676242e-5
19.61,0.0005045632580956415,9.827097464676438e-5
19.62,0.0005057917947351298,0.00010012430513747179
19.63,0.0005069990672301459,0.0001019724430362183
19.64,0.0005081850650826745,0.00010381531544358313
19.65,0.0005093497786499165,0.00010565284973631561
19.66,0.0005104931991432991,0.00010748497357025147
19.67,0.0005116153186274143,0.00010931161488321136
19.68,0.0005127161300189581,0.00011113270189788563
19.69,0.0005137956270855976,0.00011294816312470304
19.7,0.0005148538044448423,0.00011475792736468277
19.71,0.0005158906575628604,0.00011656192371227526
19.72,0.0005169061827532663,0.00011836008155818062
19.73,0.0005179003771758797,0.00012015233059216163
19.74,0.0005188732388354425,0.0001219386008058245
19.75,0.0005198247665803147,0.00012371882249540472
19.76,0.0005207549601011314,0.00012549292626451664
19.77,0.0005216638199294242,0.00012726084302690235
19.78,0.0005225513474362166,0.00012902250400915506
19.79,0.0005234175448305846,0.00013077784075342714
19.8,0.0005242624151581824,0.0001325267851201299
19.81,0.0005250859622997418,0.00013426926929060255
19.82,0.0005258881909695345,0.00013600522576978088
19.83,0.0005266691067138024,0.00013773458738883043
19.84,0.0005274287159091667,0.00013945728730778247
19.85,0.0005281670257609824,0.0001411732590181384
19.86,0.000528884044301694,0.00014288243634546298
19.87,0.0005295797803891246,0.00014458475345196131
19.88,0.0005302542437047622,0.00014628014483903333
19.89,0.0005309074447520028,0.00014796854534981845
19.9,0.0005315393948543593,0.00014964989017171633
19.91,0.0005321501061536446,0.00015132411483889178
19.92,0.0005327395916081292,0.00015299115523476572
19.93,0.000533307864990652,0.0001546509475944815
19.94,0.0005338549408867233,0.00015630342850736056
19.95,0.000534380834692576,0.00015794853491933323
19.96,0.0005348855626131979,0.00015958620413536012
19.97,0.0005353691416603347,0.00016121637382182373
19.98,0.0005358315896504587,0.0001628389820089169
19.99,0.0005362729252027099,0.0001644539670929953
20.0,0.0005366931677368057,0.00016606126783892878
20.01,0.0005370923374709221,0.00016766082338242128
20.02,0.0005374704554195541,0.00016925257323231876
20.03,0.0005378275433913247,0.00017083645727289872
20.04,0.0005381636239867912,0.00017241241576613603
20.05,0.0005384787205962034,0.00017398038935395688
20.06,0.0005387728573972436,0.00017554031906046654
20.07,0.0005390460593527345,0.0001770921462941644
20.08,0.0005392983522083149,0.0001786358128501359
20.09,0.0005395297624900947,0.00018017126091223024
20.1,0.0005397403175022779,0.0001816984330552105
20.11,0.0005399300453247519,0.00018321727224689184
20.12,0.0005400989748106667,0.00018472772185026222
20.13,0.0005402471355839554,0.00018622972562557134
20.14,0.0005403745580368627,0.0001877232277324166
20.15,0.0005404812733274256,0.0001892081727317953
20.16,0.000540567313376925,0.00019068450558814795
20.17,0.0005406327108673182,0.00019215217167137312
20.18,0.0005406774992386463,0.00019361111675882876
20.19,0.000540701712686406,0.0001950612870373138
20.2,0.000540705386158896,0.00019650262910502075
20.21,0.0005406885553545489,0.00019793508997348493
20.22,0.0005406512567192232,0.00019935861706949442
20.23,0.0005405935274434726,0.00020077315823699768
20.24,0.0005405154054597922,0.0002021786617389753
20.25,0.0005404169294398407,0.00020357507625930706
20.26,0.0005402981387916276,0.00020496235090460317
20.27,0.0005401590736566837,0.00020634043520602872
20.28,0.0005399997749072077,0.00020770927912109954
20.29,0.0005398202841431724,0.00020906883303545778
20.3,0.0005396206436894306,0.00021041904776463396
20.31,0.0005394008965927691,0.00021175987455577966
20.32,0.0005391610866189633,0.00021309126508938593
20.33,0.0005389012582497894,0.0002144131714809767
20.34,0.0005386214566800132,0.00021572554628278547
20.35,0.0005383217278143699,0.00021702834248540838
20.36,0.0005380021182645045,0.0002183215135194374
20.37,0.0005376626753458908,0.00021960501325707282
20.38,0.000537303447074736,0.00022087879601371394
20.39,0.0005369244821648498,0.00022214281654953222
20.4,0.0005365258300244976,0.00022339703007101498
20.41,0.0005361075407532301,0.00022464139223250202
20.42,0.000535669665138684,0.00022587585913768463
20.43,0.0005352122546533731,0.00022710038734109644
20.44,0.0005347353614514372,0.00022831493384957942
20.45,0.0005342390383653846,0.00022951945612372285
20.46,0.000533723338902808,0.0002307139120792907
20.47,0.0005331883172430778,0.0002318982600886193
20.48,0.0005326340282340098,0.00023307245898200067
20.49,0.0005320605273885157,0.00023423646804903673
20.5,0.000531467870881234,0.00023539024703998039
20.51,0.000530856115545129,0.00023653375616704956
20.52,0.0005302253188680856,0.00023766695610571826
20.53,0.000529575538989465,0.0002387898079959978
20.54,0.0005289068346966502,0.00023990227344367697
20.55,0.000528219265421574,0.00024100431452155942
20.56,0.0005275128912372103,0.00024209589377066808
20.57,0.0005267877728540696,0.00024317697420143302
20.58,0.000526043971616646,0.0002442475192948552
20.59,0.0005252815494998717,0.00024530749300364865
20.6,0.0005245005691055297,0.00024635685975336376
20.61,0.0005237010936586632,0.00024739558444348387
20.62,0.0005228831870039536,0.0002484236324485062
20.63,0.0005220469136020871,0.00024944096961899444
20.64,0.0005211923385261,0.00025044756228261483
20.65,0.0005203195274577001,0.0002514433772451483
20.66,0.0005194285466835824,0.0002524283817914789
20.67,0.0005185194630917112,0.0002534025436865653
20.68,0.0005175923441675924,0.00025436583117638477
20.69,0.0005166472579905303,0.0002553182129888599
20.7,0.0005156842732298548,0.00025625965833475813
20.71,0.0005147034591411474,0.0002571901369085759
20.72,0.0005137048855624317,0.00025810961888939624
20.73,0.0005126886229103638,0.00025901807494172586
20.74,0.0005116547421763946,0.00025991547621630754
20.75,0.0005106033149229161,0.0002608017943509186
20.76,0.0005095344132793949,0.0002616770014711344
20.77,0.0005084481099384902,0.0002625410701910827
20.78,0.0005073444781521421,0.00026339397361417046
20.79,0.0005062235917276709,0.000264235685333784
20.8,0.0005050855250238255,0.00026506617943397717
20.81,0.00050393035294685,0.000265885430490126
20.82,0.0005027581509465064,0.00026669341356957494
20.83,0.0005015689950121072,0.00026749010423224865
20.84,0.0005003629616685051,0.0002682754785312445
20.85,0.000499140127972096,0.00026904951301340985
20.86,0.0004979005715067858,0.00026981218471988985
20.87,0.0004966443703799549,0.00027056347118665835
20.88,0.0004953716032184034,0.0002713033504450191
20.89,0.0004940823491642792,0.000272031801022096
20.9,0.0004927766878710008,0.0002727488019412895
20.91,0.0004914546994991578,0.000273454332722724
20.92,0.0004901164647124036,0.0002741483733836587
20.93,0.00048876206467333,0.00027483090443888733
20.94,0.0004873915810393311,0.00027550190690111274
20.95,0.0004860050959584519,0.00027616136228129673
20.96,0.00048460269206523503,0.00027680925258899273
20.97,0.0004831844524765329,0.0002774455603326517
20.98,0.0004817504607873288,0.0002780702685199098
20.99,0.0004803008010665344,0.0002786833606578503
21.0,0.00047883555785277894,0.0002792848207532503
21.01,0.0004773548161501859,0.0002798746333127935
21.02,0.00047585866142413655,0.00028045278334327706
21.03,0.0004743471795970221,0.0002810192563517831
21.04,0.0004728204570439907,0.00028157403834583154
21.05,0.0004712785805886745,0.0002821171158335179
21.06,0.00046972163749890955,0.00028264847582362034
21.07,0.0004681497154824453,0.00028316810582568815
21.08,0.0004665629026826473,0.00028367599385011467
21.09,0.00046496128767418163,0.00028417212840817403
21.1,0.0004633449594586963,0.00028465649851204934
21.11,0.00046171400746048774,0.00028512909367483776
21.12,0.00046006852152216015,0.00028558990391052276
21.13,0.0004584085919002792,0.00028603891973393876
21.14,0.0004567343092610078,0.00028647613216070607
21.15,0.00045504576467573734,0.00028690153270714494
21.16,0.00045334304961671285,0.00028731511339017047
21.17,0.0004516262559526466,0.0002877168667271631
21.18,0.00044989547594432097,0.00028810678573582
21.19,0.00044815080224018566,0.0002884848639339847
21.2,0.0004463923278719516,0.00028885109533945125
21.21,0.00044462014625016374,0.0002892054744697551
21.22,0.0004428343511597806,0.00028954799634193146
21.23,0.00044103503675573663,0.00028987865647226357
21.24,0.00043922229755850487,0.0002901974508760002
21.25,0.0004373962284496426,0.00029050437606706103
21.26,0.0004355569246673413,0.00029079942905771384
21.27,0.0004337044818019629,0.00029108260735822466
21.28,0.0004318389957915671,0.0002913539089765086
21.29,0.00042996056291744254,0.0002916133324177352
21.3,0.0004280692797996218,0.00029186087668392615
21.31,0.0004261652433923974,0.0002920965412735267
21.32,0.00042424855097982324,0.000292320326180962
21.33,0.00042231930017122646,0.00029253223189616386
21.34,0.00042037758889669334,0.00029273225940408326
21.35,0.00041842351540256813,0.0002929204101841803
21.36,0.00041645717824693605,0.00029309668620989263
21.37,0.00041447867629510555,0.00029326108994808165
21.38,0.000412488108715088,0.0002934136243584612
21.39,0.00041048557497306556,0.00029355429289300484
21.4,0.0004084711748288653,0.00029368309949532586
21.41,0.00040644500833142205,0.00029380004860005176
21.42,0.00040440717581423656,0.00029390514513216156
21.43,0.00040235777789084136,0.0002939983945063117
21.44,0.00040029691545024265,0.00029407980262613964
21.45,0.0003982246896523851,0.0002941493758835485
21.46,0.0003961412019235882,0.00029420712115796837
21.47,0.00039404655395200005,0.000294253045815598
21.48,0.0003919408476830333,0.00029428715770862975
21.49,0.0003898241853148138,0.0002943094651744514
21.5,0.00038769666929361097,0.00029431997703482444
21.51,0.00038555840230927935,0.0002943187025950504
21.52,0.00038340948729069014,0.0002943056516431117
21.53,0.00038125002740116486,0.0002942808344487938
21.54,0.0003790801260339103,0.0002942442617627859
21.55,0.0003768998868074405,0.0002941959448157643
21.56,0.0003747094135610184,0.00029413589531745803
21.57,0.0003725088103500699,0.0002940641254556844
21.58,0.0003702981814416263,0.0002939806478953818
21.59,0.00036807763130973747,0.0002938854757776067
21.6,0.000365847264630913,0.0002937786227185208
21.61,0.0003636071862795385,0.0002936601028083536
21.62,0.0003613575013233065,0.00029352993061035164
21.63,0.0003590983150186482,0.00029338812115970364
21.64,0.0003568297328061525,0.00029323468996244483
21.65,0.0003545518603060048,0.0002930696529943464
21.66,0.00035226480331340725,0.0002928930266997895
21.67,0.0003499686677940178,0.00029270482799060525
21.68,0.00034766355987937914,0.00029250507424491483
21.69,0.00034534958586234643,0.0002922937833059368
21.7,0.00034302685219253444,0.0002920709734807809
21.71,0.00034069546547174135,0.0002918366635392235
21.72,0.00033835553244939873,0.0002915908727124644
21.73,0.0003360071600180046,0.0002913336206918627
21.74,0.000333650455208573,0.0002910649276276582
21.75,0.0003312855251860766,0.00029078481412766734
21.76,0.00032891247724489475,0.0002904933012559719
21.77,0.0003265314188042701,0.0002901904105315766
21.78,0.0003241424574037583,0.00028987616392705986
21.79,0.0003217457006986898,0.00028955058386719994
21.8,0.00031934125645562806,0.00028921369322758284
21.81,0.0003169292325478405,0.000288865515333201
21.82,0.0003145097369507604,0.0002885060739570156
21.83,0.0003120828777374693,0.00028813539331852306
21.84,0.00030964876307416363,0.0002877534980822929
21.85,0.00030720750121564694,0.0002873604133564813
21.86,0.0003047592005008113,0.00028695616469134313
21.87,0.00030230396934812675,0.0002865407780777132
21.88,0.0002998419162511436,0.0002861142799454788
21.89,0.0002973731497739853,0.00028567669716202614
21.9,0.00029489777854686605,0.0002852280570306789
21.91,0.0002924159112615906,0.0002847683872891155
21.92,0.0002899276566670823,0.0002842977161077678
21.93,0.00028743312356490123,0.00028381607208820535
21.94,0.0002849324208047728,0.0002833234842615
21.95,0.00028242565728013044,0.0002828199820865859
21.96,0.0002799129419236455,0.00028230559544857646
21.97,0.0002773943837027896,0.00028178035465709495
21.98,0.0002748700916153792,0.0002812442904445671
21.99,0.00027234017468514616,0.0002806974339645119
22.0,0.000269804741957296,0.000280139816789805
22.01,0.0002672639024940968,0.00027957147091092955
22.02,0.0002647177653704556,0.0002789924287342158
22.03,0.0002621664396695079,0.0002784027230800592
22.04,0.00025961003447822346,0.00027780238718112435
22.05,0.0002570486588830062,0.0002771914546805322
22.06,0.0002544824219653176,0.00027656995963003207
22.07,0.0002519114327972872,0.0002759379364881649
22.08,0.00024933580043735864,0.00027529542011839537
22.09,0.0002467556339259172,0.00027464244578724443
22.1,0.0002441710422809475,0.00027397904916240054
22.11,0.00024158213449368705,0.0002733052663108084
22.12,0.00023898901952429185,0.00027262113369675865
22.13,0.00023639180629751746,0.00027192668817995
22.14,0.00023379060369839615,0.000271221967013533
22.15,0.0002311855205679418,0.0002705070078421641
22.16,0.00022857666569884406,0.00026978184870000315
22.17,0.00022596414783119167,0.0002690465280087434
22.18,0.00022334807564819192,0.00026830108457558534
22.19,0.00022072855777190354,0.00026754555759122677
22.2,0.0002181057027589899,0.0002667799866278247
22.21,0.00021547961909646173,0.00026600441163693984
22.22,0.00021285041519745668,0.00026521887294747473
22.23,0.00021021819939700439,0.0002644234112635995
22.24,0.0002075830799478235,0.00026361806766265615
22.25,0.000204945165016113,0.000262802883593052
22.26,0.0002023045626773684,0.0002619779008721396
22.27,0.00019966138091220018,0.00026114316168409605
22.28,0.00019701572760216605,0.0002602987085777538
22.29,0.0001943677105256197,0.00025944458446446343
22.3,0.0001917174373535615,0.0002585808326159072
22.31,0.00018906501564551468,0.0002577074966619197
22.32,0.00018641055284539845,0.00025682462058828606
22.33,0.00018375415627742872,0.00025593224873453563
22.34,0.00018109593314201612,0.0002550304257917116
22.35,0.000178435990511692,0.0002541191968001371
22.36,0.00017577443532703342,0.0002531986071471643
22.37,0.00017311137439260905,0.00025226870256491417
22.38,0.00017044691437293882,0.000251329529128007
22.39,0.00016778116178845824,0.0002503811332512636
22.4,0.00016511422301150895,0.0002494235616874247
22.41,0.0001624462042623296,0.00024845686152482526
22.42,0.00015977721160506908,0.0002474810801850767
22.43,0.00015710735094381397,0.00024649626542074443
22.44,0.0001544367280186184,0.000245502465312984
22.45,0.00015176544840156598,0.0002444997282692014
22.46,0.00014909361749282834,0.00024348810302067439
22.47,0.00014642134051675137,0.00024246763862017585
22.48,0.00014374872251794667,0.00024143838443958877
22.49,0.00014107586835740492,0.00024040039016749569
22.5,0.0001384028827086155,0.00023935370580677285
22.51,0.00013572987005371095,0.00023829838167216706
22.52,0.00013305693467961837,0.0002372344683878616
22.53,0.00013038418067422755,0.00023616201688502462
22.54,0.0001277117119225795,0.0002350810783993694
22.55,0.00012503963210306208,0.00023399170446867368
22.56,0.0001223680446836302,0.00023289394693031906
22.57,0.00011969705291803144,0.00023178785791879192
22.58,0.0001170267598420587,0.00023067348986320074
22.59,0.00011435726826980636,0.0002295508954847603
22.6,0.00011168868078995573,0.00022842012779428794
22.61,0.00010902109976206687,0.0002272812400896704
22.62,0.00010635462731288589,0.0002261342859533344
22.63,0.00010368936533268068,0.0002249793192497051
22.64,0.00010102541547157631,0.00022381639412264853
22.65,9.836287913592238e-5,0.00022264556499291437
22.66,9.570185748466521e-5,0.00022146688655556791
22.67,9.304245142574556e-5,0.00022028041377740787
22.68,9.038476161250911e-5,0.000219086201894373
22.69,8.772888844013064e-5,0.00021788430640895922
22.7,8.507493204206705e-5,0.00021667478308760044
22.71,8.242299228651087e-5,0.0002154576879580671
22.72,7.977316877288005e-5,0.00021423307730683588
22.73,7.712556082830577e-5,0.00021300100767646625
22.74,7.448026750415676e-5,0.0002117615358629595
22.75,7.183738757256585e-5,0.00021051471891311233
22.76,6.919701952298441e-5,0.00020926061412186717
22.77,6.655926155875068e-5,0.00020799927902965105
22.78,6.392421159367477e-5,0.00020673077141970155
22.79,6.129196724864703e-5,0.00020545514931540117
22.8,5.866262584825865e-5,0.00020417247097758424
22.81,5.603628441744728e-5,0.00020288279490185337
22.82,5.341303967815122e-5,0.00020158617981587895
22.83,5.079298804599729e-5,0.00020028268467669853
22.84,4.8176225626988285e-5,0.00019897236866800309
22.85,4.5562848214229765e-5,0.00019765529119742143
22.86,4.2952951284659685e-5,0.00019633151189379658
22.87,4.0346629995801515e-5,0.00019500109060445253
22.88,3.7743979182544374e-5,0.00019366408739246316
22.89,3.514509335392744e-5,0.00019232056253390664
22.9,3.255006668996234e-5,0.00019097057651511667
22.91,2.995899303845305e-5,0.0001896141900299262
22.92,2.7371965911857926e-5,0.00018825146397691468
22.93,2.478907848415418e-5,0.0001868824594566353
22.94,2.2210423587727623e-5,0.0001855072377688439
22.95,1.9636093710288495e-5,0.00018412586040972767
22.96,1.7066180991793017e-5,0.00018273838906911747
22.97,1.4500777221403623e-5,0.00018134488562770518
22.98,1.1939973834448337e-5,0.00017994541215424906
22.99,9.383861909421313e-6,0.0001785400309027808
23.0,6.832532164983682e-6,0.000177128804309796
23.01,4.286074957000436e-6,0.0001757117949914594
23.02,1.744580275592217e-6,0.0001742890657407844
23.03,-7.918622578008864e-7,0.00017286067952482234
23.04,-3.3231633933161668e-6,0.0001714266994818444
23.05,-5.84923425556605e-6,0.0001699871889185157
23.06,-8.369986346497043e-6,0.0001685422113070716
23.07,-1.0885331548239087e-5,0.0001670918302824795
23.08,-1.3395182125929378e-5,0.00016563610963961484
23.09,-1.58994507305174e-5,0.00016417511333041178
23.1,-1.839805040154518e-5,0.00016270890546102966
23.11,-2.0890894569910967e-5,0.00016123755028900268
23.12,-2.33778970606122e-5,0.0001597611122203923
23.13,-2.5858972095458337e-5,0.00015827965580694038
23.14,-2.8334034295776766e-5,0.00015679324574320577
23.15,-3.080299868508128e-5,0.00015530194686371818
23.16,-3.326578069173519e-5,0.00015380582414010677
23.17,-3.572229615157896e-5,0.00015230494267824606
23.18,-3.8172461310543665e-5,0.00015079936771538838
23.19,-4.061619282724598e-5,0.00014928916461729287
23.2,-4.305340777554719e-5,0.00014777439887536382
23.21,-4.548402364711198e-5,0.00014625513610376842
23.22,-4.790795835392113e-5,0.0001447314420365743
23.23,-5.032513023078727e-5,0.00014320338252486598
23.24,-5.273545803782207e-5,0.0001416710235338702
23.25,-5.513886096290848e-5,0.0001401344311400803
23.26,-5.7535258624127983e-5,0.00013859367152836938
23.27,-5.992457107218031e-5,0.00013704881098911684
23.28,-6.230671879277513e-5,0.00013549991591531906
23.29,-6.468162270899957e-5,0.00013394705279970876
23.3,-6.704920418367234e-5,0.0001323902882318701
23.31,-6.940938502165991e-5,0.00013082968889535358
23.32,-7.17620874721906e-5,0.00012926532156478713
23.33,-7.410723423112432e-5,0.00012769725310299448
23.34,-7.644474844322019e-5,0.00012612555045810118
23.35,-7.877455370436375e-5,0.0001245502806606542
23.36,-8.109657406378617e-5,0.00012297151082072858
23.37,-8.341073402625086e-5,0.00012138930812504261
23.38,-8.571695855422105e-5,0.00011980373983406729
23.39,-8.801517307000629e-5,0.00011821487327914458
23.4,-9.030530345788204e-5,0.00011662277585959212
23.41,-9.258727606619047e-5,0.00011502751503982197
23.42,-9.486101770941401e-5,0.00011342915834645436
23.43,-9.712645567023001e-5,0.0001118277733654275
23.44,-9.938351770154203e-5,0.00011022342773911728
23.45,-0.00010163213202848262,0.0001086161891634513
23.46,-0.00010387222735040213,0.00010700612538502567
23.47,-0.00010610373284282527,0.00010539330419822644
23.48,-0.00010832657815939237,0.00010377779344234188
23.49,-0.00011054069343377075,0.00010215966099869234
23.5,-0.00011274600928154731,0.00010053897478774588
23.51,-0.000114942456802096,9.891580276624542e-5
23.52,-0.00011712996758042372,9.729021292433598e-5
23.53,-0.00011930847368899133,9.566227328268661e-5
23.54,-0.00012147790768950761,9.403205188962787e-5
23.55,-0.00012363820263471096,9.239961681827725e-5
23.56,-0.0001257892920701144,9.076503616367732e-5
23.57,-0.00012793111003573824,8.912837803992938e-5
23.58,-0.00013006359106780923,8.748971057733656e-5
23.59,-0.00013218667020044604,8.584910191953885e-5
23.6,-0.000134300282967313,8.420662022066348e-5
23.61,-0.000136404365403256,8.256233364247157e-5
23.62,-0.00013849885404591255,8.091631035150298e-5
23.63,-0.00014058368593729544,7.926861851623531e-5
23.64,-0.0001426587986253635,7.761932630423734e-5
23.65,-0.0001447241301655495,7.596850187933143e-5
23.66,-0.0001467796191222873,7.431621339874964e-5
23.67,-0.00014882520457049477,7.266252901031189e-5
23.68,-0.00015086082609704738,7.100751684958714e-5
23.69,-0.00015288642380222292,6.935124503706907e-5
23.7,-0.0001549019383011199,6.7693781675359e-5
23.71,-0.00015690731072505836,6.603519484634068e-5
23.72,-0.0001589024827229493,6.43755526083737e-5
23.73,-0.00016088739646264726,6.271492299347758e-5
23.74,-0.00016286199463227594,6.105337400453421e-5
23.75,-0.00016482622044153246,5.9390973612476474e-5
23.76,-0.00016678001762296163,5.772778975350357e-5
23.77,-0.00016872333043321328,5.606389032628368e-5
23.78,-0.00017065610365427674,5.4399343189164626e-5
23.79,-0.00017257828259467834,5.2734216157399726e-5
23.8,-0.00017448981309067856,5.106857700036593e-5
23.81,-0.00017639064150741935,4.9402493438792666e-5
23.82,-0.00017828071474006838,4.773603314199755e-5
23.83,-0.00018015998021492384,4.606926372512545e-5
23.84,-0.00018202838589051262,4.440225274639158e-5
23.85,-0.00018388588025864465,4.2735067704333666e-5
23.86,-0.00018573241234545957,4.10677760350671e-5
23.87,-0.00018756793171244374,3.940044510954565e-5
23.88,-0.00018939238845742094,3.7733142230832193e-5
23.89,-0.0001912057332155231,3.606593463136918e-5
23.9,-0.00019300791716013685,3.4398889470263406e-5
23.91,-0.00019479889200382328,3.2732073830564246e-5
23.92,-0.0001965786099992189,3.106555471656528e-5
23.93,-0.0001983470239399047,2.9399399051098552e-5
23.94,-0.00020010408716126716,2.7733673672839457e-5
23.95,-0.00020184975354131296,2.606844533362351e-5
23.96,-0.00020358397750148025,2.4403780695758813e-5
23.97,-0.00020530671400741563,2.273974632936014e-5
23.98,-0.000207017918569733,2.1076408709675325e-5
23.99,-0.00020871754724473708,1.9413834214429172e-5
24.0,-0.00021040555663514457,1.7752089121168496e-5
24.01,-0.0002120819038907582,1.6091239604619625e-5
24.02,-0.00021374654670913327,1.4431351734050268e-5
24.03,-0.0002153994433362162,1.2772491470633666e-5
24.04,-0.00021704055256695418,1.1114724664835221e-5
24.05,-0.00021866983374589107,9.458117053788096e-6
24.06,-0.00022028724676772908,7.802734258695352e-6
24.07,-0.0002218927520778772,6.1486417822215805e-6
24.08,-0.00022348631067296674,4.495905005910188e-6
24.09,-0.00022506788410135283,2.8445891875934555e-6
24.1,-0.00022663743446358137,1.1947594588212627e-6
24.11,-0.00022819492441284375,-4.5351917770323876e-7
24.12,-0.00022974031715540316,-2.1001818506863367e-6
24.13,-0.0002312735764509919,-3.745163822791719e-6
24.14,-0.0002327946666131981,-5.388400493179354e-6
24.15,-0.0002343035525098156,-7.029827400037967e-6
24.16,-0.0002358001995631831,-8.669380223111218e-6
24.17,-0.00023728457375048897,-1.0306994786208058e-5
24.18,-0.00023875664160405915,-1.1942607059710597e-5
24.19,-0.0002402163702116234,-1.3576153163070768e-5
24.2,-0.00024166372721655047,-1.520756936729406e-5
24.21,-0.00024309868081806926,-1.6836792097421975e-5
24.22,-0.0002445211997714594,-1.84637579349946e-5
24.23,-0.0002459312533882288,-2.0088403620516107e-5
24.24,-0.00024732881153625226,-2.1710666055895324e-5
24.25,-0.000248713844639903,-2.3330482306895992e-5
24.26,-0.0002500863236801547,-2.4947789605557747e-5
24.27,-0.0002514462201946569,-2.6562525352618583e-5
24.28,-0.000252793506277795,-2.8174627119926933e-5
24.29,-0.0002541281545807222,-2.978403265283916e-5
24.3,-0.00025545013831137,-3.139067987261183e-5
24.31,-0.0002567594312344374,-3.29945068787768e-5
24.32,-0.00025805600767135866,-3.459545195151658e-5
24.33,-0.00025933984250023915,-3.6193453554017576e-5
24.34,-0.00026061091115578395,-3.7788450334822125e-5
24.35,-0.00026186918962918765,-3.9380381130165926e-5
24.36,-0.0002631146544680188,-4.0969184966302386e-5
24.37,-0.0002643472827760637,-4.255480106182334e-5
24.38,-0.0002655670522131608,-4.41371688299603e-5
24.39,-0.000266773940995012,-4.571622788088496e-5
24.4,-0.000267967927892964,-4.729191802398442e-5
24.41,-0.0002691489922337722,-4.886417927014317e-5
24.42,-0.00027031711389934575,-5.043295183399763e-5
24.43,-0.00027147227332646224,-5.19981761361897e-5
24.44,-0.00027261445150647003,-5.355979280560518e-5
24.45,-0.0002737436299849582,-5.511774268160036e-5
24.46,-0.00027485979086141565,-5.667196681622102e-5
24.47,-0.00027596291678885743,-5.822240647640042e-5
24.48,-0.00027705299097343815,-5.976900314616132e-5
24.49,-0.0002781299971740372,-6.131169852878815e-5
24.5,-0.0002791939197018261,-6.285043454900382e-5
24.51,-0.0002802447434198133,-6.43851533551213e-5
24.52,-0.0002812824537423673,-6.591579732119204e-5
24.53,-0.0002823070366347169,-6.744230904914025e-5
24.54,-0.0002833184786124316,-6.89646313708818e-5
24.55,-0.00028431676674088005,-7.048270735043583e-5
24.56,-0.00028530188863466803,-7.199648028601931e-5
24.57,-0.00028627383245705346,-7.350589371213496e-5
24.58,-0.00028723258691934044,-7.501089140163901e-5
24.59,-0.0002881781412802559,-7.651141736780545e-5
24.6,-0.0002891104853452968,-7.800741586637066e-5
24.61,-0.0002900296094660669,-7.949883139756713e-5
24.62,-0.0002909355045395849,-8.09856087081508e-5
24.63,-0.00029182816200757315,-8.246769279340153e-5
24.64,-0.00029270757385572803,-8.394502889912849e-5
24.65,-0.0002935737326129686,-8.541756252364726e-5
24.66,-0.00029442663135066183,-8.688523941975357e-5
24.67,-0.0002952662636818307,-8.834800559667962e-5
24.68,-0.00029609262376034125,-8.980580732203709e-5
24.69,-0.0002969057062800685,-9.125859112375292e-5
24.7,-0.00029770550647403984,-9.270630379198269e-5
24.71,-0.00029849202011356243,-9.414889238101776e-5
24.72,-0.0002992652435073283,-9.558630421117515e-5
24.73,-0.0003000251735004994,-9.701848687067766e-5
24.74,-0.0003007718074737699,-9.844538821751624e-5
24.75,-0.0003015051433424147,-9.986695638130338e-5
24.76,-0.000302225179555311,-0.00010128313976510743
24.77,-0.00030293191509394804,-0.00010269388704727813
24.78,-0.0003036253494714066,-0.00010409914718325817
24.79,-0.0003043054827313296,-0.00010549886940737549
24.8,-0.00030497231544686663,-0.00010689300323462972
24.81,-0.0003056258487195996,-0.00010828149846245767
24.82,-0.000306266084178453,-0.00010966430517248998
24.83,-0.0003068930239785788,-0.00011104137373228998
24.84,-0.0003075066708002265,-0.0001124126547970827
24.85,-0.0003081070278475913,-0.00011377809931146359
24.86,-0.0003086940988476471,-0.00011513765851109839
24.87,-0.0003092678880489558,-0.0001164912839244111
24.88,-0.0003098284002204618,-0.00011783892737424485
24.89,-0.00031037564065026314,-0.00011918054097952768
24.9,-0.000310909615144371,-0.00012051607715690345
24.91,-0.0003114303300254391,-0.00012184548862236717
24.92,-0.0003119377921314873,-0.00012316872839287062
24.93,-0.00031243200881460044,-0.0001244857497879229
24.94,-0.000312912987939605,-0.00012579650643117414
24.95,-0.00031338073788273884,-0.00012710095225198023
24.96,-0.0003138352675302888,-0.0001283990414869621
24.97,-0.00031427658627721997,-0.00012969072868153765
24.98,-0.000314704704025787,-0.00013097596869145244
24.99,-0.0003151196311841187,-0.00013225471668428443
25.0,-0.0003155213786647946,-0.00013352692814094121
25.01,-0.00031590995788340043,-0.0001347925588571386
25.02,-0.00031628538075706083,-0.00013605156494486358
25.03,-0.00031664765970296617,-0.00013730390283382744
25.04,-0.00031699680763686786,-0.00013854952927289717
25.05,-0.0003173328379715686,-0.00013978840133151762
25.06,-0.000317655764615387,-0.0001410204764011123
25.07,-0.0003179656019706086,-0.00014224571219647778
25.08,-0.00031826236493191946,-0.00014346406675715167
25.09,-0.0003185460688848248,-0.00014467549844877721
25.1,-0.0003188167297040473,-0.0001458799659644427
25.11,-0.0003190743637519067,-0.0001470774283260098
25.12,-0.0003193189878766915,-0.00014826784488543182
25.13,-0.0003195506194110057,-0.000149451175326043
25.14,-0.0003197692761701023,-0.00015062737966384747
25.15,-0.00031997497645020194,-0.00015179641824878082
25.16,-0.0003201677390267903,-0.00015295825176596658
25.17,-0.0003203475831529051,-0.0001541128412369464
25.18,-0.0003205145285574036,-0.00015526014802090285
25.19,-0.000320668595443217,-0.00015640013381586546
25.2,-0.0003208098044855825,-0.00015753276065989498
25.21,-0.00032093817683027026,-0.0001586579909322627
25.22,-0.0003210537340917832,-0.00015977578735460208
25.23,-0.00032115649835155,-0.00016088611299205512
25.24,-0.0003212464921560995,-0.00016198893125439514
25.25,-0.0003213237385152159,-0.0001630842058971408
25.26,-0.0003213882609000894,-0.00016417190102264653
25.27,-0.0003214400832414371,-0.00016525198108118495
25.28,-0.00032147922992762273,-0.0001663244108720075
25.29,-0.00032150572580275186,-0.00016738915554439363
25.3,-0.0003215195961647585,-0.00016844618059867896
25.31,-0.0003215208667634725,-0.00016949545188727386
25.32,-0.00032150956379867326,-0.0001705369356156622
25.33,-0.00032148571391813505,-0.00017157059834338193
25.34,-0.00032144934421564635,-0.00017259640698499715
25.35,-0.00032140048222902674,-0.00017361432881104512
25.36,-0.00032133915593812257,-0.00017462433144897443
25.37,-0.0003212653937627897,-0.0001756263828840656
25.38,-0.00032117922456086393,-0.00017662045146033003
25.39,-0.0003210806776261175,-0.00017760650588140254
25.4,-0.0003209697826862008,-0.0001785845152114088
25.41,-0.00032084656990056983,-0.00017955444887582275
25.42,-0.00032071106985840297,-0.00018051627666230486
25.43,-0.0003205633135765039,-0.00018146996872152386
25.44,-0.0003204033324971837,-0.00018241549556796688
25.45,-0.00032023115848614676,-0.00018335282808072665
25.46,-0.000320046823830344,-0.0001842819375042784
25.47,-0.0003198503612358267,-0.00018520279544923592
25.48,-0.00031964180382558174,-0.0001861153738930972
25.49,-0.0003194211851373578,-0.00018701964518096577
25.5,-0.00031918853912147433,-0.00018791558202626448
25.51,-0.00031894390013862333,-0.00018880315751142738
25.52,-0.0003186873029576516,-0.00018968234508857522
25.53,-0.00031841878275334207,-0.00019055311858018193
25.54,-0.00031813837510416933,-0.00019141545217971165
25.55,-0.0003178461159900559,-0.00019226932045225605
25.56,-0.0003175420417901067,-0.00019311469833513823
25.57,-0.000317226189280338,-0.00019395156113851533
25.58,-0.0003168985956313923,-0.00019477988454595535
25.59,-0.00031655929840624384,-0.0001955996446150013
25.6,-0.00031620833555788644,-0.00019641081777771758
25.61,-0.0003158457454270194,-0.0001972133808412225
25.62,-0.0003154715667397163,-0.00019800731098820347
25.63,-0.00031508583860508104,-0.00019879258577741216
25.64,-0.0003146886005129,-0.00019956918314415249
25.65,-0.00031427989233127624,-0.00020033708140073959
25.66,-0.00031385975430425766,-0.00020109625923695593
25.67,-0.00031342822704945317,-0.00020184669572048073
25.68,-0.0003129853515556369,-0.0002025883702973089
25.69,-0.0003125311691803441,-0.00020332126279215223
25.7,-0.00031206572164745657,-0.00020404535340882074
25.71,-0.0003115890510447767,-0.00020476062273059806
25.72,-0.0003111011998215948,-0.00020546705172058574
25.73,-0.00031060221078624,-0.00020616462172204467
25.74,-0.0003100921271036307,-0.00020685331445871252
25.75,-0.00030957099229280614,-0.00020753311203510893
25.76,-0.00030903885022445435,-0.00020820399693681932
25.77,-0.00030849574511843195,-0.00020886595203077035
25.78,-0.00030794172154126505,-0.00020951896056548393
25.79,-0.0003073768244036566,-0.00021016300617131078
25.8,-0.00030680109895796795,-0.00021079807286066105
25.81,-0.00030621459079570524,-0.00021142414502820642
25.82,-0.00030561734584498844,-0.00021204120745106912
25.83,-0.0003050094103680169,-0.0002126492452889988
25.84,-0.0003043908309585208,-0.0002132482440845303
25.85,-0.0003037616545392125,-0.00021383818976312293
25.86,-0.00030312192835922006,-0.00021441906863328925
25.87,-0.00030247169999151924,-0.00021499086738670448
25.88,-0.00030181101733035804,-0.00021555357309829771
25.89,-0.0003011399285886655,-0.0002161071732263331
25.9,-0.000300458482295463,-0.00021665165561246798
25.91,-0.00029976672729326145,-0.00021718700848180207
25.92,-0.0002990647127354494,-0.00021771322044290373
25.93,-0.0002983524880836821,-0.00021823028048782492
25.94,-0.0002976301031052534,-0.0002187381779921023
25.95,-0.0002968976078704693,-0.00021923690271473146
25.96,-0.00029615505275000514,-0.0002197264447981405
25.97,-0.0002954024884122653,-0.0002202067947681358
25.98,-0.0002946399658207311,-0.00022067794353383715
25.99,-0.00029386753623129977,-0.00022113988238759642
26.0,-0.0002930852511896225,-0.00022159260300489973
26.01,-0.00029229316252843337,-0.00022203609744425514
26.02,-0.00029149132236487064,-0.00022247035814706038
26.03,-0.000290679783097794,-0.00022289537793746323
26.04,-0.0002898585974050934,-0.00022331115002219748
26.05,-0.00028902781824099663,-0.00022371766799040655
26.06,-0.0002881874988333644,-0.0002241149258134542
26.07,-0.0002873376926809858,-0.0002245029178447156
26.08,-0.0002864784535508639,-0.0002248816388193535
26.09,-0.0002856098354754986,-0.00022525108385408154
26.1,-0.00028473189275016273,-0.0002256112484469084
26.11,-0.00028384467993017483,-0.00022596212847686894
26.12,-0.0002829482518281627,-0.00022630372020374087
26.13,-0.0002820426635113277,-0.0002266360202677412
26.14,-0.00028112797029869696,-0.00022695902568921133
26.15,-0.0002802042277583824,-0.00022727273386828668
26.16,-0.0002792714917048193,-0.0002275771425845494
26.17,-0.0002783298181960158,-0.0002278722499966662
26.18,-0.000277379263530788,-0.0002281580546420137
26.19,-0.0002764198842459935,-0.00022843455543627902
26.2,-0.00027545173711376566,-0.00022870175167306116
26.21,-0.00027447487913873347,-0.0002289596430234428
26.22,-0.0002734893675552503,-0.00022920822953555192
26.23,-0.0002724952598246049,-0.0002294475116341129
26.24,-0.0002714926136322466,-0.0002296774901199747
26.25,-0.0002704814868849843,-0.00022989816616962843
26.26,-0.0002694619377082055,-0.000230109541334712
26.27,-0.00026843402444307426,-0.00023031161754149315
26.28,-0.00026739780564373494,-0.0002305043970903461
26.29,-0.00026635334007451254,-0.00023068788265520314
26.3,-0.0002653006867071049,-0.00023086207728300405
26.31,-0.000264239904717779,-0.00023102698439311765
26.32,-0.00026317105348455937,-0.00023118260777676058
26.33,-0.0002620941925844174,-0.0002313289515963904
26.34,-0.00026100938179045465,-0.00023146602038509226
26.35,-0.00025991668106908823,-0.00023159381904594783
26.36,-0.0002588161505772308,-0.00023171235285138984
26.37,-0.0002577078506594698,-0.00023182162744254264
26.38,-0.0002565918418452436,-0.00023192164882854637
26.39,-0.00025546818484601893,-0.0002320124233858718
26.4,-0.0002543369405524622,-0.00023209395785761056
26.41,-0.0002531981700316124,-0.0002321662593527675
26.42,-0.0002520519345240521,-0.00023222933534552056
26.43,-0.00025089829544107644,-0.00023228319367448052
26.44,-0.0002497373143618604,-0.00023232784254192688
26.45,-0.00024856905303062815,-0.00023236329051303775
26.46,-0.00024739357335381586,-0.00023238954651510032
26.47,-0.0002462109373972393,-0.0002324066198367075
26.48,-0.00024502120738325656,-0.00023241452012694316
26.49,-0.00024382444568793511,-0.00023241325739455288
26.5,-0.00024262071483821022,-0.00023240284200710094
26.51,-0.0002414100775090539,-0.00023238328469010847
26.52,-0.00024019259652063068,-0.0002323545965261876
26.53,-0.00023896833483546696,-0.00023231678895415444
26.54,-0.00023773735555560977,-0.00023226987376812966
26.55,-0.00023649972191978913,-0.00023221386311662642
26.56,-0.0002352554973005852,-0.000232148769501627
26.57,-0.0002340047452015848,-0.00023207460577764287
26.58,-0.00023274752925455031,-0.00023199138515076005
26.59,-0.00023148391321658386,-0.00023189912117767614
26.6,-0.0002302139609672891,-0.0002317978277647201
26.61,-0.00022893773650593834,-0.00023168751916686128
26.62,-0.00022765530394864027,-0.00023156820998670034
26.63,-0.0002263667275255066,-0.00023143991517345506
26.64,-0.0002250720715778205,-0.00023130265002192766
26.65,-0.00022377140055520833,-0.00023115643017145818
26.66,-0.0002224647790128071,-0.00023100127160486733
26.67,-0.00022115227160844284,-0.000230837190647392
26.68,-0.00021983394309980163,-0.00023066420396559284
26.69,-0.00021850985834160464,-0.00023048232856626424
26.7,-0.00021718008228279088,-0.00023029158179532503
26.71,-0.0002158446799636906,-0.00023009198133669642
26.72,-0.00021450371651321384,-0.00022988354521116997
26.73,-0.00021315725714602827,-0.00022966629177525823
26.74,-0.0002118053671597522,-0.0002294402397200402
26.75,-0.00021044811193213683,-0.0002292054080699877
26.76,-0.0002090855569182617,-0.00022896181618178155
26.77,-0.00020771776764772808,-0.00022870948374311827
26.78,-0.00020634480972185325,-0.00022844843077150193
26.79,-0.00020496674881087111,-0.00022817867761302396
26.8,-0.00020358365065113656,-0.00022790024494113217
26.81,-0.0002021955810423264,-0.00022761315375538434
26.82,-0.00020080260584465272,-0.0002273174253801977
26.83,-0.0001994047909760697,-0.0002270130814635759
26.84,-0.00019800220240949253,-0.00022670014397583576
26.85,-0.00019659490617001378,-0.00022637863520831044
26.86,-0.00019518296833212793,-0.00022604857777205146
26.87,-0.00019376645501695286,-0.0002257099945965133
26.88,-0.00019234543238946355,-0.00022536290892822736
26.89,-0.00019091996665572346,-0.00022500734432946581
26.9,-0.0001894901240601241,-0.00022464332467689413
26.91,-0.00018805597088262155,-0.00022427087416020916
26.92,-0.00018661757343598837,-0.00022389001728077132
26.93,-0.000185174998063062,-0.00022350077885022228
26.94,-0.00018372831113399498,-0.00022310318398908988
26.95,-0.00018227757904352074,-0.00022269725812538917
26.96,-0.00018082286820821037,-0.00022228302699320136
26.97,-0.00017936424506374848,-0.00022186051663125334
26.98,-0.00017790177606219913,-0.00022142975338148085
26.99,-0.00017643552766928946,-0.00022099076388757926
27.0,-0.00017496556636168858,-0.00022054357509354702
27.01,-0.00017349195862430023,-0.0002200882142422206
27.02,-0.00017201477094755423,-0.00021962470887379148
27.03,-0.00017053406982470365,-0.0002191530868243199
27.04,-0.00016904992174913202,-0.00021867337622423578
27.05,-0.00016756239321166156,-0.00021818560549682786
27.06,-0.00016607155069787034,-0.00021768980335672597
27.07,-0.0001645774606854114,-0.0002171859988083691
27.08,-0.00016308018964134166,-0.00021667422114447055
27.09,-0.00016157980401945336,-0.00021615449994446173
27.1,-0.0001600763702576151,-0.00021562686507293764
27.11,-0.00015856995477511613,-0.00021509134667808928
27.12,-0.00015706062397001643,-0.00021454797519011664
27.13,-0.00015554844421650612,-0.0002139967813196504
27.14,-0.00015403348186227036,-0.00021343779605614832
27.15,-0.0001525158032258573,-0.00021287105066628784
27.16,-0.00015099547459405724,-0.0002122965766923526
27.17,-0.0001494725622192874,-0.00021171440595060248
27.18,-0.0001479471323169811,-0.00021112457052964206
27.19,-0.0001464192510629852,-0.00021052710278877338
27.2,-0.00014488898459096648,-0.00020992203535634592
27.21,-0.0001433563989898221,-0.0002093094011280903
27.22,-0.0001418215603010994,-0.00020868923326544905
27.23,-0.00014028453451642002,-0.00020806156519389838
27.24,-0.00013874538757491686,-0.00020742643060125772
27.25,-0.0001372041853606712,-0.00020678386343598982
27.26,-0.00013566099370016408,-0.0002061338979055001
27.27,-0.0001341158783597323,-0.00020547656847441886
27.28,-0.00013256890504302876,-0.00020481190986287724
27.29,-0.00013102013938849936,-0.00020413995704478285
27.3,-0.00012946964696685726,-0.00020346074524607173
27.31,-0.00012791749327857485,-0.0002027743099429666
27.32,-0.00012636374375137523,-0.00020208068686021952
27.33,-0.00012480846373773958,-0.0002013799119693494
27.34,-0.00012325171851241594,-0.00020067202148686932
27.35,-0.00012169357326994219,-0.0001999570518725082
27.36,-0.00012013409312217182,-0.00019923503982742331
27.37,-0.00011857334309581351,-0.00019850602229240735
27.38,-0.00011701138812997569,-0.00019777003644608676
27.39,-0.00011544829307371957,-0.00019702711970310668
27.4,-0.0001138841226836256,-0.00019627730971232094
27.41,-0.00011231894162136121,-0.0001955206443549656
27.42,-0.00011075281445126492,-0.0001947571617428245
27.43,-0.00010918580563793537,-0.00019398690021639686
27.44,-0.0001076179795438269,-0.00019320989834304404
27.45,-0.00010604940042686426,-0.00019242619491514676
27.46,-0.00010448013243805112,-0.00019163582894823439
27.47,-0.00010291023961910523,-0.000190838839679126
27.48,-0.0001013397859000872,-0.00019003526656406002
27.49,-9.976883509705043e-5,-0.0001892251492768065
27.5,-9.819745090969375e-5,-0.00018840852770678752
27.51,-9.662569691902576e-5,-0.00018758544195718272
27.52,-9.505363658504187e-5,-0.00018675593234303043
27.53,-9.348133324440293e-5,-0.00018592003938932303
27.54,-9.190885010813446e-5,-0.00018507780382909505
27.55,-9.033625025932652e-5,-0.00018422926660150777
27.56,-8.876359665084921e-5,-0.00018337446884992496
27.57,-8.719095210307597e-5,-0.0001825134519199821
27.58,-8.561837930161703e-5,-0.00018164625735765476
27.59,-8.404594079506315e-5,-0.00018077292690731565
27.6,-8.247369899274205e-5,-0.00017989350250978759
27.61,-8.090171616248072e-5,-0.00017900802630039462
27.62,-7.933005442838044e-5,-0.00017811654060700147
27.63,-7.775877576860565e-5,-0.00017721908794805362
27.64,-7.618794201317404e-5,-0.00017631571103060716
27.65,-7.461761484177098e-5,-0.000175406452748357
27.66,-7.304785578155969e-5,-0.0001744913561796583
27.67,-7.147872620501443e-5,-0.00017357046458554102
27.68,-6.991028732775805e-5,-0.00017264382140772569
27.69,-6.834260020641054e-5,-0.00017171147026662852
27.7,-6.677572573645213e-5,-0.00017077345495936108
27.71,-6.520972465009341e-5,-0.00016982981945773106
27.72,-6.36446575141602e-5,-0.00016888060790623462
27.73,-6.208058472798554e-5,-0.00016792586462004432
27.74,-6.051756652131795e-5,-0.00016696563408299394
27.75,-5.895566295223358e-5,-0.00016599996094555382
27.76,-5.739493390507041e-5,-0.00016502889002281365
27.77,-5.583543908836287e-5,-0.0001640524662924504
27.78,-5.4277238032794114e-5,-0.00016307073489269403
27.79,-5.272039008915928e-5,-0.0001620837411202936
27.8,-5.116495442633763e-5,-0.00016109153042847372
27.81,-4.961099002928199e-5,-0.00016009414842489626
27.82,-4.8058555697011314e-5,-0.00015909164086960436
27.83,-4.650771004062298e-5,-0.00015808405367297775
27.84,-4.495851148131281e-5,-0.0001570714328936746
27.85,-4.341101824840897e-5,-0.00015605382473657368
27.86,-4.186528837741605e-5,-0.0001550312755507134
27.87,-4.0321379708069846e-5,-0.00015400383182722548
27.88,-3.8779349882410075e-5,-0.00015297154019726884
27.89,-3.723925634285768e-5,-0.0001519344474299566
27.9,-3.570115633031232e-5,-0.0001508926004302828
27.91,-3.416510688225092e-5,-0.0001498460462370468
27.92,-3.263116483085298e-5,-0.00014879483202077045
27.93,-3.1099386801125826e-5,-0.00014773900508161994
27.94,-2.9569829209046144e-5,-0.00014667861284731605
27.95,-2.8042548259718654e-5,-0.0001456137028710513
27.96,-2.6517599945538382e-5,-0.0001445443228293961
27.97,-2.499504004437579e-5,-0.00014347052052020905
27.98,-2.3474924117763313e-5,-0.00014239234386054272
27.99,-2.195730750910599e-5,-0.00014130984088454448
28.0,-2.0442245341892474e-5,-0.0001402230597413602
28.01,-1.892979251793081e-5,-0.00013913204869303223
28.02,-1.7420003715589586e-5,-0.00013803685611239885
28.03,-1.591293338805179e-5,-0.0001369375304809862
28.04,-1.4408635761586093e-5,-0.00013583412038690795
28.05,-1.2907164833827579e-5,-0.0001347266745227509
28.06,-1.1408574372071934e-5,-0.0001336152416834711
28.07,-9.912917911579832e-6,-0.00013249987076428124
28.08,-8.420248753905336e-6,-0.00013138061075853983
28.09,-6.930619965220441e-6,-0.00013025751075563461
28.1,-5.444084374667771e-6,-0.00012913061993887354
28.11,-3.960694572717076e-6,-0.00012799998758336584
28.12,-2.480502909539125e-6,-0.00012686566305390517
28.13,-1.0035614933937835e-6,-0.00012572769580285458
28.14,4.700778109745441e-7,-0.00012458613536802703
28.15,1.940363383920667e-6,-0.00012344103137056818
28.16,3.407243852473534e-6,-0.00012229243351283254
28.17,4.870668091898555e-6,-0.0001211403915762706
28.18,6.330585227241476e-6,-0.00011998495541930076
28.19,7.786944634866556e-6,-0.0001188261749751945
28.2,9.239695943970219e-6,-0.00011766410024995245
28.21,1.0688789038096133e-5,-0.0001164987813201822
28.22,1.2134174056619047e-5,-0.00011533026833097964
28.23,1.3575801396233923e-5,-0.00011415861149380537
28.24,1.5013621712412895e-5,-0.0001129838610843659
28.25,1.644758592086446e-5,-0.00011180606744048833
28.26,1.787764519896878e-5,-0.00011062528096000313
28.27,1.930375098720118e-5,-0.00010944155209862315
28.28,2.0725854990549434e-5,-0.00010825493136782042
28.29,2.2143909179901844e-5,-0.00010706546933271038
28.3,2.3557865793439917e-5,-0.00010587321660993083
28.31,2.496767733800212e-5,-0.00010467822386552444
28.32,2.6373296590442787e-5,-0.0001034805418128177
28.33,2.7774676598971727e-5,-0.00010228022121031244
28.34,2.9171770684484315e-5,-0.00010107731285955861
28.35,3.0564532441876024e-5,-9.987186760304922e-5
28.36,3.195291574133918e-5,-9.866393632210332e-5
28.37,3.333687472965322e-5,-9.745356993475066e-5
28.38,3.4716363831454735e-5,-9.624081939362656e-5
28.39,3.609133775049642e-5,-9.50257356838554e-5
28.4,3.746175147089027e-5,-9.380836982094689e-5
28.41,3.882756025833889e-5,-9.258877284868886e-5
28.42,4.018871966134897e-5,-9.136699583703964e-5
28.43,4.154518551243605e-5,-9.014308988002795e-5
28.44,4.2896913929311744e-5,-8.891710609364715e-5
28.45,4.4243861316054554e-5,-8.768909561375978e-5
28.46,4.55859843642726e-5,-8.645910959399696e-5
28.47,4.6923240054245814e-5,-8.522719920366305e-5
28.48,4.825558565605997e-5,-8.399341562564364e-5
28.49,4.958297873071928e-5,-8.275781005431125e-5
28.5,5.090537713125441e-5,-8.152043369343902e-5
28.51,5.2222739003803704e-5,-8.02813377541124e-5
28.52,5.3535022788693704e-5,-7.904057345264593e-5
28.53,5.484218722149432e-5,-7.779819200849918e-5
28.54,5.614419133406678e-5,-7.655424464220173e-5
28.55,5.744099445559242e-5,-7.530878257327236e-5
28.56,5.87325562135909e-5,-7.406185701814866e-5
28.57,6.001883653492258e-5,-7.281351918811479e-5
28.58,6.129979564677433e-5,-7.156382028723482e-5
28.59,6.257539407763725e-5,-7.031281151028608e-5
28.6,6.384559265826061e-5,-6.906054404070079e-5
28.61,6.511035252260046e-5,-6.780706904850428e-5
28.62,6.636963510874977e-5,-6.655243768826117e-5
28.63,6.762340215985219e-5,-6.529670109702446e-5
28.64,6.887161572500694e-5,-6.403991039228691e-5
28.65,7.011423816015197e-5,-6.278211666993558e-5
28.66,7.1351232128941e-5,-6.152337100220976e-5
28.67,7.258256060359942e-5,-6.026372443566707e-5
28.68,7.38081868657673e-5,-5.9003227989145735e-5
28.69,7.502807450733185e-5,-5.7741932651735974e-5
28.7,7.624218743123928e-5,-5.6479889380756134e-5
28.71,7.745048985229853e-5,-5.521714909972662e-5
28.72,7.865294629796377e-5,-5.395376269635647e-5
28.73,7.984952160911103e-5,-5.268978102052563e-5
28.74,8.10401809407895e-5,-5.142525488227817e-5
28.75,8.222488976296822e-5,-5.016023504981487e-5
28.76,8.340361386126435e-5,-4.889477224749529e-5
28.77,8.457631933765484e-5,-4.7628917153838084e-5
28.78,8.574297261117859e-5,-4.636272039953094e-5
28.79,8.690354041861866e-5,-4.509623256544413e-5
28.8,8.805798981517515e-5,-4.3829504180644035e-5
28.81,8.920628817511879e-5,-4.2562585720421556e-5
28.82,9.034840319243576e-5,-4.129552760431256e-5
28.83,9.14843028814524e-5,-4.002838019413562e-5
28.84,9.26139555774479e-5,-3.876119379202423e-5
28.85,9.37373299372549e-5,-3.749401863847079e-5
28.86,9.48543949398401e-5,-3.6226904910375956e-5
28.87,9.596511988687646e-5,-3.495990271909505e-5
28.88,9.706947440329754e-5,-3.3693062108502664e-5
28.89,9.816742843783798e-5,-3.242643305304915e-5
28.9,9.925895226355787e-5,-3.1160065455834715e-5
28.91,0.00010034401647835914,-2.9894009146678805e-5
28.92,0.00010142259200547926,-2.862831388020155e-5
28.93,0.00010249465009397405,-2.7363029333909002e-5
28.94,0.00010356016231919046,-2.6098205106282778e-5
28.95,0.00010461910058321527,-2.4833890714877477e-5
28.96,0.00010567143711532137,-2.3570135594422896e-5
28.97,0.00010671714447238858,-2.230698909493206e-5
28.98,0.00010775619553931741,-2.1044500479815506e-5
28.99,0.00010878856352942503,-1.9782718924002698e-5
29.0,0.00010981422198483002,-1.8521693512066714e-5
29.01,0.00011083314477681859,-1.726147323635807e-5
29.02,0.00011184530610620047,-1.60021069951438e-5
29.03,0.00011285068050364918,-1.4743643590752256e-5
29.04,0.00011384924283002635,-1.3486131727725161e-5
29.05,0.00011484096827669433,-1.2229620010973627e-5
29.06,0.00011582583236581355,-1.0974156943948187e-5
29.07,0.00011680381095062694,-9.719790926803551e-6
29.08,0.00011777488021572614,-8.466570254581276e-6
29.09,0.00011873901667730956,-7.214543115391264e-6
29.1,0.00011969619718342287,-5.963757588606734e-6
29.11,0.00012064639891418082,-4.7142616430595445e-6
29.12,0.00012158959938198883,-3.466103135245934e-6
29.13,0.00012252577643173402,-2.2193298075408364e-6
29.14,0.00012345490824097334,-9.73989286413393e-7
29.15,0.00012437697332010294,2.6987091934191043e-7
29.16,0.000125291950512515,1.51220342037526e-6
29.17,0.00012619981899474132,2.7529609485398467e-6
29.18,0.00012710055827657902,3.992096358641507e-6
29.19,0.00012799414820121148,5.229562630186951e-6
29.2,0.00012888056894529973,6.4653128691170775e-6
29.21,0.00012975980101907986,7.699300309540655e-6
29.22,0.00013063182526642765,8.931478315450922e-6
29.23,0.00013149662286492204,1.0161800382445345e-5
29.24,0.00013235417532589074,1.1390220139427735e-5
29.25,0.0001332044644944412,1.2616691350312526e-5
29.26,0.0001340474725494771,1.3841167915709725e-5
29.27,0.0001348831820037048,1.5063603874612722e-5
29.28,0.00013571157570362353,1.628395340607259e-5
29.29,0.00013653263682950192,1.7502170830864384e-5
29.3,0.00013734634889534176,1.871821061314935e-5
29.31,0.0001381526957488258,1.993202736212199e-5
29.32,0.00013895166157125725,2.114357583365826e-5
29.33,0.00013974323087748,2.235281093194562e-5
29.34,0.00014052738851578903,2.355968771111465e-5
29.35,0.00014130411966782494,2.476416137685322e-5
29.36,0.00014207340984845554,2.59661872880193e-5
29.37,0.00014283524490564935,2.716572095824272e-5
29.38,0.00014358961102032324,2.836271805751642e-5
29.39,0.00014433649470619225,2.955713441378281e-5
29.4,0.00014507588280959408,3.074892601450902e-5
29.41,0.00014580776250930466,3.1938049008256124e-5
29.42,0.00014653212131634401,3.3124459706235606e-5
29.43,0.0001472489470737593,3.430811458385946e-5
29.44,0.0001479582279564082,3.5488970282285496e-5
29.45,0.00014865995247071372,3.666698360994481e-5
29.46,0.00014935410945442256,3.784211154406843e-5
29.47,0.00015004068807633521,3.901431123219973e-5
29.48,0.00015071967783603164,4.018353999370366e-5
29.49,0.00015139106856358402,4.1349755321258745e-5
29.5,0.0001520548504192514,4.2512914882349765e-5
29.51,0.00015271101389316698,4.367297652074091e-5
29.52,0.0001533595498050085,4.482989825794885e-5
29.53,0.00015400044930366025,4.598363829470229e-5
29.54,0.00015463370386685637,4.71341550123909e-5
29.55,0.00015525930530081673,4.828140697450856e-5
29.56,0.00015587724573986665,4.942535292808316e-5
29.57,0.00015648751764604703,5.0565951805104365e-5
29.58,0.00015709011380870912,5.1703162723929034e-5
29.59,0.00015768502734409782,5.283694499069247e-5
29.6,0.00015827225169492358,5.396725810069752e-5
29.61,0.00015885178062991734,5.5094061739801515e-5
29.62,0.0001594236082433826,5.621731578579069e-5
29.63,0.00015998772895472265,5.733698030974489e-5
29.64,0.00016054413750796596,5.845301557739463e-5
29.65,0.0001610928289712728,5.956538205046413e-5
29.66,0.0001616337987364337,6.067404038801098e-5
29.67,0.00016216704251835224,6.177895144774914e-5
29.68,0.00016269255635451897,6.288007628736535e-5
29.69,0.00016321033660447054,6.397737616582919e-5
29.7,0.00016372037994923756,6.50708125446846e-5
29.71,0.00016422268339078195,6.616034708933853e-5
29.72,0.0001647172442514224,6.724594167033756e-5
29.73,0.00016520406017324143,6.832755836463374e-5
29.74,0.0001656831291174929,6.940515945683993e-5
29.75,0.00016615444936398605,7.047870744047812e-5
29.76,0.00016661801951046277,7.154816501921096e-5
29.77,0.0001670738384719651,7.261349510807166e-5
29.78,0.0001675219054801862,7.367466083467755e-5
29.79,0.00016796222008281494,7.473162554043408e-5
29.8,0.00016839478214286188,7.578435278173143e-5
29.81,0.00016881959183798466,7.683280633112688e-5
29.82,0.0001692366496597912,7.787695017852038e-5
29.83,0.0001696459564131333,7.891674853231671e-5
29.84,0.00017004751321539883,7.995216582057926e-5
29.85,0.0001704413214957778,8.098316669217172e-5
29.86,0.00017082738299453024,8.200971601789052e-5
29.87,0.00017120569976223181,8.303177889158694e-5
29.88,0.00017157627415901873,8.404932063127584e-5
29.89,0.00017193910885381373,8.506230678023841e-5
29.9,0.00017229420682354454,8.607070310810929e-5
29.91,0.0001726415713523498,8.707447561195717e-5
29.92,0.00017298120603077827,8.807359051735207e-5
29.93,0.0001733131147549694,8.906801427942134e-5
29.94,0.00017363730172583115,9.005771358389986e-5
29.95,0.0001739537714482008,9.10426553481614e-5
29.96,0.0001742625287300016,9.202280672224773e-5
29.97,0.00017456357868138114,9.299813508987918e-5
29.98,0.00017485692671384543,9.396860806946032e-5
29.99,0.00017514257853937874,9.493419351507042e-5
30.0,0.00017542054016955573,9.589485951744687e-5
30.01,0.00017569081791464112,9.68505744049536e-5
30.02,0.0001759534183826792,9.780130674454088e-5
30.03,0.00017620834847857577,9.874702534269594e-5
30.04,0.0001764556154031634,9.968769924637655e-5
30.05,0.00017669522665226793,0.00010062329774394139
30.06,0.00017692719001574842,0.00010155379036606155
30.07,0.00017715151357654702,0.00010247914688662887
30.08,0.00017736820570970964,0.00010339933732364366
30.09,0.00017757727508140885,0.00010431433194010225
30.1,0.0001777787306479537,0.00010522410124486371
30.11,0.0001779725816547916,0.00010612861599351115
30.12,0.00017815883763549196,0.00010702784718920033
30.13,0.00017833750841073467,0.00010792176608349571
30.14,0.0001785086040872753,0.0001088103441771971
30.15,0.00017867213505690855,0.00010969355322115459
30.16,0.00017882811199541854,0.00011057136521707178
30.17,0.0001789765458615263,0.00011144375241829692
30.18,0.0001791174478958153,0.00011231068733060484
30.19,0.00017925082961966072,0.00011317214271296702
30.2,0.00017937670283414372,0.00011402809157830783
30.21,0.00017949507961895333,0.00011487850719425363
30.22,0.00017960597233128786,0.00011572336308386568
30.23,0.00017970939360473806,0.00011656263302636722
30.24,0.00017980535634816824,0.00011739629105785237
30.25,0.0001798938737445842,0.00011822431147199212
30.26,0.00017997495924999482,0.00011904666882071967
30.27,0.00018004862659226409,0.00011986333791491094
30.28,0.00018011488976995427,0.00012067429382505351
30.29,0.00018017376305115964,0.00012147951188189786
30.3,0.00018022526097233232,0.00012227896767710478
30.31,0.0001802693983371051,0.00012307263706387667
30.32,0.0001803061902150918,0.00012386049615757856
30.33,0.00018033565194069555,0.00012464252133634907
30.34,0.00018035779911189633,0.00012541868924169716
30.35,0.00018037264758903916,0.0001261889767790877
30.36,0.00018038021349360905,0.00012695336111852038
30.37,0.0001803805132069956,0.0001277118196950895
30.38,0.00018037356336925888,0.00012846433020953794
30.39,0.00018035938087787782,0.00012921087062879694
30.4,0.00018033798288649456,0.00012995141918651547
30.41,0.0001803093868036518,0.0001306859543835781
30.42,0.00018027361029152172,0.00013141445498860926
30.43,0.00018023067126462592,0.00013213690003846868
30.44,0.0001801805878885496,0.00013285326883873537
30.45,0.0001801233785786459,0.0001335635409641761
30.46,0.00018005906199873757,0.00013426769625920722
30.47,0.00017998765705980391,0.00013496571483834183
30.48,0.00017990918291866702,0.00013565757708662642
30.49,0.00017982365897666774,0.00013634326366006514
30.5,0.00017973110487833389,0.0001370227554860349
30.51,0.00017963154051004346,0.0001376960337636847
30.52,0.00017952498599867854,0.00013836307996432814
30.53,0.0001794114617102745,0.00013902387583182127
30.54,0.00017929098824866096,0.00013967840338292777
30.55,0.0001791635864540954,0.00014032664490767853
30.56,0.00017902927740189012,0.0001409685829697097
30.57,0.00017888808240103536,0.00014160420040660218
30.58,0.00017874002299281163,0.0001422334803301965
30.59,0.0001785851209493975,0.00014285640612690483
30.6,0.00017842339827247135,0.00014347296145800773
30.61,0.00017825487719180656,0.0001440831302599402
30.62,0.00017807958016385908,0.00014468689674456819
30.63,0.00017789752987034985,0.00014528424539944786
30.64,0.0001777087492168402,0.00014587516098808127
30.65,0.00017751326133130305,0.00014645962855015286
30.66,0.0001773110895626858,0.00014703763340176087
30.67,0.00017710225747946892,0.00014760916113563106
30.68,0.00017688678886821585,0.00014817419762132446
30.69,0.0001766647077321231,0.0001487327290054316
30.7,0.0001764360382895558,0.00014928474171175285
30.71,0.0001762008049725859,0.00014983022244147048
30.72,0.00017595903242551914,0.00015036915817330803
30.73,0.00017571074550341923,0.0001509015361636799
30.74,0.00017545596927062815,0.0001514273439468242
30.75,0.00017519472899927343,0.00015194656933493182
30.76,0.0001749270501677819,0.00015245920041825727
30.77,0.00017465295845937626,0.00015296522556522215
30.78,0.00017437247976057564,0.00015346463342250606
30.79,0.00017408564015968452,0.00015395741291512565
30.8,0.00017379246594528242,0.00015444355324650247
30.81,0.00017349298360470466,0.00015492304389852084
30.82,0.00017318721982251668,0.00015539587463157155
30.83,0.00017287520147899027,0.00015586203548458743
30.84,0.00017255695564856875,0.00015632151677506448
30.85,0.00017223250959832868,0.00015677430909907385
30.86,0.0001719018907864407,0.00015722040333126307
30.87,0.00017156512686062177,0.00015765979062484323
30.88,0.0001712222456565827,0.00015809246241156683
30.89,0.00017087327519647633,0.0001585184104016952
30.9,0.00017051824368733483,0.0001589376265839517
30.91,0.00017015717951950762,0.0001593501032254669
30.92,0.00016979011126509364,0.00015975583287171062
30.93,0.00016941706767636882,0.00016015480834641422
30.94,0.00016903807768420956,0.00016054702275148001
30.95,0.00016865317039651504,0.00016093246946688035
30.96,0.00016826237509662018,0.00016131114215054668
30.97,0.0001678657212417112,0.0001616830347382455
30.98,0.0001674632384612332,0.00016204814144344504
30.99,0.0001670549565552942,0.0001624064567571699
31.0,0.00016664090549306973,0.0001627579754478449
31.01,0.0001662211154111967,0.0001631026925611266
31.02,0.0001657956166121724,0.00016344060341972735
31.03,0.00016536443956274312,0.00016377170362322514
31.04,0.00016492761489229248,0.0001640959890478629
31.05,0.0001644851733912278,0.00016441345584633824
31.06,0.00016403714600936054,0.00016472410044758205
31.07,0.00016358356385428558,0.00016502791955652431
31.08,0.00016312445818975692,0.00016532491015385143
31.09,0.00016265986043406035,0.00016561506949575226
31.1,0.00016218980215838375,0.00016589839511365194
31.11,0.0001617143150851844,0.00016617488481393645
31.12,0.00016123343108655455,0.0001664445366776661
31.13,0.00016074718218258012,0.00016670734906027755
31.14,0.00016025560053970544,0.00016696332059127633
31.15,0.00015975871846908538,0.00016721245017391843
31.16,0.0001592565684249424,0.00016745473698487866
31.17,0.0001587491830029191,0.00016769018047391401
31.18,0.0001582365949384284,0.00016791878036351036
31.19,0.00015771883710500006,0.00016814053664852371
31.2,0.00015719594251262622,0.00016835544959580644
31.21,0.00015666794430610904,0.000168563519743827
31.22,0.00015613487576339824,0.00016876474790227596
31.23,0.00015559677029393325,0.00016895913515166443
31.24,0.00015505366143698154,0.00016914668284290972
31.25,0.00015450558285997435,0.0001693273925969122
31.26,0.0001539525683568419,0.00016950126630412116
31.27,0.00015339465184634708,0.0001696683061240903
31.28,0.00015283186737041567,0.00016982851448502434
31.29,0.00015226424909246973,0.00016998189408331236
31.3,0.0001516918312957522,0.00017012844788305467
31.31,0.00015111464838165944,0.0001702681791155771
31.32,0.00015053273486806352,0.00017040109127893475
31.33,0.00014994612538763986,0.00017052718813740758
31.34,0.00014935485468619062,0.0001706464737209859
31.35,0.00014875895762096885,0.00017075895232484433
31.36,0.00014815846915899945,0.0001708646285088051
31.37,0.00014755342437540114,0.0001709635070967942
31.38,0.00014694385845170755,0.00017105559317628645
31.39,0.00014632980667418614,0.00017114089209773958
31.4,0.0001457113044321593,0.00017121940947401913
31.41,0.00014508838721631975,0.00017129115117981515
31.42,0.00014446109061705303,0.0001713561233510467
31.43,0.00014382945032275177,0.00017141433238425697
31.44,0.00014319350211813403,0.0001714657849360005
31.45,0.00014255328188256163,0.0001715104879222193
31.46,0.00014190882558835506,0.00017154844851761006
31.47,0.0001412601692991116,0.00017157967415498235
31.48,0.00014060734916802132,0.00017160417252460317
31.49,0.0001399504014361836,0.00017162195157353847
31.5,0.00013928936243092396,0.0001716330195049817
31.51,0.00013862426856411155,0.00017163738477757136
31.52,0.000137955156330475,0.00017163505610470246
31.53,0.0001372820623059196,0.00017162604245382802
31.54,0.00013660502314584633,0.00017161035304574912
31.55,0.0001359240755834676,0.00017158799735389764
31.56,0.0001352392564281283,0.00017155898510361043
31.57,0.00013455060256362198,0.00017152332627139183
31.58,0.00013385815094651328,0.00017148103108416806
31.59,0.0001331619386044549,0.00017143211001853547
31.6,0.0001324620026345124,0.00017137657379999514
31.61,0.0001317583802014832,0.00017131443340218135
31.62,0.00013105110853621938,0.00017124570004607966
31.63,0.00013034022493395303,0.00017117038519923937
31.64,0.0001296257667526193,0.0001710885005749708
31.65,0.00012890777141118319,0.00017100005813154183
31.66,0.0001281862763879649,0.00017090507007135695
31.67,0.00012746131921897053,0.00017080354884013626
31.68,0.0001267329374962184,0.00017069550712608017
31.69,0.00012600116886607183,0.0001705809578590242
31.7,0.00012526605102757113,0.00017045991420959445
31.71,0.00012452762173076524,0.00017033238958834065
31.72,0.00012378591877504997,0.00017019839764487396
31.73,0.00012304098000750227,0.0001700579522669881
31.74,0.0001222928433212195,0.00016991106757977434
31.75,0.00012154154665365994,0.00016975775794472966
31.76,0.00012078712798498403,0.00016959803795885413
31.77,0.00012002962533639975,0.0001694319224537428
31.78,0.00011926907676850605,0.0001692594264946659
31.79,0.0001185055203796425,0.00016908056537964577
31.8,0.00011773899430423793,0.00016889535463851947
31.81,0.00011696953671116425,0.00016870381003199932
31.82,0.00011619718580208815,0.00016850594755072332
31.83,0.00011542197980983008,0.0001683017834142932
31.84,0.00011464395699671975,0.00016809133407031415
31.85,0.0001138631556529613,0.0001678746161934162
31.86,0.00011307961409499376,0.00016765164668427733
31.87,0.00011229337066385737,0.00016742244266863
31.88,0.0001115044637235648,0.00016718702149626677
31.89,0.00011071293165946871,0.00016694540074003617
31.9,0.00010991881287663906,0.0001666975981948291
31.91,0.00010912214579823773,0.00016644363187656017
31.92,0.00010832296886389852,0.00016618352002114063
31.93,0.00010752132052811063,0.00016591728108344367
31.94,0.00010671723925860235,0.0001656449337362633
31.95,0.00010591076353473004,0.00016536649686926306
31.96,0.00010510193184587016,0.00016508198958792332
31.97,0.00010429078268981417,0.00016479143121247424
31.98,0.00010347735457116315,0.0001644948412768265
31.99,0.00010266168599973313,0.00016419223952749332
32.0,0.00010184381548895607,0.0001638836459225063
32.01,0.00010102378155428904,0.00016356908063032278
32.02,0.00010020162271162425,0.00016324856402872453
32.03,9.937737747570493e-5,0.0001629221167037189
32.04,9.85510843585416e-5,0.00016258975944841877
32.05,9.77227818678349e-5,0.00016225151326192672
32.06,9.689250850539963e-5,0.00016190739934821046
32.07,9.606030276559649e-5,0.0001615574391149673
32.08,9.522620313376106e-5,0.00016120165417248585
32.09,9.439024808464184e-5,0.00016084006633250078
32.1,9.355247608084299e-5,0.00016047269760704054
32.11,9.271292557126495e-5,0.00016009957020726747
32.12,9.187163498955462e-5,0.00015972070654231372
32.13,9.102864275255708e-5,0.0001593361292181094
32.14,9.018398725877416e-5,0.00015894586103620573
32.15,8.933770688682154e-5,0.00015854992499258873
32.16,8.848983999389676e-5,0.00015814834427649234
32.17,8.764042491424548e-5,0.00015774114226919968
32.18,8.67894999576384e-5,0.000157328342542842
32.19,8.593710340784544e-5,0.00015690996885919152
32.2,8.508327352111895e-5,0.00015648604516844302
32.21,8.4228048524683e-5,0.00015605659560800095
32.22,8.337146661522165e-5,0.00015562164450124693
32.23,8.251356595737461e-5,0.00015518121635631134
32.24,8.165438468223928e-5,0.00015473533586483622
32.25,8.079396088587642e-5,0.00015428402790073224
32.26,7.993233262781716e-5,0.00015382731751892857
32.27,7.90695379295795e-5,0.00015336522995412048
32.28,7.820561477318914e-5,0.00015289779061951222
32.29,7.73406010997008e-5,0.00015242502510554647
32.3,7.64745348077296e-5,0.0001519469591786395
32.31,7.560745375198427e-5,0.000151463618779903
32.32,7.473939574180866e-5,0.00015097503002386468
32.33,7.387039853972334e-5,0.00015048121919718186
32.34,7.300049985997581e-5,0.00014998221275735072
32.35,7.21297373670986e-5,0.0001494780373314105
32.36,7.125814867446423e-5,0.00014896871971464248
32.37,7.038577134285367e-5,0.00014845428686926468
32.38,6.95126428790261e-5,0.00014793476592311894
32.39,6.863880073429666e-5,0.00014741018416836052
32.4,6.776428230311461e-5,0.0001468805690601316
32.41,6.688912492165327e-5,0.0001463459482152409
32.42,6.601336586640002e-5,0.00014580634941083187
32.43,6.513704235275808e-5,0.0001452618005830506
32.44,6.426019153364528e-5,0.0001447123298257051
32.45,6.338285049810655e-5,0.00014415796538892292
32.46,6.250505626993026e-5,0.00014359873567780572
32.47,6.162684580626438e-5,0.00014303466925107445
32.48,6.0748255996247646e-5,0.00014246579481971616
32.49,5.9869323659639006e-5,0.00014189214124562158
32.5,5.899008554545851e-5,0.00014131373754022345
32.51,5.811057833062883e-5,0.00014073061286312626
32.52,5.723083861862709e-5,0.0001401427965207322
32.53,5.6350902938142225e-5,0.0001395503179648706
32.54,5.547080774173423e-5,0.00013895320679141278
32.55,5.4590589404505275e-5,0.00013835149273888845
32.56,5.371028422277282e-5,0.00013774520568710064
32.57,5.2829928412752186e-5,0.0001371343756557325
32.58,5.194955810924072e-5,0.0001365190328029523
32.59,5.106920936431274e-5,0.0001358992074240129
32.6,5.0188918146020605e-5,0.0001352749299498561
32.61,4.9308720337097564e-5,0.00013464623094569845
32.62,4.84286517336711e-5,0.00013401314110962785
32.63,4.754874804398254e-5,0.00013337569127118982
32.64,4.666904488711295e-5,0.00013273391238997174
32.65,4.57895777917123e-5,0.00013208783555418414
32.66,4.491038219473903e-5,0.0001314374919792383
32.67,4.403149344020531e-5,0.0001307829130063212
32.68,4.315294677792918e-5,0.0001301241301009705
32.69,4.2274777362290724e-5,0.00012946117485163787
32.7,4.1397020250996325e-5,0.0001287940789682597
32.71,4.0519710403855204e-5,0.00012812287428081942
32.72,3.9642882681551444e-5,0.0001274475927379072
32.73,3.876657184443321e-5,0.0001267682664052773
32.74,3.789081255130212e-5,0.00012608492746440483
32.75,3.701563935821631e-5,0.00012539760821103803
32.76,3.6141086717290336e-5,0.00012470634105374737
32.77,3.526718897551194e-5,0.0001240111585124723
32.78,3.439398037356158e-5,0.00012331209321707204
32.79,3.352149504463779e-5,0.00012260917790586002
32.8,3.264976701329039e-5,0.00012190244542415092
32.81,3.1778830194262646e-5,0.0001211919287227969
32.82,3.0908718391340945e-5,0.00012047766085672445
32.83,3.003946529620533e-5,0.00011975967498346704
32.84,2.9171104487294846e-5,0.00011903800436169928
32.85,2.8303669428677737e-5,0.00011831268234976693
32.86,2.743719346892602e-5,0.00011758374240421322
32.87,2.657170984000013e-5,0.00011685121807830826
32.88,2.5707251656139723e-5,0.00011611514302057062
32.89,2.484385191276626e-5,0.00011537555097329516
32.9,2.398154348538211e-5,0.00011463247577106764
32.91,2.312035912848965e-5,0.00011388595133929128
32.92,2.2260331474508405e-5,0.0001131360116926993
32.93,2.1401493032707895e-5,0.00011238269093387784
32.94,2.054387618813736e-5,0.00011162602325177558
32.95,1.968751320057308e-5,0.00011086604292022043
32.96,1.8832436203469262e-5,0.00011010278429643414
32.97,1.7978677202913585e-5,0.00010933628181953971
32.98,1.7126268076595697e-5,0.00010856657000907644
32.99,1.6275240572779023e-5,0.00010779368346350492
33.0,1.5425626309284446e-5,0.00010701765685871963
33.01,1.457745677247556e-5,0.00010623852494655389
33.02,1.3730763316257628e-5,0.00010545632255328485
33.03,1.2885577161082332e-5,0.00010467108457814524
33.04,1.2041929392957829e-5,0.00010388284599182063
33.05,1.1199850962468887e-5,0.00010309164183495815
33.06,1.0359372683805818e-5,0.00010229750721666902
33.07,9.520525233799272e-6,0.0001015004773130331
33.08,8.68333915096196e-6,0.00010070058736559761
33.09,7.847844834541176e-6,9.989787267988252e-5
33.1,7.0140725435784815e-6,9.909236862388094e-5
33.11,6.182052395974536e-6,9.828411062655964e-5
33.12,5.351814367564486e-6,9.747313417636036e-5
33.13,4.523388291201055e-6,9.66594748197008e-5
33.14,3.6968038558466514e-6,9.584316815947629e-5
33.15,2.8720906056680842e-6,9.50242498535574e-5
33.16,2.049277939147517e-6,9.42027556132924e-5
33.17,1.2283951081930176e-6,9.337872120200727e-5
33.18,4.0947121726708727e-7,9.255218243350692e-5
33.19,-4.074647774898843e-7,9.172317517057342e-5
33.2,-1.2223840691149926e-6,9.089173532346833e-5
33.21,-2.035258000677946e-6,9.005789884843678e-5
33.22,-2.846058066126467e-6,8.922170174620267e-5
33.23,-3.6547559111220693e-6,8.838318006047556e-5
33.24,-4.461323333870148e-6,8.754236987644949e-5
33.25,-5.265732285936997e-6,8.669930731931005e-5
33.26,-6.067954873066374e-6,8.585402855273339e-5
33.27,-6.867963355981988e-6,8.500656977739018e-5
33.28,-7.665730151180526e-6,8.415696722945588e-5
33.29,-8.461227831724538e-6,8.330525717910804e-5
33.3,-9.254429128017792e-6,8.245147592903945e-5
33.31,-1.0045306928577509e-5,8.159565981295943e-5
33.32,-1.0833834280796793e-5,8.073784519410716e-5
33.33,-1.1619984391700649e-5,7.987806846375582e-5
33.34,-1.2403730628690762e-5,7.901636603972554e-5
33.35,-1.3185046520283356e-5,7.815277436489395e-5
33.36,-1.3963905756840065e-5,7.72873299057079e-5
33.37,-1.4740282191288072e-5,7.642006915069547e-5
33.38,-1.5514149839834335e-5,7.555102860898279e-5
33.39,-1.628548288266622e-5,7.46802448088109e-5
33.4,-1.7054255664653842e-5,7.380775429605026e-5
33.41,-1.7820442696032812e-5,7.29335936327203e-5
33.42,-1.858401865308654e-5,7.205779939551066e-5
33.43,-1.9344958378814317e-5,7.118040817430473e-5
33.44,-2.010323688359698e-5,7.03014565706992e-5
33.45,-2.0858829345849292e-5,6.942098119653077e-5
33.46,-2.1611711112666233e-5,6.853901867240672e-5
33.47,-2.2361857700459658e-5,6.765560562622695e-5
33.48,-2.3109244795587557e-5,6.677077869171984e-5
33.49,-2.3853848254975287e-5,6.588457450697172e-5
33.5,-2.4595644106724907e-5,6.499702971296557e-5
33.51,-2.533460855072092e-5,6.410818095211059e-5
33.52,-2.607071795922594e-5,6.3218064866786e-5
33.53,-2.6803948877462705e-5,6.232671809788144e-5
33.54,-2.753427802419755e-5,6.143417728333659e-5
33.55,-2.8261682292306745e-5,6.054047905668916e-5
33.56,-2.8986138749338543e-5,5.964566004561946e-5
33.57,-2.9707624638063626e-5,5.874975687050534e-5
33.58,-3.0426117377021747e-5,5.7852806142967526e-5
33.59,-3.11415945610569e-5,5.695484446442805e-5
33.6,-3.1854033961841914e-5,5.6055908424668216e-5
33.61,-3.256341352839903e-5,5.51560346003848e-5
33.62,-3.326971138760839e-5,5.425525955375559e-5
33.63,-3.397290584471169e-5,5.335361983100125e-5
33.64,-3.467297538380167e-5,5.2451151960956815e-5
33.65,-3.53698986683087e-5,5.1547892453638916e-5
33.66,-3.606365454147706e-5,5.0643877798819414e-5
33.67,-3.675422202683002e-5,4.9739144464602396e-5
33.68,-3.744158032862923e-5,4.883372889600545e-5
33.69,-3.8125708832325747e-5,4.7927667513536975e-5
33.7,-3.880658710500189e-5,4.702099671178426e-5
33.71,-3.94841948958023e-5,4.611375285800291e-5
33.72,-4.0158512136360085e-5,4.52059722907056e-5
33.73,-4.082951894121393e-5,4.4297691318257664e-5
33.74,-4.149719560821289e-5,4.338894621747508e-5
33.75,-4.216152261891633e-5,4.247977323222747e-5
33.76,-4.282248063898553e-5,4.157020857203957e-5
33.77,-4.348005051856536e-5,4.066028841070011e-5
33.78,-4.413421329265506e-5,3.975004888487576e-5
33.79,-4.478495018147727e-5,3.8839526092722546e-5
33.8,-4.5432242590830495e-5,3.792875609250635e-5
33.81,-4.607607211244099e-5,3.701777490122434e-5
33.82,-4.671642052429696e-5,3.6106618493232544e-5
33.83,-4.7353269790984e-5,3.519532279887256e-5
33.84,-4.798660206400611e-5,3.428392370310602e-5
33.85,-4.861639968209727e-5,3.3372457044153824e-5
33.86,-4.924264517153013e-5,3.246095861213343e-5
33.87,-4.986532124641085e-5,3.154946414770637e-5
33.88,-5.048441080896828e-5,3.063800934072572e-5
33.89,-5.1099896949832e-5,2.972662982889125e-5
33.9,-5.171176294830854e-5,2.881536119640274e-5
33.91,-5.231999227263862e-5,2.7904238972623736e-5
33.92,-5.292456858025525e-5,2.6993298630745987e-5
33.93,-5.352547571802884e-5,2.608257558645987e-5
33.94,-5.4122697722505146e-5,2.5172105196625542e-5
33.95,-5.471621882013479e-5,2.4261922757952463e-5
33.96,-5.5306023427492173e-5,2.335206350568356e-5
33.97,-5.589209615149123e-5,2.244256261227814e-5
33.98,-5.6474421789586495e-5,2.153345518610515e-5
33.99,-5.705298532997211e-5,2.0624776270139004e-5
34.0,-5.762777195176297e-5,1.9716560840659747e-5
34.01,-5.819876702518182e-5,1.8808843805956982e-5
34.02,-5.8765956111724194e-5,1.790166000503845e-5
34.03,-5.9329324964321525e-5,1.6995044206347844e-5
34.04,-5.988885952749586e-5,1.6089031106478455e-5
34.05,-6.044454593750631e-5,1.5183655328899856e-5
34.06,-6.0996370522485574e-5,1.427895142268538e-5
34.07,-6.154431980256588e-5,1.3374953861246824e-5
34.08,-6.208838049000614e-5,1.2471697041069002e-5
34.09,-6.262853948929885e-5,1.1569215280454945e-5
34.1,-6.316478389727586e-5,1.0667542818275547e-5
34.11,-6.369710100320524e-5,9.766713812718633e-6
34.12,-6.422547828887869e-5,8.866762340049405e-6
34.13,-6.474990342869068e-5,7.967722393373124e-6
34.14,-6.52703642897085e-5,7.069627881404323e-6
34.15,-6.578684893173912e-5,6.172512627238098e-6
34.16,-6.629934560737945e-5,5.2764103671306066e-6
34.17,-6.68078427620675e-5,4.381354749281657e-6
34.18,-6.731232903411721e-5,3.4873793326269275e-6
34.19,-6.781279325475098e-5,2.5945175856284257e-6
34.2,-6.830922444812446e-5,1.7028028850767372e-6
34.21,-6.880161183133474e-5,8.122685148979891e-7
34.22,-6.928994481443239e-5,-7.705233503861691e-8
34.23,-6.977421300041796e-5,-9.651265701018878e-7
34.24,-7.025440618523118e-5,-1.851921192078033e-6
34.25,-7.073051435773297e-5,-2.737403300340771e-6
34.26,-7.120252769968266e-5,-3.6215400930207337e-6
34.27,-7.167043658570037e-5,-4.5042988681665e-6
34.28,-7.213423158322692e-5,-5.385647024896352e-6
34.29,-7.259390345247604e-5,-6.2655520645529105e-6
34.3,-7.304944314637245e-5,-7.143981591843267e-6
34.31,-7.350084181049095e-5,-8.02090331598022e-6
34.32,-7.394809078297923e-5,-8.896285051809145e-6
34.33,-7.439118159448046e-5,-9.770094720940989e-6
34.34,-7.483010596803978e-5,-1.0642300352868323e-5
34.35,-7.526485581901161e-5,-1.151287008607923e-5
34.36,-7.569542325495157e-5,-1.2381772169169235e-5
34.37,-7.612180057550694e-5,-1.3248974961940805e-5
34.38,-7.654398027229433e-5,-1.4114446936499607e-5
34.39,-7.696195502877202e-5,-1.49781566783462e-5
34.4,-7.737571772010535e-5,-1.5840072887458704e-5
34.41,-7.778526141302224e-5,-1.6700164379371418e-5
34.42,-7.819057936566316e-5,-1.7558400086246397e-5
34.43,-7.859166502742123e-5,-1.841474905793709e-5
34.44,-7.898851203877779e-5,-1.9269180463050127e-5
34.45,-7.938111423112638e-5,-2.0121663589996947e-5
34.46,-7.97694656265925e-5,-2.09721678480381e-5
34.47,-8.01535604378445e-5,-2.1820662768326705e-5
34.48,-8.053339306789747e-5,-2.2667118004940846e-5
34.49,-8.090895810990892e-5,-2.3511503335910043e-5
34.5,-8.12802503469662e-5,-2.4353788664234575e-5
34.51,-8.164726475186872e-5,-2.519394401890317e-5
34.52,-8.200999648690321e-5,-2.6031939555899728e-5
34.53,-8.236844090360591e-5,-2.6867745559200107e-5
34.54,-8.272259354252505e-5,-2.770133244177301e-5
34.55,-8.307245013297085e-5,-2.853267074656368e-5
34.56,-8.341800659276098e-5,-2.9361731147476925e-5
34.57,-8.375925902795449e-5,-3.0188484450348574e-5
34.58,-8.409620373258574e-5,-3.101290159391817e-5
34.59,-8.44288371883837e-5,-3.183495365078662e-5
34.6,-8.475715606448817e-5,-3.2654611828369465e-5
34.61,-8.508115721715778e-5,-3.347184746984828e-5
34.62,-8.540083768947183e-5,-3.4286632055107366e-5
34.63,-8.571619471102323e-5,-3.5098937201671055e-5
34.64,-8.602722569760371e-5,-3.5908734665625483e-5
34.65,-8.633392825088608e-5,-3.671599634254476e-5
34.66,-8.663630015809639e-5,-3.752069426839912e-5
34.67,-8.693433939167766e-5,-3.8322800620463863e-5
34.68,-8.722804410895008e-5,-3.9122287718215724e-5
34.69,-8.751741265176256e-5,-3.991912802422766e-5
34.7,-8.780244354613688e-5,-4.071329414505256e-5
34.71,-8.808313550190558e-5,-4.1504758832100435e-5
34.72,-8.83594874123438e-5,-4.229349498251007e-5
34.73,-8.863149835379279e-5,-4.307947564001328e-5
34.74,-8.889916758527693e-5,-4.386267399579079e-5
34.75,-8.916249454811462e-5,-4.4643063389320146e-5
34.76,-8.942147886552251e-5,-4.542061730922087e-5
34.77,-8.967612034221334e-5,-4.619530939408848e-5
34.78,-8.992641896398385e-5,-4.696711343331908e-5
34.79,-9.017237489730152e-5,-4.773600336793491e-5
34.8,-9.041398848887996e-5,-4.8501953291394596e-5
34.81,-9.065126026525047e-5,-4.926493745039943e-5
34.82,-9.088419093232645e-5,-5.002493024569101e-5
34.83,-9.111278137495894e-5,-5.0781906232845195e-5
34.84,-9.13370326564911e-5,-5.1535840123054085e-5
34.85,-9.155694601829936e-5,-5.228670678390118e-5
34.86,-9.177252287933513e-5,-5.30344812401341e-5
34.87,-9.198376483565326e-5,-5.377913867442327e-5
34.88,-9.219067365994102e-5,-5.452065442811754e-5
34.89,-9.239325130103393e-5,-5.525900400198909e-5
34.9,-9.25914998834321e-5,-5.599416305697563e-5
34.91,-9.278542170680423e-5,-5.672610741490981e-5
34.92,-9.29750192454894e-5,-5.7454813059244886e-5
34.93,-9.31602951479915e-5,-5.818025613576954e-5
34.94,-9.334125223646656e-5,-5.8902412953319915e-5
34.95,-9.351789350620603e-5,-5.9621259984478564e-5
34.96,-9.369022212511244e-5,-6.033677386626923e-5
34.97,-9.385824143316869e-5,-6.10489314008442e-5
34.98,-9.402195494190212e-5,-6.175770955616183e-5
34.99,-9.418136633384419e-5,-6.246308546665948e-5
35.0,-9.433647946198018e-5,-6.31650364339131e-5
35.01,-9.448729834919766e-5,-6.386353992729818e-5
35.02,-9.463382718772472e-5,-6.455857358463385e-5
35.03,-9.477607033856676e-5,-6.525011521282523e-5
35.04,-9.491403233093355e-5,-6.593814278849573e-5
35.05,-9.504771786166215e-5,-6.662263445861283e-5
35.06,-9.51771317946368e-5,-6.730356854110358e-5
35.07,-9.530227916019697e-5,-6.798092352546496e-5
35.08,-9.542316515454573e-5,-6.865467807336633e-5
35.09,-9.553979513914865e-5,-6.932481101924333e-5
35.1,-9.565217464013136e-5,-6.999130137088211e-5
35.11,-9.576030934766579e-5,-7.065412831000051e-5
35.12,-9.586420511535501e-5,-7.131327119281663e-5
35.13,-9.596386795961346e-5,-7.196870955061298e-5
35.14,-9.605930405903602e-5,-7.262042309028941e-5
35.15,-9.615051975377055e-5,-7.326839169491231e-5
35.16,-9.623752154487618e-5,-7.391259542425322e-5
35.17,-9.632031609368192e-5,-7.455301451531949e-5
35.18,-9.639891022113895e-5,-7.518962938287756e-5
35.19,-9.647331090716657e-5,-7.582242061997012e-5
35.2,-9.65435252899924e-5,-7.645136899842343e-5
35.21,-9.6609560665491e-5,-7.707645546934508e-5
35.22,-9.667142448651274e-5,-7.769766116361794e-5
35.23,-9.672912436221187e-5,-7.831496739238428e-5
35.24,-9.678266805736582e-5,-7.892835564752075e-5
35.25,-9.683206349169204e-5,-7.953780760210614e-5
35.26,-9.687731873915932e-5,-8.014330511088372e-5
35.27,-9.6918442027294e-5,-8.074483021071163e-5
35.28,-9.695544173648057e-5,-8.134236512100679e-5
35.29,-9.698832639925994e-5,-8.193589224418372e-5
35.3,-9.701710469961833e-5,-8.252539416607992e-5
35.31,-9.70417854722778e-5,-8.311085365637899e-5
35.32,-9.706237770197548e-5,-8.369225366902063e-5
35.33,-9.707889052274326e-5,-8.426957734260684e-5
35.34,-9.709133321717986e-5,-8.484280800079892e-5
35.35,-9.709971521572009e-5,-8.541192915270261e-5
35.36,-9.710404609589764e-5,-8.597692449325291e-5
35.37,-9.710433558160546e-5,-8.65377779035842e-5
35.38,-9.71005935423508e-5,-8.709447345139493e-5
35.39,-9.709282999250506e-5,-8.764699539130457e-5
35.4,-9.708105509055022e-5,-8.819532816520247e-5
35.41,-9.706527913832122e-5,-8.873945640258747e-5
35.42,-9.704551258024266e-5,-8.9279364920902e-5
35.43,-9.702176600256362e-5,-8.9815038725854e-5
35.44,-9.699405013258467e-5,-9.034646301173638e-5
35.45,-9.696237583788448e-5,-9.087362316173452e-5
35.46,-9.692675412554077e-5,-9.139650474822536e-5
35.47,-9.688719614134459e-5,-9.191509353307225e-5
35.48,-9.684371316901697e-5,-9.242937546790809e-5
35.49,-9.679631662941336e-5,-9.29393366944126e-5
35.5,-9.674501807973231e-5,-9.34449635445794e-5
35.51,-9.668982921271364e-5,-9.394624254097865e-5
35.52,-9.663076185583638e-5,-9.44431603970083e-5
35.53,-9.65678279705117e-5,-9.493570401713792e-5
35.54,-9.650103965127261e-5,-9.542386049714764e-5
35.55,-9.643040912495867e-5,-9.59076171243541e-5
35.56,-9.63559487498997e-5,-9.638696137783317e-5
35.57,-9.627767101509138e-5,-9.686188092863057e-5
35.58,-9.619558853937194e-5,-9.733236363996866e-5
35.59,-9.610971407059291e-5,-9.779839756744017e-5
35.6,-9.602006048478593e-5,-9.825997095919988e-5
35.61,-9.59266407853272e-5,-9.871707225614364e-5
35.62,-9.582946810209754e-5,-9.916969009208097e-5
35.63,-9.572855569064071e-5,-9.96178132939014e-5
35.64,-9.562391693131609e-5,-0.00010006143088172799
35.65,-9.55155653284498e-5,-0.0001005005320690709
35.66,-9.540351450948156e-5,-0.00010093510626296396
35.67,-9.528777822410844e-5,-0.00010136514306410051
35.68,-9.516837034342708e-5,-0.00010179063226695644
35.69,-9.504530485906901e-5,-0.00010221156385990919
35.7,-9.491859588233687e-5,-0.0001026279280253458
35.71,-9.478825764333629e-5,-0.00010303971513976384
35.72,-9.465430449010245e-5,-0.00010344691577386719
35.73,-9.451675088772682e-5,-0.00010384952069264769
35.74,-9.437561141748022e-5,-0.00010424752085546746
35.75,-9.423090077593165e-5,-0.00010464090741612378
35.76,-9.40826337740643e-5,-0.0001050296717229154
35.77,-9.393082533639244e-5,-0.0001054138053186941
35.78,-9.377549050006881e-5,-0.00010579329994091027
35.79,-9.361664441399708e-5,-0.00010616814752165474
35.8,-9.345430233793483e-5,-0.00010653834018768542
35.81,-9.328847964159733e-5,-0.00010690387026045288
35.82,-9.311919180376046e-5,-0.00010726473025611298
35.83,-9.2946454411356e-5,-0.00010762091288553664
35.84,-9.277028315856819e-5,-0.00010797241105430701
35.85,-9.259069384592809e-5,-0.00010831921786271186
35.86,-9.240770237940285e-5,-0.00010866132660572856
35.87,-9.222132476948475e-5,-0.00010899873077299794
35.88,-9.203157713027747e-5,-0.00010933142404879506
35.89,-9.183847567857931e-5,-0.00010965940031198734
35.9,-9.164203673296591e-5,-0.0001099826536359905
35.91,-9.144227671286883e-5,-0.00011030117828871185
35.92,-9.123921213765152e-5,-0.00011061496873248822
35.93,-9.103285962568753e-5,-0.00011092401962401588
35.94,-9.082323589343122e-5,-0.00011122832581427366
35.95,-9.061035775448932e-5,-0.00011152788234843687
35.96,-9.039424211869035e-5,-0.00011182268446578452
35.97,-9.017490599115171e-5,-0.00011211272759959894
35.98,-8.995236647134482e-5,-0.00011239800737705738
35.99,-8.972664075215824e-5,-0.0001126785196191166
36.0,-8.949774611896028e-5,-0.00011295426034038971
36.01,-8.926569994865801e-5,-0.00011322522574901528
36.02,-8.903051970875504e-5,-0.00011349141224651849
36.03,-8.879222295640971e-5,-0.00011375281642766686
36.04,-8.855082733748827e-5,-0.00011400943508031501
36.05,-8.830635058561798e-5,-0.00011426126518524503
36.06,-8.80588105212415e-5,-0.00011450830391599908
36.07,-8.780822505066377e-5,-0.00011475054863870175
36.08,-8.755461216510269e-5,-0.0001149879969118782
36.09,-8.729798993973602e-5,-0.00011522064648626473
36.1,-8.703837653274811e-5,-0.00011544849530460844
36.11,-8.677579018437322e-5,-0.00011567154150146457
36.12,-8.651024921593948e-5,-0.0001158897834029829
36.13,-8.624177202891189e-5,-0.00011610321952668662
36.14,-8.597037710393287e-5,-0.00011631184858124874
36.15,-8.569608299986103e-5,-0.00011651566946625407
36.16,-8.541890835281126e-5,-0.00011671468127195956
36.17,-8.513887187519145e-5,-0.00011690888327904494
36.18,-8.485599235474002e-5,-0.00011709827495835625
36.19,-8.457028865356119e-5,-0.0001172828559706434
36.2,-8.428177970715823e-5,-0.00011746262616628939
36.21,-8.399048452347031e-5,-0.00011763758558503169
36.22,-8.369642218190298e-5,-0.00011780773445567956
36.23,-8.33996118323609e-5,-0.00011797307319582041
36.24,-8.31000726942793e-5,-0.00011813360241152132
36.25,-8.279782405565554e-5,-0.00011828932289702377
36.26,-8.249288527207792e-5,-0.00011844023563443044
36.27,-8.218527576575475e-5,-0.00011858634179338401
36.28,-8.187501502454487e-5,-0.0001187276427307412
36.29,-8.156212260098406e-5,-0.00011886413999023949
36.3,-8.124661811131354e-5,-0.00011899583530215434
36.31,-8.092852123450625e-5,-0.00011912273058295357
36.32,-8.06078517112958e-5,-0.00011924482793494011
36.33,-8.028462934320025e-5,-0.00011936212964589275
36.34,-7.995887399154928e-5,-0.0001194746381886956
36.35,-7.96306055765109e-5,-0.00011958235622096563
36.36,-7.929984407611487e-5,-0.0001196852865846675
36.37,-7.896660952527985e-5,-0.00011978343230572647
36.38,-7.863092201483672e-5,-0.00011987679659363324
36.39,-7.829280169055564e-5,-0.00011996538284104033
36.4,-7.795226875216862e-5,-0.00012004919462335477
36.41,-7.76093434523958e-5,-0.00012012823569832026
36.42,-7.726404609596954e-5,-0.00012020251000559734
36.43,-7.691639703866015e-5,-0.00012027202166633247
36.44,-7.656641668629908e-5,-0.00012033677498272527
36.45,-7.621412549380506e-5,-0.00012039677443758312
36.46,-7.585954396420997e-5,-0.00012045202469387531
36.47,-7.550269264768179e-5,-0.0001205025305942769
36.48,-7.5143592140552e-5,-0.00012054829716070736
36.49,-7.478226308434102e-5,-0.00012058932959386325
36.5,-7.441872616478482e-5,-0.00012062563327274314
36.51,-7.405300211085952e-5,-0.00012065721375416749
36.52,-7.368511169381024e-5,-0.0001206840767722917
36.53,-7.331507572617773e-5,-0.0001207062282381118
36.54,-7.294291506082576e-5,-0.00012072367423896513
36.55,-7.256865058997011e-5,-0.0001207364210380258
36.56,-7.21923032442065e-5,-0.00012074447507379097
36.57,-7.181389399154096e-5,-0.00012074784295956317
36.58,-7.14334438364195e-5,-0.00012074653148292466
36.59,-7.105097381875798e-5,-0.0001207405476052094
36.6,-7.066650501297555e-5,-0.00012072989846096302
36.61,-7.028005852702456e-5,-0.00012071459135740157
36.62,-6.989165550142552e-5,-0.00012069463377386362
36.63,-6.95013171082988e-5,-0.00012067003336125347
36.64,-6.91090645504019e-5,-0.00012064079794148095
36.65,-6.871491906016247e-5,-0.0001206069355068948
36.66,-6.831890189871664e-5,-0.00012056845421970948
36.67,-6.792103435494498e-5,-0.00012052536241142699
36.68,-6.752133774451333e-5,-0.00012047766858225165
36.69,-6.71198334089094e-5,-0.00012042538140050017
36.7,-6.671654271448533e-5,-0.00012036850970200545
36.71,-6.631148705150002e-5,-0.0001203070624895145
36.72,-6.590468783316019e-5,-0.00012024104893208113
36.73,-6.549616649466568e-5,-0.00012017047836445136
36.74,-6.50859444922552e-5,-0.00012009536028644626
36.75,-6.467404330225277e-5,-0.00012001570436233734
36.76,-6.426048442011468e-5,-0.0001199315204202132
36.77,-6.384528935948049e-5,-0.00011984281845134737
36.78,-6.342847965122374e-5,-0.00011974960860955503
36.79,-6.301007684250276e-5,-0.0001196519012105479
36.8,-6.25901024958153e-5,-0.00011954970673127862
36.81,-6.216857818805365e-5,-0.00011944303580928647
36.82,-6.174552550956227e-5,-0.00011933189924203382
36.83,-6.132096606319442e-5,-0.00011921630798623555
36.84,-6.08949214633727e-5,-0.00011909627315718747
36.85,-6.046741333515213e-5,-0.00011897180602808592
36.86,-6.00384633132812e-5,-0.00011884291802934471
36.87,-5.960809304126803e-5,-0.00011870962074790413
36.88,-5.9176324170447285e-5,-0.00011857192592653801
36.89,-5.874317835904838e-5,-0.00011842984546315223
36.9,-5.830867727126614e-5,-0.00011828339141008081
36.91,-5.787284257633241e-5,-0.00011813257597337605
36.92,-5.743569594759118e-5,-0.00011797741151209241
36.93,-5.699725906157393e-5,-0.000117817910537568
36.94,-5.655755359707851e-5,-0.00011765408571269783
36.95,-5.611660123424718e-5,-0.00011748594985120632
36.96,-5.5674423653652615e-5,-0.00011731351591691045
36.97,-5.523104253537734e-5,-0.00011713679702298006
36.98,-5.47864795581037e-5,-0.0001169558064311945
36.99,-5.434075639819984e-5,-0.00011677055755119388
37.0,-5.389389472881319e-5,-0.00011658106393972358
37.01,-5.3445916218959867e-5,-0.00011638733929987598
37.02,-5.2996842532621746e-5,-0.00011618939748032788
37.03,-5.2546695327843786e-5,-0.0001159872524745728
37.04,-5.209549625583319e-5,-0.00011578091842014577
37.05,-5.164326696006073e-5,-0.00011557040959785065
37.06,-5.119002907536638e-5,-0.0001153557404309744
37.07,-5.0735804227065824e-5,-0.0001151369254845038
37.08,-5.0280614030058874e-5,-0.00011491397946433314
37.09,-4.982448008794095e-5,-0.00011468691721647052
37.1,-4.9367423992119236e-5,-0.00011445575372623917
37.11,-4.8909467320927305e-5,-0.00011422050411747059
37.12,-4.8450631638744264e-5,-0.00011398118365170142
37.13,-4.799093849511829e-5,-0.00011373780772735791
37.14,-4.7530409423890706e-5,-0.00011349039187894071
37.15,-4.706906594232145e-5,-0.00011323895177620444
37.16,-4.6606929550220536e-5,-0.00011298350322333365
37.17,-4.614402172907998e-5,-0.0001127240621581134
37.18,-4.568036394121008e-5,-0.00011246064465109644
37.19,-4.521597762887584e-5,-0.00011219326690476741
37.2,-4.4750884213438454e-5,-0.00011192194525270128
37.21,-4.428510509450071e-5,-0.00011164669615872018
37.22,-4.381866164905084e-5,-0.00011136753621604243
37.23,-4.335157523061365e-5,-0.00011108448214643288
37.24,-4.288386716840262e-5,-0.00011079755079934472
37.25,-4.241555876647645e-5,-0.00011050675915106184
37.26,-4.194667130289465e-5,-0.00011021212430383294
37.27,-4.147722602888187e-5,-0.00010991366348500534
37.28,-4.100724416799098e-5,-0.00010961139404615435
37.29,-4.053674691527028e-5,-0.00010930533346220797
37.3,-4.0065755436435144e-5,-0.00010899549933056952
37.31,-3.95942908670405e-5,-0.00010868190937023478
37.32,-3.912237431165916e-5,-0.00010836458142090932
37.33,-3.865002684306158e-5,-0.00010804353344211757
37.34,-3.817726950139766e-5,-0.00010771878351231124
37.35,-3.770412329338563e-5,-0.0001073903498279763
37.36,-3.7230609191500624e-5,-0.00010705825070273027
37.37,-3.6756748133167475e-5,-0.00010672250456642472
37.38,-3.628256101995739e-5,-0.00010638312996423673
37.39,-3.580806871678949e-5,-0.00010604014555576392
37.4,-3.5333292051130996e-5,-0.0001056935701141085
37.41,-3.4858251812206006e-5,-0.00010534342252496757
37.42,-3.438296875020411e-5,-0.00010498972178571115
37.43,-3.390746357549596e-5,-0.0001046324870044656
37.44,-3.343175695784783e-5,-0.00010427173739918691
37.45,-3.295586952564295e-5,-0.00010390749229673439
37.46,-3.247982186510604e-5,-0.0001035397711319433
37.47,-3.2003634519530314e-5,-0.00010316859344668979
37.48,-3.1527327988508205e-5,-0.000102793978888958
37.49,-3.1050922727166765e-5,-0.00010241594721190086
37.5,-3.057443914540619e-5,-0.00010203451827289909
37.51,-3.009789760714109e-5,-0.00010164971203261936
37.52,-2.9621318429545762e-5,-0.00010126154855406596
37.53,-2.914472188230539e-5,-0.00010087004800163496
37.54,-2.8668128186867683e-5,-0.0001004752306401601
37.55,-2.819155751569932e-5,-0.00010007711683396138
37.56,-2.7715029991547577e-5,-9.967572704588698e-5
37.57,-2.7238565686705394e-5,-9.927108183635679e-5
37.58,-2.676218462227707e-5,-9.886320186239913e-5
37.59,-2.6285906767452797e-5,-9.845210787668782e-5
37.6,-2.580975203878356e-5,-9.803782072657852e-5
37.61,-2.533374029946067e-5,-9.762036135313672e-5
37.62,-2.4857891358600143e-5,-9.719975079017226e-5
37.63,-2.438222497052946e-5,-9.677601016326182e-5
37.64,-2.390676083408006e-5,-9.634916068878008e-5
37.65,-2.3431518591882615e-5,-9.591922367291735e-5
37.66,-2.2956517829666017e-5,-9.548622051070488e-5
37.67,-2.2481778075561267e-5,-9.505017268503155e-5
37.68,-2.2007318799409554e-5,-9.461110176566318e-5
37.69,-2.1533159412073052e-5,-9.416902940825675e-5
37.7,-2.1059319264750402e-5,-9.372397735337322e-5
37.71,-2.058581764829828e-5,-9.32759674254907e-5
37.72,-2.0112673792553276e-5,-9.282502153201264e-5
37.73,-1.9639906865660287e-5,-9.237116166227764e-5
37.74,-1.916753597340551e-5,-9.191440988656303e-5
37.75,-1.8695580158552746e-5,-9.145478835509283e-5
37.76,-1.822405840018285e-5,-9.099231929703856e-5
37.77,-1.7752989613038982e-5,-9.052702501952022e-5
37.78,-1.728239264687657e-5,-9.005892790660802e-5
37.79,-1.6812286285814673e-5,-8.958805041831908e-5
37.8,-1.634268924769426e-5,-8.911441508961526e-5
37.81,-1.587362018344065e-5,-8.863804452939704e-5
37.82,-1.5405097676429447e-5,-8.815896141949999e-5
37.83,-1.4937140241854479e-5,-8.76771885136859e-5
37.84,-1.446976632610567e-5,-8.71927486366334e-5
37.85,-1.4002994306146445e-5,-8.670566468293082e-5
37.86,-1.3536842488897426e-5,-8.62159596160617e-5
37.87,-1.3071329110623545e-5,-8.572365646739555e-5
37.88,-1.2606472336326753e-5,-8.522877833517174e-5
37.89,-1.2142290259143543e-5,-8.473134838348844e-5
37.9,-1.1678800899743725e-5,-8.423138984128367e-5
37.91,-1.121602220573753e-5,-8.372892600132027e-5
37.92,-1.0753972051084558e-5,-8.322398021916879e-5
37.93,-1.0292668235509625e-5,-8.271657591218959e-5
37.94,-9.83212848391929e-6,-8.220673655851152e-5
37.95,-9.372370445826752e-6,-8.169448569601294e-5
37.96,-8.913411694780263e-6,-8.117984692130189e-5
37.97,-8.455269727793482e-6,-8.066284388869282e-5
37.98,-7.997961964783738e-6,-8.014350030918528e-5
37.99,-7.5415057480135905e-6,-7.96218399494395e-5
38.0,-7.08591834153687e-6,-7.909788663075507e-5
38.01,-6.631216930648601e-6,-7.857166422804517e-5
38.02,-6.177418621340225e-6,-7.804319666881089e-5
38.03,-5.724540439761278e-6,-7.75125079321191e-5
38.04,-5.272599331681401e-6,-7.697962204757347e-5
38.05,-4.821612161960548e-6,-7.644456309428888e-5
38.06,-4.371595714023073e-6,-7.590735519986724e-5
38.07,-3.92256668933615e-6,-7.5368022539369e-5
38.08,-3.474541706891719e-6,-7.482658933428476e-5
38.09,-3.02753730269527e-6,-7.42830798515103e-5
38.1,-2.5815699292582384e-6,-7.373751840231862e-5
38.11,-2.1366559550953664e-6,-7.318992934132901e-5
38.12,-1.6928116642251505e-6,-7.264033706548442e-5
38.13,-1.2500532556784463e-6,-7.208876601301871e-5
38.14,-8.083968430086192e-7,-7.153524066243261e-5
38.15,-3.6785845380767833e-7,-7.097978553146212e-5
38.16,7.154597077222278e-8,-7.042242517605311e-5
38.17,5.098005764946818e-7,-6.986318418933138e-5
38.18,9.468895965061736e-7,-6.930208720057834e-5
38.19,1.3827973518028586e-6,-6.873915887419915e-5
38.2,1.817508251690801e-6,-6.817442390869755e-5
38.21,2.251006794239337e-6,-6.760790703564992e-5
38.22,2.6832775667330523e-6,-6.70396330186753e-5
38.23,3.114305246117102e-6,-6.646962665241128e-5
38.24,3.5440745994382196e-6,-6.589791276148643e-5
38.25,3.972570484279026e-6,-6.532451619949694e-5
38.26,4.3997778491909265e-6,-6.474946184797755e-5
38.27,4.825681734120729e-6,-6.417277461537917e-5
38.28,5.250267270829275e-6,-6.359447943604516e-5
38.29,5.6735196833115695e-6,-6.30146012691855e-5
38.3,6.095424288205157e-6,-6.243316509785496e-5
38.31,6.515966495199322e-6,-6.18501959279298e-5
38.32,6.935131807435257e-6,-6.126571878708789e-5
38.33,7.352905821903961e-6,-6.0679758723785045e-5
38.34,7.769274229839154e-6,-6.009234080623596e-5
38.35,8.184222817101829e-6,-5.9503490121395505e-5
38.36,8.597737464564812e-6,-5.891323177393873e-5
38.37,9.009804148490125e-6,-5.83215908852435e-5
38.38,9.420408940900592e-6,-5.7728592592373325e-5
38.39,9.829538009946332e-6,-5.713426204706337e-5
38.4,1.0237177620269816e-5,-5.6538624414702425e-5
38.41,1.0643314133362514e-5,-5.594170487332228e-5
38.42,1.1047934007916605e-5,-5.53435286125812e-5
38.43,1.1451023800173686e-5,-5.474412083275689e-5
38.44,1.1852570164268005e-5,-5.4143506743732364e-5
38.45,1.2252559852563757e-5,-5.3541711563987624e-5
38.46,1.2650979715987695e-5,-5.293876051959318e-5
38.47,1.304781670435747e-5,-5.2334678843200434e-5
38.48,1.3443057866705763e-5,-5.1729491773038496e-5
38.49,1.3836690351596871e-5,-5.112322455190852e-5
38.5,1.4228701407439472e-5,-5.051590242618322e-5
38.51,1.4619078382796756e-5,-4.99075506448026e-5
38.52,1.5007808726688131e-5,-4.929819445827555e-5
38.53,1.5394879988887188e-5,-4.868785911768304e-5
38.54,1.5780279820216065e-5,-4.807656987367789e-5
38.55,1.616399597283355e-5,-4.7464351975492126e-5
38.56,1.65460163005179e-5,-4.685123066994209e-5
38.57,1.6926328758943924e-5,-4.623723120043814e-5
38.58,1.7304921405959146e-5,-4.562237880599193e-5
38.59,1.7681782401851168e-5,-4.500669872022898e-5
38.6,1.8056900009608647e-5,-4.43902161704031e-5
38.61,1.8430262595183653e-5,-4.3772956376409165e-5
38.62,1.880185862774249e-5,-4.315494454980123e-5
38.63,1.9171676679915053e-5,-4.253620589281016e-5
38.64,1.953970542803748e-5,-4.19167655973668e-5
38.65,1.9905933652392713e-5,-4.12966488441206e-5
38.66,2.0270350237441487e-5,-4.0675880801467555e-5
38.67,2.0632944172053355e-5,-4.005448662457412e-5
38.68,2.0993704549728102e-5,-3.943249145440851e-5
38.69,2.1352620568815893e-5,-3.880992041676872e-5
38.7,2.1709681532731124e-5,-3.818679862131593e-5
38.71,2.2064876850159363e-5,-3.756315116061144e-5
38.72,2.2418196035263046e-5,-3.693900310915092e-5
38.73,2.2769628707880003e-5,-3.6314379522405126e-5
38.74,2.311916459371616e-5,-3.568930543586133e-5
38.75,2.3466793524534803e-5,-3.506380586406815e-5
38.76,2.3812505438342223e-5,-3.443790579968024e-5
38.77,2.4156290379564246e-5,-3.381163021250651e-5
38.78,2.4498138499221733e-5,-3.3185004048564274e-5
38.79,2.4838040055099566e-5,-3.2558052229127994e-5
38.8,2.5175985411910292e-5,-3.19307996497895e-5
38.81,2.5511965041454345e-5,-3.130327117951293e-5
38.82,2.584596952277284e-5,-3.0675491659698746e-5
38.83,2.617798954229918e-5,-3.004748590324438e-5
38.84,2.6508015894000882e-5,-2.94192786936111e-5
38.85,2.6836039479520766e-5,-2.8790894783895568e-5
38.86,2.7162051308313143e-5,-2.8162358895895606e-5
38.87,2.748604249776882e-5,-2.7533695719189546e-5
38.88,2.780800427334559e-5,-2.690492991020925e-5
38.89,2.8127927968683727e-5,-2.6276086091323402e-5
38.9,2.8445805025723528e-5,-2.5647188849916015e-5
38.91,2.8761626994815453e-5,-2.501826273747368e-5
38.92,2.907538553482397e-5,-2.4389332268672974e-5
38.93,2.938707241322848e-5,-2.3760421920472775e-5
38.94,2.9696679506220593e-5,-2.3131556131206102e-5
38.95,3.0004198798793117e-5,-2.2502759299677355e-5
38.96,3.0309622384825685e-5,-2.1874055784264026e-5
38.97,3.061294246716723e-5,-2.124546990201664e-5
38.98,3.091415135771152e-5,-2.061702592776662e-5
38.99,3.12132414774678e-5,-1.9988748093233992e-5
39.0,3.1510205356629266e-5,-1.9360660586141504e-5
39.01,3.180503563463254e-5,-1.8732787549326856e-5
39.02,3.2097725060216566e-5,-1.810515307986263e-5
39.03,3.238826649147309e-5,-1.747778122817903e-5
39.04,3.267665289589545e-5,-1.6850695997186228e-5
39.05,3.296287735042068e-5,-1.6223921341403826e-5
39.06,3.324693304146728e-5,-1.559748116609177e-5
39.07,3.352881326496787e-5,-1.497139932638586e-5
39.08,3.380851142639837e-5,-1.434569962643465e-5
39.09,3.4086021040801946e-5,-1.3720405818540602e-5
39.1,3.436133573280498e-5,-1.3095541602307222e-5
39.11,3.463444923663545e-5,-1.2471130623783796e-5
39.12,3.490535539612913e-5,-1.1847196474619813e-5
39.13,3.517404816473596e-5,-1.1223762691218342e-5
39.14,3.5440521605519505e-5,-1.060085275389716e-5
39.15,3.5704769891152175e-5,-9.978490086048112e-6
39.16,3.5966787303905894e-5,-9.356698053304584e-6
39.17,3.622656823563941e-5,-8.735499962709974e-6
39.18,3.6484107187777316e-5,-8.114919061893043e-6
39.19,3.6739398771288954e-5,-7.494978538241238e-6
39.2,3.699243770665986e-5,-6.875701518083226e-6
39.21,3.7243218823858165e-5,-6.257111065873438e-6
39.22,3.7491737062299646e-5,-5.639230183378086e-6
39.23,3.7737987470804136e-5,-5.0220818088680205e-6
39.24,3.798196520755021e-5,-4.40568881631368e-6
39.25,3.8223665540024143e-5,-3.790074014585456e-6
39.26,3.8463083844964684e-5,-3.175260146654667e-6
39.27,3.870021560830318e-5,-2.5612698888014558e-6
39.28,3.893505642509887e-5,-1.9481258498274886e-6
39.29,3.916760199946976e-5,-1.3358505702673874e-6
39.3,3.9397848144519476e-5,-7.244665216092837e-7
39.31,3.962579078226003e-5,-1.1399610551756823e-7
39.32,3.985142594352816e-5,4.955383469402552e-7
39.33,4.007474976789844e-5,1.1041145760648438e-6
39.34,4.029575850359346e-5,1.7117103942878204e-6
39.35,4.0514448507387146e-5,2.3183036869339825e-6
39.36,4.073081624450332e-5,2.9238724129790663e-6
39.37,4.094485828851392e-5,3.528394605801828e-6
39.38,4.1156571321227154e-5,4.13184837393414e-6
39.39,4.1365952132575935e-5,4.734211901803132e-6
39.4,4.157299762049959e-5,5.335463450474954e-6
39.41,4.177770479082221e-5,5.93558135838878e-6
39.42,4.1980070757125576e-5,6.534544042090588e-6
39.43,4.2180092740618285e-5,7.132329996958531e-6
39.44,4.23777680700024e-5,7.728917797929802e-6
39.45,4.2573094181332045e-5,8.324286100217793e-6
39.46,4.27660686178709e-5,8.918413640026048e-6
39.47,4.295668902994512e-5,9.511279235261798e-6
39.48,4.314495317478887e-5,1.0102861786240604e-5
39.49,4.333085891639093e-5,1.069314027638796e-5
39.5,4.3514404225331705e-5,1.1282093772936454e-5
39.51,4.369558717862017e-5,1.1869701427620648e-5
39.52,4.387440595952503e-5,1.2455942477364222e-5
39.53,4.4050858857400394e-5,1.3040796244963453e-5
39.54,4.4224944267509096e-5,1.3624242139768758e-5
39.55,4.4396660690842496e-5,1.4206259658358819e-5
39.56,4.4566006733933676e-5,1.4786828385211296e-5
39.57,4.473298110866874e-5,1.5365927993368038e-5
39.58,4.4897582632092976e-5,1.594353824509822e-5
39.59,4.505981022621303e-5,1.651963899255488e-5
39.6,4.5219662917796234e-5,1.7094210178425387e-5
39.61,4.537713983816341e-5,1.766723183658193e-5
39.62,4.553224022298001e-5,1.823868409272284e-5
39.63,4.568496341204341e-5,1.8808547165011877e-5
39.64,4.583530884906275e-5,1.9376801364710215e-5
39.65,4.598327608143994e-5,1.9943427096808026e-5
39.66,4.6128864760042846e-5,2.0508404860647246e-5
39.67,4.62720746389758e-5,2.107171525054211e-5
39.68,4.641290557534673e-5,2.1633338956391998e-5
39.69,4.655135752902984e-5,2.219325676429416e-5
39.7,4.668743056242495e-5,2.275144955714805e-5
39.71,4.682112484021089e-5,2.3307898315254515e-5
39.72,4.695244062909924e-5,2.3862584116913373e-5
39.73,4.708137829758036e-5,2.4415488139013764e-5
39.74,4.720793831566691e-5,2.496659165762037e-5
39.75,4.733212125463486e-5,2.551587604855302e-5
39.76,4.745392778675859e-5,2.6063322787965222e-5
39.77,4.757335868504423e-5,2.660891345291515e-5
39.78,4.7690414822958026e-5,2.7152629721929922e-5
39.79,4.780509717415164e-5,2.7694453375570775e-5
39.8,4.791740681218253e-5,2.8234366296986837e-5
39.81,4.8027344910234514e-5,2.8772350472469112e-5
39.82,4.8134912740828174e-5,2.9308387991994342e-5
39.83,4.8240111675534846e-5,2.9842461049769892e-5
39.84,4.8342943184681174e-5,3.0374551944769143e-5
39.85,4.8443408837053604e-5,3.0904643081262545e-5
39.86,4.854151029959869e-5,3.143271696934602e-5
39.87,4.8637249337118825e-5,3.19587562254617e-5
39.88,4.873062781196522e-5,3.24827435729152e-5
39.89,4.882164768372658e-5,3.3004661842385677e-5
39.9,4.8910311008917036e-5,3.3524493972435485e-5
39.91,4.8996619940656654e-5,3.4042223010008847e-5
39.92,4.908057672835164e-5,3.455783211092992e-5
39.93,4.916218371736966e-5,3.5071304540392636e-5
39.94,4.924144334871124e-5,3.558262367344897e-5
39.95,4.9318358158681516e-5,3.609177299548898e-5
39.96,4.939293077855274e-5,3.659873610271523e-5
39.97,4.946516393422861e-5,3.710349670261666e-5
39.98,4.9535060445902216e-5,3.7606038614432316e-5
39.99,4.9602623227712924e-5,3.8106345769612274e-5
40.0,4.966785528739793e-5,3.8604402212271984e-5
40.01,4.9730759725942075e-5,3.910019209964449e-5
40.02,4.979133973722391e-5,3.959369970252408e-5
40.03,4.984959860765913e-5,4.008490940570526e-5
40.04,4.990553971583952e-5,4.057380570841901e-5
40.05,4.9959166532169945e-5,4.106037322476107e-5
40.06,5.001048261850282e-5,4.154459668411635e-5
40.07,5.005949162776676e-5,4.2026460931576606e-5
40.08,5.010619730359719e-5,4.250595092835601e-5
40.09,5.015060347995612e-5,4.298305175219856e-5
40.1,5.0192714080757886e-5,4.345774859777989e-5
40.11,5.023253311948515e-5,4.393002677710679e-5
40.12,5.027006469880546e-5,4.439987171990959e-5
40.13,5.030531301018258e-5,4.486726897402892e-5
40.14,5.0338282333487276e-5,4.5332204205796016e-5
40.15,5.036897703660332e-5,4.579466320041259e-5
40.16,5.039740157503152e-5,4.625463186232018e-5
40.17,5.042356049148947e-5,4.671209621556635e-5
40.18,5.0447458415512384e-5,4.716704240416489e-5
40.19,5.046910006304536e-5,4.7619456692452524e-5
40.2,5.048849023603782e-5,4.8069325465438424e-5
40.21,5.050563382203266e-5,4.851663522914751e-5
40.22,5.052053579375328e-5,4.896137261096208e-5
40.23,5.0533201208687805e-5,4.940352435995428e-5
40.24,5.0543635208670914e-5,4.984307734721583e-5
40.25,5.0551843019462266e-5,5.028001856617926e-5
40.26,5.0557829950324216e-5,5.071433513293858e-5
40.27,5.056160139359367e-5,5.114601428656063e-5
40.28,5.056316282425387e-5,5.1575043389391025e-5
40.29,5.0562519799504656e-5,5.200140992735871e-5
40.3,5.055967795832522e-5,5.242510151027008e-5
40.31,5.05546430210403e-5,5.284610587210122e-5
40.32,5.054742078887979e-5,5.3264410871283174e-5
40.33,5.053801714353805e-5,5.368000449098236e-5
40.34,5.0526438046729224e-5,5.409287483937661e-5
40.35,5.0512689539741725e-5,5.450301014992175e-5
40.36,5.0496777742988215e-5,5.4910398781619815e-5
40.37,5.0478708855556474e-5,5.531502921927489e-5
40.38,5.045848915475359e-5,5.5716890073747324e-5
40.39,5.0436124995652266e-5,5.611597008220137e-5
40.4,5.041162281063127e-5,5.651225810834931e-5
40.41,5.03849891089164e-5,5.690574314268654e-5
40.42,5.0356230476115884e-5,5.7296414302725016e-5
40.43,5.032535357375763e-5,5.768426083321847e-5
40.44,5.029236513882167e-5,5.806927210638436e-5
40.45,5.0257271983269874e-5,5.845143762211915e-5
40.46,5.022008099357567e-5,5.883074700820782e-5
40.47,5.018079913025076e-5,5.9207190020530165e-5
40.48,5.013943342736833e-5,5.9580756543258984e-5
40.49,5.0095990992086244e-5,5.9951436589054543e-5
40.5,5.00504790041681e-5,6.031922029925272e-5
40.51,5.0002904715499775e-5,6.068409794404933e-5
40.52,4.995327544960698e-5,6.104605992267745e-5
40.53,4.9901598601169374e-5,6.140509676357846e-5
40.54,4.9847881635532536e-5,6.176119912457171e-5
40.55,4.9792132088217744e-5,6.211435779301457e-5
40.56,4.973435756443377e-5,6.246456368595856e-5
40.57,4.967456573857924e-5,6.281180785030064e-5
40.58,4.961276435374995e-5,6.31560814629293e-5
40.59,4.954896122124154e-5,6.349737583086428e-5
40.6,4.948316422005034e-5,6.383568239139041e-5
40.61,4.941538129637324e-5,6.417099271218903e-5
40.62,4.934562046310485e-5,6.450329849145974e-5
40.63,4.92738897993342e-5,6.483259155804126e-5
40.64,4.920019744983788e-5,6.515886387152267e-5
40.65,4.912455162457444e-5,6.548210752235309e-5
40.66,4.904696059817342e-5,6.580231473194346e-5
40.67,4.8967432709425976e-5,6.611947785276435e-5
40.68,4.888597636077231e-5,6.64335893684363e-5
40.69,4.8802600017787996e-5,6.674464189381845e-5
40.7,4.871731220866779e-5,6.705262817508929e-5
40.71,4.863012152371019e-5,6.73575410898212e-5
40.72,4.854103661479783e-5,6.765937364705287e-5
40.73,4.8450066194879004e-5,6.795811898735338e-5
40.74,4.8357219037444606e-5,6.825377038288334e-5
40.75,4.8262503976007146e-5,6.854632123744758e-5
40.76,4.816592990357601e-5,6.883576508654708e-5
40.77,4.806750577213184e-5,6.912209559742136e-5
40.78,4.796724059210002e-5,6.940530656908743e-5
40.79,4.786514343182285e-5,6.968539193237392e-5
40.8,4.776122341702979e-5,6.996234574994916e-5
40.81,4.7655489730307526e-5,7.02361622163442e-5
40.82,4.7547951610567e-5,7.050683565797002e-5
40.83,4.743861835251109e-5,7.077436053313125e-5
40.84,4.732749930610082e-5,7.10387314320319e-5
40.85,4.7214603876019555e-5,7.129994307677863e-5
40.86,4.709994152113598e-5,7.155799032137732e-5
40.87,4.698352175396682e-5,7.181286815172421e-5
40.88,4.686535414013876e-5,7.206457168559312e-5
40.89,4.674544829784814e-5,7.231309617261514e-5
40.9,4.662381389731997e-5,7.255843699425738e-5
40.91,4.6500460660266096e-5,7.280058966379047e-5
40.92,4.637539835934353e-5,7.303954982625689e-5
40.93,4.624863681760964e-5,7.327531325843053e-5
40.94,4.612018590797766e-5,7.350787586877121e-5
40.95,4.5990055552671355e-5,7.373723369737725e-5
40.96,4.585825572267843e-5,7.396338291592803e-5
40.97,4.572479643720397e-5,7.418631982762554e-5
40.98,4.558968776312111e-5,7.440604086712868e-5
40.99,4.545293981442308e-5,7.462254260048384e-5
41.0,4.531456275167309e-5,7.483582172504802e-5
41.01,4.517456678145454e-5,7.504587506941034e-5
41.02,4.5032962155818504e-5,7.525269959330598e-5
41.03,4.488975917173417e-5,7.545629238752405e-5
41.04,4.474496817053332e-5,7.565665067381577e-5
41.05,4.45985995373603e-5,7.585377180478997e-5
41.06,4.445066370061593e-5,7.604765326381029e-5
41.07,4.4301171131403775e-5,7.62382926648834e-5
41.08,4.415013234297627e-5,7.642568775254384e-5
41.09,4.3997557890176946e-5,7.660983640173385e-5
41.1,4.384345836888738e-5,7.679073661767669e-5
41.11,4.3687844415467925e-5,7.696838653574788e-5
41.12,4.3530726706201805e-5,7.714278442133862e-5
41.13,4.337211595673828e-5,7.731392866971651e-5
41.14,4.321202292153466e-5,7.74818178058792e-5
41.15,4.305045839329652e-5,7.764645048440487e-5
41.16,4.2887433202420473e-5,7.780782548929805e-5
41.17,4.2722958216435515e-5,7.796594173382885e-5
41.18,4.255704433944273e-5,7.812079826036785e-5
41.19,4.238970251155584e-5,7.827239424021861e-5
41.2,4.222094370834218e-5,7.842072897344052e-5
41.21,4.205077894026159e-5,7.856580188867206e-5
41.22,4.187921925210624e-5,7.870761254294556e-5
41.23,4.170627572244089e-5,7.884616062149902e-5
41.24,4.15319594630411e-5,7.898144593758258e-5
41.25,4.135628161833311e-5,7.911346843225974e-5
41.26,4.117925336483278e-5,7.924222817420475e-5
41.27,4.1000885910584076e-5,7.936772535949559e-5
41.28,4.082119049459816e-5,7.948996031140053e-5
41.29,4.064017838629249e-5,7.96089334801612e-5
41.3,4.04578608849288e-5,7.972464544277239e-5
41.31,4.0274249319052404e-5,7.983709690275271e-5
41.32,4.0089355045931594e-5,7.994628868991621e-5
41.33,3.9903189450994864e-5,8.005222176013558e-5
41.34,3.9715763947271025e-5,8.015489719510227e-5
41.35,3.9527089974827755e-5,8.025431620208133e-5
41.36,3.933717900021098e-5,8.035048011366237e-5
41.37,3.9146042515883684e-5,8.044339038750467e-5
41.38,3.895369203966539e-5,8.05330486060803e-5
41.39,3.8760139114172217e-5,8.061945647640981e-5
41.4,3.8565395306256364e-5,8.0702615829795e-5
41.41,3.8369472206445676e-5,8.0782528621547e-5
41.42,3.81723814283847e-5,8.085919693071054e-5
41.43,3.797413460827497e-5,8.09326229597815e-5
41.44,3.7774743404315755e-5,8.100280903442314e-5
41.45,3.7574219496145404e-5,8.106975760317593e-5
41.46,3.7372574584282884e-5,8.113347123716207e-5
41.47,3.716982038956984e-5,8.119395262978915e-5
41.48,3.696596865261275e-5,8.125120459644673e-5
41.49,3.6761031133225205e-5,8.130523007419802e-5
41.5,3.655501960987281e-5,8.135603212146894e-5
41.51,3.634794587911466e-5,8.140361391773375e-5
41.52,3.6139821755049025e-5,8.144797876319282e-5
41.53,3.5930659068757865e-5,8.148913007844969e-5
41.54,3.572046966775092e-5,8.152707140418266e-5
41.55,3.5509265415413045e-5,8.156180640081117e-5
41.56,3.529705819044936e-5,8.15933388481593e-5
41.57,3.5083859886333405e-5,8.162167264511491e-5
41.58,3.486968241075314e-5,8.164681180928425e-5
41.59,3.465453768506057e-5,8.166876047664232e-5
41.6,3.4438437643720225e-5,8.16875229011795e-5
41.61,3.4221394233758475e-5,8.170310345454406e-5
41.62,3.400341941421437e-5,8.171550662568075e-5
41.63,3.378452515558983e-5,8.172473702046406e-5
41.64,3.356472343930312e-5,8.173079936132982e-5
41.65,3.3344026257139256e-5,8.17336984869003e-5
41.66,3.312244561070531e-5,8.173343935160807e-5
41.67,3.289999351088356e-5,8.173002702531175e-5
41.68,3.267668197728723e-5,8.17234666929134e-5
41.69,3.245252303771578e-5,8.171376365396594e-5
41.7,3.222752872761246e-5,8.170092332228234e-5
41.71,3.20017110895217e-5,8.168495122553646e-5
41.72,3.1775082172547446e-5,8.16658530048632e-5
41.73,3.154765403181343e-5,8.164363441445217e-5
41.74,3.1319438727923765e-5,8.161830132113988e-5
41.75,3.1090448326424124e-5,8.158985970399661e-5
41.76,3.086069489726467e-5,8.155831565391069e-5
41.77,3.063019051426345e-5,8.152367537316696e-5
41.78,3.0398947254571944e-5,8.148594517502449e-5
41.79,3.0166977198140025e-5,8.144513148328814e-5
41.8,2.9934292427183066e-5,8.140124083187844e-5
41.81,2.970090502564991e-5,8.135427986439448e-5
41.82,2.9466827078692848e-5,8.130425533367822e-5
41.83,2.923207067213722e-5,8.125117410136978e-5
41.84,2.899664789195225e-5,8.119504313746417e-5
41.85,2.8760570823725848e-5,8.113586951986044e-5
41.86,2.8523851552136894e-5,8.107366043390933e-5
41.87,2.8286502160430344e-5,8.100842317195721e-5
41.88,2.8048534729895115e-5,8.094016513288586e-5
41.89,2.7809961339340596e-5,8.086889382165051e-5
41.9,2.7570794064576068e-5,8.079461684881106e-5
41.91,2.7331044977891044e-5,8.071734193006443e-5
41.92,2.7090726147537065e-5,8.063707688576905e-5
41.93,2.6849849637211342e-5,8.055382964046891e-5
41.94,2.6608427505539747e-5,8.046760822241444e-5
41.95,2.6366471805563888e-5,8.037842076307665e-5
41.96,2.6123994584228368e-5,8.028627549666285e-5
41.97,2.588100788186893e-5,8.01911807596246e-5
41.98,2.5637523731702787e-5,8.009314499016628e-5
41.99,2.5393554159320495e-5,7.999217672774659e-5
42.0,2.5149111182179416e-5,7.98882846125808e-5
42.01,2.4904206809096934e-5,7.978147738513673e-5
42.02,2.465885303974895e-5,7.967176388562953e-5
42.03,2.441306186416511e-5,7.955915305351118e-5
42.04,2.4166845262230213e-5,7.944365392696041e-5
42.05,2.3920215203183424e-5,7.932527564236527e-5
42.06,2.3673183645121966e-5,7.920402743380694e-5
42.07,2.3425762534505045e-5,7.907991863253676e-5
42.08,2.31779638056592e-5,7.89529586664524e-5
42.09,2.2929799380285517e-5,7.88231570595707e-5
42.1,2.26812811669697e-5,7.869052343149867e-5
42.11,2.2432421060692055e-5,7.855506749689766e-5
42.12,2.218323094233978e-5,7.841679906494976e-5
42.13,2.193372267822179e-5,7.827572803881799e-5
42.14,2.168390811958498e-5,7.81318644151051e-5
42.15,2.1433799102130735e-5,7.798521828330788e-5
42.16,2.1183407445535593e-5,7.783579982527178e-5
42.17,2.0932744952971443e-5,7.768361931463925e-5
42.18,2.068182341063032e-5,7.752868711629795e-5
42.19,2.0430654587247117e-5,7.737101368582448e-5
42.2,2.017925023362834e-5,7.721060956892698e-5
42.21,1.992762208217985e-5,7.704748540088437e-5
42.22,1.9675781846437175e-5,7.688165190598241e-5
42.23,1.9423741220598175e-5,7.671311989694816e-5
42.24,1.917151187905796e-5,7.654190027438058e-5
42.25,1.891910547594398e-5,7.636800402618112e-5
42.26,1.8666533644655375e-5,7.619144222697832e-5
42.27,1.841380799740201e-5,7.601222603755277e-5
42.28,1.8160940124747808e-5,7.583036670425835e-5
42.29,1.7907941595153362e-5,7.564587555844097e-5
42.3,1.765482395452399e-5,7.545876401585496e-5
42.31,1.7401598725755292e-5,7.526904357607793e-5
42.32,1.714827740828643e-5,7.507672582192307e-5
42.33,1.689487147764944e-5,7.48818224188467e-5
42.34,1.6641392385025214e-5,7.468434511435724e-5
42.35,1.6387851556799522e-5,7.448430573742037e-5
42.36,1.6134260394121042e-5,7.428171619786e-5
42.37,1.588063027246233e-5,7.407658848576095e-5
42.38,1.5626972541181823e-5,7.386893467086504e-5
42.39,1.5373298523090453e-5,7.365876690196955e-5
42.4,1.511961951401594e-5,7.344609740631938e-5
42.41,1.4865946782374057e-5,7.323093848900012e-5
42.42,1.4612291568738583e-5,7.30133025323267e-5
42.43,1.4358665085416049e-5,7.279320199523343e-5
42.44,1.4105078516020357e-5,7.257064941265659e-5
42.45,1.3851543015050526e-5,7.23456573949211e-5
42.46,1.3598069707472858e-5,7.211823862712055e-5
42.47,1.3344669688299986e-5,7.188840586849804e-5
42.48,1.3091354022179016e-5,7.165617195182353e-5
42.49,1.283813374297539e-5,7.142154978276993e-5
42.5,1.2585019853364531e-5,7.118455233928797e-5
42.51,1.2332023324422217e-5,7.094519267097816e-5
42.52,1.2079155095217086e-5,7.070348389846054e-5
42.53,1.1826426072410106e-5,7.04594392127453e-5
42.54,1.1573847129849715e-5,7.021307187459845e-5
42.55,1.1321429108174389e-5,6.996439521390754e-5
42.56,1.1069182814415077e-5,6.971342262904534e-5
42.57,1.081711902160165e-5,6.94601675862321e-5
42.58,1.0565248468369458e-5,6.920464361889548e-5
42.59,1.0313581858570665e-5,6.894686432702954e-5
42.6,1.0062129860886907e-5,6.86868433765522e-5
42.61,9.810903108443525e-6,6.842459449866046e-5
42.62,9.559912198428389e-6,6.816013148918435e-5
42.63,9.309167691710512e-6,6.789346820794054e-5
42.64,9.058680112464222e-6,6.762461857808248e-5
42.65,8.808459947792251e-6,6.735359658545057e-5
42.66,8.558517647354196e-6,6.708041627792031e-5
42.67,8.30886362299587e-6,6.680509176474951e-5
42.68,8.059508248382435e-6,6.6527637215924e-5
42.69,7.810461858632351e-6,6.624806686150133e-5
42.7,7.561734749954686e-6,6.596639499095411e-5
42.71,7.313337179290256e-6,6.568263595251205e-5
42.72,7.065279363952438e-6,6.539680415250155e-5
42.73,6.8175714812735035e-6,6.510891405468581e-5
42.74,6.570223668250693e-6,6.48189801796022e-5
42.75,6.323246021198187e-6,6.452701710390083e-5
42.76,6.076648595397848e-6,6.423303945967738e-5
42.77,5.8304414047556186e-6,6.393706193381063e-5
42.78,5.584634421459031e-6,6.363909926729513e-5
42.79,5.339237575637931e-6,6.333916625457305e-5
42.8,5.0942607550263365e-6,6.303727774286694e-5
42.81,4.8497138046297055e-6,6.273344863150934e-5
42.82,4.605606526392507e-6,6.24276938712734e-5
42.83,4.361948678868765e-6,6.212002846370078e-5
42.84,4.118749976895699e-6,6.181046746042953e-5
42.85,3.876020091271079e-6,6.14990259625222e-5
42.86,3.6337686484302703e-6,6.118571911979007e-5
42.87,3.3920052301291937e-6,6.087056213011986e-5
42.88,3.150739373127575e-6,6.0553570238797575e-5
42.89,2.909980568877201e-6,6.0234758737832944e-5
42.9,2.669738263209477e-6,5.991414296528131e-5
42.91,2.4300218560293583e-6,5.959173830456696e-5
42.92,2.1908407010099505e-6,5.9267560183804325e-5
42.93,1.952204105289995e-6,5.894162407511913e-5
42.94,1.7141213291740492e-6,5.861394549396835e-5
42.95,1.476601585836204e-6,5.8284539998460464e-5
42.96,1.2396540410257454e-6,5.795342318867477e-5
42.97,1.0032878127758865e-6,5.762061070597954e-5
42.98,7.675119711148102e-7,5.728611823235052e-5
42.99,5.323355377792151e-7,5.694996148968796e-5
43.0,2.9776748593364115e-7,5.661215623913615e-5
43.01,6.381673988729854e-8,5.6272718280396844e-5
43.02,-1.6950782518225201e-7,5.593166345104775e-5
43.03,-4.0219738350375323e-7,5.5589007625859585e-5
43.04,-6.342431589844804e-7,5.524476671610858e-5
43.05,-8.656364254801025e-7,5.489895666889514e-5
43.06,-1.0963685070596222e-6,5.455159346645669e-5
43.07,-1.3264307782701844e-6,5.420269312548434e-5
43.08,-1.5558146643981498e-6,5.385227169643578e-5
43.09,-1.7845116417259703e-6,5.350034526285063e-5
43.1,-2.0125132377880416e-6,5.314692994066597e-5
43.11,-2.239811031622991e-6,5.27920418775272e-5
43.12,-2.4663966540233944e-6,5.243569725210492e-5
43.13,-2.6922617877831163e-6,5.207791227340803e-5
43.14,-2.917398167938715e-6,5.171870318009725e-5
43.15,-3.1417975820135153e-6,5.135808623979884e-5
43.16,-3.365451870254022e-6,5.099607774841881e-5
43.17,-3.5883529258661395e-6,5.063269402945619e-5
43.18,-3.810492695246683e-6,5.026795143331809e-5
43.19,-4.0318631782145004e-6,4.990186633663228e-5
43.2,-4.252456428235659e-6,4.9534455141560885e-5
43.21,-4.472264552648519e-6,4.916573427511712e-5
43.22,-4.69127971288422e-6,4.879572018847662e-5
43.23,-4.909494124685482e-6,4.842442935629302e-5
43.24,-5.126900058320774e-6,4.8051878276013146e-5
43.25,-5.3434898387983586e-6,4.767808346719201e-5
43.26,-5.559255846074321e-6,4.730306147080707e-5
43.27,-5.774190515261202e-6,4.692682884857314e-5
43.28,-5.9882863368285705e-6,4.654940218226122e-5
43.29,-6.20153585680767e-6,4.617079807301109e-5
43.3,-6.41393167698736e-6,4.579103314065014e-5
43.31,-6.625466455109285e-6,4.541012402300834e-5
43.32,-6.836132905060583e-6,4.502808737523829e-5
43.33,-7.04592379706348e-6,4.4644939869129574e-5
43.34,-7.254831957861535e-6,4.426069819242946e-5
43.35,-7.462850270902365e-6,4.387537904816123e-5
43.36,-7.669971676520045e-6,4.348899915394277e-5
43.37,-7.876189172111373e-6,4.310157524130647e-5
43.38,-8.08149581231159e-6,4.271312405501933e-5
43.39,-8.285884709165481e-6,4.2323662352405813e-5
43.4,-8.489349032297557e-6,4.193320690266667e-5
43.41,-8.69188200907761e-6,4.154177448620327e-5
43.42,-8.893476924783702e-6,4.114938189393926e-5
43.43,-9.094127122763233e-6,4.0756045926645754e-5
43.44,-9.293826004589259e-6,4.0361783394263795e-5
43.45,-9.492567030217153e-6,3.996661111523054e-5
43.46,-9.690343718132956e-6,3.957054591580581e-5
43.47,-9.88714964550546e-6,3.917360462939724e-5
43.48,-1.0082978448329689e-5,3.877580409588908e-5
43.49,-1.0277823821571126e-5,3.83771611609701e-5
43.5,-1.0471679519304788e-5,3.797769267546356e-5
43.51,-1.0664539354853112e-5,3.757741549465593e-5
43.52,-1.0856397200919347e-5,3.717634647762942e-5
43.53,-1.1047246989719387e-5,3.677450248659442e-5
43.54,-1.1237082713110181e-5,3.637190038622052e-5
43.55,-1.1425898422715e-5,3.596855704297269e-5
43.56,-1.1613688230045647e-5,3.5564489324445404e-5
43.57,-1.1800446306622815e-5,3.515971409869945e-5
43.58,-1.1986166884092208e-5,3.4754248233598715e-5
43.59,-1.2170844254339314e-5,3.434810859614799e-5
43.6,-1.2354472769598698e-5,3.394131205183458e-5
43.61,-1.2537046842563942e-5,3.35338754639664e-5
43.62,-1.2718560946491904e-5,3.3125815693015484e-5
43.63,-1.2899009615304648e-5,3.271714959596025e-5
43.64,-1.3078387443689732e-5,3.230789402563094e-5
43.65,-1.325668908719553e-5,3.189806583005378e-5
43.66,-1.3433909262326275e-5,3.1487681851798085e-5
43.67,-1.361004274663184e-5,3.1076758927324846e-5
43.68,-1.3785084378795181e-5,3.066531388633665e-5
43.69,-1.3959029058718395e-5,3.025336355112711e-5
43.7,-1.413187174760429e-5,2.9840924735933138e-5
43.71,-1.4303607468035411e-5,2.9428014246290942e-5
43.72,-1.447423130405018e-5,2.901464887838713e-5
43.73,-1.4643738401217222e-5,2.860084541841807e-5
43.74,-1.4812123966706061e-5,2.8186620641946433e-5
43.75,-1.4979383269352662e-5,2.777199131326188e-5
43.76,-1.5145511639727054e-5,2.735697418473977e-5
43.77,-1.5310504470193772e-5,2.6941585996205172e-5
43.78,-1.5474357214971695e-5,2.6525843474297075e-5
43.79,-1.5637065390189848e-5,2.6109763331832354e-5
43.8,-1.5798624573941624e-5,2.569336226717449e-5
43.81,-1.5959030406334427e-5,2.5276656963601006e-5
43.82,-1.6118278589538314e-5,2.4859664088675452e-5
43.83,-1.6276364887830503e-5,2.444240029361807e-5
43.84,-1.6433285127637985e-5,2.4024882212679685e-5
43.85,-1.658903519757611e-5,2.3607126462518693e-5
43.86,-1.674361104848564e-5,2.3189149641576018e-5
43.87,-1.6897008693466266e-5,2.2770968329455828e-5
43.88,-1.7049224207907942e-5,2.2352599086304794e-5
43.89,-1.7200253729518246e-5,2.1934058452197086e-5
43.9,-1.7350093458347437e-5,2.1515362946515727e-5
43.91,-1.7498739656812213e-5,2.1096529067340813e-5
43.92,-1.764618864971463e-5,2.06775732908363e-5
43.93,-1.779243682425774e-5,2.0258512070641852e-5
43.94,-1.7937480630062704e-5,1.983936183726241e-5
43.95,-1.8081316579177385e-5,1.942013899746299e-5
43.96,-1.8223941246086218e-5,1.9000859933665445e-5
43.97,-1.8365351267715617e-5,1.8581541003344222e-5
43.98,-1.850554334343742e-5,1.81621985384272e-5
43.99,-1.864451423506901e-5,1.7742848844696858e-5
44.0,-1.8782260766870585e-5,1.7323508201195227e-5
44.01,-1.8918779825540576e-5,1.6904192859627878e-5
44.02,-1.905406836020712e-5,1.648491904377228e-5
44.03,-1.9188123382418126e-5,1.6065702948889354e-5
44.04,-1.932094196612732e-5,1.5646560741133054e-5
44.05,-1.9452521247678368e-5,1.5227508556965728e-5
44.06,-1.958285842578637e-5,1.4808562502574728e-5
44.07,-1.9711950761516444e-5,1.4389738653290669e-5
44.08,-1.9839795578258764e-5,1.3971053053007458e-5
44.09,-1.99663902617028e-5,1.355252171360558e-5
44.1,-2.0091732259807113e-5,1.3134160614378055e-5
44.11,-2.021581908276737e-5,1.2715985701456275e-5
44.12,-2.0338648302981432e-5,1.2298012887240462e-5
44.13,-2.04602175550125e-5,1.1880258049830981e-5
44.14,-2.0580524535547446e-5,1.1462737032464324e-5
44.15,-2.0699567003355616e-5,1.1045465642946913e-5
44.16,-2.08173427792425e-5,1.0628459653095689e-5
44.17,-2.0933849746002225e-5,1.0211734798178825e-5
44.18,-2.104908584836606e-5,9.795306776360117e-6
44.19,-2.1163049092950388e-5,9.379191248143268e-6
44.2,-2.1275737548199105e-5,8.96340383582125e-6
44.21,-2.1387149344327656e-5,8.547960122928175e-6
44.22,-2.1497282673258926e-5,8.132875653690468e-6
44.23,-2.1606135788561872e-5,7.718165932483826e-6
44.24,-2.171370700538456e-5,7.30384642329127e-6
44.25,-2.181999470038546e-5,6.8899325491638375e-6
44.26,-2.1924997311662178e-5,6.476439691683824e-6
44.27,-2.202871333867735e-5,6.063383190429578e-6
44.28,-2.2131141342182152e-5,5.650778342446087e-6
44.29,-2.2232279944138752e-5,5.238640401713497e-6
44.3,-2.233212782763644e-5,4.826984578621223e-6
44.31,-2.2430683736810297e-5,4.415826039444702e-6
44.32,-2.2527946476752444e-5,4.005179905823871e-6
44.33,-2.262391491342436e-5,3.5950612542438053e-6
44.34,-2.2718587973566585e-5,3.185485115518501e-6
44.35,-2.2811964644601657e-5,2.7764664742795206e-6
44.36,-2.2904043974540954e-5,2.3680202684625095e-6
44.37,-2.299482507188457e-5,1.9601613888007265e-6
44.38,-2.3084307105519696e-5,1.5529046783194475e-6
44.39,-2.3172489304617807e-5,1.1462649318342043e-6
44.4,-2.3259370958528068e-5,7.402568954492335e-7
44.41,-2.3344951416669002e-5,3.3489526606150883e-7
44.42,-2.3429230088418084e-5,-6.980530913360238e-8
44.43,-2.351220644299722e-5,-4.738302331335984e-7
44.44,-2.3593880009358267e-5,-8.77164959618663e-7
44.45,-2.3674250376065178e-5,-1.2797949934365667e-6
44.46,-2.3753317191171773e-5,-1.6817058910853149e-6
44.47,-2.3831080162101494e-5,-2.082883261195302e-6
44.48,-2.390753905552062e-5,-2.4833127650043364e-6
44.49,-2.398269369721114e-5,-2.8829801168344423e-6
44.5,-2.4056543971941572e-5,-3.281871084560488e-6
44.51,-2.4129089823334933e-5,-3.6799714900819767e-6
44.52,-2.42003312537333e-5,-4.077267209787531e-6
44.53,-2.4270268324062466e-5,-4.473744175016431e-6
44.54,-2.4338901153692703e-5,-4.869388372520924e-6
44.55,-2.4406229920297455e-5,-5.26418584492156e-6
44.56,-2.4472254859709765e-5,-5.658122691161987e-6
44.57,-2.4536976265777035e-5,-6.051185066958938e-6
44.58,-2.4600394490213026e-5,-6.443359185251074e-6
44.59,-2.4662509942447795e-5,-6.834631316644478e-6
44.6,-2.472332308947509e-5,-7.224987789853083e-6
44.61,-2.478283445569841e-5,-7.6144149921386445e-6
44.62,-2.4841044622773692e-5,-8.0028993697468e-6
44.63,-2.489795422945149e-5,-8.390427428339688e-6
44.64,-2.495356397141455e-5,-8.776985733424672e-6
44.65,-2.5007874601115505e-5,-9.16256091078308e-6
44.66,-2.506088692761223e-5,-9.547139646891793e-6
44.67,-2.511260181639918e-5,-9.930708689345553e-6
44.68,-2.516302018923771e-5,-1.0313254847272343e-5
44.69,-2.5212143023986404e-5,-1.0694764991749544e-5
44.7,-2.525997135442504e-5,-1.1075226056214126e-5
44.71,-2.53065062700807e-5,-1.1454625036870005e-5
44.72,-2.5351748916048322e-5,-1.183294899309433e-5
44.73,-2.5395700492812105e-5,-1.2210185047838243e-5
44.74,-2.543836225606225e-5,-1.258632038802521e-5
44.75,-2.547973551651249e-5,-1.2961342264945932e-5
44.76,-2.5519821639712838e-5,-1.3335237994651934e-5
44.77,-2.5558622045862436e-5,-1.3707994958343394e-5
44.78,-2.5596138209618667e-5,-1.4079600602753627e-5
44.79,-2.563237165990642e-5,-1.44500424405341e-5
44.8,-2.566732397972336e-5,-1.4819308050631119e-5
44.81,-2.5700996805943585e-5,-1.5187385078663764e-5
44.82,-2.5733391829121387e-5,-1.5554261237294218e-5
44.83,-2.576451079329035e-5,-1.59199243065994e-5
44.84,-2.579435549576107e-5,-1.6284362134436088e-5
44.85,-2.5822927786919524e-5,-1.6647562636802808e-5
44.86,-2.5850229570020154e-5,-1.7009513798201423e-5
44.87,-2.5876262800978927e-5,-1.7370203671991434e-5
44.88,-2.5901029488164767e-5,-1.7729620380744144e-5
44.89,-2.5924531692186936e-5,-1.808775211659067e-5
44.9,-2.5946771525684227e-5,-1.844458714157032e-5
44.91,-2.59677511531091e-5,-1.8800113787971978e-5
44.92,-2.5987472790511182e-5,-1.915432045867377e-5
44.93,-2.6005938705319868e-5,-1.950719562747966e-5
44.94,-2.6023151216122724e-5,-1.9858727839452308e-5
44.95,-2.603911269244614e-5,-2.0208905711242167e-5
44.96,-2.605382555452773e-5,-2.055771793141381e-5
44.97,-2.6067292273096655e-5,-2.0905153260768545e-5
44.98,-2.6079515369141134e-5,-2.1251200532663832e-5
44.99,-2.6090497413683274e-5,-2.1595848653329593e-5
45.0,-2.6100241027546687e-5,-2.1939086602179327e-5
45.01,-2.6108748881126038e-5,-2.2280903432120838e-5
45.02,-2.6116023694151274e-5,-2.2621288269861228e-5
45.03,-2.6122068235453808e-5,-2.296023031620862e-5
45.04,-2.6126885322729037e-5,-2.329771884637186e-5
45.05,-2.6130477822296655e-5,-2.363374321025574e-5
45.06,-2.6132848648861803e-5,-2.3968292832752823e-5
45.07,-2.613400076527224e-5,-2.4301357214031016e-5
45.08,-2.613393718227462e-5,-2.46329259298204e-5
45.09,-2.6132660958270717e-5,-2.4962988631693745e-5
45.1,-2.613017519906871e-5,-2.5291535047344384e-5
45.11,-2.6126483057636643e-5,-2.561855498086151e-5
45.12,-2.6121587733852414e-5,-2.59440383130013e-5
45.13,-2.611549247425197e-5,-2.6267975001454137e-5
45.14,-2.6108200571777077e-5,-2.6590355081109004e-5
45.15,-2.6099715365520885e-5,-2.6911168664314774e-5
45.16,-2.609004024047213e-5,-2.723040594113652e-5
45.17,-2.6079178627258237e-5,-2.754805717961029e-5
45.18,-2.6067134001886715e-5,-2.786411272599167e-5
45.19,-2.605390988548441e-5,-2.8178563005004888e-5
45.2,-2.6039509844037746e-5,-2.849139852008412e-5
45.21,-2.6023937488127714e-5,-2.8802609853613708e-5
45.22,-2.6007196472667437e-5,-2.911218766716459e-5
45.23,-2.598929049663534e-5,-2.942012270172695e-5
45.24,-2.5970223302809346e-5,-2.9726405777939546e-5
45.25,-2.5949998677497648e-5,-3.0031027796314374e-5
45.26,-2.5928620450269168e-5,-3.033397973745959e-5
45.27,-2.5906092493683196e-5,-3.0635252662298934e-5
45.28,-2.5882418723016672e-5,-3.0934837712283804e-5
45.29,-2.5857603095990892e-5,-3.1232726109608545e-5
45.3,-2.5831649612496696e-5,-3.152890915741541e-5
45.31,-2.580456231431864e-5,-3.1823378240000705e-5
45.32,-2.577634528485694e-5,-3.211612482301451e-5
45.33,-2.574700264884976e-5,-3.240714045365879e-5
45.34,-2.571653857209372e-5,-3.269641676088108e-5
45.35,-2.568495726116201e-5,-3.298394545556388e-5
45.36,-2.565226296312319e-5,-3.3269718330712644e-5
45.37,-2.561845996525764e-5,-3.355372726163786e-5
45.38,-2.5583552594773158e-5,-3.3835964206135274e-5
45.39,-2.554754521851946e-5,-3.411642120466072e-5
45.4,-2.551044224270125e-5,-3.4395090380504735e-5
45.41,-2.5472248112591917e-5,-3.467196393995925e-5
45.42,-2.5432967312242052e-5,-3.494703417248409e-5
45.43,-2.5392604364192664e-5,-3.5220293450868475e-5
45.44,-2.5351163829181146e-5,-3.549173423138941e-5
45.45,-2.5308650305851905e-5,-3.57613490539663e-5
45.46,-2.52650684304619e-5,-3.602913054231152e-5
45.47,-2.522042287658662e-5,-3.629507140407893e-5
45.48,-2.5174718354825592e-5,-3.655916443100717e-5
45.49,-2.512795961250655e-5,-3.682140249906045e-5
45.5,-2.5080151433387355e-5,-3.708177856856502e-5
45.51,-2.5031298637358964e-5,-3.734028568434278e-5
45.52,-2.4981406080146512e-5,-3.759691697584139e-5
45.53,-2.49304786530089e-5,-3.7851665657259796e-5
45.54,-2.4878521282438928e-5,-3.810452502767099e-5
45.55,-2.482553892986153e-5,-3.835548847114207e-5
45.56,-2.4771536591330187e-5,-3.860454945684848e-5
45.57,-2.4716519297225066e-5,-3.885170153918659e-5
45.58,-2.466049211194839e-5,-3.9096938357882315e-5
45.59,-2.460346013361871e-5,-3.9340253638096284e-5
45.6,-2.454542849376628e-5,-3.958164119052398e-5
45.61,-2.448640235702544e-5,-3.982109491149481e-5
45.62,-2.4426386920827537e-5,-4.005860878306625e-5
45.63,-2.4365387415093032e-5,-4.0294176873113985e-5
45.64,-2.4303409101922058e-5,-4.052779333541944e-5
45.65,-2.4240457275285286e-5,-4.0759452409753784e-5
45.66,-2.4176537260713247e-5,-4.098914842195723e-5
45.67,-2.4111654414984845e-5,-4.1216875784016786e-5
45.68,-2.4045814125816276e-5,-4.1442628994138174e-5
45.69,-2.3979021811548087e-5,-4.166640263681657e-5
45.7,-2.3911282920832617e-5,-4.188819138290184e-5
45.71,-2.3842602932318397e-5,-4.2107989989661126e-5
45.72,-2.3772987354338973e-5,-4.2325793300838416e-5
45.73,-2.3702441724594637e-5,-4.2541596246709576e-5
45.74,-2.3630971609838516e-5,-4.2755393844134775e-5
45.75,-2.3558582605559943e-5,-4.296718119660601e-5
45.76,-2.3485280335667856e-5,-4.317695349429399e-5
45.77,-2.3411070452172945e-5,-4.3384706014087745e-5
45.78,-2.333595863487013e-5,-4.359043411963384e-5
45.79,-2.3259950591020055e-5,-4.379413326137034e-5
45.8,-2.318305205503027e-5,-4.399579897655881e-5
45.81,-2.3105268788135687e-5,-4.419542688931042e-5
45.82,-2.3026606578078276e-5,-4.439301271061117e-5
45.83,-2.2947071238787326e-5,-4.458855223834286e-5
45.84,-2.2866668610058677e-5,-4.4782041357299346e-5
45.85,-2.2785404557232488e-5,-4.4973476039200495e-5
45.86,-2.2703284970872477e-5,-4.516285234270336e-5
45.87,-2.2620315766443592e-5,-4.5350166413407995e-5
45.88,-2.253650288398923e-5,-4.553541448386179e-5
45.89,-2.2451852287809015e-5,-4.5718592873558615e-5
45.9,-2.236636996613463e-5,-4.589969798893571e-5
45.91,-2.2280061930807044e-5,-4.6078726323367866e-5
45.92,-2.2192934216952038e-5,-4.625567445715531e-5
45.93,-2.2104992882657395e-5,-4.643053905751134e-5
45.94,-2.2016244008645616e-5,-4.660331687854513e-5
45.95,-2.1926693697952183e-5,-4.677400476124116e-5
45.96,-2.1836348075598217e-5,-4.694259963343459e-5
45.97,-2.1745213288266605e-5,-4.710909850978542e-5
45.98,-2.1653295503975525e-5,-4.727349849174717e-5
45.99,-2.15606009117528e-5,-4.743579676753286e-5
46.0,-2.146713572131075e-5,-4.7595990612077896e-5
46.01,-2.1372906162718688e-5,-4.775407738699882e-5
46.02,-2.127791848607708e-5,-4.7910054540550814e-5
46.03,-2.1182178961191814e-5,-4.8063919607577964e-5
46.04,-2.108569387724593e-5,-4.821567020946488e-5
46.05,-2.098846954247405e-5,-4.836530405408136e-5
46.06,-2.0890512283834844e-5,-4.8512818935725716e-5
46.07,-2.0791828446683885e-5,-4.865821273506323e-5
46.08,-2.0692424394446985e-5,-4.8801483419063185e-5
46.09,-2.0592306508292487e-5,-4.8942629040931363e-5
46.1,-2.049148118680437e-5,-4.9081647740039286e-5
46.11,-2.0389954845653863e-5,-4.9218537741850535e-5
46.12,-2.0287733917273543e-5,-4.9353297357843975e-5
46.13,-2.0184824850528753e-5,-4.948592498543318e-5
46.14,-2.0081234110391253e-5,-4.961641910788273e-5
46.15,-1.9976968177610206e-5,-4.9744778294221866e-5
46.16,-1.987203354838646e-5,-4.987100119915424e-5
46.17,-1.9766436734044383e-5,-4.9995086562964755e-5
46.18,-1.9660184260703966e-5,-5.0117033211422193e-5
46.19,-1.9553282668955467e-5,-5.023684005568173e-5
46.2,-1.944573851353e-5,-5.035450609217964e-5
46.21,-1.933755836297425e-5,-5.047003040252886e-5
46.22,-1.9228748799322247e-5,-5.058341215340931e-5
46.23,-1.9119316417769598e-5,-5.069465059645495e-5
46.24,-1.9009267826345493e-5,-5.0803745068139714e-5
46.25,-1.8898609645588035e-5,-5.0910694989656786e-5
46.26,-1.878734850821588e-5,-5.101549986679883e-5
46.27,-1.8675491058803097e-5,-5.1118159289831895e-5
46.28,-1.8563043953453417e-5,-5.121867293336715e-5
46.29,-1.8450013859473374e-5,-5.1317040556231025e-5
46.3,-1.8336407455047836e-5,-5.1413262001328995e-5
46.31,-1.8222231428913667e-5,-5.150733719551089e-5
46.32,-1.8107492480036052e-5,-5.1599266149427616e-5
46.33,-1.7992197317281434e-5,-5.168904895738967e-5
46.34,-1.7876352659095153e-5,-5.1776685797220336e-5
46.35,-1.775996523317638e-5,-5.1862176930105325e-5
46.36,-1.7643041776153073e-5,-5.1945522700440986e-5
46.37,-1.7525589033260738e-5,-5.202672353567838e-5
46.38,-1.7407613758016098e-5,-5.2105779946164744e-5
46.39,-1.7289122711896888e-5,-5.2182692524982255e-5
46.4,-1.7170122664017507e-5,-5.2257461947782176e-5
46.41,-1.7050620390807406e-5,-5.2330088972619225e-5
46.42,-1.6930622675689102e-5,-5.2400574439779726e-5
46.43,-1.6810136308756657e-5,-5.24689192716083e-5
46.44,-1.6689168086454862e-5,-5.253512447233213e-5
46.45,-1.656772481125827e-5,-5.259919112788086e-5
46.46,-1.6445813291351334e-5,-5.266112040570495e-5
46.47,-1.63234403403085e-5,-5.2720913554590175e-5
46.48,-1.6200612776774785e-5,-5.2778571904469754e-5
46.49,-1.6077337424147046e-5,-5.283409686623385e-5
46.5,-1.5953621110256385e-5,-5.288748993153488e-5
46.51,-1.5829470667048966e-5,-5.293875267259208e-5
46.52,-1.5704892930269534e-5,-5.298788674199121e-5
46.53,-1.5579894739145358e-5,-5.3034893872482794e-5
46.54,-1.5454482936068334e-5,-5.3079775876776765e-5
46.55,-1.5328664366280617e-5,-5.3122534647334445e-5
46.56,-1.5202445877559352e-5,-5.3163172156158604e-5
46.57,-1.5075834319901591e-5,-5.320169045457925e-5
46.58,-1.4948836545210998e-5,-5.3238091673038126e-5
46.59,-1.4821459406983812e-5,-5.327237802086933e-5
46.6,-1.4693709759997208e-5,-5.330455178607761e-5
46.61,-1.4565594459996216e-5,-5.333461533511431e-5
46.62,-1.4437120363382497e-5,-5.3362571112650215e-5
46.63,-1.4308294326904367e-5,-5.338842164134561e-5
46.64,-1.4179123207345311e-5,-5.3412169521618195e-5
46.65,-1.404961386121643e-5,-5.343381743140733e-5
46.66,-1.3919773144445128e-5,-5.3453368125936836e-5
46.67,-1.3789607912069674e-5,-5.347082443747456e-5
46.68,-1.3659125017930547e-5,-5.3486189275089175e-5
46.69,-1.3528331314363729e-5,-5.349946562440464e-5
46.7,-1.3397233651895306e-5,-5.351065654735182e-5
46.71,-1.3265838878936697e-5,-5.3519765181917727e-5
46.72,-1.3134153841479328e-5,-5.3526794741892815e-5
46.73,-1.3002185382792e-5,-5.353174851661379e-5
46.74,-1.286994034311743e-5,-5.353462987070627e-5
46.75,-1.2737425559371196e-5,-5.3535442243823195e-5
46.76,-1.26046478648394e-5,-5.3534189150381975e-5
46.77,-1.2471614088879126e-5,-5.353087417929747e-5
46.78,-1.2338331056618889e-5,-5.3525500993714925e-5
46.79,-1.2204805588659786e-5,-5.351807333073756e-5
46.8,-1.2071044500777524e-5,-5.350859500115465e-5
46.81,-1.1937054603626094e-5,-5.3497069889164456e-5
46.82,-1.1802842702441004e-5,-5.348350195209752e-5
46.83,-1.1668415596744631e-5,-5.3467895220133614e-5
46.84,-1.1533780080051398e-5,-5.3450253796022e-5
46.85,-1.1398942939575586e-5,-5.3430581854793285e-5
46.86,-1.1263910955937452e-5,-5.340888364347332e-5
46.87,-1.1128690902872713e-5,-5.338516348079173e-5
46.88,-1.0993289546941434e-5,-5.335942575689157e-5
46.89,-1.085771364723914e-5,-5.333167493303265e-5
46.9,-1.0721969955107436e-5,-5.330191554129536e-5
46.91,-1.0586065213846904e-5,-5.327015218428162e-5
46.92,-1.045000615843023e-5,-5.32363895348129e-5
46.93,-1.0313799515215727e-5,-5.320063233562687e-5
46.94,-1.0177452001665047e-5,-5.3162885399070924e-5
46.95,-1.0040970326056965e-5,-5.312315360679421e-5
46.96,-9.90436118720623e-6,-5.3081441909437336e-5
46.97,-9.767631274181486e-6,-5.303775532631919e-5
46.98,-9.630787266024853e-6,-5.299209894512339e-5
46.99,-9.493835831472613e-6,-5.294447792157969e-5
47.0,-9.356783628676944e-6,-5.289489747914617e-5
47.01,-9.219637304928044e-6,-5.2843362908687566e-5
47.02,-9.08240349637855e-6,-5.2789879568152415e-5
47.03,-8.945088827768457e-6,-5.273445288224701e-5
47.04,-8.807699912150403e-6,-5.267708834210842e-5
47.05,-8.670243350617706e-6,-5.261779150497513e-5
47.06,-8.532725732031874e-6,-5.255656799385517e-5
47.07,-8.395153632752545e-6,-5.2493423497192745e-5
47.08,-8.257533616367761e-6,-5.242836376853251e-5
47.09,-8.119872233425638e-6,-5.2361394626182415e-5
47.1,-7.982176021167476e-6,-5.2292521952874016e-5
47.11,-7.844451503261968e-6,-5.2221751695421105e-5
47.12,-7.706705189539279e-6,-5.214908986437614e-5
47.13,-7.568943575729116e-6,-5.207454253368454e-5
47.14,-7.431173143197417e-6,-5.199811584033891e-5
47.15,-7.293400358685568e-6,-5.19198159840287e-5
47.16,-7.155631674049781e-6,-5.183964922678921e-5
47.17,-7.017873526003143e-6,-5.1757621892649634e-5
47.18,-6.880132335858387e-6,-5.1673740367278035e-5
47.19,-6.74241450927082e-6,-5.158801109762457e-5
47.2,-6.6047264359837076e-6,-5.150044059156349e-5
47.21,-6.4670744895751265e-6,-5.1411035417533265e-5
47.22,-6.329465027204879e-6,-5.131980220417469e-5
47.23,-6.191904389363715e-6,-5.1226747639967196e-5
47.24,-6.054398899623115e-6,-5.113187847286377e-5
47.25,-5.916954864387992e-6,-5.103520150992394e-5
47.26,-5.779578572647311e-6,-5.0936723616945235e-5
47.27,-5.642276295730166e-6,-5.0836451718092076e-5
47.28,-5.5050542870606085e-6,-5.0734392795525326e-5
47.29,-5.367918781914001e-6,-5.0630553889026666e-5
47.3,-5.23087599717542e-6,-5.0524942095625144e-5
47.31,-5.093932131098914e-6,-5.04175645692188e-5
47.32,-4.957093363068819e-6,-5.03084285201977e-5
47.33,-4.820365853361487e-6,-5.019754121506243e-5
47.34,-4.683755742908562e-6,-5.0084909976043414e-5
47.35,-4.547269153062829e-6,-4.997054218071761e-5
47.36,-4.410912185363525e-6,-4.9854445261623654e-5
47.37,-4.2746909213044875e-6,-4.9736626705876016e-5
47.38,-4.138611422103194e-6,-4.9617094054776984e-5
47.39,-4.002679728471978e-6,-4.949585490342802e-5
47.4,-3.866901860387727e-6,-4.9372916900338824e-5
47.41,-3.7312838168686098e-6,-4.9248287747036105e-5
47.42,-3.5958315757457475e-6,-4.91219751976687e-5
47.43,-3.460551093441354e-6,-4.8993987058614995e-5
47.44,-3.325448304745344e-6,-4.88643311880847e-5
47.45,-3.1905291225950938e-6,-4.8733015495722445e-5
47.46,-3.055799437855922e-6,-4.860004794220863e-5
47.47,-2.9212651191023534e-6,-4.8465436538859915e-5
47.48,-2.7869320124029107e-6,-4.832918934722665e-5
47.49,-2.6528059411040005e-6,-4.8191314478690837e-5
47.5,-2.5188927056167736e-6,-4.8051820094062305e-5
47.51,-2.385198083205362e-6,-4.7910714403173216e-5
47.52,-2.2517278277758388e-6,-4.7768005664471e-5
47.53,-2.118487669667466e-6,-4.762370218461172e-5
47.54,-1.985483315445278e-6,-4.7477812318050817e-5
47.55,-1.8527204476930267e-6,-4.733034446663216e-5
47.56,-1.7202047248105689e-6,-4.718130707917854e-5
47.57,-1.5879417808090944e-6,-4.703070865107805e-5
47.58,-1.4559372251105593e-6,-4.687855772387071e-5
47.59,-1.3241966423477272e-6,-4.6724862884834605e-5
47.6,-1.192725592165512e-6,-4.656963276656937e-5
47.61,-1.0615296090244022e-6,-4.641287604658019e-5
47.62,-9.306142020049552e-7,-4.625460144685975e-5
47.63,-7.999848546142645e-7,-4.6094817733469e-5
47.64,-6.696470245941414e-7,-4.593353371611866e-5
47.65,-5.396061437296467e-7,-4.577075824774679e-5
47.66,-4.0986761766097717e-7,-4.560650022409812e-5
47.67,-2.804368256955176e-7,-4.544076858330105e-5
47.68,-1.5131912062246825e-7,-4.5273572305444e-5
47.69,-2.251982852785833e-8,-4.5104920412150766e-5
47.7,1.059557513873039e-7,-4.4934821966155005e-5
47.71,2.341023469885283e-7,-4.4763286070874175e-5
47.72,3.6191471338714e-7,-4.45903218699825e-5
47.73,4.893876331182029e-7,-4.441593854698137e-5
47.74,6.16515916316766e-7,-4.424014532477276e-5
47.75,7.43294400892468e-7,-4.4062951465228375e-5
47.76,8.697179527022644e-7,-4.388436626875856e-5
47.77,9.957814657221592e-7,-4.370439907388228e-5
47.78,1.1214798622164658e-6,-4.352305925679451e-5
47.79,1.246808092906907e-6,-4.334035623093323e-5
47.8,1.3717611371376402e-6,-4.315629944654661e-5
47.81,1.496334003041291e-6,-4.297089839025839e-5
47.82,1.6205217277012564e-6,-4.2784162584633706e-5
47.83,1.744319377313918e-6,-4.259610158774256e-5
47.84,1.867722047348235e-6,-4.2406724992724214e-5
47.85,1.99072486270359e-6,-4.221604242735114e-5
47.86,2.113322977867233e-6,-4.2024063553590365e-5
47.87,2.235511577067347e-6,-4.183079806716702e-5
47.88,2.3572858744294335e-6,-4.163625569712382e-5
47.89,2.47864111412453e-6,-4.144044620538434e-5
47.9,2.5995725705209116e-6,-4.124337938631142e-5
47.91,2.7200755483318606e-6,-4.104506506626866e-5
47.92,2.840145382762281e-6,-4.084551310317873e-5
47.93,2.9597774396531882e-6,-4.0644733386082304e-5
47.94,3.0789671156256426e-6,-4.0442735834697804e-5
47.95,3.1977098382213185e-6,-4.023953039897734e-5
47.96,3.3160010660420598e-6,-4.0035127058666626e-5
47.97,3.4338362888899487e-6,-3.9829535822860454e-5
47.98,3.5512110279011315e-6,-3.962276672955998e-5
47.99,3.668120835681994e-6,-3.941482984522945e-5
48.0,3.7845612964416514e-6,-3.920573526435241e-5
48.01,3.900528026123674e-6,-3.899549310898701e-5
48.02,4.016016672534816e-6,-3.878411352832116e-5
48.03,4.131022915473906e-6,-3.857160669822932e-5
48.04,4.245542466857037e-6,-3.835798282082519e-5
48.05,4.35957107084266e-6,-3.8143252124018004e-5
48.06,4.473104503954215e-6,-3.7927424861065875e-5
48.07,4.586138575200423e-6,-3.7710511310131045e-5
48.08,4.698669126195992e-6,-3.749252177383282e-5
48.09,4.810692031277609e-6,-3.7273466578801426e-5
48.1,4.922203197620996e-6,-3.7053356075232585e-5
48.11,5.033198565354191e-6,-3.68322006364399e-5
48.12,5.143674107670691e-6,-3.66100106584086e-5
48.13,5.253625830939619e-6,-3.638679655934878e-5
48.14,5.363049774814275e-6,-3.6162568779248706e-5
48.15,5.4719420123413335e-6,-3.5937337779427155e-5
48.16,5.580298650063022e-6,-3.5711114042087294e-5
48.17,5.688115828124076e-6,-3.548390806986864e-5
48.18,5.795389720372023e-6,-3.525573038540135e-5
48.19,5.902116534457568e-6,-3.5026591530857344e-5
48.2,6.008292511934365e-6,-3.47965020675043e-5
48.21,6.1139139283539435e-6,-3.456547257525898e-5
48.22,6.2189770933624885e-6,-3.433351365223909e-5
48.23,6.323478350793359e-6,-3.410063591431694e-5
48.24,6.4274140787592135e-6,-3.386684999467248e-5
48.25,6.530780689740807e-6,-3.363216654334696e-5
48.26,6.633574630676666e-6,-3.3396596226795024e-5
48.27,6.735792383048622e-6,-3.316014972743971e-5
48.28,6.837430462966392e-6,-3.292283774322532e-5
48.29,6.93848542125093e-6,-3.268467098717082e-5
48.3,7.038953843515439e-6,-3.244566018692421e-5
48.31,7.138832350244956e-6,-3.220581608431684e-5
48.32,7.2381175968739644e-6,-3.196514943491822e-5
48.33,7.3368062738626895e-6,-3.17236710075894e-5
48.34,7.434895106770412e-6,-3.1481391584038794e-5
48.35,7.5323808563293206e-6,-3.123832195837721e-5
48.36,7.629260318514722e-6,-3.099447293667312e-5
48.37,7.725530324613511e-6,-3.074985533650837e-5
48.38,7.821187741292544e-6,-3.050447998653426e-5
48.39,7.916229470663457e-6,-3.025835772602854e-5
48.4,8.010652450346911e-6,-3.0011499404451266e-5
48.41,8.10445365353428e-6,-2.9763915881002735e-5
48.42,8.19763008904897e-6,-2.9515618024179865e-5
48.43,8.290178801403632e-6,-2.926661671133601e-5
48.44,8.382096870858386e-6,-2.9016922828237588e-5
48.45,8.473381413475691e-6,-2.876654726862331e-5
48.46,8.564029581173385e-6,-2.8515500933764423e-5
48.47,8.654038561776631e-6,-2.826379473202306e-5
48.48,8.743405579068452e-6,-2.801143957841327e-5
48.49,8.832127892837193e-6,-2.775844639416129e-5
48.5,8.920202798923682e-6,-2.7504826106267828e-5
48.51,9.007627629266127e-6,-2.725058964706848e-5
48.52,9.094399751942868e-6,-2.6995747953796356e-5
48.53,9.180516571213753e-6,-2.67403119681466e-5
48.54,9.265975527560552e-6,-2.648429263583747e-5
48.55,9.350774097724108e-6,-2.6227700906176067e-5
48.56,9.43490979474125e-6,-2.5970547731622645e-5
48.57,9.518380167978835e-6,-2.571284406735617e-5
48.58,9.60118280316703e-6,-2.5454600870839867e-5
48.59,9.68331532243066e-6,-2.519582910138834e-5
48.6,9.764775384317539e-6,-2.4936539719734853e-5
48.61,9.845560683827857e-6,-2.4676743687599474e-5
48.62,9.92566895243849e-6,-2.4416451967257892e-5
48.63,1.0005097958129394e-5,-2.4155675521110015e-5
48.64,1.0083845505404137e-5,-2.3894425311252632e-5
48.65,1.0161909435312195e-5,-2.3632712299047622e-5
48.66,1.0239287625468088e-5,-2.3370547444695734e-5
48.67,1.0315977990068695e-5,-2.3107941706808403e-5
48.68,1.0391978479909142e-5,-2.284490604198144e-5
48.69,1.0467287082397371e-5,-2.2581451404369172e-5
48.7,1.054190182156638e-5,-2.231758874525935e-5
48.71,1.0615820758085086e-5,-2.2053329012649946e-5
48.72,1.06890419892682e-5,-2.1788683150824916e-5
48.73,1.0761563649082331e-5,-2.15236620999326e-5
48.74,1.0833383908153703e-5,-2.125827679556378e-5
48.75,1.090450097377074e-5,-2.0992538168332267e-5
48.76,1.0974913089887683e-5,-2.072645714345422e-5
48.77,1.1044618537125015e-5,-2.0460044640329858e-5
48.78,1.1113615632768627e-5,-2.0193311572126993e-5
48.79,1.1181902730767686e-5,-1.992626884536243e-5
48.8,1.1249478221730838e-5,-1.9658927359487755e-5
48.81,1.1316340532919417e-5,-1.9391298006474093e-5
48.82,1.138248812824147e-5,-1.9123391670399316e-5
48.83,1.1447919508241886e-5,-1.885521922703405e-5
48.84,1.1512633210092266e-5,-1.8586791543431157e-5
48.85,1.157662780757839e-5,-1.8318119477515527e-5
48.86,1.1639901911086463e-5,-1.8049213877673807e-5
48.87,1.1702454167587767e-5,-1.7780085582346324e-5
48.88,1.1764283260621486e-5,-1.7510745419620317e-5
48.89,1.182538791027575e-5,-1.724120420682435e-5
48.9,1.1885766873168631e-5,-1.6971472750121453e-5
48.91,1.1945418942423841e-5,-1.67015618441075e-5
48.92,1.2004342947649304e-5,-1.643148227140735e-5
48.93,1.2062537754911361e-5,-1.616124480227422e-5
48.94,1.212000226670823e-5,-1.589086019418854e-5
48.95,1.2176735421941354e-5,-1.562033919145935e-5
48.96,1.2232736195885663e-5,-1.5349692524827328e-5
48.97,1.228800360015881e-5,-1.5078930911066393e-5
48.98,1.2342536682687511e-5,-1.4808065052590059e-5
48.99,1.2396334527672576e-5,-1.4537105637056338e-5
49.0,1.2449396255554006e-5,-1.4266063336975925e-5
49.01,1.250172102297231e-5,-1.3994948809319239e-5
49.02,1.255330802272997e-5,-1.3723772695127426e-5
49.03,1.2604156483749864e-5,-1.3452545619123485e-5
49.04,1.2654265671033475e-5,-1.3181278189323817e-5
49.05,1.2703634885617298e-5,-1.2909980996652437e-5
49.06,1.2752263464526833e-5,-1.2638664614556225e-5
49.07,1.2800150780729724e-5,-1.2367339598621636e-5
49.08,1.2847296243088024e-5,-1.2096016486191751e-5
49.09,1.2893699296307382e-5,-1.1824705795986228e-5
49.1,1.293935942088597e-5,-1.1553418027721912e-5
49.11,1.2984276133061833e-5,-1.1282163661734418e-5
49.12,1.3028448984757686e-5,-1.1010953158602086e-5
49.13,1.3071877563525671e-5,-1.0739796958770677e-5
49.14,1.3114561492489097e-5,-1.0468705482180213e-5
49.15,1.3156500430284511e-5,-1.0197689127892006e-5
49.16,1.3197694071000424e-5,-9.926758273718893e-6
49.17,1.3238142144116057e-5,-9.655923275855017e-6
49.18,1.3277844414437414e-5,-9.38519446850972e-6
49.19,1.3316800682032922e-5,-9.114582163539636e-6
49.2,1.3355010782166982e-5,-8.844096650084883e-6
49.21,1.3392474585232016e-5,-8.57374819420646e-6
49.22,1.3429191996680061e-5,-8.303547038523575e-6
49.23,1.346516295695173e-5,-8.033503401854634e-6
49.24,1.350038744140325e-5,-7.763627478857776e-6
49.25,1.3534865460234907e-5,-7.493929439675387e-6
49.26,1.3568597058414862e-5,-7.224419429577931e-6
49.27,1.3601582315602988e-5,-6.9551075686098155e-6
49.28,1.3633821346073756e-5,-6.6860039512392365e-6
49.29,1.3665314298636701e-5,-6.417118646005445e-6
49.3,1.3696061356556162e-5,-6.148461695171708e-6
49.31,1.3726062737468978e-5,-5.880043114377367e-6
49.32,1.3755318693302122e-5,-5.611872892292982e-6
49.33,1.3783829510187242e-5,-5.343960990275839e-6
49.34,1.3811595508375199e-5,-5.076317342028174e-6
49.35,1.383861704214829e-5,-4.808951853257051e-6
49.36,1.3864894499732163e-5,-4.541874401335468e-6
49.37,1.389042830320592e-5,-4.275094834964582e-6
49.38,1.3915218908408712e-5,-4.008622973839826e-6
49.39,1.3939266804850352e-5,-3.7424686083166936e-6
49.4,1.3962572515614463e-5,-3.4766414990786218e-6
49.41,1.3985136597264853e-5,-3.211151376807375e-6
49.42,1.4006959639747435e-5,-2.9460079418544256e-6
49.43,1.4028042266293911e-5,-2.6812208639153112e-6
49.44,1.4048385133321092e-5,-2.4167997817038266e-6
49.45,1.406798893033081e-5,-2.1527543026293146e-6
49.46,1.4086854379808818e-5,-1.8890940024764394e-6
49.47,1.4104982237120237e-5,-1.625828425084791e-6
49.48,1.4122373290406293e-5,-1.362967082031817e-6
49.49,1.4139028360478589e-5,-1.100519452317027e-6
49.5,1.4154948300711457e-5,-8.384949820488754e-7
49.51,1.4170133996934462e-5,-5.769030841316674e-7
49.52,1.4184586367322927e-5,-3.15753137956045e-7
49.53,1.4198306362287427e-5,-5.505448909102339e-8
49.54,1.4211294964361431e-5,2.051835510230511e-7
49.55,1.4223553188088506e-5,4.6495170537855044e-7
49.56,1.4235082079908657e-5,7.242407317034962e-7
49.57,1.4245882718041635e-5,9.830414227613105e-7
49.58,1.4255956212371297e-5,1.2413446066512213e-6
49.59,1.4265303704327374e-5,1.4991411471037298e-6
49.6,1.4273926366766381e-5,1.7564219437758183e-6
49.61,1.4281825403851455e-5,2.013177932544486e-6
49.62,1.4289002050931114e-5,2.269400085797508e-6
49.63,1.4295457574416402e-5,2.52507941272259e-6
49.64,1.430119327165764e-5,2.780206959593774e-6
49.65,1.430621047081933e-5,3.03477381005809e-6
49.66,1.4310510530754392e-5,3.2887710854172715e-6
49.67,1.4314094840876528e-5,3.5421899449102988e-6
49.68,1.4316964821033044e-5,3.7950215859911483e-6
49.69,1.4319121921374763e-5,4.047257244607462e-6
49.7,1.4320567622225654e-5,4.298888195475152e-6
49.71,1.432130343395178e-5,4.549905752350887e-6
49.72,1.4321330896828496e-5,4.800301268304671e-6
49.73,1.4320651580906221e-5,5.0500661359882094e-6
49.74,1.4319267085876959e-5,5.299191787902065e-6
49.75,1.4317179040937627e-5,5.547669696660452e-6
49.76,1.4314389104653182e-5,5.79549137525517e-6
49.77,1.4310898964819135e-5,6.042648377316027e-6
49.78,1.4306710338322385e-5,6.289132297369165e-6
49.79,1.4301824971001557e-5,6.534934771095289e-6
49.8,1.4296244637505552e-5,6.78004747558318e-6
49.81,1.4289971141152267e-5,7.024462129583252e-6
49.82,1.4283006313784955e-5,7.2681704937573005e-6
49.83,1.4275352015628567e-5,7.511164370928011e-6
49.84,1.4267010135144659e-5,7.753435606324483e-6
49.85,1.4257982588886064e-5,7.994976087827034e-6
49.86,1.4248271321349141e-5,8.235777746209493e-6
49.87,1.423787830482612e-5,8.475832555378772e-6
49.88,1.4226805539256984e-5,8.715132532613453e-6
49.89,1.4215055052078588e-5,8.953669738798536e-6
49.9,1.4202628898075417e-5,9.191436278660646e-6
49.91,1.4189529159226254e-5,9.428424300998408e-6
49.92,1.4175757944553243e-5,9.664625998912493e-6
49.93,1.4161317389967507e-5,9.900033610032243e-6
49.94,1.414620965811504e-5,1.0134639416741182e-5
49.95,1.4130436938221778e-5,1.036843574640037e-5
49.96,1.4114001445936887e-5,1.0601414971567975e-5
49.97,1.4096905423176433e-5,1.083356951021918e-5
49.98,1.4079151137965116e-5,1.1064891825961785e-5
49.99,1.4060740884278058e-5,1.1295374428250962e-5
50.0,1.4041676981880407e-5,1.1525009872600276e-5
50.01,1.4021961776167883e-5,1.1753790760793284e-5
50.02,1.4001597638004872e-5,1.198170974108971e-5
50.03,1.3980586963563044e-5,1.2208759508431317e-5
50.04,1.3958932174157808e-5,1.2434932804645602e-5
50.05,1.3936635716085083e-5,1.2660222418646403e-5
50.06,1.3913700060457073e-5,1.28846211866335e-5
50.07,1.3890127703036382e-5,1.3108121992287381e-5
50.08,1.38659211640709e-5,1.3330717766966247e-5
50.09,1.3841082988125823e-5,1.35524014898964e-5
50.1,1.3815615743917645e-5,1.3773166188362519e-5
50.11,1.3789522024144584e-5,1.3993004937896137e-5
50.12,1.3762804445318333e-5,1.4211910862460073e-5
50.13,1.373546564759421e-5,1.442987713463299e-5
50.14,1.3707508294600159e-5,1.4646896975788892e-5
50.15,1.3678935073266345e-5,1.4862963656277279e-5
50.16,1.364974869365301e-5,1.507807049559913e-5
50.17,1.3619951888777248e-5,1.529221086258125e-5
50.18,1.3589547414441335e-5,1.550537817554775e-5
50.19,1.3558538049056963e-5,1.571756590249106e-5
50.2,1.3526926593471654e-5,1.5928767561238697e-5
50.21,1.3494715870793638e-5,1.613897671961829e-5
50.22,1.3461908726215413e-5,1.6348186995621156e-5
50.23,1.3428508026837555e-5,1.6556392057562842e-5
50.24,1.3394516661491218e-5,1.6763585624241848e-5
50.25,1.335993754056121e-5,1.696976146509476e-5
50.26,1.332477359580598e-5,1.7174913400351928e-5
50.27,1.3289027780180345e-5,1.7379035301187985e-5
50.28,1.3252703067654776e-5,1.7582121089871158e-5
50.29,1.3215802453035948e-5,1.7784164739910964e-5
50.3,1.3178328951784755e-5,1.798516027620274e-5
50.31,1.3140285599837384e-5,1.8185101775170227e-5
50.32,1.3101675453420194e-5,1.8383983364905882e-5
50.33,1.3062501588870012e-5,1.8581799225309093e-5
50.34,1.3022767102449822e-5,1.877854358822139e-5
50.35,1.298247511016575e-5,1.897421073755987e-5
50.36,1.2941628747582636e-5,1.9168795009448847e-5
50.37,1.2900231169640157e-5,1.9362290792348655e-5
50.38,1.2858285550467176e-5,1.9554692527181677e-5
50.39,1.2815795083196672e-5,1.974599470745681e-5
50.4,1.2772762979779131e-5,1.9936191879391516e-5
50.41,1.2729192470797378e-5,2.012527864203201e-5
50.42,1.2685086805277769e-5,2.031324964736946e-5
50.43,1.2640449250504225e-5,2.050009960045612e-5
50.44,1.259528309183015e-5,2.068582325951759e-5
50.45,1.2549591632490306e-5,2.0870415436063685e-5
50.46,1.2503378193410886e-5,2.105387099499616e-5
50.47,1.2456646113021762e-5,2.1236184854715277e-5
50.48,1.2409398747067087e-5,2.1417351987222757e-5
50.49,1.2361639468413979e-5,2.1597367418223623e-5
50.5,1.2313371666863575e-5,2.1776226227224738e-5
50.51,1.2264598748959706e-5,2.195392354763191e-5
50.52,1.221532413779808e-5,2.2130454566844537e-5
50.53,1.2165551272834591e-5,2.230581452634683e-5
50.54,1.2115283609693667e-5,2.2479998721798912e-5
50.55,1.2064524619976372e-5,2.2653002503123364e-5
50.56,1.2013277791067948e-5,2.2824821274591113e-5
50.57,1.1961546625944417e-5,2.299545049490379e-5
50.58,1.1909334642980463e-5,2.3164885677274935e-5
50.59,1.1856645375755094e-5,2.3333122389508845e-5
50.6,1.1803482372858866e-5,2.350015625407508e-5
50.61,1.1749849197698899e-5,2.366598294818389e-5
50.62,1.1695749428305846e-5,2.3830598203857344e-5
50.63,1.1641186657137904e-5,2.399399780799777e-5
50.64,1.1586164490887634e-5,2.415617760245541e-5
50.65,1.1530686550285305e-5,2.4317133484093456e-5
50.66,1.1474756469905153e-5,2.4476861404849564e-5
50.67,1.141837789796865e-5,2.463535737179678e-5
50.68,1.1361554496149543e-5,2.479261744720049e-5
50.69,1.1304289939377717e-5,2.494863774857475e-5
50.7,1.1246587915642483e-5,2.5103414448735747e-5
50.71,1.1188452125797347e-5,2.5256943775851452e-5
50.72,1.1129886283362643e-5,2.5409222013492134e-5
50.73,1.1070894114328697e-5,2.5560245500675428e-5
50.74,1.1011479356959922e-5,2.5710010631911746e-5
50.75,1.0951645761596815e-5,2.585851385724493e-5
50.76,1.0891397090459113e-5,2.600575168229289e-5
50.77,1.0830737117448713e-5,2.615172066828519e-5
50.78,1.0769669627951707e-5,2.6296417432096874e-5
50.79,1.070819841864138e-5,2.6439838646282965e-5
50.8,1.0646327297280235e-5,2.6581981039108313e-5
50.81,1.058406008252186e-5,2.6722841394576346e-5
50.82,1.0521400603713969e-5,2.6862416552454484e-5
50.83,1.045835270069933e-5,2.700070340829928e-5
50.84,1.0394920223618544e-5,2.713769891347729e-5
50.85,1.0331107032711717e-5,2.7273400075184334e-5
50.86,1.0266916998119958e-5,2.7407803956463763e-5
50.87,1.0202353999687223e-5,2.754090767622041e-5
50.88,1.013742192676255e-5,2.76727084092338e-5
50.89,1.007212467800172e-5,2.780320338616862e-5
50.9,1.0006466161167863e-5,2.793238989358319e-5
50.91,9.940450292934745e-6,2.8060265273935494e-5
50.92,9.87408099868673e-6,2.818682692558685e-5
50.93,9.807362212321866e-6,2.8312072302804107e-5
50.94,9.740297876053015e-6,2.8435998915758346e-5
50.95,9.672891940209228e-6,2.8558604330523354e-5
50.96,9.605148363038052e-6,2.867988616906915e-5
50.97,9.53707111050689e-6,2.879984210925653e-5
50.98,9.468664156104931e-6,2.8918469884826676e-5
50.99,9.399931480644898e-6,2.9035767285390012e-5
51.0,9.330877072065351e-6,2.9151732156412354e-5
51.01,9.261504925232532e-6,2.9266362399199924e-5
51.02,9.191819041742062e-6,2.9379655970880263e-5
51.03,9.121823429721645e-6,2.9491610884382202e-5
51.04,9.051522103633354e-6,2.960222520841473e-5
51.05,8.980919084075207e-6,2.9711497067441038e-5
51.06,8.910018397585355e-6,2.9819424641652784e-5
51.07,8.838824076442252e-6,2.992600616694087e-5
51.08,8.767340158470099e-6,3.0031239934864726e-5
51.09,8.69557068683972e-6,3.0135124292619757e-5
51.1,8.623519709873048e-6,3.0237657643000873e-5
51.11,8.55119128084484e-6,3.0338838444366514e-5
51.12,8.478589457787696e-6,3.0438665210598487e-5
51.13,8.405718303294567e-6,3.053713651106073e-5
51.14,8.332581884322521e-6,3.0634250970555486e-5
51.15,8.259184271997777e-6,3.073000726927734e-5
51.16,8.185529541418204e-6,3.0824404142766157e-5
51.17,8.111621771459054e-6,3.091744038185625e-5
51.18,8.03746504457687e-6,3.1009114832624814e-5
51.19,7.963063446614255e-6,3.1099426396337694e-5
51.2,7.888421066605595e-6,3.118837402939316e-5
51.21,7.813541996581542e-6,3.127595674326365e-5
51.22,7.73843033137502e-6,3.136217360443568e-5
51.23,7.66309016842672e-6,3.144702373434713e-5
51.24,7.587525607591257e-6,3.1530506309322794e-5
51.25,7.51174075094438e-6,3.1612620560508465e-5
51.26,7.4357397025875995e-6,3.169336577380154e-5
51.27,7.359526568457165e-6,3.177274128978118e-5
51.28,7.283105456130523e-6,3.185074650363545e-5
51.29,7.206480474633181e-6,3.1927380865086866e-5
51.3,7.129655734247836e-6,3.2002643878315346e-5
51.31,7.0526353463210426e-6,3.2076535101880506e-5
51.32,6.975423423073537e-6,3.214905414863973e-5
51.33,6.898024077407537e-6,3.222020068566676e-5
51.34,6.820441422716362e-6,3.228997443416706e-5
51.35,6.74267957269469e-6,3.235837516938979e-5
51.36,6.664742641147374e-6,3.2425402720541175e-5
51.37,6.586634741800595e-6,3.249105697069266e-5
51.38,6.508359988112109e-6,3.25553378566891e-5
51.39,6.429922493082403e-6,3.261824536905411e-5
51.4,6.3513263690661235e-6,3.2679779551893635e-5
51.41,6.272575727584152e-6,3.273994050279801e-5
51.42,6.193674679135369e-6,3.279872837274134e-5
51.43,6.114627333009872e-6,3.2856143365979094e-5
51.44,6.035437797101856e-6,3.291218573994539e-5
51.45,5.956110177723027e-6,3.296685580514503e-5
51.46,5.876648579416941e-6,3.302015392504748e-5
51.47,5.7970571047729466e-6,3.307208051597571e-5
51.48,5.717339854241718e-6,3.3122636046995596e-5
51.49,5.637500925949689e-6,3.3171821039801926e-5
51.5,5.557544415515916e-6,3.321963606860265e-5
51.51,5.47747441586773e-6,3.3266081760002587e-5
51.52,5.397295017057575e-6,3.3311158792883316e-5
51.53,5.3170103060805715e-6,3.335486789828309e-5
51.54,5.236624366691724e-6,3.339720985927337e-5
51.55,5.156141279224934e-6,3.343818551083443e-5
51.56,5.075565120411366e-6,3.34777957397297e-5
51.57,4.994899963198728e-6,3.351604148437605e-5
51.58,4.914149876571382e-6,3.3552923734715184e-5
51.59,4.8333189253702075e-6,3.358844353208045e-5
51.6,4.752411170114529e-6,3.362260196906489e-5
51.61,4.671430666822204e-6,3.3655400189384346e-5
51.62,4.590381466833e-6,3.368683938774112e-5
51.63,4.509267616629925e-6,3.371692080968457e-5
51.64,4.428093157663766e-6,3.374564575147076e-5
51.65,4.346862126175546e-6,3.37730155599203e-5
51.66,4.265578553021412e-6,3.379903163227307e-5
51.67,4.184246463497755e-6,3.382369541604419e-5
51.68,4.102869877166248e-6,3.3847008408874484e-5
51.69,4.021452807680361e-6,3.386897215838258e-5
51.7,3.939999262611524e-6,3.388958826201311e-5
51.71,3.858513243277474e-6,3.390885836688455e-5
51.72,3.7769987445688022e-6,3.392678416963442e-5
51.73,3.6954597547786553e-6,3.3943367416263575e-5
51.74,3.613900255431794e-6,3.39586099019783e-5
51.75,3.5323242211137317e-6,3.397251347103119e-5
51.76,3.4507356193023433e-6,3.398508001655983e-5
51.77,3.3691384101979404e-6,3.399631148042454e-5
51.78,3.28753654655611e-6,3.400620985304349e-5
51.79,3.2059339735192756e-6,3.401477717322773e-5
51.8,3.12433462845049e-6,3.4022015528012856e-5
51.81,3.042742440766899e-6,3.4027927052491025e-5
51.82,2.961161331775011e-6,3.403251392963864e-5
51.83,2.8795952145047356e-6,3.4035778390145696e-5
51.84,2.798047993546255e-6,3.403772271224111e-5
51.85,2.716523564886445e-6,3.403834922151785e-5
51.86,2.635025815745856e-6,3.40376602907555e-5
51.87,2.553558624417224e-6,3.403565833974222e-5
51.88,2.4721258601038897e-6,3.403234583509458e-5
51.89,2.3907313827595827e-6,3.402772529007626e-5
51.9,2.309379042928336e-6,3.4021799264414796e-5
51.91,2.2280726815860174e-6,3.4014570364117295e-5
51.92,2.146816129981179e-6,3.400604124128422e-5
51.93,2.065613209478361e-6,3.3996214593922274e-5
51.94,1.984467731401139e-6,3.398509316575504e-5
51.95,1.9033834968752952e-6,3.397267974603281e-5
51.96,1.8223642966750607e-6,3.3958977169340875e-5
51.97,1.7414139110671582e-6,3.394398831540581e-5
51.98,1.6605361096581262e-6,3.392771610890137e-5
51.99,1.5797346512405636e-6,3.391016351925186e-5
52.0,1.4990132836420704e-6,3.3891333560434696e-5
52.01,1.4183757435730316e-6,3.387122929078185e-5
52.02,1.3378257564763734e-6,3.384985381277897e-5
52.03,1.257367036377646e-6,3.3827210272864265e-5
52.04,1.1770032857366979e-6,3.380330186122454e-5
52.05,1.0967381952988523e-6,3.377813181159205e-5
52.06,1.0165754439478672e-6,3.375170340103776e-5
52.07,9.365186985599221e-7,3.372401994976463e-5
52.08,8.565716138570506e-7,3.369508482089903e-5
52.09,7.767378322634288e-7,3.366490142028127e-5
52.1,6.970209837604156e-7,3.363347319625459e-5
52.11,6.174246857443869e-7,3.3600803639452074e-5
52.12,5.379525428835904e-7,3.3566896282584334e-5
52.13,4.58608146977078e-7,3.353175470022348e-5
52.14,3.7939507681451324e-7,3.349538250858785e-5
52.15,3.0031689803615036e-7,3.345778336532378e-5
52.16,2.2137716299383804e-7,3.341896096928786e-5
52.17,1.425794106131029e-7,3.3378919060326336e-5
52.18,6.392716625675024e-8,3.3337661419054884e-5
52.19,-1.4576058412286947e-8,3.3295191866635256e-5
52.2,-9.292676556571269e-8,3.325151426455287e-5
52.21,-1.7112147134421918e-7,3.320663251439162e-5
52.22,-2.4915670599146694e-7,3.316055055760823e-5
52.23,-3.2702901398621476e-7,3.3113272375304785e-5
52.24,-4.0473495417450173e-7,3.3064801988001746e-5
52.25,-4.822710998998997e-7,3.301514345540772e-5
52.26,-5.596340391339205e-7,3.296430087618922e-5
52.27,-6.368203746051758e-7,3.291227838773925e-5
52.28,-7.138267239259142e-7,3.285908016594523e-5
52.29,-7.906497197221057e-7,3.280471042495421e-5
52.3,-8.672860097567384e-7,3.274917341693904e-5
52.31,-9.437322570565815e-7,3.269247343186183e-5
52.32,-1.019985140036181e-6,3.263461479723797e-5
52.33,-1.0960413526215293e-6,3.2575601877897184e-5
52.34,-1.1718976043725185e-6,3.251543907574479e-5
52.35,-1.2475506206038163e-6,3.2454130829521876e-5
52.36,-1.3229971425064409e-6,3.2391681614564475e-5
52.37,-1.3982339272669591e-6,3.232809594256085e-5
52.38,-1.4732577481857554e-6,3.226337836130882e-5
52.39,-1.5480653947952615e-6,3.2197533454472385e-5
52.4,-1.6226536729766241e-6,3.213056584133521e-5
52.41,-1.6970194050756784e-6,3.206248017655618e-5
52.42,-1.771159430016926e-6,3.19932811499217e-5
52.43,-1.8450706034184418e-6,3.192297348609812e-5
52.44,-1.918749797704191e-6,3.1851561944382964e-5
52.45,-1.9921939022159878e-6,3.1779051318455306e-5
52.46,-2.0653998233241905e-6,3.170544643612502e-5
52.47,-2.138364484538199e-6,3.163075215908164e-5
52.48,-2.2110848266148855e-6,3.1554973382641684e-5
52.49,-2.283557807666557e-6,3.1478115035495736e-5
52.5,-2.3557804032680344e-6,3.140018207945437e-5
52.51,-2.4277496065628066e-6,3.132117950919324e-5
52.52,-2.4994624283675505e-6,3.1241112351996956e-5
52.53,-2.570915897276367e-6,3.115998566750364e-5
52.54,-2.6421070597634316e-6,3.107780454744618e-5
52.55,-2.713032980285705e-6,3.099457411539491e-5
52.56,-2.7836907413821414e-6,3.09102995264988e-5
52.57,-2.854077443776011e-6,3.082498596722547e-5
52.58,-2.9241902064717628e-6,3.073863865510042e-5
52.59,-2.9940261668536634e-6,3.065126283844659e-5
52.6,-3.063582480782552e-6,3.056286379612207e-5
52.61,-3.132856322692173e-6,3.0473446837256674e-5
52.62,-3.201844885682922e-6,3.038301730098986e-5
52.63,-3.2705453816167065e-6,3.0291580556206023e-5
52.64,-3.3389550412087475e-6,3.0199142001269335e-5
52.65,-3.4070711141201436e-6,3.0105707063759048e-5
52.66,-3.474890869047475e-6,3.0011281200202932e-5
52.67,-3.5424115938140713e-6,2.991586989581034e-5
52.68,-3.609630595456683e-6,2.9819478664205356e-5
52.69,-3.6765452003144253e-6,2.9722113047158177e-5
52.7,-3.7431527541148254e-6,2.9623778614316516e-5
52.71,-3.8094506220591656e-6,2.952448096293701e-5
52.72,-3.875436188907037e-6,2.9424225717614177e-5
52.73,-3.9411068590597995e-6,2.9323018530011032e-5
52.74,-4.006460056642568e-6,2.9220865078587176e-5
52.75,-4.071493225586859e-6,2.911777106832837e-5
52.76,-4.1362038297076525e-6,2.9013742230472598e-5
52.77,-4.200589352786191e-6,2.8908784322239183e-5
52.78,-4.264647298645757e-6,2.8802903126554664e-5
52.79,-4.328375191229704e-6,2.8696104451778953e-5
52.8,-4.391770574677182e-6,2.8588394131431696e-5
52.81,-4.454831013397847e-6,2.8479778023917047e-5
52.82,-4.5175540921460595e-6,2.837026201224876e-5
52.83,-4.579937416093453e-6,2.82598520037743e-5
52.84,-4.641978610901076e-6,2.814855392989897e-5
52.85,-4.703675322789292e-6,2.803637374580917e-5
52.86,-4.765025218608385e-6,2.7923317430195366e-5
52.87,-4.826025985905878e-6,2.7809390984974998e-5
52.88,-4.886675332995329e-6,2.769460043501415e-5
52.89,-4.946970989021758e-6,2.7578951827849617e-5
52.9,-5.006910704027249e-6,2.7462451233410675e-5
52.91,-5.066492249015317e-6,2.7345104743739042e-5
52.92,-5.125713416013991e-6,2.72269184727107e-5
52.93,-5.184572018138124e-6,2.710789855575567e-5
52.94,-5.243065889649859e-6,2.698805114957779e-5
52.95,-5.301192886019326e-6,2.6867382431874636e-5
52.96,-5.358950883982781e-6,2.6745898601056912e-5
52.97,-5.416337781601178e-6,2.6623605875967427e-5
52.98,-5.473351498316259e-6,2.6500510495599552e-5
52.99,-5.5299899750066155e-6,2.637661871881595e-5
53.0,-5.586251174041807e-6,2.6251936824066805e-5
53.01,-5.642133079336569e-6,2.6126471109107532e-5
53.02,-5.697633696402227e-6,2.600022789071657e-5
53.03,-5.752751052399394e-6,2.5873213504412993e-5
53.04,-5.807483196186692e-6,2.5745434304173413e-5
53.05,-5.861828198370861e-6,2.561689666214939e-5
53.06,-5.915784151355041e-6,2.5487606968383606e-5
53.07,-5.969349169385014e-6,2.53575716305276e-5
53.08,-6.022521388595605e-6,2.522679707355707e-5
53.09,-6.075298967055629e-6,2.5095289739488555e-5
53.1,-6.1276800848114355e-6,2.4963056087096184e-5
53.11,-6.179662943929785e-6,2.4830102591626737e-5
53.12,-6.231245768539058e-6,2.46964357445162e-5
53.13,-6.282426804870697e-6,2.456206205310505e-5
53.14,-6.3332043212975725e-6,2.442698804035445e-5
53.15,-6.383576608373016e-6,2.4291220244561136e-5
53.16,-6.433541978868055e-6,2.41547652190734e-5
53.17,-6.48309876780769e-6,2.401762953200643e-5
53.18,-6.532245332505473e-6,2.387981976595741e-5
53.19,-6.580980052598493e-6,2.3741342517720724e-5
53.2,-6.629301330079793e-6,2.360220439800371e-5
53.21,-6.67720758933028e-6,2.346241203114166e-5
53.22,-6.724697277149544e-6,2.3321972054812706e-5
53.23,-6.771768862786167e-6,2.3180891119753412e-5
53.24,-6.8184208379658775e-6,2.303917588947355e-5
53.25,-6.864651716918913e-6,2.289683303997213e-5
53.26,-6.9104600364076435e-6,2.275386925945179e-5
53.27,-6.955844355750881e-6,2.2610291248034494e-5
53.28,-7.000803256848574e-6,2.246610571747701e-5
53.29,-7.045335344205961e-6,2.2321319390885954e-5
53.3,-7.089439244954871e-6,2.2175939002433748e-5
53.31,-7.133113608874927e-6,2.2029971297073352e-5
53.32,-7.176357108414625e-6,2.1883423030255428e-5
53.33,-7.219168438709108e-6,2.1736300967642386e-5
53.34,-7.261546317599557e-6,2.1588611884825435e-5
53.35,-7.303489485648768e-6,2.144036256704037e-5
53.36,-7.344996706157798e-6,2.129155980888347e-5
53.37,-7.38606676518081e-6,2.1142210414028054e-5
53.38,-7.426698471538487e-6,2.099232119494075e-5
53.39,-7.46689065683089e-6,2.0841898972598747e-5
53.4,-7.506642175448861e-6,2.0690950576205555e-5
53.41,-7.545951904585215e-6,2.0539482842909136e-5
53.42,-7.584818744243745e-6,2.0387502617518477e-5
53.43,-7.623241617247485e-6,2.0235016752221496e-5
53.44,-7.66121946924689e-6,2.0082032106302163e-5
53.45,-7.698751268725528e-6,1.992855554585881e-5
53.46,-7.735836007005748e-6,1.9774593943522627e-5
53.47,-7.77247269825262e-6,1.9620154178175176e-5
53.48,-7.808660379477687e-6,1.9465243134668032e-5
53.49,-7.844398110541176e-6,1.930986770354104e-5
53.5,-7.879684974151815e-6,1.915403478074197e-5
53.51,-7.914520075869188e-6,1.8997751267346565e-5
53.52,-7.948902544100765e-6,1.884102406927704e-5
53.53,-7.982831530101281e-6,1.8683860097023958e-5
53.54,-8.016306207968821e-6,1.8526266265365647e-5
53.55,-8.0493257746415e-6,1.836824949308926e-5
53.56,-8.081889449892249e-6,1.8209816702712506e-5
53.57,-8.113996476322106e-6,1.8050974820204987e-5
53.58,-8.14564611935446e-6,1.7891730774709797e-5
53.59,-8.176837667225353e-6,1.773209149826649e-5
53.6,-8.207570430975177e-6,1.7572063925533968e-5
53.61,-8.237843744438874e-6,1.7411654993512746e-5
53.62,-8.267656964234094e-6,1.725087164126926e-5
53.63,-8.297009469748936e-6,1.708972080965985e-5
53.64,-8.325900663129293e-6,1.6928209441055253e-5
53.65,-8.354329969264552e-6,1.676634447906503e-5
53.66,-8.382296835771714e-6,1.6604132868263466e-5
53.67,-8.409800732980266e-6,1.644158155391495e-5
53.68,-8.436841153913873e-6,1.6278697481701104e-5
53.69,-8.463417614273432e-6,1.611548759744622e-5
53.7,-8.489529652415967e-6,1.5951958846845784e-5
53.71,-8.515176829336557e-6,1.5788118175193964e-5
53.72,-8.540358728645862e-6,1.5623972527111298e-5
53.73,-8.565074956548022e-6,1.5459528846274287e-5
53.74,-8.589325141818068e-6,1.5294794075144347e-5
53.75,-8.613108935777266e-6,1.5129775154698113e-5
53.76,-8.636426012268322e-6,1.4964479024157478e-5
53.77,-8.659276067628647e-6,1.4798912620720526e-5
53.78,-8.681658820665205e-6,1.4633082879294458e-5
53.79,-8.703574012623084e-6,1.4466996732225468e-5
53.8,-8.725021407159982e-6,1.4300661109033811e-5
53.81,-8.746000790314207e-6,1.4134082936145621e-5
53.82,-8.766511970474111e-6,1.3967269136628174e-5
53.83,-8.78655477834676e-6,1.3800226629923366e-5
53.84,-8.806129066924944e-6,1.3632962331583625e-5
53.85,-8.82523471145248e-6,1.3465483153007949e-5
53.86,-8.84387160939079e-6,1.329779600117793e-5
53.87,-8.86203968038238e-6,1.3129907778395169e-5
53.88,-8.879738866214733e-6,1.2961825382019491e-5
53.89,-8.896969130782104e-6,1.2793555704207135e-5
53.9,-8.913730460047874e-6,1.262510563165015e-5
53.91,-8.930022862004449e-6,1.2456482045316242e-5
53.92,-8.945846366633301e-6,1.2287691820189214e-5
53.93,-8.961201025863495e-6,1.2118741825011392e-5
53.94,-8.976086913529886e-6,1.1949638922024107e-5
53.95,-8.990504125329298e-6,1.1780389966711569e-5
53.96,-9.004452778777171e-6,1.1611001807544528e-5
53.97,-9.017933013162728e-6,1.1441481285723583e-5
53.98,-9.030944989502387e-6,1.1271835234925445e-5
53.99,-9.043488890493565e-6,1.1102070481047673e-5
54.0,-9.055564920467494e-6,1.0932193841956575e-5
54.01,-9.067173305339522e-6,1.076221212723321e-5
54.02,-9.078314292561032e-6,1.0592132137922225e-5
54.03,-9.08898815106802e-6,1.0421960666281256e-5
54.04,-9.099195171230587e-6,1.0251704495529946e-5
54.05,-9.108935664800936e-6,1.0081370399600855e-5
54.06,-9.118209964859812e-6,9.910965142890958e-6
54.07,-9.127018425763754e-6,9.740495480014268e-6
54.08,-9.135361423088917e-6,9.569968155554112e-6
54.09,-9.143239353577438e-6,9.399389903817555e-6
54.1,-9.150652635079406e-6,9.228767448590626e-6
54.11,-9.157601706496337e-6,9.058107502893286e-6
54.12,-9.164087027723377e-6,8.887416768736364e-6
54.13,-9.170109079589647e-6,8.716701936878906e-6
54.14,-9.175668363799053e-6,8.545969686586917e-6
54.15,-9.180765402869478e-6,8.3752266853919e-6
54.16,-9.18540074007126e-6,8.204479588851396e-6
54.17,-9.18957493936512e-6,8.033735040310028e-6
54.18,-9.193288585338338e-6,7.862999670661783e-6
54.19,-9.196542283142906e-6,7.69228009811211e-6
54.2,-9.19933665842768e-6,7.5215829279426635e-6
54.21,-9.201672357275494e-6,7.350914752275555e-6
54.22,-9.203550046135345e-6,7.180282149839374e-6
54.23,-9.204970411755957e-6,7.009691685735743e-6
54.24,-9.205934161117438e-6,6.839149911207087e-6
54.25,-9.206442021363176e-6,6.66866336340494e-6
54.26,-9.206494739728893e-6,6.4982385651604584e-6
54.27,-9.20609308347385e-6,6.327882024754149e-6
54.28,-9.205237839809188e-6,6.157600235688222e-6
54.29,-9.203929815825652e-6,5.987399676458222e-6
54.3,-9.202169838421671e-6,5.817286810327734e-6
54.31,-9.199958754229233e-6,5.647268085102698e-6
54.32,-9.197297429540605e-6,5.47734993290676e-6
54.33,-9.194186750232312e-6,5.307538769958544e-6
54.34,-9.190627621690242e-6,5.137840996348623e-6
54.35,-9.186620968733058e-6,4.96826299581955e-6
54.36,-9.182167735535002e-6,4.798811135544414e-6
54.37,-9.177268885547925e-6,4.629491765908598e-6
54.38,-9.171925401422337e-6,4.460311220291539e-6
54.39,-9.166138284929194e-6,4.291275814849849e-6
54.4,-9.159908556878164e-6,4.122391848301191e-6
54.41,-9.153237257038196e-6,3.95366560170999e-6
54.42,-9.146125444055368e-6,3.7851033382730407e-6
54.43,-9.138574195370726e-6,3.6167113031080925e-6
54.44,-9.130584607137179e-6,3.4484957230410323e-6
54.45,-9.122157794136561e-6,3.2804628063963514e-6
54.46,-9.113294889694436e-6,3.1126187427879415e-6
54.47,-9.103997045595697e-6,2.9449697029105665e-6
54.48,-9.094265431998582e-6,2.7775218383331104e-6
54.49,-9.084101237348477e-6,2.610281281292589e-6
54.5,-9.073505668290722e-6,2.4432541444900065e-6
54.51,-9.062479949582976e-6,2.2764465208858424e-6
54.52,-9.051025324006943e-6,2.1098644834985144e-6
54.53,-9.039143052278747e-6,1.9435140852028465e-6
54.54,-9.02683441296061e-6,1.7774013585296342e-6
54.55,-9.014100702369062e-6,1.6115323154675111e-6
54.56,-9.000943234484544e-6,1.4459129472644029e-6
54.57,-8.987363340860088e-6,1.2805492242318506e-6
54.58,-8.973362370528566e-6,1.1154470955488765e-6
54.59,-8.958941689910215e-6,9.506124890682913e-7
54.6,-8.944102682718883e-6,7.86051311123769e-7
54.61,-8.928846749868211e-6,6.21769446337845e-7
54.62,-8.913175309376929e-6,4.577727574314238e-7
54.63,-8.897089796272616e-6,2.940670850348395e-7
54.64,-8.880591662497304e-6,1.3065824749940822e-7
54.65,-8.863682376809995e-6,-3.244795928949238e-8
54.66,-8.846363424689656e-6,-1.9524576209766656e-7
54.67,-8.828636308237643e-6,-3.577294105271889e-7
54.68,-8.81050254607979e-6,-5.198931771983508e-7
54.69,-8.791963673266683e-6,-6.817313579328645e-7
54.7,-8.773021241175335e-6,-8.432382719339671e-7
54.71,-8.75367681740859e-6,-1.0044082619655107e-6
54.72,-8.733931985694056e-6,-1.1652356945303798e-6
54.73,-8.713788345784926e-6,-1.3257149600477391e-6
54.74,-8.69324751335622e-6,-1.4858404730280035e-6
54.75,-8.67231111990403e-6,-1.6456066722472729e-6
54.76,-8.650980812642262e-6,-1.8050080209207726e-6
54.77,-8.629258254399375e-6,-1.964039006874147e-6
54.78,-8.60714512351509e-6,-2.1226941427141146e-6
54.79,-8.584643113735273e-6,-2.28096796599787e-6
54.8,-8.561753934108515e-6,-2.438855039400223e-6
54.81,-8.538479308880063e-6,-2.596349950881412e-6
54.82,-8.514820977385256e-6,-2.753447313850708e-6
54.83,-8.490780693945002e-6,-2.9101417673319296e-6
54.84,-8.46636022775758e-6,-3.0664279761254424e-6
54.85,-8.441561362792006e-6,-3.2223006309689816e-6
54.86,-8.416385897680642e-6,-3.377754448698553e-6
54.87,-8.390835645609978e-6,-3.5327841724065153e-6
54.88,-8.364912434213286e-6,-3.6873845715994207e-6
54.89,-8.3386181054605e-6,-3.841550442353034e-6
54.9,-8.311954515548752e-6,-3.995276607468131e-6
54.91,-8.284923534793171e-6,-4.1485579166234304e-6
54.92,-8.257527047515315e-6,-4.301389246527426e-6
54.93,-8.229766951933142e-6,-4.453765501068704e-6
54.94,-8.201645160049102e-6,-4.6056816114661325e-6
54.95,-8.173163597538758e-6,-4.757132536416167e-6
54.96,-8.144324203638493e-6,-4.908113262239236e-6
54.97,-8.115128931032757e-6,-5.058618803025705e-6
54.98,-8.08557974574117e-6,-5.2086442007789745e-6
54.99,-8.055678627005144e-6,-5.358184525558306e-6
55.0,-8.025427567174645e-6,-5.507234875619922e-6
55.01,-7.994828571592498e-6,-5.655790377556447e-6
55.02,-7.963883658481369e-6,-5.803846186435977e-6
55.03,-7.932594858828036e-6,-5.9513974859379395e-6
55.04,-7.900964216268024e-6,-6.098439488489799e-6
55.05,-7.868993786970356e-6,-6.24496743540038e-6
55.06,-7.836685639521432e-6,-6.3909765969937e-6
55.07,-7.804041854807528e-6,-6.536462272738899e-6
55.08,-7.771064525899678e-6,-6.681419791381671e-6
55.09,-7.73775575793549e-6,-6.825844511072455e-6
55.1,-7.704117668002149e-6,-6.969731819493067e-6
55.11,-7.670152385017945e-6,-7.113077133983472e-6
55.12,-7.635862049615431e-6,-7.25587590166564e-6
55.13,-7.601248814021497e-6,-7.398123599566596e-6
55.14,-7.566314841939793e-6,-7.539815734740181e-6
55.15,-7.531062308430984e-6,-7.680947844387382e-6
55.16,-7.49549339979377e-6,-7.821515495974773e-6
55.17,-7.459610313444835e-6,-7.961514287352166e-6
55.18,-7.4234152577990745e-6,-8.100939846867981e-6
55.19,-7.386910452150477e-6,-8.239787833485622e-6
55.2,-7.350098126548609e-6,-8.378053936893546e-6
55.21,-7.312980521681268e-6,-8.515733877619652e-6
55.22,-7.2755598887509926e-6,-8.652823407140297e-6
55.23,-7.237838489355294e-6,-8.789318307989655e-6
55.24,-7.199818595363939e-6,-8.925214393866772e-6
55.25,-7.161502488797757e-6,-9.06050750974136e-6
55.26,-7.122892461706198e-6,-9.19519353195898e-6
55.27,-7.0839908160451985e-6,-9.329268368343996e-6
55.28,-7.044799863555184e-6,-9.462727958300737e-6
55.29,-7.005321925636758e-6,-9.59556827291437e-6
55.3,-6.965559333229494e-6,-9.727785315049449e-6
55.31,-6.925514426687227e-6,-9.859375119447618e-6
55.32,-6.885189555655959e-6,-9.990333752822574e-6
55.33,-6.844587078948736e-6,-1.0120657313955994e-5
55.34,-6.803709364423306e-6,-1.0250341933789705e-5
55.35,-6.762558788857242e-6,-1.0379383775517301e-5
55.36,-6.721137737823792e-6,-1.0507779034674428e-5
55.37,-6.679448605567821e-6,-1.0635523939228207e-5
55.38,-6.637493794880686e-6,-1.0762614749663224e-5
55.39,-6.59527571697657e-6,-1.088904775906839e-5
55.4,-6.5527967913656574e-6,-1.1014819293220951e-5
55.41,-6.510059445731537e-6,-1.1139925710669508e-5
55.42,-6.467066115804239e-6,-1.126436340281578e-5
55.43,-6.423819245235573e-6,-1.1388128793993892e-5
55.44,-6.380321285473315e-6,-1.1511218341549903e-5
55.45,-6.336574695635812e-6,-1.1633628535918408e-5
55.46,-6.292581942386128e-6,-1.1755355900698283e-5
55.47,-6.248345499806814e-6,-1.1876396992727492e-5
55.48,-6.203867849272394e-6,-1.1996748402154997e-5
55.49,-6.159151479324885e-6,-1.2116406752512787e-5
55.5,-6.114198885546865e-6,-1.2235368700785577e-5
55.51,-6.069012570435086e-6,-1.2353630937479339e-5
55.52,-6.023595043274539e-6,-1.2471190186688394e-5
55.53,-5.977948820011327e-6,-1.2588043206160386e-5
55.54,-5.932076423126685e-6,-1.2704186787361298e-5
55.55,-5.8859803815102365e-6,-1.281961775553761e-5
55.56,-5.839663230333014e-6,-1.2934332969777401e-5
55.57,-5.7931275109209346e-6,-1.3048329323070451e-5
55.58,-5.746375770628063e-6,-1.3161603742366146e-5
55.59,-5.69941056270943e-6,-1.327415318863114e-5
55.6,-5.652234446194485e-6,-1.338597465690359e-5
55.61,-5.6048499857597585e-6,-1.349706517634801e-5
55.62,-5.557259751602009e-6,-1.3607421810307706e-5
55.63,-5.509466319311523e-6,-1.3717041656355563e-5
55.64,-5.4614722697444965e-6,-1.3825921846343767e-5
55.65,-5.413280188896519e-6,-1.3934059546452173e-5
55.66,-5.364892667774673e-6,-1.4041451957234524e-5
55.67,-5.316312302271873e-6,-1.4148096313664957e-5
55.68,-5.267541693038379e-6,-1.4253989885180161e-5
55.69,-5.218583445355102e-6,-1.435912997572318e-5
55.7,-5.169440169007309e-6,-1.4463513923783784e-5
55.71,-5.120114478156543e-6,-1.4567139102438123e-5
55.72,-5.070608991213916e-6,-1.4670002919386597e-5
55.73,-5.020926330713627e-6,-1.4772102816991046e-5
55.74,-4.971069123185428e-6,-1.4873436272309623e-5
55.75,-4.921039999027095e-6,-1.4974000797130371e-5
55.76,-4.870841592379723e-6,-1.5073793938004139e-5
55.77,-4.8204765409983646e-6,-1.5172813276275061e-5
55.78,-4.769947486126756e-6,-1.5271056428110008e-5
55.79,-4.71925707237023e-6,-1.5368521044527344e-5
55.8,-4.668407947568756e-6,-1.5465204811422523e-5
55.81,-4.617402762670928e-6,-1.556110544959432e-5
55.82,-4.5662441716071835e-6,-1.565622071476763e-5
55.83,-4.514934831163027e-6,-1.5750548397616814e-5
55.84,-4.463477400853547e-6,-1.5844086323786135e-5
55.85,-4.411874542796484e-6,-1.5936832353908872e-5
55.86,-4.36012892158613e-6,-1.6028784383626552e-5
55.87,-4.308243204167864e-6,-1.6119940343604567e-5
55.88,-4.256220059711406e-6,-1.6210298199548024e-5
55.89,-4.204062159485979e-6,-1.6299855952215506e-5
55.9,-4.1517721767337115e-6,-1.6388611637431417e-5
55.91,-4.099352786544702e-6,-1.6476563326097242e-5
55.92,-4.046806665731192e-6,-1.6563709124200997e-5
55.93,-3.994136492703127e-6,-1.665004717282575e-5
55.94,-3.941344947340966e-6,-1.6735575648156104e-5
55.95,-3.888434710873821e-6,-1.682029276148387e-5
55.96,-3.835408465751734e-6,-1.6904196759212187e-5
55.97,-3.7822688955226982e-6,-1.6987285922858156e-5
55.98,-3.729018684707488e-6,-1.706955856905396e-5
55.99,-3.6756605186752872e-6,-1.7151013049546977e-5
56.0,-3.622197083519943e-6,-1.723164775119796e-5
56.01,-3.568631065935424e-6,-1.7311461095978542e-5
56.02,-3.514965153092675e-6,-1.739045154096691e-5
56.03,-3.4612020325153253e-6,-1.7468617578341795e-5
56.04,-3.4073443919566053e-6,-1.7545957735375746e-5
56.05,-3.3533949192763206e-6,-1.7622470574426927e-5
56.06,-3.2993563023175118e-6,-1.7698154692929272e-5
56.07,-3.2452312287836487e-6,-1.7773008723380817e-5
56.08,-3.191022386116638e-6,-1.7847031333332173e-5
56.09,-3.1367324613732005e-6,-1.7920221225372007e-5
56.1,-3.0823641411044533e-6,-1.7992577137111834e-5
56.11,-3.0279201112323132e-6,-1.8064097841169914e-5
56.12,-2.97340305692923e-6,-1.8134782145153294e-5
56.13,-2.918815662495414e-6,-1.820462889163807e-5
56.14,-2.8641606112393177e-6,-1.8273636958149212e-5
56.15,-2.809440585354983e-6,-1.8341805257138547e-5
56.16,-2.754658265802523e-6,-1.8409132735961683e-5
56.17,-2.699816332187051e-6,-1.847561837685306e-5
56.18,-2.644917462639354e-6,-1.8541261196900173e-5
56.19,-2.5899643336951153e-6,-1.8606060248016592e-5
56.2,-2.53495962017566e-6,-1.867001461691281e-5
56.21,-2.4799059950686537e-6,-1.8733123425066732e-5
56.22,-2.424806129410077e-6,-1.8795385828693107e-5
56.23,-2.369662692162789e-6,-1.8856801018709214e-5
56.24,-2.3144783501009507e-6,-1.891736822070296e-5
56.25,-2.259255767690635e-6,-1.8977086694896465e-5
56.26,-2.2039976069718657e-6,-1.903595573611045e-5
56.27,-2.1487065274413032e-6,-1.9093974673725947e-5
56.28,-2.0933851859351825e-6,-1.915114287164547e-5
56.29,-2.0380362365122952e-6,-1.920745972825285e-5
56.3,-1.9826623303372623e-6,-1.9262924676371428e-5
56.31,-1.927266115564286e-6,-1.931753718322139e-5
56.32,-1.8718502372216758e-6,-1.9371296750375115e-5
56.33,-1.816417337095936e-6,-1.9424202913712497e-5
56.34,-1.760970053616326e-6,-1.9476255243373957e-5
56.35,-1.7055110217403342e-6,-1.9527453343711862e-5
56.36,-1.6500428728391674e-6,-1.9577796853242373e-5
56.37,-1.594568234583224e-6,-1.962728544459446e-5
56.38,-1.5390897308284372e-6,-1.9675918824457834e-5
56.39,-1.4836099815031723e-6,-1.9723696733530564e-5
56.4,-1.4281316024946315e-6,-1.9770618946464565e-5
56.41,-1.3726572055359394e-6,-1.981668527181016e-5
56.42,-1.317189398095015e-6,-1.9861895551959754e-5
56.43,-1.26173078326122e-6,-1.9906249663089158e-5
56.44,-1.2062839596346146e-6,-1.9949747515099256e-5
56.45,-1.1508515212144487e-6,-1.9992389051555448e-5
56.46,-1.0954360572885153e-6,-2.0034174249625357e-5
56.47,-1.040040152322699e-6,-2.0075103120017333e-5
56.48,-9.84666385850972e-7,-2.011517570691551e-5
56.49,-9.293173323660688e-7,-2.015439208791471e-5
56.5,-8.739955612099535e-7,-2.019275237395456e-5
56.51,-8.187036364653594e-7,-2.0230256709251693e-5
56.52,-7.634441168473488e-7,-2.026690527123051e-5
56.53,-7.082195555954946e-7,-2.0302698270454207e-5
56.54,-6.530325003660486e-7,-2.0337635950552668e-5
56.55,-5.97885493125456e-7,-2.0371718588150865e-5
56.56,-5.42781070043512e-7,-2.0404946492795177e-5
56.57,-4.87721761387185e-7,-2.0437320006878873e-5
56.58,-4.327100914146428e-7,-2.046883950556609e-5
56.59,-3.7774857827055845e-7,-2.049950539671523e-5
56.6,-3.228397338807148e-7,-2.0529318120800738e-5
56.61,-2.6798606384809054e-7,-2.055827815083394e-5
56.62,-2.1319006734873463e-7,-2.0586385992283013e-5
56.63,-1.5845423702807195e-7,-2.0613642182990735e-5
56.64,-1.0378105889868101e-7,-2.064004729309271e-5
56.65,-4.9173012236878564e-8,-2.0665601924933328e-5
56.66,5.367430518527712e-9,-2.069030671298083e-5
56.67,5.983780386827302e-8,-2.071416232374201e-5
56.68,1.1423564935341932e-7,-2.0737169455673846e-5
56.69,1.6855851565621925e-7,-2.0759328839097434e-5
56.7,2.2280395870002744e-7,-2.078064123610643e-5
56.71,2.76969541748578e-7,-2.0801107440478595e-5
56.72,3.310528355057762e-7,-2.082072827758357e-5
56.73,3.850514182138328e-7,-2.0839504604290737e-5
56.74,4.38962875751498e-7,-2.085743730887522e-5
56.75,4.927848017312626e-7,-2.0874527310924096e-5
56.76,5.465147975972092e-7,-2.0890775561239858e-5
56.77,6.001504727208777e-7,-2.0906183041744474e-5
56.78,6.536894444976545e-7,-2.092075076538131e-5
56.79,7.071293384421734e-7,-2.093447977601633e-5
56.8,7.604677882831849e-7,-2.0947371148338277e-5
56.81,8.137024360585274e-7,-2.0959425987758177e-5
56.82,8.668309322083259e-7,-2.0970645430306908e-5
56.83,9.198509356689976e-7,-2.0981030642533037e-5
56.84,9.727601139658203e-7,-2.0990582821397915e-5
56.85,1.0255561433054395e-6,-2.0999303194172185e-5
56.86,1.078236708667357e-6,-2.100719301832855e-5
56.87,1.130799503895441e-6,-2.101425358143568e-5
56.88,1.183242231788563e-6,-2.102048620105024e-5
56.89,1.2355626041906844e-6,-2.1025892224607865e-5
56.9,1.287758342080198e-6,-2.1030473029313243e-5
56.91,1.339827175659252e-6,-2.103423002202982e-5
56.92,1.391766844442457e-6,-2.103716463916785e-5
56.93,1.4435750973438386e-6,-2.1039278346571316e-5
56.94,1.4952496927651388e-6,-2.1040572639404565e-5
56.95,1.5467883986818918e-6,-2.1041049042038074e-5
56.96,1.598188992730221e-6,-2.1040709107932253e-5
56.97,1.64944926229143e-6,-2.1039554419521607e-5
56.98,1.7005670045782285e-6,-2.1037586588096888e-5
56.99,1.7515400267184318e-6,-2.1034807253687286e-5
57.0,1.8023661458387335e-6,-2.1031218084940476e-5
57.01,1.8530431891483404e-6,-2.1026820779003538e-5
57.02,1.9035689940215244e-6,-2.1021617061400844e-5
57.03,1.9539414080793533e-6,-2.1015608685913255e-5
57.04,2.004158289271946e-6,-2.10087974344544e-5
57.05,2.054217505958139e-6,-2.100118511694767e-5
57.06,2.1041169369871592e-6,-2.0992773571201326e-5
57.07,2.153854471777196e-6,-2.098356466278334e-5
57.08,2.203428010394908e-6,-2.097356028489488e-5
57.09,2.252835463633984e-6,-2.096276235824368e-5
57.1,2.3020747530927198e-6,-2.0951172830915303e-5
57.11,2.35114381125132e-6,-2.093879367824534e-5
57.12,2.400040581548761e-6,-2.0925626902688985e-5
57.13,2.448763018458303e-6,-2.0911674533691042e-5
57.14,2.497309087563248e-6,-2.0896938627554405e-5
57.15,2.5456767656314596e-6,-2.0881421267308366e-5
57.16,2.5938640406899247e-6,-2.0865124562575126e-5
57.17,2.641868912097734e-6,-2.084805064943676e-5
57.18,2.6896893906188204e-6,-2.0830201690300456e-5
57.19,2.737323498494968e-6,-2.0811579873763418e-5
57.2,2.784769269516545e-6,-2.0792187414476354e-5
57.21,2.8320247490943388e-6,-2.077202655300737e-5
57.22,2.87908799432896e-6,-2.0751099555704048e-5
57.23,2.9259570740811965e-6,-2.072940871455524e-5
57.24,2.9726300690408776e-6,-2.0706956347051753e-5
57.25,3.019105071794589e-6,-2.068374479604699e-5
57.26,3.0653801868951853e-6,-2.065977642961597e-5
57.27,3.1114535309269234e-6,-2.0635053640914303e-5
57.28,3.157323232572847e-6,-2.0609578848036366e-5
57.29,3.2029874326807255e-6,-2.058335449387207e-5
57.3,3.248444284327604e-6,-2.055638304596395e-5
57.31,3.293691952885134e-6,-2.052866699636272e-5
57.32,3.338728616082454e-6,-2.0500208861482895e-5
57.33,3.3835524640699184e-6,-2.047101118195663e-5
57.34,3.428161699481809e-6,-2.0441076522488222e-5
57.35,3.472554537497272e-6,-2.04104074717068e-5
57.36,3.5167292059028504e-6,-2.037900664201907e-5
57.37,3.5606839451517143e-6,-2.0346876669461053e-5
57.38,3.6044170084243373e-6,-2.0314020213549204e-5
57.39,3.6479266616870647e-6,-2.0280439957131004e-5
57.4,3.6912111837514393e-6,-2.0246138606234924e-5
57.41,3.7342688663309657e-6,-2.0211118889919628e-5
57.42,3.777098014099626e-6,-2.0175383560122712e-5
57.43,3.819696944746599e-6,-2.0138935391508505e-5
57.44,3.862063989034592e-6,-2.010177718131554e-5
57.45,3.90419749085168e-6,-2.0063911749203765e-5
57.46,3.946095807268761e-6,-2.00253419371002e-5
57.47,3.987757308591842e-6,-1.998607060904502e-5
57.48,4.0291803784152825e-6,-1.9946100651036396e-5
57.49,4.0703634136744985e-6,-1.9905434970875026e-5
57.5,4.111304824697479e-6,-1.9864076498008094e-5
57.51,4.152003035255888e-6,-1.982202818337268e-5
57.52,4.1924564826157205e-6,-1.977929299923813e-5
57.53,4.232663617585881e-6,-1.973587393904941e-5
57.54,4.27262290456908e-6,-1.969177401726746e-5
57.55,4.312332821608203e-6,-1.9646996269211407e-5
57.56,4.35179186043519e-6,-1.9601543750899003e-5
57.57,4.390998526517116e-6,-1.9555419538886567e-5
57.58,4.42995133910311e-6,-1.950862673010894e-5
57.59,4.468648831269546e-6,-1.9461168441718356e-5
57.6,4.507089549964652e-6,-1.9413047810923567e-5
57.61,4.545272056053267e-6,-1.9364267994827488e-5
57.62,4.583194924359201e-6,-1.931483217026522e-5
57.63,4.620856743710748e-6,-1.9264743533641683e-5
57.64,4.65825611697763e-6,-1.921400530076741e-5
57.65,4.6953916611176555e-6,-1.916262070669557e-5
57.66,4.732262007214346e-6,-1.9110593005558068e-5
57.67,4.768865800517963e-6,-1.9057925470400317e-5
57.68,4.805201700484374e-6,-1.9004621393016618e-5
57.69,4.841268380813716e-6,-1.8950684083784726e-5
57.7,4.877064529488358e-6,-1.8896116871499952e-5
57.71,4.9125888488097495e-6,-1.8840923103208993e-5
57.72,4.947840055435654e-6,-1.8785106144043235e-5
57.73,4.982816880414639e-6,-1.8728669377051588e-5
57.74,5.017518069222286e-6,-1.8671616203033082e-5
57.75,5.0519423817950965e-6,-1.8613950040369422e-5
57.76,5.086088592563884e-6,-1.85556743248563e-5
57.77,5.119955490487456e-6,-1.8496792509534838e-5
57.78,5.153541879083542e-6,-1.843730806452332e-5
57.79,5.186846576462003e-6,-1.8377224476847098e-5
57.8,5.219868415354413e-6,-1.8316545250269338e-5
57.81,5.252606243144569e-6,-1.8255273905121332e-5
57.82,5.285058921898018e-6,-1.8193413978131645e-5
57.83,5.317225328390603e-6,-1.8130969022255894e-5
57.84,5.349104354136717e-6,-1.8067942606506e-5
57.85,5.380694905416481e-6,-1.800433831577838e-5
57.86,5.4119959033018335e-6,-1.7940159750682874e-5
57.87,5.443006283683637e-6,-1.7875410527370833e-5
57.88,5.473724997295541e-6,-1.7810094277362857e-5
57.89,5.5041510097393024e-6,-1.774421464737675e-5
57.9,5.534283301508415e-6,-1.7677775299154314e-5
57.91,5.564120868011125e-6,-1.7610779909289107e-5
57.92,5.593662719592749e-6,-1.7543232169052573e-5
57.93,5.6229078815571665e-6,-1.7475135784221314e-5
57.94,5.65185539418835e-6,-1.7406494474902842e-5
57.95,5.680504312770147e-6,-1.7337311975361784e-5
57.96,5.708853707605835e-6,-1.7267592033846358e-5
57.97,5.736902664037398e-6,-1.719733841241303e-5
57.98,5.7646502824632134e-6,-1.7126554886752796e-5
57.99,5.792095678355732e-6,-1.705524524601588e-5
58.0,5.81923798227816e-6,-1.6983413292637384e-5
58.01,5.8460763399006184e-6,-1.691106284216133e-5
58.02,5.872609912015373e-6,-1.6838197723065707e-5
58.03,5.898837874551323e-6,-1.6764821776587507e-5
58.04,5.924759418588378e-6,-1.6690938856546056e-5
58.05,5.950373750370384e-6,-1.6616552829167845e-5
58.06,5.97568009131752e-6,-1.654166757291036e-5
58.07,6.000677678038638e-6,-1.6466286978285978e-5
58.08,6.02536576234207e-6,-1.6390414947685554e-5
58.09,6.049743611245814e-6,-1.63140553952021e-5
58.1,6.073810506988472e-6,-1.623721224645444e-5
58.11,6.097565747036175e-6,-1.6159889438410234e-5
58.12,6.121008644093397e-6,-1.608209091920945e-5
58.13,6.144138526108711e-6,-1.6003820647987173e-5
58.14,6.166954736282843e-6,-1.5925082594697477e-5
58.15,6.1894566330747425e-6,-1.5845880739935052e-5
58.16,6.211643590206269e-6,-1.5766219074759464e-5
58.17,6.233514996668937e-6,-1.5686101600516783e-5
58.18,6.255070256726133e-6,-1.560553232866342e-5
58.19,6.276308789918774e-6,-1.5524515280587475e-5
58.2,6.297230031065358e-6,-1.5443054487432674e-5
58.21,6.317833430266693e-6,-1.5361153989920307e-5
58.22,6.338118452906299e-6,-1.527881783817169e-5
58.23,6.358084579650727e-6,-1.5196050091530609e-5
58.24,6.377731306450806e-6,-1.5112854818386306e-5
58.25,6.397058144539738e-6,-1.5029236095995662e-5
58.26,6.416064620433112e-6,-1.494519801030526e-5
58.27,6.434750275925775e-6,-1.4860744655774453e-5
58.28,6.453114668090156e-6,-1.4775880135197477e-5
58.29,6.471157369272401e-6,-1.4690608559526053e-5
58.3,6.488877967088389e-6,-1.4604934047691573e-5
58.31,6.506276064419435e-6,-1.4518860726428246e-5
58.32,6.523351279406656e-6,-1.443239273009473e-5
58.33,6.540103245445121e-6,-1.4345534200497725e-5
58.34,6.556531611176819e-6,-1.4258289286713716e-5
58.35,6.572636040483823e-6,-1.4170662144912134e-5
58.36,6.5884162124800765e-6,-1.4082656938178095e-5
58.37,6.603871821502344e-6,-1.3994277836335126e-5
58.38,6.619002577101711e-6,-1.390552901576737e-5
58.39,6.633808204032344e-6,-1.3816414659244254e-5
58.4,6.648288442241928e-6,-1.3726938955741636e-5
58.41,6.662443046859754e-6,-1.3637106100266283e-5
58.42,6.6762717881852e-6,-1.3546920293678204e-5
58.43,6.689774451674203e-6,-1.3456385742514817e-5
58.44,6.702950837926657e-6,-1.3365506658813652e-5
58.45,6.715800762672824e-6,-1.3274287259936531e-5
58.46,6.728324056757196e-6,-1.3182731768393024e-5
58.47,6.740520566125049e-6,-1.3090844411664283e-5
58.48,6.752390151804987e-6,-1.2998629422027089e-5
58.49,6.7639326898936495e-6,-1.2906091036377828e-5
58.5,6.775148071537388e-6,-1.2813233496057502e-5
58.51,6.7860362029153315e-6,-1.272006104667489e-5
58.52,6.796597005219964e-6,-1.2626577937932609e-5
58.53,6.806830414639393e-6,-1.2532788423450668e-5
58.54,6.816736382335786e-6,-1.2438696760592514e-5
58.55,6.826314874426077e-6,-1.2344307210289274e-5
58.56,6.835565871961102e-6,-1.2249624036865838e-5
58.57,6.844489370902853e-6,-1.2154651507866203e-5
58.58,6.8530853821032755e-6,-1.205939389387901e-5
58.59,6.861353931280857e-6,-1.1963855468363818e-5
58.6,6.869295058996826e-6,-1.1868040507477403e-5
58.61,6.876908820631417e-6,-1.1771953289899676e-5
58.62,6.8841952863588075e-6,-1.1675598096661127e-5
58.63,6.891154541121647e-6,-1.157897921096878e-5
58.64,6.897786684604999e-6,-1.1482100918034727e-5
58.65,6.904091831209718e-6,-1.1384967504901906e-5
58.66,6.9100701100265e-6,-1.1287583260273533e-5
58.67,6.9157216648044165e-6,-1.1189952474338954e-5
58.68,6.921046653926185e-6,-1.1092079438604125e-5
58.69,6.9260452503773454e-6,-1.0993968445718263e-5
58.7,6.9307176417166326e-6,-1.0895623789303783e-5
58.71,6.93506403004589e-6,-1.0797049763784746e-5
58.72,6.939084631978972e-6,-1.0698250664216793e-5
58.73,6.942779678610415e-6,-1.0599230786116002e-5
58.74,6.946149415483217e-6,-1.0499994425289583e-5
58.75,6.9491941025562324e-6,-1.0400545877665998e-5
58.76,6.951914014170488e-6,-1.030088943912538e-5
58.77,6.954309439016062e-6,-1.0201029405330616e-5
58.78,6.956380680096809e-6,-1.0100970071558853e-5
58.79,6.9581280546959975e-6,-1.00007157325325e-5
58.8,6.959551894340023e-6,-9.900270682251968e-6
58.81,6.960652544762738e-6,-9.799639213827398e-6
58.82,6.9614303658685864e-6,-9.698825619311947e-6
58.83,6.961885731694895e-6,-9.597834189533743e-6
58.84,6.962019030374119e-6,-9.496669213930584e-6
58.85,6.9618306640955684e-6,-9.395334980383244e-6
58.86,6.961321049066393e-6,-9.29383577504895e-6
58.87,6.96049061547123e-6,-9.192175882197191e-6
58.88,6.959339807432874e-6,-9.090359584043654e-6
58.89,6.957869082971388e-6,-8.988391160585946e-6
58.9,6.956078913962073e-6,-8.886274889439766e-6
58.91,6.953969786094664e-6,-8.784015045674245e-6
58.92,6.951542198830137e-6,-8.681615901648892e-6
58.93,6.948796665358327e-6,-8.579081726851261e-6
58.94,6.945733712554034e-6,-8.476416787733315e-6
58.95,6.942353880933036e-6,-8.373625347549772e-6
58.96,6.9386577246079195e-6,-8.270711666196714e-6
58.97,6.934645811242504e-6,-8.167680000049972e-6
58.98,6.930318722006346e-6,-8.064534601804163e-6
58.99,6.925677051528881e-6,-7.961279720312826e-6
59.0,6.920721407852208e-6,-7.857919600428487e-6
59.01,6.91545241238441e-6,-7.754458482842841e-6
59.02,6.909870699851289e-6,-7.650900603927923e-6
59.03,6.9039769182487505e-6,-7.5472501955782605e-6
59.04,6.897771728793405e-6,-7.443511485052045e-6
59.05,6.891255805873399e-6,-7.339688694814131e-6
59.06,6.884429836999614e-6,-7.235786042378967e-6
59.07,6.877294522753633e-6,-7.13180774015412e-6
59.08,6.869850576738374e-6,-7.027757995284072e-6
59.09,6.862098725526095e-6,-6.9236410094948325e-6
59.1,6.854039708607013e-6,-6.819460978939571e-6
59.11,6.845674278336706e-6,-6.715222094042988e-6
59.12,6.8370031998832125e-6,-6.6109285393485125e-6
59.13,6.828027251174834e-6,-6.506584493363867e-6
59.14,6.8187472228444495e-6,-6.402194128409559e-6
59.15,6.809163918177262e-6,-6.297761610465166e-6
59.16,6.79927815305473e-6,-6.193291099018531e-6
59.17,6.7890907559000966e-6,-6.088786746913948e-6
59.18,6.778602567622778e-6,-5.984252700202071e-6
59.19,6.767814441561583e-6,-5.879693097989204e-6
59.2,6.7567272434287874e-6,-5.775112072288009e-6
59.21,6.74534185125292e-6,-5.670513747868909e-6
59.22,6.733659155321042e-6,-5.565902242110971e-6
59.23,6.7216800581211e-6,-5.461281664854713e-6
59.24,6.709405474283052e-6,-5.356656118254497e-6
59.25,6.696836330520813e-6,-5.252029696632037e-6
59.26,6.683973565572219e-6,-5.147406486330394e-6
59.27,6.670818130139133e-6,-5.042790565568303e-6
59.28,6.657370986828471e-6,-4.938186004295668e-6
59.29,6.6436331100899806e-6,-4.833596864049133e-6
59.3,6.629605486156486e-6,-4.729027197808088e-6
59.31,6.6152891129815785e-6,-4.624481049852442e-6
59.32,6.600685000178185e-6,-4.519962455619593e-6
59.33,6.585794168956079e-6,-4.41547544156311e-6
59.34,6.570617652058998e-6,-4.3110240250106516e-6
59.35,6.555156493701797e-6,-4.206612214025179e-6
59.36,6.539411749506504e-6,-4.1022440072634285e-6
59.37,6.523384486438788e-6,-3.997923393837432e-6
59.38,6.507075782743238e-6,-3.893654353175774e-6
59.39,6.490486727878558e-6,-3.7894408548861907e-6
59.4,6.473618422452434e-6,-3.6852868586174824e-6
59.41,6.456471978156367e-6,-3.5811963139232542e-6
59.42,6.439048517699068e-6,-3.4771731601260635e-6
59.43,6.421349174740348e-6,-3.373221326182331e-6
59.44,6.403375093824688e-6,-3.269344730547199e-6
59.45,6.385127430313709e-6,-3.1655472810409336e-6
59.46,6.366607350318801e-6,-3.0618328747159623e-6
59.47,6.347816030633443e-6,-2.9582053977235024e-6
59.48,6.3287546586645735e-6,-2.8546687251825694e-6
59.49,6.309424432364469e-6,-2.751226721048186e-6
59.5,6.289826560161347e-6,-2.6478832379812857e-6
59.51,6.269962260890448e-6,-2.544642117218722e-6
59.52,6.24983276372408e-6,-2.4415071884440452e-6
59.53,6.229439308101509e-6,-2.3384822696596698e-6
59.54,6.208783143659043e-6,-2.2355711670585375e-6
59.55,6.187865530158922e-6,-2.1327776748977036e-6
59.56,6.166687737418088e-6,-2.0301055753714653e-6
59.57,6.145251045237415e-6,-1.9275586384869517e-6
59.58,6.123556743329528e-6,-1.825140621938319e-6
59.59,6.101606131246349e-6,-1.7228552709828286e-6
59.6,6.079400518309037e-6,-1.6207063183182619e-6
59.61,6.05694122353075e-6,-1.5186974839593781e-6
59.62,6.034229575548475e-6,-1.4168324751168062e-6
59.63,6.011266912546412e-6,-1.3151149860753515e-6
59.64,5.9880545821841756e-6,-1.213548698074379e-6
59.65,5.964593941521895e-6,-1.1121372791875294e-6
59.66,5.9408863569459454e-6,-1.0108843842040187e-6
59.67,5.916933204095424e-6,-9.097936545108058e-7
59.68,5.892735867785505e-6,-8.088687179752167e-7
59.69,5.868295741934364e-6,-7.081131888280893e-7
59.7,5.8436142294858235e-6,-6.075306675480928e-7
59.71,5.818692742335234e-6,-5.071247407470018e-7
59.72,5.793532701252522e-6,-4.0689898105484637e-7
59.73,5.768135535806287e-6,-3.0685694700689323e-7
59.74,5.742502684286803e-6,-2.0700218293083557e-7
59.75,5.716635593630115e-6,-1.0733821883481753e-7
59.76,5.690535719340123e-6,-7.868570296329936e-9
59.77,5.664204525411353e-6,9.140326164843934e-8
59.78,5.637643484252094e-6,1.9047379061349593e-7
59.79,5.610854076605577e-6,2.893395449726108e-7
59.8,5.583837791472236e-6,3.8799706796671657e-7
59.81,5.556596126031859e-6,4.864429178113702e-7
59.82,5.5291305855640685e-6,5.846736678030002e-7
59.83,5.501442683370483e-6,6.82685906424373e-7
59.84,5.473533940694791e-6,7.8047623745006e-7
59.85,5.4454058866442126e-6,8.780412800491466e-7
59.86,5.417060058109287e-6,9.753776688896178e-7
59.87,5.38849799968433e-6,1.0724820542398745e-6
59.88,5.359721263588537e-6,1.1693511020709153e-6
59.89,5.330731409583757e-6,1.2659814941561294e-6
59.9,5.30153000489562e-6,1.3623699281720587e-6
59.91,5.272118624132941e-6,1.4585131177970922e-6
59.92,5.242498849205891e-6,1.5544077928096273e-6
59.93,5.212672269246251e-6,1.6500506991854154e-6
59.94,5.182640480525215e-6,1.7454385991944792e-6
59.95,5.152405086372454e-6,1.8405682714966444e-6
59.96,5.121967697094756e-6,1.9354365112360364e-6
59.97,5.091329929893677e-6,2.030040130135894e-6
59.98,5.060493408784072e-6,2.1243759565914407e-6
59.99,5.029459764511988e-6,2.218440835762049e-6
60.0,4.998230634471977e-6,2.3122316296628765e-6
60.01,4.966807662625058e-6,2.4057452172560946e-6
60.02,4.935192499415882e-6,2.498978494539938e-6
60.03,4.90338680168989e-6,2.5919283746380245e-6
60.04,4.8713922326109024e-6,2.6845917878877783e-6
60.05,4.83921046157695e-6,2.7769656819273615e-6
60.06,4.806843164139002e-6,2.869047021782296e-6
60.07,4.774292021913175e-6,2.9608327899506093e-6
60.08,4.741558722504684e-6,3.0523199864884325e-6
60.09,4.708644959416564e-6,3.1435056290930055e-6
60.1,4.675552431970667e-6,3.2343867531862414e-6
60.11,4.64228284522126e-6,3.324960411996391e-6
60.12,4.608837909872263e-6,3.4152236766395864e-6
60.13,4.575219342192828e-6,3.5051736362004656e-6
60.14,4.541428863932568e-6,3.5948073978111386e-6
60.15,4.507468202237952e-6,3.6841220867302884e-6
60.16,4.47333908956699e-6,3.773114846421009e-6
60.17,4.439043263604986e-6,3.861782838627246e-6
60.18,4.4045824671798126e-6,3.950123243450349e-6
60.19,4.369958448176793e-6,4.03813325942404e-6
60.2,4.335172959454673e-6,4.125810103588728e-6
60.21,4.300227758759232e-6,4.213151011564875e-6
60.22,4.265124608639228e-6,4.300153237625508e-6
60.23,4.229865276360905e-6,4.3868140547681145e-6
60.24,4.1944515338228e-6,4.473130754785257e-6
60.25,4.158885157469952e-6,4.559100648334119e-6
60.26,4.123167928209411e-6,4.644721065006448e-6
60.27,4.087301631323487e-6,4.729989353395617e-6
60.28,4.051288056385817e-6,4.81490288116445e-6
60.29,4.015128997174157e-6,4.899459035111742e-6
60.3,3.9788262515858744e-6,4.983655221236983e-6
60.31,3.9423816215514175e-6,5.067488864806149e-6
60.32,3.905796912949349e-6,5.1509574104137356e-6
60.33,3.869073935519851e-6,5.234058322047098e-6
60.34,3.8322145027800096e-6,5.316789083147843e-6
60.35,3.795220431934383e-6,5.399147196672016e-6
60.36,3.758093543795871e-6,5.4811301851518294e-6
60.37,3.7208356626927857e-6,5.562735590753524e-6
60.38,3.683448616386448e-6,5.643960975336409e-6
60.39,3.645934235985175e-6,5.724803920509969e-6
60.4,3.608294355856763e-6,5.805262027690705e-6
60.41,3.5705308135439364e-6,5.88533291815756e-6
60.42,3.5326454496774577e-6,5.965014233106813e-6
60.43,3.4946401078904322e-6,6.044303633705897e-6
60.44,3.4565166347321285e-6,6.123198801146343e-6
60.45,3.4182768795819456e-6,6.201697436695898e-6
60.46,3.3799226945636043e-6,6.279797261749731e-6
60.47,3.341455934458691e-6,6.357496017880556e-6
60.48,3.3028784566208556e-6,6.434791466888265e-6
60.49,3.2641921208900574e-6,6.51168139084822e-6
60.5,3.225398789506361e-6,6.588163592158856e-6
60.51,3.186500327023654e-6,6.66423589358843e-6
60.52,3.1474986002242735e-6,6.739896138320792e-6
60.53,3.1083954780328535e-6,6.815142190000255e-6
60.54,3.0691928314304216e-6,6.889971932775557e-6
60.55,3.0298925333686024e-6,6.96438327134312e-6
60.56,2.9904964586839635e-6,7.038374130989004e-6
60.57,2.9510064840119123e-6,7.111942457630324e-6
60.58,2.9114244877016768e-6,7.185086217855749e-6
60.59,2.871752349729785e-6,7.2578033989649595e-6
60.6,2.8319919516152257e-6,7.33009200900679e-6
60.61,2.7921451763335903e-6,7.40195007681794e-6
60.62,2.7522139082323667e-6,7.473375652058799e-6
60.63,2.7122000329425674e-6,7.544366805250017e-6
60.64,2.672105437298835e-6,7.614921627806848e-6
60.65,2.631932009248975e-6,7.68503823207391e-6
60.66,2.591681637771506e-6,7.754714751358388e-6
60.67,2.551356212790049e-6,7.823949339961688e-6
60.68,2.510957625088023e-6,7.892740173211727e-6
60.69,2.470487766224312e-6,7.961085447492854e-6
60.7,2.4299485284475155e-6,8.028983380275773e-6
60.71,2.389341804612575e-6,8.096432210146177e-6
60.72,2.348669488094783e-6,8.163430196832826e-6
60.73,2.3079334727061276e-6,8.229975621234047e-6
60.74,2.267135652610748e-6,8.296066785444567e-6
60.75,2.226277922240465e-6,8.361702012779657e-6
60.76,2.185362176210554e-6,8.426879647800469e-6
60.77,2.144390309236026e-6,8.49159805633684e-6
60.78,2.1033642160472944e-6,8.555855625509819e-6
60.79,2.0622857913065336e-6,8.619650763753477e-6
60.8,2.0211569295241137e-6,8.682981900835834e-6
60.81,1.9799795249745626e-6,8.745847487877991e-6
60.82,1.9387554716144164e-6,8.808245997374027e-6
60.83,1.8974866629968559e-6,8.870175923208238e-6
60.84,1.8561749921902767e-6,8.931635780673101e-6
60.85,1.8148223516948987e-6,8.992624106485015e-6
60.86,1.773430633359388e-6,9.053139458799838e-6
60.87,1.73200172829886e-6,9.113180417227852e-6
60.88,1.6905375268116616e-6,9.172745582846984e-6
60.89,1.6490399182977958e-6,9.231833578215763e-6
60.9,1.6075107911758294e-6,9.290443047385208e-6
60.91,1.5659520328013361e-6,9.348572655910016e-6
60.92,1.524365529385042e-6,9.406221090858733e-6
60.93,1.4827531659110812e-6,9.463387060822815e-6
60.94,1.4411168260552235e-6,9.520069295925157e-6
60.95,1.3994583921039226e-6,9.576266547828158e-6
60.96,1.3577797448719842e-6,9.631977589739214e-6
60.97,1.3160827636237977e-6,9.68720121641809e-6
60.98,1.274369325990538e-6,9.741936244180785e-6
60.99,1.2326413078900475e-6,9.796181510903778e-6
61.0,1.1909005834471633e-6,9.849935876027738e-6
61.01,1.1491490249123937e-6,9.903198220559476e-6
61.02,1.107388502582682e-6,9.955967447073426e-6
61.03,1.0656208847216168e-6,1.000824247971284e-5
61.04,1.0238480374791552e-6,1.006002226418879e-5
61.05,9.820718248128263e-7,1.0111305767779753e-5
61.06,9.402941084084427e-7,1.016209197932969e-5
61.07,8.985167476007809e-7,1.0212379909244466e-5
61.08,8.567415992958237e-7,1.0262168589489417e-5
61.09,8.14970517891074e-7,1.031145707358467e-5
61.1,7.732053551969826e-7,1.036024443659795e-5
61.11,7.314479603614605e-7,1.0408529775142066e-5
61.12,6.897001797887615e-7,1.045631220736455e-5
61.13,6.479638570639801e-7,1.0503590872941525e-5
61.14,6.062408328749552e-7,1.0550364933068677e-5
61.15,5.645329449351144e-7,1.0596633570451618e-5
61.16,5.228420279072415e-7,1.0642395989295823e-5
61.17,4.811699133258257e-7,1.0687651415295277e-5
61.18,4.395184295217453e-7,1.0732399095620606e-5
61.19,3.9788940154548606e-7,1.077663829890598e-5
61.2,3.5628465109125917e-7,1.0820368315235954e-5
61.21,3.1470599642208e-7,1.0863588456130475e-5
61.22,2.731552522935169e-7,1.0906298054529898e-5
61.23,2.3163422987951545e-7,1.0948496464778856e-5
61.24,1.9014473669651205e-7,1.0990183062609218e-5
61.25,1.4868857653022363e-7,1.103135724512247e-5
61.26,1.0726754936024216e-7,1.107201843077097e-5
61.27,6.588345128654159e-8,1.111216605933875e-5
61.28,2.4538074455973388e-8,1.115179959192135e-5
61.29,-1.676679301158574e-8,1.1190918510904921e-5
61.3,-5.802936709596872e-8,1.1229522319944072e-5
61.31,-9.924786795000552e-8,1.1267610543939635e-5
61.32,-1.4042051997160694e-7,1.130518272901539e-5
61.33,-1.815455518765568e-7,1.1342238442493217e-5
61.34,-2.2262119677000093e-7,1.1378777272869044e-5
61.35,-2.636456922180416e-7,1.1414798829786515e-5
61.36,-3.0461728031998175e-7,1.1450302744010403e-5
61.37,-3.4553420777830884e-7,1.1485288667399611e-5
61.38,-3.863947259701599e-7,1.1519756272879127e-5
61.39,-4.271970910171126e-7,1.155370525441043e-5
61.4,-4.6793956385635735e-7,1.1587135326962604e-5
61.41,-5.086204103095025e-7,1.162004622648152e-5
61.42,-5.492379011527607e-7,1.1652437709858653e-5
61.43,-5.897903121853889e-7,1.1684309554899302e-5
61.44,-6.302759242994812e-7,1.1715661560289325e-5
61.45,-6.706930235478292e-7,1.1746493545562425e-5
61.46,-7.110399012125276e-7,1.1776805351065006e-5
61.47,-7.513148538725172e-7,1.1806596837921765e-5
61.48,-7.915161834714565e-7,1.1835867887999682e-5
61.49,-8.316421973846386e-7,1.186461840387146e-5
61.5,-8.71691208486139e-7,1.1892848308778228e-5
61.51,-9.116615352152229e-7,1.192055754659164e-5
61.52,-9.515515016426964e-7,1.1947746081774897e-5
61.53,-9.913594375363066e-7,1.197441389934339e-5
61.54,-1.0310836784269667e-6,1.2000561004824498e-5
61.55,-1.0707225656734134e-6,1.2026187424216273e-5
61.56,-1.1102744465270762e-6,1.2051293203946133e-5
61.57,-1.149737674196555e-6,1.2075878410828154e-5
61.58,-1.1891106079119265e-6,1.209994313201988e-5
61.59,-1.2283916129882384e-6,1.2123487474978622e-5
61.6,-1.2675790608891711e-6,1.2146511567416665e-5
61.61,-1.3066713292895557e-6,1.2169015557256097e-5
61.62,-1.3456668021387586e-6,1.219099961258276e-5
61.63,-1.3845638697222861e-6,1.2212463921599093e-5
61.64,-1.4233609287241144e-6,1.223340869257731e-5
61.65,-1.4620563822881556e-6,1.2253834153810847e-5
61.66,-1.5006486400794105e-6,1.227374055356576e-5
61.67,-1.5391361183448444e-6,1.2293128160030722e-5
61.68,-1.5775172399735948e-6,1.2311997261267177e-5
61.69,-1.6157904345572603e-6,1.2330348165158573e-5
61.7,-1.6539541384497364e-6,1.2348181199358152e-5
61.71,-1.6920067948257893e-6,1.2365496711237085e-5
61.72,-1.7299468537409283e-6,1.2382295067831374e-5
61.73,-1.7677727721890111e-6,1.23985766557883e-5
61.74,-1.8054830141611473e-6,1.2414341881311826e-5
61.75,-1.8430760507027616e-6,1.2429591170108027e-5
61.76,-1.8805503599715077e-6,1.2444324967328893e-5
61.77,-1.917904427293703e-6,1.245854373751661e-5
61.78,-1.955136745221499e-6,1.2472247964546017e-5
61.79,-1.99224581358823e-6,1.2485438151567357e-5
61.8,-2.029230139564784e-6,1.2498114820947807e-5
61.81,-2.066088237715063e-6,1.2510278514212714e-5
61.82,-2.102818630050012e-6,1.2521929791985718e-5
61.83,-2.1394198460835086e-6,1.2533069233928945e-5
61.84,-2.175890422885138e-6,1.2543697438681816e-5
61.85,-2.2122289051349687e-6,1.255381502379985e-5
61.86,-2.2484338451764893e-6,1.2563422625692045e-5
61.87,-2.284503803068932e-6,1.2572520899558809e-5
61.88,-2.320437346641016e-6,1.2581110519328358e-5
61.89,-2.356233051541805e-6,1.258919217759233e-5
61.9,-2.3918895012931037e-6,1.2596766585541735e-5
61.91,-2.4274052873404146e-6,1.2603834472901577e-5
61.92,-2.4627790091036298e-6,1.2610396587865153e-5
61.93,-2.4980092740277658e-6,1.261645369702712e-5
61.94,-2.533094697632755e-6,1.2622006585317224e-5
61.95,-2.568033903562728e-6,1.2627056055932307e-5
61.96,-2.6028255236358073e-6,1.2631602930268046e-5
61.97,-2.637468197891892e-6,1.2635648047850437e-5
61.98,-2.6719605746417472e-6,1.2639192266266244e-5
61.99,-2.706301310514338e-6,1.2642236461093165e-5
62.0,-2.740489070504403e-6,1.2644781525829029e-5
62.01,-2.774522528019304e-6,1.2646828371821305e-5
62.02,-2.8084003649257284e-6,1.264837792819474e-5
62.03,-2.842121271595709e-6,1.2649431141779384e-5
62.04,-2.875683946951661e-6,1.264998897703907e-5
62.05,-2.9090870985132213e-6,1.2650052415995034e-5
62.06,-2.9423294424401823e-6,1.264962245815495e-5
62.07,-2.975409703577617e-6,1.2648700120437907e-5
62.08,-3.0083266155001045e-6,1.2647286437098029e-5
62.09,-3.0410789205546793e-6,1.2645382459650428e-5
62.1,-3.0736653699038608e-6,1.2642989256794485e-5
62.11,-3.1060847235683163e-6,1.2640107914337638e-5
62.12,-3.1383357504691232e-6,1.2636739535117586e-5
62.13,-3.1704172284688086e-6,1.2632885238925815e-5
62.14,-3.202327944413594e-6,1.2628546162428148e-5
62.15,-3.2340666941729584e-6,1.2623723459086984e-5
62.16,-3.265632282680822e-6,1.2618418299081754e-5
62.17,-3.2970235239750885e-6,1.2612631869229466e-5
62.18,-3.3282392412368724e-6,1.2606365372903859e-5
62.19,-3.3592782668297716e-6,1.2599620029955901e-5
62.2,-3.3901394423377634e-6,1.2592397076631625e-5
62.21,-3.4208216186039317e-6,1.2584697765490685e-5
62.22,-3.451323655767691e-6,1.2576523365324582e-5
62.23,-3.4816444233018285e-6,1.256787516107333e-5
62.24,-3.5117828000490706e-6,1.2558754453743151e-5
62.25,-3.541737674258713e-6,1.2549162560322253e-5
62.26,-3.571507943621782e-6,1.2539100813697234e-5
62.27,-3.6010925153065804e-6,1.252857056256823e-5
62.28,-3.6304903059935486e-6,1.251757317136403e-5
62.29,-3.65970024190932e-6,1.2506110020156883e-5
62.3,-3.688721258860764e-6,1.2494182504576182e-5
62.31,-3.717552302268397e-6,1.2481792035722742e-5
62.32,-3.746192327199191e-6,1.2468940040080836e-5
62.33,-3.774640298399121e-6,1.2455627959433008e-5
62.34,-3.802895190325346e-6,1.2441857250770324e-5
62.35,-3.830955987177079e-6,1.2427629386205538e-5
62.36,-3.85882168292736e-6,1.241294585288433e-5
62.37,-3.8864912813534465e-6,1.2397808152896156e-5
62.38,-3.913963796066505e-6,1.238221780318504e-5
62.39,-3.9412382505419386e-6,1.2366176335460051e-5
62.4,-3.968313678147853e-6,1.2349685296104714e-5
62.41,-3.995189122174334e-6,1.2332746246087165e-5
62.42,-4.021863635861384e-6,1.231536076086817e-5
62.43,-4.048336282426445e-6,1.2297530430310517e-5
62.44,-4.07460613509251e-6,1.2279256858587269e-5
62.45,-4.100672277113704e-6,1.2260541664089299e-5
62.46,-4.126533801802669e-6,1.2241386479332848e-5
62.47,-4.152189812555736e-6,1.2221792950866891e-5
62.48,-4.1776394228788345e-6,1.2201762739179558e-5
62.49,-4.202881756411683e-6,1.2181297518604819e-5
62.5,-4.2279159469531575e-6,1.216039897722843e-5
62.51,-4.252741138484359e-6,1.213906881679249e-5
62.52,-4.2773564851923946e-6,1.2117308752603368e-5
62.53,-4.301761151493667e-6,1.2095120513433895e-5
62.54,-4.325954312055848e-6,1.2072505841429515e-5
62.55,-4.3499351518203165e-6,1.2049466492011761e-5
62.56,-4.373702866023667e-6,1.2026004233782914e-5
62.57,-4.397256660218349e-6,1.2002120848428935e-5
62.58,-4.420595750293964e-6,1.1977818130623207e-5
62.59,-4.443719362496914e-6,1.1953097887929071e-5
62.6,-4.466626733449694e-6,1.1927961940702885e-5
62.61,-4.489317110171271e-6,1.190241212199585e-5
62.62,-4.511789750094538e-6,1.1876450277456401e-5
62.63,-4.534043921085169e-6,1.1850078265231822e-5
62.64,-4.556078901458805e-6,1.1823297955869277e-5
62.65,-4.5778939799988984e-6,1.1796111232217597e-5
62.66,-4.5994884559732806e-6,1.1768519989327296e-5
62.67,-4.6208616391501344e-6,1.174052613435185e-5
62.68,-4.64201284981411e-6,1.1712131586447327e-5
62.69,-4.662941418781522e-6,1.1683338276672639e-5
62.7,-4.683646687415451e-6,1.1654148147889071e-5
62.71,-4.704128007639657e-6,1.1624563154659957e-5
62.72,-4.7243847419527685e-6,1.1594585263149675e-5
62.73,-4.744416263441671e-6,1.1564216451022402e-5
62.74,-4.764221955794413e-6,1.153345870734085e-5
62.75,-4.783801213312237e-6,1.1502314032464975e-5
62.76,-4.803153440922679e-6,1.147078443794947e-5
62.77,-4.822278054189714e-6,1.1438871946442166e-5
62.78,-4.8411744793254425e-6,1.1406578591581981e-5
62.79,-4.859842153200737e-6,1.1373906417894534e-5
62.8,-4.878280523355136e-6,1.1340857480692533e-5
62.81,-4.896489048006213e-6,1.1307433845969738e-5
62.82,-4.914467196058892e-6,1.1273637590299495e-5
62.83,-4.932214447114407e-6,1.1239470800730367e-5
62.84,-4.949730291477411e-6,1.1204935574682924e-5
62.85,-4.967014230165014e-6,1.1170034019845986e-5
62.86,-4.9840657749127695e-6,1.113476825407198e-5
62.87,-5.000884448182454e-6,1.109914040527323e-5
62.88,-5.0174697831673254e-6,1.1063152611317291e-5
62.89,-5.033821323798589e-6,1.1026807019922244e-5
62.9,-5.049938624750387e-6,1.0990105788552068e-5
62.91,-5.065821251444739e-6,1.0953051084311347e-5
62.92,-5.081468780055881e-6,1.0915645083840225e-5
62.93,-5.096880797513971e-6,1.087788997320927e-5
62.94,-5.112056901508989e-6,1.0839787947813671e-5
62.95,-5.126996700492972e-6,1.0801341212267585e-5
62.96,-5.141699813682962e-6,1.0762551980298523e-5
62.97,-5.15616587106279e-6,1.0723422474641222e-5
62.98,-5.170394513385258e-6,1.0683954926931453e-5
62.99,-5.184385392171806e-6,1.0644151577599895e-5
63.0,-5.19813816971429e-6,1.0604014675765798e-5
63.01,-5.211652519074947e-6,1.0563546479130218e-5
63.02,-5.224928124085601e-6,1.0522749253869399e-5
63.03,-5.237964679347079e-6,1.048162527452839e-5
63.04,-5.250761890228144e-6,1.0440176823913237e-5
63.05,-5.2633194728633e-6,1.0398406192985173e-5
63.06,-5.2756371541509614e-6,1.035631568075227e-5
63.07,-5.28771467175139e-6,1.0313907594163752e-5
63.08,-5.299551774081378e-6,1.0271184248000417e-5
63.09,-5.311148220313108e-6,1.022814796476929e-5
63.1,-5.322503780369005e-6,1.0184801074595106e-5
63.11,-5.3336182349173315e-6,1.0141145915112758e-5
63.12,-5.344491375366968e-6,1.0097184831360124e-5
63.13,-5.355123003862607e-6,1.0052920175669376e-5
63.14,-5.365512933278261e-6,1.0008354307560058e-5
63.15,-5.375660987211034e-6,9.963489593630604e-6
63.16,-5.3855669999748095e-6,9.91832840745044e-6
63.17,-5.395230816592478e-6,9.872873129452151e-6
63.18,-5.404652292788163e-6,9.827126146823123e-6
63.19,-5.413831294979669e-6,9.781089853397605e-6
63.2,-5.422767700269198e-6,9.734766649548333e-6
63.21,-5.431461396434794e-6,9.68815894207845e-6
63.22,-5.43991228192042e-6,9.641269144113155e-6
63.23,-5.448120265826389e-6,9.594099674991254e-6
63.24,-5.456085267898938e-6,9.546652960156825e-6
63.25,-5.4638072185185195e-6,9.498931431051285e-6
63.26,-5.471286058690377e-6,9.450937525004621e-6
63.27,-5.478521740030624e-6,9.402673685126547e-6
63.28,-5.485514224755376e-6,9.354142360199032e-6
63.29,-5.492263485668241e-6,9.305346004567191e-6
63.3,-5.4987695061463545e-6,9.2562870780313e-6
63.31,-5.505032280127644e-6,9.206968045737581e-6
63.32,-5.511051812096599e-6,9.157391378070783e-6
63.33,-5.5168281170700705e-6,9.10755955054508e-6
63.34,-5.522361220582112e-6,9.057475043695913e-6
63.35,-5.5276511586691405e-6,9.007140342971497e-6
63.36,-5.5326979778539474e-6,8.95655793862447e-6
63.37,-5.537501735129922e-6,8.905730325603582e-6
63.38,-5.542062497944286e-6,8.854660003445509e-6
63.39,-5.5463803441813445e-6,8.803349476166549e-6
63.4,-5.550455362143974e-6,8.751801252153713e-6
63.41,-5.554287650538218e-6,8.700017844057696e-6
63.42,-5.557877318452806e-6,8.648001768683974e-6
63.43,-5.561224485341278e-6,8.5957555468848e-6
63.44,-5.564329281003121e-6,8.543281703451362e-6
63.45,-5.567191845564019e-6,8.490582767005437e-6
63.46,-5.5698123294557695e-6,8.437661269891964e-6
63.47,-5.57219089339647e-6,8.384519748070903e-6
63.48,-5.57432770836937e-6,8.331160741009396e-6
63.49,-5.576222955601551e-6,8.277586791574373e-6
63.5,-5.577876826543033e-6,8.223800445924682e-6
63.51,-5.579289522843553e-6,8.169804253403457e-6
63.52,-5.580461256331834e-6,8.115600766431055e-6
63.53,-5.581392248991775e-6,8.061192540397633e-6
63.54,-5.58208273293834e-6,8.006582133555142e-6
63.55,-5.5825329503963096e-6,7.951772106911662e-6
63.56,-5.582743153674161e-6,7.896765024122929e-6
63.57,-5.5827136051405906e-6,7.841563451386102e-6
63.58,-5.582444577199371e-6,7.786169957332868e-6
63.59,-5.581936352264511e-6,7.730587112922771e-6
63.6,-5.581189222734157e-6,7.674817491336277e-6
63.61,-5.5802034909648765e-6,7.6188636678688614e-6
63.62,-5.578979469245319e-6,7.5627282198243185e-6
63.63,-5.577517479769251e-6,7.50641372640846e-6
63.64,-5.575817854608239e-6,7.4499227686238965e-6
63.65,-5.573880935684681e-6,7.393257929162676e-6
63.66,-5.571707074743042e-6,7.336421792301989e-6
63.67,-5.569296633322155e-6,7.279416943797617e-6
63.68,-5.566649982726152e-6,7.222245970778825e-6
63.69,-5.563767503995515e-6,7.164911461642985e-6
63.7,-5.560649587877387e-6,7.107416005950442e-6
63.71,-5.557296634796267e-6,7.0497621943195336e-6
63.72,-5.553709054823057e-6,6.991952618321825e-6
63.73,-5.549887267644679e-6,6.933989870377384e-6
63.74,-5.545831702533592e-6,6.875876543650297e-6
63.75,-5.541542798315739e-6,6.817615231944702e-6
63.76,-5.537021003339556e-6,6.759208529600275e-6
63.77,-5.532266775442994e-6,6.700659031388409e-6
63.78,-5.527280581921606e-6,6.6419693324087665e-6
63.79,-5.522062899496249e-6,6.583142027985606e-6
63.8,-5.516614214278841e-6,6.5241797135642516e-6
63.81,-5.5109350217396655e-6,6.465084984608286e-6
63.82,-5.505025826673027e-6,6.40586043649664e-6
63.83,-5.498887143163251e-6,6.346508664420685e-6
63.84,-5.49251949455016e-6,6.287032263281577e-6
63.85,-5.485923413393863e-6,6.227433827588781e-6
63.86,-5.4790994414397894e-6,6.167715951357037e-6
63.87,-5.47204812958269e-6,6.107881228005212e-6
63.88,-5.464770037831239e-6,6.0479322502544614e-6
63.89,-5.457265735271129e-6,5.9878716100269865e-6
63.9,-5.44953580002856e-6,5.927701898344652e-6
63.91,-5.44158081923362e-6,5.867425705228471e-6
63.92,-5.433401388982546e-6,5.807045619597612e-6
63.93,-5.42499811430026e-6,5.74656422916927e-6
63.94,-5.416371609102308e-6,5.685984120358408e-6
63.95,-5.407522496156522e-6,5.625307878177872e-6
63.96,-5.398451407044413e-6,5.564538086138844e-6
63.97,-5.389158982122361e-6,5.503677326151243e-6
63.98,-5.379645870482005e-6,5.442728178424851e-6
63.99,-5.369912729910938e-6,5.3816932213703105e-6
64.0,-5.359960226852404e-6,5.3205750315008795e-6
64.01,-5.349789036365605e-6,5.259376183333552e-6
64.02,-5.339399842084326e-6,5.19809924929172e-6
64.03,-5.328793336177045e-6,5.136746799606657e-6
64.04,-5.317970219305046e-6,5.075321402220973e-6
64.05,-5.306931200581106e-6,5.013825622690756e-6
64.06,-5.2956769975278034e-6,4.952262024088736e-6
64.07,-5.284208336035266e-6,4.890633166908352e-6
64.08,-5.272525950318757e-6,4.8289416089664246e-6
64.09,-5.260630582876484e-6,4.767189905308315e-6
64.1,-5.248522984445803e-6,4.705380608111406e-6
64.11,-5.236203913960317e-6,4.643516266589922e-6
64.12,-5.2236741385066964e-6,4.581599426900277e-6
64.13,-5.210934433279935e-6,4.519632632045723e-6
64.14,-5.197985581540027e-6,4.45761842178233e-6
64.15,-5.184828374566975e-6,4.3955593325247e-6
64.16,-5.171463611616648e-6,4.333457897252533e-6
64.17,-5.15789209987503e-6,4.27131664541628e-6
64.18,-5.144114654413281e-6,4.2091381028451335e-6
64.19,-5.130132098142612e-6,4.1469247916536205e-6
64.2,-5.115945261767856e-6,4.084679230148896e-6
64.21,-5.101554983741479e-6,4.022403932739295e-6
64.22,-5.086962110217545e-6,3.9601014098419574e-6
64.23,-5.072167495004949e-6,3.89777416779178e-6
64.24,-5.057171999520199e-6,3.835424708750208e-6
64.25,-5.041976492740679e-6,3.773055530614095e-6
64.26,-5.026581851156845e-6,3.710669126926099e-6
64.27,-5.01098895872521e-6,3.6482679867841335e-6
64.28,-4.995198706819618e-6,3.5858545947514848e-6
64.29,-4.979211994183885e-6,3.523431430768064e-6
64.3,-4.963029726882347e-6,3.461000970061062e-6
64.31,-4.946652818252136e-6,3.3985656830567835e-6
64.32,-4.930082188854116e-6,3.3361280352917405e-6
64.33,-4.913318766423104e-6,3.2736904873254347e-6
64.34,-4.896363485819378e-6,3.2112554946526704e-6
64.35,-4.879217288978152e-6,3.1488255076165766e-6
64.36,-4.861881124860521e-6,3.0864029713215626e-6
64.37,-4.844355949402838e-6,3.0239903255474036e-6
64.38,-4.8266427254663894e-6,2.9615900046632864e-6
64.39,-4.808742422787323e-6,2.8992044375419067e-6
64.4,-4.7906560179254036e-6,2.83683604747473e-6
64.41,-4.772384494213323e-6,2.7744872520870735e-6
64.42,-4.753928841704961e-6,2.712160463253433e-6
64.43,-4.7352900571247206e-6,2.649858087014144e-6
64.44,-4.7164691438155446e-6,2.5875825234915157e-6
64.45,-4.697467111686706e-6,2.5253361668063435e-6
64.46,-4.678284977162266e-6,2.463121404995988e-6
64.47,-4.658923763128123e-6,2.400940619931024e-6
64.48,-4.6393844988816735e-6,2.338796187234104e-6
64.49,-4.619668220075114e-6,2.276690476198341e-6
64.5,-4.599775968666203e-6,2.2146258497056835e-6
64.51,-4.579708792864496e-6,2.1526046641468665e-6
64.52,-4.559467747076097e-6,2.0906292693410423e-6
64.53,-4.5390538918526115e-6,2.028702008455448e-6
64.54,-4.518468293836261e-6,1.9668252179266865e-6
64.55,-4.497712025706326e-6,1.9050012273815408e-6
64.56,-4.4767861661250535e-6,1.8432323595579876e-6
64.57,-4.45569179968359e-6,1.7815209302279488e-6
64.58,-4.434430016847454e-6,1.7198692481185817e-6
64.59,-4.413001913902171e-6,1.6582796148360628e-6
64.6,-4.391408592898537e-6,1.5967543247883128e-6
64.61,-4.369651161597179e-6,1.5352956651083709e-6
64.62,-4.347730733415491e-6,1.4739059155789237e-6
64.63,-4.325648427368737e-6,1.4125873485570644e-6
64.64,-4.303405368018492e-6,1.3513422288984076e-6
64.65,-4.281002685414594e-6,1.2901728138833862e-6
64.66,-4.258441515040682e-6,1.229081353142799e-6
64.67,-4.235722997757984e-6,1.1680700885841681e-6
64.68,-4.212848279749078e-6,1.1071412543184034e-6
64.69,-4.189818512461833e-6,1.046297076587681e-6
64.7,-4.16663485255369e-6,9.855397736921793e-7
64.71,-4.143298461834517e-6,9.248715559191945e-7
64.72,-4.119810507209935e-6,8.64294625471163e-7
64.73,-4.096172160625213e-6,8.038111763954691e-7
64.74,-4.0723845990081145e-6,7.434233945131584e-7
64.75,-4.048449004212107e-6,6.831334573494074e-7
64.76,-4.024366562957567e-6,6.229435340645994e-7
64.77,-4.000138466778348e-6,5.62855785384516e-7
64.78,-3.975765911960136e-6,5.028723635320316e-7
64.79,-3.95125009948547e-6,4.429954121594415e-7
64.8,-3.926592234975533e-6,3.832270662805592e-7
64.81,-3.901793528631993e-6,3.235694522036423e-7
64.82,-3.8768551951799635e-6,2.640246874649697e-7
64.83,-3.851778453809197e-6,2.0459488076263305e-7
64.84,-3.826564528116473e-6,1.452821318908903e-7
64.85,-3.801214646047403e-6,8.608853167530793e-8
64.86,-3.7757300398378472e-6,2.701616190761299e-8
64.87,-3.750111945955773e-6,-3.193290471818826e-8
64.88,-3.7243616050429003e-6,-9.075660466917014e-8
64.89,-3.6984802618557245e-6,-1.494528836373996e-7
64.9,-3.6724691652069143e-6,-2.0801969660168367e-7
64.91,-3.646329567906878e-6,-2.6645500789039676e-7
64.92,-3.6200627267045632e-6,-3.247567912432497e-7
64.93,-3.593669902228485e-6,-3.8292302987181604e-7
64.94,-3.567152358928922e-6,-4.4095171652063845e-7
64.95,-3.5405113650141165e-6,-4.988408535273507e-7
64.96,-3.513748192399677e-6,-5.565884528823623e-7
64.97,-3.4868641166409162e-6,-6.141925362880973e-7
64.98,-3.45986041687823e-6,-6.716511352172563e-7
64.99,-3.432738375775575e-6,-7.289622909712172e-7
65.0,-3.4054992794623295e-6,-7.861240547379059e-7
65.01,-3.3781444174725635e-6,-8.431344876484891e-7
65.02,-3.3506750826868908e-6,-8.9999166083409e-7
65.03,-3.3230925712713155e-6,-9.566936554821977e-7
65.04,-3.2953981826183355e-6,-1.01323856289181e-6
65.05,-3.267593219287052e-6,-1.069624484528659e-6
65.06,-3.2396789869432943e-6,-1.1258495320800797e-6
65.07,-3.2116567942995365e-6,-1.181911827508283e-6
65.08,-3.1835279530553042e-6,-1.237809503104722e-6
65.09,-3.155293777837026e-6,-1.293540701542402e-6
65.1,-3.126955586138236e-6,-1.3491035759287008e-6
65.11,-3.098514698259056e-6,-1.4044962898573626e-6
65.12,-3.069972437246618e-6,-1.4597170174594628e-6
65.13,-3.041330128834643e-6,-1.5147639434548847e-6
65.14,-3.012589101383382e-6,-1.5696352632023923e-6
65.15,-2.9837506858195877e-6,-1.6243291827493354e-6
65.16,-2.9548162155761164e-6,-1.6788439188811273e-6
65.17,-2.9257870265315764e-6,-1.7331776991702687e-6
65.18,-2.8966644569505382e-6,-1.7873287620241349e-6
65.19,-2.8674498474230594e-6,-1.8412953567327093e-6
65.2,-2.83814454080402e-6,-1.8950757435166116e-6
65.21,-2.8087498821534178e-6,-1.948668193572409e-6
65.22,-2.7792672186750045e-6,-2.0020709891198835e-6
65.23,-2.7496978996598524e-6,-2.055282423447377e-6
65.24,-2.7200432764184335e-6,-2.10830080095602e-6
65.25,-2.6903047022278606e-6,-2.161124437205644e-6
65.26,-2.6604835322679163e-6,-2.21375165895743e-6
65.27,-2.6305811235612916e-6,-2.2661808042183963e-6
65.28,-2.600598834913513e-6,-2.3184102222837977e-6
65.29,-2.5705380268525517e-6,-2.370438273779458e-6
65.3,-2.540400061568177e-6,-2.422263330703783e-6
65.31,-2.5101863028525825e-6,-2.4738837764692823e-6
65.32,-2.479898116039171e-6,-2.5252980059426817e-6
65.33,-2.4495368679428294e-6,-2.5765044254858374e-6
65.34,-2.41910392679965e-6,-2.6275014529949618e-6
65.35,-2.388600662206734e-6,-2.678287517939859e-6
65.36,-2.3580284450616787e-6,-2.7288610614028746e-6
65.37,-2.3273886475031744e-6,-2.7792205361164462e-6
65.38,-2.2966826428502588e-6,-2.829364406500671e-6
65.39,-2.2659118055424693e-6,-2.879291148700791e-6
65.4,-2.235077511079685e-6,-2.928999250623035e-6
65.41,-2.2041811359624737e-6,-2.9784872119707457e-6
65.42,-2.173224057631661e-6,-3.0277535442799034e-6
65.43,-2.142207654408807e-6,-3.0767967709534726e-6
65.44,-2.1111333054360496e-6,-3.1256154272959274e-6
65.45,-2.080002390616484e-6,-3.174208060547321e-6
65.46,-2.0488162905542854e-6,-3.2225732299154394e-6
65.47,-2.017576386495347e-6,-3.2707095066097043e-6
65.48,-1.9862840602664466e-6,-3.3186154738719908e-6
65.49,-1.9549406942174797e-6,-3.3662897270091687e-6
65.5,-1.9235476711599187e-6,-3.413730873423367e-6
65.51,-1.8921063743109044e-6,-3.46093753264349e-6
65.52,-1.8606181872274165e-6,-3.507908336352942e-6
65.53,-1.829084493753248e-6,-3.554641928421443e-6
65.54,-1.7975066779571042e-6,-3.601136964932526e-6
65.55,-1.7658861240731544e-6,-3.6473921142114944e-6
65.56,-1.734224216442645e-6,-3.6934060568544127e-6
65.57,-1.702522339454241e-6,-3.7391774857537425e-6
65.58,-1.670781877485625e-6,-3.784705106126336e-6
65.59,-1.6390042148444835e-6,-3.829987635538329e-6
65.6,-1.6071907357090794e-6,-3.875023803931325e-6
65.61,-1.5753428240707392e-6,-3.919812353647538e-6
65.62,-1.5434618636740821e-6,-3.964352039453575e-6
65.63,-1.5115492379590391e-6,-4.008641628564704e-6
65.64,-1.4796063300024207e-6,-4.052679900668175e-6
65.65,-1.4476345224595116e-6,-4.096465647946101e-6
65.66,-1.4156351975057654e-6,-4.139997675097349e-6
65.67,-1.3836097367786983e-6,-4.1832747993597645e-6
65.68,-1.3515595213200176e-6,-4.226295850530725e-6
65.69,-1.3194859315173486e-6,-4.26905967098807e-6
65.7,-1.2873903470472367e-6,-4.311565115710788e-6
65.71,-1.2552741468158868e-6,-4.353811052296881e-6
65.72,-1.2231387089032313e-6,-4.395796360984114e-6
65.73,-1.1909854105043475e-6,-4.437519934667493e-6
65.74,-1.1588156278729334e-6,-4.4789806789173056e-6
65.75,-1.1266307362632151e-6,-4.520177511996758e-6
65.76,-1.0944321098734644e-6,-4.561109364878223e-6
65.77,-1.0622211217887973e-6,-4.601775181260008e-6
65.78,-1.0299991439241297e-6,-4.642173917582171e-6
65.79,-9.977675469677637e-7,-4.6823045430410634e-6
65.8,-9.65527700324518e-7,-4.7221660396045685e-6
65.81,-9.332809720596191e-7,-4.761757402025952e-6
65.82,-9.010287288414976e-7,-4.801077637857423e-6
65.83,-8.687723358865286e-7,-4.84012576746327e-6
65.84,-8.36513156903804e-7,-4.878900824032579e-6
65.85,-8.042525540358802e-7,-4.917401853590176e-6
65.86,-7.719918878065485e-7,-4.9556279150094175e-6
65.87,-7.397325170635532e-7,-4.99357808002232e-6
65.88,-7.074757989234767e-7,-5.031251433229505e-6
65.89,-6.752230887162504e-7,-5.068647072111168e-6
65.9,-6.429757399301794e-7,-5.105764107035234e-6
65.91,-6.10735104156399e-7,-5.142601661266509e-6
65.92,-5.785025310350135e-7,-5.1791588709752665e-6
65.93,-5.462793681993511e-7,-5.215434885244359e-6
65.94,-5.140669612224445e-7,-5.251428866076502e-6
65.95,-4.81866653561005e-7,-5.287139988400797e-6
65.96,-4.496797865035929e-7,-5.322567440079559e-6
65.97,-4.175076991146635e-7,-5.357710421913072e-6
65.98,-3.8535172818040834e-7,-5.3925681476438005e-6
65.99,-3.5321320815802666e-7,-5.4271398439635905e-6
66.0,-3.2109347111821744e-7,-5.461424750514819e-6
66.01,-2.8899384669465333e-7,-5.495422119895395e-6
66.02,-2.56915662029654e-7,-5.52913121766106e-6
66.03,-2.2486024172125283e-7,-5.562551322328163e-6
66.04,-1.9282890777076633e-7,-5.595681725375378e-6
66.05,-1.6082297953004155e-7,-5.628521731244827e-6
66.06,-1.2884377364830823e-7,-5.6610706573432276e-6
66.07,-9.68926040213331e-8,-5.693327834042305e-6
66.08,-6.497078173789265e-8,-5.725292604678264e-6
66.09,-3.307961502887537e-8,-5.756964325551032e-6
66.1,-1.220409215165433e-9,-5.788342365923297e-6
66.11,3.060553334365536e-8,-5.819426108018846e-6
66.12,6.239691330087839e-8,-5.850214947019788e-6
66.13,9.415243437332406e-8,-5.880708291064198e-6
66.14,1.2587080339264435e-7,-5.910905561242852e-6
66.15,1.5755073035596084e-7,-5.940806191594968e-6
66.16,1.891909284757802e-7,-5.9704096291045016e-6
66.17,2.2079011423115479e-7,-5.999715333694879e-6
66.18,2.5234700741715166e-7,-6.028722778223716e-6
66.19,2.838603311947732e-7,-6.057431448477174e-6
66.2,3.153288121408784e-7,-6.085840843163885e-6
66.21,3.4675118029709596e-7,-6.1139504739070914e-6
66.22,3.7812616922001483e-7,-6.141759865238522e-6
66.23,4.0945251602879e-7,-6.169268554589718e-6
66.24,4.407289614551759e-7,-6.19647609228397e-6
66.25,4.719542498914446e-7,-6.2233820415277015e-6
66.26,5.031271294389232e-7,-6.249985978400621e-6
66.27,5.342463519556467e-7,-6.276287491846218e-6
66.28,5.653106731051644e-7,-6.302286183661654e-6
66.29,5.963188524034609e-7,-6.327981668486474e-6
66.3,6.272696532665613e-7,-6.353373573791375e-6
66.31,6.58161843057665e-7,-6.378461539866853e-6
66.32,6.889941931342564e-7,-6.403245219810259e-6
66.33,7.197654788950179e-7,-6.427724279513691e-6
66.34,7.504744798257203e-7,-6.451898397650199e-6
66.35,7.811199795458659e-7,-6.4757672656602385e-6
66.36,8.117007658550554e-7,-6.499330587737559e-6
66.37,8.422156307778474e-7,-6.522588080814454e-6
66.38,8.726633706101968e-7,-6.545539474546274e-6
66.39,9.030427859642815e-7,-6.568184511296269e-6
66.4,9.333526818135494e-7,-6.590522946119119e-6
66.41,9.635918675375244e-7,-6.612554546744328e-6
66.42,9.937591569666444e-7,-6.6342790935593e-6
66.43,1.023853368426122e-6,-6.6556963795916095e-6
66.44,1.0538733247802353e-6,-6.676806210491267e-6
66.45,1.0838178534763086e-6,-6.697608404511804e-6
66.46,1.1136857865876347e-6,-6.718102792491595e-6
66.47,1.1434759608573225e-6,-6.738289217834513e-6
66.48,1.1731872177412584e-6,-6.75816753648982e-6
66.49,1.202818403450318e-6,-6.777737616931936e-6
66.5,1.2323683689937457e-6,-6.7969993401397e-6
66.51,1.2618359702206633e-6,-6.8159525995748806e-6
66.52,1.2912200678625532e-6,-6.834597301160676e-6
66.53,1.320519527574376e-6,-6.852933363259737e-6
66.54,1.3497332199765168e-6,-6.870960716650967e-6
66.55,1.3788600206960007e-6,-6.8886793045069095e-6
66.56,1.407898810406784e-6,-6.906089082370087e-6
66.57,1.436848474871332e-6,-6.923190018129266e-6
66.58,1.4657079049800138e-6,-6.93998209199459e-6
66.59,1.494475996792186e-6,-6.956465296472977e-6
66.6,1.5231516515744469e-6,-6.972639636343092e-6
66.61,1.551733775842466e-6,-6.988505128629211e-6
66.62,1.5802212813980093e-6,-7.00406180257524e-6
66.63,1.6086130853694877e-6,-7.019309699617883e-6
66.64,1.6369081102498037e-6,-7.034248873360256e-6
66.65,1.6651052839350701e-6,-7.048879389543537e-6
66.66,1.6932035397625763e-6,-7.0632013260198285e-6
66.67,1.7212018165492799e-6,-7.07721477272335e-6
66.68,1.7490990586284236e-6,-7.090919831642023e-6
66.69,1.7768942158875643e-6,-7.10431661678808e-6
66.7,1.8045862438052355e-6,-7.117405254168395e-6
66.71,1.83217410348781e-6,-7.130185881755012e-6
66.72,1.8596567617057185e-6,-7.142658649454119e-6
66.73,1.8870331909301434e-6,-7.154823719075372e-6
66.74,1.9143023693679173e-6,-7.166681264300881e-6
66.75,1.9414632809978478e-6,-7.178231470653337e-6
66.76,1.9685149156060447e-6,-7.189474535463981e-6
66.77,1.9954562688202455e-6,-7.2004106678401495e-6
66.78,2.022286342144841e-6,-7.21104008863244e-6
66.79,2.049004142995572e-6,-7.221363030401305e-6
66.8,2.0756086847330014e-6,-7.231379737383506e-6
66.81,2.1020989866965686e-6,-7.241090465458005e-6
66.82,2.1284740742381965e-6,-7.250495482111394e-6
66.83,2.15473297875535e-6,-7.2595950664032085e-6
66.84,2.1808747377238522e-6,-7.268389508930531e-6
66.85,2.2068983947305743e-6,-7.2768791117923645e-6
66.86,2.232802999505632e-6,-7.285064188553677e-6
66.87,2.2585876079543964e-6,-7.292945064208989e-6
66.88,2.2842512821890882e-6,-7.300522075145278e-6
66.89,2.3097930905602496e-6,-7.3077955691053074e-6
66.9,2.335212107687782e-6,-7.314765905149723e-6
66.91,2.3605074144915164e-6,-7.321433453618878e-6
66.92,2.3856780982217277e-6,-7.32779859609607e-6
66.93,2.4107232524893963e-6,-7.3338617253660234e-6
66.94,2.435641977296112e-6,-7.339623245378298e-6
66.95,2.460433379062808e-6,-7.345083571207413e-6
66.96,2.4850965706602044e-6,-7.35024312901206e-6
66.97,2.5096306714366366e-6,-7.35510235599596e-6
66.98,2.534034807247046e-6,-7.359661700367074e-6
66.99,2.558308110481023e-6,-7.363921621296747e-6
67.0,2.582449720091563e-6,-7.3678825888783615e-6
67.01,2.6064587816208724e-6,-7.371545084086028e-6
67.02,2.630334447229872e-6,-7.374909598732564e-6
67.03,2.6540758757236084e-6,-7.377976635427295e-6
67.04,2.6776822325786765e-6,-7.380746707533281e-6
67.05,2.7011526899689124e-6,-7.38322033912444e-6
67.06,2.724486426792183e-6,-7.385398064942939e-6
67.07,2.747682628695943e-6,-7.387280430354112e-6
67.08,2.7707404881021047e-6,-7.388867991304135e-6
67.09,2.7936592042323977e-6,-7.390161314274479e-6
67.1,2.8164379831333913e-6,-7.391160976238078e-6
67.11,2.839076037700659e-6,-7.391867564614098e-6
67.12,2.8615725877026393e-6,-7.3922816772227034e-6
67.13,2.883926859805097e-6,-7.3924039222392175e-6
67.14,2.9061380875937152e-6,-7.392234918148888e-6
67.15,2.9282055115981513e-6,-7.3917752936998925e-6
67.16,2.9501283793139164e-6,-7.391025687857438e-6
67.17,2.9719059452256396e-6,-7.389986749756261e-6
67.18,2.9935374708285934e-6,-7.388659138654201e-6
67.19,3.015022224651125e-6,-7.387043523884141e-6
67.2,3.0363594822756267e-6,-7.385140584806011e-6
67.21,3.0575485263599373e-6,-7.382951010760131e-6
67.22,3.078588646658703e-6,-7.38047550101707e-6
67.23,3.0994791400423714e-6,-7.3777147647299115e-6
67.24,3.1202193105191996e-6,-7.374669520885274e-6
67.25,3.140808469254057e-6,-7.371340498253667e-6
67.26,3.1612459345882287e-6,-7.367728435340328e-6
67.27,3.181531032058464e-6,-7.363834080335094e-6
67.28,3.2016630944162806e-6,-7.359658191062489e-6
67.29,3.2216414616458628e-6,-7.355201534931162e-6
67.3,3.241465480982845e-6,-7.350464888883492e-6
67.31,3.2611345069319717e-6,-7.345449039343926e-6
67.32,3.2806479012844455e-6,-7.3401547821688265e-6
67.33,3.300005033135504e-6,-7.334582922593869e-6
67.34,3.3192052789012242e-6,-7.328734275182981e-6
67.35,3.338248022334783e-6,-7.322609663776129e-6
67.36,3.35713265454313e-6,-7.316209921436775e-6
67.37,3.375858574002504e-6,-7.309535890399772e-6
67.38,3.394425186574134e-6,-7.302588422018279e-6
67.39,3.4128319055197197e-6,-7.295368376709675e-6
67.4,3.4310781515157682e-6,-7.287876623904892e-6
67.41,3.449163352668447e-6,-7.280114041992033e-6
67.42,3.4670869445282172e-6,-7.272081518264104e-6
67.43,3.4848483701030153e-6,-7.263779948864229e-6
67.44,3.502447079872263e-6,-7.255210238731812e-6
67.45,3.519882531799859e-6,-7.246373301547725e-6
67.46,3.5371541913473387e-6,-7.237270059679556e-6
67.47,3.5542615314864056e-6,-7.2279014441265124e-6
67.48,3.5712040327105078e-6,-7.218268394464458e-6
67.49,3.5879811830479165e-6,-7.208371858790007e-6
67.5,3.604592478072402e-6,-7.198212793665085e-6
67.51,3.6210374209144457e-6,-7.187792164060934e-6
67.52,3.6373155222730263e-6,-7.177110943301962e-6
67.53,3.6534263004248045e-6,-7.166170113009196e-6
67.54,3.6693692812355893e-6,-7.154970663043865e-6
67.55,3.6851439981694276e-6,-7.143513591450879e-6
67.56,3.7007499922986995e-6,-7.13179990440105e-6
67.57,3.7161868123130533e-6,-7.119830616134594e-6
67.58,3.731454014528435e-6,-7.107606748903354e-6
67.59,3.7465511628954594e-6,-7.09512933291333e-6
67.6,3.761477829007635e-6,-7.0823994062665646e-6
67.61,3.7762335921097833e-6,-7.069418014903616e-6
67.62,3.790818039104896e-6,-7.056186212544775e-6
67.63,3.8052307645616144e-6,-7.042705060632211e-6
67.64,3.819471370721543e-6,-7.028975628270836e-6
67.65,3.8335394675050645e-6,-7.014998992169961e-6
67.66,3.847434672518122e-6,-7.00077623658387e-6
67.67,3.861156611058079e-6,-6.986308453254077e-6
67.68,3.874704916119012e-6,-6.971596741347183e-6
67.69,3.8880792283969905e-6,-6.956642207398305e-6
67.7,3.901279196295653e-6,-6.941445965249734e-6
67.71,3.914304475929567e-6,-6.926009135991866e-6
67.72,3.9271547311295745e-6,-6.910332847902707e-6
67.73,3.9398296334460604e-6,-6.894418236388016e-6
67.74,3.952328862153005e-6,-6.878266443920668e-6
67.75,3.964652104250808e-6,-6.8618786199806346e-6
67.76,3.976799054469418e-6,-6.845255920994057e-6
67.77,3.988769415270845e-6,-6.828399510272405e-6
67.78,4.0005628968518165e-6,-6.811310557951712e-6
67.79,4.012179217145066e-6,-6.793990240931262e-6
67.8,4.023618101821602e-6,-6.776439742812814e-6
67.81,4.034879284291334e-6,-6.7586602538384075e-6
67.82,4.0459625057046295e-6,-6.740652970830034e-6
67.83,4.056867514952803e-6,-6.7224190971267275e-6
67.84,4.067594068668026e-6,-6.703959842523756e-6
67.85,4.07814193122361e-6,-6.685276423210248e-6
67.86,4.0885108747343566e-6,-6.666370061707267e-6
67.87,4.098700679054244e-6,-6.647241986805531e-6
67.88,4.10871113177684e-6,-6.6278934335035305e-6
67.89,4.118542028233645e-6,-6.6083256429443515e-6
67.9,4.128193171492255e-6,-6.588539862354222e-6
67.91,4.137664372354316e-6,-6.568537344979069e-6
67.92,4.146955449353625e-6,-6.548319350021662e-6
67.93,4.156066228753453e-6,-6.5278871425797084e-6
67.94,4.164996544542877e-6,-6.507241993581744e-6
67.95,4.173746238435485e-6,-6.486385179725677e-6
67.96,4.182315159862706e-6,-6.465317983413147e-6
67.97,4.190703165973012e-6,-6.44404169268857e-6
67.98,4.198910121625936e-6,-6.4225576011748886e-6
67.99,4.2069358993880506e-6,-6.400867008010128e-6
68.0,4.21478037952819e-6,-6.378971217783719e-6
68.01,4.222443450012072e-6,-6.356871540473402e-6
68.02,4.229925006497156e-6,-6.334569291380936e-6
68.03,4.237224952326531e-6,-6.312065791068809e-6
68.04,4.244343198523144e-6,-6.289362365295934e-6
68.05,4.25127966378275e-6,-6.266460344954212e-6
68.06,4.258034274468335e-6,-6.243361066003977e-6
68.07,4.264606964601792e-6,-6.22006586941038e-6
68.08,4.2709976758575425e-6,-6.196576101079042e-6
68.09,4.277206357554143e-6,-6.172893111791963e-6
68.1,4.283232966647014e-6,-6.149018257142885e-6
68.11,4.2890774677198084e-6,-6.1249528974735655e-6
68.12,4.294739832975444e-6,-6.100698397808832e-6
68.13,4.300220042227938e-6,-6.076256127792408e-6
68.14,4.305518082893342e-6,-6.0516274616230006e-6
68.15,4.310633949978645e-6,-6.026813777988018e-6
68.16,4.315567646073996e-6,-6.001816460001112e-6
68.17,4.320319181341175e-6,-5.976636895136178e-6
68.18,4.324888573504012e-6,-5.951276475163086e-6
68.19,4.329275847837133e-6,-5.925736596083211e-6
68.2,4.333481037155201e-6,-5.900018658064292e-6
68.21,4.337504181801481e-6,-5.874124065375748e-6
68.22,4.341345329636201e-6,-5.848054226324243e-6
68.23,4.3450045360248615e-6,-5.821810553188453e-6
68.24,4.3484818638256885e-6,-5.795394462154376e-6
68.25,4.351777383377224e-6,-5.768807373250367e-6
68.26,4.354891172485764e-6,-5.742050710282514e-6
68.27,4.35782331641163e-6,-5.715125900769292e-6
68.28,4.360573907857032e-6,-5.688034375877382e-6
68.29,4.363143046950225e-6,-5.660777570355689e-6
68.3,4.365530841233809e-6,-5.633356922471337e-6
68.31,4.3677374056491785e-6,-5.60577387394424e-6
68.32,4.369762862522016e-6,-5.57802986988238e-6
68.33,4.3716073415479795e-6,-5.550126358716678e-6
68.34,4.373270979776947e-6,-5.522064792136328e-6
68.35,4.374753921597783e-6,-5.493846625023359e-6
68.36,4.37605631872298e-6,-5.465473315388464e-6
68.37,4.377178330172178e-6,-5.436946324305143e-6
68.38,4.378120122256129e-6,-5.408267115845903e-6
68.39,4.378881868559732e-6,-5.3794371570160095e-6
68.4,4.379463749926124e-6,-5.350457917690025e-6
68.41,4.3798659544388776e-6,-5.321330870546183e-6
68.42,4.380088677403059e-6,-5.292057491000905e-6
68.43,4.3801321213316385e-6,-5.262639257145991e-6
68.44,4.37999649592318e-6,-5.233077649681871e-6
68.45,4.379682018046084e-6,-5.203374151853646e-6
68.46,4.3791889117192695e-6,-5.17353024938655e-6
68.47,4.378517408093476e-6,-5.143547430420739e-6
68.48,4.377667745432254e-6,-5.113427185447327e-6
68.49,4.3766401690926324e-6,-5.0831710072432885e-6
68.5,4.375434931505546e-6,-5.052780390806929e-6
68.51,4.374052292155687e-6,-5.022256833293772e-6
68.52,4.372492517561904e-6,-4.991601833951495e-6
68.53,4.370755881256023e-6,-4.960816894056088e-6
68.54,4.368842663763193e-6,-4.929903516847313e-6
68.55,4.366753152579777e-6,-4.898863207464155e-6
68.56,4.364487642153159e-6,-4.867697472880902e-6
68.57,4.3620464338596665e-6,-4.836407821842891e-6
68.58,4.359429835983168e-6,-4.8049957648022385e-6
68.59,4.356638163693016e-6,-4.773462813853885e-6
68.6,4.3536717390216345e-6,-4.741810482671906e-6
68.61,4.35053089084191e-6,-4.710040286444894e-6
68.62,4.34721595484553e-6,-4.6781537418129595e-6
68.63,4.3437272735181645e-6,-4.646152366803398e-6
68.64,4.340065196117966e-6,-4.614037680766855e-6
68.65,4.336230078650832e-6,-4.581811204314678e-6
68.66,4.332222283847093e-6,-4.549474459254164e-6
68.67,4.328042181137912e-6,-4.5170289685259416e-6
68.68,4.323690146630298e-6,-4.484476256140542e-6
68.69,4.319166563083079e-6,-4.451817847114655e-6
68.7,4.314471819881947e-6,-4.4190552674085174e-6
68.71,4.3096063130148355e-6,-4.386190043862547e-6
68.72,4.304570445046176e-6,-4.353223704134334e-6
68.73,4.299364625091711e-6,-4.3201577766361276e-6
68.74,4.293989268792947e-6,-4.286993790471596e-6
68.75,4.288444798290837e-6,-4.253733275373227e-6
68.76,4.282731642199924e-6,-4.220377761640111e-6
68.77,4.2768502355818435e-6,-4.186928780075292e-6
68.78,4.2708010199185575e-6,-4.153387861923271e-6
68.79,4.264584443085627e-6,-4.1197565388077175e-6
68.8,4.258200959325142e-6,-4.086036342669939e-6
68.81,4.25165102921822e-6,-4.0522288057060826e-6
68.82,4.244935119657647e-6,-4.018335460305918e-6
68.83,4.238053703819862e-6,-3.984357838990633e-6
68.84,4.231007261137085e-6,-3.950297474351431e-6
68.85,4.223796277269276e-6,-3.916155898987984e-6
68.86,4.216421244075168e-6,-3.881934645446863e-6
68.87,4.208882659584255e-6,-3.847635246160573e-6
68.88,4.201181027967433e-6,-3.8132592333865903e-6
68.89,4.193316859507815e-6,-3.778808139145556e-6
68.9,4.185290670572093e-6,-3.7442834951613456e-6
68.91,4.177102983580201e-6,-3.7096868328000115e-6
68.92,4.1687543269759415e-6,-3.675019683009124e-6
68.93,4.160245235196955e-6,-3.6402835762574873e-6
68.94,4.151576248645028e-6,-3.605480042474914e-6
68.95,4.142747913654936e-6,-3.570610610991805e-6
68.96,4.133760782464037e-6,-3.5356768104796085e-6
68.97,4.124615413182129e-6,-3.50068016889075e-6
68.98,4.115312369759771e-6,-3.4656222133988923e-6
68.99,4.105852221957512e-6,-3.430504470339732e-6
69.0,4.096235545314392e-6,-3.3953284651512214e-6
69.01,4.086462921115963e-6,-3.360095722314773e-6
69.02,4.076534936363354e-6,-3.32480776529609e-6
69.03,4.066452183740451e-6,-3.28946611648629e-6
69.04,4.056215261582572e-6,-3.254072297143037e-6
69.05,4.045824773843039e-6,-3.218627827332498e-6
69.06,4.035281330061757e-6,-3.183134225870409e-6
69.07,4.0245855453316405e-6,-3.147593010264315e-6
69.08,4.013738040266422e-6,-3.112005696655333e-6
69.09,4.002739440966828e-6,-3.0763737997605003e-6
69.1,3.991590378987539e-6,-3.040698832814982e-6
69.11,3.980291491304278e-6,-3.0049823075146457e-6
69.12,3.968843420279381e-6,-2.969225733958733e-6
69.13,3.957246813628475e-6,-2.933430620592876e-6
69.14,3.945502324385698e-6,-2.897598474152084e-6
69.15,3.933610610871078e-6,-2.8617307996040608e-6
69.16,3.921572336654637e-6,-2.825829100092598e-6
69.17,3.909388170522513e-6,-2.789894876881255e-6
69.18,3.897058786442503e-6,-2.753929629297243e-6
69.19,3.884584863528564e-6,-2.717934854675662e-6
69.2,3.871967086006468e-6,-2.6819120483031584e-6
69.21,3.859206143178191e-6,-2.645862703363026e-6
69.22,3.846302729386475e-6,-2.609788310879618e-6
69.23,3.833257543980155e-6,-2.5736903596628066e-6
69.24,3.82007129127719e-6,-2.5375703362538583e-6
69.25,3.8067446805297604e-6,-2.501429724869724e-6
69.26,3.793278425888059e-6,-2.465270007349402e-6
69.27,3.779673246364268e-6,-2.429092663098972e-6
69.28,3.765929865795759e-6,-2.392899169037817e-6
69.29,3.7520490128095167e-6,-2.3566909995445836e-6
69.3,3.7380314207846093e-6,-2.32046962640369e-6
69.31,3.7238778278162346e-6,-2.2842365187515374e-6
69.32,3.709588976678183e-6,-2.247993143023663e-6
69.33,3.6951656147864576e-6,-2.211740962901259e-6
69.34,3.68060849416168e-6,-2.175481439258928e-6
69.35,3.665918371391492e-6,-2.1392160301115874e-6
69.36,3.6510960075948137e-6,-2.1029461905624056e-6
69.37,3.6361421683811757e-6,-2.06667337275072e-6
69.38,3.6210576238157593e-6,-2.030399025799851e-6
69.39,3.6058431483808655e-6,-1.994124595765722e-6
69.4,3.5904995209368046e-6,-1.957851525585359e-6
69.41,3.5750275246851535e-6,-1.9215812550257e-6
69.42,3.5594279471299336e-6,-1.885315220632447e-6
69.43,3.543701580039208e-6,-1.8490548556796495e-6
69.44,3.5278492194066976e-6,-1.8128015901190684e-6
69.45,3.511871665413121e-6,-1.77655685052982e-6
69.46,3.4957697223875846e-6,-1.7403220600685214e-6
69.47,3.479544198768538e-6,-1.7040986384195882e-6
69.48,3.4631959070650676e-6,-1.667888001745463e-6
69.49,3.446725663817015e-6,-1.6316915626377515e-6
69.5,3.4301342895579967e-6,-1.59551073006752e-6
69.51,3.4134226087726123e-6,-1.5593469093373258e-6
69.52,3.3965914498598977e-6,-1.5232015020324183e-6
69.53,3.379641645092838e-6,-1.487075905972004e-6
69.54,3.362574030578594e-6,-1.4509715151616652e-6
69.55,3.3453894462189155e-6,-1.4148897197459435e-6
69.56,3.328088735670424e-6,-1.3788319059598347e-6
69.57,3.3106727463040314e-6,-1.3427994560825898e-6
69.58,3.293142329165985e-6,-1.3067937483899531e-6
69.59,3.2754983389369213e-6,-1.2708161571079173e-6
69.6,3.257741633891772e-6,-1.2348680523661151e-6
69.61,3.2398730758596774e-6,-1.198950800151447e-6
69.62,3.2218935301832213e-6,-1.1630657622621768e-6
69.63,3.2038038656790067e-6,-1.1272142962626308e-6
69.64,3.1856049545936613e-6,-1.0913977554374485e-6
69.65,3.167297672568903e-6,-1.0556174887462598e-6
69.66,3.1488828985957035e-6,-1.0198748407794295e-6
69.67,3.1303615149754153e-6,-9.841711517126921e-7
69.68,3.111734407278928e-6,-9.485077572635009e-7
69.69,3.09300246430549e-6,-9.128859886466167e-7
69.7,3.0741665780413515e-6,-8.77307172530346e-7
69.71,3.0552276436189354e-6,-8.417726309931579e-7
69.72,3.036186559275356e-6,-8.062836814803469e-7
69.73,3.0170442263113234e-6,-7.708416367611692e-7
69.74,2.997801549049785e-6,-7.354478048860623e-7
69.75,2.9784594347939985e-6,-7.001034891443278e-7
69.76,2.9590187937868833e-6,-6.648099880219861e-7
69.77,2.9394805391685763e-6,-6.2956859516028e-7
69.78,2.919845586935216e-6,-5.943805993131454e-7
69.79,2.9001148558973947e-6,-5.592472843072597e-7
69.8,2.880289267638036e-6,-5.241699290002585e-7
69.81,2.860369746470611e-6,-4.891498072400507e-7
69.82,2.8403572193984975e-6,-4.5418818782467944e-7
69.83,2.8202526160686596e-6,-4.192863344624334e-7
69.84,2.8000568687377097e-6,-3.8444550573118465e-7
69.85,2.7797709122217032e-6,-3.4966695503981097e-7
69.86,2.7593956838590226e-6,-3.149519305882324e-7
69.87,2.73893212346561e-6,-2.803016753289887e-7
69.88,2.7183811732951777e-6,-2.4571742692831755e-7
69.89,2.6977437779948935e-6,-2.1120041772773785e-7
69.9,2.6770208845641933e-6,-1.7675187470629672e-7
69.91,2.656213442312569e-6,-1.4237301944249667e-7
69.92,2.6353224028162803e-6,-1.0806506807679332e-7
69.93,2.6143487198775294e-6,-7.382923127482759e-8
69.94,2.5932933494808675e-6,-3.96667141902386e-8
69.95,2.5721572497507888e-6,-5.578716427954038e-9
69.96,2.5509413809101337e-6,2.843356799181674e-8
69.97,2.5296467052367336e-6,6.236895066938487e-8
69.98,2.5082741870214323e-6,9.622624886171309e-8
69.99,2.486824792525334e-6,1.3000428551741585e-7
70.0,2.4652994899371823e-6,1.6370188931206874e-7
70.01,2.443699249330983e-6,1.9731789468282662e-7
70.02,2.422025042623336e-6,2.3085114186269238e-7
70.03,2.400277843530678e-6,2.643004769150593e-7
70.04,2.3784586275269664e-6,2.9766475176723054e-7
70.05,2.3565683718006216e-6,3.3094282424409726e-7
70.06,2.33460805521215e-6,3.6413355810122653e-7
70.07,2.312578658251741e-6,3.972358230579492e-7
70.08,2.2904811629956864e-6,4.302484948297554e-7
70.09,2.268316553064945e-6,4.6317045516078204e-7
70.1,2.2460858135806962e-6,4.960005918554537e-7
70.11,2.2237899311255178e-6,5.287377988109814e-7
70.12,2.2014298936940348e-6,5.613809760472356e-7
70.13,2.1790066906568606e-6,5.939290297392973e-7
70.14,2.156521312714483e-6,6.263808722473407e-7
70.15,2.1339747518551096e-6,6.58735422147292e-7
70.16,2.111368001312384e-6,6.909916042607785e-7
70.17,2.0887020555228907e-6,7.231483496852101e-7
70.18,2.065977910081937e-6,7.552045958227547e-7
70.19,2.043196561703731e-6,7.87159286409975e-7
70.2,2.020359008175925e-6,8.190113715465424e-7
70.21,1.9974662483185775e-6,8.507598077233216e-7
70.22,1.974519281941136e-6,8.824035578512794e-7
70.23,1.9515191097998478e-6,9.139415912886654e-7
70.24,1.928466733555535e-6,9.45372883869114e-7
70.25,1.905363155730168e-6,9.76696417928576e-7
70.26,1.8822093796654162e-6,1.0079111823321985e-6
70.27,1.8590064094796368e-6,1.0390161725012177e-6
70.28,1.8357552500251992e-6,1.0700103904389836e-6
70.29,1.81245690684644e-6,1.1008928447568955e-6
70.3,1.7891123861373313e-6,1.1316625507003402e-6
70.31,1.7657226946983995e-6,1.1623185301735343e-6
70.32,1.7422888398952875e-6,1.192859811764829e-6
70.33,1.7188118296158364e-6,1.223285430771483e-6
70.34,1.6952926722280714e-6,1.2535944292236673e-6
70.35,1.6717323765382553e-6,1.28378585590869e-6
70.36,1.6481319517472685e-6,1.3138587663945477e-6
70.37,1.6244924074110259e-6,1.3438122230537054e-6
70.38,1.6008147533954022e-6,1.3736452950853444e-6
70.39,1.5770999998383305e-6,1.4033570585396445e-6
70.4,1.5533491571013813e-6,1.4329465963376474e-6
70.41,1.5295632357344505e-6,1.462412998295951e-6
70.42,1.5057432464296621e-6,1.4917553611468982e-6
70.43,1.4818901999814442e-6,1.5209727885603763e-6
70.44,1.4580051072437977e-6,1.550064391165154e-6
70.45,1.434088979088909e-6,1.5790292865694575e-6
70.46,1.4101428263654746e-6,1.6078665993812414e-6
70.47,1.3861676598569128e-6,1.6365754612289299e-6
70.48,1.362164490239969e-6,1.6651550107803107e-6
70.49,1.3381343280431796e-6,1.6936043937627145e-6
70.5,1.3140781836051756e-6,1.7219227629819646e-6
70.51,1.2899970670337316e-6,1.7501092783411956e-6
70.52,1.2658919881641454e-6,1.77816310685909e-6
70.53,1.2417639565180852e-6,1.8060834226886509e-6
70.54,1.2176139812624906e-6,1.8338694071343377e-6
70.55,1.1934430711682349e-6,1.861520248670014e-6
70.56,1.1692522345696594e-6,1.8890351429561446e-6
70.57,1.1450424793223444e-6,1.9164132928562003e-6
70.58,1.120814812764896e-6,1.943653908454215e-6
70.59,1.0965702416741715e-6,1.9707562070696095e-6
70.6,1.072309772228464e-6,1.9977194132740617e-6
70.61,1.0480344099641128e-6,2.024542758906738e-6
70.62,1.0237451597368999e-6,2.0512254830897696e-6
70.63,9.994430256801408e-7,2.077766832242586e-6
70.64,9.751290111650932e-7,2.1041660600971884e-6
70.65,9.508041187604039e-7,2.130422427711936e-6
70.66,9.264693501920716e-7,2.1565352034854163e-6
70.67,9.021257063028268e-7,2.1825036631706133e-6
70.68,8.777741870131516e-7,2.208327089887552e-6
70.69,8.534157912801152e-7,2.2340047741364382e-6
70.7,8.290515170585081e-7,2.259536013810544e-6
70.71,8.046823612604577e-7,2.284920114208056e-6
70.72,7.803093197167409e-7,2.310156388044684e-6
70.73,7.559333871356811e-7,2.3352441554643844e-6
70.74,7.31555557065152e-7,2.360182744051578e-6
70.75,7.07176821852819e-7,2.384971488841658e-6
70.76,6.827981726065102e-7,2.409609732331853e-6
70.77,6.584205991555559e-7,2.434096824491381e-6
70.78,6.340450900119637e-7,2.458432122771828e-6
70.79,6.096726323302473e-7,2.482614992116302e-6
70.8,5.853042118708659e-7,2.506644804969431e-6
70.81,5.609408129593524e-7,2.5305209412861466e-6
70.82,5.365834184490565e-7,2.554242788540139e-6
70.83,5.122330096818004e-7,2.5778097417326765e-6
70.84,4.878905664506283e-7,2.6012212034007018e-6
70.85,4.635570669614197e-7,2.6244765836244245e-6
70.86,4.3923348779212165e-7,2.6475753000340275e-6
70.87,4.149208038599792e-7,2.6705167778190502e-6
70.88,3.9061998837903903e-7,2.693300449732426e-6
70.89,3.6633201282420426e-7,2.7159257560989266e-6
70.9,3.420578468938199e-7,2.7383921448203287e-6
70.91,3.1779845847192437e-7,2.7606990713817372e-6
70.92,2.9355481359054435e-7,2.7828459988570547e-6
70.93,2.6932787639296893e-7,2.804832397913933e-6
70.94,2.4511860909662735e-7,2.8266577468188964e-6
70.95,2.2092797195557964e-7,2.848321531442024e-6
70.96,1.967569232245735e-7,2.8698232452607565e-6
70.97,1.7260641912104325e-7,2.8911623893643764e-6
70.98,1.4847741379028534e-7,2.9123384724574015e-6
70.99,1.2437085926760758e-7,2.9333510108626964e-6
71.0,1.0028770544226243e-7,2.9541995285248767e-6
71.01,7.622890002217222e-8,2.9748835570127284e-6
71.02,5.2195388496839804e-8,2.9954026355214683e-6
71.03,2.8188114102015927e-8,3.0157563108752312e-6
71.04,4.208017784021269e-9,3.0359441375283782e-6
71.05,-1.9743961835877158e-8,3.0559656775670826e-6
71.06,-4.366688849717464e-8,3.0758205007107476e-6
71.07,-6.755982833515377e-8,3.0955081843120727e-6
71.08,-9.142184991586923e-8,3.1150283133584075e-6
71.09,-1.1525202427187538e-7,3.1343804804713556e-6
71.1,-1.3904942493581568e-7,3.1535642859069505e-6
71.11,-1.6281312797648142e-7,3.1725793375552087e-6
71.12,-1.865422120322453e-7,3.191425250939103e-6
71.13,-2.102357583461969e-7,3.210101649213873e-6
71.14,-2.338928507997968e-7,3.2286081631656444e-6
71.15,-2.5751257594745633e-7,3.2469444312095277e-6
71.16,-2.8109402304995013e-7,3.265110099387821e-6
71.17,-3.046362841085481e-7,3.2831048213679545e-6
71.18,-3.2813845389857916e-7,3.3009282584394363e-6
71.19,-3.515996300024623e-7,3.3185800795114657e-6
71.2,-3.7501891284346604e-7,3.336059961109547e-6
71.21,-3.983954057185334e-7,3.3533675873718434e-6
71.22,-4.217282148313474e-7,3.3705026500460128e-6
71.23,-4.450164493248273e-7,3.387464848484314e-6
71.24,-4.682592213143532e-7,3.4042538896398352e-6
71.25,-4.914556459194463e-7,3.4208694880616695e-6
71.26,-5.146048412964365e-7,3.437311365889971e-6
71.27,-5.377059286705674e-7,3.4535792528506066e-6
71.28,-5.607580323679528e-7,3.469672886249621e-6
71.29,-5.83760279846987e-7,3.485592010967522e-6
71.3,-6.067118017304617e-7,3.5013363794530243e-6
71.31,-6.296117318364523e-7,3.5169057517164903e-6
71.32,-6.524592072097168e-7,3.5322998953235575e-6
71.33,-6.752533681533176e-7,3.5475185853877377e-6
71.34,-6.979933582582579e-7,3.5625616045634963e-6
71.35,-7.206783244354414e-7,3.5774287430381745e-6
71.36,-7.433074169452961e-7,3.5921197985246796e-6
71.37,-7.658797894287642e-7,3.6066345762526754e-6
71.38,-7.883945989367889e-7,3.6209728889607302e-6
71.39,-8.108510059609933e-7,3.6351345568873082e-6
71.4,-8.332481744631635e-7,3.6491194077612888e-6
71.41,-8.555852719043513e-7,3.6629272767937334e-6
71.42,-8.778614692749792e-7,3.6765580066672777e-6
71.43,-9.000759411239048e-7,3.6900114475266804e-6
71.44,-9.222278655875499e-7,3.7032874569686766e-6
71.45,-9.443164244181758e-7,3.7163859000314306e-6
71.46,-9.663408030131608e-7,3.729306649184026e-6
71.47,-9.883001904435155e-7,3.7420495843149914e-6
71.48,-1.010193779481498e-6,3.7546145927218025e-6
71.49,-1.0320207666292303e-6,3.7670015690985317e-6
71.5,-1.0537803521468766e-6,3.779210415524656e-6
71.51,-1.075471740079558e-6,3.7912410414525065e-6
71.52,-1.097094138285388e-6,3.803093363695245e-6
71.53,-1.1186467584627023e-6,3.8147673064140535e-6
71.54,-1.140128816177095e-6,3.826262801105311e-6
71.55,-1.1615395308884912e-6,3.8375797865870765e-6
71.56,-1.1828781259775056e-6,3.848718208986461e-6
71.57,-1.2041438287723943e-6,3.859678021725039e-6
71.58,-1.2253358705756313e-6,3.870459185505166e-6
71.59,-1.2464534866885748e-6,3.881061668296159e-6
71.6,-1.2674959164391658e-6,3.8914854453191785e-6
71.61,-1.2884624032069724e-6,3.9017304990327565e-6
71.62,-1.30935219444815e-6,3.911796819117878e-6
71.63,-1.3301645417214565e-6,3.921684402462309e-6
71.64,-1.3508987007132303e-6,3.931393253145699e-6
71.65,-1.371553931262026e-6,3.9409233824229195e-6
71.66,-1.3921294973835542e-6,3.950274808708776e-6
71.67,-1.4126246672951114e-6,3.95944755756132e-6
71.68,-1.4330387134398852e-6,3.9684416616653e-6
71.69,-1.4533709125108626e-6,3.977257160815376e-6
71.7,-1.4736205454749276e-6,3.9858941018991965e-6
71.71,-1.4937868975965632e-6,3.9943525388797265e-6
71.72,-1.5138692584607329e-6,4.002632532778124e-6
71.73,-1.5338669219969125e-6,4.010734151655398e-6
71.74,-1.55377918650156e-6,4.0186574705949325e-6
71.75,-1.5736053546613326e-6,4.026402571683647e-6
71.76,-1.5933447335751189e-6,4.033969543993788e-6
71.77,-1.6129966347768666e-6,4.041358483563909e-6
71.78,-1.6325603742579506e-6,4.048569493380076e-6
71.79,-1.6520352724886578e-6,4.055602683356248e-6
71.8,-1.6714206544396143e-6,4.062458170314917e-6
71.81,-1.6907158496047595e-6,4.06913607796764e-6
71.82,-1.709920192021082e-6,4.075636536894672e-6
71.83,-1.7290330202902496e-6,4.081959684524867e-6
71.84,-1.7480536776001748e-6,4.088105665115048e-6
71.85,-1.7669815117443483e-6,4.094074629729589e-6
71.86,-1.7858158751436468e-6,4.099866736219326e-6
71.87,-1.8045561248654603e-6,4.105482149200485e-6
71.88,-1.8232016226445331e-6,4.110921040033148e-6
71.89,-1.841751734901759e-6,4.116183586800025e-6
71.9,-1.8602058327651246e-6,4.121269974283867e-6
71.91,-1.8785632920877155e-6,4.12618039394636e-6
71.92,-1.8968234934677773e-6,4.130915043904969e-6
71.93,-1.9149858222667903e-6,4.135474128911026e-6
71.94,-1.933049668628935e-6,4.139857860326852e-6
71.95,-1.951014427499164e-6,4.1440664561025445e-6
71.96,-1.9688794986413093e-6,4.1481001407531345e-6
71.97,-1.9866442866563736e-6,4.1519591453351385e-6
71.98,-2.004308201000209e-6,4.155643707422786e-6
71.99,-2.0218706560008626e-6,4.1591540710846e-6
72.0,-2.039331070876318e-6,4.1624904868589125e-6
72.01,-2.0566888697511644e-6,4.165653211729929e-6
72.02,-2.0739434816738306e-6,4.168642509103193e-6
72.03,-2.0910943406331385e-6,4.171458648781086e-6
72.04,-2.10814088557455e-6,4.174101906937645e-6
72.05,-2.125082560416639e-6,4.176572566093845e-6
72.06,-2.1419188140668805e-6,4.178870915092281e-6
72.07,-2.158649100437152e-6,4.180997249071778e-6
72.08,-2.175272878460683e-6,4.182951869440623e-6
72.09,-2.19178961210464e-6,4.184735083853159e-6
72.1,-2.2081987703878834e-6,4.186347206181265e-6
72.11,-2.224499827394229e-6,4.1877885564893855e-6
72.12,-2.2406922622877935e-6,4.189059461007624e-6
72.13,-2.2567755593267846e-6,4.190160252105495e-6
72.14,-2.2727492078782827e-6,4.191091268264604e-6
72.15,-2.28861270243153e-6,4.191852854052084e-6
72.16,-2.3043655426121296e-6,4.192445360093134e-6
72.17,-2.3200072331952984e-6,4.1928691430435905e-6
72.18,-2.335537284118957e-6,4.193124565562449e-6
72.19,-2.3509552104969356e-6,4.193211996284104e-6
72.2,-2.3662605326317118e-6,4.1931318097904836e-6
72.21,-2.3814527760266644e-6,4.192884386582532e-6
72.22,-2.3965314713990497e-6,4.192470113052605e-6
72.23,-2.411496154691221e-6,4.191889381455056e-6
72.24,-2.4263463670828984e-6,4.191142589878465e-6
72.25,-2.4410816550032597e-6,4.190230142216317e-6
72.26,-2.455701570140401e-6,4.189152448137979e-6
72.27,-2.4702056694574094e-6,4.187909923059727e-6
72.28,-2.4845935151949186e-6,4.1865029881153565e-6
72.29,-2.4988646748896204e-6,4.184932070126462e-6
72.3,-2.5130187213818572e-6,4.183197601573032e-6
72.31,-2.527055232824268e-6,4.181300020563304e-6
72.32,-2.540973792694235e-6,4.179239770804159e-6
72.33,-2.554773989802174e-6,4.177017301570387e-6
72.34,-2.568455418301949e-6,4.174633067674972e-6
72.35,-2.5820176776993317e-6,4.172087529437898e-6
72.36,-2.5954603728610905e-6,4.1693811526561605e-6
72.37,-2.608783114025192e-6,4.166514408572591e-6
72.38,-2.621985516807282e-6,4.1634877738449616e-6
72.39,-2.6350672022106035e-6,4.160301730514898e-6
72.4,-2.648027796633918e-6,4.156956765976475e-6
72.41,-2.6608669318783056e-6,4.153453372944943e-6
72.42,-2.6735842451563437e-6,4.149792049425325e-6
72.43,-2.6861793790983033e-6,4.145973298680154e-6
72.44,-2.6986519817601387e-6,4.141997629198374e-6
72.45,-2.7110017066301065e-6,4.1378655546626085e-6
72.46,-2.7232282126353487e-6,4.133577593917332e-6
72.47,-2.735331164148877e-6,4.129134270936827e-6
72.48,-2.747310230995127e-6,4.124536114792423e-6
72.49,-2.759165088456877e-6,4.119783659620017e-6
72.5,-2.770895417280074e-6,4.1148774445874064e-6
72.51,-2.7825009036801844e-6,4.109818013861458e-6
72.52,-2.793981239347156e-6,4.104605916575243e-6
72.53,-2.8053361214504713e-6,4.099241706794868e-6
72.54,-2.816565252644446e-6,4.093725943486047e-6
72.55,-2.8276683410718757e-6,4.088059190481362e-6
72.56,-2.838645100369988e-6,4.082242016445968e-6
72.57,-2.8494952496731066e-6,4.076274994844613e-6
72.58,-2.8602185136174556e-6,4.0701587039079476e-6
72.59,-2.870814622344713e-6,4.063893726598117e-6
72.6,-2.8812833115052577e-6,4.0574806505752705e-6
72.61,-2.8916243222617094e-6,4.0509200681635926e-6
72.62,-2.9018374012916804e-6,4.044212576316795e-6
72.63,-2.9119223007909005e-6,4.0373587765838844e-6
72.64,-2.921878778475439e-6,4.030359275074772e-6
72.65,-2.931706597584175e-6,4.02321468242591e-6
72.66,-2.9414055268811153e-6,4.015925613765405e-6
72.67,-2.950975340656838e-6,4.008492688678421e-6
72.68,-2.960415818730264e-6,4.0009165311725135e-6
72.69,-2.9697267464504512e-6,3.993197769641948e-6
72.7,-2.97890791469727e-6,3.985337036833715e-6
72.71,-2.9879591198825296e-6,3.977334969811623e-6
72.72,-2.9968801639510255e-6,3.96919220992128e-6
72.73,-3.0056708543802155e-6,3.9609094027546925e-6
72.74,-3.0143310041819362e-6,3.952487198114831e-6
72.75,-3.022860431900541e-6,3.943926249980107e-6
72.76,-3.0312589616143676e-6,3.935227216468768e-6
72.77,-3.039526422934407e-6,3.926390759803186e-6
72.78,-3.047662651004146e-6,3.917417546273945e-6
72.79,-3.05566748649833e-6,3.908308246203938e-6
72.8,-3.06354077562249e-6,3.89906353391239e-6
72.81,-3.0712823701104475e-6,3.88968408767914e-6
72.82,-3.0788921272241717e-6,3.8801705897076525e-6
72.83,-3.0863699097511677e-6,3.8705237260903135e-6
72.84,-3.093715586002887e-6,3.860744186769718e-6
72.85,-3.100929029811958e-6,3.850832665504765e-6
72.86,-3.1080101205305726e-6,3.84078985983244e-6
72.87,-3.1149587430273212e-6,3.830616471032394e-6
72.88,-3.1217747876841346e-6,3.820313204089624e-6
72.89,-3.128458150393901e-6,3.8098807676579815e-6
72.9,-3.135008732556349e-6,3.7993198740235815e-6
72.91,-3.1414264410750816e-6,3.788631239067881e-6
72.92,-3.147711188353771e-6,3.7778155822305645e-6
72.93,-3.153862892291603e-6,3.766873626472907e-6
72.94,-3.1598814762799386e-6,3.7558060982407793e-6
72.95,-3.16576686919721e-6,3.7446137274270787e-6
72.96,-3.1715190054046474e-6,3.7332972473351842e-6
72.97,-3.177137824741305e-6,3.7218573946414243e-6
72.98,-3.182623272519106e-6,3.7102949093580382e-6
72.99,-3.1879752995173856e-6,3.698610534795502e-6
73.0,-3.193193861977554e-6,3.6868050175255178e-6
73.01,-3.1982789215973116e-6,3.674879107343522e-6
73.02,-3.2032304455242913e-6,3.6628335572311667e-6
73.03,-3.2080484063512104e-6,3.6506691233187393e-6
73.04,-3.2127327821078924e-6,3.6383865648477467e-6
73.05,-3.2172835562556677e-6,3.6259866441333263e-6
73.06,-3.2217007176804474e-6,3.613470126526473e-6
73.07,-3.225984260685493e-6,3.600837780376246e-6
73.08,-3.2301341849843587e-6,3.588090376992467e-6
73.09,-3.2341504956935916e-6,3.575228690607552e-6
73.1,-3.23803320332488e-6,3.562253498338836e-6
73.11,-3.2417823237772776e-6,3.5491655801506994e-6
73.12,-3.2453978783290727e-6,3.5359657188168816e-6
73.13,-3.248879893629949e-6,3.5226546998824244e-6
73.14,-3.25222840169194e-6,3.5092333116255305e-6
73.15,-3.2554434398810857e-6,3.495702345020004e-6
73.16,-3.258525050908382e-6,3.482062593697104e-6
73.17,-3.2614732828210188e-6,3.468314853907311e-6
73.18,-3.264288188992667e-6,3.4544599244826275e-6
73.19,-3.2669698281143114e-6,3.4404986067982563e-6
73.2,-3.269518264184294e-6,3.4264317047347614e-6
73.21,-3.271933566498569e-6,3.4122600246396485e-6
73.22,-3.2742158096406402e-6,3.3979843752895223e-6
73.23,-3.2763650734710472e-6,3.383605567851956e-6
73.24,-3.278381443117055e-6,3.3691244158469455e-6
73.25,-3.280265008961893e-6,3.354541735109189e-6
73.26,-3.2820158666337143e-6,3.3398583437498996e-6
73.27,-3.28363411699497e-6,3.3250750621182027e-6
73.28,-3.285119866130051e-6,3.3101927127634553e-6
73.29,-3.286473225335059e-6,3.2952121203966814e-6
73.3,-3.287694311105329e-6,3.2801341118525e-6
73.31,-3.288783245123569e-6,3.264959516050993e-6
73.32,-3.2897401542480936e-6,3.2496891639592895e-6
73.33,-3.290565170500419e-6,3.23432388855367e-6
73.34,-3.291258431052425e-6,3.218864524780999e-6
73.35,-3.2918200782143677e-6,3.2033119095208742e-6
73.36,-3.2922502594212908e-6,3.187666881546947e-6
73.37,-3.292549127220545e-6,3.171930281489406e-6
73.38,-3.292716839258269e-6,3.1561029517961898e-6
73.39,-3.292753558265911e-6,3.140185736694963e-6
73.4,-3.2926594520466954e-6,3.1241794821552416e-6
73.41,-3.2924346934619828e-6,3.108085035849841e-6
73.42,-3.2920794604169547e-6,3.0919032471169134e-6
73.43,-3.2915939358465634e-6,3.075634966921981e-6
73.44,-3.2909783077013006e-6,3.0592810478194015e-6
73.45,-3.2902327689322844e-6,3.0428423439147624e-6
73.46,-3.2893575174769424e-6,3.026319710826508e-6
73.47,-3.2883527562440686e-6,3.0097140056478155e-6
73.48,-3.287218693098e-6,2.993026086908888e-6
73.49,-3.285955540844698e-6,2.976256814538784e-6
73.5,-3.2845635172146652e-6,2.959407049827257e-6
73.51,-3.2830428448487073e-6,2.9424776553872e-6
73.52,-3.281393751281225e-6,2.9254694951163495e-6
73.53,-3.2796164689245927e-6,2.9083834341595575e-6
73.54,-3.2777112350529097e-6,2.891220338870987e-6
73.55,-3.27567829178585e-6,2.873981076776143e-6
73.56,-3.2735178860715166e-6,2.8566665165342273e-6
73.57,-3.271230269670663e-6,2.8392775279002245e-6
73.58,-3.2688156991388954e-6,2.821814981687445e-6
73.59,-3.266274435810575e-6,2.804279749729341e-6
73.6,-3.2636067457802742e-6,2.7866727048425945e-6
73.61,-3.260812899887207e-6,2.7689947207887605e-6
73.62,-3.257893173695999e-6,2.751246672237367e-6
73.63,-3.2548478474799752e-6,2.733429434727874e-6
73.64,-3.251677206202861e-6,2.715543884632538e-6
73.65,-3.248381539500735e-6,2.697590899119021e-6
73.66,-3.2449611416641533e-6,2.679571356112785e-6
73.67,-3.2414163116193183e-6,2.6614861342598525e-6
73.68,-3.237747352909822e-6,2.6433361128896907e-6
73.69,-3.233954573677852e-6,2.6251221719779827e-6
73.7,-3.2300382866452593e-6,2.6068451921091662e-6
73.71,-3.225998809094908e-6,2.5885060544397105e-6
73.72,-3.2218364628508142e-6,2.570105640660851e-6
73.73,-3.2175515742591224e-6,2.5516448329618396e-6
73.74,-3.213144474169292e-6,2.533124513992686e-6
73.75,-3.208615497913124e-6,2.5145455668273764e-6
73.76,-3.2039649852860728e-6,2.495908874927521e-6
73.77,-3.1991932805263336e-6,2.477215322104965e-6
73.78,-3.194300732295861e-6,2.458465792485569e-6
73.79,-3.18928769365923e-6,2.4396611704724043e-6
73.8,-3.1841545220634143e-6,2.420802340709222e-6
73.81,-3.1789015793171724e-6,2.4018901880441798e-6
73.82,-3.173529231570633e-6,2.3829255974933807e-6
73.83,-3.1680378492940085e-6,2.3639094542041232e-6
73.84,-3.1624278072571793e-6,2.3448426434194564e-6
73.85,-3.156699484507865e-6,2.3257260504413447e-6
73.86,-3.150853264350255e-6,2.3065605605949425e-6
73.87,-3.14488953432473e-6,2.2873470591921907e-6
73.88,-3.1388086861849288e-6,2.2680864314964985e-6
73.89,-3.1326111158766817e-6,2.248779562686127e-6
73.9,-3.126297223516176e-6,2.2294273378191865e-6
73.91,-3.1198674133673627e-6,2.2100306417973838e-6
73.92,-3.113322093820764e-6,2.1905903593305005e-6
73.93,-3.1066616773702856e-6,2.1711073749011597e-6
73.94,-3.0998865805916705e-6,2.1515825727291524e-6
73.95,-3.0929972241187675e-6,2.132016836736065e-6
73.96,-3.0859940326222526e-6,2.1124110505101463e-6
73.97,-3.0788774347855332e-6,2.0927660972710224e-6
73.98,-3.0716478632828396e-6,2.0730828598348114e-6
73.99,-3.0643057547555203e-6,2.0533622205789863e-6
74.0,-3.0568515497888187e-6,2.0336050614073554e-6
74.01,-3.0492856928891304e-6,2.0138122637156147e-6
74.02,-3.041608632459622e-6,1.9939847083564343e-6
74.03,-3.0338208207776324e-6,1.974123275604762e-6
74.04,-3.0259227139702866e-6,1.9542288451236954e-6
74.05,-3.0179147719912033e-6,1.934302295929583e-6
74.06,-3.0097974585955775e-6,1.914344506358134e-6
74.07,-3.0015712413171198e-6,1.8943563540300067e-6
74.08,-2.9932365914436355e-6,1.874338715816833e-6
74.09,-2.9847939839922983e-6,1.8542924678071786e-6
74.1,-2.9762438976856726e-6,1.8342184852726703e-6
74.11,-2.967586814926883e-6,1.814117642634133e-6
74.12,-2.958823221775014e-6,1.7939908134280883e-6
74.13,-2.9499536079205504e-6,1.7738388702731356e-6
74.14,-2.9409784666602134e-6,1.7536626848364382e-6
74.15,-2.931898294872237e-6,1.7334631278004537e-6
74.16,-2.922713592990656e-6,1.7132410688297914e-6
74.17,-2.913424864981071e-6,1.692997376537898e-6
74.18,-2.9040326183144153e-6,1.6727329184542801e-6
74.19,-2.894537363942079e-6,1.6524485609915768e-6
74.2,-2.8849396162702482e-6,1.6321451694125684e-6
74.21,-2.8752398931338484e-6,1.611823607798016e-6
74.22,-2.8654387157716695e-6,1.5914847390136475e-6
74.23,-2.8555366087999695e-6,1.571129424677816e-6
74.24,-2.8455341001851213e-6,1.5507585251303042e-6
74.25,-2.835431721221614e-6,1.5303728993979774e-6
74.26,-2.825230006501479e-6,1.509973405164772e-6
74.27,-2.8149294938905286e-6,1.4895608987388829e-6
74.28,-2.804530724500939e-6,1.4691362350212236e-6
74.29,-2.794034242665835e-6,1.4487002674735933e-6
74.3,-2.7834405959116585e-6,1.4282538480873965e-6
74.31,-2.772750334932537e-6,1.407797827351763e-6
74.32,-2.761964013562975e-6,1.3873330542231761e-6
74.33,-2.7510821887508634e-6,1.3668603760933833e-6
74.34,-2.7401054205315737e-6,1.3463806387587982e-6
74.35,-2.729034272000088e-6,1.3258946863898641e-6
74.36,-2.717869309284006e-6,1.305403361499896e-6
74.37,-2.7066111015170352e-6,1.2849075049147624e-6
74.38,-2.695260220810997e-6,1.264407955742364e-6
74.39,-2.6838172422290645e-6,1.243905551342124e-6
74.4,-2.672282743758082e-6,1.223401127295053e-6
74.41,-2.66065730628132e-6,1.2028955173736367e-6
74.42,-2.64894151355073e-6,1.1823895535116268e-6
74.43,-2.6371359521593435e-6,1.1618840657749407e-6
74.44,-2.6252412115137225e-6,1.1413798823311173e-6
74.45,-2.6132578838062613e-6,1.1208778294206229e-6
74.46,-2.601186563986804e-6,1.100378731327231e-6
74.47,-2.5890278497354196e-6,1.0798834103485924e-6
74.48,-2.576782341433778e-6,1.059392686767452e-6
74.49,-2.5644506421378e-6,1.0389073788228178e-6
74.5,-2.5520333575487965e-6,1.0184283026806899e-6
74.51,-2.5395310959857497e-6,9.979562724061455e-7
74.52,-2.5269444683569226e-6,9.774920999344264e-7
74.53,-2.51427408813142e-6,9.570365950426606e-7
74.54,-2.501520571311121e-6,9.365905653216957e-7
74.55,-2.4886845364017852e-6,9.161548161483137e-7
74.56,-2.475766604384688e-6,8.957301506570368e-7
74.57,-2.4627673986884557e-6,8.753173697127213e-7
74.58,-2.4496875451598657e-6,8.549172718826346e-7
74.59,-2.436527672035304e-6,8.345306534093615e-7
74.6,-2.4232884099123866e-6,8.141583081836029e-7
74.61,-2.4099703917206748e-6,7.938010277166533e-7
74.62,-2.3965742526930837e-6,7.734596011138412e-7
74.63,-2.3831006303369705e-6,7.531348150478181e-7
74.64,-2.3695501644050005e-6,7.328274537315487e-7
74.65,-2.3559234968664316e-6,7.125382988921732e-7
74.66,-2.3422212718779865e-6,6.922681297445812e-7
74.67,-2.328444135754196e-6,6.720177229651047e-7
74.68,-2.3145927369392682e-6,6.517878526660423e-7
74.69,-2.3006677259771495e-6,6.31579290369248e-7
74.7,-2.2866697554820483e-6,6.113928049810855e-7
74.71,-2.2725994801109925e-6,5.91229162765407e-7
74.72,-2.2584575565314203e-6,5.710891273211932e-7
74.73,-2.2442446433942603e-6,5.509734595544125e-7
74.74,-2.229961401304192e-6,5.308829176542878e-7
74.75,-2.2156084927891276e-6,5.108182570686011e-7
74.76,-2.2011865822719463e-6,4.907802304786106e-7
74.77,-2.1866963360402946e-6,4.7076958777501165e-7
74.78,-2.172138422217195e-6,4.5078707603292434e-7
74.79,-2.157513510731574e-6,4.308334394879656e-7
74.8,-2.142822273288459e-6,4.109094195137366e-7
74.81,-2.12806538333989e-6,3.9101575459450333e-7
74.82,-2.113243516054503e-6,3.7115318030532116e-7
74.83,-2.0983573482883063e-6,3.513224292863336e-7
74.84,-2.0834075585550606e-6,3.3152423122008943e-7
74.85,-2.0683948269960803e-6,3.117593128084609e-7
74.86,-2.0533198353508994e-6,2.9202839774932585e-7
74.87,-2.038183266927312e-6,2.7233220671423805e-7
74.88,-2.0229858065718005e-6,2.5267145732550485e-7
74.89,-2.0077281406392137e-6,2.330468641336649e-7
74.9,-1.992410956963315e-6,2.134591385955946e-7
74.91,-1.977034944827202e-6,1.939089890519479e-7
74.92,-1.961600794932459e-6,1.743971207055148e-7
74.93,-1.9461091993703875e-6,1.5492423559939675e-7
74.94,-1.9305608515915117e-6,1.3549103259554795e-7
74.95,-1.914956446375516e-6,1.1609820735313553e-7
74.96,-1.899296679801927e-6,9.67464523075847e-8
74.97,-1.8835822492196686e-6,7.743645664923821e-8
74.98,-1.8678138532172937e-6,5.816890630299553e-8
74.99,-1.8519921915926604e-6,3.89444839070223e-8
75.0,-1.8361179653240442e-6,1.9763868792777197e-8
75.01,-1.820191876539072e-6,6.277369643157419e-10
75.02,-1.804214628485131e-6,-1.846323892165922e-8
75.03,-1.7881869254994318e-6,-3.750838957565047e-8
75.04,-1.7721094729792728e-6,-5.6507049095597545e-8
75.05,-1.755982977351477e-6,-7.545855498573002e-8
75.06,-1.7398081460432982e-6,-9.436224817684777e-8
75.07,-1.7235856874514704e-6,-1.1321747304470853e-7
75.08,-1.7073163109130041e-6,-1.3202357742971796e-7
75.09,-1.6910007266748488e-6,-1.5077991265533886e-7
75.1,-1.6746396458642863e-6,-1.6948583354720408e-7
75.11,-1.6582337804584305e-6,-1.8814069845128156e-7
75.12,-1.6417838432551365e-6,-2.067438692522139e-7
75.13,-1.6252905478418197e-6,-2.2529471139142527e-7
75.14,-1.608754608567015e-6,-2.437925938854006e-7
75.15,-1.592176740509588e-6,-2.6223688934306056e-7
75.16,-1.5755576594490958e-6,-2.8062697398335556e-7
75.17,-1.5588980818353769e-6,-2.9896222765277526e-7
75.18,-1.5421987247600762e-6,-3.172420338427165e-7
75.19,-1.5254603059250887e-6,-3.3546577970585877e-7
75.2,-1.508683543613864e-6,-3.536328560738021e-7
75.21,-1.4918691566614268e-6,-3.717426574729599e-7
75.22,-1.475017864424448e-6,-3.8979458214165625e-7
75.23,-1.4581303867516009e-6,-4.0778803204581134e-7
75.24,-1.441207443953359e-6,-4.257224128955884e-7
75.25,-1.4242497567732216e-6,-4.435971341605052e-7
75.26,-1.4072580463568314e-6,-4.6141160908584585e-7
75.27,-1.390233034224675e-6,-4.791652547080053e-7
75.28,-1.3731754422382537e-6,-4.968574918694137e-7
75.29,-1.356085992574719e-6,-5.144877452340319e-7
75.3,-1.3389654076950977e-6,-5.320554433021608e-7
75.31,-1.3218144103151909e-6,-5.495600184252824e-7
75.32,-1.304633723376315e-6,-5.67000906820521e-7
75.33,-1.2874240700154745e-6,-5.843775485849558e-7
75.34,-1.2701861735360648e-6,-6.01689387709864e-7
75.35,-1.2529207573785114e-6,-6.189358720947515e-7
75.36,-1.2356285450910943e-6,-6.361164535610783e-7
75.37,-1.218310260299996e-6,-6.532305878657891e-7
75.38,-1.200966626680713e-6,-6.702777347149467e-7
75.39,-1.1835983679286131e-6,-6.872573577767285e-7
75.4,-1.1662062077292138e-6,-7.041689246944692e-7
75.41,-1.1487908697298524e-6,-7.210119070996697e-7
75.42,-1.1313530775099664e-6,-7.37785780624529e-7
75.43,-1.1138935545524317e-6,-7.544900249143193e-7
75.44,-1.0964130242138322e-6,-7.711241236397143e-7
75.45,-1.0789122096966165e-6,-7.876875645089598e-7
75.46,-1.0613918340186186e-6,-8.041798392795606e-7
75.47,-1.0438526199861997e-6,-8.206004437702316e-7
75.48,-1.0262952901634402e-6,-8.369488778720061e-7
75.49,-1.0087205668444182e-6,-8.532246455598937e-7
75.5,-9.911291720243993e-7,-8.694272549037938e-7
75.51,-9.735218273706658e-7,-8.855562180794165e-7
75.52,-9.55899254194809e-7,-9.016110513791398e-7
75.53,-9.382621734230683e-7,-9.175912752224641e-7
75.54,-9.206113055687701e-7,-9.334964141662718e-7
75.55,-9.029473707031562e-7,-9.493259969151182e-7
75.56,-8.852710884274587e-7,-9.65079556331027e-7
75.57,-8.675831778444901e-7,-9.807566294433494e-7
75.58,-8.498843575301893e-7,-9.96356757458471e-7
75.59,-8.321753455055286e-7,-1.0118794857688804e-6
75.6,-8.144568592085374e-7,-1.0273243639624955e-6
75.61,-7.967296154657804e-7,-1.042690945831835e-6
75.62,-7.789943304648875e-7,-1.057978789382635e-6
75.63,-7.612517197262116e-7,-1.073187456842295e-6
75.64,-7.435024980749897e-7,-1.0883165146687895e-6
75.65,-7.257473796139183e-7,-1.103365533558214e-6
75.66,-7.079870776948028e-7,-1.1183340884536161e-6
75.67,-6.902223048914827e-7,-1.133221758552228e-6
75.68,-6.724537729716046e-7,-1.1480281273132372e-6
75.69,-6.546821928698675e-7,-1.162752782465343e-6
75.7,-6.369082746595827e-7,-1.1773953160140054e-6
75.71,-6.191327275266232e-7,-1.1919553242487237e-6
75.72,-6.013562597404451e-7,-1.2064324077493918e-6
75.73,-5.835795786285225e-7,-1.2208261713935707e-6
75.74,-5.658033905484796e-7,-1.235136224362398e-6
75.75,-5.480284008602378e-7,-1.2493621801475935e-6
75.76,-5.302553139003481e-7,-1.26350365655713e-6
75.77,-5.124848329545727e-7,-1.277560275721164e-6
75.78,-4.947176602307309e-7,-1.291531664097877e-6
75.79,-4.769544968323854e-7,-1.3054174524791257e-6
75.8,-4.5919604273197255e-7,-1.31921727599547e-6
75.81,-4.414429967443317e-7,-1.3329307741219905e-6
75.82,-4.2369605649999974e-7,-1.3465575906823135e-6
75.83,-4.059559184191967e-7,-1.3600973738544076e-6
75.84,-3.882232776851062e-7,-1.373549776174483e-6
75.85,-3.704988282178651e-7,-1.3869144545415771e-6
75.86,-3.5278326264848476e-7,-1.400191070222062e-6
75.87,-3.3507727229233083e-7,-1.4133792888533323e-6
75.88,-3.173815471241644e-7,-1.4264787804477866e-6
75.89,-2.9969677575097694e-7,-1.4394892193965238e-6
75.9,-2.820236453872995e-7,-1.4524102844727544e-6
75.91,-2.643628418289186e-7,-1.465241658835167e-6
75.92,-2.4671504942748246e-7,-1.4779830300309196e-6
75.93,-2.2908095106524008e-7,-1.4906340899985458e-6
75.94,-2.1146122812917533e-7,-1.503194535071023e-6
75.95,-1.9385656048578102e-7,-1.515664065977579e-6
75.96,-1.7626762645651057e-7,-1.5280423878469569e-6
75.97,-1.5869510279188655e-7,-1.540329210208738e-6
75.98,-1.4113966464670357e-7,-1.5525242469960316e-6
75.99,-1.236019855557021e-7,-1.5646272165466802e-6
76.0,-1.0608273740791628e-7,-1.5766378416052885e-6
76.01,-8.858259042232332e-8,-1.5885558493245127e-6
76.02,-7.110221312395482e-8,-1.6003809712662043e-6
76.03,-5.364227231795519e-8,-1.612112943402775e-6
76.04,-3.620343306627656e-8,-1.623751506117461e-6
76.05,-1.878635866355995e-8,-1.6352964042057546e-6
76.06,-1.3917106121103625e-9,-1.646747386875564e-6
76.07,1.597985140152447e-8,-1.6581042077474288e-6
76.08,3.332766953085262e-8,-1.669366624854834e-6
76.09,5.065108779287189e-8,-1.6805344006442155e-6
76.1,6.794945209220245e-8,-1.691607301974551e-6
76.11,8.52221102446258e-8,-1.7025851001172372e-6
76.12,1.0246841200043152e-7,-1.7134675707551372e-6
76.13,1.1968770906779113e-7,-1.7242544939822687e-6
76.14,1.3687935513640656e-7,-1.734945654302525e-6
76.15,1.5404270590009256e-7,-1.7455408406287155e-6
76.16,1.7117711908044018e-7,-1.7560398462812953e-6
76.17,1.882819544493482e-7,-1.766442468986796e-6
76.18,2.053565738521326e-7,-1.7767485108762804e-6
76.19,2.2240034122970856e-7,-1.7869577784832845e-6
76.2,2.394126226415452e-7,-1.7970700827421908e-6
76.21,2.563927862894469e-7,-1.8070852389857973e-6
76.22,2.733402025362949e-7,-1.8170030669429207e-6
76.23,2.902542439322504e-7,-1.826823390736217e-6
76.24,3.071342852345185e-7,-1.8365460388789223e-6
76.25,3.2397970343023466e-7,-1.8461708442724788e-6
76.26,3.407898777580077e-7,-1.855697644203234e-6
76.27,3.575641897296625e-7,-1.865126280339128e-6
76.28,3.743020231519417e-7,-1.874456598726836e-6
76.29,3.910027641482618e-7,-1.8836884497873377e-6
76.3,4.0766580117921784e-7,-1.892821688312783e-6
76.31,4.242905250651692e-7,-1.9018561734625057e-6
76.32,4.408763290060424e-7,-1.910791768758912e-6
76.33,4.574226086031425e-7,-1.9196283420829075e-6
76.34,4.7392876187938787e-7,-1.9283657656701795e-6
76.35,4.903941893013265e-7,-1.9370039161054506e-6
76.36,5.068182937976513e-7,-1.945542674319308e-6
76.37,5.23200480781616e-7,-1.9539819255817497e-6
76.38,5.395401581702165e-7,-1.9623215594980755e-6
76.39,5.558367364051384e-7,-1.9705614700031645e-6
76.4,5.720896284723412e-7,-1.9787015553561494e-6
76.41,5.882982499220638e-7,-1.986741718134786e-6
76.42,6.044620188889113e-7,-1.994681865229972e-6
76.43,6.205803561112759e-7,-2.0025219078392867e-6
76.44,6.366526849509633e-7,-2.0102617614615044e-6
76.45,6.526784314126763e-7,-2.017901345889863e-6
76.46,6.686570241633573e-7,-2.025440585205873e-6
76.47,6.845878945510128e-7,-2.032879407772738e-6
76.48,7.004704766240252e-7,-2.04021774622852e-6
76.49,7.1630420714975e-7,-2.0474555374794764e-6
76.5,7.320885256338536e-7,-2.0545927226926217e-6
76.51,7.478228743382011e-7,-2.0616292472885763e-6
76.52,7.6350669829951e-7,-2.0685650609348392e-6
76.53,7.791394453478432e-7,-2.0754001175373712e-6
76.54,7.947205661247937e-7,-2.082134375233308e-6
76.55,8.102495141012434e-7,-2.088767796383146e-6
76.56,8.257257455957528e-7,-2.0953003475626126e-6
76.57,8.411487197915477e-7,-2.1017319995545743e-6
76.58,8.565178987549799e-7,-2.1080627273406824e-6
76.59,8.718327474526058e-7,-2.1142925100930986e-6
76.6,8.870927337681631e-7,-2.1204213311653934e-6
76.61,9.022973285204888e-7,-2.1264491780843085e-6
76.62,9.174460054799989e-7,-2.13237604254062e-6
76.63,9.325382413859035e-7,-2.1382019203797315e-6
76.64,9.475735159627817e-7,-2.1439268115930563e-6
76.65,9.62551311937184e-7,-2.1495507203082405e-6
76.66,9.774711150542286e-7,-2.1550736547795967e-6
76.67,9.923324140937077e-7,-2.1604956273788154e-6
76.68,1.0071347008870802e-6,-2.1658166545843982e-6
76.69,1.021877470331629e-6,-2.1710367569726504e-6
76.7,1.0365602204084377e-6,-2.1761559592068514e-6
76.71,1.0511824521970197e-6,-2.1811742900271903e-6
76.72,1.065743669890886e-6,-2.1860917822404373e-6
76.73,1.0802433808132874e-6,-2.190908472709129e-6
76.74,1.0946810954323472e-6,-2.1956244023413577e-6
76.75,1.1090563273765063e-6,-2.200239616079307e-6
76.76,1.1233685934487373e-6,-2.2047541628890026e-6
76.77,1.1376174136426228e-6,-2.209168095748357e-6
76.78,1.1518023111554817e-6,-2.2134814716366476e-6
76.79,1.1659228124041752e-6,-2.2176943515225447e-6
76.8,1.1799784470390582e-6,-2.2218068003530354e-6
76.81,1.1939687479578822e-6,-2.2258188870413673e-6
76.82,1.2078932513205502e-6,-2.229730684455572e-6
76.83,1.2217514965624203e-6,-2.233542269406202e-6
76.84,1.2355430264085e-6,-2.2372537226342784e-6
76.85,1.2492673868866268e-6,-2.240865128799401e-6
76.86,1.262924127341521e-6,-2.244376576466919e-6
76.87,1.276512800447596e-6,-2.2477881580957913e-6
76.88,1.290032962222328e-6,-2.2510999700257913e-6
76.89,1.303484172039215e-6,-2.2543121124649187e-6
76.9,1.3168659926408504e-6,-2.2574246894761827e-6
76.91,1.3301779901510666e-6,-2.2604378089649335e-6
76.92,1.3434197340883465e-6,-2.2633515826653924e-6
76.93,1.3565907973770203e-6,-2.266166126127864e-6
76.94,1.3696907563607993e-6,-2.268881558704765e-6
76.95,1.382719190813803e-6,-2.271498003537632e-6
76.96,1.3956756839531755e-6,-2.2740155875426644e-6
76.97,1.4085598224503607e-6,-2.276434441398202e-6
76.98,1.4213711964429855e-6,-2.278754699529463e-6
76.99,1.4341093995462207e-6,-2.2809765000955857e-6
77.0,1.4467740288641831e-6,-2.2830999849746733e-6
77.01,1.4593646850009718e-6,-2.285125299750195e-6
77.02,1.4718809720714638e-6,-2.2870525936961518e-6
77.03,1.4843224977125323e-6,-2.2888820197626167e-6
77.04,1.4966888730933985e-6,-2.290613734561388e-6
77.05,1.5089797129261585e-6,-2.292247898350836e-6
77.06,1.5211946354764747e-6,-2.293784675021295e-6
77.07,1.533333262573051e-6,-2.2952242320800928e-6
77.08,1.5453952196185886e-6,-2.296566740636385e-6
77.09,1.5573801355988633e-6,-2.297812375385815e-6
77.1,1.5692876430926022e-6,-2.298961314595431e-6
77.11,1.5811173782815696e-6,-2.3000137400879753e-6
77.12,1.5928689809592423e-6,-2.3009698372266303e-6
77.13,1.6045420945405075e-6,-2.301829794899098e-6
77.14,1.6161363660698293e-6,-2.302593805502038e-6
77.15,1.627651446233668e-6,-2.3032620649249444e-6
77.16,1.63908698936237e-6,-2.3038347725343992e-6
77.17,1.6504426534455795e-6,-2.304312131157661e-6
77.18,1.6617181001375913e-6,-2.304694347066898e-6
77.19,1.6729129947653356e-6,-2.304981629962495e-6
77.2,1.6840270063378215e-6,-2.3051741929567592e-6
77.21,1.6950598075527827e-6,-2.305272252557507e-6
77.22,1.7060110748057818e-6,-2.3052760286511554e-6
77.23,1.7168804881974258e-6,-2.305185744486458e-6
77.24,1.727667731537771e-6,-2.305001626657254e-6
77.25,1.7383724923608616e-6,-2.304723905085541e-6
77.26,1.74899446192453e-6,-2.3043528130048003e-6
77.27,1.7595333352209038e-6,-2.303888586942613e-6
77.28,1.7699888109828998e-6,-2.303331466703385e-6
77.29,1.7803605916903376e-6,-2.3026816953513414e-6
77.3,1.7906483835769736e-6,-2.3019395191926088e-6
77.31,1.8008518966364286e-6,-2.3011051877582035e-6
77.32,1.8109708446286403e-6,-2.300178953786129e-6
77.33,1.8210049450858987e-6,-2.299161073203841e-6
77.34,1.8309539193184333e-6,-2.2980518051101635e-6
77.35,1.8408174924203909e-6,-2.2968514117580005e-6
77.36,1.8505953932752303e-6,-2.2955601585354665e-6
77.37,1.8602873545611768e-6,-2.2941783139488243e-6
77.38,1.8698931127565132e-6,-2.2927061496035252e-6
77.39,1.879412408144283e-6,-2.291143940186558e-6
77.4,1.8888449848178395e-6,-2.289491963447609e-6
77.41,1.8981905906846934e-6,-2.287750500181171e-6
77.42,1.9074489774720513e-6,-2.2859198342075592e-6
77.43,1.9166199007304894e-6,-2.2840002523546566e-6
77.44,1.9257031198385876e-6,-2.281992044439253e-6
77.45,1.9346983980069734e-6,-2.2798955032482517e-6
77.46,1.9436055022819575e-6,-2.2777109245195184e-6
77.47,1.9524242035499496e-6,-2.275438606923507e-6
77.48,1.9611542765402136e-6,-2.273078852044158e-6
77.49,1.969795499829281e-6,-2.270631964359397e-6
77.5,1.9783476558434106e-6,-2.268098251222671e-6
77.51,1.98681053086214e-6,-2.265478022843129e-6
77.52,1.9951839150212637e-6,-2.2627715922668828e-6
77.53,2.003467602315343e-6,-2.2599792753570607e-6
77.54,2.0116613906009047e-6,-2.2571013907749696e-6
77.55,2.019765081598636e-6,-2.254138259960084e-6
77.56,2.0277784808951747e-6,-2.251090207111029e-6
77.57,2.0357013979464663e-6,-2.247957559164989e-6
77.58,2.0435336460787168e-6,-2.2447406457791986e-6
77.59,2.051275042490741e-6,-2.241439799310394e-6
77.6,2.058925408255741e-6,-2.238055354795035e-6
77.61,2.066484568322431e-6,-2.2345876499295777e-6
77.62,2.0739523515171e-6,-2.23103702505031e-6
77.63,2.0813285905439434e-6,-2.227403823113474e-6
77.64,2.088613121986931e-6,-2.223688389675045e-6
77.65,2.0958057863103075e-6,-2.2198910728706164e-6
77.66,2.102906427859386e-6,-2.2160122233950735e-6
77.67,2.109914894861063e-6,-2.2120521944825402e-6
77.68,2.116831039425299e-6,-2.208011341885599e-6
77.69,2.1236547175429422e-6,-2.2038900238552713e-6
77.7,2.1303857890889096e-6,-2.1996886011203976e-6
77.71,2.137024117818725e-6,-2.1954074368674406e-6
77.72,2.1435695713727288e-6,-2.191046896718905e-6
77.73,2.1500220212714502e-6,-2.1866073487138924e-6
77.74,2.156381342917629e-6,-2.1820891632867833e-6
77.75,2.1626474155945557e-6,-2.1774927132465116e-6
77.76,2.1688201224657095e-6,-2.172818373756061e-6
77.77,2.174899350573574e-6,-2.168066522311283e-6
77.78,2.1808849908386297e-6,-2.163237538720151e-6
77.79,2.186776938057906e-6,-2.1583318050819083e-6
77.8,2.1925750909039837e-6,-2.15334970576591e-6
77.81,2.1982793519226158e-6,-2.148291627390587e-6
77.82,2.203889627531867e-6,-2.143157958802696e-6
77.83,2.2094058280196765e-6,-2.137949091055578e-6
77.84,2.2148278675420434e-6,-2.1326654173886168e-6
77.85,2.2201556641206925e-6,-2.1273073332056217e-6
77.86,2.225389139640843e-6,-2.121875236053615e-6
77.87,2.2305282198487203e-6,-2.1163695256018305e-6
77.88,2.235572834348801e-6,-2.1107906036198076e-6
77.89,2.2405229166010005e-6,-2.1051388739567693e-6
77.9,2.245378403917807e-6,-2.099414742519383e-6
77.91,2.2501392374613126e-6,-2.093618617251068e-6
77.92,2.2548053622396593e-6,-2.0877509081098783e-6
77.93,2.2593767271037047e-6,-2.081812027047481e-6
77.94,2.2638532847437483e-6,-2.0758023879872385e-6
77.95,2.2682349916854903e-6,-2.069722406802738e-6
77.96,2.2725218082863104e-6,-2.06357250129628e-6
77.97,2.276713698731446e-6,-2.057353091176945e-6
77.98,2.280810631029364e-6,-2.051064598039394e-6
77.99,2.2848125770081475e-6,-2.0447074453414304e-6
78.0,2.288719512310235e-6,-2.038282058383026e-6
78.01,2.2925314163887916e-6,-2.0317888642839797e-6
78.02,2.2962482725020135e-6,-2.025228291962452e-6
78.03,2.2998700677090815e-6,-2.0186007721129805e-6
78.04,2.303396792864427e-6,-2.0119067371846264e-6
78.05,2.3068284426130885e-6,-2.00514662135921e-6
78.06,2.3101650153850232e-6,-1.998320860529272e-6
78.07,2.3134065133900853e-6,-1.991429892276482e-6
78.08,2.3165529426118595e-6,-1.9844741558489855e-6
78.09,2.319604312802213e-6,-1.9774540921405855e-6
78.1,2.3225606374758346e-6,-1.9703701436675035e-6
78.11,2.3254219339031913e-6,-1.9632227545472645e-6
78.12,2.3281882231051606e-6,-1.9560123704764956e-6
78.13,2.3308595298465663e-6,-1.9487394387085246e-6
78.14,2.3334358826294788e-6,-1.94140440803194e-6
78.15,2.335917313686978e-6,-1.934007728747988e-6
78.16,2.3383038589759585e-6,-1.926549852648895e-6
78.17,2.34059555817088e-6,-1.9190312329955415e-6
78.18,2.3427924546554013e-6,-1.9114523244955643e-6
78.19,2.3448945955176186e-6,-1.9038135832809737e-6
78.2,2.3469020315402425e-6,-1.8961154668863848e-6
78.21,2.348814817194917e-6,-1.8883584342266573e-6
78.22,2.3506330106334706e-6,-1.8805429455749097e-6
78.23,2.352356673681141e-6,-1.8726694625401837e-6
78.24,2.353985871828256e-6,-1.8647384480455454e-6
78.25,2.355520674222082e-6,-1.856750366305908e-6
78.26,2.356961153659386e-6,-1.8487056828055682e-6
78.27,2.358307386577109e-6,-1.8406048642764752e-6
78.28,2.359559453045543e-6,-1.8324483786759325e-6
78.29,2.3607174367583023e-6,-1.8242366951642084e-6
78.3,2.3617814250242e-6,-1.8159702840828342e-6
78.31,2.3627515087590558e-6,-1.8076496169319533e-6
78.32,2.3636277824759e-6,-1.7992751663486172e-6
78.33,2.3644103442764127e-6,-1.790847406084247e-6
78.34,2.365099295841702e-6,-1.7823668109828546e-6
78.35,2.365694742422811e-6,-1.7738338569586048e-6
78.36,2.3661967928315895e-6,-1.7652490209738196e-6
78.37,2.3666055594309643e-6,-1.7566127810168188e-6
78.38,2.3669211581251284e-6,-1.7479256160798475e-6
78.39,2.3671437083498453e-6,-1.7391880061367845e-6
78.4,2.3672733330626825e-6,-1.7304004321213447e-6
78.41,2.367310158732497e-6,-1.7215633759046136e-6
78.42,2.3672543153297632e-6,-1.7126773202733837e-6
78.43,2.367105936315826e-6,-1.7037427489076641e-6
78.44,2.3668651586324513e-6,-1.6947601463588935e-6
78.45,2.366532122691894e-6,-1.6857299980277524e-6
78.46,2.366106972365344e-6,-1.6766527901422948e-6
78.47,2.365589854972688e-6,-1.667529009735638e-6
78.48,2.3649809212707553e-6,-1.6583591446242981e-6
78.49,2.3642803254438233e-6,-1.6491436833859995e-6
78.5,2.3634882250908196e-6,-1.639883115337769e-6
78.51,2.362604781214855e-6,-1.630577930513978e-6
78.52,2.361630158211651e-6,-1.6212286196443549e-6
78.53,2.3605645238579856e-6,-1.6118356741322057e-6
78.54,2.359408049299751e-6,-1.6023995860324707e-6
78.55,2.358160909040643e-6,-1.5929208480297752e-6
78.56,2.356823280929939e-6,-1.5833999534167143e-6
78.57,2.3553953461508458e-6,-1.5738373960719455e-6
78.58,2.353877289207656e-6,-1.564233670438428e-6
78.59,2.352269297914436e-6,-1.554589271501616e-6
78.6,2.350571563381904e-6,-1.5449046947679346e-6
78.61,2.3487842800052554e-6,-1.5351804362425762e-6
78.62,2.3469076454516846e-6,-1.5254169924084866e-6
78.63,2.3449418606475008e-6,-1.5156148602041183e-6
78.64,2.3428871297651404e-6,-1.505774537002101e-6
78.65,2.3407436602112253e-6,-1.4958965205872935e-6
78.66,2.3385116626118562e-6,-1.4859813091361357e-6
78.67,2.3361913508008463e-6,-1.4760294011938811e-6
78.68,2.3337829418062943e-6,-1.4660412956540661e-6
78.69,2.331286655836387e-6,-1.4560174917364608e-6
78.7,2.328702716266881e-6,-1.4459584889658647e-6
78.71,2.3260313496269127e-6,-1.4358647871509474e-6
78.72,2.3232727855858365e-6,-1.4257368863622262e-6
78.73,2.3204272569393803e-6,-1.4155752869115315e-6
78.74,2.3174949995939594e-6,-1.4053804893302609e-6
78.75,2.314476252556534e-6,-1.3951529943479558e-6
78.76,2.3113712579167876e-6,-1.3848933028717065e-6
78.77,2.3081802608346834e-6,-1.374601915964445e-6
78.78,2.304903509525804e-6,-1.3642793348241559e-6
78.79,2.3015412552469865e-6,-1.3539260607624215e-6
78.8,2.2980937522820144e-6,-1.3435425951838633e-6
78.81,2.294561257926545e-6,-1.333129439564795e-6
78.82,2.290944032473782e-6,-1.3226870954323762e-6
78.83,2.2872423391995854e-6,-1.3122160643436003e-6
78.84,2.2834564443474243e-6,-1.3017168478647243e-6
78.85,2.2795866171136945e-6,-1.2911899475501507e-6
78.86,2.2756331296323733e-6,-1.280635864921819e-6
78.87,2.2715962569597412e-6,-1.2700551014483134e-6
78.88,2.267476277059443e-6,-1.259448158524519e-6
78.89,2.2632734707869395e-6,-1.2488155374506657e-6
78.9,2.258988121873773e-6,-1.2381577394118077e-6
78.91,2.254620516912351e-6,-1.2274752654576566e-6
78.92,2.2501709453405636e-6,-1.216768616481541e-6
78.93,2.2456396994253523e-6,-1.2060382932006279e-6
78.94,2.2410270742470723e-6,-1.1952847961348603e-6
78.95,2.2363333676838378e-6,-1.1845086255872245e-6
78.96,2.231558880395521e-6,-1.1737102816233646e-6
78.97,2.2267039158072153e-6,-1.1628902640510847e-6
78.98,2.2217687800936394e-6,-1.1520490724006375e-6
78.99,2.2167537821624185e-6,-1.1411872059042308e-6
79.0,2.211659233637836e-6,-1.130305163476386e-6
79.01,2.2064854488444344e-6,-1.1194034436936403e-6
79.02,2.2012327447907103e-6,-1.108482544775038e-6
79.03,2.1959014411520886e-6,-1.0975429645615116e-6
79.04,2.190491860254367e-6,-1.0865852004971308e-6
79.05,2.1850043270571954e-6,-1.0756097496086368e-6
79.06,2.179439169136922e-6,-1.0646171084860192e-6
79.07,2.173796716669899e-6,-1.0536077732627664e-6
79.08,2.168077302415247e-6,-1.0425822395964129e-6
79.09,2.162281261698001e-6,-1.0315410026493093e-6
79.1,2.1564089323916824e-6,-1.0204845570688335e-6
79.11,2.150460654901573e-6,-1.009413396968144e-6
79.12,2.14443677214592e-6,-9.983280159071792e-7
79.13,2.1383376295413315e-6,-9.872289068728739e-7
79.14,2.1321635749824755e-6,-9.761165622605029e-7
79.15,2.125914958826066e-6,-9.649914738544447e-7
79.16,2.1195921338727037e-6,-9.53854132809219e-7
79.17,2.113195455349688e-6,-9.427050296302911e-7
79.18,2.1067252808924478e-6,-9.315446541556852e-7
79.19,2.1001819705279754e-6,-9.203734955365935e-7
79.2,2.0935658866554975e-6,-9.091920422191653e-7
79.21,2.0868773940294927e-6,-8.980007819254604e-7
79.22,2.080116859741357e-6,-8.868002016350463e-7
79.23,2.0732846532014747e-6,-8.755907875665652e-7
79.24,2.066381146120751e-6,-8.643730251590835e-7
79.25,2.0594067124924475e-6,-8.531473990537797e-7
79.26,2.0523617285742046e-6,-8.419143930757307e-7
79.27,2.0452465728694343e-6,-8.306744902158162e-7
79.28,2.0380616261089347e-6,-8.194281726120164e-7
79.29,2.0308072712324444e-6,-8.081759215320672e-7
79.3,2.0234838933701425e-6,-7.969182173550721e-7
79.31,2.0160918798239165e-6,-7.85655539553575e-7
79.32,2.0086316200488455e-6,-7.74388366675828e-7
79.33,2.001103505634539e-6,-7.631171763280994e-7
79.34,1.9935079302861072e-6,-7.518424451567226e-7
79.35,1.985845289805643e-6,-7.405646488308972e-7
79.36,1.978115982073053e-6,-7.292842620248745e-7
79.37,1.9703204070275705e-6,-7.180017584005419e-7
79.38,1.962458966647945e-6,-7.067176105902343e-7
79.39,1.9545320649344026e-6,-6.954322901792075e-7
79.4,1.9465401078887576e-6,-6.841462676888614e-7
79.41,1.938483503495632e-6,-6.728600125591557e-7
79.42,1.930362661703344e-6,-6.61573993131815e-7
79.43,1.922177994404265e-6,-6.502886766334658e-7
79.44,1.913929915415974e-6,-6.390045291586959e-7
79.45,1.9056188404615285e-6,-6.277220156532218e-7
79.46,1.897245187150383e-6,-6.164415998972126e-7
79.47,1.8888093749586722e-6,-6.051637444889267e-7
79.48,1.8803118252101186e-6,-5.938889108277645e-7
79.49,1.8717529610558256e-6,-5.826175590984392e-7
79.5,1.8631332074554707e-6,-5.71350148253885e-7
79.51,1.8544529911574067e-6,-5.600871359997591e-7
79.52,1.8457127406786773e-6,-5.488289787777911e-7
79.53,1.8369128862857886e-6,-5.375761317499089e-7
79.54,1.8280538599747195e-6,-5.263290487821497e-7
79.55,1.8191360954511425e-6,-5.150881824289494e-7
79.56,1.810160028110607e-6,-5.038539839170816e-7
79.57,1.8011260950190628e-6,-4.926269031302984e-7
79.58,1.7920347348918454e-6,-4.814073885936021e-7
79.59,1.7828863880763033e-6,-4.701958874564114e-7
79.6,1.773681496527867e-6,-4.5899284548036017e-7
79.61,1.7644205037935095e-6,-4.4779870702052127e-7
79.62,1.7551038549904023e-6,-4.36613915011934e-7
79.63,1.7457319967856022e-6,-4.254389109541771e-7
79.64,1.736305377376519e-6,-4.14274134896027e-7
79.65,1.7268244464706385e-6,-4.0312002542087575e-7
79.66,1.7172896552648379e-6,-3.919770196315438e-7
79.67,1.707701456426051e-6,-3.8084555313538216e-7
79.68,1.6980603040705376e-6,-3.6972606003087273e-7
79.69,1.6883666537435864e-6,-3.5861897289050055e-7
79.7,1.6786209623996049e-6,-3.475247227487777e-7
79.71,1.6688236883814752e-6,-3.3644373908649257e-7
79.72,1.6589752914005174e-6,-3.253764498168943e-7
79.73,1.6490762325159906e-6,-3.1432328127127555e-7
79.74,1.639126974114693e-6,-3.0328465818507814e-7
79.75,1.6291279798906744e-6,-2.9226100368363805e-7
79.76,1.6190797148247102e-6,-2.812527392685322e-7
79.77,1.608982645164306e-6,-2.702602848036773e-7
79.78,1.5988372384022003e-6,-2.5928405850141664e-7
79.79,1.58864396325742e-6,-2.4832447690948064e-7
79.8,1.5784032896533919e-6,-2.3738195489675195e-7
79.81,1.5681156886981028e-6,-2.264569056405144e-7
79.82,1.5577816326637003e-6,-2.1554974061271706e-7
79.83,1.5474015949654215e-6,-2.0466086956697594e-7
79.84,1.536976050141812e-6,-1.9379070052533903e-7
79.85,1.5265054738332203e-6,-1.8293963976559122e-7
79.86,1.5159903427620862e-6,-1.7210809180784095e-7
79.87,1.5054311347116026e-6,-1.61296459402315e-7
79.88,1.4948283285061207e-6,-1.50505143516201e-7
79.89,1.484182403989194e-6,-1.3973454332128035e-7
79.9,1.473493842004361e-6,-1.2898505618139942e-7
79.91,1.4627631243732578e-6,-1.1825707764018935e-7
79.92,1.4519907338758287e-6,-1.0755100140847421e-7
79.93,1.4411771542293013e-6,-9.686721935263816e-8
79.94,1.430322870067851e-6,-8.62061214818719e-8
79.95,1.4194283669213964e-6,-7.55680959368839e-8
79.96,1.4084941311958278e-6,-6.495352897750344e-8
79.97,1.3975206501511142e-6,-5.4362804971396865e-8
79.98,1.3865084118818046e-6,-4.379630638194227e-8
79.99,1.3754579052957698e-6,-3.3254413757017794e-8
80.0,1.3643696200935274e-6,-2.273750571746991e-8
80.01,1.3532440467477665e-6,-1.2245958945879848e-8
80.02,1.3420816764825725e-6,-1.7801481751584894e-9
80.03,1.3308830012528079e-6,8.659553822545274e-9
80.04,1.319648513723554e-6,1.9072776246675403e-8
80.05,1.3083787072488013e-6,2.945915027930665e-8
80.06,1.2970740758520056e-6,3.9818309095929183e-8
80.07,1.2857351142042537e-6,5.014988787620541e-8
80.08,1.2743623176040637e-6,6.045352381432166e-8
80.09,1.262956181957143e-6,7.07288561297042e-8
80.1,1.2515172037550613e-6,8.097552607719436e-8
80.11,1.2400458800549616e-6,9.119317695745196e-8
80.12,1.2285427084590617e-6,1.0138145412733958e-7
80.13,1.217008187093693e-6,1.1154000500893267e-7
80.14,1.205442814589072e-6,1.2166847910097545e-7
80.15,1.1938470900587672e-6,1.3176652798717023e-7
80.16,1.1822215130783146e-6,1.4183380534730368e-7
80.17,1.1705665836656966e-6,1.5186996696583986e-7
80.18,1.158882802260051e-6,1.6187467074163797e-7
80.19,1.1471706697018282e-6,1.7184757669758948e-7
80.2,1.135430687211398e-6,1.81788346989698e-7
80.21,1.1236633563693246e-6,1.916966459162599e-7
80.22,1.1118691790954915e-6,2.0157213992700496e-7
80.23,1.10004865762838e-6,2.1141449763178485e-7
80.24,1.0882022945058352e-6,2.212233898098322e-7
80.25,1.0763305925426076e-6,2.3099848941798073e-7
80.26,1.0644340548118269e-6,2.407394715997486e-7
80.27,1.0525131846236147e-6,2.5044601369337377e-7
80.28,1.0405684855049718e-6,2.60117795240686e-7
80.29,1.0286004611794504e-6,2.6975449799497953e-7
80.3,1.0166096155466844e-6,2.79355805929314e-7
80.31,1.0045964526624131e-6,2.889214052447929e-7
80.32,9.925614767178325e-7,2.9845098437812376e-7
80.33,9.805051920197127e-7,3.0794423400955733e-7
80.34,9.684281029690385e-7,3.174008470709642e-7
80.35,9.563307140433364e-7,3.268205187529241e-7
80.36,9.442135297737319e-7,3.3620294651250824e-7
80.37,9.320770547261486e-7,3.4554783008064726e-7
80.38,9.199217934814434e-7,3.548548714694273e-7
80.39,9.077482506145193e-7,3.6412377497906875e-7
80.4,8.95556930674792e-7,3.733542472052141e-7
80.41,8.833483381660441e-7,3.825459970457108e-7
80.42,8.711229775265757e-7,3.9169873570744966e-7
80.43,8.588813531086606e-7,4.0081217671312604e-7
80.44,8.466239691596306e-7,4.098860359078954e-7
80.45,8.343513298011772e-7,4.189200314658084e-7
80.46,8.220639390097862e-7,4.279138838959665e-7
80.47,8.097623005969439e-7,4.368673160492923e-7
80.48,7.974469181890668e-7,4.457800531241336e-7
80.49,7.851182952084277e-7,4.546518226727355e-7
80.5,7.727769348527784e-7,4.6348235460694737e-7
80.51,7.60423340075861e-7,4.722713812040207e-7
80.52,7.480580135681183e-7,4.810186371124463e-7
80.53,7.356814577368645e-7,4.897238593574565e-7
80.54,7.23294174686464e-7,4.983867873466118e-7
80.55,7.108966661993135e-7,5.070071628750284e-7
80.56,6.984894337160609e-7,5.155847301305275e-7
80.57,6.860729783165125e-7,5.24119235699377e-7
80.58,6.736478006998381e-7,5.326104285704404e-7
80.59,6.612144011657838e-7,5.410580601408594e-7
80.6,6.487732795946614e-7,5.494618842204707e-7
80.61,6.363249354290154e-7,5.578216570363852e-7
80.62,6.238698676535063e-7,5.661371372384437e-7
80.63,6.114085747764905e-7,5.744080859021866e-7
80.64,5.989415548105991e-7,5.826342665345523e-7
80.65,5.864693052539292e-7,5.908154450775604e-7
80.66,5.739923230704794e-7,5.989513899124008e-7
80.67,5.615111046720712e-7,6.070418718638008e-7
80.68,5.490261458988145e-7,6.150866642036328e-7
80.69,5.365379420003518e-7,6.230855426546552e-7
80.7,5.240469876174369e-7,6.310382853947404e-7
80.71,5.115537767626397e-7,6.389446730595234e-7
80.72,4.990588028022142e-7,6.468044887471169e-7
80.73,4.8656255843722e-7,6.546175180202414e-7
80.74,4.740655356848153e-7,6.623835489102674e-7
80.75,4.6156822586004887e-7,6.701023719200878e-7
80.76,4.490711195572168e-7,6.777737800272037e-7
80.77,4.3657470663150057e-7,6.853975686864453e-7
80.78,4.2407947618051837e-7,6.9297353583321e-7
80.79,4.1158591652624304e-7,7.005014818856567e-7
80.8,3.990945151965784e-7,7.07981209747649e-7
80.81,3.86605758907606e-7,7.154125248111612e-7
80.82,3.7412013354468387e-7,7.227952349584793e-7
80.83,3.616381241452312e-7,7.301291505646595e-7
80.84,3.4916021488026e-7,7.374140844996507e-7
80.85,3.366868890364921e-7,7.446498521301176e-7
80.86,3.242186289989451e-7,7.518362713217435e-7
80.87,3.1175591623254325e-7,7.589731624407523e-7
80.88,2.992992312645939e-7,7.660603483556464e-7
80.89,2.8684905366706667e-7,7.730976544389485e-7
80.9,2.744058620398681e-7,7.80084908568853e-7
80.91,2.619701339914745e-7,7.870219411299818e-7
80.92,2.4954234612284507e-7,7.939085850151858e-7
80.93,2.371229740100218e-7,8.007446756268588e-7
80.94,2.247124921863154e-7,8.075300508775132e-7
80.95,2.123113741250175e-7,8.142645511909316e-7
80.96,1.9992009222260047e-7,8.20948019503235e-7
80.97,1.8753911778117415e-7,8.275803012633452e-7
80.98,1.7516892099171277e-7,8.341612444336107e-7
80.99,1.628099709170466e-7,8.406906994906022e-7
81.0,1.5046273547451718e-7,8.471685194253148e-7
81.01,1.3812768142011245e-7,8.535945597434724e-7
81.02,1.258052743305736e-7,8.5996867846585e-7
81.03,1.1349597858736368e-7,8.662907361283448e-7
81.04,1.0120025735989816e-7,8.725605957819229e-7
81.05,8.891857258891594e-8,8.787781229925525e-7
81.06,7.665138496990649e-8,8.84943185840903e-7
81.07,6.439915393718708e-8,8.910556549222596e-7
81.08,5.216233764725284e-8,8.971154033458869e-7
81.09,3.9941392961460315e-8,9.031223067343458e-7
81.1,2.7736775432665154e-8,9.090762432234151e-7
81.11,1.5548939286131667e-8,9.149770934607114e-7
81.12,3.3783374051845705e-9,9.208247406054865e-7
81.13,-8.774578685382415e-9,9.26619070327011e-7
81.14,-2.0909358834792938e-8,9.323599708040767e-7
81.15,-3.3025554282342754e-8,9.38047332723417e-7
81.16,-4.5122717672845736e-8,9.436810492789593e-7
81.17,-5.720040307248446e-8,9.492610161702179e-7
81.18,-6.925816598439199e-8,9.547871316002175e-7
81.19,-8.129556336389992e-8,9.60259296275283e-7
81.2,-9.331215363389331e-8,9.656774134022638e-7
81.21,-1.0530749670043885e-7,9.710413886870971e-7
81.22,-1.1728115396788438e-7,9.763511303329842e-7
81.23,-1.2923268835317445e-7,9.816065490387801e-7
81.24,-1.4116166430262902e-7,9.868075579960324e-7
81.25,-1.5306764780523472e-7,9.91954072887699e-7
81.26,-1.649502064084268e-7,9.970460118856135e-7
81.27,-1.768089092326634e-7,1.0020832956477311e-6
81.28,-1.8864332698605077e-7,1.0070658473164042e-6
81.29,-2.0045303197899833e-7,1.0119935925151996e-6
81.3,-2.1223759813883237e-7,1.0168664593464572e-6
81.31,-2.2399660102414774e-7,1.0216843783886763e-6
81.32,-2.3572961783938977e-7,1.026447282693386e-6
81.33,-2.4743622744864706e-7,1.0311551077825168e-6
81.34,-2.5911601039067683e-7,1.035807791644963e-6
81.35,-2.7076854889200744e-7,1.0404052747338061e-6
81.36,-2.8239342688141747e-7,1.0449474999629892e-6
81.37,-2.939902300041165e-7,1.0494344127038579e-6
81.38,-3.055585456351889e-7,1.053865960781666e-6
81.39,-3.170979628934971e-7,1.0582420944722038e-6
81.4,-3.286080726553598e-7,1.0625627664984012e-6
81.41,-3.400884675678232e-7,1.0668279320260202e-6
81.42,-3.515387420624514e-7,1.0710375486604448e-6
81.43,-3.6295849236867924e-7,1.0751915764423647e-6
81.44,-3.743473165268596e-7,1.0792899778440346e-6
81.45,-3.8570481440168294e-7,1.0833327177649517e-6
81.46,-3.9703058769517986e-7,1.0873197635279643e-6
81.47,-4.0832423995966114e-7,1.0912510848747308e-6
81.48,-4.1958537661078696e-7,1.095126653961551e-6
81.49,-4.3081360494026573e-7,1.0989464453545646e-6
81.5,-4.420085341285268e-7,1.102710436025876e-6
81.51,-4.531697752574933e-7,1.1064186053480487e-6
81.52,-4.6429694132305865e-7,1.110070935090141e-6
81.53,-4.753896472473015e-7,1.1136674094124596e-6
81.54,-4.864475098911819e-7,1.1172080148617416e-6
81.55,-4.974701480664545e-7,1.1206927403662164e-6
81.56,-5.084571825486353e-7,1.1241215772301723e-6
81.57,-5.194082360872047e-7,1.1274945191296394e-6
81.58,-5.303229334194495e-7,1.1308115621061816e-6
81.59,-5.41200901281957e-7,1.134072704561974e-6
81.6,-5.520417684211366e-7,1.1372779472542867e-6
81.61,-5.628451656063976e-7,1.140427293290223e-6
81.62,-5.736107256408574e-7,1.1435207481206669e-6
81.63,-5.843380833728771e-7,1.14655831953483e-6
81.64,-5.95026875707488e-7,1.1495400176545335e-6
81.65,-6.056767416189156e-7,1.1524658549281414e-6
81.66,-6.16287322158344e-7,1.1553358461247745e-6
81.67,-6.26858260468907e-7,1.1581500083283133e-6
81.68,-6.373892017941157e-7,1.1609083609308331e-6
81.69,-6.478797934898533e-7,1.1636109256271986e-6
81.7,-6.583296850347165e-7,1.1662577264080542e-6
81.71,-6.687385280406148e-7,1.1688487895538926e-6
81.72,-6.79105976263515e-7,1.1713841436282457e-6
81.73,-6.894316856139093e-7,1.173863819471615e-6
81.74,-6.997153141667498e-7,1.1762878501943727e-6
81.75,-7.099565221725923e-7,1.1786562711705136e-6
81.76,-7.201549720667554e-7,1.1809691200304786e-6
81.77,-7.303103284799563e-7,1.1832264366546471e-6
81.78,-7.404222582480571e-7,1.1854282631661348e-6
81.79,-7.504904304218061e-7,1.1875746439240703e-6
81.8,-7.605145162769552e-7,1.1896656255161473e-6
81.81,-7.704941893233608e-7,1.1917012567518267e-6
81.82,-7.804291253149173e-7,1.1936815886549018e-6
81.83,-7.903190022589859e-7,1.1956066744560837e-6
81.84,-8.001635004249359e-7,1.1974765695859916e-6
81.85,-8.099623023548708e-7,1.1992913316669617e-6
81.86,-8.197150928712379e-7,1.201051020506604e-6
81.87,-8.294215590866592e-7,1.2027556980889636e-6
81.88,-8.390813904125769e-7,1.2044054285677216e-6
81.89,-8.486942785679632e-7,1.2060002782580716e-6
81.9,-8.582599175882154e-7,1.207540315628858e-6
81.91,-8.677780038338266e-7,1.2090256112946716e-6
81.92,-8.772482359983013e-7,1.2104562380081628e-6
81.93,-8.866703151172394e-7,1.2118322706513482e-6
81.94,-8.96043944576016e-7,1.2131537862282175e-6
81.95,-9.05368830118264e-7,1.2144208638560733e-6
81.96,-9.146446798539583e-7,1.215633584757291e-6
81.97,-9.23871204266969e-7,1.216792032251093e-6
81.98,-9.330481162233333e-7,1.2178962917452092e-6
81.99,-9.421751309789882e-7,1.2189464507272411e-6
82.0,-9.512519661868857e-7,1.2199425987559874e-6
82.01,-9.602783419048902e-7,1.2208848274533491e-6
82.02,-9.692539806028021e-7,1.221773230495038e-6
82.03,-9.781786071720659e-7,1.222607903602359e-6
82.04,-9.870519489275348e-7,1.2233889445327837e-6
82.05,-9.958737356200391e-7,1.2241164530717523e-6
82.06,-1.004643699440998e-6,1.2247905310232004e-6
82.07,-1.0133615750290784e-6,1.2254112822009145e-6
82.08,-1.0220270994777067e-6,1.2259788124190166e-6
82.09,-1.0306400123411554e-6,1.2264932294835772e-6
82.1,-1.0392000556416072e-6,1.2269546431823825e-6
82.11,-1.0477069738758566e-6,1.2273631652766037e-6
82.12,-1.0561605140180973e-6,1.22771890949121e-6
82.13,-1.0645604255337424e-6,1.2280219915048602e-6
82.14,-1.072906460377839e-6,1.228272528941774e-6
82.15,-1.0811983730049186e-6,1.2284706413610443e-6
82.16,-1.089435920374069e-6,1.2286164502477355e-6
82.17,-1.0976188619548723e-6,1.2287100790030635e-6
82.18,-1.1057469597328487e-6,1.2287516529345443e-6
82.19,-1.1138199782151846e-6,1.2287412992466558e-6
82.2,-1.1218376844361808e-6,1.2286791470305667e-6
82.21,-1.1297998479625042e-6,1.2285653272547416e-6
82.22,-1.137706240898622e-6,1.2283999727544523e-6
82.23,-1.1455566378914141e-6,1.2281832182224735e-6
82.24,-1.1533508161359847e-6,1.227915200198525e-6
82.25,-1.1610885553799007e-6,1.2275960570593943e-6
82.26,-1.1687696379283344e-6,1.2272259290088396e-6
82.27,-1.1763938486485598e-6,1.2268049580673334e-6
82.28,-1.1839609749747197e-6,1.2263332880618892e-6
82.29,-1.1914708069121917e-6,1.225811064615521e-6
82.3,-1.1989231370417253e-6,1.2252384351374223e-6
82.31,-1.2063177605245646e-6,1.2246155488116587e-6
82.32,-1.2136544751052363e-6,1.223942556587921e-6
82.33,-1.2209330811166355e-6,1.223219611169918e-6
82.34,-1.2281533814835465e-6,1.222446867005635e-6
82.35,-1.2353151817267034e-6,1.2216244802760654e-6
82.36,-1.24241828996596e-6,1.22075260888505e-6
82.37,-1.2494625169246591e-6,1.219831412448257e-6
82.38,-1.2564476759323956e-6,1.2188610522827888e-6
82.39,-1.2633735829288669e-6,1.217841691395995e-6
82.4,-1.2702400564669089e-6,1.2167734944750221e-6
82.41,-1.2770469177157753e-6,1.2156566278753698e-6
82.42,-1.2837939904639414e-6,1.2144912596107069e-6
82.43,-1.290481101122824e-6,1.2132775593411253e-6
82.44,-1.2971080787282227e-6,1.212015698362747e-6
82.45,-1.3036747549442677e-6,1.210705849596459e-6
82.46,-1.3101809640656471e-6,1.2093481875762634e-6
82.47,-1.316626543020232e-6,1.2079428884391072e-6
82.48,-1.3230113313708685e-6,1.206490129912917e-6
82.49,-1.3293351713186535e-6,1.2049900913057432e-6
82.5,-1.3355979077036975e-6,1.2034429534941534e-6
82.51,-1.341799388009275e-6,1.2018488989124245e-6
82.52,-1.3479394623618957e-6,1.2002081115406258e-6
82.53,-1.3540179835338423e-6,1.1985207768936507e-6
82.54,-1.360034806945155e-6,1.1967870820094468e-6
82.55,-1.3659897906646417e-6,1.195007215437896e-6
82.56,-1.3718827954128122e-6,1.1931813672288278e-6
82.57,-1.377713684560934e-6,1.191309728921116e-6
82.58,-1.3834823241350232e-6,1.1893924935303553e-6
82.59,-1.3891885828138427e-6,1.1874298555379782e-6
82.6,-1.3948323319343066e-6,1.1854220108788576e-6
82.61,-1.4004134454886132e-6,1.1833691569302282e-6
82.62,-1.405931800126834e-6,1.1812714924996333e-6
82.63,-1.4113872751574396e-6,1.1791292178133584e-6
82.64,-1.4167797525481406e-6,1.1769425345042692e-6
82.65,-1.4221091169259459e-6,1.1747116456005681e-6
82.66,-1.4273752555782571e-6,1.1724367555134544e-6
82.67,-1.4325780584527487e-6,1.1701180700253328e-6
82.68,-1.4377174181580215e-6,1.1677557962780502e-6
82.69,-1.4427932299630255e-6,1.1653501427609182e-6
82.7,-1.4478053917979892e-6,1.1629013192984831e-6
82.71,-1.4527538042537122e-6,1.1604095370388931e-6
82.72,-1.4576383705816875e-6,1.1578750084414968e-6
82.73,-1.4624589966936288e-6,1.1552979472650644e-6
82.74,-1.4672155911612251e-6,1.1526785685555864e-6
82.75,-1.4719080652155637e-6,1.150017088634137e-6
82.76,-1.4765363327464004e-6,1.147313725084612e-6
82.77,-1.4811003103020456e-6,1.144568696741912e-6
82.78,-1.485599917087546e-6,1.1417822236792487e-6
82.79,-1.4900350749648096e-6,1.1389545271965315e-6
82.8,-1.4944057084506963e-6,1.1360858298075686e-6
82.81,-1.498711744716628e-6,1.1331763552278994e-6
82.82,-1.502953113586913e-6,1.1302263283629644e-6
82.83,-1.507129747537545e-6,1.1272359752952356e-6
82.84,-1.5112415816947855e-6,1.1242055232720267e-6
82.85,-1.5152885538335052e-6,1.121135200693405e-6
82.86,-1.51927060437581e-6,1.1180252370994384e-6
82.87,-1.523187676388976e-6,1.114875863158109e-6
82.88,-1.527039715583849e-6,1.1116873106525762e-6
82.89,-1.5308266703127675e-6,1.1084598124692884e-6
82.9,-1.5345484915674955e-6,1.1051936025847355e-6
82.91,-1.538205132977216e-6,1.1018889160536934e-6
82.92,-1.5417965508062453e-6,1.0985459889963457e-6
82.93,-1.5453227039513505e-6,1.0951650585859723e-6
82.94,-1.5487835539397022e-6,1.091746363036358e-6
82.95,-1.552179064926329e-6,1.0882901415890116e-6
82.96,-1.5555092036911357e-6,1.0847966345011388e-6
82.97,-1.5587739396360953e-6,1.0812660830328128e-6
82.98,-1.5619732447831205e-6,1.0776987294340123e-6
82.99,-1.5651070937703064e-6,1.074094816932659e-6
83.0,-1.5681754638490122e-6,1.0704545897217372e-6
83.01,-1.5711783348811045e-6,1.0667782929465764e-6
83.02,-1.5741156893354432e-6,1.0630661726925034e-6
83.03,-1.5769875122843165e-6,1.0593184759718106e-6
83.04,-1.5797937914004667e-6,1.0555354507114352e-6
83.05,-1.5825345169527862e-6,1.0517173457401915e-6
83.06,-1.5852096818043952e-6,1.0478644107760683e-6
83.07,-1.5878192814060685e-6,1.043976896413674e-6
83.08,-1.5903633137949163e-6,1.0400550541113548e-6
83.09,-1.5928417795894533e-6,1.0360991361785664e-6
83.1,-1.5952546819853194e-6,1.0321093957633674e-6
83.11,-1.5976020267518547e-6,1.0280860868394421e-6
83.12,-1.5998838222271784e-6,1.0240294641936453e-6
83.13,-1.6021000793143098e-6,1.0199397834129497e-6
83.14,-1.60425081147661e-6,1.0158173008719634e-6
83.15,-1.6063360347328887e-6,1.0116622737202853e-6
83.16,-1.608355767653937e-6,1.007474959869647e-6
83.17,-1.6103100313563344e-6,1.0032556179809552e-6
83.18,-1.6121988494987876e-6,9.990045074520302e-7
83.19,-1.6140222482766185e-6,9.947218884044421e-7
83.2,-1.6157802564171375e-6,9.904080216711106e-7
83.21,-1.6174729051743584e-6,9.86063168783185e-7
83.22,-1.6191002283237704e-6,9.816875919576949e-7
83.23,-1.6206622621574536e-6,9.772815540846245e-7
83.24,-1.6221590454783675e-6,9.728453187140173e-7
83.25,-1.6235906195950893e-6,9.683791500435151e-7
83.26,-1.624957028316051e-6,9.638833129055115e-7
83.27,-1.6262583179440795e-6,9.593580727543803e-7
83.28,-1.627494537270874e-6,9.548036956536965e-7
83.29,-1.628665737570776e-6,9.5022044826361e-7
83.3,-1.629771972595199e-6,9.456085978282384e-7
83.31,-1.6308132985666952e-6,9.409684121625772e-7
83.32,-1.6317897741724256e-6,9.363001596400442e-7
83.33,-1.6327014605584478e-6,9.316041091797772e-7
83.34,-1.6335484213236599e-6,9.268805302339128e-7
83.35,-1.6343307225125373e-6,9.221296927746993e-7
83.36,-1.6350484326094554e-6,9.173518672820415e-7
83.37,-1.6357016225323416e-6,9.125473247307241e-7
83.38,-1.6362903656255878e-6,9.077163365777016e-7
83.39,-1.6368147376534081e-6,9.028591747494946e-7
83.4,-1.6372748167932943e-6,8.979761116294844e-7
83.41,-1.6376706836292454e-6,8.930674200453427e-7
83.42,-1.6380024211442417e-6,8.881333732561533e-7
83.43,-1.6382701147139508e-6,8.831742449401116e-7
83.44,-1.6384738520992872e-6,8.781903091817874e-7
83.45,-1.6386137234391207e-6,8.731818404592843e-7
83.46,-1.6386898212430029e-6,8.681491136321242e-7
83.47,-1.6387022403841792e-6,8.630924039280427e-7
83.48,-1.6386510780917937e-6,8.580119869310703e-7
83.49,-1.6385364339434507e-6,8.529081385684848e-7
83.5,-1.6383584098574987e-6,8.477811350984827e-7
83.51,-1.6381171100856639e-6,8.426312530978431e-7
83.52,-1.6378126412047563e-6,8.374587694489345e-7
83.53,-1.6374451121100744e-6,8.322639613272529e-7
83.54,-1.637014634005291e-6,8.27047106189931e-7
83.55,-1.6365213203963675e-6,8.218084817618396e-7
83.56,-1.6359652870831618e-6,8.16548366024186e-7
83.57,-1.6353466521502533e-6,8.112670372014913e-7
83.58,-1.6346655359598254e-6,8.059647737495383e-7
83.59,-1.6339220611427215e-6,8.006418543429045e-7
83.6,-1.6331163525902571e-6,7.952985578623247e-7
83.61,-1.6322485374461746e-6,7.899351633826712e-7
83.62,-1.6313187450963268e-6,7.845519501608215e-7
83.63,-1.6303271071631392e-6,7.791491976223703e-7
83.64,-1.6292737574940097e-6,7.737271853504079e-7
83.65,-1.6281588321540997e-6,7.682861930728504e-7
83.66,-1.6269824694166382e-6,7.62826500650037e-7
83.67,-1.6257448097550464e-6,7.573483880628051e-7
83.68,-1.6244459958328788e-6,7.518521353998693e-7
83.69,-1.623086172495337e-6,7.463380228461039e-7
83.7,-1.621665486760102e-6,7.408063306701076e-7
83.71,-1.6201840878078434e-6,7.352573392122447e-7
83.72,-1.618642126973207e-6,7.296913288722928e-7
83.73,-1.6170397577353464e-6,7.241085800975799e-7
83.74,-1.6153771357086144e-6,7.18509373370917e-7
83.75,-1.613654418632932e-6,7.128939891983541e-7
83.76,-1.6118717663642248e-6,7.072627080974568e-7
83.77,-1.6100293408646948e-6,7.01615810585232e-7
83.78,-1.6081273061936682e-6,6.959535771659872e-7
83.79,-1.6061658284971364e-6,6.902762883197495e-7
83.8,-1.6041450759981362e-6,6.845842244899889e-7
83.81,-1.6020652189874699e-6,6.78877666072269e-7
83.82,-1.599926429812282e-6,6.731568934018527e-7
83.83,-1.5977288828677197e-6,6.674221867421008e-7
83.84,-1.5954727545856605e-6,6.616738262730772e-7
83.85,-1.5931582234250727e-6,6.559120920790667e-7
83.86,-1.5907854698614376e-6,6.501372641375454e-7
83.87,-1.5883546763770224e-6,6.443496223070846e-7
83.88,-1.585866027449834e-6,6.385494463159817e-7
83.89,-1.5833197095436623e-6,6.32737015750286e-7
83.9,-1.5807159110974795e-6,6.269126100425399e-7
83.91,-1.5780548225149045e-6,6.210765084601136e-7
83.92,-1.575336636153427e-6,6.15228990093578e-7
83.93,-1.5725615463139596e-6,6.093703338454646e-7
83.94,-1.5697297492301522e-6,6.035008184186694e-7
83.95,-1.5668414430573721e-6,5.976207223047726e-7
83.96,-1.5638968278619191e-6,5.917303237733255e-7
83.97,-1.5608961056105036e-6,5.858299008597148e-7
83.98,-1.5578394801584856e-6,5.799197313544868e-7
83.99,-1.5547271572397565e-6,5.740000927916107e-7
84.0,-1.5515593444548328e-6,5.680712624379252e-7
84.01,-1.5483362512605922e-6,5.621335172808036e-7
84.02,-1.5450580889582954e-6,5.561871340181155e-7
84.03,-1.5417250706825663e-6,5.502323890464678e-7
84.04,-1.5383374113907696e-6,5.442695584503064e-7
84.05,-1.5348953278502805e-6,5.382989179910209e-7
84.06,-1.5313990386284078e-6,5.323207430953908e-7
84.07,-1.5278487640803168e-6,5.263353088454633e-7
84.08,-1.5242447263373647e-6,5.203428899669612e-7
84.09,-1.5205871492962667e-6,5.143437608180153e-7
84.1,-1.5168762586062699e-6,5.083381953800397e-7
84.11,-1.5131122816586777e-6,5.023264672448853e-7
84.12,-1.509295447574503e-6,4.963088496053247e-7
84.13,-1.505425987192816e-6,4.902856152437256e-7
84.14,-1.501504133058999e-6,4.842570365218755e-7
84.15,-1.4975301194127343e-6,4.782233853698435e-7
84.16,-1.4935041821762761e-6,4.721849332757582e-7
84.17,-1.4894265589423926e-6,4.661419512749665e-7
84.18,-1.4852974889618673e-6,4.600947099398503e-7
84.19,-1.4811172131327235e-6,4.540434793689641e-7
84.2,-1.4768859739867163e-6,4.4798852917693056e-7
84.21,-1.4726040156780282e-6,4.419301284838849e-7
84.22,-1.468271583970593e-6,4.358685459053135e-7
84.23,-1.4638889262263862e-6,4.2980404954148653e-7
84.24,-1.459456291392548e-6,4.237369069675343e-7
84.25,-1.4549739299894895e-6,4.17667385222976e-7
84.26,-1.4504420940983654e-6,4.1159575080175215e-7
84.27,-1.445861037348643e-6,4.055222696420976e-7
84.28,-1.4412310149053102e-6,3.9944720711636144e-7
84.29,-1.4365522834575335e-6,3.9337082802095313e-7
84.3,-1.4318251012047894e-6,3.8729339656685987e-7
84.31,-1.4270497278447495e-6,3.8121517636900227e-7
84.32,-1.4222264245609912e-6,3.7513643043698163e-7
84.33,-1.4173554540099636e-6,3.6905742116487423e-7
84.34,-1.4124370803084653e-6,3.629784103216568e-7
84.35,-1.4074715690207895e-6,3.568996590414082e-7
84.36,-1.4024591871462324e-6,3.50821427813602e-7
84.37,-1.3974002031056199e-6,3.4474397647376556e-7
84.38,-1.392294886729535e-6,3.3866756419331886e-7
84.39,-1.3871435092444922e-6,3.3259244947075336e-7
84.4,-1.381946343260381e-6,3.26518890121579e-7
84.41,-1.3767036627575836e-6,3.204471432693056e-7
84.42,-1.3714157430737951e-6,3.143774653358367e-7
84.43,-1.366082860891442e-6,3.0831011203211967e-7
84.44,-1.3607052942239747e-6,3.022453383492381e-7
84.45,-1.3552833224032182e-6,2.961833985486997e-7
84.46,-1.3498172260659866e-6,2.901245461538686e-7
84.47,-1.3443072871426108e-6,2.8406903393949947e-7
84.48,-1.3387537888398396e-6,2.780171139251393e-7
84.49,-1.3331570156318635e-6,2.719690373637144e-7
84.5,-1.3275172532446991e-6,2.659250547337166e-7
84.51,-1.3218347886437575e-6,2.598854157302045e-7
84.52,-1.3161099100202438e-6,2.5385036925567226e-7
84.53,-1.3103429067780967e-6,2.478201634118103e-7
84.54,-1.304534069520168e-6,2.4179504548998816e-7
84.55,-1.2986836900357284e-6,2.3577526196309218e-7
84.56,-1.292792061285875e-6,2.2976105847765367e-7
84.57,-1.286859477391386e-6,2.2375267984294075e-7
84.58,-1.2808862336183366e-6,2.177503700249118e-7
84.59,-1.2748726263650272e-6,2.1175437213661276e-7
84.6,-1.2688189531485182e-6,2.057649284298006e-7
84.61,-1.2627255125908343e-6,1.997822802869131e-7
84.62,-1.2565926044057604e-6,1.938066682123591e-7
84.63,-1.2504205293851702e-6,1.8783833182470466e-7
84.64,-1.2442095893853789e-6,1.8187750984822194e-7
84.65,-1.2379600873135528e-6,1.7592444010480507e-7
84.66,-1.2316723271142125e-6,1.6997935950609787e-7
84.67,-1.2253466137556145e-6,1.6404250404508996e-7
84.68,-1.218983253215553e-6,1.5811410878865184e-7
84.69,-1.2125825524685806e-6,1.5219440786930297e-7
84.7,-1.206144819471765e-6,1.4628363447741232e-7
84.71,-1.1996703631508202e-6,1.4038202085359776e-7
84.72,-1.1931594933870076e-6,1.3448979828071785e-7
84.73,-1.1866125210026895e-6,1.2860719707658436e-7
84.74,-1.1800297577482035e-6,1.2273444658608038e-7
84.75,-1.1734115162870191e-6,1.1687177517375304e-7
84.76,-1.1667581101839807e-6,1.110194102160503e-7
84.77,-1.160069853889264e-6,1.0517757809445555e-7
84.78,-1.1533470627261358e-6,9.934650418752698e-8
84.79,-1.14659005287597e-6,9.352641286401608e-8
84.8,-1.1397991413652828e-6,8.771752747540818e-8
84.81,-1.1329746460516145e-6,8.192007034885565e-8
84.82,-1.1261168856094106e-6,7.613426277982674e-8
84.83,-1.1192261795166158e-6,7.0360325025404e-8
84.84,-1.1123028480405666e-6,6.459847629702129e-8
84.85,-1.1053472122235618e-6,5.8848934753428016e-8
84.86,-1.0983595938701226e-6,5.311191749434034e-8
84.87,-1.0913403155322751e-6,4.7387640552723586e-8
84.88,-1.084289700495525e-6,4.167631888908512e-8
84.89,-1.0772080727656287e-6,3.597816638381655e-8
84.9,-1.070095757053807e-6,3.029339583125427e-8
84.91,-1.062953078763499e-6,2.4622218932827846e-8
84.92,-1.0557803639766122e-6,1.8964846290309173e-8
84.93,-1.0485779394380682e-6,1.3321487399832228e-8
84.94,-1.0413461325444877e-6,7.692350645332103e-9
84.95,-1.0340852713271377e-6,2.0776432918658802e-9
84.96,-1.0267956844404642e-6,-3.5224285200602413e-9
84.97,-1.019477701147011e-6,-9.107659781184126e-9
84.98,-1.0121316513034576e-6,-1.4677846619208763e-8
84.99,-1.0047578653472245e-6,-2.0232786305221633e-8
85.0,-9.973566742821892e-7,-2.5772277259862353e-8
85.01,-9.899284096641326e-7,-3.129611905849596e-8
85.02,-9.824734035879682e-7,-3.680411243796382e-8
85.03,-9.749919886727673e-7,-4.229605930174867e-8
85.04,-9.674844980484119e-7,-4.777176272641434e-8
85.05,-9.599512653412732e-7,-5.323102696660546e-8
85.06,-9.523926246606695e-7,-5.8673657461257006e-8
85.07,-9.44808910584433e-7,-6.40994608386236e-8
85.08,-9.372004581452828e-7,-6.950824492238448e-8
85.09,-9.295676028168068e-7,-7.489981873653296e-8
85.1,-9.219106804994208e-7,-8.027399251114111e-8
85.11,-9.142300275065432e-7,-8.563057768742938e-8
85.12,-9.065259805513192e-7,-9.096938692330569e-8
85.13,-8.987988767309627e-7,-9.629023409814115e-8
85.14,-8.910490535145644e-7,-1.0159293431830478e-7
85.15,-8.832768487285238e-7,-1.0687730392192212e-7
85.16,-8.754826005426744e-7,-1.1214316048408622e-7
85.17,-8.676666474563176e-7,-1.1739032282166545e-7
85.18,-8.598293282846004e-7,-1.2261861099816396e-7
85.19,-8.519709821444327e-7,-1.2782784632862178e-7
85.2,-8.440919484406523e-7,-1.330178513841856e-7
85.21,-8.36192566852564e-7,-1.381884499970373e-7
85.22,-8.282731773186233e-7,-1.433394672645855e-7
85.23,-8.203341200254566e-7,-1.4847072955470113e-7
85.24,-8.12375735391386e-7,-1.5358206450932144e-7
85.25,-8.043983640531682e-7,-1.5867330104949927e-7
85.26,-7.964023468537438e-7,-1.6374426937962906e-7
85.27,-7.883880248266469e-7,-1.6879480099156137e-7
85.28,-7.803557391830649e-7,-1.7382472866896074e-7
85.29,-7.723058312981638e-7,-1.7883388649129664e-7
85.3,-7.642386426972384e-7,-1.8382210983834232e-7
85.31,-7.561545150414975e-7,-1.8878923539362766e-7
85.32,-7.480537901156102e-7,-1.937351011487627e-7
85.33,-7.399368098126191e-7,-1.9865954640727179e-7
85.34,-7.318039161214129e-7,-2.035624117884606e-7
85.35,-7.236554511122224e-7,-2.0844353923098406e-7
85.36,-7.154917569235538e-7,-2.1330277199678284e-7
85.37,-7.073131757484898e-7,-2.1813995467452395e-7
85.38,-6.991200498209819e-7,-2.2295493318329094e-7
85.39,-6.909127214023469e-7,-2.277475547761754e-7
85.4,-6.826915327678393e-7,-2.3251766804328982e-7
85.41,-6.744568261927526e-7,-2.3726512291572715e-7
85.42,-6.662089439394937e-7,-2.419897706684517e-7
85.43,-6.579482282436724e-7,-2.466914639236669e-7
85.44,-6.496750213008059e-7,-2.5137005665391605e-7
85.45,-6.413896652528925e-7,-2.560254041854727e-7
85.46,-6.330925021749905e-7,-2.606573632009269e-7
85.47,-6.247838740617924e-7,-2.6526579174262e-7
85.48,-6.164641228143685e-7,-2.6985054921526234e-7
85.49,-6.081335902268871e-7,-2.744114963887614e-7
85.5,-5.99792617972676e-7,-2.7894849540162156e-7
85.51,-5.91441547592322e-7,-2.8346140976241886e-7
85.52,-5.830807204790009e-7,-2.8795010435379226e-7
85.53,-5.747104778658234e-7,-2.9241444543415054e-7
85.54,-5.663311608128334e-7,-2.9685430064066215e-7
85.55,-5.579431101935942e-7,-3.012695389913746e-7
85.56,-5.495466666820669e-7,-3.056600308879943e-7
85.57,-5.411421707394765e-7,-3.1002564811768397e-7
85.58,-5.32729962601584e-7,-3.143662638560371e-7
85.59,-5.243103822644195e-7,-3.1868175266858713e-7
85.6,-5.158837694735586e-7,-3.2297199051335136e-7
85.61,-5.074504637087476e-7,-3.272368547428081e-7
85.62,-4.990108041722289e-7,-3.314762241058608e-7
85.63,-4.905651297756632e-7,-3.3568997874984993e-7
85.64,-4.821137791269119e-7,-3.3987800022230787e-7
85.65,-4.7365709051743056e-7,-3.4404017147294e-7
85.66,-4.651954019092006e-7,-3.481763768551979e-7
85.67,-4.567290509225802e-7,-3.5228650212814704e-7
85.68,-4.4825837482266767e-7,-3.563704344579523e-7
85.69,-4.3978371050722434e-7,-3.6042806241946074e-7
85.7,-4.3130539449343844e-7,-3.644592759977382e-7
85.71,-4.2282376290589513e-7,-3.6846396658938405e-7
85.72,-4.1433915146348683e-7,-3.7244202700414343e-7
85.73,-4.058518954669308e-7,-3.7639335146576285e-7
85.74,-3.973623297864402e-7,-3.8031783561384884e-7
85.75,-3.888707888489887e-7,-3.8421537650448757e-7
85.76,-3.8037760662575535e-7,-3.88085872611569e-7
85.77,-3.718831166197006e-7,-3.9192922382777235e-7
85.78,-3.6338765185451254e-7,-3.9574533146591247e-7
85.79,-3.5489154485939265e-7,-3.9953409825922683e-7
85.8,-3.4639512765905054e-7,-4.0329542836261047e-7
85.81,-3.378987317609412e-7,-4.070292273534274e-7
85.82,-3.2940268814292176e-7,-4.107354022321362e-7
85.83,-3.209073272406991e-7,-4.1441386142298464e-7
85.84,-3.124129789361992e-7,-4.180645147747121e-7
85.85,-3.0391997254521244e-7,-4.2168727356075875e-7
85.86,-2.9542863680510616e-7,-4.25282050480188e-7
85.87,-2.869392998633573e-7,-4.2884875965786934e-7
85.88,-2.7845228926517044e-7,-4.3238731664478877e-7
85.89,-2.699679319415005e-7,-4.3589763841849186e-7
85.9,-2.6148655419727026e-7,-4.3937964338313617e-7
85.91,-2.5300848169966124e-7,-4.428332513699008e-7
85.92,-2.4453403946622813e-7,-4.462583836368534e-7
85.93,-2.3606355185274812e-7,-4.4965496286905237e-7
85.94,-2.275973425419738e-7,-4.5302291317864e-7
85.95,-2.1913573453196647e-7,-4.563621601047383e-7
85.96,-2.10679050124261e-7,-4.596726306132057e-7
85.97,-2.0222761091184356e-7,-4.629542530964242e-7
85.98,-1.9378173776888212e-7,-4.6620695737330115e-7
85.99,-1.8534175083808578e-7,-4.694306746885061e-7
86.0,-1.7690796951979162e-7,-4.7262533771273486e-7
86.01,-1.684807124600279e-7,-4.7579088054141935e-7
86.02,-1.6006029754005038e-7,-4.789272386949745e-7
86.03,-1.5164704186422507e-7,-4.820343491177772e-7
86.04,-1.4324126174942465e-7,-4.85112150177895e-7
86.05,-1.3484327271345966e-7,-4.881605816661369e-7
86.06,-1.2645338946363554e-7,-4.911795847950646e-7
86.07,-1.180719258866089e-7,-4.941691021990367e-7
86.08,-1.0969919503639576e-7,-4.971290779325766e-7
86.09,-1.0133550912400284e-7,-5.000594574696999e-7
86.1,-9.298117950569068e-8,-5.029601877027666e-7
86.11,-8.463651667350816e-8,-5.058312169420194e-7
86.12,-7.630183024268681e-8,-5.086724949136868e-7
86.13,-6.797742894219047e-8,-5.114839727593643e-7
86.14,-5.966362060345931e-8,-5.142656030346583e-7
86.15,-5.1360712149773286e-8,-5.170173397079362e-7
86.16,-4.306900958565848e-8,-5.19739138158911e-7
86.17,-3.4788817986010235e-8,-5.224309551772506e-7
86.18,-2.6520441486353716e-8,-5.250927489612429e-7
86.19,-1.8264183271559566e-8,-5.277244791162549e-7
86.2,-1.0020345565723109e-8,-5.303261066533516e-7
86.21,-1.7892296221576607e-9,-5.328975939870514e-7
86.22,6.428864287659856e-9,-5.35438904934398e-7
86.23,1.463363688372032e-8,-5.379500047128395e-7
86.24,2.2824789887922533e-8,-5.404308599384443e-7
86.25,3.100202603367128e-8,-5.428814386243795e-7
86.26,3.916504907716535e-8,-5.45301710178454e-7
86.27,4.7313563806343356e-8,-5.476916454015736e-7
86.28,5.544727605113565e-8,-5.500512164857235e-7
86.29,6.356589269337861e-8,-5.523803970118081e-7
86.3,7.166912167684183e-8,-5.54679161947323e-7
86.31,7.975667201694175e-8,-5.569474876446584e-7
86.32,8.782825381017276e-8,-5.591853518383771e-7
86.33,9.588357824417884e-8,-5.613927336433738e-7
86.34,1.03922357607207e-7,-5.635696135520303e-7
86.35,1.1194430529749356e-7,-5.657159734323663e-7
86.36,1.1994913583329815e-7,-5.678317965251435e-7
86.37,1.2793656486171385e-7,-5.699170674416616e-7
86.38,1.359063091682762e-7,-5.71971772160956e-7
86.39,1.4385808668629104e-7,-5.739958980275129e-7
86.4,1.517916165065092e-7,-5.759894337482999e-7
86.41,1.59706618885301e-7,-5.77952369390202e-7
86.42,1.6760281525469583e-7,-5.798846963772208e-7
86.43,1.7547992823122796e-7,-5.817864074877321e-7
86.44,1.8333768162519897e-7,-5.836574968511566e-7
86.45,1.9117580044835477e-7,-5.854979599460877e-7
86.46,1.989940109245364e-7,-5.873077935963113e-7
86.47,2.0679204049769867e-7,-5.890869959679377e-7
86.48,2.1456961784002262e-7,-5.908355665668567e-7
86.49,2.2232647286165212e-7,-5.925535062351592e-7
86.5,2.3006233671957666e-7,-5.942408171479866e-7
86.51,2.377769418243293e-7,-5.95897502810417e-7
86.52,2.454700218500478e-7,-5.975235680541929e-7
86.53,2.531413117442469e-7,-5.991190190345162e-7
86.54,2.607905477318346e-7,-6.006838632261089e-7
86.55,2.6841746732790116e-7,-6.022181094206884e-7
86.56,2.7602180934382317e-7,-6.03721767722608e-7
86.57,2.836033138957325e-7,-6.051948495459624e-7
86.58,2.9116172241297295e-7,-6.066373676105846e-7
86.59,2.9869677764562937e-7,-6.080493359388733e-7
86.6,3.0620822367304364e-7,-6.094307698516805e-7
86.61,3.136958059114575e-7,-6.107816859647569e-7
86.62,3.211592711216495e-7,-6.121021021851872e-7
86.63,3.2859836741754327e-7,-6.133920377072455e-7
86.64,3.3601284427293053e-7,-6.146515130088766e-7
86.65,3.4340245252989287e-7,-6.158805498473772e-7
86.66,3.5076694440573586e-7,-6.170791712558961e-7
86.67,3.581060735014386e-7,-6.182474015391499e-7
86.68,3.6541959480795387e-7,-6.193852662694709e-7
86.69,3.7270726471469165e-7,-6.204927922826226e-7
86.7,3.79968841015925e-7,-6.215700076739617e-7
86.71,3.87204082918911e-7,-6.22616941793706e-7
86.72,3.944127510503351e-7,-6.236336252434444e-7
86.73,4.015946074639007e-7,-6.2462008987111e-7
86.74,4.087494156470562e-7,-6.255763687673438e-7
86.75,4.1587694052846174e-7,-6.265024962606933e-7
86.76,4.229769484842674e-7,-6.27398507913294e-7
86.77,4.3004920734538276e-7,-6.282644405165654e-7
86.78,4.3709348640432636e-7,-6.291003320867045e-7
86.79,4.4410955642172987e-7,-6.299062218598491e-7
86.8,4.5109718963288505e-7,-6.306821502881399e-7
86.81,4.5805615975462383e-7,-6.314281590343917e-7
86.82,4.6498624199147674e-7,-6.321442909679808e-7
86.83,4.7188721304251134e-7,-6.328305901597665e-7
86.84,4.787588511071998e-7,-6.334871018776505e-7
86.85,4.856009358923435e-7,-6.341138725817012e-7
86.86,4.924132486175338e-7,-6.347109499191546e-7
86.87,4.99195572022207e-7,-6.352783827198512e-7
86.88,5.059476903707236e-7,-6.358162209911574e-7
86.89,5.126693894591986e-7,-6.363245159131102e-7
86.9,5.193604566214982e-7,-6.368033198332115e-7
86.91,5.260206807332036e-7,-6.372526862619853e-7
86.92,5.326498522211852e-7,-6.37672669866964e-7
86.93,5.392477630656785e-7,-6.380633264685759e-7
86.94,5.458142068077472e-7,-6.384247130345932e-7
86.95,5.52348978554448e-7,-6.387568876746329e-7
86.96,5.588518749845255e-7,-6.390599096356271e-7
86.97,5.653226943536322e-7,-6.393338392961132e-7
86.98,5.717612364999864e-7,-6.395787381608753e-7
86.99,5.781673028498527e-7,-6.397946688560431e-7
87.0,5.845406964201994e-7,-6.399816951235881e-7
87.01,5.908812218296693e-7,-6.401398818155678e-7
87.02,5.971886852977475e-7,-6.402692948890295e-7
87.03,6.034628946525651e-7,-6.403700014006468e-7
87.04,6.097036593355831e-7,-6.404420695009449e-7
87.05,6.159107904061904e-7,-6.404855684290014e-7
87.06,6.220841005465616e-7,-6.405005685066364e-7
87.07,6.282234040665689e-7,-6.404871411329585e-7
87.08,6.343285169081583e-7,-6.404453587788667e-7
87.09,6.403992566502745e-7,-6.403752949809954e-7
87.1,6.464354425128958e-7,-6.402770243364232e-7
87.11,6.524368953619773e-7,-6.401506224966549e-7
87.12,6.584034377135242e-7,-6.399961661620152e-7
87.13,6.643348937380609e-7,-6.398137330756297e-7
87.14,6.702310892645803e-7,-6.396034020179628e-7
87.15,6.760918517851009e-7,-6.393652528006105e-7
87.16,6.819170104582656e-7,-6.3909936626057e-7
87.17,6.877063961139125e-7,-6.388058242542508e-7
87.18,6.934598412563256e-7,-6.384847096514596e-7
87.19,6.991771800689948e-7,-6.381361063296983e-7
87.2,7.048582484171885e-7,-6.377600991677983e-7
87.21,7.105028838530358e-7,-6.373567740399099e-7
87.22,7.161109256179714e-7,-6.369262178098901e-7
87.23,7.216822146471018e-7,-6.364685183244203e-7
87.24,7.272165935725154e-7,-6.359837644074993e-7
87.25,7.327139067263324e-7,-6.354720458540435e-7
87.26,7.381740001445824e-7,-6.349334534236967e-7
87.27,7.435967215700969e-7,-6.343680788347129e-7
87.28,7.489819204559527e-7,-6.337760147575603e-7
87.29,7.543294479685317e-7,-6.331573548086229e-7
87.3,7.596391569904797e-7,-6.32512193544198e-7
87.31,7.649109021238854e-7,-6.318406264539456e-7
87.32,7.701445396929241e-7,-6.311427499542681e-7
87.33,7.75339927746888e-7,-6.304186613827152e-7
87.34,7.804969260632459e-7,-6.296684589905902e-7
87.35,7.856153961495028e-7,-6.288922419373141e-7
87.36,7.906952012468109e-7,-6.280901102836457e-7
87.37,7.957362063318608e-7,-6.272621649851801e-7
87.38,8.007382781191873e-7,-6.264085078858572e-7
87.39,8.057012850646359e-7,-6.255292417116214e-7
87.4,8.106250973665013e-7,-6.246244700635444e-7
87.41,8.155095869684643e-7,-6.23694297411584e-7
87.42,8.203546275614239e-7,-6.227388290877729e-7
87.43,8.251600945859376e-7,-6.217581712798002e-7
87.44,8.299258652340329e-7,-6.207524310240143e-7
87.45,8.346518184511759e-7,-6.19721716199155e-7
87.46,8.393378349387747e-7,-6.186661355194882e-7
87.47,8.439837971537097e-7,-6.175857985280928e-7
87.48,8.485895893142816e-7,-6.164808155901978e-7
87.49,8.531550973979612e-7,-6.153512978862827e-7
87.5,8.576802091446936e-7,-6.141973574056199e-7
87.51,8.621648140582241e-7,-6.130191069391716e-7
87.52,8.666088034076661e-7,-6.118166600729503e-7
87.53,8.710120702286603e-7,-6.105901311811964e-7
87.54,8.753745093249128e-7,-6.09339635419427e-7
87.55,8.796960172690682e-7,-6.080652887178079e-7
87.56,8.839764924045608e-7,-6.067672077738919e-7
87.57,8.882158348459152e-7,-6.054455100460789e-7
87.58,8.924139464802119e-7,-6.041003137466364e-7
87.59,8.965707309682096e-7,-6.027317378346163e-7
87.6,9.00686093744641e-7,-6.013399020089737e-7
87.61,9.047599420198458e-7,-5.999249267017213e-7
87.62,9.087921847795492e-7,-5.984869330708187e-7
87.63,9.127827327865364e-7,-5.9702604299312e-7
87.64,9.167314985802741e-7,-5.955423790576112e-7
87.65,9.206383964783013e-7,-5.940360645581749e-7
87.66,9.245033425760449e-7,-5.925072234865787e-7
87.67,9.283262547477004e-7,-5.909559805254362e-7
87.68,9.321070526460284e-7,-5.893824610413039e-7
87.69,9.358456577030453e-7,-5.877867910771586e-7
87.7,9.395419931300721e-7,-5.861690973458817e-7
87.71,9.431959839177313e-7,-5.845295072227467e-7
87.72,9.468075568359574e-7,-5.828681487383164e-7
87.73,9.503766404340922e-7,-5.811851505715815e-7
87.74,9.539031650407897e-7,-5.794806420425755e-7
87.75,9.573870627637796e-7,-5.777547531051356e-7
87.76,9.608282674892629e-7,-5.760076143402007e-7
87.77,9.642267148827936e-7,-5.742393569478999e-7
87.78,9.675823423869896e-7,-5.724501127411248e-7
87.79,9.708950892227377e-7,-5.706400141378433e-7
87.8,9.741648963879636e-7,-5.688091941539984e-7
87.81,9.77391706656971e-7,-5.669577863962991e-7
87.82,9.80575464580084e-7,-5.650859250552017e-7
87.83,9.837161164826394e-7,-5.631937448971869e-7
87.84,9.86813610464402e-7,-5.612813812581806e-7
87.85,9.898678963984454e-7,-5.593489700351998e-7
87.86,9.928789259304758e-7,-5.573966476807706e-7
87.87,9.958466524775581e-7,-5.554245511940762e-7
87.88,9.987710312272034e-7,-5.534328181145186e-7
87.89,1.001652019136344e-6,-5.514215865140769e-7
87.9,1.0044895749296627e-6,-5.493909949903448e-7
87.91,1.0072836590989525e-6,-5.473411826587476e-7
87.92,1.0100342339011495e-6,-5.452722891459114e-7
87.93,1.0127412633575317e-6,-5.431844545817712e-7
87.94,1.015404713250943e-6,-5.410778195924243e-7
87.95,1.0180245511265807e-6,-5.389525252929631e-7
87.96,1.0206007462880712e-6,-5.368087132799327e-7
87.97,1.0231332697968654e-6,-5.346465256241861e-7
87.98,1.0256220944702006e-6,-5.324661048634708e-7
87.99,1.0280671948796485e-6,-5.302675939950539e-7
88.0,1.0304685473488834e-6,-5.280511364684072e-7
88.01,1.032826129951637e-6,-5.258168761779722e-7
88.02,1.0351399225100034e-6,-5.235649574556898e-7
88.03,1.0374099065925404e-6,-5.212955250633788e-7
88.04,1.0396360655110008e-6,-5.190087241862439e-7
88.05,1.0418183843194698e-6,-5.167047004245865e-7
88.06,1.043956849811408e-6,-5.143835997870051e-7
88.07,1.0460514505174229e-6,-5.120455686827338e-7
88.08,1.048102176702733e-6,-5.096907539144716e-7
88.09,1.0501090203650257e-6,-5.073193026710783e-7
88.1,1.0520719752315123e-6,-5.049313625199953e-7
88.11,1.053991036756504e-6,-5.025270814000799e-7
88.12,1.0558662021189975e-6,-5.00106607614138e-7
88.13,1.057697470219236e-6,-4.976700898217415e-7
88.14,1.0594848416769826e-6,-4.952176770316143e-7
88.15,1.0612283188275951e-6,-4.927495185943948e-7
88.16,1.0629279057197575e-6,-4.902657641955275e-7
88.17,1.0645836081122704e-6,-4.877665638474103e-7
88.18,1.0661954334709631e-6,-4.85252067882521e-7
88.19,1.0677633909658528e-6,-4.827224269458819e-7
88.2,1.0692874914675998e-6,-4.801777919876806e-7
88.21,1.0707677475443296e-6,-4.776183142557589e-7
88.22,1.072204173459138e-6,-4.7504414528914486e-7
88.23,1.0735967851651387e-6,-4.724554369094495e-7
88.24,1.0749456003036856e-6,-4.698523412142675e-7
88.25,1.0762506381996574e-6,-4.672350105700889e-7
88.26,1.0775119198587893e-6,-4.6460359760431776e-7
88.27,1.0787294679636455e-6,-4.6195825519849345e-7
88.28,1.0799033068699758e-6,-4.592991364807602e-7
88.29,1.081033462603013e-6,-4.566263948185101e-7
88.3,1.0821199628538532e-6,-4.5394018381131767e-7
88.31,1.0831628369753366e-6,-4.512406572834309e-7
88.32,1.0841621159785442e-6,-4.485279692766455e-7
88.33,1.0851178325283638e-6,-4.458022740428508e-7
88.34,1.0860300209398387e-6,-4.4306372603704627e-7
88.35,1.0868987171738322e-6,-4.4031247990976473e-7
88.36,1.087723958833269e-6,-4.3754869050009504e-7
88.37,1.0885057851584546e-6,-4.347725128282184e-7
88.38,1.0892442370231532e-6,-4.319841020884234e-7
88.39,1.089939356930284e-6,-4.2918361364154314e-7
88.4,1.0905911890071848e-6,-4.263712030080733e-7
88.41,1.0911997790022213e-6,-4.2354702586083224e-7
88.42,1.091765174278566e-6,-4.2071123801765683e-7
88.43,1.0922874238111439e-6,-4.1786399543444764e-7
88.44,1.0927665781816054e-6,-4.1500545419770425e-7
88.45,1.0932026895737186e-6,-4.121357705177044e-7
88.46,1.0935958117682355e-6,-4.0925510072105867e-7
88.47,1.0939460001388173e-6,-4.063636012435609e-7
88.48,1.0942533116466751e-6,-4.034614286235068e-7
88.49,1.0945178048361162e-6,-4.005487394938414e-7
88.5,1.0947395398290429e-6,-3.976256905757376e-7
88.51,1.0949185783207762e-6,-3.9469243867105026e-7
88.52,1.0950549835744878e-6,-3.9174914065543097e-7
88.53,1.0951488204160897e-6,-3.887959534712202e-7
88.54,1.0952001552293792e-6,-3.858330341203139e-7
88.55,1.0952090559505677e-6,-3.828605396573872e-7
88.56,1.0951755920633694e-6,-3.7987862718236914e-7
88.57,1.0950998345934202e-6,-3.7688745383398113e-7
88.58,1.0949818561030154e-6,-3.738871767823724e-7
88.59,1.094821730685767e-6,-3.708779532221817e-7
88.6,1.0946195339610744e-6,-3.678599403656817e-7
88.61,1.094375343068675e-6,-3.6483329543574896e-7
88.62,1.0940892366631041e-6,-3.617981756589345e-7
88.63,1.0937612949080267e-6,-3.587547382584604e-7
88.64,1.0933915994706578e-6,-3.5570314044740015e-7
88.65,1.0929802335159612e-6,-3.526435394218122e-7
88.66,1.0925272817011157e-6,-3.495760923537636e-7
88.67,1.0920328301693312e-6,-3.4650095638446927e-7
88.68,1.0914969665443955e-6,-3.434182886176026e-7
88.69,1.090919779924572e-6,-3.4032824611205475e-7
88.7,1.0903013608765976e-6,-3.3723098587584936e-7
88.71,1.0896418014299383e-6,-3.341266648585939e-7
88.72,1.0889411950702789e-6,-3.310154399451153e-7
88.73,1.0881996367341071e-6,-3.278974679486167e-7
88.74,1.0874172228018825e-6,-3.2477290560390497e-7
88.75,1.0865940510923613e-6,-3.21641909560711e-7
88.76,1.085730220856129e-6,-3.185046363770234e-7
88.77,1.0848258327691977e-6,-3.1536124251221797e-7
88.78,1.0838809889271796e-6,-3.1221188432075636e-7
88.79,1.0828957928381529e-6,-3.090567180449017e-7
88.8,1.0818703494170245e-6,-3.0589589980907153e-7
88.81,1.080804764978593e-6,-3.027295856121687e-7
88.82,1.0796991472311464e-6,-2.995579313217341e-7
88.83,1.078553605269892e-6,-2.9638109266725804e-7
88.84,1.077368249570745e-6,-2.9319922523317536e-7
88.85,1.0761431919828702e-6,-2.900124844530378e-7
88.86,1.0748785457227555e-6,-2.8682102560243284e-7
88.87,1.0735744253670711e-6,-2.836250037930644e-7
88.88,1.0722309468466873e-6,-2.804245739653896e-7
88.89,1.070848227438208e-6,-2.772198908834673e-7
88.9,1.069426385758765e-6,-2.7401110912740196e-7
88.91,1.0679655417587027e-6,-2.707983830875295e-7
88.92,1.0664658167139522e-6,-2.675818669578888e-7
88.93,1.0649273332198213e-6,-2.6436171472997537e-7
88.94,1.0633502151838182e-6,-2.611380801863268e-7
88.95,1.0617345878182736e-6,-2.5791111689422744e-7
88.96,1.0600805776335832e-6,-2.54680978199721e-7
88.97,1.0583883124313605e-6,-2.514478172200155e-7
88.98,1.056657921296127e-6,-2.4821178684013264e-7
88.99,1.054889534589469e-6,-2.449730397035577e-7
89.0,1.0530832839419158e-6,-2.4173172820788656e-7
89.01,1.051239302245851e-6,-2.3848800449815805e-7
89.02,1.0493577236484606e-6,-2.352420204607044e-7
89.03,1.0474386835440858e-6,-2.3199392771728712e-7
89.04,1.0454823185668986e-6,-2.2874387761859412e-7
89.05,1.0434887665836188e-6,-2.2549202123853863e-7
89.06,1.041458166685136e-6,-2.2223850936869462e-7
89.07,1.0393906591810237e-6,-2.189834925107159e-7
89.08,1.037286385589857e-6,-2.1572712087208193e-7
89.09,1.0351454886326465e-6,-2.1246954435925853e-7
89.1,1.0329681122253036e-6,-2.0921091257210226e-7
89.11,1.0307544014705673e-6,-2.0595137479765526e-7
89.12,1.0285045026507125e-6,-2.0269108000462093e-7
89.13,1.0262185632195384e-6,-1.994301768372667e-7
89.14,1.0238967317948758e-6,-1.9616881360971533e-7
89.15,1.0215391581505002e-6,-1.929071383001634e-7
89.16,1.0191459932084228e-6,-1.8964529854524424e-7
89.17,1.0167173890315776e-6,-1.8638344163395159e-7
89.18,1.0142534988151096e-6,-1.831217145022646e-7
89.19,1.0117544768788647e-6,-1.798602637274363e-7
89.2,1.009220478659417e-6,-1.7659923552217306e-7
89.21,1.0066516607022894e-6,-1.7333877572911195e-7
89.22,1.004048180653497e-6,-1.7007902981537143e-7
89.23,1.0014101972518977e-6,-1.6682014286678863e-7
89.24,9.987378703211714e-7,-1.635622595823535e-7
89.25,9.960313607612708e-7,-1.6030552426901361e-7
89.26,9.932908305409035e-7,-1.5705008083601505e-7
89.27,9.905164426889317e-7,-1.5379607278928455e-7
89.28,9.877083612862398e-7,-1.505436432264202e-7
89.29,9.848667514577483e-7,-1.4729293483095183e-7
89.3,9.819917793643618e-7,-1.4404408986708764e-7
89.31,9.790836121938277e-7,-1.4079725017462626e-7
89.32,9.761424181536069e-7,-1.3755255716326208e-7
89.33,9.73168366461533e-7,-1.3431015180768674e-7
89.34,9.701616273379525e-7,-1.3107017464214123e-7
89.35,9.671223719985076e-7,-1.2783276575542744e-7
89.36,9.640507726426695e-7,-1.245980647854851e-7
89.37,9.60947002448497e-7,-1.2136621091430038e-7
89.38,9.578112355626399e-7,-1.1813734286317646e-7
89.39,9.546436470922025e-7,-1.14911598887103e-7
89.4,9.514444130961538e-7,-1.1168911677017608e-7
89.41,9.482137105772611e-7,-1.0847003382028273e-7
89.42,9.44951717472441e-7,-1.0525448686422574e-7
89.43,9.416586126456398e-7,-1.0204261224294618e-7
89.44,9.383345758784814e-7,-9.88345458065099e-8
89.45,9.349797878615415e-7,-9.563042290899562e-8
89.46,9.315944301858052e-7,-9.243037840389003e-8
89.47,9.28178685334699e-7,-8.923454663934294e-8
89.48,9.247327366745218e-7,-8.604306145325366e-8
89.49,9.21256768446053e-7,-8.285605616852725e-8
89.5,9.177509657563183e-7,-7.967366358830811e-8
89.51,9.142155145691719e-7,-7.649601599152098e-8
89.52,9.106506016970196e-7,-7.332324512801966e-8
89.53,9.070564147916037e-7,-7.015548221417477e-8
89.54,9.034331423360557e-7,-6.6992857927896e-8
89.55,8.997809736350248e-7,-6.383550240453522e-8
89.56,8.961000988068563e-7,-6.068354523211394e-8
89.57,8.923907087740165e-7,-5.7537115447107964e-8
89.58,8.88652995254631e-7,-5.439634152961782e-8
89.59,8.848871507534449e-7,-5.126135139919297e-8
89.6,8.810933685534206e-7,-4.813227241063155e-8
89.61,8.772718427057779e-7,-4.5009231349295e-8
89.62,8.7342276802216e-7,-4.1892354426917e-8
89.63,8.695463400656073e-7,-3.878176727748263e-8
89.64,8.656427551405182e-7,-3.5677594952799615e-8
89.65,8.617122102850856e-7,-3.2579961918514576e-8
89.66,8.577549032613296e-7,-2.9488992049760652e-8
89.67,8.537710325469547e-7,-2.640480862697657e-8
89.68,8.49760797325484e-7,-2.3327534332089907e-8
89.69,8.457243974778585e-7,-2.025729124434915e-8
89.7,8.416620335732178e-7,-1.7194200836083084e-8
89.71,8.375739068596905e-7,-1.4138383968976954e-8
89.72,8.334602192561083e-7,-1.1089960889988077e-8
89.73,8.293211733411462e-7,-8.049051227461594e-9
89.74,8.251569723468888e-7,-5.015773987469654e-9
89.75,8.209678201475709e-7,-1.990247549503327e-9
89.76,8.167539212513407e-7,1.0274103369511123e-9
89.77,8.12515480791186e-7,4.0370825563270705e-9
89.78,8.082527045156659e-7,7.038652630663675e-9
89.79,8.03965798779764e-7,1.0032004723338542e-8
89.8,7.996549705361767e-7,1.3017023642708782e-8
89.81,7.953204273252502e-7,1.5993594845736127e-8
89.82,7.90962377267177e-7,1.896160444157862e-8
89.83,7.865810290515485e-7,2.1920939195123385e-8
89.84,7.821765919289903e-7,2.4871486530567963e-8
89.85,7.777492757016769e-7,2.7813134534857262e-8
89.86,7.732992907143475e-7,3.07457719610138e-8
89.87,7.688268478450462e-7,3.3669288231743074e-8
89.88,7.643321584959709e-7,3.658357344268027e-8
89.89,7.598154345839647e-7,3.948851836563562e-8
89.9,7.552768885322039e-7,4.2384014452264417e-8
89.91,7.507167332594643e-7,4.5269953836578346e-8
89.92,7.461351821730379e-7,4.814622933907878e-8
89.93,7.415324491575375e-7,5.1012734469314224e-8
89.94,7.36908748566659e-7,5.386936342911787e-8
89.95,7.322642952140797e-7,5.6716011115833294e-8
89.96,7.275993043639453e-7,5.955257312549265e-8
89.97,7.229139917214592e-7,6.237894575550941e-8
89.98,7.182085734241562e-7,6.519502600781715e-8
89.99,7.13483266032161e-7,6.800071159212734e-8
90.0,7.087382865200537e-7,7.079590092817181e-8
90.01,7.039738522656655e-7,7.358049314939089e-8
90.02,6.991901810428592e-7,7.635438810514494e-8
90.03,6.943874910114087e-7,7.911748636378866e-8
90.04,6.89566000707614e-7,8.186968921540595e-8
90.05,6.8472592903553e-7,8.461089867455535e-8
90.06,6.798674952574646e-7,8.734101748275907e-8
90.07,6.749909189850036e-7,9.005994911160881e-8
90.08,6.700964201694013e-7,9.276759776477932e-8
90.09,6.651842190928391e-7,9.546386838121635e-8
90.1,6.602545363589054e-7,9.81486666370526e-8
90.11,6.55307592883463e-7,1.0082189894872562e-7
90.12,6.503436098856028e-7,1.034834724749907e-7
90.13,6.453628088779944e-7,1.0613329511945749e-7
90.14,6.403654116582055e-7,1.0877127553311872e-7
90.15,6.353516402993386e-7,1.1139732311647055e-7
90.16,6.303217171408616e-7,1.1401134802202252e-7
90.17,6.252758647790699e-7,1.1661326115646816e-7
90.18,6.202143060584555e-7,1.1920297418294418e-7
90.19,6.15137264062181e-7,1.2178039952304273e-7
90.2,6.100449621032101e-7,1.2434545035935972e-7
90.21,6.049376237146327e-7,1.2689804063734434e-7
90.22,5.99815472641259e-7,1.2943808506720443e-7
90.23,5.946787328297571e-7,1.319654991264244e-7
90.24,5.895276284198653e-7,1.3448019906127823e-7
90.25,5.843623837354514e-7,1.3698210188921773e-7
90.26,5.791832232748176e-7,1.394711254003438e-7
90.27,5.739903717021023e-7,1.4194718815988317e-7
90.28,5.687840538382138e-7,1.4441020950932287e-7
90.29,5.635644946508915e-7,1.4686010956869274e-7
90.3,5.583319192470018e-7,1.4929680923850924e-7
90.31,5.530865528623801e-7,1.517202302008189e-7
90.32,5.478286208530391e-7,1.541302949216188e-7
90.33,5.425583486863386e-7,1.565269266520214e-7
90.34,5.372759619315594e-7,1.5891004943013797e-7
90.35,5.319816862514944e-7,1.6127958808247725e-7
90.36,5.266757473926583e-7,1.6363546822571988e-7
90.37,5.213583711770899e-7,1.6597761626800458e-7
90.38,5.160297834916545e-7,1.6830595941025944e-7
90.39,5.106902102823775e-7,1.706204256483153e-7
90.4,5.053398775421624e-7,1.729209437733583e-7
90.41,4.999790113026152e-7,1.7520744337390772e-7
90.42,4.946078376267919e-7,1.7747985483709315e-7
90.43,4.892265825984978e-7,1.7973810934953568e-7
90.44,4.838354723138539e-7,1.8198213889898706e-7
90.45,4.784347328725977e-7,1.842118762754125e-7
90.46,4.730245903693217e-7,1.8642725507195228e-7
90.47,4.6760527088305984e-7,1.886282096863663e-7
90.48,4.6217700047196257e-7,1.9081467532188117e-7
90.49,4.5674000516051e-7,1.9298658798831237e-7
90.5,4.5129451093306986e-7,1.9514388450308174e-7
90.51,4.458407437241258e-7,1.9728650249222377e-7
90.52,4.4037892941020594e-7,1.994143803911284e-7
90.53,4.34909293800257e-7,2.0152745744578022e-7
90.54,4.2943206262736746e-7,2.0362567371317144e-7
90.55,4.239474615404622e-7,2.057089700625384e-7
90.56,4.184557160948521e-7,2.077772881759189e-7
90.57,4.1295705174353014e-7,2.0983057054893727e-7
90.58,4.0745169382917713e-7,2.1186876049137274e-7
90.59,4.019398675747372e-7,2.1389180212821222e-7
90.6,3.9642179807552216e-7,2.1589964039984837e-7
90.61,3.9089771028977817e-7,2.1789222106289162e-7
90.62,3.853678290307129e-7,2.198694906907609e-7
90.63,3.798323789577685e-7,2.218313966740924e-7
90.64,3.742915845677533e-7,2.2377788722117208e-7
90.65,3.687456701867223e-7,2.2570891135857514e-7
90.66,3.631948599611892e-7,2.276244189314388e-7
90.67,3.5763937785000967e-7,2.2952436060385425e-7
90.68,3.5207944761488453e-7,2.3140868785918348e-7
90.69,3.465152928134265e-7,2.3327735300035937e-7
90.7,3.4094713678945994e-7,2.3513030915026417e-7
90.71,3.3537520266525485e-7,2.3696751025171893e-7
90.72,3.2979971333292314e-7,2.387889110678605e-7
90.73,3.2422089144619777e-7,2.4059446718215466e-7
90.74,3.18638959411718e-7,2.423841349987158e-7
90.75,3.1305413938120754e-7,2.4415787174214437e-7
90.76,3.0746665324352586e-7,2.4591563545767987e-7
90.77,3.0187672261469935e-7,2.476573850111752e-7
90.78,2.962845688315323e-7,2.4938308008912976e-7
90.79,2.9069041294272504e-7,2.510926811984962e-7
90.8,2.8509447570050313e-7,2.52786149666756e-7
90.81,2.79496977552583e-7,2.5446344764150996e-7
90.82,2.738981386341284e-7,2.5612453809069673e-7
90.83,2.6829817875939934e-7,2.577693848017928e-7
90.84,2.6269731741381085e-7,2.5939795238218173e-7
90.85,2.570957737467366e-7,2.610102062586869e-7
90.86,2.514937665610302e-7,2.626061126767765e-7
90.87,2.458915143080273e-7,2.6418563870088873e-7
90.88,2.402892350774394e-7,2.6574875221370803e-7
90.89,2.3468714659034333e-7,2.672954219157309e-7
90.9,2.2908546619104438e-7,2.688256173246673e-7
90.91,2.234844108390178e-7,2.7033930877558233e-7
90.92,2.1788419710145233e-7,2.7183646741945e-7
90.93,2.122850411449077e-7,2.73317065223165e-7
90.94,2.066871587281988e-7,2.747810749689876e-7
90.95,2.0109076519356366e-7,2.762284702535503e-7
90.96,1.9549607546002844e-7,2.776592254873579e-7
90.97,1.8990330401501056e-7,2.7907331589419636e-7
90.98,1.843126649066324e-7,2.804707175101646e-7
90.99,1.7872437173673973e-7,2.818514071831946e-7
91.0,1.7313863765233489e-7,2.8321536257194076e-7
91.01,1.6755567533873e-7,2.845625621450181e-7
91.02,1.6197569701151116e-7,2.858929851802466e-7
91.03,1.5639891440897618e-7,2.8720661176393084e-7
91.04,1.508255387854123e-7,2.8850342278904607e-7
91.05,1.4525578090250845e-7,2.897833999552813e-7
91.06,1.3968985102284127e-7,2.9104652576766596e-7
91.07,1.3412795890178953e-7,2.922927835351086e-7
91.08,1.2857031378068344e-7,2.935221573700685e-7
91.09,1.2301712437911995e-7,2.947346321867867e-7
91.1,1.1746859888769991e-7,2.959301937004838e-7
91.11,1.1192494496113711e-7,2.9710882842613076e-7
91.12,1.0638636971053715e-7,2.982705236773259e-7
91.13,1.008530796960544e-7,2.994152675644768e-7
91.14,9.532528092066021e-8,3.0054304899462696e-7
91.15,8.98031788219889e-8,3.0165385766898934e-7
91.16,8.428697826557091e-8,3.027476840823867e-7
91.17,7.877688353824959e-8,3.038245195215528e-7
91.18,7.327309834016639e-8,3.048843560637188e-7
91.19,6.777582577873434e-8,3.0592718657525866e-7
91.2,6.228526836101169e-8,3.0695300471027797e-7
91.21,5.6801627987205106e-8,3.079618049090605e-7
91.22,5.132510594342874e-8,3.0895358239630347e-7
91.23,4.5855902895350683e-8,3.099283331801168e-7
91.24,4.0394218880472155e-8,3.1088605404965993e-7
91.25,3.494025330237116e-8,3.118267425742198e-7
91.26,2.9494204923321805e-8,3.1275039710126364e-7
91.27,2.4056271857948834e-8,3.1365701675465293e-7
91.28,1.8626651565775237e-8,3.145466014329581e-7
91.29,1.3205540846006712e-8,3.1541915180801066e-7
91.3,7.793135829734992e-9,3.162746693226728e-7
91.31,2.3896319736442894e-9,3.1711315618948204e-7
91.32,-3.0047759466874134e-9,3.179346153880214e-7
91.33,-8.3898938421074e-9,3.187390506644834e-7
91.34,-1.3765528318212812e-8,3.1952646652811694e-7
91.35,-1.913148667956845e-8,3.202968682505691e-7
91.36,-2.4487576938585282e-8,3.2105026186312046e-7
91.37,-2.9833607819981856e-8,3.217866541550004e-7
91.38,-3.516938876726957e-8,3.225060526717339e-7
91.39,-4.0494729949906445e-8,3.232084657123093e-7
91.4,-4.580944226839253e-8,3.2389390232787294e-7
91.41,-5.111333736225451e-8,3.2456237231873285e-7
91.42,-5.6406227613186075e-8,3.252138862336167e-7
91.43,-6.16879261540998e-8,3.2584845536598004e-7
91.44,-6.69582468736874e-8,3.2646609175275955e-7
91.45,-7.221700442259422e-8,3.270668081719008e-7
91.46,-7.746401421979106e-8,3.276506181400085e-7
91.47,-8.269909245798588e-8,3.282175359104032e-7
91.48,-8.792205610978707e-8,3.2876757647030456e-7
91.49,-9.313272293384414e-8,3.2930075553890095e-7
91.5,-9.833091147993905e-8,3.2981708956502243e-7
91.51,-1.0351644109539542e-7,3.303165957243801e-7
91.52,-1.0868913193054219e-7,3.307992919176141e-7
91.53,-1.138488049445366e-7,3.3126519676751277e-7
91.54,-1.1899528191071934e-7,3.3171432961663e-7
91.55,-1.2412838542236346e-7,3.3214671052491907e-7
91.56,-1.2924793889879704e-7,3.3256236026714587e-7
91.57,-1.3435376658959887e-7,3.3296130033027206e-7
91.58,-1.3944569358145878e-7,3.333435529109145e-7
91.59,-1.445235458029614e-7,3.337091409128392e-7
91.6,-1.4958715002981886e-7,3.3405808794437314e-7
91.61,-1.5463633389062896e-7,3.343904183154445e-7
91.62,-1.5967092587191175e-7,3.347061570352895e-7
91.63,-1.6469075532356702e-7,3.3500532980962716e-7
91.64,-1.69695652463945e-7,3.3528796303771224e-7
91.65,-1.746854483849816e-7,3.3555408381006843e-7
91.66,-1.796599750575674e-7,3.3580371990510496e-7
91.67,-1.8461906533628118e-7,3.360368997870287e-7
91.68,-1.8956255296495285e-7,3.362536526022586e-7
91.69,-1.9449027258088498e-7,3.364540081771476e-7
91.7,-1.994020597209225e-7,3.36637997015214e-7
91.71,-2.0429775082509674e-7,3.3680565029337034e-7
91.72,-2.0917718324246966e-7,3.369569998600326e-7
91.73,-2.140401952355699e-7,3.370920782316572e-7
91.74,-2.1888662598528758e-7,3.3721091858986187e-7
91.75,-2.237163155953281e-7,3.3731355477839397e-7
91.76,-2.285291050972996e-7,3.3740002130035324e-7
91.77,-2.333248364551962e-7,3.374703533147937e-7
91.78,-2.3810335257021975e-7,3.3752458663386724e-7
91.79,-2.4286449728359293e-7,3.3756275772021243e-7
91.8,-2.4760811538542426e-7,3.3758490368255496e-7
91.81,-2.5233405261387185e-7,3.3759106227399804e-7
91.82,-2.570421556631661e-7,3.375812718883462e-7
91.83,-2.6173227218652866e-7,3.3755557155655966e-7
91.84,-2.6640425080099413e-7,3.3751400094409997e-7
91.85,-2.710579410912418e-7,3.3745660034763027e-7
91.86,-2.7569319361476766e-7,3.373834106914465e-7
91.87,-2.8030985990480056e-7,3.3729447352458037e-7
91.88,-2.849077924752048e-7,3.371898310176332e-7
91.89,-2.894868448247989e-7,3.370695259589234e-7
91.9,-2.940468714410517e-7,3.369336017516936e-7
91.91,-2.9858772780383706e-7,3.3678210241074685e-7
91.92,-3.031092703899488e-7,3.3661507255874155e-7
91.93,-3.0761135667665564e-7,3.364325574231212e-7
91.94,-3.1209384514582314e-7,3.362346028328151e-7
91.95,-3.165565952875857e-7,3.3602125521440623e-7
91.96,-3.2099946760397653e-7,3.3579256158910235e-7
91.97,-3.254223236134172e-7,3.3554856956927243e-7
91.98,-3.2982502585297524e-7,3.35289327354583e-7
91.99,-3.3420743788343376e-7,3.350148837289548e-7
92.0,-3.385694242923721e-7,3.347252880569594e-7
92.01,-3.4291085069738605e-7,3.344205902801204e-7
92.02,-3.4723158374993723e-7,3.3410084091348245e-7
92.03,-3.5153149113896225e-7,3.3376609104219866e-7
92.04,-3.5581044159368144e-7,3.3341639231775236e-7
92.05,-3.6006830488762267e-7,3.330517969543293e-7
92.06,-3.643049518417603e-7,3.3267235772547546e-7
92.07,-3.6852025432736695e-7,3.3227812796025133e-7
92.08,-3.727140852696067e-7,3.3186916153964553e-7
92.09,-3.768863186508089e-7,3.3144551289291094e-7
92.1,-3.810368295133462e-7,3.31007236993995e-7
92.11,-3.851654939626915e-7,3.3055438935759104e-7
92.12,-3.892721891707625e-7,3.300870260356276e-7
92.13,-3.933567933785646e-7,3.2960520361368486e-7
92.14,-3.974191858992643e-7,3.291089792068305e-7
92.15,-4.014592471213017e-7,3.2859841045636136e-7
92.16,-4.054768585105065e-7,3.2807355552565587e-7
92.17,-4.094719026142177e-7,3.2753447309633056e-7
92.18,-4.1344426306227464e-7,3.269812223650369e-7
92.19,-4.1739382457125083e-7,3.26413863038993e-7
92.2,-4.213204729464632e-7,3.2583245533239416e-7
92.21,-4.252240950843591e-7,3.252370599626735e-7
92.22,-4.291045789757216e-7,3.2462773814643984e-7
92.23,-4.329618137074868e-7,3.2400455159580253e-7
92.24,-4.367956894656086e-7,3.2336756251444404e-7
92.25,-4.406060975377062e-7,3.2271683359353946e-7
92.26,-4.443929303143989e-7,3.2205242800799215e-7
92.27,-4.4815608129286533e-7,3.213744094126528e-7
92.28,-4.5189544507859434e-7,3.206828419381838e-7
92.29,-4.556109173875678e-7,3.1997779018695644e-7
92.3,-4.5930239504832016e-7,3.192593192295616e-7
92.31,-4.629697760043034e-7,3.1852749460042004e-7
92.32,-4.666129593158734e-7,3.177823822938852e-7
92.33,-4.702318451624043e-7,3.1702404876041947e-7
92.34,-4.738263348439917e-7,3.1625256090262585e-7
92.35,-4.773963307845024e-7,3.1546798607026737e-7
92.36,-4.809417365310137e-7,3.1467039205810317e-7
92.37,-4.844624567584191e-7,3.1385984710016303e-7
92.38,-4.87958397269754e-7,3.1303641986636355e-7
92.39,-4.914294649979275e-7,3.1220017945838735e-7
92.4,-4.948755680081285e-7,3.1135119540572596e-7
92.41,-4.982966154987205e-7,3.1048953766130243e-7
92.42,-5.016925178033467e-7,3.0961527659758233e-7
92.43,-5.050631863923171e-7,3.087284830025023e-7
92.44,-5.08408533874266e-7,3.078292280751724e-7
92.45,-5.117284739971216e-7,3.069175834219575e-7
92.46,-5.150229216501754e-7,3.059936210521874e-7
92.47,-5.182917928648835e-7,3.0505741337398976e-7
92.48,-5.215350048169457e-7,3.041090331903528e-7
92.49,-5.247524758266458e-7,3.031485536947646e-7
92.5,-5.279441253607155e-7,3.021760484670496e-7
92.51,-5.311098740332238e-7,3.011915914693907e-7
92.52,-5.342496436070005e-7,3.001952570417699e-7
92.53,-5.373633569942208e-7,2.991871198983394e-7
92.54,-5.404509382580905e-7,2.981672551225902e-7
92.55,-5.435123126132206e-7,2.971357381635215e-7
92.56,-5.465474064270793e-7,2.960926448314166e-7
92.57,-5.49556147220424e-7,2.950380512934822e-7
92.58,-5.525384636685074e-7,2.93972034069732e-7
92.59,-5.554942856017632e-7,2.928946700286391e-7
92.6,-5.584235440064964e-7,2.918060363831058e-7
92.61,-5.613261710257185e-7,2.907062106858285e-7
92.62,-5.642020999597001e-7,2.895952708255202e-7
92.63,-5.670512652663822e-7,2.8847329502229224e-7
92.64,-5.698736025626403e-7,2.8734036182350477e-7
92.65,-5.726690486242277e-7,2.861965500994858e-7
92.66,-5.754375413859445e-7,2.850419390393979e-7
92.67,-5.781790199429795e-7,2.838766081467332e-7
92.68,-5.808934245506061e-7,2.827006372350844e-7
92.69,-5.835806966246905e-7,2.815141064239706e-7
92.7,-5.86240778741987e-7,2.8031709613447565e-7
92.71,-5.888736146405674e-7,2.79109687084821e-7
92.72,-5.91479149219965e-7,2.7789196028650484e-7
92.73,-5.940573285402198e-7,2.7666399703879123e-7
92.74,-5.966080998243713e-7,2.7542587892655076e-7
92.75,-5.991314114563516e-7,2.7417768781375923e-7
92.76,-6.016272129817824e-7,2.729195058404261e-7
92.77,-6.040954551080125e-7,2.71651415417818e-7
92.78,-6.065360897040684e-7,2.703734992244031e-7
92.79,-6.089490698000627e-7,2.690858402011158e-7
92.8,-6.113343495876986e-7,2.6778852154767454e-7
92.81,-6.136918844196331e-7,2.664816267175462e-7
92.82,-6.160216308092407e-7,2.6516523941409564e-7
92.83,-6.183235464303245e-7,2.638394435860804e-7
92.84,-6.205975901169928e-7,2.62504323423303e-7
92.85,-6.228437218630407e-7,2.611599633522218e-7
92.86,-6.250619028212501e-7,2.5980644803184857e-7
92.87,-6.27252095303671e-7,2.5844386234915504e-7
92.88,-6.294142627801474e-7,2.570722914147652e-7
92.89,-6.315483698785289e-7,2.556918205588689e-7
92.9,-6.3365438238314e-7,2.5430253532656633e-7
92.91,-6.357322672365692e-7,2.5290452147346954e-7
92.92,-6.377819925344272e-7,2.514978649618755e-7
92.93,-6.398035275290129e-7,2.5008265195577494e-7
92.94,-6.417968426261332e-7,2.4865896881717236e-7
92.95,-6.437619093850712e-7,2.472269021010519e-7
92.96,-6.456987005177428e-7,2.457865385515527e-7
92.97,-6.476071898869413e-7,2.4433796509740424e-7
92.98,-6.494873525065573e-7,2.428812688476336e-7
92.99,-6.513391645395453e-7,2.4141653708721087e-7
93.0,-6.531626032974923e-7,2.399438572729619e-7
93.01,-6.549576472392255e-7,2.38463317028645e-7
93.02,-6.567242759697753e-7,2.3697500414122536e-7
93.03,-6.58462470239114e-7,2.3547900655616086e-7
93.04,-6.601722119409836e-7,2.339754123733547e-7
93.05,-6.618534841114547e-7,2.3246430984256855e-7
93.06,-6.63506270927932e-7,2.3094578735927895e-7
93.07,-6.65130557707541e-7,2.2941993346029032e-7
93.08,-6.667263309056234e-7,2.278868368193963e-7
93.09,-6.682935781145568e-7,2.263465862431829e-7
93.1,-6.698322880624016e-7,2.2479927066639616e-7
93.11,-6.713424506104667e-7,2.232449791481631e-7
93.12,-6.7282405675296e-7,2.2168380086714906e-7
93.13,-6.742770986147069e-7,2.2011582511769188e-7
93.14,-6.757015694493187e-7,2.1854114130512237e-7
93.15,-6.770974636380603e-7,2.169598389417825e-7
93.16,-6.784647766874911e-7,2.1537200764257873e-7
93.17,-6.798035052283248e-7,2.1377773712074565e-7
93.18,-6.811136470130893e-7,2.1217711718354797e-7
93.19,-6.823952009142538e-7,2.1057023772808345e-7
93.2,-6.83648166923068e-7,2.089571887368031e-7
93.21,-6.848725461464087e-7,2.0733806027353662e-7
93.22,-6.860683408059854e-7,2.0571294247898362e-7
93.23,-6.872355542353135e-7,2.0408192556665068e-7
93.24,-6.883741908784924e-7,2.024450998185015e-7
93.25,-6.894842562873827e-7,2.0080255558078545e-7
93.26,-6.905657571200963e-7,1.9915438325965448e-7
93.27,-6.91618701138316e-7,1.9750067331705965e-7
93.28,-6.926430972051114e-7,1.9584151626654185e-7
93.29,-6.93638955283242e-7,1.9417700266914114e-7
93.3,-6.946062864319057e-7,1.925072231287488e-7
93.31,-6.955451028051767e-7,1.9083226828835613e-7
93.32,-6.964554176494215e-7,1.8915222882570575e-7
93.33,-6.973372453005727e-7,1.8746719544901326e-7
93.34,-6.981906011819286e-7,1.8577725889297974e-7
93.35,-6.990155018018855e-7,1.8408250991432385e-7
93.36,-6.998119647507171e-7,1.8238303928815233e-7
93.37,-7.005800086984021e-7,1.8067893780294603e-7
93.38,-7.01319653393195e-7,1.7897029625775028e-7
93.39,-7.020309196557654e-7,1.7725720545628404e-7
93.4,-7.02713829379994e-7,1.7553975620432397e-7
93.41,-7.03368405528301e-7,1.7381803930481241e-7
93.42,-7.039946721295509e-7,1.7209214555398922e-7
93.43,-7.045926542757173e-7,1.7036216573725892e-7
93.44,-7.051623781198314e-7,1.6862819062502243e-7
93.45,-7.057038708721786e-7,1.668903109687025e-7
93.46,-7.062171607982298e-7,1.65148617496522e-7
93.47,-7.067022772151511e-7,1.6340320090960286e-7
93.48,-7.07159250489028e-7,1.6165415187790962e-7
93.49,-7.075881120317444e-7,1.5990156103593007e-7
93.5,-7.07988894298116e-7,1.581455189790229e-7
93.51,-7.083616307823956e-7,1.56386116259133e-7
93.52,-7.087063560157192e-7,1.5462344338091192e-7
93.53,-7.090231055624511e-7,1.5285759079762072e-7
93.54,-7.093119160171542e-7,1.5108864890717557e-7
93.55,-7.095728250013167e-7,1.4931670804814603e-7
93.56,-7.098058711601073e-7,1.4754185849595846e-7
93.57,-7.10011094159696e-7,1.4576419045849778e-7
93.58,-7.101885346819175e-7,1.4398379407272807e-7
93.59,-7.103382344237748e-7,1.4220075940034085e-7
93.6,-7.104602360915702e-7,1.4041517642402695e-7
93.61,-7.10554583398805e-7,1.386271350433758e-7
93.62,-7.106213210623681e-7,1.368367250712732e-7
93.63,-7.106604947987061e-7,1.3504403622972005e-7
93.64,-7.106721513208305e-7,1.3324915814612011e-7
93.65,-7.106563383343786e-7,1.3145218034936938e-7
93.66,-7.106131045342272e-7,1.2965319226598366e-7
93.67,-7.105424996000269e-7,1.2785228321627014e-7
93.68,-7.104445741944354e-7,1.2604954241071193e-7
93.69,-7.103193799571886e-7,1.2424505894563127e-7
93.7,-7.101669695027913e-7,1.2243892180000103e-7
93.71,-7.099873964162431e-7,1.206312198312467e-7
93.72,-7.097807152493947e-7,1.1882204177149605e-7
93.73,-7.095469815169842e-7,1.1701147622418537e-7
93.74,-7.092862516927599e-7,1.1519961165995782e-7
93.75,-7.089985832059158e-7,1.1338653641291691e-7
93.76,-7.086840344362474e-7,1.115723386770695e-7
93.77,-7.083426647118223e-7,1.0975710650272314e-7
93.78,-7.079745343033547e-7,1.0794092779249611e-7
93.79,-7.07579704420833e-7,1.0612389029783563e-7
93.8,-7.071582372099066e-7,1.0430608161529488e-7
93.81,-7.067101957471144e-7,1.0248758918297883e-7
93.82,-7.062356440361218e-7,1.006685002768595e-7
93.83,-7.057346470034451e-7,9.884890200700495e-8
93.84,-7.052072704947258e-7,9.702888131421223e-8
93.85,-7.046535812692817e-7,9.520852496652998e-8
93.86,-7.040736469978557e-7,9.338791955503934e-8
93.87,-7.03467536256817e-7,9.156715149110968e-8
93.88,-7.028353185242271e-7,8.974630700243722e-8
93.89,-7.021770641757034e-7,8.792547212948894e-8
93.9,-7.014928444802073e-7,8.610473272213681e-8
93.91,-7.007827315954217e-7,8.428417443617865e-8
93.92,-7.000467985634591e-7,8.246388272971363e-8
93.93,-6.992851193067853e-7,8.064394285978514e-8
93.94,-6.98497768621688e-7,7.882443987904151e-8
93.95,-6.976848221782091e-7,7.700545863205329e-8
93.96,-6.968463565115006e-7,7.5187083752066e-8
93.97,-6.959824490186365e-7,7.336939965760814e-8
93.98,-6.950931779546309e-7,7.155249054922991e-8
93.99,-6.941786224273291e-7,6.973644040564895e-8
94.0,-6.932388623929449e-7,6.792133298114868e-8
94.01,-6.922739786512751e-7,6.610725180167652e-8
94.02,-6.912840528412804e-7,6.429428016162908e-8
94.03,-6.902691674364178e-7,6.248250112096047e-8
94.04,-6.892294057394611e-7,6.067199750135028e-8
94.05,-6.881648518784271e-7,5.88628518832467e-8
94.06,-6.870755908015556e-7,5.7055146602602814e-8
94.07,-6.859617082725071e-7,5.5248963747723825e-8
94.08,-6.848232908652511e-7,5.344438515587484e-8
94.09,-6.836604259599744e-7,5.1641492410222355e-8
94.1,-6.82473201737709e-7,4.9840366836652134e-8
94.11,-6.812617071753472e-7,4.804108950063555e-8
94.12,-6.800260320415219e-7,4.6243741204055194e-8
94.13,-6.787662668905741e-7,4.444840248211023e-8
94.14,-6.774825030583658e-7,4.2655153600228854e-8
94.15,-6.761748326573736e-7,4.0864074550986275e-8
94.16,-6.748433485714772e-7,3.907524505115144e-8
94.17,-6.734881444505505e-7,3.728874453839279e-8
94.18,-6.72109314706546e-7,3.550465216852178e-8
94.19,-6.707069545072308e-7,3.3723046812372516e-8
94.2,-6.692811597716657e-7,3.194400705286997e-8
94.21,-6.678320271654978e-7,3.016761118195737e-8
94.22,-6.663596540950652e-7,2.8393937197815723e-8
94.23,-6.648641387030677e-7,2.6623062802053763e-8
94.24,-6.633455798626921e-7,2.4855065396050074e-8
94.25,-6.61804077172836e-7,2.309002207918854e-8
94.26,-6.60239730953143e-7,2.1328009645256564e-8
94.27,-6.586526422381705e-7,1.9569104579646442e-8
94.28,-6.570429127726019e-7,1.7813383056895456e-8
94.29,-6.554106450063864e-7,1.6060920937535415e-8
94.3,-6.53755942088244e-7,1.4311793765419395e-8
94.31,-6.520789078616553e-7,1.2566076764970168e-8
94.32,-6.503796468588256e-7,1.0823844838646396e-8
94.33,-6.486582642960182e-7,9.085172563545395e-9
94.34,-6.46914866067302e-7,7.350134189529606e-9
94.35,-6.451495587399973e-7,5.61880363609422e-9
94.36,-6.43362449548948e-7,3.891254489739361e-9
94.37,-6.415536463912561e-7,2.167560001371079e-9
94.38,-6.397232578207738e-7,4.477930836440725e-10
94.39,-6.378713930428692e-7,-1.2679736914618285e-9
94.4,-6.359981619086508e-7,-2.9796680955753064e-9
94.41,-6.34103674910072e-7,-4.687218246074563e-9
94.42,-6.32188043173712e-7,-6.390552609033752e-9
94.43,-6.302513784561461e-7,-8.089600001433663e-9
94.44,-6.282937931378123e-7,-9.784289593707594e-9
94.45,-6.263154002176155e-7,-1.14745509124282e-8
94.46,-6.243163133077433e-7,-1.3160313842530271e-8
94.47,-6.222966466276471e-7,-1.4841508629793157e-8
94.48,-6.202565149988998e-7,-1.6518065883396684e-8
94.49,-6.181960338394267e-7,-1.818991657802795e-8
94.5,-6.161153191577288e-7,-1.9856992056649614e-8
94.51,-6.140144875479659e-7,-2.1519224032416276e-8
94.52,-6.118936561835979e-7,-2.317654459130914e-8
94.53,-6.097529428118832e-7,-2.4828886194301424e-8
94.54,-6.075924657486928e-7,-2.64761816797428e-8
94.55,-6.054123438726045e-7,-2.811836426544684e-8
94.56,-6.032126966191627e-7,-2.975536755118369e-8
94.57,-6.009936439752081e-7,-3.1387125520633154e-8
94.58,-5.987553064733964e-7,-3.301357254375597e-8
94.59,-5.96497805186225e-7,-3.463464337890915e-8
94.6,-5.942212617207646e-7,-3.625027317496539e-8
94.61,-5.919257982121397e-7,-3.786039747349979e-8
94.62,-5.896115373189625e-7,-3.946495221091291e-8
94.63,-5.872786022165318e-7,-4.1063873720469065e-8
94.64,-5.84927116591634e-7,-4.2657098734399516e-8
94.65,-5.825572046365781e-7,-4.424456438584035e-8
94.66,-5.801689910436912e-7,-4.5826208211000205e-8
94.67,-5.77762600999264e-7,-4.74019681510693e-8
94.68,-5.753381601778073e-7,-4.897178255421332e-8
94.69,-5.728957947362904e-7,-5.053559017744158e-8
94.7,-5.704356313086654e-7,-5.20933301887438e-8
94.71,-5.679577969994207e-7,-5.364494216881923e-8
94.72,-5.654624193781983e-7,-5.519036611309968e-8
94.73,-5.62949626473857e-7,-5.672954243322656e-8
94.74,-5.604195467687178e-7,-5.826241195965251e-8
94.75,-5.578723091924602e-7,-5.9788915942569e-8
94.76,-5.553080431167328e-7,-6.130899605445438e-8
94.77,-5.527268783487885e-7,-6.282259439127306e-8
94.78,-5.501289451260495e-7,-6.432965347471078e-8
94.79,-5.475143741097664e-7,-6.58301162533801e-8
94.8,-5.448832963796462e-7,-6.732392610494141e-8
94.81,-5.422358434276124e-7,-6.88110268378748e-8
94.82,-5.39572147151995e-7,-7.029136269243339e-8
94.83,-5.368923398519059e-7,-7.176487834316134e-8
94.84,-5.341965542208115e-7,-7.323151889995446e-8
94.85,-5.314849233412219e-7,-7.469122990974688e-8
94.86,-5.287575806782194e-7,-7.61439573581778e-8
94.87,-5.260146600741246e-7,-7.758964767112028e-8
94.88,-5.232562957416324e-7,-7.902824771606091e-8
94.89,-5.204826222593548e-7,-8.045970480380669e-8
94.9,-5.176937745645349e-7,-8.188396668974933e-8
94.91,-5.148898879476482e-7,-8.330098157552189e-8
94.92,-5.120710980466558e-7,-8.47106981102693e-8
94.93,-5.092375408407888e-7,-8.611306539206173e-8
94.94,-5.063893526446493e-7,-8.750803296947015e-8
94.95,-5.035266701022177e-7,-8.889555084247595e-8
94.96,-5.006496301812479e-7,-9.027556946461529e-8
94.97,-4.97758370166887e-7,-9.164803974318944e-8
94.98,-4.948530276557887e-7,-9.301291304155953e-8
94.99,-4.919337405506028e-7,-9.437014117996271e-8
95.0,-4.890006470534447e-7,-9.571967643659638e-8
95.01,-4.860538856603099e-7,-9.706147154919468e-8
95.02,-4.830935951549273e-7,-9.83954797159641e-8
95.03,-4.801199146028115e-7,-9.972165459700204e-8
95.04,-4.771329833456419e-7,-1.0103995031522415e-7
95.05,-4.7413294099478365e-7,-1.0235032145757166e-7
95.06,-4.711199274257839e-7,-1.0365272307597585e-7
95.07,-4.6809408277172737e-7,-1.0494711068885633e-7
95.08,-4.650555474184776e-7,-1.062334402817081e-7
95.09,-4.6200446199742335e-7,-1.0751166830845489e-7
95.1,-4.5894096738059696e-7,-1.0878175169219534e-7
95.11,-4.5586520467388426e-7,-1.1004364782633022e-7
95.12,-4.52777315211458e-7,-1.112973145757495e-7
95.13,-4.49677440549912e-7,-1.1254271027714378e-7
95.14,-4.4656572246205907e-7,-1.1377979374086129e-7
95.15,-4.4344230293130096e-7,-1.1500852425075868e-7
95.16,-4.4030732414542765e-7,-1.1622886156599749e-7
95.17,-4.3716092849036316e-7,-1.1744076592106632e-7
95.18,-4.34003258545233e-7,-1.1864419802738643e-7
95.19,-4.3083445707549284e-7,-1.1983911907363652e-7
95.2,-4.2765466702728233e-7,-1.2102549072656317e-7
95.21,-4.244640315215836e-7,-1.22203275131861e-7
95.22,-4.212626938481628e-7,-1.2337243491484843e-7
95.23,-4.180507974597641e-7,-1.245329331812442e-7
95.24,-4.1482848596608155e-7,-1.2568473351783562e-7
95.25,-4.115959031283886e-7,-1.268277999929117e-7
95.26,-4.083531928516852e-7,-1.2796209715730524e-7
95.27,-4.0510049918212813e-7,-1.2908759004472976e-7
95.28,-4.0183796629831133e-7,-1.3020424417250358e-7
95.29,-3.985657385059391e-7,-1.3131202554182425e-7
95.3,-3.952839602332165e-7,-1.3241090063900416e-7
95.31,-3.9199277602350116e-7,-1.3350083643516512e-7
95.32,-3.8869233053003923e-7,-1.3458180038723278e-7
95.33,-3.853827685100618e-7,-1.3565376043847635e-7
95.34,-3.820642348193067e-7,-1.3671668501849612e-7
95.35,-3.7873687440455183e-7,-1.377705430443818e-7
95.36,-3.75400832300704e-7,-1.388153039202138e-7
95.37,-3.7205625362156667e-7,-1.3985093753838842e-7
95.38,-3.6870328355695477e-7,-1.4087741427924817e-7
95.39,-3.6534206736450924e-7,-1.418947050118092e-7
95.4,-3.619727503659826e-7,-1.4290278109409807e-7
95.41,-3.5859547793939003e-7,-1.4390161437316814e-7
95.42,-3.5521039551446237e-7,-1.4489117718555734e-7
95.43,-3.518176485668298e-7,-1.458714423576435e-7
95.44,-3.484173826120036e-7,-1.4684238320581455e-7
95.45,-3.450097431992485e-7,-1.478039735363011e-7
95.46,-3.4159487590600447e-7,-1.487561876461012e-7
95.47,-3.381729263328494e-7,-1.496990003224334e-7
95.48,-3.347440400966089e-7,-1.5063238684315043e-7
95.49,-3.3130836282527744e-7,-1.5155632297712084e-7
95.5,-3.278660401521331e-7,-1.5247078498391032e-7
95.51,-3.244172177102484e-7,-1.5337574961400688e-7
95.52,-3.209620411261606e-7,-1.5427119410887725e-7
95.53,-3.1750065601488234e-7,-1.551570962012066e-7
95.54,-3.14033207973965e-7,-1.5603343411434497e-7
95.55,-3.105598425774426e-7,-1.5690018656296634e-7
95.56,-3.070807053704964e-7,-1.5775733275253153e-7
95.57,-3.035959418638683e-7,-1.5860485237950896e-7
95.58,-3.001056975282039e-7,-1.5944272563119017e-7
95.59,-2.966101177881288e-7,-1.6027093318539504e-7
95.6,-2.931093480169076e-7,-1.6108945621091013e-7
95.61,-2.8960353353071247e-7,-1.618982763666316e-7
95.62,-2.8609281958306e-7,-1.6269737580179414e-7
95.63,-2.8257735135906066e-7,-1.634867371557433e-7
95.64,-2.7905727397053143e-7,-1.6426634355820927e-7
95.65,-2.755327324490182e-7,-1.6503617862750451e-7
95.66,-2.72003871741935e-7,-1.6579622647217808e-7
95.67,-2.6847083670570744e-7,-1.665464716895441e-7
95.68,-2.649337721010293e-7,-1.6728689936579198e-7
95.69,-2.6139282258695604e-7,-1.6801749507571367e-7
95.7,-2.578481327155027e-7,-1.687382448819778e-7
95.71,-2.542998469264058e-7,-1.6944913533524731e-7
95.72,-2.5074810954095814e-7,-1.7015015347342161e-7
95.73,-2.47193064758191e-7,-1.7084128682176425e-7
95.74,-2.436348566467305e-7,-1.7152252339150541e-7
95.75,-2.400736291419592e-7,-1.7219385168041336e-7
95.76,-2.3650952603938528e-7,-1.7285526067179206e-7
95.77,-2.3294269098933973e-7,-1.7350673983412414e-7
95.78,-2.2937326749170388e-7,-1.7414827912048335e-7
95.79,-2.2580139889059446e-7,-1.7477986896806123e-7
95.8,-2.2222722836918482e-7,-1.754015002976325e-7
95.81,-2.1865089894351896e-7,-1.7601316451276615e-7
95.82,-2.150725534591636e-7,-1.7661485350019193e-7
95.83,-2.1149233458283246e-7,-1.7720655962725097e-7
95.84,-2.0791038480022e-7,-1.7778827574328054e-7
95.85,-2.0432684640877082e-7,-1.7835999517777112e-7
95.86,-2.0074186151307672e-7,-1.7892171174000864e-7
95.87,-1.9715557201981954e-7,-1.7947341971860554e-7
95.88,-1.935681196321412e-7,-1.8001511388046494e-7
95.89,-1.8997964584496766e-7,-1.805467894699608e-7
95.9,-1.8639029193898935e-7,-1.8106844220846236e-7
95.91,-1.8280019897656128e-7,-1.815800682943186e-7
95.92,-1.7920950779568447e-7,-1.8208166439965238e-7
95.93,-1.7561835900523242e-7,-1.8257322767210831e-7
95.94,-1.7202689298000993e-7,-1.8305475573295548e-7
95.95,-1.68435249855291e-7,-1.8352624667598178e-7
95.96,-1.6484356952209797e-7,-1.839876990671781e-7
95.97,-1.6125199162198732e-7,-1.844391119435963e-7
95.98,-1.5766065554183273e-7,-1.8488048481221397e-7
95.99,-1.540697004093336e-7,-1.853118176494256e-7
96.0,-1.504792650871946e-7,-1.8573311089981042e-7
96.01,-1.468894881691481e-7,-1.8614436547526257e-7
96.02,-1.433005079740913e-7,-1.8654558275388788e-7
96.03,-1.3971246254197126e-7,-1.8693676457918524e-7
96.04,-1.3612548962803378e-7,-1.8731791325883962e-7
96.05,-1.3253972669867114e-7,-1.8768903156381238e-7
96.06,-1.2895531092591855e-7,-1.880501227270328e-7
96.07,-1.2537237918307775e-7,-1.88401190442825e-7
96.08,-1.2179106803971737e-7,-1.8874223886511287e-7
96.09,-1.1821151375690477e-7,-1.890732726068192e-7
96.1,-1.1463385228206628e-7,-1.8939429673857763e-7
96.11,-1.1105821924484552e-7,-1.8970531678747554e-7
96.12,-1.0748474995176017e-7,-1.900063387359401e-7
96.13,-1.0391357938175054e-7,-1.9029736902067905e-7
96.14,-1.0034484218149617e-7,-1.905784145312349e-7
96.15,-9.677867266072134e-8,-1.908494826088629e-7
96.16,-9.321520478747638e-8,-1.9111058104536982e-7
96.17,-8.965457218317935e-8,-1.9136171808162494e-7
96.18,-8.609690811875802e-8,-1.9160290240646103e-7
96.19,-8.254234550920556e-8,-1.9183414315557212e-7
96.2,-7.899101690998523e-8,-1.9205544990909671e-7
96.21,-7.544305451119556e-8,-1.9226683269229616e-7
96.22,-7.189859013380779e-8,-1.9246830197223946e-7
96.23,-6.835775522585541e-8,-1.92659868657398e-7
96.24,-6.482068085617583e-8,-1.9284154409605696e-7
96.25,-6.128749771138367e-8,-1.9301334007506618e-7
96.26,-5.775833609124309e-8,-1.931752688181059e-7
96.27,-5.423332590358169e-8,-1.9332734298443373e-7
96.28,-5.0712596660721555e-8,-1.9346957566752178e-7
96.29,-4.719627747342672e-8,-1.9360198039314835e-7
96.3,-4.3684497049838015e-8,-1.9372457111877948e-7
96.31,-4.017738368779123e-8,-1.9383736223102083e-7
96.32,-3.6675065272214446e-8,-1.939403685447864e-7
96.33,-3.317766927039865e-8,-1.9403360530152478e-7
96.34,-2.9685322727820945e-8,-1.94117088167687e-7
96.35,-2.6198152264194658e-8,-1.9419083323320093e-7
96.36,-2.2716284068802168e-8,-1.942548570096945e-7
96.37,-1.9239843896354986e-8,-1.943091764293415e-7
96.38,-1.576895706361274e-8,-1.9435380884249416e-7
96.39,-1.2303748443848061e-8,-1.9438877201690344e-7
96.4,-8.844342464334579e-9,-1.9441408413543172e-7
96.41,-5.390863100819941e-9,-1.9442976379474999e-7
96.42,-1.9434338744928003e-9,-1.9443583000337667e-7
96.43,1.4978221524174105e-9,-1.944323021801631e-7
96.44,4.932782380729104e-9,-1.9441920015271136e-7
96.45,8.36132467814105e-9,-1.943965441550971e-7
96.46,1.178332738321126e-8,-1.9436435482695024e-7
96.47,1.5198669309484716e-8,-1.9432265321088632e-7
96.48,1.860722974900517e-8,-1.942714607514129e-7
96.49,2.200888847679943e-8,-1.9421079929241168e-7
96.5,2.540352575341165e-8,-1.9414069107634632e-7
96.51,2.879102233055334e-8,-1.9406115874127596e-7
96.52,3.217125945372474e-8,-1.9397222531990934e-7
96.53,3.554411886617922e-8,-1.9387391423757388e-7
96.54,3.890948281274052e-8,-1.937662493098303e-7
96.55,4.2267234043672105e-8,-1.9364925474142537e-7
96.56,4.561725581788232e-8,-1.9352295512383863e-7
96.57,4.895943190739196e-8,-1.9338737543340822e-7
96.58,5.2293646600152884e-8,-1.9324254102985758e-7
96.59,5.56197847040354e-8,-1.930884776537478e-7
96.6,5.893773155046873e-8,-1.9292521142503805e-7
96.61,6.224737299792856e-8,-1.927527688407614e-7
96.62,6.554859543569518e-8,-1.9257117677359423e-7
96.63,6.884128578647193e-8,-1.9238046246905052e-7
96.64,7.212533151119893e-8,-1.9218065354434284e-7
96.65,7.540062061118119e-8,-1.9197177798586528e-7
96.66,7.866704163275885e-8,-1.917538641472828e-7
96.67,8.192448366926379e-8,-1.9152694074759722e-7
96.68,8.517283636626319e-8,-1.9129103686894033e-7
96.69,8.841198992288997e-8,-1.910461819545164e-7
96.7,9.164183509653636e-8,-1.9079240580708507e-7
96.71,9.486226320556539e-8,-1.9052973858585042e-7
96.72,9.807316613288254e-8,-1.9025821080524622e-7
96.73,1.0127443632824363e-7,-1.8997785333260925e-7
96.74,1.0446596681325591e-7,-1.8968869738569848e-7
96.75,1.076476511826138e-7,-1.893907745310994e-7
96.76,1.108193836085846e-7,-1.8908411668173497e-7
96.77,1.1398105884326066e-7,-1.887687560949273e-7
96.78,1.171325722221976e-7,-1.8844472536986083e-7
96.79,1.2027381966739858e-7,-1.8811205744608583e-7
96.8,1.2340469768968908e-7,-1.877707856006552e-7
96.81,1.2652510339290053e-7,-1.874209434460515e-7
96.82,1.2963493447573852e-7,-1.8706256492862887e-7
96.83,1.3273408923531412e-7,-1.8669568432538494e-7
96.84,1.3582246657014924e-7,-1.8632033624243376e-7
96.85,1.3889996598192674e-7,-1.8593655561306088e-7
96.86,1.41966487580407e-7,-1.855443776940714e-7
96.87,1.4502193208436494e-7,-1.8514383806513763e-7
96.88,1.4806620082514472e-7,-1.8473497262569418e-7
96.89,1.510991957495785e-7,-1.8431781759268867e-7
96.9,1.5412081942238506e-7,-1.8389240949858592e-7
96.91,1.5713097502906617e-7,-1.834587851888495e-7
96.92,1.6012956637851732e-7,-1.8301698181970233e-7
96.93,1.6311649790545487e-7,-1.825670368556153e-7
96.94,1.6609167467368129e-7,-1.8210898806770616e-7
96.95,1.6905500237805117e-7,-1.8164287353027944e-7
96.96,1.7200638734705826e-7,-1.811687316192935e-7
96.97,1.7494573654586377e-7,-1.8068660100974203e-7
96.98,1.7787295757837032e-7,-1.8019652067344592e-7
96.99,1.8078795868958085e-7,-1.7969852987642352e-7
97.0,1.8369064876861646e-7,-1.7919266817682043e-7
97.01,1.865809373505069e-7,-1.7867897542210754e-7
97.02,1.8945873461897988e-7,-1.7815749174726407e-7
97.03,1.9232395140844927e-7,-1.776282575715793e-7
97.04,1.9517649920674527e-7,-1.7709131359721993e-7
97.05,1.9801629015743207e-7,-1.7654670080590322e-7
97.06,2.0084323706135796e-7,-1.7599446045704136e-7
97.07,2.036572533795585e-7,-1.7543463408505606e-7
97.08,2.0645825323552018e-7,-1.7486726349701752e-7
97.09,2.0924615141689324e-7,-1.7429239077013686e-7
97.1,2.1202086337791002e-7,-1.7371005824934615e-7
97.11,2.1478230524117383e-7,-1.7312030854485168e-7
97.12,2.1753039380052987e-7,-1.725231845296006e-7
97.13,2.202650465223554e-7,-1.7191872933691306e-7
97.14,2.229861815473185e-7,-1.713069863576564e-7
97.15,2.2569371769359856e-7,-1.706879992383504e-7
97.16,2.2838757445781004e-7,-1.7006181187811827e-7
97.17,2.310676720173369e-7,-1.6942846842639935e-7
97.18,2.3373393123192898e-7,-1.6878801328053399e-7
97.19,2.363862736458111e-7,-1.6814049108290703e-7
97.2,2.3902462148948955e-7,-1.6748594671884667e-7
97.21,2.4164889768170283e-7,-1.6682442531376837e-7
97.22,2.442590258311819e-7,-1.661559722306668e-7
97.23,2.468549302373955e-7,-1.6548063306825475e-7
97.24,2.49436535894254e-7,-1.6479845365678818e-7
97.25,2.5200376849004434e-7,-1.6410948005731583e-7
97.26,2.545565544100462e-7,-1.6341375855811266e-7
97.27,2.57094820737425e-7,-1.6271133567223775e-7
97.28,2.596184952554166e-7,-1.620022581353116e-7
97.29,2.6212750644881304e-7,-1.612865729024231e-7
97.3,2.646217835052565e-7,-1.6056432714594833e-7
97.31,2.6710125631675973e-7,-1.598355682527505e-7
97.32,2.6956585548238415e-7,-1.5910034382189369e-7
97.33,2.720155123065641e-7,-1.5835870166151052e-7
97.34,2.7445015880415483e-7,-1.5761068978676915e-7
97.35,2.768697276996116e-7,-1.5685635641687556e-7
97.36,2.7927415242904375e-7,-1.5609574997258159e-7
97.37,2.816633671414605e-7,-1.5532891907370862e-7
97.38,2.8403730669995924e-7,-1.5455591253636558e-7
97.39,2.8639590668306944e-7,-1.5377677937030288e-7
97.4,2.8873910338623623e-7,-1.5299156877646837e-7
97.41,2.910668338219615e-7,-1.522003301442494e-7
97.42,2.933790357229653e-7,-1.5140311304882688e-7
97.43,2.9567564754085473e-7,-1.5059996724859893e-7
97.44,2.9795660844944847e-7,-1.497909426825573e-7
97.45,3.002218583444143e-7,-1.489760894676084e-7
97.46,3.0247133784487626e-7,-1.4815545789583876e-7
97.47,3.0470498829467197e-7,-1.4732909843216618e-7
97.48,3.069227517623801e-7,-1.4649706171121069e-7
97.49,3.091245710435127e-7,-1.4565939853526416e-7
97.5,3.1131038966065614e-7,-1.448161598709713e-7
97.51,3.134801518643323e-7,-1.439673968471945e-7
97.52,3.156338026344123e-7,-1.4311316075201392e-7
97.53,3.177712876804755e-7,-1.422535030304507e-7
97.54,3.1989255344276406e-7,-1.4138847528120175e-7
97.55,3.219975470929258e-7,-1.4051812925469768e-7
97.56,3.240862165348e-7,-1.3964251684992926e-7
97.57,3.261585104049855e-7,-1.387616901117594e-7
97.58,3.282143780739553e-7,-1.378757012286929e-7
97.59,3.302537696463439e-7,-1.3698460252973403e-7
97.6,3.3227663596155787e-7,-1.3608844648214087e-7
97.61,3.342829285934141e-7,-1.3518728568818635e-7
97.62,3.362725998539272e-7,-1.3428117288310773e-7
97.63,3.382456027900038e-7,-1.3337016093205767e-7
97.64,3.402018911858196e-7,-1.3245430282750337e-7
97.65,3.4214141956339415e-7,-1.3153365168657335e-7
97.66,3.4406414318270704e-7,-1.3060826074841e-7
97.67,3.459700180413974e-7,-1.2967818337121193e-7
97.68,3.478590008767729e-7,-1.28743473030321e-7
97.69,3.4973104916426377e-7,-1.2780418331472788e-7
97.7,3.5158612112054274e-7,-1.268603679241396e-7
97.71,3.534241756996324e-7,-1.2591208066786102e-7
97.72,3.5524517259673483e-7,-1.2495937546062172e-7
97.73,3.570490722472793e-7,-1.240023063202524e-7
97.74,3.5883583582699573e-7,-1.2304092736531917e-7
97.75,3.60605425252209e-7,-1.2207529281236848e-7
97.76,3.6235780317946155e-7,-1.2110545697290947e-7
97.77,3.6409293300720293e-7,-1.2013147425114067e-7
97.78,3.6581077887328825e-7,-1.1915339914126973e-7
97.79,3.6751130565926534e-7,-1.1817128622408256e-7
97.8,3.6919447898422415e-7,-1.171851901657191e-7
97.81,3.708602652104662e-7,-1.1619516571373384e-7
97.82,3.7250863144062003e-7,-1.1520126769472355e-7
97.83,3.7413954551871284e-7,-1.1420355101212747e-7
97.84,3.757529760290161e-7,-1.132020706431045e-7
97.85,3.7734889229664823e-7,-1.1219688163584805e-7
97.86,3.789272643875027e-7,-1.1118803910736138e-7
97.87,3.8048806310814673e-7,-1.1017559824029261e-7
97.88,3.8203126000371006e-7,-1.0915961428050458e-7
97.89,3.8355682736174623e-7,-1.0814014253463351e-7
97.9,3.8506473820762844e-7,-1.0711723836694323e-7
97.91,3.865549663069712e-7,-1.0609095719713077e-7
97.92,3.8802748616409066e-7,-1.0506135449736571e-7
97.93,3.894822730221031e-7,-1.0402848578991403e-7
97.94,3.909193028626279e-7,-1.0299240664426071e-7
97.95,3.923385524050855e-7,-1.0195317267461381e-7
97.96,3.937399991063531e-7,-1.0091083953715968e-7
97.97,3.9512362116072176e-7,-9.986546292755907e-8
97.98,3.9648939749819287e-7,-9.881709857816706e-8
97.99,3.9783730778589103e-7,-9.776580225563268e-8
98.0,3.9916733242557556e-7,-9.671162975801026e-8
98.01,4.0047945255429393e-7,-9.565463691222366e-8
98.02,4.0177365004347654e-7,-9.459487957159455e-8
98.03,4.030499074979995e-7,-9.35324136130748e-8
98.04,4.0430820825589285e-7,-9.246729493470532e-8
98.05,4.0554853638747947e-7,-9.139957945300424e-8
98.06,4.0677087669471576e-7,-9.032932310028852e-8
98.07,4.0797521471035723e-7,-8.925658182218766e-8
98.08,4.0916153669764096e-7,-8.818141157501154e-8
98.09,4.1032982964852015e-7,-8.710386832314031e-8
98.1,4.114800812839055e-7,-8.602400803655174e-8
98.11,4.126122800521088e-7,-8.494188668801374e-8
98.12,4.137264151282718e-7,-8.385756025078418e-8
98.13,4.1482247641367494e-7,-8.277108469573668e-8
98.14,4.1590045453398843e-7,-8.16825159891459e-8
98.15,4.1696034083918345e-7,-8.059191008984553e-8
98.16,4.1800212740239745e-7,-7.949932294668813e-8
98.17,4.190258070179305e-7,-7.840481049669961e-8
98.18,4.2003137320218395e-7,-7.730842866096658e-8
98.19,4.2101882019039146e-7,-7.621023334373447e-8
98.2,4.219881429373427e-7,-7.511028042891845e-8
98.21,4.2293933711493997e-7,-7.400862577802774e-8
98.22,4.238723991118282e-7,-7.290532522746855e-8
98.23,4.2478732603203126e-7,-7.180043458585674e-8
98.24,4.2568411569353775e-7,-7.069400963190191e-8
98.25,4.2656276662702864e-7,-6.958610611155379e-8
98.26,4.2742327807613553e-7,-6.847677973579214e-8
98.27,4.282656499930766e-7,-6.736608617793226e-8
98.28,4.2908988304040065e-7,-6.625408107110384e-8
98.29,4.298959785879658e-7,-6.514082000599679e-8
98.3,4.306839387120894e-7,-6.402635852822287e-8
98.31,4.3145376619434257e-7,-6.291075213599606e-8
98.32,4.3220546451977884e-7,-6.179405627735871e-8
98.33,4.329390378756373e-7,-6.06763263482278e-8
98.34,4.3365449114985554e-7,-5.955761768949418e-8
98.35,4.343518299300158e-7,-5.8437985584802124e-8
98.36,4.3503106050101044e-7,-5.7317485258168914e-8
98.37,4.356921898445254e-7,-5.619617187130591e-8
98.38,4.3633522563621676e-7,-5.507410052164811e-8
98.39,4.369601762457137e-7,-5.395132623943136e-8
98.4,4.375670507336104e-7,-5.2827903985661596e-8
98.41,4.381558588503712e-7,-5.17038886496769e-8
98.42,4.387266110353119e-7,-5.057933504654666e-8
98.43,4.392793184135945e-7,-4.945429791496436e-8
98.44,4.398139927958036e-7,-4.832883191460406e-8
98.45,4.4033064667551967e-7,-4.720299162410743e-8
98.46,4.4082929322749885e-7,-4.607683153852605e-8
98.47,4.413099463066359e-7,-4.495040606676049e-8
98.48,4.4177262044523857e-7,-4.382376952977263e-8
98.49,4.4221733085192414e-7,-4.2696976157683985e-8
98.5,4.426440934094852e-7,-4.1570080087867684e-8
98.51,4.4305292467297986e-7,-4.044313536252025e-8
98.52,4.434438418678493e-7,-3.9316195926122953e-8
98.53,4.4381686288843445e-7,-3.818931562364807e-8
98.54,4.4417200629527633e-7,-3.706254819774653e-8
98.55,4.4450929131382986e-7,-3.59359472867494e-8
98.56,4.4482873783216425e-7,-3.4809566422485356e-8
98.57,4.4513036639909563e-7,-3.3683459027817e-8
98.58,4.454141982221013e-7,-3.255767841451301e-8
98.59,4.4568025516514144e-7,-3.143227778085736e-8
98.6,4.4592855974686123e-7,-3.0307310209769676e-8
98.61,4.4615913513843404e-7,-2.918282866612237e-8
98.62,4.4637200516131045e-7,-2.805888599489523e-8
98.63,4.465671942858222e-7,-2.6935534918603675e-8
98.64,4.46744727626091e-7,-2.5812828036020618e-8
98.65,4.4690463094332013e-7,-2.469081781849321e-8
98.66,4.470469306385796e-7,-2.3569556608994272e-8
98.67,4.4717165375237057e-7,-2.2449096619630057e-8
98.68,4.472788279632169e-7,-2.132948992920193e-8
98.69,4.4736848158430737e-7,-2.021078848145237e-8
98.7,4.4744064356093004e-7,-1.9093044082913066e-8
98.71,4.47495343469973e-7,-1.7976308400198617e-8
98.72,4.475326115154154e-7,-1.6860632958925073e-8
98.73,4.4755247852767235e-7,-1.5746069140020545e-8
98.74,4.4755497595993005e-7,-1.4632668179978114e-8
98.75,4.475401358869414e-7,-1.3520481166574157e-8
98.76,4.4750799100137085e-7,-1.240955903781558e-8
98.77,4.4745857461286166e-7,-1.1299952579701446e-8
98.78,4.4739192064426794e-7,-1.0191712424356408e-8
98.79,4.4730806362989067e-7,-9.084889047615498e-9
98.8,4.472070387126753e-7,-7.979532767400083e-9
98.81,4.470888816426689e-7,-6.875693741420911e-9
98.82,4.469536287713207e-7,-5.77342196547944e-9
98.83,4.468013170544744e-7,-4.672767270795634e-9
98.84,4.466319840446755e-7,-3.5737793229561635e-9
98.85,4.4644566789094047e-7,-2.4765076193457526e-9
98.86,4.462424073358655e-7,-1.3810014872511474e-9
98.87,4.460222417129008e-7,-2.8731008204319377e-10
98.88,4.4578521094370986e-7,8.045176147951711e-10
98.89,4.455313555356926e-7,1.8944327976488228e-9
98.9,4.452607165789075e-7,2.982386838625696e-9
98.91,4.449733357436753e-7,4.068331289501635e-9
98.92,4.4466925527826676e-7,5.152217883611197e-9
98.93,4.4434851800520746e-7,6.233998537717717e-9
98.94,4.4401116731940984e-7,7.313625353736454e-9
98.95,4.4365724718481e-7,8.39105062098851e-9
98.96,4.432868021321621e-7,9.46622681742754e-9
98.97,4.4289987725574784e-7,1.0539106612211509e-8
98.98,4.424965182108606e-7,1.1609642866895565e-8
98.99,4.420767712107232e-7,1.2677788637520626e-8
99.0,4.4164068302419726e-7,1.374349717636583e-8
99.01,4.4118830097199256e-7,1.4806721933838864e-8
99.02,4.407196729246564e-7,1.586741655999927e-8
99.03,4.402348472992303e-7,1.6925534906580858e-8
99.04,4.3973387305647714e-7,1.798103102850203e-8
99.05,4.3921679969798174e-7,1.903385918587109e-8
99.06,4.3868367726293576e-7,2.0083973845436506e-8
99.07,4.3813455632583185e-7,2.113132968240113e-8
99.08,4.375694879925192e-7,2.2175881582282673e-8
99.09,4.3698852389814587e-7,2.3217584642237943e-8
99.1,4.3639171620364407e-7,2.4256394173213872e-8
99.11,4.357791175925239e-7,2.529226570093489e-8
99.12,4.3515078126885546e-7,2.6325154968332236e-8
99.13,4.345067609526856e-7,2.7355017936668063e-8
99.14,4.3384711087835287e-7,2.8381810787271856e-8
99.15,4.3317188579052575e-7,2.9405489923059072e-8
99.16,4.324811409415499e-7,3.0426011970466854e-8
99.17,4.3177493208824406e-7,3.144333378045336e-8
99.18,4.3105331548864314e-7,3.245741243078064e-8
99.19,4.303163478992294e-7,3.346820522700691e-8
99.2,4.2956408657088087e-7,3.4475669703884056e-8
99.21,4.2879658924707394e-7,3.5479763627984435e-8
99.22,4.280139141596121e-7,3.648044499782957e-8
99.23,4.2721612002584567e-7,3.7477672046287506e-8
99.24,4.264032660454888e-7,3.8471403241586906e-8
99.25,4.2557541189718376e-7,3.946159728922051e-8
99.26,4.2473261773554063e-7,4.044821313298684e-8
99.27,4.238749441875836e-7,4.1431209956785335e-8
99.28,4.230024523502219e-7,4.241054718587216e-8
99.29,4.22115203785398e-7,4.338618448807347e-8
99.3,4.212132605189574e-7,4.4358081775825497e-8
99.31,4.2029668503572734e-7,4.5326199206827664e-8
99.32,4.1936554027679766e-7,4.6290497186097674e-8
99.33,4.184198896359765e-7,4.725093636661449e-8
99.34,4.174597969569644e-7,4.8207477651366046e-8
99.35,4.164853265293363e-7,4.9160082194287234e-8
99.36,4.154965430857013e-7,5.010871140168508e-8
99.37,4.1449351179810963e-7,5.105332693356746e-8
99.38,4.1347629827458705e-7,5.199389070489691e-8
99.39,4.1244496855647955e-7,5.293036488697837e-8
99.4,4.113995891137962e-7,5.386271190865058e-8
99.41,4.103402268425779e-7,5.479089445738075e-8
99.42,4.0926694906176046e-7,5.5714875480946204e-8
99.43,4.0817982350904344e-7,5.663461818814161e-8
99.44,4.070789183376914e-7,5.755008605038274e-8
99.45,4.059643021136688e-7,5.846124280269586e-8
99.46,4.04836043811113e-7,5.9368052445149784e-8
99.47,4.0369421280963085e-7,6.027047924359146e-8
99.48,4.025388788906345e-7,6.116848773129443e-8
99.49,4.0137011223429327e-7,6.206204270969752e-8
99.5,4.0018798341476464e-7,6.295110924974755e-8
99.51,3.989925633980399e-7,6.383565269320701e-8
99.52,3.9778392353772393e-7,6.471563865325834e-8
99.53,3.965621355719915e-7,6.559103301591203e-8
99.54,3.9532727161921976e-7,6.646180194114155e-8
99.55,3.940794041754879e-7,6.732791186372015e-8
99.56,3.9281860611027407e-7,6.818932949444857e-8
99.57,3.9154495066310735e-7,6.904602182095306e-8
99.58,3.9025851144051113e-7,6.989795610915266e-8
99.59,3.889593624111813e-7,7.074509990367976e-8
99.6,3.8764757790376e-7,7.158742102928073e-8
99.61,3.863232326027189e-7,7.242488759160118e-8
99.62,3.84986401544325e-7,7.325746797832526e-8
99.63,3.83637160113907e-7,7.40851308599292e-8
99.64,3.822755840411318e-7,7.490784519052907e-8
99.65,3.809017493978261e-7,7.572558020915857e-8
99.66,3.7951573259324856e-7,7.653830544057188e-8
99.67,3.7811761037014155e-7,7.734599069517864e-8
99.68,3.767074598027523e-7,7.814860607202307e-8
99.69,3.7528535829157507e-7,7.894612195743722e-8
99.7,3.738513835605307e-7,7.973850902721014e-8
99.71,3.724056136527521e-7,8.052573824672986e-8
99.72,3.709481269275941e-7,8.130778087234989e-8
99.73,3.6947900205650597e-7,8.208460845180924e-8
99.74,3.6799831801943115e-7,8.28561928250702e-8
99.75,3.665061541008742e-7,8.36225061249684e-8
99.76,3.650025898875432e-7,8.438352077907621e-8
99.77,3.6348770526239807e-7,8.513920950810806e-8
99.78,3.619615804026893e-7,8.58895453288815e-8
99.79,3.604242957759948e-7,8.663450155412977e-8
99.8,3.588759321361249e-7,8.737405179312347e-8
99.81,3.5731657051938115e-7,8.810816995248283e-8
99.82,3.557462922414312e-7,8.883683023691015e-8
99.83,3.541651788928011e-7,8.956000714975116e-8
99.84,3.5257331233616476e-7,9.027767549367514e-8
99.85,3.5097077470084493e-7,9.09898103712161e-8
99.86,3.493576483817254e-7,9.169638718550854e-8
99.87,3.477340160333528e-7,9.239738164082498e-8
99.88,3.4609996056676337e-7,9.30927697430763e-8
99.89,3.44455565146173e-7,9.378252780050551e-8
99.9,3.4280091318479416e-7,9.446663242416413e-8
99.91,3.41136088341363e-7,9.51450605284474e-8
99.92,3.3946117451636353e-7,9.581778933160409e-8
99.93,3.377762558480779e-7,9.64847963563268e-8
99.94,3.3608141670918414e-7,9.714605943010912e-8
99.95,3.343767417020535e-7,9.780155668585516e-8
99.96,3.3266231565687606e-7,9.845126656225454e-8
99.97,3.3093822362607846e-7,9.9095167804275e-8
99.98,3.292045508812549e-7,9.973323946345007e-8
99.99,3.2746138290965746e-7,1.0036546089853849e-7
100.0,3.25708805409894e-7,1.0099181177587671e-7
100.01,3.23946904288645e-7,1.0161227206957704e-7
100.02,3.221757656564755e-7,1.0222682206192325e-7
100.03,3.2039547582483876e-7,1.0283544234412435e-7
100.04,3.18606121301202e-7,1.0343811381610673e-7
100.05,3.168077887859503e-7,1.0403481768709111e-7
100.06,3.150005651688686e-7,1.0462553547616293e-7
100.07,3.131845375247246e-7,1.0521024901215442e-7
100.08,3.1135979310982057e-7,1.0578894043407873e-7
100.09,3.095264193583154e-7,1.0636159219154886e-7
100.1,3.0768450387812963e-7,1.0692818704475664e-7
100.11,3.0583413444776983e-7,1.074887080650645e-7
100.12,3.0397539901193336e-7,1.08043138634836e-7
100.13,3.0210838567811156e-7,1.0859146244793895e-7
100.14,3.002331827124825e-7,1.0913366351018414e-7
100.15,2.983498785366377e-7,1.0966972613857942e-7
100.16,2.964585617233828e-7,1.101996349624906e-7
100.17,2.945593209932824e-7,1.1072337492344401e-7
100.18,2.9265224521058055e-7,1.1124093127505571e-7
100.19,2.9073742337984133e-7,1.117522895835339e-7
100.2,2.8881494464178087e-7,1.1225743572745132e-7
100.21,2.868848982696866e-7,1.127563558981473e-7
100.22,2.849473736657606e-7,1.1324903659941301e-7
100.23,2.8300246035754114e-7,1.1373546464829277e-7
100.24,2.8105024799321833e-7,1.1421562717407148e-7
100.25,2.7909082633884417e-7,1.1468951161931569e-7
100.26,2.7712428527458793e-7,1.1515710573930939e-7
100.27,2.751507147904948e-7,1.1561839760237317e-7
100.28,2.731702049825526e-7,1.1607337558965035e-7
100.29,2.711828460499276e-7,1.1652202839519017e-7
100.3,2.691887282904613e-7,1.1696434502604632e-7
100.31,2.671879420968586e-7,1.1740031480184158e-7
100.32,2.651805779536155e-7,1.178299273552693e-7
100.33,2.6316672643230373e-7,1.182531726315455e-7
100.34,2.611464781889676e-7,1.1867004088849439e-7
100.35,2.591199239596982e-7,1.1908052269661504e-7
100.36,2.5708715455700514e-7,1.1948460893862148e-7
100.37,2.550482608662527e-7,1.1988229080963192e-7
100.38,2.5300333384180217e-7,1.2027355981693135e-7
100.39,2.509524645035847e-7,1.2065840777973686e-7
100.4,2.488957439329961e-7,1.2103682682904242e-7
100.41,2.468332632693013e-7,1.2140880940762047e-7
100.42,2.44765113706564e-7,1.217743482694431e-7
100.43,2.4269138648867873e-7,1.221334364801502e-7
100.44,2.4061217290723213e-7,1.2248606741594607e-7
100.45,2.3852756429650834e-7,1.2283223476402142e-7
100.46,2.364376520306734e-7,1.2317193252213925e-7
100.47,2.3434252751944452e-7,1.2350515499817062e-7
100.48,2.322422822051791e-7,1.2383189681017604e-7
100.49,2.301370075586119e-7,1.2415215288570086e-7
100.5,2.2802679507529038e-7,1.2446591846193322e-7
100.51,2.2591173627238858e-7,1.2477318908495563e-7
100.52,2.2379192268449286e-7,1.2507396060959922e-7
100.53,2.2166744586031243e-7,1.2536822919915838e-7
100.54,2.1953839735873923e-7,1.2565599132507845e-7
100.55,2.1740486874574036e-7,1.2593724376626609e-7
100.56,2.1526695159033638e-7,1.2621198360904894e-7
100.57,2.1312473746114228e-7,1.2648020824687232e-7
100.58,2.1097831792247553e-7,1.2674191537906712e-7
100.59,2.0882778453150828e-7,1.2699710301168324e-7
100.6,2.0667322883347872e-7,1.2724576945595424e-7
100.61,2.0451474236012653e-7,1.2748791332865965e-7
100.62,2.0235241662310987e-7,1.2772353355098412e-7
100.63,2.001863431133692e-7,1.279526293485034e-7
100.64,1.9801661329612027e-7,1.2817520025051715e-7
100.65,1.9584331860728128e-7,1.283912460896581e-7
100.66,1.9366655045030349e-7,1.286007670011635e-7
100.67,1.914864001927965e-7,1.28803763422714e-7
100.68,1.8930295916246123e-7,1.2900023609346086e-7
100.69,1.8711631864375055e-7,1.2919018605374024e-7
100.7,1.8492656987486226e-7,1.293736146444418e-7
100.71,1.8273380404344324e-7,1.295505235065382e-7
100.72,1.8053811228377868e-7,1.2972091458042857e-7
100.73,1.7833958567288715e-7,1.2988479010502974e-7
100.74,1.7613831522724347e-7,1.300421526178722e-7
100.75,1.739343918991817e-7,1.3019300495368688e-7
100.76,1.717279065734265e-7,1.303373502442996e-7
100.77,1.6951895006411807e-7,1.3047519191781442e-7
100.78,1.6730761311076843e-7,1.3060653369750323e-7
100.79,1.650939863744386e-7,1.307313796030363e-7
100.8,1.6287816043616838e-7,1.3084973394626013e-7
100.81,1.6066022579138535e-7,1.3096160133388518e-7
100.82,1.5844027284784937e-7,1.3106698666523122e-7
100.83,1.5621839192170241e-7,1.311658951316368e-7
100.84,1.539946732344695e-7,1.3125833221583134e-7
100.85,1.517692069092205e-7,1.3134430369121777e-7
100.86,1.4954208296739112e-7,1.3142381562104346e-7
100.87,1.4731339132623792e-7,1.3149687435773028e-7
100.88,1.450832217937855e-7,1.315634865418581e-7
100.89,1.4285166406692589e-7,1.3162365910176248e-7
100.9,1.406188077278068e-7,1.316773992523276e-7
100.91,1.3838474224024916e-7,1.317247144944479e-7
100.92,1.3614955694646754e-7,1.3176561261403487e-7
100.93,1.339133410640567e-7,1.318001016813138e-7
100.94,1.3167618368246548e-7,1.3182819004980523e-7
100.95,1.2943817375982902e-7,1.3184988635568162e-7
100.96,1.2719940011973985e-7,1.318651995166452e-7
100.97,1.24959951448115e-7,1.3187413873128328e-7
100.98,1.227199162894415e-7,1.318767134779951e-7
100.99,1.204793830446242e-7,1.3187293351420575e-7
101.0,1.1823843996632831e-7,1.3186280887529654e-7
101.01,1.1599717515711756e-7,1.3184634987388384e-7
101.02,1.1375567656546658e-7,1.3182356709873587e-7
101.03,1.115140319829597e-7,1.3179447141378916e-7
101.04,1.0927232904108331e-7,1.317590739573445e-7
101.05,1.070306552079793e-7,1.3171738614092332e-7
101.06,1.0478909778502204e-7,1.3166941964855378e-7
101.07,1.0254774390438984e-7,1.3161518643553266e-7
101.08,1.0030668052606842e-7,1.315546987270137e-7
101.09,9.806599443323126e-8,1.3148796901826408e-7
101.1,9.582577223081255e-8,1.314150100723665e-7
101.11,9.358610034169655e-8,1.3133583491965928e-7
101.12,9.134706500407207e-8,1.3125045685685776e-7
101.13,8.910875226769028e-8,1.3115888944574946e-7
101.14,8.687124799171918e-8,1.3106114651213805e-7
101.15,8.4634637840949e-8,1.3095724214504338e-7
101.16,8.23990072833403e-8,1.3084719069529055e-7
101.17,8.016444158600314e-8,1.3073100677444988e-7
101.18,7.793102581446261e-8,1.3060870525405588e-7
101.19,7.569884482717968e-8,1.304803012642137e-7
101.2,7.346798327402832e-8,1.3034581019234416e-7
101.21,7.123852559298974e-8,1.3020524768241243e-7
101.22,6.901055600718129e-8,1.30058629633523e-7
101.23,6.678415852192851e-8,1.2990597219887606e-7
101.24,6.455941692244166e-8,1.2974729178469791e-7
101.25,6.233641476971185e-8,1.2958260504867393e-7
101.26,6.011523539900825e-8,1.2941192889930576e-7
101.27,5.789596191626353e-8,1.2923528049438427e-7
101.28,5.5678677195082347e-8,1.290526772397609e-7
101.29,5.346346387448404e-8,1.2886413678847684e-7
101.3,5.1250404355904096e-8,1.286696770390316e-7
101.31,4.903958080014654e-8,1.2846931613468585e-7
101.32,4.68310751249861e-8,1.2826307246188893e-7
101.33,4.462496900183038e-8,1.2805096464902316e-7
101.34,4.242134385388505e-8,1.2783301156554724e-7
101.35,4.022028085238561e-8,1.2760923232008402e-7
101.36,3.8021860914494704e-8,1.2737964625993554e-7
101.37,3.582616470090944e-8,1.2714427296876288e-7
101.38,3.3633272612119074e-8,1.269031322665833e-7
101.39,3.144326478675733e-8,1.2665624420739806e-7
101.4,2.9256221098406688e-8,1.2640362907848263e-7
101.41,2.7072221153202724e-8,1.261453073988752e-7
101.42,2.4891344286878642e-8,1.2588129991794635e-7
101.43,2.2713669562649855e-8,1.2561162761424976e-7
101.44,2.0539275768200025e-8,1.253363116943065e-7
101.45,1.8368241413509593e-8,1.2505537359096735e-7
101.46,1.6200644727116663e-8,1.247688349620006e-7
101.47,1.4036563655746946e-8,1.2447671768930333e-7
101.48,1.1876075859849625e-8,1.241790438768084e-7
101.49,9.719258711999124e-9,1.2387583584968922e-7
101.5,7.566189293423663e-9,1.2356711615260824e-7
101.51,5.416944393382006e-9,1.2325290754849585e-7
101.52,3.2716005047173183e-9,1.229332330170419e-7
101.53,1.130233822701944e-9,1.2260811575347663e-7
101.54,-1.0070797585447149e-9,1.222775791669635e-7
101.55,-3.1402646458399585e-9,1.2194164687947874e-7
101.56,-5.2692455540562245e-9,1.216003427237401e-7
101.57,-7.393947503893673e-9,1.2125369074249653e-7
101.58,-9.514295826474329e-9,1.2090171518700058e-7
101.59,-1.1630216165429556e-8,1.2054444051476117e-7
101.6,-1.3741634479094933e-8,1.2018189138927544e-7
101.61,-1.584847704227918e-8,1.1981409267749936e-7
101.62,-1.795067045012269e-8,1.1944106944923684e-7
101.63,-2.004814161851994e-8,1.1906284697508521e-7
101.64,-2.2140817787911835e-8,1.1867945072525419e-7
101.65,-2.4228626524264096e-8,1.1829090636787201e-7
101.66,-2.6311495722186454e-8,1.1789723976765155e-7
101.67,-2.838935360694225e-8,1.1749847698434864e-7
101.68,-3.046212873625096e-8,1.1709464427130653e-7
101.69,-3.252975000326513e-8,1.1668576807371977e-7
101.7,-3.459214663789197e-8,1.162718750274527e-7
101.71,-3.664924820935907e-8,1.1585299195722199e-7
101.72,-3.870098462880101e-8,1.1542914587517194e-7
101.73,-4.074728614910413e-8,1.1500036397974286e-7
101.74,-4.2788083371389175e-8,1.1456667365308112e-7
101.75,-4.482330724245443e-8,1.1412810246057828e-7
101.76,-4.6852889059746406e-8,1.1368467814886405e-7
101.77,-4.8876760472059447e-8,1.1323642864417782e-7
101.78,-5.0894853482093814e-8,1.1278338205099467e-7
101.79,-5.2907100448535475e-8,1.1232556665029441e-7
101.8,-5.491343408751187e-8,1.1186301089810912e-7
101.81,-5.6913787475071284e-8,1.1139574342381308e-7
101.82,-5.890809404963419e-8,1.1092379302878763e-7
101.83,-6.089628761167444e-8,1.1044718868454213e-7
101.84,-6.287830232881894e-8,1.0996595953127818e-7
101.85,-6.485407273522185e-8,1.094801348761398e-7
101.86,-6.682353373482055e-8,1.089897441918796e-7
101.87,-6.878662060247537e-8,1.0849481711501257e-7
101.88,-7.074326898626816e-8,1.0799538344435932e-7
101.89,-7.269341490894729e-8,1.0749147313927919e-7
101.9,-7.463699477012343e-8,1.0698311631811451e-7
101.91,-7.657394534783087e-8,1.0647034325667197e-7
101.92,-7.850420380013306e-8,1.0595318438635665e-7
101.93,-8.042770766714904e-8,1.0543167029277092e-7
101.94,-8.234439487320903e-8,1.049058317139018e-7
101.95,-8.425420372717973e-8,1.0437569953866291e-7
101.96,-8.615707292562815e-8,1.0384130480500586e-7
101.97,-8.805294155379574e-8,1.0330267869848387e-7
101.98,-8.994174908742672e-8,1.0275985255044089e-7
101.99,-9.182343539436417e-8,1.0221285783649763e-7
102.0,-9.369794073580908e-8,1.016617261747671e-7
102.01,-9.55652057687755e-8,1.0110648932438513e-7
102.02,-9.742517154736255e-8,1.0054717918312148e-7
102.03,-9.927777952332819e-8,9.998382778719773e-8
102.04,-1.0112297154889414e-7,9.941646730794406e-8
102.05,-1.0296068987804858e-7,9.884513005116728e-8
102.06,-1.0479087716745184e-7,9.826984845511922e-8
102.07,-1.0661347647881131e-7,9.769065508881122e-8
102.08,-1.0842843127900895e-7,9.710758265044644e-8
102.09,-1.102356854432738e-7,9.652066396562753e-8
102.1,-1.1203518325530048e-7,9.592993198559236e-8
102.11,-1.1382686940928384e-7,9.533541978581373e-8
102.12,-1.1561068901088476e-7,9.473716056381971e-8
102.13,-1.1738658757918305e-7,9.413518763803496e-8
102.14,-1.1915451104769804e-7,9.352953444561679e-8
102.15,-1.2091440576534258e-7,9.292023454095329e-8
102.16,-1.2266621849852028e-7,9.230732159409993e-8
102.17,-1.2440989643189626e-7,9.169082938869714e-8
102.18,-1.2614538716984154e-7,9.107079182053558e-8
102.19,-1.2787263873730717e-7,9.044724289586266e-8
102.2,-1.2959159958381769e-7,8.982021672940422e-8
102.21,-1.313022185781487e-7,8.918974754282849e-8
102.22,-1.3300444501700915e-7,8.855586966321146e-8
102.23,-1.3469822862179954e-7,8.791861752065999e-8
102.24,-1.3638351954092582e-7,8.727802564765355e-8
102.25,-1.3806026835099404e-7,8.663412867599912e-8
102.26,-1.397284260581448e-7,8.598696133620929e-8
102.27,-1.4138794409870446e-7,8.53365584553194e-8
102.28,-1.4303877434049005e-7,8.468295495505083e-8
102.29,-1.446808690835279e-7,8.402618585032817e-8
102.3,-1.463141810622168e-7,8.336628624725264e-8
102.31,-1.4793866344505978e-7,8.270329134177871e-8
102.32,-1.4955426983626828e-7,8.203723641758056e-8
102.33,-1.511609542768603e-7,8.136815684451721e-8
102.34,-1.5275867124531193e-7,8.06960880767463e-8
102.35,-1.5434737565920007e-7,8.002106565126072e-8
102.36,-1.559270228745353e-7,7.93431251857766e-8
102.37,-1.5749756868888183e-7,7.866230237737599e-8
102.38,-1.5905896934080452e-7,7.797863300042019e-8
102.39,-1.606111815110608e-7,7.729215290494132e-8
102.4,-1.6215416232312254e-7,7.660289801505442e-8
102.41,-1.6368786934499295e-7,7.591090432691139e-8
102.42,-1.6521226058938564e-7,7.52162079073055e-8
102.43,-1.6672729451421106e-7,7.451884489154545e-8
102.44,-1.682329300238156e-7,7.381885148201533e-8
102.45,-1.6972912647004246e-7,7.311626394622206e-8
102.46,-1.7121584365215491e-7,7.241111861535e-8
102.47,-1.72693041818302e-7,7.17034518820332e-8
102.48,-1.7416068166559306e-7,7.099330019870238e-8
102.49,-1.756187243418618e-7,7.028070007736741e-8
102.5,-1.7706713144474035e-7,6.956568808450101e-8
102.51,-1.7850586502358985e-7,6.884830084267611e-8
102.52,-1.799348875797169e-7,6.812857502709997e-8
102.53,-1.813541620669921e-7,6.74065473642509e-8
102.54,-1.827636518925772e-7,6.668225463023441e-8
102.55,-1.8416332091690062e-7,6.595573364857859e-8
102.56,-1.8555313345517536e-7,6.522702128937855e-8
102.57,-1.8693305427702364e-7,6.449615446657991e-8
102.58,-1.8830304860854082e-7,6.376317013709184e-8
102.59,-1.8966308212993501e-7,6.302810529806046e-8
102.6,-1.910131209786857e-7,6.229099698631621e-8
102.61,-1.9235313174911157e-7,6.155188227562537e-8
102.62,-1.936830814928082e-7,6.081079827549519e-8
102.63,-1.9500293771870182e-7,6.006778212934713e-8
102.64,-1.9631266839379055e-7,5.932287101283908e-8
102.65,-1.9761224194385864e-7,5.857610213175465e-8
102.66,-1.9890162725288718e-7,5.782751272093709e-8
102.67,-2.0018079366566562e-7,5.707714004145793e-8
102.68,-2.0144971098407438e-7,5.632502138053308e-8
102.69,-2.02708349471303e-7,5.55711940484783e-8
102.7,-2.0395667985036102e-7,5.481569537722872e-8
102.71,-2.0519467330450716e-7,5.4058562719025934e-8
102.72,-2.06422301478152e-7,5.329983344429096e-8
102.73,-2.0763953647554493e-7,5.2539544940157066e-8
102.74,-2.0884635086285223e-7,5.177773460861555e-8
102.75,-2.1004271766775438e-7,5.1014439864667366e-8
102.76,-2.1122861037752595e-7,5.024969813562539e-8
102.77,-2.1240400294369156e-7,4.94835468572826e-8
102.78,-2.1356886977789986e-7,4.871602347442213e-8
102.79,-2.1472318575401194e-7,4.794716543801622e-8
102.8,-2.1586692620797891e-7,4.71770102034999e-8
102.81,-2.1700006693775597e-7,4.640559522950869e-8
102.82,-2.1812258420345461e-7,4.5632957975767475e-8
102.83,-2.1923445472753404e-7,4.4859135901716605e-8
102.84,-2.2033565569442079e-7,4.408416646448076e-8
102.85,-2.2142616475102947e-7,4.3308087117860635e-8
102.86,-2.2250596000587847e-7,4.253093530949718e-8
102.87,-2.235750200309939e-7,4.175274848040463e-8
102.88,-2.2463332385923173e-7,4.097356406250283e-8
102.89,-2.256808509865594e-7,4.01934194772836e-8
102.9,-2.267175813703175e-7,3.941235213400532e-8
102.91,-2.2774349543001533e-7,3.863039942804108e-8
102.92,-2.2875857404716188e-7,3.7847598739308184e-8
102.93,-2.297627985646411e-7,3.706398743058773e-8
102.94,-2.30756150787206e-7,3.6279602845669506e-8
102.95,-2.3173861298074067e-7,3.549448230790449e-8
102.96,-2.3271016787238292e-7,3.4708663118533134e-8
102.97,-2.3367079865043918e-7,3.392218255497917e-8
102.98,-2.3462048896370707e-7,3.3135077869192805e-8
102.99,-2.3555922292173713e-7,3.234738628615758e-8
103.0,-2.3648698509407684e-7,3.1559145001953385e-8
103.01,-2.3740376051103036e-7,3.077039118239981e-8
103.02,-2.3830953466152034e-7,2.998116196141534e-8
103.03,-2.392042934944495e-7,2.9191494439184927e-8
103.04,-2.4008802341810695e-7,2.8401425680837268e-8
103.05,-2.409607112983225e-7,2.7610992714462288e-8
103.06,-2.4182234446087927e-7,2.6820232529951698e-8
103.07,-2.426729106885702e-7,2.6029182076837498e-8
103.08,-2.4351239822196536e-7,2.5237878263280718e-8
103.09,-2.4434079575863294e-7,2.4446357954045304e-8
103.1,-2.451580924530958e-7,2.3654657968989776e-8
103.11,-2.459642779164316e-7,2.2862815081671256e-8
103.12,-2.4675934221486787e-7,2.2070866017586677e-8
103.13,-2.475432758703658e-7,2.127884745259504e-8
103.14,-2.483160698600465e-7,2.0486796011268117e-8
103.15,-2.4907771561463773e-7,1.969474826581273e-8
103.16,-2.4982820501912135e-7,1.8902740733750847e-8
103.17,-2.5056753041164175e-7,1.8110809876812417e-8
103.18,-2.5129568458298625e-7,1.7318992099383426e-8
103.19,-2.5201266077599955e-7,1.6527323746808154e-8
103.2,-2.527184526849961e-7,1.5735841104030365e-8
103.21,-2.534130544552836e-7,1.494458039371148e-8
103.22,-2.5409646068207514e-7,1.4153577775164213e-8
103.23,-2.547686664106515e-7,1.3362869342427678e-8
103.24,-2.554296671347125e-7,1.2572491122904493e-8
103.25,-2.560794587966022e-7,1.1782479075875143e-8
103.26,-2.5671803778580015e-7,1.0992869090903357e-8
103.27,-2.57345400938716e-7,1.020369698641571e-8
103.28,-2.579615455380857e-7,9.414998508148377e-9
103.29,-2.585664693113391e-7,8.626809327618645e-9
103.3,-2.5916017043125696e-7,7.839165040727264e-9
103.31,-2.5974264751388604e-7,7.052101166127978e-9
103.32,-2.603138996181946e-7,6.265653143819156e-9
103.33,-2.608739262458114e-7,5.4798563339161924e-9
103.34,-2.614227273391605e-7,4.69474601475564e-9
103.35,-2.619603032810901e-7,3.910357381669571e-9
103.36,-2.624866548945606e-7,3.126725545501356e-9
103.37,-2.6300178344084277e-7,2.343885531326435e-9
103.38,-2.6350569061932475e-7,1.5618722765814781e-9
103.39,-2.6399837856628766e-7,7.80720629903061e-10
103.4,-2.6447984985370924e-7,4.653500024065975e-13
103.41,-2.6495010748904804e-7,-7.788588964236823e-10
103.42,-2.6540915491377564e-7,-1.557217535563955e-9
103.43,-2.6585699600232175e-7,-2.3345760883130695e-9
103.44,-2.662936350612993e-7,-3.1109001711641796e-9
103.45,-2.6671907682874146e-7,-3.8861554981804e-9
103.46,-2.671333264727158e-7,-4.660307881913632e-9
103.47,-2.675363895899294e-7,-5.433323235144205e-9
103.48,-2.6792827220590727e-7,-6.205167571996472e-9
103.49,-2.683089807727188e-7,-6.975807009467347e-9
103.5,-2.6867852216851787e-7,-7.745207768782014e-9
103.51,-2.6903690369609143e-7,-8.513336176624266e-9
103.52,-2.693841330820161e-7,-9.280158666496954e-9
103.53,-2.6972021847569937e-7,-1.0045641780361779e-8
103.54,-2.7004516844792924e-7,-1.0809752169623245e-8
103.55,-2.703589919893847e-7,-1.1572456596512295e-8
103.56,-2.7066169851048075e-7,-1.233372193566521e-8
103.57,-2.709532978396292e-7,-1.3093515175131376e-8
103.58,-2.712338002210343e-7,-1.3851803417763577e-8
103.59,-2.7150321631598737e-7,-1.4608553882791482e-8
103.6,-2.7176155719886304e-7,-1.5363733906539403e-8
103.61,-2.7200883435799516e-7,-1.6117310944515455e-8
103.62,-2.722450596929186e-7,-1.6869252571742863e-8
103.63,-2.724702455145184e-7,-1.76195264848551e-8
103.64,-2.7268440454204086e-7,-1.83681005028104e-8
103.65,-2.7288754990371703e-7,-1.9114942568634662e-8
103.66,-2.730796951340921e-7,-1.98600207502149e-8
103.67,-2.73260854173011e-7,-2.060330324173358e-8
103.68,-2.734310413647244e-7,-2.134475836493087e-8
103.69,-2.735902714563529e-7,-2.208435457025292e-8
103.7,-2.737385595948107e-7,-2.28220604382738e-8
103.71,-2.7387592132967993e-7,-2.3557844680508273e-8
103.72,-2.7400237260730877e-7,-2.429167614102987e-8
103.73,-2.7411792977188993e-7,-2.5023523797466002e-8
103.74,-2.742226095630704e-7,-2.5753356762167998e-8
103.75,-2.7431642911535234e-7,-2.6481144283342434e-8
103.76,-2.7439940595593384e-7,-2.7206855746580554e-8
103.77,-2.744715580035432e-7,-2.79304606754744e-8
103.78,-2.7453290356678993e-7,-2.8651928733179607e-8
103.79,-2.745834613435887e-7,-2.9371229723354923e-8
103.8,-2.7462325041770984e-7,-3.008833359159676e-8
103.81,-2.746522902596107e-7,-3.080321042607817e-8
103.82,-2.746706007232618e-7,-3.151583045915255e-8
103.83,-2.746782020453498e-7,-3.222616406819527e-8
103.84,-2.7467511484360477e-7,-3.2934181776696434e-8
103.85,-2.746613601149953e-7,-3.363985425552676e-8
103.86,-2.746369592347344e-7,-3.434315232399156e-8
103.87,-2.746019339540734e-7,-3.504404695081213e-8
103.88,-2.7455630639899565e-7,-3.574250925517573e-8
103.89,-2.745000990691421e-7,-3.643851050806578e-8
103.9,-2.7443333483479573e-7,-3.713202213288509e-8
103.91,-2.743560369370758e-7,-3.782301570700656e-8
103.92,-2.7426822898467745e-7,-3.8511462962328314e-8
103.93,-2.7416993495332933e-7,-3.919733578672957e-8
103.94,-2.740611791838755e-7,-3.988060622472992e-8
103.95,-2.739419863801521e-7,-4.0561246478791495e-8
103.96,-2.7381238160744883e-7,-4.1239228910078995e-8
103.97,-2.7367239029191114e-7,-4.191452603970354e-8
103.98,-2.7352203821688243e-7,-4.25871105495472e-8
103.99,-2.7336135152306236e-7,-4.325695528325099e-8
104.0,-2.7319035670547425e-7,-4.3924033247202434e-8
104.01,-2.730090806124119e-7,-4.458831761151226e-8
104.02,-2.728175504437397e-7,-4.5249781711117813e-8
104.03,-2.726157937487081e-7,-4.590839904633247e-8
104.04,-2.724038384243196e-7,-4.656414328420534e-8
104.05,-2.7218171271368456e-7,-4.721698825913684e-8
104.06,-2.7194944520459196e-7,-4.786690797408505e-8
104.07,-2.7170706482711426e-7,-4.8513876601225164e-8
104.08,-2.7145460085130345e-7,-4.9157868482822465e-8
104.09,-2.711920828872301e-7,-4.979885813237663e-8
104.1,-2.709195408814444e-7,-5.043682023545059e-8
104.11,-2.7063700511576255e-7,-5.107172965029222e-8
104.12,-2.7034450620534684e-7,-5.1703561408817434e-8
104.13,-2.700420750969719e-7,-5.2332290717807366e-8
104.14,-2.6972974306692067e-7,-5.295789295913146e-8
104.15,-2.6940754171943845e-7,-5.35803436910903e-8
104.16,-2.690755029848237e-7,-5.419961864905084e-8
104.17,-2.6873365911667067e-7,-5.481569374605893e-8
104.18,-2.683820426917042e-7,-5.5428545074320944e-8
104.19,-2.680206866060963e-7,-5.6038148905096867e-8
104.2,-2.676496240747794e-7,-5.664448169016435e-8
104.21,-2.672688886286357e-7,-5.72475200623611e-8
104.22,-2.6687851411328793e-7,-5.784724083628415e-8
104.23,-2.664785346868561e-7,-5.844362100931646e-8
104.24,-2.660689848176523e-7,-5.9036637761913244e-8
104.25,-2.6564989928292997e-7,-5.962626845899628e-8
104.26,-2.6522131316615307e-7,-6.02124906499895e-8
104.27,-2.647832618559559e-7,-6.079528207009687e-8
104.28,-2.6433578104342314e-7,-6.137462064072613e-8
104.29,-2.638789067198327e-7,-6.195048447040587e-8
104.3,-2.6341267517558243e-7,-6.252285185512218e-8
104.31,-2.629371229974969e-7,-6.309170127934924e-8
104.32,-2.624522870670625e-7,-6.36570114166819e-8
104.33,-2.6195820455862076e-7,-6.421876113039258e-8
104.34,-2.6145491293630623e-7,-6.477692947396396e-8
104.35,-2.6094244995373776e-7,-6.533149569221033e-8
104.36,-2.604208536497282e-7,-6.588243922139496e-8
104.37,-2.5989016234946084e-7,-6.642973969005432e-8
104.38,-2.5935041465855363e-7,-6.697337691998354e-8
104.39,-2.588016494635784e-7,-6.751333092608886e-8
104.4,-2.5824390592953035e-7,-6.804958191761807e-8
104.41,-2.576772234970935e-7,-6.85821102984991e-8
104.42,-2.5710164188140334e-7,-6.911089666807132e-8
104.43,-2.5651720106917653e-7,-6.963592182137787e-8
104.44,-2.5592394131713123e-7,-7.015716675014719e-8
104.45,-2.553219031501639e-7,-7.067461264264593e-8
104.46,-2.5471112735629694e-7,-7.118824088565848e-8
104.47,-2.5409165499088745e-7,-7.169803306288032e-8
104.48,-2.534635273678827e-7,-7.220397095727483e-8
104.49,-2.5282678606126336e-7,-7.270603655086724e-8
104.5,-2.5218147290192753e-7,-7.32042120251867e-8
104.51,-2.515276299756968e-7,-7.369847976210309e-8
104.52,-2.508652996210259e-7,-7.418882234370689e-8
104.53,-2.501945244271715e-7,-7.467522255356714e-8
104.54,-2.4951534723157053e-7,-7.515766337665396e-8
104.55,-2.48827811118196e-7,-7.563612800007779e-8
104.56,-2.4813195941469176e-7,-7.611059981314555e-8
104.57,-2.4742783569080303e-7,-7.658106240827994e-8
104.58,-2.4671548375589464e-7,-7.704749958130332e-8
104.59,-2.459949476569146e-7,-7.750989533152696e-8
104.6,-2.4526627167592853e-7,-7.796823386260307e-8
104.61,-2.4452950032845557e-7,-7.842249958287052e-8
104.62,-2.4378467836026763e-7,-7.887267710528518e-8
104.63,-2.4303185074589664e-7,-7.931875124811322e-8
104.64,-2.4227106268804253e-7,-7.9760707036367e-8
104.65,-2.4150235961061347e-7,-8.019852969947135e-8
104.66,-2.407257871615794e-7,-8.063220467433238e-8
104.67,-2.399413912080822e-7,-8.106171760438192e-8
104.68,-2.3914921783503233e-7,-8.148705434016363e-8
104.69,-2.3834931334208287e-7,-8.19082009395889e-8
104.7,-2.3754172424252232e-7,-8.232514366824017e-8
104.71,-2.36726497260289e-7,-8.273786899997115e-8
104.72,-2.3590367932768551e-7,-8.314636361663498e-8
104.73,-2.3507331758258655e-7,-8.355061440881829e-8
104.74,-2.3423545936845428e-7,-8.395060847616534e-8
104.75,-2.3339015222949476e-7,-8.434633312723598e-8
104.76,-2.3253744390938612e-7,-8.473777588007731e-8
104.77,-2.3167738234928542e-7,-8.512492446237074e-8
104.78,-2.308100156850999e-7,-8.550776681169047e-8
104.79,-2.2993539224536792e-7,-8.588629107573972e-8
104.8,-2.2905356054923543e-7,-8.626048561249064e-8
104.81,-2.281645693037406e-7,-8.663033899054013e-8
104.82,-2.27268467401653e-7,-8.699583998898331e-8
104.83,-2.2636530391885286e-7,-8.735697759810361e-8
104.84,-2.2545512811372758e-7,-8.771374101923453e-8
104.85,-2.2453798942232484e-7,-8.806611966474778e-8
104.86,-2.23613937457653e-7,-8.841410315866915e-8
104.87,-2.2268302200727893e-7,-8.875768133656081e-8
104.88,-2.2174529303045786e-7,-8.909684424558273e-8
104.89,-2.208008006562559e-7,-8.943158214471352e-8
104.9,-2.1984959518112475e-7,-8.976188550507811e-8
104.91,-2.1889172706652903e-7,-9.008774500966981e-8
104.92,-2.17927246936878e-7,-9.040915155375445e-8
104.93,-2.1695620557685768e-7,-9.072609624495679e-8
104.94,-2.1597865392943355e-7,-9.103857040297578e-8
104.95,-2.149946430929192e-7,-9.134656556009395e-8
104.96,-2.1400422431983036e-7,-9.165007346116496e-8
104.97,-2.1300744901342503e-7,-9.194908606327371e-8
104.98,-2.1200436872571603e-7,-9.224359553643486e-8
104.99,-2.109950351555491e-7,-9.253359426298774e-8
105.0,-2.0997950014561962e-7,-9.281907483807687e-8
105.01,-2.0895781568084342e-7,-9.310003006957721e-8
105.02,-2.0793003388550674e-7,-9.337645297759274e-8
105.03,-2.0689620702096508e-7,-9.364833679543835e-8
105.04,-2.0585638748350304e-7,-9.391567496866014e-8
105.05,-2.0481062780213678e-7,-9.417846115561561e-8
105.06,-2.03758980635971e-7,-9.443668922722037e-8
105.07,-2.027014987719369e-7,-9.469035326693588e-8
105.08,-2.0163823512256485e-7,-9.493944757068046e-8
105.09,-2.0056924272363304e-7,-9.518396664686736e-8
105.1,-1.994945747313668e-7,-9.542390521614024e-8
105.11,-1.9841428442199035e-7,-9.565925821186239e-8
105.12,-1.9732842518560227e-7,-9.589002077898933e-8
105.13,-1.9623705052818045e-7,-9.611618827497217e-8
105.14,-1.9514021406627588e-7,-9.633775626918053e-8
105.15,-1.9403796952562743e-7,-9.655472054284019e-8
105.16,-1.929303707396187e-7,-9.676707708903085e-8
105.17,-1.9181747164528854e-7,-9.697482211247357e-8
105.18,-1.906993262820932e-7,-9.717795202919407e-8
105.19,-1.89575988789857e-7,-9.737646346676e-8
105.2,-1.8844751340518758e-7,-9.757035326374831e-8
105.21,-1.8731395446061892e-7,-9.775961846999227e-8
105.22,-1.8617536638077534e-7,-9.794425634577609e-8
105.23,-1.8503180368166158e-7,-9.812426436251406e-8
105.24,-1.838833209670458e-7,-9.829964020165399e-8
105.25,-1.8272997292647617e-7,-9.847038175502943e-8
105.26,-1.8157181433334282e-7,-9.863648712460546e-8
105.27,-1.8040890004203437e-7,-9.87979546219293e-8
105.28,-1.792412849860959e-7,-9.895478276840442e-8
105.29,-1.7806902417538353e-7,-9.910697029447439e-8
105.3,-1.7689217269439074e-7,-9.925451613992145e-8
105.31,-1.7571078569870508e-7,-9.939741945305938e-8
105.32,-1.7452491841498654e-7,-9.95356795912054e-8
105.33,-1.7333462613579818e-7,-9.966929611939544e-8
105.34,-1.7213996421945836e-7,-9.979826881110248e-8
105.35,-1.7094098808677464e-7,-9.992259764729966e-8
105.36,-1.6973775321879762e-7,-1.0004228281642395e-7
105.37,-1.6853031515499307e-7,-1.0015732471392114e-7
105.38,-1.673187294900556e-7,-1.0026772394208788e-7
105.39,-1.6610305187247288e-7,-1.003734813097589e-7
105.4,-1.648833380022127e-7,-1.004745978312417e-7
105.41,-1.6365964362725024e-7,-1.0057107472764852e-7
105.42,-1.6243202454276698e-7,-1.0066291342470098e-7
105.43,-1.6120053658805035e-7,-1.007501155534492e-7
105.44,-1.5996523564396815e-7,-1.0083268294941338e-7
105.45,-1.5872617763184017e-7,-1.0091061765278281e-7
105.46,-1.5748341850974002e-7,-1.009839219072223e-7
105.47,-1.5623701427108005e-7,-1.010525981601136e-7
105.48,-1.5498702094253036e-7,-1.0111664906183834e-7
105.49,-1.5373349457927449e-7,-1.011760774658236e-7
105.5,-1.5247649126814853e-7,-1.0123088642717344e-7
105.51,-1.5121606711930332e-7,-1.0128107920321756e-7
105.52,-1.4995227826774068e-7,-1.0132665925243347e-7
105.53,-1.4868518086974428e-7,-1.0136763023462639e-7
105.54,-1.4741483110044312e-7,-1.0140399600970635e-7
105.55,-1.4614128515311218e-7,-1.0143576063792562e-7
105.56,-1.4486459923405574e-7,-1.0146292837879708e-7
105.57,-1.4358482956360295e-7,-1.0148550369135607e-7
105.58,-1.423020323702344e-7,-1.0150349123225004e-7
105.59,-1.4101626389310974e-7,-1.015168958577323e-7
105.6,-1.3972758037535964e-7,-1.0152572262041075e-7
105.61,-1.3843603806403917e-7,-1.0152997677056021e-7
105.62,-1.3714169320726078e-7,-1.0152966375492206e-7
105.63,-1.3584460205249926e-7,-1.0152478921617871e-7
105.64,-1.3454482084397166e-7,-1.0151535899251969e-7
105.65,-1.3324240582066082e-7,-1.0150137911737656e-7
105.66,-1.319374132138787e-7,-1.0148285581782278e-7
105.67,-1.306298992442764e-7,-1.0145979551671147e-7
105.68,-1.2931992012207002e-7,-1.0143220482754718e-7
105.69,-1.2800753204240455e-7,-1.0140009055838978e-7
105.7,-1.2669279118397917e-7,-1.0136345970878672e-7
105.71,-1.2537575370698375e-7,-1.0132231947007979e-7
105.72,-1.2405647575102016e-7,-1.0127667722435475e-7
105.73,-1.2273501343267982e-7,-1.0122654054430357e-7
105.74,-1.2141142284329684e-7,-1.011719171920489e-7
105.75,-1.2008576004740447e-7,-1.0111281511923094e-7
105.76,-1.1875808107958675e-7,-1.010492424657819e-7
105.77,-1.1742844194320273e-7,-1.0098120755933456e-7
105.78,-1.1609689860727607e-7,-1.0090871891505491e-7
105.79,-1.1476350700572678e-7,-1.0083178523455128e-7
105.8,-1.1342832303403569e-7,-1.0075041540534708e-7
105.81,-1.1209140254760346e-7,-1.0066461850032084e-7
105.82,-1.1075280135951059e-7,-1.0057440377689354e-7
105.83,-1.0941257523842012e-7,-1.00479780676474e-7
105.84,-1.0807077990644828e-7,-1.003807588236022e-7
105.85,-1.067274710376443e-7,-1.0027734802544475e-7
105.86,-1.0538270425433904e-7,-1.0016955827099194e-7
105.87,-1.0403653512653783e-7,-1.0005739973050064e-7
105.88,-1.0268901916965738e-7,-9.994088275446411e-8
105.89,-1.0134021184138061e-7,-9.982001787332756e-8
105.9,-9.999016854093419e-8,-9.969481579632659e-8
105.91,-9.863894460601827e-8,-9.956528741114339e-8
105.92,-9.728659531141017e-8,-9.943144378288904e-8
105.93,-9.593317586623437e-8,-9.929329615348634e-8
105.94,-9.457874141268225e-8,-9.915085594086014e-8
105.95,-9.322334702328826e-8,-9.900413473845905e-8
105.96,-9.186704769890152e-8,-9.885314431366849e-8
105.97,-9.050989836781133e-8,-9.869789660829627e-8
105.98,-8.915195388177946e-8,-9.853840373675569e-8
105.99,-8.779326901593466e-8,-9.8374677985648e-8
106.0,-8.643389846529919e-8,-9.820673181310345e-8
106.01,-8.507389684377071e-8,-9.803457784768744e-8
106.02,-8.371331868121633e-8,-9.785822888783247e-8
106.03,-8.23522184226832e-8,-9.767769790107996e-8
106.04,-8.099065042550457e-8,-9.749299802292954e-8
106.05,-7.962866895697459e-8,-9.730414255648293e-8
106.06,-7.826632819383634e-8,-9.711114497103129e-8
106.07,-7.690368221900874e-8,-9.691401890190249e-8
106.08,-7.554078501989168e-8,-9.671277814905321e-8
106.09,-7.41776904871194e-8,-9.650743667644874e-8
106.1,-7.281445241160745e-8,-9.629800861137845e-8
106.11,-7.145112448334777e-8,-9.608450824328859e-8
106.12,-7.008776028914134e-8,-9.58669500230521e-8
106.13,-6.872441331120842e-8,-9.564534856233599e-8
106.14,-6.736113692391735e-8,-9.541971863198399e-8
106.15,-6.599798439404248e-8,-9.519007516223676e-8
106.16,-6.463500887691828e-8,-9.495643324095284e-8
106.17,-6.327226341535032e-8,-9.471880811305516e-8
106.18,-6.19098009379368e-8,-9.447721517961128e-8
106.19,-6.054767425690431e-8,-9.423166999699526e-8
106.2,-5.9185936066250064e-8,-9.398218827588752e-8
106.21,-5.7824638940044616e-8,-9.372878588027279e-8
106.22,-5.6463835330356077e-8,-9.347147882673047e-8
106.23,-5.510357756572901e-8,-9.321028328351983e-8
106.24,-5.37439178487766e-8,-9.294521556911809e-8
106.25,-5.238490825555933e-8,-9.267629215228958e-8
106.26,-5.102660073243972e-8,-9.240352965020706e-8
106.27,-4.966904709492175e-8,-9.212694482796355e-8
106.28,-4.831229902589732e-8,-9.184655459750678e-8
106.29,-4.695640807378462e-8,-9.156237601674809e-8
106.3,-4.560142565039039e-8,-9.127442628842713e-8
106.31,-4.424740303000861e-8,-9.098272275952131e-8
106.32,-4.289439134652616e-8,-9.06872829197303e-8
106.33,-4.1542441593275324e-8,-9.038812440122651e-8
106.34,-4.0191604618799363e-8,-9.008526497671277e-8
106.35,-3.8841931128192884e-8,-8.977872255945864e-8
106.36,-3.749347167879226e-8,-8.946851520160016e-8
106.37,-3.61462766800091e-8,-8.915466109335829e-8
106.38,-3.48003963912331e-8,-8.883717856233485e-8
106.39,-3.345588091957066e-8,-8.851608607189813e-8
106.4,-3.2112780218840445e-8,-8.819140222070685e-8
106.41,-3.077114408768023e-8,-8.786314574141369e-8
106.42,-2.943102216790782e-8,-8.75313354999555e-8
106.43,-2.809246394335267e-8,-8.719599049404515e-8
106.44,-2.675551873681181e-8,-8.685712985264978e-8
106.45,-2.542023570977911e-8,-8.651477283451544e-8
106.46,-2.4086663860625703e-8,-8.616893882789611e-8
106.47,-2.275485202220652e-8,-8.581964734820006e-8
106.48,-2.1424848861468387e-8,-8.546691803840204e-8
106.49,-2.0096702875906125e-8,-8.511077066660135e-8
106.5,-1.8770462394737097e-8,-8.475122512671005e-8
106.51,-1.744617557514038e-8,-8.43883014357085e-8
106.52,-1.6123890401147545e-8,-8.402201973314325e-8
106.53,-1.4803654682717263e-8,-8.365240028067651e-8
106.54,-1.3485516053490167e-8,-8.32794634604186e-8
106.55,-1.2169521970042694e-8,-8.290322977359345e-8
106.56,-1.0855719709217521e-8,-8.25237198404846e-8
106.57,-9.544156367808825e-9,-8.214095439828699e-8
106.58,-8.234878860010656e-9,-8.175495430066346e-8
106.59,-6.927933916901675e-9,-8.136574051645016e-8
106.6,-5.623368084012432e-9,-8.097333412836688e-8
106.61,-4.321227721657747e-9,-8.05777563327769e-8
106.62,-3.021558999984264e-9,-8.017902843729284e-8
106.63,-1.724407901004863e-9,-7.977717186073042e-8
106.64,-4.298202158764103e-10,-7.937220813161802e-8
106.65,8.621584570045384e-10,-7.896415888710788e-8
106.66,2.151482712949761e-9,-7.855304587174718e-8
106.67,3.4381073421645976e-9,-7.813889093676815e-8
106.68,4.721987331664649e-9,-7.772171603855913e-8
106.69,6.003077866125625e-9,-7.73015432379109e-8
106.7,7.2813343305060205e-9,-7.687839469836558e-8
106.71,8.556712309101294e-9,-7.645229268570277e-8
106.72,9.829167589119508e-9,-7.602325956659503e-8
106.73,1.1098656161129471e-8,-7.559131780719335e-8
106.74,1.2365134220352408e-8,-7.515648997242927e-8
106.75,1.3628558168031854e-8,-7.471879872474837e-8
106.76,1.4888884613011716e-8,-7.427826682274545e-8
106.77,1.6146070372509037e-8,-7.383491712042845e-8
106.78,1.7400072473865763e-8,-7.33887725657739e-8
106.79,1.865084815620928e-8,-7.293985619956865e-8
106.8,1.989835487038916e-8,-7.248819115462337e-8
106.81,2.1142550281353536e-8,-7.203380065420681e-8
106.82,2.2383392269517263e-8,-7.157670801118722e-8
106.83,2.362083893117942e-8,-7.11169366266755e-8
106.84,2.485484858025945e-8,-7.065450998909781e-8
106.85,2.6085379749399933e-8,-7.0189451672784e-8
106.86,2.7312391191272526e-8,-6.972178533711237e-8
106.87,2.8535841879646062e-8,-6.925153472501664e-8
106.88,2.9755691010672072e-8,-6.877872366217074e-8
106.89,3.0971898003924093e-8,-6.83033760554885e-8
106.9,3.2184422503774554e-8,-6.78255158921584e-8
106.91,3.3393224380156273e-8,-6.734516723866357e-8
106.92,3.459826373019353e-8,-6.686235423908726e-8
106.93,3.5799500879087e-8,-6.637710111448953e-8
106.94,3.6996896381071676e-8,-6.588943216143152e-8
106.95,3.819041102066262e-8,-6.539937175081106e-8
106.96,3.9380005814305795e-8,-6.490694432682935e-8
106.97,4.0565642009994816e-8,-6.441217440583231e-8
106.98,4.17472810901009e-8,-6.39150865747158e-8
106.99,4.292488477098752e-8,-6.341570549074682e-8
107.0,4.409841500515424e-8,-6.291405587896357e-8
107.01,4.5267833981711856e-8,-6.241016253210004e-8
107.02,4.643310412735559e-8,-6.190405030907126e-8
107.03,4.7594188107415864e-8,-6.139574413383046e-8
107.04,4.8751048827029556e-8,-6.088526899399251e-8
107.05,4.990364943230588e-8,-6.037264993982347e-8
107.06,5.105195331065193e-8,-5.985791208308527e-8
107.07,5.219592409210812e-8,-5.934108059590227e-8
107.08,5.333552565182883e-8,-5.882218070895729e-8
107.09,5.447072210680266e-8,-5.8301237711413026e-8
107.1,5.560147782199574e-8,-5.7778276948894534e-8
107.11,5.672775740741186e-8,-5.725332382224264e-8
107.12,5.7849525720712326e-8,-5.672640378733112e-8
107.13,5.896674786817891e-8,-5.619754235219475e-8
107.14,6.007938920477878e-8,-5.566676507754921e-8
107.15,6.118741533571035e-8,-5.5134097574467853e-8
107.16,6.229079211701019e-8,-5.459956550378116e-8
107.17,6.33894856560742e-8,-5.4063194574478406e-8
107.18,6.448346231338355e-8,-5.3525010542801014e-8
107.19,6.557268870275885e-8,-5.298503921097392e-8
107.2,6.665713169150559e-8,-5.2443306425949874e-8
107.21,6.773675840284089e-8,-5.1899838078328885e-8
107.22,6.881153621503363e-8,-5.135466010111481e-8
107.23,6.988143276374043e-8,-5.0807798468299274e-8
107.24,7.094641594115708e-8,-5.0259279194115586e-8
107.25,7.200645389793738e-8,-4.970912833145169e-8
107.26,7.30615150437082e-8,-4.9157371970878505e-8
107.27,7.41115680475315e-8,-4.860403623942521e-8
107.28,7.515658183842977e-8,-4.8049147299273965e-8
107.29,7.619652560707808e-8,-4.7492731346620524e-8
107.3,7.72313688057195e-8,-4.6934814610550107e-8
107.31,7.826108114863915e-8,-4.6375423351843136e-8
107.32,7.92856326134495e-8,-4.581458386166317e-8
107.33,8.030499344154193e-8,-4.525232246044545e-8
107.34,8.13191341386949e-8,-4.4688665496710926e-8
107.35,8.232802547551059e-8,-4.4123639345910606e-8
107.36,8.3331638487943e-8,-4.3557270408751694e-8
107.37,8.432994448029526e-8,-4.2989585111952245e-8
107.38,8.532291502058837e-8,-4.242060990334238e-8
107.39,8.631052194639748e-8,-4.185037125435612e-8
107.4,8.729273736272468e-8,-4.127889565697995e-8
107.41,8.826953364341684e-8,-4.0706209622985564e-8
107.42,8.92408834316025e-8,-4.0132339682698276e-8
107.43,9.020675963943528e-8,-3.955731238378055e-8
107.44,9.116713545015698e-8,-3.898115429030335e-8
107.45,9.212198431750019e-8,-3.840389198097956e-8
107.46,9.307127996633189e-8,-3.782555204889526e-8
107.47,9.401499639358924e-8,-3.7246161099228874e-8
107.48,9.495310786820143e-8,-3.666574574895701e-8
107.49,9.58855889320248e-8,-3.608433262540351e-8
107.5,9.681241440035986e-8,-3.5501948364742094e-8
107.51,9.77335593615953e-8,-3.491861961136786e-8
107.52,9.864899917862311e-8,-3.4334373016591626e-8
107.53,9.955870948890775e-8,-3.374923523675436e-8
107.54,1.0046266620478574e-7,-3.31632329331912e-8
107.55,1.0136084551376923e-7,-3.257639277016787e-8
107.56,1.0225322387947468e-7,-3.198874141414147e-8
107.57,1.0313977804148025e-7,-3.140030553269642e-8
107.58,1.0402048501566298e-7,-3.0811111792949314e-8
107.59,1.048953220951262e-7,-3.022118686054505e-8
107.6,1.0576426684980816e-7,-2.9630557399035597e-8
107.61,1.0662729712755081e-7,-2.9039250067694254e-8
107.62,1.0748439105369064e-7,-2.8447291521302004e-8
107.63,1.0833552703262255e-7,-2.7854708407948455e-8
107.64,1.0918068374483714e-7,-2.7261527370428966e-8
107.65,1.1001984015284658e-7,-2.6667775040581433e-8
107.66,1.108529754960645e-7,-2.6073478042400135e-8
107.67,1.1168006929380164e-7,-2.5478662989041698e-8
107.68,1.1250110134464232e-7,-2.4883356481527758e-8
107.69,1.1331605172737997e-7,-2.428758510838501e-8
107.7,1.1412490080052057e-7,-2.3691375443735015e-8
107.71,1.1492762920294404e-7,-2.309475404669416e-8
107.72,1.1572421785389519e-7,-2.249774745986986e-8
107.73,1.1651464795319353e-7,-2.190038220881064e-8
107.74,1.1729890098157036e-7,-2.130268480003156e-8
107.75,1.1807695870092744e-7,-2.0704681720431598e-8
107.76,1.188488031540643e-7,-2.0106399436159816e-8
107.77,1.1961441666496327e-7,-1.9507864391353317e-8
107.78,1.2037378183953683e-7,-1.8909103007032402e-8
107.79,1.2112688156462024e-7,-1.831014168003797e-8
107.8,1.2187369900924686e-7,-1.7711006781830254e-8
107.81,1.2261421762382199e-7,-1.7111724657491113e-8
107.82,1.2334842114105512e-7,-1.651232162447485e-8
107.83,1.2407629357530622e-7,-1.5912823971564156e-8
107.84,1.2479781922286446e-7,-1.5313257958015038e-8
107.85,1.2551298266237596e-7,-1.4713649811832797e-8
107.86,1.2622176875443479e-7,-1.4114025729364693e-8
107.87,1.269241626418029e-7,-1.3514411873790943e-8
107.88,1.2762014974933888e-7,-1.2914834374024139e-8
107.89,1.2830971578452166e-7,-1.2315319323919991e-8
107.9,1.2899284673614436e-7,-1.1715892780970266e-8
107.91,1.296695288762499e-7,-1.1116580765110878e-8
107.92,1.3033974875808197e-7,-1.0517409258100488e-8
107.93,1.3100349321765108e-7,-9.918404201574813e-9
107.94,1.3166074937274491e-7,-9.319591497158652e-9
107.95,1.3231150462318128e-7,-8.720997004390684e-9
107.96,1.3295574665087536e-7,-8.122646540000925e-9
107.97,1.3359346341952368e-7,-7.524565877155409e-9
107.98,1.3422464317462887e-7,-6.926780743836397e-9
107.99,1.3484927444330743e-7,-6.329316822242161e-9
108.0,1.354673460345244e-7,-5.7321997473741594e-9
108.01,1.3607884703818015e-7,-5.13545510640356e-9
108.02,1.366837668262342e-7,-4.539108437333107e-9
108.03,1.372820950511084e-7,-3.943185227866867e-9
108.04,1.3787382164669416e-7,-3.347710914595266e-9
108.05,1.3845893682742193e-7,-2.7527108818929e-9
108.06,1.3903743108901674e-7,-2.158210460941468e-9
108.07,1.3960929520691668e-7,-1.564234928569635e-9
108.08,1.4017452023750214e-7,-9.708095063238342e-10
108.09,1.4073309751660788e-7,-3.7795935940315553e-10
108.1,1.4128501866039495e-7,2.142904041809246e-10
108.11,1.4183027556511707e-7,8.059147351493528e-10
108.12,1.4236886040533143e-7,1.3968886431635058e-9
108.13,1.429007656354625e-7,1.987187198407591e-9
108.14,1.4342598398868295e-7,2.5767855324971978e-9
108.15,1.439445084768635e-7,3.165658839355114e-9
108.16,1.4445633239002148e-7,3.753782376215217e-9
108.17,1.4496144929616304e-7,4.341131464602569e-9
108.18,1.454598530414091e-7,4.927681491496844e-9
108.19,1.4595153774919836e-7,5.513407910172948e-9
108.2,1.4643649781956148e-7,6.098286241060216e-9
108.21,1.469147279301372e-7,6.6822920727601e-9
108.22,1.473862230341305e-7,7.265401063369761e-9
108.23,1.4785097836143446e-7,7.847588940893096e-9
108.24,1.4830898941727627e-7,8.428831504595915e-9
108.25,1.4876025198245824e-7,9.009104625713212e-9
108.26,1.4920476211265125e-7,9.58838424858228e-9
108.27,1.4964251613767475e-7,1.0166646391507205e-8
108.28,1.5007351066228478e-7,1.0743867147662722e-8
108.29,1.5049774256406591e-7,1.132002268604566e-8
108.3,1.5091520899485072e-7,1.1895089252391905e-8
108.31,1.5132590737769802e-7,1.2469043170408073e-8
108.32,1.5172983541018328e-7,1.3041860841956806e-8
108.33,1.5212699106040892e-7,1.3613518748795683e-8
108.34,1.525173725683388e-7,1.4183993452974752e-8
108.35,1.5290097844500062e-7,1.4753261597879758e-8
108.36,1.532778074719002e-7,1.5321299909110207e-8
108.37,1.536478587003154e-7,1.588808519560131e-8
108.38,1.5401113145149618e-7,1.6453594350051476e-8
108.39,1.5436762531586495e-7,1.7017804350372384e-8
108.4,1.5471734015038505e-7,1.7580692259774812e-8
108.41,1.5506027608306927e-7,1.814223522878581e-8
108.42,1.5539643350731554e-7,1.870241049518949e-8
108.43,1.5572581308321626e-7,1.9261195384840144e-8
108.44,1.5604841573841854e-7,1.9818567313562582e-8
108.45,1.5636424266524857e-7,2.037450378667921e-8
108.46,1.566732953213038e-7,2.0928982400989284e-8
108.47,1.569755754291522e-7,2.1481980844704828e-8
108.48,1.572710849747588e-7,2.2033476898904827e-8
108.49,1.5755982620796336e-7,2.258344843814722e-8
108.5,1.57841801640565e-7,2.3131873431398318e-8
108.51,1.5811701404717495e-7,2.3678729942670524e-8
108.52,1.5838546646329719e-7,2.4223996131764218e-8
108.53,1.586471621855232e-7,2.4767650255804967e-8
108.54,1.589021047704218e-7,2.5309670669094364e-8
108.55,1.5915029803417647e-7,2.5850035824416686e-8
108.56,1.593917460514805e-7,2.6388724273776507e-8
108.57,1.5962645315593218e-7,2.692571466916424e-8
108.58,1.5985442393639958e-7,2.746098576341105e-8
108.59,1.600756632414021e-7,2.799451641087078e-8
108.6,1.6029017617337684e-7,2.8526285568093717e-8
108.61,1.6049796809107825e-7,2.9056272295024652e-8
108.62,1.6069904460706227e-7,2.9584455755209578e-8
108.63,1.6089341158814394e-7,3.011081521694651e-8
108.64,1.6108107515417047e-7,3.063533005395356e-8
108.65,1.6126204167706773e-7,3.1157979746034555e-8
108.66,1.6143631778060754e-7,3.16787438797415e-8
108.67,1.6160391033942994e-7,3.219760214946795e-8
108.68,1.6176482647777708e-7,3.271453435795466e-8
108.69,1.6191907356938797e-7,3.322952041674749e-8
108.7,1.6206665923613852e-7,3.374254034732774e-8
108.71,1.6220759134805083e-7,3.4253574281745724e-8
108.72,1.62341878021475e-7,3.4762602463172555e-8
108.73,1.6246952761892923e-7,3.5269605246679295e-8
108.74,1.6259054874805588e-7,3.5774563100080825e-8
108.75,1.627049502608874e-7,3.627745660429387e-8
108.76,1.628127412530069e-7,3.677826645435442e-8
108.77,1.6291393106223782e-7,3.72769734598749e-8
108.78,1.6300852926861727e-7,3.777355854591869e-8
108.79,1.6309654569276753e-7,3.826800275342849e-8
108.8,1.631779903955201e-7,3.876028724005877e-8
108.81,1.6325287367654462e-7,3.925039328073962e-8
108.82,1.633212060743467e-7,3.973830226835688e-8
108.83,1.6338299836429788e-7,4.022399571457378e-8
108.84,1.6343826155824003e-7,4.070745525010525e-8
108.85,1.634870069034063e-7,4.1188662625575446e-8
108.86,1.6352924588200667e-7,4.1667599712064396e-8
108.87,1.6356499021010415e-7,4.214424850215739e-8
108.88,1.635942518353388e-7,4.261859110944033e-8
108.89,1.6361704293866965e-7,4.309060977046454e-8
108.9,1.6363337593065683e-7,4.356028684441238e-8
108.91,1.6364326345257114e-7,4.402760481415832e-8
108.92,1.6364671837400615e-7,4.449254628654671e-8
108.93,1.6364375379276443e-7,4.495509399325289e-8
108.94,1.636343830334997e-7,4.541523079109016e-8
108.95,1.63618619647185e-7,4.587293966277176e-8
108.96,1.6359647740911664e-7,4.6328203717581827e-8
108.97,1.6356797031917472e-7,4.678100619149727e-8
108.98,1.6353311259986015e-7,4.723133044814365e-8
108.99,1.6349191869568567e-7,4.767915997915402e-8
109.0,1.63444403272116e-7,4.812447840482231e-8
109.01,1.6339058121449794e-7,4.856726947455912e-8
109.02,1.6333046762701476e-7,4.900751706736283e-8
109.03,1.6326407783183e-7,4.944520519254498e-8
109.04,1.6319142736691253e-7,4.988031798973053e-8
109.05,1.6311253198854945e-7,5.031283973033063e-8
109.06,1.630274076643189e-7,5.074275481695054e-8
109.07,1.6293607057722647e-7,5.117004778450907e-8
109.08,1.6283853712278916e-7,5.159470330065232e-8
109.09,1.6273482390741899e-7,5.201670616607122e-8
109.1,1.6262494774809702e-7,5.2436041315371844e-8
109.11,1.6250892567120162e-7,5.285269381678115e-8
109.12,1.6238677491099938e-7,5.3266648873457335e-8
109.13,1.6225851290897636e-7,5.367789182340099e-8
109.14,1.6212415731230816e-7,5.408640814012508e-8
109.15,1.619837259733158e-7,5.449218343299946e-8
109.16,1.618372369475063e-7,5.4895203447653046e-8
109.17,1.616847084934925e-7,5.5295454066681874e-8
109.18,1.6152615907108513e-7,5.5692921309710555e-8
109.19,1.6136160734016842e-7,5.608759133397176e-8
109.2,1.6119107216001368e-7,5.647945043471186e-8
109.21,1.6101457258770828e-7,5.686848504560956e-8
109.22,1.6083212787740022e-7,5.725468173918292e-8
109.23,1.6064375747853368e-7,5.76380272270738e-8
109.24,1.604494810350444e-7,5.801850836038337e-8
109.25,1.6024931838535866e-7,5.839611213067961e-8
109.26,1.6004328955810362e-7,5.877082566929292e-8
109.27,1.5983141477397132e-7,5.914263624835107e-8
109.28,1.5961371444322316e-7,5.9511531281237044e-8
109.29,1.593902091648268e-7,5.987749832257157e-8
109.3,1.5916091972490448e-7,6.024052506876221e-8
109.31,1.5892586709572586e-7,6.06005993583049e-8
109.32,1.5868507243491104e-7,6.09577091720992e-8
109.33,1.5843855708355891e-7,6.13118426335262e-8
109.34,1.5818634256406344e-7,6.166298800991874e-8
109.35,1.579284505825392e-7,6.201113371062981e-8
109.36,1.5766490302342403e-7,6.235626828958729e-8
109.37,1.5739572195050015e-7,6.269838044442958e-8
109.38,1.571209296047883e-7,6.30374590170673e-8
109.39,1.5684054840432498e-7,6.337349299403434e-8
109.4,1.5655460094112086e-7,6.370647150631397e-8
109.41,1.5626310998245229e-7,6.403638383050109e-8
109.42,1.5596609846687473e-7,6.436321938815509e-8
109.43,1.556635895052981e-7,6.468696774676098e-8
109.44,1.553556063779374e-7,6.500761861918304e-8
109.45,1.550421725338696e-7,6.532516186481071e-8
109.46,1.5472331159029723e-7,6.563958748937189e-8
109.47,1.5439904732990847e-7,6.595088564488329e-8
109.48,1.5406940370045523e-7,6.625904663023279e-8
109.49,1.5373440481421423e-7,6.656406089166592e-8
109.5,1.5339407494455334e-7,6.686591902219892e-8
109.51,1.5304843852687073e-7,6.716461176270449e-8
109.52,1.5269752015561916e-7,6.746013000074768e-8
109.53,1.5234134458427907e-7,6.775246477317566e-8
109.54,1.519799367234994e-7,6.804160726385812e-8
109.55,1.5161332163920939e-7,6.832754880503107e-8
109.56,1.5124152455277489e-7,6.861028087731742e-8
109.57,1.5086457083774396e-7,6.888979510988834e-8
109.58,1.504824860205828e-7,6.916608328058432e-8
109.59,1.5009529577757355e-7,6.943913731601108e-8
109.6,1.4970302593540658e-7,6.970894929210199e-8
109.61,1.493057024660977e-7,6.997551143293577e-8
109.62,1.48903351491677e-7,7.023881611317531e-8
109.63,1.4849599927730758e-7,7.049885585593401e-8
109.64,1.4808367223255122e-7,7.075562333413679e-8
109.65,1.4766639690953154e-7,7.100911137018646e-8
109.66,1.472442000017089e-7,7.1259312936333e-8
109.67,1.4681710834246715e-7,7.15062211544926e-8
109.68,1.463851489034948e-7,7.174982929659628e-8
109.69,1.4594834879393994e-7,7.199013078460435e-8
109.7,1.4550673525871517e-7,7.222711919022674e-8
109.71,1.4506033567668806e-7,7.246078823574057e-8
109.72,1.4460917756082073e-7,7.269113179339212e-8
109.73,1.4415328855514372e-7,7.291814388573971e-8
109.74,1.436926964340558e-7,7.314181868558383e-8
109.75,1.432274291011468e-7,7.336215051623475e-8
109.76,1.4275751458778295e-7,7.357913385128182e-8
109.77,1.422829810512977e-7,7.379276331486167e-8
109.78,1.4180385677397442e-7,7.400303368150196e-8
109.79,1.41320170161915e-7,7.420993987631484e-8
109.8,1.4083194974294589e-7,7.441347697466927e-8
109.81,1.40339224165614e-7,7.461364020271771e-8
109.82,1.3984202219812436e-7,7.481042493704098e-8
109.83,1.3934037272674133e-7,7.500382670472618e-8
109.84,1.3883430475398167e-7,7.519384118329094e-8
109.85,1.3832384739770332e-7,7.53804642007639e-8
109.86,1.3780902988929998e-7,7.556369173562712e-8
109.87,1.3728988157304878e-7,7.574351991684642e-8
109.88,1.3676643190425936e-7,7.591994502372893e-8
109.89,1.3623871044714587e-7,7.609296348590167e-8
109.9,1.3570674687496427e-7,7.626257188310916e-8
109.91,1.3517057096721246e-7,7.64287669458427e-8
109.92,1.3463021260916768e-7,7.659154555420223e-8
109.93,1.340857017899269e-7,7.67509047387499e-8
109.94,1.3353706860123142e-7,7.690684167980978e-8
109.95,1.3298434323594783e-7,7.705935370790523e-8
109.96,1.3242755598726325e-7,7.720843830337556e-8
109.97,1.3186673724589885e-7,7.735409309608386e-8
109.98,1.3130191750014422e-7,7.749631586577548e-8
109.99,1.3073312733394255e-7,7.763510454192433e-8
110.0,1.3016039742467872e-7,7.777045720292483e-8
110.01,1.29583758543339e-7,7.790237207690197e-8
110.02,1.2900324155173106e-7,7.803084754109392e-8
110.03,1.2841887740155435e-7,7.815588212175057e-8
110.04,1.2783069713378776e-7,7.827747449413927e-8
110.05,1.2723873187545323e-7,7.839562348226322e-8
110.06,1.2664301283956396e-7,7.851032805860383e-8
110.07,1.260435713238431e-7,7.862158734442129e-8
110.08,1.2544043870864967e-7,7.872940060922462e-8
110.09,1.2483364645547072e-7,7.883376727046185e-8
110.1,1.242232261059441e-7,7.893468689361849e-8
110.11,1.2360920928066907e-7,7.903215919214519e-8
110.12,1.2299162767685727e-7,7.912618402687864e-8
110.13,1.22370513067991e-7,7.92167614062822e-8
110.14,1.2174589730146586e-7,7.930389148588427e-8
110.15,1.2111781229792324e-7,7.938757456818086e-8
110.16,1.2048629004930135e-7,7.946781110274132e-8
110.17,1.198513626177033e-7,7.954460168523257e-8
110.18,1.1921306213388093e-7,7.961794705816579e-8
110.19,1.1857142079577717e-7,7.968784810985023e-8
110.2,1.1792647086750505e-7,7.975430587473378e-8
110.21,1.1727824467713562e-7,7.981732153275868e-8
110.22,1.1662677461615836e-7,7.987689640928223e-8
110.23,1.1597209313724239e-7,7.993303197484916e-8
110.24,1.1531423275314164e-7,7.998572984485955e-8
110.25,1.1465322603618612e-7,8.003499177941074e-8
110.26,1.1398910561498193e-7,8.008081968292519e-8
110.27,1.1332190417441458e-7,8.012321560419797e-8
110.28,1.126516544550644e-7,8.0162181734711e-8
110.29,1.1197838924835862e-7,8.019772041105523e-8
110.3,1.1130214139910846e-7,8.022983411217229e-8
110.31,1.106229438019641e-7,8.025852545993116e-8
110.32,1.099408293996451e-7,8.028379721881663e-8
110.33,1.0925583118383466e-7,8.030565229607685e-8
110.34,1.0856798219097771e-7,8.032409374018688e-8
110.35,1.0787731550268377e-7,8.033912474211832e-8
110.36,1.0718386424417108e-7,8.03507486334384e-8
110.37,1.0648766158054052e-7,8.035896888752472e-8
110.38,1.0578874072009718e-7,8.036378911765102e-8
110.39,1.0508713490861068e-7,8.036521307790381e-8
110.4,1.043828774292067e-7,8.036324466214465e-8
110.41,1.0367600160196841e-7,8.035788790403074e-8
110.42,1.0296654078136296e-7,8.034914697631395e-8
110.43,1.0225452835535205e-7,8.033702619091222e-8
110.44,1.0153999774379352e-7,8.032152999783416e-8
110.45,1.0082298239748902e-7,8.030266298575817e-8
110.46,1.0010351579615613e-7,8.028042988067384e-8
110.47,9.938163144742732e-8,8.025483554636145e-8
110.48,9.865736288531202e-8,8.022588498339305e-8
110.49,9.793074366916721e-8,8.019358332893012e-8
110.5,9.720180738148199e-8,8.015793585638624e-8
110.51,9.647058762744592e-8,8.011894797489318e-8
110.52,9.573711803290286e-8,8.007662522905916e-8
110.53,9.500143224348167e-8,8.003097329840842e-8
110.54,9.426356392249898e-8,7.998199799693749e-8
110.55,9.352354675114334e-8,7.992970527286124e-8
110.56,9.278141442424752e-8,7.98741012079696e-8
110.57,9.203720065197177e-8,7.98151920173537e-8
110.58,9.129093915658862e-8,7.97529840488468e-8
110.59,9.054266367195367e-8,7.968748378266555e-8
110.6,8.979240794141943e-8,7.961869783085983e-8
110.61,8.904020571742767e-8,7.95466329369315e-8
110.62,8.828609075903899e-8,7.947129597526305e-8
110.63,8.753009683162097e-8,7.939269395099168e-8
110.64,8.67722577043905e-8,7.931083399899093e-8
110.65,8.601260715079828e-8,7.922572338375546e-8
110.66,8.525117894479798e-8,7.913736949899529e-8
110.67,8.448800686151126e-8,7.904577986669533e-8
110.68,8.372312467482488e-8,7.895096213713385e-8
110.69,8.295656615677323e-8,7.885292408820707e-8
110.7,8.218836507518588e-8,7.875167362461834e-8
110.71,8.141855519342505e-8,7.864721877798151e-8
110.72,8.064717026846584e-8,7.853956770581297e-8
110.73,7.987424404941952e-8,7.842872869097814e-8
110.74,7.909981027679688e-8,7.831471014170197e-8
110.75,7.832390268101625e-8,7.819752059056024e-8
110.76,7.754655498014741e-8,7.807716869397227e-8
110.77,7.676780088005406e-8,7.795366323193982e-8
110.78,7.598767407220147e-8,7.782701310729788e-8
110.79,7.520620823239574e-8,7.769722734516528e-8
110.8,7.442343701980936e-8,7.756431509277529e-8
110.81,7.363939407546589e-8,7.74282856181223e-8
110.82,7.28541130207432e-8,7.728914831010934e-8
110.83,7.206762745696122e-8,7.714691267816566e-8
110.84,7.127997096144383e-8,7.700158835008505e-8
110.85,7.049117709093828e-8,7.685318507418366e-8
110.86,6.970127937573878e-8,7.670171271618321e-8
110.87,6.89103113209367e-8,7.654718126005862e-8
110.88,6.811830640415233e-8,7.638960080679645e-8
110.89,6.73252980747209e-8,7.622898157420935e-8
110.9,6.653131975192626e-8,7.606533389604769e-8
110.91,6.573640482472571e-8,7.589866822177748e-8
110.92,6.494058664913914e-8,7.57289951155237e-8
110.93,6.414389854796296e-8,7.555632525571888e-8
110.94,6.33463738092539e-8,7.538066943458576e-8
110.95,6.25480456849857e-8,7.520203855732013e-8
110.96,6.174894738962837e-8,7.502044364163369e-8
110.97,6.094911209962015e-8,7.48358958168256e-8
110.98,6.01485729510826e-8,7.464840632381945e-8
110.99,5.9347363039531076e-8,7.4457986513708e-8
111.0,5.8545515417919844e-8,7.426464784775285e-8
111.01,5.7743063095960356e-8,7.406840189650645e-8
111.02,5.6940039038796466e-8,7.386926033915827e-8
111.03,5.613647616535656e-8,7.366723496284183e-8
111.04,5.533240734722944e-8,7.346233766218761e-8
111.05,5.4527865408273583e-8,7.325458043859607e-8
111.06,5.372288312249574e-8,7.304397539942424e-8
111.07,5.291749321304709e-8,7.283053475758038e-8
111.08,5.2111728351146015e-8,7.261427083064627e-8
111.09,5.130562115510995e-8,7.239519604033893e-8
111.1,5.049920418879643e-8,7.217332291182485e-8
111.11,4.969250996034479e-8,7.194866407303268e-8
111.12,4.888557092100702e-8,7.172123225380767e-8
111.13,4.807841946525814e-8,7.149104028587553e-8
111.14,4.727108792701346e-8,7.125810110111532e-8
111.15,4.6463608581212984e-8,7.102242773186638e-8
111.16,4.5656013640598924e-8,7.078403330971681e-8
111.17,4.484833525591128e-8,7.054293106476771e-8
111.18,4.4040605513925495e-8,7.029913432538536e-8
111.19,4.3232856436520886e-8,7.005265651692197e-8
111.2,4.242511997999831e-8,6.980351116162285e-8
111.21,4.1617428033417507e-8,6.955171187736002e-8
111.22,4.080981241660918e-8,6.929727237705227e-8
111.23,4.00023048816434e-8,6.904020646858487e-8
111.24,3.919493710940742e-8,6.878052805310508e-8
111.25,3.838774070865806e-8,6.851825112506372e-8
111.26,3.758074721654661e-8,6.825338977119941e-8
111.27,3.677398809518418e-8,6.798595816965067e-8
111.28,3.5967494732497006e-8,6.771597058962407e-8
111.29,3.5161298440234696e-8,6.744344139037292e-8
111.3,3.435543045331966e-8,6.716838502079589e-8
111.31,3.354992192743447e-8,6.689081601786954e-8
111.32,3.2744803940458167e-8,6.661074900725859e-8
111.33,3.194010748899883e-8,6.632819870139073e-8
111.34,3.113586348830443e-8,6.604317989941258e-8
111.35,3.03321027713775e-8,6.575570748585934e-8
111.36,2.9528856087840337e-8,6.54657964306368e-8
111.37,2.8726154101736325e-8,6.517346178733591e-8
111.38,2.7924027392850216e-8,6.487871869370323e-8
111.39,2.7122506453636898e-8,6.458158236974037e-8
111.4,2.632162168825943e-8,6.428206811763154e-8
111.41,2.5521403413224084e-8,6.398019132067603e-8
111.42,2.472188185451814e-8,6.367596744273199e-8
111.43,2.3923087147794623e-8,6.336941202700663e-8
111.44,2.3125049336296392e-8,6.306054069611634e-8
111.45,2.232779837132485e-8,6.274936915054861e-8
111.46,2.1531364109082997e-8,6.243591316831596e-8
111.47,2.073577631241785e-8,6.212018860381723e-8
111.48,1.9941064647763407e-8,6.180221138746917e-8
111.49,1.9147258683962597e-8,6.148199752493805e-8
111.5,1.8354387893595153e-8,6.115956309569599e-8
111.51,1.7562481649415912e-8,6.0834924253065e-8
111.52,1.6771569224931863e-8,6.050809722301666e-8
111.53,1.5981679792930558e-8,6.017909830350658e-8
111.54,1.5192842424181287e-8,5.984794386345521e-8
111.55,1.4405086087632639e-8,5.9514650342374616e-8
111.56,1.3618439648163337e-8,5.917923424925242e-8
111.57,1.2832931866707131e-8,5.884171216202549e-8
111.58,1.2048591397518016e-8,5.8502100726050836e-8
111.59,1.1265446790617693e-8,5.8160416654680916e-8
111.6,1.0483526487204639e-8,5.781667672708504e-8
111.61,9.702858821126693e-9,5.7470897788254e-8
111.62,8.923472016602282e-9,5.712309674792363e-8
111.63,8.145394188405525e-9,5.677329057978264e-8
111.64,7.368653340471538e-9,5.6421496320889597e-8
111.65,6.5932773646848355e-9,5.606773107046454e-8
111.66,5.819294040708455e-9,5.571201198932839e-8
111.67,5.0467310344190936e-9,5.5354356299312275e-8
111.68,4.275615897726686e-9,5.4994781282038615e-8
111.69,3.5059760669370474e-9,5.463330427810934e-8
111.7,2.7378388625080604e-9,5.4269942686711716e-8
111.71,1.9712314880586624e-9,5.390471396451902e-8
111.72,1.2061810293836728e-9,5.3537635624837946e-8
111.73,4.4271445372091656e-10,5.316872523691366e-8
111.74,-3.191413911522993e-10,5.2798000424998775e-8
111.75,-1.0793597777163683e-9,5.24254788676752e-8
111.76,-1.8379140991111607e-9,5.205117829708979e-8
111.77,-2.5947778710505846e-9,5.167511649757466e-8
111.78,-3.349924731273591e-9,5.129731130572903e-8
111.79,-4.103328441218701e-9,5.091778060887985e-8
111.8,-4.8549628865414845e-9,5.053654234450315e-8
111.81,-5.604802078062686e-9,5.0153614499421236e-8
111.82,-6.3528201523444354e-9,4.9769015109018476e-8
111.83,-7.098991372396561e-9,4.9382762256232585e-8
111.84,-7.843290128449414e-9,4.8994874070974653e-8
111.85,-8.585690939495792e-9,4.8605368728980155e-8
111.86,-9.32616845266881e-9,4.821426445121662e-8
111.87,-1.0064697444615946e-8,4.7821579503401724e-8
111.88,-1.080125282314427e-8,4.742733219413273e-8
111.89,-1.153580962653891e-8,4.703154087495012e-8
111.9,-1.2268343024854557e-8,4.6634223939453805e-8
111.91,-1.29988283207624e-8,4.623539982202367e-8
111.92,-1.3727240949965972e-8,4.583508699734027e-8
111.93,-1.4453556482661615e-8,4.543330397940058e-8
111.94,-1.5177750622851015e-8,4.503006932070223e-8
111.95,-1.5899799210908053e-8,4.462540161155158e-8
111.96,-1.6619678220800998e-8,4.4219319479019736e-8
111.97,-1.73373637665543e-8,4.3811841586078786e-8
111.98,-1.8052832097413926e-8,4.3402986631115154e-8
111.99,-1.876605960091831e-8,4.2992773346563686e-8
112.0,-1.947702280320856e-8,4.2581220498871813e-8
112.01,-2.018569837010976e-8,4.2168346886472775e-8
112.02,-2.089206310693903e-8,4.1754171340246904e-8
112.03,-2.1596093959959363e-8,4.133871272169561e-8
112.04,-2.2297768016493996e-8,4.0921989922579763e-8
112.05,-2.2997062505315376e-8,4.0504021864105326e-8
112.06,-2.3693954798392374e-8,4.0084827495778766e-8
112.07,-2.4388422410034557e-8,3.9664425794894936e-8
112.08,-2.5080442998497376e-8,3.9242835765481535e-8
112.09,-2.5769994366174735e-8,3.882007643758194e-8
112.1,-2.645705446036785e-8,3.8396166866311545e-8
112.11,-2.714160137394174e-8,3.7971126131138644e-8
112.12,-2.7823613345254584e-8,3.754497333497077e-8
112.13,-2.8503068759421883e-8,3.7117727603436076e-8
112.14,-2.917994614880176e-8,3.6689408083811054e-8
112.15,-2.9854224193312125e-8,3.626003394424324e-8
112.16,-3.0525881721046514e-8,3.582962437329451e-8
112.17,-3.119489770847795e-8,3.5398198578591114e-8
112.18,-3.1861251281929974e-8,3.496577578625157e-8
112.19,-3.252492171715746e-8,3.4532375240051776e-8
112.2,-3.318588844012008e-8,3.409801620039348e-8
112.21,-3.384413102786284e-8,3.366271794381137e-8
112.22,-3.449962920849036e-8,3.322649976178206e-8
112.23,-3.515236286199233e-8,3.278938096019731e-8
112.24,-3.5802312020149245e-8,3.2351380857928833e-8
112.25,-3.644945686922603e-8,3.1912518787972345e-8
112.26,-3.709377774625364e-8,3.1472814092819955e-8
112.27,-3.773525514357282e-8,3.1032286127443116e-8
112.28,-3.8373869707235603e-8,3.059095425658207e-8
112.29,-3.9009602237846926e-8,3.014883785428893e-8
112.3,-3.9642433691455654e-8,2.9705956302930803e-8
112.31,-4.027234517870505e-8,2.9262328992709104e-8
112.32,-4.089931796721411e-8,2.8817975320462107e-8
112.33,-4.152333348039238e-8,2.8372914688917014e-8
112.34,-4.2144373298393786e-8,2.79271665065519e-8
112.35,-4.276241915877216e-8,2.7480750185279473e-8
112.36,-4.337745295611149e-8,2.7033685141196903e-8
112.37,-4.398945674364914e-8,2.658599079284078e-8
112.38,-4.4598412732670733e-8,2.613768656047672e-8
112.39,-4.520430329310694e-8,2.5688791865724154e-8
112.4,-4.5807110953915214e-8,2.5239326130396576e-8
112.41,-4.640681840382668e-8,2.4789308775345422e-8
112.42,-4.700340849133427e-8,2.4338759220420078e-8
112.43,-4.759686422457255e-8,2.3887696882913165e-8
112.44,-4.818716877302957e-8,2.343614117739477e-8
112.45,-4.877430546656957e-8,2.2984111514447848e-8
112.46,-4.935825779612542e-8,2.253162729999012e-8
112.47,-4.9939009414596635e-8,2.2078707934280558e-8
112.48,-5.05165441362709e-8,2.1625372811834218e-8
112.49,-5.109084593785062e-8,2.1171641319435008e-8
112.5,-5.166189895814278e-8,2.0717532836343812e-8
112.51,-5.2229687499794796e-8,2.0263066733311735e-8
112.52,-5.279419602570435e-8,1.9808262370486327e-8
112.53,-5.335540916560443e-8,1.935313909939469e-8
112.54,-5.391331171078012e-8,1.889771625926235e-8
112.55,-5.446788861660111e-8,1.844201317788129e-8
112.56,-5.501912500255228e-8,1.798604917006668e-8
112.57,-5.556700615264188e-8,1.75298435374318e-8
112.58,-5.611151751543296e-8,1.707341556703645e-8
112.59,-5.6652644704234366e-8,1.6616784531078504e-8
112.6,-5.719037349733343e-8,1.6159969685722395e-8
112.61,-5.772468983864613e-8,1.5702990270667196e-8
112.62,-5.825557983726002e-8,1.5245865507970972e-8
112.63,-5.878302976798344e-8,1.4788614601519948e-8
112.64,-5.930702607161235e-8,1.4331256736245657e-8
112.65,-5.982755535519585e-8,1.3873811077297126e-8
112.66,-6.034460439186655e-8,1.3416296769148649e-8
112.67,-6.085816012125936e-8,1.2958732935022483e-8
112.68,-6.136820964976506e-8,1.2501138676015872e-8
112.69,-6.18747402503759e-8,1.2043533070260917e-8
112.7,-6.237773936325712e-8,1.1585935172307273e-8
112.71,-6.287719459580859e-8,1.1128364012197454e-8
112.72,-6.337309372231942e-8,1.0670838594816377e-8
112.73,-6.386542468473566e-8,1.0213377899094872e-8
112.74,-6.435417559253922e-8,9.756000877223312e-9
112.75,-6.483933472277408e-8,9.298726453998099e-9
112.76,-6.5320890520524e-8,8.841573525523963e-9
112.77,-6.579883159836456e-8,8.38456095966066e-9
112.78,-6.627314673719338e-8,7.927707593886134e-9
112.79,-6.674382488587914e-8,7.471032235459845e-9
112.8,-6.721085516135747e-8,7.0145536603987425e-9
112.81,-6.767422684948167e-8,6.558290612405843e-9
112.82,-6.813392940341747e-8,6.1022618028350934e-9
112.83,-6.858995244523207e-8,5.646485909449322e-9
112.84,-6.90422857659043e-8,5.190981575576903e-9
112.85,-6.949091932418882e-8,4.7357674098872225e-9
112.86,-6.993584324785654e-8,4.280861985160295e-9
112.87,-7.037704783325195e-8,3.826283837727853e-9
112.88,-7.081452354523787e-8,3.372051466955729e-9
112.89,-7.124826101752713e-8,2.918183334039626e-9
112.9,-7.167825105246609e-8,2.46469786201391e-9
112.91,-7.21044846210659e-8,2.0116134340645526e-9
112.92,-7.252695286302012e-8,1.5589483936338945e-9
112.93,-7.294564708699898e-8,1.1067210432663865e-9
112.94,-7.33605587700991e-8,6.549496443681717e-10
112.95,-7.377167955836984e-8,2.036524156538328e-10
112.96,-7.417900126633994e-8,-2.471524667643282e-10
112.97,-7.458251587730449e-8,-6.974468703404734e-10
112.98,-7.498221554324886e-8,-1.1472127068677107e-9
112.99,-7.53780925844875e-8,-1.5964319333552313e-9
113.0,-7.577013949026763e-8,-2.0450865521320164e-9
113.01,-7.615834891797965e-8,-2.493158612263268e-9
113.02,-7.654271369356534e-8,-2.940630209590596e-9
113.03,-7.692322681150948e-8,-3.3874834879900942e-9
113.04,-7.729988143419397e-8,-3.833700639551333e-9
113.05,-7.767267089245311e-8,-4.279263905594843e-9
113.06,-7.804158868551176e-8,-4.72415557742525e-9
113.07,-7.840662848004042e-8,-5.168357996589079e-9
113.08,-7.876778411101989e-8,-5.6118535559026505e-9
113.09,-7.912504958108499e-8,-6.054624699826037e-9
113.1,-7.947841906108823e-8,-6.496653925669874e-9
113.11,-7.982788688864265e-8,-6.937923783658477e-9
113.12,-8.017344756921251e-8,-7.378416877759153e-9
113.13,-8.051509577587197e-8,-7.818115866627898e-9
113.14,-8.085282634857974e-8,-8.257003463919237e-9
113.15,-8.118663429436565e-8,-8.695062439079079e-9
113.16,-8.151651478742929e-8,-9.132275618076779e-9
113.17,-8.18424631682446e-8,-9.5686258837473e-9
113.18,-8.216447494416278e-8,-1.0004096176866264e-8
113.19,-8.248254578924021e-8,-1.0438669496230495e-8
113.2,-8.279667154307248e-8,-1.0872328899995113e-8
113.21,-8.310684821189044e-8,-1.1305057505725004e-8
113.22,-8.341307196750333e-8,-1.1736838491288274e-8
113.23,-8.371533914743328e-8,-1.2167655095276653e-8
113.24,-8.40136462549739e-8,-1.2597490617951359e-8
113.25,-8.430798995804312e-8,-1.3026328421513061e-8
113.26,-8.459836709013784e-8,-1.3454151930883784e-8
113.27,-8.488477465013577e-8,-1.388094463454377e-8
113.28,-8.516720979868216e-8,-1.4306690084465271e-8
113.29,-8.544566986490248e-8,-1.4731371897602095e-8
113.3,-8.572015233964015e-8,-1.5154973755822666e-8
113.31,-8.59906548773379e-8,-1.5577479406435483e-8
113.32,-8.625717529742792e-8,-1.5998872663681048e-8
113.33,-8.65197115818813e-8,-1.6419137408194703e-8
113.34,-8.677826187578264e-8,-1.6838257588452953e-8
113.35,-8.703282448743852e-8,-1.725621722071391e-8
113.36,-8.728339788753418e-8,-1.7673000389915357e-8
113.37,-8.752998070845487e-8,-1.8088591250466067e-8
113.38,-8.777257174589309e-8,-1.850297402631369e-8
113.39,-8.801116995617867e-8,-1.8916133011921537e-8
113.4,-8.824577445730088e-8,-1.9328052572339216e-8
113.41,-8.847638452858065e-8,-1.973871714464443e-8
113.42,-8.87029996099552e-8,-2.0148111237579423e-8
113.43,-8.892561930189418e-8,-2.055621943248261e-8
113.44,-8.914424336494448e-8,-2.0963026383942574e-8
113.45,-8.935887171929763e-8,-2.1368516820087356e-8
113.46,-8.956950444576667e-8,-2.1772675543501107e-8
113.47,-8.977614178256496e-8,-2.2175487431156497e-8
113.48,-8.997878412786117e-8,-2.2576937435664657e-8
113.49,-9.017743203814055e-8,-2.297701058527004e-8
113.5,-9.037208622774419e-8,-2.337569198448345e-8
113.51,-9.056274756900407e-8,-2.377296681486162e-8
113.52,-9.074941709142476e-8,-2.4168820335186923e-8
113.53,-9.093209598185448e-8,-2.4563237882139663e-8
113.54,-9.111078558313398e-8,-2.4956204870927076e-8
113.55,-9.128548739498007e-8,-2.5347706795380447e-8
113.56,-9.145620307282903e-8,-2.573772922907955e-8
113.57,-9.162293442737819e-8,-2.6126257825226925e-8
113.58,-9.178568342442412e-8,-2.651327831750108e-8
113.59,-9.19444521846545e-8,-2.689877652044485e-8
113.6,-9.209924298265792e-8,-2.728273832996908e-8
113.61,-9.225005824714952e-8,-2.766514972379322e-8
113.62,-9.239690055997545e-8,-2.8045996761962097e-8
113.63,-9.253977265624973e-8,-2.8425265587456683e-8
113.64,-9.267867742343618e-8,-2.880294242608918e-8
113.65,-9.281361790111551e-8,-2.9179013587924477e-8
113.66,-9.294459728061369e-8,-2.9553465466797974e-8
113.67,-9.307161890452097e-8,-2.9926284541356866e-8
113.68,-9.319468626614635e-8,-3.0297457375321014e-8
113.69,-9.331380300888566e-8,-3.066697061795684e-8
113.7,-9.342897292645462e-8,-3.103481100428489e-8
113.71,-9.354019996138325e-8,-3.1400965355986404e-8
113.72,-9.364748820554916e-8,-3.176542058161544e-8
113.73,-9.37508418993727e-8,-3.21281636768235e-8
113.74,-9.385026543027425e-8,-3.248918172483402e-8
113.75,-9.394576333455442e-8,-3.2848461897596336e-8
113.76,-9.403734029433132e-8,-3.3205991454826736e-8
113.77,-9.412500113863082e-8,-3.356175774571328e-8
113.78,-9.420875084239268e-8,-3.391574820855404e-8
113.79,-9.428859452611817e-8,-3.426795037154149e-8
113.8,-9.43645374550683e-8,-3.4618351852928775e-8
113.81,-9.443658503901826e-8,-3.496694036168713e-8
113.82,-9.450474283168387e-8,-3.531370369753322e-8
113.83,-9.456901653015077e-8,-3.5658629751612574e-8
113.84,-9.462941197430403e-8,-3.600170650691446e-8
113.85,-9.468593514637064e-8,-3.6342922038259126e-8
113.86,-9.473859217037217e-8,-3.668226451327096e-8
113.87,-9.47873893113569e-8,-3.7019722191895295e-8
113.88,-9.483233297538638e-8,-3.7355283427953e-8
113.89,-9.48734297084777e-8,-3.768893666834181e-8
113.9,-9.491068619624893e-8,-3.802067045403975e-8
113.91,-9.494410926311357e-8,-3.835047342035239e-8
113.92,-9.497370587169374e-8,-3.8678334296971457e-8
113.93,-9.499948312464023e-8,-3.900424190900555e-8
113.94,-9.502144825822824e-8,-3.932818517624996e-8
113.95,-9.503960864795996e-8,-3.96501531146593e-8
113.96,-9.505397180515285e-8,-3.9970134836025936e-8
113.97,-9.506454537591254e-8,-4.028811954813e-8
113.98,-9.50713371417874e-8,-4.0604096555839486e-8
113.99,-9.507435501890064e-8,-4.091805526056901e-8
114.0,-9.507360705664232e-8,-4.1229985161103355e-8
114.01,-9.506910143774852e-8,-4.153987585381486e-8
114.02,-9.506084647747368e-8,-4.184771703290955e-8
114.03,-9.504885062284007e-8,-4.215349849063806e-8
114.04,-9.503312245250081e-8,-4.2457210117780714e-8
114.05,-9.501367067554881e-8,-4.2758841903918024e-8
114.06,-9.499050413111083e-8,-4.3058383937458996e-8
114.07,-9.496363178772956e-8,-4.335582640621447e-8
114.08,-9.49330627429463e-8,-4.3651159597593066e-8
114.09,-9.4898806222201e-8,-4.394437389871474e-8
114.1,-9.486087157848803e-8,-4.4235459796948785e-8
114.11,-9.481926829184261e-8,-4.4524407879903156e-8
114.12,-9.47740059685331e-8,-4.4811208835938004e-8
114.13,-9.472509433971218e-8,-4.50958534540797e-8
114.14,-9.467254326241512e-8,-4.537833262482482e-8
114.15,-9.461636271738959e-8,-4.5658637339610275e-8
114.16,-9.45565628090621e-8,-4.593675869185564e-8
114.17,-9.44931537648587e-8,-4.621268787659727e-8
114.18,-9.442614593429757e-8,-4.648641619100504e-8
114.19,-9.435554978842463e-8,-4.67579350345027e-8
114.2,-9.428137591962303e-8,-4.702723590908199e-8
114.21,-9.420363503986428e-8,-4.7294310419203606e-8
114.22,-9.412233798114909e-8,-4.755915027341051e-8
114.23,-9.403749569401981e-8,-4.782174728155403e-8
114.24,-9.394911924736312e-8,-4.8082093358019796e-8
114.25,-9.385721982735184e-8,-4.834018052060556e-8
114.26,-9.376180873714238e-8,-4.859600089071762e-8
114.27,-9.366289739601288e-8,-4.884954669370828e-8
114.28,-9.356049733779841e-8,-4.910081025900816e-8
114.29,-9.34546202120287e-8,-4.93497840204808e-8
114.3,-9.334527778157087e-8,-4.959646051629382e-8
114.31,-9.323248192300177e-8,-4.9840832389399934e-8
114.32,-9.311624462481156e-8,-5.008289238733311e-8
114.33,-9.299657798751409e-8,-5.0322633362849326e-8
114.34,-9.287349422314467e-8,-5.0560048273671163e-8
114.35,-9.27470056530834e-8,-5.0795130182783054e-8
114.36,-9.261712470904357e-8,-5.1027872258582434e-8
114.37,-9.248386393205441e-8,-5.125826777526915e-8
114.38,-9.234723597017177e-8,-5.148631011239477e-8
114.39,-9.22072535797498e-8,-5.171199275562366e-8
114.4,-9.206392962299262e-8,-5.19353092959447e-8
114.41,-9.1917277068981e-8,-5.215625343148097e-8
114.42,-9.176730899141985e-8,-5.237481896585209e-8
114.43,-9.161403856859372e-8,-5.259099980906438e-8
114.44,-9.145747908225773e-8,-5.280478997768648e-8
114.45,-9.1297643917576e-8,-5.301618359474252e-8
114.46,-9.113454656145364e-8,-5.3225174889874455e-8
114.47,-9.096820060219843e-8,-5.343175819950598e-8
114.48,-9.079861972917089e-8,-5.363592796639141e-8
114.49,-9.062581773145067e-8,-5.3837678742161274e-8
114.5,-9.04498084971082e-8,-5.403700518236398e-8
114.51,-9.027060601253949e-8,-5.4233902051788114e-8
114.52,-9.008822436198393e-8,-5.442836422165734e-8
114.53,-8.990267772642411e-8,-5.462038667057063e-8
114.54,-8.971398038274744e-8,-5.480996448433645e-8
114.55,-8.952214670327498e-8,-5.499709285610019e-8
114.56,-8.93271911547957e-8,-5.51817670864081e-8
114.57,-8.912912829753793e-8,-5.536398258321578e-8
114.58,-8.892797278548853e-8,-5.554373486205904e-8
114.59,-8.872373936329117e-8,-5.572101954583819e-8
114.6,-8.851644286851454e-8,-5.589583236519023e-8
114.61,-8.830609822829198e-8,-5.606816915819046e-8
114.62,-8.809272045967788e-8,-5.6238025870668986e-8
114.63,-8.78763246695407e-8,-5.6405398556018105e-8
114.64,-8.765692605154992e-8,-5.6570283375360934e-8
114.65,-8.743453988780231e-8,-5.6732676597494346e-8
114.66,-8.720918154662787e-8,-5.689257459888256e-8
114.67,-8.698086648186164e-8,-5.7049973863620466e-8
114.68,-8.674961023300219e-8,-5.720487098362835e-8
114.69,-8.651542842311962e-8,-5.735726265847508e-8
114.7,-8.627833675890355e-8,-5.7507145695337066e-8
114.71,-8.603835102951353e-8,-5.76545170091561e-8
114.72,-8.579548710616212e-8,-5.7799373622602644e-8
114.73,-8.554976094043724e-8,-5.7941712665756856e-8
114.74,-8.530118856480044e-8,-5.808153137645749e-8
114.75,-8.504978609021658e-8,-5.8218827100133066e-8
114.76,-8.479556970680026e-8,-5.8353597289700595e-8
114.77,-8.453855568186942e-8,-5.848583950563445e-8
114.78,-8.427876036010604e-8,-5.861555141569113e-8
114.79,-8.401620016178554e-8,-5.874273079541324e-8
114.8,-8.375089158266349e-8,-5.886737552732019e-8
114.81,-8.348285119284277e-8,-5.8989483601458314e-8
114.82,-8.321209563592738e-8,-5.910905311496998e-8
114.83,-8.293864162828221e-8,-5.9226082272310045e-8
114.84,-8.266250595850262e-8,-5.934056938502158e-8
114.85,-8.238370548566939e-8,-5.9452512871552036e-8
114.86,-8.210225713955356e-8,-5.956191125734395e-8
114.87,-8.181817791978314e-8,-5.966876317501582e-8
114.88,-8.153148489369291e-8,-5.97730673634269e-8
114.89,-8.124219519673088e-8,-5.987482266851637e-8
114.9,-8.095032603169245e-8,-5.99740280426678e-8
114.91,-8.065589466661999e-8,-6.007068254478071e-8
114.92,-8.035891843625965e-8,-6.016478534026511e-8
114.93,-8.005941473825354e-8,-6.025633570065474e-8
114.94,-7.975740103467683e-8,-6.034533300372182e-8
114.95,-7.945289485039464e-8,-6.043177673323546e-8
114.96,-7.914591377179898e-8,-6.051566647894836e-8
114.97,-7.883647544670863e-8,-6.059700193641026e-8
114.98,-7.852459758321489e-8,-6.067578290684067e-8
114.99,-7.821029794847461e-8,-6.075200929697127e-8
115.0,-7.789359436859736e-8,-6.082568111892459e-8
115.01,-7.757450472730248e-8,-6.089679849013195e-8
115.02,-7.725304696509349e-8,-6.096536163323416e-8
115.03,-7.692923907864755e-8,-6.103137087548706e-8
115.04,-7.660309911968809e-8,-6.109482664928991e-8
115.05,-7.627464519452606e-8,-6.115572949156022e-8
115.06,-7.594389546312565e-8,-6.121408004374453e-8
115.07,-7.561086813719066e-8,-6.126987905141313e-8
115.08,-7.527558148170268e-8,-6.132312736459403e-8
115.09,-7.493805381142544e-8,-6.137382593701942e-8
115.1,-7.45983034919771e-8,-6.142197582635014e-8
115.11,-7.425634893776752e-8,-6.146757819370456e-8
115.12,-7.391220861215649e-8,-6.151063430389537e-8
115.13,-7.356590102563444e-8,-6.155114552463085e-8
115.14,-7.321744473585966e-8,-6.158911332677799e-8
115.15,-7.286685834568018e-8,-6.162453928387255e-8
115.16,-7.251416050482754e-8,-6.165742507288327e-8
115.17,-7.215936990482584e-8,-6.168777247198109e-8
115.18,-7.18025052821276e-8,-6.17155833621518e-8
115.19,-7.144358541548101e-8,-6.174085972648613e-8
115.2,-7.108262912460059e-8,-6.176360364955602e-8
115.21,-7.071965527123273e-8,-6.178381731767984e-8
115.22,-7.035468275628587e-8,-6.180150301828699e-8
115.23,-6.998773052000931e-8,-6.181666314019817e-8
115.24,-6.961881754147503e-8,-6.182930017274866e-8
115.25,-6.92479628354801e-8,-6.18394167062476e-8
115.26,-6.887518545579626e-8,-6.184701543088872e-8
115.27,-6.850050449062696e-8,-6.18520991373604e-8
115.28,-6.812393906304278e-8,-6.185467071608831e-8
115.29,-6.774550833087376e-8,-6.185473315724642e-8
115.3,-6.7365231484502e-8,-6.185228955002882e-8
115.31,-6.698312774730365e-8,-6.184734308315395e-8
115.32,-6.659921637356048e-8,-6.183989704384461e-8
115.33,-6.621351664916167e-8,-6.182995481807564e-8
115.34,-6.582604788875219e-8,-6.181751988993525e-8
115.35,-6.54368294370215e-8,-6.180259584167623e-8
115.36,-6.504588066610282e-8,-6.178518635313462e-8
115.37,-6.46532209762382e-8,-6.176529520174507e-8
115.38,-6.425886979346754e-8,-6.174292626202651e-8
115.39,-6.386284656996454e-8,-6.171808350531461e-8
115.4,-6.346517078238393e-8,-6.169077099951478e-8
115.41,-6.30658619318062e-8,-6.166099290891176e-8
115.42,-6.26649395417569e-8,-6.162875349366357e-8
115.43,-6.22624231598818e-8,-6.159405710949466e-8
115.44,-6.18583323526865e-8,-6.155690820776664e-8
115.45,-6.145268670934355e-8,-6.15173113345924e-8
115.46,-6.104550583806523e-8,-6.1475271130975e-8
115.47,-6.063680936626554e-8,-6.143079233230774e-8
115.48,-6.022661693958614e-8,-6.138387976794221e-8
115.49,-5.981494822079857e-8,-6.133453836117645e-8
115.5,-5.940182288942909e-8,-6.128277312846244e-8
115.51,-5.898726064035416e-8,-6.12285891795525e-8
115.52,-5.857128118373231e-8,-6.117199171694657e-8
115.53,-5.8153904243910425e-8,-6.111298603550153e-8
115.54,-5.7735149557510884e-8,-6.105157752199823e-8
115.55,-5.7315036874390205e-8,-6.098777165522655e-8
115.56,-5.6893585955765405e-8,-6.092157400514202e-8
115.57,-5.6470816573767715e-8,-6.085299023284359e-8
115.58,-5.604674850991841e-8,-6.078202608990479e-8
115.59,-5.562140155542002e-8,-6.070868741834872e-8
115.6,-5.519479550957108e-8,-6.063298015014066e-8
115.61,-5.4766950179117565e-8,-6.055491030666846e-8
115.62,-5.433788537762223e-8,-6.047448399868355e-8
115.63,-5.39076209242716e-8,-6.039170742570702e-8
115.64,-5.347617664345308e-8,-6.030658687563096e-8
115.65,-5.3043572363952466e-8,-6.021912872457281e-8
115.66,-5.2609827917426163e-8,-6.012933943611207e-8
115.67,-5.2174963139067385e-8,-6.003722556130688e-8
115.68,-5.173899786518159e-8,-5.994279373825004e-8
115.69,-5.130195193327244e-8,-5.98460506911465e-8
115.7,-5.086384518112138e-8,-5.974700323077464e-8
115.71,-5.0424697446622615e-8,-5.964565825348339e-8
115.72,-4.998452856365798e-8,-5.9542022740311036e-8
115.73,-4.954335836775609e-8,-5.943610375844486e-8
115.74,-4.910120668897011e-8,-5.932790845877069e-8
115.75,-4.8658093354256506e-8,-5.9217444076437076e-8
115.76,-4.8214038186035034e-8,-5.910471793026616e-8
115.77,-4.776906100140492e-8,-5.89897374225077e-8
115.78,-4.732318161131368e-8,-5.887251003816053e-8
115.79,-4.68764198196664e-8,-5.8753043344555083e-8
115.8,-4.642879542314491e-8,-5.863134499131253e-8
115.81,-4.598032820923821e-8,-5.850742270929621e-8
115.82,-4.5531037956921e-8,-5.838128431087053e-8
115.83,-4.5080944434755106e-8,-5.8252937688969296e-8
115.84,-4.4630067400644786e-8,-5.812239081675341e-8
115.85,-4.4178426600828604e-8,-5.79896517473806e-8
115.86,-4.372604176925008e-8,-5.785472861331848e-8
115.87,-4.3272932626770855e-8,-5.7717629626008784e-8
115.88,-4.28191188803116e-8,-5.7578363075494724e-8
115.89,-4.236462022224133e-8,-5.743693732986112e-8
115.9,-4.19094563297422e-8,-5.729336083483983e-8
115.91,-4.145364686333096e-8,-5.7147642113165086e-8
115.92,-4.0997211466910154e-8,-5.6999789764558365e-8
115.93,-4.0540169766850706e-8,-5.684981246485718e-8
115.94,-4.008254137081137e-8,-5.6697718965647436e-8
115.95,-3.9624345867536245e-8,-5.654351809395651e-8
115.96,-3.9165602825596397e-8,-5.6387218751580875e-8
115.97,-3.870633179347667e-8,-5.622882991488022e-8
115.98,-3.824655229715305e-8,-5.606836063386266e-8
115.99,-3.77862838416792e-8,-5.590582003233375e-8
116.0,-3.732554590865756e-8,-5.5741217306785946e-8
116.01,-3.6864357955678584e-8,-5.55745617262954e-8
116.02,-3.6402739416667965e-8,-5.5405862632058323e-8
116.03,-3.594070970033187e-8,-5.5235129436754245e-8
116.04,-3.5478288189354746e-8,-5.506237162406257e-8
116.05,-3.501549423989548e-8,-5.4887598748326814e-8
116.06,-3.45523471809903e-8,-5.47108204338248e-8
116.07,-3.408886631357265e-8,-5.453204637451366e-8
116.08,-3.362507091009195e-8,-5.4351286333541444e-8
116.09,-3.316098021304722e-8,-5.4168550142348746e-8
116.1,-3.2696613436097445e-8,-5.398384770089261e-8
116.11,-3.223198976024535e-8,-5.3797188976287444e-8
116.12,-3.1767128336543875e-8,-5.360858400304434e-8
116.13,-3.1302048282598573e-8,-5.341804288212494e-8
116.14,-3.0836768684208365e-8,-5.3225575780754e-8
116.15,-3.037130859263732e-8,-5.3031192931432245e-8
116.16,-2.99056870252571e-8,-5.283490463202138e-8
116.17,-2.9439922964198825e-8,-5.26367212447188e-8
116.18,-2.8974035355854396e-8,-5.2436653195635666e-8
116.19,-2.8508043110958024e-8,-5.223471097530816e-8
116.2,-2.804196510175562e-8,-5.203090513585939e-8
116.21,-2.757582016404802e-8,-5.1825246292886796e-8
116.22,-2.7109627094202196e-8,-5.1617745123722815e-8
116.23,-2.664340465025516e-8,-5.140841236701808e-8
116.24,-2.617717155018405e-8,-5.119725882251576e-8
116.25,-2.5710946470947947e-8,-5.098429535001964e-8
116.26,-2.524474804915259e-8,-5.076953286966038e-8
116.27,-2.4778594879428344e-8,-5.055298236047998e-8
116.28,-2.431250551394584e-8,-5.0334654860577304e-8
116.29,-2.384649846125308e-8,-5.011456146610174e-8
116.3,-2.3380592186872526e-8,-4.989271333123847e-8
116.31,-2.29148051116275e-8,-4.9669121666820416e-8
116.32,-2.244915561116924e-8,-4.9443797740960216e-8
116.33,-2.1983662015889066e-8,-4.921675287741888e-8
116.34,-2.151834260851012e-8,-4.898799845576763e-8
116.35,-2.105321562671099e-8,-4.875754591036805e-8
116.36,-2.0588299259375813e-8,-4.8525406730195476e-8
116.37,-2.0123611647663458e-8,-4.829159245856403e-8
116.38,-1.96591708832472e-8,-4.805611469127993e-8
116.39,-1.9194995008714496e-8,-4.781898507757087e-8
116.4,-1.8731102016458472e-8,-4.7580215318840287e-8
116.41,-1.8267509848501452e-8,-4.733981716832724e-8
116.42,-1.780423639459389e-8,-4.7097802430108526e-8
116.43,-1.7341299493740163e-8,-4.685418295927667e-8
116.44,-1.687871693129268e-8,-4.6608970660626785e-8
116.45,-1.6416506440188255e-8,-4.636217748869107e-8
116.46,-1.5954685699628004e-8,-4.611381544727529e-8
116.47,-1.5493272333690005e-8,-4.5863896587667786e-8
116.48,-1.503228391204806e-8,-4.561243300969801e-8
116.49,-1.4571737948746586e-8,-4.5359436860193466e-8
116.5,-1.4111651901815176e-8,-4.5104920332860086e-8
116.51,-1.3652043172308376e-8,-4.4848895667322066e-8
116.52,-1.3192929104265287e-8,-4.459137514891179e-8
116.53,-1.273432698353504e-8,-4.4332371107886195e-8
116.54,-1.2276254037885296e-8,-4.407189591905525e-8
116.55,-1.181872743578229e-8,-4.380996200083645e-8
116.56,-1.1361764286352748e-8,-4.354658181539857e-8
116.57,-1.0905381638305573e-8,-4.32817678670396e-8
116.58,-1.0449596479766548e-8,-4.3015532702675434e-8
116.59,-9.994425737925154e-9,-4.274788891059001e-8
116.6,-9.53988627764907e-9,-4.247884912008776e-8
116.61,-9.085994901745817e-9,-4.220842600098246e-8
116.62,-8.632768350273782e-9,-4.193663226293403e-8
116.63,-8.180223299370164e-9,-4.166348065469627e-8
116.64,-7.728376361710262e-9,-4.13889839639567e-8
116.65,-7.277244085265814e-9,-4.111315501638534e-8
116.66,-6.826842953043684e-9,-4.0836006675308146e-8
116.67,-6.377189382355526e-9,-4.055755184088921e-8
116.68,-5.9282997245431666e-9,-4.027780344973849e-8
116.69,-5.480190264348802e-9,-3.999677447422139e-8
116.7,-5.032877219441828e-9,-3.9714477922139555e-8
116.71,-4.586376739994024e-9,-3.9430926835440375e-8
116.72,-4.140704907810191e-9,-3.914613429077833e-8
116.73,-3.6958777360247074e-9,-3.8860113397685084e-8
116.74,-3.2519111690058636e-9,-3.857287729903241e-8
116.75,-2.808821081510198e-9,-3.828443916975543e-8
116.76,-2.366623277553559e-9,-3.799481221654413e-8
116.77,-1.925333491387842e-9,-3.7704009677193416e-8
116.78,-1.4849673858042292e-9,-3.7412044820222904e-8
116.79,-1.0455405520497135e-9,-3.711893094391325e-8
116.8,-6.070685091760579e-10,-3.682468137593632e-8
116.81,-1.6956670420705677e-10,-3.652930947292883e-8
116.82,2.669494892581886e-10,-3.623282861942935e-8
116.83,7.024647712202807e-10,-3.593525222797793e-8
116.84,1.136963913519048e-9,-3.56365937379194e-8
116.85,1.5704317657646228e-9,-3.5336866614875356e-8
116.86,2.002853249949772e-9,-3.5036084350681835e-8
116.87,2.4342133639550926e-9,-3.473426046216297e-8
116.88,2.8644971813577426e-9,-3.443140849079216e-8
116.89,3.2936898515651233e-9,-3.412754200243304e-8
116.9,3.7217766010292212e-9,-3.38226745860917e-8
116.91,4.148742732693826e-9,-3.351681985387476e-8
116.92,4.574573627233905e-9,-3.320999144014301e-8
116.93,4.999254743259837e-9,-3.290220300099362e-8
116.94,5.422771617033457e-9,-3.2593468213680495e-8
116.95,5.845109864102512e-9,-3.228380077586444e-8
116.96,6.266255178753317e-9,-3.197321440535256e-8
116.97,6.686193334851577e-9,-3.1661722839240476e-8
116.98,7.104910186319015e-9,-3.134933983334444e-8
116.99,7.522391666843895e-9,-3.103607916182466e-8
117.0,7.93862379132451e-9,-3.072195461618362e-8
117.01,8.353592655339059e-9,-3.040698000517003e-8
117.02,8.767284436349312e-9,-3.009116915383442e-8
117.03,9.179685393358922e-9,-2.9774535902943115e-8
117.04,9.590781867353724e-9,-2.9457094108799672e-8
117.05,1.0000560282436304e-8,-2.9138857642215978e-8
117.06,1.0409007145161426e-8,-2.8819840387891325e-8
117.07,1.0816109045620095e-8,-2.8500056244243305e-8
117.08,1.1221852657745256e-8,-2.8179519122429302e-8
117.09,1.1626224739156581e-8,-2.7858242945975823e-8
117.1,1.2029212132248767e-8,-2.7536241650122996e-8
117.11,1.2430801763831098e-8,-2.721352918111779e-8
117.12,1.2830980645388583e-8,-2.6890119496581055e-8
117.13,1.322973587566315e-8,-2.6566026561391576e-8
117.14,1.3627054636585172e-8,-2.624126435356235e-8
117.15,1.4022924197906396e-8,-2.5915846857535116e-8
117.16,1.4417331915161474e-8,-2.558978806647457e-8
117.17,1.4810265230734387e-8,-2.5263101981053695e-8
117.18,1.5201711674318876e-8,-2.4935802609189364e-8
117.19,1.559165886249807e-8,-2.4607903965021242e-8
117.2,1.59800944999267e-8,-2.4279420068685746e-8
117.21,1.6367006379212953e-8,-2.395036494544743e-8
117.22,1.675238238075719e-8,-2.3620752625794348e-8
117.23,1.713621047439682e-8,-2.3290597143440954e-8
117.24,1.7518478718335994e-8,-2.295991253632183e-8
117.25,1.7899175259739642e-8,-2.262871284508473e-8
117.26,1.8278288335827324e-8,-2.229701211278942e-8
117.27,1.8655806272941494e-8,-2.196482438430818e-8
117.28,1.9031717488026735e-8,-2.16321637057548e-8
117.29,1.940601048786659e-8,-2.1299044123760604e-8
117.3,1.9778673870132574e-8,-2.096547968511887e-8
117.31,2.0149696322821376e-8,-2.063148443609885e-8
117.32,2.0519066625628396e-8,-2.029707242196884e-8
117.33,2.088677364927651e-8,-1.996225768622658e-8
117.34,2.1252806355851064e-8,-1.9627054270282355e-8
117.35,2.161715379985253e-8,-1.929147621239036e-8
117.36,2.197980512721803e-8,-1.8955537548089244e-8
117.37,2.2340749576793148e-8,-1.8619252308327342e-8
117.38,2.2699976479492544e-8,-1.8282634519802614e-8
117.39,2.3057475259894512e-8,-1.794569820439769e-8
117.4,2.3413235432972688e-8,-1.7608457377509146e-8
117.41,2.3767246610786812e-8,-1.7270926049479287e-8
117.42,2.4119498496269228e-8,-1.6933118223126995e-8
117.43,2.4469980886759372e-8,-1.6595047894123224e-8
117.44,2.4818683673113912e-8,-1.6256729050237115e-8
117.45,2.516559684054623e-8,-1.591817567083818e-8
117.46,2.5510710468746464e-8,-1.5579401726120336e-8
117.47,2.5854014731525287e-8,-1.524042117678023e-8
117.48,2.619549989735076e-8,-1.490124797336244e-8
117.49,2.6535156329500177e-8,-1.4561896055898182e-8
117.5,2.687297448664448e-8,-1.4222379352945687e-8
117.51,2.7208944922432896e-8,-1.3882711781256986e-8
117.52,2.75430582859218e-8,-1.3542907245412387e-8
117.53,2.7875305321681985e-8,-1.3202979636822371e-8
117.54,2.8205676870059734e-8,-1.2862942833740607e-8
117.55,2.8534163867134444e-8,-1.2522810700227882e-8
117.56,2.8860757345267366e-8,-1.2182597085762489e-8
117.57,2.9185448433034325e-8,-1.1842315824821616e-8
117.58,2.950822835488303e-8,-1.150198073626695e-8
117.59,2.9829088432500585e-8,-1.1161605622586151e-8
117.6,3.014802008344587e-8,-1.0821204269746826e-8
117.61,3.046501482256636e-8,-1.0480790446286689e-8
117.62,3.078006426138246e-8,-1.0140377903135918e-8
117.63,3.109316010850166e-8,-9.799980372616006e-9
117.64,3.140429416983979e-8,-9.459611568201392e-9
117.65,3.1713458348136214e-8,-9.119285184280576e-9
117.66,3.202064464402998e-8,-8.779014894885412e-9
117.67,3.232584515547808e-8,-8.43881435373827e-9
117.68,3.2629052077606896e-8,-8.098697193399553e-9
117.69,3.293025770445839e-8,-7.75867702569228e-9
117.7,3.3229454426338534e-8,-7.418767438896856e-9
117.71,3.352663473224486e-8,-7.078981999938819e-9
117.72,3.3821791209529514e-8,-6.739334252083369e-9
117.73,3.411491654299241e-8,-6.399837715116027e-9
117.74,3.44060035157043e-8,-6.060505884616727e-9
117.75,3.469504500922567e-8,-5.72135223153804e-9
117.76,3.498203400322232e-8,-5.3823902016107375e-9
117.77,3.5266963575679364e-8,-5.043633214736692e-9
117.78,3.554982690367007e-8,-4.705094665071172e-9
117.79,3.583061726179345e-8,-4.366787919361104e-9
117.8,3.610932802380174e-8,-4.0287263176139456e-9
117.81,3.6385952662098295e-8,-3.6909231718327855e-9
117.82,3.666048474744501e-8,-3.353391766057108e-9
117.83,3.693291794966435e-8,-3.0161453552146305e-9
117.84,3.7203246037018183e-8,-2.6791971652117724e-9
117.85,3.747146287673972e-8,-2.3425603921528353e-9
117.86,3.7737562435070635e-8,-2.006248201855394e-9
117.87,3.800153877642533e-8,-1.6702737294606914e-9
117.88,3.826338606492533e-8,-1.3346500787817791e-9
117.89,3.852309856325289e-8,-9.99390321997445e-10
117.9,3.8780670632870205e-8,-6.645074989386338e-10
117.91,3.903609673430521e-8,-3.3001461679541213e-10
117.92,3.9289371426861e-8,4.075350357258965e-12
117.93,3.9540489369134294e-8,3.377494623321827e-10
117.94,3.978944531832587e-8,6.709948127933452e-10
117.95,4.003623413071016e-8,1.0037985304367032e-9
117.96,4.0280850761289265e-8,1.3361477787508804e-9
117.97,4.05232902644601e-8,1.6680297569728763e-9
117.98,4.076354779300359e-8,1.9994317003602364e-9
117.99,4.100161859897512e-8,2.330340880765603e-9
118.0,4.1237498033022804e-8,2.6607446069223605e-9
118.01,4.1471181544617736e-8,2.990630225198934e-9
118.02,4.1702664682199236e-8,3.3199851197111796e-9
118.03,4.1931943092975756e-8,3.6487967132761664e-9
118.04,4.215901252259582e-8,3.977052467231201e-9
118.05,4.238386881584873e-8,4.304739882404827e-9
118.06,4.2606507915565626e-8,4.631846499501861e-9
118.07,4.2826925863802144e-8,4.9583598989983035e-9
118.08,4.304511880059963e-8,5.284267702753454e-9
118.09,4.326108296477178e-8,5.6095575731831005e-9
118.1,4.3474814693478775e-8,5.934217214570866e-9
118.11,4.3686310422050046e-8,6.2582343729770135e-9
118.12,4.3895566684334944e-8,6.581596837175726e-9
118.13,4.4102580112240415e-8,6.904292438674803e-9
118.14,4.43073474358059e-8,7.226309052411497e-9
118.15,4.4509865483162515e-8,7.547634596858697e-9
118.16,4.471013117999375e-8,7.868257035260573e-9
118.17,4.4908141550487e-8,8.188164374761434e-9
118.18,4.510389371619042e-8,8.507344668051287e-9
118.19,4.5297384896345745e-8,8.82578601304167e-9
118.2,4.548861240776265e-8,9.143476553818658e-9
118.21,4.567757366483647e-8,9.460404480417586e-9
118.22,4.5864266179190196e-8,9.776558030158787e-9
118.23,4.60486875597429e-8,1.0091925486995488e-8
118.24,4.62308355122593e-8,1.0406495182586604e-8
118.25,4.6410707840251e-8,1.0720255496856007e-8
118.26,4.658830244321871e-8,1.1033194857624455e-8
118.27,4.676361731798165e-8,1.1345301742054018e-8
118.28,4.693665055735848e-8,1.1656564675824513e-8
118.29,4.7107400351682833e-8,1.1966972234901844e-8
118.3,4.7275864986788515e-8,1.2276513044870429e-8
118.31,4.744204284489417e-8,1.2585175781718314e-8
118.32,4.760593240442568e-8,1.289294917220472e-8
118.33,4.7767532239648846e-8,1.3199821994473418e-8
118.34,4.7926841020781856e-8,1.3505783077742213e-8
118.35,4.8083857513143134e-8,1.3810821303641667e-8
118.36,4.8238580577914464e-8,1.4114925605895997e-8
118.37,4.839100917147756e-8,1.4418084970982906e-8
118.38,4.85411423451928e-8,1.4720288438345362e-8
118.39,4.868897924568475e-8,1.5021525100971176e-8
118.4,4.8834519114030926e-8,1.5321784105641338e-8
118.41,4.897776128581023e-8,1.5621054653158328e-8
118.42,4.911870519139011e-8,1.5919325999241978e-8
118.43,4.9257350355204466e-8,1.6216587454062778e-8
118.44,4.939369639574685e-8,1.6512828383343638e-8
118.45,4.952774302516919e-8,1.680803820834091e-8
118.46,4.9659490049423174e-8,1.7102206406269185e-8
118.47,4.978893736815579e-8,1.739532251079639e-8
118.48,4.991608497368549e-8,1.7687376111964483e-8
118.49,5.004093295213728e-8,1.7978356857178875e-8
118.5,5.016348148180002e-8,1.826825445100471e-8
118.51,5.028373083401235e-8,1.8557058655706112e-8
118.52,5.0401681372229394e-8,1.8844759291617486e-8
118.53,5.0517333552597597e-8,1.913134623751835e-8
118.54,5.063068792257015e-8,1.9416809430726504e-8
118.55,5.074174512203082e-8,1.9701138867721413e-8
118.56,5.085050588187796e-8,1.9984324604245554e-8
118.57,5.0956971024508566e-8,2.026635675584907e-8
118.58,5.1061141463637074e-8,2.054722549790697e-8
118.59,5.116301820325239e-8,2.082692106608891e-8
118.6,5.1262602338200105e-8,2.1105433756914774e-8
118.61,5.1359895054087435e-8,2.1382753927770067e-8
118.62,5.145489762576809e-8,2.1658871996958362e-8
118.63,5.154761141882017e-8,2.1933778444836844e-8
118.64,5.1638037887688223e-8,2.2207463813289114e-8
118.65,5.1726178576700086e-8,2.247991870644065e-8
118.66,5.181203511887284e-8,2.2751133790722782e-8
118.67,5.189560923636201e-8,2.3021099795525175e-8
118.68,5.197690273952255e-8,2.3289807513056714e-8
118.69,5.2055917527437467e-8,2.355724779907959e-8
118.7,5.213265558681407e-8,2.382341157271113e-8
118.71,5.2207118992313296e-8,2.4088289817038667e-8
118.72,5.227930990575736e-8,2.435187357938911e-8
118.73,5.234923057657127e-8,2.461415397131944e-8
118.74,5.241688334115475e-8,2.48751221693814e-8
118.75,5.248227062169502e-8,2.5134769414683097e-8
118.76,5.254539492770727e-8,2.5393087014037648e-8
118.77,5.2606258854109204e-8,2.5650066339399398e-8
118.78,5.266486508186136e-8,2.5905698828693334e-8
118.79,5.2721216377144036e-8,2.6159975985680057e-8
118.8,5.2775315590873044e-8,2.6412889380486463e-8
118.81,5.282716566086961e-8,2.6664430649917364e-8
118.82,5.287676960638227e-8,2.6914591497178517e-8
118.83,5.292413053312437e-8,2.7163363692849697e-8
118.84,5.296925162977601e-8,2.7410739074498175e-8
118.85,5.301213616885529e-8,2.7656709547193446e-8
118.86,5.305278750620911e-8,2.7901267084079232e-8
118.87,5.3091209080806075e-8,2.8144403725766453e-8
118.88,5.3127404413787446e-8,2.838611158142441e-8
118.89,5.316137710886242e-8,2.8626382828381246e-8
118.9,5.319313085209388e-8,2.8865209712819483e-8
118.91,5.322266941041761e-8,2.9102584549544083e-8
118.92,5.324999663252662e-8,2.9338499722512193e-8
118.93,5.327511644837595e-8,2.9572947685164805e-8
118.94,5.3298032868069886e-8,2.9805920960144e-8
118.95,5.331874998232054e-8,3.003741213996552e-8
118.96,5.333727196155824e-8,3.02674138868487e-8
118.97,5.335360305623626e-8,3.049591893350274e-8
118.98,5.336774759556386e-8,3.072292008246315e-8
118.99,5.337970998792932e-8,3.0948410207094525e-8
119.0,5.338949472073324e-8,3.1172382251353194e-8
119.01,5.339710635853194e-8,3.1394829230028816e-8
119.02,5.3402549544737e-8,3.161574422900319e-8
119.03,5.3405828999772185e-8,3.1835120405391205e-8
119.04,5.340694952128136e-8,3.205295098770036e-8
119.05,5.3405915983690045e-8,3.2269229276174245e-8
119.06,5.340273333777983e-8,3.2483948642537785e-8
119.07,5.339740661039738e-8,3.2697102530756725e-8
119.08,5.338994090411644e-8,3.29086844566859e-8
119.09,5.338034139694555e-8,3.311868800889853e-8
119.1,5.3368613340619184e-8,3.3327106846925816e-8
119.11,5.3354762063261854e-8,3.3533934705002846e-8
119.12,5.333879296610715e-8,3.373916538878607e-8
119.13,5.332071152400575e-8,3.394279277696798e-8
119.14,5.330052328572662e-8,3.414481082146874e-8
119.15,5.327823387265587e-8,3.434521354731327e-8
119.16,5.325384897869501e-8,3.454399505261066e-8
119.17,5.322737437041311e-8,3.474114950938159e-8
119.18,5.319881588554459e-8,3.4936671162887025e-8
119.19,5.3168179434251714e-8,3.513055433202276e-8
119.2,5.3135470996534563e-8,3.532279340986e-8
119.21,5.310069662382662e-8,3.5513382863324644e-8
119.22,5.306386243736124e-8,3.570231723314588e-8
119.23,5.302497462831121e-8,3.5889591134559076e-8
119.24,5.2984039457378325e-8,3.607519925711864e-8
119.25,5.294106325443858e-8,3.625913636470413e-8
119.26,5.289605241732313e-8,3.644139729565269e-8
119.27,5.2849013412739534e-8,3.662197696337748e-8
119.28,5.2799952774298083e-8,3.680087035497392e-8
119.29,5.2748877104032694e-8,3.697807253381531e-8
119.3,5.2695793070129253e-8,3.715357863718076e-8
119.31,5.2640707407589194e-8,3.732738387782445e-8
119.32,5.258362691745607e-8,3.7499483543449816e-8
119.33,5.252455846646111e-8,3.7669872997039026e-8
119.34,5.246350898661607e-8,3.7838547676874514e-8
119.35,5.2400485474388834e-8,3.800550309644746e-8
119.36,5.233549499153501e-8,3.8170734844417124e-8
119.37,5.226854466237173e-8,3.8334238587010774e-8
119.38,5.219964167633544e-8,3.8496010062661465e-8
119.39,5.212879328469813e-8,3.865604508780899e-8
119.4,5.2056006802100955e-8,3.8814339554014676e-8
119.41,5.198128960503418e-8,3.8970889428502394e-8
119.42,5.1904649131976545e-8,3.912569075445527e-8
119.43,5.182609288281298e-8,3.92787396510456e-8
119.44,5.174562841822125e-8,3.943003231312666e-8
119.45,5.166326335925903e-8,3.9579565011784245e-8
119.46,5.157900538706239e-8,3.9727334093869815e-8
119.47,5.149286224229205e-8,3.9873335982613005e-8
119.48,5.140484172524658e-8,4.0017567177176534e-8
119.49,5.131495169427473e-8,4.016002425291197e-8
119.5,5.122320006577344e-8,4.03007038613138e-8
119.51,5.112959481507899e-8,4.0439602730166265e-8
119.52,5.103414397347254e-8,4.0576717663339743e-8
119.53,5.093685562995928e-8,4.0712045541155254e-8
119.54,5.083773792985099e-8,4.084558332008614e-8
119.55,5.073679907404353e-8,4.097732803288526e-8
119.56,5.0634047319346906e-8,4.1107276788689544e-8
119.57,5.0529490977509717e-8,4.1235426772955755e-8
119.58,5.0423138414787586e-8,4.136177524738301e-8
119.59,5.031499805151043e-8,4.1486319549976915e-8
119.6,5.02050783617894e-8,4.160905709511614e-8
119.61,5.009338787288003e-8,4.172998537363692e-8
119.62,4.9979935164872036e-8,4.1849101952468024e-8
119.63,4.9864728870032045e-8,4.1966404474972133e-8
119.64,4.9747777672404514e-8,4.208189066080446e-8
119.65,4.9629090307195255e-8,4.219555830581285e-8
119.66,4.950867556087188e-8,4.2307405282270464e-8
119.67,4.938654227006754e-8,4.241742953853172e-8
119.68,4.926269932116599e-8,4.252562909932251e-8
119.69,4.913715565052117e-8,4.2632002065433264e-8
119.7,4.900992024274526e-8,4.2736546613803426e-8
119.71,4.888100213152164e-8,4.283926099763987e-8
119.72,4.8750410398194875e-8,4.2940143546147265e-8
119.73,4.861815417199102e-8,4.3039192664653017e-8
119.74,4.848424262871402e-8,4.313640683428432e-8
119.75,4.8348684991387264e-8,4.323178461248345e-8
119.76,4.8211490528836436e-8,4.3325324632268217e-8
119.77,4.807266855510791e-8,4.341702560274788e-8
119.78,4.7932228430170634e-8,4.350688630866974e-8
119.79,4.779017955798878e-8,4.3594905610685814e-8
119.8,4.7646531387132804e-8,4.368108244507701e-8
119.81,4.75012934098495e-8,4.376541582379381e-8
119.82,4.735447516132747e-8,4.384790483422166e-8
119.83,4.720608621982297e-8,4.392854863943069e-8
119.84,4.7056136205337944e-8,4.400734647766887e-8
119.85,4.690463478041995e-8,4.408429766279543e-8
119.86,4.675159164811132e-8,4.415940158372191e-8
119.87,4.6597016552672324e-8,4.423265770461128e-8
119.88,4.6440919278660654e-8,4.4304065564795873e-8
119.89,4.6283309650225306e-8,4.4373624778506735e-8
119.9,4.6124197531278854e-8,4.44413350351054e-8
119.91,4.5963592823728294e-8,4.450719609841262e-8
119.92,4.580150546883515e-8,4.457120780737029e-8
119.93,4.563794544503036e-8,4.463337007531387e-8
119.94,4.547292276845431e-8,4.469368289023316e-8
119.95,4.5306447491702536e-8,4.4752146314424476e-8
119.96,4.513852970433056e-8,4.4808760484589816e-8
119.97,4.4969179531277347e-8,4.486352561161587e-8
119.98,4.479840713314552e-8,4.491644198060311e-8
119.99,4.462622270548873e-8,4.4967509950412414e-8
120.0,4.445263647792708e-8,4.501672995392091e-8
120.01,4.4277658714412236e-8,4.506410249767977e-8
120.02,4.410129971197067e-8,4.510962816195499e-8
120.03,4.392356980053123e-8,4.515330759987361e-8
120.04,4.374447934369548e-8,4.5195141539913164e-8
120.05,4.356403873483758e-8,4.523513078088649e-8
120.06,4.338225840008913e-8,4.527327619663137e-8
120.07,4.31991487966282e-8,4.530957873348546e-8
120.08,4.301472041134492e-8,4.5344039410450204e-8
120.09,4.282898376191978e-8,4.537665931941697e-8
120.1,4.264194939488232e-8,4.5407439624535837e-8
120.11,4.245362788607319e-8,4.5436381562559655e-8
120.12,4.22640298388741e-8,4.5463486442219025e-8
120.13,4.2073165887551925e-8,4.548875564476869e-8
120.14,4.18810466896354e-8,4.551219062268398e-8
120.15,4.1687682932512925e-8,4.5533792900702916e-8
120.16,4.1493085329062305e-8,4.555356407471733e-8
120.17,4.1297264618666896e-8,4.5571505812700575e-8
120.18,4.1100231565529046e-8,4.558761985314486e-8
120.19,4.090199695967941e-8,4.5601908006112564e-8
120.2,4.070257161468808e-8,4.5614372152218074e-8
120.21,4.0501966368812125e-8,4.562501424299965e-8
120.22,4.030019208410612e-8,4.563383630063743e-8
120.23,4.00972596444646e-8,4.5640840417407077e-8
120.24,3.989317995717601e-8,4.564602875581612e-8
120.25,3.9687963951924626e-8,4.56494035486378e-8
120.26,3.9481622578722206e-8,4.565096709812063e-8
120.27,3.927416680950891e-8,4.5650721776259344e-8
120.28,3.906560763643242e-8,4.564867002440782e-8
120.29,3.8855956071849814e-8,4.564481435326428e-8
120.3,3.864522314752283e-8,4.563915734254944e-8
120.31,3.843341991453929e-8,4.563170164032759e-8
120.32,3.822055744209577e-8,4.562244996404728e-8
120.33,3.800664681774542e-8,4.5611405099032376e-8
120.34,3.779169914671973e-8,4.5598569898999664e-8
120.35,3.7575725550958536e-8,4.5583947285518765e-8
120.36,3.7358737169354784e-8,4.5567540248024965e-8
120.37,3.7140745156720606e-8,4.554935184348726e-8
120.38,3.692176068366465e-8,4.5529385196253865e-8
120.39,3.670179493528907e-8,4.550764349757384e-8
120.4,3.6480859112315734e-8,4.548413000588358e-8
120.41,3.625896442916043e-8,4.5458848046190045e-8
120.42,3.6036122113414216e-8,4.5431801009703145e-8
120.43,3.5812343406112815e-8,4.540299235410155e-8
120.44,3.55876395613152e-8,4.537242560285981e-8
120.45,3.536202184512099e-8,4.534010434533375e-8
120.46,3.5135501534931205e-8,4.530603223620885e-8
120.47,3.490808991974186e-8,4.527021299565094e-8
120.48,3.467979829920894e-8,4.5232650408520887e-8
120.49,3.4450637982957054e-8,4.519334832468308e-8
120.5,3.422062029065728e-8,4.515231065839498e-8
120.51,3.398975655140944e-8,4.510954138835506e-8
120.52,3.375805810253871e-8,4.5065044556950925e-8
120.53,3.3525536290074714e-8,4.5018824270691386e-8
120.54,3.3292202467532636e-8,4.497088469925216e-8
120.55,3.305806799634166e-8,4.492123007585911e-8
120.56,3.2823144244434844e-8,4.4869864696650864e-8
120.57,3.258744258568038e-8,4.481679292021064e-8
120.58,3.235097440060098e-8,4.4762019167898914e-8
120.59,3.211375107531262e-8,4.470554792317094e-8
120.6,3.187578399868397e-8,4.464738373123358e-8
120.61,3.163708456730443e-8,4.4587531199207586e-8
120.62,3.1397664179642857e-8,4.452599499543425e-8
120.63,3.115753423835992e-8,4.446277984938671e-8
120.64,3.091670614885094e-8,4.439789055136053e-8
120.65,3.067519131937301e-8,4.433133195215069e-8
120.66,3.0433001159706887e-8,4.426310896280623e-8
120.67,3.019014708205279e-8,4.4193226554423976e-8
120.68,2.9946640499192794e-8,4.412168975769731e-8
120.69,2.9702492825115164e-8,4.404850366287297e-8
120.7,2.945771547331197e-8,4.397367341907444e-8
120.71,2.9212319857522007e-8,4.389720423442865e-8
120.72,2.8966317390567085e-8,4.3819101375454864e-8
120.73,2.871971948426559e-8,4.373937016709854e-8
120.74,2.8472537548616068e-8,4.365801599197949e-8
120.75,2.8224782991444428e-8,4.3575044290477534e-8
120.76,2.7976467218306372e-8,4.349046056032217e-8
120.77,2.7727601631228385e-8,4.3404270356230244e-8
120.78,2.7478197629632054e-8,4.331647928977381e-8
120.79,2.7228266607738708e-8,4.322709302851432e-8
120.8,2.6977819956530975e-8,4.313611729665538e-8
120.81,2.672686906121237e-8,4.30435578737815e-8
120.82,2.6475425302170322e-8,4.294942059525155e-8
120.83,2.622350005405989e-8,4.285371135135508e-8
120.84,2.5971104685007408e-8,4.275643608737395e-8
120.85,2.5718250556778115e-8,4.265760080306997e-8
120.86,2.546494902359119e-8,4.2557211552373425e-8
120.87,2.521121143231356e-8,4.245527444312621e-8
120.88,2.4957049122250388e-8,4.23517956369005e-8
120.89,2.470247342343349e-8,4.2246781348221036e-8
120.9,2.4447495657408673e-8,4.2140237844700415e-8
120.91,2.4192127136176736e-8,4.203217144649451e-8
120.92,2.3936379162284043e-8,4.192258852602626e-8
120.93,2.368026302770616e-8,4.181149550774655e-8
120.94,2.3423790013682253e-8,4.1698898867357757e-8
120.95,2.3166971390686782e-8,4.158480513221188e-8
120.96,2.2909818417378575e-8,4.14692208803066e-8
120.97,2.2652342340094908e-8,4.135215274043876e-8
120.98,2.2394554394064188e-8,4.1233607391483455e-8
120.99,2.2136465799874788e-8,4.111359156230429e-8
121.0,2.187808776604226e-8,4.0992112031192964e-8
121.01,2.1619431486959478e-8,4.0869175625797444e-8
121.02,2.1360508142734856e-8,4.074478922256113e-8
121.03,2.110132889934915e-8,4.061895974650344e-8
121.04,2.0841904907470927e-8,4.0491694170701595e-8
121.05,2.0582247302264244e-8,4.036299951624436e-8
121.06,2.0322367203321034e-8,4.023288285136113e-8
121.07,2.0062275713942296e-8,4.010135129198744e-8
121.08,1.9801983920478796e-8,3.996841200012395e-8
121.09,1.9541502892422876e-8,3.983407218454815e-8
121.1,1.9280843681787846e-8,3.969833910016278e-8
121.11,1.902001732250091e-8,3.95612200473776e-8
121.12,1.875903483063238e-8,3.942272237215519e-8
121.13,1.8497907201920305e-8,3.928285346472311e-8
121.14,1.8236645415391855e-8,3.914162076114013e-8
121.15,1.7975260428931046e-8,3.899903174058057e-8
121.16,1.7713763180528598e-8,3.885509392691942e-8
121.17,1.745216458823136e-8,3.8709814886892333e-8
121.18,1.7190475549304843e-8,3.856320223093041e-8
121.19,1.6928706939246438e-8,3.841526361164589e-8
121.2,1.6666869612831356e-8,3.826600672467926e-8
121.21,1.6404974402812525e-8,3.81154393074054e-8
121.22,1.614303211781531e-8,3.796356913874774e-8
121.23,1.588105354659509e-8,3.7810404039212373e-8
121.24,1.561904945256739e-8,3.7655951869811394e-8
121.25,1.535703057695952e-8,3.7500220533045916e-8
121.26,1.5095007635861677e-8,3.734321797020084e-8
121.27,1.4832991321900633e-8,3.718495216332724e-8
121.28,1.4570992302757555e-8,3.7025431133562297e-8
121.29,1.4309021221269675e-8,3.686466294121572e-8
121.3,1.4047088694237418e-8,3.6702655685074187e-8
121.31,1.3785205313362218e-8,3.653941750235542e-8
121.32,1.3523381643361023e-8,3.637495656795807e-8
121.33,1.3261628223071072e-8,3.6209281094310565e-8
121.34,1.2999955564620479e-8,3.6042399331845794e-8
121.35,1.2738374151484646e-8,3.587431956600195e-8
121.36,1.2476894440550583e-8,3.570505011992809e-8
121.37,1.2215526860482449e-8,3.5534599352267955e-8
121.38,1.1954281811225502e-8,3.536297565717843e-8
121.39,1.1693169664266968e-8,3.5190187464253236e-8
121.4,1.1432200761586573e-8,3.50162432375589e-8
121.41,1.1171385416193362e-8,3.4841151475887984e-8
121.42,1.0910733910618882e-8,3.466492071183164e-8
121.43,1.0650256497836905e-8,3.4487559511692106e-8
121.44,1.0389963399244125e-8,3.4309076474704366e-8
121.45,1.0129864806570592e-8,3.4129480233362284e-8
121.46,9.869970879320206e-9,3.394877945247584e-8
121.47,9.6102917460587e-9,3.3766982828756333e-8
121.48,9.350837502728043e-9,3.3584099090593165e-8
121.49,9.091618213455433e-9,3.340013699766401e-8
121.5,8.832643909638526e-9,3.321510534057338e-8
121.51,8.573924589483605e-9,3.3029012940156485e-8
121.52,8.315470218116134e-9,3.284186864751097e-8
121.53,8.05729072703157e-9,3.265368134330325e-8
121.54,7.799396013349601e-9,3.2464459937412755e-8
121.55,7.541795940491495e-9,3.2274213368694146e-8
121.56,7.284500336776198e-9,3.208295060425336e-8
121.57,7.0275189956362375e-9,3.189068063951553e-8
121.58,6.770861675337798e-9,3.169741249731196e-8
121.59,6.514538098537804e-9,3.150315522766647e-8
121.6,6.2585579518672565e-9,3.130791790780457e-8
121.61,6.002930885660289e-9,3.111170964103125e-8
121.62,5.7476665138452846e-9,3.0914539556717736e-8
121.63,5.492774413499714e-9,3.071641681027553e-8
121.64,5.238264124306583e-9,3.051735058174072e-8
121.65,4.98414514879563e-9,3.031735007626055e-8
121.66,4.7304269511464695e-9,3.0116424523395217e-8
121.67,4.477118958138662e-9,2.991458317669976e-8
121.68,4.2242305575830775e-9,2.9711835313353015e-8
121.69,3.971771098819837e-9,2.9508190233489866e-8
121.7,3.7197498923179555e-9,2.9303657260372577e-8
121.71,3.468176208710458e-9,2.909824573941903e-8
121.72,3.2170592803027404e-9,2.889196503793293e-8
121.73,2.9664082978388184e-9,2.868482454515667e-8
121.74,2.716232413148555e-9,2.8476833671068206e-8
121.75,2.4665407370239167e-9,2.8268001846515078e-8
121.76,2.2173423396891623e-9,2.805833852270267e-8
121.77,1.9686462507214283e-9,2.784785317085679e-8
121.78,1.7204614577847774e-9,2.763655528153293e-8
121.79,1.4727969071590695e-9,2.7424454364408437e-8
121.8,1.2256615036640329e-9,2.7211559947987546e-8
121.81,9.79064109477348e-10,2.6997881578861538e-8
121.82,7.330135448842618e-10,2.6783428821703714e-8
121.83,4.875185871115795e-10,2.6568211258450843e-8
121.84,2.4258797067723354e-10,2.6352238488212744e-8
121.85,-1.7696129487699619e-12,2.613552012666255e-8
121.86,-2.45545516127083e-10,2.591806580580591e-8
121.87,-4.887311344616756e-10,2.569988517329655e-8
121.88,-7.31317907689719e-10,2.5480987892367862e-8
121.89,-9.73297319930583e-10,2.5261383641111035e-8
121.9,-1.214660899375161e-9,2.5041082112301374e-8
121.91,-1.4554002195329539e-9,2.4820093012720466e-8
121.92,-1.6955068979083265e-9,2.4598426063143993e-8
121.93,-1.934972598048388e-9,2.4376090997682407e-8
121.94,-2.1737890285520946e-9,2.4153097563087577e-8
121.95,-2.411947943636413e-9,2.3929455518933585e-8
121.96,-2.649441143741538e-9,2.3705174636780052e-8
121.97,-2.886260474963353e-9,2.348026470001533e-8
121.98,-3.1223978301897866e-9,2.325473550323227e-8
121.99,-3.357845148626786e-9,2.3028596851844138e-8
122.0,-3.5925944159461207e-9,2.2801858562585776e-8
122.01,-3.8266376670751995e-9,2.257453045950328e-8
122.02,-4.059966980496327e-9,2.2346622380302673e-8
122.03,-4.292574485202597e-9,2.211814416914087e-8
122.04,-4.524452356205637e-9,2.1889105680069282e-8
122.05,-4.755592817616768e-9,2.1659516775011815e-8
122.06,-4.9859881408423756e-9,2.1429387324458714e-8
122.07,-5.215630645834117e-9,2.1198727206217304e-8
122.08,-5.444512701328709e-9,2.09675463053426e-8
122.09,-5.672626724160376e-9,2.0735854513691056e-8
122.1,-5.899965181842676e-9,2.0503661729577295e-8
122.11,-6.126520588543972e-9,2.0270977857247294e-8
122.12,-6.352285509478229e-9,2.003781280641386e-8
122.13,-6.577252558795733e-9,1.9804176492338923e-8
122.14,-6.801414400716992e-9,1.9570078834582302e-8
122.15,-7.0247637490266045e-9,1.9335529757388632e-8
122.16,-7.247293367943052e-9,1.910053918871051e-8
122.17,-7.468996071804547e-9,1.886511706033345e-8
122.18,-7.689864725204001e-9,1.862927330718613e-8
122.19,-7.909892244284537e-9,1.839301786613235e-8
122.2,-8.129071594604647e-9,1.8156360677748783e-8
122.21,-8.347395794112635e-9,1.7919311683577998e-8
122.22,-8.56485791075987e-9,1.7681880827059385e-8
122.23,-8.781451064915172e-9,1.7444078052539385e-8
122.24,-8.99716842767818e-9,1.7205913305309913e-8
122.25,-9.212003222220044e-9,1.696739653092275e-8
122.26,-9.425948723516602e-9,1.6728537674748764e-8
122.27,-9.638998258674138e-9,1.648934668221165e-8
122.28,-9.851145205726993e-9,1.6249833496607535e-8
122.29,-1.0062382997321509e-8,1.6010008061543354e-8
122.3,-1.0272705116785937e-8,1.5769880318031146e-8
122.31,-1.0482105100664641e-8,1.5529460205203456e-8
122.32,-1.0690576538175999e-8,1.5288757659843372e-8
122.33,-1.0898113071506188e-8,1.5047782615703796e-8
122.34,-1.1104708395811323e-8,1.480654500344767e-8
122.35,-1.1310356259704766e-8,1.4565054749986654e-8
122.36,-1.1515050464616526e-8,1.4323321778294434e-8
122.37,-1.1718784865747126e-8,1.4081356006912672e-8
122.38,-1.1921553371985403e-8,1.3839167349620993e-8
122.39,-1.2123349945883701e-8,1.3596765714750133e-8
122.4,-1.2324168603792551e-8,1.3354161005277268e-8
122.41,-1.252400341609721e-8,1.3111363117981635e-8
122.42,-1.2722848507183283e-8,1.286838194360426e-8
122.43,-1.2920698055543403e-8,1.2625227365791865e-8
122.44,-1.3117546294488585e-8,1.2381909261140417e-8
122.45,-1.331338751125044e-8,1.213843749875367e-8
122.46,-1.3508216047873786e-8,1.1894821939872168e-8
122.47,-1.3702026301046121e-8,1.1651072437258434e-8
122.48,-1.3894812722338318e-8,1.1407198835017223e-8
122.49,-1.408656981805043e-8,1.1163210968350056e-8
122.5,-1.4277292149414972e-8,1.0919118662886065e-8
122.51,-1.446697433294125e-8,1.0674931734344206e-8
122.52,-1.465561104023991e-8,1.0430659988324481e-8
122.53,-1.484319699816839e-8,1.0186313219933691e-8
122.54,-1.50297269890771e-8,9.941901213083205e-9
122.55,-1.521519585065509e-8,9.697433740485584e-9
122.56,-1.5399598475907685e-8,9.452920562816658e-9
122.57,-1.558292981421313e-8,9.20837142974624e-9
122.58,-1.5765184869804014e-8,8.963796076843336e-9
122.59,-1.594635870321684e-8,8.719204227967899e-9
122.6,-1.6126446430938783e-8,8.474605593380877e-9
122.61,-1.630544322467022e-8,8.230009869887e-9
122.62,-1.6483344313122438e-8,7.985426740165322e-9
122.63,-1.6660144980513846e-8,7.7408658728643e-9
122.64,-1.683584056735131e-8,7.496336921537735e-9
122.65,-1.7010426470363247e-8,7.251849525139397e-9
122.66,-1.718389814232331e-8,7.007413306763269e-9
122.67,-1.7356251092881293e-8,6.763037874041395e-9
122.68,-1.7527480887660912e-8,6.51873281828515e-9
122.69,-1.7697583148905543e-8,6.27450771434128e-9
122.7,-1.7866553555277806e-8,6.030372120318889e-9
122.71,-1.8034387842049692e-8,5.786335576867563e-9
122.72,-1.8201081801134536e-8,5.5424076072444314e-9
122.73,-1.8366631281078232e-8,5.298597716578664e-9
122.74,-1.85310321872253e-8,5.054915391896952e-9
122.75,-1.8694280481175315e-8,4.811370101557052e-9
122.76,-1.885637218204172e-8,4.567971294686003e-9
122.77,-1.9017303365224978e-8,4.324728401383885e-9
122.78,-1.917707016307667e-8,4.081650831827574e-9
122.79,-1.933566876496964e-8,3.838747976213937e-9
122.8,-1.9493095417111212e-8,3.5960292042786713e-9
122.81,-1.96493464224242e-8,3.353503865083289e-9
122.82,-1.9804418141136396e-8,3.1111812866633773e-9
122.83,-1.9958306990159735e-8,2.8690707753897168e-9
122.84,-2.0111009443631025e-8,2.6271816160225767e-9
122.85,-2.0262522032412765e-8,2.385523071448314e-9
122.86,-2.041284134450871e-8,2.144104381599373e-9
122.87,-2.0561964025255863e-8,1.9029347638358332e-9
122.88,-2.0709886776590314e-8,1.662023412513476e-9
122.89,-2.085660635778132e-8,1.4213794983636347e-9
122.9,-2.1002119585025907e-8,1.181012168429765e-9
122.91,-2.1146423331435885e-8,9.409305455566874e-10
122.92,-2.1289514527554815e-8,7.011437281326618e-10
122.93,-2.1431390160735437e-8,4.616607897684383e-10
122.94,-2.1572047275339707e-8,2.2249077888623262e-10
122.95,-2.171148297307074e-8,-1.6357281087305017e-11
122.96,-2.18496944118901e-8,-2.548743932775174e-10
122.97,-2.1986678807936957e-8,-4.930515863288672e-10
122.98,-2.212243343355534e-8,-7.308799155036061e-10
122.99,-2.225695561795205e-8,-9.683504624997428e-10
123.0,-2.2390242748021948e-8,-1.2054543365971832e-9
123.01,-2.2522292267007905e-8,-1.4421826740212715e-9
123.02,-2.265310167519798e-8,-1.6785266388175812e-9
123.03,-2.2782668530117548e-8,-1.914477422913319e-9
123.04,-2.2910990445503317e-8,-2.1500262468954273e-9
123.05,-2.303806509260884e-8,-2.385164359477114e-9
123.06,-2.316389019909369e-8,-2.6198830385906966e-9
123.07,-2.3288463549521818e-8,-2.854173591287536e-9
123.08,-2.3411782985173987e-8,-3.088027354317508e-9
123.09,-2.3533846404090727e-8,-3.3214356940752956e-9
123.1,-2.3654651760709984e-8,-3.554390007345902e-9
123.11,-2.377419706625477e-8,-3.7868817209777435e-9
123.12,-2.3892480388753286e-8,-4.018902293002111e-9
123.13,-2.400949985228869e-8,-4.250443212190558e-9
123.14,-2.4125253637680685e-8,-4.481495998641577e-9
123.15,-2.423973998221328e-8,-4.712052204388043e-9
123.16,-2.4352957179193128e-8,-4.942103412947898e-9
123.17,-2.4464903578648844e-8,-5.1716412404546365e-9
123.18,-2.457557758661019e-8,-5.4006573352640915e-9
123.19,-2.4684977665111395e-8,-5.6291433787907215e-9
123.2,-2.4793102332645143e-8,-5.857091085189878e-9
123.21,-2.4899950163816114e-8,-6.084492202288583e-9
123.22,-2.5005519788474153e-8,-6.311338511140079e-9
123.23,-2.5109809893333876e-8,-6.537621827257244e-9
123.24,-2.5212819220318204e-8,-6.763334000012101e-9
123.25,-2.5314546567368605e-8,-6.988466913252091e-9
123.26,-2.5414990787955585e-8,-7.213012485634212e-9
123.27,-2.55141507912751e-8,-7.436962670949563e-9
123.28,-2.5612025542255474e-8,-7.660309458093816e-9
123.29,-2.5708614060148804e-8,-7.88304487149588e-9
123.3,-2.5803915421399523e-8,-8.105160971692067e-9
123.31,-2.5897928756164396e-8,-8.32664985491136e-9
123.32,-2.599065325056953e-8,-8.54750365408838e-9
123.33,-2.6082088145483315e-8,-8.767714538702205e-9
123.34,-2.6172232736948733e-8,-8.987274714898434e-9
123.35,-2.626108637571527e-8,-9.206176426205945e-9
123.36,-2.6348648467515273e-8,-9.424411953418703e-9
123.37,-2.643491847273876e-8,-9.641973614940092e-9
123.38,-2.6519895906291992e-8,-9.858853767279966e-9
123.39,-2.660358033761472e-8,-1.0075044804889933e-8
123.4,-2.6685971390421006e-8,-1.0290539160490687e-8
123.41,-2.6767068742928637e-8,-1.050532930603041e-8
123.42,-2.684687212732417e-8,-1.0719407751618834e-8
123.43,-2.6925381330118667e-8,-1.093276704694267e-8
123.44,-2.700259619130106e-8,-1.1145399780903614e-8
123.45,-2.707851660491559e-8,-1.1357298582049403e-8
123.46,-2.7153142519095626e-8,-1.1568456118888682e-8
123.47,-2.7226473934814214e-8,-1.1778865099762176e-8
123.48,-2.7298510907159235e-8,-1.1988518273528721e-8
123.49,-2.736925354405233e-8,-1.2197408429478543e-8
123.5,-2.7438702007031647e-8,-1.2405528397702589e-8
123.51,-2.7506856510594233e-8,-1.2612871049418806e-8
123.52,-2.7573717322071495e-8,-1.2819429296915008e-8
123.53,-2.763928476169733e-8,-1.3025196093958172e-8
123.54,-2.770355920246369e-8,-1.323016443598584e-8
123.55,-2.776654106981003e-8,-1.3434327360417563e-8
123.56,-2.7828230841503275e-8,-1.3637677946553964e-8
123.57,-2.7888629048001347e-8,-1.3840209316364255e-8
123.58,-2.7947736271480553e-8,-1.4041914634055898e-8
123.59,-2.8005553146095504e-8,-1.424278710662e-8
123.6,-2.8062080358456865e-8,-1.4442819984187868e-8
123.61,-2.8117318645931098e-8,-1.4642006559787003e-8
123.62,-2.8171268798325225e-8,-1.484034017004529e-8
123.63,-2.8223931656147706e-8,-1.503781419506137e-8
123.64,-2.8275308111679023e-8,-1.5234422058596844e-8
123.65,-2.8325399108140106e-8,-1.5430157228635226e-8
123.66,-2.837420563954643e-8,-1.5625013217052276e-8
123.67,-2.8421728750734632e-8,-1.581898358018219e-8
123.68,-2.8467969538034485e-8,-1.6012061918925148e-8
123.69,-2.8512929145734046e-8,-1.620424187922377e-8
123.7,-2.8556608771605854e-8,-1.6395517151235332e-8
123.71,-2.8599009661838755e-8,-1.6585881470843783e-8
123.72,-2.8640133112657106e-8,-1.6775328619030268e-8
123.73,-2.8679980470353785e-8,-1.696385242218399e-8
123.74,-2.8718553130961094e-8,-1.7151446752553197e-8
123.75,-2.8755852539639746e-8,-1.7338105527998762e-8
123.76,-2.8791880190969784e-8,-1.7523822712560496e-8
123.77,-2.882663762899093e-8,-1.770859231640154e-8
123.78,-2.8860126446191865e-8,-1.7892408396012927e-8
123.79,-2.889234828398111e-8,-1.8075265054432067e-8
123.8,-2.8923304832816318e-8,-1.825715644150683e-8
123.81,-2.8952997830765743e-8,-1.8438076753733116e-8
123.82,-2.8981429064684615e-8,-1.8618020234832657e-8
123.83,-2.900860036934989e-8,-1.879698117558442e-8
123.84,-2.903451362722654e-8,-1.8974953914143968e-8
123.85,-2.9059170768667663e-8,-1.9151932836161517e-8
123.86,-2.9082573771335098e-8,-1.9327912374921334e-8
123.87,-2.9104724660455693e-8,-1.950288701159664e-8
123.88,-2.912562550791687e-8,-1.9676851275317217e-8
123.89,-2.9145278432829882e-8,-1.9849799743125362e-8
123.9,-2.9163685601118747e-8,-2.0021727040509577e-8
123.91,-2.9180849224754207e-8,-2.0192627841257127e-8
123.92,-2.919677156250774e-8,-2.036249686780715e-8
123.93,-2.921145491899467e-8,-2.0531328891059714e-8
123.94,-2.9224901644862402e-8,-2.0699118730921347e-8
123.95,-2.9237114136341307e-8,-2.086586125614963e-8
123.96,-2.924809483528617e-8,-2.103155138460417e-8
123.97,-2.9257846229307916e-8,-2.119618408363591e-8
123.98,-2.9266370849294923e-8,-2.135975436884828e-8
123.99,-2.9273671273733373e-8,-2.1522257306857046e-8
124.0,-2.9279750123824452e-8,-2.1683688012889543e-8
124.01,-2.9284610066170375e-8,-2.1844041652130855e-8
124.02,-2.9288253810946196e-8,-2.2003313439443832e-8
124.03,-2.9290684112817105e-8,-2.2161498639863838e-8
124.04,-2.929190377035344e-8,-2.231859256842026e-8
124.05,-2.9291915625395422e-8,-2.2474590590219055e-8
124.06,-2.9290722563250445e-8,-2.262948812079966e-8
124.07,-2.928832751298661e-8,-2.2783280625819748e-8
124.08,-2.9284733445773057e-8,-2.2935963621799213e-8
124.09,-2.9279943375888496e-8,-2.3087532675638574e-8
124.1,-2.927396036023581e-8,-2.3237983405042077e-8
124.11,-2.926678749787521e-8,-2.3387311478354438e-8
124.12,-2.925842793010467e-8,-2.3535512615136257e-8
124.13,-2.924888483955674e-8,-2.3682582585634004e-8
124.14,-2.923816145116619e-8,-2.382851721130174e-8
124.15,-2.9226261031173774e-8,-2.3973312365060436e-8
124.16,-2.9213186885567108e-8,-2.4116963970165576e-8
124.17,-2.919894236354216e-8,-2.42594680025741e-8
124.18,-2.9183530853513197e-8,-2.4400820488708216e-8
124.19,-2.9166955784763996e-8,-2.4541017506950195e-8
124.2,-2.9149220626404653e-8,-2.468005518708768e-8
124.21,-2.9130328888143356e-8,-2.4817929710690082e-8
124.22,-2.9110284119043696e-8,-2.495463731108635e-8
124.23,-2.908908990765699e-8,-2.509017427341952e-8
124.24,-2.9066749882159643e-8,-2.5224536934191572e-8
124.25,-2.904326770910683e-8,-2.535772168409487e-8
124.26,-2.901864709450673e-8,-2.5489724962568245e-8
124.27,-2.8992891782798484e-8,-2.5620543263307118e-8
124.28,-2.8966005556235708e-8,-2.5750173131682142e-8
124.29,-2.893799223568752e-8,-2.587861116528031e-8
124.3,-2.8908855679548806e-8,-2.6005854013953225e-8
124.31,-2.8878599783844185e-8,-2.613189837996587e-8
124.32,-2.884722848194123e-8,-2.6256741017883957e-8
124.33,-2.8814745744122307e-8,-2.638037873494006e-8
124.34,-2.8781155577565255e-8,-2.650280839040233e-8
124.35,-2.8746462026437993e-8,-2.6624026896687566e-8
124.36,-2.8710669170669124e-8,-2.6744031218375167e-8
124.37,-2.8673781126256153e-8,-2.6862818372857738e-8
124.38,-2.863580204539492e-8,-2.6980385430090982e-8
124.39,-2.8596736115472845e-8,-2.709672951287668e-8
124.4,-2.855658755940461e-8,-2.721184779674627e-8
124.41,-2.8515360635041005e-8,-2.7325737509914206e-8
124.42,-2.8473059635153587e-8,-2.743839593354164e-8
124.43,-2.842968888688251e-8,-2.7549820401537256e-8
124.44,-2.838525275162295e-8,-2.766000830073976e-8
124.45,-2.8339755624953527e-8,-2.7768957070834508e-8
124.46,-2.829320193617081e-8,-2.787666420463041e-8
124.47,-2.8245596147917377e-8,-2.7983127247584866e-8
124.48,-2.8196942756087558e-8,-2.808834379829281e-8
124.49,-2.8147246289679676e-8,-2.8192311508435036e-8
124.5,-2.8096511310280606e-8,-2.8295028082387284e-8
124.51,-2.804474241205351e-8,-2.839649127781307e-8
124.52,-2.7991944221075492e-8,-2.8496698905238494e-8
124.53,-2.793812139521281e-8,-2.8595648828298548e-8
124.54,-2.7883278624888394e-8,-2.8693338963725652e-8
124.55,-2.782742063100108e-8,-2.8789767281160252e-8
124.56,-2.777055216531371e-8,-2.8884931803259136e-8
124.57,-2.771267801163317e-8,-2.89788306059184e-8
124.58,-2.765380298317676e-8,-2.9071461817911998e-8
124.59,-2.759393192392583e-8,-2.9162823621053336e-8
124.6,-2.7533069707805845e-8,-2.9252914250257998e-8
124.61,-2.7471221238577966e-8,-2.9341731993390797e-8
124.62,-2.740839144964103e-8,-2.9429275191496398e-8
124.63,-2.7344585302826406e-8,-2.9515542238283402e-8
124.64,-2.7279807789931235e-8,-2.960053158072396e-8
124.65,-2.7214063931020038e-8,-2.9684241718767523e-8
124.66,-2.7147358774285896e-8,-2.976667120513367e-8
124.67,-2.7079697396117106e-8,-2.984781864554088e-8
124.68,-2.7011084901038686e-8,-2.992768269862485e-8
124.69,-2.6941526420850406e-8,-3.000626207588181e-8
124.7,-2.6871027114674465e-8,-3.008355554171317e-8
124.71,-2.6799592168816082e-8,-3.015956191325986e-8
124.72,-2.6727226796089104e-8,-3.0234280060397216e-8
124.73,-2.6653936235706007e-8,-3.0307708905925396e-8
124.74,-2.65797257535021e-8,-3.037984742531782e-8
124.75,-2.65046006406687e-8,-3.045069464657077e-8
124.76,-2.6428566214281573e-8,-3.0520249650488026e-8
124.77,-2.6351627816684918e-8,-3.05885115703775e-8
124.78,-2.6273790815429936e-8,-3.065547959222608e-8
124.79,-2.619506060251561e-8,-3.072115295436459e-8
124.8,-2.6115442594628744e-8,-3.078553094768842e-8
124.81,-2.603494223267737e-8,-3.084861291538709e-8
124.82,-2.595356498156227e-8,-3.0910398253209255e-8
124.83,-2.5871316329684624e-8,-3.097088640905218e-8
124.84,-2.5788201788785476e-8,-3.103007688304675e-8
124.85,-2.5704226893760038e-8,-3.1087969227644545e-8
124.86,-2.5619397202380864e-8,-3.114456304731143e-8
124.87,-2.553371829482558e-8,-3.119985799858989e-8
124.88,-2.5447195773479808e-8,-3.125385379005064e-8
124.89,-2.535983526270783e-8,-3.130655018223945e-8
124.9,-2.5271642408549876e-8,-3.1357946987475025e-8
124.91,-2.518262287796383e-8,-3.14080440693253e-8
124.92,-2.5092782360792306e-8,-3.145684134563077e-8
124.93,-2.5002126564922488e-8,-3.1504338781938793e-8
124.94,-2.491066122071303e-8,-3.1550536398064755e-8
124.95,-2.481839207810197e-8,-3.159543426458276e-8
124.96,-2.472532490719196e-8,-3.163903250363664e-8
124.97,-2.4631465497558062e-8,-3.168133128848592e-8
124.98,-2.4536819658143126e-8,-3.172233084378857e-8
124.99,-2.4441393217262604e-8,-3.1762031445381726e-8
125.0,-2.4345192021067442e-8,-3.180043341996081e-8
125.01,-2.4248221936780122e-8,-3.183753714573441e-8
125.02,-2.415048884630555e-8,-3.1873343051197626e-8
125.03,-2.4051998651982093e-8,-3.1907851615970564e-8
125.04,-2.3952757272573927e-8,-3.1941063370133206e-8
125.05,-2.385277064531321e-8,-3.197297889489929e-8
125.06,-2.3752044723276643e-8,-3.2003598821446574e-8
125.07,-2.3650585477557025e-8,-3.203292383166221e-8
125.08,-2.3548398894609535e-8,-3.2060954657635815e-8
125.09,-2.344549097805371e-8,-3.2087692081795236e-8
125.1,-2.33418677467215e-8,-3.2113136936270537e-8
125.11,-2.3237535235467933e-8,-3.213729010375013e-8
125.12,-2.3132499494144783e-8,-3.216015251633509e-8
125.13,-2.3026766588922334e-8,-3.2181725156313774e-8
125.14,-2.2920342598662693e-8,-3.220200905515601e-8
125.15,-2.2813233618280555e-8,-3.2221005294164033e-8
125.16,-2.2705445756413465e-8,-3.223871500409038e-8
125.17,-2.2596985135708617e-8,-3.225513936480765e-8
125.18,-2.248785789193458e-8,-3.2270279605501784e-8
125.19,-2.2378070175586693e-8,-3.228413700438095e-8
125.2,-2.2267628148410507e-8,-3.229671288856221e-8
125.21,-2.215653798607298e-8,-3.2308008633989784e-8
125.22,-2.2044805876518774e-8,-3.2318025665321156e-8
125.23,-2.1932438019686222e-8,-3.232676545566247e-8
125.24,-2.1819440627551632e-8,-3.233422952663912e-8
125.25,-2.170581992368263e-8,-3.234041944809682e-8
125.26,-2.1591582143094412e-8,-3.234533683810952e-8
125.27,-2.147673353157624e-8,-3.234898336263877e-8
125.28,-2.1361280346143513e-8,-3.2351360735595114e-8
125.29,-2.124522885396132e-8,-3.235247071869715e-8
125.3,-2.1128585332150434e-8,-3.235231512103808e-8
125.31,-2.1011356068126787e-8,-3.23508957993651e-8
125.32,-2.0893547358835813e-8,-3.234821465766448e-8
125.33,-2.077516551077126e-8,-3.2344273647004945e-8
125.34,-2.065621683897834e-8,-3.2339074765578957e-8
125.35,-2.053670766748009e-8,-3.2332620058309874e-8
125.36,-2.0416644329073583e-8,-3.232491161692309e-8
125.37,-2.0296033164381787e-8,-3.231595157966905e-8
125.38,-2.017488052224106e-8,-3.230574213119471e-8
125.39,-2.0053192758757194e-8,-3.229428550233693e-8
125.4,-1.993097623772362e-8,-3.228158397004461e-8
125.41,-1.9808237329824075e-8,-3.226763985723656e-8
125.42,-1.9684982412558443e-8,-3.225245553250827e-8
125.43,-1.956121786996035e-8,-3.2236033410121176e-8
125.44,-1.9436950092593133e-8,-3.221837594969981e-8
125.45,-1.9312185476030085e-8,-3.219948565614094e-8
125.46,-1.9186930422519108e-8,-3.217936507942505e-8
125.47,-1.906119133972671e-8,-3.21580168146464e-8
125.48,-1.893497463829316e-8,-3.213544350136547e-8
125.49,-1.8808286737068586e-8,-3.211164782381514e-8
125.5,-1.8681134057225205e-8,-3.20866325107744e-8
125.51,-1.8553523024602157e-8,-3.2060400335149363e-8
125.52,-1.8425460069141833e-8,-3.203295411386307e-8
125.53,-1.8296951624744476e-8,-3.200429670780201e-8
125.54,-1.8168004127865724e-8,-3.1974431021487625e-8
125.55,-1.80386240192325e-8,-3.1943360002964184e-8
125.56,-1.7908817741876086e-8,-3.191108664367817e-8
125.57,-1.777859174130824e-8,-3.1877613978043125e-8
125.58,-1.764795246570082e-8,-3.1842945083704956e-8
125.59,-1.751690636484088e-8,-3.180708308084796e-8
125.6,-1.7385459891234783e-8,-3.1770031132322255e-8
125.61,-1.725361949751512e-8,-3.17317924434054e-8
125.62,-1.7121391638600635e-8,-3.1692370261569295e-8
125.63,-1.698878276987481e-8,-3.165176787622244e-8
125.64,-1.6855799347772178e-8,-3.160998861870067e-8
125.65,-1.6722447827973326e-8,-3.156703586189261e-8
125.66,-1.6588734669303004e-8,-3.1522913020141893e-8
125.67,-1.6454666326630923e-8,-3.1477623548914594e-8
125.68,-1.6320249256584845e-8,-3.1431170944887494e-8
125.69,-1.6185489915163195e-8,-3.1383558745412396e-8
125.7,-1.6050394756413552e-8,-3.133479052846114e-8
125.71,-1.5914970234027988e-8,-3.128486991246969e-8
125.72,-1.5779222800144383e-8,-3.1233800556200296e-8
125.73,-1.5643158904843188e-8,-3.118158615818624e-8
125.74,-1.5506784996342858e-8,-3.1128230456961027e-8
125.75,-1.5370107520714827e-8,-3.1073737230481996e-8
125.76,-1.5233132921332332e-8,-3.1018110296201806e-8
125.77,-1.5095867638700187e-8,-3.096135351075599e-8
125.78,-1.4958318110633894e-8,-3.090347076962771e-8
125.79,-1.4820490771234135e-8,-3.084446600713437e-8
125.8,-1.468239205124381e-8,-3.078434319603108e-8
125.81,-1.4544028377435954e-8,-3.072310634744887e-8
125.82,-1.4405406172578866e-8,-3.066075951059938e-8
125.83,-1.426653185499883e-8,-3.059730677256877e-8
125.84,-1.4127411838724803e-8,-3.053275225818959e-8
125.85,-1.3988052531771123e-8,-3.046710012927692e-8
125.86,-1.3848460339239877e-8,-3.040035458559923e-8
125.87,-1.3708641658391224e-8,-3.03325198633167e-8
125.88,-1.3568602882315682e-8,-3.026360023555578e-8
125.89,-1.3428350397836485e-8,-3.0193600012010726e-8
125.9,-1.3287890585509165e-8,-3.012252353865269e-8
125.91,-1.3147229819560754e-8,-3.0050375197480456e-8
125.92,-1.3006374467634832e-8,-2.9977159406370415e-8
125.93,-1.2865330890403245e-8,-2.990288061892199e-8
125.94,-1.2724105441501346e-8,-2.982754332393601e-8
125.95,-1.2582704466601727e-8,-2.975115204552916e-8
125.96,-1.2441134304461225e-8,-2.9673711342675836e-8
125.97,-1.229940128562743e-8,-2.9595225809081054e-8
125.98,-1.2157511732459067e-8,-2.9515700072837073e-8
125.99,-1.2015471958901634e-8,-2.943513879628542e-8
126.0,-1.1873288270654817e-8,-2.9353546675948958e-8
126.01,-1.173096696311819e-8,-2.9270928441438173e-8
126.02,-1.1588514324647192e-8,-2.918728885675011e-8
126.03,-1.1445936632999062e-8,-2.9102632718534536e-8
126.04,-1.130324015616327e-8,-2.9016964856863935e-8
126.05,-1.116043115285747e-8,-2.8930290134175112e-8
126.06,-1.1017515871542338e-8,-2.8842613445691013e-8
126.07,-1.0874500549919203e-8,-2.875393971882019e-8
126.08,-1.0731391415777704e-8,-2.8664273913222185e-8
126.09,-1.058819468564111e-8,-2.8573621020055755e-8
126.1,-1.0444916565327006e-8,-2.8481986062423065e-8
126.11,-1.0301563249008747e-8,-2.838937409428189e-8
126.12,-1.0158140920136303e-8,-2.8295790201204342e-8
126.13,-1.00146557480349e-8,-2.820123949844972e-8
126.14,-9.871113893758487e-9,-2.8105727133452095e-8
126.15,-9.727521503352685e-9,-2.800925828277877e-8
126.16,-9.583884711471941e-9,-2.791183815346127e-8
126.17,-9.44020964001598e-9,-2.7813471982249505e-8
126.18,-9.29650239786738e-9,-2.7714165035492986e-8
126.19,-9.15276908075441e-9,-2.7613922608743475e-8
126.2,-9.009015771159024e-9,-2.7512750026625663e-8
126.21,-8.865248537570504e-9,-2.7410652642195553e-8
126.22,-8.72147343647088e-9,-2.7307635838839798e-8
126.23,-8.577696507650607e-9,-2.72037050252433e-8
126.24,-8.433923778383575e-9,-2.709886564029027e-8
126.25,-8.290161261180092e-9,-2.6993123149861865e-8
126.26,-8.146414953631624e-9,-2.6886483047475212e-8
126.27,-8.002690838726425e-9,-2.6778950853824863e-8
126.28,-7.858994884235236e-9,-2.667053211663916e-8
126.29,-7.715333042690656e-9,-2.656123241039316e-8
126.3,-7.57171125076606e-9,-2.6451057335826658e-8
126.31,-7.428135429983911e-9,-2.634001252007894e-8
126.32,-7.284611485068548e-9,-2.6228103615900868e-8
126.33,-7.141145305396012e-9,-2.611533630213607e-8
126.34,-6.997742763621914e-9,-2.600171628270894e-8
126.35,-6.854409715677617e-9,-2.588724928671743e-8
126.36,-6.711152000799707e-9,-2.5771941068157544e-8
126.37,-6.567975441488845e-9,-2.5655797405721737e-8
126.38,-6.42488584260701e-9,-2.553882410218273e-8
126.39,-6.281888991860559e-9,-2.5421026984580998e-8
126.4,-6.138990659420235e-9,-2.5302411903710942e-8
126.41,-5.996196597430613e-9,-2.5182984733815727e-8
126.42,-5.8535125399618745e-9,-2.5062751372492063e-8
126.43,-5.710944203167126e-9,-2.4941717740165128e-8
126.44,-5.568497284673258e-9,-2.4819889780137833e-8
126.45,-5.426177463362229e-9,-2.4697273458042943e-8
126.46,-5.283990399530342e-9,-2.4573874761889204e-8
126.47,-5.1419417342450584e-9,-2.4449699701094786e-8
126.48,-5.00003708949565e-9,-2.432475430729272e-8
126.49,-4.8582820679817494e-9,-2.4199044633156388e-8
126.5,-4.716682252525843e-9,-2.407257675232582e-8
126.51,-4.575243206871999e-9,-2.39453567597966e-8
126.52,-4.433970473926957e-9,-2.381739077032807e-8
126.53,-4.292869576993826e-9,-2.3688684919492175e-8
126.54,-4.151946019001525e-9,-2.355924536262529e-8
126.55,-4.011205282256914e-9,-2.3429078274855173e-8
126.56,-3.870652828654735e-9,-2.329818985075871e-8
126.57,-3.730294098461044e-9,-2.3166586303754778e-8
126.58,-3.590134511916744e-9,-2.303427386677793e-8
126.59,-3.450179467486641e-9,-2.29012587906834e-8
126.6,-3.310434342171977e-9,-2.2767547345212867e-8
126.61,-3.1709044915951903e-9,-2.263314581773154e-8
126.62,-3.0315952494750413e-9,-2.2498060513614955e-8
126.63,-2.892511927792188e-9,-2.2362297755742056e-8
126.64,-2.753659816069415e-9,-2.2225863883987237e-8
126.65,-2.615044182119899e-9,-2.208876525556289e-8
126.66,-2.476670270735988e-9,-2.19510082439016e-8
126.67,-2.338543304255921e-9,-2.1812599239053817e-8
126.68,-2.2006684824498268e-9,-2.1673544647119612e-8
126.69,-2.063050982076456e-9,-2.15338508900985e-8
126.7,-1.9256959566040702e-9,-2.139352440542281e-8
126.71,-1.7886085363360072e-9,-2.1252571645878114e-8
126.72,-1.6517938281091452e-9,-2.1110999079179365e-8
126.73,-1.5152569153793124e-9,-2.0968813187770605e-8
126.74,-1.3790028574383588e-9,-2.0826020468524486e-8
126.75,-1.243036690054389e-9,-2.0682627432369186e-8
126.76,-1.107363424659077e-9,-2.0538640604267727e-8
126.77,-9.719880486011504e-10,-2.039406652261049e-8
126.78,-8.369155247987911e-10,-2.0248911739207813e-8
126.79,-7.021507918276949e-10,-2.0103182818913614e-8
126.8,-5.676987630608346e-10,-1.9956886339035632e-8
126.81,-4.335643276972512e-10,-1.9810028889787983e-8
126.82,-2.9975234960527065e-10,-1.9662617073249784e-8
126.83,-1.662676673596715e-10,-1.9514657503444808e-8
126.84,-3.31150947293601e-11,-1.9366156806128902e-8
126.85,9.97005803279432e-11,-1.9217121618256973e-8
126.86,2.321745951671226e-10,-1.9067558588026856e-8
126.87,3.6430221299395794e-10,-1.8917474374120525e-8
126.88,4.960787220146407e-10,-1.876687564658599e-8
126.89,6.274994395213597e-10,-1.8615769083301077e-8
126.9,7.585597043290754e-10,-1.8464161375367016e-8
126.91,8.892548842535394e-10,-1.8312059221493664e-8
126.92,1.0195803732506313e-9,-1.8159469330183182e-8
126.93,1.149531591721312e-9,-1.8006398418862908e-8
126.94,1.2791039861897474e-9,-1.7852853214170743e-8
126.95,1.4082930303434863e-9,-1.769884045102003e-8
126.96,1.5370942250738844e-9,-1.7544366872483176e-8
126.97,1.6655030971973473e-9,-1.7389439229834984e-8
126.98,1.7935152028607005e-9,-1.723406428195421e-8
126.99,1.9211261227092734e-9,-1.7078248795082285e-8
127.0,2.0483314668325805e-9,-1.692199954246262e-8
127.01,2.1751268719287056e-9,-1.67653233046302e-8
127.02,2.3015080025933614e-9,-1.66082268682835e-8
127.03,2.427470551491249e-9,-1.64507170263704e-8
127.04,2.5530102385474877e-9,-1.6292800578080463e-8
127.05,2.6781228122418205e-9,-1.6134484328258824e-8
127.06,2.802804048578872e-9,-1.5975775087451276e-8
127.07,2.927049752776514e-9,-1.5816679670431153e-8
127.08,3.0508557573254605e-9,-1.5657204898124047e-8
127.09,3.174217923390016e-9,-1.5497357595455865e-8
127.1,3.2971321412641373e-9,-1.533714459155173e-8
127.11,3.4195943295064886e-9,-1.51765727198107e-8
127.12,3.541600435212832e-9,-1.5015648817482172e-8
127.13,3.6631464348251767e-9,-1.4854379725074747e-8
127.14,3.7842283333696316e-9,-1.4692772286594795e-8
127.15,3.904842165158768e-9,-1.4530833348763527e-8
127.16,4.024983993596774e-9,-1.4368569761224451e-8
127.17,4.144649911427562e-9,-1.4205988375738652e-8
127.18,4.263836040738135e-9,-1.4043096046363225e-8
127.19,4.382538533027329e-9,-1.387989962899838e-8
127.2,4.500753569367358e-9,-1.3716405981086362e-8
127.21,4.618477360553847e-9,-1.3552621961335271e-8
127.22,4.735706147031252e-9,-1.3388554429556798e-8
127.23,4.852436199199623e-9,-1.3224210246228528e-8
127.24,4.968663817360123e-9,-1.3059596272331155e-8
127.25,5.08438533131808e-9,-1.2894719369130118e-8
127.26,5.199597101734285e-9,-1.2729586397774455e-8
127.27,5.314295519139478e-9,-1.2564204218895033e-8
127.28,5.428477004222651e-9,-1.2398579692864822e-8
127.29,5.5421380081210825e-9,-1.2232719678757166e-8
127.3,5.655275012278436e-9,-1.2066631034865899e-8
127.31,5.767884528696076e-9,-1.1900320617791443e-8
127.32,5.8799631000065275e-9,-1.1733795282667504e-8
127.33,5.991507299427489e-9,-1.1567061882430176e-8
127.34,6.102513730776042e-9,-1.1400127267963133e-8
127.35,6.212979028918846e-9,-1.1232998287518582e-8
127.36,6.3228998594098885e-9,-1.1065681786614602e-8
127.37,6.432272918747246e-9,-1.0898184607859156e-8
127.38,6.541094934463433e-9,-1.0730513590385075e-8
127.39,6.649362665106138e-9,-1.056267556982984e-8
127.4,6.757072900323658e-9,-1.03946773779885e-8
127.41,6.864222461249218e-9,-1.0226525842489036e-8
127.42,6.9708081999189984e-9,-1.0058227786698868e-8
127.43,7.07682699967449e-9,-9.889790029363094e-9
127.44,7.18227577573066e-9,-9.72121938388969e-9
127.45,7.287151473523067e-9,-9.552522659820037e-9
127.46,7.39145107167843e-9,-9.383706659537192e-9
127.47,7.495171579139822e-9,-9.214778180878118e-9
127.48,7.598310036866829e-9,-9.04574401536933e-9
127.49,7.700863517359353e-9,-8.876610948500446e-9
127.5,7.802829124860884e-9,-8.707385759097032e-9
127.51,7.904203995319162e-9,-8.538075219548385e-9
127.52,8.004985296466542e-9,-8.36868609491713e-9
127.53,8.105170228004675e-9,-8.199225143321788e-9
127.54,8.20475602135109e-9,-8.029699115161714e-9
127.55,8.30373993981413e-9,-7.860114753338694e-9
127.56,8.402119278945042e-9,-7.69047879252012e-9
127.57,8.49989136603946e-9,-7.52079795913747e-9
127.58,8.597053560563312e-9,-7.351078971357499e-9
127.59,8.69360325393453e-9,-7.181328538256661e-9
127.6,8.789537869752197e-9,-7.011553360097506e-9
127.61,8.884854864014718e-9,-6.841760127697818e-9
127.62,8.979551724454764e-9,-6.6719555225336464e-9
127.63,9.073625971093542e-9,-6.5021462163852605e-9
127.64,9.167075156653808e-9,-6.332338870615761e-9
127.65,9.259896865781608e-9,-6.1625401366515285e-9
127.66,9.352088715343939e-9,-5.992756655323466e-9
127.67,9.44364835471325e-9,-5.8229950566828645e-9
127.68,9.534573465528924e-9,-5.6532619598147074e-9
127.69,9.624861761781394e-9,-5.483563972411839e-9
127.7,9.714510990027404e-9,-5.313907690833359e-9
127.71,9.803518929060789e-9,-5.144299699539717e-9
127.72,9.891883390106458e-9,-4.974746571103096e-9
127.73,9.97960221683373e-9,-4.80525486603994e-9
127.74,1.0066673285708227e-8,-4.635831131829578e-9
127.75,1.0153094505247841e-8,-4.466481903800992e-9
127.76,1.0238863816560736e-8,-4.297213704169674e-9
127.77,1.0323979193376057e-8,-4.128033041826004e-9
127.78,1.0408438641923023e-8,-3.958946412382246e-9
127.79,1.0492240200793216e-8,-3.789960297745038e-9
127.8,1.0575381941504938e-8,-3.621081165795292e-9
127.81,1.0657861967573507e-8,-3.4523154705270814e-9
127.82,1.0739678415451531e-8,-3.283669651074853e-9
127.83,1.0820829453995445e-8,-3.1151501331766634e-9
127.84,1.0901313284321586e-8,-2.9467633260938894e-9
127.85,1.0981128141204795e-8,-2.7785156249183063e-9
127.86,1.1060272290436384e-8,-2.6104134094734424e-9
127.87,1.1138744031231568e-8,-2.442463044009303e-9
127.88,1.1216541695239208e-8,-2.274670876784811e-9
127.89,1.1293663646632478e-8,-2.1070432402459507e-9
127.9,1.137010828196151e-8,-1.939586450609431e-9
127.91,1.1445874030270066e-8,-1.7723068078486963e-9
127.92,1.1520959354174111e-8,-1.605210594530589e-9
127.93,1.1595362746684001e-8,-1.4383040775251412e-9
127.94,1.1669082735033447e-8,-1.2715935056203192e-9
127.95,1.1742117878358589e-8,-1.1050851109847026e-9
127.96,1.1814466768256293e-8,-9.387851075028635e-10
127.97,1.188612802872852e-8,-7.726996919260689e-10
127.98,1.195710031651021e-8,-6.068350426285291e-10
127.99,1.2027382320289814e-8,-4.4119732007637833e-10
128.0,1.2096972761471582e-8,-2.757926661160131e-10
128.01,1.216587039369947e-8,-1.106272040407775e-10
128.02,1.223407400293835e-8,5.429296157759693e-11
128.03,1.2301582407745412e-8,2.189617455302261e-10
128.04,1.2368394458467083e-8,3.8337308156891736e-10
128.05,1.2434509038146606e-8,5.475209230257656e-10
128.06,1.2499925062126318e-8,7.113992429383236e-10
128.07,1.2564641477500238e-8,8.750020344625464e-10
128.08,1.262865726401303e-8,1.038323310389986e-9
128.09,1.2691971433540633e-8,1.2013571042887274e-9
128.1,1.2754583029225267e-8,1.3640974695037981e-9
128.11,1.2816491127614625e-8,1.5265384811959202e-9
128.12,1.2877694836581558e-8,1.6886742344991995e-9
128.13,1.293819329603945e-8,1.8504988461902944e-9
128.14,1.2997985677932271e-8,2.0120064541955284e-9
128.15,1.3057071186202025e-8,2.173191217896063e-9
128.16,1.3115449056789044e-8,2.3340473185792737e-9
128.17,1.3173118556683198e-8,2.4945689590779715e-9
128.18,1.3230078986401932e-8,2.6547503646626886e-9
128.19,1.328632967610518e-8,2.814585783436761e-9
128.2,1.3341869989396586e-8,2.9740694846131354e-9
128.21,1.3396699320702002e-8,3.1331957611975264e-9
128.22,1.3450817096326663e-8,3.2919589287567503e-9
128.23,1.3504222774065714e-8,3.450353325926777e-9
128.24,1.3556915843219333e-8,3.6083733146077766e-9
128.25,1.36088958246594e-8,3.766013280129876e-9
128.26,1.3660162270617823e-8,3.923267631563964e-9
128.27,1.3710714764674525e-8,4.080130801590593e-9
128.28,1.3760552921864304e-8,4.236597247075461e-9
128.29,1.380967638826494e-8,4.392661449051209e-9
128.3,1.385808484129516e-8,4.548317912787592e-9
128.31,1.3905777989493968e-8,4.7035611681873436e-9
128.32,1.3952755572411838e-8,4.858385769871986e-9
128.33,1.3999017360715144e-8,5.012786297399992e-9
128.34,1.4044563156002507e-8,5.166757355305493e-9
128.35,1.4089392790648066e-8,5.320293573435838e-9
128.36,1.4133506127971914e-8,5.473389607073667e-9
128.37,1.4176903062111479e-8,5.626040137043521e-9
128.38,1.4219583517691784e-8,5.778239869942947e-9
128.39,1.4261547450241382e-8,5.929983538404668e-9
128.4,1.4302794845571023e-8,6.081265901152627e-9
128.41,1.4343325720100731e-8,6.232081742910656e-9
128.42,1.4383140120724622e-8,6.382425875199858e-9
128.43,1.4422238124678076e-8,6.532293135877703e-9
128.44,1.4460619839125672e-8,6.681678389895968e-9
128.45,1.4498285401972895e-8,6.830576528677115e-9
128.46,1.4535234980878765e-8,6.978982471058002e-9
128.47,1.457146877361922e-8,7.126891163038367e-9
128.48,1.4606987008038014e-8,7.274297577995392e-9
128.49,1.4641789941636373e-8,7.421196716885634e-9
128.5,1.46758778619426e-8,7.567583608292242e-9
128.51,1.4709251086079355e-8,7.713453308907599e-9
128.52,1.474190996071756e-8,7.85880090304488e-9
128.53,1.477385486257103e-8,8.003621503733586e-9
128.54,1.48050861970279e-8,8.147910251723527e-9
128.55,1.483560439950609e-8,8.291662316617028e-9
128.56,1.4865409934542417e-8,8.434872896430648e-9
128.57,1.4894503295519476e-8,8.577537218451066e-9
128.58,1.492288500566431e-8,8.719650538010933e-9
128.59,1.49505556166212e-8,8.861208140110485e-9
128.6,1.4977515709148485e-8,9.002205338758419e-9
128.61,1.5003765892905973e-8,9.142637477254295e-9
128.62,1.502930680629182e-8,9.28249992844564e-9
128.63,1.505413911636085e-8,9.42178809477443e-9
128.64,1.507826351871218e-8,9.560497408410072e-9
128.65,1.5101680737421486e-8,9.698623331310487e-9
128.66,1.5124391524912563e-8,9.836161355530841e-9
128.67,1.514639666185073e-8,9.973107003248631e-9
128.68,1.5167696957298356e-8,1.0109455826967935e-8
128.69,1.518829324803667e-8,1.0245203409432902e-8
128.7,1.52081863990563e-8,1.0380345364069126e-8
128.71,1.5227377303231372e-8,1.051487733484416e-8
128.72,1.5245866880987236e-8,1.0648794996548194e-8
128.73,1.526365608065174e-8,1.0782094054881404e-8
128.74,1.528074587805281e-8,1.0914770246597623e-8
128.75,1.529713727640536e-8,1.1046819339442314e-8
128.76,1.5312831306248946e-8,1.1178237132705676e-8
128.77,1.532782902553962e-8,1.130901945654945e-8
128.78,1.5342131519193555e-8,1.14391621732701e-8
128.79,1.5355739898959864e-8,1.1568661176177834e-8
128.8,1.5368655304243223e-8,1.1697512390761481e-8
128.81,1.538087890028e-8,1.1825711774067466e-8
128.82,1.5392411879690685e-8,1.1953255315143482e-8
128.83,1.540325546133007e-8,1.2080139035129242e-8
128.84,1.5413410890762312e-8,1.2206358987341702e-8
128.85,1.5422879439775234e-8,1.2331911257401614e-8
128.86,1.5431662405886237e-8,1.2456791962752618e-8
128.87,1.543976111379038e-8,1.258099725421784e-8
128.88,1.5447176913356483e-8,1.2704523314666993e-8
128.89,1.545391118064203e-8,1.2827366359608847e-8
128.9,1.545996531738339e-8,1.2949522637551154e-8
128.91,1.5465340750965798e-8,1.3070988429630493e-8
128.92,1.5470038934277415e-8,1.3191760050028164e-8
128.93,1.547406134573077e-8,1.3311833846148577e-8
128.94,1.5477409488646556e-8,1.3431206198430393e-8
128.95,1.5480084892254713e-8,1.3549873520268818e-8
128.96,1.5482089109999604e-8,1.3667832258875025e-8
128.97,1.5483423720587812e-8,1.3785078894606113e-8
128.98,1.5484090327575593e-8,1.3901609941428223e-8
128.99,1.5484090559034973e-8,1.4017421946783739e-8
129.0,1.548342606764051e-8,1.413251149180338e-8
129.01,1.54820985302738e-8,1.424687519153627e-8
129.02,1.548010964849423e-8,1.4360509694676108e-8
129.03,1.5477461148128204e-8,1.4473411684166761e-8
129.04,1.5474154777325947e-8,1.4585577875966155e-8
129.05,1.5470192310780885e-8,1.469700502156055e-8
129.06,1.5465575545151686e-8,1.48076899055976e-8
129.07,1.546030630117307e-8,1.491762934722651e-8
129.08,1.5454386423180332e-8,1.502682019986484e-8
129.09,1.544781777856917e-8,1.5135259351198507e-8
129.1,1.5440602258228256e-8,1.52429437235341e-8
129.11,1.5432741775980723e-8,1.5349870273613758e-8
129.12,1.5424238268451786e-8,1.5456035992747053e-8
129.13,1.541509369618847e-8,1.5561437906445254e-8
129.14,1.540531004055282e-8,1.5666073075764483e-8
129.15,1.5394889306689713e-8,1.5769938595889245e-8
129.16,1.538383352192712e-8,1.58730315969703e-8
129.17,1.5372144735825366e-8,1.597534924411882e-8
129.18,1.5359825019968488e-8,1.6076888737261418e-8
129.19,1.5346876468084322e-8,1.6177647311328294e-8
129.2,1.5333301195664454e-8,1.627762223635353e-8
129.21,1.5319101339580808e-8,1.6376810817436482e-8
129.22,1.5304279058982185e-8,1.6475210394922952e-8
129.23,1.528883653377188e-8,1.6572818344038727e-8
129.24,1.527277596555914e-8,1.6669632075602e-8
129.25,1.5256099576817634e-8,1.6765649035580003e-8
129.26,1.5238809611221248e-8,1.686086670526896e-8
129.27,1.5220908333020107e-8,1.695528260134852e-8
129.28,1.5202398027477607e-8,1.7048894275902208e-8
129.29,1.518328100012969e-8,1.714169931656011e-8
129.3,1.5163559577095906e-8,1.7233695346390004e-8
129.31,1.5143236104679684e-8,1.732488002401825e-8
129.32,1.5122312949380095e-8,1.7415251043595262e-8
129.33,1.5100792497521743e-8,1.7504806134982067e-8
129.34,1.5078677155297722e-8,1.7593543063611074e-8
129.35,1.5055969348696177e-8,1.7681459630629266e-8
129.36,1.5032671523063565e-8,1.7768553672866957e-8
129.37,1.5008786143144955e-8,1.7854823062939263e-8
129.38,1.49843156929729e-8,1.794026570917229e-8
129.39,1.4959262675576233e-8,1.8024879555697317e-8
129.4,1.493362961287892e-8,1.810866258250609e-8
129.41,1.4907419045680606e-8,1.819161280539885e-8
129.42,1.4880633533393842e-8,1.827372827603571e-8
129.43,1.4853275653678284e-8,1.8355007081932835e-8
129.44,1.482534800263285e-8,1.8435447346585993e-8
129.45,1.4796853194842884e-8,1.8515047229307485e-8
129.46,1.4767793862206795e-8,1.8593804925405933e-8
129.47,1.4738172654876576e-8,1.867171866622745e-8
129.48,1.4707992240790638e-8,1.8748786718924156e-8
129.49,1.4677255305139847e-8,1.882500738666686e-8
129.5,1.4645964550814239e-8,1.8900379008641598e-8
129.51,1.4614122697505409e-8,1.8974899960089502e-8
129.52,1.45817324823408e-8,1.904856865209903e-8
129.53,1.4548796659244219e-8,1.912138353192999e-8
129.54,1.4515317998897876e-8,1.9193343082651482e-8
129.55,1.44812992884108e-8,1.9264445823610904e-8
129.56,1.4446743331603548e-8,1.9334690310014043e-8
129.57,1.441165294850751e-8,1.940407513299445e-8
129.58,1.4376030974935603e-8,1.9472598919911774e-8
129.59,1.4339880263173085e-8,1.9540260334039958e-8
129.6,1.4303203681035e-8,1.9607058074590846e-8
129.61,1.426600411200847e-8,1.9672990876890432e-8
129.62,1.422828445509412e-8,1.9738057512171428e-8
129.63,1.4190047624503343e-8,1.980225678777469e-8
129.64,1.4151296549833447e-8,1.9865587546889448e-8
129.65,1.4112034175399156e-8,1.9928048668762244e-8
129.66,1.4072263460667003e-8,1.998963906849132e-8
129.67,1.4031987379531817e-8,2.005035769730096e-8
129.68,1.3991208920615276e-8,2.0110203542088088e-8
129.69,1.3949931086625448e-8,2.0169175625856352e-8
129.7,1.3908156894760062e-8,2.0227273007441463e-8
129.71,1.3865889376063937e-8,2.028449478150283e-8
129.72,1.3823131575565336e-8,2.0340840078592258e-8
129.73,1.377988655181513e-8,2.0396308065154683e-8
129.74,1.373615737711416e-8,2.045089794326576e-8
129.75,1.3691947137058682e-8,2.0504608950926043e-8
129.76,1.3647258930495588e-8,2.055744036182742e-8
129.77,1.36020958693489e-8,2.0609391485409576e-8
129.78,1.3556461078244929e-8,2.0660461666732097e-8
129.79,1.3510357694324634e-8,2.0710650285991864e-8
129.8,1.346378886944823e-8,2.075995676157528e-8
129.81,1.3416757763670523e-8,2.0808380543508513e-8
129.82,1.3369267553098368e-8,2.0855921120001523e-8
129.83,1.3321321424154234e-8,2.0902578014143018e-8
129.84,1.3272922575702111e-8,2.094835078454924e-8
129.85,1.3224074217802414e-8,2.099323902522078e-8
129.86,1.317477957285315e-8,2.103724236565461e-8
129.87,1.3125041874067425e-8,2.108036047060859e-8
129.88,1.3074864365754035e-8,2.1122593040206675e-8
129.89,1.3024250304855825e-8,2.116393981004728e-8
129.9,1.2973202956846077e-8,2.1204400550575023e-8
129.91,1.2921725599649902e-8,2.124397506781088e-8
129.92,1.2869821521068272e-8,2.1282663202529817e-8
129.93,1.2817494019725088e-8,2.132046483095808e-8
129.94,1.2764746404112162e-8,2.135737986420359e-8
129.95,1.2711581993351229e-8,2.139340824834521e-8
129.96,1.265800411575366e-8,2.1428549964419625e-8
129.97,1.2604016109997154e-8,2.1462805028429234e-8
129.98,1.2549621324033488e-8,2.1496173490872118e-8
129.99,1.2494823115483496e-8,2.15286554375538e-8
130.0,1.243962485063479e-8,2.1560250988489265e-8
130.01,1.2384029906222527e-8,2.159096029869378e-8
130.02,1.2328041666204722e-8,2.162078355750985e-8
130.03,1.2271663524398641e-8,2.1649720988928895e-8
130.04,1.2214898882934063e-8,2.1677772851434025e-8
130.05,1.215775115234542e-8,2.1704939437766806e-8
130.06,1.2100223751229217e-8,2.1731221075159148e-8
130.07,1.2042320107164376e-8,2.1756618125015116e-8
130.08,1.1984043654430184e-8,2.1781130982959574e-8
130.09,1.1925397835864255e-8,2.1804760078674325e-8
130.1,1.1866386101616469e-8,2.1827505876047723e-8
130.11,1.1807011909471564e-8,2.184936887274375e-8
130.12,1.1747278724284534e-8,2.187034960044769e-8
130.13,1.1687190018109732e-8,2.189044862471239e-8
130.14,1.1626749269965618e-8,2.1909666544725646e-8
130.15,1.1565959965883539e-8,2.1928003993454438e-8
130.16,1.1504825597397389e-8,2.1945461637407553e-8
130.17,1.144334966440134e-8,2.1962040176769567e-8
130.18,1.138153567135764e-8,2.19777403448441e-8
130.19,1.1319387129683091e-8,2.1992562908507955e-8
130.2,1.12569075563038e-8,2.2006508667896962e-8
130.21,1.1194100474720108e-8,2.2019578456222073e-8
130.22,1.1130969413047905e-8,2.2031773140133692e-8
130.23,1.106751790539967e-8,2.204309361875445e-8
130.24,1.1003749491238278e-8,2.205354082455277e-8
130.25,1.0939667714706187e-8,2.2063115722661347e-8
130.26,1.0875276125565135e-8,2.2071819311028155e-8
130.27,1.0810578277769837e-8,2.207965262019854e-8
130.28,1.0745577730477665e-8,2.2086616713338178e-8
130.29,1.0680278046787893e-8,2.20927126859944e-8
130.3,1.0614682794366282e-8,2.2097941666164687e-8
130.31,1.0548795544718254e-8,2.2102304814137274e-8
130.32,1.0482619874486924e-8,2.21058033223158e-8
130.33,1.0416159362320489e-8,2.210843841517692e-8
130.34,1.0349417591822558e-8,2.2110211349224503e-8
130.35,1.028239815020614e-8,2.2111123412845733e-8
130.36,1.0215104626160306e-8,2.2111175926210174e-8
130.37,1.0147540614149953e-8,2.2110370241045076e-8
130.38,1.0079709710128578e-8,2.2108707740822016e-8
130.39,1.0011615513189832e-8,2.2106189840405613e-8
130.4,9.943261625019915e-9,2.2102817985988528e-8
130.41,9.87465165026899e-9,2.2098593654962225e-8
130.42,9.80578919494527e-9,2.209351835616852e-8
130.43,9.736677868493549e-9,2.2087593629022358e-8
130.44,9.667321281638378e-9,2.208082104426132e-8
130.45,9.59772304722462e-9,2.207320220320237e-8
130.46,9.52788677978293e-9,2.2064738737941008e-8
130.47,9.457816095314384e-9,2.205543231116257e-8
130.48,9.38751461162289e-9,2.204528461607692e-8
130.49,9.316985947248387e-9,2.2034297376129407e-8
130.5,9.246233721915049e-9,2.202247234508781e-8
130.51,9.175261556600558e-9,2.200981130683063e-8
130.52,9.10407307275481e-9,2.199631607525203e-8
130.53,9.03267189210833e-9,2.1981988494086885e-8
130.54,8.961061638764163e-9,2.196683043691884e-8
130.55,8.889245934034381e-9,2.1950843806838976e-8
130.56,8.817228401631902e-9,2.1934030536572875e-8
130.57,8.745012664963323e-9,2.191639258828608e-8
130.58,8.672602345985817e-9,2.189793195321455e-8
130.59,8.600001068040568e-9,2.1878650651895295e-8
130.6,8.527212452999787e-9,2.1858550733978255e-8
130.61,8.454240122415512e-9,2.1837634277718243e-8
130.62,8.381087696769501e-9,2.1815903390337287e-8
130.63,8.30775879608706e-9,2.1793360207761946e-8
130.64,8.234257038688288e-9,2.1770006894173323e-8
130.65,8.160586042318552e-9,2.174584564233442e-8
130.66,8.086749422715995e-9,2.1720878673214237e-8
130.67,8.012750794441661e-9,2.1695108235873935e-8
130.68,7.938593770404532e-9,2.1668536607219128e-8
130.69,7.864281961022185e-9,2.1641166092192715e-8
130.7,7.7898189756757e-9,2.1612999023357644e-8
130.71,7.71520842088121e-9,2.15840377608432e-8
130.72,7.640453901177199e-9,2.1554284692306485e-8
130.73,7.56555901796954e-9,2.1523742232382727e-8
130.74,7.490527371807366e-9,2.14924128232934e-8
130.75,7.415362558358538e-9,2.1460298933991438e-8
130.76,7.340068171434602e-9,2.1427403060339156e-8
130.77,7.264647802012934e-9,2.1393727725051274e-8
130.78,7.1891050373220975e-9,2.1359275477307557e-8
130.79,7.113443461521609e-9,2.1324048892736782e-8
130.8,7.037666655373701e-9,2.128805057330767e-8
130.81,6.9617781955503186e-9,2.1251283147163376e-8
130.82,6.88578165582347e-9,2.1213749268435547e-8
130.83,6.809680604615874e-9,2.1175451617143974e-8
130.84,6.73347860780358e-9,2.11363928989547e-8
130.85,6.657179226136542e-9,2.109657584514667e-8
130.86,6.580786016365198e-9,2.1056003212425465e-8
130.87,6.5043025304809235e-9,2.1014677782747858e-8
130.88,6.427732316366177e-9,2.097260236337219e-8
130.89,6.351078915783194e-9,2.0929779785979605e-8
130.9,6.274345867338244e-9,2.0886212907738932e-8
130.91,6.197536703554449e-9,2.0841904610078777e-8
130.92,6.12065495164043e-9,2.0796857799184015e-8
130.93,6.043704133903466e-9,2.0751075405287976e-8
130.94,5.966687767196718e-9,2.070456038312855e-8
130.95,5.889609362125158e-9,2.0657315711201978e-8
130.96,5.812472424109123e-9,2.060934439216416e-8
130.97,5.735280452352444e-9,2.0560649452173003e-8
130.98,5.658036940560343e-9,2.0511233941301076e-8
130.99,5.580745375573802e-9,2.046110093261849e-8
131.0,5.503409238545351e-9,2.041025352288252e-8
131.01,5.426032002579124e-9,2.0358694831164052e-8
131.02,5.348617136992929e-9,2.030642800059079e-8
131.03,5.271168102084723e-9,2.025345619629055e-8
131.04,5.1936883521123736e-9,2.0199782606219865e-8
131.05,5.1161813345858524e-9,2.0145410440791748e-8
131.06,5.038650489352882e-9,2.0090342932729686e-8
131.07,4.961099249259959e-9,2.0034583336812546e-8
131.08,4.883531039738287e-9,1.997813492983296e-8
131.09,4.805949278402744e-9,1.992100101080496e-8
131.1,4.728357377118211e-9,1.986318489868208e-8
131.11,4.650758736734608e-9,1.9804689936369894e-8
131.12,4.573156752547186e-9,1.9745519486488816e-8
131.13,4.4955548110885056e-9,1.9685676933167583e-8
131.14,4.417956290882129e-9,1.962516568139745e-8
131.15,4.340364562205874e-9,1.9563989157186818e-8
131.16,4.262782986594194e-9,1.950215080691032e-8
131.17,4.185214917587632e-9,1.9439654097657214e-8
131.18,4.1076636996606655e-9,1.937650251661295e-8
131.19,4.030132668548281e-9,1.9312699571202398e-8
131.2,3.952625151258115e-9,1.924824878869146e-8
131.21,3.875144465726104e-9,1.9183153716242705e-8
131.22,3.797693920379748e-9,1.9117417920533942e-8
131.23,3.7202768150679648e-9,1.9051044987720276e-8
131.24,3.6428964396627247e-9,1.8984038523265415e-8
131.25,3.5655560746996013e-9,1.8916402151548274e-8
131.26,3.48825899117637e-9,1.8848139516064573e-8
131.27,3.411008450234434e-9,1.877925427895531e-8
131.28,3.3338077030939597e-9,1.8709750120828436e-8
131.29,3.2566599913110945e-9,1.863963074092926e-8
131.3,3.17956854586837e-9,1.8568899856422142e-8
131.31,3.102536587785071e-9,1.849756120279141e-8
131.32,3.0255673278320624e-9,1.8425618533140308e-8
131.33,2.9486639660986747e-9,1.8353075618441062e-8
131.34,2.8718296922404754e-9,1.8279936247015773e-8
131.35,2.795067685329711e-9,1.8206204224702856e-8
131.36,2.7183811135415184e-9,1.8131883374259588e-8
131.37,2.641773134014292e-9,1.805697753558607e-8
131.38,2.565246893033867e-9,1.7981490565247017e-8
131.39,2.4888055260446985e-9,1.790542633674709e-8
131.4,2.4124521566200134e-9,1.7828788739552118e-8
131.41,2.3361898974658114e-9,1.775158167967312e-8
131.42,2.260021849735518e-9,1.767380907911342e-8
131.43,2.183951102960552e-9,1.7595474875838803e-8
131.44,2.1079807351089447e-9,1.751658302344798e-8
131.45,2.0321138120802357e-9,1.743713749102749e-8
131.46,1.9563533884684567e-9,1.7357142263166397e-8
131.47,1.8807025065519093e-9,1.727660133952714e-8
131.48,1.805164196122391e-9,1.719551873475333e-8
131.49,1.729741475653319e-9,1.7113898478319586e-8
131.5,1.6544373507009188e-9,1.703174461423507e-8
131.51,1.5792548146085708e-9,1.694906120107975e-8
131.52,1.5041968483320261e-9,1.6865852311653844e-8
131.53,1.4292664199888353e-9,1.6782122032714884e-8
131.54,1.3544664854443194e-9,1.669787446502562e-8
131.55,1.2797999870611654e-9,1.6613113723020347e-8
131.56,1.2052698551045999e-9,1.652784393454916e-8
131.57,1.1308790064449418e-9,1.644206924102732e-8
131.58,1.0566303448239184e-9,1.6355793796756024e-8
131.59,9.825267611117073e-10,1.6269021769124195e-8
131.6,9.085711325638974e-10,1.6181757338303732e-8
131.61,8.347663232788816e-10,1.609400469706623e-8
131.62,7.611151838826777e-10,1.6005768050460754e-8
131.63,6.876205514993856e-10,1.5917051615971457e-8
131.64,6.142852495691422e-10,1.5827859622945735e-8
131.65,5.411120876751102e-10,1.5738196312610745e-8
131.66,4.681038618042157e-10,1.5648065937839713e-8
131.67,3.9526335366558396e-10,1.5557472763055517e-8
131.68,3.225933316235468e-10,1.5466421063863806e-8
131.69,2.500965496826378e-10,1.537491512721175e-8
131.7,1.7777574730274305e-10,1.5282959250591874e-8
131.71,1.0563364997779476e-10,1.519055774238241e-8
131.72,3.367296895659718e-11,1.5097714921621162e-8
131.73,-3.8103599134440437e-11,1.5004435117548545e-8
131.74,-1.0969337200646654e-10,1.4910722669577243e-8
131.75,-1.8109368195287943e-10,1.481658192719895e-8
131.76,-2.5230187538281844e-10,1.4722017250000168e-8
131.77,-3.2331531597573723e-10,1.4627033005540403e-8
131.78,-3.9413137846733246e-10,1.4531633573294715e-8
131.79,-4.647474549810785e-10,1.4435823340316925e-8
131.8,-5.35160951937642e-10,1.4339606703056257e-8
131.81,-6.053692910710857e-10,1.4242988066859192e-8
131.82,-6.753699088950543e-10,1.414597184570245e-8
131.83,-7.451602574658024e-10,1.4048562462004425e-8
131.84,-8.147378039303084e-10,1.3950764346590984e-8
131.85,-8.841000305296643e-10,1.3852581938222415e-8
131.86,-9.532444362512746e-10,1.3754019683687793e-8
131.87,-1.0221685336854617e-9,1.3655082037393512e-8
131.88,-1.0908698523247255e-9,1.3555773461330912e-8
131.89,-1.1593459366442108e-9,1.345609842498647e-8
131.9,-1.2275943473368666e-9,1.3356061404717989e-8
131.91,-1.2956126609090366e-9,1.3255666883923332e-8
131.92,-1.3633984690368066e-9,1.3154919352933756e-8
131.93,-1.4309493800888421e-9,1.3053823308569148e-8
131.94,-1.4982630179496122e-9,1.2952383254158468e-8
131.95,-1.5653370231753882e-9,1.2850603698628165e-8
131.96,-1.6321690514899813e-9,1.2748489157981291e-8
131.97,-1.6987567755014491e-9,1.264604415337703e-8
131.98,-1.7650978840424326e-9,1.2543273211753174e-8
131.99,-1.8311900821490555e-9,1.24401808653836e-8
132.0,-1.897031090888392e-9,1.233677165220118e-8
132.01,-1.9626186485459294e-9,1.2233050114713509e-8
132.02,-2.0279505090727303e-9,1.2129020800807496e-8
132.03,-2.0930244438144233e-9,1.2024688262639967e-8
132.04,-2.157838239480904e-9,1.1920057057499788e-8
132.05,-2.2223897009726777e-9,1.1815131746248461e-8
132.06,-2.28667664890893e-9,1.1709916894474106e-8
132.07,-2.350696921098168e-9,1.1604417071491617e-8
132.08,-2.4144483719631255e-9,1.1498636850468044e-8
132.09,-2.477928873208448e-9,1.1392580808089112e-8
132.1,-2.5411363127947365e-9,1.1286253524554017e-8
132.11,-2.604068596333847e-9,1.117965958317678e-8
132.12,-2.6667236461192098e-9,1.1072803570365874e-8
132.13,-2.729099402088137e-9,1.0965690075266942e-8
132.14,-2.7911938204175333e-9,1.0858323689997533e-8
132.15,-2.853004875139091e-9,1.075070900874182e-8
132.16,-2.9145305575102983e-9,1.0642850628289948e-8
132.17,-2.9757688758765827e-9,1.0534753147269387e-8
132.18,-3.036717856094345e-9,1.0426421166476213e-8
132.19,-3.0973755411980424e-9,1.031785928827773e-8
132.2,-3.157739991777351e-9,1.0209072116736693e-8
132.21,-3.217809285897532e-9,1.0100064257239777e-8
132.22,-3.2775815192322907e-9,9.990840316179546e-9
132.23,-3.337054804874969e-9,9.881404901188244e-9
132.24,-3.396227273523111e-9,9.771762620593125e-9
132.25,-3.4550970736651924e-9,9.66191808338259e-9
132.26,-3.5136623712160933e-9,9.55187589905231e-9
132.27,-3.571921350189108e-9,9.44164067721269e-9
132.28,-3.6298722117023076e-9,9.331217027862633e-9
132.29,-3.6875131757616063e-9,9.220609560471958e-9
132.3,-3.744842478960095e-9,9.109822884598522e-9
132.31,-3.801858376598367e-9,8.998861609206896e-9
132.32,-3.858559141885512e-9,8.887730342349689e-9
132.33,-3.914943064613653e-9,8.776433692328229e-9
132.34,-3.971008454747485e-9,8.664976264911438e-9
132.35,-4.026753638762768e-9,8.553362665649046e-9
132.36,-4.082176961394487e-9,8.441597498593472e-9
132.37,-4.137276785756285e-9,8.32968536612967e-9
132.38,-4.1920514928244475e-9,8.21763086895547e-9
132.39,-4.246499481551113e-9,8.105438606027695e-9
132.4,-4.3006191694006595e-9,7.993113173973904e-9
132.41,-4.354408991681641e-9,7.880659167368292e-9
132.42,-4.407867402203014e-9,7.768081178273158e-9
132.43,-4.460992872687148e-9,7.655383796188193e-9
132.44,-4.51378389329435e-9,7.542571607720087e-9
132.45,-4.566238972433253e-9,7.429649196662606e-9
132.46,-4.618356636561618e-9,7.316621143727926e-9
132.47,-4.6701354309558836e-9,7.2034920260068485e-9
132.48,-4.721573918701242e-9,7.090266417375808e-9
132.49,-4.7726706817907695e-9,6.97694888792151e-9
132.5,-4.8234243199649214e-9,6.863544004194425e-9
132.51,-4.873833451599064e-9,6.750056328227178e-9
132.52,-4.923896713854363e-9,6.636490418187592e-9
132.53,-4.973612761770573e-9,6.5228508279771206e-9
132.54,-5.02298026917304e-9,6.40914210672031e-9
132.55,-5.071997928107882e-9,6.295368799039653e-9
132.56,-5.120664449336899e-9,6.181535444535326e-9
132.57,-5.168978561958509e-9,6.067646577894673e-9
132.58,-5.216939013568169e-9,5.953706728592645e-9
132.59,-5.264544570260916e-9,5.839720420537175e-9
132.6,-5.311794016831289e-9,5.725692172246369e-9
132.61,-5.358686156173873e-9,5.611626496766329e-9
132.62,-5.405219810258997e-9,5.4975279006447524e-9
132.63,-5.451393819227603e-9,5.383400884879154e-9
132.64,-5.497207041882644e-9,5.2692499441164225e-9
132.65,-5.542658355624746e-9,5.155079566478332e-9
132.66,-5.587746656438571e-9,5.040894233664863e-9
132.67,-5.63247085861275e-9,4.92669842067873e-9
132.68,-5.676829895628664e-9,4.812496595470522e-9
132.69,-5.720822718764306e-9,4.698293219195438e-9
132.7,-5.764448298611396e-9,4.584092744986776e-9
132.71,-5.807705623385014e-9,4.469899620828064e-9
132.72,-5.850593700921277e-9,4.355718284165197e-9
132.73,-5.8931115575233386e-9,4.241553166474357e-9
132.74,-5.935258237264452e-9,4.127408691202498e-9
132.75,-5.977032803423559e-9,4.0132892736078725e-9
132.76,-6.018434337803328e-9,3.899199320667562e-9
132.77,-6.059461940703328e-9,3.7851432311709975e-9
132.78,-6.100114730923338e-9,3.6711253953692635e-9
132.79,-6.140391845607631e-9,3.55715019498433e-9
132.8,-6.180292441888766e-9,3.4432220020336002e-9
132.81,-6.2198156932009646e-9,3.3293451809531093e-9
132.82,-6.258960793124026e-9,3.215524085955761e-9
132.83,-6.29772695315271e-9,3.101763062841689e-9
132.84,-6.336113403599873e-9,2.98806644694276e-9
132.85,-6.374119392938509e-9,2.8744385647470287e-9
132.86,-6.411744188950617e-9,2.760883732441083e-9
132.87,-6.448987076862174e-9,2.647406256852777e-9
132.88,-6.485847361068003e-9,2.534010434331658e-9
132.89,-6.522324364266945e-9,2.4207005511100217e-9
132.9,-6.558417427564521e-9,2.307480883165061e-9
132.91,-6.5941259106213736e-9,2.194355695713569e-9
132.92,-6.629449191473906e-9,2.0813292436257537e-9
132.93,-6.664386666576319e-9,1.9684057704936178e-9
132.94,-6.698937750885939e-9,1.8555895094149046e-9
132.95,-6.733101877517256e-9,1.7428846816949949e-9
132.96,-6.7668784982386476e-9,1.6302954982191555e-9
132.97,-6.800267083099076e-9,1.5178261576216572e-9
132.98,-6.833267119930772e-9,1.4054808481200871e-9
132.99,-6.865878115951402e-9,1.2932637446393976e-9
133.0,-6.898099595754163e-9,1.1811790114605702e-9
133.01,-6.929931102576674e-9,1.069230800364341e-9
133.02,-6.961372197864756e-9,9.574232511127345e-10
133.03,-6.992422461218458e-9,8.457604910970983e-10
133.04,-7.023081490696335e-9,7.342466353399218e-10
133.05,-7.053348901723132e-9,6.228857863111798e-10
133.06,-7.083224329267609e-9,5.116820342739089e-10
133.07,-7.112707424868535e-9,4.0063945454241416e-10
133.08,-7.1417978593738585e-9,2.8976211238510326e-10
133.09,-7.170495321270639e-9,1.790540580369793e-10
133.1,-7.198799516777221e-9,6.851932908235331e-11
133.11,-7.226710170582337e-9,-4.1838050601751536e-11
133.12,-7.25422702505427e-9,-1.5201407038766542e-10
133.13,-7.281349840709542e-9,-2.620047335265461e-10
133.14,-7.3080783958881424e-9,-3.718060570249271e-10
133.15,-7.334412486790886e-9,-4.814140718054104e-10
133.16,-7.360351927603062e-9,-5.908248229562896e-10
133.17,-7.385896550183976e-9,-7.00034369762048e-10
133.18,-7.411046204250825e-9,-8.090387857667633e-10
133.19,-7.435800757258386e-9,-9.178341590436308e-10
133.2,-7.460160094380315e-9,-1.0264165923903422e-9
133.21,-7.484124118481955e-9,-1.1347822031551507e-9
133.22,-7.507692750180994e-9,-1.2429271237296651e-9
133.23,-7.530865927539425e-9,-1.3508475013535299e-9
133.24,-7.553643606150716e-9,-1.4585394984981683e-9
133.25,-7.576025759276397e-9,-1.5659992928055292e-9
133.26,-7.598012377658661e-9,-1.6732230773173586e-9
133.27,-7.619603469534835e-9,-1.7802070607174151e-9
133.28,-7.640799060396236e-9,-1.886947467039377e-9
133.29,-7.661599193168677e-9,-1.993440536248699e-9
133.3,-7.68200392815666e-9,-2.0996825241726704e-9
133.31,-7.70201334302778e-9,-2.205669702455615e-9
133.32,-7.721627532348046e-9,-2.311398359273595e-9
133.33,-7.740846608328978e-9,-2.4168647985186954e-9
133.34,-7.759670700009781e-9,-2.5220653407448076e-9
133.35,-7.77809995382603e-9,-2.6269963228120425e-9
133.36,-7.796134532713124e-9,-2.7316540983479134e-9
133.37,-7.813774617392246e-9,-2.8360350375171234e-9
133.38,-7.831020404948523e-9,-2.940135527344667e-9
133.39,-7.847872109760661e-9,-3.043951971879565e-9
133.4,-7.864329962761554e-9,-3.147480791987514e-9
133.41,-7.880394212115956e-9,-3.250718426067023e-9
133.42,-7.896065122315443e-9,-3.3536613292895487e-9
133.43,-7.911342974765807e-9,-3.4563059746363453e-9
133.44,-7.926228067494678e-9,-3.558648852177896e-9
133.45,-7.940720715610506e-9,-3.660686470336758e-9
133.46,-7.954821249984112e-9,-3.7624153542333186e-9
133.47,-7.968530018484123e-9,-3.863832047498184e-9
133.48,-7.98184738523366e-9,-3.96493311137076e-9
133.49,-7.994773731198613e-9,-4.06571512533934e-9
133.5,-8.007309453149244e-9,-4.166174686834383e-9
133.51,-8.01945496449366e-9,-4.266308411615104e-9
133.52,-8.031210694743233e-9,-4.3661129338020645e-9
133.53,-8.042577089592184e-9,-4.465584905846098e-9
133.54,-8.053554611020378e-9,-4.564720998896828e-9
133.55,-8.06414373675411e-9,-4.663517902638697e-9
133.56,-8.074344960958742e-9,-4.761972325448619e-9
133.57,-8.084158793385157e-9,-4.8600809947496244e-9
133.58,-8.093585759944057e-9,-4.957840656681069e-9
133.59,-8.102626402109479e-9,-5.0552480765375556e-9
133.6,-8.111281277386302e-9,-5.152300038742422e-9
133.61,-8.119550958832827e-9,-5.24899334684253e-9
133.62,-8.12743603525141e-9,-5.345324823930939e-9
133.63,-8.13493711104418e-9,-5.441291312219281e-9
133.64,-8.142054806052754e-9,-5.5368896737162655e-9
133.65,-8.148789755437727e-9,-5.632116789652873e-9
133.66,-8.155142610391857e-9,-5.726969561565398e-9
133.67,-8.161114036641442e-9,-5.82144490999917e-9
133.68,-8.16670471566948e-9,-5.915539775968416e-9
133.69,-8.171915344014457e-9,-6.0092511200991745e-9
133.7,-8.176746633387964e-9,-6.1025759233525004e-9
133.71,-8.181199310609198e-9,-6.19551118642091e-9
133.72,-8.185274117448359e-9,-6.288053930636013e-9
133.73,-8.188971810605321e-9,-6.3802011973621255e-9
133.74,-8.192293161838438e-9,-6.4719500481860986e-9
133.75,-8.195238957389129e-9,-6.563297565602332e-9
133.76,-8.197809998462188e-9,-6.654240852320456e-9
133.77,-8.200007100912482e-9,-6.744777031734719e-9
133.78,-8.201831095168407e-9,-6.834903248044025e-9
133.79,-8.203282826212677e-9,-6.924616666049808e-9
133.8,-8.204363153282019e-9,-7.013914471464915e-9
133.81,-8.205072950321579e-9,-7.102793871080961e-9
133.82,-8.205413105232211e-9,-7.191252092577761e-9
133.83,-8.205384520963208e-9,-7.279286384416741e-9
133.84,-8.20498811325808e-9,-7.3668940168188856e-9
133.85,-8.2042248131534e-9,-7.454072280832273e-9
133.86,-8.203095565216225e-9,-7.54081848887641e-9
133.87,-8.201601328039978e-9,-7.627129974795944e-9
133.88,-8.199743074073504e-9,-7.713004093728491e-9
133.89,-8.197521789599916e-9,-7.798438222546977e-9
133.9,-8.19493847463015e-9,-7.883429759428667e-9
133.91,-8.191994143146288e-9,-7.967976124579455e-9
133.92,-8.188689821143777e-9,-8.05207475908381e-9
133.93,-8.18502655084215e-9,-8.135723126961746e-9
133.94,-8.181005385684801e-9,-8.218918713244253e-9
133.95,-8.1766273931199e-9,-8.301659025123471e-9
133.96,-8.171893654039997e-9,-8.383941591671446e-9
133.97,-8.166805262307607e-9,-8.465763964037114e-9
133.98,-8.161363324970612e-9,-8.547123715375359e-9
133.99,-8.155568962316848e-9,-8.628018441227322e-9
134.0,-8.149423307117168e-9,-8.708445759131753e-9
134.01,-8.142927505327547e-9,-8.788403308403328e-9
134.02,-8.136082715694532e-9,-8.867888751652211e-9
134.03,-8.128890109596825e-9,-8.94689977321347e-9
134.04,-8.121350871102372e-9,-9.025434079938348e-9
134.05,-8.11346619667799e-9,-9.103489401250147e-9
134.06,-8.105237295661405e-9,-9.181063488921678e-9
134.07,-8.096665389227134e-9,-9.258154117421711e-9
134.08,-8.087751711137512e-9,-9.334759083891245e-9
134.09,-8.078497507656759e-9,-9.410876208027498e-9
134.1,-8.068904036396164e-9,-9.48650333225434e-9
134.11,-8.058972567790451e-9,-9.561638321851834e-9
134.12,-8.048704384064407e-9,-9.636279064861183e-9
134.13,-8.038100779086308e-9,-9.71042347215666e-9
134.14,-8.027163058770895e-9,-9.78406947755537e-9
134.15,-8.015892540607741e-9,-9.857215037866672e-9
134.16,-8.004290553707787e-9,-9.92985813266625e-9
134.17,-7.9923584389263e-9,-1.000199676491743e-8
134.18,-7.980097548388334e-9,-1.0073628960328514e-8
134.19,-7.967509245642473e-9,-1.0144752767876937e-8
134.2,-7.954594905595323e-9,-1.0215366259681948e-8
134.21,-7.941355914124121e-9,-1.0285467530926562e-8
134.22,-7.927793668678064e-9,-1.0355054700228014e-8
134.23,-7.913909577337494e-9,-1.042412590929578e-8
134.24,-7.899705059211125e-9,-1.0492679323130493e-8
134.25,-7.885181544338389e-9,-1.0560713130167759e-8
134.26,-7.87034047352429e-9,-1.0628225542056696e-8
134.27,-7.855183298144714e-9,-1.0695214793964384e-8
134.28,-7.839711480348214e-9,-1.0761679144450305e-8
134.29,-7.823926492790273e-9,-1.0827616875375134e-8
134.3,-7.80782981784543e-9,-1.0893026292278365e-8
134.31,-7.791422949461069e-9,-1.0957905724101473e-8
134.32,-7.774707390841694e-9,-1.1022253523369891e-8
134.33,-7.75768465581586e-9,-1.1086068066057869e-8
134.34,-7.740356267868318e-9,-1.1149347751752632e-8
134.35,-7.72272376081259e-9,-1.1212091003827736e-8
134.36,-7.704788678228188e-9,-1.1274296269009151e-8
134.37,-7.686552573422178e-9,-1.1335962017885677e-8
134.38,-7.66801700932696e-9,-1.1397086744518631e-8
134.39,-7.649183558848196e-9,-1.1457668966881463e-8
134.4,-7.630053803853353e-9,-1.1517707226477628e-8
134.41,-7.610629335939478e-9,-1.1577200088620469e-8
134.42,-7.590911756024662e-9,-1.1636146142265597e-8
134.43,-7.570902674337399e-9,-1.1694544000403118e-8
134.44,-7.550603710038585e-9,-1.175239229945265e-8
134.45,-7.530016491322988e-9,-1.1809689699750898e-8
134.46,-7.509142655611547e-9,-1.1866434885509501e-8
134.47,-7.48798384884868e-9,-1.1922626564677277e-8
134.48,-7.466541726447829e-9,-1.197826346902227e-8
134.49,-7.444817951415478e-9,-1.2033344354219778e-8
134.5,-7.422814196208249e-9,-1.2087867999677733e-8
134.51,-7.400532141384537e-9,-1.214183320872018e-8
134.52,-7.3779734760277415e-9,-1.2195238808548712e-8
134.53,-7.35513989744955e-9,-1.2248083650187407e-8
134.54,-7.332033111307015e-9,-1.230036660849248e-8
134.55,-7.30865483134472e-9,-1.2352086582290268e-8
134.56,-7.285006779169382e-9,-1.2403242494245296e-8
134.57,-7.261090684308677e-9,-1.245383329088638e-8
134.58,-7.236908284398192e-9,-1.2503857942605651e-8
134.59,-7.212461324729249e-9,-1.2553315443696188e-8
134.6,-7.187751557973573e-9,-1.2602204812369196e-8
134.61,-7.162780744550308e-9,-1.2650525090633264e-8
134.62,-7.1375506524325395e-9,-1.2698275344485569e-8
134.63,-7.112063056684884e-9,-1.2745454663706566e-8
134.64,-7.086319739892832e-9,-1.2792062161954777e-8
134.65,-7.0603224917209315e-9,-1.2838096976803326e-8
134.66,-7.034073108800399e-9,-1.2883558269615545e-8
134.67,-7.007573394209886e-9,-1.2928445225044976e-8
134.68,-6.98082516079105e-9,-1.2972757054135998e-8
134.69,-6.953830223087344e-9,-1.3016492987857313e-8
134.7,-6.92659040677864e-9,-1.3059652283628346e-8
134.71,-6.899107541946363e-9,-1.3102234222001107e-8
134.72,-6.871383466026699e-9,-1.3144238107349473e-8
134.73,-6.843420022301331e-9,-1.3185663267896535e-8
134.74,-6.815219060890353e-9,-1.3226509055575217e-8
134.75,-6.786782437676314e-9,-1.3266774846069533e-8
134.76,-6.75811201482612e-9,-1.3306460038810126e-8
134.77,-6.729209660773812e-9,-1.3345564057056317e-8
134.78,-6.7000772494654885e-9,-1.3384086347649225e-8
134.79,-6.670716660774434e-9,-1.342202638129227e-8
134.8,-6.6411297806434895e-9,-1.3459383652059608e-8
134.81,-6.611318499955448e-9,-1.3496157678083259e-8
134.82,-6.581284715720673e-9,-1.353234800086576e-8
134.83,-6.5510303305267365e-9,-1.356795418562735e-8
134.84,-6.520557251655429e-9,-1.3602975821052676e-8
134.85,-6.489867392070512e-9,-1.363741251963289e-8
134.86,-6.4589626697275725e-9,-1.3671263917090703e-8
134.87,-6.427845007839984e-9,-1.3704529672977546e-8
134.88,-6.396516334190954e-9,-1.3737209470170423e-8
134.89,-6.364978581950719e-9,-1.3769303015012428e-8
134.9,-6.33323368865002e-9,-1.3800810037357402e-8
134.91,-6.3012835966583614e-9,-1.3831730290469236e-8
134.92,-6.269130252566463e-9,-1.38620635508e-8
134.93,-6.236775608124699e-9,-1.3891809618480136e-8
134.94,-6.204221618719782e-9,-1.392096831670035e-8
134.95,-6.171470244759011e-9,-1.3949539492018023e-8
134.96,-6.1385234501694305e-9,-1.3977523014231822e-8
134.97,-6.1053832032540355e-9,-1.4004918776460988e-8
134.98,-6.072051476340846e-9,-1.4031726694902266e-8
134.99,-6.038530245655122e-9,-1.4057946708820509e-8
135.0,-6.0048214910356435e-9,-1.4083578780789784e-8
135.01,-5.970927196299556e-9,-1.410862289638616e-8
135.02,-5.936849348629407e-9,-1.4133079064105768e-8
135.03,-5.902589938971781e-9,-1.4156947315643577e-8
135.04,-5.868150961075673e-9,-1.4180227705581823e-8
135.05,-5.8335344129968065e-9,-1.4202920311300612e-8
135.06,-5.798742295318567e-9,-1.422502523314665e-8
135.07,-5.7637766116900335e-9,-1.424654259431172e-8
135.08,-5.728639369316161e-9,-1.4267472540769262e-8
135.09,-5.693332577755006e-9,-1.4287815241209097e-8
135.1,-5.657858249844599e-9,-1.4307570887102829e-8
135.11,-5.62221840098764e-9,-1.4326739692499043e-8
135.12,-5.586415049212019e-9,-1.4345321894016259e-8
135.13,-5.550450215073904e-9,-1.436331775097502e-8
135.14,-5.514325921657116e-9,-1.4380727545083564e-8
135.15,-5.47804419444529e-9,-1.4397551580562654e-8
135.16,-5.441607061195464e-9,-1.4413790184098278e-8
135.17,-5.405016551547314e-9,-1.4429443704603644e-8
135.18,-5.368274697593241e-9,-1.4444512513469056e-8
135.19,-5.331383533011485e-9,-1.4458997004152043e-8
135.2,-5.294345094457628e-9,-1.4472897592575075e-8
135.21,-5.257161418579666e-9,-1.448621471658022e-8
135.22,-5.2198345449144365e-9,-1.4498948836138972e-8
135.23,-5.182366515145154e-9,-1.4511100433519012e-8
135.24,-5.144759369889443e-9,-1.4522670012595985e-8
135.25,-5.10701515460462e-9,-1.4533658099413577e-8
135.26,-5.069135913977231e-9,-1.454406524187808e-8
135.27,-5.031123694255719e-9,-1.4553892009613987e-8
135.28,-4.992980543184937e-9,-1.4563138994112862e-8
135.29,-4.954708509262714e-9,-1.4571806808491725e-8
135.3,-4.916309641496311e-9,-1.457989608746007e-8
135.31,-4.877785991022376e-9,-1.4587407487406648e-8
135.32,-4.839139608642598e-9,-1.4594341686195199e-8
135.33,-4.80037254586732e-9,-1.4600699383126369e-8
135.34,-4.761486855322479e-9,-1.4606481298831657e-8
135.35,-4.722484589948379e-9,-1.461168817534861e-8
135.36,-4.683367803030641e-9,-1.4616320775949755e-8
135.37,-4.644138547854832e-9,-1.4620379885037143e-8
135.38,-4.6047988783095386e-9,-1.4623866308231191e-8
135.39,-4.565350848282129e-9,-1.4626780872117287e-8
135.4,-4.525796511578538e-9,-1.4629124424374526e-8
135.41,-4.48613792164371e-9,-1.46308978334016e-8
135.42,-4.44637713370837e-9,-1.4632101988772406e-8
135.43,-4.406516199584359e-9,-1.4632737800514993e-8
135.44,-4.366557172770548e-9,-1.4632806199462944e-8
135.45,-4.326502106626561e-9,-1.4632308137255464e-8
135.46,-4.28635305204671e-9,-1.463124458579725e-8
135.47,-4.246112061591888e-9,-1.4629616537766828e-8
135.48,-4.205781185838651e-9,-1.4627425006148287e-8
135.49,-4.1653624746782116e-9,-1.4624671024130891e-8
135.5,-4.1248579774883855e-9,-1.4621355645416528e-8
135.51,-4.084269742362233e-9,-1.4617479943783231e-8
135.52,-4.043599816555634e-9,-1.4613045013031411e-8
135.53,-4.002850246084048e-9,-1.4608051967190691e-8
135.54,-3.962023075660703e-9,-1.4602501940189386e-8
135.55,-3.921120348928191e-9,-1.4596396085658453e-8
135.56,-3.880144107871796e-9,-1.4589735577299157e-8
135.57,-3.839096392714951e-9,-1.4582521608364308e-8
135.58,-3.797979243037824e-9,-1.4574755391826952e-8
135.59,-3.756794695732263e-9,-1.4566438160204726e-8
135.6,-3.7155447866666005e-9,-1.4557571165502326e-8
135.61,-3.674231549207897e-9,-1.454815567900026e-8
135.62,-3.632857015692594e-9,-1.453819299158285e-8
135.63,-3.591423215499715e-9,-1.452768441308383e-8
135.64,-3.5499321763930373e-9,-1.4516631272612232e-8
135.65,-3.5083859239133374e-9,-1.4505034918356978e-8
135.66,-3.46678648128742e-9,-1.4492896717429593e-8
135.67,-3.4251358694618214e-9,-1.4480218055848821e-8
135.68,-3.3834361068590764e-9,-1.4467000338507218e-8
135.69,-3.341689209101163e-9,-1.44532449888509e-8
135.7,-3.29989719011591e-9,-1.4438953449123209e-8
135.71,-3.2580620600634947e-9,-1.4424127180101983e-8
135.72,-3.216185826937248e-9,-1.4408767660984685e-8
135.73,-3.1742704957236878e-9,-1.439287638922156e-8
135.74,-3.1323180685388075e-9,-1.4376454880644922e-8
135.75,-3.0903305442959765e-9,-1.4359504669350637e-8
135.76,-3.0483099191222657e-9,-1.4342027307456053e-8
135.77,-3.0062581855088393e-9,-1.4324024364875601e-8
135.78,-2.9641773331093962e-9,-1.4305497429812456e-8
135.79,-2.922069348202872e-9,-1.428644810805105e-8
135.8,-2.8799362130338844e-9,-1.4266878023145065e-8
135.81,-2.837779907504146e-9,-1.4246788816339046e-8
135.82,-2.795602406700951e-9,-1.422618214625427e-8
135.83,-2.7534056826015873e-9,-1.4205059689041984e-8
135.84,-2.7111917034866934e-9,-1.4183423138323431e-8
135.85,-2.6689624336885656e-9,-1.4161274204674384e-8
135.86,-2.626719833976653e-9,-1.4138614616193986e-8
135.87,-2.584465860465947e-9,-1.4115446117738366e-8
135.88,-2.5422024659204e-9,-1.4091770471342377e-8
135.89,-2.4999315978989585e-9,-1.406758945548895e-8
135.9,-2.457655201305873e-9,-1.4042904866025864e-8
135.91,-2.4153752154524966e-9,-1.4017718514998746e-8
135.92,-2.373093575842923e-9,-1.3992032231248489e-8
135.93,-2.3308122134821784e-9,-1.3965847860008043e-8
135.94,-2.2885330547938573e-9,-1.3939167262781864e-8
135.95,-2.246258021554666e-9,-1.3911992317482222e-8
135.96,-2.203989030914692e-9,-1.3884324918083038e-8
135.97,-2.1617279952881963e-9,-1.3856166975069928e-8
135.98,-2.1194768223848416e-9,-1.3827520413212345e-8
135.99,-2.0772374147777704e-9,-1.3798387175686004e-8
136.0,-2.0350116701782857e-9,-1.3768769219622473e-8
136.01,-1.9928014813344983e-9,-1.373866851832575e-8
136.02,-1.9506087357354082e-9,-1.3708087060597653e-8
136.03,-1.9084353158212084e-9,-1.3677026850667945e-8
136.04,-1.866283098693367e-9,-1.364548990813435e-8
136.05,-1.8241539562730633e-9,-1.3613478267874834e-8
136.06,-1.7820497545903106e-9,-1.358099397962663e-8
136.07,-1.7399723545469865e-9,-1.3548039108404336e-8
136.08,-1.6979236118814006e-9,-1.3514615734099342e-8
136.09,-1.6559053761139123e-9,-1.3480725951353022e-8
136.1,-1.6139194912727691e-9,-1.3446371869412958e-8
136.11,-1.5719677958323014e-9,-1.3411555612294487e-8
136.12,-1.5300521220491072e-9,-1.3376279318362192e-8
136.13,-1.4881742966603527e-9,-1.3340545140349032e-8
136.14,-1.4463361401784691e-9,-1.3304355245266295e-8
136.15,-1.4045394672727267e-9,-1.3267711814351834e-8
136.16,-1.3627860864744462e-9,-1.3230617042790328e-8
136.17,-1.3210778000233673e-9,-1.3193073139669011e-8
136.18,-1.2794164041187815e-9,-1.3155082328029783e-8
136.19,-1.2378036884079798e-9,-1.3116646844446286e-8
136.2,-1.196241436734145e-9,-1.3077768939271088e-8
136.21,-1.154731425605355e-9,-1.3038450876097545e-8
136.22,-1.1132754259055189e-9,-1.2998694932147456e-8
136.23,-1.0718752014772587e-9,-1.2958503397837307e-8
136.24,-1.0305325098260267e-9,-1.2917878576631555e-8
136.25,-9.892491015600773e-10,-1.2876822785107194e-8
136.26,-9.480267206641414e-10,-1.283533835262396e-8
136.27,-9.068671040668823e-10,-1.2793427621759107e-8
136.28,-8.657719823164281e-10,-1.275109294717941e-8
136.29,-8.247430785804389e-10,-1.2708336696608541e-8
136.3,-7.837821092171419e-10,-1.2665161250054973e-8
136.31,-7.428907835358703e-10,-1.2621568999837018e-8
136.32,-7.020708037250046e-10,-1.257756235066029e-8
136.33,-6.613238647191413e-10,-1.2533143719137508e-8
136.34,-6.206516543833482e-10,-1.2488315534129355e-8
136.35,-5.800558532352515e-10,-1.2443080236202845e-8
136.36,-5.395381340574998e-10,-1.2397440277650586e-8
136.37,-4.99100162942366e-10,-1.2351398122695621e-8
136.38,-4.5874359796592453e-10,-1.2304956246829152e-8
136.39,-4.184700898616848e-10,-1.2258117137027363e-8
136.4,-3.782812818347504e-10,-1.2210883291715877e-8
136.41,-3.3817880929881284e-10,-1.216325722031909e-8
136.42,-2.9816430020103126e-10,-1.2115241443409073e-8
136.43,-2.5823937447618187e-10,-1.2066838492537191e-8
136.44,-2.1840564428166282e-10,-1.2018050909991887e-8
136.45,-1.7866471440771931e-10,-1.1968881248945794e-8
136.46,-1.3901818097130004e-10,-1.1919332072970389e-8
136.47,-9.9467632685827e-11,-1.1869405956303268e-8
136.48,-6.001464996033558e-11,-1.1819105483270279e-8
136.49,-2.0660805272716494e-11,-1.1768433248776246e-8
136.5,1.859233696938403e-11,-1.1717391857642193e-8
136.51,5.7743220806780293e-11,-1.1665983924646367e-8
136.52,9.679029825414711e-11,-1.161421207454927e-8
136.53,1.3573202960370514e-10,-1.1562078941947326e-8
136.54,1.7456688349077178e-10,-1.1509587170849155e-8
136.55,2.1329333728044845e-10,-1.1456739414979648e-8
136.56,2.519098763863753e-10,-1.1403538337258571e-8
136.57,2.9041499419790297e-10,-1.1349986610299811e-8
136.58,3.288071938024241e-10,-1.1296086915373276e-8
136.59,3.670849863152338e-10,-1.124184194289481e-8
136.6,4.0524689106660987e-10,-1.1187254392517395e-8
136.61,4.432914366775953e-10,-1.1132326972336061e-8
136.62,4.812171599168889e-10,-1.1077062399356335e-8
136.63,5.190226067642995e-10,-1.1021463398935785e-8
136.64,5.567063316271138e-10,-1.0965532705209675e-8
136.65,5.942668985384888e-10,-1.0909273059615542e-8
136.66,6.317028792156038e-10,-1.0852687213280142e-8
136.67,6.690128553271512e-10,-1.0795777924349155e-8
136.68,7.061954168846411e-10,-1.073854795928051e-8
136.69,7.432491632676805e-10,-1.068100009212584e-8
136.7,7.801727027597462e-10,-1.0623137104938373e-8
136.71,8.169646530906349e-10,-1.0564961786927334e-8
136.72,8.53623640591758e-10,-1.0506476935188617e-8
136.73,8.901483008523321e-10,-1.0447685353870559e-8
136.74,9.265372797063988e-10,-1.0388589854453604e-8
136.75,9.627892306680313e-10,-1.0329193255363522e-8
136.76,9.989028176205394e-10,-1.0269498382131821e-8
136.77,1.0348767134770335e-9,-1.0209508067072644e-8
136.78,1.0707096004551789e-9,-1.0149225149203389e-8
136.79,1.1064001706121823e-9,-1.0088652474102489e-8
136.8,1.141947124835387e-9,-1.002779289390792e-8
136.81,1.1773491740334293e-9,-9.966649266976124e-9
136.82,1.2126050383616464e-9,-9.905224458098311e-9
136.83,1.2477134479112735e-9,-9.84352133758061e-9
136.84,1.2826731418728788e-9,-9.781542782516765e-9
136.85,1.3174828690599726e-9,-9.719291675434324e-9
136.86,1.3521413889987837e-9,-9.65677090451273e-9
136.87,1.386647469330345e-9,-9.593983363722849e-9
136.88,1.4209998886827563e-9,-9.530931952348303e-9
136.89,1.4551974349920007e-9,-9.467619575145691e-9
136.9,1.4892389058403033e-9,-9.4040491421167e-9
136.91,1.523123109281158e-9,-9.340223568154562e-9
136.92,1.55684886215896e-9,-9.276145773629752e-9
136.93,1.5904149923792746e-9,-9.21181868322707e-9
136.94,1.6238203372649504e-9,-9.14724522661782e-9
136.95,1.6570637439814457e-9,-9.082428338084567e-9
136.96,1.690144069766638e-9,-9.017370956445223e-9
136.97,1.7230601819904429e-9,-8.95207602477979e-9
136.98,1.7558109581410339e-9,-8.886546490477922e-9
136.99,1.7883952854884375e-9,-8.820785305075009e-9
137.0,1.8208120614119594e-9,-8.754795424032334e-9
137.01,1.853060194320153e-9,-8.688579806782985e-9
137.02,1.885138601220462e-9,-8.622141416473275e-9
137.03,1.9170462105438386e-9,-8.555483219832772e-9
137.04,1.9487819604625904e-9,-8.488608187125369e-9
137.05,1.980344799461414e-9,-8.42151929198092e-9
137.06,2.0117336860863775e-9,-8.354219511502508e-9
137.07,2.0429475895790818e-9,-8.28671182554658e-9
137.08,2.0739854891591057e-9,-8.218999217348876e-9
137.09,2.1048463744937e-9,-8.151084672836542e-9
137.1,2.1355292455606368e-9,-8.082971180703246e-9
137.11,2.1660331126750577e-9,-8.014661732459963e-9
137.12,2.1963569966815622e-9,-7.946159321979282e-9
137.13,2.2264999287126774e-9,-7.877466945600073e-9
137.14,2.2564609504145488e-9,-7.808587602022116e-9
137.15,2.286239113893844e-9,-7.739524291922782e-9
137.16,2.315833481477561e-9,-7.670280018269923e-9
137.17,2.3452431265348603e-9,-7.600857785685098e-9
137.18,2.374467132441129e-9,-7.53126060081775e-9
137.19,2.4035045932366715e-9,-7.461491471768282e-9
137.2,2.4323546137333935e-9,-7.3915534083144366e-9
137.21,2.461016308740898e-9,-7.3214494220259395e-9
137.22,2.489488804219479e-9,-7.251182525072116e-9
137.23,2.5177712367287677e-9,-7.180755731235957e-9
137.24,2.5458627530020264e-9,-7.1101720554515205e-9
137.25,2.5737625108054616e-9,-7.039434513300719e-9
137.26,2.601469678226069e-9,-6.968546121441926e-9
137.27,2.628983434311606e-9,-6.897509897257493e-9
137.28,2.656302968450546e-9,-6.826328858534697e-9
137.29,2.683427481076887e-9,-6.755006023619564e-9
137.3,2.7103561828574757e-9,-6.683544411391606e-9
137.31,2.737088295627164e-9,-6.611947040666231e-9
137.32,2.763623051616164e-9,-6.540216930536487e-9
137.33,2.7899596940607366e-9,-6.468357100083486e-9
137.34,2.8160974766383444e-9,-6.396370568233189e-9
137.35,2.8420356639095355e-9,-6.324260353699679e-9
137.36,2.867773531206086e-9,-6.252029474828067e-9
137.37,2.893310364623537e-9,-6.179680949438242e-9
137.38,2.9186454611419965e-9,-6.107217794899117e-9
137.39,2.9437781277901424e-9,-6.034643027763258e-9
137.4,2.9687076835772267e-9,-5.961959663637527e-9
137.41,2.9934334575331292e-9,-5.889170717445677e-9
137.42,3.0179547895340545e-9,-5.816279202852135e-9
137.43,3.0422710306113675e-9,-5.743288132423117e-9
137.44,3.0663815422476736e-9,-5.670200517343731e-9
137.45,3.0902856968767475e-9,-5.597019367480329e-9
137.46,3.113982877661294e-9,-5.523747691253988e-9
137.47,3.1374724787789737e-9,-5.450388495100232e-9
137.48,3.160753905085645e-9,-5.376944784042879e-9
137.49,3.1838265722866167e-9,-5.303419561226394e-9
137.5,3.2066899070323564e-9,-5.2298158275029385e-9
137.51,3.2293433466605786e-9,-5.15613658184065e-9
137.52,3.2517863393665838e-9,-5.0823848210269385e-9
137.53,3.274018344112481e-9,-5.008563539486635e-9
137.54,3.296038831061735e-9,-4.934675728994097e-9
137.55,3.317847280696664e-9,-4.8607243790487545e-9
137.56,3.3394431847498054e-9,-4.786712476301659e-9
137.57,3.3608260454655128e-9,-4.712643004812776e-9
137.58,3.3819953770111063e-9,-4.6385189453859095e-9
137.59,3.4029507009180327e-9,-4.5643432762422724e-9
137.6,3.4236915547208334e-9,-4.490118972222652e-9
137.61,3.4442174831489615e-9,-4.415849004913819e-9
137.62,3.464528042737935e-9,-4.341536342704104e-9
137.63,3.4846228009106406e-9,-4.267183950462089e-9
137.64,3.504501335755929e-9,-4.192794789460635e-9
137.65,3.5241632362733333e-9,-4.118371817391931e-9
137.66,3.5436081023812554e-9,-4.043917987969525e-9
137.67,3.5628355443636044e-9,-3.9694362515865696e-9
137.68,3.581845183996801e-9,-3.894929553214527e-9
137.69,3.6006366531477252e-9,-3.820400835516404e-9
137.7,3.619209594878711e-9,-3.745853035762968e-9
137.71,3.6375636627214715e-9,-3.6712890876529945e-9
137.72,3.65569852125116e-9,-3.596711919593744e-9
137.73,3.6736138456404824e-9,-3.5221244560542747e-9
137.74,3.691309322101201e-9,-3.447529616420738e-9
137.75,3.70878464701076e-9,-3.3729303159164534e-9
137.76,3.726039527993798e-9,-3.2983294643656932e-9
137.77,3.743073683041322e-9,-3.2237299669262097e-9
137.78,3.759886840969187e-9,-3.1491347234805926e-9
137.79,3.776478741261963e-9,-3.074546628887217e-9
137.8,3.792849134574075e-9,-2.9999685727410515e-9
137.81,3.808997781354256e-9,-2.925403438913286e-9
137.82,3.824924453129269e-9,-2.850854106373439e-9
137.83,3.840628932432803e-9,-2.7763234475057093e-9
137.84,3.856111011600982e-9,-2.7018143303087864e-9
137.85,3.871370494009462e-9,-2.627329615769063e-9
137.86,3.88640719454709e-9,-2.552872160298555e-9
137.87,3.901220936941348e-9,-2.478444812679909e-9
137.88,3.9158115565798525e-9,-2.4040504166882497e-9
137.89,3.930178899267982e-9,-2.329691809608701e-9
137.9,3.944322821304923e-9,-2.2553718224085044e-9
137.91,3.958243189298283e-9,-2.181093279607837e-9
137.92,3.971939880794193e-9,-2.106858999293567e-9
137.93,3.98541278335246e-9,-2.0326717928233036e-9
137.94,3.9986617952200505e-9,-1.9585344657505686e-9
137.95,4.011686825321894e-9,-1.8844498138590823e-9
137.96,4.024487792502149e-9,-1.8104206301563948e-9
137.97,4.037064626608653e-9,-1.7364496978959441e-9
137.98,4.049417267366454e-9,-1.6625397941034648e-9
137.99,4.061545665005972e-9,-1.5886936884422703e-9
138.0,4.073449780413415e-9,-1.5149141432628256e-9
138.01,4.0851295844557425e-9,-1.4412039135871111e-9
138.02,4.096585058349545e-9,-1.3675657469759447e-9
138.03,4.107816193944712e-9,-1.294002383308247e-9
138.04,4.118822992946729e-9,-1.22051655491835e-9
138.05,4.129605467320612e-9,-1.147110986178653e-9
138.06,4.140163639577457e-9,-1.0737883938395473e-9
138.07,4.150497542197271e-9,-1.0005514865268335e-9
138.08,4.160607217750161e-9,-9.274029648443996e-10
138.09,4.170492719318803e-9,-8.5434552122892e-10
138.1,4.180154109680452e-9,-7.813818400155697e-10
138.11,4.189591461992872e-9,-7.085145970737867e-10
138.12,4.198804859384155e-9,-6.357464599237947e-10
138.13,4.2077943949102445e-9,-5.630800875186631e-10
138.14,4.216560171763658e-9,-4.905181303660385e-10
138.15,4.225102303670836e-9,-4.180632299802602e-10
138.16,4.233420913237529e-9,-3.45718019487289e-10
138.17,4.241516133869381e-9,-2.734851229245057e-10
138.18,4.249388108470286e-9,-2.0136715537709778e-10
138.19,4.257036990040848e-9,-1.2936672303482491e-10
138.2,4.264462941325388e-9,-5.748642268174188e-11
138.21,4.2716661348578406e-9,1.4271157737764057e-11
138.22,4.278646753284529e-9,8.590343978201656e-11
138.23,4.285404988638074e-9,1.5740785438958774e-10
138.24,4.291941042818608e-9,2.2878184201026707e-10
138.25,4.2982551275132275e-9,3.0002285251525016e-10
138.26,4.3043474640774245e-9,3.711283453962102e-10
138.27,4.31021828324569e-9,4.4209579000464226e-10
138.28,4.315867825930225e-9,5.129226654742547e-10
138.29,4.3212963419986245e-9,5.836064606703042e-10
138.3,4.326504091480768e-9,6.541446744386083e-10
138.31,4.33149134332672e-9,7.245348159309479e-10
138.32,4.336258376325229e-9,7.947744039313275e-10
138.33,4.3408054788838275e-9,8.648609682120234e-10
138.34,4.3451329484774066e-9,9.347920479571e-10
138.35,4.3492410919426716e-9,1.004565193133681e-9
138.36,4.3531302256500456e-9,1.074177964190015e-9
138.37,4.356800675411769e-9,1.143627932030118e-9
138.38,4.36025277613382e-9,1.212912678072013e-9
138.39,4.363486871956069e-9,1.2820297944718044e-9
138.4,4.366503316307449e-9,1.3509768841533535e-9
138.41,4.369302471762729e-9,1.419751560812373e-9
138.42,4.3718847102066625e-9,1.4883514491789124e-9
138.43,4.374250412036142e-9,1.5567741847093074e-9
138.44,4.3763999677407336e-9,1.6250174140109633e-9
138.45,4.378333775785448e-9,1.693078794966534e-9
138.46,4.380052244214673e-9,1.7609559964536716e-9
138.47,4.3815557898959125e-9,1.8286466986905506e-9
138.48,4.382844838605137e-9,1.89614859319524e-9
138.49,4.383919825204211e-9,1.9634593829898595e-9
138.5,4.3847811929171905e-9,2.0305767824086217e-9
138.51,4.385429394195032e-9,2.097498517456222e-9
138.52,4.3858648901494364e-9,2.164222325796264e-9
138.53,4.386088150081517e-9,2.230745956467593e-9
138.54,4.386099653260596e-9,2.297067170809022e-9
138.55,4.385899886198546e-9,2.3631837414609993e-9
138.56,4.385489344810092e-9,2.429093453167339e-9
138.57,4.384868533342592e-9,2.4947941026624035e-9
138.58,4.3840379644910135e-9,2.5602834986394087e-9
138.59,4.382998159541162e-9,2.6255594618906146e-9
138.6,4.381749648192657e-9,2.690619825275102e-9
138.61,4.380292968509436e-9,2.7554624338028754e-9
138.62,4.378628666986276e-9,2.8200851454589183e-9
138.63,4.376757298183082e-9,2.8844858293940717e-9
138.64,4.374679425220643e-9,2.9486623679763664e-9
138.65,4.372395619292186e-9,3.0126126558490756e-9
138.66,4.3699064598476484e-9,3.0763346001618657e-9
138.67,4.367212534424652e-9,3.1398261206048303e-9
138.68,4.364314438331225e-9,3.2030851494706264e-9
138.69,4.361212775449602e-9,3.2661096319948435e-9
138.7,4.357908157173606e-9,3.3288975260285056e-9
138.71,4.35440120387187e-9,3.3914468018620995e-9
138.72,4.350692542333543e-9,3.453755443367121e-9
138.73,4.346782808091904e-9,3.515821446912579e-9
138.74,4.3426726443700725e-9,3.57764282194417e-9
138.75,4.338362702125606e-9,3.6392175909859633e-9
138.76,4.3338536401147655e-9,3.700543789511675e-9
138.77,4.3291461247125466e-9,3.7616194663606584e-9
138.78,4.32424083000126e-9,3.8224426835303095e-9
138.79,4.319138437530712e-9,3.883011516180442e-9
138.8,4.313839635908468e-9,3.943324052650098e-9
138.81,4.308345122515217e-9,4.003378395066476e-9
138.82,4.302655601210368e-9,4.063172658626025e-9
138.83,4.296771783240749e-9,4.1227049722192626e-9
138.84,4.290694387570528e-9,4.181973477993554e-9
138.85,4.284424140366417e-9,4.240976331852236e-9
138.86,4.2779617747789005e-9,4.29971170323074e-9
138.87,4.271308031557493e-9,4.358177775308684e-9
138.88,4.264463658389154e-9,4.416372745039787e-9
138.89,4.25742941001586e-9,4.4742948225298254e-9
138.9,4.250206048442388e-9,4.531942232732621e-9
138.91,4.242794342589983e-9,4.589313213684961e-9
138.92,4.235195067999978e-9,4.646406017481354e-9
138.93,4.227409007812775e-9,4.703218910245132e-9
138.94,4.2194369512757655e-9,4.7597501720435195e-9
138.95,4.2112796949376285e-9,4.815998096962141e-9
138.96,4.202938041887883e-9,4.871960993069356e-9
138.97,4.194412802381239e-9,4.927637182770942e-9
138.98,4.185704792325105e-9,4.983025002375657e-9
138.99,4.176814835311201e-9,5.03812280251735e-9
139.0,4.167743760707375e-9,5.092928948023271e-9
139.01,4.158492404833548e-9,5.1474418179279775e-9
139.02,4.149061610242769e-9,5.201659805729455e-9
139.03,4.139452225946603e-9,5.2555813192388584e-9
139.04,4.129665107227592e-9,5.309204780376307e-9
139.05,4.119701115917183e-9,5.362528625906547e-9
139.06,4.10956111974628e-9,5.415551306835388e-9
139.07,4.0992459926585056e-9,5.468271288551505e-9
139.08,4.0887566151649234e-9,5.5206870512168974e-9
139.09,4.0780938732132005e-9,5.572797089369936e-9
139.1,4.067258659221546e-9,5.624599912191765e-9
139.11,4.056251871583206e-9,5.676094043583816e-9
139.12,4.04507441438271e-9,5.727278021919783e-9
139.13,4.033727197616956e-9,5.778150400474451e-9
139.14,4.0222111372377396e-9,5.8287097471053085e-9
139.15,4.01052715475742e-9,5.878954644483088e-9
139.16,3.9986761777016386e-9,5.9288836900124085e-9
139.17,3.986659139095237e-9,5.978495495946474e-9
139.18,3.9744769770589e-9,6.027788689455275e-9
139.19,3.962130636152137e-9,6.076761912422858e-9
139.2,3.949621065859489e-9,6.1254138217698186e-9
139.21,3.936949221096001e-9,6.173743089163844e-9
139.22,3.9241160624983705e-9,6.221748401468595e-9
139.23,3.9111225557372515e-9,6.26942846024507e-9
139.24,3.897969671594059e-9,6.31678198234479e-9
139.25,3.884658386609621e-9,6.363807699425556e-9
139.26,3.871189682067344e-9,6.4105043582524214e-9
139.27,3.857564544132876e-9,6.456870720669763e-9
139.28,3.843783964746918e-9,6.502905563616805e-9
139.29,3.829848940060843e-9,6.54860767914384e-9
139.3,3.81576047170473e-9,6.593975874441233e-9
139.31,3.80151956627475e-9,6.639008971807926e-9
139.32,3.787127234569903e-9,6.6837058087818426e-9
139.33,3.772584492463574e-9,6.728065238075462e-9
139.34,3.757892360700858e-9,6.772086127631549e-9
139.35,3.743051864340902e-9,6.815767360542967e-9
139.36,3.7280640338330164e-9,6.859107835151856e-9
139.37,3.712929903059334e-9,6.9021064652155915e-9
139.38,3.697650511088043e-9,6.944762179595184e-9
139.39,3.682226901232692e-9,6.987073922512913e-9
139.4,3.6666601211948615e-9,7.029040653527563e-9
139.41,3.6509512229461028e-9,7.070661347460226e-9
139.42,3.635101262771807e-9,7.11193499456036e-9
139.43,3.6191113012669974e-9,7.152860600298047e-9
139.44,3.6029824029510262e-9,7.1934371856259814e-9
139.45,3.586715636431983e-9,7.233663786787763e-9
139.46,3.5703120744699316e-9,7.273539455373321e-9
139.47,3.553772794119612e-9,7.313063258532139e-9
139.48,3.5370988755991246e-9,7.352234278625183e-9
139.49,3.520291403436177e-9,7.39105161358808e-9
139.5,3.5033514660348254e-9,7.429514376619781e-9
139.51,3.486280155377858e-9,7.467621696502615e-9
139.52,3.469078567063983e-9,7.505372717251513e-9
139.53,3.4517478007717003e-9,7.542766598613106e-9
139.54,3.4342889589998283e-9,7.579802515467517e-9
139.55,3.4167031469317333e-9,7.61647965847523e-9
139.56,3.3989914788173208e-9,7.652797233167908e-9
139.57,3.381155063316686e-9,7.688754461375785e-9
139.58,3.363195018855107e-9,7.72435057979852e-9
139.59,3.345112465088668e-9,7.759584840708615e-9
139.6,3.3269085254222563e-9,7.794456511909154e-9
139.61,3.308584325763082e-9,7.828964876742122e-9
139.62,3.2901409957850936e-9,7.86310923383908e-9
139.63,3.2715796678264803e-9,7.896888897425715e-9
139.64,3.2529014774852127e-9,7.930303197239271e-9
139.65,3.234107562871016e-9,7.96335147831266e-9
139.66,3.215199065464418e-9,7.996033101336282e-9
139.67,3.19617712930926e-9,8.028347442415164e-9
139.68,3.1770429011864087e-9,8.060293892933236e-9
139.69,3.1577975307115304e-9,8.09187186002967e-9
139.7,3.1384421698719426e-9,8.123080766147516e-9
139.71,3.118977973933344e-9,8.153920049138076e-9
139.72,3.09940609979972e-9,8.18438916236279e-9
139.73,3.07972770740758e-9,8.214487574686094e-9
139.74,3.059943958868806e-9,8.244214770185036e-9
139.75,3.0400560188017027e-9,8.273570248666578e-9
139.76,3.0200650540897732e-9,8.302553525149636e-9
139.77,2.9999722338533706e-9,8.331164130077609e-9
139.78,2.979778729285601e-9,8.359401609380289e-9
139.79,2.959485713964559e-9,8.387265524345571e-9
139.8,2.939094363017285e-9,8.414755451507919e-9
139.81,2.9186058543682693e-9,8.441870983054147e-9
139.82,2.898021367313187e-9,8.468611726371e-9
139.83,2.8773420831757657e-9,8.494977304065815e-9
139.84,2.856569185098284e-9,8.520967354364899e-9
139.85,2.8357038579974903e-9,8.546581530615112e-9
139.86,2.814747288779504e-9,8.57181950153933e-9
139.87,2.7937006656785114e-9,8.59668095113889e-9
139.88,2.772565178527749e-9,8.621165578739867e-9
139.89,2.751342019005821e-9,8.645273098883665e-9
139.9,2.730032379989486e-9,8.669003241323774e-9
139.91,2.7086374558485345e-9,8.692355751019935e-9
139.92,2.6871584429208717e-9,8.715330388863924e-9
139.93,2.6655965377326622e-9,8.737926929627146e-9
139.94,2.6439529391085107e-9,8.760145164122459e-9
139.95,2.622228846269708e-9,8.781984898267707e-9
139.96,2.6004254601897663e-9,8.80344595297512e-9
139.97,2.5785439828457975e-9,8.824528164297864e-9
139.98,2.5565856169816404e-9,8.845231383501982e-9
139.99,2.5345515664551e-9,8.86555547681597e-9
140.0,2.5124430362870778e-9,8.885500325563754e-9
140.01,2.490261231634958e-9,8.90506582613198e-9
140.02,2.4680073593270893e-9,8.92425188988519e-9
140.03,2.445682626779486e-9,8.94305844328697e-9
140.04,2.4232882416290808e-9,8.961485427626088e-9
140.05,2.400825412282675e-9,8.979532799201193e-9
140.06,2.378295348495433e-9,8.997200529262603e-9
140.07,2.3556992589801645e-9,9.014488603936624e-9
140.08,2.33303835519438e-9,9.031397024242029e-9
140.09,2.310313846591417e-9,9.04792580600189e-9
140.1,2.2875269444487443e-9,9.064074979732945e-9
140.11,2.264678860160809e-9,9.079844591063008e-9
140.12,2.241770804961233e-9,9.095234700198654e-9
140.13,2.2188039906342825e-9,9.110245381963853e-9
140.14,2.1957796291187655e-9,9.124876726061416e-9
140.15,2.1726989321595433e-9,9.139128836794077e-9
140.16,2.1495631116606356e-9,9.153001833137181e-9
140.17,2.1263733796833244e-9,9.16649584873685e-9
140.18,2.103130947478349e-9,9.179611031608777e-9
140.19,2.0798370274854346e-9,9.19234754457735e-9
140.2,2.0564928309361983e-9,9.204705564825146e-9
140.21,2.033099568843822e-9,9.216685284109787e-9
140.22,2.009658452177025e-9,9.228286908573823e-9
140.23,1.9861706916282276e-9,9.23951065877101e-9
140.24,1.9626374975549945e-9,9.250356769777508e-9
140.25,1.939060079328134e-9,9.260825490842978e-9
140.26,1.9154396462043337e-9,9.270917085610077e-9
140.27,1.8917774069856824e-9,9.280631832016316e-9
140.28,1.8680745694145245e-9,9.289970022249489e-9
140.29,1.8443323400315754e-9,9.298931962454731e-9
140.3,1.8205519279156045e-9,9.30751797368881e-9
140.31,1.7967345365089186e-9,9.31572839014201e-9
140.32,1.772881371176933e-9,9.323563560735125e-9
140.33,1.7489936364385406e-9,9.331023848265527e-9
140.34,1.725072535164472e-9,9.338109629666514e-9
140.35,1.7011192695237562e-9,9.344821295615259e-9
140.36,1.677135040543821e-9,9.351159250906093e-9
140.37,1.6531210481808252e-9,9.357123914150298e-9
140.38,1.6290784912070925e-9,9.362715717872405e-9
140.39,1.6050085673015851e-9,9.3679351083781e-9
140.4,1.5809124726272746e-9,9.37278254564408e-9
140.41,1.5567914024934334e-9,9.377258503672455e-9
140.42,1.5326465502313231e-9,9.381363469724294e-9
140.43,1.5084791083024532e-9,9.385097945095352e-9
140.44,1.484290267450745e-9,9.388462444422616e-9
140.45,1.4600812166188327e-9,9.39145749593248e-9
140.46,1.4358531439955248e-9,9.394083641458013e-9
140.47,1.4116072353326724e-9,9.396341436313194e-9
140.48,1.3873446751990485e-9,9.39823144906863e-9
140.49,1.3630666461286524e-9,9.399754261803257e-9
140.5,1.3387743291190656e-9,9.400910469773746e-9
140.51,1.3144689031854266e-9,9.401700681690044e-9
140.52,1.2901515456512326e-9,9.402125519443359e-9
140.53,1.2658234317959043e-9,9.40218561799648e-9
140.54,1.2414857349713127e-9,9.401881625552356e-9
140.55,1.2171396262476527e-9,9.401214203352669e-9
140.56,1.1927862753041587e-9,9.400184025753177e-9
140.57,1.1684268487465452e-9,9.398791779918477e-9
140.58,1.1440625119452545e-9,9.397038166245445e-9
140.59,1.119694427713571e-9,9.394923897498998e-9
140.6,1.0953237562803755e-9,9.392449699930919e-9
140.61,1.0709516557925351e-9,9.389616312057466e-9
140.62,1.0465792822459418e-9,9.386424485434774e-9
140.63,1.0222077889600553e-9,9.382874984079189e-9
140.64,9.978383269634321e-10,9.378968584843964e-9
140.65,9.734720446041559e-10,9.374706076922108e-9
140.66,9.491100878608653e-10,9.370088262188493e-9
140.67,9.247536000146043e-10,9.365115954973004e-9
140.68,9.00403721850804e-10,9.359789981994662e-9
140.69,8.760615913378007e-10,9.354111182248555e-9
140.7,8.517283436092455e-10,9.348080407176983e-9
140.71,8.27405110994413e-10,9.341698520258517e-9
140.72,8.030930234480167e-10,9.33496639748022e-9
140.73,7.787932073609947e-10,9.327884926499355e-9
140.74,7.545067873852144e-10,9.32045500771387e-9
140.75,7.302348836004565e-10,9.312677552856886e-9
140.76,7.059786142461353e-10,9.304553486044362e-9
140.77,6.817390939568822e-10,9.296083743072541e-9
140.78,6.575174346598656e-10,9.287269271852998e-9
140.79,6.33314744870204e-10,9.278111031771716e-9
140.8,6.091321299513984e-10,9.268609994192277e-9
140.81,5.849706922056055e-10,9.258767142003387e-9
140.82,5.608315304321804e-10,9.248583469787802e-9
140.83,5.367157401826088e-10,9.238059983542081e-9
140.84,5.12624413939754e-10,9.227197701083751e-9
140.85,4.885586404941802e-10,9.215997651645485e-9
140.86,4.645195047252104e-10,9.20446087448371e-9
140.87,4.40508089125402e-10,9.192588422506373e-9
140.88,4.165254718505137e-10,9.180381358227086e-9
140.89,3.925727277154552e-10,9.167840755837534e-9
140.9,3.6865092787956926e-10,9.154967700598518e-9
140.91,3.4476113989952973e-10,9.141763288801544e-9
140.92,3.2090442771070345e-10,9.128228627805867e-9
140.93,2.9708185134066874e-10,9.114364835860697e-9
140.94,2.7329446729356595e-10,9.100173042135208e-9
140.95,2.495433272834915e-10,9.085654386354609e-9
140.96,2.2582948102531394e-10,9.070810019473587e-9
140.97,2.021539726594611e-10,9.055641102671838e-9
140.98,1.785178432262572e-10,9.04014880806756e-9
140.99,1.5492212954306964e-10,9.024334318081718e-9
141.0,1.313678644736669e-10,9.008198825782069e-9
141.01,1.078560766739294e-10,8.991743534557352e-9
141.02,8.438779094835476e-11,8.974969658235162e-9
141.03,6.096402773663721e-11,8.957878420849748e-9
141.04,3.758580352668526e-11,8.940471056607371e-9
141.05,1.4254130347155905e-11,8.922748810106393e-9
141.06,-9.029983416348088e-12,8.904712935868292e-9
141.07,-3.226553489270928e-11,8.886364698289754e-9
141.08,-5.545152403950395e-11,8.867705372014143e-9
141.09,-7.858695628723424e-11,8.848736241398691e-9
141.1,-1.0167084088647573e-10,8.829458600492736e-9
141.11,-1.2470219175852819e-10,8.80987375343383e-9
141.12,-1.4768002727245778e-10,8.789983013762953e-9
141.13,-1.706033698466115e-10,8.769787704741534e-9
141.14,-1.9347124730256828e-10,8.749289159048646e-9
141.15,-2.1628269119433648e-10,8.728488719133372e-9
141.16,-2.3903673834587053e-10,8.707387736397056e-9
141.17,-2.617324297508988e-10,8.685987571923196e-9
141.18,-2.843688112096809e-10,8.664289596035074e-9
141.19,-3.0694493329969565e-10,8.642295188021054e-9
141.2,-3.294598513945874e-10,8.620005736461335e-9
141.21,-3.5191262526954697e-10,8.597422639007869e-9
141.22,-3.7430232013663544e-10,8.574547302155006e-9
141.23,-3.966280054174753e-10,8.551381141497644e-9
141.24,-4.18888756023654e-10,8.527925581144969e-9
141.25,-4.410836510314872e-10,8.504182054362262e-9
141.26,-4.6321177525073803e-10,8.48015200287109e-9
141.27,-4.852722178264193e-10,8.455836876977306e-9
141.28,-5.072640732031031e-10,8.431238135774945e-9
141.29,-5.291864407800789e-10,8.406357246518908e-9
141.3,-5.510384251068409e-10,8.381195685095168e-9
141.31,-5.728191357262494e-10,8.355754935650303e-9
141.32,-5.945276875222496e-10,8.33003649043049e-9
141.33,-6.161632000146245e-10,8.304041850243666e-9
141.34,-6.377247986003359e-10,8.277772523535626e-9
141.35,-6.592116131823579e-10,8.2512300271999e-9
141.36,-6.806227795873019e-10,8.224415885763396e-9
141.37,-7.019574384531397e-10,8.197331631855214e-9
141.38,-7.232147358212811e-10,8.169978805891665e-9
141.39,-7.443938232308061e-10,8.142358955850603e-9
141.4,-7.654938572631841e-10,8.114473637581587e-9
141.41,-7.865140000900851e-10,8.086324414485426e-9
141.42,-8.074534193807706e-10,8.057912857237286e-9
141.43,-8.283112881214131e-10,8.029240544421252e-9
141.44,-8.490867848922075e-10,8.000309061286766e-9
141.45,-8.697790930249141e-10,7.97112000129515e-9
141.46,-8.903874025011556e-10,7.941674964296932e-9
141.47,-9.109109084949489e-10,7.911975557521202e-9
141.48,-9.313488111965798e-10,7.882023395469527e-9
141.49,-9.517003169611728e-10,7.851820099455633e-9
141.5,-9.719646375356464e-10,7.821367297655996e-9
141.51,-9.921409903784603e-10,7.790666625216755e-9
141.52,-1.0122285983700961e-9,7.759719723719442e-9
141.53,-1.0322266907576309e-9,7.728528242155484e-9
141.54,-1.0521345019667714e-9,7.697093835198526e-9
141.55,-1.0719512718312344e-9,7.665418164618413e-9
141.56,-1.091676246828169e-9,7.633502898385096e-9
141.57,-1.1113086784381534e-9,7.601349710989439e-9
141.58,-1.1308478244535085e-9,7.568960283211347e-9
141.59,-1.1502929482582964e-9,7.536336301892763e-9
141.6,-1.1696433191847089e-9,7.503479460172465e-9
141.61,-1.1888982124424087e-9,7.470391457098907e-9
141.62,-1.20805690874119e-9,7.437073997951731e-9
141.63,-1.2271186954978021e-9,7.403528793583939e-9
141.64,-1.2460828654800656e-9,7.3697575609228725e-9
141.65,-1.2649487175630169e-9,7.335762022488473e-9
141.66,-1.2837155565677837e-9,7.3015439065541614e-9
141.67,-1.3023826932985138e-9,7.267104947128328e-9
141.68,-1.3209494447145358e-9,7.232446883321707e-9
141.69,-1.3394151337432495e-9,7.197571460098276e-9
141.7,-1.3577790887640895e-9,7.162480427778902e-9
141.71,-1.3760406461290627e-9,7.127175541168154e-9
141.72,-1.394199145767615e-9,7.0916585615371035e-9
141.73,-1.4122539350819147e-9,7.055931254325652e-9
141.74,-1.4302043680282952e-9,7.019995390584751e-9
141.75,-1.4480498035043526e-9,6.983852745851706e-9
141.76,-1.4657896072758309e-9,6.947505100819904e-9
141.77,-1.4834231514467401e-9,6.91095424099074e-9
141.78,-1.5009498137608665e-9,6.874201956459612e-9
141.79,-1.5183689790005572e-9,6.837250042010553e-9
141.8,-1.5356800364693537e-9,6.800100297375111e-9
141.81,-1.5528823838825672e-9,6.762754526097224e-9
141.82,-1.56997542419359e-9,6.725214536476874e-9
141.83,-1.5869585661191729e-9,6.687482141411542e-9
141.84,-1.6038312255273982e-9,6.649559157541043e-9
141.85,-1.620592824161772e-9,6.6114474060594255e-9
141.86,-1.6372427901837562e-9,6.573148712036558e-9
141.87,-1.6537805580560915e-9,6.5346649046707905e-9
141.88,-1.670205568381034e-9,6.495997817088929e-9
141.89,-1.6865172688868388e-9,6.457149286276582e-9
141.9,-1.7027151124971168e-9,6.4181211529755355e-9
141.91,-1.7187985593616812e-9,6.378915261622318e-9
141.92,-1.734767075644565e-9,6.339533460308371e-9
141.93,-1.7506201343437411e-9,6.299977600529903e-9
141.94,-1.7663572141854566e-9,6.260249537531376e-9
141.95,-1.7819778009794946e-9,6.220351129639043e-9
141.96,-1.797481386552524e-9,6.180284238682939e-9
141.97,-1.812867469212245e-9,6.14005072965091e-9
141.98,-1.8281355543533888e-9,6.099652470575555e-9
141.99,-1.8432851527738419e-9,6.059091332763663e-9
142.0,-1.8583157824690587e-9,6.018369190373452e-9
142.01,-1.873226967683278e-9,5.977487920433481e-9
142.02,-1.8880182393330077e-9,5.936449402916334e-9
142.03,-1.9026891345987125e-9,5.895255520569277e-9
142.04,-1.9172391972745173e-9,5.853908158636565e-9
142.05,-1.931667977819746e-9,5.812409205067218e-9
142.06,-1.9459750329908278e-9,5.7707605503805045e-9
142.07,-1.9601599260248883e-9,5.72896408741542e-9
142.08,-1.9742222267642643e-9,5.687021711677567e-9
142.09,-1.988161512681594e-9,5.644935319831928e-9
142.1,-2.0019773655532154e-9,5.602706812441386e-9
142.11,-2.0156693753681137e-9,5.560338091194143e-9
142.12,-2.029237138445929e-9,5.517831059827068e-9
142.13,-2.0426802573216964e-9,5.475187624210133e-9
142.14,-2.055998341378052e-9,5.432409692108864e-9
142.15,-2.0691910064663218e-9,5.389499173039446e-9
142.16,-2.0822578750980126e-9,5.346457978296961e-9
142.17,-2.0951985762247397e-9,5.303288020713126e-9
142.18,-2.1080127455383177e-9,5.2599912149170775e-9
142.19,-2.1207000253508118e-9,5.2165694767320634e-9
142.2,-2.133260064376834e-9,5.173024723658381e-9
142.21,-2.145692518130031e-9,5.12935887433865e-9
142.22,-2.157997048656044e-9,5.085573848841683e-9
142.23,-2.1701733245956634e-9,5.041671568293388e-9
142.24,-2.182221021324617e-9,4.997653954969883e-9
142.25,-2.1941398206523085e-9,4.9535229321989535e-9
142.26,-2.2059294112779185e-9,4.9092804242386555e-9
142.27,-2.217589487663018e-9,4.8649283561680314e-9
142.28,-2.2291197522051293e-9,4.82046865395278e-9
142.29,-2.240519913112622e-9,4.7759032441964055e-9
142.3,-2.2517896853069124e-9,4.731234054261378e-9
142.31,-2.2629287903506542e-9,4.686463011825541e-9
142.32,-2.2739369565343906e-9,4.641592045345759e-9
142.33,-2.2848139185608544e-9,4.596623083549186e-9
142.34,-2.2955594178550253e-9,4.551558055526826e-9
142.35,-2.3061732026963254e-9,4.506398890513171e-9
142.36,-2.3166550274984583e-9,4.461147518137873e-9
142.37,-2.3270046537428237e-9,4.4158058678851145e-9
142.38,-2.3372218490667464e-9,4.37037586950807e-9
142.39,-2.347306388264423e-9,4.32485945253075e-9
142.4,-2.357258052233645e-9,4.279258546440095e-9
142.41,-2.3670766287312763e-9,4.233575080572148e-9
142.42,-2.3767619122482103e-9,4.187810983901277e-9
142.43,-2.3863137033464003e-9,4.141968185025243e-9
142.44,-2.395731809788201e-9,4.0960486122483674e-9
142.45,-2.4050160455226335e-9,4.0500541932331925e-9
142.46,-2.414166232392713e-9,4.003986855108236e-9
142.47,-2.423182194123272e-9,3.9578485245425235e-9
142.48,-2.4320637682853216e-9,3.9116411271204195e-9
142.49,-2.4408107938102218e-9,3.865366587909254e-9
142.5,-2.449423117683753e-9,3.819026831074687e-9
142.51,-2.4579005934418947e-9,3.772623779695459e-9
142.52,-2.4662430811116088e-9,3.7261593559384745e-9
142.53,-2.474450447449311e-9,3.679635480849844e-9
142.54,-2.482522565467355e-9,3.633054074340039e-9
142.55,-2.4904593147009197e-9,3.5864170549163327e-9
142.56,-2.498260581797058e-9,3.5397263402479234e-9
142.57,-2.5059262590602547e-9,3.492983845940109e-9
142.58,-2.5134562458730356e-9,3.446191486590979e-9
142.59,-2.5208504478703997e-9,3.3993511751692356e-9
142.6,-2.5281087772682578e-9,3.352464822986861e-9
142.61,-2.5352311528700087e-9,3.3055343397790764e-9
142.62,-2.542217499764274e-9,3.2585616333099123e-9
142.63,-2.5490677496805543e-9,3.2115486098067826e-9
142.64,-2.5557818404261407e-9,3.164497173485846e-9
142.65,-2.5623597171143e-9,3.117409226558625e-9
142.66,-2.56880133038721e-9,3.0702866691740866e-9
142.67,-2.5751066372838885e-9,3.023131399501965e-9
142.68,-2.581275602547187e-9,2.975945313579859e-9
142.69,-2.5873081957105822e-9,2.92873030471963e-9
142.7,-2.5932043934994223e-9,2.8814882648251276e-9
142.71,-2.5989641790629436e-9,2.8342210822066003e-9
142.72,-2.6045875416440845e-9,2.786930643910277e-9
142.73,-2.610074476667868e-9,2.739618833503582e-9
142.74,-2.6154249874593637e-9,2.6922875331545695e-9
142.75,-2.6206390811790978e-9,2.644938620787206e-9
142.76,-2.625716773033965e-9,2.597573972635811e-9
142.77,-2.6306580839610952e-9,2.550195461936758e-9
142.78,-2.6354630415116823e-9,2.5028049589813104e-9
142.79,-2.64013167912668e-9,2.4554043310983317e-9
142.8,-2.6446640368162687e-9,2.4079954427554887e-9
142.81,-2.649060160816179e-9,2.3605801550851393e-9
142.82,-2.6533201032183266e-9,2.313160327129439e-9
142.83,-2.6574439232838404e-9,2.2657378115997065e-9
142.84,-2.6614316852621823e-9,2.218314462251325e-9
142.85,-2.6652834604533105e-9,2.1708921266955147e-9
142.86,-2.6689993259333294e-9,2.123472649865719e-9
142.87,-2.6725793652529393e-9,2.0760578731496322e-9
142.88,-2.676023668028739e-9,2.028649634419946e-9
142.89,-2.6793323296695446e-9,1.9812497679661167e-9
142.9,-2.6825054520231563e-9,1.9338601043753688e-9
142.91,-2.685543143204589e-9,1.8864824704558645e-9
142.92,-2.6884455174779735e-9,1.839118689315587e-9
142.93,-2.6912126942854143e-9,1.7917705799772436e-9
142.94,-2.693844799955464e-9,1.7444399579182348e-9
142.95,-2.6963419666967445e-9,1.6971286342263453e-9
142.96,-2.6987043326349283e-9,1.6498384160903424e-9
142.97,-2.7009320420203523e-9,1.6025711065328559e-9
142.98,-2.7030252449226116e-9,1.5553285044754363e-9
142.99,-2.704984097469907e-9,1.5081124044894901e-9
143.0,-2.7068087618343805e-9,1.4609245968491077e-9
143.01,-2.708499405714895e-9,1.4137668675225739e-9
143.02,-2.710056203277059e-9,1.3666409978802848e-9
143.03,-2.7114793342031735e-9,1.3195487650507604e-9
143.04,-2.7127689841417024e-9,1.2724919412831136e-9
143.05,-2.7139253445767257e-9,1.2254722944055368e-9
143.06,-2.714948612833443e-9,1.1784915874754814e-9
143.07,-2.7158389921451856e-9,1.1315515790152244e-9
143.08,-2.7165966912565753e-9,1.0846540222300745e-9
143.09,-2.717221925007022e-9,1.0378006660378067e-9
143.1,-2.7177149137444443e-9,9.909932541693781e-10
143.11,-2.718075883699105e-9,9.44233525212446e-10
143.12,-2.7183050667362642e-9,8.975232131409395e-10
143.13,-2.7184027002627155e-9,8.5086404631662e-10
143.14,-2.7183690277590515e-9,8.042577482752545e-10
143.15,-2.7182042977642136e-9,7.57706037169136e-10
143.16,-2.717908764996677e-9,7.112106260396129e-10
143.17,-2.7174826893420798e-9,6.647732222647489e-10
143.18,-2.7169263365542545e-9,6.183955284041107e-10
143.19,-2.716239977874465e-9,5.720792407832956e-10
143.2,-2.715423889947131e-9,5.258260511018522e-10
143.21,-2.714478354698497e-9,4.796376445623367e-10
143.22,-2.713403660366504e-9,4.335157014655407e-10
143.23,-2.712200099756308e-9,3.8746189615416013e-10
143.24,-2.710867971622682e-9,3.4147789724747477e-10
143.25,-2.709407579869315e-9,2.955653675700761e-10
143.26,-2.707819233833259e-9,2.497259641886594e-10
143.27,-2.7061032483887e-9,2.039613381554876e-10
143.28,-2.7042599434554917e-9,1.5827313467937675e-10
143.29,-2.702289644631722e-9,1.1266299288759188e-10
143.3,-2.700192682365831e-9,6.713254577928991e-11
143.31,-2.6979693927931428e-9,2.1683420418536148e-11
143.32,-2.6956201170982793e-9,-2.368276229997665e-11
143.33,-2.693145201496363e-9,-6.8964387918509e-11
143.34,-2.690544997650066e-9,-1.1415984808855047e-10
143.35,-2.6878198623592735e-9,-1.5926754071652673e-10
143.36,-2.684970157380679e-9,-2.0428587025104617e-10
143.37,-2.6819962497931694e-9,-2.492132474704637e-10
143.38,-2.6788985114708186e-9,-2.940480896280742e-10
143.39,-2.675677319735089e-9,-3.387888204910246e-10
143.4,-2.6723330567821024e-9,-3.8343387049424953e-10
143.41,-2.668866109041106e-9,-4.2798167649903213e-10
143.42,-2.665276869624634e-9,-4.724306823772936e-10
143.43,-2.661565735104655e-9,-5.167793383251099e-10
143.44,-2.657733107346045e-9,-5.610261015416972e-10
143.45,-2.653779393431799e-9,-6.051694360623848e-10
143.46,-2.6497050049187476e-9,-6.492078127201938e-10
143.47,-2.6455103585846045e-9,-6.931397092825425e-10
143.48,-2.641195875559519e-9,-7.369636104024151e-10
143.49,-2.6367619820599775e-9,-7.806780077208111e-10
143.5,-2.6322091090858524e-9,-8.242814004610338e-10
143.51,-2.6275376921294814e-9,-8.677722941180637e-10
143.52,-2.6227481716786036e-9,-9.111492017590762e-10
143.53,-2.617840992441935e-9,-9.54410643723498e-10
143.54,-2.6128166042949697e-9,-9.975551474354668e-10
143.55,-2.607675461361306e-9,-1.0405812476273306e-9
143.56,-2.6024180223263603e-9,-1.0834874865070445e-9
143.57,-2.5970447506308545e-9,-1.1262724133711672e-9
143.58,-2.591556114126802e-9,-1.1689345850012696e-9
143.59,-2.5859525852008936e-9,-1.2114725661587623e-9
143.6,-2.580234640499385e-9,-1.2538849282041089e-9
143.61,-2.5744027613772024e-9,-1.296170250636108e-9
143.62,-2.56845743350828e-9,-1.3383271204399011e-9
143.63,-2.5623991467443795e-9,-1.3803541322171734e-9
143.64,-2.556228395442892e-9,-1.4222498880943598e-9
143.65,-2.549945678376597e-9,-1.464012998151891e-9
143.66,-2.543551498233822e-9,-1.5056420800114e-9
143.67,-2.5370463622238523e-9,-1.5471357591724486e-9
143.68,-2.5304307820864354e-9,-1.5884926690000723e-9
143.69,-2.5237052727770943e-9,-1.6297114506630523e-9
143.7,-2.5168703543475524e-9,-1.6707907531508774e-9
143.71,-2.509926550403026e-9,-1.7117292336935723e-9
143.72,-2.5028743890964826e-9,-1.7525255571467546e-9
143.73,-2.4957144022214126e-9,-1.7931783966399205e-9
143.74,-2.488447125666663e-9,-1.8336864332396147e-9
143.75,-2.4810730995604753e-9,-1.874048356156731e-9
143.76,-2.4735928679761576e-9,-1.914262862918513e-9
143.77,-2.4660069781782162e-9,-1.9543286584993414e-9
143.78,-2.458315982554883e-9,-1.9942444571575844e-9
143.79,-2.4505204364834817e-9,-2.0340089805946975e-9
143.8,-2.442620899185691e-9,-2.0736209590926745e-9
143.81,-2.434617934314926e-9,-2.1130791311087334e-9
143.82,-2.4265121085515536e-9,-2.1523822436446107e-9
143.83,-2.4183039928104516e-9,-2.1915290519051114e-9
143.84,-2.409994161362931e-9,-2.2305183194947926e-9
143.85,-2.4015831923424086e-9,-2.2693488186574974e-9
143.86,-2.393071667821997e-9,-2.3080193299470585e-9
143.87,-2.384460172574712e-9,-2.346528642363874e-9
143.88,-2.375749295845723e-9,-2.384875553685483e-9
143.89,-2.3669396299476063e-9,-2.4230588701054306e-9
143.9,-2.3580317707743786e-9,-2.4610774063996544e-9
143.91,-2.349026317841473e-9,-2.4989299861548947e-9
143.92,-2.3399238738044973e-9,-2.5366154413086186e-9
143.93,-2.3307250450010596e-9,-2.574132612886851e-9
143.94,-2.321430440989436e-9,-2.611480350373801e-9
143.95,-2.3120406744800765e-9,-2.6486575119824795e-9
143.96,-2.302556362008259e-9,-2.6856629648931017e-9
143.97,-2.2929781228137744e-9,-2.7224955850756317e-9
143.98,-2.283306579590811e-9,-2.759154257195419e-9
143.99,-2.2735423583371074e-9,-2.7956378748441185e-9
144.0,-2.263686088039469e-9,-2.8319453406276277e-9
144.01,-2.2537384007998556e-9,-2.8680755658722755e-9
144.02,-2.24369993191936e-9,-2.9040274710413055e-9
144.03,-2.2335713195652006e-9,-2.939799985464656e-9
144.04,-2.2233532053781194e-9,-2.9753920474772284e-9
144.05,-2.2130462332869894e-9,-3.010802604503807e-9
144.06,-2.2026510508746256e-9,-3.046030612910765e-9
144.07,-2.1921683080277223e-9,-3.081075038281776e-9
144.08,-2.181598658023636e-9,-3.1159348551655183e-9
144.09,-2.170942756514091e-9,-3.150609047306042e-9
144.1,-2.1602012623867067e-9,-3.185096607581119e-9
144.11,-2.1493748370573087e-9,-3.2193965380033566e-9
144.12,-2.1384641447011755e-9,-3.2535078498181013e-9
144.13,-2.1274698523596488e-9,-3.2874295635042078e-9
144.14,-2.116392629535962e-9,-3.32116070867013e-9
144.15,-2.1052331482058e-9,-3.354700324279892e-9
144.16,-2.0939920835368964e-9,-3.38804745852272e-9
144.17,-2.0826701126274553e-9,-3.4212011689814286e-9
144.18,-2.071267915586756e-9,-3.4541605223716123e-9
144.19,-2.0597861747865336e-9,-3.4869245948408456e-9
144.2,-2.0482255750375866e-9,-3.519492471951202e-9
144.21,-2.036586803399929e-9,-3.5518632485891512e-9
144.22,-2.02487054957734e-9,-3.5840360289241807e-9
144.23,-2.0130775057485883e-9,-3.616009926900887e-9
144.24,-2.0012083662630093e-9,-3.647784065279409e-9
144.25,-1.989263827416469e-9,-3.6793575768294043e-9
144.26,-1.977244588146568e-9,-3.7107296035004786e-9
144.27,-1.965151349287839e-9,-3.741899296712793e-9
144.28,-1.9529848144848663e-9,-3.772865817740491e-9
144.29,-1.9407456886208777e-9,-3.8036283367292e-9
144.3,-1.9284346792660016e-9,-3.83418603383001e-9
144.31,-1.9160524957101443e-9,-3.864538098618477e-9
144.32,-1.9035998496596233e-9,-3.894683730169431e-9
144.33,-1.8910774545320763e-9,-3.924622137187278e-9
144.34,-1.8784860257982646e-9,-3.954352537853346e-9
144.35,-1.865826280644508e-9,-3.9838741600697004e-9
144.36,-1.8530989384114186e-9,-4.0131862413133205e-9
144.37,-1.8403047201046275e-9,-4.0422880285596455e-9
144.38,-1.8274443485426353e-9,-4.071178778574095e-9
144.39,-1.8145185484778078e-9,-4.099857757686978e-9
144.4,-1.8015280460967407e-9,-4.128324241846006e-9
144.41,-1.788473569671286e-9,-4.15657751674862e-9
144.42,-1.7753558488587564e-9,-4.184616877731194e-9
144.43,-1.762175613699126e-9,-4.2124416299078955e-9
144.44,-1.748933600854932e-9,-4.240051087554581e-9
144.45,-1.73563054094182e-9,-4.267444575485699e-9
144.46,-1.7222671714582062e-9,-4.294621427710722e-9
144.47,-1.7088442298365072e-9,-4.321580988051915e-9
144.48,-1.6953624549495446e-9,-4.348322610041649e-9
144.49,-1.6818225871276518e-9,-4.374845656984621e-9
144.5,-1.6682253679628392e-9,-4.401149501884022e-9
144.51,-1.6545715406448589e-9,-4.427233527560635e-9
144.52,-1.6408618499432286e-9,-4.453097126408319e-9
144.53,-1.6270970399821345e-9,-4.478739701050207e-9
144.54,-1.613277858869101e-9,-4.504160663189285e-9
144.55,-1.5994050539795265e-9,-4.5293594347992915e-9
144.56,-1.5854793754085892e-9,-4.554335447432379e-9
144.57,-1.5715015724824238e-9,-4.579088142512206e-9
144.58,-1.5574723968639787e-9,-4.603616971130048e-9
144.59,-1.54339260080625e-9,-4.627921394423469e-9
144.6,-1.5292629377740671e-9,-4.652000882778001e-9
144.61,-1.515084162077913e-9,-4.6758549170166976e-9
144.62,-1.5008570293920214e-9,-4.699482987344403e-9
144.63,-1.4865822954550788e-9,-4.7228845938942225e-9
144.64,-1.4722607176773756e-9,-4.7460592466087405e-9
144.65,-1.4578930535591917e-9,-4.7690064651344885e-9
144.66,-1.4434800620787242e-9,-4.791725778996057e-9
144.67,-1.4290225025625589e-9,-4.8142167276196745e-9
144.68,-1.4145211351835485e-9,-4.836478859922556e-9
144.69,-1.3999767209034256e-9,-4.858511734971919e-9
144.7,-1.3853900211488645e-9,-4.880314921413853e-9
144.71,-1.370761797586489e-9,-4.901887997722157e-9
144.72,-1.3560928135558612e-9,-4.92323055226882e-9
144.73,-1.3413838318872073e-9,-4.9443421831262014e-9
144.74,-1.3266356163800171e-9,-4.9652224981448985e-9
144.75,-1.311848931196595e-9,-4.985871115070741e-9
144.76,-1.297024540952239e-9,-5.0062876612844345e-9
144.77,-1.282163210649792e-9,-5.0264717741171634e-9
144.78,-1.267265705653312e-9,-5.0464231004428975e-9
144.79,-1.2523327910916052e-9,-5.066141296826182e-9
144.8,-1.2373652348117964e-9,-5.0856260310483475e-9
144.81,-1.2223638009912187e-9,-5.104876978071963e-9
144.82,-1.20732925684233e-9,-5.123893824483449e-9
144.83,-1.192262369105241e-9,-5.1426762661232344e-9
144.84,-1.1771639044164464e-9,-5.161224008559417e-9
144.85,-1.1620346298098067e-9,-5.179536767164301e-9
144.86,-1.146875312154905e-9,-5.197614266907988e-9
144.87,-1.1316867185045864e-9,-5.21545624265105e-9
144.88,-1.116469615941063e-9,-5.233062438927067e-9
144.89,-1.1012247712867301e-9,-5.250432609913755e-9
144.9,-1.085952951680861e-9,-5.267566519521629e-9
144.91,-1.0706549240195481e-9,-5.284463941419252e-9
144.92,-1.0553314547546126e-9,-5.301124658845106e-9
144.93,-1.039983310642955e-9,-5.317548464864139e-9
144.94,-1.0246112578906484e-9,-5.33373516204388e-9
144.95,-1.0092160626007137e-9,-5.3496845626736844e-9
144.96,-9.937984909180819e-10,-5.365396488725315e-9
144.97,-9.78359308179811e-10,-5.380870771831802e-9
144.98,-9.628992793441837e-10,-5.396107253060324e-9
144.99,-9.474191691985549e-10,-5.411105783291221e-9
145.0,-9.319197430289883e-10,-5.425866222990887e-9
145.01,-9.164017637877267e-10,-5.440388442066797e-9
145.02,-9.008659955584223e-10,-5.454672320146133e-9
145.03,-8.853132009958549e-10,-5.468717746282028e-9
145.04,-8.697441427373073e-10,-5.48252461917697e-9
145.05,-8.541595827013584e-10,-5.496092847179112e-9
145.06,-8.385602817758107e-10,-5.509422347818307e-9
145.07,-8.229470013122074e-10,-5.522513048454624e-9
145.08,-8.07320500673986e-10,-5.535364885810709e-9
145.09,-7.916815389550365e-10,-5.5479778059741604e-9
145.1,-7.760308749943344e-10,-5.560351764744881e-9
145.11,-7.60369266509842e-10,-5.572486727118364e-9
145.12,-7.446974701643031e-10,-5.584382667706945e-9
145.13,-7.290162422327459e-10,-5.596039570407179e-9
145.14,-7.133263377896193e-10,-5.607457428597102e-9
145.15,-6.976285111770575e-10,-5.6186362448983234e-9
145.16,-6.819235155010502e-10,-5.629576031509954e-9
145.17,-6.662121026167179e-10,-5.640276809674636e-9
145.18,-6.504950260221375e-10,-5.6507386104761645e-9
145.19,-6.347730338254055e-10,-5.660961473602435e-9
145.2,-6.190468757123937e-10,-5.670945448478568e-9
145.21,-6.033173002052783e-10,-5.680690593719673e-9
145.22,-5.87585054079532e-10,-5.690196977212043e-9
145.23,-5.718508832521322e-10,-5.699464675984161e-9
145.24,-5.561155323094041e-10,-5.7084937763035915e-9
145.25,-5.403797446284815e-10,-5.717284373633952e-9
145.26,-5.24644262342503e-10,-5.7258365726436345e-9
145.27,-5.089098262528747e-10,-5.7341504870497235e-9
145.28,-4.931771756959815e-10,-5.742226239756401e-9
145.29,-4.77447049422704e-10,-5.750063962840345e-9
145.3,-4.61720183586467e-10,-5.7576637972475215e-9
145.31,-4.459973136518717e-10,-5.7650258931955095e-9
145.32,-4.302791737554788e-10,-5.772150409881882e-9
145.33,-4.1456649586388334e-10,-5.779037515377873e-9
145.34,-3.9886001133682923e-10,-5.785687386911809e-9
145.35,-3.8316044918240076e-10,-5.792100210560218e-9
145.36,-3.674685374245726e-10,-5.798276181468011e-9
145.37,-3.5178500239774657e-10,-5.804215503563504e-9
145.38,-3.3611056761992344e-10,-5.8099183896998e-9
145.39,-3.204459570538411e-10,-5.815385061631842e-9
145.4,-3.0479189152352905e-10,-5.820615749962376e-9
145.41,-2.891490904465108e-10,-5.825610694041731e-9
145.42,-2.735182717245263e-10,-5.8303701420903e-9
145.43,-2.5790015082408567e-10,-5.834894351001661e-9
145.44,-2.422954423324598e-10,-5.8391835864977745e-9
145.45,-2.2670485827362876e-10,-5.843238122957455e-9
145.46,-2.111291086957357e-10,-5.847058243450295e-9
145.47,-1.9556890287608888e-10,-5.8506442395749944e-9
145.48,-1.800249468817567e-10,-5.853996411862113e-9
145.49,-1.6449794523508204e-10,-5.857115069170065e-9
145.5,-1.489886007273672e-10,-5.86000052908444e-9
145.51,-1.3349761403866533e-10,-5.862653117590954e-9
145.52,-1.180256834203618e-10,-5.865073169416491e-9
145.53,-1.0257350569448102e-10,-5.86726102735492e-9
145.54,-8.714177494784041e-11,-5.869217043123473e-9
145.55,-7.173118338784682e-11,-5.870941576543403e-9
145.56,-5.634242178983657e-11,-5.872434996207797e-9
145.57,-4.09761773582043e-11,-5.87369767855286e-9
145.58,-2.5633136036732413e-11,-5.87473000878826e-9
145.59,-1.0313981156765582e-11,-5.875532380051395e-9
145.6,4.980605949030948e-12,-5.87610519422931e-9
145.61,2.0249946375894018e-11,-5.876448860924772e-9
145.62,3.5493363488916056e-11,-5.876563798385618e-9
145.63,5.0710183149184855e-11,-5.87645043277668e-9
145.64,6.589973358467728e-11,-5.876109198551497e-9
145.65,8.106134485558103e-11,-5.875540538176091e-9
145.66,9.619435038350978e-11,-5.874744902315394e-9
145.67,1.1129808540088628e-10,-5.873722749492966e-9
145.68,1.2637188786985944e-10,-5.87247454645826e-9
145.69,1.4141509788864447e-10,-5.871000767855566e-9
145.7,1.5642705888953495e-10,-5.8693018962110824e-9
145.71,1.7140711601761664e-10,-5.867378422018307e-9
145.72,1.863546171412319e-10,-5.865230843773045e-9
145.73,2.012689127733296e-10,-5.86285966803237e-9
145.74,2.1614935743941973e-10,-5.8602654076689654e-9
145.75,2.3099530562067017e-10,-5.85744858566107e-9
145.76,2.458061164707193e-10,-5.854409731204114e-9
145.77,2.6058115134028953e-10,-5.851149381608182e-9
145.78,2.7531977428099245e-10,-5.8476680817077235e-9
145.79,2.900213519462556e-10,-5.843966384157111e-9
145.8,3.046852541470201e-10,-5.840044849108893e-9
145.81,3.193108528565858e-10,-5.835904044392118e-9
145.82,3.3389752349802317e-10,-5.831544545149251e-9
145.83,3.4844464461793717e-10,-5.826966934138101e-9
145.84,3.6295159622970215e-10,-5.82217180166457e-9
145.85,3.774177627356195e-10,-5.817159745258259e-9
145.86,3.918425305577767e-10,-5.811931370003781e-9
145.87,4.062252895476133e-10,-5.806487288171003e-9
145.88,4.205654321707589e-10,-5.800828119452413e-9
145.89,4.3486235425247014e-10,-5.79495449074796e-9
145.9,4.491154541549814e-10,-5.788867036217667e-9
145.91,4.6332413370967954e-10,-5.782566397107474e-9
145.92,4.774877975128602e-10,-5.7760532219620435e-9
145.93,4.916058533674653e-10,-5.769328166365595e-9
145.94,5.056777121579361e-10,-5.7623918929409786e-9
145.95,5.197027878719894e-10,-5.755245071364246e-9
145.96,5.336804973833973e-10,-5.74788837836217e-9
145.97,5.476102613839282e-10,-5.7403224975780034e-9
145.98,5.614915030388223e-10,-5.732548119454048e-9
145.99,5.753236490475592e-10,-5.724565941506913e-9
146.0,5.891061294023378e-10,-5.71637666793984e-9
146.01,6.028383768961319e-10,-5.707981009830427e-9
146.02,6.165198280518552e-10,-5.699379684989266e-9
146.03,6.301499228775712e-10,-5.6905734177994726e-9
146.04,6.437281039811535e-10,-5.681562939483273e-9
146.05,6.572538177019217e-10,-5.672348987797599e-9
146.06,6.707265135475022e-10,-5.66293230730154e-9
146.07,6.841456445976848e-10,-5.653313648744902e-9
146.08,6.975106671457284e-10,-5.643493769653e-9
146.09,7.10821041023261e-10,-5.6334734338408855e-9
146.1,7.24076229313676e-10,-5.6232534116588856e-9
146.11,7.37275698620589e-10,-5.612834479815868e-9
146.12,7.504189191108967e-10,-5.602217421195005e-9
146.13,7.635053641426944e-10,-5.591403025269457e-9
146.14,7.765345108803872e-10,-5.580392087517259e-9
146.15,7.895058397317656e-10,-5.56918540960503e-9
146.16,8.024188345191046e-10,-5.55778379973475e-9
146.17,8.15272983320328e-10,-5.546188071597829e-9
146.18,8.280677768783847e-10,-5.534399045587245e-9
146.19,8.408027100390826e-10,-5.522417547673239e-9
146.2,8.534772810228094e-10,-5.510244410040318e-9
146.21,8.660909920055569e-10,-5.4978804707550995e-9
146.22,8.786433482739523e-10,-5.4853265738327525e-9
146.23,8.911338589105392e-10,-5.472583569022989e-9
146.24,9.035620369803205e-10,-5.459652311944713e-9
146.25,9.159273989177506e-10,-5.446533664117158e-9
146.26,9.282294649577066e-10,-5.433228492604505e-9
146.27,9.404677590247684e-10,-5.419737670115353e-9
146.28,9.526418086765904e-10,-5.406062075231917e-9
146.29,9.647511450831271e-10,-5.39220259190165e-9
146.3,9.76795303812639e-10,-5.378160109585218e-9
146.31,9.887738232906783e-10,-5.363935523560295e-9
146.32,1.000686246714758e-9,-5.349529733944475e-9
146.33,1.0125321198220047e-9,-5.334943647040819e-9
146.34,1.0243109934045243e-9,-5.320178173892723e-9
146.35,1.0360224213528474e-9,-5.3052342310821184e-9
146.36,1.0476659614954184e-9,-5.290112740491804e-9
146.37,1.0592411757488277e-9,-5.274814629117289e-9
146.38,1.0707476296712704e-9,-5.259340829240864e-9
146.39,1.0821848928250093e-9,-5.243692278194538e-9
146.4,1.0935525385357676e-9,-5.227869918250667e-9
146.41,1.1048501436887612e-9,-5.211874697289187e-9
146.42,1.1160772904467872e-9,-5.195707567410238e-9
146.43,1.1272335630646996e-9,-5.179369486137829e-9
146.44,1.1383185510161773e-9,-5.1628614156276885e-9
146.45,1.1493318472073991e-9,-5.146184323103885e-9
146.46,1.1602730486710106e-9,-5.129339180510569e-9
146.47,1.1711417561643541e-9,-5.112326964532078e-9
146.48,1.1819375748666033e-9,-5.095148656432343e-9
146.49,1.192660113506035e-9,-5.077805242379332e-9
146.5,1.2033089852056849e-9,-5.060297712987863e-9
146.51,1.2138838068360806e-9,-5.042627063438441e-9
146.52,1.2243841995490968e-9,-5.024794293523548e-9
146.53,1.2348097878145149e-9,-5.006800407229396e-9
146.54,1.2451602013178072e-9,-4.9886464133418515e-9
146.55,1.2554350729846977e-9,-4.970333324771942e-9
146.56,1.2656340398663602e-9,-4.9518621588787004e-9
146.57,1.2757567434640512e-9,-4.933233937122429e-9
146.58,1.2858028290474873e-9,-4.9144496852711215e-9
146.59,1.295771945932266e-9,-4.895510433552476e-9
146.6,1.3056637478936137e-9,-4.87641721574016e-9
146.61,1.3154778924884155e-9,-4.857171070096936e-9
146.62,1.3252140417205756e-9,-4.837773038860578e-9
146.63,1.3348718613296227e-9,-4.818224168193921e-9
146.64,1.3444510213040778e-9,-4.7985255082389155e-9
146.65,1.3539511961417894e-9,-4.778678112968315e-9
146.66,1.3633720640511095e-9,-4.758683040197425e-9
146.67,1.3727133078107199e-9,-4.738541351531485e-9
146.68,1.381974613523305e-9,-4.718254112490247e-9
146.69,1.391155672721056e-9,-4.697822391914448e-9
146.7,1.400256180171309e-9,-4.67724726256791e-9
146.71,1.4092758351684041e-9,-4.6565298008090254e-9
146.72,1.418214341291914e-9,-4.635671086323228e-9
146.73,1.4270714060420822e-9,-4.6146722025315085e-9
146.74,1.4358467414491527e-9,-4.59353423606215e-9
146.75,1.4445400635649794e-9,-4.572258277176664e-9
146.76,1.453151092906939e-9,-4.550845419249712e-9
146.77,1.4616795533632398e-9,-4.529296759237434e-9
146.78,1.4701251743174828e-9,-4.5076133970543864e-9
146.79,1.4784876886956114e-9,-4.485796435961137e-9
146.8,1.4867668335752981e-9,-4.463846982266268e-9
146.81,1.4949623506886693e-9,-4.441766145544571e-9
146.82,1.5030739856616811e-9,-4.41955503817039e-9
146.83,1.5111014886495306e-9,-4.397214775768486e-9
146.84,1.5190446137421618e-9,-4.374746476708394e-9
146.85,1.526903119267632e-9,-4.352151262515356e-9
146.86,1.534676768872632e-9,-4.329430257249779e-9
146.87,1.5423653287973348e-9,-4.306584587961309e-9
146.88,1.5499685708028725e-9,-4.283615384394051e-9
146.89,1.5574862705067136e-9,-4.260523779024134e-9
146.9,1.5649182077962046e-9,-4.237310906938822e-9
146.91,1.5722641667314908e-9,-4.2139779058670044e-9
146.92,1.5795239360961744e-9,-4.190525916041537e-9
146.93,1.5866973085616172e-9,-4.16695608027132e-9
146.94,1.593784081277518e-9,-4.143269543718948e-9
146.95,1.6007840553795374e-9,-4.11946745395296e-9
146.96,1.6076970362597262e-9,-4.0955509613090924e-9
146.97,1.6145228353420469e-9,-4.071521217166559e-9
146.98,1.6212612655772347e-9,-4.0473793767570635e-9
146.99,1.6279121457185813e-9,-4.023126596743289e-9
147.0,1.6344752988582855e-9,-3.998764035860758e-9
147.01,1.6409505521179831e-9,-3.974292855140917e-9
147.02,1.6473377369790333e-9,-3.94971421754852e-9
147.03,1.6536366893573584e-9,-3.925029288063624e-9
147.04,1.6598472490936083e-9,-3.9002392338877545e-9
147.05,1.6659692607583865e-9,-3.875345223598799e-9
147.06,1.672002573064e-9,-3.850348428248279e-9
147.07,1.6779470389715846e-9,-3.8252500201015185e-9
147.08,1.6838025159413057e-9,-3.800051173648004e-9
147.09,1.6895688651340587e-9,-3.774753064835812e-9
147.1,1.6952459529773465e-9,-3.749356871304008e-9
147.11,1.7008336495225453e-9,-3.7238637723465204e-9
147.12,1.7063318291342282e-9,-3.6982749487836985e-9
147.13,1.7117403708452892e-9,-3.672591582888027e-9
147.14,1.7170591576976377e-9,-3.6468148585809244e-9
147.15,1.7222880769724947e-9,-3.62094596086799e-9
147.16,1.727427020455302e-9,-3.5949860764660136e-9
147.17,1.732475884328267e-9,-3.5689363931808868e-9
147.18,1.737434568720544e-9,-3.5427981001587356e-9
147.19,1.7423029781177459e-9,-3.5165723876671733e-9
147.2,1.747081021388779e-9,-3.4902604473290156e-9
147.21,1.7517686118202689e-9,-3.4638634716059786e-9
147.22,1.7563656665843272e-9,-3.43738265437388e-9
147.23,1.7608721076042645e-9,-3.410819190127898e-9
147.24,1.7652878604689934e-9,-3.384174274676231e-9
147.25,1.7696128561351483e-9,-3.3574491044486476e-9
147.26,1.7738470280435425e-9,-3.3306448770533488e-9
147.27,1.7779903157215824e-9,-3.303762790597564e-9
147.28,1.7820426619442248e-9,-3.2768040441873524e-9
147.29,1.7860040139252385e-9,-3.2497698375408766e-9
147.3,1.7898743231829806e-9,-3.222661371073804e-9
147.31,1.7936535454090028e-9,-3.195479845950663e-9
147.32,1.797341640559486e-9,-3.1682264636789754e-9
147.33,1.8009385729884274e-9,-3.140902426440913e-9
147.34,1.8044443122013154e-9,-3.1135089368322475e-9
147.35,1.80785882702374e-9,-3.086047197955131e-9
147.36,1.8111820982481026e-9,-3.0585184133127256e-9
147.37,1.814414105598941e-9,-3.0309237865876056e-9
147.38,1.8175548343642961e-9,-3.0032645218943897e-9
147.39,1.8206042739718036e-9,-2.9755418235160876e-9
147.4,1.8235624180591618e-9,-2.947756895970789e-9
147.41,1.8264292645706236e-9,-2.919910943894755e-9
147.42,1.8292048154417563e-9,-2.892005171970305e-9
147.43,1.831889077150062e-9,-2.8640407848124315e-9
147.44,1.8344820592194818e-9,-2.8360189878631953e-9
147.45,1.8369837769436591e-9,-2.807940985097318e-9
147.46,1.8393942485990316e-9,-2.7798079815338123e-9
147.47,1.8417134972258396e-9,-2.751621181504466e-9
147.48,1.8439415493920506e-9,-2.7233817894183167e-9
147.49,1.8460784365227653e-9,-2.695091009300108e-9
147.5,1.848124193455329e-9,-2.6667500448834033e-9
147.51,1.8500788596807535e-9,-2.6383600996960616e-9
147.52,1.851942478390096e-9,-2.6099223768606716e-9
147.53,1.8537150970560588e-9,-2.5814380788241126e-9
147.54,1.8553967674100776e-9,-2.552908407938928e-9
147.55,1.8569875448817117e-9,-2.524334565904216e-9
147.56,1.8584874891718802e-9,-2.4957177536491377e-9
147.57,1.859896664173883e-9,-2.467059171677684e-9
147.58,1.8612151376175875e-9,-2.4383600198477367e-9
147.59,1.8624429808180616e-9,-2.4096214975302003e-9
147.6,1.8635802702344235e-9,-2.380844802806921e-9
147.61,1.864627085430194e-9,-2.352031133362145e-9
147.62,1.865583510379518e-9,-2.3231816859197613e-9
147.63,1.8664496328440902e-9,-2.2942976563573982e-9
147.64,1.8672255447365486e-9,-2.2653802395800467e-9
147.65,1.8679113417718496e-9,-2.236430629592556e-9
147.66,1.8685071236480106e-9,-2.207450019335385e-9
147.67,1.8690129944281793e-9,-2.1784396005866134e-9
147.68,1.869429061470227e-9,-2.149400564191372e-9
147.69,1.8697554364655556e-9,-2.120334099698347e-9
147.7,1.869992234670603e-9,-2.0912413962029783e-9
147.71,1.87013957628539e-9,-2.062123638898182e-9
147.72,1.870197583813374e-9,-2.0329820155570095e-9
147.73,1.8701663848450214e-9,-2.0038177100549696e-9
147.74,1.8700461102168822e-9,-1.97463190557375e-9
147.75,1.869836895083828e-9,-1.9454257838800972e-9
147.76,1.8695388782050426e-9,-1.916200525186668e-9
147.77,1.8691522020345783e-9,-1.886957308275374e-9
147.78,1.868677012868259e-9,-1.8576973102989606e-9
147.79,1.868113461233705e-9,-1.8284217069417836e-9
147.8,1.8674617019557447e-9,-1.799131672031321e-9
147.81,1.8667218914238672e-9,-1.769828378009441e-9
147.82,1.865894191901003e-9,-1.740512995262851e-9
147.83,1.8649787687308833e-9,-1.7111866927076977e-9
147.84,1.8639757910085843e-9,-1.681850637305788e-9
147.85,1.8628854314058485e-9,-1.652505994109666e-9
147.86,1.8617078665921534e-9,-1.6231539264092783e-9
147.87,1.8604432768178053e-9,-1.5937955954400571e-9
147.88,1.8590918460637885e-9,-1.5644321605346276e-9
147.89,1.8576537616945395e-9,-1.5350647789350702e-9
147.9,1.8561292151765993e-9,-1.5056946058458833e-9
147.91,1.8545184015345142e-9,-1.4763227944635412e-9
147.92,1.8528215190048787e-9,-1.4469504956682317e-9
147.93,1.8510387699396728e-9,-1.417578858224522e-9
147.94,1.849170360072796e-9,-1.3882090287006965e-9
147.95,1.8472164986655398e-9,-1.358842151418979e-9
147.96,1.8451773986134729e-9,-1.329479368192904e-9
147.97,1.843053276591165e-9,-1.3001218187414167e-9
147.98,1.8408443522817405e-9,-1.270770640292188e-9
147.99,1.8385508494226533e-9,-1.2414269675135636e-9
148.0,1.8361729950980994e-9,-1.212091932843004e-9
148.01,1.8337110196832842e-9,-1.1827666659547114e-9
148.02,1.8311651571617427e-9,-1.1534522941949975e-9
148.03,1.828535645242126e-9,-1.1241499421187605e-9
148.04,1.8258227246334604e-9,-1.0948607317580378e-9
148.05,1.8230266396548616e-9,-1.0655857825086184e-9
148.06,1.8201476380020602e-9,-1.0363262109336962e-9
148.07,1.8171859711328001e-9,-1.007083130853523e-9
148.08,1.814141893271061e-9,-9.778576537051019e-10
148.09,1.8110156622131463e-9,-9.48650887318614e-10
148.1,1.8078075394161304e-9,-9.194639373624227e-10
148.11,1.804517789586066e-9,-8.902979062148719e-10
148.12,1.8011466802188559e-9,-8.611538935552402e-10
148.13,1.7976944825750754e-9,-8.32032995862129e-10
148.14,1.7941614711178604e-9,-8.02936306779851e-10
148.15,1.79054792359295e-9,-7.738649167681888e-10
148.16,1.786854120802489e-9,-7.448199133047869e-10
148.17,1.783080346950024e-9,-7.15802380681729e-10
148.18,1.779226889399537e-9,-6.86813399910169e-10
148.19,1.7752940387321517e-9,-6.578540490153926e-10
148.2,1.7712820884349647e-9,-6.289254028165842e-10
148.21,1.7671913355814652e-9,-6.000285325524366e-10
148.22,1.7630220800760154e-9,-5.711645064357969e-10
148.23,1.758774625169831e-9,-5.423343891650286e-10
148.24,1.7544492768804312e-9,-5.135392421299539e-10
148.25,1.7500463445177228e-9,-4.847801233811315e-10
148.26,1.7455661403160971e-9,-4.560580873976722e-10
148.27,1.7410089797553714e-9,-4.2737418517261034e-10
148.28,1.7363751814138243e-9,-3.9872946434698906e-10
148.29,1.7316650660314031e-9,-3.701249686894789e-10
148.3,1.726878958679277e-9,-3.415617386537977e-10
148.31,1.7220171862231666e-9,-3.130408110791973e-10
148.32,1.7170800792164337e-9,-2.8456321893637216e-10
148.33,1.7120679706499008e-9,-2.561299916397107e-10
148.34,1.7069811967080007e-9,-2.2774215490300223e-10
148.35,1.701820096442488e-9,-1.9940073058069826e-10
148.36,1.6965850113466502e-9,-1.71106736867652e-10
148.37,1.6912762866942622e-9,-1.428611881148291e-10
148.38,1.6858942691798017e-9,-1.146650944021363e-10
148.39,1.6804393097157064e-9,-8.651946264808901e-11
148.4,1.6749117612923226e-9,-5.842529535674677e-11
148.41,1.6693119796306356e-9,-3.0383591291822025e-11
148.42,1.6636403234901997e-9,-2.3953449670969712e-12
148.43,1.6578971540470795e-9,2.553845276016646e-11
148.44,1.6520828353056938e-9,5.341681546708618e-11
148.45,1.646197734071093e-9,8.123876043626192e-11
148.46,1.6402422195213328e-9,1.0900330920192712e-10
148.47,1.6342166639029338e-9,1.367094878397123e-10
148.48,1.628121441718173e-9,1.6435632586176315e-10
148.49,1.6219569301408395e-9,1.919428574547327e-10
148.5,1.6157235090663943e-9,2.194681208865534e-10
148.51,1.6094215607490877e-9,2.4693115889515837e-10
148.52,1.603051470159148e-9,2.743310181987691e-10
148.53,1.596613624427847e-9,3.016667500320825e-10
148.54,1.5901084136386498e-9,3.289374099116066e-10
148.55,1.5835362303533178e-9,3.5614205768858367e-10
148.56,1.576897469006232e-9,3.8327975803990337e-10
148.57,1.5701925270508733e-9,4.1034957937056237e-10
148.58,1.563421803777539e-9,4.3735059496164607e-10
148.59,1.5565857021170048e-9,4.6428188272664675e-10
148.6,1.5496846254723123e-9,4.911425246431188e-10
148.61,1.5427189808604416e-9,5.179316076540556e-10
148.62,1.535689177641593e-9,5.446482231058473e-10
148.63,1.5285956267132558e-9,5.712914669234458e-10
148.64,1.5214387420408804e-9,5.978604398024925e-10
148.65,1.5142189391037752e-9,6.243542467705709e-10
148.66,1.5069366364415636e-9,6.507719980056122e-10
148.67,1.4995922540242441e-9,6.77112807991006e-10
148.68,1.4921862146046517e-9,7.033757962120145e-10
148.69,1.4847189425261222e-9,7.295600867114974e-10
148.7,1.4771908648502888e-9,7.556648084389312e-10
148.71,1.46960241030535e-9,7.816890950407905e-10
148.72,1.4619540100532274e-9,8.07632085208367e-10
148.73,1.454246096865371e-9,8.334929223112041e-10
148.74,1.4464791065742957e-9,8.592707546134533e-10
148.75,1.438653475621123e-9,8.8496473532041e-10
148.76,1.4307696434706917e-9,9.105740226622479e-10
148.77,1.4228280512167373e-9,9.360977796470461e-10
148.78,1.4148291419254726e-9,9.615351744566702e-10
148.79,1.406773360736964e-9,9.868853801260584e-10
148.8,1.3986611545159203e-9,1.0121475746454682e-9
148.81,1.3904929721714935e-9,1.037320941314696e-9
148.82,1.3822692643243106e-9,1.0624046683309082e-9
148.83,1.373990483836126e-9,1.0873979490088438e-9
148.84,1.3656570846749564e-9,1.1122999817439797e-9
148.85,1.3572695232527026e-9,1.1371099701754046e-9
148.86,1.3488282572856369e-9,1.1618271229459761e-9
148.87,1.3403337468514088e-9,1.186450654014459e-9
148.88,1.331786453074562e-9,1.2109797825130789e-9
148.89,1.3231868393278542e-9,1.2354137327215084e-9
148.9,1.314535370166884e-9,1.259751734242925e-9
148.91,1.305832512280142e-9,1.2839930219330374e-9
148.92,1.297078733767941e-9,1.308136835849366e-9
148.93,1.2882745040687295e-9,1.3321824215219446e-9
148.94,1.2794202950561704e-9,1.3561290295415502e-9
148.95,1.2705165791201823e-9,1.3799759161147608e-9
148.96,1.2615638307182962e-9,1.4037223426378197e-9
148.97,1.2525625258921092e-9,1.4273675759136136e-9
148.98,1.2435131420455547e-9,1.450910888219475e-9
148.99,1.2344161581026963e-9,1.4743515571559253e-9
149.0,1.2252720543829028e-9,1.4976888657352296e-9
149.01,1.2160813126220644e-9,1.5209221026283139e-9
149.02,1.2068444160982802e-9,1.5440505617276712e-9
149.03,1.197561849099736e-9,1.5670735424612708e-9
149.04,1.1882340976185346e-9,1.5899903498897932e-9
149.05,1.178861649095071e-9,1.6128002944902529e-9
149.06,1.1694449916124252e-9,1.635502692357985e-9
149.07,1.1599846153131893e-9,1.6580968649836455e-9
149.08,1.1504810111597737e-9,1.6805821396524344e-9
149.09,1.140934671378152e-9,1.7029578489739931e-9
149.1,1.1313460892410235e-9,1.7252233313063007e-9
149.11,1.1217157603840693e-9,1.7473779307733197e-9
149.12,1.1120441790287061e-9,1.7694209968616315e-9
149.13,1.1023318434395613e-9,1.7913518847689522e-9
149.14,1.0925792512172477e-9,1.8131699554599945e-9
149.15,1.0827869013780324e-9,1.8348745754264688e-9
149.16,1.0729552949014414e-9,1.8564651171632518e-9
149.17,1.0630849320866374e-9,1.8779409584006624e-9
149.18,1.0531763158947454e-9,1.899301482895554e-9
149.19,1.0432299490866841e-9,1.9205460800749255e-9
149.2,1.03324633635868e-9,1.94167414506586e-9
149.21,1.023225982407904e-9,1.962685078815453e-9
149.22,1.0131693939544652e-9,1.983578287912851e-9
149.23,1.0030770777090596e-9,2.004353185004199e-9
149.24,9.929495412839104e-10,2.0250091881915773e-9
149.25,9.827872937318683e-10,2.0455457215454242e-9
149.26,9.725908445395052e-10,2.0659622149463236e-9
149.27,9.623607040583286e-10,2.086258104141361e-9
149.28,9.5209738329716e-10,2.1064328306101703e-9
149.29,9.418013941906002e-10,2.1264858417185883e-9
149.3,9.314732493160772e-10,2.1464165907766064e-9
149.31,9.211134612261861e-10,2.166224536998218e-9
149.32,9.107225463362908e-10,2.1859091449347857e-9
149.33,9.003010166781207e-10,2.2054698859782007e-9
149.34,8.898493884509327e-10,2.22490623664878e-9
149.35,8.79368177593806e-10,2.244217679668577e-9
149.36,8.688579005082381e-10,2.263403703649635e-9
149.37,8.583190742425903e-10,2.28246380311266e-9
149.38,8.477522163029777e-10,2.3013974785572372e-9
149.39,8.371578446711606e-10,2.3202042363556637e-9
149.4,8.265364783901937e-10,2.3388835887146566e-9
149.41,8.158886355064749e-10,2.3574350543480296e-9
149.42,8.052148363006465e-10,2.375858157173863e-9
149.43,7.945156002448805e-10,2.394152427574716e-9
149.44,7.837914480945434e-10,2.412317401697157e-9
149.45,7.730429000145732e-10,2.4303526218077864e-9
149.46,7.622704769776841e-10,2.4482576360531766e-9
149.47,7.514747007049274e-10,2.466031998933235e-9
149.48,7.406560922392752e-10,2.483675270233313e-9
149.49,7.298151736843707e-10,2.5011870163954353e-9
149.5,7.189524674147502e-10,2.5185668097222803e-9
149.51,7.080684953832894e-10,2.5358142283449826e-9
149.52,6.971637803250676e-10,2.552928856500541e-9
149.53,6.862388451291645e-10,2.569910284786905e-9
149.54,6.75294212421288e-10,2.5867581092974605e-9
149.55,6.643304054411521e-10,2.603471932509156e-9
149.56,6.533479468036289e-10,2.6200513628383476e-9
149.57,6.42347360272768e-10,2.63649601479893e-9
149.58,6.313291681180503e-10,2.6528055087536937e-9
149.59,6.202938960925545e-10,2.6689794717970953e-9
149.6,6.092420649367322e-10,2.6850175360008784e-9
149.61,5.981741991861671e-10,2.7009193404200235e-9
149.62,5.870908216672255e-10,2.7166845296670353e-9
149.63,5.759924556488181e-10,2.7323127546253997e-9
149.64,5.64879624523344e-10,2.7478036721840744e-9
149.65,5.537528511653067e-10,2.7631569453219893e-9
149.66,5.426126585604156e-10,2.7783722430639413e-9
149.67,5.314595687100355e-10,2.793449240106106e-9
149.68,5.202941065439979e-10,2.8083876191454316e-9
149.69,5.091167921171636e-10,2.823187065813126e-9
149.7,4.979281483482041e-10,2.8378472739865127e-9
149.71,4.867286973325751e-10,2.8523679431374196e-9
149.72,4.755189605449454e-10,2.8667487786348867e-9
149.73,4.642994595512437e-10,2.880989492200947e-9
149.74,4.530707152891516e-10,2.8950898012732875e-9
149.75,4.4183324869213384e-10,2.909049429711178e-9
149.76,4.3058757991348713e-10,2.9228681072098424e-9
149.77,4.193342295228193e-10,2.936545569666025e-9
149.78,4.080737164195306e-10,2.9500815589817946e-9
149.79,3.9680656040326707e-10,2.9634758231152538e-9
149.8,3.8553327996510584e-10,2.9767281161148814e-9
149.81,3.742543934287901e-10,2.989838198174582e-9
149.82,3.629704186134657e-10,3.002805835409392e-9
149.83,3.5168187282280427e-10,3.0156308000573163e-9
149.84,3.4038927279714604e-10,3.028312870416043e-9
149.85,3.2909313498301835e-10,3.0408518309002277e-9
149.86,3.1779397451437454e-10,3.0532474717984247e-9
149.87,3.0649230646499107e-10,3.065499589593278e-9
149.88,2.9518864636089357e-10,3.0776079868570305e-9
149.89,2.83883506434339e-10,3.089572472031654e-9
149.9,2.725774006839405e-10,3.10139285971061e-9
149.91,2.612708411733475e-10,3.1130689704689312e-9
149.92,2.4996433961385775e-10,3.1246006308177804e-9
149.93,2.386584073461277e-10,3.1359876738072735e-9
149.94,2.2735355405334394e-10,3.147229937639509e-9
149.95,2.160502897663755e-10,3.158327267198015e-9
149.96,2.0474912256401753e-10,3.1692795130792048e-9
149.97,1.9345056057440663e-10,3.1800865320169e-9
149.98,1.8215511072484958e-10,3.190748186719971e-9
149.99,1.7086327913288704e-10,3.2012643456430316e-9
150.0,1.5957557128861574e-10,3.2116348836578864e-9
150.01,1.4829249120755968e-10,3.221859681247435e-9
150.02,1.3701454230581374e-10,3.23193862502929e-9
150.03,1.2574222754844259e-10,3.2418716074863433e-9
150.04,1.1447604800386045e-10,3.25165852720952e-9
150.05,1.0321650443610392e-10,3.2612992885836747e-9
150.06,9.196409591463918e-11,3.270793801936655e-9
150.07,8.07193215718574e-11,3.2801419835913998e-9
150.08,6.948267842612652e-11,3.2893437558592798e-9
150.09,5.82546630824714e-11,3.298399046752165e-9
150.1,4.7035770751824124e-11,3.3073077903570576e-9
150.11,3.582649569877606e-11,3.3160699266286104e-9
150.12,2.4627330878824855e-11,3.324685401366698e-9
150.13,1.3438768214555063e-11,3.3331541662685233e-9
150.14,2.261298475098134e-12,3.3414761788849137e-9
150.15,-8.90458872280743e-12,3.34965140269958e-9
150.16,-2.0058405311285115e-11,3.3576798069397565e-9
150.17,-3.119966385074649e-11,3.365561366624383e-9
150.18,-4.232787862751388e-11,3.3732960628343614e-9
150.19,-5.344256512154122e-11,3.3808838822243866e-9
150.2,-6.45432397919347e-11,3.3883248173864804e-9
150.21,-7.562942093515732e-11,3.3956188666861106e-9
150.22,-8.670062775834616e-11,3.4027660342015697e-9
150.23,-9.775638097183218e-11,3.4097663298387323e-9
150.24,-1.0879620244590158e-10,3.4166197693381097e-9
150.25,-1.1981961513008175e-10,3.4233263740114915e-9
150.26,-1.3082614606130258e-10,3.4298861710744937e-9
150.27,-1.4181531911699345e-10,3.4362991933718625e-9
150.28,-1.5278666289081902e-10,3.442565479473606e-9
150.29,-1.6373970635025148e-10,3.448685073761545e-9
150.3,-1.746739803293643e-10,3.4546580260277983e-9
150.31,-1.8558901697959547e-10,3.46048439204573e-9
150.32,-1.96484349714804e-10,3.466164233061362e-9
150.33,-2.0735951399573936e-10,3.471697616065899e-9
150.34,-2.1821404646815785e-10,3.4770846136788798e-9
150.35,-2.2904748552016386e-10,3.4823253038243422e-9
150.36,-2.3985937094873643e-10,3.4874197705816916e-9
150.37,-2.506492443655014e-10,3.492368103313222e-9
150.38,-2.614166488456497e-10,3.4971703969256393e-9
150.39,-2.7216112911602536e-10,3.5018267518939705e-9
150.4,-2.828822319514315e-10,3.5063372745481676e-9
150.41,-2.9357950510129995e-10,3.5107020760554164e-9
150.42,-3.0425249858752854e-10,3.5149212738743343e-9
150.43,-3.1490076410467125e-10,3.5189949905039815e-9
150.44,-3.255238542601038e-10,3.522923354209318e-9
150.45,-3.3612132494285726e-10,3.5267064983148617e-9
150.46,-3.4669273224843493e-10,3.5303445621336475e-9
150.47,-3.572376351894011e-10,3.5338376897951613e-9
150.48,-3.6775559396478393e-10,3.53718603146529e-9
150.49,-3.782461708291563e-10,3.5403897422936276e-9
150.5,-3.8870892970466843e-10,3.5434489830563925e-9
150.51,-3.9914343639821925e-10,3.5463639197316976e-9
150.52,-4.0954925875631576e-10,3.5491347236527192e-9
150.53,-4.1992596646410925e-10,3.5517615718882386e-9
150.54,-4.3027313095746294e-10,3.5542446461707437e-9
150.55,-4.405903254867358e-10,3.556584133926298e-9
150.56,-4.5087712596468813e-10,3.558780227762695e-9
150.57,-4.611331090369693e-10,3.560833125720641e-9
150.58,-4.713578542979132e-10,3.5627430309588294e-9
150.59,-4.815509430936542e-10,3.5645101516830083e-9
150.6,-4.917119584524844e-10,3.5661347016625266e-9
150.61,-5.018404853756799e-10,3.5676168996289983e-9
150.62,-5.119361122920984e-10,3.5689569695608477e-9
150.63,-5.219984272041215e-10,3.5701551405696295e-9
150.64,-5.32027022077731e-10,3.5712116468840336e-9
150.65,-5.420214902536037e-10,3.572126727924137e-9
150.66,-5.519814273116896e-10,3.572900628109547e-9
150.67,-5.619064308375916e-10,3.573533596995326e-9
150.68,-5.717961006767217e-10,3.5740258891680834e-9
150.69,-5.816500384103977e-10,3.574377764337295e-9
150.7,-5.914678485682042e-10,3.574589487094036e-9
150.71,-6.012491369688672e-10,3.574661326996606e-9
150.72,-6.109935117922212e-10,3.5745935588553556e-9
150.73,-6.207005840362919e-10,3.574386462101595e-9
150.74,-6.30369966120983e-10,3.5740403213760038e-9
150.75,-6.400012731751526e-10,3.5735554260022584e-9
150.76,-6.495941222725309e-10,3.5729320703682214e-9
150.77,-6.591481327876799e-10,3.5721705536813717e-9
150.78,-6.686629265312607e-10,3.5712711799072165e-9
150.79,-6.781381273205662e-10,3.570234257976221e-9
150.8,-6.875733617313794e-10,3.5690601015146427e-9
150.81,-6.969682576086541e-10,3.5677490291104126e-9
150.82,-7.063224464494156e-10,3.5663013638683344e-9
150.83,-7.156355611366392e-10,3.5647174338029397e-9
150.84,-7.249072370868257e-10,3.562997571619147e-9
150.85,-7.341371122135651e-10,3.561142114690418e-9
150.86,-7.433248267420711e-10,3.55915140505032e-9
150.87,-7.524700231731042e-10,3.557025789440668e-9
150.88,-7.615723465430256e-10,3.5547656191733956e-9
150.89,-7.706314440216536e-10,3.55237125025197e-9
150.9,-7.796469654307368e-10,3.549843043212933e-9
150.91,-7.886185633645107e-10,3.5471813629539306e-9
150.92,-7.975458918023933e-10,3.5443865792944804e-9
150.93,-8.064286082860356e-10,3.541459066277501e-9
150.94,-8.15266371839042e-10,3.538399202579099e-9
150.95,-8.240588447501144e-10,3.5352073712334697e-9
150.96,-8.328056913177093e-10,3.5318839598220576e-9
150.97,-8.415065786683781e-10,3.52842936023698e-9
150.98,-8.501611760323362e-10,3.524843968852647e-9
150.99,-8.587691553859158e-10,3.5211281863762593e-9
151.0,-8.673301915116614e-10,3.517282417778546e-9
151.01,-8.758439611117456e-10,3.5133070725212454e-9
151.02,-8.843101437654857e-10,3.509202564217634e-9
151.03,-8.927284215807762e-10,3.5049693107506145e-9
151.04,-9.010984791373773e-10,3.5006077345186147e-9
151.05,-9.094200039051851e-10,3.4961182616724717e-9
151.06,-9.176926855981341e-10,3.491501322836294e-9
151.07,-9.259162165366565e-10,3.486757352914801e-9
151.08,-9.340902920557497e-10,3.481886790615003e-9
151.09,-9.422146090445957e-10,3.476890079250608e-9
151.1,-9.502888685810033e-10,3.4717676656783614e-9
151.11,-9.583127730839735e-10,3.466520001116828e-9
151.12,-9.66286028222961e-10,3.4611475408766224e-9
151.13,-9.74208342209042e-10,3.45565074412987e-9
151.14,-9.820794258418718e-10,3.4500300741541424e-9
151.15,-9.898989927407882e-10,3.4442859980696416e-9
151.16,-9.97666758881313e-10,3.4384189871351526e-9
151.17,-1.0053824431576636e-9,3.432429516324514e-9
151.18,-1.0130457673408374e-9,3.426318064498953e-9
151.19,-1.0206564552464865e-9,3.420085114649667e-9
151.2,-1.0282142347673723e-9,3.4137311529627723e-9
151.21,-1.0357188346099526e-9,3.4072566702910587e-9
151.22,-1.0431699875446448e-9,3.4006621606469907e-9
151.23,-1.0505674288912692e-9,3.3939481219917183e-9
151.24,-1.0579108962031705e-9,3.3871150560433363e-9
151.25,-1.0652001304894963e-9,3.380163468074323e-9
151.26,-1.0724348750317808e-9,3.373093867147119e-9
151.27,-1.079614875757393e-9,3.365906766012933e-9
151.28,-1.0867398824979988e-9,3.35860268072737e-9
151.29,-1.093809645340819e-9,3.3511821314697777e-9
151.3,-1.1008239203444773e-9,3.343645641609266e-9
151.31,-1.1077824639751726e-9,3.3359937379941936e-9
151.32,-1.114685036692685e-9,3.3282269510609717e-9
151.33,-1.1215314012555042e-9,3.3203458148452735e-9
151.34,-1.1283213234057571e-9,3.312350866686247e-9
151.35,-1.1350545714643442e-9,3.3042426474503255e-9
151.36,-1.1417309172283088e-9,3.2960217012824353e-9
151.37,-1.1483501345245628e-9,3.2876885757589115e-9
151.38,-1.1549120003816544e-9,3.279243821816615e-9
151.39,-1.1614162948942074e-9,3.2706879936038803e-9
151.4,-1.167862800795249e-9,3.2620216487307538e-9
151.41,-1.1742513030674735e-9,3.253245347586774e-9
151.42,-1.1805815907524286e-9,3.2443596544591425e-9
151.43,-1.1868534549752099e-9,3.235365136421606e-9
151.44,-1.1930666898137607e-9,3.226262363719012e-9
151.45,-1.1992210922898709e-9,3.2170519097993047e-9
151.46,-1.205316462327091e-9,3.2077343511656106e-9
151.47,-1.2113526027602148e-9,3.1983102676280886e-9
151.48,-1.2173293192288998e-9,3.1887802416774194e-9
151.49,-1.223246419975524e-9,3.1791448590574322e-9
151.5,-1.2291037172645773e-9,3.1694047084164143e-9
151.51,-1.2349010247174114e-9,3.159560381422099e-9
151.52,-1.2406381598037616e-9,3.1496124726441017e-9
151.53,-1.2463149426704193e-9,3.139561579532139e-9
151.54,-1.2519311964240167e-9,3.129408302468123e-9
151.55,-1.2574867469239378e-9,3.119153244592334e-9
151.56,-1.2629814235274977e-9,3.1087970119470425e-9
151.57,-1.2684150575774307e-9,3.0983402132937304e-9
151.58,-1.2737874840062515e-9,3.087783460158203e-9
151.59,-1.2790985404850347e-9,3.0771273668582396e-9
151.6,-1.2843480676955769e-9,3.0663725503322437e-9
151.61,-1.289535908960598e-9,3.055519630161973e-9
151.62,-1.2946619110387149e-9,3.0445692285769702e-9
151.63,-1.2997259231632783e-9,3.0335219705744277e-9
151.64,-1.3047277984261402e-9,3.0223784832282588e-9
151.65,-1.3096673902897928e-9,3.0111393972269976e-9
151.66,-1.314544558526837e-9,2.999805344505348e-9
151.67,-1.3193591641689196e-9,2.9883769602038372e-9
151.68,-1.3241110711042916e-9,2.976854881687337e-9
151.69,-1.3288001464475823e-9,2.9652397490070217e-9
151.7,-1.3334262603423615e-9,2.953532204238207e-9
151.71,-1.3379892857063075e-9,2.941732892077363e-9
151.72,-1.342489098525332e-9,2.9298424594982303e-9
151.73,-1.346925577455866e-9,2.9178615558580995e-9
151.74,-1.3512986049600184e-9,2.9057908325647892e-9
151.75,-1.3556080652682507e-9,2.8936309434446027e-9
151.76,-1.3598538463588818e-9,2.8813825445680218e-9
151.77,-1.3640358390447719e-9,2.869046294043566e-9
151.78,-1.368153937173953e-9,2.856622852246556e-9
151.79,-1.3722080370112915e-9,2.8441128816152013e-9
151.8,-1.3761980384665831e-9,2.831517046749503e-9
151.81,-1.3801238439435593e-9,2.8188360142589114e-9
151.82,-1.3839853591637557e-9,2.8060704528035857e-9
151.83,-1.3877824924238905e-9,2.7932210329435526e-9
151.84,-1.391515155149375e-9,2.780288427635945e-9
151.85,-1.3951832624253736e-9,2.767273310757347e-9
151.86,-1.3987867309794877e-9,2.7541763593722125e-9
151.87,-1.402325481099231e-9,2.7409982517105783e-9
151.88,-1.4057994363483051e-9,2.7277396678841364e-9
151.89,-1.4092085229715878e-9,2.714401289948817e-9
151.9,-1.4125526700903876e-9,2.7009838017124255e-9
151.91,-1.4158318100805393e-9,2.687487888762954e-9
151.92,-1.4190458775507732e-9,2.6739142383708155e-9
151.93,-1.4221948114658686e-9,2.6602635393713073e-9
151.94,-1.425278551642376e-9,2.6465364827465973e-9
151.95,-1.4282970430809076e-9,2.632733760484633e-9
151.96,-1.4312502322069865e-9,2.6188560666406267e-9
151.97,-1.4341380690024293e-9,2.6049040965068846e-9
151.98,-1.4369605063842045e-9,2.590878547205093e-9
151.99,-1.43971749998007e-9,2.576780117214486e-9
152.0,-1.4424090084135695e-9,2.5626095065657357e-9
152.01,-1.4450349934665638e-9,2.5483674166517268e-9
152.02,-1.447595420049497e-9,2.5340545501566537e-9
152.03,-1.4500902543622008e-9,2.5196716119322755e-9
152.04,-1.4525194680560728e-9,2.505219306964029e-9
152.05,-1.4548830343337087e-9,2.4906983424643528e-9
152.06,-1.4571809290146324e-9,2.476109426630675e-9
152.07,-1.4594131316817288e-9,2.4614532688822626e-9
152.08,-1.4615796241952975e-9,2.4467305800700833e-9
152.09,-1.4636803915964232e-9,2.431942072085934e-9
152.1,-1.465715421826684e-9,2.4170884580585212e-9
152.11,-1.4676847059168274e-9,2.4021704522254963e-9
152.12,-1.4695882371920609e-9,2.3871887699777526e-9
152.13,-1.4714260130173116e-9,2.3721441278406488e-9
152.14,-1.4731980317369066e-9,2.3570372432039555e-9
152.15,-1.474904296851072e-9,2.3418688346548574e-9
152.16,-1.4765448130902042e-9,2.3266396217526238e-9
152.17,-1.478119588819819e-9,2.3113503249356234e-9
152.18,-1.4796286352342336e-9,2.296001665594419e-9
152.19,-1.4810719660024127e-9,2.2805943661385796e-9
152.2,-1.4824495980046452e-9,2.2651291496758645e-9
152.21,-1.4837615509370576e-9,2.2496067402455903e-9
152.22,-1.485007848688885e-9,2.2340278626917437e-9
152.23,-1.486188512500743e-9,2.218393242583487e-9
152.24,-1.4873035747228719e-9,2.2027036063416027e-9
152.25,-1.4883530650248798e-9,2.186959681025173e-9
152.26,-1.4893370172663973e-9,2.171162194409876e-9
152.27,-1.490255468162372e-9,2.155311874903285e-9
152.28,-1.4911084574309207e-9,2.1394094515415338e-9
152.29,-1.4918960272083776e-9,2.123455654040865e-9
152.3,-1.4926182229377397e-9,2.1074512125031995e-9
152.31,-1.4932750928590519e-9,2.0913968575737483e-9
152.32,-1.4938666865845966e-9,2.0752933211101675e-9
152.33,-1.4943930588607546e-9,2.0591413342622226e-9
152.34,-1.494854265768408e-9,2.042941629319369e-9
152.35,-1.4952503664677415e-9,2.026694938989241e-9
152.36,-1.4955814227565124e-9,2.0104019962329064e-9
152.37,-1.4958474995523377e-9,1.9940635344156115e-9
152.38,-1.4960486641492337e-9,1.977680287081659e-9
152.39,-1.4961849869062138e-9,1.961252988355682e-9
152.4,-1.4962565406800651e-9,1.944782372491342e-9
152.41,-1.4962634012468842e-9,1.9282691738306505e-9
152.42,-1.4962056470761304e-9,1.9117141271935236e-9
152.43,-1.496083359448974e-9,1.895117967386364e-9
152.44,-1.4958966219356928e-9,1.8784814295987718e-9
152.45,-1.4956455216415877e-9,1.8618052486211798e-9
152.46,-1.4953301476505613e-9,1.8450901599942686e-9
152.47,-1.494950591549837e-9,1.828336899013256e-9
152.48,-1.494506948594897e-9,1.811546200890417e-9
152.49,-1.493999316239149e-9,1.7947188008463172e-9
152.5,-1.4934277940780473e-9,1.7778554344737679e-9
152.51,-1.4927924851698109e-9,1.7609568368222848e-9
152.52,-1.4920934946776609e-9,1.744023743134541e-9
152.53,-1.4913309310197487e-9,1.727056888470916e-9
152.54,-1.4905049042932397e-9,1.7100570077241719e-9
152.55,-1.4896155283138353e-9,1.6930248357003882e-9
152.56,-1.488662918732233e-9,1.6759611068470899e-9
152.57,-1.4876471941663593e-9,1.6588665555472417e-9
152.58,-1.4865684757099967e-9,1.6417419159799798e-9
152.59,-1.485426887228496e-9,1.6245879216325877e-9
152.6,-1.4842225547790385e-9,1.6074053062461935e-9
152.61,-1.4829556074397022e-9,1.5901948028068e-9
152.62,-1.4816261767365712e-9,1.572957144134536e-9
152.63,-1.480234396664517e-9,1.555693062525895e-9
152.64,-1.4787804037271032e-9,1.5384032900101852e-9
152.65,-1.4772643370968465e-9,1.5210885579636498e-9
152.66,-1.475686338025415e-9,1.5037495974050467e-9
152.67,-1.4740465511606184e-9,1.486387138799661e-9
152.68,-1.4723451239477027e-9,1.4690019121959212e-9
152.69,-1.4705822040522095e-9,1.451594646794801e-9
152.7,-1.4687579438756244e-9,1.4341660714823046e-9
152.71,-1.4668724973213118e-9,1.416716914445502e-9
152.72,-1.4649260215328367e-9,1.3992479030961137e-9
152.73,-1.4629186749079426e-9,1.3817597643700446e-9
152.74,-1.4608506193672154e-9,1.3642532243261327e-9
152.75,-1.458722018953417e-9,1.346729008390716e-9
152.76,-1.4565330398498647e-9,1.3291878412342725e-9
152.77,-1.454283850865622e-9,1.3116304465409667e-9
152.78,-1.4519746233013136e-9,1.2940575474578045e-9
152.79,-1.4496055310739936e-9,1.2764698663195557e-9
152.8,-1.4471767496463774e-9,1.258868124188452e-9
152.81,-1.4446884576124026e-9,1.2412530416934843e-9
152.82,-1.442140835974255e-9,1.2236253382394124e-9
152.83,-1.4395340673915457e-9,1.2059857323900421e-9
152.84,-1.4368683375809964e-9,1.1883349417837605e-9
152.85,-1.4341438343014633e-9,1.1706736829895804e-9
152.86,-1.4313607474351645e-9,1.1530026715918766e-9
152.87,-1.4285192695724731e-9,1.135322621943181e-9
152.88,-1.4256195953424898e-9,1.1176342476791555e-9
152.89,-1.4226619216741484e-9,1.0999382610367761e-9
152.9,-1.4196464477030955e-9,1.0822353731732932e-9
152.91,-1.4165733752122134e-9,1.0645262940762043e-9
152.92,-1.4134429077720537e-9,1.0468117326641954e-9
152.93,-1.4102552511803536e-9,1.0290923965723316e-9
152.94,-1.407010613875555e-9,1.0113689921369755e-9
152.95,-1.4037092062516543e-9,9.93642224475908e-10
152.96,-1.4003512408751579e-9,9.75912797654163e-10
152.97,-1.396936932310366e-9,9.581814138741339e-10
152.98,-1.3934664977292226e-9,9.404487745871461e-10
152.99,-1.3899401566132448e-9,9.227155795382358e-10
153.0,-1.3863581297639314e-9,9.049825271979237e-10
153.01,-1.3827206405273631e-9,8.872503145477426e-10
153.02,-1.3790279149132675e-9,8.695196373086059e-10
153.03,-1.3752801801839418e-9,8.517911894960259e-10
153.04,-1.371477666182364e-9,8.340656638705095e-10
153.05,-1.367620604606023e-9,8.163437515370388e-10
153.06,-1.363709229770175e-9,7.986261419947994e-10
153.07,-1.3597437772589143e-9,7.809135234023961e-10
153.08,-1.3557244850437636e-9,7.632065823113726e-10
153.09,-1.3516515934116986e-9,7.455060034163529e-10
153.1,-1.3475253442804625e-9,7.278124699916786e-10
153.11,-1.3433459818168669e-9,7.101266636597437e-10
153.12,-1.3391137519688482e-9,6.924492641921039e-10
153.13,-1.3348289027443103e-9,6.747809499499611e-10
153.14,-1.3304916841754428e-9,6.57122397209928e-10
153.15,-1.3261023482534012e-9,6.394742808020659e-10
153.16,-1.321661148679864e-9,6.218372737532885e-10
153.17,-1.317168341684134e-9,6.042120469331277e-10
153.18,-1.3126241847006285e-9,5.86599269874014e-10
153.19,-1.3080289371999485e-9,5.689996099884591e-10
153.2,-1.3033828608763917e-9,5.514137329552562e-10
153.21,-1.2986862190194724e-9,5.338423024897816e-10
153.22,-1.2939392769213161e-9,5.162859803239734e-10
153.23,-1.2891423017781038e-9,4.987454264349334e-10
153.24,-1.2842955621554342e-9,4.812212987179771e-10
153.25,-1.2793993292674125e-9,4.6371425327804667e-10
153.26,-1.2744538745615848e-9,4.4622494367777024e-10
153.27,-1.2694594733453994e-9,4.2875402220659875e-10
153.28,-1.2644164013436684e-9,4.1130213871891425e-10
153.29,-1.2593249362582996e-9,3.938699409428453e-10
153.3,-1.2541853577348862e-9,3.7645807465907836e-10
153.31,-1.2489979471097156e-9,3.5906718356567497e-10
153.32,-1.2437629871579203e-9,3.4169790901776693e-10
153.33,-1.2384807626996426e-9,3.2435089051825223e-10
153.34,-1.2331515598147506e-9,3.07026765312178e-10
153.35,-1.2277756672423767e-9,2.897261680390669e-10
153.36,-1.2223533739205678e-9,2.724497318417297e-10
153.37,-1.2168849713049867e-9,2.5519808709894217e-10
153.38,-1.211370752588822e-9,2.3797186228380314e-10
153.39,-1.20581101209069e-9,2.2077168319379523e-10
153.4,-1.2002060459873602e-9,2.0359817363824754e-10
153.41,-1.1945561518913928e-9,1.8645195509255878e-10
153.42,-1.1888616290050138e-9,1.6933364659216898e-10
153.43,-1.1831227787426e-9,1.5224386491083958e-10
153.44,-1.1773399026682348e-9,1.3518322408864367e-10
153.45,-1.1715133050922155e-9,1.1815233646781588e-10
153.46,-1.1656432910372027e-9,1.0115181149049003e-10
153.47,-1.1597301678970106e-9,8.418225606275475e-11
153.48,-1.1537742434337482e-9,6.724427509898812e-11
153.49,-1.147775827455886e-9,5.033847064574913e-11
153.5,-1.1417352317196412e-9,3.346544245022985e-11
153.51,-1.1356527682905676e-9,1.6625787681166887e-11
153.52,-1.1295287516394146e-9,-1.798991627615536e-13
153.53,-1.1233634964946646e-9,-1.6951025479695063e-11
153.54,-1.1171573204269484e-9,-3.368700231799268e-11
153.55,-1.1109105412471762e-9,-5.0387242382813337e-11
153.56,-1.1046234784591882e-9,-6.705116140938821e-11
153.57,-1.0982964529657115e-9,-8.367817765029969e-11
153.58,-1.0919297869016075e-9,-1.0026771187397183e-10
153.59,-1.085523803829744e-9,-1.1681918785455178e-10
153.6,-1.0790788283955415e-9,-1.3333203158691906e-10
153.61,-1.0725951861557516e-9,-1.498056724104134e-10
153.62,-1.0660732055616746e-9,-1.6623954099361008e-10
153.63,-1.0595132140817383e-9,-1.8263307257068605e-10
153.64,-1.052915541527309e-9,-1.989857039353955e-10
153.65,-1.0462805191913094e-9,-2.1529687489577018e-10
153.66,-1.0396084789158666e-9,-2.3156602809449098e-10
153.67,-1.0328997538331466e-9,-2.47792608865896e-10
153.68,-1.0261546787205753e-9,-2.6397606549609227e-10
153.69,-1.0193735888291557e-9,-2.801158489622288e-10
153.7,-1.012556820953162e-9,-2.9621141320765585e-10
153.71,-1.0057047130917441e-9,-3.122622147529997e-10
153.72,-9.988176038049526e-10,-3.282677134862074e-10
153.73,-9.918958331416343e-10,-3.4422737173289513e-10
153.74,-9.849397421409188e-10,-3.6014065477889347e-10
153.75,-9.779496729057745e-10,-3.760070311030448e-10
153.76,-9.709259683014507e-10,-3.9182597189251967e-10
153.77,-9.638689727938425e-10,-4.0759695121025015e-10
153.78,-9.567790311305953e-10,-4.233194464078757e-10
153.79,-9.496564894770774e-10,-4.389929374053925e-10
153.8,-9.425016948835863e-10,-4.546169074815007e-10
153.81,-9.353149951381137e-10,-4.701908427449402e-10
153.82,-9.280967395213243e-10,-4.857142321115916e-10
153.83,-9.208472773503492e-10,-5.011865680462705e-10
153.84,-9.135669596779938e-10,-5.1660734565178e-10
153.85,-9.062561378812258e-10,-5.319760632237539e-10
153.86,-8.989151644051384e-10,-5.472922221708739e-10
153.87,-8.915443925750241e-10,-5.625553268941602e-10
153.88,-8.841441764897948e-10,-5.77764885019391e-10
153.89,-8.767148710973705e-10,-5.929204072036053e-10
153.9,-8.692568321845539e-10,-6.080214072205274e-10
153.91,-8.617704158729989e-10,-6.23067402120218e-10
153.92,-8.542559798126819e-10,-6.380579119576327e-10
153.93,-8.467138820050852e-10,-6.529924599322438e-10
153.94,-8.391444808926967e-10,-6.678705726845627e-10
153.95,-8.315481361054677e-10,-6.826917797784043e-10
153.96,-8.239252077151266e-10,-6.974556140567106e-10
153.97,-8.162760566856939e-10,-7.121616116225068e-10
153.98,-8.08601044235625e-10,-7.268093117647426e-10
153.99,-8.00900533246819e-10,-7.413982570903655e-10
154.0,-7.931748851394243e-10,-7.559279935199962e-10
154.01,-7.854244644381436e-10,-7.703980698752684e-10
154.02,-7.776496348133849e-10,-7.848080387129635e-10
154.03,-7.698507603096389e-10,-7.991574553958078e-10
154.04,-7.620282073451146e-10,-8.134458793145205e-10
154.05,-7.541823401022581e-10,-8.276728723696482e-10
154.06,-7.463135256031656e-10,-8.418380002104562e-10
154.07,-7.384221304282548e-10,-8.559408317792713e-10
154.08,-7.30508521635335e-10,-8.699809392999215e-10
154.09,-7.225730670011297e-10,-8.839578983540767e-10
154.1,-7.146161350062105e-10,-8.978712877031783e-10
154.11,-7.066380938174622e-10,-9.117206901430407e-10
154.12,-6.986393125386534e-10,-9.255056909944358e-10
154.13,-6.906201608858047e-10,-9.392258794734498e-10
154.14,-6.825810086042474e-10,-9.52880848039189e-10
154.15,-6.745222259296049e-10,-9.6647019268227e-10
154.16,-6.664441833372426e-10,-9.79993512678917e-10
154.17,-6.583472519038373e-10,-9.934504107423773e-10
154.18,-6.502318030245592e-10,-1.0068404931318151e-9
154.19,-6.420982076801151e-10,-1.020163369651677e-9
154.2,-6.339468390961835e-10,-1.0334186528531293e-9
154.21,-6.257780681985064e-10,-1.0466059598532732e-9
154.22,-6.175922679786981e-10,-1.059724910448594e-9
154.23,-6.093898109099051e-10,-1.0727751281465086e-9
154.24,-6.011710705083474e-10,-1.0857562399608183e-9
154.25,-5.929364192952515e-10,-1.0986678763972307e-9
154.26,-5.84686230876309e-10,-1.111509671454868e-9
154.27,-5.764208788323172e-10,-1.1242812625579504e-9
154.28,-5.681407367805635e-10,-1.1369822906167936e-9
154.29,-5.598461788035793e-10,-1.1496124006523323e-9
154.3,-5.515375787320915e-10,-1.1621712401923733e-9
154.31,-5.432153106682111e-10,-1.1746584611230612e-9
154.32,-5.348797490409435e-10,-1.1870737184746812e-9
154.33,-5.265312680137082e-10,-1.199416671005192e-9
154.34,-5.181702419082756e-10,-1.2116869809692286e-9
154.35,-5.097970455031085e-10,-1.2238843143064159e-9
154.36,-5.014120529024865e-10,-1.2360083401955503e-9
154.37,-4.930156389645721e-10,-1.2480587317609088e-9
154.38,-4.846081776027892e-10,-1.260035165476802e-9
154.39,-4.761900439603621e-10,-1.2719373215168812e-9
154.4,-4.677616123646477e-10,-1.2837648835903704e-9
154.41,-4.593232570132178e-10,-1.2955175391265232e-9
154.42,-4.5087535267433656e-10,-1.3071949789681335e-9
154.43,-4.42418273439059e-10,-1.3187968976226212e-9
154.44,-4.339523932417472e-10,-1.330322993347091e-9
154.45,-4.2547808667231514e-10,-1.3417729677996839e-9
154.46,-4.1699572700057637e-10,-1.3531465263004429e-9
154.47,-4.0850568952796246e-10,-1.3644433783175004e-9
154.48,-4.00008346545643e-10,-1.3756632359710027e-9
154.49,-3.915040721933477e-10,-1.3868058158586715e-9
154.5,-3.8299323964482565e-10,-1.3978708377969466e-9
154.51,-3.744762219277948e-10,-1.4088580253142898e-9
154.52,-3.6595339220384574e-10,-1.4197671056968606e-9
154.53,-3.574251230346732e-10,-1.4305978097235037e-9
154.54,-3.4889178688365105e-10,-1.441349872016039e-9
154.55,-3.4035375642469106e-10,-1.4520230307227333e-9
154.56,-3.3181140216386384e-10,-1.4626170276157088e-9
154.57,-3.232650972924285e-10,-1.4731316082578433e-9
154.58,-3.1471521233836984e-10,-1.4835665217665444e-9
154.59,-3.061621182764169e-10,-1.4939215209021597e-9
154.6,-2.9760618581709044e-10,-1.5041963622430046e-9
154.61,-2.890477854021271e-10,-1.5143908059355733e-9
154.62,-2.8048728657474957e-10,-1.5245046158411548e-9
154.63,-2.7192505919394147e-10,-1.5345375593894673e-9
154.64,-2.6336147158132494e-10,-1.5444894078294822e-9
154.65,-2.5479689413537004e-10,-1.5543599360802022e-9
154.66,-2.462316933522979e-10,-1.564148922608189e-9
154.67,-2.3766623783765643e-10,-1.5738561496819164e-9
154.68,-2.2910089472843125e-10,-1.5834814032200065e-9
154.69,-2.2053603097931442e-10,-1.5930244728292507e-9
154.7,-2.1197201282798734e-10,-1.6024851517353205e-9
154.71,-2.0340920626547542e-10,-1.6118632370108877e-9
154.72,-1.9484797650786922e-10,-1.6211585292275958e-9
154.73,-1.8628868845378568e-10,-1.6303708328013412e-9
154.74,-1.777317062126585e-10,-1.6394999556346337e-9
154.75,-1.6917739316710785e-10,-1.6485457096343673e-9
154.76,-1.6062611361844445e-10,-1.657507910041703e-9
154.77,-1.5207822865793046e-10,-1.6663863760646637e-9
154.78,-1.435341006522223e-10,-1.6751809303949955e-9
154.79,-1.3499409078196192e-10,-1.683891399503575e-9
154.8,-1.2645855992261215e-10,-1.6925176136185164e-9
154.81,-1.1792786750122863e-10,-1.701059406559186e-9
154.82,-1.094023733610787e-10,-1.7095166158046092e-9
154.83,-1.0088243559626992e-10,-1.7178890826315082e-9
154.84,-9.236841230132382e-11,-1.7261766518174598e-9
154.85,-8.386066058116773e-11,-1.7343791719971227e-9
154.86,-7.535953695021502e-11,-1.74249649544093e-9
154.87,-6.686539694383358e-11,-1.750528478029457e-9
154.88,-5.837859584827189e-11,-1.7584749793705704e-9
154.89,-4.989948720315307e-11,-1.7663358627650978e-9
154.9,-4.1428424817112164e-11,-1.7741109951033492e-9
154.91,-3.296576111843693e-11,-1.7818002469662213e-9
154.92,-2.4511848133004363e-11,-1.7894034928620342e-9
154.93,-1.6067036446410436e-11,-1.7969206105529598e-9
154.94,-7.631676021099547e-12,-1.8043514816787588e-9
154.95,7.938836729477928e-13,-1.8116959915056732e-9
154.96,9.209294187177695e-12,-1.8189540290064274e-9
154.97,1.7614208283368323e-11,-1.826125486683763e-9
154.98,2.600827943749839e-11,-1.8332102608738496e-9
154.99,3.439116166095121e-11,-1.8402082513614066e-9
155.0,4.276251052908303e-11,-1.8471193617161977e-9
155.01,5.1121982184693114e-11,-1.853943499144578e-9
155.02,5.946923352076392e-11,-1.8606805743785992e-9
155.03,6.780392323292606e-11,-1.867330501866756e-9
155.04,7.61257099207144e-11,-1.8738931997151076e-9
155.05,8.443425406765904e-11,-1.8803685895411306e-9
155.06,9.272921633207998e-11,-1.8867565967266796e-9
155.07,1.0101025920374806e-10,-1.893057150152705e-9
155.08,1.0927704567466387e-10,-1.899270182424222e-9
155.09,1.1752923980573576e-10,-1.9053956295791572e-9
155.1,1.257665072270514e-10,-1.9114334314007473e-9
155.11,1.3398851400690386e-10,-1.9173835312636744e-9
155.12,1.421949273231629e-10,-1.9232458760581128e-9
155.13,1.503854154453152e-10,-1.9290204163969264e-9
155.14,1.5855965018127214e-10,-1.9347071062518726e-9
155.15,1.667172997824193e-10,-1.9403059033770912e-9
155.16,1.7485803686595021e-10,-1.9458167690259077e-9
155.17,1.8298153443219563e-10,-1.9512396679907824e-9
155.18,1.9108746681230282e-10,-1.9565745686480526e-9
155.19,1.9917550917661644e-10,-1.961821442920458e-9
155.2,2.072453382612066e-10,-1.966980266291358e-9
155.21,2.1529663160004356e-10,-1.9720510177567664e-9
155.22,2.2332906805928005e-10,-1.977033680112368e-9
155.23,2.313423283205253e-10,-1.981928238796066e-9
155.24,2.3933609305941086e-10,-1.9867346839968966e-9
155.25,2.4731004550631166e-10,-1.9914530086345686e-9
155.26,2.552638689121489e-10,-1.9960832093545663e-9
155.27,2.631972491987843e-10,-2.0006252862318435e-9
155.28,2.711098722008018e-10,-2.0050792429474217e-9
155.29,2.790014258096282e-10,-2.009445086413719e-9
155.3,2.8687159918210755e-10,-2.0137228273903233e-9
155.31,2.947200825671828e-10,-2.0179124798508436e-9
155.32,3.025465674426749e-10,-2.022014061392198e-9
155.33,3.103507471048585e-10,-2.026027592897195e-9
155.34,3.1813231577550404e-10,-2.0299530988753067e-9
155.35,3.2589096918954666e-10,-2.033790606919422e-9
155.36,3.33626404234582e-10,-2.0375401486198144e-9
155.37,3.413383198251707e-10,-2.0412017585019866e-9
155.38,3.4902641548330606e-10,-2.04477547477101e-9
155.39,3.5669039230563006e-10,-2.0482613389563556e-9
155.4,3.6432995349940537e-10,-2.0516593957835214e-9
155.41,3.7194480261039615e-10,-2.054969694037015e-9
155.42,3.7953464551559444e-10,-2.0581922850628815e-9
155.43,3.870991890099614e-10,-2.061327223949759e-9
155.44,3.946381418024644e-10,-2.0643745690634804e-9
155.45,4.021512136073583e-10,-2.0673343823874776e-9
155.46,4.0963811553596296e-10,-2.0702067289684286e-9
155.47,4.1709856097822e-10,-2.0729916771915708e-9
155.48,4.2453226408173304e-10,-2.075689298961905e-9
155.49,4.319389402080865e-10,-2.078299669318682e-9
155.5,4.3931830813697467e-10,-2.08082286668159e-9
155.51,4.4667008548177453e-10,-2.083258972739707e-9
155.52,4.539939932551526e-10,-2.0856080724905603e-9
155.53,4.612897531900638e-10,-2.0878702542077994e-9
155.54,4.685570892778617e-10,-2.090045609452963e-9
155.55,4.757957262542916e-10,-2.092134232887902e-9
155.56,4.83005391082172e-10,-2.094136222692933e-9
155.57,4.90185811793279e-10,-2.0960516800240363e-9
155.58,4.973367190014257e-10,-2.09788070944358e-9
155.59,5.044578431694097e-10,-2.099623418595867e-9
155.6,5.115489178898848e-10,-2.1012799184022436e-9
155.61,5.186096783853404e-10,-2.102850322934452e-9
155.62,5.256398601684675e-10,-2.104334749510867e-9
155.63,5.326392019917845e-10,-2.1057333185199007e-9
155.64,5.396074432687935e-10,-2.1070461535729687e-9
155.65,5.465443251585329e-10,-2.108273381442182e-9
155.66,5.534495909611675e-10,-2.109415131951256e-9
155.67,5.603229851271553e-10,-2.110471538265268e-9
155.68,5.671642541305032e-10,-2.111442736153905e-9
155.69,5.739731458753167e-10,-2.11232886512881e-9
155.7,5.807494105799812e-10,-2.1131300673775635e-9
155.71,5.874927992945916e-10,-2.1138464883177714e-9
155.72,5.942030651946618e-10,-2.1144782763651175e-9
155.73,6.008799633769102e-10,-2.115025582951366e-9
155.74,6.075232505102765e-10,-2.115488562675772e-9
155.75,6.141326848874592e-10,-2.1158673731089634e-9
155.76,6.207080268841916e-10,-2.116162174732073e-9
155.77,6.272490381111971e-10,-2.1163731311683375e-9
155.78,6.337554823341771e-10,-2.116500409047403e-9
155.79,6.402271252954269e-10,-2.116544177705322e-9
155.8,6.466637338532799e-10,-2.116504609844606e-9
155.81,6.530650775400553e-10,-2.1163818807086942e-9
155.82,6.594309264063688e-10,-2.116176168955272e-9
155.83,6.657610536798064e-10,-2.115887655640558e-9
155.84,6.720552337442226e-10,-2.115516525167571e-9
155.85,6.783132426367261e-10,-2.115062964509265e-9
155.86,6.845348587037026e-10,-2.1145271637647164e-9
155.87,6.907198613860745e-10,-2.1139093157867577e-9
155.88,6.968680336307364e-10,-2.113209616210598e-9
155.89,7.029791577875375e-10,-2.1124282638111545e-9
155.9,7.090530196560241e-10,-2.1115654597742653e-9
155.91,7.150894068358006e-10,-2.1106214084073793e-9
155.92,7.210881083902021e-10,-2.1095963167965636e-9
155.93,7.270489153677963e-10,-2.10849039470126e-9
155.94,7.329716207216611e-10,-2.107303854683195e-9
155.95,7.388560192801222e-10,-2.10603691208481e-9
155.96,7.447019080567158e-10,-2.1046897849634956e-9
155.97,7.505090847581917e-10,-2.1032626943534894e-9
155.98,7.562773510983927e-10,-2.1017558634930445e-9
155.99,7.620065085563363e-10,-2.100169518838862e-9
156.0,7.67696362070558e-10,-2.0985038891955643e-9
156.01,7.733467176869162e-10,-2.096759206228778e-9
156.02,7.789573837495385e-10,-2.0949357041474787e-9
156.03,7.845281702144087e-10,-2.093033619909919e-9
156.04,7.900588893038854e-10,-2.091053192998824e-9
156.05,7.955493548751336e-10,-2.088994665608657e-9
156.06,8.009993831853972e-10,-2.0868582824161645e-9
156.07,8.064087914102058e-10,-2.0846442909012135e-9
156.08,8.11777400867894e-10,-2.0823529407052904e-9
156.09,8.171050320548033e-10,-2.0799844844983213e-9
156.1,8.223915091836692e-10,-2.077539177184492e-9
156.11,8.276366580991954e-10,-2.07501727629716e-9
156.12,8.328403066591783e-10,-2.0724190418384768e-9
156.13,8.380022843579688e-10,-2.0697447363361383e-9
156.14,8.431224231268176e-10,-2.0669946247689833e-9
156.15,8.48200556415017e-10,-2.0641689746012233e-9
156.16,8.53236520820524e-10,-2.0612680555888537e-9
156.17,8.582301528804683e-10,-2.058292140208984e-9
156.18,8.631812930637668e-10,-2.0552415033226916e-9
156.19,8.68089782716297e-10,-2.0521164218319035e-9
156.2,8.729554659984254e-10,-2.048917175241326e-9
156.21,8.777781883259434e-10,-2.045644045525669e-9
156.22,8.825577976540845e-10,-2.0422973169401108e-9
156.23,8.872941437305546e-10,-2.038877275897515e-9
156.24,8.919870784330838e-10,-2.0353842114279855e-9
156.25,8.966364557875925e-10,-2.0318184145972546e-9
156.26,9.012421311583676e-10,-2.028180179051464e-9
156.27,9.058039630734148e-10,-2.0244698003319977e-9
156.28,9.103218112261191e-10,-2.020687576630558e-9
156.29,9.147955377796262e-10,-2.0168338077213935e-9
156.3,9.192250066781779e-10,-2.0129087964634793e-9
156.31,9.236100841870403e-10,-2.00891284739282e-9
156.32,9.279506385518766e-10,-2.0048462672548612e-9
156.33,9.322465397339353e-10,-2.000709365117995e-9
156.34,9.364976602304504e-10,-1.9965024520736506e-9
156.35,9.40703874408285e-10,-1.9922258414269903e-9
156.36,9.44865058626561e-10,-1.9878798485255745e-9
156.37,9.489810911076429e-10,-1.983464791002673e-9
156.38,9.530518533345203e-10,-1.9789809881440662e-9
156.39,9.570772268209115e-10,-1.974428761918435e-9
156.4,9.61057097017851e-10,-1.969808435826967e-9
156.41,9.64991350187015e-10,-1.965120335706636e-9
156.42,9.688798756989064e-10,-1.9603647891538956e-9
156.43,9.727225638386625e-10,-1.9555421260507348e-9
156.44,9.76519308531012e-10,-1.9506526780355747e-9
156.45,9.80270004118323e-10,-1.9456967788497947e-9
156.46,9.839745480084935e-10,-1.940674764070307e-9
156.47,9.876328395669609e-10,-1.935586971290413e-9
156.48,9.912447799862959e-10,-1.9304337400572864e-9
156.49,9.948102730607171e-10,-1.925215411585634e-9
156.5,9.983292240510524e-10,-1.9199323291255723e-9
156.51,1.001801540434255e-9,-1.914584837941534e-9
156.52,1.0052271315429093e-9,-1.909173284486294e-9
156.53,1.0086059114420222e-9,-1.9036980185412354e-9
156.54,1.0119377911322405e-9,-1.898159389843386e-9
156.55,1.0152226880956705e-9,-1.8925577509232916e-9
156.56,1.018460520270628e-9,-1.886893455887055e-9
156.57,1.0216512077937715e-9,-1.881166860760553e-9
156.58,1.024794672926574e-9,-1.8753783230274266e-9
156.59,1.0278908401109047e-9,-1.869528202072318e-9
156.6,1.0309396358166767e-9,-1.863616858966312e-9
156.61,1.0339409888392014e-9,-1.8576446562586858e-9
156.62,1.0368948292800798e-9,-1.8516119586925532e-9
156.63,1.039801090523123e-9,-1.845519131941072e-9
156.64,1.0426597070862134e-9,-1.8393665438152642e-9
156.65,1.0454706162515115e-9,-1.8331545634960055e-9
156.66,1.0482337569558955e-9,-1.8268835618947614e-9
156.67,1.0509490704820792e-9,-1.8205539114077914e-9
156.68,1.0536164996868187e-9,-1.8141659861024673e-9
156.69,1.0562359903400134e-9,-1.8077201614028929e-9
156.7,1.0588074898239919e-9,-1.8012168143602489e-9
156.71,1.061330947666795e-9,-1.7946563234640426e-9
156.72,1.0638063156617959e-9,-1.7880390690156168e-9
156.73,1.0662335474621853e-9,-1.7813654319465716e-9
156.74,1.0686125987649568e-9,-1.7746357957507816e-9
156.75,1.0709434277155737e-9,-1.767850544483691e-9
156.76,1.073225994324747e-9,-1.7610100639531635e-9
156.77,1.075460260365797e-9,-1.7541147413810428e-9
156.78,1.0776461907597566e-9,-1.747164965331508e-9
156.79,1.079783751363028e-9,-1.7401611256732664e-9
156.8,1.0818729101441092e-9,-1.7331036134523418e-9
156.81,1.0839136386413626e-9,-1.725992821252149e-9
156.82,1.085905908142112e-9,-1.718829143243869e-9
156.83,1.0878496941707846e-9,-1.7116129741982713e-9
156.84,1.089744973024031e-9,-1.7043447106801168e-9
156.85,1.0915917238456526e-9,-1.6970247501251188e-9
156.86,1.0933899272033691e-9,-1.6896534916129636e-9
156.87,1.0951395660732751e-9,-1.6822313350840597e-9
156.88,1.0968406256812282e-9,-1.674758681682061e-9
156.89,1.0984930928335216e-9,-1.6672359340532448e-9
156.9,1.1000969568451727e-9,-1.6596634955667484e-9
156.91,1.1016522087459825e-9,-1.6520417711882996e-9
156.92,1.1031588419638367e-9,-1.6443711665156522e-9
156.93,1.1046168519785437e-9,-1.6366520884836052e-9
156.94,1.1060262357775275e-9,-1.6288849451566902e-9
156.95,1.1073869931932508e-9,-1.6210701455070028e-9
156.96,1.1086991255203122e-9,-1.6132080996848542e-9
156.97,1.1099626362201444e-9,-1.6052992188653674e-9
156.98,1.111177531220586e-9,-1.5973439150343743e-9
156.99,1.1123438180431791e-9,-1.589342601362378e-9
157.0,1.1134615060575928e-9,-1.5812956919690058e-9
157.01,1.1145306074055928e-9,-1.5732036017510988e-9
157.02,1.115551135354674e-9,-1.5650667468659651e-9
157.03,1.1165231061884708e-9,-1.5568855439544725e-9
157.04,1.117446537405391e-9,-1.5486604109030094e-9
157.05,1.1183214488850713e-9,-1.540391766251764e-9
157.06,1.119147862564906e-9,-1.532080029529274e-9
157.07,1.1199258022098947e-9,-1.5237256210768787e-9
157.08,1.1206552938713668e-9,-1.515328962000712e-9
157.09,1.1213363650389484e-9,-1.5068904743108203e-9
157.1,1.1219690473046749e-9,-1.498410580624225e-9
157.11,1.1225533685815167e-9,-1.489889704384365e-9
157.12,1.1230893666002308e-9,-1.4813282699196337e-9
157.13,1.1235770758101567e-9,-1.4727267022158462e-9
157.14,1.1240165342234476e-9,-1.464085426874882e-9
157.15,1.1244077816372337e-9,-1.4554048702076988e-9
157.16,1.1247508600272316e-9,-1.4466854592738874e-9
157.17,1.1250458129702769e-9,-1.4379276217888504e-9
157.18,1.1252926865094175e-9,-1.4291317859938831e-9
157.19,1.125491528408321e-9,-1.4202983806147914e-9
157.2,1.1256423877071235e-9,-1.4114278358156006e-9
157.21,1.1257453165810785e-9,-1.4025205810947991e-9
157.22,1.1258003689796065e-9,-1.3935770472256087e-9
157.23,1.1258076000408964e-9,-1.3845976654776894e-9
157.24,1.125767067124646e-9,-1.3755828676076242e-9
157.25,1.1256788299445358e-9,-1.3665330858539292e-9
157.26,1.1255429499091619e-9,-1.3574487526255646e-9
157.27,1.1253594901717913e-9,-1.3483303014443725e-9
157.28,1.1251285157397994e-9,-1.339178165930473e-9
157.29,1.1248500942678023e-9,-1.3299927799662796e-9
157.3,1.12452429444308e-9,-1.3207745781202994e-9
157.31,1.1241511872402645e-9,-1.3115239952997528e-9
157.32,1.1237308453899438e-9,-1.3022414668298011e-9
157.33,1.123263344034153e-9,-1.2929274280793256e-9
157.34,1.1227487595687382e-9,-1.2835823151541574e-9
157.35,1.1221871700933916e-9,-1.2742065643806258e-9
157.36,1.1215786566343288e-9,-1.264800612254781e-9
157.37,1.1209233013213663e-9,-1.2553648955273004e-9
157.38,1.1202211878625548e-9,-1.245899851668711e-9
157.39,1.1194724026590143e-9,-1.236405917738259e-9
157.4,1.1186770334346211e-9,-1.2268835314639594e-9
157.41,1.1178351697547092e-9,-1.2173331307256134e-9
157.42,1.116946903148044e-9,-1.2077551534244701e-9
157.43,1.116012327048655e-9,-1.1981500379809938e-9
157.44,1.1150315367268288e-9,-1.188518222489666e-9
157.45,1.114004628994927e-9,-1.1788601456783232e-9
157.46,1.1129317023203867e-9,-1.1691762461640673e-9
157.47,1.1118128584415459e-9,-1.1594669624957685e-9
157.48,1.1106481986958089e-9,-1.1497327337044993e-9
157.49,1.1094378276123298e-9,-1.1399739986256127e-9
157.5,1.1081818511651643e-9,-1.1301911963201772e-9
157.51,1.1068803772871123e-9,-1.1203847656027608e-9
157.52,1.1055335153839655e-9,-1.1105551455825793e-9
157.53,1.1041413768295811e-9,-1.1007027752912172e-9
157.54,1.1027040743927458e-9,-1.090828093722527e-9
157.55,1.1012217237710805e-9,-1.0809315398642276e-9
157.56,1.0996944402466885e-9,-1.0710135526005015e-9
157.57,1.0981223431759157e-9,-1.061074570665799e-9
157.58,1.0965055522232892e-9,-1.0511150329963213e-9
157.59,1.094844189029287e-9,-1.0411353781969718e-9
157.6,1.0931383774612204e-9,-1.031136044739623e-9
157.61,1.0913882420932942e-9,-1.0211174711598377e-9
157.62,1.0895939102086985e-9,-1.0110800956174534e-9
157.63,1.0877555103657648e-9,-1.0010243562076216e-9
157.64,1.085873172680394e-9,-9.90950690743882e-10
157.65,1.0839470293526499e-9,-9.80859536904822e-10
157.66,1.0819772134816628e-9,-9.707513321631647e-10
157.67,1.0799638609548924e-9,-9.606265139281972e-10
157.68,1.0779071082384066e-9,-9.504855188871284e-10
157.69,1.0758070939447425e-9,-9.403287837685792e-10
157.7,1.0736639583745542e-9,-9.301567451196549e-10
157.71,1.0714778433704798e-9,-9.199698387380332e-10
157.72,1.0692488923369834e-9,-9.09768500623782e-10
157.73,1.0669772505259544e-9,-8.995531661395672e-10
157.74,1.0646630639627633e-9,-8.893242703060516e-10
157.75,1.0623064816343543e-9,-8.790822476583745e-10
157.76,1.059907653015315e-9,-8.688275327447923e-10
157.77,1.0574667295419373e-9,-8.585605594437029e-10
157.78,1.0549838644272638e-9,-8.482817609243898e-10
157.79,1.0524592119729586e-9,-8.379915703841305e-10
157.8,1.0498929284336349e-9,-8.276904203541079e-10
157.81,1.047285171336711e-9,-8.173787430029576e-10
157.82,1.0446361000270823e-9,-8.07056969761681e-10
157.83,1.0419458751462985e-9,-7.967255317746688e-10
157.84,1.0392146588736603e-9,-7.863848596527549e-10
157.85,1.036442615118257e-9,-7.76035383334687e-10
157.86,1.033629908874664e-9,-7.656775323346828e-10
157.87,1.030776707028742e-9,-7.553117356160879e-10
157.88,1.0278831778415937e-9,-7.449384213101033e-10
157.89,1.024949490839019e-9,-7.345580172626311e-10
157.9,1.0219758173117205e-9,-7.241709506274688e-10
157.91,1.0189623299781525e-9,-7.137776476386519e-10
157.92,1.0159092025944998e-9,-7.033785342568764e-10
157.93,1.0128166107312527e-9,-6.929740357099111e-10
157.94,1.0096847316038647e-9,-6.825645760320251e-10
157.95,1.0065137433079207e-9,-6.721505792800253e-10
157.96,1.003303825118238e-9,-6.617324687486735e-10
157.97,1.0000551590854376e-9,-6.513106663915542e-10
157.98,9.967679274366317e-10,-6.408855937981794e-10
157.99,9.934423137220902e-10,-6.304576719925316e-10
158.0,9.900785035463964e-10,-6.200273207652104e-10
158.01,9.866766834455983e-10,-6.095949595899615e-10
158.02,9.832370414155817e-10,-5.991610067610836e-10
158.03,9.797597668315154e-10,-5.887258798735722e-10
158.04,9.76245049678444e-10,-5.782899959719285e-10
158.05,9.726930838292843e-10,-5.67853770768124e-10
158.06,9.69104060822805e-10,-5.574176193686069e-10
158.07,9.654781756999988e-10,-5.469819560476921e-10
158.08,9.61815624511408e-10,-5.365471941198953e-10
158.09,9.581166040941103e-10,-5.261137459539777e-10
158.1,9.543813134633674e-10,-5.156820229492885e-10
158.11,9.506099519820977e-10,-5.052524357871257e-10
158.12,9.468027205773807e-10,-4.94825393932015e-10
158.13,9.429598217878124e-10,-4.844013063099926e-10
158.14,9.390814582231973e-10,-4.739805798238046e-10
158.15,9.351678353606883e-10,-4.6356362184046197e-10
158.16,9.312191587654532e-10,-4.53150837743089e-10
158.17,9.272356354745943e-10,-4.427426322043709e-10
158.18,9.232174738935071e-10,-4.323394086686968e-10
158.19,9.19164883264034e-10,-4.219415698360635e-10
158.2,9.150780743327737e-10,-4.1154951697664635e-10
158.21,9.109572587368425e-10,-4.011636505829255e-10
158.22,9.068026491075342e-10,-3.907843701041826e-10
158.23,9.026144605271278e-10,-3.804120732084e-10
158.24,8.983929072188551e-10,-3.700471574496581e-10
158.25,8.941382056539555e-10,-3.596900185093341e-10
158.26,8.898505733690999e-10,-3.493410513914454e-10
158.27,8.855302287211564e-10,-3.3900064944850433e-10
158.28,8.811773915871627e-10,-3.2866920524979985e-10
158.29,8.767922821514218e-10,-3.183471101019481e-10
158.3,8.723751225070791e-10,-3.080347539663627e-10
158.31,8.679261353892658e-10,-2.9773252586354967e-10
158.32,8.634455443303258e-10,-2.8744081292788987e-10
158.33,8.589335744752961e-10,-2.771600020988691e-10
158.34,8.543904515983406e-10,-2.668904783032323e-10
158.35,8.498164026183318e-10,-2.566326252529676e-10
158.36,8.452116553236122e-10,-2.4638682574445623e-10
158.37,8.405764384258315e-10,-2.3615346079906357e-10
158.38,8.359109822978049e-10,-2.2593291086105232e-10
158.39,8.312155172847711e-10,-2.1572555425072526e-10
158.4,8.264902756160101e-10,-2.0553176813832675e-10
158.41,8.217354888852127e-10,-1.9535192912953927e-10
158.42,8.169513917687553e-10,-1.8518641141045458e-10
158.43,8.121382187595488e-10,-1.7503558833023993e-10
158.44,8.072962048519276e-10,-1.6489983188434193e-10
158.45,8.024255868330987e-10,-1.5477951249681846e-10
158.46,7.975266016959225e-10,-1.4467499943417108e-10
158.47,7.925994878690249e-10,-1.3458666020402054e-10
158.48,7.8764448405949e-10,-1.2451486133825824e-10
158.49,7.826618298791463e-10,-1.144599671457711e-10
158.5,7.776517671024915e-10,-1.0442234208389338e-10
158.51,7.726145362729711e-10,-9.440234716762405e-11
158.52,7.675503800613267e-10,-8.440034313436044e-11
158.53,7.624595415191043e-10,-7.441668894016188e-11
158.54,7.573422648278234e-10,-6.445174212592636e-11
158.55,7.52198794325565e-10,-5.4505858747631526e-11
158.56,7.470293760411276e-10,-4.4579393172463805e-11
158.57,7.418342560098387e-10,-3.467269840974764e-11
158.58,7.366136812180563e-10,-2.4786125815732903e-11
158.59,7.313678999678738e-10,-1.4920025379879536e-11
158.6,7.260971599068398e-10,-5.074745171435876e-12
158.61,7.20801711030276e-10,4.749367848191804e-12
158.62,7.15481802836067e-10,1.455196865016623e-11
158.63,7.101376862562274e-10,2.433271359765567e-11
158.64,7.047696123819979e-10,3.4091260842931475e-11
158.65,6.993778334509518e-10,4.382726986099908e-11
158.66,6.939626020463078e-10,5.354040205285145e-11
158.67,6.885241711686048e-10,6.323032024582929e-11
158.68,6.830627955990533e-10,7.28966891077472e-11
158.69,6.775787289387866e-10,8.253917487760891e-11
158.7,6.72072227105048e-10,9.215744498805127e-11
158.71,6.665435453847377e-10,1.0175116941359716e-10
158.72,6.609929407521991e-10,1.1132001920902738e-10
158.73,6.554206696977802e-10,1.2086366734997695e-10
158.74,6.498269900119907e-10,1.3038178841631418e-10
158.75,6.442121596953683e-10,1.3987405868076815e-10
158.76,6.385764375031648e-10,1.4934015624981944e-10
158.77,6.329200826665245e-10,1.5877976071697145e-10
158.78,6.272433548874873e-10,1.6819255370991815e-10
158.79,6.215465139642037e-10,1.775782185729014e-10
158.8,6.158298211368736e-10,1.8693644021157844e-10
158.81,6.100935376398245e-10,1.962669052973727e-10
158.82,6.043379248930233e-10,2.055693026124366e-10
158.83,5.985632452118138e-10,2.1484332233507148e-10
158.84,5.927697611293958e-10,2.2408865655417066e-10
158.85,5.869577359820856e-10,2.333049992378898e-10
158.86,5.811274327223198e-10,2.424920461490973e-10
158.87,5.752791161762609e-10,2.516494946285389e-10
158.88,5.694130492950017e-10,2.607770445030357e-10
158.89,5.635294980134643e-10,2.6987439658953715e-10
158.9,5.576287269792858e-10,2.7894125403621343e-10
158.91,5.517110012928331e-10,2.879773215846915e-10
158.92,5.457765879637006e-10,2.9698230632835763e-10
158.93,5.398257518664956e-10,3.059559166733196e-10
158.94,5.338587602564258e-10,3.1489786308591277e-10
158.95,5.278758796910941e-10,3.238078580474258e-10
158.96,5.218773775170079e-10,3.3268561569426915e-10
158.97,5.158635208830003e-10,3.4153085234056485e-10
158.98,5.098345781169123e-10,3.5034328570701283e-10
158.99,5.03790817139335e-10,3.5912263623323287e-10
159.0,4.977325058047861e-10,3.67868625555994e-10
159.01,4.916599129908543e-10,3.7658097749878665e-10
159.02,4.855733075760046e-10,3.852594178084621e-10
159.03,4.794729587055655e-10,3.939036741970383e-10
159.04,4.733591351920726e-10,4.0251347625447716e-10
159.05,4.672321068985308e-10,4.1108855558623174e-10
159.06,4.6109214347641954e-10,4.1962864577718146e-10
159.07,4.5493951477720117e-10,4.281334824464325e-10
159.08,4.4877449067194253e-10,4.3660280256916284e-10
159.09,4.425973416583654e-10,4.450363461404127e-10
159.1,4.3640833801400707e-10,4.534338544102738e-10
159.11,4.3020775021293776e-10,4.6179507079821653e-10
159.12,4.2399584885819235e-10,4.701197407225016e-10
159.13,4.1777290468608564e-10,4.784076116781146e-10
159.14,4.1153918883610256e-10,4.866584330965424e-10
159.15,4.052949719996548e-10,4.948719563548089e-10
159.16,3.990405252265695e-10,5.030479348654557e-10
159.17,3.927761199249283e-10,5.111861245311825e-10
159.18,3.865020270528813e-10,5.192862824546232e-10
159.19,3.8021851789414346e-10,5.273481683989316e-10
159.2,3.7392586360549695e-10,5.353715438944156e-10
159.21,3.676243356669602e-10,5.433561726265316e-10
159.22,3.6131420526702097e-10,5.513018203717581e-10
159.23,3.5499574395406324e-10,5.592082548553031e-10
159.24,3.4866922295590504e-10,5.670752459470185e-10
159.25,3.4233491354662973e-10,5.7490256552955e-10
159.26,3.3599308670845034e-10,5.826899875118695e-10
159.27,3.296440140528213e-10,5.904372880192153e-10
159.28,3.2328796675033735e-10,5.981442451906468e-10
159.29,3.169252156388709e-10,6.058106392387544e-10
159.3,3.105560323492509e-10,6.134362524599827e-10
159.31,3.0418068728524e-10,6.210208692514687e-10
159.32,2.9779945132205504e-10,6.285642761825095e-10
159.33,2.9141259552295026e-10,6.360662618467933e-10
159.34,2.850203900032027e-10,6.435266167030537e-10
159.35,2.7862310647074077e-10,6.509451342276229e-10
159.36,2.7222101410795255e-10,6.583216087590082e-10
159.37,2.658143835263298e-10,6.656558375414881e-10
159.38,2.594034848426544e-10,6.729476197934179e-10
159.39,2.5298858772429213e-10,6.801967567743849e-10
159.4,2.4656996205301884e-10,6.874030520363134e-10
159.41,2.401478773909452e-10,6.945663110207855e-10
159.42,2.3372260285673023e-10,7.016863415249251e-10
159.43,2.2729440760856142e-10,7.087629533614805e-10
159.44,2.2086356053298136e-10,7.157959586479854e-10
159.45,2.1443033042450803e-10,7.227851713852615e-10
159.46,2.0799498535465252e-10,7.297304078773796e-10
159.47,2.015577934023528e-10,7.366314866188197e-10
159.48,1.951190224973094e-10,7.434882280917145e-10
159.49,1.8867894033380832e-10,7.503004552455431e-10
159.5,1.8223781391511878e-10,7.570679928291425e-10
159.51,1.757959103621772e-10,7.637906680203795e-10
159.52,1.693534956441288e-10,7.70468309750733e-10
159.53,1.6291083792024192e-10,7.771007501239231e-10
159.54,1.564682012062977e-10,7.836878221293037e-10
159.55,1.500258517742283e-10,7.902293616225631e-10
159.56,1.4358405511736522e-10,7.96725206575387e-10
159.57,1.3714307599065746e-10,8.031751970343737e-10
159.58,1.3070317887610114e-10,8.095791753608855e-10
159.59,1.2426462785597307e-10,8.159369859663351e-10
159.6,1.1782768680662506e-10,8.222484754287203e-10
159.61,1.1139261904900331e-10,8.28513492566812e-10
159.62,1.0495968718819152e-10,8.347318884557028e-10
159.63,9.852915363888026e-11,8.409035162763186e-10
159.64,9.210128174245265e-11,8.470282312335091e-10
159.65,8.567633151365622e-11,8.531058911234889e-10
159.66,7.925456432930587e-11,8.591363553300547e-10
159.67,7.283624143478303e-11,8.651194861462547e-10
159.68,6.642162275664648e-11,8.710551475626508e-10
159.69,6.001096768477895e-11,8.769432058635079e-10
159.7,5.360453582290583e-11,8.827835295420943e-10
159.71,4.720258547593506e-11,8.885759892877214e-10
159.72,4.080537479731431e-11,8.943204579785036e-10
159.73,3.4413161764228074e-11,9.000168107678895e-10
159.74,2.8026203212432335e-11,9.05664924870821e-10
159.75,2.1644755285870884e-11,9.112646797914945e-10
159.76,1.526907477536635e-11,9.168159570971677e-10
159.77,8.899416142835808e-12,9.22318640758266e-10
159.78,2.53603481234292e-12,9.277726167931979e-10
159.79,-3.820815587021928e-12,9.331777732906337e-10
159.8,-1.0170880545922562e-11,9.385340009753958e-10
159.81,-1.651390794814325e-11,9.438411922530113e-10
159.82,-2.2849645102020514e-11,9.490992420525446e-10
159.83,-2.917784043629805e-11,9.543080473594728e-10
159.84,-3.5498242240490976e-11,9.594675073372552e-10
159.85,-4.181060071968855e-11,9.64577523407342e-10
159.86,-4.811466621176949e-11,9.696379992281433e-10
159.87,-5.4410188677596594e-11,9.746488405330258e-10
159.88,-6.069692054449077e-11,9.796099552737492e-10
159.89,-6.6974613820991e-11,9.84521253636914e-10
159.9,-7.324302115115472e-11,9.893826479791409e-10
159.91,-7.9501896768212e-11,9.941940528274093e-10
159.92,-8.575099442378728e-11,9.989553849562569e-10
159.93,-9.199006994506315e-11,1.0036665630143654e-9
159.94,-9.821887817887103e-11,1.008327508396089e-9
159.95,-1.0443717640490569e-10,1.0129381442449517e-9
159.96,-1.106447218072082e-10,1.0174983960100798e-9
159.97,-1.1684127223421458e-10,1.0220081913485233e-9
159.98,-1.230265868494147e-10,1.0264674599844202e-9
159.99,-1.2920042515124463e-10,1.0308761339599226e-9
160.0,-1.3536254739657103e-10,1.0352341473866968e-9
160.01,-1.415127140349837e-10,1.0395414367052279e-9
160.02,-1.4765068994689604e-10,1.0437979401324938e-9
160.03,-1.5377623492610937e-10,1.0480035986060412e-9
160.04,-1.5988911381461688e-10,1.0521583547211858e-9
160.05,-1.6598909102978567e-10,1.0562621536149252e-9
160.06,-1.7207593182471641e-10,1.0603149423675705e-9
160.07,-1.7814940216352679e-10,1.0643166702514351e-9
160.08,-1.8420926968741034e-10,1.0682672887861112e-9
160.09,-1.9025530181906103e-10,1.0721667514783221e-9
160.1,-1.962872673377145e-10,1.0760150143308442e-9
160.11,-2.02304936165131e-10,1.0798120346993294e-9
160.12,-2.0830807870277778e-10,1.0835577731012365e-9
160.13,-2.1429646642148757e-10,1.0872521916022486e-9
160.14,-2.2026987134365305e-10,1.0908952545092342e-9
160.15,-2.2622806768981968e-10,1.0944869282556363e-9
160.16,-2.3217082856957385e-10,1.0980271814968907e-9
160.17,-2.3809792979333013e-10,1.1015159847539871e-9
160.18,-2.440091471784823e-10,1.104953311029207e-9
160.19,-2.49904257856073e-10,1.1083391352845413e-9
160.2,-2.5578303956987194e-10,1.1116734345847295e-9
160.21,-2.6164527141547595e-10,1.1149561880382428e-9
160.22,-2.674907333985973e-10,1.1181873771041327e-9
160.23,-2.733192064063673e-10,1.1213669848882342e-9
160.24,-2.7913047214341064e-10,1.1244949972568572e-9
160.25,-2.849243135588347e-10,1.1275714016546498e-9
160.26,-2.907005147082339e-10,1.1305961877331942e-9
160.27,-2.964588600761296e-10,1.133569347363034e-9
160.28,-3.021991361079532e-10,1.1364908743847922e-9
160.29,-3.079211291731049e-10,1.1393607650149437e-9
160.3,-3.136246277530509e-10,1.1421790168564761e-9
160.31,-3.193094204742348e-10,1.1449456303443985e-9
160.32,-3.2497529769449936e-10,1.1476606074862483e-9
160.33,-3.3062205018678423e-10,1.150323952660413e-9
160.34,-3.362494703127566e-10,1.152935672216331e-9
160.35,-3.4185735153613114e-10,1.1554957742801788e-9
160.36,-3.4744548782376845e-10,1.1580042695544891e-9
160.37,-3.530136741438878e-10,1.1604611704084955e-9
160.38,-3.5856170854256056e-10,1.1628664912595136e-9
160.39,-3.640893872386161e-10,1.165220248770652e-9
160.4,-3.6959650923019926e-10,1.1675224614484e-9
160.41,-3.750828743775736e-10,1.1697731499482042e-9
160.42,-3.8054828360672335e-10,1.1719723369299588e-9
160.43,-3.8599253905199097e-10,1.1741200468870293e-9
160.44,-3.914154437297063e-10,1.176216306592592e-9
160.45,-3.9681680207057984e-10,1.1782611446792029e-9
160.46,-4.0219641964695895e-10,1.1802545919675352e-9
160.47,-4.0755410297774176e-10,1.1821966805894307e-9
160.48,-4.128896594812865e-10,1.1840874457714806e-9
160.49,-4.18202898783165e-10,1.185926923871224e-9
160.5,-4.234936302988948e-10,1.187715153570305e-9
160.51,-4.2876166559996594e-10,1.1894521754123453e-9
160.52,-4.3400681743659384e-10,1.1911380319317205e-9
160.53,-4.3922889902464544e-10,1.1927727675917637e-9
160.54,-4.4442772552612423e-10,1.1943564289305922e-9
160.55,-4.4960311285312437e-10,1.195889064297917e-9
160.56,-4.547548779079709e-10,1.1973707241389823e-9
160.57,-4.5988283975412936e-10,1.1988014606093694e-9
160.58,-4.649868180800614e-10,1.2001813279865452e-9
160.59,-4.70066633377178e-10,1.2015103824137564e-9
160.6,-4.751221077535424e-10,1.2027886819316089e-9
160.61,-4.801530651435347e-10,1.204016286421362e-9
160.62,-4.851593296538283e-10,1.205193257876103e-9
160.63,-4.901407270712922e-10,1.2063196600458109e-9
160.64,-4.950970847920238e-10,1.2073955585412083e-9
160.65,-5.000282315094986e-10,1.2084210209797407e-9
160.66,-5.049339964061276e-10,1.209396116705023e-9
160.67,-5.098142102870104e-10,1.2103209170289192e-9
160.68,-5.146687055808414e-10,1.2111954951354146e-9
160.69,-5.194973159459708e-10,1.2120199259424454e-9
160.7,-5.242998756316884e-10,1.2127942864506286e-9
160.71,-5.290762208820186e-10,1.2135186552611807e-9
160.72,-5.338261893271251e-10,1.214193112993751e-9
160.73,-5.385496191251388e-10,1.2148177418348442e-9
160.74,-5.432463504322191e-10,1.215392626328985e-9
160.75,-5.479162241703882e-10,1.2159178522606863e-9
160.76,-5.525590840602676e-10,1.2163935072957837e-9
160.77,-5.571747725438029e-10,1.2168196813604079e-9
160.78,-5.617631352944653e-10,1.2171964656118491e-9
160.79,-5.663240191769312e-10,1.2175239533273042e-9
160.8,-5.708572717439147e-10,1.2178022395202418e-9
160.81,-5.75362742234597e-10,1.2180314208736008e-9
160.82,-5.798402812680968e-10,1.218211595859497e-9
160.83,-5.842897404709882e-10,1.2183428648733285e-9
160.84,-5.887109733816374e-10,1.218425329687478e-9
160.85,-5.931038343583389e-10,1.2184590942896433e-9
160.86,-5.974681794644459e-10,1.2184442640056733e-9
160.87,-6.018038659652603e-10,1.2183809459618968e-9
160.88,-6.061107527245633e-10,1.2182692491446863e-9
160.89,-6.103886993537469e-10,1.2181092841775588e-9
160.9,-6.146375675748118e-10,1.2179011633757447e-9
160.91,-6.188572200804986e-10,1.217645000658738e-9
160.92,-6.230475212074141e-10,1.2173409118066487e-9
160.93,-6.272083362107831e-10,1.216989014150381e-9
160.94,-6.313395323683198e-10,1.2165894266515859e-9
160.95,-6.354409775489366e-10,1.2161422700612863e-9
160.96,-6.395125423593271e-10,1.215647666624574e-9
160.97,-6.435540970630642e-10,1.2151057403744996e-9
160.98,-6.475655144922127e-10,1.214516616844426e-9
160.99,-6.515466686406734e-10,1.2138804233832384e-9
161.0,-6.554974347839391e-10,1.2131972887494303e-9
161.01,-6.594176899792864e-10,1.2124673432876188e-9
161.02,-6.633073118680147e-10,1.2116907192855381e-9
161.03,-6.6716618020896e-10,1.2108675501674696e-9
161.04,-6.709941766752141e-10,1.2099979710065973e-9
161.05,-6.747911831418658e-10,1.2090821189783602e-9
161.06,-6.785570835598575e-10,1.2081201320991533e-9
161.07,-6.822917631610119e-10,1.2071121504501102e-9
161.08,-6.859951089672254e-10,1.2060583153031932e-9
161.09,-6.896670085311732e-10,1.204958769891545e-9
161.1,-6.933073521386236e-10,1.2038136584679016e-9
161.11,-6.96916030580513e-10,1.2026231271233227e-9
161.12,-7.004929364914427e-10,1.2013873233491463e-9
161.13,-7.040379642205278e-10,1.2001063960629578e-9
161.14,-7.07551007511561e-10,1.1987804962880694e-9
161.15,-7.110319650931192e-10,1.1974097754714839e-9
161.16,-7.14480734191841e-10,1.1959943874402975e-9
161.17,-7.178972152636883e-10,1.1945344865957098e-9
161.18,-7.212813090118359e-10,1.1930302298750198e-9
161.19,-7.246329185153188e-10,1.191481774725679e-9
161.2,-7.279519473819703e-10,1.1898892806935103e-9
161.21,-7.312383016597908e-10,1.1882529082833352e-9
161.22,-7.34491888610681e-10,1.1865728196427429e-9
161.23,-7.377126157748413e-10,1.184849178216826e-9
161.24,-7.409003940506021e-10,1.1830821489856543e-9
161.25,-7.440551347882228e-10,1.1812718981158838e-9
161.26,-7.471767508184772e-10,1.1794185933172837e-9
161.27,-7.502651566329053e-10,1.177522403643148e-9
161.28,-7.533202680605661e-10,1.1755834994387915e-9
161.29,-7.563420021658916e-10,1.1736020524073948e-9
161.3,-7.593302785488668e-10,1.1715782356004848e-9
161.31,-7.622850167375295e-10,1.1695122235214392e-9
161.32,-7.652061394681526e-10,1.1674041916403653e-9
161.33,-7.680935690561106e-10,1.1652543172047068e-9
161.34,-7.709472308773456e-10,1.1630627783828062e-9
161.35,-7.737670510396472e-10,1.1608297548493612e-9
161.36,-7.765529572222279e-10,1.1585554274818456e-9
161.37,-7.793048789298797e-10,1.1562399782880894e-9
161.38,-7.820227465347696e-10,1.153883590809717e-9
161.39,-7.847064924432236e-10,1.151486449631196e-9
161.4,-7.873560498593046e-10,1.149048740319209e-9
161.41,-7.899713555451238e-10,1.1465706508561182e-9
161.42,-7.92552344129419e-10,1.144052368903736e-9
161.43,-7.950989549291844e-10,1.1414940839834063e-9
161.44,-7.976111274969511e-10,1.1388959869435999e-9
161.45,-8.000888027751293e-10,1.1362582697491175e-9
161.46,-8.025319235934803e-10,1.1335811253385864e-9
161.47,-8.04940433975907e-10,1.1308647481230455e-9
161.48,-8.073142795842253e-10,1.128109333394942e-9
161.49,-8.09653408407566e-10,1.1253150776335972e-9
161.5,-8.119577666439485e-10,1.1224821789979131e-9
161.51,-8.142273067494424e-10,1.1196108357622539e-9
161.52,-8.16461979594345e-10,1.1167012480619541e-9
161.53,-8.186617380711848e-10,1.1137536168894754e-9
161.54,-8.208265370074676e-10,1.1107681444161786e-9
161.55,-8.229563323518988e-10,1.107745033773925e-9
161.56,-8.250510816275967e-10,1.1046844893459738e-9
161.57,-8.271107441402166e-10,1.1015867162983457e-9
161.58,-8.291352800652466e-10,1.0984519211250359e-9
161.59,-8.311246519165619e-10,1.0952803112890778e-9
161.6,-8.330788229271627e-10,1.0920720952147992e-9
161.61,-8.349977581249144e-10,1.088827482207649e-9
161.62,-8.368814241740603e-10,1.0855466829524849e-9
161.63,-8.387297889216203e-10,1.0822299089195167e-9
161.64,-8.405428220024305e-10,1.0788773724477831e-9
161.65,-8.423204941675177e-10,1.075489287017164e-9
161.66,-8.440627781842907e-10,1.0720658671459264e-9
161.67,-8.457696479013534e-10,1.0686073281068801e-9
161.68,-8.474410783798613e-10,1.0651138861232748e-9
161.69,-8.490770475071298e-10,1.0615857583542462e-9
161.7,-8.506775323658668e-10,1.0580231634263641e-9
161.71,-8.522425137855633e-10,1.0544263199446285e-9
161.72,-8.53771972817989e-10,1.0507954480044803e-9
161.73,-8.552658925797541e-10,1.0471307684867378e-9
161.74,-8.567242569514555e-10,1.0434325031280174e-9
161.75,-8.58147051856478e-10,1.039700874554791e-9
161.76,-8.595342651522723e-10,1.035936106077532e-9
161.77,-8.608858846157593e-10,1.0321384222086532e-9
161.78,-8.62201900898821e-10,1.0283080479552353e-9
161.79,-8.634823061151053e-10,1.0244452094498793e-9
161.8,-8.647270929235541e-10,1.0205501333627085e-9
161.81,-8.659362558468949e-10,1.0166230471187489e-9
161.82,-8.671097912429286e-10,1.0126641793407198e-9
161.83,-8.682476966579244e-10,1.0086737590641527e-9
161.84,-8.693499709200479e-10,1.0046520163031885e-9
161.85,-8.704166145246167e-10,1.000599181665801e-9
161.86,-8.714476296620543e-10,9.965154866057146e-10
161.87,-8.724430196036226e-10,9.924011632255252e-10
161.88,-8.734027888773077e-10,9.882564446158005e-10
161.89,-8.743269439609211e-10,9.840815641615303e-10
161.9,-8.752154926313517e-10,9.798767563995665e-10
161.91,-8.760684441676702e-10,9.756422560829597e-10
161.92,-8.76885809061302e-10,9.713782990980128e-10
161.93,-8.776675992501411e-10,9.670851217799303e-10
161.94,-8.784138284724569e-10,9.62762961009774e-10
161.95,-8.791245113654143e-10,9.584120546589331e-10
161.96,-8.797996646807652e-10,9.540326409208289e-10
161.97,-8.80439305727199e-10,9.496249588313105e-10
161.98,-8.810434553277283e-10,9.451892478292228e-10
161.99,-8.816121307939514e-10,9.40725747896645e-10
162.0,-8.821453570421992e-10,9.362347002019578e-10
162.01,-8.826431567486018e-10,9.317163458923208e-10
162.02,-8.831055549569663e-10,9.271709268322039e-10
162.03,-8.835325777592596e-10,9.22598685444865e-10
162.04,-8.839242530886382e-10,9.179998648881664e-10
162.05,-8.842806098528029e-10,9.133747086681324e-10
162.06,-8.846016788659666e-10,9.087234608187403e-10
162.07,-8.848874920910747e-10,9.040463656765954e-10
162.08,-8.851380823015268e-10,8.993436692656454e-10
162.09,-8.853534847022105e-10,8.946156162626929e-10
162.1,-8.855337356615181e-10,8.898624530366173e-10
162.11,-8.856788721945391e-10,8.850844263551859e-10
162.12,-8.857889336885809e-10,8.802817828823039e-10
162.13,-8.858639597539047e-10,8.75454770461665e-10
162.14,-8.85903993145164e-10,8.706036364619637e-10
162.15,-8.859090758474539e-10,8.657286298710079e-10
162.16,-8.858792524649802e-10,8.608299990870008e-10
162.17,-8.858145691716549e-10,8.559079933780828e-10
162.18,-8.857150728781034e-10,8.509628622718791e-10
162.19,-8.855808120318245e-10,8.459948557102225e-10
162.2,-8.854118364233732e-10,8.410042241474256e-10
162.21,-8.852081973912596e-10,8.359912181106359e-10
162.22,-8.849699475685436e-10,8.309560887124179e-10
162.23,-8.846971405587886e-10,8.25899087276728e-10
162.24,-8.843898317497361e-10,8.208204656292206e-10
162.25,-8.840480780844829e-10,8.15720475516915e-10
162.26,-8.836719365235081e-10,8.105993698135621e-10
162.27,-8.832614671063741e-10,8.05457400741671e-10
162.28,-8.828167303555723e-10,8.002948213093801e-10
162.29,-8.823377873760101e-10,7.9511188473005e-10
162.3,-8.818247021021933e-10,7.899088444476157e-10
162.31,-8.81277538628573e-10,7.846859543541827e-10
162.32,-8.80696362960884e-10,7.794434681752075e-10
162.33,-8.800812421528626e-10,7.741816403037193e-10
162.34,-8.794322441050956e-10,7.68900725130309e-10
162.35,-8.787494396523838e-10,7.636009771066925e-10
162.36,-8.780328987133582e-10,7.582826512458991e-10
162.37,-8.772826938686305e-10,7.529460025692424e-10
162.38,-8.764988984175368e-10,7.475912862615862e-10
162.39,-8.756815874569311e-10,7.422187576476253e-10
162.4,-8.74830836955754e-10,7.368286723963389e-10
162.41,-8.739467241297776e-10,7.314212860083648e-10
162.42,-8.730293275901332e-10,7.259968543662773e-10
162.43,-8.720787276451055e-10,7.205556334156362e-10
162.44,-8.710950043528105e-10,7.150978791684906e-10
162.45,-8.700782405928102e-10,7.096238480409711e-10
162.46,-8.690285201106932e-10,7.04133795978973e-10
162.47,-8.67945927565258e-10,6.986279793953587e-10
162.48,-8.6683054893641e-10,6.931066548202009e-10
162.49,-8.656824714451017e-10,6.875700785056433e-10
162.5,-8.645017834778938e-10,6.82018507268439e-10
162.51,-8.632885746639752e-10,6.764521975960091e-10
162.52,-8.620429363230294e-10,6.708714058058794e-10
162.53,-8.607649598795654e-10,6.652763888587677e-10
162.54,-8.594547390167138e-10,6.596674031922517e-10
162.55,-8.581123679410896e-10,6.540447055948568e-10
162.56,-8.567379425391445e-10,6.484085525727917e-10
162.57,-8.553315594483038e-10,6.427592007020411e-10
162.58,-8.538933167460224e-10,6.370969066793397e-10
162.59,-8.524233136437519e-10,6.314219268307716e-10
162.6,-8.509216502901887e-10,6.257345178317392e-10
162.61,-8.493884281677065e-10,6.200349359840016e-10
162.62,-8.478237502206619e-10,6.143234375947704e-10
162.63,-8.462277198028593e-10,6.086002789622659e-10
162.64,-8.446004421661236e-10,6.02865716291204e-10
162.65,-8.429420228652247e-10,5.97120005734221e-10
162.66,-8.412525698005004e-10,5.913634029985892e-10
162.67,-8.395321905037346e-10,5.855961640302968e-10
162.68,-8.377809948756904e-10,5.79818544444268e-10
162.69,-8.35999093185586e-10,5.740308000233409e-10
162.7,-8.341865969826647e-10,5.682331858085298e-10
162.71,-8.323436194254159e-10,5.624259572973064e-10
162.72,-8.304702736843527e-10,5.566093694353822e-10
162.73,-8.285666752593748e-10,5.507836771559844e-10
162.74,-8.26632939790858e-10,5.449491349965336e-10
162.75,-8.246691840872139e-10,5.391059976741631e-10
162.76,-8.226755266325582e-10,5.332545191497278e-10
162.77,-8.20652086333461e-10,5.273949538112828e-10
162.78,-8.185989835125931e-10,5.215275552241147e-10
162.79,-8.165163395132914e-10,5.156525768896398e-10
162.8,-8.144042765448791e-10,5.097702723395368e-10
162.81,-8.122629177616008e-10,5.038808947205511e-10
162.82,-8.100923878054239e-10,4.979846962332637e-10
162.83,-8.078928122932803e-10,4.920819298526142e-10
162.84,-8.056643163974636e-10,4.861728478058913e-10
162.85,-8.034070288942954e-10,4.802577017973872e-10
162.86,-8.011210776138003e-10,4.743367435182205e-10
162.87,-7.98806591915887e-10,4.684102243367806e-10
162.88,-7.964637021604599e-10,4.62478394923134e-10
162.89,-7.940925399902942e-10,4.5654150611368986e-10
162.9,-7.916932373541335e-10,4.5059980813428224e-10
162.91,-7.892659279301268e-10,4.4465355073356486e-10
162.92,-7.86810744637012e-10,4.3870298381137626e-10
162.93,-7.843278259147788e-10,4.3274835609447647e-10
162.94,-7.818173047540195e-10,4.2678991663429027e-10
162.95,-7.792793194067729e-10,4.208279136908197e-10
162.96,-7.767140078538958e-10,4.148625953353504e-10
162.97,-7.741215088106174e-10,4.088942090769504e-10
162.98,-7.715019627052129e-10,4.02923001996124e-10
162.99,-7.688555099298036e-10,3.9694922088575617e-10
163.0,-7.661822921303655e-10,3.909731120620894e-10
163.01,-7.634824521403627e-10,3.849949215106725e-10
163.02,-7.607561332167561e-10,3.790148938013729e-10
163.03,-7.580034801157743e-10,3.730332746271329e-10
163.04,-7.552246376032254e-10,3.670503082302218e-10
163.05,-7.524197519172678e-10,3.6106623844784984e-10
163.06,-7.495889701276735e-10,3.550813087272362e-10
163.07,-7.467324400963319e-10,3.490957621725711e-10
163.08,-7.438503104993971e-10,3.431098409611553e-10
163.09,-7.409427307959641e-10,3.371237871446174e-10
163.1,-7.380098507482887e-10,3.311378422697088e-10
163.11,-7.350518230225735e-10,3.2515224665754213e-10
163.12,-7.320687983184609e-10,3.191672410850433e-10
163.13,-7.290609298461232e-10,3.13183065028006e-10
163.14,-7.260283712031218e-10,3.0719995793427453e-10
163.15,-7.229712765851525e-10,3.01218158173791e-10
163.16,-7.19889801907529e-10,2.952379037630629e-10
163.17,-7.167841020873806e-10,2.892594323972267e-10
163.18,-7.136543346930568e-10,2.83282980637137e-10
163.19,-7.105006570877523e-10,2.7730878500235034e-10
163.2,-7.073232270254224e-10,2.7133708058305876e-10
163.21,-7.04122204172708e-10,2.6536810292235445e-10
163.22,-7.008977479545491e-10,2.5940208623307756e-10
163.23,-6.976500191865265e-10,2.534392641403636e-10
163.24,-6.94379178682885e-10,2.474798699318046e-10
163.25,-6.910853887247795e-10,2.4152413569680033e-10
163.26,-6.877688118307136e-10,2.3557229376100445e-10
163.27,-6.844296114313276e-10,2.2962457479540912e-10
163.28,-6.81067952071995e-10,2.2368120916666587e-10
163.29,-6.77683997153798e-10,2.1774242703405666e-10
163.3,-6.742779133674868e-10,2.1180845710191834e-10
163.31,-6.708498665441841e-10,2.058795277518082e-10
163.32,-6.674000233839757e-10,1.9995586671028335e-10
163.33,-6.639285514844346e-10,1.9403770092814964e-10
163.34,-6.604356186465581e-10,1.8812525636913e-10
163.35,-6.569213939010124e-10,1.822187587255243e-10
163.36,-6.533860463953568e-10,1.763184326591555e-10
163.37,-6.498297462327784e-10,1.704245018115738e-10
163.38,-6.46252664375308e-10,1.6453719052245798e-10
163.39,-6.426549715669428e-10,1.5865672001194445e-10
163.4,-6.390368400008837e-10,1.5278331247974096e-10
163.41,-6.353984418611085e-10,1.4691718874086085e-10
163.42,-6.317399504263142e-10,1.4105856900736203e-10
163.43,-6.28061538978879e-10,1.3520767265569332e-10
163.44,-6.243633820355801e-10,1.293647181267079e-10
163.45,-6.206456542789245e-10,1.2352992315662706e-10
163.46,-6.169085311780622e-10,1.1770350465480548e-10
163.47,-6.131521880719458e-10,1.1188567904717136e-10
163.48,-6.093768017428798e-10,1.0607666100793078e-10
163.49,-6.055825492890471e-10,1.0027666547073464e-10
163.5,-6.017696078222571e-10,9.448590581175713e-11
163.51,-5.979381555385198e-10,8.870459495194055e-11
163.52,-5.94088370933108e-10,8.293294462513375e-11
163.53,-5.902204328112e-10,7.717116610438359e-11
163.54,-5.863345210507487e-10,7.141946931161038e-11
163.55,-5.824308150669119e-10,6.56780637619124e-11
163.56,-5.785094957490293e-10,5.994715767207542e-11
163.57,-5.745707437171349e-10,5.422695851184647e-11
163.58,-5.706147410012756e-10,4.8517673513583393e-11
163.59,-5.666416685438023e-10,4.281950771923403e-11
163.6,-5.626517093594036e-10,3.7132666353183374e-11
163.61,-5.586450456100243e-10,3.1457353216879794e-11
163.62,-5.546218608207404e-10,2.5793771308996182e-11
163.63,-5.505823382766655e-10,2.0142122647916965e-11
163.64,-5.465266623602331e-10,1.4502608613441199e-11
163.65,-5.424550172193838e-10,8.875429209866918e-12
163.66,-5.383675876252991e-10,3.260783621603196e-12
163.67,-5.342645586460395e-10,-2.341129450910562e-12
163.68,-5.301461160658128e-10,-7.930112990923435e-12
163.69,-5.260124458273083e-10,-1.3505970556525238e-11
163.7,-5.218637340252281e-10,-1.906850661776593e-11
163.71,-5.177001674273133e-10,-2.46175267948598e-11
163.72,-5.135219329827333e-10,-3.01528375473387e-11
163.73,-5.09329218210197e-10,-3.567424638794028e-11
163.74,-5.051222105285782e-10,-4.1181561852340206e-11
163.75,-5.009010984639957e-10,-4.667459325586161e-11
163.76,-4.966660692435597e-10,-5.21531515487034e-11
163.77,-4.924173125979166e-10,-5.7617047695711375e-11
163.78,-4.881550170152262e-10,-6.306609460535971e-11
163.79,-4.838793714792125e-10,-6.850010540917083e-11
163.8,-4.795905660066405e-10,-7.391889499763553e-11
163.81,-4.75288789978324e-10,-7.932227889365855e-11
163.82,-4.709742335615303e-10,-8.471007359724111e-11
163.83,-4.66647087173242e-10,-9.008209686095774e-11
163.84,-4.623075412458182e-10,-9.543816735799632e-11
163.85,-4.5795578623839425e-10,-1.0077810489584153e-10
163.86,-4.5359201391387005e-10,-1.0610173002596439e-10
163.87,-4.49216414987979e-10,-1.114088648921782e-10
163.88,-4.448291811705492e-10,-1.1669933228226613e-10
163.89,-4.404305039458566e-10,-1.2197295624654425e-10
163.9,-4.360205752831679e-10,-1.2722956186453297e-10
163.91,-4.3159958753725664e-10,-1.3246897526219756e-10
163.92,-4.2716773247228006e-10,-1.3769102361182881e-10
163.93,-4.227252029082107e-10,-1.4289553529656527e-10
163.94,-4.182721913395367e-10,-1.480823397178182e-10
163.95,-4.138088909002294e-10,-1.5325126753002273e-10
163.96,-4.093354934732528e-10,-1.5840214988388571e-10
163.97,-4.048521932630924e-10,-1.635348199741898e-10
163.98,-4.003591830490424e-10,-1.6864911141216961e-10
163.99,-3.958566562077068e-10,-1.7374485917820237e-10
164.0,-3.9134480617429446e-10,-1.7882189937814797e-10
164.01,-3.868238266985629e-10,-1.8388006907637924e-10
164.02,-3.822939111332329e-10,-1.8891920666868428e-10
164.03,-3.777552535837361e-10,-1.93939151619137e-10
164.04,-3.732080479094331e-10,-1.989397443545437e-10
164.05,-3.6865248771166175e-10,-2.039208268938026e-10
164.06,-3.6408876743486177e-10,-2.088822417957159e-10
164.07,-3.595170810790906e-10,-2.1382383318549026e-10
164.08,-3.5493762260319e-10,-2.1874544620850348e-10
164.09,-3.503505862466958e-10,-2.2364692712779412e-10
164.1,-3.4575616648597205e-10,-2.2852812353186477e-10
164.11,-3.4115455747514575e-10,-2.333888840117066e-10
164.12,-3.3654595358493206e-10,-2.3822905826141433e-10
164.13,-3.3193054894962743e-10,-2.430484973846756e-10
164.14,-3.2730853793872344e-10,-2.478470534652746e-10
164.15,-3.2268011502890093e-10,-2.5262457986034077e-10
164.16,-3.180454744037808e-10,-2.5738093093237814e-10
164.17,-3.1340481040209745e-10,-2.621159624945842e-10
164.18,-3.0875831755775016e-10,-2.6682953145876514e-10
164.19,-3.041061899274578e-10,-2.7152149571431947e-10
164.2,-2.9944862144435645e-10,-2.761917146919219e-10
164.21,-2.9478580668094583e-10,-2.808400486735177e-10
164.22,-2.9011793944993875e-10,-2.8546635926219704e-10
164.23,-2.8544521452142573e-10,-2.900705097467273e-10
164.24,-2.807678252457306e-10,-2.946523636704127e-10
164.25,-2.760859655281566e-10,-2.9921178650968417e-10
164.26,-2.7139982947341287e-10,-3.0374864466562715e-10
164.27,-2.66709610550725e-10,-3.082628058624323e-10
164.28,-2.6201550278161707e-10,-3.1275413897656884e-10
164.29,-2.5731769928845917e-10,-3.1722251417976884e-10
164.3,-2.526163937211537e-10,-3.216678027183597e-10
164.31,-2.479117789916235e-10,-3.2608987714488467e-10
164.32,-2.432040493266486e-10,-3.3048861152795084e-10
164.33,-2.384933966040052e-10,-3.348638805544081e-10
164.34,-2.337800141869715e-10,-3.39215560568465e-10
164.35,-2.2906409462735705e-10,-3.4354352911081237e-10
164.36,-2.2434583063601544e-10,-3.478476648582203e-10
164.37,-2.196254146714982e-10,-3.5212784773901956e-10
164.38,-2.1490303870212627e-10,-3.563839590365645e-10
164.39,-2.1017889496356218e-10,-3.6061588111679427e-10
164.4,-2.0545317498315222e-10,-3.6482349748687027e-10
164.41,-2.0072607131775916e-10,-3.690066936477807e-10
164.42,-1.9599777430739949e-10,-3.731653552321926e-10
164.43,-1.9126847548921698e-10,-3.772993699021465e-10
164.44,-1.8653836629856568e-10,-3.814086262195106e-10
164.45,-1.818076369691001e-10,-3.8549301417332533e-10
164.46,-1.7707647831575332e-10,-3.89552424968538e-10
164.47,-1.723450805975831e-10,-3.935867510819685e-10
164.48,-1.6761363373855098e-10,-3.975958861009586e-10
164.49,-1.6288232761631957e-10,-4.015797251848881e-10
164.5,-1.5815135185625937e-10,-4.0553816437515244e-10
164.51,-1.5342089502820125e-10,-4.0947110132105513e-10
164.52,-1.4869114750531513e-10,-4.13378434606579e-10
164.53,-1.4396229678332907e-10,-4.1726006443675426e-10
164.54,-1.3923453116722302e-10,-4.2111589183669725e-10
164.55,-1.3450803955324806e-10,-4.2494581971582123e-10
164.56,-1.297830089669626e-10,-4.2874975168121587e-10
164.57,-1.2505962708598106e-10,-4.3252759290851776e-10
164.58,-1.2033808143750515e-10,-4.362792497791694e-10
164.59,-1.1561855804183916e-10,-4.4000462980807536e-10
164.6,-1.1090124389095749e-10,-4.4370364205255187e-10
164.61,-1.0618632487997233e-10,-4.4737619666622146e-10
164.62,-1.0147398719195467e-10,-4.510222051157255e-10
164.63,-9.676441548111092e-11,-4.546415801292793e-10
164.64,-9.205779546406104e-11,-4.5823423575842533e-10
164.65,-8.735431136957333e-11,-4.6180008726114196e-10
164.66,-8.265414770519005e-11,-4.6533905131342186e-10
164.67,-7.79574881345312e-11,-4.688510456204168e-10
164.68,-7.326451617139583e-11,-4.723359895584758e-10
164.69,-6.857541527099992e-11,-4.757938033335255e-10
164.7,-6.389036749566565e-11,-4.792244086865364e-10
164.71,-5.920955549757416e-11,-4.826277286199784e-10
164.72,-5.4533161354181193e-11,-4.860036874564891e-10
164.73,-4.9861366081270925e-11,-4.893522106542524e-10
164.74,-4.51943505990996e-11,-4.926732250866784e-10
164.75,-4.053229597710397e-11,-4.959666588209138e-10
164.76,-3.587538170786821e-11,-4.99232441260843e-10
164.77,-3.1223787800567645e-11,-5.024705030946074e-10
164.78,-2.6577693133395155e-11,-5.056807762529454e-10
164.79,-2.1937276691367196e-11,-5.08863194071943e-10
164.8,-1.7302716783077674e-11,-5.120176908937725e-10
164.81,-1.2674190446618565e-11,-5.151442026427146e-10
164.82,-8.051875749900597e-12,-5.182426663885416e-10
164.83,-3.435949095229182e-12,-5.213130204795446e-10
164.84,1.1734132253481324e-12,-5.243552044710731e-10
164.85,5.776035354920227e-12,-5.273691594503178e-10
164.86,1.0371742212637428e-11,-5.303548275455893e-10
164.87,1.496035915591285e-11,-5.333121522093818e-10
164.88,1.954171180448817e-11,-5.36241078235768e-10
164.89,2.4115625185056625e-11,-5.391415516540399e-10
164.9,2.8681929929545587e-11,-5.420135197848572e-10
164.91,3.324044995006241e-11,-5.448569313255358e-10
164.92,3.779101433962927e-11,-5.476717359662798e-10
164.93,4.233345181863332e-11,-5.504578849991239e-10
164.94,4.686759126438231e-11,-5.532153307882639e-10
164.95,5.1393262355616835e-11,-5.559440270622414e-10
164.96,5.5910295577279035e-11,-5.586439287402867e-10
164.97,6.041852155097277e-11,-5.613149921386532e-10
164.98,6.49177716446492e-11,-5.639571749420243e-10
164.99,6.940787819610004e-11,-5.665704353505222e-10
165.0,7.388867342302608e-11,-5.691547340184387e-10
165.01,7.835999081411423e-11,-5.717100320406168e-10
165.02,8.28216640314254e-11,-5.74236292052864e-10
165.03,8.72735278333662e-11,-5.7673347790787e-10
165.04,9.17154169954319e-11,-5.79201554662419e-10
165.05,9.614716744496738e-11,-5.816404887231022e-10
165.06,1.005686154056301e-10,-5.840502478006476e-10
165.07,1.0497959823441391e-10,-5.864308006898328e-10
165.08,1.0937995263919941e-10,-5.887821177491969e-10
165.09,1.1376951776200666e-10,-5.911041701652928e-10
165.1,1.1814813219064265e-10,-5.933969307512281e-10
165.11,1.2251563577825102e-10,-5.956603734014796e-10
165.12,1.2687186883892747e-10,-5.978944732504038e-10
165.13,1.312166719228782e-10,-6.000992068153484e-10
165.14,1.3554988705245137e-10,-6.022745517324515e-10
165.15,1.398713563504275e-10,-6.044204868623479e-10
165.16,1.441809230174397e-10,-6.065369924659388e-10
165.17,1.484784304671802e-10,-6.086240500471503e-10
165.18,1.5276372345962845e-10,-6.106816420374852e-10
165.19,1.5703664682404298e-10,-6.127097524645477e-10
165.2,1.6129704689006933e-10,-6.147083663870084e-10
165.21,1.6554476950551715e-10,-6.166774701375922e-10
165.22,1.6977966250834708e-10,-6.186170515169785e-10
165.23,1.740015737017692e-10,-6.205270990897826e-10
165.24,1.7821035174116722e-10,-6.224076031674806e-10
165.25,1.824058457505618e-10,-6.242585548864692e-10
165.26,1.8658790748302686e-10,-6.26079946601423e-10
165.27,1.9075638631656304e-10,-6.278717722283755e-10
165.28,1.9491113460768898e-10,-6.296340267102296e-10
165.29,1.9905200468089172e-10,-6.313667061752613e-10
165.3,2.0317884983388663e-10,-6.330698078878652e-10
165.31,2.0729152407988806e-10,-6.347433305650901e-10
165.32,2.113898822820312e-10,-6.363872739730079e-10
165.33,2.1547378001541993e-10,-6.380016390599929e-10
165.34,2.1954307359871176e-10,-6.395864282515434e-10
165.35,2.2359762018806484e-10,-6.411416441901958e-10
165.36,2.2763727755061215e-10,-6.426672923186189e-10
165.37,2.3166190478978933e-10,-6.441633780954623e-10
165.38,2.35671360973349e-10,-6.456299085146963e-10
165.39,2.396655066906719e-10,-6.470668917197078e-10
165.4,2.436442031973098e-10,-6.484743370959985e-10
165.41,2.4760731233805593e-10,-6.498522551521507e-10
165.42,2.5155469691037787e-10,-6.512006576116853e-10
165.43,2.5548622069351156e-10,-6.525195573524305e-10
165.44,2.5940174742232276e-10,-6.538089685555427e-10
165.45,2.6330114314999706e-10,-6.550689063025288e-10
165.46,2.6718427390676767e-10,-6.562993870215826e-10
165.47,2.7105100645284606e-10,-6.575004283624442e-10
165.48,2.749012083088659e-10,-6.586720488759628e-10
165.49,2.78734748588894e-10,-6.598142686110542e-10
165.5,2.825514966229737e-10,-6.609271085308178e-10
165.51,2.863513223685381e-10,-6.620105909085932e-10
165.52,2.9013409766575817e-10,-6.630647388819183e-10
165.53,2.9389969428319214e-10,-6.640895772170247e-10
165.54,2.9764798524226204e-10,-6.650851312980263e-10
165.55,3.0137884431173535e-10,-6.660514278943434e-10
165.56,3.0509214623060473e-10,-6.669884950538941e-10
165.57,3.087877664773366e-10,-6.678963614940634e-10
165.58,3.1246558158194887e-10,-6.687750576232178e-10
165.59,3.1612546893759306e-10,-6.696246145935838e-10
165.6,3.197673068933407e-10,-6.704450648229304e-10
165.61,3.2339097429457123e-10,-6.712364417699184e-10
165.62,3.2699635144191367e-10,-6.719987800257733e-10
165.63,3.3058331855899343e-10,-6.727321154024224e-10
165.64,3.341517591135704e-10,-6.734364844657898e-10
165.65,3.3770155461871537e-10,-6.741119253890242e-10
165.66,3.4123258874957705e-10,-6.747584769214786e-10
165.67,3.4474474648106987e-10,-6.753761793854344e-10
165.68,3.4823791327413495e-10,-6.759650739565314e-10
165.69,3.5171197540226804e-10,-6.765252027251048e-10
165.7,3.551668202702557e-10,-6.77056609083252e-10
165.71,3.586023362073013e-10,-6.775593375514035e-10
165.72,3.6201841241590186e-10,-6.780334334917194e-10
165.73,3.6541493921749326e-10,-6.784789434983334e-10
165.74,3.6879180732752014e-10,-6.788959152946148e-10
165.75,3.7214890939829833e-10,-6.792843972106398e-10
165.76,3.7548613817017964e-10,-6.796444392407248e-10
165.77,3.788033867511303e-10,-6.799760922505177e-10
165.78,3.821005514378238e-10,-6.802794077564505e-10
165.79,3.853775270665843e-10,-6.805544387670799e-10
165.8,3.8863421108420907e-10,-6.808012391216922e-10
165.81,3.9187050054750885e-10,-6.810198638543289e-10
165.82,3.950862948295628e-10,-6.812103687207513e-10
165.83,3.982814930476912e-10,-6.813728107216214e-10
165.84,4.014559965056373e-10,-6.815072481322206e-10
165.85,4.0460970639840015e-10,-6.816137395214823e-10
165.86,4.077425253295104e-10,-6.816923450832226e-10
165.87,4.1085435713981217e-10,-6.817431257870795e-10
165.88,4.139451059529284e-10,-6.817661436978536e-10
165.89,4.1701467796142403e-10,-6.817614616805525e-10
165.9,4.200629789940525e-10,-6.817291438827828e-10
165.91,4.23089916601354e-10,-6.81669255200949e-10
165.92,4.260953997456571e-10,-6.815818613339141e-10
165.93,4.290793383778414e-10,-6.814670296133859e-10
165.94,4.320416417557086e-10,-6.813248276826589e-10
165.95,4.3498222213100513e-10,-6.811553244398006e-10
165.96,4.379009915868548e-10,-6.809585895917488e-10
165.97,4.4079786364542823e-10,-6.807346941805211e-10
165.98,4.436727529157522e-10,-6.80483709637125e-10
165.99,4.465255749419266e-10,-6.802057087487041e-10
166.0,4.4935624584199574e-10,-6.799007651211336e-10
166.01,4.521646844078627e-10,-6.795689529870912e-10
166.02,4.549508065084885e-10,-6.792103485227698e-10
166.03,4.577145339066686e-10,-6.788250273654776e-10
166.04,4.604557863620566e-10,-6.784130673146814e-10
166.05,4.6317448571654586e-10,-6.779745460357341e-10
166.06,4.658705541239135e-10,-6.775095431457079e-10
166.07,4.685439155716006e-10,-6.770181384371265e-10
166.08,4.711944938359634e-10,-6.765004130622413e-10
166.09,4.738222153040769e-10,-6.75956448611411e-10
166.1,4.764270065547241e-10,-6.753863277678507e-10
166.11,4.790087948576746e-10,-6.747901342686319e-10
166.12,4.815675091605106e-10,-6.741679524806543e-10
166.13,4.841030792636941e-10,-6.735198676809271e-10
166.14,4.866154353323196e-10,-6.728459662318578e-10
166.15,4.891045098241384e-10,-6.721463350362203e-10
166.16,4.915702351558351e-10,-6.714210620620232e-10
166.17,4.940125451837658e-10,-6.70670236046253e-10
166.18,4.964313749286212e-10,-6.698939465422552e-10
166.19,4.988266595051072e-10,-6.69092284204694e-10
166.2,5.011983376651795e-10,-6.682653399818799e-10
166.21,5.035463455670503e-10,-6.67413206144807e-10
166.22,5.058706229128699e-10,-6.665359756005634e-10
166.23,5.081711096290618e-10,-6.656337421186133e-10
166.24,5.104477469239882e-10,-6.647066002272596e-10
166.25,5.127004769518866e-10,-6.637546450888989e-10
166.26,5.149292426678571e-10,-6.627779731913878e-10
166.27,5.171339881798312e-10,-6.61776681179943e-10
166.28,5.193146590037177e-10,-6.607508665918019e-10
166.29,5.214712019533208e-10,-6.597006287861208e-10
166.3,5.236035629074186e-10,-6.586260663414007e-10
166.31,5.257116914203255e-10,-6.575272793438022e-10
166.32,5.277955365890213e-10,-6.564043687182642e-10
166.33,5.298550489660451e-10,-6.552574360062008e-10
166.34,5.318901799176576e-10,-6.540865835412354e-10
166.35,5.339008820392339e-10,-6.528919144628469e-10
166.36,5.358871091044812e-10,-6.516735324226464e-10
166.37,5.378488161692692e-10,-6.50431541957741e-10
166.38,5.397859571619709e-10,-6.491660488235862e-10
166.39,5.416984907955942e-10,-6.47877158381633e-10
166.4,5.435863740846194e-10,-6.465649776646093e-10
166.41,5.454495658702198e-10,-6.452296140046862e-10
166.42,5.472880264042159e-10,-6.438711755775195e-10
166.43,5.491017160881548e-10,-6.424897711393413e-10
166.44,5.508905972579164e-10,-6.410855102956465e-10
166.45,5.526546329645566e-10,-6.396585031648348e-10
166.46,5.543937868882314e-10,-6.38208860665708e-10
166.47,5.56108025164486e-10,-6.367366944149523e-10
166.48,5.577973128228139e-10,-6.352421166316553e-10
166.49,5.594616178315748e-10,-6.337252400629942e-10
166.5,5.611009082650847e-10,-6.321861783703999e-10
166.51,5.627151533905161e-10,-6.306250458065318e-10
166.52,5.643043236732839e-10,-6.290419570595276e-10
166.53,5.65868390543783e-10,-6.274370277112684e-10
166.54,5.674073264703187e-10,-6.258103738626293e-10
166.55,5.689211050076874e-10,-6.241621122952887e-10
166.56,5.70409700501354e-10,-6.224923602429167e-10
166.57,5.718730893218026e-10,-6.208012355354835e-10
166.58,5.733112468207825e-10,-6.190888573100205e-10
166.59,5.747241518877524e-10,-6.173553442021571e-10
166.6,5.761117826190208e-10,-6.15600816097951e-10
166.61,5.774741192666803e-10,-6.138253934490953e-10
166.62,5.788111422659074e-10,-6.12029197181607e-10
166.63,5.801228335285847e-10,-6.102123487664162e-10
166.64,5.814091769247124e-10,-6.083749702574971e-10
166.65,5.826701547835884e-10,-6.06517184279272e-10
166.66,5.839057530060272e-10,-6.046391141580655e-10
166.67,5.851159578716224e-10,-6.027408836092571e-10
166.68,5.863007560372039e-10,-6.00822616877347e-10
166.69,5.874601356819331e-10,-5.988844388434632e-10
166.7,5.88594085951774e-10,-5.969264748667937e-10
166.71,5.897025971601371e-10,-5.949488507923445e-10
166.72,5.907856604066667e-10,-5.929516931045981e-10
166.73,5.91843268029028e-10,-5.909351287276303e-10
166.74,5.928754131960129e-10,-5.888992849935645e-10
166.75,5.938820902690581e-10,-5.868442898785641e-10
166.76,5.948632948075511e-10,-5.847702718789753e-10
166.77,5.958190227496221e-10,-5.826773598369686e-10
166.78,5.967492717387549e-10,-5.805656831476539e-10
166.79,5.976540403474589e-10,-5.784353716193198e-10
166.8,5.985333277563425e-10,-5.762865557302349e-10
166.81,5.993871345012572e-10,-5.741193661640278e-10
166.82,6.002154622979294e-10,-5.719339340735492e-10
166.83,6.010183131389714e-10,-5.697303914982118e-10
166.84,6.017956910089831e-10,-5.675088701956128e-10
166.85,6.02547600133704e-10,-5.652695030596004e-10
166.86,6.032740456358633e-10,-5.63012423238466e-10
166.87,6.039750363107668e-10,-5.60737762900249e-10
166.88,6.04650576972954e-10,-5.584456575511723e-10
166.89,6.053006774481134e-10,-5.561362406350269e-10
166.9,6.059253473496727e-10,-5.538096468582673e-10
166.91,6.065245969861576e-10,-5.514660113680107e-10
166.92,6.070984381794483e-10,-5.491054696175249e-10
166.93,6.076468833973087e-10,-5.467281573738231e-10
166.94,6.08169946264363e-10,-5.443342109302412e-10
166.95,6.086676417431126e-10,-5.419237665520278e-10
166.96,6.091399843238375e-10,-5.394969619053191e-10
166.97,6.095869916668331e-10,-5.370539335927589e-10
166.98,6.100086811670322e-10,-5.345948194920701e-10
166.99,6.104050710748298e-10,-5.321197578190234e-10
167.0,6.107761813704628e-10,-5.296288864865835e-10
167.01,6.111220317417777e-10,-5.27122344684433e-10
167.02,6.114426453588812e-10,-5.246002707593199e-10
167.03,6.117380430833954e-10,-5.22062804625618e-10
167.04,6.120082489572357e-10,-5.195100855904485e-10
167.05,6.12253287458741e-10,-5.169422538928593e-10
167.06,6.124731840337807e-10,-5.143594494869075e-10
167.07,6.126679651421051e-10,-5.117618129656467e-10
167.08,6.128376579094908e-10,-5.091494853413677e-10
167.09,6.129822909168262e-10,-5.065226074951002e-10
167.1,6.131018933046266e-10,-5.038813209362345e-10
167.11,6.131964954431255e-10,-5.012257671625955e-10
167.12,6.13266128322205e-10,-4.985560882765336e-10
167.13,6.133108248039224e-10,-4.958724261990872e-10
167.14,6.133306167295637e-10,-4.931749237804598e-10
167.15,6.13325539346197e-10,-4.904637232694686e-10
167.16,6.132956275596187e-10,-4.877389677139689e-10
167.17,6.132409161368034e-10,-4.850008002077642e-10
167.18,6.131614434391579e-10,-4.822493640858298e-10
167.19,6.130572464274316e-10,-4.794848030059658e-10
167.2,6.129283643958653e-10,-4.767072606136412e-10
167.21,6.127748366678493e-10,-4.739168810101933e-10
167.22,6.125967036913974e-10,-4.711138083847215e-10
167.23,6.123940082424421e-10,-4.6829818695743e-10
167.24,6.121667914136864e-10,-4.6547016136975287e-10
167.25,6.119150973137383e-10,-4.6262987638990357e-10
167.26,6.116389699901503e-10,-4.5977747693240063e-10
167.27,6.113384548693911e-10,-4.569131079830912e-10
167.28,6.110135979281985e-10,-4.5403691483649646e-10
167.29,6.106644463386931e-10,-4.5114904287856966e-10
167.3,6.102910481442302e-10,-4.4824963766508014e-10
167.31,6.098934521998658e-10,-4.453388448923023e-10
167.32,6.094717082003167e-10,-4.4241681004929646e-10
167.33,6.090258665289024e-10,-4.3948367966306764e-10
167.34,6.085559792371306e-10,-4.365395993583383e-10
167.35,6.080620986823489e-10,-4.335847154640221e-10
167.36,6.075442776927626e-10,-4.3061917422820735e-10
167.37,6.070025712767126e-10,-4.2764312196797117e-10
167.38,6.064370338967536e-10,-4.246567053363947e-10
167.39,6.058477216103665e-10,-4.2166007085731917e-10
167.4,6.052346915284508e-10,-4.186533651029997e-10
167.41,6.045980009928841e-10,-4.1563673486137917e-10
167.42,6.039377089585609e-10,-4.126103269204136e-10
167.43,6.03253874369629e-10,-4.0957428822595013e-10
167.44,6.025465579912182e-10,-4.065287656994938e-10
167.45,6.018158206106913e-10,-4.0347390626524655e-10
167.46,6.010617243134784e-10,-4.004098570533333e-10
167.47,6.00284332090893e-10,-3.973367650119891e-10
167.48,5.994837074250611e-10,-3.9425477736492315e-10
167.49,5.986599147756559e-10,-3.911640412393185e-10
167.5,5.978130198676225e-10,-3.880647037897869e-10
167.51,5.969430885349889e-10,-3.8495691210163817e-10
167.52,5.960501876779139e-10,-3.818408135694551e-10
167.53,5.951343852581396e-10,-3.7871655532142354e-10
167.54,5.941957501277297e-10,-3.7558428444688854e-10
167.55,5.932343514165956e-10,-3.724441481559449e-10
167.56,5.92250259633993e-10,-3.69296293641226e-10
167.57,5.912435456016149e-10,-3.661408682181969e-10
167.58,5.902142814499987e-10,-3.629780187060799e-10
167.59,5.891625397722178e-10,-3.5980789247899627e-10
167.6,5.880883940034894e-10,-3.5663063641984055e-10
167.61,5.869919184377392e-10,-3.534463977240349e-10
167.62,5.858731881805256e-10,-3.502553230780002e-10
167.63,5.847322787383228e-10,-3.4705755967247295e-10
167.64,5.835692671605627e-10,-3.4385325407742244e-10
167.65,5.823842305600584e-10,-3.4064255345111643e-10
167.66,5.811772471037337e-10,-3.374256041921958e-10
167.67,5.799483958187021e-10,-3.342025529701882e-10
167.68,5.786977562688661e-10,-3.3097354645704475e-10
167.69,5.774254088309202e-10,-3.2773873119387797e-10
167.7,5.761314349501961e-10,-3.2449825293159626e-10
167.71,5.748159165198462e-10,-3.212522586167119e-10
167.72,5.734789356762254e-10,-3.1800089402270544e-10
167.73,5.721205765723093e-10,-3.1474430535613516e-10
167.74,5.707409229742684e-10,-3.114826383902464e-10
167.75,5.69340059749078e-10,-3.082160390793982e-10
167.76,5.679180726549635e-10,-3.049446528208743e-10
167.77,5.664750479560579e-10,-3.016686253718514e-10
167.78,5.650110725882404e-10,-2.983881019882797e-10
167.79,5.635262345327753e-10,-2.951032278667811e-10
167.8,5.620206217872414e-10,-2.91814148303208e-10
167.81,5.604943242379137e-10,-2.8852100785873297e-10
167.82,5.589474312261486e-10,-2.852239514556931e-10
167.83,5.573800335238079e-10,-2.8192312367654396e-10
167.84,5.557922221912082e-10,-2.7861866891412944e-10
167.85,5.541840891183483e-10,-2.7531073137274774e-10
167.86,5.525557273242119e-10,-2.719994549960969e-10
167.87,5.50907229708795e-10,-2.686849837932157e-10
167.88,5.492386902081113e-10,-2.65367461326527e-10
167.89,5.475502032894472e-10,-2.6204703123136396e-10
167.9,5.458418654438439e-10,-2.587238358802007e-10
167.91,5.441137713179896e-10,-2.553980191975689e-10
167.92,5.423660178374464e-10,-2.520697237155607e-10
167.93,5.405987022768836e-10,-2.4873909186677417e-10
167.94,5.388119224886424e-10,-2.4540626604855895e-10
167.95,5.370057769780444e-10,-2.4207138851050395e-10
167.96,5.351803649970477e-10,-2.387346008345091e-10
167.97,5.333357863110583e-10,-2.3539604472593386e-10
167.98,5.314721404731703e-10,-2.3205586180173093e-10
167.99,5.295895304803812e-10,-2.2871419250844651e-10
168.0,5.276880562106225e-10,-2.2537117827750678e-10
168.01,5.257678204596834e-10,-2.2202695942143561e-10
168.02,5.238289260614852e-10,-2.1868167626502166e-10
168.03,5.218714761290148e-10,-2.1533546888918118e-10
168.04,5.198955754157305e-10,-2.119884767699249e-10
168.05,5.179013277308317e-10,-2.0864083975816445e-10
168.06,5.158888387448899e-10,-2.0529269664415093e-10
168.07,5.138582141055045e-10,-2.0194418662980943e-10
168.08,5.118095600053187e-10,-1.985954475519026e-10
168.09,5.097429837739437e-10,-1.9524661829046207e-10
168.1,5.076585921416713e-10,-1.9189783668878642e-10
168.11,5.05556493804526e-10,-1.8854924015802997e-10
168.12,5.034367970957879e-10,-1.8520096597964745e-10
168.13,5.012996113232707e-10,-1.8185315103166322e-10
168.14,4.991450455700469e-10,-1.7850593240787846e-10
168.15,4.969732105687221e-10,-1.7515944583690746e-10
168.16,4.947842170834192e-10,-1.7181382739574212e-10
168.17,4.925781757172522e-10,-1.6846921274961966e-10
168.18,4.903551990164211e-10,-1.651257370362193e-10
168.19,4.881153989287191e-10,-1.6178353514439706e-10
168.2,4.858588881494965e-10,-1.5844274160255467e-10
168.21,4.835857801165993e-10,-1.5510349061644167e-10
168.22,4.812961887657028e-10,-1.517659157545727e-10
168.23,4.789902280054681e-10,-1.4843015054070278e-10
168.24,4.766680128007893e-10,-1.4509632787742356e-10
168.25,4.743296587720922e-10,-1.4176458019581585e-10
168.26,4.719752809368549e-10,-1.384350407433386e-10
168.27,4.696049960278417e-10,-1.3510784017902552e-10
168.28,4.672189205416516e-10,-1.317831103920931e-10
168.29,4.6481717172885945e-10,-1.2846098234115045e-10
168.3,4.623998669609887e-10,-1.2514158676304505e-10
168.31,4.5996712451312933e-10,-1.2182505366827212e-10
168.32,4.575190628493442e-10,-1.185115130518219e-10
168.33,4.5505580083581657e-10,-1.152010940772458e-10
168.34,4.5257745864970583e-10,-1.1189392569761967e-10
168.35,4.500841538037959e-10,-1.0859013686369398e-10
168.36,4.4757600852123426e-10,-1.052898549414717e-10
168.37,4.450531431034169e-10,-1.0199320805432445e-10
168.38,4.425156783686096e-10,-9.870032320931753e-11
168.39,4.399637357325913e-10,-9.541132715765832e-11
168.4,4.373974373036003e-10,-9.212634620850674e-11
168.41,4.348169047693392e-10,-8.884550635653865e-11
168.42,4.322222616075672e-10,-8.556893262554347e-11
168.43,4.296136302408309e-10,-8.229675016734188e-11
168.44,4.2699113415734023e-10,-7.902908332675219e-11
168.45,4.2435489710570987e-10,-7.576605586598612e-11
168.46,4.2170504356505974e-10,-7.250779199130675e-11
168.47,4.190416977883937e-10,-6.925441392582742e-11
168.48,4.1636498483513486e-10,-6.600604443415598e-11
168.49,4.1367502962530124e-10,-6.276280565155405e-11
168.5,4.109719578494411e-10,-5.952481893950402e-11
168.51,4.082558955062087e-10,-5.62922054282317e-11
168.52,4.0552696905869885e-10,-5.30650857125037e-11
168.53,4.027853044458246e-10,-4.984357983395e-11
168.54,4.0003102902424694e-10,-4.662780713598486e-11
168.55,3.9726426986726965e-10,-4.341788685447196e-11
168.56,3.9448515472828976e-10,-4.021393733670138e-11
168.57,3.916938112482889e-10,-3.701607651588215e-11
168.58,3.888903676416196e-10,-3.382442192314803e-11
168.59,3.8607495230584306e-10,-3.063909049823476e-11
168.6,3.832476939228609e-10,-2.7460198637231638e-11
168.61,3.804087218346715e-10,-2.428786195555955e-11
168.62,3.7755816476489783e-10,-2.1122196283461278e-11
168.63,3.7469615277750796e-10,-1.7963316081713938e-11
168.64,3.7182281543427054e-10,-1.481133533294353e-11
168.65,3.689382827420129e-10,-1.1666368164398822e-11
168.66,3.6604268572634453e-10,-8.528527412840858e-12
168.67,3.631361541395914e-10,-5.397925874045808e-12
168.68,3.60218819352764e-10,-2.274675379383917e-12
168.69,3.572908123116723e-10,8.411125734861043e-13
168.7,3.543522642385903e-10,3.949327027812308e-12
168.71,3.514033070270595e-10,7.049857704954655e-12
168.72,3.4844407206638917e-10,1.0142594853504758e-11
168.73,3.4547469143039427e-10,1.3227429425058818e-11
168.74,3.4249529754663706e-10,1.6304252634166263e-11
168.75,3.3950602302812464e-10,1.937295647783718e-11
168.76,3.3650699993095744e-10,2.2433433750323816e-11
168.77,3.3349836133235757e-10,2.5485577356976033e-11
168.78,3.304802402677504e-10,2.8529281214530102e-11
168.79,3.274527701129095e-10,3.156443972812497e-11
168.8,3.244160836612529e-10,3.4590947695653283e-11
168.81,3.213703150663105e-10,3.760870069596942e-11
168.82,3.183155977096112e-10,4.0617594954690625e-11
168.83,3.152520664817646e-10,4.361752753597883e-11
168.84,3.121798527039886e-10,4.660839472240872e-11
168.85,3.0909909319541936e-10,4.959009561854459e-11
168.86,3.060099214664162e-10,5.25625284242195e-11
168.87,3.0291247189500077e-10,5.5525592355023757e-11
168.88,2.9980687927754715e-10,5.84791873215282e-11
168.89,2.966932780340012e-10,6.142321358696791e-11
168.9,2.935718031201638e-10,6.435757242979135e-11
168.91,2.904425895933207e-10,6.728216544841858e-11
168.92,2.873057727560761e-10,7.019689510452938e-11
168.93,2.8416148714990794e-10,7.31016642137646e-11
168.94,2.810098684750389e-10,7.599637657180889e-11
168.95,2.7785105209649914e-10,7.888093629467527e-11
168.96,2.7468517349625314e-10,8.17552482994486e-11
168.97,2.71512368086947e-10,8.461921816092875e-11
168.98,2.683327718049353e-10,8.747275206276399e-11
168.99,2.6514651991412574e-10,9.031575682474787e-11
169.0,2.6195374852024757e-10,9.314813991962879e-11
169.01,2.587545933102169e-10,9.596980946830133e-11
169.02,2.5554919021964475e-10,9.878067434172472e-11
169.03,2.52337675254671e-10,1.0158064405641167e-10
169.04,2.4912018419149724e-10,1.0436962852458133e-10
169.05,2.458968532463614e-10,1.0714753864251663e-10
169.06,2.426678183780048e-10,1.0991428586041373e-10
169.07,2.394332157316499e-10,1.1266978219558264e-10
169.08,2.3619318129049604e-10,1.154139406511558e-10
169.09,2.329478512644199e-10,1.1814667439052035e-10
169.1,2.2969736172547913e-10,1.2086789758049613e-10
169.11,2.264418490833737e-10,1.23577525380755e-10
169.12,2.2318144916851406e-10,1.2627547292457606e-10
169.13,2.199162983303146e-10,1.28961656358743e-10
169.14,2.1664653250588925e-10,1.3163599265889768e-10
169.15,2.133722879493415e-10,1.3429839932421867e-10
169.16,2.10093700670587e-10,1.369487945091391e-10
169.17,2.0681090680600996e-10,1.3958709717973094e-10
169.18,2.0352404234799042e-10,1.4221322685666705e-10
169.19,2.0023324293785638e-10,1.4482710382638403e-10
169.2,1.969386457618051e-10,1.4742864908841035e-10
169.21,1.9364038529965623e-10,1.500177843003154e-10
169.22,1.9033859804061722e-10,1.525944317137723e-10
169.23,1.870334197042968e-10,1.5515851455247746e-10
169.24,1.8372498612804188e-10,1.5770995642122561e-10
169.25,1.8041343286206873e-10,1.6024868188424976e-10
169.26,1.7709889540963465e-10,1.6277461608600892e-10
169.27,1.737815095316635e-10,1.6528768476126751e-10
169.28,1.7046141057124028e-10,1.6778781457890935e-10
169.29,1.6713873368077392e-10,1.7027493288230956e-10
169.3,1.638136141587182e-10,1.7274896754310218e-10
169.31,1.6048618713849067e-10,1.7520984730254958e-10
169.32,1.5715658804514312e-10,1.7765750148148564e-10
169.33,1.5382495124668779e-10,1.800918602767762e-10
169.34,1.5049141175882022e-10,1.8251285443628254e-10
169.35,1.4715610443405391e-10,1.8492041556844902e-10
169.36,1.4381916354826442e-10,1.8731447592878398e-10
169.37,1.4048072371882375e-10,1.8969496832557215e-10
169.38,1.3714091909125632e-10,1.9206182677045672e-10
169.39,1.3379988372340776e-10,1.9441498549798843e-10
169.4,1.304577519641953e-10,1.9675437944606422e-10
169.41,1.2711465769089654e-10,1.9907994478600348e-10
169.42,1.2377073380096502e-10,2.0139161787188203e-10
169.43,1.2042611478843344e-10,2.0368933617204618e-10
169.44,1.170809334099157e-10,2.0597303762342825e-10
169.45,1.1373532298272252e-10,2.0824266094503413e-10
169.46,1.1038941664491795e-10,2.1049814567160397e-10
169.47,1.0704334697347777e-10,2.127394318849276e-10
169.48,1.0369724678465629e-10,2.1496646069651214e-10
169.49,1.003512482590429e-10,2.1717917361043587e-10
169.5,9.700548420957115e-11,2.1937751301769363e-10
169.51,9.366008590478473e-11,2.2156142218749642e-10
169.52,9.031518577097559e-11,2.2373084481533224e-10
169.53,8.697091509120523e-11,2.258857255563797e-10
169.54,8.36274054923985e-11,2.280260096941541e-10
169.55,8.028478776441825e-11,2.3015164323547663e-10
169.56,7.694319321059171e-11,2.3226257306245249e-10
169.57,7.360275262179603e-11,2.343587465819542e-10
169.58,7.02635959926983e-11,2.364401121215271e-10
169.59,6.692585383682396e-11,2.385066184636424e-10
169.6,6.3589656303765e-11,2.4055821580970245e-10
169.61,6.025513262531343e-11,2.425948540730128e-10
169.62,5.692241283625417e-11,2.4461648472260274e-10
169.63,5.3591625773626374e-11,2.466230595714266e-10
169.64,5.026290056762884e-11,2.486145313256106e-10
169.65,4.693636570019351e-11,2.5059085347460057e-10
169.66,4.361214950331702e-11,2.5255197997200614e-10
169.67,4.0290380545865065e-11,2.5449786583671e-10
169.68,3.697118641038386e-11,2.564284665635526e-10
169.69,3.3654694223338084e-11,2.583437387415044e-10
169.7,3.034103178781621e-11,2.6024363917547123e-10
169.71,2.7030325622471127e-11,2.621281258278594e-10
169.72,2.3722702684658067e-11,2.6399715721104293e-10
169.73,2.0418289158223405e-11,2.658506927408822e-10
169.74,1.7117210991716898e-11,2.676886923058449e-10
169.75,1.3819593961423147e-11,2.6951111679883725e-10
169.76,1.0525563343300712e-11,2.713179277420278e-10
169.77,7.235243997186139e-12,2.7310908678531116e-10
169.78,3.948761699638467e-12,2.7488455842312723e-10
169.79,6.662395912522857e-13,2.766443051176567e-10
169.8,-2.612198001523087e-12,2.7838829162116046e-10
169.81,-5.8864270283633324e-12,2.8011648315863807e-10
169.82,-9.156324611093796e-12,2.818288457502824e-10
169.83,-1.2421767428242134e-11,2.835253460785027e-10
169.84,-1.5682633014188308e-11,2.852059514791271e-10
169.85,-1.89387991230495e-11,2.8687063019112595e-10
169.86,-2.2190143107568468e-11,2.8851935091830206e-10
169.87,-2.543654549317071e-11,2.90152083727368e-10
169.88,-2.8677882969068832e-11,2.917687985896149e-10
169.89,-3.191403570189343e-11,2.93369466731167e-10
169.9,-3.5144883088273324e-11,2.949540599104097e-10
169.91,-3.8370305313905543e-11,2.9652255082209925e-10
169.92,-4.159018259048175e-11,2.980749126343663e-10
169.93,-4.48043960694415e-11,2.996111194884935e-10
169.94,-4.8012826449238166e-11,3.011311461106997e-10
169.95,-5.1215356126253417e-11,3.026349679512557e-10
169.96,-5.441186579132796e-11,3.0412256133527244e-10
169.97,-5.7602238940069485e-11,3.055939031595275e-10
169.98,-6.078635817126363e-11,3.0704897114477134e-10
169.99,-6.396410672814872e-11,3.0848774370180716e-10
170.0,-6.713536834614385e-11,3.0991019990567637e-10
170.01,-7.030002687424182e-11,3.113163197059586e-10
170.02,-7.34579672080138e-11,3.127060836954781e-10
170.03,-7.660907414731542e-11,3.1407947319713845e-10
170.04,-7.975323324395456e-11,3.1543647017879746e-10
170.05,-8.289033017751383e-11,3.16777057557284e-10
170.06,-8.602025150579338e-11,3.18101218758655e-10
170.07,-8.914288388731477e-11,3.1940893797896984e-10
170.08,-9.225811459156323e-11,3.2070020021988007e-10
170.09,-9.536583140483318e-11,3.219749910663137e-10
170.1,-9.846592238498439e-11,3.232332969334195e-10
170.11,-1.0155827597741201e-10,3.2447510493660417e-10
170.12,-1.0464278168415061e-10,3.257004028429282e-10
170.13,-1.077193280654543e-10,3.269091793139233e-10
170.14,-1.1078780746277918e-10,3.281014233097023e-10
170.15,-1.138481083053393e-10,3.2927712500502656e-10
170.16,-1.1690012220724805e-10,3.304362750880603e-10
170.17,-1.199437408868208e-10,3.3157886493680357e-10
170.18,-1.2297885622277366e-10,3.3270488655834587e-10
170.19,-1.2600536061938227e-10,3.338143326914701e-10
170.2,-1.2902314738460556e-10,3.349071970229764e-10
170.21,-1.3203210975638735e-10,3.359834736598325e-10
170.22,-1.3503214185571908e-10,3.3704315785812677e-10
170.23,-1.3802313842654625e-10,3.380862441607447e-10
170.24,-1.410049941096705e-10,3.391127300092885e-10
170.25,-1.4397760481658372e-10,3.401226120920356e-10
170.26,-1.469408666096167e-10,3.4111588805051836e-10
170.27,-1.498946759196854e-10,3.4209255637329736e-10
170.28,-1.5283893014720155e-10,3.430526160250878e-10
170.29,-1.557735267505139e-10,3.4399606698123255e-10
170.3,-1.5869836411252894e-10,3.449229096429136e-10
170.31,-1.616133408468674e-10,3.458331452455976e-10
170.32,-1.6451835626169758e-10,3.4672677566878106e-10
170.33,-1.6741331052581243e-10,3.476038034391836e-10
170.34,-1.702981034482855e-10,3.4846423183467686e-10
170.35,-1.7317263635966785e-10,3.493080648015237e-10
170.36,-1.7603681084350973e-10,3.501353068696851e-10
170.37,-1.7889052870533503e-10,3.5094596346819145e-10
170.38,-1.8173369276309734e-10,3.5174004046538147e-10
170.39,-1.8456620580622292e-10,3.5251754459803744e-10
170.4,-1.873879722057497e-10,3.5327848316745783e-10
170.41,-1.9019889546490703e-10,3.5402286412740534e-10
170.42,-1.9299888121476119e-10,3.5475069622479293e-10
170.43,-1.9578783462553743e-10,3.5546198876828956e-10
170.44,-1.985656617744637e-10,3.561567517728142e-10
170.45,-2.0133226913169008e-10,3.5683499589803625e-10
170.46,-2.040875641289402e-10,3.5749673252034893e-10
170.47,-2.06831454327422e-10,3.581419736165688e-10
170.48,-2.0956384852154583e-10,3.5877073186487966e-10
170.49,-2.1228465506812488e-10,3.5938302052795476e-10
170.5,-2.1499378415462398e-10,3.599788537888077e-10
170.51,-2.1769114522949214e-10,3.6055824611026305e-10
170.52,-2.2037665024156219e-10,3.6112121265756257e-10
170.53,-2.2305020947279778e-10,3.616677695802791e-10
170.54,-2.2571173526250705e-10,3.6219793330264436e-10
170.55,-2.283611401900831e-10,3.6271172119920545e-10
170.56,-2.3099833746710503e-10,3.6320915103505913e-10
170.57,-2.3362324102280167e-10,3.6369024136855693e-10
170.58,-2.362357651101436e-10,3.6415501123788997e-10
170.59,-2.388358246616814e-10,3.6460348062704267e-10
170.6,-2.414233355612792e-10,3.6503566974011377e-10
170.61,-2.439982142892114e-10,3.654515997646584e-10
170.62,-2.46560377405283e-10,3.6585129234977904e-10
170.63,-2.4910974261078184e-10,3.662347697054563e-10
170.64,-2.5164622828874815e-10,3.6660205484842263e-10
170.65,-2.541697525643376e-10,3.6695317141976657e-10
170.66,-2.566802355753386e-10,3.6728814345208414e-10
170.67,-2.5917759721477404e-10,3.67606995663906e-10
170.68,-2.6166175830396163e-10,3.679097536484908e-10
170.69,-2.6413263978462525e-10,3.681964434063447e-10
170.7,-2.665901642535783e-10,3.684670913845193e-10
170.71,-2.690342538147198e-10,3.687217248202807e-10
170.72,-2.7146483200757176e-10,3.689603720502302e-10
170.73,-2.738818229729664e-10,3.691830608950997e-10
170.74,-2.7628515097990306e-10,3.69389820636887e-10
170.75,-2.786747416483221e-10,3.6958068087873533e-10
170.76,-2.8105052055457597e-10,3.6975567196507923e-10
170.77,-2.834124145867071e-10,3.6991482455781965e-10
170.78,-2.8576035074167274e-10,3.7005817023630526e-10
170.79,-2.880942566744009e-10,3.701857409240092e-10
170.8,-2.9041406174254703e-10,3.7029756894278075e-10
170.81,-2.9271969470643296e-10,3.703936880139631e-10
170.82,-2.9501108534486325e-10,3.704741314514989e-10
170.83,-2.9728816430445413e-10,3.7053893374592554e-10
170.84,-2.995508629291917e-10,3.7058812972280263e-10
170.85,-3.017991130772528e-10,3.7062175496309096e-10
170.86,-3.0403284720149864e-10,3.706398453437768e-10
170.87,-3.062519988128104e-10,3.706424375404441e-10
170.88,-3.08456501514644e-10,3.706295687418834e-10
170.89,-3.1064629141001504e-10,3.706012762621412e-10
170.9,-3.128213003596228e-10,3.70557599389132e-10
170.91,-3.1498146747529636e-10,3.7049857602169624e-10
170.92,-3.171267286247927e-10,3.7042424592275336e-10
170.93,-3.1925702085086083e-10,3.7033464866437596e-10
170.94,-3.2137228243555067e-10,3.7022982510100244e-10
170.95,-3.2347245229318607e-10,3.701098160480777e-10
170.96,-3.2555746891964495e-10,3.6997466329087607e-10
170.97,-3.2762727352787534e-10,3.6982440867461276e-10
170.98,-3.2968180628143633e-10,3.6965909485528836e-10
170.99,-3.317210090214637e-10,3.694787650551891e-10
171.0,-3.337448238087169e-10,3.692834628987877e-10
171.01,-3.357531935532787e-10,3.6907323257132264e-10
171.02,-3.377460615242993e-10,3.688481188757114e-10
171.03,-3.3972337256727105e-10,3.686081670986725e-10
171.04,-3.4168507122975835e-10,3.6835342279089654e-10
171.05,-3.4363110346445246e-10,3.6808393231056393e-10
171.06,-3.4556141549873313e-10,3.677997425136115e-10
171.07,-3.4747595393693436e-10,3.675009007010106e-10
171.08,-3.4937466830214016e-10,3.6718745431949664e-10
171.09,-3.512575053677687e-10,3.668594520496323e-10
171.1,-3.531244148785542e-10,3.665169425177471e-10
171.11,-3.5497534672589533e-10,3.6615997494292826e-10
171.12,-3.568102517157246e-10,3.65788599185137e-10
171.13,-3.586290810196147e-10,3.6540286535860533e-10
171.14,-3.604317866679495e-10,3.6500282434567703e-10
171.15,-3.622183215441815e-10,3.645885271376102e-10
171.16,-3.6398863913668374e-10,3.641600253950909e-10
171.17,-3.657426936667556e-10,3.637173718959064e-10
171.18,-3.674804394058418e-10,3.6326061869119184e-10
171.19,-3.692018327606326e-10,3.6278981889385233e-10
171.2,-3.709068298176621e-10,3.6230502614715995e-10
171.21,-3.725953875253005e-10,3.6180629445446534e-10
171.22,-3.7426746364907594e-10,3.6129367834711737e-10
171.23,-3.7592301667148166e-10,3.6076723269063304e-10
171.24,-3.775620059614023e-10,3.6022701285825956e-10
171.25,-3.791843913723947e-10,3.5967307470937946e-10
171.26,-3.807901325746283e-10,3.5910547470189043e-10
171.27,-3.8237919232420473e-10,3.5852426920423603e-10
171.28,-3.839515321345038e-10,3.5792951550732976e-10
171.29,-3.85507114659595e-10,3.573212712061738e-10
171.3,-3.8704590366914785e-10,3.5669959427629154e-10
171.31,-3.8856786304385737e-10,3.560645431914433e-10
171.32,-3.9007295796360487e-10,3.554161767914883e-10
171.33,-3.915611539985759e-10,3.5475455434478425e-10
171.34,-3.93032417583214e-10,3.5407973550422556e-10
171.35,-3.9448671592835493e-10,3.533917805140888e-10
171.36,-3.9592401682596973e-10,3.5269074970473553e-10
171.37,-3.973442883650578e-10,3.5197670424532726e-10
171.38,-3.9874750019976714e-10,3.512497051945839e-10
171.39,-4.001336227400438e-10,3.5050981439635835e-10
171.4,-4.01502625979395e-10,3.497570939955691e-10
171.41,-4.028544815595316e-10,3.4899160644221976e-10
171.42,-4.041891619527969e-10,3.482134147061046e-10
171.43,-4.055066395590369e-10,3.4742258200947404e-10
171.44,-4.068068885165552e-10,3.4661917199081054e-10
171.45,-4.0808988303226066e-10,3.458032486287983e-10
171.46,-4.0935559754972157e-10,3.4497487671828957e-10
171.47,-4.1060400831568727e-10,3.441341206090653e-10
171.48,-4.118350920040048e-10,3.432810456505544e-10
171.49,-4.1304882563356454e-10,3.424157173414514e-10
171.5,-4.1424518694546407e-10,3.4153820153818974e-10
171.51,-4.1542415472248313e-10,3.4064856449878617e-10
171.52,-4.165857088013436e-10,3.397468726370751e-10
171.53,-4.177298286876368e-10,3.388331932146018e-10
171.54,-4.188564952372328e-10,3.3790759330022714e-10
171.55,-4.1996569031185214e-10,3.369701405008299e-10
171.56,-4.2105739597532754e-10,3.360209026454326e-10
171.57,-4.2213159504776724e-10,3.350599486582109e-10
171.58,-4.231882715158162e-10,3.3408734649935765e-10
171.59,-4.2422740974356174e-10,3.3310316533519494e-10
171.6,-4.2524899476261573e-10,3.321074745072214e-10
171.61,-4.2625301233754605e-10,3.3110034349967403e-10
171.62,-4.272394493673669e-10,3.30081842272232e-10
171.63,-4.282082928269102e-10,3.290520410519748e-10
171.64,-4.2915953065187666e-10,3.280110105303014e-10
171.65,-4.3009315204883185e-10,3.269588211781035e-10
171.66,-4.3100914594706163e-10,3.258955445318108e-10
171.67,-4.319075026495845e-10,3.24821251842657e-10
171.68,-4.3278821308035117e-10,3.2373601481377827e-10
171.69,-4.3365126864339254e-10,3.226399055826086e-10
171.7,-4.3449666189091705e-10,3.215329963032675e-10
171.71,-4.353243854825811e-10,3.204153597414066e-10
171.72,-4.3613443338983775e-10,3.1928706868104223e-10
171.73,-4.369267998021854e-10,3.1814819637159145e-10
171.74,-4.377014792299962e-10,3.169988163958327e-10
171.75,-4.3845847002333757e-10,3.1583900142236623e-10
171.76,-4.391977659220717e-10,3.1466882671197363e-10
171.77,-4.3991936512304025e-10,3.134883659230323e-10
171.78,-4.4062326568788675e-10,3.122976935271774e-10
171.79,-4.41309466087306e-10,3.110968843415143e-10
171.8,-4.419779658843903e-10,3.0988601326480905e-10
171.81,-4.426287649171981e-10,3.0866515557562e-10
171.82,-4.432618640090113e-10,3.074343867267946e-10
171.83,-4.438772649981814e-10,3.0619378243704804e-10
171.84,-4.444749690584056e-10,3.049434185446828e-10
171.85,-4.4505497982082026e-10,3.0368337132940027e-10
171.86,-4.456173008699813e-10,3.024137171911647e-10
171.87,-4.46161935926591e-10,3.0113453276262747e-10
171.88,-4.4668889036611635e-10,2.998458948189304e-10
171.89,-4.4719816923458143e-10,2.985478805856217e-10
171.9,-4.476897801788304e-10,2.9724056690119805e-10
171.91,-4.481637287594015e-10,2.959240316878728e-10
171.92,-4.486200232085293e-10,2.945983523775817e-10
171.93,-4.4905867196189443e-10,2.932636072116368e-10
171.94,-4.4947968391247135e-10,2.91919873892465e-10
171.95,-4.498830690066968e-10,2.9056723084283503e-10
171.96,-4.502688375048743e-10,2.892057565887491e-10
171.97,-4.5063700055546665e-10,2.878355297013366e-10
171.98,-4.5098756995567774e-10,2.864566290611814e-10
171.99,-4.513205583674175e-10,2.8506913358817615e-10
172.0,-4.5163597863352827e-10,2.836731226380737e-10
172.01,-4.5193384489433225e-10,2.8226867531299495e-10
172.02,-4.522141711505804e-10,2.8085587157392195e-10
172.03,-4.5247697296351e-10,2.794347908312602e-10
172.04,-4.527222666497136e-10,2.780055128614964e-10
172.05,-4.529500671688282e-10,2.7656811779248594e-10
172.06,-4.5316039322163516e-10,2.751226858249873e-10
172.07,-4.533532619927855e-10,2.736692972892741e-10
172.08,-4.5352869192440554e-10,2.7220803253979117e-10
172.09,-4.536867026336128e-10,2.7073897222488165e-10
172.1,-4.538273134385471e-10,2.6926219703833186e-10
172.11,-4.539505451218033e-10,2.6777778809277375e-10
172.12,-4.5405641871537073e-10,2.662858260485777e-10
172.13,-4.5414495617092564e-10,2.6478639218630383e-10
172.14,-4.5421617952031295e-10,2.632795678893633e-10
172.15,-4.542701122511158e-10,2.6176543431646954e-10
172.16,-4.5430677791281004e-10,2.602440730806029e-10
172.17,-4.5432620103971955e-10,2.5871556574581955e-10
172.18,-4.543284064628452e-10,2.5717999406534357e-10
172.19,-4.543134201345778e-10,2.5563743996594723e-10
172.2,-4.5428126825527977e-10,2.5408798475246105e-10
172.21,-4.542319774932583e-10,2.5253171128761154e-10
172.22,-4.541655758240147e-10,2.5096870119466936e-10
172.23,-4.5408209134248493e-10,2.4939903676325503e-10
172.24,-4.5398155304199046e-10,2.4782280019878757e-10
172.25,-4.5386399008777266e-10,2.4624007411724385e-10
172.26,-4.537294328916424e-10,2.446509407449074e-10
172.27,-4.535779120662518e-10,2.430554825636234e-10
172.28,-4.5340945926091677e-10,2.414537822083537e-10
172.29,-4.5322410584379205e-10,2.3984592261771027e-10
172.3,-4.530218848501099e-10,2.382319862094513e-10
172.31,-4.5280282974027224e-10,2.366120557095738e-10
172.32,-4.5256697383603796e-10,2.349862141838411e-10
172.33,-4.5231435207550633e-10,2.3335454445692295e-10
172.34,-4.5204499917409807e-10,2.317171293953125e-10
172.35,-4.5175895094791437e-10,2.3007405201152234e-10
172.36,-4.5145624373981234e-10,2.284253953845962e-10
172.37,-4.511369141066717e-10,2.2677124251933825e-10
172.38,-4.50801000067847e-10,2.2511167676676507e-10
172.39,-4.50448539373129e-10,2.2344678093601896e-10
172.4,-4.5007957054606546e-10,2.2177663844018276e-10
172.41,-4.4969413305440956e-10,2.2010133232009836e-10
172.42,-4.492922670515223e-10,2.184209458518773e-10
172.43,-4.4887401253324616e-10,2.1673556220526883e-10
172.44,-4.48439410747987e-10,2.1504526479950333e-10
172.45,-4.479885033433287e-10,2.1335013656499436e-10
172.46,-4.4752133205562845e-10,2.1165026130313396e-10
172.47,-4.470379406273808e-10,2.099457216068548e-10
172.48,-4.4653837165309824e-10,2.082366012812584e-10
172.49,-4.4602266919087796e-10,2.0652298340009793e-10
172.5,-4.454908780482681e-10,2.048049510705976e-10
172.51,-4.449430428483942e-10,2.030825878321654e-10
172.52,-4.4437920928514733e-10,2.0135597676184577e-10
172.53,-4.437994241338432e-10,1.9962520105128476e-10
172.54,-4.432037335443847e-10,1.9789034390909897e-10
172.55,-4.425921850182321e-10,1.961514886392728e-10
172.56,-4.4196482648408685e-10,1.944087181385794e-10
172.57,-4.413217061136831e-10,1.9266211591776966e-10
172.58,-4.4066287342419177e-10,1.909117642926268e-10
172.59,-4.3998837744289363e-10,1.891577471328766e-10
172.6,-4.3929826818371297e-10,1.8740014693681553e-10
172.61,-4.385925967425247e-10,1.8563904681709275e-10
172.62,-4.3787141366013176e-10,1.8387452975398945e-10
172.63,-4.3713477092511944e-10,1.8210667860301804e-10
172.64,-4.3638272079705714e-10,1.803355758945477e-10
172.65,-4.3561531587935276e-10,1.7856130463824957e-10
172.66,-4.348326094851631e-10,1.7678394740655218e-10
172.67,-4.340346554090402e-10,1.7500358674752868e-10
172.68,-4.33221507863527e-10,1.7322030511990592e-10
172.69,-4.3239322170801424e-10,1.7143418558995873e-10
172.7,-4.3154985242736257e-10,1.6964530987270303e-10
172.71,-4.306914557241722e-10,1.6785376046366952e-10
172.72,-4.298180879177771e-10,1.6605961969440376e-10
172.73,-4.2892980574002214e-10,1.642629697564712e-10
172.74,-4.280266669913703e-10,1.6246389246667739e-10
172.75,-4.271087290981055e-10,1.606624700554842e-10
172.76,-4.2617605058739166e-10,1.5885878431716755e-10
172.77,-4.2522868965855147e-10,1.5705291704056428e-10
172.78,-4.242667076345507e-10,1.5524494969883574e-10
172.79,-4.2329016234662235e-10,1.5343496411691552e-10
172.8,-4.22299114817313e-10,1.516230416296425e-10
172.81,-4.21293625682901e-10,1.4980926366681078e-10
172.82,-4.202737564009641e-10,1.479937114556726e-10
172.83,-4.192395685569337e-10,1.4617646609818866e-10
172.84,-4.1819112427686767e-10,1.443576085215976e-10
172.85,-4.171284865850785e-10,1.4253721969549737e-10
172.86,-4.160517184639804e-10,1.407153798972379e-10
172.87,-4.1496088316178733e-10,1.388921710858873e-10
172.88,-4.1385604526153493e-10,1.3706767239526482e-10
172.89,-4.127372688710539e-10,1.352419647381124e-10
172.9,-4.116046194652844e-10,1.3341512805403658e-10
172.91,-4.104581618700444e-10,1.3158724273857505e-10
172.92,-4.092979624724378e-10,1.2975838840819786e-10
172.93,-4.081240872256501e-10,1.2792864510152156e-10
172.94,-4.069366030242954e-10,1.2609809230134168e-10
172.95,-4.057355768538237e-10,1.2426680975021119e-10
172.96,-4.045210766967455e-10,1.2243487603528766e-10
172.97,-4.0329317041212833e-10,1.2060237102030093e-10
172.98,-4.020519259999028e-10,1.187693734977661e-10
172.99,-4.0079741315474867e-10,1.1693596230472584e-10
173.0,-3.995297006184858e-10,1.1510221598230921e-10
173.01,-3.9824885864705557e-10,1.1326821289789737e-10
173.02,-3.969549563467547e-10,1.1143403196406801e-10
173.03,-3.9564806520470206e-10,1.0959975069673635e-10
173.04,-3.943282556539657e-10,1.077654471576328e-10
173.05,-3.9299559965466283e-10,1.0593119934899448e-10
173.06,-3.9165016830381256e-10,1.0409708458664992e-10
173.07,-3.9029203394949393e-10,1.0226318038850673e-10
173.08,-3.8892126903628605e-10,1.0042956398356445e-10
173.09,-3.875379468061301e-10,9.859631224567444e-11
173.1,-3.8614214013789374e-10,9.676350209334488e-11
173.11,-3.8473392295300895e-10,9.493121010591842e-11
173.12,-3.833133691664045e-10,9.309951255130468e-11
173.13,-3.818805536917121e-10,9.12684853405783e-11
173.14,-3.8043555014674045e-10,8.943820578265876e-11
173.15,-3.7897843469181305e-10,8.760874834050928e-11
173.16,-3.7750928271278656e-10,8.578018887955672e-11
173.17,-3.7602816998849936e-10,8.395260275811307e-11
173.18,-3.745351725599485e-10,8.212606528941508e-11
173.19,-3.730303672764722e-10,8.030065114295159e-11
173.2,-3.715138310185318e-10,7.847643516421863e-11
173.21,-3.699856410305762e-10,7.665349164633731e-11
173.22,-3.6844587599734457e-10,7.483189462827097e-11
173.23,-3.668946107443864e-10,7.301171897062672e-11
173.24,-3.653319265977515e-10,7.119303729857916e-11
173.25,-3.6375790138225395e-10,6.937592380945067e-11
173.26,-3.621726138501412e-10,6.756045156147287e-11
173.27,-3.6057614335991943e-10,6.57466934094933e-11
173.28,-3.589685692567925e-10,6.393472253251559e-11
173.29,-3.573499714506635e-10,6.212461124819975e-11
173.3,-3.5572043083595203e-10,6.031643167104843e-11
173.31,-3.540800272624075e-10,5.851025608721935e-11
173.32,-3.524288416437475e-10,5.6706156160613144e-11
173.33,-3.5076695549386317e-10,5.4904203500542765e-11
173.34,-3.490944495345513e-10,5.310446914355231e-11
173.35,-3.474114061114922e-10,5.130702433439229e-11
173.36,-3.457179073360366e-10,4.9511939443437355e-11
173.37,-3.4401403503097566e-10,4.7719285314861775e-11
173.38,-3.42299871919577e-10,4.5929131823946316e-11
173.39,-3.405755009757457e-10,4.414154919813708e-11
173.4,-3.388410051553725e-10,4.235660693818231e-11
173.41,-3.370964680472887e-10,4.0574374240188654e-11
173.42,-3.353419730931224e-10,3.879492036041111e-11
173.43,-3.335776045104439e-10,3.7018314097076425e-11
173.44,-3.318034462173615e-10,3.524462383933205e-11
173.45,-3.3001958295953684e-10,3.347391796192264e-11
173.46,-3.282260992917026e-10,3.170626434358585e-11
173.47,-3.264230800994336e-10,2.9941730591482766e-11
173.48,-3.246106106679911e-10,2.8180384086499884e-11
173.49,-3.2278877655804447e-10,2.6422291927635583e-11
173.5,-3.2095766307138093e-10,2.4667520921797945e-11
173.51,-3.191173563138251e-10,2.2916137461149563e-11
173.52,-3.1726794274108977e-10,2.116820762816216e-11
173.53,-3.1540950813139066e-10,1.942379726653025e-11
173.54,-3.1354213979451144e-10,1.7682972280930783e-11
173.55,-3.116659238518169e-10,1.594579756886686e-11
173.56,-3.0978094756611946e-10,1.4212338183296985e-11
173.57,-3.078872982759411e-10,1.2482658664306402e-11
173.58,-3.0598506328663385e-10,1.075682345397495e-11
173.59,-3.040743303069767e-10,9.0348964509858e-12
173.6,-3.021551871834017e-10,7.316941399007875e-12
173.61,-3.0022772203156756e-10,5.603021612087072e-12
173.62,-2.9829202262478963e-10,3.893199843900008e-12
173.63,-2.9634817821727634e-10,2.187539558567024e-12
173.64,-2.9439627673064117e-10,4.861023930922622e-13
173.65,-2.924364072326665e-10,-1.2110491871531182e-12
173.66,-2.9046865837771013e-10,-2.903853625448788e-12
173.67,-2.884931198097189e-10,-4.592249533592302e-12
173.68,-2.86509880365312e-10,-6.276175755812073e-12
173.69,-2.845190297362292e-10,-7.955571587241295e-12
173.7,-2.8252065750665953e-10,-9.630376664929255e-12
173.71,-2.805148539952545e-10,-1.1300531126245834e-11
173.72,-2.7850170746297656e-10,-1.296597470056904e-11
173.73,-2.764813097007725e-10,-1.4626648510842974e-11
173.74,-2.744537504186815e-10,-1.6282493418298944e-11
173.75,-2.7241911991247083e-10,-1.7933450724093543e-11
173.76,-2.7037750886572944e-10,-1.9579462134310267e-11
173.77,-2.6832900776241955e-10,-2.1220469479578053e-11
173.78,-2.662737073343043e-10,-2.2856415392356132e-11
173.79,-2.6421169856016614e-10,-2.4487242375197848e-11
173.8,-2.6214307275420943e-10,-2.6112893645891254e-11
173.81,-2.600679205378526e-10,-2.773331250751409e-11
173.82,-2.579863337032507e-10,-2.934844285024767e-11
173.83,-2.5589840325019024e-10,-3.0958228794168106e-11
173.84,-2.5380422077988545e-10,-3.2562614782703943e-11
173.85,-2.5170387779940063e-10,-3.416154566428088e-11
173.86,-2.4959746635200895e-10,-3.575496661738761e-11
173.87,-2.4748507792958946e-10,-3.7342823648750676e-11
173.88,-2.4536680446366083e-10,-3.892506222558868e-11
173.89,-2.4324273784588477e-10,-4.0501628775882094e-11
173.9,-2.411129702298026e-10,-4.2072470171121775e-11
173.91,-2.3897759399056966e-10,-4.3637533391496346e-11
173.92,-2.3683670091045186e-10,-4.519676580897018e-11
173.93,-2.3469038356762097e-10,-4.6750115289531556e-11
173.94,-2.325387342013502e-10,-4.8297529967568316e-11
173.95,-2.3038184527750047e-10,-4.983895838687546e-11
173.96,-2.2821980923796391e-10,-5.137434970670055e-11
173.97,-2.260527186941501e-10,-5.290365290867662e-11
173.98,-2.2388066623841066e-10,-5.442681778461488e-11
173.99,-2.2170374443757649e-10,-5.5943794708135185e-11
174.0,-2.1952204623303636e-10,-5.745453383172558e-11
174.01,-2.173356641572943e-10,-5.89589860225423e-11
174.02,-2.1514469110387886e-10,-6.045710260148306e-11
174.03,-2.1294921985743892e-10,-6.194883509420315e-11
174.04,-2.1074934331282395e-10,-6.343413556143048e-11
174.05,-2.0854515426389236e-10,-6.491295635884542e-11
174.06,-2.063367455235124e-10,-6.638525027292231e-11
174.07,-2.0412421039552417e-10,-6.785097055623172e-11
174.08,-2.0190764173594286e-10,-6.931007051067167e-11
174.09,-1.9968713230199295e-10,-7.076250436857725e-11
174.1,-1.9746277510285207e-10,-7.220822632529184e-11
174.11,-1.9523466321562158e-10,-7.364719115490168e-11
174.12,-1.9300288958725583e-10,-7.507935398673094e-11
174.13,-1.9076754720303176e-10,-7.650467044782002e-11
174.14,-1.8852872907635288e-10,-7.792309631842153e-11
174.15,-1.862865281576669e-10,-7.933458797484815e-11
174.16,-1.8404103736102457e-10,-8.073910202172654e-11
174.17,-1.8179234993848739e-10,-8.213659598424828e-11
174.18,-1.7954055836342925e-10,-8.352702704774654e-11
174.19,-1.7728575568010136e-10,-8.491035318401426e-11
174.2,-1.7502803489293814e-10,-8.628653279640944e-11
174.21,-1.727674887845602e-10,-8.765552458119943e-11
174.22,-1.7050421006900105e-10,-8.901728761785315e-11
174.23,-1.6823829182599269e-10,-9.037178162529234e-11
174.24,-1.6596982647984583e-10,-9.171896644373284e-11
174.25,-1.636989067678351e-10,-9.30588022675018e-11
174.26,-1.6142562549577644e-10,-9.439125040217912e-11
174.27,-1.5915007530555926e-10,-9.57162715417956e-11
174.28,-1.568723481894655e-10,-9.703382731985124e-11
174.29,-1.5459253717937576e-10,-9.834387987361171e-11
174.3,-1.5231073457868264e-10,-9.964639154770377e-11
174.31,-1.5002703267519e-10,-1.0094132517217516e-10
174.32,-1.4774152391856208e-10,-1.022286439812952e-10
174.33,-1.45454300165687e-10,-1.0350831159152014e-10
174.34,-1.4316545393775363e-10,-1.0478029203965327e-10
174.35,-1.4087507692061801e-10,-1.0604454998434168e-10
174.36,-1.3858326136925972e-10,-1.073010500695275e-10
174.37,-1.3629009889651646e-10,-1.0854975770214732e-10
174.38,-1.3399568160486916e-10,-1.0979063849526027e-10
174.39,-1.3170010095226214e-10,-1.1102365877977768e-10
174.4,-1.2940344860707898e-10,-1.1224878492914477e-10
174.41,-1.2710581610368223e-10,-1.134659839983351e-10
174.42,-1.2480729482484223e-10,-1.1467522326990198e-10
174.43,-1.2250797624516795e-10,-1.158764707820732e-10
174.44,-1.2020795078074353e-10,-1.170696943206457e-10
174.45,-1.1790731038961995e-10,-1.182548628542804e-10
174.46,-1.1560614555740224e-10,-1.1943194540509899e-10
174.47,-1.1330454731161014e-10,-1.206009113780122e-10
174.48,-1.110026060707683e-10,-1.2176173072252562e-10
174.49,-1.0870041242476721e-10,-1.2291437364413066e-10
174.5,-1.0639805735579452e-10,-1.2405881095466314e-10
174.51,-1.0409563040039296e-10,-1.2519501381255973e-10
174.52,-1.0179322229879627e-10,-1.2632295383008306e-10
174.53,-9.949092264324182e-11,-1.2744260275813816e-10
174.54,-9.71888212548753e-11,-1.285539333284558e-10
174.55,-9.488700855417867e-11,-1.2965691816939132e-10
174.56,-9.258557352316165e-11,-1.3075153058197562e-10
174.57,-9.028460554993763e-11,-1.318377443894486e-10
174.58,-8.79841940848485e-11,-1.3291553347449672e-10
174.59,-8.568442813219726e-11,-1.3398487252146707e-10
174.6,-8.338539677661082e-11,-1.3504573636949458e-10
174.61,-8.108718844932336e-11,-1.3609810040580066e-10
174.62,-7.878989208088805e-11,-1.3714194047031976e-10
174.63,-7.649359598072352e-11,-1.3817723273553007e-10
174.64,-7.419838815751579e-11,-1.3920395385383374e-10
174.65,-7.190435652730602e-11,-1.4022208043870265e-10
174.66,-6.961159021690796e-11,-1.4123159112274823e-10
174.67,-6.732017562774783e-11,-1.4223246283425285e-10
174.68,-6.503020042555651e-11,-1.4322467406503523e-10
174.69,-6.274175210319198e-11,-1.4420820362428325e-10
174.7,-6.045491782428956e-11,-1.451830307092395e-10
174.71,-5.816978427099689e-11,-1.4614913483270704e-10
174.72,-5.58864383022783e-11,-1.4710649605649899e-10
174.73,-5.3604966396810636e-11,-1.4805509486489728e-10
174.74,-5.1325454836416774e-11,-1.4899491185921248e-10
174.75,-4.904798941121584e-11,-1.4992592888647278e-10
174.76,-4.677265654067402e-11,-1.5084812703009615e-10
174.77,-4.4499541500513025e-11,-1.5176148871079863e-10
174.78,-4.2228729558245463e-11,-1.526659963224733e-10
174.79,-3.996030613395752e-11,-1.535616330118229e-10
174.8,-3.7694356152039075e-11,-1.5444838196064937e-10
174.81,-3.543096419512673e-11,-1.5532622711108086e-10
174.82,-3.317021493554115e-11,-1.5619515260377757e-10
174.83,-3.091219224424839e-11,-1.570551429421072e-10
174.84,-2.8656981049699897e-11,-1.579061837097345e-10
174.85,-2.640466419680879e-11,-1.587482598253493e-10
174.86,-2.4155325470483068e-11,-1.595813573549923e-10
174.87,-2.19090481779532e-11,-1.604054626819613e-10
174.88,-1.966591556353552e-11,-1.6122056245169365e-10
174.89,-1.7426009969805638e-11,-1.6202664386117894e-10
174.9,-1.518941423016071e-11,-1.6282369450640844e-10
174.91,-1.2956210558385341e-11,-1.636117023324153e-10
174.92,-1.0726480831275851e-11,-1.643906556964688e-10
174.93,-8.500306977838506e-12,-1.65160543517494e-10
174.94,-6.27777001888557e-12,-1.659213549078964e-10
174.95,-4.058951475833745e-12,-1.666730796046428e-10
174.96,-1.8439323396252155e-12,-1.674157076643621e-10
174.97,3.672069856498224e-13,-1.6814922947351452e-10
174.98,2.574386144932806e-12,-1.6887363592681963e-10
174.99,4.777524736422503e-12,-1.6958891845042824e-10
175.0,6.97654336751908e-12,-1.7029506863757194e-10
175.01,9.171361541523166e-12,-1.7099207873916135e-10
175.02,1.1361902716234502e-11,-1.7167994098681728e-10
175.03,1.3548085207887796e-11,-1.7235864861820884e-10
175.04,1.572983146144061e-11,-1.7302819493924725e-10
175.05,1.7907063086648068e-11,-1.7368857356377016e-10
175.06,2.0079702036472115e-11,-1.7433977886263515e-10
175.07,2.2247670451587985e-11,-1.7498180530241902e-10
175.08,2.44108912112522e-11,-1.756146478504095e-10
175.09,2.6569287077577923e-11,-1.7623830196820464e-10
175.1,2.872278114030502e-11,-1.768527636430003e-10
175.11,3.087129765290287e-11,-1.774580282107801e-10
175.12,3.301475930468484e-11,-1.7805409324754646e-10
175.13,3.5153091131776635e-11,-1.7864095539104245e-10
175.14,3.7286217349113137e-11,-1.7921861208193532e-10
175.15,3.94140626350951e-11,-1.7978706106546383e-10
175.16,4.15365524574421e-11,-1.8034630058213002e-10
175.17,4.365361194038938e-11,-1.8089632928962065e-10
175.18,4.576516702712712e-11,-1.8143714621941774e-10
175.19,4.787114337233651e-11,-1.8196875070253714e-10
175.2,4.997146886356397e-11,-1.824911424444582e-10
175.21,5.206606912029676e-11,-1.8300432178770054e-10
175.22,5.4154871339836436e-11,-1.835082892902968e-10
175.23,5.623780304563982e-11,-1.8400304592411574e-10
175.24,5.831479274033261e-11,-1.8448859317977877e-10
175.25,6.038576771812662e-11,-1.8496493269422366e-10
175.26,6.245065716472878e-11,-1.854320666592057e-10
175.27,6.450938954511488e-11,-1.8588999767504057e-10
175.28,6.656189449743873e-11,-1.8633872852689905e-10
175.29,6.86081011944184e-11,-1.8677826288252902e-10
175.3,7.06479404330683e-11,-1.8720860406378264e-10
175.31,7.268134098988674e-11,-1.8762975655722946e-10
175.32,7.470823503577176e-11,-1.8804172448633132e-10
175.33,7.672855270806096e-11,-1.8844451310216082e-10
175.34,7.87422260437189e-11,-1.8883812739942412e-10
175.35,8.074918659719638e-11,-1.892225730356966e-10
175.36,8.27493666034629e-11,-1.8959785604327295e-10
175.37,8.47426982380009e-11,-1.899639829094139e-10
175.38,8.67291149231158e-11,-1.9032096032983936e-10
175.39,8.870854951611364e-11,-1.906687955734429e-10
175.4,9.06809361656947e-11,-1.9100749595392632e-10
175.41,9.264620877285491e-11,-1.9133706974489614e-10
175.42,9.460430129310217e-11,-1.916575246625175e-10
175.43,9.655514898493687e-11,-1.9196886981651898e-10
175.44,9.849868692994711e-11,-1.92271114183671e-10
175.45,1.0043485095504025e-10,-1.9256426702598892e-10
175.46,1.0236357688390872e-10,-1.92848338181807e-10
175.47,1.0428480113833111e-10,-1.9312333771401265e-10
175.48,1.0619846047043444e-10,-1.9338927616097962e-10
175.49,1.0810449204696449e-10,-1.936461644102633e-10
175.5,1.1000283339980907e-10,-1.9389401380402648e-10
175.51,1.1189342296369439e-10,-1.941328354342172e-10
175.52,1.1377619859149391e-10,-1.9436264178491422e-10
175.53,1.1565109919054191e-10,-1.9458344498456492e-10
175.54,1.1751806402327295e-10,-1.9479525770690942e-10
175.55,1.1937703290074476e-10,-1.9499809283393652e-10
175.56,1.212279455820544e-10,-1.951919639501317e-10
175.57,1.2307074240676449e-10,-1.9537688469696914e-10
175.58,1.2490536475757789e-10,-1.9555286909188504e-10
175.59,1.2673175330320265e-10,-1.9571993173043573e-10
175.6,1.2854984983194783e-10,-1.958780872879701e-10
175.61,1.3035959682386484e-10,-1.960273508518821e-10
175.62,1.3216093639654e-10,-1.9616773803222265e-10
175.63,1.339538117627253e-10,-1.962992645178454e-10
175.64,1.3573816591788935e-10,-1.9642194662589787e-10
175.65,1.3751394315343733e-10,-1.96535800702177e-10
175.66,1.3928108746435228e-10,-1.966408436573026e-10
175.67,1.4103954316683348e-10,-1.9673709283509157e-10
175.68,1.427892563582239e-10,-1.9682456529649818e-10
175.69,1.4453017104243793e-10,-1.9690327972668572e-10
175.7,1.462622343060366e-10,-1.9697325359146875e-10
175.71,1.4798539222525904e-10,-1.97034505751159e-10
175.72,1.496995913473197e-10,-1.9708705491798727e-10
175.73,1.5140477926338218e-10,-1.9713092045687833e-10
175.74,1.5310090360435147e-10,-1.9716612177016725e-10
175.75,1.5478791219605587e-10,-1.971926787021381e-10
175.76,1.564657539609488e-10,-1.9721061148912503e-10
175.77,1.5813437749756034e-10,-1.9721994083061813e-10
175.78,1.5979373308853294e-10,-1.9722068691030307e-10
175.79,1.6144376979226342e-10,-1.972128715139134e-10
175.8,1.6308443850890455e-10,-1.971965157399476e-10
175.81,1.6471568922701094e-10,-1.9717164172463582e-10
175.82,1.6633747407993547e-10,-1.9713827122853457e-10
175.83,1.679497442692606e-10,-1.9709642682068548e-10
175.84,1.6955245210848726e-10,-1.9704613116923937e-10
175.85,1.7114555026562065e-10,-1.9698740730571948e-10
175.86,1.7272899149371133e-10,-1.9692027853373283e-10
175.87,1.743027298590231e-10,-1.9684476849369117e-10
175.88,1.7586671858536903e-10,-1.9676090124096482e-10
175.89,1.7742091259456362e-10,-1.9666870094379318e-10
175.9,1.789652664681196e-10,-1.9656819219178474e-10
175.91,1.8049973578155336e-10,-1.964593998999895e-10
175.92,1.8202427634826516e-10,-1.9634234904814602e-10
175.93,1.8353884408839572e-10,-1.962170652783082e-10
175.94,1.8504339603308584e-10,-1.9608357420739588e-10
175.95,1.8653788892485692e-10,-1.959419021761273e-10
175.96,1.8802228149959967e-10,-1.9579207468437892e-10
175.97,1.8949653071679775e-10,-1.9563411923104846e-10
175.98,1.9096059556261746e-10,-1.954680623966762e-10
175.99,1.92414435051976e-10,-1.9529393141561305e-10
176.0,1.9385800867015235e-10,-1.9511175368732268e-10
176.01,1.9529127651341006e-10,-1.9492155700177102e-10
176.02,1.9671419877965481e-10,-1.9472336953432887e-10
176.03,1.9812673665337037e-10,-1.9451721930705117e-10
176.04,1.9952885144929755e-10,-1.9430313502395605e-10
176.05,2.0092050477009654e-10,-1.9408114602205333e-10
176.06,2.0230165943929117e-10,-1.9385128073550372e-10
176.07,2.0367227777279868e-10,-1.936135689729613e-10
176.08,2.0503232341511696e-10,-1.9336804018694047e-10
176.09,2.0638175991792202e-10,-1.9311472450622234e-10
176.1,2.077205515728026e-10,-1.9285365208261407e-10
176.11,2.0904866292835859e-10,-1.9258485341268472e-10
176.12,2.1036605966107362e-10,-1.9230835909564937e-10
176.13,2.116727065705166e-10,-1.9202420035808196e-10
176.14,2.129685703663718e-10,-1.9173240835620557e-10
176.15,2.142536177122783e-10,-1.9143301451262807e-10
176.16,2.1552781553237196e-10,-1.9112605067220977e-10
176.17,2.1679113141560327e-10,-1.9081154880992883e-10
176.18,2.1804353340668404e-10,-1.9048954128775457e-10
176.19,2.1928499005831423e-10,-1.9016006043034134e-10
176.2,2.205154703690281e-10,-1.8982313913266977e-10
176.21,2.2173494393002042e-10,-1.8947881038188985e-10
176.22,2.2294338017496002e-10,-1.8912710735306166e-10
176.23,2.2414075069395609e-10,-1.8876806362029024e-10
176.24,2.2532702529882915e-10,-1.884017127972395e-10
176.25,2.2650217599719362e-10,-1.880280889660095e-10
176.26,2.2766617454524786e-10,-1.8764722620346796e-10
176.27,2.2881899318198994e-10,-1.872591589714092e-10
176.28,2.2996060500195675e-10,-1.8686392194147394e-10
176.29,2.3109098323298134e-10,-1.8646154995462464e-10
176.3,2.3221010178490258e-10,-1.8605207810295484e-10
176.31,2.3331793488515634e-10,-1.85635541853963e-10
176.32,2.344144574546905e-10,-1.8521197643835535e-10
176.33,2.354996448545975e-10,-1.847814178306792e-10
176.34,2.3657347265121555e-10,-1.8434390216882423e-10
176.35,2.376359171616849e-10,-1.8389946542059624e-10
176.36,2.386869552839661e-10,-1.8344814401986747e-10
176.37,2.397265640265514e-10,-1.8298997467751648e-10
176.38,2.407547213403531e-10,-1.8252499417096508e-10
176.39,2.417714052138852e-10,-1.8205323970235864e-10
176.4,2.4277659506813765e-10,-1.8157474811618933e-10
176.41,2.4377026856322754e-10,-1.8108955730738876e-10
176.42,2.4475240649005334e-10,-1.805977047564327e-10
176.43,2.457229891558564e-10,-1.800992281712179e-10
176.44,2.4668199655272215e-10,-1.7959416577257084e-10
176.45,2.476294100830654e-10,-1.7908255579925295e-10
176.46,2.4856521151439866e-10,-1.785644365688431e-10
176.47,2.4948938258621556e-10,-1.7803984678276806e-10
176.48,2.504019061749008e-10,-1.7750882525484336e-10
176.49,2.5130276512650824e-10,-1.7697141092158501e-10
176.5,2.5219194320903503e-10,-1.7642764308279248e-10
176.51,2.5306942464621414e-10,-1.758775609405377e-10
176.52,2.5393519319168315e-10,-1.753212042358615e-10
176.53,2.5478923479419e-10,-1.7475861260285908e-10
176.54,2.5563153404598534e-10,-1.7418982576533776e-10
176.55,2.564620775399277e-10,-1.7361488399308088e-10
176.56,2.5728085161285643e-10,-1.7303382754193556e-10
176.57,2.5808784323987065e-10,-1.7244669664747417e-10
176.58,2.588830397258581e-10,-1.718535322020777e-10
176.59,2.5966642897159526e-10,-1.7125437454596713e-10
176.6,2.6043799952527476e-10,-1.7064926486872097e-10
176.61,2.6119774033773733e-10,-1.7003824409715638e-10
176.62,2.6194563947971645e-10,-1.6942135392447018e-10
176.63,2.626816899441866e-10,-1.6879863465937656e-10
176.64,2.634058791141302e-10,-1.681701288086562e-10
176.65,2.6411819877719127e-10,-1.6753587771315e-10
176.66,2.648186402184471e-10,-1.66895923288138e-10
176.67,2.6550719509817167e-10,-1.6625030738999474e-10
176.68,2.6618385591370765e-10,-1.6559907235554597e-10
176.69,2.66848615177911e-10,-1.649422602646865e-10
176.7,2.67501466176046e-10,-1.6427991366773855e-10
176.71,2.681424027933799e-10,-1.6361207510455918e-10
176.72,2.6877141876140024e-10,-1.6293878701845831e-10
176.73,2.693885091640429e-10,-1.62260092561956e-10
176.74,2.699936688158798e-10,-1.6157603456207651e-10
176.75,2.705868935428524e-10,-1.6088665613301838e-10
176.76,2.711681793204764e-10,-1.6019200050298073e-10
176.77,2.7173752270101684e-10,-1.5949211095447117e-10
176.78,2.722949207998365e-10,-1.5878703095582013e-10
176.79,2.7284037095946334e-10,-1.5807680418260105e-10
176.8,2.7337387137497615e-10,-1.5736147414503094e-10
176.81,2.738954202319813e-10,-1.566410850952127e-10
176.82,2.744050165766117e-10,-1.55915680553578e-10
176.83,2.749026598330445e-10,-1.5518530481576385e-10
176.84,2.753883498717102e-10,-1.5445000185383999e-10
176.85,2.7586208705534907e-10,-1.5370981606243024e-10
176.86,2.7632387201074026e-10,-1.5296479180577358e-10
176.87,2.767737061385829e-10,-1.5221497365456028e-10
176.88,2.7721159141935856e-10,-1.514604059696626e-10
176.89,2.7763752969745796e-10,-1.5070113362876114e-10
176.9,2.7805152348110077e-10,-1.4993720145821224e-10
176.91,2.784535762829491e-10,-1.4916865426642632e-10
176.92,2.7884369205901647e-10,-1.4839553695226204e-10
176.93,2.7922187374056274e-10,-1.4761789467223615e-10
176.94,2.795881268288663e-10,-1.4683577257465328e-10
176.95,2.7994245600655333e-10,-1.4604921589836185e-10
176.96,2.802848666325427e-10,-1.452582699679547e-10
176.97,2.806153647181294e-10,-1.4446298020192009e-10
176.98,2.8093395693676774e-10,-1.436633919414173e-10
176.99,2.8124064933282554e-10,-1.4285955123054567e-10
177.0,2.8153544988217545e-10,-1.4205150320691854e-10
177.01,2.8181836597344974e-10,-1.4123929383127923e-10
177.02,2.820894058642216e-10,-1.404229687844998e-10
177.03,2.82348578524708e-10,-1.396025741230425e-10
177.04,2.825958925432826e-10,-1.3877815554539284e-10
177.05,2.8283135775405797e-10,-1.379497591728369e-10
177.06,2.8305498396287107e-10,-1.3711743115927232e-10
177.07,2.832667817783092e-10,-1.3628121773608227e-10
177.08,2.8346676215338047e-10,-1.3544116423992748e-10
177.09,2.836549362296748e-10,-1.3459731789563787e-10
177.1,2.8383131584544234e-10,-1.3374972468466815e-10
177.11,2.839959133542726e-10,-1.3289843087931123e-10
177.12,2.8414874136637785e-10,-1.3204348286943108e-10
177.13,2.842898128415587e-10,-1.311849272713643e-10
177.14,2.8441914152143416e-10,-1.3032281041518005e-10
177.15,2.845367413732102e-10,-1.294571787709661e-10
177.16,2.846426269253916e-10,-1.2858807912824846e-10
177.17,2.847368127267242e-10,-1.2771555808704303e-10
177.18,2.848193142589223e-10,-1.268396621928606e-10
177.19,2.848901473048818e-10,-1.259604380927569e-10
177.2,2.849493278567417e-10,-1.2507793262477907e-10
177.21,2.849968730691266e-10,-1.2419219260082053e-10
177.22,2.850327993791656e-10,-1.2330326460262426e-10
177.23,2.850571244731932e-10,-1.2241119570965292e-10
177.24,2.8506986611165774e-10,-1.2151603255477548e-10
177.25,2.850710428689603e-10,-1.2061782201288914e-10
177.26,2.850606731186789e-10,-1.1971661123683152e-10
177.27,2.850387763767837e-10,-1.1881244685090483e-10
177.28,2.8500537196053725e-10,-1.1790537580039964e-10
177.29,2.849604799864456e-10,-1.1699544506527612e-10
177.3,2.849041209883383e-10,-1.1608270178282458e-10
177.31,2.8483631563017245e-10,-1.1516719262399275e-10
177.32,2.8475708529495244e-10,-1.1424896472452046e-10
177.33,2.8466645163470474e-10,-1.1332806499773725e-10
177.34,2.8456443664397277e-10,-1.1240454047307857e-10
177.35,2.8445106284653896e-10,-1.1147843811556323e-10
177.36,2.843263530753813e-10,-1.1054980506890653e-10
177.37,2.8419033093670367e-10,-1.0961868785820691e-10
177.38,2.840430204221425e-10,-1.0868513398986114e-10
177.39,2.838844441428961e-10,-1.0774919007328332e-10
177.4,2.8371462795415636e-10,-1.0681090326056834e-10
177.41,2.8353359690113804e-10,-1.0587032045912878e-10
177.42,2.833413756527444e-10,-1.0492748863358013e-10
177.43,2.831379903149348e-10,-1.0398245476427366e-10
177.44,2.8292346676019477e-10,-1.0303526571431443e-10
177.45,2.826978314092715e-10,-1.0208596854236098e-10
177.46,2.8246111192714963e-10,-1.0113460948651887e-10
177.47,2.8221333474440705e-10,-1.0018123629346331e-10
177.48,2.819545280254343e-10,-9.92258951450716e-11
177.49,2.8168471986819905e-10,-9.826863311192083e-11
177.5,2.81403938198148e-10,-9.730949720621398e-11
177.51,2.811122124303467e-10,-9.63485337717476e-11
177.52,2.8080957157405975e-10,-9.538578972603794e-11
177.53,2.804960455186216e-10,-9.442131171542453e-11
177.54,2.8017166387964166e-10,-9.345514646325031e-11
177.55,2.7983645726449183e-10,-9.248734036833016e-11
177.56,2.794904560681268e-10,-9.151794002162737e-11
177.57,2.7913369196267025e-10,-9.054699276126569e-11
177.58,2.7876619623875706e-10,-8.957454398004236e-11
177.59,2.783880004882001e-10,-8.86006406281281e-11
177.6,2.779991373474575e-10,-8.762532903595183e-11
177.61,2.7759963905739714e-10,-8.664865554794717e-11
177.62,2.7718953882933897e-10,-8.567066648167401e-11
177.63,2.7676886979146823e-10,-8.469140808663452e-11
177.64,2.763376657701103e-10,-8.371092666373641e-11
177.65,2.7589596024161283e-10,-8.272926809977982e-11
177.66,2.754437893382378e-10,-8.17464785672147e-11
177.67,2.749811860521237e-10,-8.076260425297277e-11
177.68,2.74508185939158e-10,-7.977769092933782e-11
177.69,2.74024824751313e-10,-7.87917845880446e-11
177.7,2.7353113815199517e-10,-7.780493102154463e-11
177.71,2.7302716208211995e-10,-7.681717593956282e-11
177.72,2.7251293323413107e-10,-7.582856518064821e-11
177.73,2.7198848861552584e-10,-7.483914420847388e-11
177.74,2.7145386575647195e-10,-7.38489581191797e-11
177.75,2.7090910068786036e-10,-7.285805384909985e-11
177.76,2.7035423272560947e-10,-7.186647543963227e-11
177.77,2.6978929972101653e-10,-7.087426854429874e-11
177.78,2.692143398378715e-10,-6.98814784547002e-11
177.79,2.686293923788962e-10,-6.888815038878269e-11
177.8,2.6803449618991634e-10,-6.789432928826083e-11
177.81,2.674296910572028e-10,-6.690006029492274e-11
177.82,2.6681501672256117e-10,-6.590538818465302e-11
177.83,2.661905131464265e-10,-6.491035779447424e-11
177.84,2.6555622141744147e-10,-6.391501387657368e-11
177.85,2.6491218173047535e-10,-6.291940102161781e-11
177.86,2.6425843525344357e-10,-6.192356371299122e-11
177.87,2.6359502355396025e-10,-6.092754659497284e-11
177.88,2.629219884521197e-10,-5.993139367168661e-11
177.89,2.6223937216562916e-10,-5.893514930856647e-11
177.9,2.6154721642998036e-10,-5.79388580400094e-11
177.91,2.6084556440327395e-10,-5.694256334432055e-11
177.92,2.6013445869915346e-10,-5.594630929523978e-11
177.93,2.5941394347491385e-10,-5.4950140013061684e-11
177.94,2.5868406132027153e-10,-5.395409884428226e-11
177.95,2.5794485649954616e-10,-5.2958229507109675e-11
177.96,2.571963729177204e-10,-5.196257558837687e-11
177.97,2.564386553488579e-10,-5.0967180404513137e-11
177.98,2.556717483991642e-10,-4.997208712927997e-11
177.99,2.5489569706650544e-10,-4.897733927372662e-11
178.0,2.5411054676533517e-10,-4.7982979392018605e-11
178.01,2.533163434433074e-10,-4.698905017031857e-11
178.02,2.5251313169308623e-10,-4.599559589742464e-11
178.03,2.517009588511626e-10,-4.500265775868834e-11
178.04,2.508798711638613e-10,-4.4010278724843246e-11
178.05,2.5004991516768436e-10,-4.301850117794491e-11
178.06,2.49211137744236e-10,-4.202736756028643e-11
178.07,2.4836358645675626e-10,-4.10369198823132e-11
178.08,2.475073086775912e-10,-4.004720031629831e-11
178.09,2.466423520536749e-10,-3.9058250763278374e-11
178.1,2.4576876546813625e-10,-3.807011279809062e-11
178.11,2.448865949836613e-10,-3.708282836724556e-11
178.12,2.4399589142057194e-10,-3.6096438725751734e-11
178.13,2.430967028289081e-10,-3.511098533981308e-11
178.14,2.421890782864274e-10,-3.4126509411625665e-11
178.15,2.4127306722353437e-10,-3.3143052009143343e-11
178.16,2.403487187282194e-10,-3.216065417288197e-11
178.17,2.39416082914355e-10,-3.11793565711514e-11
178.18,2.3847521039934496e-10,-3.019919989373361e-11
178.19,2.3752615084262947e-10,-2.922022454469138e-11
178.2,2.3656895450979456e-10,-2.8242471255913425e-11
178.21,2.356036728360638e-10,-2.726598001870883e-11
178.22,2.3463035631350824e-10,-2.6290790598843322e-11
178.23,2.33649056831886e-10,-2.5316943255889336e-11
178.24,2.3265982528246793e-10,-2.434447766017737e-11
178.25,2.316627135052726e-10,-2.3373433330883464e-11
178.26,2.3065777352303494e-10,-2.2403849731191127e-11
178.27,2.296450572316028e-10,-2.143576637795387e-11
178.28,2.2862461714586514e-10,-2.046922196992598e-11
178.29,2.2759650612867876e-10,-1.9504255974831422e-11
178.3,2.2656077649150565e-10,-1.8540906738833488e-11
178.31,2.2551748146011358e-10,-1.757921321862496e-11
178.32,2.244666743694085e-10,-1.661921371766319e-11
178.33,2.234084082935622e-10,-1.5660946579914527e-11
178.34,2.2234273722512612e-10,-1.470444990792214e-11
178.35,2.212697148067647e-10,-1.3749761795436376e-11
178.36,2.2018939507117492e-10,-1.2796919984581241e-11
178.37,2.1910183195033506e-10,-1.184596196458718e-11
178.38,2.180070809463635e-10,-1.0896925487130428e-11
178.39,2.1690519550348041e-10,-9.949847637884925e-12
178.4,2.1579623089060285e-10,-9.004765587941695e-12
178.41,2.1468024185445026e-10,-8.061716258151402e-12
178.42,2.1355728426231939e-10,-7.120736419880523e-12
178.43,2.1242741266385707e-10,-6.181862723763367e-12
178.44,2.1129068297260914e-10,-5.245131431939302e-12
178.45,2.101471509138424e-10,-4.3105788951080245e-12
178.46,2.0899687205302453e-10,-3.3782411957330933e-12
178.47,2.078399029706152e-10,-2.4481539178590565e-12
178.48,2.0667629961273894e-10,-1.520353088706974e-12
178.49,2.0550611852811475e-10,-5.94873999342985e-13
178.5,2.0432941601879257e-10,3.2824809976569337e-13
178.51,2.031462492373979e-10,1.24897785373826e-12
178.52,2.0195667468483462e-10,2.1672804984791904e-12
178.53,2.007607495426005e-10,3.0831213104013546e-12
178.54,1.9955853105602938e-10,3.996465694908576e-12
178.55,1.9835007654167032e-10,4.90727932718507e-12
178.56,1.971354436194986e-10,5.815527928051755e-12
178.57,1.9591468982909516e-10,6.7211776875498535e-12
178.58,1.9468787301742046e-10,7.624194678772267e-12
178.59,1.9345505133992697e-10,8.524545637468589e-12
178.6,1.922162821534188e-10,9.422196660434885e-12
178.61,1.9097162455077412e-10,1.031711491286656e-11
178.62,1.8972113634876132e-10,1.1209267336726774e-11
178.63,1.884648763274932e-10,1.2098621182815272e-11
178.64,1.872029030156633e-10,1.2985143881614202e-11
178.65,1.859352750444115e-10,1.3868802874415947e-11
178.66,1.8466205135969237e-10,1.4749566150319034e-11
178.67,1.8338329104906506e-10,1.5627401666089758e-11
178.68,1.8209905336650296e-10,1.6502277744804798e-11
178.69,1.8080939700459109e-10,1.7374162671400026e-11
178.7,1.7951438198702031e-10,1.8243025108610835e-11
178.71,1.7821406705362514e-10,1.9108834046947196e-11
178.72,1.7690851236132023e-10,1.9971558332231488e-11
178.73,1.7559777707675153e-10,2.0831167418902097e-11
178.74,1.7428192168928312e-10,2.1687630466307024e-11
178.75,1.7296100560538526e-10,2.2540917748141275e-11
178.76,1.716350888554455e-10,2.3390998585234646e-11
178.77,1.7030423136654205e-10,2.4237843302616874e-11
178.78,1.6896849372191e-10,2.5081422295181356e-11
178.79,1.676279360624364e-10,2.5921706017007582e-11
178.8,1.6628261839035787e-10,2.6758665254563352e-11
178.81,1.649326015423281e-10,2.7592270909553077e-11
178.82,1.6357794596854887e-10,2.8422494073901995e-11
178.83,1.6221871216627376e-10,2.9249306419540335e-11
178.84,1.6085496104669321e-10,3.0072679394553224e-11
178.85,1.5948675294360946e-10,3.089258482806777e-11
178.86,1.581141490569387e-10,3.170899485900773e-11
178.87,1.5673721025445983e-10,3.252188156106874e-11
178.88,1.5535599744980379e-10,3.333121771964678e-11
178.89,1.539705717720063e-10,3.4136975952334684e-11
178.9,1.5258099433494016e-10,3.493912905835808e-11
178.91,1.5118732611490577e-10,3.573765038082561e-11
178.92,1.497896286376059e-10,3.653251317121922e-11
178.93,1.4838796304953952e-10,3.7323691156456035e-11
178.94,1.4698239059793179e-10,3.8111158097792505e-11
178.95,1.4557297313522278e-10,3.889488817974237e-11
178.96,1.441597713409974e-10,3.967485548873665e-11
178.97,1.4274284729454096e-10,4.045103466558054e-11
178.98,1.413222624109175e-10,4.122340044130903e-11
178.99,1.3989807817530433e-10,4.1991927763876186e-11
179.0,1.384703563887738e-10,4.2756591870489546e-11
179.01,1.370391585214995e-10,4.3517368196672874e-11
179.02,1.3560454637289615e-10,4.427423235926168e-11
179.03,1.3416658144346846e-10,4.5027160277125054e-11
179.04,1.3272532560258595e-10,4.577612781210441e-11
179.05,1.3128084120406654e-10,4.652111200238816e-11
179.06,1.2983318924885802e-10,4.726208873839187e-11
179.07,1.2838243192039354e-10,4.7999035146678795e-11
179.08,1.2692863092998613e-10,4.873192817637001e-11
179.09,1.2547184813347168e-10,4.946074515438693e-11
179.1,1.2401214552118914e-10,5.018546357898133e-11
179.11,1.22549585024022e-10,5.090606119445605e-11
179.12,1.2108422838247714e-10,5.1622515980947824e-11
179.13,1.1961613757137559e-10,5.233480623610697e-11
179.14,1.181453745842477e-10,5.30429103166726e-11
179.15,1.1667200137397382e-10,5.3746806914034596e-11
179.16,1.151960793262693e-10,5.444647499259035e-11
179.17,1.1371767073560243e-10,5.514189385759199e-11
179.18,1.1223683799190794e-10,5.583304252778678e-11
179.19,1.1075364228236875e-10,5.651990094559647e-11
179.2,1.0926814581353146e-10,5.720244892044894e-11
179.21,1.0778041026203091e-10,5.788066655861047e-11
179.22,1.0629049762422043e-10,5.855453430282334e-11
179.23,1.0479846955133801e-10,5.922403245318714e-11
179.24,1.033043883200788e-10,5.988914216023678e-11
179.25,1.0180831535817472e-10,6.054984435816652e-11
179.26,1.0031031261192321e-10,6.120612040919068e-11
179.27,9.881044155111955e-11,6.1857951648292e-11
179.28,9.730876400459947e-11,6.250532013565852e-11
179.29,9.580534192785848e-11,6.314820777128975e-11
179.3,9.430023672300777e-11,6.37865968426427e-11
179.31,9.279351005109582e-11,6.442046986051442e-11
179.32,9.128522350512388e-11,6.50498095741386e-11
179.33,8.977543868073664e-11,6.567459898966226e-11
179.34,8.826421702330563e-11,6.629482129596325e-11
179.35,8.675162045472344e-11,6.691045985015867e-11
179.36,8.52377088367839e-11,6.752149886396404e-11
179.37,8.372254509271235e-11,6.812792177979973e-11
179.38,8.220619004614519e-11,6.872971295957618e-11
179.39,8.068870480756162e-11,6.93268568410582e-11
179.4,7.917015077003517e-11,6.99193381962851e-11
179.41,7.765058873226117e-11,7.050714180117126e-11
179.42,7.613007970263755e-11,7.109025303372796e-11
179.43,7.460868570703268e-11,7.166865698863471e-11
179.44,7.308646656125868e-11,7.224233942928422e-11
179.45,7.156348330121815e-11,7.281128670931433e-11
179.46,7.003979696100184e-11,7.337548437154424e-11
179.47,6.85154680814875e-11,7.393491907915931e-11
179.48,6.699055749369945e-11,7.448957741787098e-11
179.49,6.546512549967968e-11,7.503944622406323e-11
179.5,6.393923289712745e-11,7.558451264514337e-11
179.51,6.241293988782102e-11,7.612476406598967e-11
179.52,6.088630681929369e-11,7.666018803414152e-11
179.53,5.935939326209123e-11,7.719077220730476e-11
179.54,5.783226121718733e-11,7.77165052064258e-11
179.55,5.630496908148682e-11,7.823737499878319e-11
179.56,5.4777577242068933e-11,7.875337012217896e-11
179.57,5.325014543104764e-11,7.926447949311726e-11
179.58,5.1722733613769033e-11,7.977069206444564e-11
179.59,5.019540139829658e-11,8.027199729479083e-11
179.6,4.866820831085212e-11,8.076838459113646e-11
179.61,4.7141213787727504e-11,8.125984386348043e-11
179.62,4.561447728436088e-11,8.174636494555434e-11
179.63,4.408805772018172e-11,8.222793855372975e-11
179.64,4.256201470141116e-11,8.27045546275844e-11
179.65,4.103640700708448e-11,8.317620422448079e-11
179.66,3.9511293271873347e-11,8.364287834837815e-11
179.67,3.798673265828363e-11,8.410456820612017e-11
179.68,3.646278374393555e-11,8.456126524151712e-11
179.69,3.493950481573294e-11,8.501296126630442e-11
179.7,3.3416954566952886e-11,8.545964817056403e-11
179.71,3.189519075538024e-11,8.590131802241174e-11
179.72,3.0374272687832556e-11,8.633796369402161e-11
179.73,2.8854257426817623e-11,8.676957754067301e-11
179.74,2.7335202956078153e-11,8.719615250760512e-11
179.75,2.5817167290833347e-11,8.761768185495399e-11
179.76,2.430020792440092e-11,8.803415892002343e-11
179.77,2.278438229050709e-11,8.844557740832374e-11
179.78,2.126974787369299e-11,8.885193120473571e-11
179.79,1.9756361886582838e-11,8.92532144560329e-11
179.8,1.8244281460425398e-11,8.964942143006525e-11
179.81,1.6733563083768172e-11,9.004054682140754e-11
179.82,1.5224263717267265e-11,9.042658544432452e-11
179.83,1.3716440145742468e-11,9.080753238339898e-11
179.84,1.2210149079541461e-11,9.118338296663222e-11
179.85,1.070544620271585e-11,9.15541327653366e-11
179.86,9.20238789986282e-12,9.191977760782728e-11
179.87,7.701030286110809e-12,9.228031336898066e-11
179.88,6.201429145757245e-12,9.263573646273239e-11
179.89,4.7036406921484504e-12,9.298604332104782e-11
179.9,3.2077186576055166e-12,9.333123080033511e-11
179.91,1.7137202286486876e-12,9.367129574895473e-11
179.92,2.21699962266783e-13,9.400623547459128e-11
179.93,-1.2682873851419996e-12,9.433604722026667e-11
179.94,-2.756186476486812e-12,9.466072894394561e-11
179.95,-4.241943167185486e-12,9.498027841725115e-11
179.96,-5.725502805970344e-12,9.529469361604408e-11
179.97,-7.206811002921917e-12,9.560397325724391e-11
179.98,-8.685813170624183e-12,9.590811600069417e-11
179.99,-1.016245682837243e-11,9.620711992429762e-11
180.0,-1.1636686687268962e-11,9.650098491598378e-11
180.01,-1.3108449877166454e-11,9.67897100120491e-11
180.02,-1.4577692846518934e-11,9.707329475451405e-11
180.03,-1.6044362520850743e-11,9.735173884313487e-11
180.04,-1.7508405749600134e-11,9.762504234939096e-11
180.05,-1.8969769680965873e-11,9.789320547640583e-11
180.06,-2.0428401883592532e-11,9.815622863340601e-11
180.07,-2.1884248822689054e-11,9.841411280042174e-11
180.08,-2.333726106347159e-11,9.866685809198443e-11
180.09,-2.4787384016852488e-11,9.891446642897609e-11
180.1,-2.623456658122015e-11,9.915693884423034e-11
180.11,-2.767875693551073e-11,9.939427700608586e-11
180.12,-2.9119903990372963e-11,9.962648264270714e-11
180.13,-3.055795637354512e-11,9.985355788491396e-11
180.14,-3.1992863201116477e-11,1.0007550487686199e-10
180.15,-3.3424573373518455e-11,1.0029232622642301e-10
180.16,-3.485303695978196e-11,1.0050402449143411e-10
180.17,-3.627820244892012e-11,1.0071060264077796e-10
180.18,-3.770002098163259e-11,1.0091206382699552e-10
180.19,-3.911844119089582e-11,1.0110841150651524e-10
180.2,-4.05334144621183e-11,1.0129964913581211e-10
180.21,-4.194489085965482e-11,1.0148578058895893e-10
180.22,-4.335282117687924e-11,1.016668098328448e-10
180.23,-4.475715621724842e-11,1.0184274112257436e-10
180.24,-4.615784738833889e-11,1.0201357893301456e-10
180.25,-4.755484556138612e-11,1.0217932778088337e-10
180.26,-4.894810312071675e-11,1.0233999306511985e-10
180.27,-5.033757107588964e-11,1.0249557932524003e-10
180.28,-5.1723201932368786e-11,1.026460921578733e-10
180.29,-5.310494774849967e-11,1.0279153704043545e-10
180.3,-5.448276152388933e-11,1.0293191956558115e-10
180.31,-5.5856595316520184e-11,1.0306724592458826e-10
180.32,-5.72264026482912e-11,1.0319752218714775e-10
180.33,-5.85921365376026e-11,1.0332275473436609e-10
180.34,-5.995374973221715e-11,1.0344295022799046e-10
180.35,-6.13111977994671e-11,1.035581153440522e-10
180.36,-6.266443309393479e-11,1.0366825715501446e-10
180.37,-6.401341018313675e-11,1.037733828445853e-10
180.38,-6.535808344658825e-11,1.0387349998002963e-10
180.39,-6.669840806716046e-11,1.0396861593417746e-10
180.4,-6.803433841429766e-11,1.0405873878461427e-10
180.41,-6.93658296143081e-11,1.0414387643378488e-10
180.42,-7.06928374655707e-11,1.0422403713934134e-10
180.43,-7.201531763790851e-11,1.0429922934425703e-10
180.44,-7.333322563123443e-11,1.043694617590535e-10
180.45,-7.464651796206334e-11,1.0443474321275451e-10
180.46,-7.595515115617364e-11,1.0449508263898629e-10
180.47,-7.725908171695536e-11,1.045504895493816e-10
180.48,-7.85582660612696e-11,1.0460097311671713e-10
180.49,-7.985266244461823e-11,1.0464654304670454e-10
180.5,-8.11422276740625e-11,1.0468720927201854e-10
180.51,-8.242691966421054e-11,1.0472298177567057e-10
180.52,-8.370669622873635e-11,1.0475387074573129e-10
180.53,-8.498151587222259e-11,1.0477988676076198e-10
180.54,-8.625133705205238e-11,1.0480104027085654e-10
180.55,-8.751611828306805e-11,1.0481734222139649e-10
180.56,-8.877581973286009e-11,1.0482880318522448e-10
180.57,-9.003039814382207e-11,1.048354353753911e-10
180.58,-9.127981548454592e-11,1.0483724919180484e-10
180.59,-9.252403094370639e-11,1.0483425656739021e-10
180.6,-9.37630044817196e-11,1.0482646924529184e-10
180.61,-9.499669668444558e-11,1.0481389916789207e-10
180.62,-9.622506800565499e-11,1.0479655845394871e-10
180.63,-9.74480795934922e-11,1.047744594617283e-10
180.64,-9.866569253716423e-11,1.0474761466553568e-10
180.65,-9.98778677312196e-11,1.0471603685735435e-10
180.66,-1.0108456901105521e-10,1.0467973855683616e-10
180.67,-1.0228575620616269e-10,1.0463873323858894e-10
180.68,-1.0348139301471836e-10,1.045930338025109e-10
180.69,-1.0467144071143334e-10,1.0454265401686716e-10
180.7,-1.0585586349200874e-10,1.0448760714660109e-10
180.71,-1.0703462406532219e-10,1.0442790702517148e-10
180.72,-1.0820768567731532e-10,1.0436356771509092e-10
180.73,-1.0937501243610993e-10,1.0429460328123067e-10
180.74,-1.1053656803009247e-10,1.0422102792642706e-10
180.75,-1.1169231737776425e-10,1.041428561043274e-10
180.76,-1.1284222444098841e-10,1.0406010259658849e-10
180.77,-1.1398625440785364e-10,1.0397278211255786e-10
180.78,-1.1512437263986354e-10,1.0388090959702001e-10
180.79,-1.16256544133252e-10,1.0378450023408903e-10
180.8,-1.1738273494719348e-10,1.0368356941719472e-10
180.81,-1.1850291146110673e-10,1.0357813243644957e-10
180.82,-1.1961703961178273e-10,1.0346820510741881e-10
180.83,-1.2072508590972065e-10,1.033538032241147e-10
180.84,-1.2182701809218667e-10,1.0323494252824692e-10
180.85,-1.2292280261373141e-10,1.0311163944513014e-10
180.86,-1.240124073699455e-10,1.0298391017243373e-10
180.87,-1.250957998499001e-10,1.0285177114583545e-10
180.88,-1.261729485698194e-10,1.0271523890090279e-10
180.89,-1.2724382190137891e-10,1.0257433036308023e-10
180.9,-1.2830838838290043e-10,1.0242906241293262e-10
180.91,-1.2936661734616826e-10,1.0227945203072325e-10
180.92,-1.304184779747421e-10,1.0212551652846128e-10
180.93,-1.3146393954892536e-10,1.0196727361806751e-10
180.94,-1.3250297263740358e-10,1.0180474028280255e-10
180.95,-1.3353554697172506e-10,1.016379345917342e-10
180.96,-1.345616336093287e-10,1.0146687421634794e-10
180.97,-1.3558120272880702e-10,1.0129157726839433e-10
180.98,-1.365942260786161e-10,1.011120618598953e-10
180.99,-1.3760067474413725e-10,1.0092834629631985e-10
181.0,-1.386005209398441e-10,1.0074044895403976e-10
181.01,-1.395937361375963e-10,1.0054838853338933e-10
181.02,-1.4058029271762455e-10,1.0035218370374064e-10
181.03,-1.415601640985385e-10,1.001518532406042e-10
181.04,-1.4253332269210664e-10,9.994741626157853e-11
181.05,-1.434997419930735e-10,9.973889193033794e-11
181.06,-1.4445939530301596e-10,9.952629953001645e-11
181.07,-1.4541225703616296e-10,9.930965842409113e-11
181.08,-1.463583009897033e-10,9.908898824516304e-11
181.09,-1.4729750206452246e-10,9.886430864526226e-11
181.1,-1.4822983487122874e-10,9.86356394171288e-11
181.11,-1.4915527457314999e-10,9.84030007736701e-11
181.12,-1.5007379662200746e-10,9.81664125045126e-11
181.13,-1.5098537720984013e-10,9.79258950000005e-11
181.14,-1.5188999241054173e-10,9.76814686027109e-11
181.15,-1.5278761749034642e-10,9.743315371026853e-11
181.16,-1.5367823052116055e-10,9.718097106609727e-11
181.17,-1.5456180815821826e-10,9.692494133063443e-11
181.18,-1.554383274163601e-10,9.666508546976502e-11
181.19,-1.5630776623838173e-10,9.640142438743586e-11
181.2,-1.5717010291252195e-10,9.613397912737806e-11
181.21,-1.5802531520096256e-10,9.586277098734143e-11
181.22,-1.5887338207179185e-10,9.558782139818418e-11
181.23,-1.5971428206391073e-10,9.530915195954524e-11
181.24,-1.6054799528159587e-10,9.502678367707598e-11
181.25,-1.6137450051705216e-10,9.474073881686651e-11
181.26,-1.621937778255499e-10,9.445103903029683e-11
181.27,-1.6300580744728743e-10,9.415770623541799e-11
181.28,-1.6381056982599486e-10,9.386076249414886e-11
181.29,-1.6460804603041332e-10,9.356022999745466e-11
181.3,-1.65398217063138e-10,9.325613088917061e-11
181.31,-1.6618106456019332e-10,9.294848763273156e-11
181.32,-1.6695656981677038e-10,9.263732256312605e-11
181.33,-1.677247158276126e-10,9.232265877040408e-11
181.34,-1.6848548427691392e-10,9.20045183750899e-11
181.35,-1.6923885803741398e-10,9.168292442025546e-11
181.36,-1.69984820345406e-10,9.135789979825265e-11
181.37,-1.707233545882479e-10,9.102946745839992e-11
181.38,-1.7145444438982894e-10,9.069765052669938e-11
181.39,-1.7217807417734058e-10,9.036247216480163e-11
181.4,-1.728942274668632e-10,9.002395580009242e-11
181.41,-1.7360288999774177e-10,8.968212473692679e-11
181.42,-1.7430404522038005e-10,8.933700245792653e-11
181.43,-1.7499767994019416e-10,8.898861256685251e-11
181.44,-1.7568377911369758e-10,8.863697873297684e-11
181.45,-1.763623289724575e-10,8.828212469439836e-11
181.46,-1.7703331552426507e-10,8.792407438260014e-11
181.47,-1.7769672555409924e-10,8.756285165945699e-11
181.48,-1.7835254551356695e-10,8.719848071812097e-11
181.49,-1.7900076336988067e-10,8.683098541301388e-11
181.5,-1.7964136501320203e-10,8.64603904532263e-11
181.51,-1.8027434170098664e-10,8.608671924678088e-11
181.52,-1.8089967836131657e-10,8.570999703905967e-11
181.53,-1.8151736481236357e-10,8.533024781030141e-11
181.54,-1.8212738955293607e-10,8.494749626863213e-11
181.55,-1.8272974195554012e-10,8.456176688761355e-11
181.56,-1.833244111260801e-10,8.417308456145211e-11
181.57,-1.8391138740496994e-10,8.378147397997757e-11
181.58,-1.8449066043743272e-10,8.338695989884649e-11
181.59,-1.8506222067814075e-10,8.298956734210624e-11
181.6,-1.8562605929155422e-10,8.258932112690968e-11
181.61,-1.8618216693209097e-10,8.218624644925909e-11
181.62,-1.867305348919976e-10,8.178036849027823e-11
181.63,-1.8727115516524788e-10,8.137171221730609e-11
181.64,-1.878040196014807e-10,8.096030310462516e-11
181.65,-1.8832912061896405e-10,8.05461663846525e-11
181.66,-1.8884645067685447e-10,8.012932747959097e-11
181.67,-1.8935600294330019e-10,7.970981182877197e-11
181.68,-1.8985777041926406e-10,7.928764500741938e-11
181.69,-1.903517469945082e-10,7.886285253475924e-11
181.7,-1.9083792657169367e-10,7.843546006735027e-11
181.71,-1.9131630312938191e-10,7.80054933358876e-11
181.72,-1.9178687144553266e-10,7.757297799522411e-11
181.73,-1.9224962635541344e-10,7.713793996430624e-11
181.74,-1.927045628197143e-10,7.67004050368976e-11
181.75,-1.9315167641116324e-10,7.626039919933453e-11
181.76,-1.9359096335251713e-10,7.581794825564896e-11
181.77,-1.9402241904189404e-10,7.537307851888775e-11
181.78,-1.9444604035167563e-10,7.492581580603805e-11
181.79,-1.9486182380857733e-10,7.447618630572676e-11
181.8,-1.9526976683229863e-10,7.402421621633987e-11
181.81,-1.9566986624387018e-10,7.356993172690973e-11
181.82,-1.9606212013635713e-10,7.311335905656142e-11
181.83,-1.9644652627543685e-10,7.265452458852885e-11
181.84,-1.9682308327530962e-10,7.219345462810153e-11
181.85,-1.971917895143761e-10,7.173017549576113e-11
181.86,-1.9755264295293876e-10,7.126471405115357e-11
181.87,-1.9790564561415964e-10,7.079709556941764e-11
181.88,-1.982507944582864e-10,7.032734770733521e-11
181.89,-1.9858808963520516e-10,6.985549663705912e-11
181.9,-1.9891753228044193e-10,6.938156896101834e-11
181.91,-1.9923912212038076e-10,6.890559113791071e-11
181.92,-1.9955286016253626e-10,6.842758992717625e-11
181.93,-1.9985874741323253e-10,6.794759189476548e-11
181.94,-2.001567852802377e-10,6.746562379172366e-11
181.95,-2.0044697531851994e-10,6.698171266842789e-11
181.96,-2.0072932017599305e-10,6.649588409188779e-11
181.97,-2.0100382133836413e-10,6.600816608743929e-11
181.98,-2.0127048164940823e-10,6.551858502383443e-11
181.99,-2.015293041668741e-10,6.502716760855006e-11
182.0,-2.0178029195709255e-10,6.453394083059856e-11
182.01,-2.0202344844758556e-10,6.403893152306561e-11
182.02,-2.0225877772528958e-10,6.35421663886548e-11
182.03,-2.024862836007161e-10,6.304367256314655e-11
182.04,-2.0270597064298218e-10,6.254347691229039e-11
182.05,-2.0291784351022347e-10,6.204160622460417e-11
182.06,-2.031219073916101e-10,6.153808741150147e-11
182.07,-2.03318167190568e-10,6.103294761965208e-11
182.08,-2.0350662874105063e-10,6.052621376208982e-11
182.09,-2.0368729795332703e-10,6.001791264326144e-11
182.1,-2.038601810114568e-10,5.950807145193357e-11
182.11,-2.040252843642404e-10,5.899671714559254e-11
182.12,-2.041826147229135e-10,5.848387660248847e-11
182.13,-2.0433217903353378e-10,5.7969576840331546e-11
182.14,-2.0447398515907346e-10,5.745384522018481e-11
182.15,-2.046080403542772e-10,5.6936708328734686e-11
182.16,-2.0473435251080293e-10,5.6418193295865265e-11
182.17,-2.0485292991790371e-10,5.589832714914138e-11
182.18,-2.0496378142485047e-10,5.537713701141161e-11
182.19,-2.0506691538555783e-10,5.4854649725665394e-11
182.2,-2.051623411546539e-10,5.4330892398460125e-11
182.21,-2.0525006797064295e-10,5.3805892001470766e-11
182.22,-2.0533010565520186e-10,5.327967584061954e-11
182.23,-2.054024640984889e-10,5.275227008152758e-11
182.24,-2.0546715330154995e-10,5.222370270653038e-11
182.25,-2.055241841944594e-10,5.169399997760692e-11
182.26,-2.055735673998936e-10,5.116318913873509e-11
182.27,-2.0561531404802415e-10,5.063129723107877e-11
182.28,-2.0564943517871232e-10,5.0098351135519725e-11
182.29,-2.056759429727525e-10,4.9564377735577205e-11
182.3,-2.056948488717946e-10,4.9029403942650705e-11
182.31,-2.0570616565594418e-10,4.849345670661775e-11
182.32,-2.0570990480324594e-10,4.7956562899315616e-11
182.33,-2.057060799039396e-10,4.741874927004586e-11
182.34,-2.0569470379895925e-10,4.6880042910876985e-11
182.35,-2.0567578940244286e-10,4.634047042648925e-11
182.36,-2.0564935135487618e-10,4.5800058699067565e-11
182.37,-2.056154024300296e-10,4.525883447851013e-11
182.38,-2.0557395680461466e-10,4.4716824685302585e-11
182.39,-2.055250292794406e-10,4.417405583887971e-11
182.4,-2.054686342948265e-10,4.3630554740454356e-11
182.41,-2.054047869373101e-10,4.3086348035511854e-11
182.42,-2.0533350216957184e-10,4.254146235488769e-11
182.43,-2.0525479570359923e-10,4.199592433577697e-11
182.44,-2.0516868280004152e-10,4.1449760524176774e-11
182.45,-2.0507517981863705e-10,4.090299793692118e-11
182.46,-2.0497430299773006e-10,4.035566239799085e-11
182.47,-2.0486606855210187e-10,3.98077808020653e-11
182.48,-2.0475049349376172e-10,3.9259379420197766e-11
182.49,-2.046275948668494e-10,3.871048484711845e-11
182.5,-2.044973895663222e-10,3.816112335205013e-11
182.51,-2.0435989580090437e-10,3.7611321200719285e-11
182.52,-2.0421513051961417e-10,3.706110493945205e-11
182.53,-2.0406311219587467e-10,3.651050054103411e-11
182.54,-2.0390385961516458e-10,3.595953445962906e-11
182.55,-2.0373739050037232e-10,3.540823273794187e-11
182.56,-2.035637240277923e-10,3.485662171501242e-11
182.57,-2.0338287924896675e-10,3.430472715050398e-11
182.58,-2.0319487517269952e-10,3.3752575429537696e-11
182.59,-2.0299973171447188e-10,3.3200192237153e-11
182.6,-2.0279746851311094e-10,3.264760372681589e-11
182.61,-2.0258810561494637e-10,3.209483571412237e-11
182.62,-2.0237166386261877e-10,3.1541913665223755e-11
182.63,-2.0214816182886898e-10,3.0988864597171965e-11
182.64,-2.019176223440777e-10,3.0435713005911886e-11
182.65,-2.016800660514344e-10,2.9882485013351766e-11
182.66,-2.0143551326449448e-10,2.932920629828275e-11
182.67,-2.0118398629621504e-10,2.8775902315507872e-11
182.68,-2.0092550650044414e-10,2.822259871000359e-11
182.69,-2.0066009593624905e-10,2.7669320907520285e-11
182.7,-2.0038777684634367e-10,2.7116094361593348e-11
182.71,-2.0010857120719163e-10,2.656294429484903e-11
182.72,-1.998225024587454e-10,2.6009896174732215e-11
182.73,-1.9952959282592023e-10,2.5456975118905423e-11
182.74,-1.992298655710183e-10,2.4904206159154016e-11
182.75,-1.9892334406408084e-10,2.4351614692119257e-11
182.76,-1.9861005186481933e-10,2.379922560973749e-11
182.77,-1.9829001266427882e-10,2.324706367995719e-11
182.78,-1.979632506745983e-10,2.2695154219805257e-11
182.79,-1.9762978985727468e-10,2.2143521693460547e-11
182.8,-1.9728965492270203e-10,2.1592191217488105e-11
182.81,-1.9694287023052778e-10,2.1041187031895134e-11
182.82,-1.9658946081745037e-10,2.0490534143663982e-11
182.83,-1.9622945191369014e-10,1.9940256983075905e-11
182.84,-1.958628686521954e-10,1.939037999962717e-11
182.85,-1.9548973655025077e-10,1.8840927690214323e-11
182.86,-1.951100815653638e-10,1.8291924328280357e-11
182.87,-1.947239293016146e-10,1.7743394198717288e-11
182.88,-1.9433130628722273e-10,1.719536149950356e-11
182.89,-1.9393223906617502e-10,1.664784998794998e-11
182.9,-1.9352675296400023e-10,1.6100884664431726e-11
182.91,-1.9311487607613925e-10,1.5554488559036763e-11
182.92,-1.9269663492422986e-10,1.5008685826407042e-11
182.93,-1.9227205704889425e-10,1.4463500225145302e-11
182.94,-1.9184116925759366e-10,1.3918955527360692e-11
182.95,-1.9140399945633315e-10,1.3375075346995693e-11
182.96,-1.9096057538319717e-10,1.2831883226008217e-11
182.97,-1.9051092498983815e-10,1.2289402660568521e-11
182.98,-1.9005507683482794e-10,1.1747657019074067e-11
182.99,-1.8959305841003796e-10,1.1206669409394911e-11
183.0,-1.891248990903263e-10,1.0666463252295742e-11
183.01,-1.8865062732739263e-10,1.0127061664670816e-11
183.02,-1.8817027204817423e-10,9.588487573410297e-12
183.03,-1.8768386262266994e-10,9.05076392386802e-12
183.04,-1.8719142801298136e-10,8.513913662812998e-12
183.05,-1.866929979320619e-10,7.977959437058663e-12
183.06,-1.861886020575844e-10,7.442924001616056e-12
183.07,-1.8567827016780956e-10,6.908829761658799e-12
183.08,-1.8516203266105692e-10,6.375699511962717e-12
183.09,-1.8463991922531514e-10,5.8435556662846515e-12
183.1,-1.8411196055562732e-10,5.3124197837760704e-12
183.11,-1.8357818762857767e-10,4.7823146104006575e-12
183.12,-1.8303863030908577e-10,4.253262660053836e-12
183.13,-1.8249332033922616e-10,3.725285250730251e-12
183.14,-1.8194228846796368e-10,3.1984044437740897e-12
183.15,-1.8138556581706352e-10,2.6726423073862668e-12
183.16,-1.808231840287132e-10,2.1480203402689368e-12
183.17,-1.8025517507591853e-10,1.6245601318007758e-12
183.18,-1.796815702942356e-10,1.102283206217984e-12
183.19,-1.7910240160890356e-10,5.8121111332541e-13
183.2,-1.7851770085821336e-10,6.13651489791619e-14
183.21,-1.7792750129374833e-10,-4.572339467293906e-13
183.22,-1.773318346276225e-10,-9.74564536768096e-13
183.23,-1.76730733400418e-10,-1.4906058788124e-12
183.24,-1.761242304518204e-10,-2.0053369600309114e-12
183.25,-1.755123587861081e-10,-2.5187372285704712e-12
183.26,-1.7489515140981992e-10,-3.0307857064591616e-12
183.27,-1.7427264147213487e-10,-3.541461992819959e-12
183.28,-1.736448623353986e-10,-4.050745741565153e-12
183.29,-1.7301184724838033e-10,-4.558616577082354e-12
183.3,-1.7237363066026276e-10,-5.065053924497746e-12
183.31,-1.7173024559371903e-10,-5.5700380804245916e-12
183.32,-1.7108172611528136e-10,-6.073548844269809e-12
183.33,-1.704281065387694e-10,-6.575566299286987e-12
183.34,-1.6976942068513173e-10,-7.076070718637678e-12
183.35,-1.691057034295846e-10,-7.575042340675145e-12
183.36,-1.684369890604038e-10,-8.07246172443183e-12
183.37,-1.6776331179302938e-10,-8.56830930600685e-12
183.38,-1.670847071859569e-10,-9.062565751707222e-12
183.39,-1.6640120915148945e-10,-9.555211953558994e-12
183.4,-1.657128533261699e-10,-1.0046228772030116e-11
183.41,-1.6501967514582338e-10,-1.0535597088391946e-11
183.42,-1.6432170936125992e-10,-1.1023298128690618e-11
183.43,-1.6361899162420005e-10,-1.1509313166624613e-11
183.44,-1.629115573555792e-10,-1.1993623554067349e-11
183.45,-1.6219944224882205e-10,-1.2476210751945098e-11
183.46,-1.6148268212303953e-10,-1.2957056311033014e-11
183.47,-1.6076131294901881e-10,-1.3436142324756346e-11
183.48,-1.6003537042541405e-10,-1.3913449886299428e-11
183.49,-1.5930489110121138e-10,-1.438896155273586e-11
183.5,-1.585699109641178e-10,-1.4862659317647205e-11
183.51,-1.5783046647490694e-10,-1.5334525309060392e-11
183.52,-1.5708659396109313e-10,-1.5804541894613944e-11
183.53,-1.5633833048011272e-10,-1.6272691517597374e-11
183.54,-1.5558571188894414e-10,-1.673895679453323e-11
183.55,-1.5482877557805467e-10,-1.7203320381153226e-11
183.56,-1.5406755839441803e-10,-1.7665765100601965e-11
183.57,-1.5330209742228306e-10,-1.8126273967155815e-11
183.58,-1.5253242946468865e-10,-1.8584830099007324e-11
183.59,-1.5175859209033902e-10,-1.904141656818405e-11
183.6,-1.5098062222974188e-10,-1.9496016673943354e-11
183.61,-1.5019855750936704e-10,-1.9948614075278965e-11
183.62,-1.4941243530775546e-10,-2.0399192097721916e-11
183.63,-1.486222934520638e-10,-2.0847734999519394e-11
183.64,-1.4782816943315945e-10,-2.129422603745437e-11
183.65,-1.4703010065968162e-10,-2.1738649389962392e-11
183.66,-1.4622812616083187e-10,-2.2180989202925557e-11
183.67,-1.4542228273182852e-10,-2.2621229640411257e-11
183.68,-1.446126087834769e-10,-2.30593551640634e-11
183.69,-1.4379914257103467e-10,-2.349535024858765e-11
183.7,-1.4298192210477816e-10,-2.392919943448298e-11
183.71,-1.4216098587395835e-10,-2.4360887597627765e-11
183.72,-1.4133637202840282e-10,-2.4790399566282183e-11
183.73,-1.4050811899678283e-10,-2.5217720341142956e-11
183.74,-1.396762653598147e-10,-2.5642835176769172e-11
183.75,-1.3884084981702043e-10,-2.6065729165457927e-11
183.76,-1.3800191095496124e-10,-2.648638798530317e-11
183.77,-1.3715948779596927e-10,-2.6904797179696912e-11
183.78,-1.3631361826119453e-10,-2.732094213277814e-11
183.79,-1.354643419991857e-10,-2.773480898111432e-11
183.8,-1.3461169787580307e-10,-2.8146383522906457e-11
183.81,-1.337557245488256e-10,-2.8555652000494085e-11
183.82,-1.3289646143748393e-10,-2.8962600568010908e-11
183.83,-1.3203394699013085e-10,-2.936721585970367e-11
183.84,-1.3116822193976579e-10,-2.976948354639703e-11
183.85,-1.3029932381756927e-10,-3.0169391211259364e-11
183.86,-1.294272926621462e-10,-3.056692505479786e-11
183.87,-1.2855216784861527e-10,-3.096207247245805e-11
183.88,-1.2767398852268955e-10,-3.1354820180768475e-11
183.89,-1.267927943537019e-10,-3.1745155414395336e-11
183.9,-1.2590862468008057e-10,-3.2133065589202717e-11
183.91,-1.2502151909147015e-10,-3.251853819261415e-11
183.92,-1.2413151690384535e-10,-3.290156025012054e-11
183.93,-1.2323865891116157e-10,-3.328212092240466e-11
183.94,-1.2234298342303685e-10,-3.366020675501747e-11
183.95,-1.2144453078523644e-10,-3.403580625368791e-11
183.96,-1.2054334063985444e-10,-3.4408907542717365e-11
183.97,-1.1963945268473115e-10,-3.477949904749238e-11
183.98,-1.1873290691412055e-10,-3.514756904269998e-11
183.99,-1.1782374320253658e-10,-3.551310626065939e-11
184.0,-1.169120012753826e-10,-3.587609929548531e-11
184.01,-1.159977211940018e-10,-3.623653706622448e-11
184.02,-1.1508094308205771e-10,-3.659440869354276e-11
184.03,-1.1416170686515209e-10,-3.6949703187556414e-11
184.04,-1.1324005196712594e-10,-3.73024099295322e-11
184.05,-1.1231601927937675e-10,-3.765251828194562e-11
184.06,-1.1138964825503713e-10,-3.8000017893820294e-11
184.07,-1.1046097937813856e-10,-3.8344898424068045e-11
184.08,-1.0953005252207793e-10,-3.8687149786839906e-11
184.09,-1.0859690793539756e-10,-3.90267619643977e-11
184.1,-1.0766158603238141e-10,-3.9363725047094286e-11
184.11,-1.0672412592632119e-10,-3.9698029532329016e-11
184.12,-1.057845688405558e-10,-4.002966551264189e-11
184.13,-1.0484295462625684e-10,-4.035862382032808e-11
184.14,-1.0389932347507653e-10,-4.068489514825947e-11
184.15,-1.0295371568202852e-10,-4.1008470189507206e-11
184.16,-1.0200617107896411e-10,-4.132934018196251e-11
184.17,-1.0105673013250301e-10,-4.164749615864591e-11
184.18,-1.0010543331086919e-10,-4.196292936799978e-11
184.19,-9.915232023472918e-11,-4.227563159333887e-11
184.2,-9.819743192550446e-11,-4.258559348595381e-11
184.21,-9.724080781174282e-11,-4.28928077069405e-11
184.22,-9.62824885823174e-11,-4.3197265769580034e-11
184.23,-9.532251427012648e-11,-4.349895974160018e-11
184.24,-9.436092513901019e-11,-4.379788173715681e-11
184.25,-9.339776128662059e-11,-4.409402402260246e-11
184.26,-9.243306300543318e-11,-4.4387379143403295e-11
184.27,-9.146687041434982e-11,-4.467793956729438e-11
184.28,-9.049922359286989e-11,-4.496569806935789e-11
184.29,-8.953016318359869e-11,-4.5250647581660564e-11
184.3,-8.855972864330961e-11,-4.553278092406423e-11
184.31,-8.75879605382453e-11,-4.581209157932437e-11
184.32,-8.661489885178613e-11,-4.608857260606328e-11
184.33,-8.564058356199636e-11,-4.6362217491954705e-11
184.34,-8.466505487898554e-11,-4.663301983774579e-11
184.35,-8.368835260811318e-11,-4.690097338887698e-11
184.36,-8.271051713013111e-11,-4.716607206530184e-11
184.37,-8.173158829818363e-11,-4.7428309915188414e-11
184.38,-8.075160582931155e-11,-4.7687680925498335e-11
184.39,-7.977060992602293e-11,-4.79441795644711e-11
184.4,-7.878864040277295e-11,-4.819780028083312e-11
184.41,-7.780573627194467e-11,-4.84485373809756e-11
184.42,-7.682193985889888e-11,-4.8696386272917346e-11
184.43,-7.583728880961836e-11,-4.8941341373562875e-11
184.44,-7.485182323622683e-11,-4.9183397686692814e-11
184.45,-7.38655830208952e-11,-4.9422550460445585e-11
184.46,-7.287860786076752e-11,-4.9658794998296953e-11
184.47,-7.189093753593937e-11,-4.9892126902915926e-11
184.48,-7.090261143455715e-11,-5.0122541625372024e-11
184.49,-6.991366932768376e-11,-5.035003493776497e-11
184.5,-6.892415060766117e-11,-5.057460265029738e-11
184.51,-6.793409480830762e-11,-5.079624117437138e-11
184.52,-6.694354123304697e-11,-5.101494616714664e-11
184.53,-6.595252930989115e-11,-5.123071426210286e-11
184.54,-6.496109838639293e-11,-5.144354181859448e-11
184.55,-6.396928800447425e-11,-5.1653425505052413e-11
184.56,-6.297713671812867e-11,-5.1860361950079015e-11
184.57,-6.198468411423997e-11,-5.206434811011496e-11
184.58,-6.099196938516914e-11,-5.2265381061546826e-11
184.59,-5.999903113543938e-11,-5.2463457905564924e-11
184.6,-5.900590898995779e-11,-5.265857601077706e-11
184.61,-5.8012641530030726e-11,-5.2850732709782726e-11
184.62,-5.7019267441303245e-11,-5.3039925774111406e-11
184.63,-5.602582563238953e-11,-5.322615285371971e-11
184.64,-5.5032355082185446e-11,-5.340941176568112e-11
184.65,-5.403889393506509e-11,-5.3589700590349666e-11
184.66,-5.3045481346486296e-11,-5.376701753630954e-11
184.67,-5.205215553329157e-11,-5.394136075944748e-11
184.68,-5.1058955169123655e-11,-5.411272886997041e-11
184.69,-5.0065918209575944e-11,-5.4281120247309787e-11
184.7,-4.9073083192837295e-11,-5.4446533756276596e-11
184.71,-4.808048823655871e-11,-5.4608968199625434e-11
184.72,-4.7088171977408496e-11,-5.4768422590039184e-11
184.73,-4.6096171970715346e-11,-5.4924896023245945e-11
184.74,-4.510452647263228e-11,-5.5078387895366595e-11
184.75,-4.4113273272100726e-11,-5.522889740782862e-11
184.76,-4.312245014287369e-11,-5.537642426753264e-11
184.77,-4.213209485332138e-11,-5.552096811246189e-11
184.78,-4.114224540831697e-11,-5.566252872590972e-11
184.79,-4.015293899794791e-11,-5.580110616060251e-11
184.8,-3.916421313621572e-11,-5.59367004436636e-11
184.81,-3.817610528253397e-11,-5.6069311789761847e-11
184.82,-3.718865310464186e-11,-5.619894073070721e-11
184.83,-3.6201893233843606e-11,-5.632558757452004e-11
184.84,-3.5215863071345373e-11,-5.644925301622829e-11
184.85,-3.4230599629479403e-11,-5.6569937898284044e-11
184.86,-3.3246139867743555e-11,-5.6687643228999915e-11
184.87,-3.226252066135913e-11,-5.6802369617939956e-11
184.88,-3.127977871531569e-11,-5.69141187144434e-11
184.89,-3.0297950695947834e-11,-5.7022891630565276e-11
184.9,-2.9317073131250795e-11,-5.712868992773449e-11
184.91,-2.833718220557454e-11,-5.7231515016527096e-11
184.92,-2.7358314879968626e-11,-5.733136870795081e-11
184.93,-2.6380506712630888e-11,-5.74282528812889e-11
184.94,-2.5403794208130604e-11,-5.7522169503643234e-11
184.95,-2.4428214321951108e-11,-5.7613120721412e-11
184.96,-2.345379998139442e-11,-5.770110853201366e-11
184.97,-2.2480589985309525e-11,-5.778613567692682e-11
184.98,-2.150861891575071e-11,-5.786820442255562e-11
184.99,-2.0537922581323516e-11,-5.794731745269072e-11
185.0,-1.9568536280322942e-11,-5.802347763911466e-11
185.01,-1.8600495426933874e-11,-5.8096687729588705e-11
185.02,-1.7633835057109915e-11,-5.816695078725548e-11
185.03,-1.666859080532325e-11,-5.823427009248935e-11
185.04,-1.5704797101436798e-11,-5.829864880829684e-11
185.05,-1.474248928773877e-11,-5.836009028459405e-11
185.06,-1.3781701743624856e-11,-5.841859819942373e-11
185.07,-1.2822469505985273e-11,-5.847417611945808e-11
185.08,-1.1864826889456056e-11,-5.852682810757044e-11
185.09,-1.090880834783345e-11,-5.857655745791299e-11
185.1,-9.954447931490846e-12,-5.862336881552666e-11
185.11,-9.001780049895206e-12,-5.86672661101108e-11
185.12,-8.050838752410561e-12,-5.870825365405805e-11
185.13,-7.101657831344293e-12,-5.874633584510691e-11
185.14,-6.154271037351277e-12,-5.87815173084531e-11
185.15,-5.2087121908189346e-12,-5.88138026854933e-11
185.16,-4.265014515075849e-12,-5.884319674136082e-11
185.17,-3.323210920475423e-12,-5.886970421190365e-11
185.18,-2.383336448254558e-12,-5.889333058828439e-11
185.19,-1.4454225607628454e-12,-5.891408064976041e-11
185.2,-5.095025224967534e-13,-5.893195971225119e-11
185.21,4.243907222419817e-13,-5.894697323944682e-11
185.22,1.3562239766001198e-12,-5.895912682120702e-11
185.23,2.2859654806785497e-12,-5.896842589930755e-11
185.24,3.2135823391122076e-12,-5.897487642900672e-11
185.25,4.139042421465218e-12,-5.89784841913398e-11
185.26,5.062313590530263e-12,-5.89792552994815e-11
185.27,5.9833636173132866e-12,-5.897719546703153e-11
185.28,6.902161164998231e-12,-5.897231139072223e-11
185.29,7.818673848981717e-12,-5.896460927768126e-11
185.3,8.732870455080386e-12,-5.895409549409609e-11
185.31,9.644720027355791e-12,-5.894077662661469e-11
185.32,1.0554190493771562e-11,-5.892465950882653e-11
185.33,1.146125112808316e-11,-5.89057508130105e-11
185.34,1.2365870883145283e-11,-5.888405749039828e-11
185.35,1.3268019333419519e-11,-5.885958656402093e-11
185.36,1.4167664737664088e-11,-5.88323452454738e-11
185.37,1.506477752949159e-11,-5.880234070547806e-11
185.38,1.5959327356926933e-11,-5.876958039805022e-11
185.39,1.6851283668321638e-11,-5.873407171396672e-11
185.4,1.7740616421236058e-11,-5.869582228795338e-11
185.41,1.8627295918046746e-11,-5.865483985202951e-11
185.42,1.9511292251004143e-11,-5.861113219207841e-11
185.43,2.0392575786059642e-11,-5.856470721757445e-11
185.44,2.1271118268980892e-11,-5.851557269450041e-11
185.45,2.214688746410486e-11,-5.846373754370458e-11
185.46,2.3019857083985512e-11,-5.840920920065732e-11
185.47,2.388999740039032e-11,-5.835199628596003e-11
185.48,2.4757279211017516e-11,-5.829210743466044e-11
185.49,2.562167432573668e-11,-5.822955093966199e-11
185.5,2.6483154289657768e-11,-5.816433568624072e-11
185.51,2.7341690598579598e-11,-5.8096470199772134e-11
185.52,2.819725511485154e-11,-5.80259635086864e-11
185.53,2.90498191058073e-11,-5.795282463357249e-11
185.54,2.989935761345601e-11,-5.787706250489146e-11
185.55,3.0745839900341473e-11,-5.779868647737674e-11
185.56,3.1589240495192344e-11,-5.771770554418474e-11
185.57,3.2429530145874546e-11,-5.7634129524677093e-11
185.58,3.3266683621476843e-11,-5.754796749609651e-11
185.59,3.410067287499875e-11,-5.745922925725691e-11
185.6,3.4931471535554874e-11,-5.736792448300003e-11
185.61,3.5759053158571794e-11,-5.7274062814271624e-11
185.62,3.6583390954852796e-11,-5.717765423115079e-11
185.63,3.740445895997381e-11,-5.7078708602457356e-11
185.64,3.8222230987951365e-11,-5.6977236123722827e-11
185.65,3.9036681094943725e-11,-5.687324685575683e-11
185.66,3.984778373255016e-11,-5.676675114162781e-11
185.67,4.065551285259419e-11,-5.665775924697613e-11
185.68,4.1459843753941154e-11,-5.654628177127972e-11
185.69,4.2260751080062707e-11,-5.6432328982340967e-11
185.7,4.3058209544253667e-11,-5.631591168449148e-11
185.71,4.3852194178980173e-11,-5.619704057093766e-11
185.72,4.4642681104558884e-11,-5.6075726377748134e-11
185.73,4.54296450757775e-11,-5.5951980139435494e-11
185.74,4.621306235965399e-11,-5.582581278083043e-11
185.75,4.699290802759042e-11,-5.5697235328181484e-11
185.76,4.776915897836812e-11,-5.556625896817061e-11
185.77,4.854179122210625e-11,-5.543289495628302e-11
185.78,4.9310781073514236e-11,-5.529715473127392e-11
185.79,5.0076105422869486e-11,-5.5159049485840623e-11
185.8,5.083774064239051e-11,-5.5018591056785014e-11
185.81,5.159566405291896e-11,-5.487579071704476e-11
185.82,5.234985285196818e-11,-5.473066030674836e-11
185.83,5.3100284404057404e-11,-5.4583211472603555e-11
185.84,5.3846935967920465e-11,-5.443345631813558e-11
185.85,5.458978575661411e-11,-5.42814064109884e-11
185.86,5.532881116021396e-11,-5.412707407324895e-11
185.87,5.6063990898871265e-11,-5.3970471142379894e-11
185.88,5.679530301330352e-11,-5.381160988922531e-11
185.89,5.7522726281340775e-11,-5.3650502610688016e-11
185.9,5.824623800488797e-11,-5.348716149542266e-11
185.91,5.896581889411695e-11,-5.3321598977732785e-11
185.92,5.968144718330584e-11,-5.3153827664614914e-11
185.93,6.039310236603059e-11,-5.298385993138807e-11
185.94,6.110076360982437e-11,-5.281170857470397e-11
185.95,6.180441089318852e-11,-5.263738607311055e-11
185.96,6.250402378540289e-11,-5.246090541891461e-11
185.97,6.319958260656788e-11,-5.2282279278827647e-11
185.98,6.389106748575904e-11,-5.2101520540870686e-11
185.99,6.457845866484726e-11,-5.191864260232751e-11
186.0,6.526173694051871e-11,-5.173365804751133e-11
186.01,6.594088309609037e-11,-5.154658025037057e-11
186.02,6.661587842024637e-11,-5.135742232807166e-11
186.03,6.728670351962302e-11,-5.116619753492295e-11
186.04,6.795334028060135e-11,-5.0972919288610913e-11
186.05,6.861577019784875e-11,-5.077760095747888e-11
186.06,6.927397518745722e-11,-5.0580255901236884e-11
186.07,6.992793717105488e-11,-5.0380898064356874e-11
186.08,7.057763807910155e-11,-5.01795401811191e-11
186.09,7.122306033151992e-11,-4.9976196854980595e-11
186.1,7.186418699007461e-11,-4.977088132893664e-11
186.11,7.250100083775422e-11,-4.956360750354327e-11
186.12,7.313348438945539e-11,-4.93543892357631e-11
186.13,7.376162116308512e-11,-4.914324039189864e-11
186.14,7.438539436549334e-11,-4.8930175001320985e-11
186.15,7.5004787960359e-11,-4.8715207011229655e-11
186.16,7.561978521890911e-11,-4.849835022494558e-11
186.17,7.623037073404226e-11,-4.827961990772069e-11
186.18,7.683652813688314e-11,-4.805902911567137e-11
186.19,7.7438242302344e-11,-4.783659240379935e-11
186.2,7.803549752694232e-11,-4.761232417210599e-11
186.21,7.862827874976582e-11,-4.738623889318606e-11
186.22,7.921657089228173e-11,-4.715835084138812e-11
186.23,7.980035924189268e-11,-4.692867460098291e-11
186.24,8.037962921150045e-11,-4.6697224605921913e-11
186.25,8.095436639483532e-11,-4.64640155666676e-11
186.26,8.152455671215682e-11,-4.6229061945736286e-11
186.27,8.209018688023245e-11,-4.5992378400434e-11
186.28,8.265124069187836e-11,-4.57539802041618e-11
186.29,8.320770724766151e-11,-4.551388156286996e-11
186.3,8.375957180319994e-11,-4.527209738303682e-11
186.31,8.430682182715479e-11,-4.502864270369295e-11
186.32,8.484944409360825e-11,-4.4783532369783315e-11
186.33,8.538742585016991e-11,-4.453678145670701e-11
186.34,8.592075462360874e-11,-4.4288404809064445e-11
186.35,8.644941803227791e-11,-4.403841769214213e-11
186.36,8.697340374917288e-11,-4.378683510169869e-11
186.37,8.749270023607389e-11,-4.353367214689196e-11
186.38,8.800729460515395e-11,-4.3278944261230025e-11
186.39,8.851717806584984e-11,-4.302266615206888e-11
186.4,8.902233640830865e-11,-4.2764853590616366e-11
186.41,8.952275984405585e-11,-4.250552173895098e-11
186.42,9.001843729217145e-11,-4.224468586153361e-11
186.43,9.050935813094468e-11,-4.1982361398739635e-11
186.44,9.099551154876402e-11,-4.171856385990086e-11
186.45,9.14768874945417e-11,-4.1453308630605715e-11
186.46,9.19534757897656e-11,-4.1186611205690787e-11
186.47,9.242526622354859e-11,-4.091848722551774e-11
186.48,9.289225039030946e-11,-4.064895201545446e-11
186.49,9.335441767635392e-11,-4.03780213160816e-11
186.5,9.381175897440974e-11,-4.0105710841929776e-11
186.51,9.426426540927154e-11,-3.983203615535142e-11
186.52,9.471192787179244e-11,-3.955701298593359e-11
186.53,9.515473840536753e-11,-3.9280657040498805e-11
186.54,9.559268754270308e-11,-3.900298412495339e-11
186.55,9.602576789278902e-11,-3.8724009950713785e-11
186.56,9.645397112962964e-11,-3.844375025714559e-11
186.57,9.687728917568702e-11,-3.816222124581404e-11
186.58,9.729571490032132e-11,-3.7879438396820746e-11
186.59,9.770924043651592e-11,-3.7595417824252486e-11
186.6,9.811785929129122e-11,-3.7310175199636457e-11
186.61,9.852156352489226e-11,-3.702372672457151e-11
186.62,9.892034695816055e-11,-3.673608821584334e-11
186.63,9.931420280952183e-11,-3.6447275688729866e-11
186.64,9.970312485357891e-11,-3.6157305171843964e-11
186.65,1.0008710654478592e-10,-3.586619274674585e-11
186.66,1.0046614207414797e-10,-3.557395437751735e-11
186.67,1.0084022589839297e-10,-3.5280606168988993e-11
186.68,1.0120935232881063e-10,-3.498616416741081e-11
186.69,1.0157351574763153e-10,-3.4690644578407525e-11
186.7,1.0193271148716463e-10,-3.439406335533631e-11
186.71,1.0228693365083661e-10,-3.409643677255076e-11
186.72,1.026361789381954e-10,-3.379778098804115e-11
186.73,1.02980441782075e-10,-3.349811216225191e-11
186.74,1.0331971732061949e-10,-3.319744653297627e-11
186.75,1.0365400336264812e-10,-3.289579992391129e-11
186.76,1.0398329415029453e-10,-3.2593189019041226e-11
186.77,1.0430758656833225e-10,-3.228962979519512e-11
186.78,1.0462687707780096e-10,-3.198513860611139e-11
186.79,1.0494116205170987e-10,-3.167973170136717e-11
186.8,1.0525043901393607e-10,-3.1373425127122684e-11
186.81,1.0555470439073917e-10,-3.1066235423083445e-11
186.82,1.0585395588288045e-10,-3.075817868631293e-11
186.83,1.0614819095255328e-10,-3.044927129625628e-11
186.84,1.0643740670119228e-10,-3.013952924906905e-11
186.85,1.0672160159471754e-10,-2.9828969178600005e-11
186.86,1.0700077358038428e-10,-2.951760729027219e-11
186.87,1.0727492082671475e-10,-2.920545990201386e-11
186.88,1.0754404207393071e-10,-2.8892543079027315e-11
186.89,1.0780813561962413e-10,-2.8578873413786676e-11
186.9,1.0806720058701131e-10,-2.8264467089973338e-11
186.91,1.0832123598942918e-10,-2.7949340382772747e-11
186.92,1.0857024056386274e-10,-2.7633509909658984e-11
186.93,1.0881421528388848e-10,-2.7316991448006142e-11
186.94,1.0905315847315005e-10,-2.6999801603784557e-11
186.95,1.0928707019986638e-10,-2.6681956687220454e-11
186.96,1.0951595062715265e-10,-2.6363472953147154e-11
186.97,1.097398002815827e-10,-2.604436678449967e-11
186.98,1.0995861949101004e-10,-2.572465427828759e-11
186.99,1.101724087271641e-10,-2.540435199850225e-11
187.0,1.1038116906773501e-10,-2.508347597865495e-11
187.01,1.1058490136625659e-10,-2.4762042670172824e-11
187.02,1.1078360685164371e-10,-2.4440068319428064e-11
187.03,1.1097728709869395e-10,-2.4117569097468736e-11
187.04,1.1116594377529296e-10,-2.3794561305440718e-11
187.05,1.1134957837915344e-10,-2.3471061466411688e-11
187.06,1.1152819360966895e-10,-2.3147085135107484e-11
187.07,1.1170179085692489e-10,-2.2822649145110194e-11
187.08,1.1187037289619974e-10,-2.249776965125724e-11
187.09,1.1203394249278771e-10,-2.2172462618947075e-11
187.1,1.1219250210763162e-10,-2.1846744422601862e-11
187.11,1.1234605502293372e-10,-2.1520631139754297e-11
187.12,1.1249460422345382e-10,-2.119413909657368e-11
187.13,1.1263815312716483e-10,-2.0867284153689364e-11
187.14,1.1277670579184171e-10,-2.054008248530061e-11
187.15,1.1291026426940848e-10,-2.0212550715198128e-11
187.16,1.130388341643099e-10,-1.988470434459282e-11
187.17,1.1316241906154531e-10,-1.9556559860872408e-11
187.18,1.1328102324667385e-10,-1.9228133055063684e-11
187.19,1.1339465121263652e-10,-1.88994401106657e-11
187.2,1.135033077084543e-10,-1.857049698366135e-11
187.21,1.1360699749844734e-10,-1.8241319662686803e-11
187.22,1.137057256092587e-10,-1.7911924292618478e-11
187.23,1.1379949692875891e-10,-1.7582326876932823e-11
187.24,1.1388831804667124e-10,-1.7252542922587924e-11
187.25,1.1397219361931847e-10,-1.6922588772196682e-11
187.26,1.1405112928860979e-10,-1.6592480273582024e-11
187.27,1.1412513140410169e-10,-1.6262233195840468e-11
187.28,1.1419420626803311e-10,-1.5931863343373354e-11
187.29,1.1425835969846373e-10,-1.5601386655036674e-11
187.3,1.1431759851858386e-10,-1.5270818910781185e-11
187.31,1.1437192956162233e-10,-1.4940175784762267e-11
187.32,1.1442136001070108e-10,-1.4609472972705293e-11
187.33,1.144658954351262e-10,-1.4278726654050194e-11
187.34,1.1450554464087481e-10,-1.3947951904206517e-11
187.35,1.145403143884264e-10,-1.361716468941414e-11
187.36,1.1457021244221417e-10,-1.3286380567113187e-11
187.37,1.1459524633875275e-10,-1.2955615128749575e-11
187.38,1.146154243148467e-10,-1.2624883925744614e-11
187.39,1.146307543697655e-10,-1.2294202482791977e-11
187.4,1.1464124475115979e-10,-1.1963586338127936e-11
187.41,1.1464690389277755e-10,-1.1633050849090269e-11
187.42,1.1464774063268955e-10,-1.1302611576693434e-11
187.43,1.146437636286231e-10,-1.0972283831169898e-11
187.44,1.1463498151998316e-10,-1.0642083200040242e-11
187.45,1.1462140432832565e-10,-1.0312024437094417e-11
187.46,1.1460304055324001e-10,-9.982123412456019e-12
187.47,1.1457990018018234e-10,-9.65239503443489e-12
187.48,1.1455199271006787e-10,-9.322854784074508e-12
187.49,1.145193280215893e-10,-8.993517546851701e-12
187.5,1.1448191690363479e-10,-8.664398347327943e-12
187.51,1.1443976706147766e-10,-8.335513034720961e-12
187.52,1.1439289145081493e-10,-8.006875884783773e-12
187.53,1.1434129979881188e-10,-7.67850214897882e-12
187.54,1.1428500210248033e-10,-7.350406843411482e-12
187.55,1.1422401001192993e-10,-7.02260489422967e-12
187.56,1.1415833429435954e-10,-6.695111029532594e-12
187.57,1.1408798616917593e-10,-6.367940229243045e-12
187.58,1.1401297682842049e-10,-6.041107286106959e-12
187.59,1.1393331748599492e-10,-5.71462695717788e-12
187.6,1.1384902059584118e-10,-5.3885139559976115e-12
187.61,1.1376009724437614e-10,-5.062782888999675e-12
187.62,1.1366655971024255e-10,-4.7374483300991226e-12
187.63,1.1356842000531131e-10,-4.412524978336791e-12
187.64,1.134656905290908e-10,-4.08802733487575e-12
187.65,1.1335838389248049e-10,-3.763969610841272e-12
187.66,1.132465122442395e-10,-3.4403666483672366e-12
187.67,1.1313008882163664e-10,-3.117232610890971e-12
187.68,1.1300912621735014e-10,-2.7945818479858126e-12
187.69,1.1288363753088165e-10,-2.472428505698201e-12
187.7,1.1275363619397577e-10,-2.1507869457559926e-12
187.71,1.1261913537285589e-10,-1.8296712959557756e-12
187.72,1.1248014884603092e-10,-1.5090956328740056e-12
187.73,1.1233668996853183e-10,-1.189074234274822e-12
187.74,1.1218877268129729e-10,-8.696209165340946e-13
187.75,1.1203641131437715e-10,-5.507496079495406e-13
187.76,1.1187961948539142e-10,-2.32474393336206e-13
187.77,1.117184122893388e-10,8.519107869780076e-14
187.78,1.1155280252395451e-10,4.022328374812529e-13
187.79,1.1138280630661774e-10,7.18637177842781e-13
187.8,1.112084377639995e-10,1.0343905502415425e-12
187.81,1.1102971194807311e-10,1.3494790998104685e-12
187.82,1.108466436035222e-10,1.6638893736162483e-12
187.83,1.1065924827001232e-10,1.9776079531282268e-12
187.84,1.1046754075847503e-10,2.290621227156916e-12
187.85,1.1027153684053572e-10,2.6029158196413984e-12
187.86,1.1007125198875856e-10,2.9144789128475674e-12
187.87,1.098667017974714e-10,3.22529591705409e-12
187.88,1.0965790225432056e-10,3.535354859595278e-12
187.89,1.0944486929894694e-10,3.84464212865286e-12
187.9,1.092276191223765e-10,4.153144758668951e-12
187.91,1.0900616792340127e-10,4.460849466034106e-12
187.92,1.0878053195121175e-10,4.767743526870805e-12
187.93,1.0855072808575645e-10,5.073813949328982e-12
187.94,1.0831677270188293e-10,5.3790478639503055e-12
187.95,1.0807868270334881e-10,5.683432366049456e-12
187.96,1.0783647478397113e-10,5.986955003137009e-12
187.97,1.075901662470302e-10,6.2896026200833266e-12
187.98,1.0733977444234962e-10,6.59136367612809e-12
187.99,1.0708531646400859e-10,6.892224530343505e-12
188.0,1.068268094947144e-10,7.192173202312365e-12
188.01,1.0656427162926192e-10,7.49119729504689e-12
188.02,1.062977200411966e-10,7.78928433983954e-12
188.03,1.0602717298153464e-10,8.086422173340768e-12
188.04,1.0575264775697353e-10,8.382598779800536e-12
188.05,1.054741637478799e-10,8.677801535601036e-12
188.06,1.0519173789703246e-10,8.972018893533683e-12
188.07,1.0490538882597932e-10,9.265238588368833e-12
188.08,1.0461513503289355e-10,9.557448759587123e-12
188.09,1.0432099515068046e-10,9.848637700862018e-12
188.1,1.0402298775586427e-10,1.0138793487730519e-11
188.11,1.0372113161043447e-10,1.0427904254224323e-11
188.12,1.0341544574360738e-10,1.0715958834225893e-11
188.13,1.0310594907437319e-10,1.1002944744736997e-11
188.14,1.0279266073454162e-10,1.1288852037807129e-11
188.15,1.0247559981644326e-10,1.1573667837286032e-11
188.16,1.0215478596920405e-10,1.1857381494575728e-11
188.17,1.0183023847694534e-10,1.2139981445526483e-11
188.18,1.0150197707597526e-10,1.2421456636555407e-11
188.19,1.0117002127453931e-10,1.270179583894193e-11
188.2,1.0083439104241706e-10,1.2980988172401508e-11
188.21,1.004951060118353e-10,1.3259022373583977e-11
188.22,1.0015218669748596e-10,1.3535887939561293e-11
188.23,9.980565245029855e-11,1.3811573490774362e-11
188.24,9.945552449151271e-11,1.4086068655213815e-11
188.25,9.910182214335824e-11,1.435936267333611e-11
188.26,9.874456680215907e-11,1.4631444970526607e-11
188.27,9.838377784846715e-11,1.490230486059529e-11
188.28,9.801947677341046e-11,1.5171932069405938e-11
188.29,9.765168431601874e-11,1.5440316125949782e-11
188.3,9.728042094394425e-11,1.5707446746745504e-11
188.31,9.690570777578813e-11,1.5973313521463602e-11
188.32,9.65275657161084e-11,1.6237906706047825e-11
188.33,9.614601614157585e-11,1.6501215972028492e-11
188.34,9.576108002704474e-11,1.676323133151526e-11
188.35,9.537277909143097e-11,1.7023943280741072e-11
188.36,9.498113363089782e-11,1.728334098882629e-11
188.37,9.458616636883862e-11,1.7541415666890588e-11
188.38,9.418789849362408e-11,1.7798157179681874e-11
188.39,9.378635158827493e-11,1.80535561878669e-11
188.4,9.338154719147334e-11,1.8307602969907048e-11
188.41,9.29735078899217e-11,1.8560288171044863e-11
188.42,9.256225483125869e-11,1.881160246971346e-11
188.43,9.214781054618618e-11,1.9061536595075573e-11
188.44,9.173019663606349e-11,1.931008125114541e-11
188.45,9.130943611778287e-11,1.955722752186346e-11
188.46,9.088555047071235e-11,1.9802966252978335e-11
188.47,9.045856256302957e-11,2.0047288497948905e-11
188.48,9.002849447071211e-11,2.029018537827299e-11
188.49,8.959536896594222e-11,2.0531648228996255e-11
188.5,8.915920851945812e-11,2.0771668180199626e-11
188.51,8.872003584385726e-11,2.1010236961380884e-11
188.52,8.827787369226732e-11,2.124734564183649e-11
188.53,8.78327445053814e-11,2.1482985919505298e-11
188.54,8.738467237126259e-11,2.1717149537315904e-11
188.55,8.69336791290637e-11,2.1949828063832662e-11
188.56,8.647978806958746e-11,2.218101342306901e-11
188.57,8.602302245609283e-11,2.241069742749378e-11
188.58,8.556340536290991e-11,2.2638871988974904e-11
188.59,8.510096025174861e-11,2.2865529401678216e-11
188.6,8.463571031139512e-11,2.3090661613190637e-11
188.61,8.416767885762339e-11,2.3314261031816293e-11
188.62,8.369688949525122e-11,2.3536319805672984e-11
188.63,8.32233655491153e-11,2.375683020690702e-11
188.64,8.274713073752982e-11,2.3975784942755306e-11
188.65,8.226820892913666e-11,2.4193176658390748e-11
188.66,8.178662338575063e-11,2.4408997841368724e-11
188.67,8.130239811595659e-11,2.4623241355630467e-11
188.68,8.081555719240739e-11,2.483589990377345e-11
188.69,8.032612414976148e-11,2.504696652324737e-11
188.7,7.983412305264121e-11,2.525643416026953e-11
188.71,7.933957751852166e-11,2.5464296147659423e-11
188.72,7.884251287511347e-11,2.567054492632232e-11
188.73,7.834295189368547e-11,2.587517453365324e-11
188.74,7.784091919391247e-11,2.6078178096190863e-11
188.75,7.73364391377107e-11,2.6279548979029634e-11
188.76,7.682953598039194e-11,2.6479280832672736e-11
188.77,7.632023370951626e-11,2.66773671013272e-11
188.78,7.580855721729559e-11,2.687380165931347e-11
188.79,7.529453036338984e-11,2.706857822893092e-11
188.8,7.477817838457613e-11,2.7261690581198322e-11
188.81,7.425952478576892e-11,2.745313300713425e-11
188.82,7.373859490374747e-11,2.7642899249333915e-11
188.83,7.321541325364332e-11,2.7830983571409114e-11
188.84,7.269000409400857e-11,2.8017380191168674e-11
188.85,7.216239256676841e-11,2.8202083387054072e-11
188.86,7.163260315808516e-11,2.838508773916765e-11
188.87,7.110066063070231e-11,2.8566387557724195e-11
188.88,7.056658995847859e-11,2.8745977471653954e-11
188.89,7.003041577726792e-11,2.892385230258358e-11
188.9,6.94921630682456e-11,2.9100006711028294e-11
188.91,6.895185689797676e-11,2.9274435472745715e-11
188.92,6.84095219194839e-11,2.9447133766293546e-11
188.93,6.786518342517121e-11,2.9618096395085503e-11
188.94,6.731886603376466e-11,2.9787318621176436e-11
188.95,6.677059524770011e-11,2.995479558813355e-11
188.96,6.622039591624992e-11,3.0120522634868163e-11
188.97,6.566829322029598e-11,3.028449512697749e-11
188.98,6.511431245612701e-11,3.044670862034661e-11
188.99,6.455847835917216e-11,3.060715866139589e-11
189.0,6.400081642446034e-11,3.076584080952276e-11
189.01,6.34413517319491e-11,3.092275089264793e-11
189.02,6.288010964332425e-11,3.107788479941082e-11
189.03,6.231711587417654e-11,3.123123845340465e-11
189.04,6.175239479039857e-11,3.1382807919998127e-11
189.05,6.118597211812289e-11,3.1532589183950455e-11
189.06,6.061787339191424e-11,3.168057852508648e-11
189.07,6.004812361197139e-11,3.1826772081924626e-11
189.08,5.947674854825806e-11,3.197116655269669e-11
189.09,5.890377329163214e-11,3.211375816346514e-11
189.1,5.832922340339543e-11,3.2254543484146755e-11
189.11,5.775312375779454e-11,3.239351962276269e-11
189.12,5.7175500861303516e-11,3.2530682206854086e-11
189.13,5.6596379195398544e-11,3.266602907906624e-11
189.14,5.601578476361084e-11,3.27995568949167e-11
189.15,5.5433742555645876e-11,3.2931262603748125e-11
189.16,5.485027857566219e-11,3.3061143304912766e-11
189.17,5.4265417823441376e-11,3.318919628392399e-11
189.18,5.36791858058634e-11,3.331541858244029e-11
189.19,5.3091608696529185e-11,3.343980792443591e-11
189.2,5.2502711230381123e-11,3.356236149550507e-11
189.21,5.191251935166939e-11,3.368307687831295e-11
189.22,5.1321058404277817e-11,3.380195178499937e-11
189.23,5.072835369583715e-11,3.391898385893836e-11
189.24,5.013443124897553e-11,3.403417098771283e-11
189.25,4.953931633758665e-11,3.4147511081435205e-11
189.26,4.894303415729705e-11,3.425900200276444e-11
189.27,4.8345610682878605e-11,3.436864201213842e-11
189.28,4.7747071250410706e-11,3.447642917031109e-11
189.29,4.7147440656751035e-11,3.458236161662143e-11
189.3,4.654674657379628e-11,3.4686438113628454e-11
189.31,4.594501230285764e-11,3.4788656680242585e-11
189.32,4.534226402648102e-11,3.488901603118666e-11
189.33,4.473852744174133e-11,3.498751468520098e-11
189.34,4.4133827649033276e-11,3.508415144083598e-11
189.35,4.3528190596524335e-11,3.5178925002719597e-11
189.36,4.292164140168502e-11,3.527183436044016e-11
189.37,4.2314205553261567e-11,3.536287838497854e-11
189.38,4.1705908123440234e-11,3.545205618553162e-11
189.39,4.109677580916818e-11,3.5539366964266215e-11
189.4,4.048683263811345e-11,3.5624809685175543e-11
189.41,3.987610458763441e-11,3.5708383993068203e-11
189.42,3.926461681913292e-11,3.57900891216181e-11
189.43,3.865239498443049e-11,3.586992460498934e-11
189.44,3.803946423927637e-11,3.594789002253809e-11
189.45,3.7425849938829304e-11,3.60239849522768e-11
189.46,3.6811577333533614e-11,3.609820928250893e-11
189.47,3.619667178951058e-11,3.617056267705515e-11
189.48,3.558115839359194e-11,3.6241045405590925e-11
189.49,3.49650625844343e-11,3.6309657209566064e-11
189.5,3.4348409361935593e-11,3.6376398127698795e-11
189.51,3.373122434264904e-11,3.644126865664447e-11
189.52,3.31135322616057e-11,3.650426877183865e-11
189.53,3.249535834085249e-11,3.656539889958994e-11
189.54,3.187672792344492e-11,3.6624659580602104e-11
189.55,3.125766568860549e-11,3.6682051197773305e-11
189.56,3.0638197044759224e-11,3.673757462073999e-11
189.57,3.001834660374966e-11,3.679123025129341e-11
189.58,2.939813971987573e-11,3.6843019067684406e-11
189.59,2.8777601216694445e-11,3.689294183378528e-11
189.6,2.8156756207350767e-11,3.694099955603685e-11
189.61,2.7535629242290956e-11,3.698719323066433e-11
189.62,2.6914245482625707e-11,3.7031524134033304e-11
189.63,2.6292629357921487e-11,3.707399321922577e-11
189.64,2.5670806031119362e-11,3.7114601929509674e-11
189.65,2.504879984055599e-11,3.7153351658206e-11
189.66,2.4426636087761204e-11,3.719024387621573e-11
189.67,2.3804338884822772e-11,3.722528000169152e-11
189.68,2.318193322069386e-11,3.7258461778872e-11
189.69,2.25594434576033e-11,3.728979076447919e-11
189.7,2.193689414617559e-11,3.731926894125496e-11
189.71,2.1314309699723982e-11,3.7346897881686514e-11
189.72,2.0691714962203872e-11,3.7372680015735145e-11
189.73,2.006913379831145e-11,3.739661696225728e-11
189.74,1.9446591596256095e-11,3.741871130803237e-11
189.75,1.8824110758099726e-11,3.7438964307475065e-11
189.76,1.820171727703151e-11,3.7457379135357966e-11
189.77,1.7579434678886747e-11,3.747395783310976e-11
189.78,1.6957287646846127e-11,3.7488702967994436e-11
189.79,1.6335299346094923e-11,3.750161680417218e-11
189.8,1.571349483881713e-11,3.751270210909742e-11
189.81,1.5091897528576366e-11,3.7521961571219793e-11
189.82,1.4470531583576275e-11,3.7529397907536284e-11
189.83,1.3849421436894056e-11,3.7535014220421523e-11
189.84,1.3228589353029144e-11,3.753881275641463e-11
189.85,1.2608060661754559e-11,3.754079713221509e-11
189.86,1.1987858643899903e-11,3.7540970160027245e-11
189.87,1.136800690214659e-11,3.753933506559172e-11
189.88,1.0748529114302353e-11,3.753589506307389e-11
189.89,1.012944896507568e-11,3.753065350549706e-11
189.9,9.510789780448051e-12,3.7523613591479983e-11
189.91,8.892575147830744e-12,3.7514779044972415e-11
189.92,8.27482821887291e-12,3.750415321515137e-11
189.93,7.657572922090074e-12,3.7491739711719854e-11
189.94,7.040831940507862e-12,3.747754237459054e-11
189.95,6.424628361121461e-12,3.7461564773249e-11
189.96,5.8089856593012685e-12,3.7443810858851075e-11
189.97,5.193927100829737e-12,3.742428455355923e-11
189.98,4.5794753406177576e-12,3.740298985394389e-11
189.99,3.9656533829464456e-12,3.737993078821639e-11
190.0,3.352484033773093e-12,3.735511141191052e-11
190.01,2.7399903492948246e-12,3.7328535851888164e-11
190.02,2.128194727379619e-12,3.730020904606855e-11
190.03,1.5171203244786618e-12,3.7270134633405344e-11
190.04,9.067891850886329e-13,3.723831732254854e-11
190.05,2.9722424868920787e-13,3.720476154439724e-11
190.06,-3.1155238595774955e-13,3.716947183544511e-11
190.07,-9.195180036074964e-13,3.713245302809922e-11
190.08,-1.5266506222867696e-12,3.709370968402409e-11
190.09,-2.13292787335696e-12,3.705324665941307e-11
190.1,-2.7383269891486457e-12,3.701106917580338e-11
190.11,-3.3428269416494026e-12,3.696718098384961e-11
190.12,-3.9464052823163496e-12,3.6921588249380524e-11
190.13,-4.549039858328793e-12,3.687429567999154e-11
190.14,-5.150709362514085e-12,3.6825308421480145e-11
190.15,-5.751391119231679e-12,3.6774631721095375e-11
190.16,-6.351064283401481e-12,3.6722270860220787e-11
190.17,-6.9497068615208355e-12,3.666823102459274e-11
190.18,-7.547297583397236e-12,3.6612517796414446e-11
190.19,-8.143814612350702e-12,3.65551364288356e-11
190.2,-8.739236828581715e-12,3.649609294405562e-11
190.21,-9.333543111113475e-12,3.643539249843773e-11
190.22,-9.92671180933132e-12,3.6373040935526025e-11
190.23,-1.0518722416132998e-11,3.630904416908627e-11
190.24,-1.1109552973379977e-11,3.624340753397862e-11
190.25,-1.1699183259189679e-11,3.617613736209173e-11
190.26,-1.2287592382108644e-11,3.6107239465710505e-11
190.27,-1.2874759254379302e-11,3.603671982347248e-11
190.28,-1.3460663697827859e-11,3.596458464101557e-11
190.29,-1.4045284538125074e-11,3.58908397243675e-11
190.3,-1.4628601485222702e-11,3.581549160126902e-11
190.31,-1.521059419921418e-11,3.5738546462471095e-11
190.32,-1.5791243159433772e-11,3.56600104287148e-11
190.33,-1.63705255860318e-11,3.557989028412708e-11
190.34,-1.6948423753739002e-11,3.549819216318979e-11
190.35,-1.752491692330409e-11,3.541492265658167e-11
190.36,-1.8099985142461422e-11,3.5330088363614556e-11
190.37,-1.8673608108646028e-11,3.524369580019628e-11
190.38,-1.924576675227394e-11,3.5155751861828443e-11
190.39,-1.9816441038897318e-11,3.5066263111114806e-11
190.4,-2.038561125160309e-11,3.4975236460152194e-11
190.41,-2.0953256840144454e-11,3.488267891722921e-11
190.42,-2.1519361968341265e-11,3.478859689774196e-11
190.43,-2.2083903573151912e-11,3.469299802175114e-11
190.44,-2.2646864392598908e-11,3.459588893415532e-11
190.45,-2.3208224363479077e-11,3.449727691545409e-11
190.46,-2.3767965004395877e-11,3.439716896571758e-11
190.47,-2.4326067108796975e-11,3.429557243104532e-11
190.48,-2.4882511986359648e-11,3.4192494647089976e-11
190.49,-2.543728114840487e-11,3.4087942839407586e-11
190.5,-2.5990355766609518e-11,3.398192422260765e-11
190.51,-2.6541717497239516e-11,3.3874446679125205e-11
190.52,-2.7091347988384132e-11,3.3765517199554764e-11
190.53,-2.763922849945305e-11,3.365514369441055e-11
190.54,-2.8185341181574834e-11,3.354333353850808e-11
190.55,-2.8729667879145878e-11,3.343009450367346e-11
190.56,-2.927219070891106e-11,3.331543418677062e-11
190.57,-2.981289184647785e-11,3.319936044044645e-11
190.58,-3.035175306828359e-11,3.308188107521023e-11
190.59,-3.088875701562138e-11,3.2963003935221034e-11
190.6,-3.142388626767334e-11,3.284273678305949e-11
190.61,-3.19571229337855e-11,3.272108779716834e-11
190.62,-3.2488450146456295e-11,3.259806489093298e-11
190.63,-3.3017850273716306e-11,3.247367612894181e-11
190.64,-3.3545306094916236e-11,3.23479296011752e-11
190.65,-3.4070801158824386e-11,3.222083341677108e-11
190.66,-3.459431805815644e-11,3.209239582847998e-11
190.67,-3.5115840034550436e-11,3.1962625140631065e-11
190.68,-3.563535026733498e-11,3.1831529765575114e-11
190.69,-3.615283273440573e-11,3.169911759613023e-11
190.7,-3.6668270185711325e-11,3.1565397463547336e-11
190.71,-3.7181646916282894e-11,3.143037756901775e-11
190.72,-3.769294611289497e-11,3.1294066522196003e-11
190.73,-3.8202152203381285e-11,3.115647282714246e-11
190.74,-3.8709248433721246e-11,3.101760506167349e-11
190.75,-3.9214219413039706e-11,3.0877471809670816e-11
190.76,-3.971704928035886e-11,3.07360817182496e-11
190.77,-4.021772157562806e-11,3.059344318194199e-11
190.78,-4.071622261967379e-11,3.0449565812322015e-11
190.79,-4.121253521620756e-11,3.030445755908845e-11
190.8,-4.170664436093943e-11,3.015812755250454e-11
190.81,-4.219853500645544e-11,3.0010584678092e-11
190.82,-4.268819179903387e-11,2.986183778639548e-11
190.83,-4.3175600000536665e-11,2.9711895830656854e-11
190.84,-4.366074484778644e-11,2.956076782919285e-11
190.85,-4.414361135732343e-11,2.9408462791391e-11
190.86,-4.4624184662653415e-11,2.925498973517724e-11
190.87,-4.5102450606687326e-11,2.910035791437941e-11
190.88,-4.557839450646532e-11,2.8944576293458873e-11
190.89,-4.605200211173624e-11,2.8787654178423877e-11
190.9,-4.6523259053616256e-11,2.8629600683820717e-11
190.91,-4.699215188725534e-11,2.8470425208368234e-11
190.92,-4.745866610353395e-11,2.8310136888405e-11
190.93,-4.7922788011067174e-11,2.8148745100148563e-11
190.94,-4.8384504013082534e-11,2.798625917906437e-11
190.95,-4.884380042430321e-11,2.782268860993007e-11
190.96,-4.930066370046228e-11,2.7658042612541747e-11
190.97,-4.9755080481111516e-11,2.7492330900907593e-11
190.98,-5.0207037628000377e-11,2.7325562816126334e-11
190.99,-5.065652271586676e-11,2.715774777123512e-11
191.0,-5.110352131588992e-11,2.6988895753878284e-11
191.01,-5.154802168638608e-11,2.6819015898725775e-11
191.02,-5.199001055948333e-11,2.6648118032442113e-11
191.03,-5.242947570568652e-11,2.6476211736609915e-11
191.04,-5.286640447339987e-11,2.6303306674654987e-11
191.05,-5.33007842767313e-11,2.6129412659479373e-11
191.06,-5.3732603184779846e-11,2.595453933152169e-11
191.07,-5.416184894977232e-11,2.577869644453217e-11
191.08,-5.458850987452166e-11,2.5601894221867226e-11
191.09,-5.501257306426099e-11,2.5424141441810872e-11
191.1,-5.543402783495949e-11,2.524544887702222e-11
191.11,-5.585286228250722e-11,2.5065826217229437e-11
191.12,-5.6269064832526305e-11,2.488528319375993e-11
191.13,-5.6682623907378274e-11,2.4703829887456856e-11
191.14,-5.709352866751279e-11,2.4521476153174665e-11
191.15,-5.750176845784613e-11,2.4338231717257744e-11
191.16,-5.790733014169271e-11,2.415410736981378e-11
191.17,-5.831020512103326e-11,2.396911251062991e-11
191.18,-5.871038160885689e-11,2.3783256958417114e-11
191.19,-5.91078493481637e-11,2.3596551269766494e-11
191.2,-5.95025976753573e-11,2.340900543416264e-11
191.21,-5.989461623287232e-11,2.3220629399462646e-11
191.22,-6.02838946669033e-11,2.3031433548548446e-11
191.23,-6.06704229489909e-11,2.284142780278342e-11
191.24,-6.105419133671158e-11,2.2650622485908563e-11
191.25,-6.143518967189133e-11,2.2459027706030454e-11
191.26,-6.181340791543746e-11,2.226665372826595e-11
191.27,-6.218883754428777e-11,2.2073510634240154e-11
191.28,-6.2561467920855e-11,2.187960899210886e-11
191.29,-6.293129035695616e-11,2.168495868944585e-11
191.3,-6.329829538341265e-11,2.1489570298278656e-11
191.31,-6.366247389199249e-11,2.129345398080138e-11
191.32,-6.402381670199083e-11,2.1096620220203868e-11
191.33,-6.438231568504943e-11,2.0899079049198317e-11
191.34,-6.4737961524652e-11,2.0700840965701894e-11
191.35,-6.509074544534421e-11,2.050191663978559e-11
191.36,-6.544066000219495e-11,2.030231565029246e-11
191.37,-6.578769569427052e-11,2.0102049172166407e-11
191.38,-6.613184508610183e-11,1.9901127263622518e-11
191.39,-6.647309962219579e-11,1.96995605268847e-11
191.4,-6.681145163374926e-11,1.949735920953726e-11
191.41,-6.714689379697772e-11,1.929453371579202e-11
191.42,-6.747941715913672e-11,1.909109471174785e-11
191.43,-6.780901530294163e-11,1.8887052440387514e-11
191.44,-6.813568041594954e-11,1.8682417401260022e-11
191.45,-6.845940519626951e-11,1.8477200315280023e-11
191.46,-6.878018241084444e-11,1.827141143229463e-11
191.47,-6.909800472794455e-11,1.806506137208613e-11
191.48,-6.941286658405788e-11,1.785816037420802e-11
191.49,-6.972475947870764e-11,1.7650719287123564e-11
191.5,-7.003367775457543e-11,1.7442748498930375e-11
191.51,-7.033961461053167e-11,1.7234258557405744e-11
191.52,-7.064256380126846e-11,1.7025259933025065e-11
191.53,-7.09425187422245e-11,1.6815763209967636e-11
191.54,-7.123947349890565e-11,1.6605779168660247e-11
191.55,-7.153342229126426e-11,1.6395317947989298e-11
191.56,-7.182435927202683e-11,1.6184390356188047e-11
191.57,-7.21122781435851e-11,1.5973006722579893e-11
191.58,-7.239717385053518e-11,1.5761177992056863e-11
191.59,-7.267904000638306e-11,1.5548914365435732e-11
191.6,-7.29578729710386e-11,1.533622661831394e-11
191.61,-7.323366589066856e-11,1.5123125316359513e-11
191.62,-7.35064143623358e-11,1.4909620907295828e-11
191.63,-7.377611347335205e-11,1.469572396214428e-11
191.64,-7.404275820851672e-11,1.4481445183962692e-11
191.65,-7.430634375764817e-11,1.426679519539001e-11
191.66,-7.456686585045954e-11,1.4051784190991097e-11
191.67,-7.48243195497039e-11,1.383642321373248e-11
191.68,-7.50787011774356e-11,1.3620722474283993e-11
191.69,-7.533000574940838e-11,1.3404692881882793e-11
191.7,-7.557822999066274e-11,1.3188344730952406e-11
191.71,-7.582336935132411e-11,1.2971688766434005e-11
191.72,-7.606542080114891e-11,1.2754735129972553e-11
191.73,-7.630437984642833e-11,1.2537494871235789e-11
191.74,-7.654024327653419e-11,1.2319978396569919e-11
191.75,-7.677300762248473e-11,1.210219617971131e-11
191.76,-7.700266966212687e-11,1.1884158800186643e-11
191.77,-7.722922628238654e-11,1.1665876723156543e-11
191.78,-7.745267420707286e-11,1.1447360632218473e-11
191.79,-7.767301071272388e-11,1.1228620957435588e-11
191.8,-7.789023185932857e-11,1.1009668436670668e-11
191.81,-7.810433814350995e-11,1.0790512948688059e-11
191.82,-7.831532402662032e-11,1.0571165570669936e-11
191.83,-7.852318819458192e-11,1.0351636652668337e-11
191.84,-7.872792816916071e-11,1.0131936648216104e-11
191.85,-7.892954168119336e-11,9.912076022575892e-12
191.86,-7.912802721852266e-11,9.69206530393384e-12
191.87,-7.932338243981851e-11,9.471914847166686e-12
191.88,-7.951560581732344e-11,9.251635180589282e-12
191.89,-7.970469560751111e-11,9.031236784658535e-12
191.9,-7.989065024098195e-11,8.810729770742599e-12
191.91,-8.007346837374385e-11,8.59012486115285e-12
191.92,-8.025314903026285e-11,8.36943237108687e-12
191.93,-8.042969076079901e-11,8.148662706421735e-12
191.94,-8.060309235676995e-11,7.92782616449467e-12
191.95,-8.077335342051942e-11,7.706933114948656e-12
191.96,-8.094047283673387e-11,7.485993958856257e-12
191.97,-8.110445010413976e-11,7.265018908686924e-12
191.98,-8.126528491942635e-11,7.044018587752707e-12
191.99,-8.142297637920714e-11,6.823002602962997e-12
192.0,-8.157752465515944e-11,6.6019819751182905e-12
192.01,-8.172892947617662e-11,6.380966620219787e-12
192.02,-8.18771907479195e-11,6.1599668502859895e-12
192.03,-8.202230886356124e-11,5.938992838405912e-12
192.04,-8.216428365742594e-11,5.718054794501871e-12
192.05,-8.230311572939591e-11,5.49716310209969e-12
192.06,-8.243880560081668e-11,5.27632764518186e-12
192.07,-8.257135379083672e-11,5.0555582764582125e-12
192.08,-8.270076089393601e-11,4.834866489302094e-12
192.09,-8.282702801922185e-11,4.614261009783428e-12
192.1,-8.29501556790258e-11,4.393752425666196e-12
192.11,-8.307014547288365e-11,4.173350671918047e-12
192.12,-8.318699840823567e-11,3.953066115179413e-12
192.13,-8.330071593093068e-11,3.732908388157576e-12
192.14,-8.341129912938773e-11,3.512887837520524e-12
192.15,-8.35187499972526e-11,3.2930141745980717e-12
192.16,-8.362307005478638e-11,3.0732977053980407e-12
192.17,-8.372426094716484e-11,2.853747852574506e-12
192.18,-8.382232499051697e-11,2.63437499458526e-12
192.19,-8.391726389108265e-11,2.41518879218868e-12
192.2,-8.400908049492824e-11,2.1961991317905835e-12
192.21,-8.409777541702284e-11,1.9774161716230837e-12
192.22,-8.418335265667393e-11,1.7588492841299336e-12
192.23,-8.42658143112023e-11,1.5405084185042373e-12
192.24,-8.434516294973683e-11,1.3224033965938e-12
192.25,-8.442140127451362e-11,1.104543881505947e-12
192.26,-8.449453250570311e-11,8.869397321304886e-13
192.27,-8.456455917050884e-11,6.69600511690404e-13
192.28,-8.463148459598083e-11,4.52535824831151e-13
192.29,-8.469531215771292e-11,2.3575515289872387e-13
192.3,-8.475604479087159e-11,1.926875953199388e-14
192.31,-8.481368625829026e-11,-1.969144222582054e-13
192.32,-8.486823994865062e-11,-4.127847088449536e-13
192.33,-8.49197098468578e-11,-6.283325268738341e-13
192.34,-8.496809948126965e-11,-8.435483650528728e-13
192.35,-8.501341266269456e-11,-1.0584228504188873e-12
192.36,-8.505565362429048e-11,-1.2729464971954457e-12
192.37,-8.509482663165569e-11,-1.4871099535332265e-12
192.38,-8.513093607490286e-11,-1.7009038730264811e-12
192.39,-8.516398525563225e-11,-1.9143187850118726e-12
192.4,-8.51939797958046e-11,-2.127345722515509e-12
192.41,-8.522092418169603e-11,-2.339975132409494e-12
192.42,-8.524482246301547e-11,-2.5521978201564523e-12
192.43,-8.526567980438525e-11,-2.7640045682941758e-12
192.44,-8.528350117563057e-11,-2.9753864431019158e-12
192.45,-8.529829170091671e-11,-3.1863341280646405e-12
192.46,-8.531005643266882e-11,-3.3968385814585393e-12
192.47,-8.531880028784945e-11,-3.6068904964865238e-12
192.48,-8.532452897455214e-11,-3.816481285119341e-12
192.49,-8.53272479845357e-11,-4.025601717098475e-12
192.5,-8.532696289149269e-11,-4.234242870993604e-12
192.51,-8.532367897303843e-11,-4.442395843036195e-12
192.52,-8.53174025025125e-11,-4.650051674658418e-12
192.53,-8.530813952291568e-11,-4.857201811190819e-12
192.54,-8.529589523645425e-11,-5.0638368850786495e-12
192.55,-8.528067626366581e-11,-5.269948586830099e-12
192.56,-8.526248865855296e-11,-5.47552809784744e-12
192.57,-8.5241339329801e-11,-5.6805667147578796e-12
192.58,-8.521723390616904e-11,-5.885055728832735e-12
192.59,-8.519017909024018e-11,-6.088986488934625e-12
192.6,-8.516018208480392e-11,-6.29235059631839e-12
192.61,-8.512724882461937e-11,-6.495139395777293e-12
192.62,-8.509138658488156e-11,-6.6973443549723785e-12
192.63,-8.505260213679582e-11,-6.89895708599829e-12
192.64,-8.501090255386512e-11,-7.099969180822251e-12
192.65,-8.496629534217096e-11,-7.300372305474953e-12
192.66,-8.491878694145047e-11,-7.500157805416326e-12
192.67,-8.486838535250992e-11,-7.699317780929996e-12
192.68,-8.481509784089161e-11,-7.897843780494339e-12
192.69,-8.475893199615815e-11,-8.095727863118518e-12
192.7,-8.469989525307716e-11,-8.292961225437589e-12
192.71,-8.463799541089601e-11,-8.489536442951226e-12
192.72,-8.457324053387229e-11,-8.685445133733537e-12
192.73,-8.450563828307725e-11,-8.880679128525387e-12
192.74,-8.443519664932281e-11,-9.075231015808805e-12
192.75,-8.436192416794013e-11,-9.269091757896754e-12
192.76,-8.428582869230386e-11,-9.462254428773096e-12
192.77,-8.4206918520916e-11,-9.654710776760453e-12
192.78,-8.412520208881173e-11,-9.846452970532446e-12
192.79,-8.404068833905955e-11,-1.0037473450958837e-11
192.8,-8.395338521922389e-11,-1.0227764296096021e-11
192.81,-8.386330169344457e-11,-1.0417317842287903e-11
192.82,-8.377044658073653e-11,-1.0606126403135167e-11
192.83,-8.367482905053157e-11,-1.0794182623152848e-11
192.84,-8.357645711688418e-11,-1.0981478610350255e-11
192.85,-8.347534065858014e-11,-1.1168006716961188e-11
192.86,-8.337148889412692e-11,-1.135376060996816e-11
192.87,-8.326491060007556e-11,-1.1538731725240803e-11
192.88,-8.315561541453117e-11,-1.172291290111406e-11
192.89,-8.304361270626985e-11,-1.1906297121011905e-11
192.9,-8.292891179304904e-11,-1.2088876942739214e-11
192.91,-8.28115223612001e-11,-1.2270645258634048e-11
192.92,-8.269145428910505e-11,-1.2451594749227114e-11
192.93,-8.256871695286507e-11,-1.2631718469104881e-11
192.94,-8.244332050512969e-11,-1.2811009295765853e-11
192.95,-8.231527474162586e-11,-1.2989460015484201e-11
192.96,-8.218459048750823e-11,-1.3167064065762941e-11
192.97,-8.205127580274833e-11,-1.3343814032006239e-11
192.98,-8.191534292098407e-11,-1.351970338903838e-11
192.99,-8.177680118196679e-11,-1.3694725151211762e-11
193.0,-8.163566120782314e-11,-1.3868872606662138e-11
193.01,-8.149193346817729e-11,-1.4042139067506723e-11
193.02,-8.134562843278036e-11,-1.4214517811894662e-11
193.03,-8.119675647926506e-11,-1.4386002172484361e-11
193.04,-8.104532861255365e-11,-1.455658566514722e-11
193.05,-8.08913552206742e-11,-1.4726261408089507e-11
193.06,-8.073484789385659e-11,-1.4895023899936183e-11
193.07,-8.057581674124617e-11,-1.5062865822605987e-11
193.08,-8.041427309807744e-11,-1.5229781053008992e-11
193.09,-8.025022809634707e-11,-1.5395763274586776e-11
193.1,-8.008369270822538e-11,-1.556080622070112e-11
193.11,-7.991467841842604e-11,-1.5724903747789386e-11
193.12,-7.974319647195229e-11,-1.5888049681960236e-11
193.13,-7.95692578536372e-11,-1.6050237879310872e-11
193.14,-7.939287507604046e-11,-1.6211462025897198e-11
193.15,-7.921405783408104e-11,-1.6371716948759072e-11
193.16,-7.903281934084713e-11,-1.653099595524391e-11
193.17,-7.884917095273276e-11,-1.6689293356302658e-11
193.18,-7.866312411311744e-11,-1.6846603210049103e-11
193.19,-7.847469080267324e-11,-1.7002919973835145e-11
193.2,-7.828388276006146e-11,-1.7158237703155212e-11
193.21,-7.809071216205606e-11,-1.7312550871519844e-11
193.22,-7.789519102099777e-11,-1.7465853837171975e-11
193.23,-7.769733239665856e-11,-1.7618141436506976e-11
193.24,-7.749714529865349e-11,-1.7769406695954916e-11
193.25,-7.729464528665733e-11,-1.791964577483498e-11
193.26,-7.708984334179454e-11,-1.806885267332649e-11
193.27,-7.688275223118723e-11,-1.821702199035591e-11
193.28,-7.667338400873887e-11,-1.8364148558471765e-11
193.29,-7.646175160145695e-11,-1.8510227074185775e-11
193.3,-7.624786682303178e-11,-1.8655252352165557e-11
193.31,-7.603174305919816e-11,-1.879921926711456e-11
193.32,-7.581339228819805e-11,-1.8942122800739644e-11
193.33,-7.559282881050859e-11,-1.9083957873517752e-11
193.34,-7.537006380247473e-11,-1.922471956755453e-11
193.35,-7.514511056656684e-11,-1.936440299317311e-11
193.36,-7.491798245034918e-11,-1.9503003329974372e-11
193.37,-7.468869226222774e-11,-1.9640515779536308e-11
193.38,-7.445725308951045e-11,-1.977693545952366e-11
193.39,-7.42236777440874e-11,-1.991225804542008e-11
193.4,-7.398797985950963e-11,-2.0046478500181593e-11
193.41,-7.375017249806425e-11,-2.017959257366792e-11
193.42,-7.351026897141906e-11,-2.0311595683825442e-11
193.43,-7.326828271010703e-11,-2.04424832950282e-11
193.44,-7.302422712733279e-11,-2.057225104887788e-11
193.45,-7.277811542390659e-11,-2.0700894759616212e-11
193.46,-7.252996150811985e-11,-2.08284099787979e-11
193.47,-7.227977880497396e-11,-2.0954792610525004e-11
193.48,-7.202758087186555e-11,-2.1080038388493507e-11
193.49,-7.177338150225066e-11,-2.1204143351967544e-11
193.5,-7.151719438330837e-11,-2.1327103355082148e-11
193.51,-7.125903332856626e-11,-2.1448914382988625e-11
193.52,-7.099891217053155e-11,-2.1569572641993344e-11
193.53,-7.073684503716984e-11,-2.1689074151021683e-11
193.54,-7.04728454688256e-11,-2.1807415204891866e-11
193.55,-7.020692758724184e-11,-2.1924591900448253e-11
193.56,-6.993910536835751e-11,-2.2040600645181923e-11
193.57,-6.966939341898944e-11,-2.215543795178359e-11
193.58,-6.939780532521086e-11,-2.2269099977145725e-11
193.59,-6.912435521923145e-11,-2.2381583971829887e-11
193.6,-6.88490579685861e-11,-2.249288450894515e-11
193.61,-6.857192718972025e-11,-2.260300027331475e-11
193.62,-6.82929775471422e-11,-2.271192699077047e-11
193.63,-6.801222313302407e-11,-2.2819661756532154e-11
193.64,-6.77296784751967e-11,-2.2926200982015856e-11
193.65,-6.744535832762362e-11,-2.3031541804087744e-11
193.66,-6.715927675394796e-11,-2.313568086191952e-11
193.67,-6.687144854942198e-11,-2.3238615254509733e-11
193.68,-6.658188775144769e-11,-2.3340341799053506e-11
193.69,-6.629061003015084e-11,-2.3440858188235924e-11
193.7,-6.599762917023124e-11,-2.354016083805095e-11
193.71,-6.570296021819487e-11,-2.3638247194111522e-11
193.72,-6.540661758154607e-11,-2.3735114622162816e-11
193.73,-6.510861652285286e-11,-2.3830760249255438e-11
193.74,-6.480897135894595e-11,-2.3925181557606566e-11
193.75,-6.450769715861446e-11,-2.4018375937679477e-11
193.76,-6.420480897514962e-11,-2.4110340905647115e-11
193.77,-6.390032104909435e-11,-2.4201073672021337e-11
193.78,-6.359424968025325e-11,-2.4290572837738218e-11
193.79,-6.328660824680838e-11,-2.43788349945183e-11
193.8,-6.29774129328286e-11,-2.446585835720637e-11
193.81,-6.266667810719533e-11,-2.455164060994863e-11
193.82,-6.235441910426042e-11,-2.4636179564284183e-11
193.83,-6.204065100065295e-11,-2.4719473199366363e-11
193.84,-6.172538899580575e-11,-2.480151949950255e-11
193.85,-6.140864815193238e-11,-2.488231638340276e-11
193.86,-6.109044427021412e-11,-2.4961862070613733e-11
193.87,-6.077079105146816e-11,-2.5040154496174972e-11
193.88,-6.04497051186357e-11,-2.5117192034656012e-11
193.89,-6.012720119441545e-11,-2.5192972900275806e-11
193.9,-5.980329492094822e-11,-2.5267495398329685e-11
193.91,-5.947800164838101e-11,-2.5340757940866653e-11
193.92,-5.915133621971872e-11,-2.541275899238191e-11
193.93,-5.882331438376934e-11,-2.5483496996519225e-11
193.94,-5.849395151393867e-11,-2.5552970493524543e-11
193.95,-5.8163262746667684e-11,-2.562117845813239e-11
193.96,-5.783126410281956e-11,-2.5688118604252016e-11
193.97,-5.7497970625111775e-11,-2.5753790608491328e-11
193.98,-5.716339803239623e-11,-2.5818192870077434e-11
193.99,-5.682756162513988e-11,-2.5881324504688654e-11
194.0,-5.6490476982254864e-11,-2.594318410883748e-11
194.01,-5.615215968112093e-11,-2.6003770769450698e-11
194.02,-5.5812625257259234e-11,-2.6063083609555708e-11
194.03,-5.547188950648855e-11,-2.61211216307063e-11
194.04,-5.5129967593734904e-11,-2.617788354509465e-11
194.05,-5.4786875875984635e-11,-2.6233369929205815e-11
194.06,-5.444262906968738e-11,-2.6287578568398384e-11
194.07,-5.40972437246237e-11,-2.6340509502366237e-11
194.08,-5.375073514613155e-11,-2.6392161809211253e-11
194.09,-5.340311843271816e-11,-2.6442535230391483e-11
194.1,-5.305441009183956e-11,-2.6491629085740192e-11
194.11,-5.270462536928272e-11,-2.6539442869593905e-11
194.12,-5.235378033389329e-11,-2.6585976348766843e-11
194.13,-5.200189028443355e-11,-2.6631229295456873e-11
194.14,-5.1648971435008944e-11,-2.667520095886883e-11
194.15,-5.129503917590619e-11,-2.6717891595987564e-11
194.16,-5.094010942789119e-11,-2.6759300987160903e-11
194.17,-5.0584197203437156e-11,-2.6799428752552694e-11
194.18,-5.0227320331924427e-11,-2.683827539630649e-11
194.19,-4.9869492692654164e-11,-2.6875840440126643e-11
194.2,-4.9510730640686585e-11,-2.6912124152187525e-11
194.21,-4.9151049777008985e-11,-2.6947126637989197e-11
194.22,-4.8790466409772814e-11,-2.6980848199366033e-11
194.23,-4.84289958220257e-11,-2.701328897461248e-11
194.24,-4.806665399652788e-11,-2.7044449265138513e-11
194.25,-4.7703456930158846e-11,-2.7074329501790453e-11
194.26,-4.7339420053192867e-11,-2.7102929787252695e-11
194.27,-4.697455998309618e-11,-2.713025154977711e-11
194.28,-4.660889157476816e-11,-2.7156294308148637e-11
194.29,-4.6242431151432544e-11,-2.718105907665621e-11
194.3,-4.587519468845799e-11,-2.7204546346981537e-11
194.31,-4.550719730696383e-11,-2.7226757005799145e-11
194.32,-4.5138455750585095e-11,-2.7247691803349618e-11
194.33,-4.476898536453443e-11,-2.726735143117804e-11
194.34,-4.439880197529564e-11,-2.728573688486453e-11
194.35,-4.402792112043109e-11,-2.7302849058897284e-11
194.36,-4.3656359521458826e-11,-2.7318688891146784e-11
194.37,-4.3284131975920803e-11,-2.7333257531775585e-11
194.38,-4.291125463378338e-11,-2.7346555856618742e-11
194.39,-4.2537743738578905e-11,-2.7358585492789632e-11
194.4,-4.216361438601958e-11,-2.7369347158169227e-11
194.41,-4.178888276126681e-11,-2.73788422648694e-11
194.42,-4.141356483517517e-11,-2.7387072184497506e-11
194.43,-4.1037675867118925e-11,-2.7394038370281443e-11
194.44,-4.0661232052708975e-11,-2.7399742128698023e-11
194.45,-4.0284248829168455e-11,-2.7404184932142454e-11
194.46,-3.9906742045082184e-11,-2.740736838204257e-11
194.47,-3.952872787285796e-11,-2.7409294098026275e-11
194.48,-3.9150221271266424e-11,-2.7409963658891473e-11
194.49,-3.877123861928068e-11,-2.740937882286157e-11
194.5,-3.8391795216959534e-11,-2.740754136734064e-11
194.51,-3.801190691740894e-11,-2.7404452952571608e-11
194.52,-3.7631589341596134e-11,-2.740011554324149e-11
194.53,-3.725085865881142e-11,-2.739453119702776e-11
194.54,-3.686972917967284e-11,-2.7387701614106706e-11
194.55,-3.648821800683184e-11,-2.7379628991849223e-11
194.56,-3.610634002090104e-11,-2.737031533935599e-11
194.57,-3.57241110359871e-11,-2.7359762802289486e-11
194.58,-3.534154658659177e-11,-2.734797373251229e-11
194.59,-3.495866224141561e-11,-2.733495009109682e-11
194.6,-3.4575473402243084e-11,-2.732069421077521e-11
194.61,-3.4191995912502e-11,-2.730520851416545e-11
194.62,-3.3808245572087617e-11,-2.7288495729581343e-11
194.63,-3.342423668122853e-11,-2.727055733106713e-11
194.64,-3.303998583872581e-11,-2.725139670114804e-11
194.65,-3.265550811880562e-11,-2.723101607912832e-11
194.66,-3.2270819263316905e-11,-2.7209418237479633e-11
194.67,-3.188593401421222e-11,-2.718660545694309e-11
194.68,-3.150086838659936e-11,-2.7162580623348197e-11
194.69,-3.111563753722922e-11,-2.713734657889e-11
194.7,-3.073025664738291e-11,-2.7110906037899936e-11
194.71,-3.034474160197296e-11,-2.7083261971746784e-11
194.72,-2.9959106778611546e-11,-2.7054416887473303e-11
194.73,-2.957336823601741e-11,-2.7024374138110924e-11
194.74,-2.91875408966408e-11,-2.6993136556529914e-11
194.75,-2.8801639813514858e-11,-2.6960707167220643e-11
194.76,-2.841568091284112e-11,-2.692708918239177e-11
194.77,-2.802967888092798e-11,-2.6892285752979873e-11
194.78,-2.7643648476331258e-11,-2.685629979433393e-11
194.79,-2.725760537730564e-11,-2.68191348436923e-11
194.8,-2.6871564533951614e-11,-2.6780794009655818e-11
194.81,-2.6485540780001362e-11,-2.6741280836784388e-11
194.82,-2.6099549577182262e-11,-2.6700598498453546e-11
194.83,-2.571360520364156e-11,-2.6658750459104372e-11
194.84,-2.532772309378404e-11,-2.6615740242488595e-11
194.85,-2.4941918386784512e-11,-2.6571571417835017e-11
194.86,-2.455620569291923e-11,-2.6526247386332914e-11
194.87,-2.4170599995868203e-11,-2.6479772042293108e-11
194.88,-2.378511570293248e-11,-2.6432148711921236e-11
194.89,-2.339976826627077e-11,-2.638338135775134e-11
194.9,-2.3014572082879148e-11,-2.6333473718045724e-11
194.91,-2.2629542056812216e-11,-2.6282429470278598e-11
194.92,-2.224469261809198e-11,-2.6230252630802325e-11
194.93,-2.186003935249898e-11,-2.6176946969447136e-11
194.94,-2.1475594683212834e-11,-2.6122516230126255e-11
194.95,-2.1091375181506326e-11,-2.6066964706004306e-11
194.96,-2.0707395048062797e-11,-2.601029637379883e-11
194.97,-2.032366830138808e-11,-2.5952515270169107e-11
194.98,-1.9940210172988604e-11,-2.589362543934804e-11
194.99,-1.9557034375759465e-11,-2.583363113982434e-11
195.0,-1.917415544064746e-11,-2.5772536457026516e-11
195.01,-1.8791587958404673e-11,-2.5710345684178953e-11
195.02,-1.8409345379700756e-11,-2.564706301166348e-11
195.03,-1.802744419128746e-11,-2.5582693294759763e-11
195.04,-1.7645896477537566e-11,-2.5517240244175338e-11
195.05,-1.7264716960919868e-11,-2.5450708473140497e-11
195.06,-1.6883920115582792e-11,-2.538310257113217e-11
195.07,-1.650351969464335e-11,-2.531442688560336e-11
195.08,-1.61235299971093e-11,-2.5244686122691447e-11
195.09,-1.5743965055484555e-11,-2.517388468694406e-11
195.1,-1.536483866162459e-11,-2.5102027217743305e-11
195.11,-1.4986165813548977e-11,-2.50291187098563e-11
195.12,-1.4607957569881338e-11,-2.4955163143573296e-11
195.13,-1.4230230772902692e-11,-2.488016598644647e-11
195.14,-1.3852997713094949e-11,-2.4804131640355387e-11
195.15,-1.3476272760927733e-11,-2.4727065024776932e-11
195.16,-1.3100069433930723e-11,-2.4648971027466953e-11
195.17,-1.2724401215567064e-11,-2.4569854516800945e-11
195.18,-1.2349281806199283e-11,-2.4489720478778718e-11
195.19,-1.1974724785739853e-11,-2.4408573783360028e-11
195.2,-1.1600743594507182e-11,-2.432641969773433e-11
195.21,-1.1227351854326803e-11,-2.4243262626603474e-11
195.22,-1.0854562848481846e-11,-2.4159108367717192e-11
195.23,-1.048239009294205e-11,-2.407396162254226e-11
195.24,-1.0110846657423854e-11,-2.3987828057484076e-11
195.25,-9.739945782670223e-12,-2.3900712266107564e-11
195.26,-9.369700978932452e-12,-2.3812619914140287e-11
195.27,-9.000125131702084e-12,-2.3723555915601096e-11
195.28,-8.631231523731662e-12,-2.3633525853278422e-11
195.29,-8.263034089082243e-12,-2.354253512977299e-11
195.3,-7.895543149855509e-12,-2.345058875303231e-11
195.31,-7.528774051529061e-12,-2.335769242571684e-11
195.32,-7.16273905551243e-12,-2.3263851531328347e-11
195.33,-6.797450997588541e-12,-2.316907166303635e-11
195.34,-6.432922664312279e-12,-2.307335818210304e-11
195.35,-6.06916644309127e-12,-2.2976716583829332e-11
195.36,-5.706195899855521e-12,-2.287915272044703e-11
195.37,-5.344022519530629e-12,-2.2780671860568602e-11
195.38,-4.982659655000176e-12,-2.2681279998180117e-11
195.39,-4.622119708176013e-12,-2.2580982585532268e-11
195.4,-4.262414626788039e-12,-2.247978537030682e-11
195.41,-3.9035574786597355e-12,-2.2377694166575058e-11
195.42,-3.545560040585831e-12,-2.2274714727222587e-11
195.43,-3.1884349773626916e-12,-2.217085286580129e-11
195.44,-2.832194312564763e-12,-2.2066114393174914e-11
195.45,-2.4768502031908638e-12,-2.196050512688484e-11
195.46,-2.1224148173006857e-12,-2.1854031086910883e-11
195.47,-1.7689002199305343e-12,-2.1746698027464335e-11
195.48,-1.416318188983359e-12,-2.1638512238039874e-11
195.49,-1.0646810017631438e-12,-2.152947948848006e-11
195.5,-7.140002277948873e-13,-2.1419605711554796e-11
195.51,-3.642876906488222e-13,-2.1308897061736197e-11
195.52,-1.5555125008400592e-14,-2.119735960124852e-11
195.53,3.321856829045808e-13,-2.108499940715876e-11
195.54,6.789230434603427e-13,-2.097182281226517e-11
195.55,1.0246457188235252e-12,-2.0857835712214524e-11
195.56,1.369341677875151e-12,-2.0743044455577193e-11
195.57,1.7130001133212188e-12,-2.0627455138130188e-11
195.58,2.0556094133287352e-12,-2.0511074091200254e-11
195.59,2.3971580990072956e-12,-2.0393907488827702e-11
195.6,2.73763535013874e-12,-2.027596180557483e-11
195.61,3.077029658888641e-12,-2.0157243161097007e-11
195.62,3.415329998937024e-12,-2.0037758021648717e-11
195.63,3.752525269296952e-12,-1.9917512742266696e-11
195.64,4.088604586640655e-12,-1.9796513716883767e-11
195.65,4.4235569221422946e-12,-1.9674767317714067e-11
195.66,4.757371733533654e-12,-1.9552279916936627e-11
195.67,5.09003779851636e-12,-1.9429058197436445e-11
195.68,5.421544675739922e-12,-1.9305108572624573e-11
195.69,5.75188180693908e-12,-1.918043743191804e-11
195.7,6.0810383589924945e-12,-1.9055051401670843e-11
195.71,6.409003892438286e-12,-1.8928956999755728e-11
195.72,6.7357682094487345e-12,-1.8802161032222807e-11
195.73,7.061320709526173e-12,-1.8674669631223434e-11
195.74,7.38565096515804e-12,-1.8546489554459122e-11
195.75,7.70874899936769e-12,-1.8417628229672636e-11
195.76,8.030604701764764e-12,-1.8288091335584482e-11
195.77,8.351207382900596e-12,-1.815788594297689e-11
195.78,8.670547541294338e-12,-1.8027018734960966e-11
195.79,8.988615386507395e-12,-1.7895496399723058e-11
195.8,9.305400534415493e-12,-1.7763325737871468e-11
195.81,9.6208933595519e-12,-1.7630513478323416e-11
195.82,9.93508419054779e-12,-1.7497066470518582e-11
195.83,1.0247962880039552e-11,-1.736299158092628e-11
195.84,1.0559520650819027e-11,-1.7228295272022913e-11
195.85,1.086974755528911e-11,-1.7092984768753126e-11
195.86,1.1178633941466201e-11,-1.695706673488588e-11
195.87,1.1486170351680141e-11,-1.682054822334226e-11
195.88,1.1792347857270482e-11,-1.668343593731719e-11
195.89,1.209715693587902e-11,-1.6545736897705196e-11
195.9,1.2400588443328119e-11,-1.640745795330178e-11
195.91,1.2702633333607694e-11,-1.6268606068691672e-11
195.92,1.3003282472191828e-11,-1.6129187889908635e-11
195.93,1.3302527198776043e-11,-1.598921137011261e-11
195.94,1.3600358252629383e-11,-1.584868249825629e-11
195.95,1.3896766866156889e-11,-1.570760861053105e-11
195.96,1.4191744418098725e-11,-1.55659966611168e-11
195.97,1.4485281977221693e-11,-1.5423853873941434e-11
195.98,1.4777371301466204e-11,-1.5281187074776033e-11
195.99,1.506800377800884e-11,-1.5138003442848366e-11
196.0,1.5357170947867043e-11,-1.4994309966885554e-11
196.01,1.564486416259905e-11,-1.4850114091167896e-11
196.02,1.5931075382237596e-11,-1.4705422038069263e-11
196.03,1.621579717144008e-11,-1.456024146462107e-11
196.04,1.6499019217948582e-11,-1.4414579942744288e-11
196.05,1.6780735207218004e-11,-1.4268443884012754e-11
196.06,1.706093687770608e-11,-1.4121840794020578e-11
196.07,1.733961611277824e-11,-1.3974777699136746e-11
196.08,1.7616765025622443e-11,-1.382726173068288e-11
196.09,1.7892376131382454e-11,-1.3679300068357714e-11
196.1,1.8166440557630055e-11,-1.3530900144554473e-11
196.11,1.8438952905441436e-11,-1.3382068789839251e-11
196.12,1.8709903812300775e-11,-1.3232813339564198e-11
196.13,1.8979286289552376e-11,-1.3083141040740206e-11
196.14,1.92470932538852e-11,-1.293305924278656e-11
196.15,1.951331664610397e-11,-1.2782574711037334e-11
196.16,1.9777949997918298e-11,-1.2631695128239089e-11
196.17,2.0040985819296753e-11,-1.2480427586058187e-11
196.18,2.0302417000493755e-11,-1.2328779359458433e-11
196.19,2.0562237127351522e-11,-1.2176757455400472e-11
196.2,2.0820438055070577e-11,-1.2024369620877573e-11
196.21,2.1077013760648128e-11,-1.1871622772545061e-11
196.22,2.133195746514788e-11,-1.1718524205792328e-11
196.23,2.1585262085176725e-11,-1.1565081482064237e-11
196.24,2.1836921596210756e-11,-1.1411301286962174e-11
196.25,2.208692886678745e-11,-1.1257191360925905e-11
196.26,2.2335277732756703e-11,-1.1102758904109388e-11
196.27,2.258196187191765e-11,-1.0948011266950923e-11
196.28,2.2826974425020548e-11,-1.0792955749822222e-11
196.29,2.3070310358492822e-11,-1.0637599418114516e-11
196.3,2.331196200557088e-11,-1.0481949817584611e-11
196.31,2.3551924323484822e-11,-1.0326014230188458e-11
196.32,2.379019117928205e-11,-1.016979980166761e-11
196.33,2.4026756441686974e-11,-1.001331409200456e-11
196.34,2.4261614165154322e-11,-9.85656431643062e-12
196.35,2.4494758572576915e-11,-9.699557730255665e-12
196.36,2.472618476650895e-11,-9.54230159784093e-12
196.37,2.4955886308297194e-11,-9.38480340430596e-12
196.38,2.5183857847998814e-11,-9.227070301862792e-12
196.39,2.5410094121585516e-11,-9.069109684567242e-12
196.4,2.5634589661027042e-11,-8.910928926669492e-12
196.41,2.5857339256414752e-11,-8.752535318210063e-12
196.42,2.6078337260290463e-11,-8.593936122203038e-12
196.43,2.6297579462479825e-11,-8.43513861230076e-12
196.44,2.6515060064999785e-11,-8.276150254841735e-12
196.45,2.673077442697059e-11,-8.11697822802603e-12
196.46,2.6944717330836006e-11,-7.95762986078684e-12
196.47,2.715688416886584e-11,-7.798112510418144e-12
196.48,2.7367270552341168e-11,-7.638433461402905e-12
196.49,2.757587145743725e-11,-7.478599998942135e-12
196.5,2.7782682472270073e-11,-7.318619223273763e-12
196.51,2.798769880937708e-11,-7.158499147682662e-12
196.52,2.8190916331698305e-11,-6.9982462178184064e-12
196.53,2.8392330601689212e-11,-6.837868189972307e-12
196.54,2.8591937620430242e-11,-6.677372012404772e-12
196.55,2.8789732754407665e-11,-6.516765265346392e-12
196.56,2.8985712269581578e-11,-6.356055248128143e-12
196.57,2.917987183659081e-11,-6.195248981224005e-12
196.58,2.937220814546475e-11,-6.034353888269083e-12
196.59,2.956271645017249e-11,-5.8733774125906206e-12
196.6,2.9751394230784855e-11,-5.7123259490321565e-12
196.61,2.9938236646930214e-11,-5.551207667072681e-12
196.62,3.012324049832897e-11,-5.390029520663295e-12
196.63,3.03064020002178e-11,-5.2287988104458135e-12
196.64,3.048771835782586e-11,-5.067522325048734e-12
196.65,3.0667185733707775e-11,-4.90620778835758e-12
196.66,3.0844800658627866e-11,-4.744862189150387e-12
196.67,3.102056029407928e-11,-4.583492682520933e-12
196.68,3.119446064523659e-11,-4.4221066400388105e-12
196.69,3.1366500640010274e-11,-4.2607110025117696e-12
196.7,3.1536675225333726e-11,-4.099313094714777e-12
196.71,3.1704982665963206e-11,-3.937919884726694e-12
196.72,3.187141994405178e-11,-3.776538768501862e-12
196.73,3.203598361506837e-11,-3.615176672061553e-12
196.74,3.2198671656363206e-11,-3.453840845673449e-12
196.75,3.235948153390577e-11,-3.2925383892226366e-12
196.76,3.251841076397274e-11,-3.1312763559397145e-12
196.77,3.267545676027219e-11,-2.970061738818881e-12
196.78,3.283061698857988e-11,-2.808902006095623e-12
196.79,3.2983889555560854e-11,-2.647803821786443e-12
196.8,3.3135272138947666e-11,-2.4867743747577754e-12
196.81,3.328476289602682e-11,-2.3258207197685644e-12
196.82,3.3432358870554066e-11,-2.164949794478949e-12
196.83,3.3578059239593704e-11,-2.0041687674614544e-12
196.84,3.3721861606687086e-11,-1.8434845470469195e-12
196.85,3.386376427005528e-11,-1.6829040672842563e-12
196.86,3.400376553585639e-11,-1.5224343650296174e-12
196.87,3.414186368288768e-11,-1.3620823843504597e-12
196.88,3.4278057239603327e-11,-1.2018551256513921e-12
196.89,3.441234467282635e-11,-1.041759572642449e-12
196.9,3.4544723739715436e-11,-8.81802488372005e-13
196.91,3.467519577716185e-11,-7.219906932717669e-13
196.92,3.480375684439667e-11,-5.623312155216798e-13
196.93,3.4930406769123007e-11,-4.028309823772602e-13
196.94,3.505514445332306e-11,-2.4349673552419934e-13
196.95,3.517796865098657e-11,-8.43352902662621e-14
196.96,3.529887869295904e-11,7.464647535360256e-14
196.97,3.541787364190172e-11,2.334417149999661e-13
196.98,3.5534952740542854e-11,3.9204385959647985e-13
196.99,3.56501154969686e-11,5.50445844541439e-13
197.0,3.576336043613628e-11,7.086412869575601e-13
197.01,3.587468823853864e-11,8.666231383266401e-13
197.02,3.5984097567546436e-11,1.0243848453744471e-12
197.03,3.609158832264948e-11,1.1819197291912685e-12
197.04,3.619716032034338e-11,1.3392211198878692e-12
197.05,3.6300812959721026e-11,1.4962822392111827e-12
197.06,3.6402546591554617e-11,1.6530965966218006e-12
197.07,3.650236053341823e-11,1.809657540797611e-12
197.08,3.660025555970696e-11,1.9659588620906357e-12
197.09,3.669623057765861e-11,2.1219928507378305e-12
197.1,3.679028672122407e-11,2.2777541512909543e-12
197.11,3.688242372437362e-11,2.4332357156624853e-12
197.12,3.6972642317048257e-11,2.588431150294207e-12
197.13,3.7060942414088075e-11,2.7433339680686506e-12
197.14,3.7147324551570284e-11,2.897937592349257e-12
197.15,3.723178952984572e-11,3.0522359119322273e-12
197.16,3.731433768849193e-11,3.2062221478789276e-12
197.17,3.739497000985646e-11,3.359890483944143e-12
197.18,3.747368639381149e-11,3.5132332104881205e-12
197.19,3.7550488543923617e-11,3.6662453303304724e-12
197.2,3.7625376803425656e-11,3.8189199240438556e-12
197.21,3.769835266624636e-11,3.971251060626116e-12
197.22,3.7769416633780197e-11,4.123231975120356e-12
197.23,3.7838570100923696e-11,4.274856780422647e-12
197.24,3.790581437979738e-11,4.4261191542120926e-12
197.25,3.797115039566834e-11,4.577012813831644e-12
197.26,3.803457983928094e-11,4.727531528445193e-12
197.27,3.809610355061415e-11,4.87766939628362e-12
197.28,3.815572362850658e-11,5.027420113127151e-12
197.29,3.8213441098450234e-11,5.176777520220105e-12
197.3,3.826925780542136e-11,5.3257355584084635e-12
197.31,3.832317581097884e-11,5.474288266946186e-12
197.32,3.8375196093832234e-11,5.622429517371518e-12
197.33,3.8425321148345954e-11,5.770153400949015e-12
197.34,3.847355250192147e-11,5.917453902203677e-12
197.35,3.851989221769029e-11,6.064325021488827e-12
197.36,3.8564342620315006e-11,6.210760871555901e-12
197.37,3.860690552020595e-11,6.356755649345068e-12
197.38,3.864758318331352e-11,6.5023034089013e-12
197.39,3.868637784364824e-11,6.647398294672157e-12
197.4,3.872329171539431e-11,6.7920343934415254e-12
197.41,3.875832769646236e-11,6.9362063087130786e-12
197.42,3.8791487332792074e-11,7.079907734331347e-12
197.43,3.882277404366412e-11,7.2231333461480005e-12
197.44,3.885219006326339e-11,7.36587712689855e-12
197.45,3.887973805407134e-11,7.508133798216668e-12
197.46,3.890542071648075e-11,7.649897570128495e-12
197.47,3.892924090978434e-11,7.791162554465894e-12
197.48,3.895120175968082e-11,7.931923739693285e-12
197.49,3.8971305854603885e-11,8.07217503730196e-12
197.5,3.898955621954186e-11,8.211911160607622e-12
197.51,3.9005956312277026e-11,8.351126545149576e-12
197.52,3.9020508867768446e-11,8.489815760413207e-12
197.53,3.9033217291661825e-11,8.62797365399237e-12
197.54,3.9044084743501374e-11,8.76559408210888e-12
197.55,3.9053114671122635e-11,8.902672304615005e-12
197.56,3.9060310495703114e-11,9.039202885723522e-12
197.57,3.906567562240916e-11,9.175180464685562e-12
197.58,3.906921381460949e-11,9.310599776359539e-12
197.59,3.9070928263641906e-11,9.445455497318793e-12
197.6,3.907082293712488e-11,9.579742502901852e-12
197.61,3.9068901679227255e-11,9.713455700171172e-12
197.62,3.906516764612378e-11,9.846590050906557e-12
197.63,3.9059625759029824e-11,9.979139509573263e-12
197.64,3.9052279069112776e-11,1.0111100100986383e-11
197.65,3.9043131775048355e-11,1.0242466331559854e-11
197.66,3.903218810557513e-11,1.0373233327500028e-11
197.67,3.901945220937561e-11,1.0503395884516613e-11
197.68,3.9004927961784814e-11,1.0632949274021118e-11
197.69,3.898861986184047e-11,1.0761888493182728e-11
197.7,3.897053217563111e-11,1.0890208572696642e-11
197.71,3.895066968686713e-11,1.1017904822080422e-11
197.72,3.892903530062886e-11,1.1144972112894803e-11
197.73,3.89056348612658e-11,1.1271405691952577e-11
197.74,3.888047304567908e-11,1.1397201662893108e-11
197.75,3.885355417451836e-11,1.1522354328021472e-11
197.76,3.882488239750978e-11,1.1646859303695576e-11
197.77,3.879446301427451e-11,1.1770712035436231e-11
197.78,3.876230057588276e-11,1.1893907785130866e-11
197.79,3.872839989753246e-11,1.2016441997145188e-11
197.8,3.869276576772264e-11,1.2138310231965159e-11
197.81,3.8655404074428996e-11,1.2259508030186949e-11
197.82,3.861631876778248e-11,1.2380030798273855e-11
197.83,3.857551531401124e-11,1.249987410246863e-11
197.84,3.853299871514998e-11,1.2619033458228284e-11
197.85,3.8488774624514517e-11,1.2737504824990105e-11
197.86,3.844284774217163e-11,1.285528358007024e-11
197.87,3.839522371089826e-11,1.2972365371343835e-11
197.88,3.8345907666702874e-11,1.3088746357988815e-11
197.89,3.829490553618208e-11,1.320442146481412e-11
197.9,3.8242221659648244e-11,1.3319388092924684e-11
197.91,3.818786282007782e-11,1.3433640578969646e-11
197.92,3.813183395441974e-11,1.354717528991345e-11
197.93,3.8074141327231187e-11,1.3659988437749668e-11
197.94,3.801478956261281e-11,1.3772075595402226e-11
197.95,3.795378534105961e-11,1.3883433008677631e-11
197.96,3.789113411828553e-11,1.3994056573411913e-11
197.97,3.7826841866174765e-11,1.4103942478363402e-11
197.98,3.776091424653586e-11,1.4213087136061351e-11
197.99,3.769335757683224e-11,1.4321485765467084e-11
198.0,3.762417791863989e-11,1.4429135421925221e-11
198.01,3.7553380963563614e-11,1.4536032179431318e-11
198.02,3.748097271950412e-11,1.4642171931205667e-11
198.03,3.740696018728e-11,1.4747551663893223e-11
198.04,3.733134884668819e-11,1.4852167124782673e-11
198.05,3.725414511528957e-11,1.4956014871946644e-11
198.06,3.717535546008654e-11,1.5059091348008512e-11
198.07,3.709498648524631e-11,1.5161392900375506e-11
198.08,3.7013043700202154e-11,1.5262916213450882e-11
198.09,3.692953440818845e-11,1.5363657729414246e-11
198.1,3.684446503944031e-11,1.546361406846625e-11
198.11,3.675784280833191e-11,1.5562781671120006e-11
198.12,3.6669672029696294e-11,1.5661157460906746e-11
198.13,3.657996176459846e-11,1.5758738042782638e-11
198.14,3.6488717844283584e-11,1.585551997283411e-11
198.15,3.639594688696465e-11,1.5951500013338572e-11
198.16,3.630165614963994e-11,1.604667533033616e-11
198.17,3.62058522232005e-11,1.6141042466728107e-11
198.18,3.6108542012084104e-11,1.623459846608039e-11
198.19,3.60097325279585e-11,1.6327340127273353e-11
198.2,3.5909430421783875e-11,1.6419264594516596e-11
198.21,3.580764330037968e-11,1.6510368389861518e-11
198.22,3.5704377965039745e-11,1.6600649156163737e-11
198.23,3.559964127972323e-11,1.6690103718951888e-11
198.24,3.5493441079836766e-11,1.6778729328230753e-11
198.25,3.5385783854046646e-11,1.686652294277e-11
198.26,3.527667751608094e-11,1.6953481910002924e-11
198.27,3.5166128657466345e-11,1.7039603439066862e-11
198.28,3.505414520109687e-11,1.7124884854008868e-11
198.29,3.4940734372852444e-11,1.720932340388503e-11
198.3,3.48259035283984e-11,1.7292916570138576e-11
198.31,3.4709659997374373e-11,1.7375661623785038e-11
198.32,3.4592011709819605e-11,1.7457556175976418e-11
198.33,3.447296598489421e-11,1.753859765396929e-11
198.34,3.435253002630165e-11,1.7618783217988744e-11
198.35,3.423071223608406e-11,1.769811110271874e-11
198.36,3.410751961034064e-11,1.7776578507661422e-11
198.37,3.3982960266000914e-11,1.7854183187226635e-11
198.38,3.3857041802372934e-11,1.7930922862780953e-11
198.39,3.37297718947903e-11,1.8006795013685767e-11
198.4,3.36011584823802e-11,1.8081797795524182e-11
198.41,3.347120957248358e-11,1.8155928662746626e-11
198.42,3.333993279162317e-11,1.8229185763963996e-11
198.43,3.3207336289482435e-11,1.8301567108186562e-11
198.44,3.307342750095521e-11,1.8373070012693825e-11
198.45,3.293821550241342e-11,1.8443693145338124e-11
198.46,3.280170740558165e-11,1.8513434054821748e-11
198.47,3.266391123522845e-11,1.8582291248854692e-11
198.48,3.2524835881875475e-11,1.8650262050521307e-11
198.49,3.238448894023726e-11,1.8717345353351195e-11
198.5,3.2242878652106773e-11,1.878353912628394e-11
198.51,3.210001329642749e-11,1.8848841559228482e-11
198.52,3.1955901026345345e-11,1.8913250787125792e-11
198.53,3.1810550055624e-11,1.897676528557717e-11
198.54,3.166396914498777e-11,1.903938343501855e-11
198.55,3.151616597082542e-11,1.9101103567472956e-11
198.56,3.1367148918121604e-11,1.9161923798382543e-11
198.57,3.121692761698562e-11,1.9221843316280324e-11
198.58,3.106550920017177e-11,1.928086000504516e-11
198.59,3.091290250815043e-11,1.933897265458599e-11
198.6,3.0759115884377934e-11,1.9396179821663748e-11
198.61,3.060415836767202e-11,1.9452480052978306e-11
198.62,3.044803809454622e-11,1.9507872217191707e-11
198.63,3.029076364140169e-11,1.956235492297738e-11
198.64,3.0132343812600325e-11,1.961592687405728e-11
198.65,2.997278611253871e-11,1.9668586641797782e-11
198.66,2.9812102046197756e-11,1.9720334030017046e-11
198.67,2.965029732632673e-11,1.9771166921107105e-11
198.68,2.9487382285575545e-11,1.9821084609257193e-11
198.69,2.932336516061528e-11,1.9870085759946156e-11
198.7,2.9158254612494447e-11,1.9918170070161606e-11
198.71,2.8992059570678433e-11,1.9965335893852842e-11
198.72,2.8824789019992825e-11,2.001158260193297e-11
198.73,2.8656451638808143e-11,2.0056909327332754e-11
198.74,2.8487056611469664e-11,2.0101315324007027e-11
198.75,2.8316612058917543e-11,2.0144799460889323e-11
198.76,2.814512758711725e-11,2.018736136793811e-11
198.77,2.797261217466003e-11,2.0229000134800188e-11
198.78,2.7799074732090678e-11,2.0269715235999875e-11
198.79,2.7624523478394347e-11,2.0309505798900562e-11
198.8,2.7448968292354446e-11,2.0348371634392748e-11
198.81,2.7272418148799187e-11,2.0386311881130592e-11
198.82,2.70948816253747e-11,2.0423326099898053e-11
198.83,2.6916368159213427e-11,2.0459413895491443e-11
198.84,2.673688690830779e-11,2.0494574766536072e-11
198.85,2.6556446686174113e-11,2.0528808462662023e-11
198.86,2.6375056893879975e-11,2.0562114462929727e-11
198.87,2.6192725638937833e-11,2.0594492749278828e-11
198.88,2.600946451207538e-11,2.0625942616984685e-11
198.89,2.582528047351344e-11,2.0656464193723677e-11
198.9,2.5640183520273438e-11,2.0686057313239756e-11
198.91,2.5454182782665478e-11,2.071472174257573e-11
198.92,2.5267287589600403e-11,2.0742457359880368e-11
198.93,2.50795070548532e-11,2.0769264125499876e-11
198.94,2.489085056171266e-11,2.07951420285877e-11
198.95,2.47013274602463e-11,2.0820091176474547e-11
198.96,2.4510947228064308e-11,2.0844111250192926e-11
198.97,2.431971807763348e-11,2.0867203180953445e-11
198.98,2.412765075257273e-11,2.0889366319863312e-11
198.99,2.3934753955253638e-11,2.0910601203984632e-11
199.0,2.3741037258307533e-11,2.093090799700473e-11
199.01,2.3546509672126725e-11,2.0950286853140248e-11
199.02,2.335118101487354e-11,2.096873824601272e-11
199.03,2.3155060435362342e-11,2.0986262504285633e-11
199.04,2.2958157517153203e-11,2.1002859919005355e-11
199.05,2.2760481764952413e-11,2.1018531086004615e-11
199.06,2.256204192992565e-11,2.103327607556672e-11
199.07,2.236284827725887e-11,2.1047095782663582e-11
199.08,2.2162909918527357e-11,2.1059990631504425e-11
199.09,2.1962236489898715e-11,2.1071961172709618e-11
199.1,2.1760837140002997e-11,2.1083008128386794e-11
199.11,2.1558721898452626e-11,2.109313198437735e-11
199.12,2.1355899569897388e-11,2.110233360656541e-11
199.13,2.1152380200673887e-11,2.111061363087321e-11
199.14,2.0948172488931895e-11,2.111797254609288e-11
199.15,2.074328794162112e-11,2.1124412145383246e-11
199.16,2.0537734077061656e-11,2.112993235060125e-11
199.17,2.033152083246692e-11,2.1134534296367284e-11
199.18,2.0124658444205878e-11,2.1138218895491132e-11
199.19,1.991715579939857e-11,2.1140987158917495e-11
199.2,1.9709022891867933e-11,2.1142840146215982e-11
199.21,1.950026883894938e-11,2.1143778864964976e-11
199.22,1.9290903645428013e-11,2.1143804435274115e-11
199.23,1.908093691808248e-11,2.1142918013229466e-11
199.24,1.887037769321536e-11,2.1141120469549955e-11
199.25,1.8659235941807632e-11,2.1138413327161305e-11
199.26,1.8447520926790017e-11,2.1134797516786922e-11
199.27,1.8235243212185896e-11,2.113027488732474e-11
199.28,1.80224111261909e-11,2.1124846188091478e-11
199.29,1.7809035038246557e-11,2.1118512975597624e-11
199.3,1.7595124294765742e-11,2.111127654856401e-11
199.31,1.7380688575567068e-11,2.1103138472500936e-11
199.32,1.716573720106747e-11,2.1094100217602113e-11
199.33,1.6950280161860266e-11,2.1084162924410664e-11
199.34,1.6734326880679397e-11,2.1073328504210194e-11
199.35,1.651788707836463e-11,2.106159840825467e-11
199.36,1.6300969893062348e-11,2.1048974347275346e-11
199.37,1.6083585643370704e-11,2.1035457831125382e-11
199.38,1.5865743506868366e-11,2.102105059015633e-11
199.39,1.5647452814585332e-11,2.1005754165650648e-11
199.4,1.5428723747645492e-11,2.0989570616787014e-11
199.41,1.5209565770292512e-11,2.0972501525460745e-11
199.42,1.4989987882157576e-11,2.0954548798116786e-11
199.43,1.477000037266138e-11,2.093571426411188e-11
199.44,1.4549612855974986e-11,2.0915999900645516e-11
199.45,1.4328834257242835e-11,2.0895407450444868e-11
199.46,1.410767448187996e-11,2.087393894596023e-11
199.47,1.3886143280300445e-11,2.0851596370612333e-11
199.48,1.3664250166407997e-11,2.082838215636669e-11
199.49,1.344200450652937e-11,2.080429775135046e-11
199.5,1.3219416900157782e-11,2.0779346133697715e-11
199.51,1.2996494270706789e-11,2.075352790925732e-11
199.52,1.277324881418697e-11,2.0726846628473797e-11
199.53,1.2549689124162309e-11,2.0699304197458157e-11
199.54,1.2325824668443683e-11,2.0670902598879118e-11
199.55,1.2101665026967389e-11,2.0641644284921123e-11
199.56,1.1877219755402785e-11,2.061153139344696e-11
199.57,1.1652498269904593e-11,2.0580566653335587e-11
199.58,1.1427510249200821e-11,2.054875199657751e-11
199.59,1.1202265010339182e-11,2.0516090039906096e-11
199.6,1.097677198012559e-11,2.0482583353889856e-11
199.61,1.0751040816276732e-11,2.044823422509981e-11
199.62,1.0525080902222505e-11,2.0413045212095653e-11
199.63,1.0298901666729127e-11,2.0377018865649134e-11
199.64,1.007251246475664e-11,2.0340157672521213e-11
199.65,9.845923297414964e-12,2.0302464521615274e-11
199.66,9.619142801448806e-12,2.026394168251679e-11
199.67,9.39218063094901e-12,2.0224592149083596e-11
199.68,9.165046670562766e-12,2.0184418648118857e-11
199.69,8.937749466294224e-12,2.014342331066689e-11
199.7,8.710298993205905e-12,2.0101609694793702e-11
199.71,8.482704411518724e-12,2.0058980065901365e-11
199.72,8.254975060480407e-12,2.0015537597162155e-11
199.73,8.027120392893173e-12,1.9971284969188228e-11
199.74,7.799149649639776e-12,1.9926225116569085e-11
199.75,7.571072073251255e-12,1.9880361021243425e-11
199.76,7.342896831197987e-12,1.9833695462049088e-11
199.77,7.114633654703473e-12,1.978623165333138e-11
199.78,6.886291389582427e-12,1.9737972491985444e-11
199.79,6.657879305424781e-12,1.96889209670427e-11
199.8,6.429406789788294e-12,1.963908027583058e-11
199.81,6.200882920252711e-12,1.9588453498979646e-11
199.82,5.9723171168053354e-12,1.953704373403583e-11
199.83,5.743718237511827e-12,1.948485417541351e-11
199.84,5.515095563392654e-12,1.943188801165422e-11
199.85,5.2864583715879046e-12,1.9378148534255746e-11
199.86,5.057816438733849e-12,1.9323638987762316e-11
199.87,4.829176566709411e-12,1.926836229798269e-11
199.88,4.600550231891289e-12,1.9212322289181118e-11
199.89,4.37194538432115e-12,1.915552203888752e-11
199.9,4.1433710963614035e-12,1.9097964890385856e-11
199.91,3.9148373173919546e-12,1.903965447244995e-11
199.92,3.686352127733236e-12,1.8980594014206422e-11
199.93,3.4579245523122987e-12,1.8920786999618524e-11
199.94,3.2295639177924846e-12,1.8860236881240792e-11
199.95,3.001279377325713e-12,1.8798947131736402e-11
199.96,2.7730786589327446e-12,1.8736921521435224e-11
199.97,2.5449719539227184e-12,1.867416340572915e-11
199.98,2.3169674094835543e-12,1.8610676336299245e-11
199.99,2.089075106169977e-12,1.854646432468235e-11
200.0,1.8613016164649863e-12,1.848153007664619e-11
200.01,1.633657530432799e-12,1.8415878263365025e-11
200.02,1.40615114345552e-12,1.834951207062923e-11
200.03,1.178791338635429e-12,1.8282435376500158e-11
200.04,9.51586547276351e-13,1.8214651815672153e-11
200.05,7.245462675564077e-13,1.814616531172399e-11
200.06,4.976782434668407e-13,1.807697951915713e-11
200.07,2.70991471588265e-13,1.800709833077421e-11
200.08,4.44952487339805e-14,1.7936525670858323e-11
200.09,-1.818033679605099e-13,1.7865265138600676e-11
200.1,-4.078943364397089e-13,1.7793320791710637e-11
200.11,-6.337697710643755e-13,1.7720696633031515e-11
200.12,-8.594208596021755e-13,1.7647396465983672e-11
200.13,-1.0848389295642261e-12,1.7573424446846233e-11
200.14,-1.3100158518358548e-12,1.7498784262562284e-11
200.15,-1.5349431072486488e-12,1.7423480226922317e-11
200.16,-1.7596121525835832e-12,1.7347516131110487e-11
200.17,-1.9840139386769253e-12,1.7270896207398816e-11
200.18,-2.208142087630305e-12,1.7193624480853718e-11
200.19,-2.4319863392409376e-12,1.7115704972370316e-11
200.2,-2.6555388271320398e-12,1.7037141969016355e-11
200.21,-2.878791355321526e-12,1.695793952708087e-11
200.22,-3.1017360654317282e-12,1.6878101803255686e-11
200.23,-3.3243643648461575e-12,1.6797632948471682e-11
200.24,-3.5466673782173755e-12,1.6716537427370243e-11
200.25,-3.768638073331712e-12,1.6634819083209065e-11
200.26,-3.9902676549804714e-12,1.6552482391889015e-11
200.27,-4.211548311866519e-12,1.6469531803413878e-11
200.28,-4.432471799181167e-12,1.6385971293930086e-11
200.29,-4.653030029129973e-12,1.630180535024155e-11
200.3,-4.873215058855983e-12,1.621703828930209e-11
200.31,-5.093018529596536e-12,1.6131674485868147e-11
200.32,-5.312433247847939e-12,1.6045718117507903e-11
200.33,-5.531450782338188e-12,1.5959173914433097e-11
200.34,-5.750063264859141e-12,1.58720461052152e-11
200.35,-5.968262847784558e-12,1.5784339152987503e-11
200.36,-6.1860416458309826e-12,1.5696057476895085e-11
200.37,-6.403391927641914e-12,1.5607205649305277e-11
200.38,-6.6203061279178435e-12,1.5517788022234044e-11
200.39,-6.83677615612545e-12,1.5427809237288243e-11
200.4,-7.052794604508601e-12,1.5337273729323904e-11
200.41,-7.268353854801245e-12,1.5246186165876972e-11
200.42,-7.483445529099219e-12,1.5154551003218793e-11
200.43,-7.698062883453489e-12,1.5062372874242995e-11
200.44,-7.912197518503968e-12,1.496965632014346e-11
200.45,-8.12584340521414e-12,1.4876406062975452e-11
200.46,-8.338991675552596e-12,1.47826266417803e-11
200.47,-8.5516355234755e-12,1.4688322605861622e-11
200.48,-8.763766686918745e-12,1.459349898014928e-11
200.49,-8.97537904092986e-12,1.4498160070063727e-11
200.5,-9.186464289967266e-12,1.4402310723388218e-11
200.51,-9.397015418097578e-12,1.4305955721199035e-11
200.52,-9.607025023683381e-12,1.4209099615289085e-11
200.53,-9.816486392877032e-12,1.4111747270952867e-11
200.54,-1.0025391312225345e-11,1.4013903527676083e-11
200.55,-1.0233733441671293e-11,1.3915572970167383e-11
200.56,-1.044150541502395e-11,1.3816760575906602e-11
200.57,-1.0648700361301788e-11,1.3717471022112636e-11
200.58,-1.085531048807669e-11,1.361770905443846e-11
200.59,-1.1061329527386372e-11,1.3517479723752997e-11
200.6,-1.1266750194643944e-11,1.3416787736903934e-11
200.61,-1.147156559767204e-11,1.331563801653325e-11
200.62,-1.1675769258593404e-11,1.3214034761201467e-11
200.63,-1.1879353131208621e-11,1.3111984531956413e-11
200.64,-1.2082311838076804e-11,1.3009490680794673e-11
200.65,-1.2284637090950453e-11,1.2906558667942053e-11
200.66,-1.2486323414460176e-11,1.2803193100260349e-11
200.67,-1.268736357577405e-11,1.2699399468545967e-11
200.68,-1.2887750934736008e-11,1.2595182356527709e-11
200.69,-1.3087478891491617e-11,1.2490546752877035e-11
200.7,-1.3286540682683325e-11,1.2385497687841596e-11
200.71,-1.348492968188893e-11,1.2280040165159674e-11
200.72,-1.3682640047804812e-11,1.2174178942792417e-11
200.73,-1.3879664919812354e-11,1.206791922233955e-11
200.74,-1.407599737504434e-11,1.1961266093273172e-11
200.75,-1.427163129322923e-11,1.185422406011161e-11
200.76,-1.4466561162931082e-11,1.1746799279820803e-11
200.77,-1.4660779685597317e-11,1.1638995725488635e-11
200.78,-1.4854280767632137e-11,1.153081887480884e-11
200.79,-1.504705842253856e-11,1.1422273666809394e-11
200.8,-1.523910637460104e-11,1.1313365238181347e-11
200.81,-1.543041832162037e-11,1.1204098591093695e-11
200.82,-1.5620988406148112e-11,1.1094478944336383e-11
200.83,-1.5810810587772973e-11,1.0984511300122073e-11
200.84,-1.599987891791166e-11,1.0874201154050505e-11
200.85,-1.6188186368778692e-11,1.0763552479112816e-11
200.86,-1.6375728437716553e-11,1.0652571485566747e-11
200.87,-1.6562498595321874e-11,1.054126313850431e-11
200.88,-1.6748491201669663e-11,1.0429632278840398e-11
200.89,-1.6933700220226153e-11,1.0317684180320652e-11
200.9,-1.711811983493054e-11,1.020542407402442e-11
200.91,-1.7301745101592646e-11,1.0092856798447208e-11
200.92,-1.748456890825646e-11,9.979988123861975e-12
200.93,-1.766658678816716e-11,9.866822241543589e-12
200.94,-1.784779279126346e-11,9.753365651764203e-12
200.95,-1.8028181398227092e-11,9.639622490796107e-12
200.96,-1.8207747050865823e-11,9.525598189227315e-12
200.97,-1.8386484504995586e-11,9.411297966241965e-12
200.98,-1.8564387816140156e-11,9.29672716158939e-12
200.99,-1.874145245566567e-11,9.181890731139017e-12
201.0,-1.8917672501313196e-11,9.066794077986073e-12
201.01,-1.9093042782493053e-11,8.95144230541892e-12
201.02,-1.9267558120059144e-11,8.835840565764962e-12
201.03,-1.944121303352597e-11,8.719994438743964e-12
201.04,-1.9614002954165936e-11,8.603908693531406e-12
201.05,-1.978592238935395e-11,8.487588611546647e-12
201.06,-1.9956966380179025e-11,8.371039708205761e-12
201.07,-2.012713003925052e-11,8.254266905462882e-12
201.08,-2.029640785752143e-11,8.13727584129651e-12
201.09,-2.0464795943303654e-11,8.020071092832175e-12
201.1,-2.0632288349725346e-11,7.902658484732656e-12
201.11,-2.0798880657530042e-11,7.785042549003825e-12
201.12,-2.096456858550177e-11,7.667229891209558e-12
201.13,-2.1129346772223178e-11,7.549224410045788e-12
201.14,-2.129321067576491e-11,7.431031767660114e-12
201.15,-2.145615573538553e-11,7.31265742854883e-12
201.16,-2.161817720910728e-11,7.194106421800317e-12
201.17,-2.1779270737077034e-11,7.075383955891364e-12
201.18,-2.193943177528708e-11,6.95649539501164e-12
201.19,-2.2098655836301357e-11,6.837445982529789e-12
201.2,-2.2256938722158714e-11,6.718240718530884e-12
201.21,-2.2414275220946707e-11,6.598885279913773e-12
201.22,-2.257066213365975e-11,6.479384566359443e-12
201.23,-2.2726094179449673e-11,6.359744062927016e-12
201.24,-2.2880568276352316e-11,6.2399688123746274e-12
201.25,-2.3034079312714932e-11,6.120064119732515e-12
201.26,-2.318662350271872e-11,6.000035173227613e-12
201.27,-2.333819672327979e-11,5.879887330011178e-12
201.28,-2.3488794858328702e-11,5.759625811172802e-12
201.29,-2.36384138709904e-11,5.6392557283914e-12
201.3,-2.3787050302168634e-11,5.518782482719724e-12
201.31,-2.3934699713385204e-11,5.398211186618563e-12
201.32,-2.4081358332492635e-11,5.277547179910172e-12
201.33,-2.422702281554321e-11,5.156795468128496e-12
201.34,-2.437168897647721e-11,5.035961490890723e-12
201.35,-2.451535289719852e-11,4.91505038297601e-12
201.36,-2.4658011265491622e-11,4.794067414203567e-12
201.37,-2.4799660563598898e-11,4.673017678217066e-12
201.38,-2.4940297543806623e-11,4.5519062997835404e-12
201.39,-2.5079917313080643e-11,4.4307389559743786e-12
201.4,-2.521851772997912e-11,4.309520380805885e-12
201.41,-2.5356094801406215e-11,4.188256052927848e-12
201.42,-2.549264568711864e-11,4.066950712412028e-12
201.43,-2.5628166643746016e-11,3.9456099805029085e-12
201.44,-2.5762654041752352e-11,3.824238769020361e-12
201.45,-2.5896105505452497e-11,3.702842641044829e-12
201.46,-2.60285172366526e-11,3.581426415868529e-12
201.47,-2.615988591645654e-11,3.4599955245150307e-12
201.48,-2.629020964987825e-11,3.338554493870125e-12
201.49,-2.6419484210686334e-11,3.2171091914409588e-12
201.5,-2.6547706948915738e-11,3.0956645357501313e-12
201.51,-2.6674874954302013e-11,2.9742254175170997e-12
201.52,-2.680098505758672e-11,2.8527973375753213e-12
201.53,-2.692603483964743e-11,2.731385222470513e-12
201.54,-2.7050021625868674e-11,2.609994080237279e-12
201.55,-2.717294197890026e-11,2.4886293309137837e-12
201.56,-2.729479375247054e-11,2.3672958580047615e-12
201.57,-2.7415574308843884e-11,2.2459985718338243e-12
201.58,-2.753528060456797e-11,2.124743037058006e-12
201.59,-2.7653910509125413e-11,2.0035338949825254e-12
201.6,-2.777146136442053e-11,1.882376477364971e-12
201.61,-2.7887930879235403e-11,1.7612755034657456e-12
201.62,-2.8003316420691466e-11,1.6402364599085597e-12
201.63,-2.8117615390105875e-11,1.5192641037376621e-12
201.64,-2.823082605266334e-11,1.3983636289619084e-12
201.65,-2.834294521804316e-11,1.2775398914533912e-12
201.66,-2.8453972416846585e-11,1.1567979829342897e-12
201.67,-2.856390376229344e-11,1.0361429471135366e-12
201.68,-2.8672737758785632e-11,9.155796534853348e-13
201.69,-2.8780472447543444e-11,7.951131485310745e-13
201.7,-2.8887105313195634e-11,6.747484361736103e-13
201.71,-2.8992635019193244e-11,5.544904320275238e-13
201.72,-2.90970591119807e-11,4.3434406661532873e-13
201.73,-2.920037613988318e-11,3.1431430310474933e-13
201.74,-2.930258418912259e-11,1.944058186925044e-13
201.75,-2.940368094777331e-11,7.46241484423427e-14
201.76,-2.950366540560083e-11,-4.5026322680499006e-14
201.77,-2.960253546098933e-11,-1.645405727058206e-13
201.78,-2.970028934793486e-11,-2.839137016420774e-13
201.79,-2.9796925937257135e-11,-4.0314095076524075e-13
201.8,-2.9892443388124984e-11,-5.222173248657361e-13
201.81,-2.998684023925207e-11,-6.411380455734078e-13
201.82,-3.0080114900275994e-11,-7.598982921771179e-13
201.83,-3.0172267052535566e-11,-8.784934699218869e-13
201.84,-3.0263292685258244e-11,-9.969181517974044e-13
201.85,-3.0353192805256247e-11,-1.1151681263105151e-12
201.86,-3.044196603494225e-11,-1.2332384837730643e-12
201.87,-3.052961032138567e-11,-1.3511244506673126e-12
201.88,-3.061612500611359e-11,-1.4688212705354257e-12
201.89,-3.070150861034396e-11,-1.5863241815838765e-12
201.9,-3.078576030669171e-11,-1.7036285249536757e-12
201.91,-3.08688791175711e-11,-1.82072957556162e-12
201.92,-3.0950864385839536e-11,-1.9376226478386892e-12
201.93,-3.1031713689682724e-11,-2.0543029818380912e-12
201.94,-3.111142787518613e-11,-2.1707659846729816e-12
201.95,-3.119000547632144e-11,-2.287007180344984e-12
201.96,-3.1267445843865735e-11,-2.4030219099856976e-12
201.97,-3.1343747504462316e-11,-2.518804912707119e-12
201.98,-3.141891047661806e-11,-2.634352484579481e-12
201.99,-3.149293423235158e-11,-2.749659724801111e-12
202.0,-3.1565817829987776e-11,-2.8647219785795387e-12
202.01,-3.163756051209754e-11,-2.9795346667050617e-12
202.02,-3.170816240176402e-11,-3.0940934854428695e-12
202.03,-3.177762262400634e-11,-3.208393808696201e-12
202.04,-3.1845940686535074e-11,-3.322430981345847e-12
202.05,-3.191311703730209e-11,-3.4362006992640005e-12
202.06,-3.197914951074436e-11,-3.549698565822792e-12
202.07,-3.204403934332701e-11,-3.6629199841344334e-12
202.08,-3.210778618676268e-11,-3.775860532379257e-12
202.09,-3.217038962818714e-11,-3.888515923937299e-12
202.1,-3.223184930904458e-11,-4.0008815082252835e-12
202.11,-3.2292165549662327e-11,-4.112953280869834e-12
202.12,-3.2351338124875535e-11,-4.224726703008106e-12
202.13,-3.240936688521491e-11,-4.336197346884531e-12
202.14,-3.246625192421163e-11,-4.447360890359873e-12
202.15,-3.252199365046863e-11,-4.55821332822321e-12
202.16,-3.2576591872229504e-11,-4.668750134248962e-12
202.17,-3.263004668533393e-11,-4.778966975171102e-12
202.18,-3.268235847193499e-11,-4.888859773555292e-12
202.19,-3.2733527720436134e-11,-4.998424149900327e-12
202.2,-3.278355459773786e-11,-5.10765617015971e-12
202.21,-3.2832439053741405e-11,-5.216551379319984e-12
202.22,-3.288018220054141e-11,-5.32510579327968e-12
202.23,-3.292678398431917e-11,-5.4333150205127666e-12
202.24,-3.297224491530996e-11,-5.5411751954424385e-12
202.25,-3.3016565804464863e-11,-5.648682089862059e-12
202.26,-3.305974709586895e-11,-5.755831643991804e-12
202.27,-3.31017893310299e-11,-5.8626197922383355e-12
202.28,-3.314269333737579e-11,-5.9690426116278205e-12
202.29,-3.318245981969016e-11,-6.075095787651435e-12
202.3,-3.322108921786989e-11,-6.180775508355648e-12
202.31,-3.3258582766675426e-11,-6.28607783620949e-12
202.32,-3.329494095604546e-11,-6.390998566212176e-12
202.33,-3.333016522420182e-11,-6.495534112726893e-12
202.34,-3.3364255827950125e-11,-6.599680335901469e-12
202.35,-3.339721411480571e-11,-6.70343334900479e-12
202.36,-3.3429041148643965e-11,-6.806789427555343e-12
202.37,-3.345973792615279e-11,-6.909744532200079e-12
202.38,-3.3489305261226104e-11,-7.012294877978314e-12
202.39,-3.351774469638632e-11,-7.114436701091901e-12
202.4,-3.3545057266013956e-11,-7.216166128777943e-12
202.41,-3.3571244109131975e-11,-7.317479725397383e-12
202.42,-3.3596306716520654e-11,-7.418373101094953e-12
202.43,-3.362024631487601e-11,-7.518843089185883e-12
202.44,-3.364306418260449e-11,-7.618885779822225e-12
202.45,-3.366476143463419e-11,-7.7184976231296e-12
202.46,-3.368534064673429e-11,-7.817674920465163e-12
202.47,-3.3704802031237083e-11,-7.916413907346827e-12
202.48,-3.372314756015992e-11,-8.014710994588934e-12
202.49,-3.374037904664913e-11,-8.11256283801766e-12
202.5,-3.3756497608790205e-11,-8.2099658090947e-12
202.51,-3.3771505486802614e-11,-8.306916053186983e-12
202.52,-3.378540392607215e-11,-8.403410468566528e-12
202.53,-3.3798194681805675e-11,-8.49944524453169e-12
202.54,-3.3809879871035537e-11,-8.595017127404538e-12
202.55,-3.3820460828844997e-11,-8.690122781888878e-12
202.56,-3.382993979516961e-11,-8.784758537889347e-12
202.57,-3.383831827362035e-11,-8.87892109890474e-12
202.58,-3.384559865714184e-11,-8.97260715821469e-12
202.59,-3.38517829129188e-11,-9.065813443286976e-12
202.6,-3.385687240215258e-11,-9.158536026817593e-12
202.61,-3.386086999596834e-11,-9.250772501862764e-12
202.62,-3.386377693616462e-11,-9.342519042640899e-12
202.63,-3.386559636802282e-11,-9.433772597970456e-12
202.64,-3.3866329501663653e-11,-9.524529850786879e-12
202.65,-3.3865978961925775e-11,-9.614787764655512e-12
202.66,-3.386454698022131e-11,-9.70454303406719e-12
202.67,-3.386203598782878e-11,-9.793792529271304e-12
202.68,-3.385844789736291e-11,-9.882533192982173e-12
202.69,-3.385378575143912e-11,-9.970761987802152e-12
202.7,-3.384805123009599e-11,-1.0058475757524306e-11
202.71,-3.384124719763549e-11,-1.0145671381982225e-11
202.72,-3.3833375933630154e-11,-1.0232346595946476e-11
202.73,-3.382443999220461e-11,-1.03184964983146e-11
202.74,-3.381444169956907e-11,-1.0404119906102807e-11
202.75,-3.380338449497397e-11,-1.0489213483267573e-11
202.76,-3.3791269951925274e-11,-1.0573774117365653e-11
202.77,-3.377810119987074e-11,-1.065779905643252e-11
202.78,-3.3763880960164636e-11,-1.0741285311429554e-11
202.79,-3.374861191508421e-11,-1.0824230193352787e-11
202.8,-3.373229662638254e-11,-1.0906630729808957e-11
202.81,-3.37149380358891e-11,-1.098848396675802e-11
202.82,-3.3696539441245393e-11,-1.1069788004423288e-11
202.83,-3.3677103071606145e-11,-1.1150539214082158e-11
202.84,-3.365663212666691e-11,-1.1230735401137919e-11
202.85,-3.363512946501426e-11,-1.1310373576282901e-11
202.86,-3.361259801378883e-11,-1.1389451280435326e-11
202.87,-3.358904088100903e-11,-1.1467965798214163e-11
202.88,-3.356446116880433e-11,-1.1545914416517626e-11
202.89,-3.353886208059532e-11,-1.1623295037776907e-11
202.9,-3.3512246346234126e-11,-1.1700104376004503e-11
202.91,-3.348461742063581e-11,-1.177634103148549e-11
202.92,-3.3455978367864536e-11,-1.1852001515397211e-11
202.93,-3.342633241381405e-11,-1.1927083786963701e-11
202.94,-3.339568279261831e-11,-1.200158525108224e-11
202.95,-3.3364032729078e-11,-1.2075503628429156e-11
202.96,-3.333138585203538e-11,-1.2148836525720761e-11
202.97,-3.3297745286295974e-11,-1.2221581745649548e-11
202.98,-3.32631142718256e-11,-1.2293736660497061e-11
202.99,-3.3227497690595646e-11,-1.2365299297669864e-11
203.0,-3.319089521107288e-11,-1.2436267039473606e-11
203.01,-3.315331428406613e-11,-1.2506638048679306e-11
203.02,-3.311475645604789e-11,-1.2576409839486789e-11
203.03,-3.30752261632607e-11,-1.2645580413783618e-11
203.04,-3.303472636673438e-11,-1.2714147510862076e-11
203.05,-3.2993261169233136e-11,-1.278210899061532e-11
203.06,-3.295083330824216e-11,-1.2849462898513369e-11
203.07,-3.2907447374032267e-11,-1.2916207014283143e-11
203.08,-3.286310701995686e-11,-1.2982339415315386e-11
203.09,-3.281781523478977e-11,-1.3047857944688346e-11
203.1,-3.2771576527060596e-11,-1.3112760916711541e-11
203.11,-3.272439411262759e-11,-1.3177046090978207e-11
203.12,-3.267627249104682e-11,-1.3240711609038431e-11
203.13,-3.262721494946948e-11,-1.3303755691419602e-11
203.14,-3.257722580635509e-11,-1.3366176319229262e-11
203.15,-3.252630816793283e-11,-1.342797176031812e-11
203.16,-3.2474466786526345e-11,-1.3489140198546866e-11
203.17,-3.242170556689541e-11,-1.3549679950424491e-11
203.18,-3.236802801946928e-11,-1.3609588952051308e-11
203.19,-3.2313438350440886e-11,-1.3668865739692943e-11
203.2,-3.225794080270816e-11,-1.3727508527184024e-11
203.21,-3.2201539261336456e-11,-1.3785515723464362e-11
203.22,-3.21442378661831e-11,-1.3842885616037488e-11
203.23,-3.208604089096492e-11,-1.3899616732710255e-11
203.24,-3.2026952357162083e-11,-1.3955707345746878e-11
203.25,-3.1966976546670664e-11,-1.4011155962156663e-11
203.26,-3.190611758615999e-11,-1.4065961027084991e-11
203.27,-3.1844379618686163e-11,-1.4120121078365145e-11
203.28,-3.178176711589652e-11,-1.4173634762910537e-11
203.29,-3.171828435657839e-11,-1.4226500299198764e-11
203.3,-3.165393525281141e-11,-1.4278716788764012e-11
203.31,-3.1588724908033043e-11,-1.4330282510192517e-11
203.32,-3.152265677236396e-11,-1.4381196147764742e-11
203.33,-3.145573636601825e-11,-1.443145653759361e-11
203.34,-3.138796708724152e-11,-1.4481062268114069e-11
203.35,-3.1319353772404754e-11,-1.4530012421294412e-11
203.36,-3.1249900844634656e-11,-1.4578304703737425e-11
203.37,-3.11796128850845e-11,-1.462593902844214e-11
203.38,-3.110849441288178e-11,-1.467291384011508e-11
203.39,-3.103654953326499e-11,-1.471922805855943e-11
203.4,-3.0963783546131674e-11,-1.476488054316997e-11
203.41,-3.0890200440077426e-11,-1.4809870189343588e-11
203.42,-3.0815805177929224e-11,-1.4854195917798582e-11
203.43,-3.074060218848903e-11,-1.4897856762209425e-11
203.44,-3.066459518877062e-11,-1.4940851529912136e-11
203.45,-3.0587791804946384e-11,-1.498317976446178e-11
203.46,-3.0510193917103095e-11,-1.502483988107784e-11
203.47,-3.043180708845482e-11,-1.5065831491032968e-11
203.48,-3.035263592887006e-11,-1.510615333414909e-11
203.49,-3.0272685349554024e-11,-1.5145804711594603e-11
203.5,-3.019196016753516e-11,-1.5184784878481878e-11
203.51,-3.011046494388306e-11,-1.5223092871833704e-11
203.52,-3.002820513883288e-11,-1.5260728210557747e-11
203.53,-2.9945184480824796e-11,-1.5297689928463636e-11
203.54,-2.9861409788378804e-11,-1.5333977298853598e-11
203.55,-2.9776883416713705e-11,-1.5369589735190654e-11
203.56,-2.9691612261296684e-11,-1.540452655243616e-11
203.57,-2.960560005451887e-11,-1.5438787261715773e-11
203.58,-2.9518852531708714e-11,-1.5472371152339657e-11
203.59,-2.943137420202611e-11,-1.550527770260491e-11
203.6,-2.934317036781614e-11,-1.5537506276374598e-11
203.61,-2.925424560229761e-11,-1.5569056532863982e-11
203.62,-2.9164605532034507e-11,-1.5599927930185805e-11
203.63,-2.9074254094293578e-11,-1.563011997277599e-11
203.64,-2.8983197241397734e-11,-1.565963233829828e-11
203.65,-2.889144028023569e-11,-1.5688464574221752e-11
203.66,-2.8798987509417565e-11,-1.5716616318722047e-11
203.67,-2.870584459060675e-11,-1.5744087259438888e-11
203.68,-2.8612016550750063e-11,-1.5770877218990464e-11
203.69,-2.851750843052781e-11,-1.5796985832476695e-11
203.7,-2.8422325018838814e-11,-1.5822412657415026e-11
203.71,-2.8326472375540854e-11,-1.5847157798169943e-11
203.72,-2.822995473904845e-11,-1.587122093913133e-11
203.73,-2.813277791349759e-11,-1.5894601903971808e-11
203.74,-2.8034946965257372e-11,-1.5917300641046402e-11
203.75,-2.7936467158121337e-11,-1.5939316985991624e-11
203.76,-2.78373435780092e-11,-1.596065085752253e-11
203.77,-2.773758161636118e-11,-1.5981302232804262e-11
203.78,-2.7637186482273334e-11,-1.6001271233300783e-11
203.79,-2.7536163532597726e-11,-1.6020557613319145e-11
203.8,-2.7434516983855262e-11,-1.603916129436525e-11
203.81,-2.733225550114099e-11,-1.6057083367973008e-11
203.82,-2.7229381187230403e-11,-1.6074322762647454e-11
203.83,-2.7125900111149774e-11,-1.6090879961679427e-11
203.84,-2.70218178325372e-11,-1.6106755419304904e-11
203.85,-2.6917139880779314e-11,-1.6121948936513596e-11
203.86,-2.681187156741322e-11,-1.61364609078977e-11
203.87,-2.6706018061089068e-11,-1.61502915509705e-11
203.88,-2.6599585041138354e-11,-1.6163441164030017e-11
203.89,-2.649257716753961e-11,-1.6175909921975397e-11
203.9,-2.6385001801123966e-11,-1.618769845505355e-11
203.91,-2.6276862265099967e-11,-1.619880684995842e-11
203.92,-2.6168165120942593e-11,-1.6209235604110725e-11
203.93,-2.605891571139676e-11,-1.621898510209942e-11
203.94,-2.594911893043478e-11,-1.622805563055959e-11
203.95,-2.5838781123556474e-11,-1.6236447954437863e-11
203.96,-2.5727907124222835e-11,-1.6244162252027385e-11
203.97,-2.5616502778073806e-11,-1.625119934972188e-11
203.98,-2.5504573538425085e-11,-1.625755957536827e-11
203.99,-2.5392124724157442e-11,-1.626324354947328e-11
204.0,-2.5279162232965186e-11,-1.6268251999356878e-11
204.01,-2.5165691210240386e-11,-1.627258539543161e-11
204.02,-2.5051717301732306e-11,-1.6276244696574446e-11
204.03,-2.4937246505626273e-11,-1.6279229941934343e-11
204.04,-2.4822284044996145e-11,-1.6281542438366485e-11
204.05,-2.4706835239508146e-11,-1.62831828141354e-11
204.06,-2.459090619100835e-11,-1.6284151865600654e-11
204.07,-2.4474501793595468e-11,-1.6284450097071985e-11
204.08,-2.435762850057352e-11,-1.6284078594876146e-11
204.09,-2.424029133407941e-11,-1.6283038257504566e-11
204.1,-2.4122496105252545e-11,-1.6281329752255865e-11
204.11,-2.4004248513742108e-11,-1.627895420782879e-11
204.12,-2.3885554054455174e-11,-1.6275912172612405e-11
204.13,-2.376641802625619e-11,-1.6272204984360802e-11
204.14,-2.3646846438290303e-11,-1.6267833398820724e-11
204.15,-2.352684502192393e-11,-1.6262798715107682e-11
204.16,-2.3406419543083955e-11,-1.6257101708625598e-11
204.17,-2.3285575155833844e-11,-1.6250743350682547e-11
204.18,-2.3164317550978516e-11,-1.6243724994579985e-11
204.19,-2.304265299026315e-11,-1.6236047707702134e-11
204.2,-2.292058653246377e-11,-1.622771252436369e-11
204.21,-2.2798123949671062e-11,-1.6218720521673688e-11
204.22,-2.267527116800434e-11,-1.6209073033321503e-11
204.23,-2.2552033774235098e-11,-1.619877132826443e-11
204.24,-2.2428417206285553e-11,-1.618781648510867e-11
204.25,-2.2304427380061583e-11,-1.6176209960094796e-11
204.26,-2.218007021346209e-11,-1.6163952935263233e-11
204.27,-2.2055350490639705e-11,-1.6151046795781596e-11
204.28,-2.1930274883129053e-11,-1.6137492640841644e-11
204.29,-2.180484879419627e-11,-1.6123292126746044e-11
204.3,-2.1679077784080735e-11,-1.6108446581833144e-11
204.31,-2.1552967564656517e-11,-1.609295736635473e-11
204.32,-2.1426524078910288e-11,-1.6076826091500038e-11
204.33,-2.129975241667832e-11,-1.6060053816765393e-11
204.34,-2.1172658908534756e-11,-1.6042642448448357e-11
204.35,-2.104524892630542e-11,-1.602459328578662e-11
204.36,-2.091752831287925e-11,-1.6005908017180207e-11
204.37,-2.0789502823778855e-11,-1.598658807447798e-11
204.38,-2.0661178556689577e-11,-1.5966635400215235e-11
204.39,-2.0532559530807124e-11,-1.5946050894410604e-11
204.4,-2.0403653324596433e-11,-1.5924836795892546e-11
204.41,-2.0274464845668403e-11,-1.5902994554443362e-11
204.42,-2.0144999705503645e-11,-1.58805259310138e-11
204.43,-2.001526427256718e-11,-1.5857432602964287e-11
204.44,-1.988526359531807e-11,-1.5833716299364565e-11
204.45,-1.9755003360916895e-11,-1.5809378879497325e-11
204.46,-1.9624489518002264e-11,-1.5784421914325317e-11
204.47,-1.9493727644956654e-11,-1.5758847358878602e-11
204.48,-1.9362723679531665e-11,-1.573265704099506e-11
204.49,-1.9231482669781012e-11,-1.5705852708824705e-11
204.5,-1.9100011014732805e-11,-1.567843641239376e-11
204.51,-1.8968314019149783e-11,-1.5650409662259335e-11
204.52,-1.8836397524036102e-11,-1.562177514169511e-11
204.53,-1.870426717565074e-11,-1.559253414495221e-11
204.54,-1.8571928715650792e-11,-1.5562688700848154e-11
204.55,-1.8439387344201874e-11,-1.5532240986434033e-11
204.56,-1.8306649870422846e-11,-1.5501193194764007e-11
204.57,-1.817372009862767e-11,-1.5469546556477866e-11
204.58,-1.8040605385943468e-11,-1.5437303875749567e-11
204.59,-1.7907310448328106e-11,-1.5404467164739413e-11
204.6,-1.7773841417894555e-11,-1.537103823353599e-11
204.61,-1.764020360763051e-11,-1.5337019520906932e-11
204.62,-1.750640297821516e-11,-1.530241289663545e-11
204.63,-1.737244489802692e-11,-1.5267220682813986e-11
204.64,-1.7238334948703614e-11,-1.523144502804882e-11
204.65,-1.7104078963981277e-11,-1.5195088093061013e-11
204.66,-1.6969682566574328e-11,-1.5158152136076153e-11
204.67,-1.683515102877802e-11,-1.5120639415408936e-11
204.68,-1.6700490468537523e-11,-1.5082552229974212e-11
204.69,-1.6565706380532712e-11,-1.5043893478012366e-11
204.7,-1.6430803650843952e-11,-1.5004663569247354e-11
204.71,-1.6295788555477533e-11,-1.4964866781304333e-11
204.72,-1.6160666541373005e-11,-1.4924504636431672e-11
204.73,-1.602544299126847e-11,-1.4883579806823668e-11
204.74,-1.589012369742918e-11,-1.4842094458527976e-11
204.75,-1.575471402840236e-11,-1.480005111774266e-11
204.76,-1.56192200855261e-11,-1.4757452231645157e-11
204.77,-1.5483646074334973e-11,-1.4714300220863238e-11
204.78,-1.5347998173818475e-11,-1.467059742150379e-11
204.79,-1.5212283248746892e-11,-1.4626346711914987e-11
204.8,-1.507650519052643e-11,-1.458155021223222e-11
204.81,-1.4940669743772764e-11,-1.4536210577231399e-11
204.82,-1.480478274569596e-11,-1.4490330400043057e-11
204.83,-1.466884934956836e-11,-1.4443912238579617e-11
204.84,-1.4532875370827738e-11,-1.439695866900872e-11
204.85,-1.4396866077119978e-11,-1.4349472286669897e-11
204.86,-1.426082684285128e-11,-1.4301455789724553e-11
204.87,-1.4124763604651573e-11,-1.4252912009342031e-11
204.88,-1.3988680575540227e-11,-1.4203842791789905e-11
204.89,-1.3852584423708198e-11,-1.4154251685325814e-11
204.9,-1.37164798174275e-11,-1.4104141087993424e-11
204.91,-1.3580372732563002e-11,-1.405351372825019e-11
204.92,-1.3444268210230602e-11,-1.4002372395590127e-11
204.93,-1.3308171794320723e-11,-1.3950719752261586e-11
204.94,-1.3172088410931148e-11,-1.3898558577249342e-11
204.95,-1.303602385732591e-11,-1.3845891756939423e-11
204.96,-1.2899984157207226e-11,-1.3792721962749796e-11
204.97,-1.2763972081205285e-11,-1.3739052181459155e-11
204.98,-1.2627995493102379e-11,-1.36848851655684e-11
204.99,-1.2492059032093023e-11,-1.3630223552131813e-11
205.0,-1.2356167533061578e-11,-1.3575070876091478e-11
205.01,-1.2220326583030262e-11,-1.3519429163741711e-11
205.02,-1.2084541577396752e-11,-1.3463302019731359e-11
205.03,-1.1948817317350576e-11,-1.34066918504883e-11
205.04,-1.1813159403730491e-11,-1.3349601957988166e-11
205.05,-1.167757257886666e-11,-1.3292035251817305e-11
205.06,-1.1542063188307765e-11,-1.3233994442846378e-11
205.07,-1.1406635159488358e-11,-1.3175482655835956e-11
205.08,-1.1271294075933654e-11,-1.3116503016686328e-11
205.09,-1.1136045420435759e-11,-1.3057058527292396e-11
205.1,-1.1000893813402733e-11,-1.2997152104892736e-11
205.11,-1.0865845085390167e-11,-1.2936787034149792e-11
205.12,-1.073090344927135e-11,-1.2875965886899712e-11
205.13,-1.0596074507308233e-11,-1.2814692117673571e-11
205.14,-1.0461363110038438e-11,-1.2752968629880483e-11
205.15,-1.032677535309585e-11,-1.2690798973291738e-11
205.16,-1.0192314816691764e-11,-1.2628185730915517e-11
205.17,-1.0057987607249495e-11,-1.256513231059562e-11
205.18,-9.923797813742095e-12,-1.2501641787854555e-11
205.19,-9.789751238966926e-12,-1.2437717293134525e-11
205.2,-9.655852636427684e-12,-1.2373362107527137e-11
205.21,-9.522106781569874e-12,-1.2308579360525501e-11
205.22,-9.3885188651574e-12,-1.2243372231462328e-11
205.23,-9.255093961759074e-12,-1.2177743965619855e-11
205.24,-9.12183611546652e-12,-1.2111697816654464e-11
205.25,-8.988751187384092e-12,-1.2045237115729828e-11
205.26,-8.855843783197502e-12,-1.1978364850714763e-11
205.27,-8.723119063855615e-12,-1.191108448003431e-11
205.28,-8.590580952356357e-12,-1.1843399283783333e-11
205.29,-8.458235081253542e-12,-1.1775312433413527e-11
205.3,-8.326086465064212e-12,-1.1706827512582666e-11
205.31,-8.194139164718452e-12,-1.1637947509439663e-11
205.32,-8.062398920538673e-12,-1.1568675936689657e-11
205.33,-7.930868852996944e-12,-1.1499016210256973e-11
205.34,-7.799555360683254e-12,-1.1428971518222639e-11
205.35,-7.66846254534171e-12,-1.1358545344843003e-11
205.36,-7.537594595601165e-12,-1.1287740823313284e-11
205.37,-7.406957098916981e-12,-1.1216561697641088e-11
205.38,-7.276554148182766e-12,-1.1145011095908727e-11
205.39,-7.146390632535462e-12,-1.1073092563001197e-11
205.4,-7.016471147970286e-12,-1.1000809535564477e-11
205.41,-6.886799592974137e-12,-1.0928165297150045e-11
205.42,-6.757382438117296e-12,-1.0855163502234966e-11
205.43,-6.628222480113586e-12,-1.078180747754535e-11
205.44,-6.499324781535102e-12,-1.0708100703712844e-11
205.45,-6.370693954429644e-12,-1.0634046555900356e-11
205.46,-6.242334491842522e-12,-1.055964862814597e-11
205.47,-6.114250730346125e-12,-1.0484910385031026e-11
205.48,-5.986447145046163e-12,-1.0409835437775414e-11
205.49,-5.858928459836132e-12,-1.0334426972133773e-11
205.5,-5.731698292950013e-12,-1.0258688250668342e-11
205.51,-5.604762965469296e-12,-1.0182624542569944e-11
205.52,-5.478124538496369e-12,-1.0106237468387935e-11
205.53,-5.351788950439025e-12,-1.0029531196800422e-11
205.54,-5.225759770094215e-12,-9.952509366927407e-12
205.55,-5.1000413679861515e-12,-9.875175385015047e-12
205.56,-4.97463838294451e-12,-9.797532984506276e-12
205.57,-4.849554827871932e-12,-9.719585657930988e-12
205.58,-4.724794907799664e-12,-9.641336985687647e-12
205.59,-4.60036297843915e-12,-9.56279054313968e-12
205.6,-4.4762637997505206e-12,-9.483950157077887e-12
205.61,-4.352500281105793e-12,-9.404819093640472e-12
205.62,-4.2290778924338165e-12,-9.325401146459017e-12
205.63,-4.1059998888226424e-12,-9.245700003490967e-12
205.64,-3.9832707366661126e-12,-9.165719121497283e-12
205.65,-3.860894449303472e-12,-9.085462325638312e-12
205.66,-3.738875024638923e-12,-9.004933093960723e-12
205.67,-3.6172167406224076e-12,-8.924135098074045e-12
205.68,-3.4959229386963043e-12,-8.84307224268698e-12
205.69,-3.3749992052990705e-12,-8.7617477052131e-12
205.7,-3.254447961952983e-12,-8.6801655471376e-12
205.71,-3.134273465516692e-12,-8.598329362230426e-12
205.72,-3.0144800600959897e-12,-8.516242740655379e-12
205.73,-2.8950715740208114e-12,-8.433909508507821e-12
205.74,-2.776051607852767e-12,-8.35133320133433e-12
205.75,-2.6574242708174633e-12,-8.268517675618767e-12
205.76,-2.539193228044951e-12,-8.185466497998947e-12
205.77,-2.421363677059072e-12,-8.102183888219475e-12
205.78,-2.3039357496639756e-12,-8.018672107301334e-12
205.79,-2.1869161515190267e-12,-7.934936183378266e-12
205.8,-2.0703089207886083e-12,-7.850979705935387e-12
205.81,-1.9541166759778586e-12,-7.766806017477122e-12
205.82,-1.838342823654127e-12,-7.682419264197972e-12
205.83,-1.722991955632034e-12,-7.597822809524387e-12
205.84,-1.6080671623137662e-12,-7.513020469971137e-12
205.85,-1.4935718663538415e-12,-7.42801598428966e-12
205.86,-1.3795102952379541e-12,-7.342812948996978e-12
205.87,-1.2658855696040299e-12,-7.2574157329711635e-12
205.88,-1.1527011166543783e-12,-7.171827387987163e-12
205.89,-1.0399609744923467e-12,-7.086051933927645e-12
205.9,-9.27668523911838e-13,-7.000093213406548e-12
205.91,-8.158266574244203e-13,-6.913954711936975e-12
205.92,-7.044391817096559e-13,-6.8276403665505475e-12
205.93,-5.935094733225997e-13,-6.741153971482576e-12
205.94,-4.830411749655943e-13,-6.654499300773311e-12
205.95,-3.730371295022738e-13,-6.567679899464253e-12
205.96,-2.6350115339417464e-13,-6.4806997627967845e-12
205.97,-1.5443629496473945e-13,-6.393562519436844e-12
205.98,-4.584616907033822e-14,-6.306272115031411e-12
205.99,6.226668013724754e-14,-6.218831764478435e-12
206.0,1.698982803949322e-13,-6.131246365214648e-12
206.01,2.770459151496236e-13,-6.0435187195796815e-12
206.02,3.837063569495027e-13,-5.955652769755802e-12
206.03,4.898760271909163e-13,-5.8676525101265625e-12
206.04,5.955518091881869e-13,-5.779521753198163e-12
206.05,7.007314105427566e-13,-5.691263842929731e-12
206.06,8.054110897119383e-13,-5.6028830003875904e-12
206.07,9.09587885691972e-13,-5.5143827994978026e-12
206.08,1.0132582551496275e-12,-5.425767154993955e-12
206.09,1.116421177418605e-12,-5.337039457463028e-12
206.1,1.2190714448854253e-12,-5.248203987326771e-12
206.11,1.3212070677877239e-12,-5.159264259254717e-12
206.12,1.4228251165330743e-12,-5.070224178482934e-12
206.13,1.5239224719134614e-12,-4.981087353596926e-12
206.14,1.6244967642969729e-12,-4.891857562650254e-12
206.15,1.7245446762584363e-12,-4.8025387256284076e-12
206.16,1.8240635007606045e-12,-4.713134496332295e-12
206.17,1.923050589290372e-12,-4.623648669033189e-12
206.18,2.0215031473186638e-12,-4.534084988096824e-12
206.19,2.119418576933759e-12,-4.444447182705707e-12
206.2,2.2167939577102544e-12,-4.354739169961251e-12
206.21,2.31362703609664e-12,-4.264964443587127e-12
206.22,2.409914428830658e-12,-4.175127136929502e-12
206.23,2.5056543684278917e-12,-4.085230687331082e-12
206.24,2.6008433123522416e-12,-3.995278979834521e-12
206.25,2.6954795427503717e-12,-3.9052756660074764e-12
206.26,2.7895607729909335e-12,-3.8152244467029224e-12
206.27,2.8830834372164772e-12,-3.725129528806497e-12
206.28,2.9760457903103764e-12,-3.63499410389255e-12
206.29,3.068445259720707e-12,-3.5448220767253847e-12
206.3,3.1602792245775824e-12,-3.454617294392177e-12
206.31,3.251545638250581e-12,-3.364383308513054e-12
206.32,3.3422420078628207e-12,-3.2741240459261546e-12
206.33,3.432365928529317e-12,-3.1838430219821434e-12
206.34,3.5219149526065995e-12,-3.093544153965856e-12
206.35,3.610886638388028e-12,-3.0032311438926656e-12
206.36,3.69928047856464e-12,-2.9129072511852727e-12
206.37,3.787091827994219e-12,-2.822576761265617e-12
206.38,3.874319715113689e-12,-2.732243122674053e-12
206.39,3.960961886964873e-12,-2.6419101724706207e-12
206.4,4.047016026533809e-12,-2.5515812698186613e-12
206.41,4.132479957531818e-12,-2.461260515336784e-12
206.42,4.217351935705142e-12,-2.370951387366514e-12
206.43,4.301629916065651e-12,-2.2806574709236833e-12
206.44,4.38531148910615e-12,-2.190382425088527e-12
206.45,4.468394947017802e-12,-2.1001302805223196e-12
206.46,4.550878105259964e-12,-2.0099043750957892e-12
206.47,4.632759467483418e-12,-1.9197083449838854e-12
206.48,4.714036986809442e-12,-1.8295457086728215e-12
206.49,4.79470807335816e-12,-1.7394206715496252e-12
206.5,4.87477184704066e-12,-1.6493364754569128e-12
206.51,4.954225927495627e-12,-1.5592966113413004e-12
206.52,5.033068635835532e-12,-1.4693049609520026e-12
206.53,5.111298260446873e-12,-1.3793650259355818e-12
206.54,5.188913272031884e-12,-1.2894802792310525e-12
206.55,5.265911807422256e-12,-1.1996545264790226e-12
206.56,5.342291762112802e-12,-1.109891448486548e-12
206.57,5.4180523316273824e-12,-1.0201940965224966e-12
206.58,5.4931906696224014e-12,-9.305668850281054e-13
206.59,5.5677063785583434e-12,-8.410127025352882e-13
206.6,5.641597293333874e-12,-7.515353457722785e-13
206.61,5.714862301906853e-12,-6.621384330426367e-13
206.62,5.787499263970972e-12,-5.728252671267995e-13
206.63,5.859507342167099e-12,-4.835996691804565e-13
206.64,5.930884701164378e-12,-3.9446495328164516e-13
206.65,6.0016300184958685e-12,-3.0542481860334713e-13
206.66,6.07174066361694e-12,-2.1648315191458291e-13
206.67,6.141218792273215e-12,-1.2764203883995973e-13
206.68,6.210059721825976e-12,-3.8906388304557936e-14
206.69,6.278263159332937e-12,4.972080413376883e-14
206.7,6.345827666347121e-12,1.3823591899566178e-13
206.71,6.412752504235923e-12,2.26635777467525e-13
206.72,6.47903607734547e-12,3.1491662971383867e-13
206.73,6.544676867604565e-12,4.0307511147505485e-13
206.74,6.609674657209794e-12,4.911079244352123e-13
206.75,6.674027820570054e-12,5.790113049620941e-13
206.76,6.737734477897049e-12,6.667824734060462e-13
206.77,6.800794530943388e-12,7.544173620106078e-13
206.78,6.863206591848154e-12,8.419128299990063e-13
206.79,6.924969825461689e-12,9.292656257693311e-13
206.8,6.986083108985185e-12,1.0164720686118946e-12
206.81,7.046545178454267e-12,1.10352893200012e-12
206.82,7.106355355858522e-12,1.1904328890452189e-12
206.83,7.165513332910352e-12,1.2771808427691218e-12
206.84,7.224017130482078e-12,1.363768996176292e-12
206.85,7.281866230193274e-12,1.4501941512603069e-12
206.86,7.339060311928133e-12,1.5364529854275651e-12
206.87,7.395598177880984e-12,1.622542669664832e-12
206.88,7.451479019284225e-12,1.7084591943657339e-12
206.89,7.506702180731952e-12,1.7941997869339498e-12
206.9,7.561267135933175e-12,1.8797609581135826e-12
206.91,7.615172820463596e-12,1.9651395402471104e-12
206.92,7.66841881589329e-12,2.0503322011157704e-12
206.93,7.721005401027235e-12,2.1353358122445632e-12
206.94,7.772929493104662e-12,2.220147153048274e-12
206.95,7.824192538074146e-12,2.304762902586031e-12
206.96,7.874793623634136e-12,2.3891799457722558e-12
206.97,7.924732253822398e-12,2.473395130115743e-12
206.98,7.974007679768955e-12,2.5574052111378288e-12
206.99,8.022619460581643e-12,2.6412070122835627e-12
207.0,8.070567566289741e-12,2.724797527643364e-12
207.01,8.117851138670545e-12,2.8081735027055597e-12
207.02,8.164469701006247e-12,2.891331743807842e-12
207.03,8.210423388048843e-12,2.9742695413316013e-12
207.04,8.2557116982724e-12,3.0569834121156503e-12
207.05,8.30033380950514e-12,3.1394703082845813e-12
207.06,8.344290316570157e-12,3.2217272203139886e-12
207.07,8.387580575502108e-12,3.303751220208467e-12
207.08,8.430204594224898e-12,3.3855392625920296e-12
207.09,8.47216129932567e-12,3.467087938085099e-12
207.1,8.513451606793098e-12,3.548394741818462e-12
207.11,8.55407490118598e-12,3.6294566937947183e-12
207.12,8.594030979097815e-12,3.710270030217049e-12
207.13,8.633320043451608e-12,3.79083261632743e-12
207.14,8.671941863442228e-12,3.87114113610535e-12
207.15,8.709896595431577e-12,3.951192939459574e-12
207.16,8.74718394036959e-12,4.0309847690923675e-12
207.17,8.783804291289983e-12,4.110513850756947e-12
207.18,8.819757312691465e-12,4.189777237854514e-12
207.19,8.855043478303339e-12,4.2687721816483865e-12
207.2,8.889662358334168e-12,4.347495565942456e-12
207.21,8.923614791897379e-12,4.4259448060136325e-12
207.22,8.956900585986786e-12,4.504116985921604e-12
207.23,8.989519904848526e-12,4.5820091396788936e-12
207.24,9.021472919785416e-12,4.6596187042113845e-12
207.25,9.052760036339297e-12,4.736942729063243e-12
207.26,9.083381009217399e-12,4.8139784242251676e-12
207.27,9.113337151890541e-12,4.890723076935458e-12
207.28,9.14262796955671e-12,4.967173952902027e-12
207.29,9.171254360531057e-12,5.0433286499854485e-12
207.3,9.199215476246742e-12,5.11918352450162e-12
207.31,9.226513210922256e-12,5.1947368177742586e-12
207.32,9.253147375934367e-12,5.269985473511385e-12
207.33,9.279118295864692e-12,5.344926861334412e-12
207.34,9.304426568486339e-12,5.419558355558075e-12
207.35,9.32907282874169e-12,5.493877066028877e-12
207.36,9.353057481138758e-12,5.567881080498508e-12
207.37,9.376380875783614e-12,5.6415670528816784e-12
207.38,9.399043838434947e-12,5.714932687504565e-12
207.39,9.421047193969377e-12,5.787975522113677e-12
207.4,9.442391089917899e-12,5.860692789252273e-12
207.41,9.463076484931223e-12,5.933082062149954e-12
207.42,9.483104137847624e-12,6.0051410285434505e-12
207.43,9.502474066792276e-12,6.0768668014137146e-12
207.44,9.52118796080946e-12,6.148257140018689e-12
207.45,9.539245914563387e-12,6.219309553867052e-12
207.46,9.556648996765236e-12,6.290021377704676e-12
207.47,9.573398179354993e-12,6.3603909083757666e-12
207.48,9.58949376526339e-12,6.430414666713097e-12
207.49,9.604937205450409e-12,6.500091059659964e-12
207.5,9.619728604681915e-12,6.569417200811826e-12
207.51,9.633869459163878e-12,6.638391037895847e-12
207.52,9.647360511042603e-12,6.707010255694161e-12
207.53,9.660203013815609e-12,6.775272389695518e-12
207.54,9.672397665072546e-12,6.843175189488569e-12
207.55,9.683945415450876e-12,6.9107162789611e-12
207.56,9.694846547368797e-12,6.977893413964788e-12
207.57,9.70510440553118e-12,7.044704577163481e-12
207.58,9.714718047813913e-12,7.111147392104898e-12
207.59,9.723688722194354e-12,7.177219331456316e-12
207.6,9.732018125262959e-12,7.2429185619348514e-12
207.61,9.739707192775948e-12,7.308242761037178e-12
207.62,9.746757064648116e-12,7.373189859355972e-12
207.63,9.753169082397581e-12,7.437757537053559e-12
207.64,9.758944009739412e-12,7.501943911158864e-12
207.65,9.764083313090403e-12,7.565746779308337e-12
207.66,9.76858895924726e-12,7.629163855936897e-12
207.67,9.772461301897502e-12,7.692193345948595e-12
207.68,9.775701830459715e-12,7.754832915439587e-12
207.69,9.778312166519389e-12,7.817080775117133e-12
207.7,9.780293037790661e-12,7.878934860162521e-12
207.71,9.781646517229606e-12,7.94039308112219e-12
207.72,9.78237389596239e-12,8.001453666339824e-12
207.73,9.782476121858366e-12,8.062114356086637e-12
207.74,9.781956142416307e-12,8.122373914446463e-12
207.75,9.78081182962729e-12,8.182228881573652e-12
207.76,9.779048209653177e-12,8.241678665773641e-12
207.77,9.776665883202684e-12,8.300721460700805e-12
207.78,9.773665675128119e-12,8.359354531756192e-12
207.79,9.770049971389784e-12,8.417577168617807e-12
207.8,9.765819773471266e-12,8.475386432499124e-12
207.81,9.760976882850613e-12,8.5327810584755e-12
207.82,9.75552252580769e-12,8.589759170224443e-12
207.83,9.749458947844506e-12,8.646318820177506e-12
207.84,9.742787306876879e-12,8.70245888360981e-12
207.85,9.735509590766252e-12,8.758177004707596e-12
207.86,9.727627242463281e-12,8.813471666034986e-12
207.87,9.719142745402838e-12,8.868341195037677e-12
207.88,9.710056027753509e-12,8.922783837184345e-12
207.89,9.700370575415628e-12,8.976798033865051e-12
207.9,9.690087537862879e-12,9.03038208202533e-12
207.91,9.679208853482614e-12,9.083534503253509e-12
207.92,9.667736322423641e-12,9.136253931186277e-12
207.93,9.655671666989144e-12,9.188538108501635e-12
207.94,9.64301665149694e-12,9.240385962747142e-12
207.95,9.629773507198462e-12,9.291795928970736e-12
207.96,9.615943646497456e-12,9.342766411631469e-12
207.97,9.601529345931771e-12,9.393295929309044e-12
207.98,9.586532571767096e-12,9.443383203731068e-12
207.99,9.570955147355065e-12,9.493026601832808e-12
208.0,9.55479862566432e-12,9.542224387021408e-12
208.01,9.538066075633752e-12,9.59097604865746e-12
208.02,9.5207582770509e-12,9.639279195297894e-12
208.03,9.502878051212592e-12,9.687132901484526e-12
208.04,9.48442724342802e-12,9.734535907174232e-12
208.05,9.46540836412274e-12,9.781486821031668e-12
208.06,9.44582210586662e-12,9.827984196944462e-12
208.07,9.425671947884396e-12,9.874026814480742e-12
208.08,9.404959479061751e-12,9.919613558453865e-12
208.09,9.383686962835513e-12,9.964742996075579e-12
208.1,9.36185663638612e-12,1.0009413914098872e-11
208.11,9.339470317655682e-12,1.0053625251586963e-11
208.12,9.316530550578078e-12,1.0097375605568722e-11
208.13,9.293039534923205e-12,1.0140663973140544e-11
208.14,9.268999335222951e-12,1.0183489020293794e-11
208.15,9.2444122230842e-12,1.0225850027611509e-11
208.16,9.219280422396126e-12,1.0267745506259338e-11
208.17,9.193606324968282e-12,1.0309174379766785e-11
208.18,9.167392323488221e-12,1.035013586212585e-11
208.19,9.14064051609475e-12,1.0390628645655766e-11
208.2,9.113352941859686e-12,1.0430651760313473e-11
208.21,9.08553293854385e-12,1.0470204308131538e-11
208.22,9.057182047071045e-12,1.0509285213935947e-11
208.23,9.028302827388591e-12,1.054789368943796e-11
208.24,8.998897278643511e-12,1.05860282743536e-11
208.25,8.968968622952057e-12,1.0623688683433927e-11
208.26,8.938518734464874e-12,1.0660873616622558e-11
208.27,8.907550356155768e-12,1.0697582568242756e-11
208.28,8.87606573891523e-12,1.0733814168376135e-11
208.29,8.844067459455433e-12,1.0769568042934745e-11
208.3,8.811557718724523e-12,1.0804843073998012e-11
208.31,8.778539546922607e-12,1.083963866492799e-11
208.32,8.745014538502805e-12,1.0873953878589717e-11
208.33,8.710986865766417e-12,1.0907788061054765e-11
208.34,8.67645773865472e-12,1.0941140466159885e-11
208.35,8.641429929714145e-12,1.0974010363993793e-11
208.36,8.605906481941759e-12,1.1006397094658902e-11
208.37,8.569888961830334e-12,1.1038299757729832e-11
208.38,8.533381135150469e-12,1.1069718047335736e-11
208.39,8.49638495467021e-12,1.1100651137111381e-11
208.4,8.458903602645336e-12,1.1131098463780416e-11
208.41,8.420939140086351e-12,1.1161059404572285e-11
208.42,8.382494410389582e-12,1.1190533278673689e-11
208.43,8.343572155944257e-12,1.1219519869053875e-11
208.44,8.30417522466318e-12,1.1248018388180993e-11
208.45,8.264306219896886e-12,1.1276028340379172e-11
208.46,8.223967547835757e-12,1.1303549278381906e-11
208.47,8.183162202705487e-12,1.1330580860685518e-11
208.48,8.14189292839433e-12,1.1357122350612377e-11
208.49,8.100162466486054e-12,1.1383173536419923e-11
208.5,8.057973554424503e-12,1.1408733932390645e-11
208.51,8.015329142392494e-12,1.1433803288399221e-11
208.52,7.972231714960059e-12,1.1458381044153543e-11
208.53,7.928684290078699e-12,1.1482467110153579e-11
208.54,7.884690741885844e-12,1.150606105589561e-11
208.55,7.840250442430431e-12,1.152916202569769e-11
208.56,7.795369969056276e-12,1.1551770662188751e-11
208.57,7.750050496946223e-12,1.1573886130004666e-11
208.58,7.704295254182076e-12,1.1595508324232796e-11
208.59,7.658107085455299e-12,1.1616637147922807e-11
208.6,7.611488832220939e-12,1.1637272219765525e-11
208.61,7.564443231357341e-12,1.165741338470538e-11
208.62,7.516973478896727e-12,1.1677060508486634e-11
208.63,7.469081466323657e-12,1.1696213711638246e-11
208.64,7.420772474755338e-12,1.1714872226350104e-11
208.65,7.372047505753357e-12,1.1733036471361826e-11
208.66,7.322909690249781e-12,1.175070634283821e-11
208.67,7.27336228972796e-12,1.1767881672058859e-11
208.68,7.223408129255974e-12,1.1784562317284082e-11
208.69,7.1730505356131185e-12,1.1800748503389749e-11
208.7,7.122292518991619e-12,1.181644018585873e-11
208.71,7.071136401510665e-12,1.1831637151430775e-11
208.72,7.0195853231886305e-12,1.1846339439947217e-11
208.73,6.9676435737087634e-12,1.1860547628701915e-11
208.74,6.915312658443511e-12,1.1874261199771164e-11
208.75,6.862596213193218e-12,1.1887480602141277e-11
208.76,6.80949720743487e-12,1.1900205867730579e-11
208.77,6.756018684936157e-12,1.1912437023932859e-11
208.78,6.7021638025039964e-12,1.1924174316746782e-11
208.79,6.64793553971034e-12,1.193541799872341e-11
208.8,6.593337012654782e-12,1.1946168314112654e-11
208.81,6.538371512315105e-12,1.1956425195294053e-11
208.82,6.483041478782501e-12,1.1966189102276738e-11
208.83,6.427350482099681e-12,1.1975460200019749e-11
208.84,6.371302022054476e-12,1.1984238955179026e-11
208.85,6.314898569191003e-12,1.1992525527589888e-11
208.86,6.258143708914876e-12,1.2000320250740619e-11
208.87,6.20104030881686e-12,1.2007623431819593e-11
208.88,6.143591266599168e-12,1.2014435439070074e-11
208.89,6.085800128184473e-12,1.2020756666813011e-11
208.9,6.027669630455211e-12,1.202658775025489e-11
208.91,5.969204086063717e-12,1.2031928478887174e-11
208.92,5.910405174799021e-12,1.2036779748742994e-11
208.93,5.851276748892487e-12,1.2041142036009464e-11
208.94,5.791822043820481e-12,1.2045015779611988e-11
208.95,5.732044249622286e-12,1.2048401326219024e-11
208.96,5.671946619708978e-12,1.2051299227489466e-11
208.97,5.61153174934977e-12,1.2053710279431782e-11
208.98,5.550803530556542e-12,1.2055634697260454e-11
208.99,5.489764869980856e-12,1.2057073384811995e-11
209.0,5.4284192143564105e-12,1.2058026270207865e-11
209.01,5.3667694479182985e-12,1.2058494654874965e-11
209.02,5.304819095511107e-12,1.2058478875067601e-11
209.03,5.242571217074118e-12,1.2057979742186665e-11
209.04,5.180028887629569e-12,1.2056997694634774e-11
209.05,5.117195790736055e-12,1.2055533567938667e-11
209.06,5.054074847204333e-12,1.2053587886834926e-11
209.07,4.990669516794203e-12,1.2051161685926913e-11
209.08,4.926982517892242e-12,1.2048255391233714e-11
209.09,4.863017962885518e-12,1.2044869916032216e-11
209.1,4.798778472288037e-12,1.2041005992387498e-11
209.11,4.7342677820043636e-12,1.2036664472038671e-11
209.12,4.66948860097427e-12,1.2031846104944217e-11
209.13,4.604444394290135e-12,1.2026551672435763e-11
209.14,4.5391391065044324e-12,1.2020782079934311e-11
209.15,4.473574616635621e-12,1.201453831360428e-11
209.16,4.407755485751026e-12,1.2007821123094524e-11
209.17,4.341684457948088e-12,1.2000631305713351e-11
209.18,4.275365217472666e-12,1.1992970094458789e-11
209.19,4.208800478486629e-12,1.1984838138421289e-11
209.2,4.141994098814351e-12,1.1976236625409117e-11
209.21,4.074948729601063e-12,1.1967166152318622e-11
209.22,4.007668047383998e-12,1.1957628001220094e-11
209.23,3.940155440341548e-12,1.1947623173792493e-11
209.24,3.8724142619938286e-12,1.1937152841412955e-11
209.25,3.804447558273895e-12,1.192621767069419e-11
209.26,3.736259130492704e-12,1.1914819406041584e-11
209.27,3.667851013182333e-12,1.1902957856357467e-11
209.28,3.599228184360317e-12,1.1890635210145015e-11
209.29,3.5303929461429307e-12,1.1877852445544482e-11
209.3,3.4613487939817906e-12,1.1864610257040776e-11
209.31,3.392099298345258e-12,1.1850910315470239e-11
209.32,3.322647705379872e-12,1.1836753279628346e-11
209.33,3.2529966279600703e-12,1.182214077706748e-11
209.34,3.1831503884973153e-12,1.1807073598769725e-11
209.35,3.1131114144246625e-12,1.1791553257295286e-11
209.36,3.042884305392444e-12,1.1775581002361147e-11
209.37,2.972470926120889e-12,1.1759157893714857e-11
209.38,2.9018755691969823e-12,1.1742285286150254e-11
209.39,2.831100960424803e-12,1.1724964359552203e-11
209.4,2.7601507624761743e-12,1.1707196621573211e-11
209.41,2.6890282264931976e-12,1.1688983191563666e-11
209.42,2.6177368517012422e-12,1.1670325493668096e-11
209.43,2.5462792856661736e-12,1.1651224788414134e-11
209.44,2.4746601017813043e-12,1.1631683105018007e-11
209.45,2.4028810367643595e-12,1.1611700271187017e-11
209.46,2.3309464228330653e-12,1.1591278929318542e-11
209.47,2.2588594968120666e-12,1.1570420361580413e-11
209.48,2.1866232896498264e-12,1.1549125801996923e-11
209.49,2.1142413567209952e-12,1.1527396663530978e-11
209.5,2.0417168467854737e-12,1.1505234432834192e-11
209.51,1.969053141386393e-12,1.1482640666616793e-11
209.52,1.896253517867553e-12,1.1459616836814585e-11
209.53,1.8233216494909847e-12,1.1436164577266832e-11
209.54,1.750259670865923e-12,1.1412284740306663e-11
209.55,1.6770719134962328e-12,1.1387979608320152e-11
209.56,1.603761974576034e-12,1.1363250466128472e-11
209.57,1.5303322840099831e-12,1.1338098804574838e-11
209.58,1.4567866847801825e-12,1.1312526409398884e-11
209.59,1.3831281426502954e-12,1.1286534625430356e-11
209.6,1.309359947505913e-12,1.1260125223404907e-11
209.61,1.2354858864186549e-12,1.1233299911899986e-11
209.62,1.1615093616276393e-12,1.1206060268672402e-11
209.63,1.0874315582904153e-12,1.1178407584038759e-11
209.64,1.0132586720397794e-12,1.1150343877655585e-11
209.65,9.389919419352761e-13,1.1121870968935777e-11
209.66,8.646357433625526e-13,1.1092990362575507e-11
209.67,7.901927557438346e-13,1.1063703552044628e-11
209.68,7.156664649196169e-13,1.1034012599645695e-11
209.69,6.41060138005905e-13,1.1003919147687292e-11
209.7,5.663770560455245e-13,1.0973424794484303e-11
209.71,4.91619610608251e-13,1.09425310846176e-11
209.72,4.1679367562279307e-13,1.0911241161849723e-11
209.73,3.4189948894199264e-13,1.0879555162556076e-11
209.74,2.66941697086645e-13,1.0847475578765159e-11
209.75,1.9192330393038005e-13,1.0815004544169086e-11
209.76,1.1684743444673922e-13,1.078214274323518e-11
209.77,4.171728765491854e-14,1.0748893453993194e-11
209.78,-3.34636685253367e-14,1.0715257685243788e-11
209.79,-1.0869238073989727e-13,1.0681237532416988e-11
209.8,-1.839658445050551e-13,1.0646834833231519e-11
209.81,-2.5927994594375897e-13,1.0612051599997862e-11
209.82,-3.346327147978569e-13,1.0576889627348232e-11
209.83,-4.100202677100625e-13,1.0541350907825441e-11
209.84,-4.854387050819516e-13,1.0505437144391758e-11
209.85,-5.608873554589337e-13,1.0469150793666793e-11
209.86,-6.363605580598255e-13,1.0432493422395865e-11
209.87,-7.118561107169405e-13,1.0395466964455448e-11
209.88,-7.873705949267461e-13,1.0358073618294488e-11
209.89,-8.629008269379879e-13,1.0320315316491972e-11
209.9,-9.384440269150084e-13,1.0282194074102916e-11
209.91,-1.013996879566444e-12,1.0243711861147605e-11
209.92,-1.089556091809528e-12,1.0204870795470089e-11
209.93,-1.1651191457441621e-12,1.0165672762363867e-11
209.94,-1.2406815038362809e-12,1.0126119892326385e-11
209.95,-1.316241378866002e-12,1.0086214384185221e-11
209.96,-1.3917951151909668e-12,1.0045958255245816e-11
209.97,-1.4673400212479129e-12,1.000535336442693e-11
209.98,-1.5428727374943229e-12,9.964402130084343e-12
209.99,-1.6183899746600693e-12,9.923106817621619e-12
210.0,-1.6938889853520803e-12,9.881468818809978e-12
210.01,-1.769366630859276e-12,9.839490981771717e-12
210.02,-1.8448195688348565e-12,9.797175148767127e-12
210.03,-1.920245136361392e-12,9.754523475037806e-12
210.04,-1.9956398435158795e-12,9.711538242146793e-12
210.05,-2.0710010907316353e-12,9.668221497110147e-12
210.06,-2.1463258739269063e-12,9.624575544692437e-12
210.07,-2.221610650043103e-12,9.580602529049326e-12
210.08,-2.2968528035944764e-12,9.536304727829793e-12
210.09,-2.3720492955585835e-12,9.491684210280345e-12
210.1,-2.447197135749748e-12,9.446743289462205e-12
210.11,-2.52229268829708e-12,9.401484311005813e-12
210.12,-2.5973345958968425e-12,9.355909229076663e-12
210.13,-2.672318164409572e-12,9.310020699245531e-12
210.14,-2.747241300519307e-12,9.263820705666162e-12
210.15,-2.8221005998103965e-12,9.217311545668547e-12
210.16,-2.8968940455838424e-12,9.17049549925374e-12
210.17,-2.971617643002366e-12,9.123375039979314e-12
210.18,-3.0462685126218186e-12,9.07595240981327e-12
210.19,-3.1208444271841906e-12,9.02822979019889e-12
210.2,-3.195341738084345e-12,8.980209508295462e-12
210.21,-3.2697586901283975e-12,8.931894098179117e-12
210.22,-3.3440914732403136e-12,8.883285678272506e-12
210.23,-3.4183370964037565e-12,8.834386731034927e-12
210.24,-3.4924932080358618e-12,8.785199557964343e-12
210.25,-3.5665567332228763e-12,8.735726487469148e-12
210.26,-3.6405248274063305e-12,8.685969919725204e-12
210.27,-3.714394589013153e-12,8.635932340858101e-12
210.28,-3.788163118919569e-12,8.585616027757165e-12
210.29,-3.861828436384998e-12,8.535023493392646e-12
210.3,-3.935386214838425e-12,8.484156863154401e-12
210.31,-4.008834463350446e-12,8.4330188871478e-12
210.32,-4.082170857746698e-12,8.381611780427478e-12
210.33,-4.155391755627699e-12,8.329938045172062e-12
210.34,-4.228495316986118e-12,8.278000107376522e-12
210.35,-4.301478268717622e-12,8.22580042091709e-12
210.36,-4.374337670221288e-12,8.173341421531008e-12
210.37,-4.44707108023671e-12,8.12062553638815e-12
210.38,-4.519676464611683e-12,8.067654846483868e-12
210.39,-4.592148832348086e-12,8.01443304980366e-12
210.4,-4.664488151701759e-12,7.960961493693502e-12
210.41,-4.736690204800582e-12,7.907242878768698e-12
210.42,-4.8087528861636664e-12,7.85327960158441e-12
210.43,-4.88067347562002e-12,7.799074730455346e-12
210.44,-4.9524492092278224e-12,7.744630250905788e-12
210.45,-5.0240774210805895e-12,7.689948805565918e-12
210.46,-5.095555663549644e-12,7.635032898375559e-12
210.47,-5.166880796915806e-12,7.579885022372584e-12
210.48,-5.238050984010575e-12,7.52450788025076e-12
210.49,-5.3090634592897354e-12,7.468903770154795e-12
210.5,-5.379914992335999e-12,7.413075363161742e-12
210.51,-5.450602393542273e-12,7.357024830611768e-12
210.52,-5.521126847251714e-12,7.300755769863696e-12
210.53,-5.5914819838004265e-12,7.244269622373274e-12
210.54,-5.661666238380741e-12,7.187569466877546e-12
210.55,-5.7316776427924546e-12,7.130657681836617e-12
210.56,-5.801513225154896e-12,7.073536954080794e-12
210.57,-5.871170315553038e-12,7.016209869224469e-12
210.58,-5.940647213711648e-12,6.958678781169131e-12
210.59,-6.009941054304539e-12,6.900946551598139e-12
210.6,-6.079049098553513e-12,6.843016068914763e-12
210.61,-6.147969266650622e-12,6.784888743933962e-12
210.62,-6.216699192785998e-12,6.7265682981330504e-12
210.63,-6.285235997013633e-12,6.668057143639701e-12
210.64,-6.353577853758209e-12,6.609357507883807e-12
210.65,-6.42172203243539e-12,6.550472369628699e-12
210.66,-6.4896661425141305e-12,6.491404188541325e-12
210.67,-6.557408220236715e-12,6.432155544571724e-12
210.68,-6.62494534553599e-12,6.372729131487714e-12
210.69,-6.692275388407414e-12,6.313127440657047e-12
210.7,-6.759396626790247e-12,6.253353416664379e-12
210.71,-6.82630585726833e-12,6.1934094140919156e-12
210.72,-6.893001211038599e-12,6.133298071239709e-12
210.73,-6.95948066716312e-12,6.0730220858462486e-12
210.74,-7.0257415383567854e-12,6.012584105112587e-12
210.75,-7.091781808790677e-12,5.9519867369330086e-12
210.76,-7.157599201724732e-12,5.8912326521865026e-12
210.77,-7.223191209009509e-12,5.830324508635953e-12
210.78,-7.288555323681518e-12,5.769265298112883e-12
210.79,-7.353691073087734e-12,5.708056748585946e-12
210.8,-7.418595013863778e-12,5.64670220217911e-12
210.81,-7.483264696615898e-12,5.585204338635293e-12
210.82,-7.5476986595797e-12,5.523565717510063e-12
210.83,-7.61189422354737e-12,5.4617890038210915e-12
210.84,-7.67584958736367e-12,5.399876832220648e-12
210.85,-7.739562697846148e-12,5.337831557071833e-12
210.86,-7.80303115413468e-12,5.275656417593298e-12
210.87,-7.866253846313486e-12,5.213353333138507e-12
210.88,-7.929226497759854e-12,5.150926312991006e-12
210.89,-7.991949650295343e-12,5.0883766621586384e-12
210.9,-8.05442000676497e-12,5.025707417125217e-12
210.91,-8.116635477567031e-12,4.962921740343739e-12
210.92,-8.17859419821743e-12,4.9000218084870364e-12
210.93,-8.240294245369723e-12,4.8370104231412735e-12
210.94,-8.301734108086777e-12,4.7738902975731185e-12
210.95,-8.362911152841525e-12,4.7106640971058505e-12
210.96,-8.423823333785192e-12,4.647334601089162e-12
210.97,-8.48446967259597e-12,4.583904138423436e-12
210.98,-8.544847629893287e-12,4.520375633985249e-12
210.99,-8.604954643474337e-12,4.456751790917646e-12
211.0,-8.664790317782089e-12,4.393035357713097e-12
211.01,-8.724351762793628e-12,4.32922890886441e-12
211.02,-8.783637335716073e-12,4.2653349640920674e-12
211.03,-8.842645377073158e-12,4.201356433359385e-12
211.04,-8.901373764244138e-12,4.1372959267634645e-12
211.05,-8.959820850683468e-12,4.073156211937554e-12
211.06,-9.017984893094236e-12,4.008939648776064e-12
211.07,-9.075864139797612e-12,3.944649232671548e-12
211.08,-9.133456689373634e-12,3.880287594703403e-12
211.09,-9.190761150872898e-12,3.815857183612007e-12
211.1,-9.247775493470733e-12,3.751360921457656e-12
211.11,-9.30449737986821e-12,3.686801536144001e-12
211.12,-9.360926909686872e-12,3.622181207578712e-12
211.13,-9.41706079374133e-12,3.5575031086116743e-12
211.14,-9.472897551679003e-12,3.4927697621788634e-12
211.15,-9.528436758830908e-12,3.4279838770870578e-12
211.16,-9.583675313440494e-12,3.363148028210451e-12
211.17,-9.638612150023294e-12,3.298264886406764e-12
211.18,-9.69324579189821e-12,3.2333370733716477e-12
211.19,-9.747574619710768e-12,3.1683673495716083e-12
211.2,-9.801596860805519e-12,3.1033582230408736e-12
211.21,-9.85531163835452e-12,3.03831264574847e-12
211.22,-9.908716643281597e-12,2.973232962611837e-12
211.23,-9.961810236085536e-12,2.9081218954614997e-12
211.24,-1.0014592284876016e-11,2.8429822492730405e-12
211.25,-1.006705941127629e-11,2.7778165756387947e-12
211.26,-1.0119211812976293e-11,2.7126273470611056e-12
211.27,-1.0171046402332522e-11,2.6474175148252263e-12
211.28,-1.0222563156572623e-11,2.5821894187833156e-12
211.29,-1.0273760009831838e-11,2.5169458830923977e-12
211.3,-1.0324635787713123e-11,2.4516894727677503e-12
211.31,-1.0375189131781962e-11,2.386422749099381e-12
211.32,-1.0425418873940571e-11,2.321148242748187e-12
211.33,-1.0475322092453297e-11,2.255869221266214e-12
211.34,-1.0524899572446358e-11,2.1905875281727236e-12
211.35,-1.0574149112386238e-11,2.125306110855188e-12
211.36,-1.0623069318922822e-11,2.060027500188693e-12
211.37,-1.0671658892157426e-11,1.9947542968523175e-12
211.38,-1.0719917040729178e-11,1.9294891368793787e-12
211.39,-1.0767841692548917e-11,1.8642346846690873e-12
211.4,-1.0815432131106553e-11,1.798993472466906e-12
211.41,-1.0862686872406266e-11,1.7337681578319413e-12
211.42,-1.0909605437211828e-11,1.6685610461843894e-12
211.43,-1.0956186250713565e-11,1.6033749688821196e-12
211.44,-1.1002426955500888e-11,1.538212680719023e-12
211.45,-1.1048328034572094e-11,1.4730763333925251e-12
211.46,-1.1093887628181692e-11,1.4079687635622275e-12
211.47,-1.1139104737182008e-11,1.3428924710020256e-12
211.48,-1.118397810404899e-11,1.2778500172756932e-12
211.49,-1.1228506877966741e-11,1.2128438600137147e-12
211.5,-1.1272690294377008e-11,1.1478765282980208e-12
211.51,-1.1316526048548412e-11,1.0829510140547121e-12
211.52,-1.1360014671092371e-11,1.0180692299667863e-12
211.53,-1.140315376190246e-11,9.532341307643357e-13
211.54,-1.1445943355807704e-11,8.884480467537275e-13
211.55,-1.1488382003893334e-11,8.237134782142154e-13
211.56,-1.1530468638056963e-11,7.590331178123324e-13
211.57,-1.1572202651679429e-11,6.944091719146666e-13
211.58,-1.1613582826259058e-11,6.298445217021057e-13
211.59,-1.1654609117778055e-11,5.653411102024054e-13
211.6,-1.1695278185746446e-11,5.00902350444432e-13
211.61,-1.1735591107120953e-11,4.3653007933531675e-13
211.62,-1.1775547436337489e-11,3.7222663443222243e-13
211.63,-1.1815145300482652e-11,3.079947214919354e-13
211.64,-1.185438397718534e-11,2.438369570701132e-13
211.65,-1.1893262757935761e-11,1.797555886292049e-13
211.66,-1.1931781010324946e-11,1.1575312261727858e-13
211.67,-1.196993779755067e-11,5.1831987591590806e-14
211.68,-1.2007731670034158e-11,-1.2004772280374947e-14
211.69,-1.2045163337710354e-11,-7.575638760729526e-14
211.7,-1.2082230692961459e-11,-1.394186512313442e-13
211.71,-1.2118934475852961e-11,-2.029901069739123e-13
211.72,-1.2155271986077268e-11,-2.664680096449613e-13
211.73,-1.219124424886548e-11,-3.298497681041871e-13
211.74,-1.2226849845132225e-11,-3.931334711490871e-13
211.75,-1.2262088137536991e-11,-4.563164549697295e-13
211.76,-1.2296958461262121e-11,-5.193963808492995e-13
211.77,-1.2331460329968384e-11,-5.823707935603004e-13
211.78,-1.2365593342207234e-11,-6.452374629109913e-13
211.79,-1.2399356402608773e-11,-7.07993985326591e-13
211.8,-1.2432749348337026e-11,-7.706378775273597e-13
211.81,-1.2465771655920873e-11,-8.331667879873323e-13
211.82,-1.249842235453653e-11,-8.95578895372164e-13
211.83,-1.2530700985335524e-11,-9.578712104059775e-13
211.84,-1.2562607576264544e-11,-1.020041827846429e-12
211.85,-1.2594141217026438e-11,-1.08208822652549e-12
211.86,-1.2625301240712401e-11,-1.1440079345504483e-12
211.87,-1.265608760467678e-11,-1.2057992011235428e-12
211.88,-1.2686499816137501e-11,-1.2674593417763333e-12
211.89,-1.2716537126616252e-11,-1.3289860620313242e-12
211.9,-1.2746199059375854e-11,-1.3903770546490657e-12
211.91,-1.2775486165874738e-11,-1.4516305750445004e-12
211.92,-1.2804397122780736e-11,-1.512743870761051e-12
211.93,-1.2832931340378217e-11,-1.5737147010630004e-12
211.94,-1.2861089621896366e-11,-1.6345410143350646e-12
211.95,-1.2888870769910878e-11,-1.695220427680973e-12
211.96,-1.2916274876885133e-11,-1.755750934785092e-12
211.97,-1.2943301025691666e-11,-1.8161301189446535e-12
211.98,-1.2969949467073773e-11,-1.8763559548050453e-12
211.99,-1.299622040776685e-11,-1.936426255454861e-12
212.0,-1.302211198744975e-11,-1.996338449408973e-12
212.01,-1.3047625630537869e-11,-2.0560908722626543e-12
212.02,-1.30727602213352e-11,-2.1156810355066182e-12
212.03,-1.3097516034467814e-11,-2.175107093906759e-12
212.04,-1.3121892543165586e-11,-2.234366677385738e-12
212.05,-1.314588971886674e-11,-2.2934575849405647e-12
212.06,-1.3169507328510776e-11,-2.3523779192186252e-12
212.07,-1.3192745438744631e-11,-2.4111254443581333e-12
212.08,-1.3215603797466804e-11,-2.4696980470233526e-12
212.09,-1.3238082227505199e-11,-2.5280937750826193e-12
212.1,-1.3260180924955306e-11,-2.5863103260743512e-12
212.11,-1.3281899406764565e-11,-2.6443457547874553e-12
212.12,-1.3303237660908914e-11,-2.7021981523905937e-12
212.13,-1.3324196161986029e-11,-2.759865077375156e-12
212.14,-1.3344774184154329e-11,-2.8173447817959286e-12
212.15,-1.3364972163974377e-11,-2.8746352301404643e-12
212.16,-1.3384789871555878e-11,-2.931734166432627e-12
212.17,-1.3404227582139592e-11,-2.9886399639578182e-12
212.18,-1.3423285128324652e-11,-3.045350322138552e-12
212.19,-1.3441962666338276e-11,-3.1018633985300098e-12
212.2,-1.346026026239988e-11,-3.1581771492080494e-12
212.21,-1.3478177947583448e-11,-3.2142895655522247e-12
212.22,-1.3495715751093055e-11,-3.2701988489592344e-12
212.23,-1.351287384554456e-11,-3.3259028941813388e-12
212.24,-1.3529652463128785e-11,-3.3813997464330772e-12
212.25,-1.3546051539749041e-11,-3.436687578204298e-12
212.26,-1.3562071379886245e-11,-3.4917643866380343e-12
212.27,-1.3577712439250766e-11,-3.546628715759556e-12
212.28,-1.3592974307462401e-11,-3.601278026902007e-12
212.29,-1.3607857467764404e-11,-3.655710743817395e-12
212.3,-1.3622362210806946e-11,-3.709925170872572e-12
212.31,-1.3636488788969928e-11,-3.7639190104987595e-12
212.32,-1.3650237398248872e-11,-3.817690743296419e-12
212.33,-1.3663608082572526e-11,-3.871238461465894e-12
212.34,-1.3676601146659484e-11,-3.92456047490857e-12
212.35,-1.3689217977854316e-11,-3.977655151285336e-12
212.36,-1.3701456898083443e-11,-4.030519488213508e-12
212.37,-1.371332019722881e-11,-4.083153496387098e-12
212.38,-1.3724806457397752e-11,-4.135553940658796e-12
212.39,-1.373591771994571e-11,-4.187719890028411e-12
212.4,-1.3746652803739332e-11,-4.239649217196617e-12
212.41,-1.3757012998726693e-11,-4.291340320413499e-12
212.42,-1.3766998626746593e-11,-4.3427915387757015e-12
212.43,-1.3776610050092818e-11,-4.394001061071198e-12
212.44,-1.3785847316311706e-11,-4.444967283346545e-12
212.45,-1.3794711658539398e-11,-4.495688256936377e-12
212.46,-1.380320317660674e-11,-4.546162733649505e-12
212.47,-1.3811321627472377e-11,-4.596388523553058e-12
212.48,-1.3819067605555337e-11,-4.646365041722527e-12
212.49,-1.382644360003467e-11,-4.696088618684506e-12
212.5,-1.3833447569032659e-11,-4.745559207133514e-12
212.51,-1.3840081492114451e-11,-4.794775227872653e-12
212.52,-1.3846345422282458e-11,-4.843734630347427e-12
212.53,-1.3852240043322809e-11,-4.89243588855888e-12
212.54,-1.3857765682494023e-11,-4.940877409454397e-12
212.55,-1.3862923067813331e-11,-4.989057542862041e-12
212.56,-1.3867713120541263e-11,-5.036975040283557e-12
212.57,-1.387213561443731e-11,-5.084627752623889e-12
212.58,-1.3876192449746614e-11,-5.132015223228411e-12
212.59,-1.3879883136016409e-11,-5.179134980162456e-12
212.6,-1.3883208839962529e-11,-5.225985968312361e-12
212.61,-1.3886170005133505e-11,-5.2725663477217006e-12
212.62,-1.3888767405742954e-11,-5.318874963106142e-12
212.63,-1.3891001811412903e-11,-5.364910169976999e-12
212.64,-1.3892873566294787e-11,-5.410670397980185e-12
212.65,-1.3894384302188026e-11,-5.456155016992468e-12
212.66,-1.3895533467629376e-11,-5.501361393385683e-12
212.67,-1.3896322926329662e-11,-5.546289338380875e-12
212.68,-1.3896752879484218e-11,-5.590936470108835e-12
212.69,-1.3896824155650853e-11,-5.6353018895928925e-12
212.7,-1.3896537614805053e-11,-5.679384092421383e-12
212.71,-1.3895893816882039e-11,-5.723181668985675e-12
212.72,-1.3894893841579134e-11,-5.766693363240676e-12
212.73,-1.3893538625567237e-11,-5.809917974680021e-12
212.74,-1.3891828651383879e-11,-5.852854064048667e-12
212.75,-1.3889764351468922e-11,-5.895500239028509e-12
212.76,-1.3887348209323078e-11,-5.937855283436238e-12
212.77,-1.3884579570557355e-11,-5.979917877823686e-12
212.78,-1.3881459687389918e-11,-6.021686818469974e-12
212.79,-1.3877989741872308e-11,-6.063161002637124e-12
212.8,-1.3874170695818736e-11,-6.104339046360126e-12
212.81,-1.3870003122118165e-11,-6.14521968124446e-12
212.82,-1.3865487566341663e-11,-6.185801596549526e-12
212.83,-1.386062564686496e-11,-6.226083778783626e-12
212.84,-1.38554186911577e-11,-6.266065361547248e-12
212.85,-1.384986649654563e-11,-6.305744428476669e-12
212.86,-1.3843971181647133e-11,-6.345120496448202e-12
212.87,-1.3837732859341088e-11,-6.384192133865972e-12
212.88,-1.383115329655385e-11,-6.4229581046093255e-12
212.89,-1.3824232931867e-11,-6.4614175023514785e-12
212.9,-1.3816972884826593e-11,-6.499569176539225e-12
212.91,-1.3809374547436743e-11,-6.5374120670001655e-12
212.92,-1.3801438706600822e-11,-6.574945102024473e-12
212.93,-1.3793166600929965e-11,-6.6121671687575604e-12
212.94,-1.3784558950822996e-11,-6.6490772697562434e-12
212.95,-1.3775617080869054e-11,-6.6856743480760294e-12
212.96,-1.3766341832214069e-11,-6.721957391161603e-12
212.97,-1.3756734920200694e-11,-6.757925434893484e-12
212.98,-1.3746796887104366e-11,-6.793577432425666e-12
212.99,-1.3736529291061435e-11,-6.8289125870953044e-12
213.0,-1.3725932921791931e-11,-6.863929708363207e-12
213.01,-1.3715008989889129e-11,-6.898627910820251e-12
213.02,-1.3703758578906909e-11,-6.933006317461785e-12
213.03,-1.3692183630499058e-11,-6.967064186271968e-12
213.04,-1.3680284444881527e-11,-7.000800348615817e-12
213.05,-1.366806246567643e-11,-7.03421400763903e-12
213.06,-1.3655518525690969e-11,-7.067304182825563e-12
213.07,-1.3642654876818488e-11,-7.100070265298511e-12
213.08,-1.3629471960624837e-11,-7.132511250893595e-12
213.09,-1.3615970996840011e-11,-7.164626287146047e-12
213.1,-1.3602153385178958e-11,-7.196414574859915e-12
213.11,-1.3588020265132401e-11,-7.227875237319062e-12
213.12,-1.3573573613889247e-11,-7.259007904480699e-12
213.13,-1.3558814019356873e-11,-7.289811379653637e-12
213.14,-1.3543742715487616e-11,-7.320284875053086e-12
213.15,-1.3528361205061394e-11,-7.350428016623895e-12
213.16,-1.3512670870233564e-11,-7.380239622577366e-12
213.17,-1.3496672573373735e-11,-7.409719207159757e-12
213.18,-1.3480368563243143e-11,-7.438866316868242e-12
213.19,-1.3463759407242583e-11,-7.467679844298575e-12
213.2,-1.3446846126016838e-11,-7.496159217155262e-12
213.21,-1.3429631772645822e-11,-7.524303946767477e-12
213.22,-1.3412116067143758e-11,-7.552113376586344e-12
213.23,-1.3394300868440898e-11,-7.579586741505185e-12
213.24,-1.3376187416463921e-11,-7.606723435333906e-12
213.25,-1.3357777293287736e-11,-7.633522846839543e-12
213.26,-1.3339072018400528e-11,-7.659984441498283e-12
213.27,-1.3320072682365495e-11,-7.6861076592096e-12
213.28,-1.3300781042585769e-11,-7.711891995361934e-12
213.29,-1.3281198878029361e-11,-7.737337026691525e-12
213.3,-1.3261326005731705e-11,-7.762441583889412e-12
213.31,-1.324116566678189e-11,-7.787205815028459e-12
213.32,-1.3220718521881667e-11,-7.811629104877934e-12
213.33,-1.3199986116231984e-11,-7.835710867740919e-12
213.34,-1.3178970160723476e-11,-7.859450596494453e-12
213.35,-1.315767174669949e-11,-7.882847915225239e-12
213.36,-1.3136092698978832e-11,-7.905902336215205e-12
213.37,-1.3114234138130555e-11,-7.92861334917422e-12
213.38,-1.3092098149103237e-11,-7.950980613272717e-12
213.39,-1.3069685543912252e-11,-7.973003989905078e-12
213.4,-1.3046998329442383e-11,-7.994682656799434e-12
213.41,-1.3024037956416972e-11,-8.016016542602782e-12
213.42,-1.3000805865582949e-11,-8.037005210759935e-12
213.43,-1.2977303738087093e-11,-8.057648174661489e-12
213.44,-1.2953532972498873e-11,-8.07794530242769e-12
213.45,-1.2929495206603036e-11,-8.097896179024975e-12
213.46,-1.2905191961953436e-11,-8.117500477260117e-12
213.47,-1.2880624760019361e-11,-8.136757835940341e-12
213.48,-1.2855795877225992e-11,-8.155668648062992e-12
213.49,-1.2830705525773642e-11,-8.174231780659051e-12
213.5,-1.2805356399065297e-11,-8.19244734197623e-12
213.51,-1.2779749703583158e-11,-8.210315076861609e-12
213.52,-1.2753887231434136e-11,-8.22783480450561e-12
213.53,-1.272777043409447e-11,-8.245006312146556e-12
213.54,-1.270140091953042e-11,-8.26182948032415e-12
213.55,-1.2674780518259175e-11,-8.278303908337234e-12
213.56,-1.2647909588131152e-11,-8.294429286494658e-12
213.57,-1.2620793125398354e-11,-8.310206831022803e-12
213.58,-1.2593429455062894e-11,-8.325634663724533e-12
213.59,-1.2565821635950032e-11,-8.34071366227967e-12
213.6,-1.2537970332435927e-11,-8.355443209346876e-12
213.61,-1.2509878815338286e-11,-8.369823630730938e-12
213.62,-1.2481547374143017e-11,-8.383854471250071e-12
213.63,-1.24529784841168e-11,-8.397536048423596e-12
213.64,-1.2424173431705546e-11,-8.410868121447703e-12
213.65,-1.2395133990840593e-11,-8.423850917921831e-12
213.66,-1.2365862079047133e-11,-8.436483710963065e-12
213.67,-1.2336359007772135e-11,-8.448767102812826e-12
213.68,-1.2306626528415766e-11,-8.460701226035749e-12
213.69,-1.2276667019387876e-11,-8.472285451723336e-12
213.7,-1.2246481535838e-11,-8.483520719846143e-12
213.71,-1.2216071798651996e-11,-8.494406338338453e-12
213.72,-1.2185439896699882e-11,-8.504942671059894e-12
213.73,-1.2154587359930428e-11,-8.515129844763573e-12
213.74,-1.2123516029416208e-11,-8.524967730167962e-12
213.75,-1.209222760413697e-11,-8.53445663897795e-12
213.76,-1.206072374843434e-11,-8.543596625526747e-12
213.77,-1.2029006326650539e-11,-8.552387732523797e-12
213.78,-1.1997077264421002e-11,-8.560830672670053e-12
213.79,-1.196493788284731e-11,-8.568924522523424e-12
213.8,-1.193259034274512e-11,-8.576670351581253e-12
213.81,-1.1900036253103786e-11,-8.584068138439287e-12
213.82,-1.1867277588217281e-11,-8.591118041855145e-12
213.83,-1.1834315527682263e-11,-8.597820186367039e-12
213.84,-1.1801152811668425e-11,-8.604174892097854e-12
213.85,-1.1767790530117159e-11,-8.610182450067871e-12
213.86,-1.1734230820239784e-11,-8.615843036870753e-12
213.87,-1.1700475151290759e-11,-8.621157261998847e-12
213.88,-1.1666525874531595e-11,-8.62612459692306e-12
213.89,-1.1632384007902445e-11,-8.63074604304069e-12
213.9,-1.1598052097800148e-11,-8.635021745971872e-12
213.91,-1.1563531607014398e-11,-8.638952214000812e-12
213.92,-1.1528824461163695e-11,-8.642537298570664e-12
213.93,-1.1493932366781783e-11,-8.645777800178212e-12
213.94,-1.1458857325051502e-11,-8.64867385122793e-12
213.95,-1.1423601277557797e-11,-8.65122602595897e-12
213.96,-1.1388165454942195e-11,-8.65343461053484e-12
213.97,-1.1352552246223515e-11,-8.655299796280825e-12
213.98,-1.1316763398902396e-11,-8.656822311570093e-12
213.99,-1.1280800794280695e-11,-8.658002523542878e-12
214.0,-1.1244666207531872e-11,-8.658840748801236e-12
214.01,-1.1208361306466029e-11,-8.659337397487551e-12
214.02,-1.117188814676973e-11,-8.659493431446742e-12
214.03,-1.1135248454975687e-11,-8.659308785054786e-12
214.04,-1.1098444419768207e-11,-8.658784096079367e-12
214.05,-1.1061477877049814e-11,-8.65791992153815e-12
214.06,-1.1024350080482497e-11,-8.656716935675882e-12
214.07,-1.0987063380151002e-11,-8.655175378656948e-12
214.08,-1.0949619519044456e-11,-8.653296095729268e-12
214.09,-1.0912020684626389e-11,-8.651079410480025e-12
214.1,-1.0874268077024865e-11,-8.648525765366786e-12
214.11,-1.0836364388550122e-11,-8.645636195158701e-12
214.12,-1.0798310693446312e-11,-8.642411034201795e-12
214.13,-1.0760109571633544e-11,-8.638850943872598e-12
214.14,-1.0721762476198094e-11,-8.634956355791644e-12
214.15,-1.0683271283482189e-11,-8.630728320607197e-12
214.16,-1.0644638073906434e-11,-8.626167034332354e-12
214.17,-1.060586467562509e-11,-8.621273484564967e-12
214.18,-1.056695294158274e-11,-8.616048245329197e-12
214.19,-1.0527904831879557e-11,-8.610491845033489e-12
214.2,-1.0488721919216499e-11,-8.604605211711762e-12
214.21,-1.044940682545397e-11,-8.598389054992064e-12
214.22,-1.0409960625393407e-11,-8.591843788378299e-12
214.23,-1.0370384965986908e-11,-8.584970334909194e-12
214.24,-1.0330683536103692e-11,-8.577769710269516e-12
214.25,-1.029085635009871e-11,-8.570242341174e-12
214.26,-1.0250906175603902e-11,-8.562389062203305e-12
214.27,-1.0210835079019685e-11,-8.554210910808897e-12
214.28,-1.0170643685252857e-11,-8.545707880428388e-12
214.29,-1.0130335257706465e-11,-8.536881710873748e-12
214.3,-1.008991137757246e-11,-8.527732781493207e-12
214.31,-1.0049373474728452e-11,-8.518261811547466e-12
214.32,-1.0008724121456868e-11,-8.508470356291402e-12
214.33,-9.967964476137164e-12,-8.498358068999274e-12
214.34,-9.927097013447793e-12,-8.487926666863628e-12
214.35,-9.886123652162815e-12,-8.47717697188413e-12
214.36,-9.845045953833203e-12,-8.466109935453304e-12
214.37,-9.803865819443833e-12,-8.454725658719039e-12
214.38,-9.76258551081162e-12,-8.443025943718971e-12
214.39,-9.721206455952442e-12,-8.431011346992244e-12
214.4,-9.679730916901803e-12,-8.418682951283297e-12
214.41,-9.638160406128521e-12,-8.40604159527087e-12
214.42,-9.596497642453457e-12,-8.393088178848729e-12
214.43,-9.554743468847525e-12,-8.379823776298113e-12
214.44,-9.512900534206967e-12,-8.366249188890828e-12
214.45,-9.470970767846007e-12,-8.352366393020114e-12
214.46,-9.428955216872815e-12,-8.338173971154964e-12
214.47,-9.38685670526722e-12,-8.323675307435435e-12
214.48,-9.344676541009744e-12,-8.308870445640825e-12
214.49,-9.30241698541763e-12,-8.293760634700143e-12
214.5,-9.26007965501957e-12,-8.278346891524467e-12
214.51,-9.217666593700398e-12,-8.262630124972347e-12
214.52,-9.17517983542722e-12,-8.246611574182628e-12
214.53,-9.132620892337179e-12,-8.230292126748968e-12
214.54,-9.089991854059607e-12,-8.213673166954814e-12
214.55,-9.047294938271722e-12,-8.196755292411446e-12
214.56,-9.004531363292598e-12,-8.179540030897398e-12
214.57,-8.961703479325658e-12,-8.162028302019867e-12
214.58,-8.918813003017477e-12,-8.144221352905974e-12
214.59,-8.875861744897651e-12,-8.126120276470282e-12
214.6,-8.832851806292575e-12,-8.107726065047946e-12
214.61,-8.789785523374355e-12,-8.089040042029289e-12
214.62,-8.746663063221434e-12,-8.070063357802577e-12
214.63,-8.703487987227619e-12,-8.050797459646573e-12
214.64,-8.660261604266008e-12,-8.031242701234613e-12
214.65,-8.616985771021958e-12,-8.011400980673488e-12
214.66,-8.573662099625026e-12,-7.99127325270908e-12
214.67,-8.530293097430872e-12,-7.970860948374653e-12
214.68,-8.486879909317188e-12,-7.950164984426994e-12
214.69,-8.443425101403548e-12,-7.929186816378156e-12
214.7,-8.399929922025028e-12,-7.907927663013045e-12
214.71,-8.356396408841586e-12,-7.886388684950008e-12
214.72,-8.312826748173794e-12,-7.864570871394611e-12
214.73,-8.269221910760328e-12,-7.842476293630057e-12
214.74,-8.225584740115146e-12,-7.820105546490613e-12
214.75,-8.181916804580216e-12,-7.797459971544054e-12
214.76,-8.138219191747671e-12,-7.77454121172946e-12
214.77,-8.09449494866011e-12,-7.751350160888096e-12
214.78,-8.050745280343498e-12,-7.727888472038778e-12
214.79,-8.006971635282022e-12,-7.704157161927685e-12
214.8,-7.963176743590437e-12,-7.680157729229603e-12
214.81,-7.919360833831963e-12,-7.655891724565782e-12
214.82,-7.875528049692006e-12,-7.631360001736215e-12
214.83,-7.831678588326493e-12,-7.6065642451243e-12
214.84,-7.78781475849926e-12,-7.58150585011955e-12
214.85,-7.743938079670428e-12,-7.556186081496566e-12
214.86,-7.70005044193429e-12,-7.530606334662081e-12
214.87,-7.656153840995635e-12,-7.504768089169615e-12
214.88,-7.612250063010498e-12,-7.478672508483641e-12
214.89,-7.56834068316148e-12,-7.452321205828234e-12
214.9,-7.524427630038232e-12,-7.425715672313267e-12
214.91,-7.480512881434198e-12,-7.398857010673263e-12
214.92,-7.436597962942035e-12,-7.371747008838202e-12
214.93,-7.392684533787147e-12,-7.344386775130786e-12
214.94,-7.348774653517231e-12,-7.316778172620278e-12
214.95,-7.304869893598816e-12,-7.28892220660923e-12
214.96,-7.260972271793593e-12,-7.2608206845930314e-12
214.97,-7.2170834272479854e-12,-7.232474871292558e-12
214.98,-7.173204785486706e-12,-7.203886262927987e-12
214.99,-7.129338739557911e-12,-7.1750564268111635e-12
215.0,-7.085486427072014e-12,-7.145986796762046e-12
215.01,-7.041649733541367e-12,-7.116678963143048e-12
215.02,-6.997830825368693e-12,-7.087134347292719e-12
215.03,-6.9540310898789264e-12,-7.057354460370129e-12
215.04,-6.9102519388861656e-12,-7.027340771171778e-12
215.05,-6.8664956683759516e-12,-6.997094834332603e-12
215.06,-6.822764036503918e-12,-6.966618353892765e-12
215.07,-6.779058199594992e-12,-6.935912824815073e-12
215.08,-6.735380272760916e-12,-6.904979508653501e-12
215.09,-6.691731798064829e-12,-6.873820353708304e-12
215.1,-6.648114440440626e-12,-6.842436700842277e-12
215.11,-6.604530251001769e-12,-6.810830187041228e-12
215.12,-6.560980237002093e-12,-6.779002217776714e-12
215.13,-6.517466596799653e-12,-6.746954596780986e-12
215.14,-6.473991211645818e-12,-6.714688861922499e-12
215.15,-6.4305548816382814e-12,-6.682206513309374e-12
215.16,-6.3871604186154225e-12,-6.649509277517295e-12
215.17,-6.343808340541995e-12,-6.616598622764763e-12
215.18,-6.300501288463188e-12,-6.583476344441073e-12
215.19,-6.257240619075093e-12,-6.550143935460208e-12
215.2,-6.214027406573108e-12,-6.516603032994423e-12
215.21,-6.1708639692821206e-12,-6.482855305617383e-12
215.22,-6.127751691225663e-12,-6.448902327778718e-12
215.23,-6.084692076056344e-12,-6.4147456891666294e-12
215.24,-6.041687204620105e-12,-6.380387278483772e-12
215.25,-5.99873761346049e-12,-6.3458285826228315e-12
215.26,-5.95584641210013e-12,-6.311071108839757e-12
215.27,-5.913014108225752e-12,-6.276116911920567e-12
215.28,-5.870242625933968e-12,-6.240967430650234e-12
215.29,-5.8275335533591445e-12,-6.205624264267821e-12
215.3,-5.7848882809563905e-12,-6.1700891576473594e-12
215.31,-5.74230907295178e-12,-6.134363993505278e-12
215.32,-5.69979661811417e-12,-6.0984500743747805e-12
215.33,-5.657353025054378e-12,-6.062349376673057e-12
215.34,-5.614979613506389e-12,-6.0260635589291626e-12
215.35,-5.572678206809148e-12,-5.9895943467174874e-12
215.36,-5.5304500078344785e-12,-5.952943331937417e-12
215.37,-5.488296798089045e-12,-5.916112324544509e-12
215.38,-5.4462199171621335e-12,-5.8791030382843615e-12
215.39,-5.404221106271874e-12,-5.8419171878919986e-12
215.4,-5.362301671179995e-12,-5.804556507189184e-12
215.41,-5.320463291910229e-12,-5.767022730266521e-12
215.42,-5.2787074259754644e-12,-5.72931757033943e-12
215.43,-5.237035270689079e-12,-5.691442732113428e-12
215.44,-5.195449330323077e-12,-5.6534004354249116e-12
215.45,-5.153949686999184e-12,-5.615191322513378e-12
215.46,-5.112538556873183e-12,-5.57681817385221e-12
215.47,-5.071217483071906e-12,-5.538282391699849e-12
215.48,-5.0299878551224626e-12,-5.4995857755753384e-12
215.49,-4.988850795146697e-12,-5.460729991944527e-12
215.5,-4.947808049897513e-12,-5.421716945255606e-12
215.51,-4.906861219361232e-12,-5.38254829644547e-12
215.52,-4.866011422720504e-12,-5.343225868974141e-12
215.53,-4.825261314155254e-12,-5.303752404871508e-12
215.54,-4.784608939287987e-12,-5.26412696014716e-12
215.55,-4.74405906379917e-12,-5.224353968911403e-12
215.56,-4.703612288693055e-12,-5.18443437707854e-12
215.57,-4.663269516173873e-12,-5.1443697863987985e-12
215.58,-4.623032268937199e-12,-5.104162382050852e-12
215.59,-4.582902057930129e-12,-5.0638136158026136e-12
215.6,-4.542880222806918e-12,-5.023325377818201e-12
215.61,-4.502967955928048e-12,-4.9826995798356085e-12
215.62,-4.463167120750041e-12,-4.941937725751462e-12
215.63,-4.423478057433183e-12,-4.901042211546992e-12
215.64,-4.383903069154711e-12,-4.860014245947846e-12
215.65,-4.344443361150013e-12,-4.818855963343093e-12
215.66,-4.305101294075997e-12,-4.7775693822671996e-12
215.67,-4.265874493577707e-12,-4.736155529934351e-12
215.68,-4.2267675081176496e-12,-4.694616928653048e-12
215.69,-4.187781292192369e-12,-4.652955243361283e-12
215.7,-4.148916572068112e-12,-4.611172367248318e-12
215.71,-4.110175175700637e-12,-4.5692700997091536e-12
215.72,-4.071557461214734e-12,-4.527249921620852e-12
215.73,-4.033065481962015e-12,-4.485114146994041e-12
215.74,-3.994700230909059e-12,-4.442864390249149e-12
215.75,-3.956462667187303e-12,-4.400502424243287e-12
215.76,-3.918354937487322e-12,-4.358030355374894e-12
215.77,-3.880377440565099e-12,-4.315449785642801e-12
215.78,-3.84253138442059e-12,-4.2727626336494564e-12
215.79,-3.804818656389104e-12,-4.229970729228432e-12
215.8,-3.767239895377277e-12,-4.187075911341225e-12
215.81,-3.729796458505252e-12,-4.1440800393963534e-12
215.82,-3.692489527703864e-12,-4.100984883244969e-12
215.83,-3.655320229522668e-12,-4.057792357957823e-12
215.84,-3.6182903460094712e-12,-4.014504552393741e-12
215.85,-3.5814000462684058e-12,-3.971122684475173e-12
215.86,-3.5446509247816647e-12,-3.927649337410858e-12
215.87,-3.5080442495503713e-12,-3.884085813546897e-12
215.88,-3.4715813304863227e-12,-3.840434447879136e-12
215.89,-3.435262851017612e-12,-3.79669651906642e-12
215.9,-3.3990902607582985e-12,-3.752874365408364e-12
215.91,-3.363064846379053e-12,-3.708969642179975e-12
215.92,-3.3271870866504504e-12,-3.66498417558865e-12
215.93,-3.2914585406779513e-12,-3.6209199294651907e-12
215.94,-3.2558802812794663e-12,-3.5767786581530205e-12
215.95,-3.220453266407435e-12,-3.5325623028228857e-12
215.96,-3.185178519661462e-12,-3.4882726327546425e-12
215.97,-3.1500574819491154e-12,-3.44391162000456e-12
215.98,-3.1150907238951103e-12,-3.3994810932245065e-12
215.99,-3.0802799706483327e-12,-3.3549828092907395e-12
216.0,-3.0456251336821174e-12,-3.310418672182936e-12
216.01,-3.011128544074865e-12,-3.265790635999824e-12
216.02,-2.9767900322580857e-12,-3.2211003417065917e-12
216.03,-2.9426111102368948e-12,-3.1763497610957173e-12
216.04,-2.9085932377497957e-12,-3.1315409199755874e-12
216.05,-2.8747365861159697e-12,-3.0866754431151267e-12
216.06,-2.841043251493895e-12,-3.04175538201276e-12
216.07,-2.80751282206841e-12,-2.9967822233536906e-12
216.08,-2.7741471403910405e-12,-2.9517581745367882e-12
216.09,-2.740947141235143e-12,-2.906685035307928e-12
216.1,-2.7079134921599582e-12,-2.8615645882779533e-12
216.11,-2.675047919409543e-12,-2.816398820730357e-12
216.12,-2.6423491157534922e-12,-2.7711890968785386e-12
216.13,-2.6098208466210104e-12,-2.725937969454259e-12
216.14,-2.5774623905058297e-12,-2.6806468438834813e-12
216.15,-2.5452751322358095e-12,-2.6353176425559658e-12
216.16,-2.5132596621619783e-12,-2.58995228124072e-12
216.17,-2.4814171860204212e-12,-2.544552556757072e-12
216.18,-2.4497483275337455e-12,-2.49912024217571e-12
216.19,-2.418254081404951e-12,-2.453657373449971e-12
216.2,-2.3869348797809676e-12,-2.4081653293600633e-12
216.21,-2.3557930951116087e-12,-2.36264686201123e-12
216.22,-2.324827608107555e-12,-2.317102898432739e-12
216.23,-2.294040265869615e-12,-2.2715356572145543e-12
216.24,-2.2634320995199297e-12,-2.225947018636592e-12
216.25,-2.2330027129485135e-12,-2.180338502739967e-12
216.26,-2.2027538985109726e-12,-2.134712227917631e-12
216.27,-2.1726868074695074e-12,-2.0890700603637266e-12
216.28,-2.1428010123744078e-12,-2.0434135084972186e-12
216.29,-2.113098450495237e-12,-1.997744811385859e-12
216.3,-2.083579067171602e-12,-1.95206541945925e-12
216.31,-2.0542434347979898e-12,-1.9063772140764283e-12
216.32,-2.0250941478344195e-12,-1.860682443924227e-12
216.33,-1.9961306847578364e-12,-1.8149825244806453e-12
216.34,-1.9673517749500403e-12,-1.7692788302722901e-12
216.35,-1.9387611247582334e-12,-1.7235740180817493e-12
216.36,-1.91035833968388e-12,-1.6778695526754912e-12
216.37,-1.8821441235663157e-12,-1.6321672069528255e-12
216.38,-1.8541190223530225e-12,-1.586468767139243e-12
216.39,-1.826284035683587e-12,-1.54077602721694e-12
216.4,-1.7986392583129685e-12,-1.4950907214761555e-12
216.41,-1.7711861904025641e-12,-1.4494149013392785e-12
216.42,-1.743925947676197e-12,-1.4037503771213075e-12
216.43,-1.716855989797029e-12,-1.3580981298881771e-12
216.44,-1.6899803552054753e-12,-1.312460980945153e-12
216.45,-1.663298489281907e-12,-1.2668401050254202e-12
216.46,-1.6368110496241336e-12,-1.2212375351149646e-12
216.47,-1.6105184323743658e-12,-1.1756548360615617e-12
216.48,-1.5844216757884885e-12,-1.1300940007116968e-12
216.49,-1.5585213246517687e-12,-1.0845567921591781e-12
216.5,-1.5328170341323608e-12,-1.0390446975221696e-12
216.51,-1.5073105646792373e-12,-9.935596876847152e-13
216.52,-1.4820015765094003e-12,-9.481034049899742e-13
216.53,-1.4568910637421673e-12,-9.026777162578774e-13
216.54,-1.4319795208025173e-12,-8.572843158542659e-13
216.55,-1.4072675192809204e-12,-8.119249611354832e-13
216.56,-1.3827553317759542e-12,-7.666013574322739e-13
216.57,-1.3584439338019752e-12,-7.213152835170577e-13
216.58,-1.334333259168187e-12,-6.760683331176685e-13
216.59,-1.3104238458214541e-12,-6.308624198560597e-13
216.6,-1.2867174481758235e-12,-5.856991981650287e-13
216.61,-1.2632120179792827e-12,-5.405804312899725e-13
216.62,-1.2399101848037798e-12,-4.955076967556403e-13
216.63,-1.2168114873517079e-12,-4.5048269943126487e-13
216.64,-1.1939165485142474e-12,-4.0550730698163284e-13
216.65,-1.1712255741983805e-12,-3.605830354973493e-13
216.66,-1.1487395512090902e-12,-3.157118552169245e-13
216.67,-1.12645841430555e-12,-2.7089514145523686e-13
216.68,-1.1043827070308409e-12,-2.2613476410977487e-13
216.69,-1.0825129663399088e-12,-1.8143248732849102e-13
216.7,-1.0608487813671304e-12,-1.367895491052782e-13
216.71,-1.039391632145266e-12,-9.220804614438522e-14
216.72,-1.0181414659872226e-12,-4.768961981253769e-14
216.73,-9.970980705325118e-13,-3.2356933481920512e-15
216.74,-9.762625777280637e-13,4.11518457732497e-14
216.75,-9.556354172243505e-13,8.547120088877837e-14
216.76,-9.352156323678538e-13,1.2972148307274698e-13
216.77,-9.150048065800065e-13,1.7390024559251822e-13
216.78,-8.950034838905243e-13,2.1800593671108828e-13
216.79,-8.752102873348352e-13,2.620376176962133e-13
216.8,-8.556269438998711e-13,3.059929076571035e-13
216.81,-8.362538234500513e-13,3.4987047052205955e-13
216.82,-8.170900084974071e-13,3.936686764653405e-13
216.83,-7.981365323021786e-13,4.373860141299613e-13
216.84,-7.793938129336096e-13,4.810206526691002e-13
216.85,-7.608616494103707e-13,5.245712819388552e-13
216.86,-7.425405573386091e-13,5.680360389350358e-13
216.87,-7.244304299772495e-13,6.114137788311493e-13
216.88,-7.065321231068736e-13,6.54702126575704e-13
216.89,-6.888452065023756e-13,6.97900292898417e-13
216.9,-6.713701721148885e-13,7.410063374170125e-13
216.91,-6.541069953421339e-13,7.840187598241393e-13
216.92,-6.370559948305815e-13,8.269360198754828e-13
216.93,-6.202174281669527e-13,8.697565816445331e-13
216.94,-6.035911918483149e-13,9.124789174877569e-13
216.95,-5.87177518273665e-13,9.551014558673927e-13
216.96,-5.709770093216415e-13,9.97622509471858e-13
216.97,-5.549888445345575e-13,1.0400409988504842e-12
216.98,-5.392137920921676e-13,1.0823550349155986e-12
216.99,-5.236516295826194e-13,1.1245631732881495e-12
217.0,-5.083029764059369e-13,1.1666639531567784e-12
217.01,-4.931677374312841e-13,1.2086557873082211e-12
217.02,-4.782455000652601e-13,1.2505374633291383e-12
217.03,-4.635370251139617e-13,1.2923070437542368e-12
217.04,-4.4904199963756354e-13,1.3339633453895887e-12
217.05,-4.3476082330020647e-13,1.3755047417868608e-12
217.06,-4.2069253104568623e-13,1.416930284529281e-12
217.07,-4.0683813378685666e-13,1.458237882722489e-12
217.08,-3.931974080923042e-13,1.4994262169708995e-12
217.09,-3.7977048350445605e-13,1.5404941923933192e-12
217.1,-3.665573561008103e-13,1.5814399365223482e-12
217.11,-3.5355783155313587e-13,1.6222621135005925e-12
217.12,-3.407718475439135e-13,1.6629596477565683e-12
217.13,-3.281995568782218e-13,1.7035307820616388e-12
217.14,-3.158412174233187e-13,1.743973953889467e-12
217.15,-3.03695839910252e-13,1.7842884979825863e-12
217.16,-2.9176428413858175e-13,1.82447221895598e-12
217.17,-2.8004635163480693e-13,1.864524013771813e-12
217.18,-2.6854173948626404e-13,1.9044426204418396e-12
217.19,-2.5725071843122295e-13,1.944226512309315e-12
217.2,-2.4617287963931657e-13,1.983874434405394e-12
217.21,-2.3530799892557795e-13,2.0233849291483655e-12
217.22,-2.246564435623169e-13,2.062756794224987e-12
217.23,-2.142169265554956e-13,2.1019890091639114e-12
217.24,-2.0399223673079085e-13,2.1410787247231773e-12
217.25,-1.9397853519614724e-13,2.1800268255884256e-12
217.26,-1.8417852481432384e-13,2.218830101360296e-12
217.27,-1.7459051077298204e-13,2.257488381106665e-12
217.28,-1.6521513054763184e-13,2.295999951321259e-12
217.29,-1.5605148815735461e-13,2.3343635445166716e-12
217.3,-1.4709985815338168e-13,2.3725780245714405e-12
217.31,-1.3836027708089966e-13,2.410641900665339e-12
217.32,-1.2983269240191048e-13,2.4485539951693553e-12
217.33,-1.2151561033060566e-13,2.4863129922522268e-12
217.34,-1.1340999735205202e-13,2.523917894180679e-12
217.35,-1.0551596198840322e-13,2.561366915446898e-12
217.36,-9.783229908716464e-14,2.598659299903463e-12
217.37,-9.035937826167186e-14,2.6357937049244798e-12
217.38,-8.309672532233332e-14,2.6727687573160933e-12
217.39,-7.604427775373383e-14,2.7095833266564055e-12
217.4,-6.920159173362658e-14,2.746236356045736e-12
217.41,-6.256890913343686e-14,2.782726582762718e-12
217.42,-5.614498334471109e-14,2.819052440817727e-12
217.43,-4.993031986555734e-14,2.855213158317075e-12
217.44,-4.3924335759597295e-14,2.8912075607107966e-12
217.45,-3.8126717501431087e-14,2.9270343499574062e-12
217.46,-3.2537691177121114e-14,2.9626924023259026e-12
217.47,-2.7156217570236588e-14,2.9981805403694382e-12
217.48,-2.1982354826519333e-14,3.0334976799590465e-12
217.49,-1.701572563321993e-14,3.0686426483958553e-12
217.5,-1.2255338217912536e-14,3.103615196138819e-12
217.51,-7.702708885811076e-15,3.1384115025777353e-12
217.52,-3.355812557658397e-15,3.173033282209163e-12
217.53,7.852164762947544e-16,3.2074784199059547e-12
217.54,4.7209453058403e-15,3.2417456950434893e-12
217.55,8.451398497771173e-15,3.275834523630317e-12
217.56,1.1977273566505051e-14,3.3097434554540775e-12
217.57,1.5298807238943133e-14,3.343471350469342e-12
217.58,1.8416085184429173e-14,3.377017316552786e-12
217.59,2.133055435473629e-14,3.4103802490534453e-12
217.6,2.404090479791841e-14,3.443559260276347e-12
217.61,2.6549105990385222e-14,3.476553213956114e-12
217.62,2.8854904068575595e-14,3.5093610275270587e-12
217.63,3.0958122380015154e-14,3.5419818746682865e-12
217.64,3.286117840463493e-14,3.5744143015183372e-12
217.65,3.456287355612306e-14,3.606657803245212e-12
217.66,3.6063886957365325e-14,3.638711171489226e-12
217.67,3.73647095573341e-14,3.670573544851616e-12
217.68,3.846628885334878e-14,3.702244155195876e-12
217.69,3.936852262982961e-14,3.733721566935042e-12
217.7,4.007201076123626e-14,3.765005003174905e-12
217.71,4.0577489452806014e-14,3.796093692123129e-12
217.72,4.088571682234101e-14,3.8269867980654146e-12
217.73,4.0996209719125516e-14,3.857682825329212e-12
217.74,4.0910447073496594e-14,3.8881816015085894e-12
217.75,4.0628313714481186e-14,3.918481727551295e-12
217.76,4.0150815326583394e-14,3.948582463565842e-12
217.77,3.947847000264129e-14,3.978483024323175e-12
217.78,3.8611067474598735e-14,4.0081823320772015e-12
217.79,3.755017702319722e-14,4.037679606533525e-12
217.8,3.6295694586916565e-14,4.066974104483079e-12
217.81,3.48490435703316e-14,4.0960648132993474e-12
217.82,3.3209112819702173e-14,4.124951088200241e-12
217.83,3.137794065677448e-14,4.153631975574393e-12
217.84,2.935570684372109e-14,4.1821066192669775e-12
217.85,2.7142810600104796e-14,4.210374352634107e-12
217.86,2.4740194214619524e-14,4.238434343878008e-12
217.87,2.2148215595285302e-14,4.266285647130026e-12
217.88,1.9367584993963024e-14,4.293927586719375e-12
217.89,1.6398677748617008e-14,4.321359420555359e-12
217.9,1.3242511169270691e-14,4.34858040540026e-12
217.91,9.899337916837468e-15,4.375589758523554e-12
217.92,6.370121174889906e-15,4.4023868514915856e-12
217.93,2.655216810430127e-15,4.428970657582878e-12
217.94,-1.2447513463282342e-15,4.455340711574854e-12
217.95,-5.3286768288326935e-15,4.481496257977925e-12
217.96,-9.596300698734017e-15,4.507436482709196e-12
217.97,-1.4046913571976006e-14,4.533160864867284e-12
217.98,-1.867969847671487e-14,4.5586685966341056e-12
217.99,-2.3494075986690996e-14,4.583959090603252e-12
218.0,-2.848959037023791e-14,4.609031563664789e-12
218.01,-3.3665159955082586e-14,4.633885541949112e-12
218.02,-3.9020269172853494e-14,4.658520109269999e-12
218.03,-4.4554335443764184e-14,4.682934905880939e-12
218.04,-5.0266174256135744e-14,4.707129100426097e-12
218.05,-5.615558016716065e-14,4.731102249631507e-12
218.06,-6.222168937679856e-14,4.754853712297229e-12
218.07,-6.84635526641382e-14,4.778382848367987e-12
218.08,-7.488088700357945e-14,4.801688873333173e-12
218.09,-8.14725009927529e-14,4.824771614592175e-12
218.1,-8.823801961334388e-14,4.84763029854125e-12
218.11,-9.517637820667084e-14,4.870264309486892e-12
218.12,-1.0228711278280364e-13,4.892673220677794e-12
218.13,-1.0956934342003388e-13,4.914856332680894e-12
218.14,-1.1702210876523793e-13,4.93681330172114e-12
218.15,-1.2464489481790035e-13,4.958543415764874e-12
218.16,-1.3243675146086986e-13,4.980046400029304e-12
218.17,-1.4039629149065097e-13,5.001321869679562e-12
218.18,-1.4852517207087324e-13,5.022368475912215e-12
218.19,-1.568197103273825e-13,5.043186724186588e-12
218.2,-1.652805800132993e-13,5.0637758019389744e-12
218.21,-1.7390685012045165e-13,5.084135305258538e-12
218.22,-1.8269659434397134e-13,5.104264527718996e-12
218.23,-1.9165065534103569e-13,5.124163284103861e-12
218.24,-2.007673928566328e-13,5.143831171768193e-12
218.25,-2.1004604488189306e-13,5.1632674412263455e-12
218.26,-2.1948579469620337e-13,5.182472117217836e-12
218.27,-2.290858843046199e-13,5.201444547512477e-12
218.28,-2.3884541080963195e-13,5.2201843547527106e-12
218.29,-2.4876351048046963e-13,5.23869125355722e-12
218.3,-2.5884081950435727e-13,5.256965008985702e-12
218.31,-2.690723005896505e-13,5.275004584553705e-12
218.32,-2.794610961126567e-13,5.292810380973019e-12
218.33,-2.9000515811115686e-13,5.310381739871982e-12
218.34,-3.0070357741846867e-13,5.327718364328127e-12
218.35,-3.1155529392880904e-13,5.344820109105837e-12
218.36,-3.225598265150439e-13,5.361686249686352e-12
218.37,-3.3371609778464097e-13,5.378316880151466e-12
218.38,-3.450230411506946e-13,5.394711436956968e-12
218.39,-3.564803506601613e-13,5.4108700104042724e-12
218.4,-3.6808602983409603e-13,5.426791784904779e-12
218.41,-3.798402902656197e-13,5.442476777047929e-12
218.42,-3.917417535997557e-13,5.457924888506972e-12
218.43,-4.037897593515945e-13,5.473135556891512e-12
218.44,-4.1598296088606663e-13,5.488109002623805e-12
218.45,-4.283207094003464e-13,5.502844474317489e-12
218.46,-4.40802130438877e-13,5.5173419370479255e-12
218.47,-4.534263208689407e-13,5.53160152365981e-12
218.48,-4.661922250191286e-13,5.5456226261602285e-12
218.49,-4.790990251932733e-13,5.559405229326128e-12
218.5,-4.921457427210275e-13,5.572949046254687e-12
218.51,-5.053314719511221e-13,5.586254012488446e-12
218.52,-5.186553512258387e-13,5.599320059419971e-12
218.53,-5.321161179468412e-13,5.612146714260363e-12
218.54,-5.457131355574999e-13,5.624734202904767e-12
218.55,-5.594456310106991e-13,5.637082074623448e-12
218.56,-5.733118560106306e-13,5.64919086164919e-12
218.57,-5.873119655756207e-13,5.6610593719803575e-12
218.58,-6.014440802082466e-13,5.672688496339369e-12
218.59,-6.157079770753214e-13,5.684077492413575e-12
218.6,-6.301018088774051e-13,5.695226891270497e-12
218.61,-6.446251007873583e-13,5.706136135048128e-12
218.62,-6.592772828070893e-13,5.716805246484286e-12
218.63,-6.74056488682417e-13,5.727234397486318e-12
218.64,-6.889627447306843e-13,5.737423247897715e-12
218.65,-7.039942584486864e-13,5.747371889074384e-12
218.66,-7.191503518241878e-13,5.757080659984839e-12
218.67,-7.344300290967232e-13,5.7665487264580775e-12
218.68,-7.498322741893465e-13,5.7757767854973566e-12
218.69,-7.653567416446557e-13,5.784764672947048e-12
218.7,-7.810007450871956e-13,5.793512286429454e-12
218.71,-7.967648762653645e-13,5.802019714281615e-12
218.72,-8.126475799599048e-13,5.810286959799243e-12
218.73,-8.286478412598565e-13,5.818314327228709e-12
218.74,-8.447646569430613e-13,5.8261015898885895e-12
218.75,-8.609969209811968e-13,5.833648981721627e-12
218.76,-8.773440558312646e-13,5.840956107351007e-12
218.77,-8.938047161869548e-13,5.848023590694349e-12
218.78,-9.103778766343639e-13,5.854851237681599e-12
218.79,-9.270622579922471e-13,5.86143960308775e-12
218.8,-9.438574651301507e-13,5.867788193424467e-12
218.81,-9.607622195868205e-13,5.873897426303741e-12
218.82,-9.777748662429424e-13,5.879767413548917e-12
218.83,-9.948953504027472e-13,5.885398265007799e-12
218.84,-1.0121222153467156e-12,5.890790129151573e-12
218.85,-1.0294543790614073e-12,5.895943172466272e-12
218.86,-1.0468908428000999e-12,5.900857547442464e-12
218.87,-1.0644308082985722e-12,5.905533378851507e-12
218.88,-1.082072571253397e-12,5.9099709898388575e-12
218.89,-1.0998158695571305e-12,5.914170400163733e-12
218.9,-1.117659096864838e-12,5.918132065346767e-12
218.91,-1.1356017665705226e-12,5.92185590944745e-12
218.92,-1.1536424343749005e-12,5.925342305735856e-12
218.93,-1.1717799214535641e-12,5.928591349731892e-12
218.94,-1.1900133080853736e-12,5.931603618099577e-12
218.95,-1.2083420163651836e-12,5.9343789945404684e-12
218.96,-1.226764293346135e-12,5.9369180425954e-12
218.97,-1.2452795510156684e-12,5.939220554345279e-12
218.98,-1.2638866022185649e-12,5.9412872255743275e-12
218.99,-1.2825839190931107e-12,5.9431182633269246e-12
219.0,-1.3013715826887038e-12,5.944713929234789e-12
219.01,-1.3202474697337228e-12,5.946074454549958e-12
219.02,-1.3392110570563873e-12,5.947200252654174e-12
219.03,-1.35826071055336e-12,5.948091553648906e-12
219.04,-1.3773961123943733e-12,5.948748666114356e-12
219.05,-1.3966152979168493e-12,5.949172166026818e-12
219.06,-1.4159187339512005e-12,5.949361978842344e-12
219.07,-1.4353037436451303e-12,5.949318985940264e-12
219.08,-1.4547698143145965e-12,5.9490430780911065e-12
219.09,-1.4743165600502137e-12,5.948534725393456e-12
219.1,-1.4939420008084246e-12,5.947794437389115e-12
219.11,-1.5136452099275499e-12,5.946822446746676e-12
219.12,-1.5334255609986778e-12,5.945619613816843e-12
219.13,-1.5532815375785102e-12,5.9441858197134406e-12
219.14,-1.573212218306229e-12,5.942521651549525e-12
219.15,-1.5932166207688098e-12,5.9406274148735455e-12
219.16,-1.613293660149772e-12,5.938503782125287e-12
219.17,-1.633442140987678e-12,5.936150974163223e-12
219.18,-1.653660856733367e-12,5.933569650714434e-12
219.19,-1.6739491660207863e-12,5.930759906695231e-12
219.2,-1.6943058467465291e-12,5.927722904139792e-12
219.21,-1.7147296602239006e-12,5.924458014441982e-12
219.22,-1.7352195643818883e-12,5.92096664826003e-12
219.23,-1.7557744673499874e-12,5.917249089605368e-12
219.24,-1.7763934133006327e-12,5.913305613841279e-12
219.25,-1.7970751289994508e-12,5.909136904313881e-12
219.26,-1.817818903142855e-12,5.904743489609942e-12
219.27,-1.8386232545910147e-12,5.9001257883000725e-12
219.28,-1.8594873373269442e-12,5.895284426001799e-12
219.29,-1.880410003840655e-12,5.8902197960001635e-12
219.3,-1.9013901343803205e-12,5.8849325097809235e-12
219.31,-1.922427030119875e-12,5.879423271500122e-12
219.32,-1.943519085457316e-12,5.873692322690267e-12
219.33,-1.964665396573858e-12,5.867740570004726e-12
219.34,-1.9858648654436637e-12,5.861568370955231e-12
219.35,-2.007116557130863e-12,5.855176399013112e-12
219.36,-2.028419195116601e-12,5.848565254624289e-12
219.37,-2.049772115257356e-12,5.841735454259598e-12
219.38,-2.071173172438311e-12,5.834687652423401e-12
219.39,-2.092623247973137e-12,5.827422605005584e-12
219.4,-2.1141195002385677e-12,5.8199406765476504e-12
219.41,-2.1356614842784977e-12,5.812242727572682e-12
219.42,-2.157248237424088e-12,5.804329207688781e-12
219.43,-2.1788783757171712e-12,5.79620083129294e-12
219.44,-2.2005508665785982e-12,5.78785834503459e-12
219.45,-2.2222649219342322e-12,5.779302251157991e-12
219.46,-2.2440193651424277e-12,5.770533404468191e-12
219.47,-2.2658133190179012e-12,5.761551268848367e-12
219.48,-2.2876449675563977e-12,5.752359648551681e-12
219.49,-2.309513628131299e-12,5.742956164935499e-12
219.5,-2.331419019258098e-12,5.7333427486039775e-12
219.51,-2.353359691597013e-12,5.723519870373077e-12
219.52,-2.375333354478756e-12,5.713488149927621e-12
219.53,-2.3973400609258095e-12,5.7032486541577636e-12
219.54,-2.419378904904968e-12,5.6928017403138e-12
219.55,-2.4414484519067294e-12,5.682148316991382e-12
219.56,-2.4635479403104733e-12,5.6712890216571596e-12
219.57,-2.4856756989637017e-12,5.6602248849158465e-12
219.58,-2.5078309480061243e-12,5.64895641612961e-12
219.59,-2.5300130205597597e-12,5.637484385192177e-12
219.6,-2.5522204291327414e-12,5.625809295608394e-12
219.61,-2.574452358742837e-12,5.6139328577199815e-12
219.62,-2.596707644286182e-12,5.601854888076413e-12
219.63,-2.6189850564322238e-12,5.589576503191693e-12
219.64,-2.641284079151819e-12,5.577098427394222e-12
219.65,-2.663602958767742e-12,5.564421531011057e-12
219.66,-2.6859412656783035e-12,5.551546851584195e-12
219.67,-2.708297599985657e-12,5.538474854910237e-12
219.68,-2.7306707910048173e-12,5.525206428294612e-12
219.69,-2.753061378888218e-12,5.511742421832593e-12
219.7,-2.77546541143138e-12,5.498083808727894e-12
219.71,-2.7978837522783966e-12,5.484231297753465e-12
219.72,-2.8203152980355942e-12,5.470185739988522e-12
219.73,-2.842758708053833e-12,5.455947947974588e-12
219.74,-2.865213035117449e-12,5.4415188676880285e-12
219.75,-2.887677318179968e-12,5.426899357247232e-12
219.76,-2.910150058595902e-12,5.412090227204186e-12
219.77,-2.932630890261769e-12,5.39709243225271e-12
219.78,-2.955118720776564e-12,5.381906772262532e-12
219.79,-2.9776117380237613e-12,5.366534175808949e-12
219.8,-3.0001094680594865e-12,5.3509756046718626e-12
219.81,-3.0226116550186994e-12,5.3352317849565435e-12
219.82,-3.045116038021479e-12,5.319303774298128e-12
219.83,-3.0676220278942583e-12,5.303192443805831e-12
219.84,-3.0901290548302757e-12,5.2868987655917714e-12
219.85,-3.1126356140810134e-12,5.270423545424934e-12
219.86,-3.135140819675227e-12,5.2537678443389166e-12
219.87,-3.157643584517022e-12,5.236932449504359e-12
219.88,-3.1801432634628892e-12,5.219918455013776e-12
219.89,-3.2026387375259413e-12,5.2027266577297735e-12
219.9,-3.2251286625613245e-12,5.185358186492566e-12
219.91,-3.2476123437329253e-12,5.1678138688354e-12
219.92,-3.2700887261654897e-12,5.150094608703892e-12
219.93,-3.2925570706986978e-12,5.1322015328877265e-12
219.94,-3.315015580938747e-12,5.114135552898926e-12
219.95,-3.3374640566531875e-12,5.095897834342624e-12
219.96,-3.3599010571615327e-12,5.077489064497801e-12
219.97,-3.3823267592626036e-12,5.058910094659548e-12
219.98,-3.4047388246868193e-12,5.040162311019716e-12
219.99,-3.4271366573413022e-12,5.021246626072475e-12
220.0,-3.4495193771058723e-12,5.002163973350361e-12
220.01,-3.4718858917484135e-12,4.982915301190574e-12
220.02,-3.4942355265376138e-12,4.963501806165475e-12
220.03,-3.516567289923571e-12,4.9439243072699546e-12
220.04,-3.5388798325663813e-12,4.924184018557166e-12
220.05,-3.5611728764327866e-12,4.9042817593315485e-12
220.06,-3.5834446030368565e-12,4.884218816228475e-12
220.07,-3.6056945854042454e-12,4.8639960645068856e-12
220.08,-3.6279220732244594e-12,4.843614447607856e-12
220.09,-3.6501256582009326e-12,4.8230752745322485e-12
220.1,-3.672304898872022e-12,4.802379336399012e-12
220.11,-3.6944584652234254e-12,4.781527950952847e-12
220.12,-3.7165855586530914e-12,4.760521948930758e-12
220.13,-3.738685176827993e-12,4.7393625985250804e-12
220.14,-3.760755666211526e-12,4.71805083440725e-12
220.15,-3.7827986815778425e-12,4.696587630146394e-12
220.16,-3.804810469901478e-12,4.674974400479366e-12
220.17,-3.82679130748625e-12,4.653211910345254e-12
220.18,-3.84874039557979e-12,4.6313015778782626e-12
220.19,-3.8706564076183895e-12,4.609243848775337e-12
220.2,-3.892538724452703e-12,4.5870405145363394e-12
220.21,-3.914386247504368e-12,4.56469240435624e-12
220.22,-3.936198306608705e-12,4.542200555473488e-12
220.23,-3.9579735236046375e-12,4.519566236196888e-12
220.24,-3.9797118140498635e-12,4.496790445727531e-12
220.25,-4.001411526858119e-12,4.473874354887548e-12
220.26,-4.0230725351402036e-12,4.45081898748545e-12
220.27,-4.04469407026991e-12,4.427626460250907e-12
220.28,-4.066273204612377e-12,4.404295173923344e-12
220.29,-4.087811336015925e-12,4.380828910903983e-12
220.3,-4.109307083941524e-12,4.3572280366915235e-12
220.31,-4.130759013748974e-12,4.333493549924948e-12
220.32,-4.15216655878851e-12,4.309626748516542e-12
220.33,-4.1735292756801205e-12,4.285628499141167e-12
220.34,-4.1948458405685404e-12,4.261500148827762e-12
220.35,-4.2161157271786366e-12,4.237242914290066e-12
220.36,-4.237337853031388e-12,4.212857631671389e-12
220.37,-4.258510998323062e-12,4.1883459647182e-12
220.38,-4.279634982534957e-12,4.163708743243356e-12
220.39,-4.300708826373969e-12,4.138947094531055e-12
220.4,-4.321731660908969e-12,4.114062275575306e-12
220.41,-4.342702550861739e-12,4.089055514184959e-12
220.42,-4.3636207610688014e-12,4.0639278649008404e-12
220.43,-4.3844859265526625e-12,4.0386804960867424e-12
220.44,-4.405296101312631e-12,4.013314783251936e-12
220.45,-4.426051283249219e-12,3.9878317317478456e-12
220.46,-4.4467510180880966e-12,3.962232544225032e-12
220.47,-4.467393817115793e-12,3.936518464178366e-12
220.48,-4.487979065207174e-12,3.910690541747022e-12
220.49,-4.508506321950097e-12,3.884750115336451e-12
220.5,-4.528974388616861e-12,3.858698339838038e-12
220.51,-4.549382533724933e-12,3.832536445663582e-12
220.52,-4.569729956694054e-12,3.806265558927115e-12
220.53,-4.590016190354182e-12,3.7798869475785845e-12
220.54,-4.6102394738559495e-12,3.7534021830204525e-12
220.55,-4.630401596901846e-12,3.7268112873936195e-12
220.56,-4.65049925993227e-12,3.700116506719841e-12
220.57,-4.670532233083176e-12,3.673319042984213e-12
220.58,-4.690500231414881e-12,3.646419699647027e-12
220.59,-4.71040236954604e-12,3.619419970300617e-12
220.6,-4.7302380617069236e-12,3.5923209448734326e-12
220.61,-4.750006012435562e-12,3.5651237538823353e-12
220.62,-4.769705916504303e-12,3.5378297792526756e-12
220.63,-4.789337359126844e-12,3.5104401991733128e-12
220.64,-4.8088989830629705e-12,3.482956114429889e-12
220.65,-4.828390279159995e-12,3.4553789697996245e-12
220.66,-4.847811253398928e-12,3.4277096867568573e-12
220.67,-4.867159791979112e-12,3.3999501137279835e-12
220.68,-4.886436290118309e-12,3.37210081409703e-12
220.69,-4.905639573514478e-12,3.3441633684419426e-12
220.7,-4.924769415437967e-12,3.3161387750566923e-12
220.71,-4.943824766788796e-12,3.288028474117923e-12
220.72,-4.962804608819149e-12,3.2598338298507148e-12
220.73,-4.981709306788814e-12,3.231555496588458e-12
220.74,-5.000537333597881e-12,3.2031952642922944e-12
220.75,-5.0192881259912906e-12,3.174754266499003e-12
220.76,-5.037960990931888e-12,3.1462337207134666e-12
220.77,-5.056555891918728e-12,3.1176348167902044e-12
220.78,-5.0750713707935104e-12,3.0889587156658147e-12
220.79,-5.0935070511009666e-12,3.0602069112238523e-12
220.8,-5.111862444502995e-12,3.0313805010983947e-12
220.81,-5.130136961212343e-12,3.002480638756928e-12
220.82,-5.14832976343599e-12,2.9735087602229483e-12
220.83,-5.166440303808396e-12,2.944466024833714e-12
220.84,-5.1844679021985475e-12,2.9153536960020776e-12
220.85,-5.202412051768925e-12,2.886172979851357e-12
220.86,-5.22027205200172e-12,2.8569253168685457e-12
220.87,-5.238047094785763e-12,2.8276117077619624e-12
220.88,-5.255737197510292e-12,2.7982335195075768e-12
220.89,-5.2733412890769214e-12,2.768791902785543e-12
220.9,-5.2908589908128145e-12,2.739288318491275e-12
220.91,-5.308289149844006e-12,2.7097239585486735e-12
220.92,-5.325632131726633e-12,2.680099969326668e-12
220.93,-5.3428867233592664e-12,2.6504176398023524e-12
220.94,-5.360052250839174e-12,2.6206781517201874e-12
220.95,-5.377128458424227e-12,2.590882998816184e-12
220.96,-5.394114859211683e-12,2.5610332556806793e-12
220.97,-5.4110107803019095e-12,2.5311302718381155e-12
220.98,-5.42781551127879e-12,2.5011752211974307e-12
220.99,-5.444529137988545e-12,2.4711691715283543e-12
221.0,-5.461150164057894e-12,2.4411139532565133e-12
221.01,-5.477678376429333e-12,2.4110103642101657e-12
221.02,-5.494113656374089e-12,2.3808597633422745e-12
221.03,-5.510454966585613e-12,2.3506633293599675e-12
221.04,-5.526702240982338e-12,2.3204224463557154e-12
221.05,-5.5428546936924266e-12,2.2901386079836126e-12
221.06,-5.558912076149906e-12,2.2598122958162614e-12
221.07,-5.574873844767843e-12,2.229445282937204e-12
221.08,-5.590739097160185e-12,2.199038683475107e-12
221.09,-5.606507270873294e-12,2.168594468572194e-12
221.1,-5.622178778290971e-12,2.138112902767071e-12
221.11,-5.6377522056226535e-12,2.1075957176305966e-12
221.12,-5.653227631590923e-12,2.0770439429056322e-12
221.13,-5.668604300708228e-12,2.0464590740344444e-12
221.14,-5.683881939997054e-12,2.015842112415047e-12
221.15,-5.699059830632475e-12,1.9851945695329575e-12
221.16,-5.714138003189827e-12,1.954517463311949e-12
221.17,-5.729115364887713e-12,1.9238123643475998e-12
221.18,-5.74399210767467e-12,1.893079902967915e-12
221.19,-5.7587676856206105e-12,1.862321897953594e-12
221.2,-5.773440615030431e-12,1.831539656053973e-12
221.21,-5.788011888362614e-12,1.8007339296649137e-12
221.22,-5.802480638493514e-12,1.7699062482705123e-12
221.23,-5.816846074583389e-12,1.7390578822152172e-12
221.24,-5.831108224379832e-12,1.7081899546004589e-12
221.25,-5.845266277601964e-12,1.6773038634760476e-12
221.26,-5.859320893250377e-12,1.6464004042017287e-12
221.27,-5.873269492477336e-12,1.6154816505730032e-12
221.28,-5.887113787397996e-12,1.5845481128390488e-12
221.29,-5.9008523119120515e-12,1.5536013602628011e-12
221.3,-5.9144851911428915e-12,1.5226424367065531e-12
221.31,-5.928012167474686e-12,1.491672735699797e-12
221.32,-5.94143235244973e-12,1.4606933871591091e-12
221.33,-5.954745283767128e-12,1.4297055570954243e-12
221.34,-5.967951515904447e-12,1.3987107387593098e-12
221.35,-5.981050842673765e-12,1.3677096469245128e-12
221.36,-5.994040496337062e-12,1.336704324892233e-12
221.37,-6.006922329081327e-12,1.3056953345752343e-12
221.38,-6.019696105625159e-12,1.2746839860640838e-12
221.39,-6.032360562856776e-12,1.2436715760991956e-12
221.4,-6.044915804862151e-12,1.2126593726345725e-12
221.41,-6.057361372329562e-12,1.1816485887874399e-12
221.42,-6.069697143373068e-12,1.1506403326669228e-12
221.43,-6.081922571016271e-12,1.11963590470727e-12
221.44,-6.094037777724109e-12,1.0886374328512002e-12
221.45,-6.106041619304098e-12,1.0576433040551938e-12
221.46,-6.117934835374936e-12,1.0266574566228062e-12
221.47,-6.1297163685280955e-12,9.9568038693972e-13
221.48,-6.141385948848575e-12,9.647129677959234e-13
221.49,-6.152943996372359e-12,9.33756941307536e-13
221.5,-6.164390233171794e-12,9.028126278239607e-13
221.51,-6.175723356617042e-12,8.718820329966123e-13
221.52,-6.186944011876296e-12,8.409659105785354e-13
221.53,-6.1980515694787406e-12,8.100656871496331e-13
221.54,-6.209045926802506e-12,7.791822889297315e-13
221.55,-6.21992679244104e-12,7.48317131971588e-13
221.56,-6.23069401919485e-12,7.174712245167101e-13
221.57,-6.241347020270926e-12,6.866461124103586e-13
221.58,-6.25188637218616e-12,6.558422386419758e-13
221.59,-6.262310998615102e-12,6.250614851834593e-13
221.6,-6.2726211867085435e-12,5.943047005483863e-13
221.61,-6.282816525585957e-12,5.635731022267095e-13
221.62,-6.292896998387185e-12,5.328678870444383e-13
221.63,-6.3028619980737795e-12,5.021901526783774e-13
221.64,-6.312711667460086e-12,4.715410745660479e-13
221.65,-6.322445831467131e-12,4.409218627557039e-13
221.66,-6.332064259743713e-12,4.1033374357407586e-13
221.67,-6.3415667648662464e-12,3.797774774376852e-13
221.68,-6.3509531984878795e-12,3.492546314012207e-13
221.69,-6.360223003685567e-12,3.187661627600234e-13
221.7,-6.3693769419456256e-12,2.883133211021239e-13
221.71,-6.3784141018864795e-12,2.578970695364882e-13
221.72,-6.387334263041268e-12,2.2751879704514827e-13
221.73,-6.396138127265885e-12,1.9717926923926434e-13
221.74,-6.404824535281345e-12,1.668799211236623e-13
221.75,-6.413394367166167e-12,1.3662157204619165e-13
221.76,-6.421846002288437e-12,1.0640593817289227e-13
221.77,-6.430180770869071e-12,7.623353466829803e-14
221.78,-6.438398177385671e-12,4.6105566230057975e-14
221.79,-6.44649791414797e-12,1.602336405904493e-14
221.8,-6.4544798017429734e-12,-1.40121254513544e-14
221.81,-6.4623439369114084e-12,-4.3999738667684706e-14
221.82,-6.470090201779394e-12,-7.393839231086114e-14
221.83,-6.477718365222342e-12,-1.0382700373029745e-13
221.84,-6.485228624676513e-12,-1.336644970776158e-13
221.85,-6.49262060989975e-12,-1.6344977576447998e-13
221.86,-6.499894413893572e-12,-1.9318170115547687e-13
221.87,-6.507049921673453e-12,-2.2285934089373865e-13
221.88,-6.514086976853015e-12,-2.52481316111833e-13
221.89,-6.521005763874155e-12,-2.820469189787559e-13
221.9,-6.527806151869027e-12,-3.115550928866864e-13
221.91,-6.5344879893655585e-12,-3.4100430694426527e-13
221.92,-6.541051015466172e-12,-3.703938284848077e-13
221.93,-6.54749546269421e-12,-3.9972246308542627e-13
221.94,-6.55382183339738e-12,-4.289897593312969e-13
221.95,-6.560029195176424e-12,-4.581939557445836e-13
221.96,-6.566118053979333e-12,-4.873341471759714e-13
221.97,-6.5720881244310636e-12,-5.164093539739218e-13
221.98,-6.577939550006011e-12,-5.454186914632592e-13
221.99,-6.5836721587434905e-12,-5.743609718125295e-13
222.0,-6.589286234061818e-12,-6.032352383845657e-13
222.01,-6.594781651740191e-12,-6.320404274980047e-13
222.02,-6.600158307058622e-12,-6.607755593247579e-13
222.03,-6.605416332505041e-12,-6.894396103644057e-13
222.04,-6.6105555207402835e-12,-7.18031449086251e-13
222.05,-6.615576348250372e-12,-7.465502588325173e-13
222.06,-6.6204782028328135e-12,-7.749949633017486e-13
222.07,-6.625262332566588e-12,-8.033646435382437e-13
222.08,-6.62992742846085e-12,-8.3165818489118e-13
222.09,-6.6344741540622784e-12,-8.598746579751687e-13
222.1,-6.638902150535907e-12,-8.880130295484736e-13
222.11,-6.643212548667346e-12,-9.16072071936653e-13
222.12,-6.647403827634834e-12,-9.440517488178785e-13
222.13,-6.651477994935197e-12,-9.719505038496378e-13
222.14,-6.65543296791109e-12,-9.99766890712524e-13
222.15,-6.659269517612603e-12,-1.0275003573871137e-12
222.16,-6.66298950669512e-12,-1.0551502250036033e-12
222.17,-6.666590965251223e-12,-1.0827152354388668e-12
222.18,-6.670074579167985e-12,-1.1101945342046887e-12
222.19,-6.6734405153042285e-12,-1.1375872012648436e-12
222.2,-6.676688453648654e-12,-1.1648922169060389e-12
222.21,-6.679819526984503e-12,-1.1921086858648082e-12
222.22,-6.68283325304734e-12,-1.2192359643829075e-12
222.23,-6.685729208977413e-12,-1.2462725943147343e-12
222.24,-6.688507346939245e-12,-1.2732170072147206e-12
222.25,-6.691170223533946e-12,-1.3000713246642409e-12
222.26,-6.6937150429269586e-12,-1.3268312269990756e-12
222.27,-6.696143499254382e-12,-1.3534975447125578e-12
222.28,-6.6984552327955805e-12,-1.3800689273785802e-12
222.29,-6.7006503984561045e-12,-1.406544397909503e-12
222.3,-6.702729362947286e-12,-1.4329233239874996e-12
222.31,-6.70469192350847e-12,-1.4592047299028812e-12
222.32,-6.706538769811168e-12,-1.4853878304213885e-12
222.33,-6.7082695683049865e-12,-1.5114713888596404e-12
222.34,-6.70988471385155e-12,-1.537455165322448e-12
222.35,-6.711384451179586e-12,-1.5633378039148954e-12
222.36,-6.712768853815987e-12,-1.5891186023907525e-12
222.37,-6.714037934782976e-12,-1.6147968028607754e-12
222.38,-6.715192351106802e-12,-1.640371489995926e-12
222.39,-6.716231692804743e-12,-1.6658417702684295e-12
222.4,-6.717156455827641e-12,-1.6912069331565942e-12
222.41,-6.717967015322806e-12,-1.7164660811771683e-12
222.42,-6.7186638946911215e-12,-1.7416185589020256e-12
222.43,-6.719245775940913e-12,-1.7666632182136613e-12
222.44,-6.719714570163272e-12,-1.7915995446229636e-12
222.45,-6.720069447853009e-12,-1.8164266009515602e-12
222.46,-6.720311279916349e-12,-1.841143552072469e-12
222.47,-6.7204400452154145e-12,-1.865749891866242e-12
222.48,-6.720456013182271e-12,-1.8902445304400115e-12
222.49,-6.720359298766109e-12,-1.914626901873769e-12
222.5,-6.720150256609029e-12,-1.9388960272963825e-12
222.51,-6.719828773064607e-12,-1.96305149779447e-12
222.52,-6.719395825709568e-12,-1.9870916710589985e-12
222.53,-6.718851131607965e-12,-2.0110168773645566e-12
222.54,-6.71819500303993e-12,-2.0348256416260613e-12
222.55,-6.717428000314651e-12,-2.058517820293493e-12
222.56,-6.716549778466657e-12,-2.0820920374284457e-12
222.57,-6.715561530377369e-12,-2.1055481218336938e-12
222.58,-6.714462267142465e-12,-2.1288848946566525e-12
222.59,-6.7132532984233245e-12,-2.1521018639735426e-12
222.6,-6.711935736872566e-12,-2.1751987591169165e-12
222.61,-6.710506691497382e-12,-2.1981735306702206e-12
222.62,-6.70896939575952e-12,-2.22102678302028e-12
222.63,-6.707323282851276e-12,-2.2437573479492628e-12
222.64,-6.7055685321658184e-12,-2.266364512883739e-12
222.65,-6.7037055783808715e-12,-2.2888476529893852e-12
222.66,-6.701734794551442e-12,-2.311206132216723e-12
222.67,-6.6996563788272464e-12,-2.3334392118244493e-12
222.68,-6.697470395052375e-12,-2.3555462029643643e-12
222.69,-6.6951771148872215e-12,-2.3775263826735552e-12
222.7,-6.692778020507245e-12,-2.399379410917064e-12
222.71,-6.6902721452466425e-12,-2.42110434651858e-12
222.72,-6.687660168185378e-12,-2.4427005839431953e-12
222.73,-6.68494268196002e-12,-2.4641675190859302e-12
222.74,-6.6821196406770376e-12,-2.4855045587847264e-12
222.75,-6.679191611892202e-12,-2.5067109575739642e-12
222.76,-6.676159044114911e-12,-2.5277862746850206e-12
222.77,-6.673022158157163e-12,-2.5487297692100254e-12
222.78,-6.669780930940365e-12,-2.569540778727714e-12
222.79,-6.666436735270873e-12,-2.590219050895605e-12
222.8,-6.662988819440642e-12,-2.610763521404018e-12
222.81,-6.659438265203013e-12,-2.6311740744655867e-12
222.82,-6.655785030540495e-12,-2.65144960908276e-12
222.83,-6.6520298359424215e-12,-2.6715899497349123e-12
222.84,-6.648172873195829e-12,-2.6915943456380976e-12
222.85,-6.644214396671219e-12,-2.7114622977257383e-12
222.86,-6.64015490302831e-12,-2.7311932576465663e-12
222.87,-6.635994815621023e-12,-2.7507865448734915e-12
222.88,-6.6317345680549345e-12,-2.770241962656185e-12
222.89,-6.627374467405642e-12,-2.789558628294235e-12
222.9,-6.622915040903054e-12,-2.8087361663773488e-12
222.91,-6.618356226369196e-12,-2.8277739557489453e-12
222.92,-6.6136989959530195e-12,-2.846671478586386e-12
222.93,-6.608943385148681e-12,-2.865428307020225e-12
222.94,-6.604090323621137e-12,-2.8840439748410316e-12
222.95,-6.599139639088166e-12,-2.9025179173242874e-12
222.96,-6.594091836313392e-12,-2.9208497205108046e-12
222.97,-6.588947664585461e-12,-2.939038593986379e-12
222.98,-6.583707243367608e-12,-2.957084417029961e-12
222.99,-6.578371150892315e-12,-2.974986864542174e-12
223.0,-6.57293976298755e-12,-2.9927447020720583e-12
223.01,-6.5674133949683356e-12,-3.010358142776769e-12
223.02,-6.561792856429704e-12,-3.027826503203637e-12
223.03,-6.55607801554946e-12,-3.045149385672489e-12
223.04,-6.55027003418942e-12,-3.062326432689287e-12
223.05,-6.544368944234998e-12,-3.079357437025044e-12
223.06,-6.538374597197624e-12,-3.096240871519013e-12
223.07,-6.532288488606172e-12,-3.1129775186716488e-12
223.08,-6.52611060278249e-12,-3.129566634382185e-12
223.09,-6.519841348519841e-12,-3.146007621365713e-12
223.1,-6.513481465967283e-12,-3.1623001917299727e-12
223.11,-6.507031005803582e-12,-3.178443871501258e-12
223.12,-6.500490592186799e-12,-3.1944384150905493e-12
223.13,-6.493861081748766e-12,-3.2102833118475514e-12
223.14,-6.4871422729771644e-12,-3.2259782187050737e-12
223.15,-6.4803351674721e-12,-3.2415228548797324e-12
223.16,-6.47344005346928e-12,-3.2569166903100803e-12
223.17,-6.466457279332061e-12,-3.272159477268018e-12
223.18,-6.459387696076751e-12,-3.2872509395961337e-12
223.19,-6.452231192530502e-12,-3.3021905341101945e-12
223.2,-6.44498881934126e-12,-3.316978032753569e-12
223.21,-6.437660943785332e-12,-3.3316131651150394e-12
223.22,-6.430247779244854e-12,-3.3460954904989933e-12
223.23,-6.422749649644054e-12,-3.3604246093052917e-12
223.24,-6.4151684337022445e-12,-3.374600712183244e-12
223.25,-6.407503084637922e-12,-3.388622992524583e-12
223.26,-6.399754648074963e-12,-3.402491119234151e-12
223.27,-6.391923646657079e-12,-3.416205135004952e-12
223.28,-6.38401046424375e-12,-3.4297645769874597e-12
223.29,-6.3760157503831556e-12,-3.4431691889278746e-12
223.3,-6.367939912925723e-12,-3.4564186773489445e-12
223.31,-6.3597836827262885e-12,-3.469512701557054e-12
223.32,-6.351546175851836e-12,-3.482450805910031e-12
223.33,-6.343231565859655e-12,-3.495233875577038e-12
223.34,-6.334836671069907e-12,-3.5078601777763603e-12
223.35,-6.326363511166791e-12,-3.5203304303316125e-12
223.36,-6.3178123807951146e-12,-3.532643915306117e-12
223.37,-6.309183694896339e-12,-3.5448006374886917e-12
223.38,-6.300478281886139e-12,-3.5568002782813404e-12
223.39,-6.291696357539036e-12,-3.5686426648686506e-12
223.4,-6.282838771453078e-12,-3.580327592293633e-12
223.41,-6.2739052202927845e-12,-3.5918554461887365e-12
223.42,-6.264898362173359e-12,-3.6032243575686006e-12
223.43,-6.255816190558434e-12,-3.61443546945271e-12
223.44,-6.246660961434447e-12,-3.6254889558748717e-12
223.45,-6.2374314272522816e-12,-3.6363832006672372e-12
223.46,-6.2281311871547594e-12,-3.647119699468781e-12
223.47,-6.218757976304658e-12,-3.657697238058414e-12
223.48,-6.209313447239984e-12,-3.668115865148615e-12
223.49,-6.199797870666738e-12,-3.678375381776863e-12
223.5,-6.190211979000586e-12,-3.688475872570681e-12
223.51,-6.180556465106256e-12,-3.6984169662379785e-12
223.52,-6.17083148214464e-12,-3.70819867297747e-12
223.53,-6.1610379514105346e-12,-3.717820763737429e-12
223.54,-6.151176330621922e-12,-3.727283363942018e-12
223.55,-6.141247187685461e-12,-3.736585976350705e-12
223.56,-6.1312509632448385e-12,-3.745728883673611e-12
223.57,-6.121188375889015e-12,-3.754711751940606e-12
223.58,-6.1110597006937394e-12,-3.7635345419547905e-12
223.59,-6.1008657779885494e-12,-3.772197163088191e-12
223.6,-6.0906075441432424e-12,-3.780699586957703e-12
223.61,-6.080284997642685e-12,-3.789041806811115e-12
223.62,-6.069898730949065e-12,-3.797223613363205e-12
223.63,-6.059449524132997e-12,-3.805245167984207e-12
223.64,-6.0489380509146755e-12,-3.813105963177016e-12
223.65,-6.038364660187832e-12,-3.820806428281875e-12
223.66,-6.027729765768953e-12,-3.828346218149742e-12
223.67,-6.017034618572763e-12,-3.8357256498716975e-12
223.68,-6.006279195469613e-12,-3.842944348740971e-12
223.69,-5.99546427696105e-12,-3.850002467754673e-12
223.7,-5.984590375179415e-12,-3.856899954421903e-12
223.71,-5.9736581603065646e-12,-3.8636368541774165e-12
223.72,-5.962668371793411e-12,-3.870213176403883e-12
223.73,-5.951621249383604e-12,-3.8766286454515925e-12
223.74,-5.940517521287089e-12,-3.882883596788993e-12
223.75,-5.9293578600930414e-12,-3.888978020621419e-12
223.76,-5.9181428300490374e-12,-3.894911742760001e-12
223.77,-5.906872981587018e-12,-3.9006849861914414e-12
223.78,-5.895548819000346e-12,-3.90629773758398e-12
223.79,-5.884171203053917e-12,-3.911750092263855e-12
223.8,-5.872740667714113e-12,-3.917042051586135e-12
223.81,-5.861257613583573e-12,-3.922173549606131e-12
223.82,-5.84972262446215e-12,-3.9271448196011554e-12
223.83,-5.838136448830217e-12,-3.931955822734281e-12
223.84,-5.826499825928654e-12,-3.936606841987734e-12
223.85,-5.814812878025287e-12,-3.941097522631822e-12
223.86,-5.803076913612035e-12,-3.945428389478988e-12
223.87,-5.7912920453426375e-12,-3.9495993043639275e-12
223.88,-5.779458656717248e-12,-3.953610553794712e-12
223.89,-5.767577580424694e-12,-3.957462017230174e-12
223.9,-5.755649821271285e-12,-3.961153956899209e-12
223.91,-5.743675757901088e-12,-3.964686442879486e-12
223.92,-5.7316557257227016e-12,-3.968059620579318e-12
223.93,-5.7195904492456235e-12,-3.9712736005109144e-12
223.94,-5.7074803245801315e-12,-3.974328422973e-12
223.95,-5.695326972543284e-12,-3.9772245458798595e-12
223.96,-5.68312974102305e-12,-3.9799617766274384e-12
223.97,-5.670890072073804e-12,-3.982540444577165e-12
223.98,-5.6586078745754276e-12,-3.984960621602594e-12
223.99,-5.6462841675351256e-12,-3.987222314626907e-12
224.0,-5.633919650681338e-12,-3.9893262235822344e-12
224.01,-5.621514756431913e-12,-3.991272110826188e-12
224.02,-5.6090702138691986e-12,-3.993060195192938e-12
224.03,-5.596586354297437e-12,-3.99469093281185e-12
224.04,-5.584064349980277e-12,-3.996163806202804e-12
224.05,-5.571504196090198e-12,-3.9974798717581305e-12
224.06,-5.558906919663573e-12,-3.998638932318858e-12
224.07,-5.546272767767726e-12,-3.999641156594139e-12
224.08,-5.533602976065124e-12,-4.000486929303577e-12
224.09,-5.520897377278468e-12,-4.001176515916583e-12
224.1,-5.5081572897578495e-12,-4.001709884444049e-12
224.11,-5.4953825531324415e-12,-4.002087492678811e-12
224.12,-5.482574426244961e-12,-4.002309843759398e-12
224.13,-5.469733420002807e-12,-4.002376102223444e-12
224.14,-5.456859824711329e-12,-4.002287666611098e-12
224.15,-5.44395455139274e-12,-4.002044341964287e-12
224.16,-5.431018189636219e-12,-4.0016465205480425e-12
224.17,-5.418051063948148e-12,-4.001094366133554e-12
224.18,-5.405054389307473e-12,-4.0003881906678964e-12
224.19,-5.392028092441282e-12,-3.9995283694706335e-12
224.2,-5.378973262133292e-12,-3.998514961437389e-12
224.21,-5.36588901548524e-12,-3.997348107182795e-12
224.22,-5.352779800908614e-12,-3.996029155206899e-12
224.23,-5.33964265641006e-12,-3.9945572050000236e-12
224.24,-5.326478925959724e-12,-3.992933011995178e-12
224.25,-5.313289601019114e-12,-3.991156954141433e-12
224.26,-5.3000753156871236e-12,-3.989229256585161e-12
224.27,-5.286836536176023e-12,-3.987150288400445e-12
224.28,-5.27357403632197e-12,-3.9849202935494595e-12
224.29,-5.260288250210943e-12,-3.982539769592025e-12
224.3,-5.246979822464584e-12,-3.980008858274765e-12
224.31,-5.23364951859324e-12,-3.977328184954039e-12
224.32,-5.220298026829637e-12,-3.974497862163346e-12
224.33,-5.206925410676929e-12,-3.971518238166936e-12
224.34,-5.193532830400519e-12,-3.9683898730126474e-12
224.35,-5.180120563608918e-12,-3.965112970933794e-12
224.36,-5.16668951399346e-12,-3.961687965695183e-12
224.37,-5.153239985136342e-12,-3.958115087382996e-12
224.38,-5.13977256290176e-12,-3.954395104502913e-12
224.39,-5.126287625444099e-12,-3.9505280326729195e-12
224.4,-5.112787240789139e-12,-3.9465144114605915e-12
224.41,-5.099270394466477e-12,-3.9423546008057485e-12
224.42,-5.085738221516763e-12,-3.938049054080086e-12
224.43,-5.072191303818979e-12,-3.933598161211083e-12
224.44,-5.058630139546851e-12,-3.92900227300751e-12
224.45,-5.045055638832462e-12,-3.924261913278445e-12
224.46,-5.0314681613446976e-12,-3.919377447503739e-12
224.47,-5.017868242819375e-12,-3.914349350696724e-12
224.48,-5.004256258081084e-12,-3.9091775386275925e-12
224.49,-4.990633789894224e-12,-3.903863766063006e-12
224.5,-4.977000790455997e-12,-3.898407208524042e-12
224.51,-4.963357854744938e-12,-3.892808823267862e-12
224.52,-4.949704948783397e-12,-3.887068977218505e-12
224.53,-4.936043758941873e-12,-3.8811880384482786e-12
224.54,-4.922374815625268e-12,-3.8751666924917345e-12
224.55,-4.908697020274168e-12,-3.869005237586749e-12
224.56,-4.895013268287507e-12,-3.862704207203319e-12
224.57,-4.8813225950148e-12,-3.856264276820655e-12
224.58,-4.867626550759985e-12,-3.849685365331588e-12
224.59,-4.853925084258833e-12,-3.842968482546769e-12
224.6,-4.840218908658048e-12,-3.8361138963254785e-12
224.61,-4.826508953565177e-12,-3.829122284718626e-12
224.62,-4.812795373871812e-12,-3.821993880579977e-12
224.63,-4.7990786036612744e-12,-3.8147294453528144e-12
224.64,-4.785360019098086e-12,-3.807329312470244e-12
224.65,-4.771639550881216e-12,-3.799794079946975e-12
224.66,-4.75791754881198e-12,-3.792124263263598e-12
224.67,-4.7441957246528e-12,-3.784320240577769e-12
224.68,-4.730473582035139e-12,-3.7763828449174595e-12
224.69,-4.716751804897383e-12,-3.768312292117439e-12
224.7,-4.703031579168364e-12,-3.7601093514642166e-12
224.71,-4.689312694343174e-12,-3.751774391627774e-12
224.72,-4.675596271058415e-12,-3.743308121276815e-12
224.73,-4.661882807817857e-12,-3.734710928832886e-12
224.74,-4.648172638939104e-12,-3.725983446339728e-12
224.75,-4.634466529988647e-12,-3.717126238906512e-12
224.76,-4.620765057834645e-12,-3.708139854438179e-12
224.77,-4.607068588560413e-12,-3.699024885477967e-12
224.78,-4.59337772673743e-12,-3.6897818486554235e-12
224.79,-4.579693447468148e-12,-3.680411313960817e-12
224.8,-4.566015596136156e-12,-3.670913806381897e-12
224.81,-4.552345247609336e-12,-3.661290116719725e-12
224.82,-4.5386828758300736e-12,-3.651540627694649e-12
224.83,-4.525028975996295e-12,-3.641666104059844e-12
224.84,-4.511384247193636e-12,-3.631666929469562e-12
224.85,-4.49774874776957e-12,-3.6215439295783285e-12
224.86,-4.484123723528733e-12,-3.6112975844756346e-12
224.87,-4.470508896152714e-12,-3.6009283345932077e-12
224.88,-4.456905733873735e-12,-3.5904371061640293e-12
224.89,-4.443314256672876e-12,-3.5798242766018506e-12
224.9,-4.429734971706616e-12,-3.569090461834825e-12
224.91,-4.416168532959893e-12,-3.5582366373427477e-12
224.92,-4.402615599275053e-12,-3.547263108019433e-12
224.93,-4.389076553504363e-12,-3.5361703632310153e-12
224.94,-4.375551913125996e-12,-3.5249594532221925e-12
224.95,-4.362042324052139e-12,-3.513630663697317e-12
224.96,-4.34854768308169e-12,-3.5021847825339144e-12
224.97,-4.335069865703233e-12,-3.490622392297113e-12
224.98,-4.321608474888377e-12,-3.478944160471339e-12
224.99,-4.308164102915889e-12,-3.4671507641079986e-12
225.0,-4.294737504574486e-12,-3.4552428677393436e-12
225.01,-4.281328494825423e-12,-3.443221040134766e-12
225.02,-4.267938829074928e-12,-3.4310863551650304e-12
225.03,-4.254567560686449e-12,-3.4188384168917304e-12
225.04,-4.241216697412402e-12,-3.4064789753304922e-12
225.05,-4.2278854069502294e-12,-3.39400830570493e-12
225.06,-4.214575241097435e-12,-3.3814271047987575e-12
225.07,-4.201286180931045e-12,-3.368735964520689e-12
225.08,-4.1880189756705866e-12,-3.3559357563480913e-12
225.09,-4.174773835353331e-12,-3.343026919757085e-12
225.1,-4.161551588685887e-12,-3.330010338168107e-12
225.11,-4.148352379697679e-12,-3.316886630564196e-12
225.12,-4.135176994909288e-12,-3.303656364888561e-12
225.13,-4.1220261112534135e-12,-3.2903204983298972e-12
225.14,-4.1088994643217975e-12,-3.2768794330735127e-12
225.15,-4.095798286062838e-12,-3.2633340892685686e-12
225.16,-4.082722766580783e-12,-3.2496851390970205e-12
225.17,-4.0696735053017495e-12,-3.2359331934022363e-12
225.18,-4.056650616089085e-12,-3.2220790477336085e-12
225.19,-4.043655350349509e-12,-3.208123312180899e-12
225.2,-4.0306879419883584e-12,-3.1940672207310913e-12
225.21,-4.0177474753906915e-12,-3.179910367054499e-12
225.22,-4.0048364435009955e-12,-3.165654266459552e-12
225.23,-3.99195424772801e-12,-3.1512997149729667e-12
225.24,-3.979101574912894e-12,-3.136847125430457e-12
225.25,-3.966279038386854e-12,-3.122297395346253e-12
225.26,-3.9534868099276744e-12,-3.1076511803252485e-12
225.27,-3.940725580518033e-12,-3.0929092784847184e-12
225.28,-3.927995800773857e-12,-3.0780723435881165e-12
225.29,-3.9152988713972615e-12,-3.0631419117105976e-12
225.3,-3.9026322047500765e-12,-3.0481165147669153e-12
225.31,-3.889999015190195e-12,-3.032999018438996e-12
225.32,-3.877399600873824e-12,-3.0177896688956555e-12
225.33,-3.864833454669391e-12,-3.0024888347995338e-12
225.34,-3.852301525445918e-12,-2.987097525003033e-12
225.35,-3.839804079075466e-12,-2.9716164289029033e-12
225.36,-3.82734160524115e-12,-2.956046390849394e-12
225.37,-3.8149145139566026e-12,-2.9403879561785575e-12
225.38,-3.802524286397556e-12,-2.9246419089008695e-12
225.39,-3.7901684909360345e-12,-2.9088094825812437e-12
225.4,-3.777850115963383e-12,-2.892890896040987e-12
225.41,-3.76556930444086e-12,-2.8768870873671056e-12
225.42,-3.753325941137616e-12,-2.8607992744642516e-12
225.43,-3.741120416251615e-12,-2.8446269619112696e-12
225.44,-3.728953162111763e-12,-2.8283720528724327e-12
225.45,-3.716825062086115e-12,-2.8120350658773847e-12
225.46,-3.704736069763727e-12,-2.7956167547604635e-12
225.47,-3.692686807855875e-12,-2.779118010541184e-12
225.48,-3.680677507960371e-12,-2.7625391395544533e-12
225.49,-3.6687085759976e-12,-2.7458813729983606e-12
225.5,-3.65678086844539e-12,-2.7291454503263338e-12
225.51,-3.644894503750289e-12,-2.712332148374507e-12
225.52,-3.6330491788881626e-12,-2.6954419323017906e-12
225.53,-3.621246262520628e-12,-2.6784759171574035e-12
225.54,-3.6094857829932427e-12,-2.661434910990865e-12
225.55,-3.5977682784362078e-12,-2.6443196218763454e-12
225.56,-3.5860939485731413e-12,-2.627130713137702e-12
225.57,-3.5744631672778864e-12,-2.6098691154307586e-12
225.58,-3.56287648534851e-12,-2.5925356858310324e-12
225.59,-3.551334108893064e-12,-2.575131019868047e-12
225.6,-3.539836671316503e-12,-2.557656229919379e-12
225.61,-3.5283841558730505e-12,-2.540111753414873e-12
225.62,-3.5169773385093957e-12,-2.522498541716227e-12
225.63,-3.505616072332068e-12,-2.5048175419299747e-12
225.64,-3.494301343517437e-12,-2.4870693117777173e-12
225.65,-3.4830329072065518e-12,-2.4692548550235735e-12
225.66,-3.4718118679642414e-12,-2.4513748735962675e-12
225.67,-3.4606379342000337e-12,-2.4334302581391808e-12
225.68,-3.4495116574736585e-12,-2.4154217743908486e-12
225.69,-3.438433172439612e-12,-2.3973500500668725e-12
225.7,-3.427403238489347e-12,-2.3792162631605933e-12
225.71,-3.416421986501225e-12,-2.3610209631660162e-12
225.72,-3.4054897694144505e-12,-2.342765023263238e-12
225.73,-3.3946068160083807e-12,-2.324449192605604e-12
225.74,-3.383773847644361e-12,-2.3060745651388482e-12
225.75,-3.372990871613864e-12,-2.2876416610427766e-12
225.76,-3.3622582766055104e-12,-2.2691514012533263e-12
225.77,-3.351576065396659e-12,-2.250604442461433e-12
225.78,-3.3409454811830507e-12,-2.2320020020853964e-12
225.79,-3.33036547394327e-12,-2.2133444411299748e-12
225.8,-3.3198374330709978e-12,-2.194632877282355e-12
225.81,-3.3093613121698486e-12,-2.175868086681993e-12
225.82,-3.2989375862210547e-12,-2.1570508156436713e-12
225.83,-3.2885666594545242e-12,-2.138181797230401e-12
225.84,-3.278248396206316e-12,-2.1192621713643086e-12
225.85,-3.2679834852463218e-12,-2.100292511219117e-12
225.86,-3.2577718367589387e-12,-2.081273677956106e-12
225.87,-3.2476143405234023e-12,-2.062206600264834e-12
225.88,-3.237510380501639e-12,-2.04309187196955e-12
225.89,-3.22746133333231e-12,-2.023930593638689e-12
225.9,-3.2174668106370384e-12,-2.0047235054510338e-12
225.91,-3.207527059422587e-12,-1.9854713071045117e-12
225.92,-3.1976426681900797e-12,-1.9661749810851016e-12
225.93,-3.187813777772621e-12,-1.9468351778035205e-12
225.94,-3.178040683161614e-12,-1.9274529710320388e-12
225.95,-3.1683233872829587e-12,-1.9080290301251365e-12
225.96,-3.1586622278833948e-12,-1.8885638305950492e-12
225.97,-3.1490586345391792e-12,-1.869059310669909e-12
225.98,-3.139511131796747e-12,-1.849515189550111e-12
225.99,-3.130021008379257e-12,-1.8299326738435405e-12
226.0,-3.1205886113687325e-12,-1.810312843299825e-12
226.01,-3.1112128272331025e-12,-1.7906558541409225e-12
226.02,-3.1018955157186157e-12,-1.7709632057104173e-12
226.03,-3.0926360274586996e-12,-1.7512354325649218e-12
226.04,-3.083435021505686e-12,-1.731473296460626e-12
226.05,-3.0742921061490383e-12,-1.7116781198043868e-12
226.06,-3.0652092723096835e-12,-1.6918499928510315e-12
226.07,-3.0561844618530165e-12,-1.6719901366827295e-12
226.08,-3.0472195490700924e-12,-1.6520994646826268e-12
226.09,-3.0383156485305834e-12,-1.632179373460256e-12
226.1,-3.0294677912397683e-12,-1.6122286165206603e-12
226.11,-3.020681744933669e-12,-1.5922501567355438e-12
226.12,-3.011955989070727e-12,-1.5722440142621002e-12
226.13,-3.0032905842879e-12,-1.5522111703772306e-12
226.14,-2.9946856168639225e-12,-1.5321522027508299e-12
226.15,-2.9861416886826536e-12,-1.5120682838938002e-12
226.16,-2.977658593378439e-12,-1.491959902081903e-12
226.17,-2.9692370134442883e-12,-1.4718281544889558e-12
226.18,-2.960876411071176e-12,-1.45167401840286e-12
226.19,-2.9525777021564536e-12,-1.4314974772151102e-12
226.2,-2.9443407813484157e-12,-1.4113002177754574e-12
226.21,-2.936165716728496e-12,-1.3910827371176688e-12
226.22,-2.928052998688537e-12,-1.370845921711914e-12
226.23,-2.920002447479516e-12,-1.3505905714787882e-12
226.24,-2.9120144678302355e-12,-1.3303174544736014e-12
226.25,-2.9040894118546926e-12,-1.310027588007692e-12
226.26,-2.8962269809698973e-12,-1.289721496148673e-12
226.27,-2.8884282107403334e-12,-1.2694003175006675e-12
226.28,-2.880691796440532e-12,-1.2490645895667778e-12
226.29,-2.873018962115514e-12,-1.2287151484976466e-12
226.3,-2.865409714247609e-12,-1.2083530058342562e-12
226.31,-2.857864345832482e-12,-1.187978975797576e-12
226.32,-2.8503827704894453e-12,-1.167593704169896e-12
226.33,-2.8429653149647463e-12,-1.1471980042060105e-12
226.34,-2.83561155769072e-12,-1.126792852536683e-12
226.35,-2.8283228148120044e-12,-1.1063790011827e-12
226.36,-2.8210977689294795e-12,-1.0859570520574836e-12
226.37,-2.813937872707389e-12,-1.0655282816441663e-12
226.38,-2.806842393847612e-12,-1.0450931403828197e-12
226.39,-2.7998120138767516e-12,-1.0246523926171168e-12
226.4,-2.792846371415601e-12,-1.0042070747668622e-12
226.41,-2.7859458658718744e-12,-9.837578321614416e-13
226.42,-2.7791106084569752e-12,-9.633056160045237e-13
226.43,-2.772340785301181e-12,-9.428510744944272e-13
226.44,-2.7656361713641928e-12,-9.223949925198327e-13
226.45,-2.7589974467715694e-12,-9.019383091095054e-13
226.46,-2.752423957854386e-12,-8.81481800802429e-13
226.47,-2.7459164406407123e-12,-8.610261690509996e-13
226.48,-2.739475124655263e-12,-8.405723418492119e-13
226.49,-2.7330990169284313e-12,-8.2012091015133e-13
226.5,-2.726789695249488e-12,-7.996729898965713e-13
226.51,-2.7205465305180505e-12,-7.792292962259753e-13
226.52,-2.714369122629734e-12,-7.587901479937965e-13
226.53,-2.7082582054632713e-12,-7.383568425785992e-13
226.54,-2.702214131789774e-12,-7.179301281192512e-13
226.55,-2.696235956031454e-12,-6.97510429062705e-13
226.56,-2.69032470826458e-12,-6.770990148197266e-13
226.57,-2.684480216237509e-12,-6.566963649895648e-13
226.58,-2.678702358585479e-12,-6.363034084431265e-13
226.59,-2.672991233963282e-12,-6.159207554307298e-13
226.6,-2.667347035935672e-12,-5.955494024047742e-13
226.61,-2.6617696246234717e-12,-5.751898351948903e-13
226.62,-2.656259250741018e-12,-5.54843045258416e-13
226.63,-2.650815877219661e-12,-5.345097318399433e-13
226.64,-2.645439964352063e-12,-5.141908088830814e-13
226.65,-2.6401308635586814e-12,-4.938868741659038e-13
226.66,-2.634888982842325e-12,-4.735987158628019e-13
226.67,-2.629714479187917e-12,-4.5332717294022145e-13
226.68,-2.62460719199483e-12,-4.330729388278319e-13
226.69,-2.619567027458726e-12,-4.128367902533517e-13
226.7,-2.6145943265352296e-12,-3.926194993070744e-13
226.71,-2.6096888894684165e-12,-3.7242183438349147e-13
226.72,-2.60485119684788e-12,-3.522446236672224e-13
226.73,-2.600080384191184e-12,-3.320883327599146e-13
226.74,-2.5953773863101757e-12,-3.119540683654514e-13
226.75,-2.5907414570978373e-12,-2.9184214259927723e-13
226.76,-2.5861735538203515e-12,-2.7175403077922794e-13
226.77,-2.5816728497910612e-12,-2.516898131048073e-13
226.78,-2.5772397375089054e-12,-2.316502796131054e-13
226.79,-2.5728740527846963e-12,-2.1163666105804874e-13
226.8,-2.5685759096068385e-12,-1.9164918334296125e-13
226.81,-2.564345256132987e-12,-1.71688856448671e-13
226.82,-2.5601819551402837e-12,-1.5175617482974444e-13
226.83,-2.5560863424055516e-12,-1.3185217589052075e-13
226.84,-2.552058175655485e-12,-1.1197741926586811e-13
226.85,-2.548097488331167e-12,-9.213256785560359e-14
226.86,-2.544204353965164e-12,-7.231842969632832e-14
226.87,-2.540378878007744e-12,-5.253583120330202e-14
226.88,-2.536620095969291e-12,-3.278519535939538e-14
226.89,-2.532929128889666e-12,-1.3067510615191202e-14
226.9,-2.5293060864901833e-12,6.616535164793484e-15
226.91,-2.5257492468210356e-12,2.6266473643287914e-14
226.92,-2.5222604204641257e-12,4.588125610629062e-14
226.93,-2.5188386700678724e-12,6.546036675962735e-14
226.94,-2.5154841874748252e-12,8.500308440451663e-14
226.95,-2.5121969285238253e-12,1.0450878148894344e-13
226.96,-2.508976821978167e-12,1.2397651500711476e-13
226.97,-2.505823895842906e-12,1.4340576334304787e-13
226.98,-2.502737855291023e-12,1.6279602568873812e-13
226.99,-2.499719281463262e-12,1.821457933285142e-13
227.0,-2.4967670441212536e-12,2.0145584783871348e-13
227.01,-2.4938815183244666e-12,2.2072456390320187e-13
227.02,-2.4910632187018298e-12,2.3995094236284345e-13
227.03,-2.488311671622804e-12,2.591348991832869e-13
227.04,-2.485627197429369e-12,2.78275378338235e-13
227.05,-2.483008597701924e-12,2.973721359768006e-13
227.06,-2.4804569727614873e-12,3.1642409873941014e-13
227.07,-2.4779716148066613e-12,3.3543084885867665e-13
227.08,-2.4755529004712772e-12,3.543914855999334e-13
227.09,-2.47320010137188e-12,3.733057519767439e-13
227.1,-2.4709137513553392e-12,3.9217275593639304e-13
227.11,-2.468693673703755e-12,4.1099154273914433e-13
227.12,-2.466539651773256e-12,4.2976184060832465e-13
227.13,-2.4644512674247716e-12,4.484830291698707e-13
227.14,-2.462428965298902e-12,4.671541616924116e-13
227.15,-2.4604723291507294e-12,4.857748542310755e-13
227.16,-2.4585814918280855e-12,5.043443461035578e-13
227.17,-2.456755736035311e-12,5.228623786115651e-13
227.18,-2.454996148751353e-12,5.413273027878362e-13
227.19,-2.4533016295806655e-12,5.597394637052895e-13
227.2,-2.451672153288035e-12,5.780979922495023e-13
227.21,-2.450108124630276e-12,5.964021569914377e-13
227.22,-2.4486087407180687e-12,6.14651390540581e-13
227.23,-2.4471743073508043e-12,6.328450401103542e-13
227.24,-2.445804770269639e-12,6.50982450448509e-13
227.25,-2.4444998273246217e-12,6.690631423780625e-13
227.26,-2.4432585416257893e-12,6.870874620789507e-13
227.27,-2.4420831559442296e-12,7.050518123310084e-13
227.28,-2.440971364368449e-12,7.229584771201036e-13
227.29,-2.439923504227143e-12,7.408059603642225e-13
227.3,-2.4389394738930508e-12,7.585937364505004e-13
227.31,-2.438019560807732e-12,7.763209123600048e-13
227.32,-2.4371631564487634e-12,7.939873234224601e-13
227.33,-2.4363707225279534e-12,8.115919766448761e-13
227.34,-2.4356413327104266e-12,8.291344910563032e-13
227.35,-2.434974322298016e-12,8.46614474299583e-13
227.36,-2.434372154443693e-12,8.640310187171988e-13
227.37,-2.4338319053221667e-12,8.813838542327492e-13
227.38,-2.4333546058774278e-12,8.986720885685597e-13
227.39,-2.43293996096834e-12,9.158956524486253e-13
227.4,-2.432587680903296e-12,9.330530514502814e-13
227.41,-2.432297598857724e-12,9.501447293089465e-13
227.42,-2.432069849865019e-12,9.671695398211004e-13
227.43,-2.431903722305927e-12,9.841272864363108e-13
227.44,-2.4317998435949306e-12,1.0010172344123873e-12
227.45,-2.4317571058218006e-12,1.0178387900375952e-12
227.46,-2.4317760402125422e-12,1.0345915266841943e-12
227.47,-2.4318560240745657e-12,1.0512749924878382e-12
227.48,-2.431997290706172e-12,1.0678883653218878e-12
227.49,-2.432199258170032e-12,1.084431408753402e-12
227.5,-2.432462048694906e-12,1.1009034039262746e-12
227.51,-2.43278524802977e-12,1.1173039634227918e-12
227.52,-2.4331688137762007e-12,1.1336325091970954e-12
227.53,-2.4336124707815465e-12,1.1498885889161512e-12
227.54,-2.4341158699460454e-12,1.166071593113514e-12
227.55,-2.4346793111168646e-12,1.1821809770660787e-12
227.56,-2.435301926561334e-12,1.198216402453058e-12
227.57,-2.435984820729003e-12,1.214176992333707e-12
227.58,-2.436725619620796e-12,1.230062968998685e-12
227.59,-2.437525395405367e-12,1.2458734279781267e-12
227.6,-2.4383842664739425e-12,1.2616077163231945e-12
227.61,-2.439301619314582e-12,1.2772654722834255e-12
227.62,-2.4402772846108466e-12,1.2928462730137137e-12
227.63,-2.4413108638481193e-12,1.3083496773566464e-12
227.64,-2.44240230936794e-12,1.323775131801613e-12
227.65,-2.4435514038508356e-12,1.339122158370112e-12
227.66,-2.444757793162592e-12,1.3543903690999766e-12
227.67,-2.446021528527597e-12,1.3695792189955883e-12
227.68,-2.4473419692323534e-12,1.3846883585031597e-12
227.69,-2.4487193919361613e-12,1.3997172647799738e-12
227.7,-2.4501531183984365e-12,1.4146654565058394e-12
227.71,-2.451643346464718e-12,1.4295325549653783e-12
227.72,-2.4531894489897516e-12,1.4443180801447612e-12
227.73,-2.454791191813041e-12,1.4590216579750142e-12
227.74,-2.456448835752237e-12,1.4736425735747705e-12
227.75,-2.4581613544687238e-12,1.4881809657443215e-12
227.76,-2.4599292989332072e-12,1.5026359694598702e-12
227.77,-2.4617519907616043e-12,1.5170072556877652e-12
227.78,-2.463629297547687e-12,1.5312943559708295e-12
227.79,-2.4655607953179674e-12,1.5454970045178738e-12
227.8,-2.467546239599312e-12,1.5596147508941828e-12
227.81,-2.4695857256641894e-12,1.5736471341312464e-12
227.82,-2.471678786856696e-12,1.5875936778483246e-12
227.83,-2.4738250150144684e-12,1.6014541715700338e-12
227.84,-2.4760246110757517e-12,1.615228067067287e-12
227.85,-2.4782766095007633e-12,1.6289151271867138e-12
227.86,-2.4805812317352343e-12,1.6425148435034873e-12
227.87,-2.4829383421678107e-12,1.6560268726093398e-12
227.88,-2.4853473712615994e-12,1.669450795960986e-12
227.89,-2.4878082912257753e-12,1.6827862922168195e-12
227.9,-2.49032028727208e-12,1.6960330822831126e-12
227.91,-2.492883888644143e-12,1.7091906032929037e-12
227.92,-2.4954981410904156e-12,1.7222586764129346e-12
227.93,-2.4981626665077667e-12,1.735237140460978e-12
227.94,-2.500878768484244e-12,1.7481246621486761e-12
227.95,-2.503644353595381e-12,1.7609220390618156e-12
227.96,-2.506459645010083e-12,1.7736285047833388e-12
227.97,-2.509325115253665e-12,1.7862437178385106e-12
227.98,-2.5122386943238566e-12,1.7987672101801993e-12
227.99,-2.5152021370629365e-12,1.8111989225921214e-12
228.0,-2.5182141475191444e-12,1.8235382944506484e-12
228.01,-2.521274464024428e-12,1.83578506577271e-12
228.02,-2.5243825561679006e-12,1.847938985195949e-12
228.03,-2.527539379446066e-12,1.8599996901459593e-12
228.04,-2.530743194766881e-12,1.871966914259706e-12
228.05,-2.533994500932217e-12,1.88384023282452e-12
228.06,-2.5372948259942254e-12,1.8956194090445427e-12
228.07,-2.540637494078737e-12,1.907304349616897e-12
228.08,-2.5440287453378644e-12,1.918894441621397e-12
228.09,-2.5474660424827797e-12,1.9303895643985988e-12
228.1,-2.5509490189974496e-12,1.94178935658705e-12
228.11,-2.554477676063089e-12,1.9530937046528423e-12
228.12,-2.558051472633779e-12,1.964302091529652e-12
228.13,-2.561670043364162e-12,1.975414442984484e-12
228.14,-2.565333333798753e-12,1.986430332418768e-12
228.15,-2.569041196578617e-12,1.9973493040242557e-12
228.16,-2.5727923011467968e-12,2.0081720138886665e-12
228.17,-2.5765874691617893e-12,2.018897272003864e-12
228.18,-2.5804257699260553e-12,2.0295251007407323e-12
228.19,-2.5843074795114464e-12,2.040055151357984e-12
228.2,-2.5882317681445436e-12,2.050487446352655e-12
228.21,-2.592198094516127e-12,2.0608216088108458e-12
228.22,-2.5962071068567193e-12,2.0710572496777783e-12
228.23,-2.6002573936918413e-12,2.081194542618927e-12
228.24,-2.6043492695469773e-12,2.091232919801305e-12
228.25,-2.6084824989362724e-12,2.101172198774198e-12
228.26,-2.612656385120498e-12,2.111012231180366e-12
228.27,-2.6168708119628916e-12,2.120752890731295e-12
228.28,-2.6211255242748195e-12,2.130393733951251e-12
228.29,-2.625419927453081e-12,2.139934697806655e-12
228.3,-2.62975379275023e-12,2.149375684194528e-12
228.31,-2.634127054839744e-12,2.1587162182005303e-12
228.32,-2.6385389663874775e-12,2.167956699084611e-12
228.33,-2.6429905507312056e-12,2.177095947593901e-12
228.34,-2.6474784978327455e-12,2.1861347895068016e-12
228.35,-2.652005550498063e-12,2.1950723591387863e-12
228.36,-2.6565696870100272e-12,2.2039090244820358e-12
228.37,-2.6611713144588247e-12,2.212644146168226e-12
228.38,-2.6658098636598383e-12,2.2212777495107876e-12
228.39,-2.670484791259504e-12,2.2298097613870402e-12
228.4,-2.6751960197693192e-12,2.2382398752549723e-12
228.41,-2.6799433151008476e-12,2.2465679620015936e-12
228.42,-2.684726535820055e-12,2.2547938585295817e-12
228.43,-2.6895440168319285e-12,2.2629176010035596e-12
228.44,-2.6943968280096867e-12,2.270938949450245e-12
228.45,-2.6992849994976157e-12,2.2788575469922037e-12
228.46,-2.704206000853634e-12,2.2866736744913535e-12
228.47,-2.7091616034117083e-12,2.294386887535195e-12
228.48,-2.714150692137117e-12,2.3019971092713004e-12
228.49,-2.7191730715025998e-12,2.309504382697063e-12
228.5,-2.724228177764906e-12,2.316908417236777e-12
228.51,-2.729315893148282e-12,2.3242093793185212e-12
228.52,-2.7344355986432797e-12,2.3314066055104435e-12
228.53,-2.73958743082321e-12,2.3385004954144157e-12
228.54,-2.7447707428882907e-12,2.345490666135469e-12
228.55,-2.749984863399272e-12,2.3523774789490506e-12
228.56,-2.755229861507426e-12,2.3591603190151447e-12
228.57,-2.7605055460586865e-12,2.365839339270308e-12
228.58,-2.7658107880795825e-12,2.3724143996678956e-12
228.59,-2.7711464251195364e-12,2.3788855097084423e-12
228.6,-2.77651085714494e-12,2.3852525769374864e-12
228.61,-2.7819049379267284e-12,2.3915154544092334e-12
228.62,-2.787327424145256e-12,2.397674113825957e-12
228.63,-2.792778242830232e-12,2.403728537533604e-12
228.64,-2.798257205783366e-12,2.4096785647730554e-12
228.65,-2.8037636728086114e-12,2.415524262337652e-12
228.66,-2.8092975917116624e-12,2.4212655137306566e-12
228.67,-2.8148581901669884e-12,2.4269023820188446e-12
228.68,-2.82044544612035e-12,2.4324347249268307e-12
228.69,-2.8260590419267197e-12,2.4378624687712933e-12
228.7,-2.8316984158131076e-12,2.4431857967326946e-12
228.71,-2.8373638505710496e-12,2.448404200836733e-12
228.72,-2.8430539295881963e-12,2.453518422810459e-12
228.73,-2.8487690085240356e-12,2.458527713714064e-12
228.74,-2.8545084936123854e-12,2.463432520270835e-12
228.75,-2.8602719344107484e-12,2.4682325203574796e-12
228.76,-2.8660595860970914e-12,2.4729280667761604e-12
228.77,-2.87187038535509e-12,2.477518886619177e-12
228.78,-2.8777043640912587e-12,2.48200512676933e-12
228.79,-2.8835606459897244e-12,2.4863864602250254e-12
228.8,-2.889439630960364e-12,2.4906633133900994e-12
228.81,-2.8953402404548036e-12,2.4948356383896087e-12
228.82,-2.9012629996861563e-12,2.4989031784176635e-12
228.83,-2.9072068608859064e-12,2.502866210691576e-12
228.84,-2.913171058484237e-12,2.5067247991558598e-12
228.85,-2.919156651266655e-12,2.5104787384247513e-12
228.86,-2.9251620329180588e-12,2.5141282204958122e-12
228.87,-2.931187501131549e-12,2.517672979313849e-12
228.88,-2.9372320268722025e-12,2.5211139842234562e-12
228.89,-2.943295973797443e-12,2.5244502506955458e-12
228.9,-2.9493785119137576e-12,2.5276823546179564e-12
228.91,-2.9554796777857767e-12,2.5308100296434165e-12
228.92,-2.961598592078172e-12,2.5338336479977972e-12
228.93,-2.967735463317448e-12,2.5367531123995616e-12
228.94,-2.9738896021507735e-12,2.5395685549060028e-12
228.95,-2.9800606845290776e-12,2.542279959056453e-12
228.96,-2.9862486993664816e-12,2.5448873189531556e-12
228.97,-2.9924524012408166e-12,2.5473912361284392e-12
228.98,-2.9986717830028743e-12,2.549791173835131e-12
228.99,-3.004907674886383e-12,2.5520875471832284e-12
229.0,-3.01115827191813e-12,2.5542802626933475e-12
229.01,-3.017423800338584e-12,2.5563696482184954e-12
229.02,-3.023703585174393e-12,2.55835550597223e-12
229.03,-3.0299975983571697e-12,2.5602382027790096e-12
229.04,-3.0363053994208433e-12,2.562017729173323e-12
229.05,-3.0426263859356915e-12,2.5636940986189908e-12
229.06,-3.048960836556064e-12,2.5652676399047117e-12
229.07,-3.055307693896127e-12,2.5667384495416155e-12
229.08,-3.0616669465836706e-12,2.568106382117745e-12
229.09,-3.0680380547163593e-12,2.5693718904872516e-12
229.1,-3.0744210616712058e-12,2.570534863992812e-12
229.11,-3.08081500351061e-12,2.571595626412777e-12
229.12,-3.0872200967996228e-12,2.5725541547708708e-12
229.13,-3.0936355686665252e-12,2.5734106804013404e-12
229.14,-3.100061476090387e-12,2.5741650023067015e-12
229.15,-3.1064970051361676e-12,2.5748182530152845e-12
229.16,-3.1129420631776235e-12,2.575369569055585e-12
229.17,-3.1193962138979527e-12,2.575819506539285e-12
229.18,-3.1258591327154594e-12,2.5761681993306438e-12
229.19,-3.132330565443791e-12,2.576415774570159e-12
229.2,-3.13881007521027e-12,2.576562350716507e-12
229.21,-3.1452973179136164e-12,2.5766082269706565e-12
229.22,-3.151791889681994e-12,2.5765535550145433e-12
229.23,-3.1582938249055395e-12,2.5763973949918494e-12
229.24,-3.164801765319788e-12,2.576143101900125e-12
229.25,-3.1713162387323498e-12,2.5757876383186226e-12
229.26,-3.1778369506567983e-12,2.5753325078755268e-12
229.27,-3.184363177211629e-12,2.5747777009606882e-12
229.28,-3.1908946296748102e-12,2.5741232747524943e-12
229.29,-3.1974307473659335e-12,2.573369760889491e-12
229.3,-3.2039718968311733e-12,2.5725170309728716e-12
229.31,-3.2105170544090987e-12,2.5715655074646664e-12
229.32,-3.2170664876972767e-12,2.5705152435605107e-12
229.33,-3.22361851737697e-12,2.5693668005019235e-12
229.34,-3.230174238960969e-12,2.5681199695501918e-12
229.35,-3.2367328976196688e-12,2.5667752594400002e-12
229.36,-3.2432946926420337e-12,2.5653327291736717e-12
229.37,-3.2498573657192477e-12,2.5637925786711295e-12
229.38,-3.256422358533006e-12,2.562155294549095e-12
229.39,-3.2629888095932923e-12,2.560420701921561e-12
229.4,-3.2695564206730223e-12,2.558589518230543e-12
229.41,-3.2761246871436377e-12,2.5566614921193184e-12
229.42,-3.2826937327198813e-12,2.5546373831826594e-12
229.43,-3.2892627747954728e-12,2.5525170005714235e-12
229.44,-3.2958313740308005e-12,2.5503008050825032e-12
229.45,-3.3023995197537983e-12,2.5479891484187973e-12
229.46,-3.3089669248347998e-12,2.54558204068988e-12
229.47,-3.315532771244528e-12,2.543079854102515e-12
229.48,-3.3220973508184926e-12,2.5404827794497604e-12
229.49,-3.3286598434273735e-12,2.537791301669352e-12
229.5,-3.335219917707938e-12,2.5350055575628166e-12
229.51,-3.3417779790200606e-12,2.532125695894511e-12
229.52,-3.34833238610007e-12,2.529152255558849e-12
229.53,-3.354883920113472e-12,2.5260852657694337e-12
229.54,-3.361432101153353e-12,2.5229251334060845e-12
229.55,-3.3679760390079096e-12,2.5196721101812244e-12
229.56,-3.3745154528269938e-12,2.516326766559137e-12
229.57,-3.3810509214605064e-12,2.5128888094598664e-12
229.58,-3.387581013006169e-12,2.5093590271050886e-12
229.59,-3.394106194671151e-12,2.505737488758657e-12
229.6,-3.400625696666305e-12,2.502024565141666e-12
229.61,-3.4071393057320264e-12,2.498220640823243e-12
229.62,-3.4136468249530877e-12,2.494325848625449e-12
229.63,-3.4201476897396178e-12,2.4903406733358023e-12
229.64,-3.4266418604546977e-12,2.4862653473602047e-12
229.65,-3.4331287725166528e-12,2.4821001312283862e-12
229.66,-3.4396083387833457e-12,2.4778454700088336e-12
229.67,-3.446079814794667e-12,2.473501594562063e-12
229.68,-3.452543607422087e-12,2.4690688017727945e-12
229.69,-3.458998539171671e-12,2.464547572981929e-12
229.7,-3.4654450716979717e-12,2.4599380968809954e-12
229.71,-3.471882038186811e-12,2.455240858457803e-12
229.72,-3.478309954921107e-12,2.4504561228232454e-12
229.73,-3.484728491751802e-12,2.4455840308527625e-12
229.74,-3.4911366438359717e-12,2.440625129240053e-12
229.75,-3.4975346968688094e-12,2.4355797707072152e-12
229.76,-3.503922265792294e-12,2.430448237008199e-12
229.77,-3.510298467004566e-12,2.425231039151921e-12
229.78,-3.5166637154190325e-12,2.4199282732012654e-12
229.79,-3.5230172682423344e-12,2.4145404648226426e-12
229.8,-3.529359200931633e-12,2.4090679303317194e-12
229.81,-3.5356890228448254e-12,2.4035110125763485e-12
229.82,-3.5420062100856008e-12,2.3978702636988843e-12
229.83,-3.548310751933549e-12,2.3921457791510795e-12
229.84,-3.554602159830482e-12,2.3863380486939935e-12
229.85,-3.560880238278462e-12,2.380447443587005e-12
229.86,-3.567144840629988e-12,2.374474247064508e-12
229.87,-3.573395405165639e-12,2.36841904766846e-12
229.88,-3.5796317759340682e-12,2.3622820952977714e-12
229.89,-3.5858536903289648e-12,2.3560636804077143e-12
229.9,-3.592059954741746e-12,2.3497648167847275e-12
229.91,-3.598252715632599e-12,2.3433844873231754e-12
229.92,-3.6044289981664912e-12,2.3369243810081127e-12
229.93,-3.610589986311356e-12,2.330384551957795e-12
229.94,-3.616734435726947e-12,2.3237655753527612e-12
229.95,-3.6228637057294983e-12,2.317066949830904e-12
229.96,-3.628975831545293e-12,2.3102900482256066e-12
229.97,-3.635071204812246e-12,2.3034349444734383e-12
229.98,-3.641149603414133e-12,2.29650202094707e-12
229.99,-3.647210186469185e-12,2.2894918231029077e-12
230.0,-3.653253645971722e-12,2.2824045093428865e-12
230.01,-3.659278884101914e-12,2.2752406651097745e-12
230.02,-3.665286165372253e-12,2.2680006598523443e-12
230.03,-3.671275726643745e-12,2.2606856240805238e-12
230.04,-3.6772447623063696e-12,2.25329390443139e-12
230.05,-3.683195598272744e-12,2.24582806556831e-12
230.06,-3.689127261108293e-12,2.2382876797506073e-12
230.07,-3.695039418735148e-12,2.2306732047020065e-12
230.08,-3.700931912817728e-12,2.2229851152985596e-12
230.09,-3.706803740055354e-12,2.2152239878380703e-12
230.1,-3.7126556995935595e-12,2.2073899699560997e-12
230.11,-3.718487078484048e-12,2.1994837216811817e-12
230.12,-3.724297359547732e-12,2.191505436296324e-12
230.13,-3.730086526875844e-12,2.1834558959577284e-12
230.14,-3.735854640722957e-12,2.175335162685817e-12
230.15,-3.741600775222873e-12,2.1671440602083994e-12
230.16,-3.74732528815035e-12,2.158882741276327e-12
230.17,-3.753027270996494e-12,2.1505517715346906e-12
230.18,-3.758707068042225e-12,2.1421515789490404e-12
230.19,-3.7643642659859745e-12,2.133682630679787e-12
230.2,-3.769998442889827e-12,2.125145326305134e-12
230.21,-3.775609367921865e-12,2.1165403548052222e-12
230.22,-3.781197389694306e-12,2.107867651076288e-12
230.23,-3.786761569587294e-12,2.099128169471093e-12
230.24,-3.792301656597205e-12,2.0903221548700864e-12
230.25,-3.797817725234138e-12,2.0814501279352345e-12
230.26,-3.80330961198076e-12,2.072512527054541e-12
230.27,-3.808776657370183e-12,2.063509826944655e-12
230.28,-3.814219838463412e-12,2.0544424737768803e-12
230.29,-3.8196365296398036e-12,2.045310953935448e-12
230.3,-3.8250285675850285e-12,2.0361153970025897e-12
230.31,-3.8303950409020035e-12,2.0268573594419745e-12
230.32,-3.835735984613531e-12,2.017536098776185e-12
230.33,-3.841050539376549e-12,2.0081527479358258e-12
230.34,-3.846339250104125e-12,1.998707540300215e-12
230.35,-3.85160161866674e-12,1.9892009386158305e-12
230.36,-3.856837177476102e-12,1.9796336102641205e-12
230.37,-3.862045784932147e-12,1.9700057419726944e-12
230.38,-3.867227295039921e-12,1.960318144292726e-12
230.39,-3.872381653419945e-12,1.950571301526732e-12
230.4,-3.8775084549505306e-12,1.9407651073727097e-12
230.41,-3.882607669727721e-12,1.930900681403908e-12
230.42,-3.8876789470766694e-12,1.9209782923901997e-12
230.43,-3.892721664481143e-12,1.9109986530937357e-12
230.44,-3.897736300772526e-12,1.9009619808690863e-12
230.45,-3.902722498555886e-12,1.8908688911900282e-12
230.46,-3.907679726035755e-12,1.880719661173055e-12
230.47,-3.912608067410251e-12,1.8705150712336217e-12
230.48,-3.917507143056212e-12,1.8602557399481383e-12
230.49,-3.92237709475312e-12,1.849941497109096e-12
230.5,-3.927217239932574e-12,1.8395735192630715e-12
230.51,-3.932027859969782e-12,1.8291519965844025e-12
230.52,-3.936808296147451e-12,1.8186775673836383e-12
230.53,-3.941559105427752e-12,1.80815060920735e-12
230.54,-3.946278711350472e-12,1.797571683774856e-12
230.55,-3.95096834690545e-12,1.786941322564821e-12
230.56,-3.955627214314604e-12,1.7762600351616403e-12
230.57,-3.96025509744177e-12,1.7655281847882198e-12
230.58,-3.964851951199504e-12,1.7547465965445423e-12
230.59,-3.969417467099536e-12,1.7439154675924178e-12
230.6,-3.973951684959712e-12,1.733035403252055e-12
230.61,-3.978454161517274e-12,1.722106956020522e-12
230.62,-3.982924917416721e-12,1.711130549944348e-12
230.63,-3.987363317392465e-12,1.7001069492366841e-12
230.64,-3.991770210645447e-12,1.6890362627091776e-12
230.65,-3.996144360695338e-12,1.677919339595986e-12
230.66,-4.000486447865017e-12,1.6667564851104554e-12
230.67,-4.0047954652384245e-12,1.6555484013224857e-12
230.68,-4.009071768555471e-12,1.644295569054521e-12
230.69,-4.013315355007165e-12,1.6329984249535251e-12
230.7,-4.0175253647304355e-12,1.6216574548297375e-12
230.71,-4.021702335627687e-12,1.6102732606582335e-12
230.72,-4.0258457614185545e-12,1.598846400792307e-12
230.73,-4.0299556571212615e-12,1.5873772878601757e-12
230.74,-4.034031956526581e-12,1.5758664329717988e-12
230.75,-4.038074068195584e-12,1.5643145832025205e-12
230.76,-4.042082253570066e-12,1.5527220156990243e-12
230.77,-4.04605595379728e-12,1.5410894301887692e-12
230.78,-4.0499956168034025e-12,1.5294173126891588e-12
230.79,-4.053900688021085e-12,1.5177058932706572e-12
230.8,-4.057771125896434e-12,1.5059562063238867e-12
230.81,-4.061606840770863e-12,1.4941686123919504e-12
230.82,-4.0654073774916225e-12,1.4823430903680346e-12
230.83,-4.069173262433778e-12,1.4704808018503621e-12
230.84,-4.072903517812065e-12,1.4585821327976114e-12
230.85,-4.076598612516862e-12,1.4466477480194433e-12
230.86,-4.08025837395366e-12,1.434677916144873e-12
230.87,-4.0838825648329616e-12,1.4226731997514765e-12
230.88,-4.087470721611817e-12,1.4106342746685658e-12
230.89,-4.091023315296743e-12,1.3985614982409351e-12
230.9,-4.0945396827934686e-12,1.3864555372771493e-12
230.91,-4.098020243058128e-12,1.3743169399837402e-12
230.92,-4.1014644217831304e-12,1.362146091030193e-12
230.93,-4.104872659167357e-12,1.3499438168083759e-12
230.94,-4.108243779358851e-12,1.337710079964914e-12
230.95,-4.111578980783014e-12,1.3254459600605322e-12
230.96,-4.11487696242585e-12,1.313151889747617e-12
230.97,-4.118138650337319e-12,1.3008282186375828e-12
230.98,-4.121363161936847e-12,1.2884755785200142e-12
230.99,-4.124550845845841e-12,1.2760945435107468e-12
231.0,-4.127701299073675e-12,1.2636856176616455e-12
231.01,-4.130814698939679e-12,1.251249294014557e-12
231.02,-4.133890814388725e-12,1.2387860977549864e-12
231.03,-4.136929259968729e-12,1.2262967334658933e-12
231.04,-4.139930548469042e-12,1.2137815311128895e-12
231.05,-4.142894097740143e-12,1.2012410129803995e-12
231.06,-4.145819927543699e-12,1.1886759308271837e-12
231.07,-4.148708104350804e-12,1.1760866760474994e-12
231.08,-4.151558316088489e-12,1.1634738018750257e-12
231.09,-4.154370531522781e-12,1.1508377911214172e-12
231.1,-4.157144969681869e-12,1.1381792500467998e-12
231.11,-4.159880721185334e-12,1.125498801059579e-12
231.12,-4.162579154260018e-12,1.1127966210517104e-12
231.13,-4.165238717599563e-12,1.1000737091719538e-12
231.14,-4.16786014689132e-12,1.0873301882397502e-12
231.15,-4.170443019130458e-12,1.0745669280143524e-12
231.16,-4.172987418256899e-12,1.0617842983972247e-12
231.17,-4.175493253169034e-12,1.0489828390682479e-12
231.18,-4.177960549095304e-12,1.0361630779932533e-12
231.19,-4.180389090913565e-12,1.0233255698624512e-12
231.2,-4.182779522915846e-12,1.0104717860457879e-12
231.21,-4.18512977248865e-12,9.97599427229735e-13
231.22,-4.187441964884516e-12,9.847118856863657e-13
231.23,-4.1897146492703845e-12,9.7180876071887e-13
231.24,-4.19194920075781e-12,9.588902406395512e-13
231.25,-4.194143576389295e-12,9.45957767895773e-13
231.26,-4.196299698249301e-12,9.33010766624751e-13
231.27,-4.198416160089244e-12,9.200505055246339e-13
231.28,-4.2004936997721026e-12,9.070772061293176e-13
231.29,-4.2025316348528076e-12,8.940915807209073e-13
231.3,-4.204530570768232e-12,8.810938071730771e-13
231.31,-4.206490072191724e-12,8.680847821287861e-13
231.32,-4.208410114500874e-12,8.550649226005319e-13
231.33,-4.210290686358349e-12,8.420345962489617e-13
231.34,-4.212131773934703e-12,8.28994687639824e-13
231.35,-4.213933308855427e-12,8.159454455262935e-13
231.36,-4.215695152660038e-12,8.02887493002969e-13
231.37,-4.217417612539812e-12,7.898212129979111e-13
231.38,-4.219100905379492e-12,7.767473161371666e-13
231.39,-4.220743439610829e-12,7.636662756722882e-13
231.4,-4.22234703271221e-12,7.505785414941416e-13
231.41,-4.22391071174894e-12,7.374847410884264e-13
231.42,-4.2254342178268575e-12,7.243853802433169e-13
231.43,-4.226918940056957e-12,7.112807713958834e-13
231.44,-4.228363266248533e-12,6.981717038774398e-13
231.45,-4.2297677948959325e-12,6.85058594009575e-13
231.46,-4.231132786109934e-12,6.719419686148222e-13
231.47,-4.232457755446857e-12,6.588222687192564e-13
231.48,-4.2337431145239864e-12,6.457002611902411e-13
231.49,-4.234988297517254e-12,6.325761277751627e-13
231.5,-4.236193723387182e-12,6.194506082479713e-13
231.51,-4.2373592607954885e-12,6.063241104379852e-13
231.52,-4.238485165648789e-12,5.931971358581785e-13
231.53,-4.2395706703051295e-12,5.800705348097188e-13
231.54,-4.240616811133442e-12,5.669443328554012e-13
231.55,-4.241622942881816e-12,5.538191978178406e-13
231.56,-4.242589113188245e-12,5.406957976861329e-13
231.57,-4.2435155741809e-12,5.275744805643015e-13
231.58,-4.2444019208472135e-12,5.144558383387924e-13
231.59,-4.2452486049958844e-12,5.013403063070442e-13
231.6,-4.2460554999261224e-12,4.882284659002444e-13
231.61,-4.246822554597492e-12,4.751208213291656e-13
231.62,-4.2475494638938366e-12,4.62017772429082e-13
231.63,-4.2482369584282595e-12,4.4891989921211295e-13
231.64,-4.248884289056323e-12,4.358277644786893e-13
231.65,-4.249492009224137e-12,4.2274186891654663e-13
231.66,-4.250060079323732e-12,4.0966237708575364e-13
231.67,-4.250588415805858e-12,3.9659031048196805e-13
231.68,-4.251077004965695e-12,3.835258702876273e-13
231.69,-4.2515255313273186e-12,3.704697094550516e-13
231.7,-4.251935140558964e-12,3.5742185190328293e-13
231.71,-4.252304805791149e-12,3.4438337667641886e-13
231.72,-4.252634853496748e-12,3.3135455322586065e-13
231.73,-4.252925243833838e-12,3.1833591349294843e-13
231.74,-4.253176150507226e-12,3.053278298593023e-13
231.75,-4.253387659237296e-12,2.9233080926125857e-13
231.76,-4.253559586652948e-12,2.793454830484133e-13
231.77,-4.253692242565382e-12,2.6637220224270506e-13
231.78,-4.253785533868023e-12,2.5341146972995903e-13
231.79,-4.253839464092051e-12,2.4046383864959623e-13
231.8,-4.2538540327268645e-12,2.2752979179258913e-13
231.81,-4.253829379803965e-12,2.1460977043923367e-13
231.82,-4.253765280924107e-12,2.0170420111458712e-13
231.83,-4.253662780371906e-12,1.8881361042839454e-13
231.84,-4.253520684409005e-12,1.7593849020368034e-13
231.85,-4.2533396970329285e-12,1.6307930278287241e-13
231.86,-4.253119704635687e-12,1.5023653009480299e-13
231.87,-4.252859899029584e-12,1.3741110732268147e-13
231.88,-4.252562703680985e-12,1.2460218253770728e-13
231.89,-4.252226464439248e-12,1.1181118247112396e-13
231.9,-4.2518511435776394e-12,9.903896229335893e-14
231.91,-4.25143579802063e-12,8.628502289549146e-14
231.92,-4.250984454129304e-12,7.355067534352006e-14
231.93,-4.250493198698008e-12,6.083578264041494e-14
231.94,-4.2499635588816295e-12,4.814109880313972e-14
231.95,-4.249395561119421e-12,3.546704041210052e-14
231.96,-4.2487892129101225e-12,2.281404994567898e-14
231.97,-4.248144530622584e-12,1.0182436932184397e-14
231.98,-4.2474618576888934e-12,-2.4272101628140773e-15
231.99,-4.246740879872093e-12,-1.5014284780785764e-14
232.0,-4.245980978670662e-12,-2.757775988274082e-14
232.01,-4.2451851758686374e-12,-4.0119597685490466e-14
232.02,-4.24435020054522e-12,-5.263674535206308e-14
232.03,-4.24347782310082e-12,-6.512967600133322e-14
232.04,-4.24256750284415e-12,-7.759804110206435e-14
232.05,-4.241619892788093e-12,-9.004134039553516e-14
232.06,-4.240634248384766e-12,-1.0245902104642964e-13
232.07,-4.239611556887868e-12,-1.1485073571967999e-13
232.08,-4.238551401262908e-12,-1.2721617304956365e-13
232.09,-4.237453629829636e-12,-1.3955443302145235e-13
232.1,-4.2363194618919745e-12,-1.5186572195180033e-13
232.11,-4.2351478642751625e-12,-1.6414920990354712e-13
232.12,-4.2339392550388495e-12,-1.7640449726485065e-13
232.13,-4.232693777251152e-12,-1.8863118303570614e-13
232.14,-4.231411377054553e-12,-2.0082893490701373e-13
232.15,-4.230092763883577e-12,-2.129973215731277e-13
232.16,-4.228737210953868e-12,-2.2513582858376839e-13
232.17,-4.227345353029809e-12,-2.372440453291279e-13
232.18,-4.225917246584978e-12,-2.493216396867668e-13
232.19,-4.2244525438996925e-12,-2.6136803139597693e-13
232.2,-4.2229520556481345e-12,-2.7338299608095004e-13
232.21,-4.221415186846296e-12,-2.853660058813809e-13
232.22,-4.2198427163126825e-12,-2.973166627802553e-13
232.23,-4.218234423627425e-12,-3.0923463450807554e-13
232.24,-4.216590291550658e-12,-3.211194391708158e-13
232.25,-4.21491058911359e-12,-3.329706543189559e-13
232.26,-4.213195438842252e-12,-3.447879579689153e-13
232.27,-4.2114464715966815e-12,-3.5657095984457915e-13
232.28,-4.209659533999532e-12,-3.683190976178891e-13
232.29,-4.2078386814771445e-12,-3.8003221464834265e-13
232.3,-4.205982924341883e-12,-3.917095893916565e-13
232.31,-4.204092621353919e-12,-4.03351161186608e-13
232.32,-4.202167074519499e-12,-4.1495633964210843e-13
232.33,-4.200207466052982e-12,-4.2652503475946663e-13
232.34,-4.198212893099409e-12,-4.3805626069006805e-13
232.35,-4.196184412393669e-12,-4.4955023818803693e-13
232.36,-4.194121720275205e-12,-4.610063537133755e-13
232.37,-4.192024483871093e-12,-4.724241609748793e-13
232.38,-4.189893630571135e-12,-4.838033767807328e-13
232.39,-4.187728906276108e-12,-4.951436372340075e-13
232.4,-4.18553063812035e-12,-5.064445223128978e-13
232.41,-4.183298781018755e-12,-5.17705652406351e-13
232.42,-4.1810334600387156e-12,-5.289266894602476e-13
232.43,-4.178735013932757e-12,-5.401072600243956e-13
232.44,-4.176403402921106e-12,-5.512470007275875e-13
232.45,-4.174038079233559e-12,-5.623454012964662e-13
232.46,-4.171641364963805e-12,-5.734025592267158e-13
232.47,-4.169211313887787e-12,-5.844176951538941e-13
232.48,-4.166748598421074e-12,-5.953905076216979e-13
232.49,-4.164253587324014e-12,-6.063206163589992e-13
232.5,-4.16172648977166e-12,-6.172080091765647e-13
232.51,-4.1591672462479176e-12,-6.280519973091985e-13
232.52,-4.15657597577969e-12,-6.38852206953076e-13
232.53,-4.153952818729803e-12,-6.496084594538942e-13
232.54,-4.151297995381129e-12,-6.603203831078337e-13
232.55,-4.148612066364163e-12,-6.709877709247806e-13
232.56,-4.145894686626067e-12,-6.81610053547074e-13
232.57,-4.143145996854958e-12,-6.921869551458068e-13
232.58,-4.140366438468903e-12,-7.027182012686664e-13
232.59,-4.1375559769985945e-12,-7.132034784826731e-13
232.6,-4.134714975605201e-12,-7.236424497615749e-13
232.61,-4.131843290102407e-12,-7.340347061999136e-13
232.62,-4.1289410238747215e-12,-7.443799128091098e-13
232.63,-4.12600886079133e-12,-7.546777731072523e-13
232.64,-4.123046701067296e-12,-7.649283656780143e-13
232.65,-4.120054741043817e-12,-7.751308711627635e-13
232.66,-4.117032722028675e-12,-7.852850880120776e-13
232.67,-4.1139815639010096e-12,-7.953908306251903e-13
232.68,-4.110900841561144e-12,-8.054475933519723e-13
232.69,-4.1077909929084065e-12,-8.154552742007674e-13
232.7,-4.104652067040999e-12,-8.254135080155028e-13
232.71,-4.101484460056539e-12,-8.353220219343717e-13
232.72,-4.0982879677152194e-12,-8.451807434790596e-13
232.73,-4.0950630786136006e-12,-8.549885604734002e-13
232.74,-4.091809763975922e-12,-8.647459429119442e-13
232.75,-4.088528485376644e-12,-8.744527234731518e-13
232.76,-4.085219048989491e-12,-8.841078076933857e-13
232.77,-4.081881836338493e-12,-8.937116139433131e-13
232.78,-4.078517549640257e-12,-9.032636911400783e-13
232.79,-4.075124602061007e-12,-9.127635799689881e-13
232.8,-4.071705549434743e-12,-9.22211223367875e-13
232.81,-4.068259264884337e-12,-9.31606566610232e-13
232.82,-4.0647853726096135e-12,-9.409483720979182e-13
232.83,-4.0612853967127185e-12,-9.50237429325138e-13
232.84,-4.057758496365146e-12,-9.594729678666816e-13
232.85,-4.0542055008973e-12,-9.686548641469496e-13
232.86,-4.050626348078929e-12,-9.777828449985677e-13
232.87,-4.047021077028542e-12,-9.868566029162115e-13
232.88,-4.04339022984425e-12,-9.958760047697768e-13
232.89,-4.03973363644658e-12,-1.0048405904115317e-12
232.9,-4.036052625810798e-12,-1.0137501282077722e-12
232.91,-4.032344633587108e-12,-1.0226047063678296e-12
232.92,-4.028612576199558e-12,-1.0314037312501353e-12
232.93,-4.024855448370979e-12,-1.0401468843673967e-12
232.94,-4.021073887193125e-12,-1.048834373586369e-12
232.95,-4.01726775439341e-12,-1.0574655374394759e-12
232.96,-4.0134374434693045e-12,-1.0660402686914506e-12
232.97,-4.00958292690803e-12,-1.0745585275843297e-12
232.98,-4.00570466559035e-12,-1.083019718193535e-12
232.99,-4.001802515432751e-12,-1.0914239579609896e-12
233.0,-3.997877424371881e-12,-1.099770857076665e-12
233.01,-3.993928726327329e-12,-1.1080602404368559e-12
233.02,-3.9899568400827e-12,-1.1162917635872254e-12
233.03,-3.985962448542202e-12,-1.1244653673211284e-12
233.04,-3.9819450191496774e-12,-1.1325807943160444e-12
233.05,-3.977905252159303e-12,-1.1406378119897518e-12
233.06,-3.973843032231391e-12,-1.1486362236482737e-12
233.07,-3.9697591091214944e-12,-1.1565758181265158e-12
233.08,-3.9656537588103834e-12,-1.1644566204641108e-12
233.09,-3.9615255553990525e-12,-1.1722777411056456e-12
233.1,-3.957376229594452e-12,-1.1800396307563508e-12
233.11,-3.953205953981644e-12,-1.187742036267846e-12
233.12,-3.949014603209504e-12,-1.1953846110050695e-12
233.13,-3.944802291039685e-12,-1.2029671837242146e-12
233.14,-3.940569232341953e-12,-1.2104894475928417e-12
233.15,-3.936315937436672e-12,-1.2179514819218049e-12
233.16,-3.932042240194982e-12,-1.2253529271396179e-12
233.17,-3.927747073182425e-12,-1.2326943701582927e-12
233.18,-3.923435115209807e-12,-1.2399734897717575e-12
233.19,-3.919101972579717e-12,-1.247192116781243e-12
233.2,-3.91474973129668e-12,-1.2543498870940326e-12
233.21,-3.910376771442274e-12,-1.2614458111364823e-12
233.22,-3.90598759037348e-12,-1.2684802959598906e-12
233.23,-3.901577780615182e-12,-1.2754532038881273e-12
233.24,-3.897149870419245e-12,-1.2823641602213525e-12
233.25,-3.892703486108081e-12,-1.289212972181575e-12
233.26,-3.8882387555492705e-12,-1.2959995871583798e-12
233.27,-3.883756643921465e-12,-1.3027239485182663e-12
233.28,-3.879256649969884e-12,-1.3093857511663011e-12
233.29,-3.874738972910117e-12,-1.3159847996846858e-12
233.3,-3.870203943002138e-12,-1.3225210933651543e-12
233.31,-3.865652151327112e-12,-1.3289945270329163e-12
233.32,-3.861083385533268e-12,-1.3354048620803895e-12
233.33,-3.856498017559966e-12,-1.3417519002457866e-12
233.34,-3.8518959653421e-12,-1.3480356759547659e-12
233.35,-3.847277637296373e-12,-1.3542559032744706e-12
233.36,-3.8426437078698925e-12,-1.3604125700564711e-12
233.37,-3.837993820041197e-12,-1.3665055398802922e-12
233.38,-3.833328430665718e-12,-1.3725346687702202e-12
233.39,-3.8286478324265756e-12,-1.378500061425671e-12
233.4,-3.823951841303606e-12,-1.3844008950142504e-12
233.41,-3.819240788856052e-12,-1.3902377490160966e-12
233.42,-3.814514962359664e-12,-1.3960102873434375e-12
233.43,-3.8097753590602875e-12,-1.4017184496157854e-12
233.44,-3.80502111295684e-12,-1.4073620478165382e-12
233.45,-3.8002526334678814e-12,-1.412941088086328e-12
233.46,-3.795470472488715e-12,-1.4184553383512393e-12
233.47,-3.790674711059554e-12,-1.4239047995185629e-12
233.48,-3.78586549814095e-12,-1.4292894192381734e-12
233.49,-3.781043171711671e-12,-1.434608926020245e-12
233.5,-3.776207934365239e-12,-1.4398634080746268e-12
233.51,-3.7713598843418734e-12,-1.445052668582473e-12
233.52,-3.766499510673609e-12,-1.4501767197742177e-12
233.53,-3.761626744998777e-12,-1.4552354340341934e-12
233.54,-3.7567417926962196e-12,-1.4602286636592647e-12
233.55,-3.751844912971838e-12,-1.4651563670370795e-12
233.56,-3.746936810907316e-12,-1.4700186647529426e-12
233.57,-3.742017073664295e-12,-1.474815200338235e-12
233.58,-3.737085909191498e-12,-1.4795459932732806e-12
233.59,-3.732144135871822e-12,-1.4842111128843016e-12
233.6,-3.727191455050402e-12,-1.4888103357088086e-12
233.61,-3.722228108748704e-12,-1.4933437170446548e-12
233.62,-3.7172545471138274e-12,-1.4978110944148938e-12
233.63,-3.712271160238325e-12,-1.5022124645159667e-12
233.64,-3.707277605353138e-12,-1.5065478817066932e-12
233.65,-3.702274315432119e-12,-1.510817074127314e-12
233.66,-3.6972619449505045e-12,-1.515020324510437e-12
233.67,-3.692240206306126e-12,-1.5191571544849742e-12
233.68,-3.687209387930917e-12,-1.5232278032336765e-12
233.69,-3.682170057780359e-12,-1.5272323251316821e-12
233.7,-3.677121958738876e-12,-1.5311703225605059e-12
233.71,-3.6720655809381515e-12,-1.5350421427390745e-12
233.72,-3.667001239214196e-12,-1.538847639776596e-12
233.73,-3.661929057268328e-12,-1.542586650626061e-12
233.74,-3.656848982405662e-12,-1.5462592607056022e-12
233.75,-3.651761755200645e-12,-1.5498654459888143e-12
233.76,-3.646666997666612e-12,-1.553405197496952e-12
233.77,-3.641565356618713e-12,-1.5568783735837482e-12
233.78,-3.6364570664839037e-12,-1.5602852221304934e-12
233.79,-3.6313418177957177e-12,-1.5636255913381039e-12
233.8,-3.6262209064043853e-12,-1.5668992672333701e-12
233.81,-3.621093478383295e-12,-1.5701065338757735e-12
233.82,-3.6159602742665582e-12,-1.5732473054907553e-12
233.83,-3.6108211546575774e-12,-1.5763214073468505e-12
233.84,-3.605676078142349e-12,-1.5793288301161382e-12
233.85,-3.600527473483804e-12,-1.5822704878325165e-12
233.86,-3.5953727563697805e-12,-1.585145195627246e-12
233.87,-3.59021324582197e-12,-1.587953468097336e-12
233.88,-3.5850491687876643e-12,-1.5906961178098917e-12
233.89,-3.5798808744885536e-12,-1.5933704121261894e-12
233.9,-3.5747085082372804e-12,-1.5959792385210664e-12
233.91,-3.56953207159567e-12,-1.5985216639402603e-12
233.92,-3.564351958166546e-12,-1.6009976616943669e-12
233.93,-3.5591684355147685e-12,-1.603407231915329e-12
233.94,-3.5539815609643318e-12,-1.6057505511557612e-12
233.95,-3.5487917087536518e-12,-1.6080275626705193e-12
233.96,-3.5435991313274626e-12,-1.610238239736845e-12
233.97,-3.538403090207105e-12,-1.6123825368431335e-12
233.98,-3.533206024726531e-12,-1.6144608357176999e-12
233.99,-3.5280062364071226e-12,-1.6164728421403846e-12
234.0,-3.522804324136423e-12,-1.6184187960260085e-12
234.01,-3.517600721176812e-12,-1.6202986237024857e-12
234.02,-3.5123955326335023e-12,-1.6221124498721144e-12
234.03,-3.507189204054744e-12,-1.6238602503911313e-12
234.04,-3.501981568089357e-12,-1.625542073583366e-12
234.05,-3.4967733324897535e-12,-1.6271581683145828e-12
234.06,-3.4915645147988507e-12,-1.6287084861034673e-12
234.07,-3.4863547109038333e-12,-1.6301927236019637e-12
234.08,-3.4811447292915606e-12,-1.6316114046113214e-12
234.09,-3.475934980016109e-12,-1.6329645024292939e-12
234.1,-3.470725346629877e-12,-1.6342520572925755e-12
234.11,-3.465516287088264e-12,-1.6354740552255144e-12
234.12,-3.460307514212918e-12,-1.6366306864288222e-12
234.13,-3.4550997481890726e-12,-1.6377219712480781e-12
234.14,-3.4498929712903297e-12,-1.6387479868825132e-12
234.15,-3.4446874271651708e-12,-1.639709010334403e-12
234.16,-3.439483289476042e-12,-1.6406045909014803e-12
234.17,-3.434281125135149e-12,-1.6414353127114313e-12
234.18,-3.4290803532164562e-12,-1.6422010569000497e-12
234.19,-3.423881882732182e-12,-1.6429020426594199e-12
234.2,-3.4186858513015023e-12,-1.6435382584099718e-12
234.21,-3.413492266648607e-12,-1.6441098417203993e-12
234.22,-3.4083012658455666e-12,-1.6446167496940648e-12
234.23,-3.403113158752162e-12,-1.6450593652891942e-12
234.24,-3.3979276273802474e-12,-1.6454375393160662e-12
234.25,-3.392746488250089e-12,-1.6457514435758451e-12
234.26,-3.387568463107659e-12,-1.6460011682353017e-12
234.27,-3.3823942740133797e-12,-1.6461869137145329e-12
234.28,-3.377223844123167e-12,-1.646308798723491e-12
234.29,-3.3720573693841062e-12,-1.6463667131528577e-12
234.3,-3.3668958464907926e-12,-1.6463611264106823e-12
234.31,-3.3617379037295075e-12,-1.6462916911210692e-12
234.32,-3.356585429461485e-12,-1.6461589352012529e-12
234.33,-3.3514379896066046e-12,-1.64596311632115e-12
234.34,-3.3462950749682803e-12,-1.6457036731349511e-12
234.35,-3.341158006097888e-12,-1.6453812313765319e-12
234.36,-3.33602669104551e-12,-1.6449959916017985e-12
234.37,-3.3309005999509962e-12,-1.644547731547464e-12
234.38,-3.3257807799958684e-12,-1.6440368643233342e-12
234.39,-3.320666553507932e-12,-1.6434635132445043e-12
234.4,-3.3155594849142283e-12,-1.6428277142039523e-12
234.41,-3.310458611823788e-12,-1.6421295876431224e-12
234.42,-3.305364140069564e-12,-1.6413691498469068e-12
234.43,-3.3002771737338108e-12,-1.6405470926669668e-12
234.44,-3.2951971228557107e-12,-1.6396630556174034e-12
234.45,-3.2901243814863192e-12,-1.6387172776796968e-12
234.46,-3.2850590404326622e-12,-1.6377099120843056e-12
234.47,-3.2800014728909235e-12,-1.6366411886290188e-12
234.48,-3.274951623897378e-12,-1.6355111974157622e-12
234.49,-3.269910254412378e-12,-1.634320159292224e-12
234.5,-3.2648769473181544e-12,-1.633068226822708e-12
234.51,-3.2598521127963872e-12,-1.6317555026523935e-12
234.52,-3.254835983350588e-12,-1.6303821976468495e-12
234.53,-3.2498286181289343e-12,-1.6289484619743057e-12
234.54,-3.2448301973318127e-12,-1.627454357159323e-12
234.55,-3.2398411670888906e-12,-1.6259003350454156e-12
234.56,-3.234861457806352e-12,-1.6242862788517589e-12
234.57,-3.2298915452497935e-12,-1.6226125449714628e-12
234.58,-3.224931320536397e-12,-1.6208792839909658e-12
234.59,-3.219980934188005e-12,-1.6190864781959003e-12
234.6,-3.2150407189552133e-12,-1.6172344737434356e-12
234.61,-3.210110907486012e-12,-1.6153235985473839e-12
234.62,-3.2051915698611426e-12,-1.613353710880082e-12
234.63,-3.2002828110335394e-12,-1.6113253410285595e-12
234.64,-3.1953850272061114e-12,-1.6092382543328269e-12
234.65,-3.1904983653011923e-12,-1.6070931295365709e-12
234.66,-3.185622598584447e-12,-1.6048896428654523e-12
234.67,-3.180758443075018e-12,-1.602628487061305e-12
234.68,-3.1759060290698434e-12,-1.6003096073702847e-12
234.69,-3.1710650630512296e-12,-1.59793305419527e-12
234.7,-3.1662361974134756e-12,-1.595499406780592e-12
234.71,-3.1614193076365097e-12,-1.5930086131940264e-12
234.72,-3.1566140826247115e-12,-1.5904606829327534e-12
234.73,-3.1518224871091463e-12,-1.5878563055130535e-12
234.74,-3.1470431883254145e-12,-1.5851954303733573e-12
234.75,-3.1422765287417392e-12,-1.5824782003700619e-12
234.76,-3.1375229745061863e-12,-1.5797049432768045e-12
234.77,-3.132782372613939e-12,-1.5768758295682258e-12
234.78,-3.1280555732565644e-12,-1.5739911998670191e-12
234.79,-3.1233411329105347e-12,-1.5710508188507936e-12
234.8,-3.1186407913699316e-12,-1.5680553195194472e-12
234.81,-3.1139544578777545e-12,-1.5650049536143422e-12
234.82,-3.1092819926528103e-12,-1.5618997522559367e-12
234.83,-3.1046235564743275e-12,-1.5587400237189786e-12
234.84,-3.0999794358615858e-12,-1.5555260282509146e-12
234.85,-3.095349762748706e-12,-1.5522577879999493e-12
234.86,-3.0907346506151978e-12,-1.548935831862425e-12
234.87,-3.086134691327225e-12,-1.5455602454412425e-12
234.88,-3.0815490330310297e-12,-1.5421310990403784e-12
234.89,-3.0769785624030963e-12,-1.5386488108944671e-12
234.9,-3.0724235528261106e-12,-1.535113623360871e-12
234.91,-3.067883688601758e-12,-1.531525753622994e-12
234.92,-3.063359766739664e-12,-1.5278854497705382e-12
234.93,-3.0588511902929187e-12,-1.5241929023036122e-12
234.94,-3.0543587913473734e-12,-1.5204484313566323e-12
234.95,-3.0498819316796872e-12,-1.5166520329210654e-12
234.96,-3.045421324310085e-12,-1.5128041767331362e-12
234.97,-3.04097716632529e-12,-1.5089053001596131e-12
234.98,-3.0365495582252568e-12,-1.5049551667521158e-12
234.99,-3.032138353426468e-12,-1.5009543961861413e-12
235.0,-3.0277438535268202e-12,-1.496903099906046e-12
235.01,-3.023366303048951e-12,-1.4928015565125268e-12
235.02,-3.019005791202053e-12,-1.4886499896096019e-12
235.03,-3.0146620479553593e-12,-1.4844485798379815e-12
235.04,-3.0103361417057785e-12,-1.4801979491111556e-12
235.05,-3.0060274234595413e-12,-1.475897589617279e-12
235.06,-3.001736872748682e-12,-1.4715490128241794e-12
235.07,-2.9974635785959396e-12,-1.4671513280797407e-12
235.08,-2.9932081931455797e-12,-1.4627052399852979e-12
235.09,-2.9889707853663203e-12,-1.45821097513888e-12
235.1,-2.984751638420195e-12,-1.4536687189066842e-12
235.11,-2.980550758319576e-12,-1.4490789088017366e-12
235.12,-2.9763679794612397e-12,-1.4444416221699681e-12
235.13,-2.9722040593825894e-12,-1.4397573553112633e-12
235.14,-2.9680608030453166e-12,-1.435025716616518e-12
235.15,-2.9639322007220377e-12,-1.4302484349001507e-12
235.16,-2.9598238810827987e-12,-1.4254243251714203e-12
235.17,-2.9557362010219747e-12,-1.4205542253538855e-12
235.18,-2.9516670052558777e-12,-1.4156380930800991e-12
235.19,-2.9476169914211517e-12,-1.4106772101905798e-12
235.2,-2.9435864601353212e-12,-1.4056707030874827e-12
235.21,-2.9395753600640727e-12,-1.4006193244765721e-12
235.22,-2.9355841145877387e-12,-1.395523339472169e-12
235.23,-2.93161300565405e-12,-1.3903830490958564e-12
235.24,-2.927660934516207e-12,-1.3851985590703745e-12
235.25,-2.9237295971423776e-12,-1.3799704192675984e-12
235.26,-2.9198182356616724e-12,-1.3746987371947547e-12
235.27,-2.9159270743110094e-12,-1.3693837584910598e-12
235.28,-2.9120565037893782e-12,-1.3640260237874333e-12
235.29,-2.9082064315159712e-12,-1.3586256448728673e-12
235.3,-2.904376852145335e-12,-1.3531828794827534e-12
235.31,-2.9005682774339824e-12,-1.3476981258672606e-12
235.32,-2.896780299575214e-12,-1.3421715501170325e-12
235.33,-2.893013433898562e-12,-1.3366035772622827e-12
235.34,-2.8892676147533867e-12,-1.330994436257661e-12
235.35,-2.8855429327084496e-12,-1.3253443553145122e-12
235.36,-2.881839505220587e-12,-1.3196538132912707e-12
235.37,-2.8781575049822523e-12,-1.3139228524758462e-12
235.38,-2.8744972155309177e-12,-1.3081520857345793e-12
235.39,-2.8708580723977365e-12,-1.3023414634806647e-12
235.4,-2.867241170482267e-12,-1.2964916347781337e-12
235.41,-2.8636452842479648e-12,-1.2906025909673314e-12
235.42,-2.860072609584685e-12,-1.2846749874264555e-12
235.43,-2.8565209644316967e-12,-1.2787088485079286e-12
235.44,-2.852991480577532e-12,-1.2727044612851396e-12
235.45,-2.8494842797295014e-12,-1.2666622037886266e-12
235.46,-2.845999624827854e-12,-1.260582502518452e-12
235.47,-2.8425370075355395e-12,-1.254465576908014e-12
235.48,-2.839097193273778e-12,-1.2483116972954437e-12
235.49,-2.835679721574588e-12,-1.2421211663719477e-12
235.5,-2.8322851463915e-12,-1.2358943418695666e-12
235.51,-2.8289131722019365e-12,-1.2296315567311796e-12
235.52,-2.8255639892513657e-12,-1.2233330548530543e-12
235.53,-2.822238027297894e-12,-1.2169991529947877e-12
235.54,-2.8189346932748935e-12,-1.2106303330963886e-12
235.55,-2.8156545693827068e-12,-1.2042265874562041e-12
235.56,-2.8123976348921995e-12,-1.1977885096970258e-12
235.57,-2.809163815031823e-12,-1.191316258514949e-12
235.58,-2.8059536646787532e-12,-1.1848102299573132e-12
235.59,-2.8027668879530458e-12,-1.178270802481893e-12
235.6,-2.7996035978287716e-12,-1.1716981631463278e-12
235.61,-2.796463703123867e-12,-1.1650926853030684e-12
235.62,-2.7933473397446977e-12,-1.1584545711648714e-12
235.63,-2.79025496681383e-12,-1.1517844265296727e-12
235.64,-2.787186539924046e-12,-1.145082342772625e-12
235.65,-2.7841419062784525e-12,-1.1383487138665722e-12
235.66,-2.7811210502874893e-12,-1.1315838899016682e-12
235.67,-2.7781242447844593e-12,-1.1247880657837689e-12
235.68,-2.775151681739434e-12,-1.1179617190861593e-12
235.69,-2.772203173356024e-12,-1.111104980793276e-12
235.7,-2.7692789330633213e-12,-1.1042184480161655e-12
235.71,-2.766378854165351e-12,-1.097302264097746e-12
235.72,-2.7635034130150597e-12,-1.0903567856746468e-12
235.73,-2.7606521939025233e-12,-1.0833823769544167e-12
235.74,-2.757825400275532e-12,-1.0763792721348928e-12
235.75,-2.7550231129961443e-12,-1.0693478723710563e-12
235.76,-2.752246172232119e-12,-1.0622887003160423e-12
235.77,-2.7494926541592032e-12,-1.0552014847795252e-12
235.78,-2.746764400300515e-12,-1.0480871432652726e-12
235.79,-2.744060777222041e-12,-1.0409457642719656e-12
235.8,-2.7413821826592646e-12,-1.0337777081757091e-12
235.81,-2.7387280895685643e-12,-1.0265834800790326e-12
235.82,-2.7360995856367827e-12,-1.019363118273524e-12
235.83,-2.7334966172732066e-12,-1.0121171993156176e-12
235.84,-2.730916739724242e-12,-1.0048457667808962e-12
235.85,-2.72836457032635e-12,-9.975506008159853e-13
235.86,-2.725834261321919e-12,-9.90228395761097e-13
235.87,-2.7233305616468236e-12,-9.828829625714884e-13
235.88,-2.72085250318989e-12,-9.755136314299978e-13
235.89,-2.718399306122087e-12,-9.681205002260002e-13
235.9,-2.7159716924817663e-12,-9.607040623753654e-13
235.91,-2.7135692407760574e-12,-9.532647155579533e-13
235.92,-2.7111921696282337e-12,-9.458025696054259e-13
235.93,-2.708840431517675e-12,-9.383181488473502e-13
235.94,-2.7065147441533508e-12,-9.308119897495735e-13
235.95,-2.704213560082271e-12,-9.232835601135162e-13
235.96,-2.7019386301485584e-12,-9.157342222695824e-13
235.97,-2.6996886187263526e-12,-9.081635687758014e-13
235.98,-2.697464517043114e-12,-9.005724412689022e-13
235.99,-2.6952660946654216e-12,-8.92960998944031e-13
236.0,-2.693093182273595e-12,-8.853294652341492e-13
236.01,-2.6909462231139105e-12,-8.776784173837291e-13
236.02,-2.68882470690974e-12,-8.700079488399014e-13
236.03,-2.68672904363942e-12,-8.623184604111861e-13
236.04,-2.684659334810034e-12,-8.54610510590407e-13
236.05,-2.6826150031925327e-12,-8.468839914926057e-13
236.06,-2.680596543559909e-12,-8.391395814242839e-13
236.07,-2.6786039189703745e-12,-8.31377625013194e-13
236.08,-2.676637252988754e-12,-8.235982497684131e-13
236.09,-2.6746963348144756e-12,-8.158019353494013e-13
236.1,-2.6727810800656986e-12,-8.079889751646093e-13
236.11,-2.670892220146714e-12,-8.001598031826336e-13
236.12,-2.6690283333239712e-12,-7.92314337662266e-13
236.13,-2.6671916689934533e-12,-7.844538062226451e-13
236.14,-2.6653802896602547e-12,-7.765776577791855e-13
236.15,-2.663594968234735e-12,-7.686866483874332e-13
236.16,-2.6618354871633687e-12,-7.607809637041658e-13
236.17,-2.660102061375665e-12,-7.528610880101897e-13
236.18,-2.6583945577582717e-12,-7.449272306962412e-13
236.19,-2.6567130891420885e-12,-7.369797845787069e-13
236.2,-2.6550574307751625e-12,-7.290189954797195e-13
236.21,-2.6534277589820706e-12,-7.210451581347984e-13
236.22,-2.6518242554489395e-12,-7.130590417200418e-13
236.23,-2.6502468786218706e-12,-7.050605852470066e-13
236.24,-2.6486953464886017e-12,-6.970502453376995e-13
236.25,-2.6471694909019713e-12,-6.890280832247794e-13
236.26,-2.6456700748568134e-12,-6.80994877302488e-13
236.27,-2.6441967210857e-12,-6.729510637450691e-13
236.28,-2.6427486720631e-12,-6.648958646506473e-13
236.29,-2.641327097186506e-12,-6.568309533585568e-13
236.3,-2.639931920554508e-12,-6.487561894745332e-13
236.31,-2.6385618845921006e-12,-6.406715344080168e-13
236.32,-2.637218056763027e-12,-6.325777702147506e-13
236.33,-2.6359002555601326e-12,-6.24475092989279e-13
236.34,-2.6346084334535986e-12,-6.163639402023149e-13
236.35,-2.6333424927610343e-12,-6.08244431956168e-13
236.36,-2.632102145182488e-12,-6.001169907330263e-13
236.37,-2.6308885128240996e-12,-5.919821740341351e-13
236.38,-2.629700141259381e-12,-5.838399973969205e-13
236.39,-2.628537409639446e-12,-5.756907480791366e-13
236.4,-2.6274012458147923e-12,-5.675352070913169e-13
236.41,-2.626290616009116e-12,-5.593733344962348e-13
236.42,-2.6252055140674714e-12,-5.512054881670238e-13
236.43,-2.6241466641792174e-12,-5.430320914283744e-13
236.44,-2.6231132715297063e-12,-5.34853413929641e-13
236.45,-2.622105722505897e-12,-5.26669826943343e-13
236.46,-2.6211238167918208e-12,-5.184816306437433e-13
236.47,-2.620167713606602e-12,-5.102892261943221e-13
236.48,-2.6192373409494176e-12,-5.020928548060535e-13
236.49,-2.6183323167066104e-12,-4.938928124336132e-13
236.5,-2.617453113604678e-12,-4.856895403765665e-13
236.51,-2.6165990577247746e-12,-4.774831503327449e-13
236.52,-2.6157712221615497e-12,-4.692744615639455e-13
236.53,-2.6149686989122932e-12,-4.610632849632478e-13
236.54,-2.6141915352157055e-12,-4.5285002644558915e-13
236.55,-2.6134395868809433e-12,-4.446352283684271e-13
236.56,-2.612713455936647e-12,-4.364191349472116e-13
236.57,-2.6120126063030623e-12,-4.2820188707736353e-13
236.58,-2.6113369021743483e-12,-4.199841954547482e-13
236.59,-2.610686681985718e-12,-4.1176601417159373e-13
236.6,-2.6100617575801148e-12,-4.035478439278443e-13
236.61,-2.6094619552260475e-12,-3.9532994789353566e-13
236.62,-2.608887419985345e-12,-3.871126233144981e-13
236.63,-2.608337944589337e-12,-3.7889628190037e-13
236.64,-2.6078131905466207e-12,-3.706810037785279e-13
236.65,-2.607313836175282e-12,-3.6246748431935643e-13
236.66,-2.6068400757834324e-12,-3.542558176208608e-13
236.67,-2.6063901170097223e-12,-3.4604627071351684e-13
236.68,-2.6059655052688015e-12,-3.378392883253141e-13
236.69,-2.605565938397802e-12,-3.296351305909748e-13
236.7,-2.605190855114844e-12,-3.2143422486176556e-13
236.71,-2.6048407703139347e-12,-3.132367168785012e-13
236.72,-2.604515411723731e-12,-3.05043044966871e-13
236.73,-2.604214559773331e-12,-2.968535080432684e-13
236.74,-2.6039382118797637e-12,-2.886680256780424e-13
236.75,-2.6036873200153097e-12,-2.804879467499807e-13
236.76,-2.603459373778636e-12,-2.723120807378306e-13
236.77,-2.6032566566603707e-12,-2.641418845031739e-13
236.78,-2.60307759282503e-12,-2.559772775677798e-13
236.79,-2.602923659672664e-12,-2.478187702458697e-13
236.8,-2.602793892684361e-12,-2.3966647026503083e-13
236.81,-2.6026879237056454e-12,-2.315207141985217e-13
236.82,-2.6026062738042452e-12,-2.2338188136149225e-13
236.83,-2.6025487378856783e-12,-2.1525028356853846e-13
236.84,-2.6025150274523644e-12,-2.0712613677685877e-13
236.85,-2.6025051589170377e-12,-1.9900970890122436e-13
236.86,-2.6025193635200758e-12,-1.9090147374957165e-13
236.87,-2.6025572670487363e-12,-1.828015402007375e-13
236.88,-2.6026187523751083e-12,-1.747103408142559e-13
236.89,-2.602703947463927e-12,-1.666281107541038e-13
236.9,-2.6028128645592196e-12,-1.5855530281496676e-13
236.91,-2.602944989454103e-12,-1.5049198412591227e-13
236.92,-2.6031008398441513e-12,-1.4243856001721095e-13
236.93,-2.603279654356659e-12,-1.343953007180095e-13
236.94,-2.603482494679273e-12,-1.2636258216044131e-13
236.95,-2.6037078295016146e-12,-1.1834065224067004e-13
236.96,-2.603956500350112e-12,-1.1032973341631039e-13
236.97,-2.6042283116594596e-12,-1.0233027799732357e-13
236.98,-2.6045228842918894e-12,-9.434236815415538e-14
236.99,-2.604840510360651e-12,-8.636637408841572e-14
237.0,-2.6051809150274073e-12,-7.840274038671481e-14
237.01,-2.6055442065549332e-12,-7.045163408768424e-14
237.02,-2.6059303461948757e-12,-6.251375858851775e-14
237.03,-2.606338228577402e-12,-5.458800506644063e-14
237.04,-2.606769085698039e-12,-4.6676128158733455e-14
237.05,-2.6072221573766116e-12,-3.877794354166788e-14
237.06,-2.607697855360965e-12,-3.0893659315033836e-14
237.07,-2.608195574056771e-12,-2.3023631940690574e-14
237.08,-2.6087154399199516e-12,-1.5168079479898646e-14
237.09,-2.60925739521992e-12,-7.32743584378556e-15
237.1,-2.609821410441418e-12,4.981881435889088e-16
237.11,-2.6104093243246317e-12,8.307544570537367e-15
237.12,-2.611014974231287e-12,1.6103129263680554e-14
237.13,-2.6116441757616725e-12,2.3881932874443586e-14
237.14,-2.61229498378459e-12,3.164457889937216e-14
237.15,-2.6129661804590416e-12,3.939069901362131e-14
237.16,-2.6136610593209638e-12,4.712015032547563e-14
237.17,-2.6143761919967055e-12,5.4832613358410756e-14
237.18,-2.615112632660906e-12,6.252772318638361e-14
237.19,-2.615870186600377e-12,7.020539253621783e-14
237.2,-2.6166483167401165e-12,7.786537577931264e-14
237.21,-2.6174479764722906e-12,8.550705345175414e-14
237.22,-2.6182681882081677e-12,9.313050326080436e-14
237.23,-2.619109149151148e-12,1.0073541695368974e-13
237.24,-2.619971075241954e-12,1.0832134271270794e-13
237.25,-2.6208530687939416e-12,1.1588830952627861e-13
237.26,-2.621755730693964e-12,1.2343580426259468e-13
237.27,-2.6226785663082077e-12,1.3096376097291514e-13
237.28,-2.6236218461875144e-12,1.3847183324464816e-13
237.29,-2.624585246948343e-12,1.4595963044449484e-13
237.3,-2.6255682884297113e-12,1.5342718230061649e-13
237.31,-2.6265715078730577e-12,1.608740016813987e-13
237.32,-2.627594585955429e-12,1.6829987953927562e-13
237.33,-2.628636955165592e-12,1.757046928102112e-13
237.34,-2.629699764707018e-12,1.8308793115509046e-13
237.35,-2.6307814247061476e-12,1.904496530934093e-13
237.36,-2.6318825330345007e-12,1.97789540561354e-13
237.37,-2.6330030634619383e-12,2.0510715291237419e-13
237.38,-2.634142729114384e-12,2.1240234704106247e-13
237.39,-2.6353013814561114e-12,2.1967508463619272e-13
237.4,-2.6364789499415383e-12,2.269247854862896e-13
237.41,-2.637675375002147e-12,2.3415144265901364e-13
237.42,-2.6388903827314117e-12,2.413547715864036e-13
237.43,-2.6401240589028417e-12,2.4853446037478313e-13
237.44,-2.64137645780949e-12,2.5569028597500606e-13
237.45,-2.6426469414474167e-12,2.628221026572973e-13
237.46,-2.6439357621118856e-12,2.6992964457629763e-13
237.47,-2.6452426515997035e-12,2.770126690039942e-13
237.48,-2.646567413091398e-12,2.8407100282573015e-13
237.49,-2.6479105853158455e-12,2.911040393534481e-13
237.5,-2.6492711727792838e-12,2.9811210071677566e-13
237.51,-2.6506495666540525e-12,3.050946241004172e-13
237.52,-2.6520453610930744e-12,3.1205165230949404e-13
237.53,-2.6534586278780654e-12,3.189826801762355e-13
237.54,-2.6548895277851744e-12,3.258876008740726e-13
237.55,-2.6563370814192644e-12,3.327662235853631e-13
237.56,-2.657801827978699e-12,3.396182715444385e-13
237.57,-2.6592837251873367e-12,3.464435250751469e-13
237.58,-2.660782174699107e-12,3.532418734030448e-13
237.59,-2.6622974472372214e-12,3.600130056589867e-13
237.6,-2.6638283621078496e-12,3.6675701961311646e-13
237.61,-2.665377441813989e-12,3.734727521916024e-13
237.62,-2.6669422667884214e-12,3.801609252121618e-13
237.63,-2.6685228900153376e-12,3.8682118830633216e-13
237.64,-2.6701198545012615e-12,3.9345317781058445e-13
237.65,-2.671732609811596e-12,4.0005660466852435e-13
237.66,-2.673361299534695e-12,4.0663141298441276e-13
237.67,-2.6750052394839325e-12,4.1317743396691384e-13
237.68,-2.676665548040166e-12,4.1969428383315656e-13
237.69,-2.6783405528810216e-12,4.261820252320303e-13
237.7,-2.6800313939410166e-12,4.3264008457359167e-13
237.71,-2.6817370461044573e-12,4.390687226142495e-13
237.72,-2.683457974533045e-12,4.454673247605144e-13
237.73,-2.68519413455762e-12,4.51836070593102e-13
237.74,-2.6869441767348415e-12,4.5817433887005e-13
237.75,-2.688709259304826e-12,4.644823829022353e-13
237.76,-2.690489084231444e-12,4.707597243983691e-13
237.77,-2.692283282100248e-12,4.770063883847424e-13
237.78,-2.6940908545891463e-12,4.832216116369926e-13
237.79,-2.695913934770668e-12,4.894061156541259e-13
237.8,-2.697750236174235e-12,4.95559340653917e-13
237.81,-2.6996006565933447e-12,5.016806339560994e-13
237.82,-2.7014663590740365e-12,5.07770296657945e-13
237.83,-2.703342213182223e-12,5.138283790758875e-13
237.84,-2.7052332409443922e-12,5.198541464995472e-13
237.85,-2.707137472300392e-12,5.258478031039213e-13
237.86,-2.7090549811359936e-12,5.318089375764085e-13
237.87,-2.7109857627748808e-12,5.377375137825196e-13
237.88,-2.7129289795253824e-12,5.436333025129138e-13
237.89,-2.7148853295873555e-12,5.494961874382446e-13
237.9,-2.716854296117076e-12,5.55325924702932e-13
237.91,-2.7188353765823354e-12,5.611224408097509e-13
237.92,-2.7208291907074956e-12,5.668856246824508e-13
237.93,-2.722835231899719e-12,5.726151102725627e-13
237.94,-2.7248531371600044e-12,5.783108936367411e-13
237.95,-2.726883054025397e-12,5.839728207613618e-13
237.96,-2.7289246655517774e-12,5.896006780700059e-13
237.97,-2.7309783023185186e-12,5.951941841887578e-13
237.98,-2.733043117021685e-12,6.00753488201425e-13
237.99,-2.735119397900226e-12,6.062781995303237e-13
238.0,-2.737206603653715e-12,6.11768394102561e-13
238.01,-2.7393055919468893e-12,6.172235300584696e-13
238.02,-2.7414151794490934e-12,6.226438181114393e-13
238.03,-2.7435356124449777e-12,6.280290280827899e-13
238.04,-2.7456667533680554e-12,6.333789032067026e-13
238.05,-2.7478082703637237e-12,6.386934848811447e-13
238.06,-2.7499602426078272e-12,6.439724258535581e-13
238.07,-2.7521225466605326e-12,6.492156204594758e-13
238.08,-2.7542948688417473e-12,6.544232403351603e-13
238.09,-2.7564779871258486e-12,6.595948627425993e-13
238.1,-2.758669270650747e-12,6.647303009425586e-13
238.11,-2.760871013764209e-12,6.698295839911722e-13
238.12,-2.763082475991638e-12,6.748924656520907e-13
238.13,-2.765303117150332e-12,6.799189757142791e-13
238.14,-2.7675332351686677e-12,6.849088263323361e-13
238.15,-2.769772190768202e-12,6.898619925170816e-13
238.16,-2.7720202492365877e-12,6.947783178041478e-13
238.17,-2.7742771198852395e-12,6.996575897311984e-13
238.18,-2.776542736311273e-12,7.044998312491535e-13
238.19,-2.77881656161109e-12,7.093049218784896e-13
238.2,-2.7810989772022607e-12,7.140726372324221e-13
238.21,-2.7833903398301186e-12,7.188027564867154e-13
238.22,-2.7856883274272673e-12,7.234956255981115e-13
238.23,-2.78799510236143e-12,7.281507063541521e-13
238.24,-2.790309819134333e-12,7.327678208961951e-13
238.25,-2.792631755489685e-12,7.373474406173426e-13
238.26,-2.79496142158345e-12,7.41888814396994e-13
238.27,-2.797298804173498e-12,7.463918538284504e-13
238.28,-2.799642454667499e-12,7.508573252701866e-13
238.29,-2.8019939529242876e-12,7.552842222480828e-13
238.3,-2.8043520499375594e-12,7.596725804455134e-13
238.31,-2.8067172271293014e-12,7.640225479079457e-13
238.32,-2.8090888319650706e-12,7.683339523237574e-13
238.33,-2.811466581010399e-12,7.72606792576492e-13
238.34,-2.81385121987195e-12,7.768405666304201e-13
238.35,-2.8162419747127624e-12,7.810355364788132e-13
238.36,-2.8186387392790174e-12,7.851918841355527e-13
238.37,-2.8210413778653862e-12,7.893087044464029e-13
238.38,-2.823449645559447e-12,7.933866311449331e-13
238.39,-2.825863742460527e-12,7.97425341748875e-13
238.4,-2.8282830554576927e-12,8.014246903411778e-13
238.41,-2.8307078837336315e-12,8.053846959539828e-13
238.42,-2.83313757359848e-12,8.093052772116134e-13
238.43,-2.835572692029775e-12,8.131862362504413e-13
238.44,-2.838012542733416e-12,8.170276241789717e-13
238.45,-2.8404571034170037e-12,8.208293823905751e-13
238.46,-2.84290612887281e-12,8.245912944510299e-13
238.47,-2.8453598125731382e-12,8.283133594205052e-13
238.48,-2.8478177318347634e-12,8.319955488817633e-13
238.49,-2.8502796172452153e-12,8.356379060771691e-13
238.5,-2.852745641056395e-12,8.392401008104222e-13
238.51,-2.8552156329839496e-12,8.428020560237011e-13
238.52,-2.857689077685983e-12,8.463241543963389e-13
238.53,-2.860166248642075e-12,8.498058681656222e-13
238.54,-2.862647221284041e-12,8.532474227919389e-13
238.55,-2.865130694578379e-12,8.56648441776278e-13
238.56,-2.8676176231061224e-12,8.600091766062202e-13
238.57,-2.8701074857311324e-12,8.633295245883076e-13
238.58,-2.8726002803508733e-12,8.666092221968226e-13
238.59,-2.8750957975719294e-12,8.698484655374081e-13
238.6,-2.877593703764576e-12,8.73047072895628e-13
238.61,-2.8800940568615173e-12,8.762051779651467e-13
238.62,-2.882596751888526e-12,8.793224069315303e-13
238.63,-2.8851011984734206e-12,8.823986684322468e-13
238.64,-2.8876082216553782e-12,8.854348023508492e-13
238.65,-2.8901166455935373e-12,8.884297915888655e-13
238.66,-2.8926266792999305e-12,8.913839875245319e-13
238.67,-2.8951386000012587e-12,8.942971925802817e-13
238.68,-2.897651650209607e-12,8.971694752878813e-13
238.69,-2.900166019507544e-12,9.000008225339913e-13
238.7,-2.90268153755306e-12,9.027912096826677e-13
238.71,-2.905198111065943e-12,9.055405089281535e-13
238.72,-2.9077162002781236e-12,9.082485835404003e-13
238.73,-2.910232986729221e-12,9.109160859207307e-13
238.74,-2.9127512421416876e-12,9.135422864525624e-13
238.75,-2.9152701303465465e-12,9.161272560870558e-13
238.76,-2.9177892163729176e-12,9.18671090775518e-13
238.77,-2.920308283329921e-12,9.211737608463003e-13
238.78,-2.9228273733355632e-12,9.236352569002706e-13
238.79,-2.925346269562258e-12,9.260556068267071e-13
238.8,-2.9278647609177755e-12,9.28434703890237e-13
238.81,-2.930382838910397e-12,9.307724020198933e-13
238.82,-2.932900254910951e-12,9.33069164074243e-13
238.83,-2.9354168540572577e-12,9.353245146272966e-13
238.84,-2.937932801411135e-12,9.37538578648199e-13
238.85,-2.9404476307399055e-12,9.397114025323194e-13
238.86,-2.94296105340485e-12,9.418430191430936e-13
238.87,-2.9454734536716426e-12,9.439332621904077e-13
238.88,-2.9479841892142294e-12,9.459822600154185e-13
238.89,-2.9504934934714018e-12,9.479899252590298e-13
238.9,-2.953001070494201e-12,9.499564147039006e-13
238.91,-2.9555066692371457e-12,9.518815272501266e-13
238.92,-2.9580102043992595e-12,9.53765456701744e-13
238.93,-2.96051163412714e-12,9.556080652883153e-13
238.94,-2.9630106392604107e-12,9.57409521323805e-13
238.95,-2.9655074481415458e-12,9.591695417792012e-13
238.96,-2.968001616790976e-12,9.60888433563514e-13
238.97,-2.970493221632719e-12,9.625660222872387e-13
238.98,-2.9729819301124015e-12,9.642025067662919e-13
238.99,-2.975467374362067e-12,9.657981905159174e-13
239.0,-2.97795000205795e-12,9.673518727494491e-13
239.01,-2.98042943025755e-12,9.68864689271963e-13
239.02,-2.982905285209822e-12,9.703365392108748e-13
239.03,-2.9853778256988423e-12,9.717672489391272e-13
239.04,-2.987846557054085e-12,9.73156664520422e-13
239.05,-2.990311476232361e-12,9.745052147949481e-13
239.06,-2.9927725044994782e-12,9.75812677278287e-13
239.07,-2.995229637190725e-12,9.770791166702076e-13
239.08,-2.99768114613087e-12,9.783054388434317e-13
239.09,-3.0001308579297647e-12,9.794890912526718e-13
239.1,-3.002574977564566e-12,9.806326317909664e-13
239.11,-3.0050145988857758e-12,9.817353110502268e-13
239.12,-3.007449383839129e-12,9.827973929208305e-13
239.13,-3.009879387250005e-12,9.838182968607599e-13
239.14,-3.0123045623266614e-12,9.847986332868434e-13
239.15,-3.0147242771118207e-12,9.857380079726756e-13
239.16,-3.0171389813323386e-12,9.866369224268848e-13
239.17,-3.0195479891372033e-12,9.874950910639408e-13
239.18,-3.0219520460022676e-12,9.883126886598165e-13
239.19,-3.0243502641341958e-12,9.8908976550224e-13
239.2,-3.026742758936389e-12,9.898263173165458e-13
239.21,-3.0291293995420833e-12,9.905222833977549e-13
239.22,-3.031509949294089e-12,9.911780928927145e-13
239.23,-3.0338844087428743e-12,9.917934599048946e-13
239.24,-3.036252533298451e-12,9.92368497179525e-13
239.25,-3.038614353660277e-12,9.929033452304968e-13
239.26,-3.0409695829825796e-12,9.933979963398702e-13
239.27,-3.0433185159982025e-12,9.938524542793578e-13
239.28,-3.0456604556831125e-12,9.94266844267438e-13
239.29,-3.0479953852574545e-12,9.946413443395165e-13
239.3,-3.050323518759228e-12,9.949756597759434e-13
239.31,-3.0526447838724767e-12,9.952703307062681e-13
239.32,-3.0549583616646494e-12,9.955252430731944e-13
239.33,-3.0572649580735864e-12,9.957402183896438e-13
239.34,-3.0595635269566577e-12,9.959156224676463e-13
239.35,-3.0618551740211494e-12,9.96051453148559e-13
239.36,-3.0641384795489298e-12,9.961477193874681e-13
239.37,-3.0664142874744476e-12,9.962044216658747e-13
239.38,-3.0686820955544808e-12,9.962219247014028e-13
239.39,-3.0709417789748586e-12,9.961999597952817e-13
239.4,-3.073193323257769e-12,9.961388550748465e-13
239.41,-3.0754365727635824e-12,9.960385784736715e-13
239.42,-3.0776712996851323e-12,9.95899234142575e-13
239.43,-3.079897727473582e-12,9.957209020074622e-13
239.44,-3.0821151760304112e-12,9.95503643927745e-13
239.45,-3.084323880833744e-12,9.952475958020946e-13
239.46,-3.0865237277507118e-12,9.949528263121077e-13
239.47,-3.0887143411888363e-12,9.946194117091022e-13
239.48,-3.0908964744667283e-12,9.942472695174315e-13
239.49,-3.093069150540746e-12,9.93836815485102e-13
239.5,-3.095232270267789e-12,9.933879530817156e-13
239.51,-3.097385886072961e-12,9.929007859619152e-13
239.52,-3.0995303414534007e-12,9.923754393410016e-13
239.53,-3.1016648397573758e-12,9.918119523727324e-13
239.54,-3.103789644392158e-12,9.912104824817233e-13
239.55,-3.105904523868688e-12,9.905711220842882e-13
239.56,-3.1080092734508767e-12,9.898939439213877e-13
239.57,-3.110103944784003e-12,9.89179104752414e-13
239.58,-3.1121886668895607e-12,9.884266142286812e-13
239.59,-3.1142629492213857e-12,9.876366049959226e-13
239.6,-3.1163266152719553e-12,9.86809175735537e-13
239.61,-3.1183797486642056e-12,9.859445286719282e-13
239.62,-3.1204227409304655e-12,9.850426021188895e-13
239.63,-3.1224544403024997e-12,9.841037085883547e-13
239.64,-3.1244756489490157e-12,9.83127789055857e-13
239.65,-3.1264855118425935e-12,9.821150693026819e-13
239.66,-3.128484470027037e-12,9.810655834546826e-13
239.67,-3.1304726466891147e-12,9.799793365725353e-13
239.68,-3.1324494144506257e-12,9.788566009451722e-13
239.69,-3.1344146594701837e-12,9.776975387578329e-13
239.7,-3.136367094167498e-12,9.765025522095387e-13
239.71,-3.1383108613806763e-12,9.752706442377826e-13
239.72,-3.1402416155921805e-12,9.740030308232867e-13
239.73,-3.142160671299113e-12,9.726994718507408e-13
239.74,-3.1440677764322033e-12,9.713601468114717e-13
239.75,-3.1459621400683127e-12,9.699851889288271e-13
239.76,-3.147845888216544e-12,9.685745387219663e-13
239.77,-3.1497169927688666e-12,9.671285593365682e-13
239.78,-3.15157578598061e-12,9.656471028357447e-13
239.79,-3.1534220855631337e-12,9.641312757481414e-13
239.8,-3.155256401106471e-12,9.625790034826418e-13
239.81,-3.1570779211715203e-12,9.60992510310359e-13
239.82,-3.158886837907398e-12,9.593711530427048e-13
239.83,-3.160683056660569e-12,9.5771519028233e-13
239.84,-3.162467025324733e-12,9.560246148013292e-13
239.85,-3.1642375577124313e-12,9.542997701779148e-13
239.86,-3.1659953041476364e-12,9.525405956176703e-13
239.87,-3.1677401746339977e-12,9.50747213956382e-13
239.88,-3.1694712546949517e-12,9.489200248029288e-13
239.89,-3.1711901650429596e-12,9.470587584588456e-13
239.9,-3.172895452917056e-12,9.451638292738732e-13
239.91,-3.1745870259183187e-12,9.43235435676359e-13
239.92,-3.17626560940299e-12,9.412735384067746e-13
239.93,-3.1779301197864967e-12,9.392783646094552e-13
239.94,-3.1795812219752973e-12,9.372500370529223e-13
239.95,-3.1812186310452343e-12,9.351887280595426e-13
239.96,-3.182842250769527e-12,9.33094580261555e-13
239.97,-3.1844525146560564e-12,9.30967593031057e-13
239.98,-3.1860479991355278e-12,9.28808204173274e-13
239.99,-3.1876297584814815e-12,9.266162897385226e-13
240.0,-3.189197572496546e-12,9.243921753102724e-13
240.01,-3.1907509474370245e-12,9.22135876139579e-13
240.02,-3.1922901927329304e-12,9.198475643278227e-13
240.03,-3.193815238940186e-12,9.17527633829448e-13
240.04,-3.195326422393534e-12,9.151760521179454e-13
240.05,-3.1968218656751998e-12,9.127927504808617e-13
240.06,-3.198302653491055e-12,9.103780478947154e-13
240.07,-3.199770225526983e-12,9.079324820347924e-13
240.08,-3.2012225705716177e-12,9.05455646540484e-13
240.09,-3.202659883054264e-12,9.029480482566812e-13
240.1,-3.2040824771502274e-12,9.004096921249373e-13
240.11,-3.2054903511350995e-12,8.978407946314998e-13
240.12,-3.20688303291889e-12,8.952414459320373e-13
240.13,-3.2082605042028386e-12,8.926119131641212e-13
240.14,-3.209623156779509e-12,8.899522362212786e-13
240.15,-3.2109710325544416e-12,8.872626055428339e-13
240.16,-3.2123026218100614e-12,8.845433993127194e-13
240.17,-3.2136195394943603e-12,8.817945113452902e-13
240.18,-3.2149211374715948e-12,8.790159469535734e-13
240.19,-3.2162070564309767e-12,8.7620871994168e-13
240.2,-3.21747733089554e-12,8.733721848220827e-13
240.21,-3.2187323380399875e-12,8.705066319529088e-13
240.22,-3.2199716551423216e-12,8.676123514065886e-13
240.23,-3.2211952752346723e-12,8.646895138069083e-13
240.24,-3.222403201050921e-12,8.617382770054359e-13
240.25,-3.2235952991689168e-12,8.587588012358604e-13
240.26,-3.2247715406069828e-12,8.557512515315014e-13
240.27,-3.225932284502086e-12,8.527157804130646e-13
240.28,-3.2270762855089495e-12,8.496527156184352e-13
240.29,-3.228204726405888e-12,8.465620913271923e-13
240.3,-3.2293170892666548e-12,8.434439337597102e-13
240.31,-3.2304132086080853e-12,8.402987521802573e-13
240.32,-3.2314928844921092e-12,8.371266369125377e-13
240.33,-3.232556581686154e-12,8.33927577902682e-13
240.34,-3.2336040850714884e-12,8.307018784311062e-13
240.35,-3.2346352110531925e-12,8.274496677597187e-13
240.36,-3.235649990331783e-12,8.241712391336002e-13
240.37,-3.2366482203147546e-12,8.208666198225709e-13
240.38,-3.2376300138469633e-12,8.175361564542033e-13
240.39,-3.238595024070694e-12,8.141798762297713e-13
240.4,-3.2395437237024213e-12,8.107980335970442e-13
240.41,-3.2404755751012995e-12,8.073909059977856e-13
240.42,-3.2413914086053047e-12,8.039583628161242e-13
240.43,-3.242289742585062e-12,8.005011010200442e-13
240.44,-3.2431717007880547e-12,7.970188151181567e-13
240.45,-3.2440369276279316e-12,7.935118106154685e-13
240.46,-3.2448850018251702e-12,7.899804985512252e-13
240.47,-3.245716458018988e-12,7.864248236053582e-13
240.48,-3.2465302753412282e-12,7.828452297765797e-13
240.49,-3.2473283252508925e-12,7.792414901128093e-13
240.5,-3.2481088839191183e-12,7.756141340999478e-13
240.51,-3.248872236238421e-12,7.719633234512694e-13
240.52,-3.249618630361004e-12,7.682891447071025e-13
240.53,-3.250347853522407e-12,7.64591820732747e-13
240.54,-3.2510599756339326e-12,7.608716156953757e-13
240.55,-3.251754792651606e-12,7.571285192887514e-13
240.56,-3.2524325109864194e-12,7.533630017335299e-13
240.57,-3.2530929440280956e-12,7.495752665764122e-13
240.58,-3.2537363258097122e-12,7.457648112750044e-13
240.59,-3.2543622545744756e-12,7.419326589681716e-13
240.6,-3.254970506675516e-12,7.380787690331942e-13
240.61,-3.2555619282348273e-12,7.342032327759093e-13
240.62,-3.256135834004792e-12,7.303062640027777e-13
240.63,-3.2566922932883676e-12,7.263881392445459e-13
240.64,-3.257231230263523e-12,7.224489505600804e-13
240.65,-3.257752514277237e-12,7.184890264318232e-13
240.66,-3.2582564137345063e-12,7.145083703885581e-13
240.67,-3.258743054724489e-12,7.105073408515936e-13
240.68,-3.259211785666337e-12,7.06486159408522e-13
240.69,-3.2596640530259638e-12,7.024447104463619e-13
240.7,-3.2600968045831606e-12,6.98383774490329e-13
240.71,-3.2605120998896035e-12,6.943031153882504e-13
240.72,-3.2609115020759912e-12,6.90202871546591e-13
240.73,-3.26129232659841e-12,6.860834616845495e-13
240.74,-3.2616555142312077e-12,6.819450060900872e-13
240.75,-3.262000881433793e-12,6.777877516844592e-13
240.76,-3.26232867397106e-12,6.736118577010242e-13
240.77,-3.2626387134080234e-12,6.694175236616133e-13
240.78,-3.2629307796688067e-12,6.652049994140499e-13
240.79,-3.2632054083060864e-12,6.60974360317571e-13
240.8,-3.2634623348680426e-12,6.567259252766371e-13
240.81,-3.263701415917099e-12,6.52459874103868e-13
240.82,-3.263922415439811e-12,6.481764492596454e-13
240.83,-3.264125991808406e-12,6.438757264606833e-13
240.84,-3.2643115025124245e-12,6.395580272572362e-13
240.85,-3.2644792531649835e-12,6.352234752651085e-13
240.86,-3.2646293097110446e-12,6.308723948488798e-13
240.87,-3.264761644119162e-12,6.26504747192233e-13
240.88,-3.2648758115554225e-12,6.22121099853895e-13
240.89,-3.264972170572902e-12,6.177213434803543e-13
240.9,-3.2650507408884684e-12,6.133058147601315e-13
240.91,-3.2651115501709866e-12,6.088746771569068e-13
240.92,-3.2651541511760804e-12,6.044282295634356e-13
240.93,-3.265179192042449e-12,5.999664968010608e-13
240.94,-3.2651863880634228e-12,5.954898637358029e-13
240.95,-3.2651754955403303e-12,5.909984611466173e-13
240.96,-3.2651464277243396e-12,5.86492264909101e-13
240.97,-3.2651004265719446e-12,5.819721203333598e-13
240.98,-3.265036211070151e-12,5.774375601000673e-13
240.99,-3.264953742472148e-12,5.728891595344261e-13
241.0,-3.264854239069577e-12,5.683268129369164e-13
241.01,-3.2647354690322997e-12,5.637513009809303e-13
241.02,-3.264599729255161e-12,5.591622729255647e-13
241.03,-3.2644459453292212e-12,5.545601291878599e-13
241.04,-3.264274564546213e-12,5.499449812237382e-13
241.05,-3.2640852362255927e-12,5.453166272051488e-13
241.06,-3.2638777998462373e-12,5.406769597306902e-13
241.07,-3.2636527706261603e-12,5.360244278173416e-13
241.08,-3.2634098945809408e-12,5.313597554359003e-13
241.09,-3.263149400633294e-12,5.266831514637606e-13
241.1,-3.262870676724632e-12,5.219949949155018e-13
241.11,-3.2625748493698587e-12,5.172953288837179e-13
241.12,-3.262260392460347e-12,5.125844730086637e-13
241.13,-3.26192859662129e-12,5.07862576334372e-13
241.14,-3.2615795057364107e-12,5.031296500777283e-13
241.15,-3.261211671491595e-12,4.98386386864942e-13
241.16,-3.2608266502978994e-12,4.936324927155001e-13
241.17,-3.2604239074966246e-12,4.888685118447457e-13
241.18,-3.260003336075065e-12,4.840944301406391e-13
241.19,-3.259565227448864e-12,4.793105625794164e-13
241.2,-3.259109694722768e-12,4.745170528269599e-13
241.21,-3.258636286990783e-12,4.697142114116188e-13
241.22,-3.258145194276588e-12,4.649022166212816e-13
241.23,-3.257636721323126e-12,4.600811936861434e-13
241.24,-3.257110763582787e-12,4.552513803834311e-13
241.25,-3.256566838187948e-12,4.5041312570783727e-13
241.26,-3.25600560197125e-12,4.455664548875366e-13
241.27,-3.255426828765139e-12,4.4071165032672856e-13
241.28,-3.254830873551474e-12,4.3584870425797724e-13
241.29,-3.2542168533498606e-12,4.309784651548344e-13
241.3,-3.2535858075522253e-12,4.2610047777035403e-13
241.31,-3.252937360097459e-12,4.212151281824417e-13
241.32,-3.252271402535336e-12,4.1632278970871045e-13
241.33,-3.251588230029043e-12,4.1142344814422625e-13
241.34,-3.250887624455124e-12,4.065174346068346e-13
241.35,-3.2501697984232544e-12,4.016049296233759e-13
241.36,-3.2494346749271347e-12,3.9668616503479644e-13
241.37,-3.248682597087567e-12,3.917611859625836e-13
241.38,-3.247912936114079e-12,3.868305389022647e-13
241.39,-3.2471261736549005e-12,3.818941299016688e-13
241.4,-3.2463224646149115e-12,3.769522896276341e-13
241.41,-3.2455013753444196e-12,3.7200516417011924e-13
241.42,-3.2446633764249264e-12,3.6705295531189987e-13
241.43,-3.243808522273894e-12,3.620959950448819e-13
241.44,-3.2429362782532393e-12,3.5713436029775416e-13
241.45,-3.24204764094895e-12,3.521681496354382e-13
241.46,-3.241141410316261e-12,3.4719799726818315e-13
241.47,-3.240218656968109e-12,3.4222360514301433e-13
241.48,-3.2392789160449965e-12,3.372454309756353e-13
241.49,-3.2383224439129096e-12,3.322636520863353e-13
241.5,-3.2373493307938724e-12,3.27278463931096e-13
241.51,-3.236359521735433e-12,3.2228999893898873e-13
241.52,-3.2353529660286867e-12,3.172985291408174e-13
241.53,-3.2343296335290627e-12,3.1230431111258457e-13
241.54,-3.233289482847557e-12,3.073075532140878e-13
241.55,-3.2322333679731308e-12,3.023082174367207e-13
241.56,-3.2311605920676066e-12,2.973067128955618e-13
241.57,-3.2300710686587458e-12,2.923032733683126e-13
241.58,-3.2289655272620594e-12,2.8729803233440225e-13
241.59,-3.2278431986957405e-12,2.8229114086109873e-13
241.6,-3.226704670188003e-12,2.772828373920345e-13
241.61,-3.2255501053490137e-12,2.7227331505713133e-13
241.62,-3.2243789409254816e-12,2.672628283715805e-13
241.63,-3.223191187673326e-12,2.6225183497100844e-13
241.64,-3.221988414503428e-12,2.572396655282255e-13
241.65,-3.2207688033246917e-12,2.5222745404568955e-13
241.66,-3.2195335763998583e-12,2.472149446458079e-13
241.67,-3.218279638850379e-12,2.4220215896410985e-13
241.68,-3.2170148124892994e-12,2.3719004414674347e-13
241.69,-3.2157316011541607e-12,2.321780441260322e-13
241.7,-3.214432497848075e-12,2.2716669477850364e-13
241.71,-3.2131175874934736e-12,2.2215611916236758e-13
241.72,-3.211786812036343e-12,2.1714659943843337e-13
241.73,-3.2104408732252572e-12,2.1213795806307862e-13
241.74,-3.209079061264405e-12,2.071309574605759e-13
241.75,-3.207701759125291e-12,2.0212540391163113e-13
241.76,-3.206308192474593e-12,1.9712201030488704e-13
241.77,-3.204900677999284e-12,1.921196673195743e-13
241.78,-3.203476801431718e-12,1.8712004625420336e-13
241.79,-3.2020380166097084e-12,1.8212271331561554e-13
241.8,-3.200583736964585e-12,1.7712774842050338e-13
241.81,-3.199114358334173e-12,1.7213559868825235e-13
241.82,-3.1976296362569497e-12,1.6714635859299246e-13
241.83,-3.196130027748459e-12,1.6216025837371855e-13
241.84,-3.1946155429001236e-12,1.5717724972360399e-13
241.85,-3.193086136512846e-12,1.5219787284096617e-13
241.86,-3.191541487281329e-12,1.4722222026616478e-13
241.87,-3.189982155226834e-12,1.422502391566955e-13
241.88,-3.188408088931215e-12,1.3728243975900866e-13
241.89,-3.186819264970136e-12,1.3231880788268545e-13
241.9,-3.185215860572575e-12,1.2735956052832232e-13
241.91,-3.1835977838891165e-12,1.224050373311477e-13
241.92,-3.1819653486449616e-12,1.1745522092545513e-13
241.93,-3.18031844809806e-12,1.1251034910552718e-13
241.94,-3.1786573199344968e-12,1.0757068871653141e-13
241.95,-3.176981602878692e-12,1.0263628119799636e-13
241.96,-3.1752917893863257e-12,9.770741756919088e-14
241.97,-3.1735877461106625e-12,9.278434054005261e-14
241.98,-3.1718697551004774e-12,8.786708016275327e-14
241.99,-3.170137683442822e-12,8.295590842164213e-14
242.0,-3.1683915996428055e-12,7.80509671287939e-14
242.01,-3.1666317262970253e-12,7.315249409866843e-14
242.02,-3.164858008578714e-12,6.826056711600105e-14
242.03,-3.1630713193270808e-12,6.337558879735806e-14
242.04,-3.1612693540871046e-12,5.849741662124885e-14
242.05,-3.15945468238437e-12,5.3626405771804147e-14
242.06,-3.1576264765986575e-12,4.8762851420026695e-14
242.07,-3.1557846011518283e-12,4.390671355130728e-14
242.08,-3.153929709276988e-12,3.905821926729135e-14
242.09,-3.152061630620253e-12,3.421752758153057e-14
242.1,-3.1501799483073843e-12,2.938505248771523e-14
242.11,-3.14828522942692e-12,2.4560663158940174e-14
242.12,-3.1463782351079015e-12,1.974421352596524e-14
242.13,-3.144456739390461e-12,1.4937240334592414e-14
242.14,-3.142523081655914e-12,1.0138502824657185e-14
242.15,-3.1405767081864127e-12,5.348573241188703e-15
242.16,-3.1386173100901513e-12,5.679120614309958e-16
242.17,-3.1366453984590285e-12,-4.2036197900097624e-15
242.18,-3.1346611961400358e-12,-8.965771246964993e-15
242.19,-3.1326639419054908e-12,-1.3718328371418976e-14
242.2,-3.1306545413077248e-12,-1.8461100424843775e-14
242.21,-3.1286326807001098e-12,-2.3193837339773146e-14
242.22,-3.126598764031118e-12,-2.7916869917048e-14
242.23,-3.1245523265839226e-12,-3.262943179072662e-14
242.24,-3.1224941577982504e-12,-3.733168299211542e-14
242.25,-3.1204236037026597e-12,-4.2023212416706146e-14
242.26,-3.118341179864311e-12,-4.670404973745991e-14
242.27,-3.116246850708854e-12,-5.137401768593202e-14
242.28,-3.114141010227521e-12,-5.603301137730288e-14
242.29,-3.112023444632621e-12,-6.068072295672067e-14
242.3,-3.109893987098822e-12,-6.531696538780594e-14
242.31,-3.1077531495135703e-12,-6.99417858874339e-14
242.32,-3.1056008920020853e-12,-7.455488669022708e-14
242.33,-3.103437410690828e-12,-7.915610787725959e-14
242.34,-3.101262453759477e-12,-8.374536686254803e-14
242.35,-3.099076445295117e-12,-8.832240227146627e-14
242.36,-3.096879125484065e-12,-9.288696096713414e-14
242.37,-3.0946710264994026e-12,-9.743928557619391e-14
242.38,-3.0924518828454196e-12,-1.0197877892764254e-13
242.39,-3.0902217574157747e-12,-1.0650545110937672e-13
242.4,-3.0879811357940694e-12,-1.1101954729459184e-13
242.41,-3.0857299226530923e-12,-1.1552021192100938e-13
242.42,-3.0834679404745136e-12,-1.2000778461113307e-13
242.43,-3.0811957258286154e-12,-1.2448186532130923e-13
242.44,-3.0789130231947983e-12,-1.2894244787199553e-13
242.45,-3.076619889949181e-12,-1.3338922977130985e-13
242.46,-3.0743165901859635e-12,-1.3782231160970315e-13
242.47,-3.0720033288045717e-12,-1.4224138556587432e-13
242.48,-3.0696805333087685e-12,-1.4664666837438165e-13
242.49,-3.067346567669948e-12,-1.5103694359357672e-13
242.5,-3.0650033316462446e-12,-1.5541309839779862e-13
242.51,-3.0626506343518863e-12,-1.5977490540985984e-13
242.52,-3.0602878827952245e-12,-1.6412168965220602e-13
242.53,-3.05791564465238e-12,-1.6845371923264295e-13
242.54,-3.0555349239769226e-12,-1.7277093939789144e-13
242.55,-3.0531429833064748e-12,-1.770727746568533e-13
242.56,-3.050742544525714e-12,-1.813593801772817e-13
242.57,-3.0483328546626404e-12,-1.8563065450187125e-13
242.58,-3.0459144426481056e-12,-1.8988631418291491e-13
242.59,-3.043487097878285e-12,-1.9412645189509948e-13
242.6,-3.041050188273896e-12,-1.983505485179048e-13
242.61,-3.0386051256696186e-12,-2.0255882665384669e-13
242.62,-3.0361509426672453e-12,-2.0675091557633347e-13
242.63,-3.0336883623043314e-12,-2.1092684589834015e-13
242.64,-3.031217073963912e-12,-2.1508655424538017e-13
242.65,-3.0287372788245184e-12,-2.1922953385901944e-13
242.66,-3.026249666552091e-12,-2.2335571263949958e-13
242.67,-3.0237531640609057e-12,-2.274657462328554e-13
242.68,-3.0212487981405723e-12,-2.3155866911319127e-13
242.69,-3.0187362426373627e-12,-2.3563434913105774e-13
242.7,-3.016215847161519e-12,-2.3969319189172213e-13
242.71,-3.013687699956496e-12,-2.437346278575278e-13
242.72,-3.0111516205406038e-12,-2.477587070543265e-13
242.73,-3.008607918891942e-12,-2.51765314924192e-13
242.74,-3.0060567183178403e-12,-2.5575436034124453e-13
242.75,-3.0034979113196212e-12,-2.5972555889913846e-13
242.76,-3.0009319017170405e-12,-2.6367888385884516e-13
242.77,-2.998358400237166e-12,-2.676142199827056e-13
242.78,-2.9957778769511353e-12,-2.7153150833031513e-13
242.79,-2.9931905004580084e-12,-2.7543060432289133e-13
242.8,-2.990595845421316e-12,-2.7931131796282345e-13
242.81,-2.9879944665451537e-12,-2.831735245350742e-13
242.82,-2.9853860998409937e-12,-2.8701718728542495e-13
242.83,-2.982771314832756e-12,-2.9084221547349844e-13
242.84,-2.9801496980010658e-12,-2.946484056636158e-13
242.85,-2.9775218344366035e-12,-2.984356657330106e-13
242.86,-2.974887591932939e-12,-3.0220392445332465e-13
242.87,-2.97224700173023e-12,-3.0595311282816e-13
242.88,-2.9696004252908982e-12,-3.096830421358712e-13
242.89,-2.966947334139627e-12,-3.1339352084945917e-13
242.9,-2.964288399435627e-12,-3.170845371984912e-13
242.91,-2.961623780913102e-12,-3.2075606669908856e-13
242.92,-2.9589531634133086e-12,-3.244078965595331e-13
242.93,-2.9562784459199667e-12,-3.2804024325698564e-13
242.94,-2.953595449249411e-12,-3.316521408052391e-13
242.95,-2.9509082109556273e-12,-3.3524430511341234e-13
242.96,-2.9482155969424444e-12,-3.3881647994278953e-13
242.97,-2.9455172401126744e-12,-3.423686237502263e-13
242.98,-2.9428148983251136e-12,-3.4590000451300586e-13
242.99,-2.9401066162102117e-12,-3.4941135385777696e-13
243.0,-2.937393600976123e-12,-3.5290223407009526e-13
243.01,-2.9346756823177237e-12,-3.5637244821628434e-13
243.02,-2.9319535246063758e-12,-3.5982180551125007e-13
243.03,-2.929225567297626e-12,-3.6325081649299974e-13
243.04,-2.9264936844320805e-12,-3.666587845430618e-13
243.05,-2.923757305695013e-12,-3.700457690340547e-13
243.06,-2.9210168468609548e-12,-3.734118225038556e-13
243.07,-2.9182716424184943e-12,-3.7675656448275565e-13
243.08,-2.915522227033519e-12,-3.8008003816592195e-13
243.09,-2.9127693301821213e-12,-3.8338240442900636e-13
243.1,-2.910012178292435e-12,-3.866633620372862e-13
243.11,-2.9072513959855686e-12,-3.899228833506664e-13
243.12,-2.9044864310710548e-12,-3.931605340680977e-13
243.13,-2.901718141495383e-12,-3.9637680771869007e-13
243.14,-2.898946204878616e-12,-3.995713148263723e-13
243.15,-2.8961705459427062e-12,-4.027435970467507e-13
243.16,-2.8933923246105193e-12,-4.058946744744838e-13
243.17,-2.8906103242846917e-12,-4.090234662488994e-13
243.18,-2.887825322203911e-12,-4.121301079941064e-13
243.19,-2.885037276185724e-12,-4.152147726493515e-13
243.2,-2.8822463840320086e-12,-4.182771627736952e-13
243.21,-2.8794526977288853e-12,-4.2131728770772837e-13
243.22,-2.876655913969549e-12,-4.2433492241344377e-13
243.23,-2.8738566922092727e-12,-4.2733023261777257e-13
243.24,-2.8710549506219187e-12,-4.303030436266846e-13
243.25,-2.8682508845080624e-12,-4.3325321365750415e-13
243.26,-2.86544452761182e-12,-4.361807670572109e-13
243.27,-2.8626360227218644e-12,-4.390855489222846e-13
243.28,-2.8598253217597123e-12,-4.4196753571105736e-13
243.29,-2.8570123983610777e-12,-4.4482672316128737e-13
243.3,-2.854197837512889e-12,-4.476629523855075e-13
243.31,-2.8513813370744365e-12,-4.5047621367054114e-13
243.32,-2.8485632537364693e-12,-4.532664054660896e-13
243.33,-2.8457435956378118e-12,-4.560335008031138e-13
243.34,-2.8429223669738184e-12,-4.587773769947959e-13
243.35,-2.8400996377937915e-12,-4.614979970059277e-13
243.36,-2.8372758712988428e-12,-4.641953830723243e-13
243.37,-2.8344505140421448e-12,-4.668693097173841e-13
243.38,-2.8316245340281305e-12,-4.695199843403132e-13
243.39,-2.828797057785636e-12,-4.721469704186762e-13
243.4,-2.8259691102843852e-12,-4.747505644874149e-13
243.41,-2.8231401969278517e-12,-4.773304858139631e-13
243.42,-2.82031092019486e-12,-4.798869365187817e-13
243.43,-2.8174806439500275e-12,-4.824194552750719e-13
243.44,-2.8146497642523504e-12,-4.849283239494426e-13
243.45,-2.8118188061538903e-12,-4.874134121061614e-13
243.46,-2.808987672185401e-12,-4.898746741321649e-13
243.47,-2.806156109741815e-12,-4.923119467575425e-13
243.48,-2.8033244683466773e-12,-4.947252772378535e-13
243.49,-2.8004928918971273e-12,-4.971146471606674e-13
243.5,-2.797661512759595e-12,-4.994800218316731e-13
243.51,-2.7948302620496424e-12,-5.01821253931239e-13
243.52,-2.791999420617994e-12,-5.041384243076858e-13
243.53,-2.789168954591064e-12,-5.06431352283671e-13
243.54,-2.7863389636934635e-12,-5.087001065981232e-13
243.55,-2.7835095698952054e-12,-5.109445002436492e-13
243.56,-2.7806808698087335e-12,-5.131647877660588e-13
243.57,-2.7778531569444475e-12,-5.153606807987796e-13
243.58,-2.775026312293698e-12,-5.175322207464163e-13
243.59,-2.772200294468548e-12,-5.196792381755312e-13
243.6,-2.769374694726159e-12,-5.218016563431671e-13
243.61,-2.7665520108156285e-12,-5.239001572426457e-13
243.62,-2.7637297313027287e-12,-5.259737826456963e-13
243.63,-2.7609089097658546e-12,-5.280230899626157e-13
243.64,-2.7580891805122366e-12,-5.300486197564084e-13
243.65,-2.7552718500698145e-12,-5.32047464162552e-13
243.66,-2.752455701856837e-12,-5.340228035991553e-13
243.67,-2.7496414442207985e-12,-5.359734585511427e-13
243.68,-2.7468291808112066e-12,-5.378995508282172e-13
243.69,-2.7440187481315908e-12,-5.398006733582667e-13
243.7,-2.741210442360071e-12,-5.416773368810261e-13
243.71,-2.7384044105597787e-12,-5.435290908045063e-13
243.72,-2.735600578715378e-12,-5.453560943085927e-13
243.73,-2.732799326377601e-12,-5.47158405801378e-13
243.74,-2.730000058529966e-12,-5.489356782501301e-13
243.75,-2.7272036565835305e-12,-5.50688125434341e-13
243.76,-2.7244099580514345e-12,-5.524158283153317e-13
243.77,-2.7216189393694557e-12,-5.541186468484324e-13
243.78,-2.7188307357247586e-12,-5.557965049755811e-13
243.79,-2.7160456886234598e-12,-5.574495502684676e-13
243.8,-2.713263367052992e-12,-5.590774611430404e-13
243.81,-2.710484459130273e-12,-5.606806542484711e-13
243.82,-2.7077086503198758e-12,-5.622587651321423e-13
243.83,-2.704935990268764e-12,-5.638118106441373e-13
243.84,-2.7021668882613113e-12,-5.653399860303413e-13
243.85,-2.6994014125675477e-12,-5.668432549066779e-13
243.86,-2.696639429274077e-12,-5.683214720600906e-13
243.87,-2.6938810624810734e-12,-5.697746280251338e-13
243.88,-2.691126754334478e-12,-5.712028040756335e-13
243.89,-2.6883759198749323e-12,-5.726059463759838e-13
243.9,-2.6856293735982905e-12,-5.739841658519816e-13
243.91,-2.6828865839239764e-12,-5.753373204238478e-13
243.92,-2.6801483720950494e-12,-5.766653318507023e-13
243.93,-2.6774140663482247e-12,-5.779683662381962e-13
243.94,-2.674684112771883e-12,-5.792463911748568e-13
243.95,-2.671958849652744e-12,-5.804993821081371e-13
243.96,-2.6692379726262797e-12,-5.817273789874656e-13
243.97,-2.666521623444497e-12,-5.82930342211557e-13
243.98,-2.663809888225552e-12,-5.841081588931157e-13
243.99,-2.6611029307075847e-12,-5.852611242849481e-13
244.0,-2.6584015241953586e-12,-5.863892527602814e-13
244.01,-2.655703904407203e-12,-5.874919340375619e-13
244.02,-2.653011624173326e-12,-5.885697439379454e-13
244.03,-2.6503251167752637e-12,-5.896227076573198e-13
244.04,-2.6476434003401124e-12,-5.906505422847979e-13
244.05,-2.644967201874913e-12,-5.916535292719859e-13
244.06,-2.6422968062191808e-12,-5.926315865896044e-13
244.07,-2.639630473664615e-12,-5.935844492476751e-13
244.08,-2.6369706567879336e-12,-5.945125507587889e-13
244.09,-2.6343164620931915e-12,-5.954158299973779e-13
244.1,-2.6316678728115622e-12,-5.962940067399947e-13
244.11,-2.6290251969457295e-12,-5.971473564514809e-13
244.12,-2.6263882037467855e-12,-5.979757523037743e-13
244.13,-2.6237575097575197e-12,-5.987794440921249e-13
244.14,-2.62113259128927e-12,-5.995582062294657e-13
244.15,-2.6185138531323372e-12,-6.003122365052015e-13
244.16,-2.615901572395375e-12,-6.010413686031406e-13
244.17,-2.613295594383214e-12,-6.017458523899001e-13
244.18,-2.6106958992650515e-12,-6.024252583600083e-13
244.19,-2.608102756743687e-12,-6.030803873510148e-13
244.2,-2.605516191281568e-12,-6.037106122125376e-13
244.21,-2.602935859097888e-12,-6.043161071889457e-13
244.22,-2.6003627940508327e-12,-6.04896948610098e-13
244.23,-2.5977961474051335e-12,-6.054531920360093e-13
244.24,-2.5952368068762207e-12,-6.059848735753949e-13
244.25,-2.592684164390597e-12,-6.064919186239929e-13
244.26,-2.590138613610174e-12,-6.069744721021613e-13
244.27,-2.5876000175404897e-12,-6.074324597466792e-13
244.28,-2.5850689104458397e-12,-6.078660377896564e-13
244.29,-2.582544979067801e-12,-6.082751931006096e-13
244.3,-2.580028258304528e-12,-6.086598550285459e-13
244.31,-2.577519119785792e-12,-6.09020175877162e-13
244.32,-2.5750175475850154e-12,-6.093561386906961e-13
244.33,-2.57252333125569e-12,-6.096678483327714e-13
244.34,-2.5700370380295193e-12,-6.09955361622422e-13
244.35,-2.567558350403794e-12,-6.102185162944115e-13
244.36,-2.5650877150102365e-12,-6.104572929687125e-13
244.37,-2.56262422263029e-12,-6.106722095953302e-13
244.38,-2.5601693869989265e-12,-6.108629940580735e-13
244.39,-2.557722518712222e-12,-6.11029588446314e-13
244.4,-2.5552833594307353e-12,-6.111722357544878e-13
244.41,-2.5528527565729807e-12,-6.112908865259821e-13
244.42,-2.5504301922706004e-12,-6.11385552067896e-13
244.43,-2.548016100549486e-12,-6.114564102881513e-13
244.44,-2.5456101772176415e-12,-6.115033541585756e-13
244.45,-2.5432129525345635e-12,-6.115265001510319e-13
244.46,-2.540824248931677e-12,-6.115259409571634e-13
244.47,-2.538444055712399e-12,-6.115017555782306e-13
244.48,-2.536071995834253e-12,-6.114535594782091e-13
244.49,-2.5337097938913164e-12,-6.113821307992787e-13
244.5,-2.531355854587148e-12,-6.11287054789366e-13
244.51,-2.529010542896009e-12,-6.111684360568991e-13
244.52,-2.5266746287378155e-12,-6.110263789490019e-13
244.53,-2.5243477220166533e-12,-6.108609395081028e-13
244.54,-2.522029738779353e-12,-6.106721230523852e-13
244.55,-2.519720638877072e-12,-6.104600051789425e-13
244.56,-2.517421063396996e-12,-6.102246685912932e-13
244.57,-2.515130577528244e-12,-6.099661820682293e-13
244.58,-2.512849454338921e-12,-6.096845747258774e-13
244.59,-2.5105777961481575e-12,-6.09379854373068e-13
244.6,-2.508315702462596e-12,-6.090522347941129e-13
244.61,-2.5060629420106054e-12,-6.087016581986209e-13
244.62,-2.50381985850737e-12,-6.083281008416249e-13
244.63,-2.501587371181106e-12,-6.079317932191237e-13
244.64,-2.499362798125933e-12,-6.075127206184315e-13
244.65,-2.4971488697347966e-12,-6.070709443382325e-13
244.66,-2.4949448549793787e-12,-6.066065626642367e-13
244.67,-2.4927508450518257e-12,-6.06119631650363e-13
244.68,-2.4905665679631967e-12,-6.056101998076428e-13
244.69,-2.488392227823106e-12,-6.050782558884013e-13
244.7,-2.4862281264049272e-12,-6.045239617808059e-13
244.71,-2.484074375795191e-12,-6.03947394218805e-13
244.72,-2.481930503539581e-12,-6.033486104458722e-13
244.73,-2.4797969368920613e-12,-6.02727740941479e-13
244.74,-2.4776737624756325e-12,-6.020846777950322e-13
244.75,-2.4755610863244336e-12,-6.014196275416536e-13
244.76,-2.473458553847969e-12,-6.007326498584712e-13
244.77,-2.4713665560021803e-12,-6.000237178895849e-13
244.78,-2.469285049130715e-12,-5.9929302400596e-13
244.79,-2.46721399103158e-12,-5.985404855616189e-13
244.8,-2.4651541639607224e-12,-5.977665256591303e-13
244.81,-2.46310451213547e-12,-5.969707607333493e-13
244.82,-2.461065849380216e-12,-5.961536853938497e-13
244.83,-2.4590377007366838e-12,-5.953150677627432e-13
244.84,-2.4570207692070627e-12,-5.944551401129839e-13
244.85,-2.4550142761565105e-12,-5.935738600811812e-13
244.86,-2.45301921611798e-12,-5.926714715250067e-13
244.87,-2.4510349486805536e-12,-5.917478702087531e-13
244.88,-2.449061734342395e-12,-5.908033183896564e-13
244.89,-2.4470995198693453e-12,-5.898377383569941e-13
244.9,-2.4451466092913607e-12,-5.888506329924927e-13
244.91,-2.443208647322461e-12,-5.878441406151589e-13
244.92,-2.4412800165017506e-12,-5.868163372203559e-13
244.93,-2.439362808834658e-12,-5.857675615493045e-13
244.94,-2.4374582615531155e-12,-5.84698433836641e-13
244.95,-2.435562483195044e-12,-5.836088868251173e-13
244.96,-2.4336791623816794e-12,-5.824988859895683e-13
244.97,-2.431807521746452e-12,-5.813686856026525e-13
244.98,-2.4299473452867934e-12,-5.802181779371999e-13
244.99,-2.428097920136358e-12,-5.790476086143228e-13
245.0,-2.4262617089912703e-12,-5.778570510658703e-13
245.01,-2.4244363580473135e-12,-5.766464751485395e-13
245.02,-2.42262263771855e-12,-5.754160572116416e-13
245.03,-2.420820391134094e-12,-5.741658669925867e-13
245.04,-2.419030388125829e-12,-5.728960141638583e-13
245.05,-2.417251825216883e-12,-5.71606565359278e-13
245.06,-2.415485463611258e-12,-5.702976885696092e-13
245.07,-2.4137306739254977e-12,-5.689693740727189e-13
245.08,-2.41198821214824e-12,-5.676216807628439e-13
245.09,-2.4102571287552996e-12,-5.662548819745111e-13
245.1,-2.4085382927031922e-12,-5.64868890414483e-13
245.11,-2.4068315075750456e-12,-5.634638957137309e-13
245.12,-2.4051365375488978e-12,-5.620398886034184e-13
245.13,-2.4034543083225536e-12,-5.605971617536174e-13
245.14,-2.401783609799041e-12,-5.591355620415502e-13
245.15,-2.4001250602631636e-12,-5.57655282778228e-13
245.16,-2.3984793072050146e-12,-5.561566549650016e-13
245.17,-2.396845300944817e-12,-5.546394446664845e-13
245.18,-2.3952237646911042e-12,-5.531039618310778e-13
245.19,-2.3936143565272414e-12,-5.515501470013926e-13
245.2,-2.392017368001847e-12,-5.499781518517421e-13
245.21,-2.390432907856048e-12,-5.483881935106042e-13
245.22,-2.388860664849371e-12,-5.467801261838323e-13
245.23,-2.387300899127184e-12,-5.451543126641789e-13
245.24,-2.3857535458489985e-12,-5.435107277343889e-13
245.25,-2.384218738233008e-12,-5.418494669381582e-13
245.26,-2.3826966059441352e-12,-5.401706922476265e-13
245.27,-2.3811867649305632e-12,-5.384744185990815e-13
245.28,-2.3796894087555242e-12,-5.367607767328957e-13
245.29,-2.378204999098963e-12,-5.350298847966431e-13
245.3,-2.376732900735901e-12,-5.332819172652193e-13
245.31,-2.375273611923711e-12,-5.315168563565312e-13
245.32,-2.373826842208258e-12,-5.297348623956305e-13
245.33,-2.3723929791490073e-12,-5.2793604701519e-13
245.34,-2.3709717705834466e-12,-5.261205914217993e-13
245.35,-2.3695630729638695e-12,-5.242884088077434e-13
245.36,-2.3681673230501536e-12,-5.224397508905944e-13
245.37,-2.3667844925956126e-12,-5.205746977669145e-13
245.38,-2.3654141618338576e-12,-5.186933670298845e-13
245.39,-2.3640571893023558e-12,-5.167958193919439e-13
245.4,-2.362712451664127e-12,-5.148821983160508e-13
245.41,-2.361381037158667e-12,-5.12952657643694e-13
245.42,-2.3600621253666445e-12,-5.110071677602008e-13
245.43,-2.358756506832771e-12,-5.090459890877811e-13
245.44,-2.3574635584114465e-12,-5.070691286518541e-13
245.45,-2.356183434595585e-12,-5.050767370255749e-13
245.46,-2.3549165073466905e-12,-5.030689288734518e-13
245.47,-2.353662596192128e-12,-5.010458287512487e-13
245.48,-2.3524213984393366e-12,-4.9900744332192e-13
245.49,-2.351193410260065e-12,-4.969541377214304e-13
245.5,-2.34997841880865e-12,-4.948857564553242e-13
245.51,-2.3487764696746742e-12,-4.928025385075462e-13
245.52,-2.3475869010632126e-12,-4.907045361919832e-13
245.53,-2.346411554869373e-12,-4.885919446453372e-13
245.54,-2.3452487735777377e-12,-4.86464781903219e-13
245.55,-2.3440991366902718e-12,-4.843232700232655e-13
245.56,-2.342962418793877e-12,-4.821673349504246e-13
245.57,-2.3418375566091826e-12,-4.799971871354101e-13
245.58,-2.3407285070035926e-12,-4.778133446688923e-13
245.59,-2.339631747482945e-12,-4.756154111859284e-13
245.6,-2.338547148661875e-12,-4.734035457983081e-13
245.61,-2.337473772625063e-12,-4.711775774149301e-13
245.62,-2.3364181555621713e-12,-4.68938706270194e-13
245.63,-2.335373495215294e-12,-4.666861150554905e-13
245.64,-2.334342077013636e-12,-4.644200804952278e-13
245.65,-2.333323582075951e-12,-4.621408312969757e-13
245.66,-2.3323185592509863e-12,-4.598484428157036e-13
245.67,-2.3313263731480366e-12,-4.575429700608495e-13
245.68,-2.3303474894738583e-12,-4.552246844467063e-13
245.69,-2.3293818278371836e-12,-4.5289358140214115e-13
245.7,-2.3284293488066264e-12,-4.505498879307954e-13
245.71,-2.3274901160063834e-12,-4.4819355477105197e-13
245.72,-2.3265644150243774e-12,-4.4582506268866777e-13
245.73,-2.325651180447117e-12,-4.4344387892115947e-13
245.74,-2.324751465174857e-12,-4.4105065809988665e-13
245.75,-2.3238648727832373e-12,-4.3864539670697285e-13
245.76,-2.322991433288871e-12,-4.3622820123002335e-13
245.77,-2.3221314672472408e-12,-4.3379917233991767e-13
245.78,-2.3212846614766405e-12,-4.3135845808845264e-13
245.79,-2.320450739322615e-12,-4.289061723835371e-13
245.8,-2.319630441310288e-12,-4.264424030771625e-13
245.81,-2.3188230536923603e-12,-4.2396730833666646e-13
245.82,-2.318028844608825e-12,-4.21480925759615e-13
245.83,-2.3172477046025504e-12,-4.1898356510533654e-13
245.84,-2.3164800062196868e-12,-4.16475166466082e-13
245.85,-2.3157254919279593e-12,-4.139560384066625e-13
245.86,-2.3149839129509675e-12,-4.1142600166678545e-13
245.87,-2.3142555697259063e-12,-4.088853613626901e-13
245.88,-2.3135394750538034e-12,-4.0633428571086175e-13
245.89,-2.3128383678396406e-12,-4.037728892267365e-13
245.9,-2.3121496891233943e-12,-4.012013109891184e-13
245.91,-2.311473733348884e-12,-3.986194774507049e-13
245.92,-2.310811115509555e-12,-3.960276903387534e-13
245.93,-2.310161501597718e-12,-3.934260694226342e-13
245.94,-2.3095251064082524e-12,-3.908146531053808e-13
245.95,-2.3089016571518764e-12,-3.8819369681434747e-13
245.96,-2.308291402829365e-12,-3.8556311912431085e-13
245.97,-2.307694172096429e-12,-3.8292318013108824e-13
245.98,-2.30711006263478e-12,-3.8027410163251556e-13
245.99,-2.306538653674313e-12,-3.7761575310456043e-13
246.0,-2.3059811027038948e-12,-3.749485565444697e-13
246.01,-2.305435612928388e-12,-3.722723470477386e-13
246.02,-2.304903480902615e-12,-3.695874166323426e-13
246.03,-2.304384838182426e-12,-3.6689428381032444e-13
246.04,-2.3038781031763737e-12,-3.6419181508878514e-13
246.05,-2.3033849061361294e-12,-3.614813577545999e-13
246.06,-2.302904830552011e-12,-3.5876269260633987e-13
246.07,-2.3024372456872665e-12,-3.5603581210892625e-13
246.08,-2.3019826342099983e-12,-3.5330097569574753e-13
246.09,-2.3015411251386656e-12,-3.505582679819605e-13
246.1,-2.301112512580405e-12,-3.4780776876676705e-13
246.11,-2.300696718973876e-12,-3.450497260767611e-13
246.12,-2.300293192358521e-12,-3.422839870859754e-13
246.13,-2.2999034543213885e-12,-3.3951113014013484e-13
246.14,-2.2995257332796994e-12,-3.367307432061445e-13
246.15,-2.2991612414056677e-12,-3.3394343517326034e-13
246.16,-2.2988092878812054e-12,-3.311489405882649e-13
246.17,-2.298469730072113e-12,-3.2834771381500074e-13
246.18,-2.2981432958659484e-12,-3.255396422592312e-13
246.19,-2.2978292453737364e-12,-3.2272496084288485e-13
246.2,-2.2975280077944937e-12,-3.1990371668232807e-13
246.21,-2.29723944292049e-12,-3.1707612186459176e-13
246.22,-2.296963271104576e-12,-3.142423194757698e-13
246.23,-2.2966999559641177e-12,-3.114023936510088e-13
246.24,-2.29644893828197e-12,-3.0855639096142965e-13
246.25,-2.2962104892845217e-12,-3.057045331691249e-13
246.26,-2.295984669302894e-12,-3.0284692486683686e-13
246.27,-2.2957712673521328e-12,-2.999837087454231e-13
246.28,-2.295570163151247e-12,-2.9711494608234985e-13
246.29,-2.2953816621272824e-12,-2.9424083729492e-13
246.3,-2.2952053873405186e-12,-2.9136139469270123e-13
246.31,-2.295041397677219e-12,-2.884767861779545e-13
246.32,-2.2948900003880706e-12,-2.855874209745242e-13
246.33,-2.2947508265293246e-12,-2.826929169457865e-13
246.34,-2.294623603444454e-12,-2.797937573300874e-13
246.35,-2.2945089589989236e-12,-2.7688995216090703e-13
246.36,-2.294406657580407e-12,-2.7398174171827776e-13
246.37,-2.294315919495301e-12,-2.710689756451797e-13
246.38,-2.2942376837840955e-12,-2.681520782532521e-13
246.39,-2.294171530923342e-12,-2.65230937564525e-13
246.4,-2.2941174333364442e-12,-2.6230586110125e-13
246.41,-2.2940752688781356e-12,-2.5937685849371293e-13
246.42,-2.2940456420961707e-12,-2.564441475907167e-13
246.43,-2.2940272252101488e-12,-2.5350777867742137e-13
246.44,-2.2940210475829558e-12,-2.5056789360220125e-13
246.45,-2.2940269138827995e-12,-2.4762426981429044e-13
246.46,-2.2940443557995356e-12,-2.4467800714775707e-13
246.47,-2.294073758474256e-12,-2.4172834227662596e-13
246.48,-2.2941151519388136e-12,-2.3877566194285497e-13
246.49,-2.294168068863619e-12,-2.3582005667373183e-13
246.5,-2.294232713273297e-12,-2.3286163180626716e-13
246.51,-2.2943088281855605e-12,-2.299006273283297e-13
246.52,-2.2943968695670024e-12,-2.2693701569704512e-13
246.53,-2.2944964521804266e-12,-2.239710954750415e-13
246.54,-2.2946074166388246e-12,-2.2100279887417403e-13
246.55,-2.294730164874811e-12,-2.1803243210156684e-13
246.56,-2.2948639883190397e-12,-2.1505985776016193e-13
246.57,-2.295009534792729e-12,-2.120855569846877e-13
246.58,-2.295166571575933e-12,-2.0910942987921484e-13
246.59,-2.2953347819394577e-12,-2.061315971653509e-13
246.6,-2.295514776388405e-12,-2.031522770026115e-13
246.61,-2.295704997158867e-12,-2.0017139487165657e-13
246.62,-2.29590701148417e-12,-1.9718922087065475e-13
246.63,-2.2961202668483502e-12,-1.9420596164383917e-13
246.64,-2.2963445074936106e-12,-1.9122148980307118e-13
246.65,-2.2965798406305997e-12,-1.8823620206941418e-13
246.66,-2.2968264085738013e-12,-1.852500862563313e-13
246.67,-2.2970837850029577e-12,-1.82263247776516e-13
246.68,-2.2973522071284597e-12,-1.792757245753025e-13
246.69,-2.2976314457800167e-12,-1.7628783769257545e-13
246.7,-2.297921611793808e-12,-1.7329949377996295e-13
246.71,-2.298222677224528e-12,-1.703111071286208e-13
246.72,-2.2985341873654728e-12,-1.6732247323312523e-13
246.73,-2.298856606515817e-12,-1.6433388176511795e-13
246.74,-2.2991898845112567e-12,-1.6134542695095127e-13
246.75,-2.2995334366576207e-12,-1.583571673815785e-13
246.76,-2.299887774280697e-12,-1.553693166400999e-13
246.77,-2.3002526320168923e-12,-1.5238192195476108e-13
246.78,-2.3006282947095498e-12,-1.493953811322903e-13
246.79,-2.3010137827803565e-12,-1.4640916523588867e-13
246.8,-2.3014099086121687e-12,-1.4342394310442384e-13
246.81,-2.3018161877355936e-12,-1.4043968612728613e-13
246.82,-2.302232814640101e-12,-1.3745643204578818e-13
246.83,-2.3026598298313767e-12,-1.344744090146629e-13
246.84,-2.3030970729756375e-12,-1.314936943627621e-13
246.85,-2.303544113524606e-12,-1.2851435298788786e-13
246.86,-2.304001284094335e-12,-1.25536547416392e-13
246.87,-2.3044706734481726e-12,-1.2256151034150925e-13
246.88,-2.3049461157996444e-12,-1.1958614183653075e-13
246.89,-2.3054328806232177e-12,-1.166134575650825e-13
246.9,-2.3059299696894722e-12,-1.1364287963774873e-13
246.91,-2.3064365859020713e-12,-1.1067466194446589e-13
246.92,-2.3069531755593742e-12,-1.0770822386593464e-13
246.93,-2.307479484701444e-12,-1.0474439058332033e-13
246.94,-2.308015309399469e-12,-1.017829059988632e-13
246.95,-2.3085606934009732e-12,-9.882399398045789e-14
246.96,-2.3091161167336795e-12,-9.58678529154168e-14
246.97,-2.3096801118217555e-12,-9.29142447482871e-14
246.98,-2.3102537963483683e-12,-8.996362974612375e-14
246.99,-2.310837013237931e-12,-8.701607408782336e-14
247.0,-2.3114293458299543e-12,-8.407155007877921e-14
247.01,-2.312031129800798e-12,-8.113030536749102e-14
247.02,-2.3126420138836022e-12,-7.81923341449593e-14
247.03,-2.3132620115748063e-12,-7.525784148758279e-14
247.04,-2.313891082939611e-12,-7.232690532327926e-14
247.05,-2.3145288734660755e-12,-6.939954783504774e-14
247.06,-2.31517600055536e-12,-6.647598598382329e-14
247.07,-2.315832037326641e-12,-6.355635566463763e-14
247.08,-2.316496692613437e-12,-6.064059602707795e-14
247.09,-2.317169918953796e-12,-5.772896647871473e-14
247.1,-2.3178523447057093e-12,-5.4821615365551725e-14
247.11,-2.3185431427481166e-12,-5.191852677045454e-14
247.12,-2.3192425256340008e-12,-4.901969750608682e-14
247.13,-2.3199504571561373e-12,-4.612556892285609e-14
247.14,-2.3206668663759727e-12,-4.323600833803198e-14
247.15,-2.3213918714326167e-12,-4.035119563892292e-14
247.16,-2.3221248482930447e-12,-3.7471096798495417e-14
247.17,-2.3228661967379175e-12,-3.459599344853907e-14
247.18,-2.3236158727452537e-12,-3.172592661606756e-14
247.19,-2.324373723531126e-12,-2.8860916128812916e-14
247.2,-2.3251396580773635e-12,-2.600128403755186e-14
247.21,-2.3259134521543763e-12,-2.314690575034509e-14
247.22,-2.3266953597404127e-12,-2.0298026642025092e-14
247.23,-2.3274852570379046e-12,-1.7454618280634196e-14
247.24,-2.3282828582868806e-12,-1.4616952085973234e-14
247.25,-2.329088327412178e-12,-1.178499195927348e-14
247.26,-2.3299013514695986e-12,-8.958865006681558e-15
247.27,-2.330721881074138e-12,-6.138637431187039e-15
247.28,-2.331550321515453e-12,-3.3245360681339622e-15
247.29,-2.3323860953980127e-12,-5.165370725793945e-16
247.3,-2.3332294375225777e-12,2.2852615198549495e-15
247.31,-2.334080292569327e-12,5.0805431103784455e-15
247.32,-2.334938079048867e-12,7.869554644265557e-15
247.33,-2.3358032612074266e-12,1.0651814414091903e-14
247.34,-2.336675740858606e-12,1.3427728358129405e-14
247.35,-2.337555351691027e-12,1.6196718094638104e-14
247.36,-2.338442046826452e-12,1.8958868158603158e-14
247.37,-2.339335518922274e-12,2.171431601342771e-14
247.38,-2.340235945608795e-12,2.4462555487663498e-14
247.39,-2.3411433172271083e-12,2.7203747803243727e-14
247.4,-2.342057323968719e-12,2.9937736350573056e-14
247.41,-2.342978290221207e-12,3.2664411104915033e-14
247.42,-2.34390578140017e-12,3.5383667545726343e-14
247.43,-2.3448400081439804e-12,3.8095472689683246e-14
247.44,-2.3457805950856518e-12,4.079967830193449e-14
247.45,-2.3467276133991307e-12,4.349625377039611e-14
247.46,-2.347681049355055e-12,4.618500012579367e-14
247.47,-2.34864069202684e-12,4.886601345108624e-14
247.48,-2.349606583256661e-12,5.153899538654869e-14
247.49,-2.3505793282371643e-12,5.420373593918994e-14
247.5,-2.3515571943689576e-12,5.68607909621942e-14
247.51,-2.3525414441715202e-12,5.950950009646498e-14
247.52,-2.353531557400142e-12,6.21498635129344e-14
247.53,-2.354527865121372e-12,6.47820076905964e-14
247.54,-2.355529442102544e-12,6.740506014298599e-14
247.55,-2.356537449875262e-12,7.002035449654403e-14
247.56,-2.357550960277695e-12,7.262670966306283e-14
247.57,-2.3585700416646748e-12,7.522416113335827e-14
247.58,-2.359594535167195e-12,7.781226142953594e-14
247.59,-2.3606245927675567e-12,8.039292357213266e-14
247.6,-2.361659936774187e-12,8.296389114183952e-14
247.61,-2.362700834234593e-12,8.552572889731917e-14
247.62,-2.363746879091956e-12,8.807848224722623e-14
247.63,-2.3647981393228277e-12,9.062201252654796e-14
247.64,-2.3658544787481507e-12,9.315618156570497e-14
247.65,-2.366915970826687e-12,9.568088262764171e-14
247.66,-2.3679822754760516e-12,9.819629050096564e-14
247.67,-2.3690532322358708e-12,1.0070210298699892e-13
247.68,-2.37012966877236e-12,1.0319825987249099e-13
247.69,-2.3712105791192636e-12,1.0568468399949894e-13
247.7,-2.3722961704683388e-12,1.0816131639609581e-13
247.71,-2.3733863395424803e-12,1.106281807470835e-13
247.72,-2.3744811650792587e-12,1.1308505881581219e-13
247.73,-2.375580380333019e-12,1.1553189316112916e-13
247.74,-2.3766839461215736e-12,1.1796863547709242e-13
247.75,-2.377791961320735e-12,1.2039522251516958e-13
247.76,-2.378904079629852e-12,1.228116229982994e-13
247.77,-2.380020474954891e-12,1.2521758514242337e-13
247.78,-2.381141096394923e-12,1.276132643956541e-13
247.79,-2.3822656938081977e-12,1.2999841658068231e-13
247.8,-2.3833941478796194e-12,1.3237305214613372e-13
247.81,-2.3845266773430846e-12,1.347371422979861e-13
247.82,-2.385662875159817e-12,1.370904402842586e-13
247.83,-2.3868028752404894e-12,1.3943314890898032e-13
247.84,-2.3879465412874187e-12,1.4176489333428746e-13
247.85,-2.3890942099024916e-12,1.4408596056701953e-13
247.86,-2.3902447481776545e-12,1.4639565933233773e-13
247.87,-2.391399083960331e-12,1.4869458318740097e-13
247.88,-2.392556654355082e-12,1.5098237197615952e-13
247.89,-2.3937176904330503e-12,1.532590302460131e-13
247.9,-2.3948818411120605e-12,1.555244258460063e-13
247.91,-2.3960493505110842e-12,1.5777851327039433e-13
247.92,-2.3972197017831627e-12,1.6002128847953527e-13
247.93,-2.3983933578801314e-12,1.622525858407277e-13
247.94,-2.399569800689629e-12,1.6447240405649357e-13
247.95,-2.4007490710055247e-12,1.666806708018963e-13
247.96,-2.401931320995844e-12,1.6887725723901397e-13
247.97,-2.40311704746435e-12,1.7106189475928895e-13
247.98,-2.4043037018244873e-12,1.732354228225823e-13
247.99,-2.4054937687182897e-12,1.7539686441189727e-13
248.0,-2.4066865644655513e-12,1.7754631444493755e-13
248.01,-2.4078815225663806e-12,1.796840129921007e-13
248.02,-2.409078870484638e-12,1.8180961758276944e-13
248.03,-2.4102787579818266e-12,1.839229567727131e-13
248.04,-2.411480489205399e-12,1.8602466154716085e-13
248.05,-2.4126846720183573e-12,1.8811399687151198e-13
248.06,-2.4138907806603206e-12,1.901910496548161e-13
248.07,-2.415098952472499e-12,1.9225587386304393e-13
248.08,-2.416308917275765e-12,1.9430831707804177e-13
248.09,-2.417520702899674e-12,1.9634849761451182e-13
248.1,-2.4187346670309913e-12,1.983760587444325e-13
248.11,-2.4199500076811374e-12,2.0039123218960816e-13
248.12,-2.421166949999344e-12,2.023940236810847e-13
248.13,-2.422385596029541e-12,2.0438376644682392e-13
248.14,-2.4236057277201156e-12,2.0636116090493638e-13
248.15,-2.424827133556218e-12,2.0832576582441168e-13
248.16,-2.426049993809588e-12,2.102776090002178e-13
248.17,-2.4272741434007236e-12,2.1221665711451402e-13
248.18,-2.4284993962262418e-12,2.141428321265765e-13
248.19,-2.429725784763343e-12,2.1605609455358997e-13
248.2,-2.4309533457291714e-12,2.1795643204888908e-13
248.21,-2.4321818549620458e-12,2.1984371173833303e-13
248.22,-2.433411143912832e-12,2.217179624724987e-13
248.23,-2.4346411956187548e-12,2.2357912022685873e-13
248.24,-2.435872121975051e-12,2.2542714856225682e-13
248.25,-2.4371037879909175e-12,2.272619991919318e-13
248.26,-2.4383360518062753e-12,2.290835549745842e-13
248.27,-2.439568692470707e-12,2.308917737518413e-13
248.28,-2.4408020924546817e-12,2.3268680122241094e-13
248.29,-2.4420356707337945e-12,2.3446836620489453e-13
248.3,-2.4432696249438342e-12,2.3623673946031253e-13
248.31,-2.444503702905364e-12,2.3799126980804676e-13
248.32,-2.4457382209415205e-12,2.397325110519246e-13
248.33,-2.4469728032550676e-12,2.414601945218435e-13
248.34,-2.448207175234614e-12,2.431742975749126e-13
248.35,-2.449441737280859e-12,2.448747988533016e-13
248.36,-2.4506759315527926e-12,2.4656169678692877e-13
248.37,-2.4519103249497766e-12,2.4823483831106453e-13
248.38,-2.4531441257625666e-12,2.498942640118388e-13
248.39,-2.4543780776888043e-12,2.515395492091632e-13
248.4,-2.4556111477071185e-12,2.5317178941765214e-13
248.41,-2.4568438992312403e-12,2.54789794171721e-13
248.42,-2.458076135464468e-12,2.563939268384614e-13
248.43,-2.4593080962765003e-12,2.5798419463225727e-13
248.44,-2.4605387651308298e-12,2.5956051816518957e-13
248.45,-2.461768916736965e-12,2.611228131115985e-13
248.46,-2.462998196749215e-12,2.626711013560528e-13
248.47,-2.46422710338522e-12,2.64205377054749e-13
248.48,-2.4654552769159615e-12,2.657254229866919e-13
248.49,-2.4666811002944795e-12,2.6723172179139755e-13
248.5,-2.467906791318759e-12,2.687237167412127e-13
248.51,-2.469130802310994e-12,2.702015057432688e-13
248.52,-2.470353909375992e-12,2.7166508443483815e-13
248.53,-2.471575709697061e-12,2.731145075394135e-13
248.54,-2.472796108432451e-12,2.745497108774912e-13
248.55,-2.4740151675032573e-12,2.7597057288204823e-13
248.56,-2.475232534483388e-12,2.7737716743257473e-13
248.57,-2.4764482332826106e-12,2.7876937960523125e-13
248.58,-2.477662582490921e-12,2.8014738497098997e-13
248.59,-2.4788751863227496e-12,2.8151092656476693e-13
248.6,-2.480085735505066e-12,2.8286008777069785e-13
248.61,-2.4812945265224094e-12,2.841948640195964e-13
248.62,-2.4825016805625082e-12,2.8551511330128334e-13
248.63,-2.4837064827766098e-12,2.8682094176113744e-13
248.64,-2.4849095118818274e-12,2.8811225145052483e-13
248.65,-2.486110360384991e-12,2.8938907702822153e-13
248.66,-2.4873090900210923e-12,2.9065137405071413e-13
248.67,-2.4885050335460927e-12,2.918991935208356e-13
248.68,-2.489699102516799e-12,2.931323991840974e-13
248.69,-2.490890762750683e-12,2.9435100131733584e-13
248.7,-2.492079664647388e-12,2.9555512850405367e-13
248.71,-2.4932664914956086e-12,2.9674447546975343e-13
248.72,-2.4944504929392833e-12,2.9791923580127063e-13
248.73,-2.4956320943216534e-12,2.9907931908694406e-13
248.74,-2.4968106534769835e-12,3.002248369219121e-13
248.75,-2.4979864482337875e-12,3.013559037066016e-13
248.76,-2.4991596556461844e-12,3.0247173431223057e-13
248.77,-2.5003297161055974e-12,3.0357312618065974e-13
248.78,-2.5014968953809843e-12,3.04659932391325e-13
248.79,-2.5026611276089345e-12,3.0573186666128436e-13
248.8,-2.5038222281681553e-12,3.0678897120315654e-13
248.81,-2.504979840139782e-12,3.078314263954156e-13
248.82,-2.506134426212536e-12,3.088591343950027e-13
248.83,-2.5072857457771774e-12,3.098720574784462e-13
248.84,-2.5084321558872032e-12,3.108716333766282e-13
248.85,-2.5095782377050944e-12,3.118535985755378e-13
248.86,-2.5107189379966596e-12,3.12822193188238e-13
248.87,-2.5118567573490186e-12,3.1377593236442617e-13
248.88,-2.5129901906218522e-12,3.147150227743577e-13
248.89,-2.5141207644199555e-12,3.1563907709789995e-13
248.9,-2.5152471503352923e-12,3.1654837749772434e-13
248.91,-2.516369770759048e-12,3.1744290466092154e-13
248.92,-2.5174884027717666e-12,3.183225416297562e-13
248.93,-2.5186033875872968e-12,3.191874652519411e-13
248.94,-2.5197141721085227e-12,3.2003739720167215e-13
248.95,-2.520820985011031e-12,3.20872596154239e-13
248.96,-2.5219237205442324e-12,3.2169291392710484e-13
248.97,-2.5230222237943386e-12,3.224984286584544e-13
248.98,-2.5241165470400367e-12,3.2328909165983224e-13
248.99,-2.525206533947206e-12,3.240649156968725e-13
249.0,-2.52629214903079e-12,3.2482591471468077e-13
249.01,-2.527373649010324e-12,3.2557204034609045e-13
249.02,-2.528450420097708e-12,3.2630328376633594e-13
249.03,-2.5295227505340367e-12,3.270198217118827e-13
249.04,-2.530590320961422e-12,3.277214987667301e-13
249.05,-2.5316533745497463e-12,3.284083055482058e-13
249.06,-2.532711551534452e-12,3.2908022124787025e-13
249.07,-2.5337654229917155e-12,3.297375100713235e-13
249.08,-2.534814152974766e-12,3.303799247651692e-13
249.09,-2.5358580943012726e-12,3.310074730697676e-13
249.1,-2.536897047638775e-12,3.3162025650176755e-13
249.11,-2.5379309756115927e-12,3.3221824883248083e-13
249.12,-2.538960145546573e-12,3.3280141757960917e-13
249.13,-2.539983896607319e-12,3.333698202928103e-13
249.14,-2.5410028188634594e-12,3.339235080752344e-13
249.15,-2.5420162529649323e-12,3.344624274292726e-13
249.16,-2.5430245957468203e-12,3.3498658314632757e-13
249.17,-2.544027592861454e-12,3.354960106820385e-13
249.18,-2.5450252178742314e-12,3.3599069723781025e-13
249.19,-2.5460175303045633e-12,3.3647065881637067e-13
249.2,-2.5470040595987148e-12,3.3693595164485613e-13
249.21,-2.547985192130194e-12,3.37386590172267e-13
249.22,-2.548960758526348e-12,3.37822554830868e-13
249.23,-2.5499303973362046e-12,3.382438021093343e-13
249.24,-2.5508950376900944e-12,3.386502864819968e-13
249.25,-2.551853482684303e-12,3.3904235713612534e-13
249.26,-2.55280619609568e-12,3.3941974892939013e-13
249.27,-2.5537533513995145e-12,3.3978243185914277e-13
249.28,-2.554694030694941e-12,3.4013076787056133e-13
249.29,-2.555629271686339e-12,3.4046432144620865e-13
249.3,-2.5565582037530706e-12,3.4078339159014845e-13
249.31,-2.5574811921921756e-12,3.41087977313031e-13
249.32,-2.5583981587811864e-12,3.4137801134517596e-13
249.33,-2.559308860514298e-12,3.4165376130469384e-13
249.34,-2.560213353843771e-12,3.419147069714423e-13
249.35,-2.561111690183174e-12,3.421613255749023e-13
249.36,-2.5620036418328963e-12,3.423935424523114e-13
249.37,-2.5628893016364526e-12,3.426112952892426e-13
249.38,-2.563768519610403e-12,3.4281481354903686e-13
249.39,-2.5646415197235913e-12,3.430038523063777e-13
249.4,-2.5655077496100376e-12,3.4317876710294224e-13
249.41,-2.566367545377102e-12,3.4333897708470466e-13
249.42,-2.5672209824935703e-12,3.4348511429795864e-13
249.43,-2.568067440023369e-12,3.4361696327839636e-13
249.44,-2.5689073608678518e-12,3.437346025256395e-13
249.45,-2.569740595732404e-12,3.4383798627432556e-13
249.46,-2.5705692869594476e-12,3.4392729183837e-13
249.47,-2.5713869675005373e-12,3.4400225948450257e-13
249.48,-2.5721994933735696e-12,3.4406318142521196e-13
249.49,-2.5730054580707305e-12,3.4411005543482736e-13
249.5,-2.5738045858439525e-12,3.441427956157388e-13
249.51,-2.574595950031342e-12,3.4416130510153986e-13
249.52,-2.5753813081111617e-12,3.441661309960142e-13
249.53,-2.5761591508174072e-12,3.4415683519559827e-13
249.54,-2.576929840668432e-12,3.441335594536974e-13
249.55,-2.5776944148640663e-12,3.4409577134304673e-13
249.56,-2.578449943703518e-12,3.4404525434389316e-13
249.57,-2.579199118336601e-12,3.439802889243012e-13
249.58,-2.579940974033223e-12,3.439015619051667e-13
249.59,-2.580675613322969e-12,3.4380889006566075e-13
249.6,-2.5814027586856318e-12,3.437025755938429e-13
249.61,-2.582122555209892e-12,3.435825375293867e-13
249.62,-2.582835050868527e-12,3.434487264018153e-13
249.63,-2.58353977179551e-12,3.433013075306971e-13
249.64,-2.5842374475025124e-12,3.431401917826914e-13
249.65,-2.5849270931088604e-12,3.4296554031307445e-13
249.66,-2.5856092477348583e-12,3.4277734203711773e-13
249.67,-2.5862838655096425e-12,3.4257558695148597e-13
249.68,-2.5869507403037473e-12,3.423603702684438e-13
249.69,-2.587610024544424e-12,3.421317201110814e-13
249.7,-2.5882614042003845e-12,3.418897180838491e-13
249.71,-2.588905189854066e-12,3.4163428492025104e-13
249.72,-2.589540900998132e-12,3.413655180900104e-13
249.73,-2.5901690539221236e-12,3.410834765450223e-13
249.74,-2.5907891100490412e-12,3.4078811887221864e-13
249.75,-2.5914013816187875e-12,3.404796235108099e-13
249.76,-2.592005646485471e-12,3.40157949770372e-13
249.77,-2.592602112817374e-12,3.3982318576870914e-13
249.78,-2.593190151522157e-12,3.394752067185178e-13
249.79,-2.593770244901517e-12,3.391143156660672e-13
249.8,-2.5943423988754405e-12,3.3874036705918536e-13
249.81,-2.5949064916615084e-12,3.383534960697606e-13
249.82,-2.595461232657088e-12,3.379535605253072e-13
249.83,-2.5960099741784024e-12,3.3754101070638973e-13
249.84,-2.5965492660562577e-12,3.371154902274427e-13
249.85,-2.5970805172119402e-12,3.3667720059989137e-13
249.86,-2.5976033161202243e-12,3.362262247606577e-13
249.87,-2.5981179862974804e-12,3.357624557987651e-13
249.88,-2.59862413927615e-12,3.3528616392986866e-13
249.89,-2.599122007592018e-12,3.3479712627273193e-13
249.9,-2.5996114628095086e-12,3.3429561633661205e-13
249.91,-2.6000931936487295e-12,3.337816225392535e-13
249.92,-2.60056514252437e-12,3.3325516722642295e-13
249.93,-2.6010292876979872e-12,3.3271626917720535e-13
249.94,-2.601485126007596e-12,3.321648412920442e-13
249.95,-2.601932236042795e-12,3.316012823054541e-13
249.96,-2.602370534642582e-12,3.310256251337923e-13
249.97,-2.602800337686969e-12,3.304376351280201e-13
249.98,-2.6032216921734897e-12,3.298373899277696e-13
249.99,-2.6036342252705187e-12,3.292250766298064e-13
250.0,-2.604038234272213e-12,3.286006807754704e-13
250.01,-2.6044336007057806e-12,3.2796426944661415e-13
250.02,-2.6048202300892093e-12,3.273159155911563e-13
250.03,-2.6051982935670734e-12,3.2665550640473425e-13
250.04,-2.6055673839489616e-12,3.259835372796346e-13
250.05,-2.6059276168816995e-12,3.252995754544818e-13
250.06,-2.6062791780543733e-12,3.2460386557692933e-13
250.07,-2.6066219257852767e-12,3.238964605955533e-13
250.08,-2.6069555305262344e-12,3.2317753856170453e-13
250.09,-2.607280630713814e-12,3.2244691273061324e-13
250.1,-2.607596722353502e-12,3.2170465679526277e-13
250.11,-2.607903986675957e-12,3.2095108273766553e-13
250.12,-2.6082022737751695e-12,3.2018595452194943e-13
250.13,-2.608491431123722e-12,3.1940953686177577e-13
250.14,-2.6087717290004007e-12,3.1862173424994815e-13
250.15,-2.609043107821264e-12,3.1782272120197756e-13
250.16,-2.609305386557251e-12,3.170124564781441e-13
250.17,-2.6095586264955115e-12,3.161911380915017e-13
250.18,-2.6098029813965184e-12,3.1535859257958263e-13
250.19,-2.610037918828914e-12,3.145151857700233e-13
250.2,-2.6102640273636065e-12,3.136607207985213e-13
250.21,-2.6104811214011333e-12,3.127951559075936e-13
250.22,-2.6106888655519703e-12,3.119189459558273e-13
250.23,-2.6108877222332132e-12,3.110318612855702e-13
250.24,-2.6110773497888992e-12,3.1013405756484517e-13
250.25,-2.6112578156323664e-12,3.092255820035109e-13
250.26,-2.6114291564100962e-12,3.083064663810847e-13
250.27,-2.6115913598179833e-12,3.073765633257823e-13
250.28,-2.6117440062614764e-12,3.0643654509367693e-13
250.29,-2.6118876588712834e-12,3.0548591982293823e-13
250.3,-2.6120219682438783e-12,3.0452490271408506e-13
250.31,-2.6121471637027415e-12,3.035535424606558e-13
250.32,-2.612262913290897e-12,3.025720923047052e-13
250.33,-2.612369821002247e-12,3.0158011981014245e-13
250.34,-2.6124673091920386e-12,3.0057813894085684e-13
250.35,-2.612555340966446e-12,2.9956614887064315e-13
250.36,-2.6126336597891927e-12,2.985441431571079e-13
250.37,-2.612703728637094e-12,2.975120647736629e-13
250.38,-2.6127638600444332e-12,2.964702220524108e-13
250.39,-2.6128149241031703e-12,2.9541843905916046e-13
250.4,-2.6128561248323308e-12,2.9435704522951414e-13
250.41,-2.61288839158584e-12,2.9328582835109543e-13
250.42,-2.612911365345334e-12,2.9220497037972927e-13
250.43,-2.61292476361257e-12,2.911146067130827e-13
250.44,-2.612928907597212e-12,2.9001468231850704e-13
250.45,-2.6129247257765898e-12,2.889052843028196e-13
250.46,-2.612908744120797e-12,2.877867079888037e-13
250.47,-2.612884662435687e-12,2.8665866697016885e-13
250.48,-2.6128514208980753e-12,2.8552137072622295e-13
250.49,-2.6128084259372626e-12,2.843749385013819e-13
250.5,-2.612756393437717e-12,2.832193566329723e-13
250.51,-2.612694686216571e-12,2.8205473515880084e-13
250.52,-2.612623593066767e-12,2.8088113660282424e-13
250.53,-2.612543203883143e-12,2.796985831799597e-13
250.54,-2.6124532613489803e-12,2.7850717617527454e-13
250.55,-2.61235410129014e-12,2.773070427505855e-13
250.56,-2.6122453153885014e-12,2.760981716537011e-13
250.57,-2.6121271221552678e-12,2.748806666764647e-13
250.58,-2.611999642733996e-12,2.7365452330542963e-13
250.59,-2.6118624490512496e-12,2.7241995507337217e-13
250.6,-2.611716151563657e-12,2.7117688007732116e-13
250.61,-2.6115600598122546e-12,2.6992545350178823e-13
250.62,-2.6113949706240444e-12,2.6866565609021017e-13
250.63,-2.6112199625081804e-12,2.6739774658217444e-13
250.64,-2.611036228723371e-12,2.661214737395755e-13
250.65,-2.6108424793190153e-12,2.648372124439176e-13
250.66,-2.610639463041915e-12,2.6354491202981675e-13
250.67,-2.610427140582739e-12,2.6224463800980216e-13
250.68,-2.6102050254883112e-12,2.6093654885484263e-13
250.69,-2.6099738746686433e-12,2.596204740887975e-13
250.7,-2.6097332853905553e-12,2.582966661652229e-13
250.71,-2.6094830514662185e-12,2.5696522814197723e-13
250.72,-2.6092238241410984e-12,2.5562590912586506e-13
250.73,-2.6089546055903305e-12,2.542796014154982e-13
250.74,-2.608676381009371e-12,2.529254838441629e-13
250.75,-2.6083884763941886e-12,2.51563985173256e-13
250.76,-2.6080925200606342e-12,2.501951653578532e-13
250.77,-2.6077849288520877e-12,2.488190590999391e-13
250.78,-2.607469069925466e-12,2.474358204407166e-13
250.79,-2.6071436453164406e-12,2.4604542328259324e-13
250.8,-2.6068091634640816e-12,2.4464780275967265e-13
250.81,-2.606465683425223e-12,2.432421500674619e-13
250.82,-2.606111857255856e-12,2.418320414408861e-13
250.83,-2.6057491422224502e-12,2.404138945180199e-13
250.84,-2.605377230075649e-12,2.3898891186883954e-13
250.85,-2.6049957543730392e-12,2.3755728231903385e-13
250.86,-2.6046054800713167e-12,2.361189602735931e-13
250.87,-2.604205178036945e-12,2.346741321929232e-13
250.88,-2.60379601776045e-12,2.3322283677170116e-13
250.89,-2.603377639898868e-12,2.317650645508428e-13
250.9,-2.6029493522076396e-12,2.3030107769657977e-13
250.91,-2.6025126687761367e-12,2.2883076967904397e-13
250.92,-2.6020664298388285e-12,2.273542007749223e-13
250.93,-2.6016108810029575e-12,2.2587162919002615e-13
250.94,-2.601146182949015e-12,2.2438291611198756e-13
250.95,-2.600671953799043e-12,2.228883012899594e-13
250.96,-2.6001887080596934e-12,2.213877975507604e-13
250.97,-2.5996964457643335e-12,2.1988142399564278e-13
250.98,-2.599194816713791e-12,2.1836934264923115e-13
250.99,-2.5986842704256755e-12,2.168515089191192e-13
251.0,-2.5981646196803192e-12,2.1532811691421299e-13
251.01,-2.597635135044195e-12,2.137992075751428e-13
251.02,-2.597097013703524e-12,2.1226483613377406e-13
251.03,-2.5965497647607033e-12,2.1072507663649729e-13
251.04,-2.5959936086918057e-12,2.0917984712560024e-13
251.05,-2.5954280576847895e-12,2.076296437091003e-13
251.06,-2.5948536082879625e-12,2.0607414458187533e-13
251.07,-2.5942700527141816e-12,2.045135836253964e-13
251.08,-2.5936775675496627e-12,2.0294795369121183e-13
251.09,-2.5930760340524847e-12,2.0137745727603568e-13
251.1,-2.5924654900128947e-12,1.9980206268238645e-13
251.11,-2.59184610543824e-12,1.9822185988870875e-13
251.12,-2.5912173574250386e-12,1.966368962670266e-13
251.13,-2.5905803009197572e-12,1.9504735071463078e-13
251.14,-2.589934055839814e-12,1.9345313067035883e-13
251.15,-2.589278870736379e-12,1.9185454211727503e-13
251.16,-2.5886149116354826e-12,1.902514254984423e-13
251.17,-2.587941988986191e-12,1.886439994998262e-13
251.18,-2.5872602796586087e-12,1.870322736979763e-13
251.19,-2.5865698609951976e-12,1.8541636673851837e-13
251.2,-2.585870497868971e-12,1.8379631560719389e-13
251.21,-2.5851624303435513e-12,1.821722366891579e-13
251.22,-2.584445615073493e-12,1.8054410931229506e-13
251.23,-2.5837202189887524e-12,1.7891216174036113e-13
251.24,-2.582985472233388e-12,1.772763031638069e-13
251.25,-2.582242780376307e-12,1.7563669658078162e-13
251.26,-2.581491525365726e-12,1.7399339436600488e-13
251.27,-2.5807312596008083e-12,1.7234648875254033e-13
251.28,-2.579962615268161e-12,1.7069600415631851e-13
251.29,-2.5791850945898955e-12,1.6904214101047422e-13
251.3,-2.5783991253021284e-12,1.6738483570534152e-13
251.31,-2.577604901511441e-12,1.6572419817379269e-13
251.32,-2.576801878319068e-12,1.6406034739508164e-13
251.33,-2.575990452928387e-12,1.6239334274101617e-13
251.34,-2.575170988731001e-12,1.6072317389688474e-13
251.35,-2.5743423171238975e-12,1.5905001966487216e-13
251.36,-2.5735057469490416e-12,1.573739676038898e-13
251.37,-2.5726607583017115e-12,1.5569491736470717e-13
251.38,-2.571806868785585e-12,1.5401325622944494e-13
251.39,-2.570945481044219e-12,1.523287088950751e-13
251.4,-2.570075378992938e-12,1.5064154687039602e-13
251.41,-2.5691970762565988e-12,1.4895181555420007e-13
251.42,-2.568310686218594e-12,1.4725954020082321e-13
251.43,-2.567416576567385e-12,1.4556600511905508e-13
251.44,-2.5665131728547515e-12,1.4386784850831047e-13
251.45,-2.5656020304693746e-12,1.4216852828200445e-13
251.46,-2.564682702016663e-12,1.404670090063754e-13
251.47,-2.5637554964632586e-12,1.3876327003405805e-13
251.48,-2.5628196082985307e-12,1.3705760788878192e-13
251.49,-2.561876942741571e-12,1.3534978449040088e-13
251.5,-2.560925725365022e-12,1.3364010890666662e-13
251.51,-2.5599663227697772e-12,1.3192859043416725e-13
251.52,-2.558998954519523e-12,1.3021539633977524e-13
251.53,-2.558024150226133e-12,1.2850027691716e-13
251.54,-2.5570410636086736e-12,1.2678366114392123e-13
251.55,-2.5560502677232335e-12,1.250654703837258e-13
251.56,-2.555051540757123e-12,1.2334576613536332e-13
251.57,-2.5540451773448737e-12,1.216247222516991e-13
251.58,-2.5530311520278393e-12,1.1990226721971185e-13
251.59,-2.5520092827726496e-12,1.181785886496629e-13
251.6,-2.5509798402130793e-12,1.1645367590474306e-13
251.61,-2.5499429538392256e-12,1.1472760526024688e-13
251.62,-2.5488979106964734e-12,1.1300056455501572e-13
251.63,-2.547845940521599e-12,1.112724906271934e-13
251.64,-2.546785799268268e-12,1.095435255862022e-13
251.65,-2.54571859087194e-12,1.0781366227175243e-13
251.66,-2.5446435575258172e-12,1.0608320952945289e-13
251.67,-2.5435614931306804e-12,1.0435188472418814e-13
251.68,-2.54247182002775e-12,1.0261998228926232e-13
251.69,-2.5413748959076294e-12,1.0088752166167699e-13
251.7,-2.540270967455097e-12,9.915453268708839e-14
251.71,-2.539159078075538e-12,9.742120887973271e-14
251.72,-2.5380402662585767e-12,9.568754457071329e-14
251.73,-2.53691423034941e-12,9.395356283166803e-14
251.74,-2.5357811452144954e-12,9.221938457896407e-14
251.75,-2.5346408966497015e-12,9.048506128235981e-14
251.76,-2.5334933455714966e-12,8.875071635057804e-14
251.77,-2.5323391625791638e-12,8.701613241915465e-14
251.78,-2.531177371952424e-12,8.528208938282206e-14
251.79,-2.5300087051433453e-12,8.35481920169421e-14
251.8,-2.5288335191266637e-12,8.181407594935967e-14
251.81,-2.527651160110812e-12,8.00803894844253e-14
251.82,-2.526461933757842e-12,7.834711480063324e-14
251.83,-2.5252661001008005e-12,7.661427294339902e-14
251.84,-2.5240633656918824e-12,7.488187040070485e-14
251.85,-2.5228540431747302e-12,7.315008653285303e-14
251.86,-2.5216376693395724e-12,7.141893251002447e-14
251.87,-2.520414746351806e-12,6.968843863846882e-14
251.88,-2.5191858624071424e-12,6.795843557736248e-14
251.89,-2.5179490478262045e-12,6.62298874935952e-14
251.9,-2.516706499349598e-12,6.450187567733053e-14
251.91,-2.5154573779397865e-12,6.277487796143985e-14
251.92,-2.514201780269128e-12,6.104890366745742e-14
251.93,-2.5129399343154717e-12,5.93240272359019e-14
251.94,-2.511671642079694e-12,5.760031635385518e-14
251.95,-2.51039684721872e-12,5.58778551201242e-14
251.96,-2.5091158612380045e-12,5.415669137343082e-14
251.97,-2.50782877354272e-12,5.243706901071017e-14
251.98,-2.5065352395303346e-12,5.0718590800973567e-14
251.99,-2.5052357306372644e-12,4.900170892406368e-14
252.0,-2.503930018559452e-12,4.728641064859846e-14
252.01,-2.5026181369890033e-12,4.5572815627872973e-14
252.02,-2.5013005316291007e-12,4.386083222390216e-14
252.03,-2.4999766678935816e-12,4.215062085584563e-14
252.04,-2.4986469583446666e-12,4.044227455472535e-14
252.05,-2.4973114713907073e-12,3.8735738880521467e-14
252.06,-2.495969887238042e-12,3.7031345596090095e-14
252.07,-2.494622536375893e-12,3.5328765517777496e-14
252.08,-2.4932695164525336e-12,3.362838772301059e-14
252.09,-2.4919107715781805e-12,3.193011600974299e-14
252.1,-2.4905463559814913e-12,3.023407016727359e-14
252.11,-2.489176344353392e-12,2.8540294289026186e-14
252.12,-2.4878005023428993e-12,2.6848903535140098e-14
252.13,-2.486419403104394e-12,2.5159843242782808e-14
252.14,-2.485032801831126e-12,2.3473273215120937e-14
252.15,-2.4836407423420864e-12,2.1789224548524666e-14
252.16,-2.482243306056692e-12,2.0107695618731427e-14
252.17,-2.480840343376873e-12,1.8429018344677216e-14
252.18,-2.4794322991186247e-12,1.6752878575218677e-14
252.19,-2.478018694045607e-12,1.5079589846677362e-14
252.2,-2.4766001475408836e-12,1.3409109577448274e-14
252.21,-2.475176566334273e-12,1.1741643392887037e-14
252.22,-2.473747341138976e-12,1.0076924324759829e-14
252.23,-2.4723133199216344e-12,8.415357511309612e-15
252.24,-2.470874571635533e-12,6.75678102149057e-15
252.25,-2.469430335641678e-12,5.101380565607637e-15
252.26,-2.4679814968743795e-12,3.4492178268866106e-15
252.27,-2.4665276879959104e-12,1.800278805822134e-15
252.28,-2.465068944702322e-12,1.5471702253644364e-16
252.29,-2.4636055243762e-12,-1.487523286035815e-15
252.3,-2.462137242420187e-12,-3.1262718900635714e-15
252.31,-2.460664351217631e-12,-4.7616381144072295e-15
252.32,-2.4591870489827795e-12,-6.393362705619351e-15
252.33,-2.4577049330852837e-12,-8.02127667982653e-15
252.34,-2.456218220854318e-12,-9.646000303855264e-15
252.35,-2.4547271544666666e-12,-1.1266821708468961e-14
252.36,-2.4532317349483395e-12,-1.2883813197156916e-14
252.37,-2.451731687381975e-12,-1.449692453822157e-14
252.38,-2.45022729080871e-12,-1.6106123171851582e-14
252.39,-2.448718647963528e-12,-1.7711438737069767e-14
252.4,-2.44720585574511e-12,-1.9312729642044282e-14
252.41,-2.445688680640711e-12,-2.090996054495531e-14
252.42,-2.4441685562927507e-12,-2.2502892484866314e-14
252.43,-2.4426421693878564e-12,-2.4091972816382126e-14
252.44,-2.4411129006063488e-12,-2.5676767688154833e-14
252.45,-2.4395796487726944e-12,-2.72572047459794e-14
252.46,-2.4380422489586108e-12,-2.8833221574079516e-14
252.47,-2.436500836374346e-12,-3.0404746930908626e-14
252.48,-2.4349559735256657e-12,-3.197219814166366e-14
252.49,-2.4334070752339788e-12,-3.3534975770755093e-14
252.5,-2.4318544573006793e-12,-3.509321349122374e-14
252.51,-2.430297956620033e-12,-3.6646753532132717e-14
252.52,-2.4287382239735466e-12,-3.819573539518134e-14
252.53,-2.4271746099821336e-12,-3.9739902253840377e-14
252.54,-2.4256076183982336e-12,-4.1279531213778564e-14
252.55,-2.4240370298141933e-12,-4.2814174903006954e-14
252.56,-2.4224630565231143e-12,-4.4344010688092584e-14
252.57,-2.420885671016818e-12,-4.586887192309336e-14
252.58,-2.4193047796024155e-12,-4.7388834250067994e-14
252.59,-2.417720778678488e-12,-4.890377455819316e-14
252.6,-2.416133509604433e-12,-5.041365249869223e-14
252.61,-2.4145431417816606e-12,-5.1918420700687e-14
252.62,-2.4129493116263383e-12,-5.341796088922089e-14
252.63,-2.4113526634737246e-12,-5.491235668833558e-14
252.64,-2.4097530472027495e-12,-5.6401494650920025e-14
252.65,-2.4081502056600214e-12,-5.788529926922157e-14
252.66,-2.4065444949093634e-12,-5.936373858299193e-14
252.67,-2.4049360632848076e-12,-6.083678210162314e-14
252.68,-2.4033245970210602e-12,-6.230441365035567e-14
252.69,-2.4017105021028787e-12,-6.376641271858388e-14
252.7,-2.4000935338398253e-12,-6.522299776793147e-14
252.71,-2.398474105104348e-12,-6.667401355999034e-14
252.72,-2.3968518954396254e-12,-6.811928484686137e-14
252.73,-2.3952261312242735e-12,-6.955900998098979e-14
252.74,-2.3935998830720712e-12,-7.099278190748725e-14
252.75,-2.3919701592083523e-12,-7.242095667177178e-14
252.76,-2.390338278850817e-12,-7.38433327584349e-14
252.77,-2.388703865035879e-12,-7.525976746468198e-14
252.78,-2.3870676783822524e-12,-7.66694243602485e-14
252.79,-2.3854278462265335e-12,-7.807480133973687e-14
252.8,-2.3837866138260807e-12,-7.947343933188886e-14
252.81,-2.3821433733101533e-12,-8.086605372041578e-14
252.82,-2.3804977208733402e-12,-8.22524673154985e-14
252.83,-2.3788503613233403e-12,-8.363285498328304e-14
252.84,-2.3772004722443345e-12,-8.500689823727747e-14
252.85,-2.375549395075122e-12,-8.637500017648065e-14
252.86,-2.3738959685677457e-12,-8.773673956028913e-14
252.87,-2.3722410271539947e-12,-8.909223997066219e-14
252.88,-2.370583879502213e-12,-9.044133512154007e-14
252.89,-2.368924947264121e-12,-9.178398985161286e-14
252.9,-2.367264744725747e-12,-9.312031060772704e-14
252.91,-2.3656025416129526e-12,-9.44499378194579e-14
252.92,-2.3639390739920695e-12,-9.577355099662921e-14
252.93,-2.362273966138165e-12,-9.709042529052232e-14
252.94,-2.3606075269547067e-12,-9.840070785956638e-14
252.95,-2.3589392976213315e-12,-9.970437128090322e-14
252.96,-2.3572697903067155e-12,-1.0100137678309454e-13
252.97,-2.355599225783191e-12,-1.0229173867849005e-13
252.98,-2.3539272838883092e-12,-1.0357537518365667e-13
252.99,-2.352254089557734e-12,-1.0485223387185936e-13
253.0,-2.3505799779522693e-12,-1.0612239338437289e-13
253.01,-2.3489044336947482e-12,-1.0738567815710037e-13
253.02,-2.3472278329689835e-12,-1.0864190787751902e-13
253.03,-2.3455504056995843e-12,-1.0989146150710398e-13
253.04,-2.3438719764772506e-12,-1.1113399496994987e-13
253.05,-2.342192595496389e-12,-1.1236955660597492e-13
253.06,-2.3405123080215927e-12,-1.1359808104261173e-13
253.07,-2.3388314028169265e-12,-1.148196314963544e-13
253.08,-2.337149664301906e-12,-1.1603409194187103e-13
253.09,-2.335467275773175e-12,-1.1724145691895228e-13
253.1,-2.3337841845441458e-12,-1.184416659987218e-13
253.11,-2.3321006091920737e-12,-1.1963477202410526e-13
253.12,-2.3304162040791264e-12,-1.2082045155946817e-13
253.13,-2.3287315796152805e-12,-1.2199909286399441e-13
253.14,-2.3270465357326227e-12,-1.231704797582227e-13
253.15,-2.3253611762317414e-12,-1.2433449710714514e-13
253.16,-2.3236751615027208e-12,-1.2549114646166471e-13
253.17,-2.321989280316356e-12,-1.2664051122277666e-13
253.18,-2.320303099275489e-12,-1.2778264859361275e-13
253.19,-2.3186165537326627e-12,-1.2891697706265618e-13
253.2,-2.3169298096983185e-12,-1.3004405045800833e-13
253.21,-2.3152431560024873e-12,-1.3116365743353015e-13
253.22,-2.3135567756140304e-12,-1.3227579401679272e-13
253.23,-2.3118699098955038e-12,-1.3338027301613924e-13
253.24,-2.3101833298640495e-12,-1.3447730402581126e-13
253.25,-2.30849694935124e-12,-1.3556670077738833e-13
253.26,-2.3068106410023024e-12,-1.366485134993642e-13
253.27,-2.305124645405319e-12,-1.377226379746812e-13
253.28,-2.3034389201085344e-12,-1.3878914397602076e-13
253.29,-2.3017535645036508e-12,-1.3984785900376456e-13
253.3,-2.3000685243902058e-12,-1.4089893689289714e-13
253.31,-2.298383630324825e-12,-1.4194212931963497e-13
253.32,-2.2966999161619016e-12,-1.4297777532851552e-13
253.33,-2.2950163881992907e-12,-1.440054830181166e-13
253.34,-2.293333356062274e-12,-1.4502538005181987e-13
253.35,-2.2916511034286714e-12,-1.4603746833503506e-13
253.36,-2.2899696101032312e-12,-1.4704166270605837e-13
253.37,-2.2882886375461332e-12,-1.4803797588341643e-13
253.38,-2.286608375529352e-12,-1.4902648864860883e-13
253.39,-2.2849295169257085e-12,-1.5000693620348474e-13
253.4,-2.283249197855726e-12,-1.5097802165634414e-13
253.41,-2.2815735832518346e-12,-1.5194379984748396e-13
253.42,-2.2798972039320616e-12,-1.5290030757060072e-13
253.43,-2.2782218664892694e-12,-1.5384883093212203e-13
253.44,-2.2765475238239857e-12,-1.547892287974139e-13
253.45,-2.274874334170697e-12,-1.5572155670992863e-13
253.46,-2.2732022613427417e-12,-1.5664582606878102e-13
253.47,-2.271531596918171e-12,-1.5756214169898572e-13
253.48,-2.269862288424084e-12,-1.5847014712702042e-13
253.49,-2.268194219437732e-12,-1.5936994566105727e-13
253.5,-2.2665274246157126e-12,-1.602618794027737e-13
253.51,-2.2648621894565137e-12,-1.6114533276723434e-13
253.52,-2.2631984470536544e-12,-1.6202085270201012e-13
253.53,-2.261536045786992e-12,-1.6288801768749674e-13
253.54,-2.2598754005240533e-12,-1.6374695876657882e-13
253.55,-2.2582163426294382e-12,-1.6459770967862538e-13
253.56,-2.2565589418072825e-12,-1.654400622644461e-13
253.57,-2.25490318481486e-12,-1.6627425320435697e-13
253.58,-2.253249479206987e-12,-1.6710019548128395e-13
253.59,-2.2515972538026994e-12,-1.6791770440015543e-13
253.6,-2.2499469669061415e-12,-1.6872695820229605e-13
253.61,-2.248298635512997e-12,-1.6952790001037695e-13
253.62,-2.2466523183099474e-12,-1.7032042762028825e-13
253.63,-2.2450079383692032e-12,-1.711046873858761e-13
253.64,-2.243365438162801e-12,-1.718804280108689e-13
253.65,-2.241725522824906e-12,-1.7264785601981842e-13
253.66,-2.240087292165383e-12,-1.7340694757119408e-13
253.67,-2.2384517101348622e-12,-1.741576705501654e-13
253.68,-2.2368176944695973e-12,-1.7489974878953136e-13
253.69,-2.23518639024037e-12,-1.7563349107935932e-13
253.7,-2.233557266924019e-12,-1.7635881749856072e-13
253.71,-2.2319306813514176e-12,-1.7707566312399557e-13
253.72,-2.2303062867396444e-12,-1.777840420803925e-13
253.73,-2.2286845695317525e-12,-1.7848395692982468e-13
253.74,-2.2270657544561355e-12,-1.791752594120145e-13
253.75,-2.225448639755916e-12,-1.7985827868378016e-13
253.76,-2.223834547508415e-12,-1.8053273758199042e-13
253.77,-2.2222231282492502e-12,-1.8119859604258206e-13
253.78,-2.2206143336871665e-12,-1.8185603336867928e-13
253.79,-2.219008363724397e-12,-1.8250488993911871e-13
253.8,-2.2174050166333604e-12,-1.8314512142623464e-13
253.81,-2.2158048753514705e-12,-1.8377697884892377e-13
253.82,-2.214208059527467e-12,-1.84400410935147e-13
253.83,-2.21261238519619e-12,-1.850148042667238e-13
253.84,-2.2110207639842957e-12,-1.8562090694596764e-13
253.85,-2.2094320883942245e-12,-1.8621847677444387e-13
253.86,-2.207846443589975e-12,-1.8680739319404567e-13
253.87,-2.2062637298391294e-12,-1.8738779631954588e-13
253.88,-2.2046843801483123e-12,-1.8795963292203616e-13
253.89,-2.2031080705342776e-12,-1.8852278127085158e-13
253.9,-2.2015349754568273e-12,-1.8907739547664943e-13
253.91,-2.1999652937241513e-12,-1.8962349269614782e-13
253.92,-2.1983986381979e-12,-1.9016084341797552e-13
253.93,-2.1968354915717776e-12,-1.9068971358528136e-13
253.94,-2.1952757408512878e-12,-1.9120983797234313e-13
253.95,-2.1937195674706424e-12,-1.9172164114528033e-13
253.96,-2.192166774790183e-12,-1.9222470767880184e-13
253.97,-2.190616944270716e-12,-1.9271910563991222e-13
253.98,-2.1890713763990985e-12,-1.9320486329031729e-13
253.99,-2.1875291902716827e-12,-1.9368207097822514e-13
254.0,-2.185990544270111e-12,-1.9415069492422615e-13
254.01,-2.1844556326411924e-12,-1.9461070641673202e-13
254.02,-2.1829243342298637e-12,-1.9506212637261532e-13
254.03,-2.1813967426504426e-12,-1.9550487688112545e-13
254.04,-2.179873130278514e-12,-1.9593908384978635e-13
254.05,-2.1783533004567016e-12,-1.9636467047614353e-13
254.06,-2.1768372824799446e-12,-1.9678164359990136e-13
254.07,-2.1753253192965965e-12,-1.971900679000682e-13
254.08,-2.1738171327893652e-12,-1.975898120761448e-13
254.09,-2.172312848427389e-12,-1.979810048478946e-13
254.1,-2.1708127349254485e-12,-1.9836358292250876e-13
254.11,-2.1693167747230157e-12,-1.9873766222911774e-13
254.12,-2.1678246874919938e-12,-1.9910292899350138e-13
254.13,-2.1663369677046754e-12,-1.994599960832002e-13
254.14,-2.1648532346156077e-12,-1.998082921604445e-13
254.15,-2.1633737711955153e-12,-2.0014795310551073e-13
254.16,-2.161898440859065e-12,-2.004791135248247e-13
254.17,-2.1604277885899e-12,-2.0080173773476554e-13
254.18,-2.1589611401828983e-12,-2.0111578304272533e-13
254.19,-2.1574990151510463e-12,-2.0142131217352694e-13
254.2,-2.1560410862602227e-12,-2.017183162825183e-13
254.21,-2.1545876996523995e-12,-2.0200684984563543e-13
254.22,-2.153138806825836e-12,-2.0228665130479757e-13
254.23,-2.151694325592627e-12,-2.025580694627033e-13
254.24,-2.1502546362091486e-12,-2.0282099352319207e-13
254.25,-2.1488194124187055e-12,-2.0307532180696102e-13
254.26,-2.1473886536180398e-12,-2.0332121760192595e-13
254.27,-2.1459630137516406e-12,-2.0355907841194685e-13
254.28,-2.1445413570282387e-12,-2.0378762735605113e-13
254.29,-2.1431247021604824e-12,-2.040080618544761e-13
254.3,-2.1417128108646556e-12,-2.0422019739865064e-13
254.31,-2.140305880904277e-12,-2.044237493674671e-13
254.32,-2.13890347326311e-12,-2.0461890099008293e-13
254.33,-2.137505948983231e-12,-2.0480564752522131e-13
254.34,-2.136113546426282e-12,-2.0498401625230108e-13
254.35,-2.134725864347323e-12,-2.051539148742262e-13
254.36,-2.133343302110827e-12,-2.0531550464464805e-13
254.37,-2.1319655347252756e-12,-2.0546870690420206e-13
254.38,-2.1305928559429265e-12,-2.0561350393912058e-13
254.39,-2.129225099840432e-12,-2.0574960164842367e-13
254.4,-2.127862729407034e-12,-2.0587808407698782e-13
254.41,-2.1265052726836654e-12,-2.0599786104986298e-13
254.42,-2.125152952631218e-12,-2.061093523216183e-13
254.43,-2.1238057232434076e-12,-2.0621258719185153e-13
254.44,-2.1224638193756036e-12,-2.0630748894749332e-13
254.45,-2.1211272711382588e-12,-2.0639413604375167e-13
254.46,-2.1197958351427787e-12,-2.064725641463558e-13
254.47,-2.11846958576923e-12,-2.0654271679966296e-13
254.48,-2.117148775576439e-12,-2.066046820708204e-13
254.49,-2.11583327182152e-12,-2.066585031202819e-13
254.5,-2.1145231260966956e-12,-2.067040549559936e-13
254.51,-2.113218600438134e-12,-2.0674136347614165e-13
254.52,-2.111919285250608e-12,-2.0677065151361451e-13
254.53,-2.1106254965092628e-12,-2.06791763921961e-13
254.54,-2.1093372493030454e-12,-2.0680473080874904e-13
254.55,-2.1080545088272012e-12,-2.068095959143722e-13
254.56,-2.1067772426766494e-12,-2.0680640184989768e-13
254.57,-2.1055056460991054e-12,-2.0679509190063365e-13
254.58,-2.1042395097813296e-12,-2.0677585177072384e-13
254.59,-2.1029792000861495e-12,-2.0674850316216042e-13
254.6,-2.1017245628128102e-12,-2.0671313272623302e-13
254.61,-2.1004755704726788e-12,-2.0666981004750706e-13
254.62,-2.099232136929276e-12,-2.066184436541058e-13
254.63,-2.097994652224856e-12,-2.0655919761456373e-13
254.64,-2.0967626325009444e-12,-2.06491972964426e-13
254.65,-2.0955367105167027e-12,-2.064169049470869e-13
254.66,-2.0943157660349134e-12,-2.063336521167593e-13
254.67,-2.0931019950845184e-12,-2.0624300795439084e-13
254.68,-2.0918934718604827e-12,-2.0614427698829613e-13
254.69,-2.0906904493011387e-12,-2.0603777443108937e-13
254.7,-2.0894945404355445e-12,-2.0592327385691247e-13
254.71,-2.088303377452253e-12,-2.058013203095021e-13
254.72,-2.087118457569685e-12,-2.0567139249927875e-13
254.73,-2.0859394822100548e-12,-2.0553375586117216e-13
254.74,-2.084766681247557e-12,-2.0538844804138904e-13
254.75,-2.083598272564683e-12,-2.0523581074158502e-13
254.76,-2.0824391734717476e-12,-2.0507470554162496e-13
254.77,-2.081284337595424e-12,-2.0490637805527602e-13
254.78,-2.0801357642424814e-12,-2.0473038465066768e-13
254.79,-2.078993208466921e-12,-2.0454688336561535e-13
254.8,-2.0778566007098375e-12,-2.0435575999783689e-13
254.81,-2.076726584652951e-12,-2.0415703714193835e-13
254.82,-2.075602503560075e-12,-2.0395089654978233e-13
254.83,-2.074484621593399e-12,-2.0373717990768048e-13
254.84,-2.0733730076656437e-12,-2.0351599669359472e-13
254.85,-2.07226757654158e-12,-2.032874280139617e-13
254.86,-2.071168447362258e-12,-2.03051411142282e-13
254.87,-2.0700758404078957e-12,-2.028079555414649e-13
254.88,-2.0689889668248394e-12,-2.025572485796834e-13
254.89,-2.0679086526220077e-12,-2.022990155957754e-13
254.9,-2.0668347631067434e-12,-2.020336504984805e-13
254.91,-2.0657669732193845e-12,-2.0176071693818047e-13
254.92,-2.06470584894443e-12,-2.0148089719123182e-13
254.93,-2.063651025582114e-12,-2.0119374614719684e-13
254.94,-2.0626025876276047e-12,-2.0089932148634446e-13
254.95,-2.0615605272775726e-12,-2.0059776937775597e-13
254.96,-2.0605250451419116e-12,-2.0028902870980623e-13
254.97,-2.0594959518917305e-12,-1.9997319443044482e-13
254.98,-2.0584731622632026e-12,-1.9965014538506457e-13
254.99,-2.057456807438097e-12,-1.9932029961124622e-13
255.0,-2.0564473388637036e-12,-1.9898323145894724e-13
255.01,-2.055444185377507e-12,-1.9863917567752542e-13
255.02,-2.0544476041069855e-12,-1.9828816272058775e-13
255.03,-2.053457465766504e-12,-1.9793024182968353e-13
255.04,-2.0524739334547042e-12,-1.975653712359952e-13
255.05,-2.051497026220951e-12,-1.9719360928341653e-13
255.06,-2.05052669828544e-12,-1.968150407377035e-13
255.07,-2.049562909843101e-12,-1.9642967002202032e-13
255.08,-2.0486057496560105e-12,-1.9603744194535732e-13
255.09,-2.0476551575631694e-12,-1.9563848858332617e-13
255.1,-2.0467111704609305e-12,-1.952328162345417e-13
255.11,-2.0457739282649682e-12,-1.9482047103712316e-13
255.12,-2.04484346807385e-12,-1.944013619742412e-13
255.13,-2.043919708065394e-12,-1.9397577140712067e-13
255.14,-2.0430023724290385e-12,-1.9354347757977326e-13
255.15,-2.0420920595511126e-12,-1.9310461103660245e-13
255.16,-2.0411882289765225e-12,-1.9265926725739175e-13
255.17,-2.0402912013019624e-12,-1.9220740574610417e-13
255.18,-2.0394008375285976e-12,-1.9174904498279605e-13
255.19,-2.0385173797682574e-12,-1.9128428551253184e-13
255.2,-2.0376402667715933e-12,-1.90813108290652e-13
255.21,-2.0367703367532427e-12,-1.9033557839854162e-13
255.22,-2.0359070286971446e-12,-1.8985169630298915e-13
255.23,-2.035050569510891e-12,-1.8936147995207805e-13
255.24,-2.0342006937636418e-12,-1.8886505015879982e-13
255.25,-2.0333577832351445e-12,-1.8836238984790134e-13
255.26,-2.03252162390063e-12,-1.8785351519813794e-13
255.27,-2.0316925005317564e-12,-1.8733843253141916e-13
255.28,-2.0308693987101603e-12,-1.8681748742620318e-13
255.29,-2.0300544317251197e-12,-1.8629002142028085e-13
255.3,-2.0292455806309698e-12,-1.857567017202867e-13
255.31,-2.0284436179967645e-12,-1.8521736716347308e-13
255.32,-2.027648593519138e-12,-1.8467209469959282e-13
255.33,-2.026859942358352e-12,-1.8412054839062648e-13
255.34,-2.0260788770234077e-12,-1.8356355259825989e-13
255.35,-2.02530452435859e-12,-1.8300044631999514e-13
255.36,-2.024536737979889e-12,-1.8243156354619382e-13
255.37,-2.0237748841869413e-12,-1.818567180477578e-13
255.38,-2.023022110902751e-12,-1.812763247625029e-13
255.39,-2.022275088470818e-12,-1.8069003527556897e-13
255.4,-2.02153492389025e-12,-1.800981134403704e-13
255.41,-2.0208017835499915e-12,-1.795004947247653e-13
255.42,-2.0200756546639415e-12,-1.7889728158743652e-13
255.43,-2.0193561250945843e-12,-1.7828851095996364e-13
255.44,-2.018643592813964e-12,-1.7767412485981808e-13
255.45,-2.0179379925589125e-12,-1.7705423734750446e-13
255.46,-2.0172395880808215e-12,-1.7642889713064655e-13
255.47,-2.0165476921204623e-12,-1.7579810871903435e-13
255.48,-2.015862977304966e-12,-1.7516204042020207e-13
255.49,-2.0151850666048466e-12,-1.745203445690093e-13
255.5,-2.0145138560300484e-12,-1.738735090200748e-13
255.51,-2.01384993920342e-12,-1.7322135643898989e-13
255.52,-2.013192726902696e-12,-1.7256394396618104e-13
255.53,-2.012542577418555e-12,-1.719013283465374e-13
255.54,-2.011899393178815e-12,-1.7123354305716451e-13
255.55,-2.0112626296773145e-12,-1.7056058948969223e-13
255.56,-2.0106334423146074e-12,-1.698826344767317e-13
255.57,-2.0100107812572028e-12,-1.6919956997581233e-13
255.58,-2.009395228239452e-12,-1.68511472058536e-13
255.59,-2.008786703001922e-12,-1.6781848015246516e-13
255.6,-2.0081850031502266e-12,-1.671205031201329e-13
255.61,-2.0075901348386704e-12,-1.6641764831247283e-13
255.62,-2.007002221984411e-12,-1.657098752422632e-13
255.63,-2.006421271878954e-12,-1.6499736243905144e-13
255.64,-2.005846388163301e-12,-1.642801210392844e-13
255.65,-2.005280031985599e-12,-1.6355798250894578e-13
255.66,-2.0047197043097368e-12,-1.628312096691738e-13
255.67,-2.0041665861810964e-12,-1.6209983456966284e-13
255.68,-2.003620122719568e-12,-1.6136380904389335e-13
255.69,-2.0030805006886617e-12,-1.6062318521167713e-13
255.7,-2.002547840333623e-12,-1.5987803925434234e-13
255.71,-2.002021942640644e-12,-1.5912839825156865e-13
255.72,-2.0015030863394148e-12,-1.5837434488365542e-13
255.73,-2.000991209727638e-12,-1.5761587006513892e-13
255.74,-2.0004857611333293e-12,-1.568529868479507e-13
255.75,-1.999987246519105e-12,-1.5608577479567932e-13
255.76,-1.999497068066088e-12,-1.5531426802310662e-13
255.77,-1.999011727482689e-12,-1.5453849875376588e-13
255.78,-1.9985341301210452e-12,-1.5375860194703316e-13
255.79,-1.9980634322598105e-12,-1.5297467207130275e-13
255.8,-1.9975993158190112e-12,-1.5218625801270219e-13
255.81,-1.9971421588414364e-12,-1.5139392608898688e-13
255.82,-1.996691015255057e-12,-1.5059750410381768e-13
255.83,-1.996248357005634e-12,-1.49797209305731e-13
255.84,-1.9958116364374383e-12,-1.4899286872092036e-13
255.85,-1.9953816459524256e-12,-1.4818461250229196e-13
255.86,-1.9949585274439582e-12,-1.4737249957961535e-13
255.87,-1.994542119366523e-12,-1.4655649514373456e-13
255.88,-1.994132403010057e-12,-1.4573682192895652e-13
255.89,-1.9937300115063253e-12,-1.4491327670434424e-13
255.9,-1.9933337501969373e-12,-1.4408605711230768e-13
255.91,-1.992944342809954e-12,-1.432552508154162e-13
255.92,-1.9925621899611913e-12,-1.4242065547788878e-13
255.93,-1.9921862660789727e-12,-1.4158273738229746e-13
255.94,-1.9918169110576314e-12,-1.4074094399430318e-13
255.95,-1.991454746423545e-12,-1.3989588518128263e-13
255.96,-1.9910990853379176e-12,-1.3904730379520911e-13
255.97,-1.9907500730304408e-12,-1.3819531872792111e-13
255.98,-1.990407787238868e-12,-1.3733994198350566e-13
255.99,-1.9900722448720468e-12,-1.3648124778113688e-13
256.0,-1.9897431720619156e-12,-1.3561926257994317e-13
256.01,-1.989420722168041e-12,-1.347540307198769e-13
256.02,-1.989104964776473e-12,-1.3388560347913638e-13
256.03,-1.988795811213411e-12,-1.3301403439255056e-13
256.04,-1.9884933901934415e-12,-1.321393525489742e-13
256.05,-1.988197611027196e-12,-1.3126155661874348e-13
256.06,-1.9879084473423746e-12,-1.303808094319002e-13
256.07,-1.987625450029469e-12,-1.2949684527519627e-13
256.08,-1.9873491859894034e-12,-1.2861025828195155e-13
256.09,-1.987079136442346e-12,-1.2772053609625278e-13
256.1,-1.9868162184676946e-12,-1.2682811012440632e-13
256.11,-1.9865595063757968e-12,-1.259327974724352e-13
256.12,-1.986309770289381e-12,-1.2503471110778573e-13
256.13,-1.9860658572789413e-12,-1.2413394529864748e-13
256.14,-1.985828557941039e-12,-1.2323039447757835e-13
256.15,-1.9855979048448606e-12,-1.2232430567525461e-13
256.16,-1.98537340080286e-12,-1.2141551434232702e-13
256.17,-1.9851553158232047e-12,-1.2050420656458702e-13
256.18,-1.984944637078432e-12,-1.1959047320462295e-13
256.19,-1.9847387004667382e-12,-1.1867407676563662e-13
256.2,-1.9845398900251892e-12,-1.177553295356012e-13
256.21,-1.9843476076633186e-12,-1.1683383461493603e-13
256.22,-1.9841613813650763e-12,-1.159107684587208e-13
256.23,-1.9839816223094908e-12,-1.1498499891053653e-13
256.24,-1.9838072664867507e-12,-1.1405691294590708e-13
256.25,-1.983641328536368e-12,-1.1312677166231559e-13
256.26,-1.9834801483845163e-12,-1.1219433452260146e-13
256.27,-1.9833248863221038e-12,-1.1125976018626039e-13
256.28,-1.9831765863103076e-12,-1.1032314044145096e-13
256.29,-1.983034403924315e-12,-1.0938447986455903e-13
256.3,-1.982898155208991e-12,-1.0844379641959666e-13
256.31,-1.982768255340191e-12,-1.07501140652635e-13
256.32,-1.98264440294854e-12,-1.0655655862465696e-13
256.33,-1.9825269820062532e-12,-1.0561023375814317e-13
256.34,-1.9824152638321207e-12,-1.0466193730772675e-13
256.35,-1.982309945719642e-12,-1.037118618727088e-13
256.36,-1.9822116324891798e-12,-1.0276020261345243e-13
256.37,-1.9821172362700516e-12,-1.0180661533781494e-13
256.38,-1.9820299422438006e-12,-1.0085148824088252e-13
256.39,-1.981948682401059e-12,-9.989470584427911e-14
256.4,-1.98187336060543e-12,-9.893637507382722e-14
256.41,-1.981804051759076e-12,-9.797649064074237e-14
256.42,-1.9817407634186495e-12,-9.701517974143669e-14
256.43,-1.9816833247182343e-12,-9.605236794103243e-14
256.44,-1.9816316504973186e-12,-9.508812358134741e-14
256.45,-1.981586208065161e-12,-9.412263982158652e-14
256.46,-1.9815459793443016e-12,-9.315557249451515e-14
256.47,-1.9815119624747763e-12,-9.218748348075471e-14
256.48,-1.9814842013761423e-12,-9.121814548054462e-14
256.49,-1.9814614791135288e-12,-9.024751445776354e-14
256.5,-1.9814450160312617e-12,-8.927579697366082e-14
256.51,-1.9814338112288744e-12,-8.830291730255375e-14
256.52,-1.9814283813852065e-12,-8.732896053282884e-14
256.53,-1.981429814271831e-12,-8.63541660557766e-14
256.54,-1.981435842178776e-12,-8.537821143964032e-14
256.55,-1.981447566495392e-12,-8.440136452790225e-14
256.56,-1.9814650227646502e-12,-8.342360434241681e-14
256.57,-1.9814881011627667e-12,-8.244499071546718e-14
256.58,-1.9815164621841477e-12,-8.146550486045492e-14
256.59,-1.981550966637272e-12,-8.048541852658996e-14
256.6,-1.9815905878431452e-12,-7.950443584212145e-14
256.61,-1.981635936833027e-12,-7.85228822725397e-14
256.62,-1.981686690018808e-12,-7.754060525099822e-14
256.63,-1.981744169251148e-12,-7.655844484037147e-14
256.64,-1.981804484256419e-12,-7.55744020924291e-14
256.65,-1.981872105160209e-12,-7.45905653796716e-14
256.66,-1.981943467550891e-12,-7.360592907670199e-14
256.67,-1.9820223695701557e-12,-7.262150436205466e-14
256.68,-1.982104540805045e-12,-7.163584680090477e-14
256.69,-1.9821928926046193e-12,-7.06502597634262e-14
256.7,-1.9822864974646927e-12,-6.96643137248339e-14
256.71,-1.9823854268413353e-12,-6.867814948185128e-14
256.72,-1.982486987822134e-12,-6.769120247103239e-14
256.73,-1.9825986866014093e-12,-6.670507493453752e-14
256.74,-1.9827132089402686e-12,-6.571830303386986e-14
256.75,-1.9828326460260715e-12,-6.473138480376078e-14
256.76,-1.9829573325024005e-12,-6.374442023464529e-14
256.77,-1.9830868915698494e-12,-6.275739570744618e-14
256.78,-1.983221605907323e-12,-6.177039039905944e-14
256.79,-1.9833613639258584e-12,-6.078347417600865e-14
256.8,-1.9835063770981915e-12,-5.979665389277241e-14
256.81,-1.9836556388846365e-12,-5.880984700002917e-14
256.82,-1.983810528854746e-12,-5.78233434056721e-14
256.83,-1.9839701476588024e-12,-5.6837025360120304e-14
256.84,-1.9841346732250948e-12,-5.585089412439853e-14
256.85,-1.9843039232862197e-12,-5.486506257630052e-14
256.86,-1.9844782424440163e-12,-5.3879673618210584e-14
256.87,-1.9846570000739115e-12,-5.2894532573487275e-14
256.88,-1.9848406565165012e-12,-5.190982324771868e-14
256.89,-1.985029242022583e-12,-5.0925607247598844e-14
256.9,-1.985222087306827e-12,-4.994180819614675e-14
256.91,-1.9854199128823963e-12,-4.8958542014850885e-14
256.92,-1.985622276874667e-12,-4.797585297238738e-14
256.93,-1.985829290692652e-12,-4.6993752594191664e-14
256.94,-1.9860409094925405e-12,-4.601236903433713e-14
256.95,-1.9862569863447477e-12,-4.503160185911832e-14
256.96,-1.9864777267924735e-12,-4.4051554250496246e-14
256.97,-1.9867028350585054e-12,-4.3072284815432825e-14
256.98,-1.9869325456428893e-12,-4.209380490282414e-14
256.99,-1.987166504056658e-12,-4.1116163723145935e-14
257.0,-1.9874050384970058e-12,-4.0139404436919334e-14
257.01,-1.987648146373562e-12,-3.9163601195149113e-14
257.02,-1.987895345260897e-12,-3.818871275417435e-14
257.03,-1.988146517820602e-12,-3.721470832279772e-14
257.04,-1.9884020478794634e-12,-3.624177512478177e-14
257.05,-1.988662032215357e-12,-3.526989333970996e-14
257.06,-1.988926030950171e-12,-3.429912974215141e-14
257.07,-1.9891944285598986e-12,-3.3329509540777557e-14
257.08,-1.9894667451017435e-12,-3.2361006371999933e-14
257.09,-1.9897434954504408e-12,-3.1393813453813006e-14
257.1,-1.9900240035950864e-12,-3.0427745348056367e-14
257.11,-1.990308467440435e-12,-2.946301585781619e-14
257.12,-1.9905974115879204e-12,-2.849966954606613e-14
257.13,-1.990889710077918e-12,-2.7537520182374673e-14
257.14,-1.99118652617085e-12,-2.6576920609960714e-14
257.15,-1.9914871462939804e-12,-2.5617750731588925e-14
257.16,-1.9917918440102743e-12,-2.4659984007238943e-14
257.17,-1.9920996216537323e-12,-2.3703604032707594e-14
257.18,-1.9924119592468977e-12,-2.274890209992222e-14
257.19,-1.992727570621525e-12,-2.179573554452571e-14
257.2,-1.9930473744692578e-12,-2.0844214656907136e-14
257.21,-1.9933703280959955e-12,-1.9894225812980104e-14
257.22,-1.9936974146060402e-12,-1.8945968931730763e-14
257.23,-1.9940279656067326e-12,-1.7999420132668613e-14
257.24,-1.9943622616089016e-12,-1.7054624336461083e-14
257.25,-1.994702124504227e-12,-1.6112346697344348e-14
257.26,-1.9950414547415136e-12,-1.5170441815172265e-14
257.27,-1.995386412963223e-12,-1.4231094478130994e-14
257.28,-1.9957344208048297e-12,-1.3293531742311314e-14
257.29,-1.9960863760765357e-12,-1.2358067716918193e-14
257.3,-1.9964407912036075e-12,-1.1423995251944189e-14
257.31,-1.9968003033605464e-12,-1.0492905305570572e-14
257.32,-1.9971620039676795e-12,-9.563165023765844e-15
257.33,-1.9975269889533375e-12,-8.63560425265733e-15
257.34,-1.9978952427930664e-12,-7.709934980847415e-15
257.35,-1.9982672750747914e-12,-6.786781270148472e-15
257.36,-1.9986421525498893e-12,-5.865595653981487e-15
257.37,-1.9990201184578865e-12,-4.946524368063694e-15
257.38,-1.9994012948897574e-12,-4.0297421497580795e-15
257.39,-1.999785803640783e-12,-3.1151952131909624e-15
257.4,-2.0001728945459846e-12,-2.2029039274176524e-15
257.41,-2.0005632731407076e-12,-1.2929050813450592e-15
257.42,-2.0009565012608866e-12,-3.8526711469637673e-16
257.43,-2.0013525625639474e-12,5.199600149638081e-16
257.44,-2.001751909372235e-12,1.4227821772423833e-15
257.45,-2.0021540319039578e-12,2.3232326042013284e-15
257.46,-2.0025590514292915e-12,3.221160445083038e-15
257.47,-2.002966668398436e-12,4.116596623926929e-15
257.48,-2.003377244870914e-12,5.009497413396982e-15
257.49,-2.0037902086114866e-12,5.899925144255269e-15
257.5,-2.0042064132570104e-12,6.787533889816001e-15
257.51,-2.004625007805652e-12,7.672665498331626e-15
257.52,-2.005045920501801e-12,8.555211430891545e-15
257.53,-2.005469989612288e-12,9.434949097119004e-15
257.54,-2.005896331109234e-12,1.031209498404529e-14
257.55,-2.006325153447504e-12,1.1186433157551774e-14
257.56,-2.0067566663320854e-12,1.2057950811854201e-14
257.57,-2.007190495485698e-12,1.2926684590899262e-14
257.58,-2.0076268662828175e-12,1.3792607634989082e-14
257.59,-2.008065352290072e-12,1.4655678624746153e-14
257.6,-2.00850633057421e-12,1.5515918271622915e-14
257.61,-2.008948547767459e-12,1.6373549151826374e-14
257.62,-2.009395184081906e-12,1.7227463835083723e-14
257.63,-2.009843087457062e-12,1.807874613682988e-14
257.64,-2.010292889814075e-12,1.8927202506815563e-14
257.65,-2.010744947024425e-12,1.9772515790287436e-14
257.66,-2.011199280878664e-12,2.0614736181133204e-14
257.67,-2.0116555380358072e-12,2.1453960241414282e-14
257.68,-2.012113949367855e-12,2.2289999238190756e-14
257.69,-2.0125743044334524e-12,2.3122965844720906e-14
257.7,-2.0130371073933096e-12,2.3952612755504592e-14
257.71,-2.0135010372723945e-12,2.477931629586182e-14
257.72,-2.0139669633267828e-12,2.560277060851816e-14
257.73,-2.014435811218548e-12,2.642240878603837e-14
257.74,-2.0149052477241895e-12,2.723954230598373e-14
257.75,-2.0153768679386156e-12,2.8053091291199262e-14
257.76,-2.015850360608054e-12,2.8863221549208986e-14
257.77,-2.0163256484449744e-12,2.9670098097174205e-14
257.78,-2.016802588568919e-12,3.047348452968274e-14
257.79,-2.0172805954009525e-12,3.127393459481611e-14
257.8,-2.0177611176706716e-12,3.2070328784749646e-14
257.81,-2.0182427252149923e-12,3.286359091538476e-14
257.82,-2.018725770902199e-12,3.365334997300452e-14
257.83,-2.019210734363673e-12,3.4439570400919646e-14
257.84,-2.0196967442424834e-12,3.522232587679987e-14
257.85,-2.0201842189479843e-12,3.600162682587938e-14
257.86,-2.0206735624913778e-12,3.677702963199718e-14
257.87,-2.0211639212237017e-12,3.754910431441051e-14
257.88,-2.0216552232980102e-12,3.831771519251682e-14
257.89,-2.022148472661504e-12,3.9082295712294475e-14
257.9,-2.022642520212367e-12,3.9843411654940276e-14
257.91,-2.023137902722877e-12,4.060089691605867e-14
257.92,-2.023634542952153e-12,4.1354555197205914e-14
257.93,-2.02413237895769e-12,4.210449354621339e-14
257.94,-2.024631076521306e-12,4.2850729613288264e-14
257.95,-2.0251309468993515e-12,4.359317025584742e-14
257.96,-2.025631739821103e-12,4.4331829414739334e-14
257.97,-2.026133639939171e-12,4.506666313304535e-14
257.98,-2.0266364390499033e-12,4.5797684528214476e-14
257.99,-2.0271401051070146e-12,4.652483221848864e-14
258.0,-2.027644673184066e-12,4.724811204781457e-14
258.01,-2.028150186208309e-12,4.796748160800705e-14
258.02,-2.0286562657345697e-12,4.868299022685763e-14
258.03,-2.029163380921011e-12,4.9394320939338366e-14
258.04,-2.029671397408724e-12,5.010184091723291e-14
258.05,-2.0301795039813195e-12,5.080544266708239e-14
258.06,-2.0306882562654746e-12,5.150513508052415e-14
258.07,-2.031198232595256e-12,5.220051651964129e-14
258.08,-2.0317084756539395e-12,5.289201127701438e-14
258.09,-2.032219429765475e-12,5.35794099915444e-14
258.1,-2.032730763624421e-12,5.4262737292485295e-14
258.11,-2.0332424509050767e-12,5.4942056199060624e-14
258.12,-2.0337548417730768e-12,5.5617146964884996e-14
258.13,-2.0342673192841978e-12,5.6288174705250484e-14
258.14,-2.0347803248967835e-12,5.695510035096257e-14
258.15,-2.0352938897644184e-12,5.761749235373111e-14
258.16,-2.035807415304023e-12,5.827623282648177e-14
258.17,-2.0363211436700494e-12,5.893054043764059e-14
258.18,-2.036836264991059e-12,5.958047292520865e-14
258.19,-2.0373498909802905e-12,6.022642052629036e-14
258.2,-2.0378639720605836e-12,6.08680720116241e-14
258.21,-2.038378458721656e-12,6.150537477874438e-14
258.22,-2.0388933145722873e-12,6.21381771352843e-14
258.23,-2.039408009224434e-12,6.27669968158932e-14
258.24,-2.039922343928906e-12,6.339151325090609e-14
258.25,-2.040437171510298e-12,6.40115770786793e-14
258.26,-2.0409517422059427e-12,6.462755239710446e-14
258.27,-2.04146623487544e-12,6.523858057422166e-14
258.28,-2.0419806592510956e-12,6.584555087188434e-14
258.29,-2.042494635566065e-12,6.6448265101148e-14
258.3,-2.0430086341890107e-12,6.70463626850856e-14
258.31,-2.0435223823359194e-12,6.764014983579013e-14
258.32,-2.044035750837375e-12,6.822941463766402e-14
258.33,-2.0445493884837527e-12,6.881420054149005e-14
258.34,-2.0450617528136136e-12,6.93946683205913e-14
258.35,-2.045574177422063e-12,6.997055847210592e-14
258.36,-2.0460860406321985e-12,7.054201885199049e-14
258.37,-2.0465977384277865e-12,7.110885159312444e-14
258.38,-2.047108642502763e-12,7.167135706960038e-14
258.39,-2.04761920438264e-12,7.222913623656807e-14
258.4,-2.048129203888039e-12,7.278239429971069e-14
258.41,-2.0486384409299104e-12,7.333129431399965e-14
258.42,-2.0491473668743945e-12,7.387536430459575e-14
258.43,-2.0496552324514995e-12,7.4415111951617e-14
258.44,-2.0501626779410663e-12,7.495016231974712e-14
258.45,-2.0506693814876993e-12,7.548047375208776e-14
258.46,-2.0511752001091986e-12,7.600632730280363e-14
258.47,-2.051680294798344e-12,7.652744763170149e-14
258.48,-2.052184417427615e-12,7.704414305990753e-14
258.49,-2.052687844195099e-12,7.755614129491704e-14
258.5,-2.0531903867644328e-12,7.806305706949294e-14
258.51,-2.0536921535344494e-12,7.856585202903372e-14
258.52,-2.054192541684871e-12,7.906371418931857e-14
258.53,-2.0546921365082606e-12,7.955689442851372e-14
258.54,-2.055190734936176e-12,8.004544478604447e-14
258.55,-2.055687905140937e-12,8.052936315867857e-14
258.56,-2.0561845093435462e-12,8.100839989899088e-14
258.57,-2.056679770610334e-12,8.148274884923641e-14
258.58,-2.0571738994780232e-12,8.19524199889987e-14
258.59,-2.057666904622037e-12,8.241727332362651e-14
258.6,-2.05815897826638e-12,8.287683623291397e-14
258.61,-2.0586488153397264e-12,8.333294224838847e-14
258.62,-2.059137695260712e-12,8.37833959648674e-14
258.63,-2.0596255533775275e-12,8.422955905628318e-14
258.64,-2.0601122065025135e-12,8.467062885589021e-14
258.65,-2.060596808957827e-12,8.510712633789388e-14
258.66,-2.0610805138415664e-12,8.553855512706115e-14
258.67,-2.061562631248142e-12,8.596530755841425e-14
258.68,-2.0620430967799423e-12,8.638723809533896e-14
258.69,-2.0625215193594466e-12,8.68045304813899e-14
258.7,-2.0629998199874954e-12,8.721672307669453e-14
258.71,-2.063475734918042e-12,8.76242405655245e-14
258.72,-2.063950002992566e-12,8.802686607694691e-14
258.73,-2.064422792312276e-12,8.842468832468904e-14
258.74,-2.0648936967544614e-12,8.881772977223792e-14
258.75,-2.06536296877451e-12,8.920593355359913e-14
258.76,-2.065830481634603e-12,8.958925182854688e-14
258.77,-2.0662961818347555e-12,8.996773788649157e-14
258.78,-2.066760035048593e-12,9.034138740112521e-14
258.79,-2.067222165995297e-12,9.07100571421963e-14
258.8,-2.0676823600898333e-12,9.107396514304722e-14
258.81,-2.068140783597683e-12,9.143295654772019e-14
258.82,-2.0685973659947795e-12,9.178695495883159e-14
258.83,-2.0690515971020447e-12,9.213640533129535e-14
258.84,-2.069504004499967e-12,9.248077457211515e-14
258.85,-2.0699545470856778e-12,9.282030790344755e-14
258.86,-2.0704027029141776e-12,9.315491281059508e-14
258.87,-2.070849013117854e-12,9.348468233211222e-14
258.88,-2.0712932203186166e-12,9.380963519355817e-14
258.89,-2.0717354300009486e-12,9.412945377022742e-14
258.9,-2.0721752014331e-12,9.444469212815601e-14
258.91,-2.0726130792119707e-12,9.47548607917591e-14
258.92,-2.0730483209457444e-12,9.506019416864824e-14
258.93,-2.0734815427431165e-12,9.536056511038666e-14
258.94,-2.073912389146304e-12,9.565607355550559e-14
258.95,-2.0743410445484028e-12,9.594668682486625e-14
258.96,-2.07476731947384e-12,9.623243984473193e-14
258.97,-2.07519110577906e-12,9.651322090967951e-14
258.98,-2.0756125958061492e-12,9.678902710524596e-14
258.99,-2.0760315074658217e-12,9.706002841484542e-14
259.0,-2.0764482066936754e-12,9.73262585490313e-14
259.01,-2.076862427594179e-12,9.758760864330923e-14
259.02,-2.0772739483397568e-12,9.784395630457938e-14
259.03,-2.077683052101626e-12,9.809520737963621e-14
259.04,-2.07808952106317e-12,9.834193532642138e-14
259.05,-2.0784934497314267e-12,9.858359686713284e-14
259.06,-2.078894818398083e-12,9.882032084084257e-14
259.07,-2.0792933366496313e-12,9.905225569615069e-14
259.08,-2.0796892743937844e-12,9.927931839649412e-14
259.09,-2.0800819166861826e-12,9.95011819888042e-14
259.1,-2.0804733304656866e-12,9.971868416781408e-14
259.11,-2.0808607778605765e-12,9.993100078957419e-14
259.12,-2.081245852142109e-12,1.0013838762272373e-13
259.13,-2.081628239817356e-12,1.0034095641747207e-13
259.14,-2.082007439946283e-12,1.0053869941586004e-13
259.15,-2.0823837039516805e-12,1.0073162741913291e-13
259.16,-2.0827575033266394e-12,1.0091963380505071e-13
259.17,-2.0831280612782404e-12,1.0110268323984638e-13
259.18,-2.083495759483359e-12,1.012810727819649e-13
259.19,-2.083860701613187e-12,1.0145436967500837e-13
259.2,-2.084222479838385e-12,1.0162300113246596e-13
259.21,-2.08458132142652e-12,1.0178672751858488e-13
259.22,-2.084936023511517e-12,1.0194473978938967e-13
259.23,-2.0852899071701593e-12,1.0209960076003811e-13
259.24,-2.085639402069815e-12,1.0224881149846985e-13
259.25,-2.085986006886451e-12,1.0239329976878949e-13
259.26,-2.0863296253957993e-12,1.025329739991213e-13
259.27,-2.0866695143849675e-12,1.0266713205339524e-13
259.28,-2.0870066764100797e-12,1.0279753831965737e-13
259.29,-2.087340502312357e-12,1.029227120572573e-13
259.3,-2.08767106213189e-12,1.0304304880008399e-13
259.31,-2.0879984490626766e-12,1.0315839250645019e-13
259.32,-2.0883226632988166e-12,1.0326931924661252e-13
259.33,-2.0886432352292585e-12,1.0337530308048357e-13
259.34,-2.08896076874977e-12,1.0347650697713579e-13
259.35,-2.0892751403448165e-12,1.0357299943102506e-13
259.36,-2.0895859177512853e-12,1.0366471960922582e-13
259.37,-2.0898932563639362e-12,1.0375166347449747e-13
259.38,-2.0901973450143468e-12,1.0383394508585759e-13
259.39,-2.0904978740437493e-12,1.0391130037630931e-13
259.4,-2.090794790042231e-12,1.0398418561961277e-13
259.41,-2.0910886557238287e-12,1.0405218991875469e-13
259.42,-2.091378723201259e-12,1.0411552787472908e-13
259.43,-2.0916653940752303e-12,1.0417406503791035e-13
259.44,-2.091948456804017e-12,1.0422802502679346e-13
259.45,-2.092227926792181e-12,1.0427732699733989e-13
259.46,-2.092503922405107e-12,1.0432186326989574e-13
259.47,-2.092776101563027e-12,1.0436175094979787e-13
259.48,-2.0930449159232124e-12,1.04396979010208e-13
259.49,-2.093309895028452e-12,1.0442767914291196e-13
259.5,-2.0935715516736263e-12,1.0445359095094935e-13
259.51,-2.093829310934708e-12,1.044749564570791e-13
259.52,-2.09408340798765e-12,1.0449170112775348e-13
259.53,-2.094333612958483e-12,1.045037563238071e-13
259.54,-2.0945802721538164e-12,1.0451131505677367e-13
259.55,-2.09482319543929e-12,1.0451424588046915e-13
259.56,-2.0950622496145886e-12,1.0451259221865542e-13
259.57,-2.095297862364387e-12,1.0450651498319546e-13
259.58,-2.095529052922153e-12,1.0449545196615888e-13
259.59,-2.0957567143704315e-12,1.0448035979683926e-13
259.6,-2.0959805008736554e-12,1.0446041735606841e-13
259.61,-2.0962004854655967e-12,1.0443618918820408e-13
259.62,-2.0964165052739946e-12,1.0440729505453976e-13
259.63,-2.0966286506944247e-12,1.0437396141631474e-13
259.64,-2.0968368353553872e-12,1.0433602857401827e-13
259.65,-2.0970411514967243e-12,1.0429380783022089e-13
259.66,-2.097241659868652e-12,1.0424701274594912e-13
259.67,-2.0974380777690506e-12,1.0419571958334316e-13
259.68,-2.0976305776771524e-12,1.0414012233987849e-13
259.69,-2.097818593608117e-12,1.0408005457935554e-13
259.7,-2.0980030942660405e-12,1.0401550585601112e-13
259.71,-2.098183636351282e-12,1.0394650187758349e-13
259.72,-2.098359683071019e-12,1.0387344656150622e-13
259.73,-2.0985317911081345e-12,1.0379575180636636e-13
259.74,-2.098700003730442e-12,1.037137474669056e-13
259.75,-2.0988636150868505e-12,1.0362735928823578e-13
259.76,-2.0990236575408876e-12,1.0353669508209465e-13
259.77,-2.0991796619582837e-12,1.0344173690594911e-13
259.78,-2.099331251435598e-12,1.0334248494814695e-13
259.79,-2.099478859544959e-12,1.0323896907663433e-13
259.8,-2.099622203043329e-12,1.0313109427160402e-13
259.81,-2.0997613287625153e-12,1.0301905754217949e-13
259.82,-2.099896361139573e-12,1.0290266493688691e-13
259.83,-2.1000271391021913e-12,1.0278209399791213e-13
259.84,-2.1001536069398557e-12,1.026573248325386e-13
259.85,-2.1002759579347346e-12,1.0252842554335839e-13
259.86,-2.10039379781913e-12,1.0239521233825591e-13
259.87,-2.1005075502524643e-12,1.0225785926635808e-13
259.88,-2.1006170399114883e-12,1.0211643181067492e-13
259.89,-2.100722216313066e-12,1.0197074286279028e-13
259.9,-2.100823023320878e-12,1.0182104280960568e-13
259.91,-2.100919618953717e-12,1.0166721435354377e-13
259.92,-2.101011830036182e-12,1.0150923526603155e-13
259.93,-2.101099614630098e-12,1.013472686265167e-13
259.94,-2.101183162552605e-12,1.0118112638624908e-13
259.95,-2.101262406008455e-12,1.0101107067060881e-13
259.96,-2.101337147591189e-12,1.008369622482528e-13
259.97,-2.1014077167054245e-12,1.0065887970772423e-13
259.98,-2.1014736256360134e-12,1.0047673679231023e-13
259.99,-2.101535571518753e-12,1.0029070754114285e-13
260.0,-2.1015922709800462e-12,1.0010059202933798e-13
260.01,-2.1016450143140624e-12,9.990661705004011e-14
260.02,-2.1016935406747932e-12,9.970877587354311e-14
260.03,-2.1017377333273805e-12,9.950698111334851e-14
260.04,-2.1017766838368747e-12,9.930122335188296e-14
260.05,-2.1018115337922307e-12,9.909170197842196e-14
260.06,-2.1018420445657104e-12,9.887825903295619e-14
260.07,-2.1018680125386625e-12,9.866104284970627e-14
260.08,-2.10188935368354e-12,9.844017183280365e-14
260.09,-2.1019064902081678e-12,9.821517985327691e-14
260.1,-2.1019190378585984e-12,9.798649949691416e-14
260.11,-2.101926981972937e-12,9.775414135046402e-14
260.12,-2.1019301029120362e-12,9.751790883481779e-14
260.13,-2.1019292157193753e-12,9.727816646421986e-14
260.14,-2.101923500474928e-12,9.703455635510386e-14
260.15,-2.1019134087319522e-12,9.678741123734173e-14
260.16,-2.1018987036692563e-12,9.653631856479365e-14
260.17,-2.101879218134787e-12,9.628193949082834e-14
260.18,-2.1018552028636954e-12,9.602375690848204e-14
260.19,-2.1018266826551364e-12,9.576195920102629e-14
260.2,-2.1017936301460054e-12,9.549654747561343e-14
260.21,-2.1017561491756074e-12,9.522769090842679e-14
260.22,-2.1017134444340534e-12,9.49551382990423e-14
260.23,-2.1016677218070616e-12,9.467919201886242e-14
260.24,-2.1016150836431275e-12,9.439959666531046e-14
260.25,-2.1015589860331414e-12,9.411656669656031e-14
260.26,-2.101498239539419e-12,9.383010425988473e-14
260.27,-2.101432904138801e-12,9.354016377880611e-14
260.28,-2.101362976951496e-12,9.324681087049308e-14
260.29,-2.1012882707982125e-12,9.295006668314921e-14
260.3,-2.101209151363546e-12,9.264978844897425e-14
260.31,-2.1011251556627637e-12,9.234635714116105e-14
260.32,-2.1010365021345465e-12,9.203949824857991e-14
260.33,-2.1009432130068395e-12,9.172928582140442e-14
260.34,-2.100845370592676e-12,9.141577041061998e-14
260.35,-2.1007431429332813e-12,9.109894377827201e-14
260.36,-2.100635581654121e-12,9.077892555123712e-14
260.37,-2.100523597444905e-12,9.045553911369596e-14
260.38,-2.1004071746336005e-12,9.012909343398454e-14
260.39,-2.1002858767501508e-12,8.979929889416173e-14
260.4,-2.1001599549872155e-12,8.946648125715807e-14
260.41,-2.1000296357499505e-12,8.913038820501892e-14
260.42,-2.09989409366982e-12,8.879118494016753e-14
260.43,-2.0997542788046054e-12,8.844885108609405e-14
260.44,-2.0996093848039827e-12,8.810352306147658e-14
260.45,-2.099460235555846e-12,8.775496490536349e-14
260.46,-2.0993062731757082e-12,8.740346318528385e-14
260.47,-2.09914679518852e-12,8.704887235850438e-14
260.48,-2.0989837770734443e-12,8.669131082420017e-14
260.49,-2.098815818103585e-12,8.633077967354023e-14
260.5,-2.0986428543881346e-12,8.59672545420849e-14
260.51,-2.0984655432371978e-12,8.560081383929554e-14
260.52,-2.0982841229487045e-12,8.523152144990211e-14
260.53,-2.098095719519187e-12,8.485916157649331e-14
260.54,-2.0979045536429103e-12,8.448402611987405e-14
260.55,-2.0977083922210908e-12,8.410603130196593e-14
260.56,-2.0975074555193394e-12,8.372515937388336e-14
260.57,-2.0973028822070777e-12,8.334032610557643e-14
260.58,-2.09709143777959e-12,8.295525239536448e-14
260.59,-2.0968762684132445e-12,8.256604917611289e-14
260.6,-2.0966566012273677e-12,8.217411729364184e-14
260.61,-2.0964323763082984e-12,8.17795173732113e-14
260.62,-2.096203183220881e-12,8.138220306286475e-14
260.63,-2.0959691213522223e-12,8.098226010633545e-14
260.64,-2.0957307250775506e-12,8.057958842878716e-14
260.65,-2.095487416473331e-12,8.017440570932505e-14
260.66,-2.0952397566898217e-12,7.976669027758e-14
260.67,-2.0949871195036127e-12,7.935609865659461e-14
260.68,-2.0947298672204288e-12,7.894314404682768e-14
260.69,-2.0944678753990266e-12,7.852763985054244e-14
260.7,-2.094202568314769e-12,7.8109568517811e-14
260.71,-2.09392996441959e-12,7.768911238424624e-14
260.72,-2.0936543351402384e-12,7.726614588138482e-14
260.73,-2.093373860608291e-12,7.684074822919858e-14
260.74,-2.093088535958149e-12,7.641296152173086e-14
260.75,-2.092798975856092e-12,7.598275476797138e-14
260.76,-2.092504477468446e-12,7.555019315874122e-14
260.77,-2.0922051347812157e-12,7.511529266507328e-14
260.78,-2.091901387760539e-12,7.467807629373045e-14
260.79,-2.09159262731022e-12,7.423859891906554e-14
260.8,-2.0912796758111093e-12,7.379678588638132e-14
260.81,-2.090961922339715e-12,7.335276067752419e-14
260.82,-2.090640001585066e-12,7.290650619855934e-14
260.83,-2.0903125440665334e-12,7.245809575693178e-14
260.84,-2.0899813517686587e-12,7.200743550552714e-14
260.85,-2.0896451628927304e-12,7.155459401439569e-14
260.86,-2.0893044909764965e-12,7.109974931136184e-14
260.87,-2.0889591597043132e-12,7.064267902040853e-14
260.88,-2.0886098321915493e-12,7.018358222561943e-14
260.89,-2.0882546734888917e-12,6.972244146782712e-14
260.9,-2.087895720247242e-12,6.925928280345879e-14
260.91,-2.0875318211703726e-12,6.87941170510932e-14
260.92,-2.087163602908047e-12,6.832697995355361e-14
260.93,-2.0867911772589136e-12,6.785780042746499e-14
260.94,-2.0864133864196695e-12,6.738681960897803e-14
260.95,-2.0860319244172493e-12,6.691381074406409e-14
260.96,-2.0856456612720658e-12,6.643896605265986e-14
260.97,-2.0852544847339638e-12,6.596227279617516e-14
260.98,-2.0848594892213953e-12,6.548367333360647e-14
260.99,-2.084459562455761e-12,6.500331080630685e-14
261.0,-2.0840547333106583e-12,6.452120022295911e-14
261.01,-2.083646049118957e-12,6.403725713824325e-14
261.02,-2.083232827504843e-12,6.355159139433209e-14
261.03,-2.082815273496262e-12,6.306420864497517e-14
261.04,-2.0823928565929405e-12,6.25751677560339e-14
261.05,-2.0819663538816074e-12,6.208443485268525e-14
261.06,-2.0815338003617082e-12,6.159222648757478e-14
261.07,-2.0810993470509033e-12,6.109806038451904e-14
261.08,-2.080659420558009e-12,6.060249911830926e-14
261.09,-2.080214904819756e-12,6.010537323544425e-14
261.1,-2.0797659599012795e-12,5.960663617098536e-14
261.11,-2.0793129386502577e-12,5.910647596629775e-14
261.12,-2.0788552492808727e-12,5.860474155331091e-14
261.13,-2.07839337815842e-12,5.810159162751045e-14
261.14,-2.0779268825923564e-12,5.759697295420599e-14
261.15,-2.0774563406918115e-12,5.70909621770696e-14
261.16,-2.076981123008419e-12,5.658349361507718e-14
261.17,-2.076501834199615e-12,5.6074704920963357e-14
261.18,-2.0760182466513468e-12,5.5564546798873785e-14
261.19,-2.0755300460791346e-12,5.505411423492343e-14
261.2,-2.0750380183158068e-12,5.454032135299105e-14
261.21,-2.0745413793908586e-12,5.4026200328005645e-14
261.22,-2.074040653743591e-12,5.3510917720033974e-14
261.23,-2.073535973896405e-12,5.299433716485886e-14
261.24,-2.073025074651575e-12,5.247688123924161e-14
261.25,-2.072512604452931e-12,5.195778112443471e-14
261.26,-2.0719946496274216e-12,5.1437766900621945e-14
261.27,-2.071472791689116e-12,5.0916560413708616e-14
261.28,-2.0709464930845974e-12,5.039433591998587e-14
261.29,-2.0704161333791616e-12,4.9870939473072326e-14
261.3,-2.0698813028989724e-12,4.9346614137840004e-14
261.31,-2.0693426872383214e-12,4.8821133677463167e-14
261.32,-2.06880010450945e-12,4.829460623696438e-14
261.33,-2.068252976209214e-12,4.7767228481182706e-14
261.34,-2.0677021408012926e-12,4.7238867611019823e-14
261.35,-2.0671469956783662e-12,4.670952833830298e-14
261.36,-2.0665873862706825e-12,4.61794054106698e-14
261.37,-2.0660241927315956e-12,4.5648253414892374e-14
261.38,-2.0654566679083666e-12,4.511635246407252e-14
261.39,-2.0648853856956366e-12,4.45834771647189e-14
261.4,-2.0643097725762194e-12,4.404996192456537e-14
261.41,-2.0637302315167505e-12,4.351555640238133e-14
261.42,-2.063146741698111e-12,4.2980439918797246e-14
261.43,-2.0625592939400547e-12,4.244454266154192e-14
261.44,-2.06196777449956e-12,4.1907982016756225e-14
261.45,-2.0613723350984215e-12,4.137070023177853e-14
261.46,-2.0607733281707996e-12,4.0832760441568454e-14
261.47,-2.0601696072820844e-12,4.0294213156470526e-14
261.48,-2.0595625118157908e-12,3.975499035748301e-14
261.49,-2.0589515366840484e-12,3.9215188746072936e-14
261.5,-2.0583363350587757e-12,3.867490026644088e-14
261.51,-2.0577178656684695e-12,3.8133922793243436e-14
261.52,-2.0570951856883612e-12,3.7592504658601275e-14
261.53,-2.056467363324847e-12,3.705084448574974e-14
261.54,-2.055838712456072e-12,3.650818303334181e-14
261.55,-2.0552035625011515e-12,3.596565754195277e-14
261.56,-2.054566193329733e-12,3.5422211139804506e-14
261.57,-2.0539245468588083e-12,3.4878554355004655e-14
261.58,-2.053279114485689e-12,3.433450571512543e-14
261.59,-2.052630014762366e-12,3.379015642041919e-14
261.6,-2.051977354097497e-12,3.324538324195053e-14
261.61,-2.051320428849566e-12,3.270044813665518e-14
261.62,-2.0506605163389654e-12,3.215508397690606e-14
261.63,-2.0499966384634857e-12,3.160956774070732e-14
261.64,-2.0493293683653186e-12,3.1063586814647336e-14
261.65,-2.0486582699627072e-12,3.051773810740881e-14
261.66,-2.0479833415822133e-12,2.997159636853712e-14
261.67,-2.0473051994803413e-12,2.942515900030414e-14
261.68,-2.046623294705566e-12,2.887858118201243e-14
261.69,-2.045937950015866e-12,2.8332090820463342e-14
261.7,-2.0452489525059002e-12,2.77854037251054e-14
261.71,-2.044556471393792e-12,2.7238629687897e-14
261.72,-2.043859947695994e-12,2.6691933593212117e-14
261.73,-2.0431606542680556e-12,2.6145084820694632e-14
261.74,-2.0424580490031293e-12,2.559818215091292e-14
261.75,-2.041751662754728e-12,2.5051333736462058e-14
261.76,-2.0410422084141034e-12,2.4504466263750586e-14
261.77,-2.0403285876858915e-12,2.395788191636611e-14
261.78,-2.039612400825816e-12,2.3411186162479597e-14
261.79,-2.0388926633924894e-12,2.286459473971222e-14
261.8,-2.038169607190075e-12,2.23181948116002e-14
261.81,-2.037443035553648e-12,2.177197481719423e-14
261.82,-2.0367133570688606e-12,2.1225964116461504e-14
261.83,-2.0359801615321563e-12,2.0680122732912302e-14
261.84,-2.0352437719022053e-12,2.0134500462264008e-14
261.85,-2.0345041799403934e-12,1.9589080212717694e-14
261.86,-2.0337613221935228e-12,1.9044025948991804e-14
261.87,-2.0330152927469563e-12,1.8499210364265267e-14
261.88,-2.0322660533704705e-12,1.795478641059845e-14
261.89,-2.031513716694088e-12,1.741057816925707e-14
261.9,-2.0307583729539966e-12,1.6866742129436854e-14
261.91,-2.029999473345455e-12,1.632334017490745e-14
261.92,-2.029237910100426e-12,1.5780346489562762e-14
261.93,-2.0284730790900837e-12,1.5237763382920892e-14
261.94,-2.0277054298867923e-12,1.469561627148315e-14
261.95,-2.0269345781329825e-12,1.415392252136679e-14
261.96,-2.0261606462572556e-12,1.3612715834792388e-14
261.97,-2.0253839512876684e-12,1.3071989264507134e-14
261.98,-2.0246037731097176e-12,1.2531934523368166e-14
261.99,-2.0238212499959526e-12,1.1992252501296598e-14
262.0,-2.023035854605647e-12,1.1453122938987117e-14
262.01,-2.022247308693162e-12,1.0914736611433624e-14
262.02,-2.021455312901448e-12,1.0377061146601751e-14
262.03,-2.0206609410234765e-12,9.839894981912371e-15
262.04,-2.019863622155102e-12,9.303458102064554e-15
262.05,-2.0190638247432855e-12,8.76767705214228e-15
262.06,-2.0182608287825697e-12,8.232530999421456e-15
262.07,-2.0174553354113006e-12,7.698109404075783e-15
262.08,-2.016646761148374e-12,7.16453641365352e-15
262.09,-2.0158362044091003e-12,6.6316436239725575e-15
262.1,-2.0150221326162247e-12,6.099438947163503e-15
262.11,-2.0142056764503837e-12,5.568158556016359e-15
262.12,-2.013386543307947e-12,5.037753315085303e-15
262.13,-2.012564618045247e-12,4.5081167217990685e-15
262.14,-2.0117402596299565e-12,3.979353465427665e-15
262.15,-2.0109133278963413e-12,3.4515030771534964e-15
262.16,-2.010083852010038e-12,2.9244897611844896e-15
262.17,-2.0092516752546132e-12,2.3984457884333228e-15
262.18,-2.00841773416919e-12,1.873077757250625e-15
262.19,-2.007579565035497e-12,1.3494140255031969e-15
262.2,-2.0067404466662297e-12,8.261106647908199e-16
262.21,-2.005898413001893e-12,3.0397885251010074e-16
262.22,-2.00505361623051e-12,-2.170152068771857e-16
262.23,-2.004206790439195e-12,-7.371023196146891e-16
262.24,-2.0033575168545456e-12,-1.2560931354045867e-15
262.25,-2.0025059918990158e-12,-1.7740346629341225e-15
262.26,-2.001652087414015e-12,-2.2908577658837075e-15
262.27,-2.000795341591508e-12,-2.8064335414544255e-15
262.28,-1.9999372387503736e-12,-3.3211292266482366e-15
262.29,-1.999076321993131e-12,-3.83446231685964e-15
262.3,-1.9982130388926514e-12,-4.346597636763075e-15
262.31,-1.9973478840964104e-12,-4.857632295617952e-15
262.32,-1.9964803985509377e-12,-5.367454787038941e-15
262.33,-1.9956105988124014e-12,-5.87596660606512e-15
262.34,-1.9947387092421408e-12,-6.383242857581548e-15
262.35,-1.9938647653465677e-12,-6.889280899029619e-15
262.36,-1.9929885828222165e-12,-7.393967493807509e-15
262.37,-1.9921104941475025e-12,-7.89745790306398e-15
262.38,-1.9912301127983806e-12,-8.399432412742466e-15
262.39,-1.9903480181459426e-12,-8.900263682212933e-15
262.4,-1.9894639866645417e-12,-9.39961917953962e-15
262.41,-1.9885776873573217e-12,-9.897665590934737e-15
262.42,-1.9876894510319422e-12,-1.0394314761502638e-14
262.43,-1.9867994810754434e-12,-1.0889524963982883e-14
262.44,-1.985907271595167e-12,-1.1383161991339563e-14
262.45,-1.9850131884659394e-12,-1.187537680165127e-14
262.46,-1.984117567128538e-12,-1.2366403755042884e-14
262.47,-1.9832198651025877e-12,-1.2855663056299144e-14
262.48,-1.9823206129795676e-12,-1.3343585927526004e-14
262.49,-1.981419943884579e-12,-1.383044667515969e-14
262.5,-1.98051587725158e-12,-1.4314422455659094e-14
262.51,-1.979611545777292e-12,-1.4797794249508346e-14
262.52,-1.9787053140332244e-12,-1.5279616000972163e-14
262.53,-1.9777972512620966e-12,-1.5759689832631805e-14
262.54,-1.976886169792789e-12,-1.623832160177433e-14
262.55,-1.9759761763123007e-12,-1.6715008979042745e-14
262.56,-1.9750629724708084e-12,-1.7190186457478092e-14
262.57,-1.9741484903195226e-12,-1.766383302495856e-14
262.58,-1.9732321899716853e-12,-1.8135703046953837e-14
262.59,-1.9723146408284524e-12,-1.8605932030674086e-14
262.6,-1.9713951798908773e-12,-1.9074412119146663e-14
262.61,-1.970474678714145e-12,-1.9541237229369875e-14
262.62,-1.9695523253314417e-12,-2.0006267962445057e-14
262.63,-1.968629469644806e-12,-2.0469720968811545e-14
262.64,-1.967703770041569e-12,-2.0931249579042292e-14
262.65,-1.9667775575900954e-12,-2.1391077239446828e-14
262.66,-1.9658495966103555e-12,-2.1848977423382182e-14
262.67,-1.964921259046627e-12,-2.230557160069569e-14
262.68,-1.963990092921807e-12,-2.2759543593061627e-14
262.69,-1.963058371781932e-12,-2.321210338715356e-14
262.7,-1.9621256639650485e-12,-2.366277967331809e-14
262.71,-1.9611912045880444e-12,-2.411155407008454e-14
262.72,-1.9602561853131564e-12,-2.4558603189537632e-14
262.73,-1.959319341689258e-12,-2.5003768721953328e-14
262.74,-1.9583815331031676e-12,-2.5446754108357854e-14
262.75,-1.957442621902257e-12,-2.5887958885559143e-14
262.76,-1.9565026041453925e-12,-2.6327263708605113e-14
262.77,-1.9555617459835393e-12,-2.6764700066797653e-14
262.78,-1.9546194052187807e-12,-2.719997128001771e-14
262.79,-1.9536762706611878e-12,-2.7633266176081592e-14
262.8,-1.952731846844736e-12,-2.8064510435780204e-14
262.81,-1.9517867324284275e-12,-2.849387767432453e-14
262.82,-1.9508404595766707e-12,-2.8921233153499815e-14
262.83,-1.949893289688406e-12,-2.9346521666060194e-14
262.84,-1.948945313001035e-12,-2.976977585097545e-14
262.85,-1.9479967309215484e-12,-3.019127884414037e-14
262.86,-1.947046642763588e-12,-3.061014424750354e-14
262.87,-1.9460961192601608e-12,-3.1027275285544934e-14
262.88,-1.9451446571454573e-12,-3.144213329905643e-14
262.89,-1.944192409234801e-12,-3.1855008831307225e-14
262.9,-1.9432396751034952e-12,-3.226576572840609e-14
262.91,-1.942285664332486e-12,-3.2674179927549215e-14
262.92,-1.941331512341461e-12,-3.30807077521635e-14
262.93,-1.940376398639949e-12,-3.348500977253124e-14
262.94,-1.9394206676974284e-12,-3.3887112701500666e-14
262.95,-1.938464217408173e-12,-3.428702434594987e-14
262.96,-1.9375072951985295e-12,-3.4684739758971245e-14
262.97,-1.9365496389325844e-12,-3.5080003922384676e-14
262.98,-1.9355913612075463e-12,-3.5473501391427234e-14
262.99,-1.9346328833935716e-12,-3.5864543636773156e-14
263.0,-1.9336738844046582e-12,-3.625351281286013e-14
263.01,-1.9327143213002015e-12,-3.6640118523774156e-14
263.02,-1.9317541202184575e-12,-3.702434545928255e-14
263.03,-1.930793464754863e-12,-3.7406294287223246e-14
263.04,-1.929832669420985e-12,-3.7786122824429406e-14
263.05,-1.92887131220278e-12,-3.8163621086025916e-14
263.06,-1.927909708807457e-12,-3.853880393156678e-14
263.07,-1.9269461357759732e-12,-3.891161764597436e-14
263.08,-1.9259854269396155e-12,-3.928219726977579e-14
263.09,-1.9250228235076044e-12,-3.965033606604387e-14
263.1,-1.9240599510474737e-12,-4.001619742278418e-14
263.11,-1.923096887281795e-12,-4.037956175844753e-14
263.12,-1.922133658092896e-12,-4.0740762774949564e-14
263.13,-1.9211700454936622e-12,-4.109943255789174e-14
263.14,-1.9202067862233208e-12,-4.145618499657157e-14
263.15,-1.91924272327196e-12,-4.180988244063719e-14
263.16,-1.918280502747934e-12,-4.2161644558159614e-14
263.17,-1.9173149465711712e-12,-4.2510555193602895e-14
263.18,-1.9163507759663954e-12,-4.2857211016445065e-14
263.19,-1.9153867322259385e-12,-4.3201569542106044e-14
263.2,-1.914422799420942e-12,-4.354336056624411e-14
263.21,-1.913458128268387e-12,-4.388276468840619e-14
263.22,-1.912494598851984e-12,-4.42197388740759e-14
263.23,-1.9115306428626365e-12,-4.4554119512750905e-14
263.24,-1.9105668623451817e-12,-4.488623753640173e-14
263.25,-1.9096031710193327e-12,-4.5215623698876294e-14
263.26,-1.9086395797576727e-12,-4.554293313444953e-14
263.27,-1.9076758810862474e-12,-4.586701870356182e-14
263.28,-1.9067127393164705e-12,-4.618920947722473e-14
263.29,-1.905749759896712e-12,-4.650890993002933e-14
263.3,-1.9047867233059686e-12,-4.682581521037569e-14
263.31,-1.903824507936308e-12,-4.7140363636715536e-14
263.32,-1.902862085508622e-12,-4.745235073897471e-14
263.33,-1.901900056224909e-12,-4.776161734749635e-14
263.34,-1.900938615781324e-12,-4.806849678820614e-14
263.35,-1.8999770605078547e-12,-4.8372738176778736e-14
263.36,-1.8990162802903386e-12,-4.867459152682612e-14
263.37,-1.8980557425149182e-12,-4.8973628580477423e-14
263.38,-1.897095639870188e-12,-4.927010458654861e-14
263.39,-1.896136058714519e-12,-4.956417365943581e-14
263.4,-1.895176957057446e-12,-4.985564298637133e-14
263.41,-1.8942182705177407e-12,-5.014442058960599e-14
263.42,-1.893260093673825e-12,-5.043062449973527e-14
263.43,-1.892303037089957e-12,-5.071426040968558e-14
263.44,-1.8913455059810347e-12,-5.0995231865049316e-14
263.45,-1.890389087430468e-12,-5.127354141551398e-14
263.46,-1.8894331602020193e-12,-5.154925492878533e-14
263.47,-1.888478046191175e-12,-5.182236021773666e-14
263.48,-1.8875236461901823e-12,-5.2093002889712945e-14
263.49,-1.8865698025927677e-12,-5.236080345992126e-14
263.5,-1.8856163734003475e-12,-5.2625564412223844e-14
263.51,-1.884664217653688e-12,-5.288844783567331e-14
263.52,-1.8837123667184e-12,-5.314844062115186e-14
263.53,-1.8827616992188225e-12,-5.340571164523089e-14
263.54,-1.8818117079099455e-12,-5.3660170772031545e-14
263.55,-1.8808623616245172e-12,-5.39120444767733e-14
263.56,-1.8799140427096224e-12,-5.416124532065161e-14
263.57,-1.8789667299182367e-12,-5.440783911808457e-14
263.58,-1.8780204768326105e-12,-5.465184199349302e-14
263.59,-1.8770739949466192e-12,-5.4892817647519477e-14
263.6,-1.876129341704765e-12,-5.513127498261845e-14
263.61,-1.8751856615915494e-12,-5.536720932092627e-14
263.62,-1.8742427304856323e-12,-5.56002543388489e-14
263.63,-1.8733008882168714e-12,-5.58306537050511e-14
263.64,-1.8723600944339e-12,-5.605831410680333e-14
263.65,-1.8714204239870555e-12,-5.6283288897868535e-14
263.66,-1.8704816269230613e-12,-5.6505551291891513e-14
263.67,-1.8695440483864013e-12,-5.6725109879513726e-14
263.68,-1.868607594196204e-12,-5.694196545713694e-14
263.69,-1.867672218310819e-12,-5.715612055336993e-14
263.7,-1.8667377366473295e-12,-5.736736279829874e-14
263.71,-1.8658049470583313e-12,-5.757620352106864e-14
263.72,-1.864873198171759e-12,-5.778202759873002e-14
263.73,-1.8639425245324803e-12,-5.798537059333797e-14
263.74,-1.863013270703221e-12,-5.818567894348e-14
263.75,-1.8620851448483945e-12,-5.838353109052187e-14
263.76,-1.8611584085078378e-12,-5.857872751681577e-14
263.77,-1.8602329247072052e-12,-5.877101446168233e-14
263.78,-1.859308736450932e-12,-5.896058849643652e-14
263.79,-1.858386034520465e-12,-5.914739250877864e-14
263.8,-1.8574646430447773e-12,-5.933143986857371e-14
263.81,-1.856544498746251e-12,-5.951274530072217e-14
263.82,-1.8556258931077505e-12,-5.969130543842884e-14
263.83,-1.8547087778063766e-12,-5.986721341523622e-14
263.84,-1.8537928770409167e-12,-6.004027518118154e-14
263.85,-1.8528787277316547e-12,-6.021058570698457e-14
263.86,-1.8519660570605584e-12,-6.03782500189959e-14
263.87,-1.851054669519638e-12,-6.054315735696063e-14
263.88,-1.850145148889778e-12,-6.0705106148151e-14
263.89,-1.849236868840828e-12,-6.086463121340593e-14
263.9,-1.8483303345360938e-12,-6.10212987342752e-14
263.91,-1.8474254196695715e-12,-6.117514348160362e-14
263.92,-1.8465221077362516e-12,-6.132628890810189e-14
263.93,-1.8456202705030755e-12,-6.14746508020601e-14
263.94,-1.8447199929457426e-12,-6.1620245427132e-14
263.95,-1.843821758555283e-12,-6.176313330194323e-14
263.96,-1.8429250315566177e-12,-6.190335740593208e-14
263.97,-1.84202990372948e-12,-6.204088568193493e-14
263.98,-1.841136789235875e-12,-6.217548768642144e-14
263.99,-1.840245363984462e-12,-6.230727380324789e-14
264.0,-1.8393556338278806e-12,-6.243637716687225e-14
264.01,-1.8384676904657283e-12,-6.256285620198983e-14
264.02,-1.8375816008059066e-12,-6.268650832060792e-14
264.03,-1.836697032537536e-12,-6.280777628584262e-14
264.04,-1.8358149802280623e-12,-6.292561308172318e-14
264.05,-1.8349342331081517e-12,-6.304102568837444e-14
264.06,-1.834056266501458e-12,-6.31538763140142e-14
264.07,-1.8331789233271236e-12,-6.326374115105794e-14
264.08,-1.832303976571112e-12,-6.337096560902018e-14
264.09,-1.8314313139039654e-12,-6.34756015888368e-14
264.1,-1.830560068804931e-12,-6.35773164673166e-14
264.11,-1.829691238383353e-12,-6.367640677141186e-14
264.12,-1.8288241996521535e-12,-6.37727318936822e-14
264.13,-1.8279591733238923e-12,-6.386646048133752e-14
264.14,-1.8270962344574124e-12,-6.395726099576043e-14
264.15,-1.826236202087392e-12,-6.40450244630291e-14
264.16,-1.8253766363154213e-12,-6.413081774269698e-14
264.17,-1.8245199633542594e-12,-6.421378666944246e-14
264.18,-1.823665234282539e-12,-6.429378704480816e-14
264.19,-1.822812688223258e-12,-6.437110486677417e-14
264.2,-1.8219623159227197e-12,-6.444574250108468e-14
264.21,-1.821114259498849e-12,-6.451773956881474e-14
264.22,-1.820268131951953e-12,-6.458700391741785e-14
264.23,-1.8194242641571642e-12,-6.465352001420463e-14
264.24,-1.8185825341247254e-12,-6.471735969340308e-14
264.25,-1.8177430456335402e-12,-6.477871139005792e-14
264.26,-1.8169059073282445e-12,-6.483722821488253e-14
264.27,-1.8160711964038489e-12,-6.489289055453828e-14
264.28,-1.8152383353166886e-12,-6.49461551097733e-14
264.29,-1.8144078270135112e-12,-6.499673213872492e-14
264.3,-1.8135798167537278e-12,-6.504451874463214e-14
264.31,-1.8127541331087888e-12,-6.508971264705389e-14
264.32,-1.8119306966380257e-12,-6.513222310592474e-14
264.33,-1.8111096348480647e-12,-6.51721210249903e-14
264.34,-1.8102908575113883e-12,-6.520932665762021e-14
264.35,-1.8094744594176245e-12,-6.524382423291255e-14
264.36,-1.8086605570681277e-12,-6.527586433602512e-14
264.37,-1.8078490501690765e-12,-6.530513516965344e-14
264.38,-1.807039874571413e-12,-6.533184353687396e-14
264.39,-1.8062330948579832e-12,-6.535594291525727e-14
264.4,-1.8054289732676176e-12,-6.537738286052599e-14
264.41,-1.8046272910447955e-12,-6.539620458223004e-14
264.42,-1.8038277713572892e-12,-6.541252462100838e-14
264.43,-1.8030311103181904e-12,-6.542609956586561e-14
264.44,-1.8022368167289802e-12,-6.543714580064058e-14
264.45,-1.8014449732300234e-12,-6.54456660308016e-14
264.46,-1.8006557075322605e-12,-6.545126631743069e-14
264.47,-1.7998697011047723e-12,-6.545456243660197e-14
264.48,-1.7990855210231305e-12,-6.545537415876369e-14
264.49,-1.7983038001187433e-12,-6.545362105693154e-14
264.5,-1.7975249761922765e-12,-6.544924123280591e-14
264.51,-1.7967469844966288e-12,-6.544309556976826e-14
264.52,-1.795975021364857e-12,-6.54327920206534e-14
264.53,-1.7952040956659601e-12,-6.542069280675987e-14
264.54,-1.7944357013274412e-12,-6.540618032448564e-14
264.55,-1.7936699508231757e-12,-6.538905402284298e-14
264.56,-1.7929070904592154e-12,-6.536950377387188e-14
264.57,-1.792146783207194e-12,-6.53473434037566e-14
264.58,-1.79138918418924e-12,-6.532270012852405e-14
264.59,-1.7906342420797449e-12,-6.52955597267261e-14
264.6,-1.7898822932911948e-12,-6.526601527370757e-14
264.61,-1.7891326019675001e-12,-6.523383194450573e-14
264.62,-1.7883858350100838e-12,-6.51992448259149e-14
264.63,-1.7876422413227426e-12,-6.516210332460671e-14
264.64,-1.7869008588649333e-12,-6.512269146864932e-14
264.65,-1.7861626617261841e-12,-6.508066053833409e-14
264.66,-1.7854269664127098e-12,-6.503627453003667e-14
264.67,-1.7846943696134502e-12,-6.498946976013976e-14
264.68,-1.783964455009672e-12,-6.494013843338395e-14
264.69,-1.7832373346347575e-12,-6.488849578614351e-14
264.7,-1.7825130126512157e-12,-6.483429349567965e-14
264.71,-1.781791693750697e-12,-6.477774913395141e-14
264.72,-1.7810730032254895e-12,-6.47188781308496e-14
264.73,-1.7803573018287935e-12,-6.465757413116867e-14
264.74,-1.7796443013398318e-12,-6.459393796807772e-14
264.75,-1.7789345708436812e-12,-6.452782675193826e-14
264.76,-1.7782279501343506e-12,-6.445931241858884e-14
264.77,-1.7775240125264199e-12,-6.438849947341723e-14
264.78,-1.7768229130496795e-12,-6.431531473659038e-14
264.79,-1.7761247763226322e-12,-6.423985953476855e-14
264.8,-1.7754296729243593e-12,-6.416206829723126e-14
264.81,-1.7747374778402484e-12,-6.40819206155736e-14
264.82,-1.7740482304737567e-12,-6.399939700271861e-14
264.83,-1.7733618224812971e-12,-6.391467545801432e-14
264.84,-1.7726785593198862e-12,-6.38276544348693e-14
264.85,-1.7719982214443715e-12,-6.373825523383221e-14
264.86,-1.7713210447786314e-12,-6.364669882270445e-14
264.87,-1.7706465358936578e-12,-6.355279180434029e-14
264.88,-1.7699754645594155e-12,-6.345667593738357e-14
264.89,-1.7693072093368289e-12,-6.335822455638407e-14
264.9,-1.7686420325593942e-12,-6.325769330963196e-14
264.91,-1.7679801373802254e-12,-6.31548138409329e-14
264.92,-1.7673208567788276e-12,-6.304969234026239e-14
264.93,-1.7666649545198198e-12,-6.294244538361525e-14
264.94,-1.766012144761525e-12,-6.283295136948879e-14
264.95,-1.7653620771341089e-12,-6.272120110725931e-14
264.96,-1.7647153547591561e-12,-6.26073845764163e-14
264.97,-1.7640717784383426e-12,-6.249143476676891e-14
264.98,-1.7634312011618206e-12,-6.237327528309051e-14
264.99,-1.7627939560330415e-12,-6.225291692739096e-14
265.0,-1.7621598594021595e-12,-6.213042398921195e-14
265.01,-1.7615284177976039e-12,-6.200587133566622e-14
265.02,-1.7609002780520885e-12,-6.187917253846216e-14
265.03,-1.760275569310129e-12,-6.175033831262798e-14
265.04,-1.7596529492262161e-12,-6.161901482198239e-14
265.05,-1.7590352568192968e-12,-6.148642428167428e-14
265.06,-1.7584198165345928e-12,-6.135134763854485e-14
265.07,-1.7578075455428019e-12,-6.121417995918704e-14
265.08,-1.7571985536121927e-12,-6.107503835404789e-14
265.09,-1.7565929301158091e-12,-6.093389750165206e-14
265.1,-1.755990008888932e-12,-6.079046107845786e-14
265.11,-1.75538979816111e-12,-6.064531932245475e-14
265.12,-1.7547940770013915e-12,-6.049789197888932e-14
265.13,-1.7542012209844742e-12,-6.034875851677793e-14
265.14,-1.7536110832437751e-12,-6.019727913979007e-14
265.15,-1.7530245293624352e-12,-6.004406499712787e-14
265.16,-1.75244085928367e-12,-5.988879228179047e-14
265.17,-1.7518608274293723e-12,-5.973171086347226e-14
265.18,-1.751283459106852e-12,-5.957242345750093e-14
265.19,-1.7507099341477598e-12,-5.941139162056949e-14
265.2,-1.7501393124666263e-12,-5.92484711826822e-14
265.21,-1.7495721115557505e-12,-5.908355657573973e-14
265.22,-1.7490083970227045e-12,-5.891679891414701e-14
265.23,-1.7484470949032714e-12,-5.874815210798551e-14
265.24,-1.7478904565443079e-12,-5.857755935925119e-14
265.25,-1.7473357969952896e-12,-5.840518671045574e-14
265.26,-1.7467845378010882e-12,-5.823095470643954e-14
265.27,-1.7462369716845645e-12,-5.80548582916554e-14
265.28,-1.7456921076474906e-12,-5.787696685011847e-14
265.29,-1.7451509655730695e-12,-5.76972312973725e-14
265.3,-1.7446133042191141e-12,-5.751569330802853e-14
265.31,-1.744078710404676e-12,-5.733238918644605e-14
265.32,-1.743547461953267e-12,-5.714732667196992e-14
265.33,-1.7430193791344547e-12,-5.69604909144828e-14
265.34,-1.7424945758720854e-12,-5.677184477167894e-14
265.35,-1.741973394889786e-12,-5.658142066929319e-14
265.36,-1.741455137515834e-12,-5.6389404431289644e-14
265.37,-1.7409401672244604e-12,-5.6195557779617615e-14
265.38,-1.7404287625287942e-12,-5.6000098927575377e-14
265.39,-1.7399203078366488e-12,-5.5802860056717505e-14
265.4,-1.7394140659379085e-12,-5.56040206875021e-14
265.41,-1.7389137524341703e-12,-5.540347997342026e-14
265.42,-1.7384154680230058e-12,-5.520129179718733e-14
265.43,-1.737920443096449e-12,-5.4997408540680297e-14
265.44,-1.7374286462576148e-12,-5.479198840594834e-14
265.45,-1.7369401793845532e-12,-5.4584925135733436e-14
265.46,-1.7364552006074457e-12,-5.437628254442655e-14
265.47,-1.7359742693445629e-12,-5.416598873913224e-14
265.48,-1.7354950294815074e-12,-5.395413606783919e-14
265.49,-1.7350194099502209e-12,-5.374068686154943e-14
265.5,-1.7345479088832177e-12,-5.352576564657109e-14
265.51,-1.734078893634972e-12,-5.330925716339341e-14
265.52,-1.7336153684012808e-12,-5.3091265625349966e-14
265.53,-1.7331525942219054e-12,-5.287169882142903e-14
265.54,-1.7326940024946223e-12,-5.265078133800709e-14
265.55,-1.7322390625941725e-12,-5.2428493141481134e-14
265.56,-1.7317867421894834e-12,-5.220411216498935e-14
265.57,-1.7313383993897258e-12,-5.197871500068721e-14
265.58,-1.7308921808237834e-12,-5.1751835606353225e-14
265.59,-1.7304510518963531e-12,-5.152346678336964e-14
265.6,-1.7300121647374194e-12,-5.129366136646187e-14
265.61,-1.7295769832977973e-12,-5.106255909250015e-14
265.62,-1.7291450930040097e-12,-5.08299696154733e-14
265.63,-1.7287162381307615e-12,-5.05960551233066e-14
265.64,-1.7282905933090857e-12,-5.036068730923387e-14
265.65,-1.727869034990212e-12,-5.0124103199469164e-14
265.66,-1.7274501633273266e-12,-4.9886077116761936e-14
265.67,-1.7270349226865e-12,-4.9646755560655776e-14
265.68,-1.7266225463581988e-12,-4.9406049901072676e-14
265.69,-1.7262138872408897e-12,-4.916422680539593e-14
265.7,-1.7258081922848612e-12,-4.892097815762457e-14
265.71,-1.7254061914763681e-12,-4.86764382250017e-14
265.72,-1.7250075036134144e-12,-4.843069247732775e-14
265.73,-1.7246115321290362e-12,-4.818367462585747e-14
265.74,-1.7242192367067349e-12,-4.793543668017059e-14
265.75,-1.7238302765106379e-12,-4.768597855978585e-14
265.76,-1.7234446625498231e-12,-4.74353248381187e-14
265.77,-1.723062126388736e-12,-4.718346472867293e-14
265.78,-1.7226830062143808e-12,-4.693043090415438e-14
265.79,-1.7223072791089698e-12,-4.667625227519338e-14
265.8,-1.7219345903745049e-12,-4.642090819652476e-14
265.81,-1.7215653451411975e-12,-4.616439600832375e-14
265.82,-1.7211996242560233e-12,-4.5906877275632636e-14
265.83,-1.7208364627264144e-12,-4.5648007487383144e-14
265.84,-1.7204770635979252e-12,-4.538824380454398e-14
265.85,-1.7201211561178767e-12,-4.5127420558699765e-14
265.86,-1.719767835964446e-12,-4.4865461701486544e-14
265.87,-1.7194181325814652e-12,-4.4602389137593384e-14
265.88,-1.7190721868968255e-12,-4.433844914733223e-14
265.89,-1.7187286022617589e-12,-4.407327953671948e-14
265.9,-1.7183886724085356e-12,-4.38072221196459e-14
265.91,-1.7180517158515922e-12,-4.3540054239827656e-14
265.92,-1.717718236258637e-12,-4.327202523313889e-14
265.93,-1.7173880262577086e-12,-4.3002961725587025e-14
265.94,-1.7170619226907495e-12,-4.273311644693596e-14
265.95,-1.7167372198369e-12,-4.246205199256953e-14
265.96,-1.7164165275660202e-12,-4.219015933303996e-14
265.97,-1.7160994502381303e-12,-4.1917391166160817e-14
265.98,-1.7157848631460424e-12,-4.164364914090676e-14
265.99,-1.715473809227487e-12,-4.1369066792155714e-14
266.0,-1.715165038964494e-12,-4.109345973769732e-14
266.01,-1.714862210996596e-12,-4.0817416178168497e-14
266.02,-1.7145603704241868e-12,-4.054022041652277e-14
266.03,-1.7142619331406811e-12,-4.0262203981586994e-14
266.04,-1.7139668680103475e-12,-3.9983388520595716e-14
266.05,-1.7136748833289225e-12,-3.970369433863277e-14
266.06,-1.7133859901943409e-12,-3.942342033537524e-14
266.07,-1.7131004955329865e-12,-3.9142162602491305e-14
266.08,-1.712818013004451e-12,-3.8860261075609164e-14
266.09,-1.7125386608813012e-12,-3.857755355703618e-14
266.1,-1.712262260740516e-12,-3.829404863780348e-14
266.11,-1.7119894469752297e-12,-3.801000232559489e-14
266.12,-1.7117208845226048e-12,-3.772542740209326e-14
266.13,-1.711452557956093e-12,-3.7439601030118544e-14
266.14,-1.7111889986364076e-12,-3.715338446741599e-14
266.15,-1.7109280916100613e-12,-3.686647876922314e-14
266.16,-1.7106707768070775e-12,-3.657894327880393e-14
266.17,-1.7104163413603209e-12,-3.629075191869038e-14
266.18,-1.710165065667267e-12,-3.600206879615985e-14
266.19,-1.709916550823954e-12,-3.571261792277719e-14
266.2,-1.7096711464009739e-12,-3.542261745658564e-14
266.21,-1.7094291950779151e-12,-3.513199950590468e-14
266.22,-1.7091898239491791e-12,-3.484085885132214e-14
266.23,-1.7089536949325539e-12,-3.4549180855287807e-14
266.24,-1.7087212225803843e-12,-3.4257061364681955e-14
266.25,-1.7084907135050953e-12,-3.396422108948625e-14
266.26,-1.7082637801311457e-12,-3.3670974928929235e-14
266.27,-1.7080393643930437e-12,-3.33771092335928e-14
266.28,-1.7078180959539282e-12,-3.308281987096427e-14
266.29,-1.7076004596972406e-12,-3.2788235011420554e-14
266.3,-1.7073854260274456e-12,-3.2493077229878704e-14
266.31,-1.7071733453345913e-12,-3.219745051892177e-14
266.32,-1.706964184823122e-12,-3.1901392150965596e-14
266.33,-1.7067579169389911e-12,-3.160493087484598e-14
266.34,-1.706554732884625e-12,-3.13081221341614e-14
266.35,-1.7063543016377063e-12,-3.1010782216801503e-14
266.36,-1.7061569108612679e-12,-3.0713197206786414e-14
266.37,-1.705962502248131e-12,-3.041520213505655e-14
266.38,-1.705770802750221e-12,-3.011688674955751e-14
266.39,-1.7055822621162243e-12,-2.9818367895991564e-14
266.4,-1.7053964610233113e-12,-2.9519295673756946e-14
266.41,-1.70521347589374e-12,-2.921995414358362e-14
266.42,-1.7050331050853588e-12,-2.8920311521859533e-14
266.43,-1.7048562616288531e-12,-2.8620664410033966e-14
266.44,-1.7046820183747782e-12,-2.83204979740121e-14
266.45,-1.704510505668335e-12,-2.8020073372050866e-14
266.46,-1.7043417595229305e-12,-2.7719486079080654e-14
266.47,-1.7041758004129272e-12,-2.7418643392812407e-14
266.48,-1.70400952286887e-12,-2.7116735791682784e-14
266.49,-1.7038524472394128e-12,-2.6816367284582525e-14
266.5,-1.7036952186217173e-12,-2.651502274160564e-14
266.51,-1.7035405477271071e-12,-2.621344763721176e-14
266.52,-1.7033885289116992e-12,-2.5911693986246612e-14
266.53,-1.7032392936171518e-12,-2.5609804586812898e-14
266.54,-1.7030928183411163e-12,-2.530785636204275e-14
266.55,-1.7029489729267527e-12,-2.500571563614652e-14
266.56,-1.7028080846415645e-12,-2.4703466948317944e-14
266.57,-1.7026696350133974e-12,-2.440111004886038e-14
266.58,-1.7025341148091217e-12,-2.409874804311459e-14
266.59,-1.7024012420615249e-12,-2.379634461338124e-14
266.6,-1.702271512497161e-12,-2.3493895456442725e-14
266.61,-1.7021433629464469e-12,-2.319124299966268e-14
266.62,-1.702018731252725e-12,-2.2888746059105684e-14
266.63,-1.701896302546448e-12,-2.2586149855433988e-14
266.64,-1.7017764751289207e-12,-2.2283505510150924e-14
266.65,-1.7016597769956273e-12,-2.198106896563353e-14
266.66,-1.701544794756772e-12,-2.1678487962952473e-14
266.67,-1.7014331571915577e-12,-2.1375998029467887e-14
266.68,-1.7013240580832235e-12,-2.1073596755536134e-14
266.69,-1.7012172297806505e-12,-2.0771162454732967e-14
266.7,-1.7011129078333326e-12,-2.046889081053498e-14
266.71,-1.7010113833485276e-12,-2.0166764784281353e-14
266.72,-1.7009119309749931e-12,-1.9864496698611306e-14
266.73,-1.700815713840375e-12,-1.9562676189248708e-14
266.74,-1.7007217624876598e-12,-1.9260867138896267e-14
266.75,-1.700630187235975e-12,-1.8959224928430427e-14
266.76,-1.7005412111928693e-12,-1.8657718409830027e-14
266.77,-1.7004549471843181e-12,-1.8356521483036305e-14
266.78,-1.700370662426846e-12,-1.8055307159340317e-14
266.79,-1.7002887575446834e-12,-1.775422344981379e-14
266.8,-1.7002092696408247e-12,-1.7453433742896238e-14
266.81,-1.7001322938971425e-12,-1.7152898572758358e-14
266.82,-1.7000578132707606e-12,-1.6852536996217708e-14
266.83,-1.699985758714385e-12,-1.6552543281868514e-14
266.84,-1.6999159159178414e-12,-1.6252645923088416e-14
266.85,-1.6998486483553641e-12,-1.5953121524446664e-14
266.86,-1.6997836265846294e-12,-1.5653910868439734e-14
266.87,-1.6997208080543158e-12,-1.535485284986469e-14
266.88,-1.6996605720610321e-12,-1.5056291151214942e-14
266.89,-1.6996021079693504e-12,-1.475778695710995e-14
266.9,-1.6995466618444168e-12,-1.445995263213304e-14
266.91,-1.6994931862110198e-12,-1.416226901217415e-14
266.92,-1.6994421272959784e-12,-1.3864872846738083e-14
266.93,-1.699393020654438e-12,-1.3567987892333083e-14
266.94,-1.699346369128557e-12,-1.3271426336102371e-14
266.95,-1.6993016559808733e-12,-1.2975302363668596e-14
266.96,-1.6992593996248042e-12,-1.267956419889781e-14
266.97,-1.6992195475350986e-12,-1.2384264277833219e-14
266.98,-1.699181284279682e-12,-1.2089226346646309e-14
266.99,-1.6991453956205713e-12,-1.17946898285627e-14
267.0,-1.699111956514488e-12,-1.1500736941601223e-14
267.01,-1.6990833635680236e-12,-1.1208400467060551e-14
267.02,-1.6990513163882189e-12,-1.0914089341910094e-14
267.03,-1.6990239880087117e-12,-1.0621479229013171e-14
267.04,-1.6989987204620106e-12,-1.0329307538432365e-14
267.05,-1.6989755822847195e-12,-1.0037691417836874e-14
267.06,-1.6989545428726733e-12,-9.746503732403566e-15
267.07,-1.6989359792017454e-12,-9.456257587114536e-15
267.08,-1.6989185157352051e-12,-9.165960271862389e-15
267.09,-1.6989037809186571e-12,-8.876586177650089e-15
267.1,-1.6988908984155682e-12,-8.587375777981182e-15
267.11,-1.6988800210287002e-12,-8.299340794143566e-15
267.12,-1.6988711088110746e-12,-8.01160577935925e-15
267.13,-1.6988639097211828e-12,-7.724442812552649e-15
267.14,-1.698859046261043e-12,-7.437918726286245e-15
267.15,-1.6988563050806602e-12,-7.152140320367255e-15
267.16,-1.6988546509975453e-12,-6.8667122416040756e-15
267.17,-1.6988552839033555e-12,-6.5819831558068256e-15
267.18,-1.698857976231016e-12,-6.2980827968369504e-15
267.19,-1.6988624778834667e-12,-6.014774802107444e-15
267.2,-1.6988685307212034e-12,-5.732081395871132e-15
267.21,-1.6988768730296462e-12,-5.450164822237251e-15
267.22,-1.6988869742495134e-12,-5.168987806700396e-15
267.23,-1.6988985484969895e-12,-4.8882723956760155e-15
267.24,-1.6989122390052358e-12,-4.6084637418962055e-15
267.25,-1.6989272290945211e-12,-4.329164191696133e-15
267.26,-1.698944765204997e-12,-4.051017859377117e-15
267.27,-1.6989635610370387e-12,-3.773380804068128e-15
267.28,-1.69898379515051e-12,-3.4964220690135083e-15
267.29,-1.6990061758549637e-12,-3.220275667945008e-15
267.3,-1.699030130162547e-12,-2.9449446437527305e-15
267.31,-1.699055702623171e-12,-2.67036344302027e-15
267.32,-1.699083275875101e-12,-2.3966412812564763e-15
267.33,-1.6991120768152828e-12,-2.12367281360441e-15
267.34,-1.699142756467233e-12,-1.8515088676637685e-15
267.35,-1.6991750876524472e-12,-1.5802980608329837e-15
267.36,-1.6992087021688714e-12,-1.3097390951679807e-15
267.37,-1.6992433750104628e-12,-1.0394868394031374e-15
267.38,-1.6992809980009302e-12,-7.713951257664432e-16
267.39,-1.6993196648034806e-12,-5.03528743094773e-16
267.4,-1.6993597005966482e-12,-2.36468592892112e-16
267.41,-1.6994011225874422e-12,2.967974532974131e-17
267.42,-1.6994441508032508e-12,2.9496645030717794e-16
267.43,-1.6994886887507497e-12,5.592531473060094e-16
267.44,-1.6995349469768346e-12,8.226476703728287e-16
267.45,-1.6995823188373995e-12,1.0852388725689477e-15
267.46,-1.6996317413823361e-12,1.346925900992531e-15
267.47,-1.6996815522908553e-12,1.6074422022395987e-15
267.48,-1.6997329217267156e-12,1.867383149356996e-15
267.49,-1.6997871918466968e-12,2.1253847886681142e-15
267.5,-1.6998410677540014e-12,2.3835327326894306e-15
267.51,-1.6998968334513177e-12,2.6404096499284187e-15
267.52,-1.6999541760320672e-12,2.8960959345053635e-15
267.53,-1.7000124749600164e-12,3.1510179570258063e-15
267.54,-1.7000725220775863e-12,3.404691776461848e-15
267.55,-1.700132675452718e-12,3.657915752444645e-15
267.56,-1.700195883011562e-12,3.9093179217566045e-15
267.57,-1.7002594453723372e-12,4.160081467616364e-15
267.58,-1.700324236967678e-12,4.409814818571065e-15
267.59,-1.7003906322227423e-12,4.6584210910576395e-15
267.6,-1.7004577067451798e-12,4.906125259505846e-15
267.61,-1.7005261000333778e-12,5.152800874268054e-15
267.62,-1.7005960846320586e-12,5.3980634147094935e-15
267.63,-1.7006667453914826e-12,5.6424665377467776e-15
267.64,-1.700738697332458e-12,5.8859851583519435e-15
267.65,-1.7008117084452774e-12,6.1280407221635946e-15
267.66,-1.700885977380912e-12,6.369159626283822e-15
267.67,-1.7009610314111827e-12,6.609237135202962e-15
267.68,-1.7010375715434554e-12,6.848069122413014e-15
267.69,-1.7011150825120746e-12,7.085811963629609e-15
267.7,-1.7011934829391405e-12,7.322454048211408e-15
267.71,-1.701272960774622e-12,7.557949390595079e-15
267.72,-1.7013533214219718e-12,7.792349147932628e-15
267.73,-1.7014348655750344e-12,8.025471983844314e-15
267.74,-1.7015172346393974e-12,8.257531660126691e-15
267.75,-1.701600643875597e-12,8.488393317876824e-15
267.76,-1.7016848706159596e-12,8.718136786455955e-15
267.77,-1.701770133372522e-12,8.946574437856377e-15
267.78,-1.7018559802978213e-12,9.174072485808685e-15
267.79,-1.701943254292018e-12,9.399923787970618e-15
267.8,-1.7020312643761988e-12,9.62488308022155e-15
267.81,-1.7021199747965546e-12,9.848586141003258e-15
267.82,-1.7022092381273065e-12,1.007098679589486e-14
267.83,-1.702299949241469e-12,1.0292324362313392e-14
267.84,-1.7023910325578935e-12,1.0512320232260635e-14
267.85,-1.7024832526929308e-12,1.073087546975184e-14
267.86,-1.7025758599773657e-12,1.0948606986382476e-14
267.87,-1.702669390550265e-12,1.1164946017704062e-14
267.88,-1.7027634148567608e-12,1.1380003977721631e-14
267.89,-1.7028584596332971e-12,1.1593759703366776e-14
267.9,-1.7029540617735984e-12,1.1806267088552447e-14
267.91,-1.7030509397063022e-12,1.20170343631354e-14
267.92,-1.7031473471505691e-12,1.2227304401261313e-14
267.93,-1.7032450201424138e-12,1.2435959272035187e-14
267.94,-1.7033435709505152e-12,1.2643313317732842e-14
267.95,-1.7034422864335695e-12,1.2849399596429878e-14
267.96,-1.7035416199355867e-12,1.30541351113489e-14
267.97,-1.7036413391028646e-12,1.3258044112072766e-14
267.98,-1.7037425235573223e-12,1.3459512216716876e-14
267.99,-1.7038436258187715e-12,1.3660329951703873e-14
268.0,-1.7039451487335041e-12,1.386002588678485e-14
268.01,-1.7040475307575305e-12,1.4057906953683077e-14
268.02,-1.704149637976578e-12,1.425517442951607e-14
268.03,-1.7042533833207684e-12,1.4450212538667207e-14
268.04,-1.7043570396210019e-12,1.4644302856132962e-14
268.05,-1.704461041308437e-12,1.4837053889686313e-14
268.06,-1.7045656844787913e-12,1.5028404278005444e-14
268.07,-1.7046704289402852e-12,1.5218462011728692e-14
268.08,-1.7047760361680145e-12,1.5407054720694883e-14
268.09,-1.704882196243595e-12,1.559431057367795e-14
268.1,-1.7049877498659496e-12,1.5780182368018764e-14
268.11,-1.705094148612668e-12,1.5964592081363425e-14
268.12,-1.7052009023162965e-12,1.6147822034936182e-14
268.13,-1.7053079440205183e-12,1.632946348473016e-14
268.14,-1.7054151837413784e-12,1.650983857914097e-14
268.15,-1.7055228946948655e-12,1.668865742911296e-14
268.16,-1.7056307724344839e-12,1.6866138357628775e-14
268.17,-1.7057388845457011e-12,1.704233425229705e-14
268.18,-1.7058473935499553e-12,1.7216843022900318e-14
268.19,-1.7059560626022706e-12,1.7390119727594266e-14
268.2,-1.7060647225506128e-12,1.7562030749772696e-14
268.21,-1.706173596662156e-12,1.7732255672613013e-14
268.22,-1.7062828100657875e-12,1.7901195963289582e-14
268.23,-1.7063921058594255e-12,1.806870146465433e-14
268.24,-1.706501442522707e-12,1.8234955438107396e-14
268.25,-1.7066108226056441e-12,1.8399653965985765e-14
268.26,-1.7067206768704622e-12,1.856258611617338e-14
268.27,-1.706830154181048e-12,1.8724342693358696e-14
268.28,-1.706939980239818e-12,1.8884635727968753e-14
268.29,-1.707049784760046e-12,1.9043402908017903e-14
268.3,-1.707159545597898e-12,1.920078204212056e-14
268.31,-1.707268841937915e-12,1.9356665510016905e-14
268.32,-1.7073792959766338e-12,1.9511051843225163e-14
268.33,-1.707489199901284e-12,1.9663963888091243e-14
268.34,-1.7075989348125095e-12,1.9815426667931975e-14
268.35,-1.707708672234932e-12,1.9965453365322e-14
268.36,-1.707818414709492e-12,2.011363740493245e-14
268.37,-1.7079279452213954e-12,2.0260902303907984e-14
268.38,-1.7080376685436515e-12,2.0406176184330104e-14
268.39,-1.7081467996468186e-12,2.0550461997552846e-14
268.4,-1.7082558113054698e-12,2.0693181025383376e-14
268.41,-1.7083650459102366e-12,2.0834158433431695e-14
268.42,-1.7084739605253918e-12,2.0973693815761673e-14
268.43,-1.7085827638852316e-12,2.1111724277227144e-14
268.44,-1.708691231744119e-12,2.1248321562582646e-14
268.45,-1.7087971862374903e-12,2.1383441633280267e-14
268.46,-1.708907824026234e-12,2.1516851574434906e-14
268.47,-1.7090157206831353e-12,2.1648944163064805e-14
268.48,-1.7091233149866887e-12,2.1779340973286543e-14
268.49,-1.709230612266205e-12,2.1908362246973726e-14
268.5,-1.7093376919476663e-12,2.203587973174105e-14
268.51,-1.709444437381945e-12,2.2161884640264236e-14
268.52,-1.7095508828918281e-12,2.228633414055706e-14
268.53,-1.7096568293719995e-12,2.240927208061214e-14
268.54,-1.7097625418052194e-12,2.253066852265622e-14
268.55,-1.709868123147543e-12,2.265048420626962e-14
268.56,-1.7099729000500423e-12,2.276888879259595e-14
268.57,-1.7100778682978881e-12,2.2885712470781456e-14
268.58,-1.7101819953087197e-12,2.3000859501386934e-14
268.59,-1.7102855754598309e-12,2.3114807775376153e-14
268.6,-1.7103890304446153e-12,2.3226930632863162e-14
268.61,-1.7104918326221739e-12,2.333769843447e-14
268.62,-1.7105942509644731e-12,2.344681442581235e-14
268.63,-1.7106959835162635e-12,2.3554543075958467e-14
268.64,-1.7107975849498058e-12,2.366067697221916e-14
268.65,-1.7108983756740342e-12,2.376519405737686e-14
268.66,-1.7109988460614407e-12,2.3868128476518144e-14
268.67,-1.7110984623235332e-12,2.3969638891792726e-14
268.68,-1.711197640956595e-12,2.4069593635309697e-14
268.69,-1.7112962313877927e-12,2.4167993387543076e-14
268.7,-1.7113945417610075e-12,2.4264805757088057e-14
268.71,-1.7114919485656588e-12,2.4360089538624554e-14
268.72,-1.7115887456437178e-12,2.445385397096854e-14
268.73,-1.711684910827685e-12,2.4546100966946487e-14
268.74,-1.7117805260332244e-12,2.4636721928899294e-14
268.75,-1.711875301902893e-12,2.4725827964579605e-14
268.76,-1.711969443713351e-12,2.4813472626564872e-14
268.77,-1.7120630334392547e-12,2.489967748136509e-14
268.78,-1.7121558430503182e-12,2.49842036976125e-14
268.79,-1.7122479900310204e-12,2.5067190714886624e-14
268.8,-1.712339118679419e-12,2.5148609745465462e-14
268.81,-1.712429895919657e-12,2.5228489441118814e-14
268.82,-1.712519832127588e-12,2.5306881629370426e-14
268.83,-1.7126086518866717e-12,2.5383671325567105e-14
268.84,-1.7126967397740894e-12,2.5458951018614507e-14
268.85,-1.7127844379234064e-12,2.5532612404470692e-14
268.86,-1.7128708050528475e-12,2.5604977818123385e-14
268.87,-1.7129566836288978e-12,2.567544095620677e-14
268.88,-1.713041538358146e-12,2.574458956462117e-14
268.89,-1.7131264407888214e-12,2.5812104333913284e-14
268.9,-1.7132088525685053e-12,2.5878173747174718e-14
268.91,-1.71329124045536e-12,2.5942645745748607e-14
268.92,-1.713372444838876e-12,2.6005638349540434e-14
268.93,-1.713452983697842e-12,2.606702909891354e-14
268.94,-1.7135327235206955e-12,2.612689747464555e-14
268.95,-1.7136111806952955e-12,2.6185217566580747e-14
268.96,-1.7136886610605965e-12,2.6242080394742786e-14
268.97,-1.71376539170017e-12,2.6297375219260403e-14
268.98,-1.7138406569697346e-12,2.6349991997698565e-14
268.99,-1.7139157289083205e-12,2.6403323371729697e-14
269.0,-1.7139894886528191e-12,2.6454025670262574e-14
269.01,-1.714062180550783e-12,2.650331237132462e-14
269.02,-1.714133840469792e-12,2.6551096214484256e-14
269.03,-1.7142036742523986e-12,2.6596535388382803e-14
269.04,-1.7142737813094036e-12,2.664156850559088e-14
269.05,-1.714342212635232e-12,2.668480634471496e-14
269.06,-1.7144094503919156e-12,2.672630033778989e-14
269.07,-1.7144759822152167e-12,2.676623200497444e-14
269.08,-1.7145408664298246e-12,2.6804890749477214e-14
269.09,-1.7146048390144437e-12,2.684195759824512e-14
269.1,-1.7146678065025027e-12,2.6877495446742408e-14
269.11,-1.7147295337252843e-12,2.691149741487982e-14
269.12,-1.7147902744486907e-12,2.6943868738059195e-14
269.13,-1.7148494836844537e-12,2.6975048785758584e-14
269.14,-1.714907663829497e-12,2.7004565028308258e-14
269.15,-1.7149645095680843e-12,2.7032554428736486e-14
269.16,-1.7150206190649046e-12,2.7059075694852158e-14
269.17,-1.7150748327058044e-12,2.7084146560275815e-14
269.18,-1.7151282723389567e-12,2.7107634450599672e-14
269.19,-1.715180403476329e-12,2.712962720522833e-14
269.2,-1.715231278984819e-12,2.7150179215284757e-14
269.21,-1.7152807077217025e-12,2.7169300584580476e-14
269.22,-1.7153292421796155e-12,2.7186998589145453e-14
269.23,-1.7153760433102314e-12,2.720293715119756e-14
269.24,-1.715421875503838e-12,2.721778964494401e-14
269.25,-1.715465902510473e-12,2.7230833990501227e-14
269.26,-1.715509092644443e-12,2.724247587382623e-14
269.27,-1.715550827114577e-12,2.7252768284833304e-14
269.28,-1.7155911922201014e-12,2.7261571870761274e-14
269.29,-1.7156303056997944e-12,2.7268797606845778e-14
269.3,-1.7156677963300826e-12,2.727474269315761e-14
269.31,-1.715704165652037e-12,2.727912486570651e-14
269.32,-1.7157389110665813e-12,2.728210433993178e-14
269.33,-1.7157722716252776e-12,2.7283727359725413e-14
269.34,-1.7158045591017258e-12,2.7283562534876147e-14
269.35,-1.715835046525033e-12,2.7282292946675274e-14
269.36,-1.7158640372928317e-12,2.7279482604575923e-14
269.37,-1.7158920009096384e-12,2.7275239382053295e-14
269.38,-1.715918229093639e-12,2.7269614538299645e-14
269.39,-1.715943055647972e-12,2.7262497997782717e-14
269.4,-1.7159665544426516e-12,2.7253991509489288e-14
269.41,-1.7159881205996659e-12,2.7244022906433086e-14
269.42,-1.7160086206603408e-12,2.7232739301057433e-14
269.43,-1.7160281777211933e-12,2.7219822927000487e-14
269.44,-1.7160447567352755e-12,2.7205852528463828e-14
269.45,-1.7160604175129937e-12,2.7190325104668675e-14
269.46,-1.7160748341597035e-12,2.717331019050833e-14
269.47,-1.7160875912478102e-12,2.715496190931426e-14
269.48,-1.7160988094945467e-12,2.7135282373394097e-14
269.49,-1.7161083239446796e-12,2.7114097349184737e-14
269.5,-1.7161164004689216e-12,2.7091674133790875e-14
269.51,-1.7161228663298761e-12,2.7067723944172814e-14
269.52,-1.7161274745938301e-12,2.7042486100706007e-14
269.53,-1.7161308894147096e-12,2.7015898570361453e-14
269.54,-1.7161325713118298e-12,2.698802847718816e-14
269.55,-1.7161323799920645e-12,2.6958634850259198e-14
269.56,-1.7161310184158789e-12,2.6927922160757764e-14
269.57,-1.7161275326886453e-12,2.6896009663695914e-14
269.58,-1.7161230760487026e-12,2.6862506528049204e-14
269.59,-1.7161164984908558e-12,2.6827775878569092e-14
269.6,-1.71610823113784e-12,2.6791756633603396e-14
269.61,-1.7160985444689259e-12,2.6754504096270685e-14
269.62,-1.7160867607078948e-12,2.6715699366850026e-14
269.63,-1.7160735956382054e-12,2.667570369851705e-14
269.64,-1.716058708340086e-12,2.663434576494881e-14
269.65,-1.7160419079968289e-12,2.659172367216601e-14
269.66,-1.716023605623715e-12,2.654772124948167e-14
269.67,-1.7160034702157616e-12,2.65025038924968e-14
269.68,-1.715981706702366e-12,2.6455954422621335e-14
269.69,-1.7159582272554326e-12,2.6408118055195174e-14
269.7,-1.7159327922113677e-12,2.6358975460811604e-14
269.71,-1.7159058100894599e-12,2.6308624137536386e-14
269.72,-1.7158770213444127e-12,2.625695565879945e-14
269.73,-1.7158465862404227e-12,2.6204031029799146e-14
269.74,-1.7158140401541385e-12,2.6149823606606497e-14
269.75,-1.7157801624311534e-12,2.6094433503545374e-14
269.76,-1.7157441193029548e-12,2.6037685488369283e-14
269.77,-1.7157062497114588e-12,2.597968219507134e-14
269.78,-1.7156669662584138e-12,2.5920548190053907e-14
269.79,-1.7156249180754168e-12,2.5860225116982746e-14
269.8,-1.7155823785719493e-12,2.5798427252387758e-14
269.81,-1.7155373420170627e-12,2.5735566348702094e-14
269.82,-1.7154905532805043e-12,2.5671468721577526e-14
269.83,-1.7154419172747166e-12,2.5606172579249937e-14
269.84,-1.7153914038718521e-12,2.553970434974251e-14
269.85,-1.7153390036269788e-12,2.547192895589575e-14
269.86,-1.7152847956536466e-12,2.540304705747076e-14
269.87,-1.7152288086046638e-12,2.5332936567077754e-14
269.88,-1.7151708465158887e-12,2.5261555248940194e-14
269.89,-1.715111061829233e-12,2.518918415846975e-14
269.9,-1.7150493794836617e-12,2.5115603644969433e-14
269.91,-1.7149860545906891e-12,2.5040565260410844e-14
269.92,-1.7149204009710757e-12,2.4964786103103904e-14
269.93,-1.7148527804431817e-12,2.4887799529232424e-14
269.94,-1.7147835825505423e-12,2.4809499094541826e-14
269.95,-1.7147124273961618e-12,2.4730165036629435e-14
269.96,-1.7146394502332023e-12,2.464957929227152e-14
269.97,-1.7145644045258192e-12,2.456802138737773e-14
269.98,-1.714487109640355e-12,2.448520738256876e-14
269.99,-1.7144085972319067e-12,2.4401453629161886e-14
270.0,-1.714327576364421e-12,2.4316370368671643e-14
270.01,-1.7142448317279486e-12,2.4230302944485318e-14
270.02,-1.7141600094912978e-12,2.414311899361746e-14
270.03,-1.7140733304819603e-12,2.4054853132071543e-14
270.04,-1.7139846414480715e-12,2.3965588679787503e-14
270.05,-1.713894106397649e-12,2.3875132305382418e-14
270.06,-1.713802335008737e-12,2.3783573443875384e-14
270.07,-1.7137070864300448e-12,2.3691089204912897e-14
270.08,-1.7136106942849502e-12,2.3597527229968083e-14
270.09,-1.713512053940598e-12,2.350282737160266e-14
270.1,-1.7134115780102675e-12,2.3407129863561973e-14
270.11,-1.7133090807135378e-12,2.3310483466649976e-14
270.12,-1.7132046145522572e-12,2.3212653286885716e-14
270.13,-1.7130979765220094e-12,2.3113953067588593e-14
270.14,-1.712989667289404e-12,2.3014130776523173e-14
270.15,-1.7128788743478879e-12,2.291339960022763e-14
270.16,-1.7127667444497614e-12,2.2811508402198643e-14
270.17,-1.7126523870210547e-12,2.2708782250961052e-14
270.18,-1.712535546023833e-12,2.2605045877575963e-14
270.19,-1.7124171472772717e-12,2.2500276616138898e-14
270.2,-1.7122964778071332e-12,2.2394597938502454e-14
270.21,-1.7121738769227431e-12,2.2287847219899655e-14
270.22,-1.7120495862840507e-12,2.2180262104250026e-14
270.23,-1.7119226194880508e-12,2.2071625961733763e-14
270.24,-1.7117938097469936e-12,2.196215782043554e-14
270.25,-1.7116632276993499e-12,2.1851657781771773e-14
270.26,-1.7115300330160093e-12,2.1740264195198826e-14
270.27,-1.7113957974995665e-12,2.162794691539687e-14
270.28,-1.711260052253262e-12,2.151470374592662e-14
270.29,-1.7111197889268134e-12,2.1400590691694267e-14
270.3,-1.710978924861798e-12,2.128550616612582e-14
270.31,-1.7108357119743408e-12,2.1169630026332373e-14
270.32,-1.7106907053481171e-12,2.1052744244806278e-14
270.33,-1.710544552964546e-12,2.093427709587296e-14
270.34,-1.7103940999091427e-12,2.0816621261845072e-14
270.35,-1.7102425618333785e-12,2.0697071337010646e-14
270.36,-1.710089493904e-12,2.057683047237373e-14
270.37,-1.7099343785407689e-12,2.0455662184608573e-14
270.38,-1.7097768782386024e-12,2.0333722491323122e-14
270.39,-1.7096172173635105e-12,2.021086261627124e-14
270.4,-1.7094553869938822e-12,2.0087298057969478e-14
270.41,-1.7092917800578584e-12,1.9962867204608253e-14
270.42,-1.7091248899471941e-12,1.9838456701708105e-14
270.43,-1.7089580118902603e-12,1.971148363632316e-14
270.44,-1.7087881207512007e-12,1.95846031763993e-14
270.45,-1.7086158503169662e-12,1.9457020623042062e-14
270.46,-1.7084422612705097e-12,1.9328573810364373e-14
270.47,-1.7082656927506835e-12,1.919939435213008e-14
270.48,-1.7080874797145862e-12,1.906943169669238e-14
270.49,-1.7079071372544504e-12,1.893870290903892e-14
270.5,-1.707724600737209e-12,1.8807237676649136e-14
270.51,-1.7075399936775924e-12,1.8675060363713123e-14
270.52,-1.7073537135569005e-12,1.8542067606002193e-14
270.53,-1.7071646046014864e-12,1.8408415039764066e-14
270.54,-1.7069739727299676e-12,1.8273944681682155e-14
270.55,-1.706780789742691e-12,1.8138952807230113e-14
270.56,-1.70658588435528e-12,1.8003168536041963e-14
270.57,-1.7063888741366055e-12,1.786663275809647e-14
270.58,-1.7061895867374144e-12,1.7729442785984715e-14
270.59,-1.705988285358321e-12,1.759157013056768e-14
270.6,-1.705785124218718e-12,1.7453031562777713e-14
270.61,-1.7055797901725016e-12,1.731383622521895e-14
270.62,-1.7053721830091907e-12,1.7173947367120824e-14
270.63,-1.7051623555141592e-12,1.7033507733004694e-14
270.64,-1.7049511438438765e-12,1.689225669343223e-14
270.65,-1.7047368450403475e-12,1.6750567714661857e-14
270.66,-1.7045207912199578e-12,1.660822721842328e-14
270.67,-1.7043028288109858e-12,1.6465142696909074e-14
270.68,-1.7040825234825254e-12,1.6321531706376138e-14
270.69,-1.7038607935828651e-12,1.6177251036536345e-14
270.7,-1.7036364109269728e-12,1.6032442510070145e-14
270.71,-1.7034100082018725e-12,1.588708863197188e-14
270.72,-1.703181209667045e-12,1.5741118119673937e-14
270.73,-1.7029507346906026e-12,1.5594565994050567e-14
270.74,-1.702718554953229e-12,1.5447409030234002e-14
270.75,-1.7024838962232154e-12,1.529974116892794e-14
270.76,-1.7022467177794187e-12,1.515158437386168e-14
270.77,-1.7020085555693359e-12,1.5002728047049713e-14
270.78,-1.7017674590543752e-12,1.4853471584978928e-14
270.79,-1.7015246713958613e-12,1.470367799160117e-14
270.8,-1.7012793576770946e-12,1.4553398198223588e-14
270.81,-1.7010321324869891e-12,1.4402670089306567e-14
270.82,-1.700782579582044e-12,1.4251342483778723e-14
270.83,-1.7005316929182277e-12,1.4099485372021943e-14
270.84,-1.7002784907561586e-12,1.3947144456547037e-14
270.85,-1.7000230342054315e-12,1.3794406782717082e-14
270.86,-1.6997662297727037e-12,1.3641109627127746e-14
270.87,-1.699506149305861e-12,1.3487467908701175e-14
270.88,-1.6992446180573531e-12,1.333339354726935e-14
270.89,-1.6989809691294532e-12,1.3178799148338976e-14
270.9,-1.6987150585445112e-12,1.3023866534783508e-14
270.91,-1.698447694375499e-12,1.286833750772373e-14
270.92,-1.6981777458407374e-12,1.2712540702843388e-14
270.93,-1.697905926071675e-12,1.2556317516227296e-14
270.94,-1.6976321345225463e-12,1.2399712502529887e-14
270.95,-1.6973554668871981e-12,1.2243294249565508e-14
270.96,-1.6970782036759384e-12,1.2085154720695394e-14
270.97,-1.6967983100543592e-12,1.1927343207730863e-14
270.98,-1.6965166339185327e-12,1.1769107744095234e-14
270.99,-1.696232931779047e-12,1.1610513621736658e-14
271.0,-1.6959448099989686e-12,1.145201832250307e-14
271.01,-1.6956584489935538e-12,1.1292448528671586e-14
271.02,-1.6953681323536577e-12,1.113292455610332e-14
271.03,-1.6950761505697078e-12,1.0972999348075008e-14
271.04,-1.6947818944459946e-12,1.0812634619758967e-14
271.05,-1.6944860362662853e-12,1.0652199297811786e-14
271.06,-1.694187879276348e-12,1.0491419007267687e-14
271.07,-1.693887890239432e-12,1.0330227759468374e-14
271.08,-1.6935859237714483e-12,1.0168752509448524e-14
271.09,-1.6932816794113916e-12,1.0007051595450532e-14
271.1,-1.6929757195238104e-12,9.845063222907553e-15
271.11,-1.692667668357366e-12,9.682865596493831e-15
271.12,-1.6923575195893337e-12,9.520345167299268e-15
271.13,-1.692045694115924e-12,9.35758154487298e-15
271.14,-1.6917315449070136e-12,9.19460832445053e-15
271.15,-1.6914158322844807e-12,9.031374691160126e-15
271.16,-1.6910978616795345e-12,8.867949029635284e-15
271.17,-1.6907779693049835e-12,8.704210939719555e-15
271.18,-1.6904561038344327e-12,8.540375557981833e-15
271.19,-1.690132574089411e-12,8.376260317436141e-15
271.2,-1.6898066866548288e-12,8.2120489571579e-15
271.21,-1.689479171582174e-12,8.047526358203505e-15
271.22,-1.6891495988990463e-12,7.882943252854255e-15
271.23,-1.6888180557013177e-12,7.718142956533364e-15
271.24,-1.6884846617551577e-12,7.553129462697858e-15
271.25,-1.6881494330421192e-12,7.387992946811065e-15
271.26,-1.6878119787892291e-12,7.222781082431109e-15
271.27,-1.687472904701679e-12,7.057367126794526e-15
271.28,-1.6871319193067687e-12,6.891791794586684e-15
271.29,-1.6867891861601096e-12,6.726096384551865e-15
271.3,-1.6864444599358162e-12,6.56032349737797e-15
271.31,-1.6860976603021245e-12,6.394491429821604e-15
271.32,-1.6857490056653111e-12,6.228417494257047e-15
271.33,-1.6853983939799721e-12,6.062376733073917e-15
271.34,-1.6850462225475147e-12,5.8961529863856165e-15
271.35,-1.6846919599777356e-12,5.7299386985655476e-15
271.36,-1.6843359150297208e-12,5.5636912960204074e-15
271.37,-1.6839781747179904e-12,5.397250864852322e-15
271.38,-1.6836184982188487e-12,5.230831236911383e-15
271.39,-1.6832565725605942e-12,5.064405960159367e-15
271.4,-1.6828930617223725e-12,4.8979406372443045e-15
271.41,-1.6825280292263755e-12,4.731391735405546e-15
271.42,-1.6821610617856724e-12,4.564838101740329e-15
271.43,-1.6817920260359508e-12,4.39818953538954e-15
271.44,-1.6814215510360021e-12,4.231553376964422e-15
271.45,-1.6810489451637563e-12,4.065044718760375e-15
271.46,-1.6806747126212058e-12,3.8984996365649894e-15
271.47,-1.6802986843657525e-12,3.731884217075535e-15
271.48,-1.6799205673831265e-12,3.5654218129763556e-15
271.49,-1.6795410516074306e-12,3.398877734508117e-15
271.5,-1.6791596195560345e-12,3.2324157399748848e-15
271.51,-1.6787765979630888e-12,3.065955926730664e-15
271.52,-1.6783919874192998e-12,2.8994809612357508e-15
271.53,-1.6780049351900605e-12,2.7333159895388567e-15
271.54,-1.6776167816900278e-12,2.5671132695518e-15
271.55,-1.677226466170676e-12,2.400795080438933e-15
271.56,-1.6768345389454927e-12,2.2347013985735675e-15
271.57,-1.6764412153599703e-12,2.0687552205834847e-15
271.58,-1.6760458045292813e-12,1.9028071873537566e-15
271.59,-1.675648879558637e-12,1.7370525426514256e-15
271.6,-1.6752502139754306e-12,1.5713028074797245e-15
271.61,-1.674849867279127e-12,1.4057717546453524e-15
271.62,-1.6744477148744905e-12,1.2403093912202899e-15
271.63,-1.6740440190273704e-12,1.0750168599383302e-15
271.64,-1.6736383926412454e-12,9.098758677596096e-16
271.65,-1.6732314787190068e-12,7.448394088120856e-16
271.66,-1.6728227547847882e-12,5.799361837129345e-16
271.67,-1.672412363711482e-12,4.152914628143532e-16
271.68,-1.672000404446758e-12,2.506726783309019e-16
271.69,-1.6715866993084748e-12,8.632791479616552e-17
271.7,-1.6711716732573441e-12,-7.781730796989078e-17
271.71,-1.6707547231682693e-12,-2.417762728106807e-16
271.72,-1.6703362578332938e-12,-4.056812596679589e-16
271.73,-1.6699162178383994e-12,-5.693030398554681e-16
271.74,-1.6694943731367978e-12,-7.325963156994761e-16
271.75,-1.6690714052596524e-12,-8.958711020430266e-16
271.76,-1.6686468938553997e-12,-1.0589587699766093e-15
271.77,-1.6682201533857755e-12,-1.2214979414678428e-15
271.78,-1.6677919233878969e-12,-1.3838712965207794e-15
271.79,-1.6673625957723897e-12,-1.5461567775567775e-15
271.8,-1.6669316193740865e-12,-1.7081328799662246e-15
271.81,-1.666499028462471e-12,-1.8697984370267797e-15
271.82,-1.6660648681405331e-12,-2.031284749637931e-15
271.83,-1.6656292948110017e-12,-2.1924173602832665e-15
271.84,-1.6651922547978992e-12,-2.3533994774224384e-15
271.85,-1.664753496482881e-12,-2.5138562578414037e-15
271.86,-1.66431354896742e-12,-2.6742950967172683e-15
271.87,-1.6638719520873904e-12,-2.834369693631286e-15
271.88,-1.6634286643947787e-12,-2.9939346265235875e-15
271.89,-1.662984390394378e-12,-3.153453367486628e-15
271.9,-1.6625383425539188e-12,-3.3124797028398087e-15
271.91,-1.662091006217489e-12,-3.4712967342194616e-15
271.92,-1.6616420665563737e-12,-3.629711115294611e-15
271.93,-1.6611916862980877e-12,-3.787896775227506e-15
271.94,-1.6607399774811582e-12,-3.9456566192874465e-15
271.95,-1.6602868432634754e-12,-4.102865979155046e-15
271.96,-1.6598327509237713e-12,-4.260084263185924e-15
271.97,-1.6593767104145758e-12,-4.416674024019482e-15
271.98,-1.6589193788796506e-12,-4.573018708503491e-15
271.99,-1.6584606202173097e-12,-4.7288782088992866e-15
272.0,-1.6580008056384767e-12,-4.884524837010446e-15
272.01,-1.6575393461654708e-12,-5.039624312293753e-15
272.02,-1.6570764508904662e-12,-5.19437060722704e-15
272.03,-1.656612240017433e-12,-5.348705326419227e-15
272.04,-1.6561472506135428e-12,-5.502775300352231e-15
272.05,-1.6556807835456985e-12,-5.656416846481754e-15
272.06,-1.655212552511659e-12,-5.809446775619195e-15
272.07,-1.6547433951261725e-12,-5.962077372435726e-15
272.08,-1.6542727288048011e-12,-6.114447156945922e-15
272.09,-1.6538009153573349e-12,-6.266245721373967e-15
272.1,-1.653327642499036e-12,-6.417633662906958e-15
272.11,-1.652853226435894e-12,-6.568598807185074e-15
272.12,-1.6523775110975503e-12,-6.719097220227266e-15
272.13,-1.6519008125864298e-12,-6.8691000750198315e-15
272.14,-1.6514225171507526e-12,-7.018640536895111e-15
272.15,-1.6509433743235086e-12,-7.16779496258532e-15
272.16,-1.6504629643416368e-12,-7.316428764540049e-15
272.17,-1.6499810761285698e-12,-7.464587177354832e-15
272.18,-1.64949804844772e-12,-7.61221959474817e-15
272.19,-1.6490141524900475e-12,-7.759296135501486e-15
272.2,-1.648528707960179e-12,-7.906005327209317e-15
272.21,-1.6480424609590323e-12,-8.052177331077603e-15
272.22,-1.647554697181101e-12,-8.197825651703983e-15
272.23,-1.6470656669077497e-12,-8.342747130344014e-15
272.24,-1.646576274709384e-12,-8.487651110677663e-15
272.25,-1.6460862486949723e-12,-8.632218768588939e-15
272.26,-1.645592636133856e-12,-8.774940882032595e-15
272.27,-1.6450995330724631e-12,-8.917995425814116e-15
272.28,-1.6446054704218944e-12,-9.060628309001638e-15
272.29,-1.6441101472736382e-12,-9.202536622968484e-15
272.3,-1.6436138554022038e-12,-9.344210233217949e-15
272.31,-1.6431164385748085e-12,-9.484643385183453e-15
272.32,-1.6426174797983181e-12,-9.62482902553355e-15
272.33,-1.6421181476207848e-12,-9.764621826393853e-15
272.34,-1.6416175457726523e-12,-9.903731589225111e-15
272.35,-1.6411159625407821e-12,-1.0042288677814507e-14
272.36,-1.640613247194287e-12,-1.0180178095545564e-14
272.37,-1.6401094773599124e-12,-1.0317498810215961e-14
272.38,-1.639604887692272e-12,-1.0454172771856914e-14
272.39,-1.6390992924067669e-12,-1.0590338188587577e-14
272.4,-1.6385926850076912e-12,-1.0725874300644053e-14
272.41,-1.6380851798604981e-12,-1.0860880140908563e-14
272.42,-1.6375766503488417e-12,-1.0995106951076053e-14
272.43,-1.6370677291171686e-12,-1.1129189817073682e-14
272.44,-1.6365572292079672e-12,-1.1262031885270731e-14
272.45,-1.6360458368266916e-12,-1.1394495035177992e-14
272.46,-1.6355336235736295e-12,-1.152625337535986e-14
272.47,-1.63502083882865e-12,-1.165753094692425e-14
272.48,-1.634507071355047e-12,-1.178811445537166e-14
272.49,-1.6339922727342783e-12,-1.1918106497596255e-14
272.5,-1.6334763311391125e-12,-1.2047193272808727e-14
272.51,-1.6329598147235433e-12,-1.2175786418923676e-14
272.52,-1.6324428045353744e-12,-1.2303910639427689e-14
272.53,-1.6319248257796728e-12,-1.2431310021213181e-14
272.54,-1.6314055291479839e-12,-1.2557718044304708e-14
272.55,-1.6308857059952442e-12,-1.2683634266783942e-14
272.56,-1.6303650726216451e-12,-1.28088931173394e-14
272.57,-1.6298439267582698e-12,-1.293348185414971e-14
272.58,-1.6293217122093718e-12,-1.30573933147956e-14
272.59,-1.6287988607214949e-12,-1.3180606988702346e-14
272.6,-1.6282751287407153e-12,-1.3303117753578364e-14
272.61,-1.6277512079800978e-12,-1.342520763496437e-14
272.62,-1.6272256540633612e-12,-1.3546108967036151e-14
272.63,-1.6266998808745693e-12,-1.366652985860409e-14
272.64,-1.6261732738747373e-12,-1.37862389785512e-14
272.65,-1.6256459907032023e-12,-1.3905234122845684e-14
272.66,-1.625118175070269e-12,-1.4023557037589713e-14
272.67,-1.6245895784115483e-12,-1.4141097510049742e-14
272.68,-1.624060489431514e-12,-1.4257927026346223e-14
272.69,-1.6235304289438912e-12,-1.4374050204374747e-14
272.7,-1.6229997005406959e-12,-1.448934682656989e-14
272.71,-1.622468665847343e-12,-1.4604154241637532e-14
272.72,-1.621936980857677e-12,-1.4718064662886626e-14
272.73,-1.6214042955988438e-12,-1.4831054189878016e-14
272.74,-1.6208714127463465e-12,-1.494376660483936e-14
272.75,-1.6203379085516185e-12,-1.5055373084941022e-14
272.76,-1.6198038691215845e-12,-1.5166363008334232e-14
272.77,-1.6192690519596483e-12,-1.5276466513250283e-14
272.78,-1.6187337328483418e-12,-1.5385874884001726e-14
272.79,-1.6181976262649639e-12,-1.5494257484902953e-14
272.8,-1.6176615796517028e-12,-1.560241724575395e-14
272.81,-1.617124648487128e-12,-1.5709578989459045e-14
272.82,-1.61658725477641e-12,-1.5815951633952184e-14
272.83,-1.6160466901026112e-12,-1.5921809089022186e-14
272.84,-1.6155112022065355e-12,-1.6026321955486758e-14
272.85,-1.6149721893143031e-12,-1.613034812770099e-14
272.86,-1.6144329646764002e-12,-1.623357681650777e-14
272.87,-1.6138930387646382e-12,-1.633603472314171e-14
272.88,-1.6133529221067145e-12,-1.6437771946845827e-14
272.89,-1.6128121049724562e-12,-1.6538509673743618e-14
272.9,-1.612271607482812e-12,-1.6638976650369744e-14
272.91,-1.6117299996507876e-12,-1.673796493190556e-14
272.92,-1.6111879295851956e-12,-1.6836385021114854e-14
272.93,-1.6106455156285714e-12,-1.6934152422136712e-14
272.94,-1.6101029177234372e-12,-1.703104907095644e-14
272.95,-1.6095599323998314e-12,-1.712705711199726e-14
272.96,-1.6090169272356628e-12,-1.72223356297196e-14
272.97,-1.6084721288672462e-12,-1.7316106923812432e-14
272.98,-1.60792885909601e-12,-1.74104600300989e-14
272.99,-1.6073844416825238e-12,-1.7503155608642275e-14
273.0,-1.606839751297493e-12,-1.7595206202631208e-14
273.01,-1.6062946018903248e-12,-1.7686283983072407e-14
273.02,-1.6057497479749578e-12,-1.777675829639286e-14
273.03,-1.6052038319684628e-12,-1.7866041290295966e-14
273.04,-1.6046583430816352e-12,-1.7954985470436412e-14
273.05,-1.604112242880435e-12,-1.8042884857181592e-14
273.06,-1.603565752426154e-12,-1.8129769430640198e-14
273.07,-1.6030193689172088e-12,-1.821598125534017e-14
273.08,-1.602472745211628e-12,-1.8301455159448603e-14
273.09,-1.601925664098974e-12,-1.838585141499444e-14
273.1,-1.601378410076766e-12,-1.8469549775974618e-14
273.11,-1.6008311998115475e-12,-1.8552284619502323e-14
273.12,-1.6002835974716435e-12,-1.8634322363157826e-14
273.13,-1.5997359082457664e-12,-1.8715422969284437e-14
273.14,-1.5991879294614233e-12,-1.8795651396661313e-14
273.15,-1.5986401713774653e-12,-1.8875094310871106e-14
273.16,-1.5980919586876658e-12,-1.8953733404936973e-14
273.17,-1.5975436592066539e-12,-1.9031366422262667e-14
273.18,-1.596995283112141e-12,-1.9108273620692218e-14
273.19,-1.5964469146217312e-12,-1.918413908509707e-14
273.2,-1.5958982022475203e-12,-1.925938506416177e-14
273.21,-1.5953496680386906e-12,-1.9333684163629382e-14
273.22,-1.5948009041465095e-12,-1.940710113602056e-14
273.23,-1.594252004032132e-12,-1.9479545421686025e-14
273.24,-1.593703175270713e-12,-1.9551234718351522e-14
273.25,-1.593154391622313e-12,-1.9622110729009506e-14
273.26,-1.5926051988213889e-12,-1.9691806752835347e-14
273.27,-1.592056609900701e-12,-1.976114309633199e-14
273.28,-1.5915078120411816e-12,-1.9829498539576228e-14
273.29,-1.5909586074184767e-12,-1.989672375985802e-14
273.3,-1.5904098187309827e-12,-1.996316898822349e-14
273.31,-1.5898608785452003e-12,-2.0028789561048975e-14
273.32,-1.589312287975055e-12,-2.0093516521887587e-14
273.33,-1.5887633910492583e-12,-2.0157356992308173e-14
273.34,-1.5882148501864783e-12,-2.0220371194394494e-14
273.35,-1.5876661005891695e-12,-2.0282440968343582e-14
273.36,-1.5871175869740143e-12,-2.0343567052939815e-14
273.37,-1.5865689415749974e-12,-2.0403886168202633e-14
273.38,-1.5860208060471768e-12,-2.046340285698193e-14
273.39,-1.585472534432511e-12,-2.0522038189558053e-14
273.4,-1.584924364067337e-12,-2.0579671590694955e-14
273.41,-1.5843764169900817e-12,-2.0636413629997426e-14
273.42,-1.5838285674343988e-12,-2.0692338894989648e-14
273.43,-1.5832808933790988e-12,-2.074735693261135e-14
273.44,-1.5827333466515763e-12,-2.080152741118372e-14
273.45,-1.5821859255108685e-12,-2.085481056353402e-14
273.46,-1.5816384544321222e-12,-2.090705084002648e-14
273.47,-1.5810917414148387e-12,-2.095860819086202e-14
273.48,-1.580545025643691e-12,-2.100928096864634e-14
273.49,-1.5799985961115503e-12,-2.1059117156113625e-14
273.5,-1.5794520625624621e-12,-2.1107755167284712e-14
273.51,-1.578906006968404e-12,-2.1155700796783763e-14
273.52,-1.5783602558332132e-12,-2.1203052833346716e-14
273.53,-1.5778147673003798e-12,-2.1249069036921967e-14
273.54,-1.5772694187617094e-12,-2.1294335000772057e-14
273.55,-1.5767242394658402e-12,-2.133872421901379e-14
273.56,-1.5761796716849578e-12,-2.1382231158253022e-14
273.57,-1.5756350621780564e-12,-2.142479743294081e-14
273.58,-1.5750910389446937e-12,-2.146653180510799e-14
273.59,-1.5745471625719487e-12,-2.1507383847639063e-14
273.6,-1.574003634919677e-12,-2.154734545900032e-14
273.61,-1.573460572110266e-12,-2.1586369003232847e-14
273.62,-1.5729177403105828e-12,-2.1624587756370906e-14
273.63,-1.5723753513235424e-12,-2.1661916129722627e-14
273.64,-1.5718331833649013e-12,-2.1698124581811103e-14
273.65,-1.5712916858716487e-12,-2.1733817924781822e-14
273.66,-1.5707502505766837e-12,-2.1768423852285213e-14
273.67,-1.5702094136401987e-12,-2.180221308347512e-14
273.68,-1.5696691470028835e-12,-2.183510627526811e-14
273.69,-1.5691287844980369e-12,-2.18670433591042e-14
273.7,-1.568588985414631e-12,-2.1898165153304747e-14
273.71,-1.568049915521229e-12,-2.1928341538337356e-14
273.72,-1.5675111446508206e-12,-2.1957749305968806e-14
273.73,-1.5669728696562816e-12,-2.1986311324508265e-14
273.74,-1.5664351049802444e-12,-2.2013723407161397e-14
273.75,-1.5658976460813085e-12,-2.204039030229477e-14
273.76,-1.5653607167407295e-12,-2.2066042845478573e-14
273.77,-1.5648243563517045e-12,-2.2090999111101678e-14
273.78,-1.5642884508421865e-12,-2.2115128595151867e-14
273.79,-1.5637530196452023e-12,-2.213824771518022e-14
273.8,-1.5632184426634088e-12,-2.216056293006095e-14
273.81,-1.5626839749323998e-12,-2.2182000570715268e-14
273.82,-1.5621511133137777e-12,-2.2202656888499276e-14
273.83,-1.5616169520465404e-12,-2.2222085595177465e-14
273.84,-1.5610843381835407e-12,-2.2240836170326138e-14
273.85,-1.5605523932721433e-12,-2.225875104711733e-14
273.86,-1.5600208822572176e-12,-2.2275864814480972e-14
273.87,-1.5594897797677472e-12,-2.2291961912384216e-14
273.88,-1.5589596637477501e-12,-2.23072879422806e-14
273.89,-1.5584297418906683e-12,-2.23217131449013e-14
273.9,-1.5579007318514775e-12,-2.2335288370191738e-14
273.91,-1.557372118404921e-12,-2.2348055602021147e-14
273.92,-1.556844354810349e-12,-2.2359728972751233e-14
273.93,-1.556317344930631e-12,-2.237088996160674e-14
273.94,-1.55579059247956e-12,-2.2380902173049602e-14
273.95,-1.5552648800016172e-12,-2.2390144981618606e-14
273.96,-1.5547396015802727e-12,-2.2398510729927607e-14
273.97,-1.5542150668377242e-12,-2.2406124339739928e-14
273.98,-1.5536912722455341e-12,-2.2412712179771543e-14
273.99,-1.5531680453790355e-12,-2.2418503297959743e-14
274.0,-1.5526453913149816e-12,-2.2423416559902207e-14
274.01,-1.5521238931096017e-12,-2.2427685327416424e-14
274.02,-1.5516029896587258e-12,-2.2430955207213553e-14
274.03,-1.5510826690410793e-12,-2.243328779164095e-14
274.04,-1.5505632687871968e-12,-2.2434949606555122e-14
274.05,-1.5500443619754605e-12,-2.2435664574755184e-14
274.06,-1.5495264179059776e-12,-2.243557550975125e-14
274.07,-1.5490091405132398e-12,-2.2434629026774184e-14
274.08,-1.548492484165219e-12,-2.2432764672064864e-14
274.09,-1.5479770477925776e-12,-2.2430197734121413e-14
274.1,-1.5474619078416918e-12,-2.2426675579537107e-14
274.11,-1.5469477707887279e-12,-2.2422356730210302e-14
274.12,-1.5464343832587126e-12,-2.2417281683289153e-14
274.13,-1.5459222362401583e-12,-2.2411325964550434e-14
274.14,-1.5454101899426745e-12,-2.2404549902496305e-14
274.15,-1.5448993998105725e-12,-2.2396988999228734e-14
274.16,-1.5443897446289482e-12,-2.2388572837726485e-14
274.17,-1.5438802167108849e-12,-2.2379258724717028e-14
274.18,-1.543371846807373e-12,-2.2369248804110625e-14
274.19,-1.542864437335644e-12,-2.235837781678506e-14
274.2,-1.5423577905532978e-12,-2.234667587490756e-14
274.21,-1.5418521788086259e-12,-2.2334207970404622e-14
274.22,-1.5413470844138984e-12,-2.2321235615968386e-14
274.23,-1.540843425580674e-12,-2.2306593363151893e-14
274.24,-1.5403403711911842e-12,-2.2291706393556446e-14
274.25,-1.5398381509029268e-12,-2.2276088720975298e-14
274.26,-1.5393369946284025e-12,-2.2259571953273906e-14
274.27,-1.5388363546712049e-12,-2.2243037767936967e-14
274.28,-1.5383372619996683e-12,-2.2224149499424403e-14
274.29,-1.537838917371174e-12,-2.2205184799735302e-14
274.3,-1.5373414620120337e-12,-2.2185564849284304e-14
274.31,-1.5368448693864946e-12,-2.2165070749601834e-14
274.32,-1.536349391510274e-12,-2.2143850737000983e-14
274.33,-1.5358548611869632e-12,-2.2121837303934524e-14
274.34,-1.5353608458323637e-12,-2.209889192498707e-14
274.35,-1.5348685122931338e-12,-2.2075273810999957e-14
274.36,-1.5343778357638942e-12,-2.2050825409313908e-14
274.37,-1.5338859966303418e-12,-2.202577670903017e-14
274.38,-1.5333966168676564e-12,-2.1999949650541978e-14
274.39,-1.5329077801517177e-12,-2.1973158063422782e-14
274.4,-1.532420228996875e-12,-2.1945912055866266e-14
274.41,-1.53193364866257e-12,-2.191767291128811e-14
274.42,-1.5314480220222867e-12,-2.188869714989986e-14
274.43,-1.5309635513658426e-12,-2.1858974123971655e-14
274.44,-1.5304799382372973e-12,-2.1828525601106053e-14
274.45,-1.5299980277028484e-12,-2.179748332803013e-14
274.46,-1.5295160652493164e-12,-2.1765383625904248e-14
274.47,-1.5290357725399193e-12,-2.1732770850378547e-14
274.48,-1.5285565068641736e-12,-2.1699301703147676e-14
274.49,-1.5280782386469724e-12,-2.1665240415129468e-14
274.5,-1.5276010288122562e-12,-2.1630422636430573e-14
274.51,-1.5271251064360599e-12,-2.159474658138867e-14
274.52,-1.526650209678089e-12,-2.155837254266045e-14
274.53,-1.5261764013676927e-12,-2.1521318253055495e-14
274.54,-1.5257037922016088e-12,-2.148356422096075e-14
274.55,-1.5252320703982359e-12,-2.144505815948601e-14
274.56,-1.5247616547010243e-12,-2.140586519794232e-14
274.57,-1.524292243463436e-12,-2.1365977286145747e-14
274.58,-1.5238238753137423e-12,-2.132530591679391e-14
274.59,-1.5233567816617775e-12,-2.1284031224466365e-14
274.6,-1.5228907909526279e-12,-2.12420085342237e-14
274.61,-1.5224261679364764e-12,-2.1199322239633826e-14
274.62,-1.5219623703809942e-12,-2.1155869853345807e-14
274.63,-1.5214999518384765e-12,-2.1111835819160048e-14
274.64,-1.5210385289145492e-12,-2.106705960537e-14
274.65,-1.5205784105753412e-12,-2.1021631280838396e-14
274.66,-1.5201195290020332e-12,-2.0975524335102888e-14
274.67,-1.5196618702215219e-12,-2.092863433673767e-14
274.68,-1.5192049592139003e-12,-2.0881199578186444e-14
274.69,-1.518749497817209e-12,-2.083303533723457e-14
274.7,-1.5182953751031218e-12,-2.0784282616861873e-14
274.71,-1.5178418630420987e-12,-2.0734785742959185e-14
274.72,-1.5173903677506585e-12,-2.0684690037815775e-14
274.73,-1.5169399701791504e-12,-2.0633982049452878e-14
274.74,-1.5164905571195214e-12,-2.0582531430942934e-14
274.75,-1.5160424466435344e-12,-2.0530473538683245e-14
274.76,-1.5155955237303747e-12,-2.0477751358180476e-14
274.77,-1.5151498015186856e-12,-2.0424462868071963e-14
274.78,-1.5147052480486264e-12,-2.0370507373680066e-14
274.79,-1.5142621045993026e-12,-2.031589692466584e-14
274.8,-1.5138174653274015e-12,-2.025957037683857e-14
274.81,-1.513379584267033e-12,-2.0204886430720325e-14
274.82,-1.512940016877934e-12,-2.014838420716972e-14
274.83,-1.5125017688365311e-12,-2.0091275972400184e-14
274.84,-1.5120648616062452e-12,-2.0033619853095898e-14
274.85,-1.5116289921897436e-12,-1.9975284040084563e-14
274.86,-1.5111948895112652e-12,-1.9916430839466718e-14
274.87,-1.5107615848175797e-12,-1.9857015618012952e-14
274.88,-1.5103298123836268e-12,-1.9796907305182642e-14
274.89,-1.5098992285219513e-12,-1.973627253527161e-14
274.9,-1.5094700992718691e-12,-1.967497971540831e-14
274.91,-1.5090420550781034e-12,-1.9613057890575466e-14
274.92,-1.5086155051677343e-12,-1.9550654468093178e-14
274.93,-1.5081904820074466e-12,-1.9487851642264346e-14
274.94,-1.5077653279532239e-12,-1.9424197600862265e-14
274.95,-1.507343501436893e-12,-1.9360041873698394e-14
274.96,-1.5069218402687832e-12,-1.9295345319087555e-14
274.97,-1.5065018917061221e-12,-1.9230093366328207e-14
274.98,-1.5060832044169389e-12,-1.916427902162877e-14
274.99,-1.5056658955402832e-12,-1.9098005570815688e-14
275.0,-1.505249781540974e-12,-1.9031043433513197e-14
275.01,-1.504834950942982e-12,-1.8963654553109717e-14
275.02,-1.5044214425901132e-12,-1.889571285149782e-14
275.03,-1.5040094753596146e-12,-1.8827215898268996e-14
275.04,-1.5035986117924924e-12,-1.8758198674572933e-14
275.05,-1.503189077257738e-12,-1.8688672974386604e-14
275.06,-1.5027812048036515e-12,-1.861859060643608e-14
275.07,-1.5023743948397197e-12,-1.8548095540683027e-14
275.08,-1.501969347639603e-12,-1.8477039897982586e-14
275.09,-1.501565385179571e-12,-1.840541661151541e-14
275.1,-1.5011625627883887e-12,-1.8333246213916534e-14
275.11,-1.500761451941699e-12,-1.8260698923398135e-14
275.12,-1.5003616116262497e-12,-1.8187592608846984e-14
275.13,-1.499963136760835e-12,-1.8114063819406235e-14
275.14,-1.4995661167120233e-12,-1.8039946701148974e-14
275.15,-1.499170178352376e-12,-1.796547956379136e-14
275.16,-1.4987766997398252e-12,-1.7890416258507025e-14
275.17,-1.4983827919059704e-12,-1.7814986619308384e-14
275.18,-1.4979913261306021e-12,-1.7739075745725513e-14
275.19,-1.4976009760709418e-12,-1.7662531429976972e-14
275.2,-1.497212415181606e-12,-1.7585782944767812e-14
275.21,-1.4968248904174528e-12,-1.7508415151746793e-14
275.22,-1.4964390014682168e-12,-1.7430711280496026e-14
275.23,-1.4960545015852513e-12,-1.7352476601739374e-14
275.24,-1.4956711957951797e-12,-1.7273884005018916e-14
275.25,-1.4952892469882624e-12,-1.7194806299000018e-14
275.26,-1.494908749477164e-12,-1.711530401887515e-14
275.27,-1.4945296832676301e-12,-1.7035385391066374e-14
275.28,-1.4941526905916192e-12,-1.6955005631919023e-14
275.29,-1.4937761842590025e-12,-1.687425847344225e-14
275.3,-1.4934013109817962e-12,-1.6793046777276752e-14
275.31,-1.4930283178216788e-12,-1.6711685311534104e-14
275.32,-1.4926561317218324e-12,-1.662948257497878e-14
275.33,-1.4922858361152214e-12,-1.6547096929661743e-14
275.34,-1.491916621060024e-12,-1.6464479804873044e-14
275.35,-1.4915488558076833e-12,-1.63811594249229e-14
275.36,-1.4911825573299123e-12,-1.629765667818939e-14
275.37,-1.4908178256788423e-12,-1.6213672633162472e-14
275.38,-1.490454786058111e-12,-1.6129432651655374e-14
275.39,-1.4900927044814476e-12,-1.604471876139652e-14
275.4,-1.4897318103937491e-12,-1.595971518627941e-14
275.41,-1.4893730635651242e-12,-1.5874325970579865e-14
275.42,-1.4890152364307886e-12,-1.5788533902060376e-14
275.43,-1.4886593780126902e-12,-1.5702389467617068e-14
275.44,-1.4883042969280296e-12,-1.5615932881828994e-14
275.45,-1.4879508304328318e-12,-1.5529225317116194e-14
275.46,-1.487599263592925e-12,-1.544215656131174e-14
275.47,-1.4872485169494898e-12,-1.5354610472198726e-14
275.48,-1.4868996643709322e-12,-1.5266831876203613e-14
275.49,-1.4865516352059205e-12,-1.5178692397865314e-14
275.5,-1.4862058117452146e-12,-1.509031168370367e-14
275.51,-1.4858610656869117e-12,-1.5001566441950485e-14
275.52,-1.4855177588610086e-12,-1.491251406214223e-14
275.53,-1.485176121207297e-12,-1.4823160989971993e-14
275.54,-1.4848356313246885e-12,-1.4733458707657286e-14
275.55,-1.4844967308032036e-12,-1.4643580054378316e-14
275.56,-1.48415921511797e-12,-1.4553309471554593e-14
275.57,-1.483823215564146e-12,-1.4462805073083576e-14
275.58,-1.4834885861006996e-12,-1.4372105390090928e-14
275.59,-1.4831553741462588e-12,-1.428087302279587e-14
275.6,-1.4828236393335406e-12,-1.4189556916277058e-14
275.61,-1.482493713789471e-12,-1.4098004065794165e-14
275.62,-1.4821648141115885e-12,-1.400607890156648e-14
275.63,-1.4818373219176635e-12,-1.3914007543223977e-14
275.64,-1.4815115201135492e-12,-1.3821586997518759e-14
275.65,-1.4811869114836405e-12,-1.3728981408887151e-14
275.66,-1.4808637288039812e-12,-1.3636067728701444e-14
275.67,-1.4805420297763279e-12,-1.354298828994441e-14
275.68,-1.4802221437462924e-12,-1.3449657394089208e-14
275.69,-1.4799035380482576e-12,-1.3356141194175335e-14
275.7,-1.4795866492878807e-12,-1.3262516189617153e-14
275.71,-1.4792703256535426e-12,-1.316829592463913e-14
275.72,-1.4789559009035313e-12,-1.3074061711985778e-14
275.73,-1.4786432158381181e-12,-1.2979676178443612e-14
275.74,-1.478331662152676e-12,-1.2885035103769021e-14
275.75,-1.4780214772697428e-12,-1.2790177372765604e-14
275.76,-1.4777124375400492e-12,-1.2695065254587333e-14
275.77,-1.4774059306300143e-12,-1.259996061010869e-14
275.78,-1.4771002008703052e-12,-1.2504541799829324e-14
275.79,-1.4767957505718404e-12,-1.2409335535399754e-14
275.8,-1.4764929648708874e-12,-1.2313221577091461e-14
275.81,-1.4761916654519961e-12,-1.2217271415790191e-14
275.82,-1.4758917414578846e-12,-1.2121345397372395e-14
275.83,-1.4755931930957892e-12,-1.2024946697308245e-14
275.84,-1.4752959766603458e-12,-1.1928509631423299e-14
275.85,-1.4750006100929951e-12,-1.18319922303256e-14
275.86,-1.474706131102293e-12,-1.1735295835527288e-14
275.87,-1.4744134014385532e-12,-1.1638403218496824e-14
275.88,-1.4741231491289459e-12,-1.1541678644634993e-14
275.89,-1.4738320434725602e-12,-1.1444297650465298e-14
275.9,-1.473543781054684e-12,-1.1347140763561269e-14
275.91,-1.4732564797462974e-12,-1.1249669707902292e-14
275.92,-1.4729710703223693e-12,-1.1152242141139278e-14
275.93,-1.4726867746005677e-12,-1.1054595725449172e-14
275.94,-1.4724040707979304e-12,-1.0957024053438975e-14
275.95,-1.4721225463133209e-12,-1.0859165462276535e-14
275.96,-1.471842582589409e-12,-1.0761191746609764e-14
275.97,-1.471564267989033e-12,-1.0663237410440896e-14
275.98,-1.471287027077463e-12,-1.056512453936034e-14
275.99,-1.4710112673819238e-12,-1.0466957251886363e-14
276.0,-1.4707371221132808e-12,-1.0368724729966794e-14
276.01,-1.4704639109395337e-12,-1.0270352757478617e-14
276.02,-1.4701926955422419e-12,-1.0171990123039887e-14
276.03,-1.4699223291371224e-12,-1.00734713702284e-14
276.04,-1.4696538434304414e-12,-9.975023323580261e-15
276.05,-1.469386565325302e-12,-9.876361957729838e-15
276.06,-1.4691208824830832e-12,-9.777791336895943e-15
276.07,-1.4688562565413381e-12,-9.679042146022349e-15
276.08,-1.4685932285779069e-12,-9.580306795276655e-15
276.09,-1.4683315650839008e-12,-9.481555758528459e-15
276.1,-1.468071448151484e-12,-9.382783236844748e-15
276.11,-1.4678122317727604e-12,-9.283928623475535e-15
276.12,-1.4675547941187332e-12,-9.185022341403947e-15
276.13,-1.4672986322984109e-12,-9.08619133335066e-15
276.14,-1.467043874600254e-12,-8.98722279463483e-15
276.15,-1.4667902549998599e-12,-8.888404902022124e-15
276.16,-1.466538575259304e-12,-8.789459277368702e-15
276.17,-1.466287924579233e-12,-8.690520122394974e-15
276.18,-1.466038709838223e-12,-8.591620774368028e-15
276.19,-1.4657909609863872e-12,-8.492787351746347e-15
276.2,-1.4655443403169017e-12,-8.393891347100891e-15
276.21,-1.4652992741352782e-12,-8.295009792564641e-15
276.22,-1.465055316692995e-12,-8.196126239886484e-15
276.23,-1.4648128431403504e-12,-8.097269134466079e-15
276.24,-1.4645698975594347e-12,-7.997884237647039e-15
276.25,-1.4643319172389789e-12,-7.899713956545292e-15
276.26,-1.464093527912557e-12,-7.800988454470496e-15
276.27,-1.4638566496351656e-12,-7.702358982960203e-15
276.28,-1.463621122639045e-12,-7.603771970328773e-15
276.29,-1.4633865404490014e-12,-7.50517725030653e-15
276.3,-1.4631534938564028e-12,-7.406684052073903e-15
276.31,-1.4629217276619878e-12,-7.308042902539648e-15
276.32,-1.4626914084818782e-12,-7.209767940124808e-15
276.33,-1.4624627070236778e-12,-7.111460480191147e-15
276.34,-1.4622344208053611e-12,-7.0131465199381216e-15
276.35,-1.4620081664692465e-12,-6.914986203064273e-15
276.36,-1.4617831658252146e-12,-6.816983575531763e-15
276.37,-1.461558931616548e-12,-6.718801466156672e-15
276.38,-1.461336751102021e-12,-6.62100607622744e-15
276.39,-1.461115541235e-12,-6.5231455037026594e-15
276.4,-1.4608953747232222e-12,-6.425398293339987e-15
276.41,-1.4606770383083345e-12,-6.32778860483722e-15
276.42,-1.4604597192632374e-12,-6.23050515051895e-15
276.43,-1.460243671430126e-12,-6.1329585728670065e-15
276.44,-1.460028929927195e-12,-6.035698169416436e-15
276.45,-1.459815463001719e-12,-5.9385556988455194e-15
276.46,-1.459603339251485e-12,-5.8414999354954764e-15
276.47,-1.4593919448488034e-12,-5.744449440646327e-15
276.48,-1.4591825096675626e-12,-5.647790755289878e-15
276.49,-1.4589742224421463e-12,-5.551203561057631e-15
276.5,-1.458767088173081e-12,-5.454722444322349e-15
276.51,-1.458561237028297e-12,-5.358417766836544e-15
276.52,-1.4583567494188802e-12,-5.262244210967311e-15
276.53,-1.4581532569582135e-12,-5.166192824470974e-15
276.54,-1.4579510230495518e-12,-5.0703507210453234e-15
276.55,-1.4577501757269995e-12,-4.974646259501089e-15
276.56,-1.45755046792988e-12,-4.879052003146336e-15
276.57,-1.4573522214998762e-12,-4.783749208834799e-15
276.58,-1.4571547551430769e-12,-4.6885191786934066e-15
276.59,-1.4569587367454432e-12,-4.593567403067135e-15
276.6,-1.4567639683449778e-12,-4.498642078549112e-15
276.61,-1.4565704099735256e-12,-4.403988932431206e-15
276.62,-1.4563781388159913e-12,-4.309560902079213e-15
276.63,-1.4561868127603802e-12,-4.215296660979538e-15
276.64,-1.4559970909106737e-12,-4.12125310062556e-15
276.65,-1.4558082207937393e-12,-4.027387788342009e-15
276.66,-1.4556206164876572e-12,-3.933720925807693e-15
276.67,-1.45543420047545e-12,-3.840319856029607e-15
276.68,-1.455248598137613e-12,-3.7469621387518864e-15
276.69,-1.455064938298801e-12,-3.654115715090787e-15
276.7,-1.4548820764968505e-12,-3.561301932628033e-15
276.71,-1.4547003848847052e-12,-3.4687909977980454e-15
276.72,-1.4545198588303722e-12,-3.3764488538859143e-15
276.73,-1.4543406919088248e-12,-3.2844916731606974e-15
276.74,-1.4541621311110778e-12,-3.1924811544547117e-15
276.75,-1.4539848800458114e-12,-3.1008242707837406e-15
276.76,-1.4538091026667206e-12,-3.009505838524398e-15
276.77,-1.453636117233996e-12,-2.9192512033399393e-15
276.78,-1.4534604974669202e-12,-2.8275085039358163e-15
276.79,-1.4532878359991657e-12,-2.7368884455604053e-15
276.8,-1.4531164619983381e-12,-2.646585957049381e-15
276.81,-1.4529460109401445e-12,-2.556469339586744e-15
276.82,-1.452776882306457e-12,-2.466634022526736e-15
276.83,-1.4526086487590609e-12,-2.377145378473602e-15
276.84,-1.4524413286503747e-12,-2.287716246648061e-15
276.85,-1.4522754587646878e-12,-2.1987435753169667e-15
276.86,-1.4521107540369942e-12,-2.1100054037238713e-15
276.87,-1.4519468234030881e-12,-2.0216005412768974e-15
276.88,-1.4517840659248299e-12,-1.933509393078923e-15
276.89,-1.451622457648119e-12,-1.8456289933180485e-15
276.9,-1.451461784190048e-12,-1.7581053488334462e-15
276.91,-1.451301267949336e-12,-1.6706599923121776e-15
276.92,-1.4511437834604933e-12,-1.5838908623466196e-15
276.93,-1.450986141185834e-12,-1.4970643771514973e-15
276.94,-1.4508299399513638e-12,-1.4108680614333795e-15
276.95,-1.4506747495318598e-12,-1.3248853497341724e-15
276.96,-1.4505202958403522e-12,-1.2391317442341714e-15
276.97,-1.4503672470319193e-12,-1.1538650441193313e-15
276.98,-1.450214744442955e-12,-1.0686775694276868e-15
276.99,-1.4500633667098805e-12,-9.83891283799512e-16
277.0,-1.449913203171417e-12,-8.994714807815489e-16
277.01,-1.4497637319372263e-12,-8.153533625360926e-16
277.02,-1.4496156288623031e-12,-7.316779102122534e-16
277.03,-1.4494679386291045e-12,-6.48053441698597e-16
277.04,-1.449321450221312e-12,-5.651221605679516e-16
277.05,-1.4491765129280485e-12,-4.823956905731483e-16
277.06,-1.449032176536561e-12,-4.0003217946357825e-16
277.07,-1.448888830136761e-12,-3.17966701806469e-16
277.08,-1.4487464058984234e-12,-2.3623489558226913e-16
277.09,-1.448604767281413e-12,-1.5491252735783205e-16
277.1,-1.4484643995850568e-12,-7.395582829582926e-17
277.11,-1.4483249216500686e-12,6.5088547409675405e-18
277.12,-1.448185995729166e-12,8.691493926249992e-17
277.13,-1.448047035156294e-12,1.672399634036992e-16
277.14,-1.4479114063897487e-12,2.46282819912259e-16
277.15,-1.4477756661735942e-12,3.253538727157286e-16
277.16,-1.4476407334860969e-12,4.041792025370182e-16
277.17,-1.447506578722779e-12,4.824783469713468e-16
277.18,-1.4473734710338706e-12,5.604836297094728e-16
277.19,-1.4472408509922103e-12,6.380207076998185e-16
277.2,-1.4471098743112552e-12,7.151996911922893e-16
277.21,-1.4469790813463926e-12,7.92116590692159e-16
277.22,-1.4468492964653832e-12,8.686242905786088e-16
277.23,-1.4467204895800832e-12,9.446014419913777e-16
277.24,-1.4465923572006793e-12,1.020407553885219e-15
277.25,-1.4464660466392342e-12,1.0951558955873886e-15
277.26,-1.4463393844232198e-12,1.1702221599145464e-15
277.27,-1.446213927211469e-12,1.2446561406023832e-15
277.28,-1.4460897048853725e-12,1.3185378892055482e-15
277.29,-1.445965651177834e-12,1.3922725029691178e-15
277.3,-1.4458428757086634e-12,1.4653786321235282e-15
277.31,-1.445720511863029e-12,1.538343154300038e-15
277.32,-1.4455993138674859e-12,1.6105926925796062e-15
277.33,-1.4454788942183841e-12,1.6824777766461195e-15
277.34,-1.4453592421975983e-12,1.7539538553038546e-15
277.35,-1.445240314389053e-12,1.825036053846874e-15
277.36,-1.4451221702372817e-12,1.8956068923848695e-15
277.37,-1.4450043420918172e-12,1.96604367322532e-15
277.38,-1.4448880668699667e-12,2.035654547899284e-15
277.39,-1.4447722764837738e-12,2.1050494448437494e-15
277.4,-1.4446570447106973e-12,2.1740158975105957e-15
277.41,-1.4445429092306138e-12,2.2423494439268537e-15
277.42,-1.4444291704159226e-12,2.3103736097312803e-15
277.43,-1.444316466847947e-12,2.377866652176476e-15
277.44,-1.4442042510701787e-12,2.4450333067301416e-15
277.45,-1.444092932090415e-12,2.5116654848989415e-15
277.46,-1.4439822851782975e-12,2.5779159347859736e-15
277.47,-1.4438721198236994e-12,2.6436990397295597e-15
277.48,-1.4437629957577303e-12,2.7089443494652866e-15
277.49,-1.4436541740864358e-12,2.7738127185652532e-15
277.5,-1.4435463479522806e-12,2.838197847374895e-15
277.51,-1.4434392346195908e-12,2.9020420825555983e-15
277.52,-1.443332523336498e-12,2.9656292373871465e-15
277.53,-1.4432267109756863e-12,3.028549890128009e-15
277.54,-1.4431214197547195e-12,3.09107618049957e-15
277.55,-1.4430166140914538e-12,3.1531474452740503e-15
277.56,-1.4429130244456457e-12,3.2147009122999675e-15
277.57,-1.4428096807850389e-12,3.275819622388966e-15
277.58,-1.442706968338928e-12,3.3362269449377695e-15
277.59,-1.4426048772118714e-12,3.3965683901419403e-15
277.6,-1.4425036555719076e-12,3.4562179402562602e-15
277.61,-1.4424030397153288e-12,3.5152444672684148e-15
277.62,-1.4423026779027647e-12,3.574107718706085e-15
277.63,-1.4422030099256303e-12,3.632290326143614e-15
277.64,-1.4421039732499582e-12,3.690082919140919e-15
277.65,-1.4420054415694629e-12,3.747282286373648e-15
277.66,-1.441907608440088e-12,3.80398140606795e-15
277.67,-1.4418103061686349e-12,3.859957833825728e-15
277.68,-1.441713703993034e-12,3.916001595034825e-15
277.69,-1.4416176659162324e-12,3.971282560557534e-15
277.7,-1.4415218216978449e-12,4.026114262282487e-15
277.71,-1.441426795293446e-12,4.080336415592059e-15
277.72,-1.4413321712605842e-12,4.1341293259631496e-15
277.73,-1.441237782179321e-12,4.187683264287511e-15
277.74,-1.4411449274846327e-12,4.240017973788936e-15
277.75,-1.4410517933958954e-12,4.2923828270714636e-15
277.76,-1.4409591441214894e-12,4.344239903669214e-15
277.77,-1.4408674228796417e-12,4.395320800412041e-15
277.78,-1.44077561812017e-12,4.446314396305712e-15
277.79,-1.4406845089257116e-12,4.49635084431793e-15
277.8,-1.4405942276998893e-12,4.54608337501575e-15
277.81,-1.4405042322648413e-12,4.595293049479378e-15
277.82,-1.4404146600665857e-12,4.644057843885206e-15
277.83,-1.4403254166591774e-12,4.692148951183635e-15
277.84,-1.440236912896416e-12,4.739827158933983e-15
277.85,-1.4401496310449685e-12,4.786411697863345e-15
277.86,-1.4400606827462698e-12,4.833614241481364e-15
277.87,-1.4399734499236398e-12,4.8796402846952785e-15
277.88,-1.4398864551501628e-12,4.9252419813553096e-15
277.89,-1.4398000888440722e-12,4.9702964320204465e-15
277.9,-1.4397136332162877e-12,5.014910613420602e-15
277.91,-1.4396279527143084e-12,5.058909765876552e-15
277.92,-1.4395424719476702e-12,5.102442023927609e-15
277.93,-1.439457585912625e-12,5.145431724197253e-15
277.94,-1.439373116651341e-12,5.1878254357735915e-15
277.95,-1.4392892243367213e-12,5.229731660367181e-15
277.96,-1.439204890525832e-12,5.27123473622349e-15
277.97,-1.4391214307359352e-12,5.312058751347494e-15
277.98,-1.4390382611132908e-12,5.352370028516637e-15
277.99,-1.438955461288802e-12,5.3921788889690765e-15
278.0,-1.4388729071419309e-12,5.431509535883929e-15
278.01,-1.4387907573753398e-12,5.470278110014876e-15
278.02,-1.438709061280142e-12,5.50840349188869e-15
278.03,-1.4386274789008459e-12,5.545989739412032e-15
278.04,-1.4385462730803059e-12,5.583201077473004e-15
278.05,-1.4384656016603027e-12,5.619743646411236e-15
278.06,-1.4383849547624528e-12,5.6558303487055276e-15
278.07,-1.4383053238264158e-12,5.691109543704958e-15
278.08,-1.4382244460820896e-12,5.726353598971354e-15
278.09,-1.4381448330468293e-12,5.7608365821421776e-15
278.1,-1.4380652488752085e-12,5.794784155693708e-15
278.11,-1.4379859293812898e-12,5.8281091507268345e-15
278.12,-1.4379068377148348e-12,5.8608795932955445e-15
278.13,-1.4378282453378464e-12,5.893227261617565e-15
278.14,-1.437750111468787e-12,5.924729011499504e-15
278.15,-1.4376714978007547e-12,5.956213107343785e-15
278.16,-1.437593366837518e-12,5.9868042206582565e-15
278.17,-1.4375156534789886e-12,6.017030626799161e-15
278.18,-1.4374379284962911e-12,6.0466374553038704e-15
278.19,-1.4373605151138509e-12,6.075700859869938e-15
278.2,-1.437283360191888e-12,6.104183552274041e-15
278.21,-1.4372030411784105e-12,6.132372996034374e-15
278.22,-1.437129401594602e-12,6.159665358206759e-15
278.23,-1.4370526535405428e-12,6.186577010253349e-15
278.24,-1.436976244594726e-12,6.21282971514529e-15
278.25,-1.436899895050427e-12,6.238581099954576e-15
278.26,-1.4368235832488993e-12,6.263930615151592e-15
278.27,-1.4367474224573757e-12,6.288705825926649e-15
278.28,-1.436671547895997e-12,6.312884322160455e-15
278.29,-1.4365956119527349e-12,6.3364927782362995e-15
278.3,-1.436520068951415e-12,6.359477639383972e-15
278.31,-1.4364444563631495e-12,6.382149264934238e-15
278.32,-1.4363688495485739e-12,6.404152371139509e-15
278.33,-1.4362939408042335e-12,6.425629184420928e-15
278.34,-1.436218474788246e-12,6.446401142558798e-15
278.35,-1.436143361340987e-12,6.4668946962597134e-15
278.36,-1.436068151420014e-12,6.48674415136672e-15
278.37,-1.435993144279137e-12,6.506171084183852e-15
278.38,-1.4359182801414627e-12,6.524852635972745e-15
278.39,-1.4358433002741752e-12,6.543009804463578e-15
278.4,-1.4357684650616755e-12,6.560792858687879e-15
278.41,-1.4356937643673242e-12,6.577805669369559e-15
278.42,-1.435619011294363e-12,6.5944002943622335e-15
278.43,-1.4355444215817015e-12,6.610443171023524e-15
278.44,-1.4354693438537094e-12,6.625990635633964e-15
278.45,-1.435395050206729e-12,6.640928985758623e-15
278.46,-1.435320438360749e-12,6.65538495645997e-15
278.47,-1.4352459863348526e-12,6.669264339023576e-15
278.48,-1.4351710948313947e-12,6.682590342753037e-15
278.49,-1.435096695775324e-12,6.6953604548975845e-15
278.5,-1.4350220418966613e-12,6.707669759924573e-15
278.51,-1.4349475466473375e-12,6.71928970798615e-15
278.52,-1.4348728107174964e-12,6.730510298400541e-15
278.53,-1.4347979585359358e-12,6.741298794879215e-15
278.54,-1.4347232399846371e-12,6.751411115563213e-15
278.55,-1.43464840582554e-12,6.761035825557806e-15
278.56,-1.4345734174945753e-12,6.770150628061601e-15
278.57,-1.4344987310460009e-12,6.7786550360425346e-15
278.58,-1.4344237262760099e-12,6.786658989276548e-15
278.59,-1.4343488638031857e-12,6.794051291598098e-15
278.6,-1.4342736336245348e-12,6.800968514959465e-15
278.61,-1.4341985465598682e-12,6.80737515135971e-15
278.62,-1.4341232288255302e-12,6.813285952557941e-15
278.63,-1.4340477532529126e-12,6.818564675090455e-15
278.64,-1.4339724098620105e-12,6.8233722234056954e-15
278.65,-1.4338969958882523e-12,6.828231502001757e-15
278.66,-1.433820957698925e-12,6.8314135340255616e-15
278.67,-1.4337451850734383e-12,6.834670769328497e-15
278.68,-1.433669150867049e-12,6.837362804504548e-15
278.69,-1.4335930332648636e-12,6.839555849746113e-15
278.7,-1.4335167370398827e-12,6.841268226620006e-15
278.71,-1.4334405514539597e-12,6.842268460717292e-15
278.72,-1.4333639986163501e-12,6.842918306916561e-15
278.73,-1.4332872743607949e-12,6.842997587078724e-15
278.74,-1.4332110701949863e-12,6.841698522522692e-15
278.75,-1.4331334286471883e-12,6.8416345774160355e-15
278.76,-1.4330560084650431e-12,6.84022242244221e-15
278.77,-1.4329787254904837e-12,6.838174504137285e-15
278.78,-1.4329009965833935e-12,6.835854515233483e-15
278.79,-1.4328233566112316e-12,6.8327177959904984e-15
278.8,-1.4327453306410057e-12,6.829158993417316e-15
278.81,-1.4326669987668652e-12,6.8252313179796835e-15
278.82,-1.432588547647584e-12,6.820645764095876e-15
278.83,-1.4325105132483127e-12,6.815415909192247e-15
278.84,-1.4324311435623096e-12,6.809943839778988e-15
278.85,-1.4323520497582403e-12,6.803892464559436e-15
278.86,-1.4322725035545645e-12,6.7973250249863666e-15
278.87,-1.4321931228084041e-12,6.790246321146174e-15
278.88,-1.4321134291314543e-12,6.782572003099721e-15
278.89,-1.4320331134538645e-12,6.774536143316891e-15
278.9,-1.4319525983434463e-12,6.766009552498078e-15
278.91,-1.4318720019180765e-12,6.756897869191819e-15
278.92,-1.4317913229745098e-12,6.747253311373294e-15
278.93,-1.4317097541226359e-12,6.7372581434422826e-15
278.94,-1.4316284116757805e-12,6.726692493638462e-15
278.95,-1.431546464995989e-12,6.715623178068079e-15
278.96,-1.4314645887944303e-12,6.703983772705623e-15
278.97,-1.431382108115e-12,6.691966162780059e-15
278.98,-1.4312993706244603e-12,6.679463538686259e-15
278.99,-1.43121637954684e-12,6.666366963220065e-15
279.0,-1.4311329518432977e-12,6.653028251180972e-15
279.01,-1.4310489147752992e-12,6.638967369266654e-15
279.02,-1.430965328071019e-12,6.624393978074373e-15
279.03,-1.4308809148392138e-12,6.609480361265007e-15
279.04,-1.4307961495894023e-12,6.594093845788145e-15
279.05,-1.4307113206023357e-12,6.578131545484279e-15
279.06,-1.4306258533244817e-12,6.561790869204944e-15
279.07,-1.430539986744083e-12,6.544889103828578e-15
279.08,-1.4304539508790677e-12,6.527589239786549e-15
279.09,-1.430367170352828e-12,6.509833467915231e-15
279.1,-1.4302801448441351e-12,6.491877941762294e-15
279.11,-1.430193281640303e-12,6.472775478925382e-15
279.12,-1.430105627464066e-12,6.453488748320811e-15
279.13,-1.4300175035626095e-12,6.433831569641976e-15
279.14,-1.42992917864063e-12,6.4137256654196205e-15
279.15,-1.4298402267835127e-12,6.393158099756219e-15
279.16,-1.4297506623247112e-12,6.372172947001087e-15
279.17,-1.429661385861718e-12,6.350451187278011e-15
279.18,-1.429571119993217e-12,6.328595882301927e-15
279.19,-1.429481657858253e-12,6.305952989757869e-15
279.2,-1.4293896390015833e-12,6.283372339507161e-15
279.21,-1.4292978445604186e-12,6.2601239612051946e-15
279.22,-1.4292065463497476e-12,6.236070992753874e-15
279.23,-1.4291142189599277e-12,6.212028047516973e-15
279.24,-1.4290214372384624e-12,6.187394262683322e-15
279.25,-1.4289284052428726e-12,6.162219225811824e-15
279.26,-1.4288345656815185e-12,6.136807803211376e-15
279.27,-1.4287404672853278e-12,6.110834776126721e-15
279.28,-1.4286459625755348e-12,6.0844697773967315e-15
279.29,-1.4285509183012104e-12,6.057619187463374e-15
279.3,-1.4284553562741972e-12,6.030328141222147e-15
279.31,-1.4283591825878812e-12,6.002615967610028e-15
279.32,-1.4282626564666936e-12,5.974613962299476e-15
279.33,-1.4281654256632041e-12,5.9461341372656396e-15
279.34,-1.428068309298924e-12,5.917055849275835e-15
279.35,-1.427970215911469e-12,5.887658768576432e-15
279.36,-1.4278716389501718e-12,5.8579292128182256e-15
279.37,-1.427772852754544e-12,5.827739714785301e-15
279.38,-1.4276728494274534e-12,5.797029435485698e-15
279.39,-1.4275729554300342e-12,5.765994136489676e-15
279.4,-1.4274723223123596e-12,5.734609921280194e-15
279.41,-1.4273711856750916e-12,5.702730297437492e-15
279.42,-1.4272693152536593e-12,5.670472968202751e-15
279.43,-1.4271673736204933e-12,5.6377433113260896e-15
279.44,-1.4270644899279728e-12,5.604752603314406e-15
279.45,-1.426961242750787e-12,5.571302301529468e-15
279.46,-1.4268570615769135e-12,5.5374938579527514e-15
279.47,-1.4267527549305659e-12,5.503209740999778e-15
279.48,-1.4266478467610066e-12,5.468550316662655e-15
279.49,-1.4265422623517032e-12,5.433595208671829e-15
279.5,-1.4264361997754097e-12,5.398150204230503e-15
279.51,-1.4263294017811942e-12,5.362381880714353e-15
279.52,-1.426222138807222e-12,5.326257174551134e-15
279.53,-1.4261141751558634e-12,5.289676588363081e-15
279.54,-1.426005905003562e-12,5.252706273909e-15
279.55,-1.4258963826519263e-12,5.2154591375064374e-15
279.56,-1.4257870770923724e-12,5.177816918557051e-15
279.57,-1.4256767705754755e-12,5.139779756929889e-15
279.58,-1.4255659746478212e-12,5.101449300208664e-15
279.59,-1.4254545319284106e-12,5.062550099005515e-15
279.6,-1.4253423896039961e-12,5.023424577712798e-15
279.61,-1.4252295943267746e-12,4.984002084919824e-15
279.62,-1.4251164636225359e-12,4.944133106912576e-15
279.63,-1.425002248834935e-12,4.903979304204778e-15
279.64,-1.424887779191429e-12,4.863338939631653e-15
279.65,-1.4247726218669835e-12,4.822529989827291e-15
279.66,-1.4246569353502523e-12,4.781214379677555e-15
279.67,-1.4245403548304435e-12,4.739598019940264e-15
279.68,-1.4244232071085084e-12,4.6977410987788e-15
279.69,-1.4243053914171216e-12,4.655508611689668e-15
279.7,-1.424186917865238e-12,4.612835624504864e-15
279.71,-1.4240679405747721e-12,4.5700008910148415e-15
279.72,-1.4239480948660578e-12,4.52672139482499e-15
279.73,-1.4238278193443878e-12,4.4831762071576895e-15
279.74,-1.423706805208032e-12,4.439199411059431e-15
279.75,-1.4235850456520372e-12,4.3950871176373986e-15
279.76,-1.4234625972159463e-12,4.350456531245229e-15
279.77,-1.423339536479758e-12,4.3055853940525045e-15
279.78,-1.4232158602516951e-12,4.260417602514625e-15
279.79,-1.4230916248637124e-12,4.214875412524455e-15
279.8,-1.4229663106866905e-12,4.169138525510262e-15
279.81,-1.4228405622178403e-12,4.12298592138561e-15
279.82,-1.422714636779281e-12,4.076785620435561e-15
279.83,-1.4225869023114744e-12,4.029887504513262e-15
279.84,-1.4224591012174795e-12,3.982920062723978e-15
279.85,-1.4223304430430363e-12,3.935525624875303e-15
279.86,-1.4222010593547832e-12,3.887962411804597e-15
279.87,-1.4220711991557922e-12,3.840097991653512e-15
279.88,-1.4219404338024479e-12,3.791946711774835e-15
279.89,-1.4218090429552897e-12,3.7434349188308924e-15
279.9,-1.4216769565073434e-12,3.694747361192517e-15
279.91,-1.4215441509385244e-12,3.645793098209346e-15
279.92,-1.4214108500863832e-12,3.5962241597113526e-15
279.93,-1.4212763945249183e-12,3.5468971388156415e-15
279.94,-1.4211411210037543e-12,3.4970660076222657e-15
279.95,-1.421005556954954e-12,3.4470071497656406e-15
279.96,-1.420869067499593e-12,3.3966097867989794e-15
279.97,-1.4207319341950013e-12,3.3459960073874827e-15
279.98,-1.4205940392257999e-12,3.295128681396168e-15
279.99,-1.4204555017034012e-12,3.243951453998722e-15
280.0,-1.4203157949380559e-12,3.1925796210412723e-15
280.01,-1.4201757427587202e-12,3.1409320211585467e-15
280.02,-1.4200348078439602e-12,3.0890068529441163e-15
280.03,-1.4198932049214827e-12,3.036944923431169e-15
280.04,-1.4197502915871825e-12,2.984398318723159e-15
280.05,-1.4196075304261043e-12,2.932023021298354e-15
280.06,-1.4194638882786762e-12,2.8790975169432344e-15
280.07,-1.4193191894360792e-12,2.8260387102754828e-15
280.08,-1.4191736084121002e-12,2.772653506987288e-15
280.09,-1.419027617324813e-12,2.7188471626871664e-15
280.1,-1.418880501088584e-12,2.6654082481823576e-15
280.11,-1.41873283636091e-12,2.611444105919212e-15
280.12,-1.418584365104896e-12,2.5572502426540115e-15
280.13,-1.4184349564129498e-12,2.502905064119863e-15
280.14,-1.4182851083278e-12,2.4482319091729906e-15
280.15,-1.4181343840870823e-12,2.3934406946919056e-15
280.16,-1.4179826238797433e-12,2.338413264668307e-15
280.17,-1.4178301802481544e-12,2.2831223402152895e-15
280.18,-1.4176751812443223e-12,2.2291386682322448e-15
280.19,-1.417523214796596e-12,2.172056592585204e-15
280.2,-1.4173685152150283e-12,2.1161794433988716e-15
280.21,-1.4172130762313823e-12,2.0602239480905e-15
280.22,-1.4170567176007983e-12,2.004014471134202e-15
280.23,-1.4168997253688888e-12,1.947635897003451e-15
280.24,-1.4167418305199884e-12,1.8910872448455302e-15
280.25,-1.4165833387888677e-12,1.834307893927137e-15
280.26,-1.4164236101584825e-12,1.7773833232231286e-15
280.27,-1.4162631819344597e-12,1.7203322261838549e-15
280.28,-1.4161025592320173e-12,1.663022479961681e-15
280.29,-1.4159404871674338e-12,1.6057079736778356e-15
280.3,-1.4157782172348535e-12,1.5478876159455228e-15
280.31,-1.4156141882273408e-12,1.4902282396515622e-15
280.32,-1.4154503659653179e-12,1.4323383208086682e-15
280.33,-1.4152853983041637e-12,1.3742494461543878e-15
280.34,-1.4151193963925123e-12,1.3160097569809748e-15
280.35,-1.4149528722623535e-12,1.2575914929652728e-15
280.36,-1.4147847467102652e-12,1.199142606603239e-15
280.37,-1.4146171289260771e-12,1.1404096421376774e-15
280.38,-1.414447855867969e-12,1.081658093935618e-15
280.39,-1.4142780755813024e-12,1.0226683524506572e-15
280.4,-1.4141073154690442e-12,9.636611184971988e-16
280.41,-1.4139354393912127e-12,9.045951839513694e-16
280.42,-1.4137632838054698e-12,8.451107231477644e-16
280.43,-1.4135901962759117e-12,7.856230839241861e-16
280.44,-1.413416507682465e-12,7.259803563691744e-16
280.45,-1.4132415552378422e-12,6.662593614514025e-16
280.46,-1.4130659374638046e-12,6.06486094152294e-16
280.47,-1.4128894270539972e-12,5.465857501371524e-16
280.48,-1.4127120779554852e-12,4.865296243000666e-16
280.49,-1.4125340080426498e-12,4.2640498440499676e-16
280.5,-1.4123551760592703e-12,3.661546483030064e-16
280.51,-1.4121755529968598e-12,3.057877767996197e-16
280.52,-1.4119948112797104e-12,2.453570707407236e-16
280.53,-1.4118139583376729e-12,1.847642658024252e-16
280.54,-1.4116316528700522e-12,1.24104722215405e-16
280.55,-1.4114484579766455e-12,6.347260925283922e-17
280.56,-1.4112645690009223e-12,2.6018560223155406e-18
280.57,-1.4110798055024601e-12,-5.820318315577266e-17
280.58,-1.410894038728566e-12,-1.1919097110199785e-16
280.59,-1.4107080034842544e-12,-1.8028432582263195e-16
280.6,-1.410520736257223e-12,-2.414305071179514e-16
280.61,-1.4103329324378103e-12,-3.025592383813233e-16
280.62,-1.4101464774908478e-12,-3.6382406154147067e-16
280.63,-1.409954557777719e-12,-4.251804950422989e-16
280.64,-1.4097637999080533e-12,-4.865835809763079e-16
280.65,-1.4095726550454095e-12,-5.479789837093811e-16
280.66,-1.4093805737834305e-12,-6.095121705204891e-16
280.67,-1.4091878220141398e-12,-6.710363353187524e-16
280.68,-1.4089938430201892e-12,-7.326775473731587e-16
280.69,-1.4087992444909232e-12,-7.943616567805811e-16
280.7,-1.408603718931986e-12,-8.558619754373698e-16
280.71,-1.4084074100894341e-12,-9.17420440190913e-16
280.72,-1.408210479099938e-12,-9.795190893112276e-16
280.73,-1.4080126094750896e-12,-1.0413232304607963e-15
280.74,-1.4078137909479598e-12,-1.103154989231367e-15
280.75,-1.4076144158885662e-12,-1.165051722796044e-15
280.76,-1.4074134222406375e-12,-1.2268632512313133e-15
280.77,-1.4072126852500263e-12,-1.2888328584840947e-15
280.78,-1.4070104188001348e-12,-1.350760621562916e-15
280.79,-1.4068076905744324e-12,-1.412715389732694e-15
280.8,-1.4066040497056786e-12,-1.474909347562244e-15
280.81,-1.4063992450758654e-12,-1.536688101628465e-15
280.82,-1.4061940277014293e-12,-1.5986466720396084e-15
280.83,-1.4059876965605336e-12,-1.6606770788925964e-15
280.84,-1.4057809042035917e-12,-1.7226792919214795e-15
280.85,-1.4055730763452174e-12,-1.784682968106113e-15
280.86,-1.4053642626387523e-12,-1.846625882774218e-15
280.87,-1.4051547096567953e-12,-1.9086599694531377e-15
280.88,-1.4049444391601006e-12,-1.970602179022372e-15
280.89,-1.4047335799317288e-12,-2.0326298402222553e-15
280.9,-1.404521078580824e-12,-2.0945053614077466e-15
280.91,-1.4043085608814134e-12,-2.1564443188952117e-15
280.92,-1.4040948724031526e-12,-2.2183232429995362e-15
280.93,-1.403880479963784e-12,-2.280316111089996e-15
280.94,-1.4036649728903778e-12,-2.3421215234424127e-15
280.95,-1.4034490849525954e-12,-2.4040103835088802e-15
280.96,-1.403232138016464e-12,-2.465729072325316e-15
280.97,-1.4030146084079609e-12,-2.5275644246269e-15
280.98,-1.4027957523628275e-12,-2.58919964322558e-15
280.99,-1.4025766752968136e-12,-2.6509284662372875e-15
281.0,-1.4023564762257034e-12,-2.71258486171076e-15
281.01,-1.4021355945534553e-12,-2.7742132349072974e-15
281.02,-1.4019136993064559e-12,-2.8357100542775388e-15
281.03,-1.4016911306752568e-12,-2.8972224797324828e-15
281.04,-1.4014676949264475e-12,-2.958665572036517e-15
281.05,-1.4012436579373021e-12,-3.020085719421518e-15
281.06,-1.4010184570449252e-12,-3.0813222374144087e-15
281.07,-1.4007922092799444e-12,-3.1425890140197487e-15
281.08,-1.400566323943295e-12,-3.2039371211720456e-15
281.09,-1.4003385689922418e-12,-3.2649665133071322e-15
281.1,-1.4001102728878358e-12,-3.326012421055944e-15
281.11,-1.399881561982978e-12,-3.3870033750997134e-15
281.12,-1.399651503257928e-12,-3.447922803015158e-15
281.13,-1.3994217012145224e-12,-3.5087816168419337e-15
281.14,-1.3991895836432926e-12,-3.5695218404190604e-15
281.15,-1.3989571838939402e-12,-3.630092440276968e-15
281.16,-1.398724376981651e-12,-3.6910857934544974e-15
281.17,-1.3984903865995306e-12,-3.751120882595481e-15
281.18,-1.3982556018230378e-12,-3.811391528819974e-15
281.19,-1.3980204702640447e-12,-3.8720938705096896e-15
281.2,-1.3977841942790871e-12,-3.93211441910537e-15
281.21,-1.397547217028533e-12,-3.992156883451861e-15
281.22,-1.3973093388779533e-12,-4.052106045088941e-15
281.23,-1.3970710194925964e-12,-4.1120647305355616e-15
281.24,-1.3968316112065409e-12,-4.1717934603136835e-15
281.25,-1.396591664778115e-12,-4.231544906437152e-15
281.26,-1.396350509278268e-12,-4.290998614170304e-15
281.27,-1.3961089386932488e-12,-4.350445574539401e-15
281.28,-1.3958665463562743e-12,-4.409777739427769e-15
281.29,-1.39562338787374e-12,-4.468922488115186e-15
281.3,-1.3953792784575504e-12,-4.527860314389157e-15
281.31,-1.3951346710853657e-12,-4.586976470442844e-15
281.32,-1.3948890140341997e-12,-4.645864777316742e-15
281.33,-1.3946428675489152e-12,-4.704412602644076e-15
281.34,-1.3943957096573671e-12,-4.7630536274641515e-15
281.35,-1.3941478040734647e-12,-4.821387751619173e-15
281.36,-1.3938993974242248e-12,-4.879640706101289e-15
281.37,-1.3936501490013443e-12,-4.937816007797055e-15
281.38,-1.3934001123368142e-12,-4.995759387012982e-15
281.39,-1.3931492593715552e-12,-5.053610742722445e-15
281.4,-1.3928974705613953e-12,-5.111214205535267e-15
281.41,-1.3926452443500723e-12,-5.168824363176468e-15
281.42,-1.3923922277698585e-12,-5.226185776572826e-15
281.43,-1.392138407997803e-12,-5.283318210881627e-15
281.44,-1.3918839124866447e-12,-5.34049241461569e-15
281.45,-1.3916284276245363e-12,-5.397320728759741e-15
281.46,-1.391372572407168e-12,-5.454065140219328e-15
281.47,-1.3911158226848447e-12,-5.510655671727004e-15
281.48,-1.390858254309553e-12,-5.56707602285236e-15
281.49,-1.3906002269826155e-12,-5.6233474363983426e-15
281.5,-1.3903411598179254e-12,-5.679357122007785e-15
281.51,-1.3900814097225738e-12,-5.73519478460732e-15
281.52,-1.3898213642894189e-12,-5.791027417874833e-15
281.53,-1.3895598828230919e-12,-5.846454322706643e-15
281.54,-1.389298157088955e-12,-5.901758404196338e-15
281.55,-1.3890357996995326e-12,-5.956907714210593e-15
281.56,-1.3887722725382936e-12,-6.011928136810011e-15
281.57,-1.3885083840377558e-12,-6.0666293685010616e-15
281.58,-1.388243745612584e-12,-6.121325490507317e-15
281.59,-1.3879784365870786e-12,-6.175609453667758e-15
281.6,-1.3877121001521824e-12,-6.229842699451049e-15
281.61,-1.3874454823168658e-12,-6.283714696462133e-15
281.62,-1.387177889110237e-12,-6.337628995489663e-15
281.63,-1.3869098056250183e-12,-6.391200347191485e-15
281.64,-1.3866402966626104e-12,-6.4445009644954614e-15
281.65,-1.3863714261512473e-12,-6.4977492850681375e-15
281.66,-1.3861011035942326e-12,-6.550707103171481e-15
281.67,-1.3858298510295348e-12,-6.603502224835549e-15
281.68,-1.3855585936718797e-12,-6.655979001610261e-15
281.69,-1.3852861703021213e-12,-6.708429189405595e-15
281.7,-1.385013217653819e-12,-6.760492863074121e-15
281.71,-1.3847398406436251e-12,-6.812363413802567e-15
281.72,-1.3844655908023899e-12,-6.864116127566198e-15
281.73,-1.3841905175805608e-12,-6.915435012993263e-15
281.74,-1.3839149596297509e-12,-6.96668164190161e-15
281.75,-1.3836387559628985e-12,-7.017684693067891e-15
281.76,-1.383361928261748e-12,-7.068448883054551e-15
281.77,-1.383084139951449e-12,-7.118938158071829e-15
281.78,-1.3828058798187464e-12,-7.169192988865233e-15
281.79,-1.3825282185103684e-12,-7.219498049051794e-15
281.8,-1.3822476446628628e-12,-7.269124946639462e-15
281.81,-1.3819676469349312e-12,-7.318820662339471e-15
281.82,-1.3816866156389382e-12,-7.368052669035161e-15
281.83,-1.381405248566149e-12,-7.417085274667975e-15
281.84,-1.381123130469343e-12,-7.465906618733519e-15
281.85,-1.3808404333357996e-12,-7.514555355524866e-15
281.86,-1.380557094371779e-12,-7.562859373588665e-15
281.87,-1.3802732568850427e-12,-7.611017809011333e-15
281.88,-1.379988486668202e-12,-7.658808586895975e-15
281.89,-1.3797036178861027e-12,-7.706449581648798e-15
281.9,-1.3794178308387539e-12,-7.753710804648812e-15
281.91,-1.3791313827884384e-12,-7.800781253482736e-15
281.92,-1.3788449217402755e-12,-7.847639256732469e-15
281.93,-1.3785568859210578e-12,-7.89414882385058e-15
281.94,-1.3782687510733608e-12,-7.9404803392251e-15
281.95,-1.3779800325144322e-12,-7.98634586792699e-15
281.96,-1.377690780799234e-12,-8.03229057653281e-15
281.97,-1.3774005347209248e-12,-8.077619754663138e-15
281.98,-1.3771102146853893e-12,-8.122960028649008e-15
281.99,-1.3768189855695868e-12,-8.167783746190947e-15
282.0,-1.3765275739631913e-12,-8.212608709941212e-15
282.01,-1.3762357517040542e-12,-8.257258688210588e-15
282.02,-1.3759421947544743e-12,-8.300940365918665e-15
282.03,-1.375649041508865e-12,-8.34486362920802e-15
282.04,-1.3753551294523141e-12,-8.38844848611843e-15
282.05,-1.3750605754425745e-12,-8.431717474285268e-15
282.06,-1.3747658438048726e-12,-8.474862700107194e-15
282.07,-1.3744701004459822e-12,-8.517307011315132e-15
282.08,-1.3741736576724874e-12,-8.559717017265989e-15
282.09,-1.3738771627674521e-12,-8.601938909763355e-15
282.1,-1.3735797983786044e-12,-8.643821425394647e-15
282.11,-1.3732821561516911e-12,-8.685286111557297e-15
282.12,-1.3729839418096083e-12,-8.726603954668097e-15
282.13,-1.3726850798959769e-12,-8.767527353138949e-15
282.14,-1.3723854085512122e-12,-8.808110107930615e-15
282.15,-1.372083728944885e-12,-8.847858076304597e-15
282.16,-1.3717855266807228e-12,-8.888653936539161e-15
282.17,-1.3714843764153093e-12,-8.928364688607519e-15
282.18,-1.3711831715647943e-12,-8.967824246893276e-15
282.19,-1.3708812308844635e-12,-9.007104185407395e-15
282.2,-1.3705787868757126e-12,-9.045837680599118e-15
282.21,-1.3702757676203016e-12,-9.084414597562934e-15
282.22,-1.3699726203725547e-12,-9.122694712879064e-15
282.23,-1.3696685042564342e-12,-9.160643894324715e-15
282.24,-1.3693637679700592e-12,-9.198192358294682e-15
282.25,-1.3690594711146926e-12,-9.235620312047848e-15
282.26,-1.3687541183256826e-12,-9.272577483821406e-15
282.27,-1.3684483132341835e-12,-9.309280357332226e-15
282.28,-1.3681420812767112e-12,-9.34567338876046e-15
282.29,-1.3678353135572536e-12,-9.381678622439717e-15
282.3,-1.3675281113968067e-12,-9.417473976706964e-15
282.31,-1.3672203009819376e-12,-9.452845106836817e-15
282.32,-1.3669120557001008e-12,-9.487986625974416e-15
282.33,-1.3666033595861815e-12,-9.522628014839933e-15
282.34,-1.3662946155859395e-12,-9.557208306915636e-15
282.35,-1.3659850836495404e-12,-9.591357697767757e-15
282.36,-1.3656753186580345e-12,-9.62516449259925e-15
282.37,-1.3653651267982602e-12,-9.658793433286257e-15
282.38,-1.3650543492689141e-12,-9.691867675208961e-15
282.39,-1.3647431286456001e-12,-9.724740508633455e-15
282.4,-1.3644314082966049e-12,-9.757171985209057e-15
282.41,-1.3641192933103659e-12,-9.789412495384465e-15
282.42,-1.363806998348229e-12,-9.821229824004241e-15
282.43,-1.3634941414283343e-12,-9.852802625697883e-15
282.44,-1.3631808648162652e-12,-9.883969910305488e-15
282.45,-1.3628671117759748e-12,-9.91478867819384e-15
282.46,-1.3625529697488343e-12,-9.945196588654449e-15
282.47,-1.3622386843541713e-12,-9.97552201145831e-15
282.48,-1.3619239372717765e-12,-1.0005400286875309e-14
282.49,-1.3616085627581069e-12,-1.0034837108352159e-14
282.5,-1.3612935480184391e-12,-1.006419254449358e-14
282.51,-1.3609774057662949e-12,-1.0092978576126912e-14
282.52,-1.3606608356406172e-12,-1.0121493132819168e-14
282.53,-1.3603439993275298e-12,-1.014955518545932e-14
282.54,-1.3600270740339517e-12,-1.0177452018087811e-14
282.55,-1.3597093378441173e-12,-1.0204740267503096e-14
282.56,-1.3593917725379415e-12,-1.0232066385697675e-14
282.57,-1.3590736868575718e-12,-1.0258882786792469e-14
282.58,-1.3587551920118668e-12,-1.0285325259023785e-14
282.59,-1.3584342339053204e-12,-1.0311775262259293e-14
282.6,-1.3581171710852553e-12,-1.0337248926425333e-14
282.61,-1.3577976771741602e-12,-1.0362588941341275e-14
282.62,-1.3574778778149994e-12,-1.0387714766209912e-14
282.63,-1.3571576855029056e-12,-1.0412411027212405e-14
282.64,-1.3568374270988093e-12,-1.0436870219377875e-14
282.65,-1.3565166211090468e-12,-1.0460873709590249e-14
282.66,-1.3561953599660941e-12,-1.048450075218725e-14
282.67,-1.3558743097790793e-12,-1.0507891787686683e-14
282.68,-1.3555522472280411e-12,-1.0530783534102021e-14
282.69,-1.3552303074784796e-12,-1.0553584579511913e-14
282.7,-1.3549081367295326e-12,-1.0575877950228826e-14
282.71,-1.354585532293089e-12,-1.0597804523195195e-14
282.72,-1.354262939370304e-12,-1.0619499803824418e-14
282.73,-1.353938975169175e-12,-1.064020038397905e-14
282.74,-1.3536161951550685e-12,-1.066149393507885e-14
282.75,-1.3532923788186025e-12,-1.0681959071525798e-14
282.76,-1.3529684693308605e-12,-1.0702163851285595e-14
282.77,-1.3526440117624312e-12,-1.0721891888932219e-14
282.78,-1.3523196693410307e-12,-1.0741449560583881e-14
282.79,-1.351995289612207e-12,-1.0760613078992604e-14
282.8,-1.3516700186895908e-12,-1.0779332743365845e-14
282.81,-1.351344907541921e-12,-1.0797822130695319e-14
282.82,-1.3510193881759339e-12,-1.0815876248504313e-14
282.83,-1.3506936757652344e-12,-1.083346896188127e-14
282.84,-1.3503678797686157e-12,-1.0850908363278671e-14
282.85,-1.3500415727565687e-12,-1.0867812945293758e-14
282.86,-1.3497155169282382e-12,-1.088448598030606e-14
282.87,-1.3493885675621623e-12,-1.0900659199099707e-14
282.88,-1.3490618248343996e-12,-1.0916615474652037e-14
282.89,-1.3487347444589436e-12,-1.0932167257590342e-14
282.9,-1.3484075242683382e-12,-1.0947357412559492e-14
282.91,-1.348080050923932e-12,-1.0962117944916106e-14
282.92,-1.3477522985436034e-12,-1.0976640931526092e-14
282.93,-1.347424553313936e-12,-1.099074208439616e-14
282.94,-1.3470965272761862e-12,-1.1004505656119306e-14
282.95,-1.3467679289762563e-12,-1.1017549514382379e-14
282.96,-1.346439877071521e-12,-1.1030960112072988e-14
282.97,-1.3461113595500637e-12,-1.1043651474681284e-14
282.98,-1.345782705614214e-12,-1.1056048667748557e-14
282.99,-1.3454536877041496e-12,-1.1067897999554679e-14
283.0,-1.3451245745186013e-12,-1.1079499123354368e-14
283.01,-1.3447954088765307e-12,-1.1090790196375864e-14
283.02,-1.344466034792233e-12,-1.1101577579825336e-14
283.03,-1.3441366320713201e-12,-1.1112257207366112e-14
283.04,-1.3438067239657904e-12,-1.112226673306078e-14
283.05,-1.3434770735089663e-12,-1.11322897079169e-14
283.06,-1.343147161929251e-12,-1.1141703177243904e-14
283.07,-1.3428173059209148e-12,-1.1150836847899553e-14
283.08,-1.3424869868648385e-12,-1.1159567310925134e-14
283.09,-1.342156808674331e-12,-1.1167985590500229e-14
283.1,-1.3418264098697348e-12,-1.1176192393188877e-14
283.11,-1.3414958962301195e-12,-1.1183698936080579e-14
283.12,-1.3411649589561074e-12,-1.1190906318611564e-14
283.13,-1.3408341696649765e-12,-1.1197949877683378e-14
283.14,-1.3405033396094054e-12,-1.1204460902230328e-14
283.15,-1.3401726977235722e-12,-1.1210833920253068e-14
283.16,-1.3398409394316434e-12,-1.121660815934327e-14
283.17,-1.3395102384583757e-12,-1.1222145974905207e-14
283.18,-1.3391790517011012e-12,-1.1227293819416615e-14
283.19,-1.3388481369777413e-12,-1.1232171998017479e-14
283.2,-1.3385164170241365e-12,-1.123657416697985e-14
283.21,-1.338185024906242e-12,-1.1240677259878502e-14
283.22,-1.3378536164180255e-12,-1.1244560846954008e-14
283.23,-1.3375218604514408e-12,-1.1247756327505238e-14
283.24,-1.3371903585992223e-12,-1.1250876720063667e-14
283.25,-1.3368587601919988e-12,-1.125363056087147e-14
283.26,-1.3365270081834727e-12,-1.1255925042378674e-14
283.27,-1.336195150763328e-12,-1.1257800499688222e-14
283.28,-1.335863510406345e-12,-1.1259631977190979e-14
283.29,-1.3355312727407644e-12,-1.1260765324567459e-14
283.3,-1.335199819665674e-12,-1.1261734149910468e-14
283.31,-1.334867652399583e-12,-1.1262238667389637e-14
283.32,-1.3345359648579205e-12,-1.1262467597909973e-14
283.33,-1.3342040629504803e-12,-1.1262373906040347e-14
283.34,-1.3338719900515622e-12,-1.1261861966453557e-14
283.35,-1.3335401725470659e-12,-1.1261066755036626e-14
283.36,-1.33320825593777e-12,-1.1259905744672592e-14
283.37,-1.3328761910800087e-12,-1.1258270318167623e-14
283.38,-1.33254441740664e-12,-1.1256477493495047e-14
283.39,-1.3322123208816143e-12,-1.1254243476185224e-14
283.4,-1.3318804450476849e-12,-1.1251497018480867e-14
283.41,-1.331548616098468e-12,-1.124879437360491e-14
283.42,-1.3312167127769435e-12,-1.1245461513304034e-14
283.43,-1.3308848998084304e-12,-1.1241897758533022e-14
283.44,-1.3305533736767458e-12,-1.1238033594729532e-14
283.45,-1.3302212936410241e-12,-1.1233665355777844e-14
283.46,-1.3298895555437851e-12,-1.1229112970865179e-14
283.47,-1.3295578925471924e-12,-1.1224095368661814e-14
283.48,-1.3292260916971723e-12,-1.1218752711589391e-14
283.49,-1.3288947790976829e-12,-1.1213229536218028e-14
283.5,-1.328562965234627e-12,-1.120711238183517e-14
283.51,-1.3282315161249534e-12,-1.1200762517604004e-14
283.52,-1.3279000086110738e-12,-1.1193993703737468e-14
283.53,-1.3275687534820962e-12,-1.1187082921787935e-14
283.54,-1.3272375037611358e-12,-1.1179690004112712e-14
283.55,-1.3269061592348956e-12,-1.1172070144630824e-14
283.56,-1.326575258092818e-12,-1.116408752482859e-14
283.57,-1.326244157454631e-12,-1.1155665216407923e-14
283.58,-1.3259140462655387e-12,-1.1147227055282302e-14
283.59,-1.32558226018282e-12,-1.1137917758926062e-14
283.6,-1.3252514740143267e-12,-1.1128615288692102e-14
283.61,-1.3249208925960076e-12,-1.1118676440730727e-14
283.62,-1.3245901837016472e-12,-1.1108857610796743e-14
283.63,-1.3242599246946569e-12,-1.109862269739279e-14
283.64,-1.323929533567244e-12,-1.1087763067266744e-14
283.65,-1.3235993594431268e-12,-1.1076903559567716e-14
283.66,-1.3232690813434413e-12,-1.1065557878099843e-14
283.67,-1.3229390794481059e-12,-1.1053888914355922e-14
283.68,-1.3226094803331667e-12,-1.1041933246462975e-14
283.69,-1.3222798095473358e-12,-1.1029771839634265e-14
283.7,-1.321950211861543e-12,-1.1017068309745751e-14
283.71,-1.3216207671696472e-12,-1.1004131149888944e-14
283.72,-1.3212914349701292e-12,-1.0990883078416416e-14
283.73,-1.3209623869436692e-12,-1.0977338045898741e-14
283.74,-1.3206333495749474e-12,-1.096338027870603e-14
283.75,-1.3203044470688947e-12,-1.0949155179843677e-14
283.76,-1.3199754524985675e-12,-1.0934601059084217e-14
283.77,-1.3196473382344134e-12,-1.0919815540904671e-14
283.78,-1.319319080250364e-12,-1.0904679391234807e-14
283.79,-1.3189908359793687e-12,-1.0889192594257678e-14
283.8,-1.3186630615046668e-12,-1.0873399770887625e-14
283.81,-1.318335234002993e-12,-1.0857343755434222e-14
283.82,-1.3180075351922983e-12,-1.0840952507391988e-14
283.83,-1.3176801709780701e-12,-1.0824277676820619e-14
283.84,-1.3173528610051042e-12,-1.0807262403923822e-14
283.85,-1.317025813244374e-12,-1.0789874457861199e-14
283.86,-1.3166991851197647e-12,-1.0772326649608563e-14
283.87,-1.3163723884459817e-12,-1.0754323546180961e-14
283.88,-1.3160461195734823e-12,-1.0736181016804332e-14
283.89,-1.3157199449549315e-12,-1.0717542901080829e-14
283.9,-1.3153939322978102e-12,-1.0698854851157963e-14
283.91,-1.3150681381762213e-12,-1.067964909487683e-14
283.92,-1.3147429338565551e-12,-1.0660345953359157e-14
283.93,-1.3144173344065223e-12,-1.064055541263972e-14
283.94,-1.314092023953541e-12,-1.0620537646698798e-14
283.95,-1.3137674679162019e-12,-1.0600278066572373e-14
283.96,-1.3134428107590321e-12,-1.057972168369135e-14
283.97,-1.3131184591744412e-12,-1.0558838648961837e-14
283.98,-1.3127945795717058e-12,-1.0537886531500557e-14
283.99,-1.3124702515903574e-12,-1.0516067996152574e-14
284.0,-1.3121468090745172e-12,-1.0494449656108055e-14
284.01,-1.3118233692354594e-12,-1.0472329842201181e-14
284.02,-1.3115004773374645e-12,-1.0450083028331209e-14
284.03,-1.3111781777081976e-12,-1.0428100314263158e-14
284.04,-1.3108551710324803e-12,-1.0404725852395026e-14
284.05,-1.3105325327847364e-12,-1.0381396776267025e-14
284.06,-1.3102105590781273e-12,-1.0358058172774937e-14
284.07,-1.3098888194425415e-12,-1.0334424219040375e-14
284.08,-1.30956736310968e-12,-1.031038625808912e-14
284.09,-1.3092461240570229e-12,-1.0286140692834897e-14
284.1,-1.308925201758014e-12,-1.026150748802009e-14
284.11,-1.3086047767216816e-12,-1.0236684600732687e-14
284.12,-1.3082850003603151e-12,-1.0210823986260607e-14
284.13,-1.3079642611373735e-12,-1.0186427256226944e-14
284.14,-1.3076444989970948e-12,-1.0160813047976767e-14
284.15,-1.3073251731737992e-12,-1.0134968181498486e-14
284.16,-1.307006053482818e-12,-1.0108843920634055e-14
284.17,-1.3066873051519174e-12,-1.008241507693347e-14
284.18,-1.306368702961192e-12,-1.0055740706669169e-14
284.19,-1.3060506058423654e-12,-1.002877478992774e-14
284.2,-1.3057326246985072e-12,-1.0001677371235332e-14
284.21,-1.3054154601185534e-12,-9.974420058314596e-15
284.22,-1.3050981127434814e-12,-9.946713574466145e-15
284.23,-1.304781204256781e-12,-9.918778817197735e-15
284.24,-1.3044646927076952e-12,-9.8906199541097e-15
284.25,-1.3041485449484115e-12,-9.862215705080037e-15
284.26,-1.3038327020077562e-12,-9.833536788968247e-15
284.27,-1.3035172095171878e-12,-9.804634030120691e-15
284.28,-1.3032020240888885e-12,-9.775462516233391e-15
284.29,-1.3028868003627386e-12,-9.745984854363442e-15
284.3,-1.3025729542760638e-12,-9.716377451391302e-15
284.31,-1.302258754005102e-12,-9.68655646974338e-15
284.32,-1.3019450008287942e-12,-9.656505664565527e-15
284.33,-1.3016316003979842e-12,-9.626134158066515e-15
284.34,-1.3013184508999481e-12,-9.595541323820555e-15
284.35,-1.3010058070776048e-12,-9.564778888439124e-15
284.36,-1.3006935608847701e-12,-9.53376620555128e-15
284.37,-1.300381691393529e-12,-9.50239507717328e-15
284.38,-1.3000702855293824e-12,-9.470901884567457e-15
284.39,-1.2997592071015962e-12,-9.439296204634066e-15
284.4,-1.299448456026148e-12,-9.407327556718961e-15
284.41,-1.2991379927451471e-12,-9.375084207149412e-15
284.42,-1.2988279726940512e-12,-9.342743031325698e-15
284.43,-1.298518494248269e-12,-9.310069505964497e-15
284.44,-1.2982092284241821e-12,-9.277371384544065e-15
284.45,-1.2979005627933578e-12,-9.244255681671785e-15
284.46,-1.2975918790910847e-12,-9.211128939648201e-15
284.47,-1.2972843143984534e-12,-9.177689999835877e-15
284.48,-1.2969764891891137e-12,-9.143951398403276e-15
284.49,-1.2966693947433932e-12,-9.110098975907612e-15
284.5,-1.296362565372159e-12,-9.075956315175518e-15
284.51,-1.296056245104025e-12,-9.04170035968816e-15
284.52,-1.295750305330484e-12,-9.007142715448258e-15
284.53,-1.295444804043808e-12,-8.972555298884244e-15
284.54,-1.2951396711134465e-12,-8.93766123150559e-15
284.55,-1.294835118243841e-12,-8.902590847320278e-15
284.56,-1.294528394911361e-12,-8.866133304204313e-15
284.57,-1.2942269602141135e-12,-8.831881963999563e-15
284.58,-1.293923691431582e-12,-8.796187896986085e-15
284.59,-1.2936207017338787e-12,-8.760330756590224e-15
284.6,-1.293318261721063e-12,-8.724276999246366e-15
284.61,-1.2930163729266863e-12,-8.688200270178508e-15
284.62,-1.2927145851732028e-12,-8.651708859636108e-15
284.63,-1.2924134282532584e-12,-8.615191453144395e-15
284.64,-1.2921124707710975e-12,-8.57843307098004e-15
284.65,-1.2918119412579506e-12,-8.541576502323201e-15
284.66,-1.2915124901715396e-12,-8.504309823288519e-15
284.67,-1.2912132303449357e-12,-8.467032763535206e-15
284.68,-1.2909142761238507e-12,-8.429598572539166e-15
284.69,-1.2906161437168379e-12,-8.392103520555107e-15
284.7,-1.290317285333626e-12,-8.354516463475557e-15
284.71,-1.290020342433746e-12,-8.316212103216752e-15
284.72,-1.2897233466776087e-12,-8.278074833051992e-15
284.73,-1.289426727594312e-12,-8.239792460107822e-15
284.74,-1.2891303942073537e-12,-8.201260939859527e-15
284.75,-1.2888351130037306e-12,-8.162727215098125e-15
284.76,-1.2885398086800417e-12,-8.123948313858488e-15
284.77,-1.2882451487070936e-12,-8.085059838017564e-15
284.78,-1.2879510167088714e-12,-8.04602007782435e-15
284.79,-1.2876569205395481e-12,-8.006807644228679e-15
284.8,-1.2873640728235263e-12,-7.967398678961485e-15
284.81,-1.2870712405273984e-12,-7.927925212441656e-15
284.82,-1.2867788054001935e-12,-7.888181181442906e-15
284.83,-1.28648751855432e-12,-7.848618705684982e-15
284.84,-1.2861960543757251e-12,-7.80846170365437e-15
284.85,-1.2859052422045754e-12,-7.768322508293134e-15
284.86,-1.2856148570970343e-12,-7.728199668482533e-15
284.87,-1.285325023936693e-12,-7.687760822242592e-15
284.88,-1.2850357121339856e-12,-7.647323609279541e-15
284.89,-1.2847469987091399e-12,-7.606647437101938e-15
284.9,-1.2844586568009453e-12,-7.565903512677885e-15
284.91,-1.284171023891063e-12,-7.525035777454391e-15
284.92,-1.2838847608156875e-12,-7.483853084056907e-15
284.93,-1.2835969205371521e-12,-7.442851760149636e-15
284.94,-1.2833106635799492e-12,-7.401657339060374e-15
284.95,-1.2830246939702231e-12,-7.36021654199919e-15
284.96,-1.282739873269456e-12,-7.31880539667293e-15
284.97,-1.2824549097462956e-12,-7.277200832297564e-15
284.98,-1.2821707425537329e-12,-7.235498037550284e-15
284.99,-1.2818871159836417e-12,-7.19364287289e-15
285.0,-1.2816040609496206e-12,-7.151781033605908e-15
285.01,-1.2813213484093838e-12,-7.109792173760251e-15
285.02,-1.2810392668994448e-12,-7.067584921742033e-15
285.03,-1.280757729211047e-12,-7.025386703645182e-15
285.04,-1.280476748505426e-12,-6.982979955141092e-15
285.05,-1.2801961308652765e-12,-6.940539092598742e-15
285.06,-1.279916092987126e-12,-6.8980061328175675e-15
285.07,-1.2796366193034952e-12,-6.855459940170435e-15
285.08,-1.279357828505141e-12,-6.812639795945652e-15
285.09,-1.2790794002544284e-12,-6.769770902686413e-15
285.1,-1.2788010279502717e-12,-6.7269204916847805e-15
285.11,-1.2785243832203303e-12,-6.683921054405456e-15
285.12,-1.2782474880195477e-12,-6.640829720656541e-15
285.13,-1.277971347046006e-12,-6.597701096059732e-15
285.14,-1.2776960195062743e-12,-6.5543495292502774e-15
285.15,-1.2774205269921602e-12,-6.5111144751615755e-15
285.16,-1.2771460639453489e-12,-6.467806738738403e-15
285.17,-1.2768719424360693e-12,-6.424217523539647e-15
285.18,-1.2765984637235657e-12,-6.380676752640623e-15
285.19,-1.2763255192232116e-12,-6.336909939754512e-15
285.2,-1.2760530394553715e-12,-6.29336131490676e-15
285.21,-1.275781082186715e-12,-6.249575445165013e-15
285.22,-1.2755099788588124e-12,-6.205814052108705e-15
285.23,-1.275239165793063e-12,-6.161919463755321e-15
285.24,-1.2749690280552417e-12,-6.1179508823190986e-15
285.25,-1.2746993101753913e-12,-6.073993083812964e-15
285.26,-1.2744304287933173e-12,-6.0299244740676366e-15
285.27,-1.2741618459428497e-12,-5.985820250003031e-15
285.28,-1.2738939822952532e-12,-5.941654685224549e-15
285.29,-1.2736265607797155e-12,-5.89738805694128e-15
285.3,-1.2733597184734084e-12,-5.853180792415078e-15
285.31,-1.2730934340789233e-12,-5.8088052311141184e-15
285.32,-1.2728279107872667e-12,-5.7645289152562276e-15
285.33,-1.2725627111044844e-12,-5.720206682785843e-15
285.34,-1.2722980557359602e-12,-5.675762028120019e-15
285.35,-1.2720341400510231e-12,-5.631191713336193e-15
285.36,-1.271770693132894e-12,-5.586748300723825e-15
285.37,-1.27150814904979e-12,-5.542133057069197e-15
285.38,-1.2712455316736386e-12,-5.4976423918697466e-15
285.39,-1.270984005888409e-12,-5.452975436158855e-15
285.4,-1.2707225984895423e-12,-5.408389218499884e-15
285.41,-1.2704622013436627e-12,-5.363862967792469e-15
285.42,-1.2702021898224427e-12,-5.319042481114551e-15
285.43,-1.2699424279654721e-12,-5.2743617414965785e-15
285.44,-1.2696838829265783e-12,-5.229648012214603e-15
285.45,-1.269425547596844e-12,-5.184887709438824e-15
285.46,-1.2691684320523866e-12,-5.14034312478424e-15
285.47,-1.2689106630563834e-12,-5.095337430043588e-15
285.48,-1.2686541007594015e-12,-5.0505537009325355e-15
285.49,-1.268398129775064e-12,-5.005753047838246e-15
285.5,-1.2681427537285223e-12,-4.960961923377147e-15
285.51,-1.2678879491876068e-12,-4.916155495280629e-15
285.52,-1.2676336410030469e-12,-4.871372277302882e-15
285.53,-1.2673799500752833e-12,-4.8265211366689685e-15
285.54,-1.2671269612817238e-12,-4.781752476064538e-15
285.55,-1.266874608306027e-12,-4.737278679750216e-15
285.56,-1.2666224123924192e-12,-4.692086462346914e-15
285.57,-1.2663712114494522e-12,-4.647307008966038e-15
285.58,-1.266120588715282e-12,-4.6026606986698926e-15
285.59,-1.2658701768011838e-12,-4.557705670727557e-15
285.6,-1.2656204095949886e-12,-4.512924248904988e-15
285.61,-1.2653721519922662e-12,-4.468206962354697e-15
285.62,-1.2651229659452564e-12,-4.423429850077366e-15
285.63,-1.2648752828696062e-12,-4.37876415081927e-15
285.64,-1.264627617680102e-12,-4.333970791391816e-15
285.65,-1.2643813116970977e-12,-4.289363741004539e-15
285.66,-1.2641351138979509e-12,-4.2446905181809955e-15
285.67,-1.2638895469829517e-12,-4.2000541169493425e-15
285.68,-1.2636448369446266e-12,-4.155494257989879e-15
285.69,-1.2634004082502155e-12,-4.110817965995755e-15
285.7,-1.2631564939429149e-12,-4.066320558387552e-15
285.71,-1.2629135115760204e-12,-4.021814656794175e-15
285.72,-1.2626707208828072e-12,-3.97730330525161e-15
285.73,-1.2624282498708408e-12,-3.932824513584625e-15
285.74,-1.2621873107554597e-12,-3.888453337253755e-15
285.75,-1.2619464834480952e-12,-3.844080946259976e-15
285.76,-1.2617061849836783e-12,-3.799775097966179e-15
285.77,-1.261466344611723e-12,-3.755493249802092e-15
285.78,-1.2612273731663372e-12,-3.711269158735685e-15
285.79,-1.2609888381775152e-12,-3.667086319334507e-15
285.8,-1.2607509407803378e-12,-3.622987952366891e-15
285.81,-1.260513560595775e-12,-3.578854099526048e-15
285.82,-1.2602772517798824e-12,-3.534816151424016e-15
285.83,-1.2600407301758062e-12,-3.4908283075413808e-15
285.84,-1.2598050832811424e-12,-3.4469585144608855e-15
285.85,-1.2595700177597827e-12,-3.4030918402461687e-15
285.86,-1.259336150711047e-12,-3.3593761222005934e-15
285.87,-1.2591016860708984e-12,-3.315583058183461e-15
285.88,-1.2588686272358525e-12,-3.2719726864356023e-15
285.89,-1.258635636999134e-12,-3.2283192732370837e-15
285.9,-1.2584034842216392e-12,-3.1848199571043038e-15
285.91,-1.2581721793429514e-12,-3.141277954841793e-15
285.92,-1.2579413981925164e-12,-3.098025475134299e-15
285.93,-1.2577108470215823e-12,-3.05468476798259e-15
285.94,-1.257481174620059e-12,-3.0114566613204786e-15
285.95,-1.2572524253882077e-12,-2.968314641970483e-15
285.96,-1.2570232069459897e-12,-2.9252245504624944e-15
285.97,-1.256795211813487e-12,-2.88220541262385e-15
285.98,-1.2565679065264986e-12,-2.8392891874779563e-15
285.99,-1.2563409725167055e-12,-2.7964712746691944e-15
286.0,-1.2561142874903493e-12,-2.7536147723190895e-15
286.01,-1.2558889328109872e-12,-2.7110724118136445e-15
286.02,-1.2556636743443316e-12,-2.6685084763241613e-15
286.03,-1.255439161403224e-12,-2.6260307834652195e-15
286.04,-1.2552149365654276e-12,-2.583663378565621e-15
286.05,-1.2549916869990594e-12,-2.5414002263818605e-15
286.06,-1.2547688499278926e-12,-2.4992070563966254e-15
286.07,-1.254546464196362e-12,-2.457007082759112e-15
286.08,-1.2543250678819894e-12,-2.4151634803414586e-15
286.09,-1.2541042509229111e-12,-2.3730272519281625e-15
286.1,-1.253883207535292e-12,-2.331416670422209e-15
286.11,-1.2536632455135337e-12,-2.289790234391372e-15
286.12,-1.253443782511282e-12,-2.2481992560659525e-15
286.13,-1.2532249095998232e-12,-2.2067184566548045e-15
286.14,-1.2530067093456058e-12,-2.165390034616469e-15
286.15,-1.2527890393984623e-12,-2.1241883693438754e-15
286.16,-1.2525720972609715e-12,-2.0830763867859458e-15
286.17,-1.2523554348890907e-12,-2.042025460011523e-15
286.18,-1.2521395349086335e-12,-2.0012692788506305e-15
286.19,-1.2519235830183942e-12,-1.9603955949818717e-15
286.2,-1.2517088617465646e-12,-1.9197588201303384e-15
286.21,-1.2514945640467788e-12,-1.8791779518593837e-15
286.22,-1.2512808161016306e-12,-1.8387902044958366e-15
286.23,-1.2510675140612067e-12,-1.7985059704907974e-15
286.24,-1.2508549061416972e-12,-1.7583503755604681e-15
286.25,-1.250642881979788e-12,-1.718343810968967e-15
286.26,-1.250431198349865e-12,-1.6784344700711704e-15
286.27,-1.2502206909752367e-12,-1.6387381869632267e-15
286.28,-1.2500099925881707e-12,-1.5990620777359544e-15
286.29,-1.2498001248269773e-12,-1.5595968340278164e-15
286.3,-1.2495907623321594e-12,-1.5202278187223603e-15
286.31,-1.2493819102621636e-12,-1.4809684829452534e-15
286.32,-1.2491738557034332e-12,-1.4419058913067806e-15
286.33,-1.2489663300212084e-12,-1.4029807485941761e-15
286.34,-1.2487590226898827e-12,-1.3641950163654244e-15
286.35,-1.2485525518131294e-12,-1.3255082323743377e-15
286.36,-1.2483461793536556e-12,-1.2870081711252863e-15
286.37,-1.2481409606169582e-12,-1.2485903763622352e-15
286.38,-1.2479362426596393e-12,-1.210447608277177e-15
286.39,-1.2477317290340524e-12,-1.1723284986250832e-15
286.4,-1.2475277169019318e-12,-1.1344518213989852e-15
286.41,-1.2473244647531414e-12,-1.0966811227734078e-15
286.42,-1.2471219623292938e-12,-1.059098928061181e-15
286.43,-1.2469193006564814e-12,-1.0215727439961323e-15
286.44,-1.246717445301845e-12,-9.844865550178046e-16
286.45,-1.2465166013067304e-12,-9.472357326912873e-16
286.46,-1.246316103969648e-12,-9.10231909012202e-16
286.47,-1.2461161780368855e-12,-8.734182828084708e-16
286.48,-1.2459166194325446e-12,-8.367543063710138e-16
286.49,-1.2457177536208743e-12,-8.003213814409389e-16
286.5,-1.2455190932181291e-12,-7.639319209410132e-16
286.51,-1.2453210052305853e-12,-7.277854229758757e-16
286.52,-1.2451236210151625e-12,-6.917837657110413e-16
286.53,-1.2449272431402032e-12,-6.562669022346446e-16
286.54,-1.2447302927759313e-12,-6.20290957704416e-16
286.55,-1.2445345938679603e-12,-5.848519251029585e-16
286.56,-1.2443391579569058e-12,-5.495284234416706e-16
286.57,-1.2441442329990102e-12,-5.143954603258289e-16
286.58,-1.2439500815057242e-12,-4.794963894143174e-16
286.59,-1.2437560769250683e-12,-4.446700599354375e-16
286.6,-1.2435628704475942e-12,-4.1002041538051566e-16
286.61,-1.243369657266955e-12,-3.756090361357264e-16
286.62,-1.243177205474299e-12,-3.4128045012075835e-16
286.63,-1.2429860505228152e-12,-3.0733171655049945e-16
286.64,-1.2427947219410268e-12,-2.734728066476951e-16
286.65,-1.2426041365404613e-12,-2.3985253119287053e-16
286.66,-1.2424137505270026e-12,-2.064835456545536e-16
286.67,-1.2422228082128105e-12,-1.7269165821023622e-16
286.68,-1.2420348213020754e-12,-1.398567982688248e-16
286.69,-1.2418459422452869e-12,-1.0685718074702141e-16
286.7,-1.2416577264763466e-12,-7.418091207187277e-17
286.71,-1.2414699782907498e-12,-4.1611477595102493e-17
286.72,-1.2412828662997319e-12,-9.296130452678423e-18
286.73,-1.241095897088647e-12,2.286731708173197e-17
286.74,-1.2409096458165195e-12,5.4876382052360955e-17
286.75,-1.240723786353929e-12,8.668116411282042e-17
286.76,-1.2405386072272277e-12,1.1821581953764625e-16
286.77,-1.240353658551013e-12,1.496186719524358e-16
286.78,-1.2401693878801214e-12,1.80754259821119e-16
286.79,-1.2399853843695039e-12,2.1183391922690691e-16
286.8,-1.2398016769180313e-12,2.4253625769096437e-16
286.81,-1.2396191948525294e-12,2.730507436589855e-16
286.82,-1.2394366692541683e-12,3.0347242063098927e-16
286.83,-1.2392548639949446e-12,3.3366409287016296e-16
286.84,-1.2390732259749369e-12,3.6365995181226094e-16
286.85,-1.2388921188550828e-12,3.933933704771519e-16
286.86,-1.238711664774913e-12,4.2290197299546733e-16
286.87,-1.238531615525861e-12,4.522252656203901e-16
286.88,-1.238351939539348e-12,4.813679877445601e-16
286.89,-1.2381726833154234e-12,5.105089101495268e-16
286.9,-1.2379939482968274e-12,5.390107149634101e-16
286.91,-1.2378157623216994e-12,5.674707842713594e-16
286.92,-1.237637873916377e-12,5.95826292072877e-16
286.93,-1.2374608028816243e-12,6.237655735864215e-16
286.94,-1.2372839109466927e-12,6.516193359560972e-16
286.95,-1.2371070330157819e-12,6.793058242683933e-16
286.96,-1.2369313519859615e-12,7.066517342756739e-16
286.97,-1.236755688832133e-12,7.339268786085904e-16
286.98,-1.236580379172983e-12,7.609553805449782e-16
286.99,-1.23640585408754e-12,7.876474198234287e-16
287.0,-1.2362315152913641e-12,8.142234787216459e-16
287.01,-1.2360579090469774e-12,8.403755050183023e-16
287.02,-1.2358844368121605e-12,8.6661161573102685e-16
287.03,-1.235711367175235e-12,8.924832886763997e-16
287.04,-1.2355387405576666e-12,9.180603705378224e-16
287.05,-1.2353668718507025e-12,9.434965776095488e-16
287.06,-1.235195145241572e-12,9.687590724632893e-16
287.07,-1.235023995691435e-12,9.936855225084499e-16
287.08,-1.2348530629121636e-12,1.0183491576440164e-15
287.09,-1.2346826956091477e-12,1.0429277516006212e-15
287.1,-1.2345126327948043e-12,1.0671982675641172e-15
287.11,-1.234343522580428e-12,1.0911216356143224e-15
287.12,-1.234173978208619e-12,1.1150878921675122e-15
287.13,-1.2340052235415517e-12,1.1386722534026145e-15
287.14,-1.2338367953761491e-12,1.1620734009095753e-15
287.15,-1.2336688813774481e-12,1.185137011322826e-15
287.16,-1.2335017654262491e-12,1.207900963957866e-15
287.17,-1.2333341347089148e-12,1.2306904861893328e-15
287.18,-1.2331672632961627e-12,1.2531720867919441e-15
287.19,-1.2330011791712309e-12,1.275272958955735e-15
287.2,-1.2328351180366985e-12,1.2972820287680169e-15
287.21,-1.232669791008163e-12,1.3189133913936087e-15
287.22,-1.2325042825234315e-12,1.3404997631792185e-15
287.23,-1.2323396931474486e-12,1.3617123793304827e-15
287.24,-1.232175133248039e-12,1.3827207520444247e-15
287.25,-1.2320111825814958e-12,1.4034666070963055e-15
287.26,-1.231847570625626e-12,1.4240183951109824e-15
287.27,-1.2316841582196706e-12,1.4443046797453511e-15
287.28,-1.2315212773115515e-12,1.464354951351589e-15
287.29,-1.2313588286109324e-12,1.4841187074220077e-15
287.3,-1.2311965169220307e-12,1.5037109670167538e-15
287.31,-1.231034673275482e-12,1.5230845244424324e-15
287.32,-1.2308733965937148e-12,1.5421306607156266e-15
287.33,-1.2307124293516666e-12,1.5609928942199343e-15
287.34,-1.2305519388098503e-12,1.5794636264175984e-15
287.35,-1.23039124256844e-12,1.597949083313475e-15
287.36,-1.2302313784382946e-12,1.6159146882676264e-15
287.37,-1.2300715731969675e-12,1.6338433514704069e-15
287.38,-1.2299123454178646e-12,1.6514542456004098e-15
287.39,-1.2297534311153607e-12,1.6688327168662174e-15
287.4,-1.2295948088717633e-12,1.6859324592391947e-15
287.41,-1.229436496797658e-12,1.70280071276809e-15
287.42,-1.22927866963958e-12,1.7194891835775491e-15
287.43,-1.2291211603436609e-12,1.7355810751239112e-15
287.44,-1.2289637244217066e-12,1.7519600009003135e-15
287.45,-1.2288068338658948e-12,1.7678710582880684e-15
287.46,-1.2286500770552846e-12,1.7834740031914983e-15
287.47,-1.2284938743686455e-12,1.7989195971833127e-15
287.48,-1.2283379559387768e-12,1.8140737958562857e-15
287.49,-1.2281821198198898e-12,1.8290769162796005e-15
287.5,-1.2280270352949753e-12,1.84351967298305e-15
287.51,-1.2278720673453583e-12,1.857982030235089e-15
287.52,-1.227717467315798e-12,1.8722004887194553e-15
287.53,-1.2275629569113397e-12,1.885996785121718e-15
287.54,-1.227409100860272e-12,1.8995861263349795e-15
287.55,-1.2272551660380684e-12,1.9129729901804123e-15
287.56,-1.227101753701797e-12,1.92614585253382e-15
287.57,-1.2269485128670308e-12,1.9390963023441887e-15
287.58,-1.2267958401043727e-12,1.951741645534071e-15
287.59,-1.2266430082244446e-12,1.9641261339252493e-15
287.6,-1.226490920350062e-12,1.9762470618577464e-15
287.61,-1.2263388028966778e-12,1.9879480360243468e-15
287.62,-1.226187224106202e-12,1.9997163391145647e-15
287.63,-1.2260359109572978e-12,2.0110570791356626e-15
287.64,-1.2258848207776222e-12,2.0221928162723365e-15
287.65,-1.2257339682386846e-12,2.033103832628557e-15
287.66,-1.2255833934028263e-12,2.0437450711075897e-15
287.67,-1.2254330894137675e-12,2.054053544675852e-15
287.68,-1.2252829640956727e-12,2.0641822787606056e-15
287.69,-1.225133417047822e-12,2.0741179646192194e-15
287.7,-1.2249837135260941e-12,2.0837932606085905e-15
287.71,-1.2248347725974934e-12,2.093078830389887e-15
287.72,-1.2246856680009191e-12,2.102160875355808e-15
287.73,-1.2245369079994908e-12,2.1110159575090073e-15
287.74,-1.2243882417359467e-12,2.1196492566552185e-15
287.75,-1.2242403214524413e-12,2.1279601236508175e-15
287.76,-1.2240924401692738e-12,2.1360169392830305e-15
287.77,-1.2239445733511384e-12,2.1439200036242384e-15
287.78,-1.2237971356269182e-12,2.151534338737892e-15
287.79,-1.2236505549040655e-12,2.1586409530337142e-15
287.8,-1.223503195162621e-12,2.1658538905862917e-15
287.81,-1.2233563769273824e-12,2.172666424970437e-15
287.82,-1.223209929851433e-12,2.179217737884623e-15
287.83,-1.2230641629925093e-12,2.185001245337249e-15
287.84,-1.222917509547833e-12,2.191607333087467e-15
287.85,-1.2227718077249152e-12,2.197435122329602e-15
287.86,-1.2226259979776564e-12,2.2030889136756105e-15
287.87,-1.2224805765968849e-12,2.208421734406936e-15
287.88,-1.2223354802205423e-12,2.213445009955651e-15
287.89,-1.2221907387618986e-12,2.2181829215669487e-15
287.9,-1.2220459565094725e-12,2.222691645397187e-15
287.91,-1.2219016462966234e-12,2.22701446564256e-15
287.92,-1.2217574175934383e-12,2.230872891692312e-15
287.93,-1.2216130562255128e-12,2.234937992407281e-15
287.94,-1.221469226546253e-12,2.2384359023364377e-15
287.95,-1.2213255162895426e-12,2.2417091499524345e-15
287.96,-1.2211819585324362e-12,2.2447267583442073e-15
287.97,-1.221037857067621e-12,2.2480992078798213e-15
287.98,-1.2208955617063263e-12,2.2500753470906452e-15
287.99,-1.2207524556897665e-12,2.252428112662628e-15
288.0,-1.2206099008297933e-12,2.2544282088272665e-15
288.01,-1.2204674017762981e-12,2.2561522373772424e-15
288.02,-1.220324932377748e-12,2.2577554039050657e-15
288.03,-1.2201827597346255e-12,2.259073084510797e-15
288.04,-1.2200407733209366e-12,2.260171388665195e-15
288.05,-1.2198988367934274e-12,2.2609099513721982e-15
288.06,-1.2197587229296644e-12,2.2614999912095992e-15
288.07,-1.2196155338648652e-12,2.2618090832301414e-15
288.08,-1.219474219088241e-12,2.261791462072303e-15
288.09,-1.219333011885334e-12,2.261609999802624e-15
288.1,-1.2191918934116499e-12,2.2613113670977983e-15
288.11,-1.2190510588600632e-12,2.2604813631496496e-15
288.12,-1.2189104632807375e-12,2.2595315563605862e-15
288.13,-1.2187695707409195e-12,2.2585000479182895e-15
288.14,-1.2186295004910589e-12,2.257067196465362e-15
288.15,-1.218489514229179e-12,2.255013733685578e-15
288.16,-1.2183486081754262e-12,2.2534618519616985e-15
288.17,-1.2182088284018637e-12,2.251245441192361e-15
288.18,-1.2180689192062475e-12,2.2488531040025016e-15
288.19,-1.217929276946938e-12,2.24613403017004e-15
288.2,-1.2177894125803648e-12,2.2433132826503265e-15
288.21,-1.2176503402335316e-12,2.240189379648813e-15
288.22,-1.217510738338882e-12,2.236824678935809e-15
288.23,-1.217371571330051e-12,2.2331789820167157e-15
288.24,-1.2172325127229493e-12,2.22932018839733e-15
288.25,-1.217093432114661e-12,2.2252270420128218e-15
288.26,-1.2169544479521154e-12,2.2209307857754773e-15
288.27,-1.2168157552230299e-12,2.216297425639944e-15
288.28,-1.2166771378950805e-12,2.211498239738982e-15
288.29,-1.2165384660229767e-12,2.206526819701722e-15
288.3,-1.2163999098913263e-12,2.2013379070408088e-15
288.31,-1.2162615321259946e-12,2.1957353919499274e-15
288.32,-1.216122747464808e-12,2.190157565529231e-15
288.33,-1.2159848159912553e-12,2.18399448267275e-15
288.34,-1.215847250412819e-12,2.1777619275988488e-15
288.35,-1.215709137700432e-12,2.1713271734017807e-15
288.36,-1.215571267648739e-12,2.164642162963067e-15
288.37,-1.2154333379353152e-12,2.157672679715518e-15
288.38,-1.2152958072740327e-12,2.150392683524959e-15
288.39,-1.2151581773910134e-12,2.1429843571671886e-15
288.4,-1.2150203765839287e-12,2.1355825774958697e-15
288.41,-1.2148813779612139e-12,2.127605887054825e-15
288.42,-1.2147453397797057e-12,2.119611827988855e-15
288.43,-1.214608219150617e-12,2.1112948529694826e-15
288.44,-1.2144709924031661e-12,2.1027764670621886e-15
288.45,-1.2143336236815226e-12,2.093936962991235e-15
288.46,-1.2141964161794714e-12,2.084996813740898e-15
288.47,-1.2140594835880085e-12,2.0757117410484976e-15
288.48,-1.213922293873036e-12,2.066278120224461e-15
288.49,-1.2137853591976175e-12,2.0565985750213065e-15
288.5,-1.21364910194084e-12,2.0461912040922672e-15
288.51,-1.213511651520739e-12,2.036583708339415e-15
288.52,-1.2133746514945542e-12,2.0262589944204828e-15
288.53,-1.2132379075551892e-12,2.0156619278169976e-15
288.54,-1.2131011460488605e-12,2.0049416088096845e-15
288.55,-1.2129642228295683e-12,1.9938007816293268e-15
288.56,-1.2128274796448305e-12,1.982673781946907e-15
288.57,-1.2126907575086526e-12,1.971365264784007e-15
288.58,-1.2125543277068769e-12,1.9595823874429572e-15
288.59,-1.212418024285629e-12,1.9476304939426854e-15
288.6,-1.212281159090492e-12,1.9356127190745615e-15
288.61,-1.2121445171942907e-12,1.9232880388715e-15
288.62,-1.2120081461983986e-12,1.9107041444273877e-15
288.63,-1.2118713680140053e-12,1.898063273941184e-15
288.64,-1.2117348191923274e-12,1.885030892238786e-15
288.65,-1.2115984041613791e-12,1.871937967462825e-15
288.66,-1.2114618650944696e-12,1.8585976582863167e-15
288.67,-1.211325402880351e-12,1.8449067178501375e-15
288.68,-1.2111890316863041e-12,1.8310573775160725e-15
288.69,-1.2110525883082082e-12,1.817133840897047e-15
288.7,-1.2109161120670295e-12,1.802941695537106e-15
288.71,-1.2107796093235766e-12,1.78860370882295e-15
288.72,-1.2106430040629903e-12,1.7739192508548394e-15
288.73,-1.2105066011436024e-12,1.7590562516193732e-15
288.74,-1.210370127687745e-12,1.7440393036085976e-15
288.75,-1.210233597979829e-12,1.7287471231468485e-15
288.76,-1.210096981591992e-12,1.7134139993775988e-15
288.77,-1.2099605588839175e-12,1.6976582769520625e-15
288.78,-1.209823886439846e-12,1.6818281107060827e-15
288.79,-1.2096872219146711e-12,1.6658815020835673e-15
288.8,-1.2095507457962163e-12,1.6495852580864078e-15
288.81,-1.2094140940755252e-12,1.6332045884840767e-15
288.82,-1.2092774182938077e-12,1.6166444699874448e-15
288.83,-1.2091407245895151e-12,1.5997293167710901e-15
288.84,-1.2090038764819476e-12,1.582762243869755e-15
288.85,-1.2088671648058294e-12,1.5654891442184628e-15
288.86,-1.2087303172469793e-12,1.5483785983664308e-15
288.87,-1.2085934134076594e-12,1.5305146235139405e-15
288.88,-1.208456456556177e-12,1.5127242661650764e-15
288.89,-1.2083195488744435e-12,1.494667631162919e-15
288.9,-1.2081824857027934e-12,1.476652804220526e-15
288.91,-1.2080454335324115e-12,1.458194370646482e-15
288.92,-1.207908187854206e-12,1.4398453622437336e-15
288.93,-1.2077713143380391e-12,1.4209406706694211e-15
288.94,-1.2076340955443867e-12,1.4021209544070012e-15
288.95,-1.2074972046388746e-12,1.3829619943112411e-15
288.96,-1.207359229605728e-12,1.3638399981345858e-15
288.97,-1.207221876641426e-12,1.3444155680512472e-15
288.98,-1.2070846104774683e-12,1.3246157556317957e-15
288.99,-1.2069469398152253e-12,1.3049478420413782e-15
289.0,-1.2068092299412148e-12,1.284982838259382e-15
289.01,-1.206671655499412e-12,1.264739199943819e-15
289.02,-1.20653374695545e-12,1.2445212060902856e-15
289.03,-1.206395958503361e-12,1.2240049611101615e-15
289.04,-1.2062581269413712e-12,1.203390272499003e-15
289.05,-1.2061200535855912e-12,1.1824687222522427e-15
289.06,-1.2059819279440674e-12,1.1614838366368406e-15
289.07,-1.2058435753823952e-12,1.1403117612066808e-15
289.08,-1.2057053178811999e-12,1.118975118031048e-15
289.09,-1.2055669182165912e-12,1.0975080250882208e-15
289.1,-1.2054286967743267e-12,1.0757578776228684e-15
289.11,-1.2052898825128624e-12,1.053948021024878e-15
289.12,-1.2051514397993965e-12,1.0318514586959555e-15
289.13,-1.2050126619046845e-12,1.0098882598505194e-15
289.14,-1.2048738164282443e-12,9.874813400391951e-16
289.15,-1.2047346254716156e-12,9.649026053827587e-16
289.16,-1.2045957450977324e-12,9.422665721356976e-16
289.17,-1.2044565093665616e-12,9.194760503372201e-16
289.18,-1.2043171058528386e-12,8.964428101892112e-16
289.19,-1.204177781316669e-12,8.733987313463302e-16
289.2,-1.2040381850702637e-12,8.501132814777813e-16
289.21,-1.2038985162902748e-12,8.26717344947034e-16
289.22,-1.203758726016722e-12,8.031219697584158e-16
289.23,-1.2036189341066885e-12,7.794052970077039e-16
289.24,-1.2034788554741072e-12,7.555666238898951e-16
289.25,-1.2033387110412543e-12,7.31555867157945e-16
289.26,-1.2031984401116435e-12,7.073884743669265e-16
289.27,-1.203058140279308e-12,6.830921029866812e-16
289.28,-1.2029174881353172e-12,6.586730040664691e-16
289.29,-1.2027769472929829e-12,6.340488167220583e-16
289.3,-1.2026361318242285e-12,6.093006730218827e-16
289.31,-1.202495460822966e-12,5.843507468746334e-16
289.32,-1.2023541512339497e-12,5.594571719801934e-16
289.33,-1.2022129039612848e-12,5.342424326192503e-16
289.34,-1.2020716822659134e-12,5.091773158004386e-16
289.35,-1.201930180772551e-12,4.836287088935476e-16
289.36,-1.2017883026211214e-12,4.580724720786466e-16
289.37,-1.2016465662018036e-12,4.3236643894060853e-16
289.38,-1.2015046414566126e-12,4.066189689933707e-16
289.39,-1.201362537386865e-12,3.8060426503648026e-16
289.4,-1.2012203340414282e-12,3.5457531318355225e-16
289.41,-1.2010778529031191e-12,3.2841384797678595e-16
289.42,-1.200935382996744e-12,3.0205858645974217e-16
289.43,-1.2007922624171291e-12,2.7564972733782765e-16
289.44,-1.200649667418772e-12,2.4906379541348386e-16
289.45,-1.2005065495829515e-12,2.2237816307039373e-16
289.46,-1.2003637456793195e-12,1.9547745037712283e-16
289.47,-1.200219942737341e-12,1.6863459793711347e-16
289.48,-1.2000764814815971e-12,1.4162045859646076e-16
289.49,-1.1999327076901078e-12,1.1450312312717806e-16
289.5,-1.199788673344006e-12,8.721856531258994e-17
289.51,-1.1996447671605204e-12,5.984218675237095e-17
289.52,-1.1995004018888204e-12,3.2273732785978834e-17
289.53,-1.1993559205016932e-12,4.744244461475933e-18
289.54,-1.1992112977587465e-12,-2.297289092837257e-17
289.55,-1.1990665889603033e-12,-5.0850550735583307e-17
289.56,-1.1989215394599867e-12,-7.866028093235503e-17
289.57,-1.198776524627695e-12,-1.0679598783173001e-16
289.58,-1.1986320508669623e-12,-1.3445416913367084e-16
289.59,-1.1984856030663322e-12,-1.6316334614545994e-16
289.6,-1.1983398015806018e-12,-1.9150119446954447e-16
289.61,-1.1981938170072193e-12,-2.1990625158409486e-16
289.62,-1.1980478807542287e-12,-2.4844673159389476e-16
289.63,-1.1979015055749072e-12,-2.7702118838273436e-16
289.64,-1.1977549846186499e-12,-3.057906938998406e-16
289.65,-1.197608133441594e-12,-3.34617928358402e-16
289.66,-1.1974613980093028e-12,-3.6350988237775475e-16
289.67,-1.1973148708043538e-12,-3.9229114012617766e-16
289.68,-1.1971672834154513e-12,-4.2173747739456133e-16
289.69,-1.1970193485252183e-12,-4.507171891987503e-16
289.7,-1.1968718322724267e-12,-4.800087428409353e-16
289.71,-1.1967236590682068e-12,-5.092132153270774e-16
289.72,-1.196575754713884e-12,-5.38797957149928e-16
289.73,-1.1964274442442957e-12,-5.683284104166601e-16
289.74,-1.1962787695205492e-12,-5.978831254288036e-16
289.75,-1.1961300586956913e-12,-6.275782180153641e-16
289.76,-1.1959812176676996e-12,-6.574011450009514e-16
289.77,-1.195831936517432e-12,-6.871891227192899e-16
289.78,-1.1956826586309256e-12,-7.171642610313783e-16
289.79,-1.1955329213446817e-12,-7.471095773431163e-16
289.8,-1.195382031970684e-12,-7.774146796831114e-16
289.81,-1.1952328221868902e-12,-8.07231372571731e-16
289.82,-1.1950828931312667e-12,-8.374640071760422e-16
289.83,-1.1949323216226468e-12,-8.677206721221319e-16
289.84,-1.1947815954261712e-12,-8.98019489705231e-16
289.85,-1.1946305016691396e-12,-9.284090820145524e-16
289.86,-1.1944793084094965e-12,-9.588870459457754e-16
289.87,-1.1943281004737668e-12,-9.89459527295658e-16
289.88,-1.1941761458230661e-12,-1.0200396098675674e-15
289.89,-1.1940244116910046e-12,-1.050645153645922e-15
289.9,-1.1938723917953569e-12,-1.0813442646909728e-15
289.91,-1.1937201346218224e-12,-1.1120915717388094e-15
289.92,-1.193567493711702e-12,-1.1428846030397024e-15
289.93,-1.1934145464099576e-12,-1.173794692765914e-15
289.94,-1.1932600030940159e-12,-1.203567117226962e-15
289.95,-1.1931083829943151e-12,-1.2356797365581916e-15
289.96,-1.1929548491945121e-12,-1.2666885021721618e-15
289.97,-1.192801044255367e-12,-1.2977567380511148e-15
289.98,-1.192647029823752e-12,-1.328910702137111e-15
289.99,-1.1924928337879502e-12,-1.3600498116117366e-15
290.0,-1.1923383738730753e-12,-1.3912501314879177e-15
290.01,-1.1921835866335696e-12,-1.4224823394492816e-15
290.02,-1.1920287340566666e-12,-1.4537944430296947e-15
290.03,-1.1918738732441765e-12,-1.485246215159328e-15
290.04,-1.1917178581004526e-12,-1.5165036020276591e-15
290.05,-1.1915621370315089e-12,-1.5478767692136887e-15
290.06,-1.191406175844352e-12,-1.5793445805772045e-15
290.07,-1.1912497865202155e-12,-1.6109130707234736e-15
290.08,-1.1910937057712212e-12,-1.6423301366757875e-15
290.09,-1.1909368653212146e-12,-1.6738694898571343e-15
290.1,-1.1907798045649745e-12,-1.7054062401528295e-15
290.11,-1.1906230445297021e-12,-1.7370090136622802e-15
290.12,-1.1904648016563564e-12,-1.7687558439443729e-15
290.13,-1.190307332294263e-12,-1.8002685077648855e-15
290.14,-1.1901493709229087e-12,-1.8319779457844403e-15
290.15,-1.1899911829212768e-12,-1.863642734326895e-15
290.16,-1.1898324851840809e-12,-1.8953990009924728e-15
290.17,-1.1896734735572927e-12,-1.926953406373761e-15
290.18,-1.1895148758335626e-12,-1.9589255941530687e-15
290.19,-1.1893553520204479e-12,-1.990645483498772e-15
290.2,-1.1891961125063836e-12,-2.0224920114339104e-15
290.21,-1.1890358404876907e-12,-2.0542802771370864e-15
290.22,-1.1888759990403172e-12,-2.0860725195745964e-15
290.23,-1.1887155954506029e-12,-2.1178735216456802e-15
290.24,-1.1885550466625572e-12,-2.1497383731613482e-15
290.25,-1.1883941237722916e-12,-2.181593237959104e-15
290.26,-1.1882328917126006e-12,-2.2134143227965015e-15
290.27,-1.1880714331074858e-12,-2.245285607096195e-15
290.28,-1.1879097877069177e-12,-2.277147741388814e-15
290.29,-1.1877475755884747e-12,-2.3088213105445677e-15
290.3,-1.1875853550951324e-12,-2.3408226657715383e-15
290.31,-1.1874231201615298e-12,-2.372758534880468e-15
290.32,-1.1872602515949053e-12,-2.40461600985096e-15
290.33,-1.187097100810296e-12,-2.4364205442527122e-15
290.34,-1.1869337165644802e-12,-2.4683407893451717e-15
290.35,-1.186770170026981e-12,-2.5002175256067164e-15
290.36,-1.1866060692334754e-12,-2.5320181876430027e-15
290.37,-1.186442529511839e-12,-2.5638820842251838e-15
290.38,-1.1862804189087568e-12,-2.595464952838898e-15
290.39,-1.1861131464949596e-12,-2.6275568872151303e-15
290.4,-1.1859478230456064e-12,-2.659309418585941e-15
290.41,-1.1857831121434456e-12,-2.6911252359324636e-15
290.42,-1.1856173524266256e-12,-2.722839110726864e-15
290.43,-1.1854515020614329e-12,-2.7546156016307737e-15
290.44,-1.1852853520447937e-12,-2.786376549229071e-15
290.45,-1.1851188868480422e-12,-2.8180967744747125e-15
290.46,-1.1849523581639997e-12,-2.8497823939750448e-15
290.47,-1.1847857231743841e-12,-2.881638266694839e-15
290.48,-1.1846182695640496e-12,-2.9132226289133413e-15
290.49,-1.1844507490337182e-12,-2.944807309469687e-15
290.5,-1.1842830001651912e-12,-2.9764208571834713e-15
290.51,-1.1841148865534132e-12,-3.007961457809601e-15
290.52,-1.1839467104356687e-12,-3.039570561781628e-15
290.53,-1.1837778681192156e-12,-3.0710474861017276e-15
290.54,-1.1836089936034502e-12,-3.102464923909143e-15
290.55,-1.183439947690518e-12,-3.1340025450203688e-15
290.56,-1.183270852412365e-12,-3.165627563499072e-15
290.57,-1.1831005249839612e-12,-3.1968155142125726e-15
290.58,-1.1829303923672237e-12,-3.2281242765484362e-15
290.59,-1.1827603614630838e-12,-3.2594867088881816e-15
290.6,-1.182589872352374e-12,-3.2907629877938666e-15
290.61,-1.182418901211624e-12,-3.321939812517694e-15
290.62,-1.1822477247394882e-12,-3.3532062025803086e-15
290.63,-1.1820761044663168e-12,-3.384306861567464e-15
290.64,-1.1819044437269962e-12,-3.415447666062774e-15
290.65,-1.181731881140521e-12,-3.4463923512835086e-15
290.66,-1.181560069579238e-12,-3.4774658133900513e-15
290.67,-1.1813874983678986e-12,-3.5084709310910745e-15
290.68,-1.1812147065353301e-12,-3.5393411386794625e-15
290.69,-1.1810413976044013e-12,-3.570251006082724e-15
290.7,-1.1808675589388077e-12,-3.601022185070146e-15
290.71,-1.1806941068094011e-12,-3.6318091680689185e-15
290.72,-1.180520055440704e-12,-3.662495488258808e-15
290.73,-1.1803457223094566e-12,-3.693146897407309e-15
290.74,-1.1801707190760186e-12,-3.723737652128562e-15
290.75,-1.1799961303983422e-12,-3.7542485458968134e-15
290.76,-1.1798210041609393e-12,-3.7847324938281414e-15
290.77,-1.1796454874348185e-12,-3.815132543722773e-15
290.78,-1.1794697248399776e-12,-3.845473903169448e-15
290.79,-1.1792939877792375e-12,-3.875783901637062e-15
290.8,-1.1791174121897572e-12,-3.9060014718822494e-15
290.81,-1.178940667305391e-12,-3.936100577049443e-15
290.82,-1.178763821910049e-12,-3.966240597098296e-15
290.83,-1.1785862579707522e-12,-3.9962728113062795e-15
290.84,-1.178409180632073e-12,-4.026163909705226e-15
290.85,-1.1782312058552416e-12,-4.056053129616212e-15
290.86,-1.1780529620808073e-12,-4.085790417949326e-15
290.87,-1.1778748888306263e-12,-4.115583236161095e-15
290.88,-1.177696202819928e-12,-4.145188544547783e-15
290.89,-1.1775180520541325e-12,-4.1748669542410106e-15
290.9,-1.1773379840132198e-12,-4.2042362659726006e-15
290.91,-1.1771585266730105e-12,-4.2337320424694375e-15
290.92,-1.1769791885801743e-12,-4.263342182656452e-15
290.93,-1.1767988275050839e-12,-4.292253119105021e-15
290.94,-1.1766180705752122e-12,-4.32129073834895e-15
290.95,-1.1764379807456317e-12,-4.350760136302955e-15
290.96,-1.1762567358121717e-12,-4.37962897571816e-15
290.97,-1.1760754336809158e-12,-4.408528163989176e-15
290.98,-1.1758940275421361e-12,-4.437371816447813e-15
290.99,-1.1757121260367821e-12,-4.4661203161917945e-15
291.0,-1.1755301170923418e-12,-4.494789444266411e-15
291.01,-1.1753477938910805e-12,-4.5233534362944945e-15
291.02,-1.1751651835663468e-12,-4.55183438191318e-15
291.03,-1.1749821229431152e-12,-4.580221848299973e-15
291.04,-1.1747987978905795e-12,-4.608499454439989e-15
291.05,-1.174615343092547e-12,-4.636711851735577e-15
291.06,-1.174431598883779e-12,-4.664846688989525e-15
291.07,-1.1742476535304656e-12,-4.692896380659834e-15
291.08,-1.1740632761341248e-12,-4.7209058759187725e-15
291.09,-1.1738785883412597e-12,-4.7486239180371866e-15
291.1,-1.1736940117481602e-12,-4.7763882605043336e-15
291.11,-1.1735086542771978e-12,-4.803953026766864e-15
291.12,-1.1733228175168556e-12,-4.831409935156281e-15
291.13,-1.1731372610571963e-12,-4.858837844214935e-15
291.14,-1.1729511649436345e-12,-4.8861713687833974e-15
291.15,-1.1727648085913588e-12,-4.913319732361856e-15
291.16,-1.1725781584689954e-12,-4.940460984015618e-15
291.17,-1.1723911890286381e-12,-4.967391222028328e-15
291.18,-1.1722040730301812e-12,-4.994249401702789e-15
291.19,-1.1720165966846693e-12,-5.021044862248021e-15
291.2,-1.1718288170915218e-12,-5.0477461432513864e-15
291.21,-1.1716411235571513e-12,-5.074285961296945e-15
291.22,-1.1714525810658048e-12,-5.1007054366391205e-15
291.23,-1.1712640717374057e-12,-5.127006888254798e-15
291.24,-1.1710752297134661e-12,-5.1532528520660695e-15
291.25,-1.1708860447401944e-12,-5.179322286998516e-15
291.26,-1.1706966362946788e-12,-5.205325260363118e-15
291.27,-1.1705069868029746e-12,-5.231158486744188e-15
291.28,-1.1703170877935802e-12,-5.256874998855903e-15
291.29,-1.1701268802179595e-12,-5.2825093854365154e-15
291.3,-1.1699363423108306e-12,-5.308014609865837e-15
291.31,-1.169746174208233e-12,-5.3334698027591344e-15
291.32,-1.1695545652291853e-12,-5.358603070553978e-15
291.33,-1.1693635463128067e-12,-5.383707585866856e-15
291.34,-1.169171838215415e-12,-5.4088925503654806e-15
291.35,-1.168980141413848e-12,-5.433715964781122e-15
291.36,-1.168787609887027e-12,-5.458424464300112e-15
291.37,-1.168595587419923e-12,-5.483085025343498e-15
291.38,-1.1684029630312453e-12,-5.50754586939799e-15
291.39,-1.1682099380950998e-12,-5.531936756096816e-15
291.4,-1.1680160390803205e-12,-5.5559976655269165e-15
291.41,-1.1678234736873142e-12,-5.5803121960032754e-15
291.42,-1.1676295343667072e-12,-5.604244936910104e-15
291.43,-1.1674355459535847e-12,-5.628286084311975e-15
291.44,-1.1672414303081783e-12,-5.651844640297359e-15
291.45,-1.1670471432083588e-12,-5.675485878770789e-15
291.46,-1.1668517038986757e-12,-5.6989115020426905e-15
291.47,-1.1666571388449908e-12,-5.722152808407821e-15
291.48,-1.1664619086894442e-12,-5.7453856682143866e-15
291.49,-1.1662661842537134e-12,-5.7683541783117414e-15
291.5,-1.166070520054262e-12,-5.7912947035723355e-15
291.51,-1.165874547552674e-12,-5.814024679250345e-15
291.52,-1.1656781801606125e-12,-5.836653441252126e-15
291.53,-1.1654815266882959e-12,-5.859135606853908e-15
291.54,-1.1652848135588663e-12,-5.881485281766696e-15
291.55,-1.1650894912274905e-12,-5.904075393936753e-15
291.56,-1.1648903614893169e-12,-5.9257412082836096e-15
291.57,-1.1646927290595318e-12,-5.9476714754626105e-15
291.58,-1.1644948788198288e-12,-5.969427307068602e-15
291.59,-1.1642966425254474e-12,-5.990939691229051e-15
291.6,-1.1640982680974872e-12,-6.012448153484709e-15
291.61,-1.1638999813840264e-12,-6.0338269933600404e-15
291.62,-1.163700883148103e-12,-6.054968854360506e-15
291.63,-1.1635017266848147e-12,-6.075972011854896e-15
291.64,-1.163302410121795e-12,-6.09686369543092e-15
291.65,-1.1631031774847677e-12,-6.1176441629780625e-15
291.66,-1.1629032928364427e-12,-6.138209985898224e-15
291.67,-1.1627032443237377e-12,-6.158659338989162e-15
291.68,-1.1625031054440774e-12,-6.178937098396261e-15
291.69,-1.1623022785295487e-12,-6.19901230361203e-15
291.7,-1.1621015943474554e-12,-6.21898519636689e-15
291.71,-1.1619004519574746e-12,-6.2387090432901954e-15
291.72,-1.1616992370654446e-12,-6.25855721543012e-15
291.73,-1.1614977216070264e-12,-6.2779459504864835e-15
291.74,-1.1612959660883364e-12,-6.2973592962910446e-15
291.75,-1.1610939878842183e-12,-6.316504816103822e-15
291.76,-1.1608917437722902e-12,-6.335593039031105e-15
291.77,-1.1606892833105773e-12,-6.3545781101873414e-15
291.78,-1.1604867552615836e-12,-6.373185248585872e-15
291.79,-1.1602838527052261e-12,-6.391770955664088e-15
291.8,-1.160080662385003e-12,-6.4101526956043855e-15
291.81,-1.1598774983996833e-12,-6.4284654188779875e-15
291.82,-1.1596731381373035e-12,-6.446333269463021e-15
291.83,-1.1594697439975867e-12,-6.46428712510743e-15
291.84,-1.1592657895037083e-12,-6.482071934053003e-15
291.85,-1.1590612052871814e-12,-6.4996522971153315e-15
291.86,-1.1588569767762581e-12,-6.517134533652225e-15
291.87,-1.158652256993665e-12,-6.534431396894196e-15
291.88,-1.1584473302784532e-12,-6.5515105894060206e-15
291.89,-1.1582421157054001e-12,-6.568449028077529e-15
291.9,-1.1580366366834565e-12,-6.5851516650537244e-15
291.91,-1.1578314308975974e-12,-6.601301995796875e-15
291.92,-1.1576254235057115e-12,-6.618262622315279e-15
291.93,-1.1574193670875804e-12,-6.6345345379374405e-15
291.94,-1.157213170702276e-12,-6.650640249453475e-15
291.95,-1.1570066464294622e-12,-6.6665757190750964e-15
291.96,-1.1568000142816962e-12,-6.6823573240688535e-15
291.97,-1.1565930363426885e-12,-6.697953824970635e-15
291.98,-1.1563860788323769e-12,-6.713369966399055e-15
291.99,-1.156178573263942e-12,-6.728656624990758e-15
292.0,-1.1559710703966597e-12,-6.743820838196631e-15
292.01,-1.1557634938139858e-12,-6.758647874687184e-15
292.02,-1.155555565110918e-12,-6.773385699989775e-15
292.03,-1.1553473674499684e-12,-6.787986618669229e-15
292.04,-1.1551387037589968e-12,-6.802208936935438e-15
292.05,-1.1549307358254672e-12,-6.816657093967655e-15
292.06,-1.1547219342606794e-12,-6.830660914479151e-15
292.07,-1.1545129913662682e-12,-6.844515890931137e-15
292.08,-1.1543040269502547e-12,-6.858369687166142e-15
292.09,-1.1540937570595416e-12,-6.8717778103139384e-15
292.1,-1.1538850552692082e-12,-6.885149193535955e-15
292.11,-1.153675356078839e-12,-6.8982996125290015e-15
292.12,-1.153465494679497e-12,-6.911390100923764e-15
292.13,-1.1532552606329556e-12,-6.92417171551767e-15
292.14,-1.1530449418560433e-12,-6.9368038460935595e-15
292.15,-1.1528348917425006e-12,-6.949377634702945e-15
292.16,-1.152623917411469e-12,-6.961575538263237e-15
292.17,-1.1524133716953277e-12,-6.973768569953194e-15
292.18,-1.1522020053504201e-12,-6.985697749361966e-15
292.19,-1.1519910881369996e-12,-6.997538732706587e-15
292.2,-1.1517796084685119e-12,-7.009074687291624e-15
292.21,-1.1515679285893618e-12,-7.020501957552971e-15
292.22,-1.1513563300739186e-12,-7.031681552988862e-15
292.23,-1.1511443680065793e-12,-7.042784582629363e-15
292.24,-1.150932330265746e-12,-7.053654873100498e-15
292.25,-1.1507200298751832e-12,-7.06437681694015e-15
292.26,-1.1505078260555546e-12,-7.074886530502147e-15
292.27,-1.1502952931986586e-12,-7.085250085725446e-15
292.28,-1.150082256113809e-12,-7.0953959520119456e-15
292.29,-1.1498692995568247e-12,-7.105381396338395e-15
292.3,-1.1496563083123934e-12,-7.115159772355944e-15
292.31,-1.1494428495817825e-12,-7.124718535718045e-15
292.32,-1.14922954912511e-12,-7.13432931777637e-15
292.33,-1.1490158373156293e-12,-7.143514555356395e-15
292.34,-1.1488021857235048e-12,-7.152619484751915e-15
292.35,-1.1485907594382343e-12,-7.162774041867546e-15
292.36,-1.148374172566463e-12,-7.17017935932616e-15
292.37,-1.1481596495727546e-12,-7.178650389414956e-15
292.38,-1.1479456081008712e-12,-7.18710081516588e-15
292.39,-1.1477308018348884e-12,-7.195198169605533e-15
292.4,-1.1475162424138434e-12,-7.203262130590983e-15
292.41,-1.147301448001728e-12,-7.211056258347315e-15
292.42,-1.1470863899768864e-12,-7.218616051769508e-15
292.43,-1.1468712930554662e-12,-7.226135112497683e-15
292.44,-1.1466566396320701e-12,-7.233328490122507e-15
292.45,-1.146440649196065e-12,-7.240480143662286e-15
292.46,-1.146225091623692e-12,-7.247398324583819e-15
292.47,-1.1460092704577805e-12,-7.254053271135005e-15
292.48,-1.1457935054665565e-12,-7.260627416835173e-15
292.49,-1.145577531267805e-12,-7.26683353064613e-15
292.5,-1.1453613089952836e-12,-7.273070578807326e-15
292.51,-1.1451449608914895e-12,-7.279054229809214e-15
292.52,-1.1449286682904136e-12,-7.28486986149953e-15
292.53,-1.1447121658439191e-12,-7.290468138018152e-15
292.54,-1.1444954019895897e-12,-7.295910994389708e-15
292.55,-1.1442785945694382e-12,-7.30112615940862e-15
292.56,-1.1440617718258635e-12,-7.306245812306588e-15
292.57,-1.1438446598906086e-12,-7.311136783598341e-15
292.58,-1.143628005441304e-12,-7.316118702843339e-15
292.59,-1.1434101887221702e-12,-7.320305077059017e-15
292.6,-1.1431927069928725e-12,-7.324661585082445e-15
292.61,-1.1429753577759707e-12,-7.328822334214956e-15
292.62,-1.1427575095502697e-12,-7.33262195018808e-15
292.63,-1.1425396256201709e-12,-7.336465571284798e-15
292.64,-1.1423218517818337e-12,-7.340144754214282e-15
292.65,-1.1421039823481962e-12,-7.343588366001104e-15
292.66,-1.1418857863478966e-12,-7.346780202190773e-15
292.67,-1.1416673352512996e-12,-7.349710965030295e-15
292.68,-1.1414491136315363e-12,-7.352743739234805e-15
292.69,-1.1412307614901656e-12,-7.355347716142006e-15
292.7,-1.141012186148375e-12,-7.357877392394325e-15
292.71,-1.1407925326081002e-12,-7.359465089782815e-15
292.72,-1.1405747194831691e-12,-7.36228418726819e-15
292.73,-1.1403558515246896e-12,-7.364260953854953e-15
292.74,-1.1401369189714874e-12,-7.366054257268642e-15
292.75,-1.1399179113334757e-12,-7.367581856739218e-15
292.76,-1.1396986845958373e-12,-7.369012721216254e-15
292.77,-1.1394794402407486e-12,-7.370247248711936e-15
292.78,-1.1392601372704536e-12,-7.371264474508946e-15
292.79,-1.139040512565551e-12,-7.372202227090297e-15
292.8,-1.1388207503798688e-12,-7.37261615348535e-15
292.81,-1.1386018043704056e-12,-7.373404405956855e-15
292.82,-1.138381831555898e-12,-7.37372900546687e-15
292.83,-1.138162568075153e-12,-7.373767646828766e-15
292.84,-1.137942101269249e-12,-7.373737676039824e-15
292.85,-1.1377222074307765e-12,-7.373532800742041e-15
292.86,-1.137502651969622e-12,-7.37346267625211e-15
292.87,-1.1372821739688511e-12,-7.372541064803757e-15
292.88,-1.1370619272029115e-12,-7.371810561496184e-15
292.89,-1.136841820097047e-12,-7.371025547940408e-15
292.9,-1.136621240663377e-12,-7.369669150978687e-15
292.91,-1.1364008038255608e-12,-7.368384931034952e-15
292.92,-1.1361803920422926e-12,-7.366985778222776e-15
292.93,-1.135959763685276e-12,-7.36526518349776e-15
292.94,-1.1357391315176314e-12,-7.363364410953051e-15
292.95,-1.1355184689670359e-12,-7.361372673755573e-15
292.96,-1.1352977698324665e-12,-7.359228851258446e-15
292.97,-1.1350768857343208e-12,-7.356859771101056e-15
292.98,-1.1348562902442641e-12,-7.354447440927996e-15
292.99,-1.1346350972860833e-12,-7.351588023384626e-15
293.0,-1.1344140701180686e-12,-7.348676116882172e-15
293.01,-1.134192888063628e-12,-7.345629387386655e-15
293.02,-1.133972013118315e-12,-7.342374783537396e-15
293.03,-1.133750701954576e-12,-7.338901339784856e-15
293.04,-1.133529508273483e-12,-7.335397375962143e-15
293.05,-1.1333080429097093e-12,-7.331568556926377e-15
293.06,-1.1330868434099471e-12,-7.327638172989342e-15
293.07,-1.1328656525526821e-12,-7.323430765795355e-15
293.08,-1.1326440746253577e-12,-7.319064560844897e-15
293.09,-1.1324227808222339e-12,-7.314717181206364e-15
293.1,-1.1322012491022512e-12,-7.310117997113028e-15
293.11,-1.1319798220539638e-12,-7.305302547216024e-15
293.12,-1.1317581454568128e-12,-7.30029790393838e-15
293.13,-1.1315364943300762e-12,-7.295033055141351e-15
293.14,-1.1313147308326244e-12,-7.28969971093744e-15
293.15,-1.131093360030382e-12,-7.284306046361016e-15
293.16,-1.1308714065320995e-12,-7.278606088509971e-15
293.17,-1.1306496762276795e-12,-7.272738120784018e-15
293.18,-1.130428134855081e-12,-7.266833366538758e-15
293.19,-1.1302061000022681e-12,-7.260533668599388e-15
293.2,-1.1299844518328528e-12,-7.254215862318619e-15
293.21,-1.1297626057397702e-12,-7.247671444538637e-15
293.22,-1.1295406874363853e-12,-7.241016260816499e-15
293.23,-1.1293187615660573e-12,-7.234165002294276e-15
293.24,-1.1290968816967227e-12,-7.227112440237766e-15
293.25,-1.1288751562875117e-12,-7.219980201046246e-15
293.26,-1.1286529759357486e-12,-7.212549397302415e-15
293.27,-1.1284310916644233e-12,-7.205073343154529e-15
293.28,-1.1282091707758956e-12,-7.197340643786683e-15
293.29,-1.1279871245284762e-12,-7.18949481238599e-15
293.3,-1.127765547542999e-12,-7.181526840127764e-15
293.31,-1.127542904630742e-12,-7.173375095940625e-15
293.32,-1.1273212759083019e-12,-7.165118677190345e-15
293.33,-1.1270991050135144e-12,-7.156541563188493e-15
293.34,-1.1268774465425364e-12,-7.147952669976576e-15
293.35,-1.1266552371824994e-12,-7.139097690887331e-15
293.36,-1.1264332075778643e-12,-7.130059385176484e-15
293.37,-1.1262109225757952e-12,-7.120565227142043e-15
293.38,-1.1259890375756634e-12,-7.111513623297438e-15
293.39,-1.1257671350066982e-12,-7.102181221909577e-15
293.4,-1.1255447281943552e-12,-7.092231681441574e-15
293.41,-1.1253231556077992e-12,-7.082736780121371e-15
293.42,-1.1251010941470319e-12,-7.072853892317865e-15
293.43,-1.1248785674219396e-12,-7.062598039409127e-15
293.44,-1.1246573225245837e-12,-7.052488829290646e-15
293.45,-1.1244354712563546e-12,-7.042185146935577e-15
293.46,-1.12421358341633e-12,-7.031546021713109e-15
293.47,-1.1239914654416315e-12,-7.020820087590771e-15
293.48,-1.1237697187114719e-12,-7.009927813759764e-15
293.49,-1.1235478584938926e-12,-6.998951297119976e-15
293.5,-1.123325868315657e-12,-6.987741499466233e-15
293.51,-1.1231041522546537e-12,-6.976412596417902e-15
293.52,-1.122882855262783e-12,-6.96498012421363e-15
293.53,-1.1226605202128904e-12,-6.953346757305883e-15
293.54,-1.1224387911848262e-12,-6.941601417752098e-15
293.55,-1.122216968372767e-12,-6.929622914901472e-15
293.56,-1.121995357637228e-12,-6.9175006417820525e-15
293.57,-1.1217737135560735e-12,-6.905359366857714e-15
293.58,-1.1215521599148964e-12,-6.893036876608332e-15
293.59,-1.1213305353377557e-12,-6.88058209483622e-15
293.6,-1.121109086918501e-12,-6.867745355702063e-15
293.61,-1.1208874407895174e-12,-6.85494108947768e-15
293.62,-1.1206661409186845e-12,-6.842108534492775e-15
293.63,-1.120444689462572e-12,-6.828994044514888e-15
293.64,-1.1202233234804486e-12,-6.815845122518984e-15
293.65,-1.120001411467454e-12,-6.802377482170389e-15
293.66,-1.1197806058403986e-12,-6.788844351464626e-15
293.67,-1.1195595947926714e-12,-6.775232950361837e-15
293.68,-1.1193383845152363e-12,-6.761474122272563e-15
293.69,-1.1191173113182271e-12,-6.747509175170101e-15
293.7,-1.1188956288219918e-12,-6.7334278358707745e-15
293.71,-1.1186749925015106e-12,-6.719250548329195e-15
293.72,-1.1184539471435739e-12,-6.704811143268528e-15
293.73,-1.1182330638475547e-12,-6.690419883029387e-15
293.74,-1.1180121298754223e-12,-6.675898037709088e-15
293.75,-1.117791647487644e-12,-6.6610458374418254e-15
293.76,-1.1175708518272431e-12,-6.646128628618052e-15
293.77,-1.117350069428684e-12,-6.631059709195478e-15
293.78,-1.1171294705166964e-12,-6.6159278942560014e-15
293.79,-1.1169093592320012e-12,-6.600506089453922e-15
293.8,-1.1166885717511903e-12,-6.585295339262338e-15
293.81,-1.1164681740575013e-12,-6.569643655663707e-15
293.82,-1.1162477815257574e-12,-6.5540060878941635e-15
293.83,-1.1160275910989254e-12,-6.538279774529635e-15
293.84,-1.1158075192926824e-12,-6.522330188683976e-15
293.85,-1.1155872277865943e-12,-6.506198858133297e-15
293.86,-1.1153672543375384e-12,-6.490025037855558e-15
293.87,-1.1151471609406803e-12,-6.4736779681555125e-15
293.88,-1.1149275447780675e-12,-6.456085342362588e-15
293.89,-1.1147076461148781e-12,-6.440724371271727e-15
293.9,-1.1144878537030503e-12,-6.424086692388006e-15
293.91,-1.1142683075034659e-12,-6.407274852276995e-15
293.92,-1.1140485947870648e-12,-6.390344360291552e-15
293.93,-1.1138292803638437e-12,-6.373310931996423e-15
293.94,-1.1136098995662741e-12,-6.356148430713835e-15
293.95,-1.1133906676126688e-12,-6.338844483123077e-15
293.96,-1.113171132905497e-12,-6.321405159774047e-15
293.97,-1.112951643849901e-12,-6.3039249666413434e-15
293.98,-1.1127332016464033e-12,-6.286300526954792e-15
293.99,-1.1125143400024675e-12,-6.268537060590138e-15
294.0,-1.1122954809820396e-12,-6.250690275605202e-15
294.01,-1.112076749152775e-12,-6.232704419167513e-15
294.02,-1.1118583360414242e-12,-6.2146335089051e-15
294.03,-1.111639678788832e-12,-6.196434996444564e-15
294.04,-1.1114213086199297e-12,-6.178087030105408e-15
294.05,-1.1112027337604236e-12,-6.159673924101205e-15
294.06,-1.1109839637399371e-12,-6.1409689056353015e-15
294.07,-1.1107666822100772e-12,-6.122526166721054e-15
294.08,-1.1105486448124079e-12,-6.103754493303106e-15
294.09,-1.1103306261967368e-12,-6.0848644407471554e-15
294.1,-1.110112916836793e-12,-6.065959310789263e-15
294.11,-1.1098952674094652e-12,-6.046857216372972e-15
294.12,-1.1096776654576047e-12,-6.027778404278565e-15
294.13,-1.10946031108722e-12,-6.0084338911689394e-15
294.14,-1.1092433609243598e-12,-5.988931862008192e-15
294.15,-1.1090259637975334e-12,-5.969738538460834e-15
294.16,-1.1088085360877024e-12,-5.950078873615027e-15
294.17,-1.1085915916324784e-12,-5.930374133693325e-15
294.18,-1.1083747041100417e-12,-5.9106478254964604e-15
294.19,-1.1081577683722276e-12,-5.890789000100529e-15
294.2,-1.1079414766298621e-12,-5.870792713760674e-15
294.21,-1.1077248792624512e-12,-5.850697492187004e-15
294.22,-1.1075084583444844e-12,-5.830541821299764e-15
294.23,-1.1072928562918325e-12,-5.810383809405873e-15
294.24,-1.1070763696689477e-12,-5.790014453305448e-15
294.25,-1.1068601624382439e-12,-5.769537499003403e-15
294.26,-1.1066442468594281e-12,-5.74903466553181e-15
294.27,-1.1064283921716572e-12,-5.728388901790349e-15
294.28,-1.1062126282588962e-12,-5.707634364946837e-15
294.29,-1.1059973440542678e-12,-5.686930066820456e-15
294.3,-1.1057819210697108e-12,-5.6660079228432546e-15
294.31,-1.1055667519287766e-12,-5.645065882011491e-15
294.32,-1.105350506441911e-12,-5.623464044457836e-15
294.33,-1.1051366554334542e-12,-5.602846014247201e-15
294.34,-1.1049220024329208e-12,-5.58168789149822e-15
294.35,-1.1047073654228358e-12,-5.5603861828587415e-15
294.36,-1.1044929425319218e-12,-5.538969767449489e-15
294.37,-1.1042783077250893e-12,-5.5175580992012744e-15
294.38,-1.1040643298500525e-12,-5.4960332312785e-15
294.39,-1.1038499493473215e-12,-5.4744029911766975e-15
294.4,-1.1036362364942875e-12,-5.452879068786557e-15
294.41,-1.1034226819717913e-12,-5.431137733799042e-15
294.42,-1.1032087690552672e-12,-5.409083532881726e-15
294.43,-1.1029952628555594e-12,-5.387232939779245e-15
294.44,-1.1027818954352421e-12,-5.365236199068058e-15
294.45,-1.1025689125814547e-12,-5.343271997596067e-15
294.46,-1.1023550729579426e-12,-5.321364692131466e-15
294.47,-1.1021428482317504e-12,-5.298792248592195e-15
294.48,-1.1019299817958293e-12,-5.276498039061205e-15
294.49,-1.101717462406899e-12,-5.254214681870334e-15
294.5,-1.1015051289181858e-12,-5.231742699725104e-15
294.51,-1.1012926899777498e-12,-5.209343747676465e-15
294.52,-1.101080782479121e-12,-5.186778985401296e-15
294.53,-1.1008686494514942e-12,-5.1641474395763704e-15
294.54,-1.1006568820187443e-12,-5.1414783569678786e-15
294.55,-1.1004448888716667e-12,-5.118923779561602e-15
294.56,-1.1002338036012324e-12,-5.0959604641516834e-15
294.57,-1.1000226096798819e-12,-5.073125048318016e-15
294.58,-1.0998113220211892e-12,-5.050177727247264e-15
294.59,-1.099600662853459e-12,-5.027367486428994e-15
294.6,-1.0993894340153846e-12,-5.004143256812571e-15
294.61,-1.099178904625464e-12,-4.98111745456069e-15
294.62,-1.0989683438568147e-12,-4.957978368663744e-15
294.63,-1.0987581650826417e-12,-4.934814684092474e-15
294.64,-1.0985480033778232e-12,-4.9115118127873845e-15
294.65,-1.0983381714015403e-12,-4.888175566527533e-15
294.66,-1.098128210827696e-12,-4.864869746493602e-15
294.67,-1.0979186505494342e-12,-4.841460360255848e-15
294.68,-1.0977100971602959e-12,-4.817768590072679e-15
294.69,-1.0974999953628313e-12,-4.794426167005676e-15
294.7,-1.0972907839904105e-12,-4.770982683219597e-15
294.71,-1.0970818175405618e-12,-4.74733868695705e-15
294.72,-1.0968732121510824e-12,-4.723711705444541e-15
294.73,-1.0966646770218818e-12,-4.700045784783367e-15
294.74,-1.0964561358193206e-12,-4.676307793107639e-15
294.75,-1.0962480668262885e-12,-4.652551001328304e-15
294.76,-1.0960399135137054e-12,-4.6287172577276835e-15
294.77,-1.0958323501769372e-12,-4.604934575996148e-15
294.78,-1.0956245738141436e-12,-4.5810879399867e-15
294.79,-1.09541681364328e-12,-4.557067077935037e-15
294.8,-1.0952101871948278e-12,-4.533295071041662e-15
294.81,-1.0950026155335057e-12,-4.509091113443432e-15
294.82,-1.0947956874655236e-12,-4.485128936074515e-15
294.83,-1.0945891684990807e-12,-4.461141727585631e-15
294.84,-1.0943823646176237e-12,-4.436906491008311e-15
294.85,-1.0941759655065602e-12,-4.412773181696984e-15
294.86,-1.0939694219875574e-12,-4.388721289260181e-15
294.87,-1.0937638045256571e-12,-4.364424366019423e-15
294.88,-1.0935580435872558e-12,-4.340237834665585e-15
294.89,-1.0933527055731301e-12,-4.31589513885837e-15
294.9,-1.0931474241587777e-12,-4.291587762406237e-15
294.91,-1.0929420255877984e-12,-4.267325046799434e-15
294.92,-1.0927371056416123e-12,-4.243078727604233e-15
294.93,-1.0925320388871322e-12,-4.218684644394634e-15
294.94,-1.092327566707834e-12,-4.194299295730353e-15
294.95,-1.09212318408746e-12,-4.169824016450465e-15
294.96,-1.0919184873753942e-12,-4.145469738968044e-15
294.97,-1.0917147575508495e-12,-4.121028170978881e-15
294.98,-1.0915108173447622e-12,-4.096571278226072e-15
294.99,-1.0913072799450125e-12,-4.0721077708828555e-15
295.0,-1.0911039108633429e-12,-4.047589942105805e-15
295.01,-1.0909006009210073e-12,-4.023085002870775e-15
295.02,-1.0906975059772802e-12,-3.998548984953003e-15
295.03,-1.0904947032916348e-12,-3.974062369315354e-15
295.04,-1.090292111077256e-12,-3.9494521736552445e-15
295.05,-1.0900896946731857e-12,-3.924821392980302e-15
295.06,-1.0898874161675753e-12,-3.900342579171719e-15
295.07,-1.0896853343879465e-12,-3.8757109428167705e-15
295.08,-1.0894835819203444e-12,-3.851174482193089e-15
295.09,-1.0892817850774374e-12,-3.8265243101549036e-15
295.1,-1.0890804891604188e-12,-3.801915769862532e-15
295.11,-1.0888793469013026e-12,-3.777348830653139e-15
295.12,-1.0886782172963512e-12,-3.752794265155193e-15
295.13,-1.0884777051826104e-12,-3.728074010143129e-15
295.14,-1.088276673299192e-12,-3.703472228965354e-15
295.15,-1.0880767531748249e-12,-3.678867372349411e-15
295.16,-1.0878761694133613e-12,-3.6541838708588745e-15
295.17,-1.0876763740459118e-12,-3.629676378450242e-15
295.18,-1.087476706504732e-12,-3.605058860264588e-15
295.19,-1.0872769981160698e-12,-3.580426366313863e-15
295.2,-1.087077725694395e-12,-3.555768695371939e-15
295.21,-1.086878621381572e-12,-3.5311201918327783e-15
295.22,-1.0866799728618532e-12,-3.506597109232217e-15
295.23,-1.08648091302841e-12,-3.4819274396525236e-15
295.24,-1.0862824979277873e-12,-3.4573662353553364e-15
295.25,-1.0860841902501394e-12,-3.4327626520233617e-15
295.26,-1.0858861785848357e-12,-3.4081980861232874e-15
295.27,-1.0856883405392486e-12,-3.3836254108537007e-15
295.28,-1.0854908013045257e-12,-3.3591086308849305e-15
295.29,-1.0852931576478738e-12,-3.3345184675365798e-15
295.3,-1.0850960911862834e-12,-3.3099470250207023e-15
295.31,-1.084899474160286e-12,-3.2856519045944996e-15
295.32,-1.084702478069593e-12,-3.260982682996188e-15
295.33,-1.0845058434063117e-12,-3.2364854383313776e-15
295.34,-1.0843094279054242e-12,-3.2121538260014554e-15
295.35,-1.0841134505230676e-12,-3.187544680346059e-15
295.36,-1.0839173919150444e-12,-3.1631764703491136e-15
295.37,-1.083722018506732e-12,-3.138637895273486e-15
295.38,-1.0835262867498033e-12,-3.1143670849440105e-15
295.39,-1.0833309144269604e-12,-3.089960829175559e-15
295.4,-1.0831359435272776e-12,-3.0656586694237766e-15
295.41,-1.0829411422811353e-12,-3.0413115452525635e-15
295.42,-1.0827467655303214e-12,-3.017063565874397e-15
295.43,-1.0825523825801832e-12,-2.9927985723128127e-15
295.44,-1.08235820984982e-12,-2.9685787734220913e-15
295.45,-1.0821642657432105e-12,-2.9442745186698953e-15
295.46,-1.0819705475392144e-12,-2.920134208761223e-15
295.47,-1.0817771072465636e-12,-2.8959190461465274e-15
295.48,-1.0815838058212374e-12,-2.8718500297197717e-15
295.49,-1.0813911248975982e-12,-2.8477705427996974e-15
295.5,-1.0811979868605768e-12,-2.823629370826525e-15
295.51,-1.0810053298088642e-12,-2.7996117462118984e-15
295.52,-1.0808130236053838e-12,-2.7756206365367557e-15
295.53,-1.0806210114815499e-12,-2.7516859385985913e-15
295.54,-1.0804289043601214e-12,-2.727708526674634e-15
295.55,-1.0802372550701602e-12,-2.703862090665582e-15
295.56,-1.0800455093890669e-12,-2.6799701645085625e-15
295.57,-1.079854692381767e-12,-2.656134290457902e-15
295.58,-1.0796635373558734e-12,-2.6323242323490366e-15
295.59,-1.079472645610319e-12,-2.6086080091142184e-15
295.6,-1.0792820691422985e-12,-2.5849492080734672e-15
295.61,-1.079091640369057e-12,-2.5613398705037058e-15
295.62,-1.0789011159823837e-12,-2.5376309490927496e-15
295.63,-1.078711620671432e-12,-2.5141677465101567e-15
295.64,-1.0785221145563308e-12,-2.4906290095637214e-15
295.65,-1.0783326128121343e-12,-2.467177808984922e-15
295.66,-1.0781435392753846e-12,-2.4437149871179936e-15
295.67,-1.0779539383342875e-12,-2.420210477941627e-15
295.68,-1.0777655386107852e-12,-2.3970689599099814e-15
295.69,-1.077577070206558e-12,-2.3737428937733056e-15
295.7,-1.0773885212807317e-12,-2.3504947667267207e-15
295.71,-1.0772012243972899e-12,-2.3273900243843356e-15
295.72,-1.077012854811458e-12,-2.304225212954309e-15
295.73,-1.0768251475696648e-12,-2.2811504339031425e-15
295.74,-1.0766376281352476e-12,-2.2581151362191177e-15
295.75,-1.0764503896363205e-12,-2.235138752291796e-15
295.76,-1.0762638888780667e-12,-2.212324459812504e-15
295.77,-1.0760767738107548e-12,-2.1893995451769535e-15
295.78,-1.0758904240155438e-12,-2.166632922496917e-15
295.79,-1.075704060976538e-12,-2.143877037237183e-15
295.8,-1.075517955337083e-12,-2.1211627436058586e-15
295.81,-1.0753320520786582e-12,-2.0986160222863044e-15
295.82,-1.0751465251390751e-12,-2.0759965283857556e-15
295.83,-1.074960988802207e-12,-2.0534620148914236e-15
295.84,-1.0747759972500632e-12,-2.031073382690721e-15
295.85,-1.0745937247717506e-12,-2.008967337802907e-15
295.86,-1.0744062743136398e-12,-1.986415738702462e-15
295.87,-1.0742217466277495e-12,-1.964111204332424e-15
295.88,-1.0740375054009269e-12,-1.9419893187208466e-15
295.89,-1.0738536660397593e-12,-1.919846652849235e-15
295.9,-1.0736698808417358e-12,-1.8978462705021673e-15
295.91,-1.0734861065995118e-12,-1.8758150180931878e-15
295.92,-1.0733028687439675e-12,-1.8539427940049133e-15
295.93,-1.0731195182777004e-12,-1.8320584799802007e-15
295.94,-1.0729362706368462e-12,-1.8103500894502234e-15
295.95,-1.0727541558884403e-12,-1.788659049876704e-15
295.96,-1.07257164188909e-12,-1.7670139090671138e-15
295.97,-1.0723894933873063e-12,-1.7454299724304596e-15
295.98,-1.0722074044476056e-12,-1.723931126274069e-15
295.99,-1.072025810430492e-12,-1.7025716113662058e-15
296.0,-1.0718441331692082e-12,-1.681218248102462e-15
296.01,-1.0716628520274402e-12,-1.6599627086694742e-15
296.02,-1.0714814900877692e-12,-1.6387836573099986e-15
296.03,-1.0713009717198151e-12,-1.6176830049536879e-15
296.04,-1.0711203911133852e-12,-1.5966316185324562e-15
296.05,-1.07093995491956e-12,-1.5757654026389973e-15
296.06,-1.0707597821024963e-12,-1.5548262263601934e-15
296.07,-1.070579527280466e-12,-1.5340181751303352e-15
296.08,-1.0703999870894308e-12,-1.5133264293979961e-15
296.09,-1.0702202299150607e-12,-1.4926931811033007e-15
296.1,-1.0700411267543766e-12,-1.4721621476758778e-15
296.11,-1.0698626765329353e-12,-1.4518978537727202e-15
296.12,-1.0696833758773992e-12,-1.4313009016510169e-15
296.13,-1.0695043914514163e-12,-1.4110414997037564e-15
296.14,-1.0693261640937083e-12,-1.3908206781128896e-15
296.15,-1.069147790484043e-12,-1.3707067354339675e-15
296.16,-1.0689696581734811e-12,-1.3506383872413381e-15
296.17,-1.0687922570637385e-12,-1.3307961065484893e-15
296.18,-1.068614824970597e-12,-1.310898458706773e-15
296.19,-1.0684370337834136e-12,-1.2910030392699821e-15
296.2,-1.068260660268094e-12,-1.272352923545871e-15
296.21,-1.0680835248144577e-12,-1.2518612703068623e-15
296.22,-1.0679070715079506e-12,-1.2323478064121878e-15
296.23,-1.0677304930933174e-12,-1.2129285311611268e-15
296.24,-1.0675543207067193e-12,-1.1935909772233668e-15
296.25,-1.0673781337114607e-12,-1.1743858446425065e-15
296.26,-1.0672026807165112e-12,-1.1552548646420052e-15
296.27,-1.0670271061375619e-12,-1.1362188122738272e-15
296.28,-1.06685174481501e-12,-1.1172532534628643e-15
296.29,-1.0666756799619624e-12,-1.097708633021387e-15
296.3,-1.0665017686042968e-12,-1.0796358750539148e-15
296.31,-1.0663270610668398e-12,-1.0609978880323924e-15
296.32,-1.0661527242482548e-12,-1.0424413755996516e-15
296.33,-1.0659781772274001e-12,-1.0238926301582578e-15
296.34,-1.0658047241854544e-12,-1.0057181064886912e-15
296.35,-1.065630665028947e-12,-9.873305812679954e-16
296.36,-1.065456892296934e-12,-9.691645094988206e-16
296.37,-1.0652833180807753e-12,-9.510056162165253e-16
296.38,-1.0651095913814326e-12,-9.330041207742895e-16
296.39,-1.064937418872223e-12,-9.152187308693655e-16
296.4,-1.064764776410619e-12,-8.975125958108593e-16
296.41,-1.0645922383979878e-12,-8.798728716139295e-16
296.42,-1.0644200898413635e-12,-8.624197016324402e-16
296.43,-1.0642465932131936e-12,-8.445005982796717e-16
296.44,-1.0640759737074285e-12,-8.274017712009285e-16
296.45,-1.0639044416825888e-12,-8.101912230243186e-16
296.46,-1.0637330295191483e-12,-7.9312086478418e-16
296.47,-1.063561852324261e-12,-7.76055715076833e-16
296.48,-1.063390686827128e-12,-7.591110214476427e-16
296.49,-1.0632200041351253e-12,-7.423102039169012e-16
296.5,-1.0630492181388266e-12,-7.255920489308278e-16
296.51,-1.0628789448341353e-12,-7.089774841615175e-16
296.52,-1.0627089702027598e-12,-6.924913883331398e-16
296.53,-1.0625388683324826e-12,-6.761009428001571e-16
296.54,-1.062369126593894e-12,-6.597948957924918e-16
296.55,-1.062199411208461e-12,-6.435938563305417e-16
296.56,-1.062030277731806e-12,-6.276011550922772e-16
296.57,-1.06186100660999e-12,-6.11584806932514e-16
296.58,-1.0616919195552718e-12,-5.957945494860919e-16
296.59,-1.0615233809786898e-12,-5.800465903035673e-16
296.6,-1.0613546156324572e-12,-5.6436920424218115e-16
296.61,-1.0611862413913105e-12,-5.489313318846432e-16
296.62,-1.0610184916933135e-12,-5.3357672368646345e-16
296.63,-1.0608502883399462e-12,-5.182911135565373e-16
296.64,-1.0606826307377217e-12,-5.030773252068713e-16
296.65,-1.0605147974464588e-12,-4.879046630980111e-16
296.66,-1.06034800634089e-12,-4.731145049509789e-16
296.67,-1.0601806062775514e-12,-4.582775077354657e-16
296.68,-1.0600135838232485e-12,-4.4355361492212234e-16
296.69,-1.0598468815256032e-12,-4.2894619022023384e-16
296.7,-1.0596808585139946e-12,-4.1457586262007343e-16
296.71,-1.0595143253933545e-12,-4.002473258967345e-16
296.72,-1.0593481368723455e-12,-3.8596362128258657e-16
296.73,-1.0591821356311281e-12,-3.717997648032322e-16
296.74,-1.0590166772387839e-12,-3.578019832161726e-16
296.75,-1.0588508884859544e-12,-3.4392485144955725e-16
296.76,-1.0586855964108773e-12,-3.3018236205868236e-16
296.77,-1.05852046202314e-12,-3.1658408973313473e-16
296.78,-1.0583554905082626e-12,-3.03015186299582e-16
296.79,-1.0581906570558156e-12,-2.8960230940930834e-16
296.8,-1.0580258118818827e-12,-2.76511031023618e-16
296.81,-1.0578616719235978e-12,-2.6317639880387745e-16
296.82,-1.057697637562775e-12,-2.501160409904732e-16
296.83,-1.0575335444452498e-12,-2.3718570722750866e-16
296.84,-1.057369968876283e-12,-2.244176466410196e-16
296.85,-1.0572061807562109e-12,-2.1168342542374126e-16
296.86,-1.057043051952143e-12,-1.9932789801213413e-16
296.87,-1.0568800415571794e-12,-1.8692047100110647e-16
296.88,-1.0567165942909602e-12,-1.7452304136636605e-16
296.89,-1.056553642317003e-12,-1.62227964399464e-16
296.9,-1.056391031323564e-12,-1.502307778648023e-16
296.91,-1.0562286981138457e-12,-1.3832918144995385e-16
296.92,-1.0560665147491648e-12,-1.266368073277791e-16
296.93,-1.055903825741809e-12,-1.14702512189905e-16
296.94,-1.055742062690354e-12,-1.0333843502896266e-16
296.95,-1.0555803636995555e-12,-9.192010856673752e-17
296.96,-1.0554189170535046e-12,-8.051666958727908e-17
296.97,-1.0552577337134077e-12,-6.938274664602947e-17
296.98,-1.0550963359883475e-12,-5.829312993482567e-17
296.99,-1.0549353977860498e-12,-4.737230506197421e-17
297.0,-1.0547745732073501e-12,-3.657169706576071e-17
297.01,-1.0546141713787364e-12,-2.5910348557303132e-17
297.02,-1.05445334639432e-12,-1.5345448188874344e-17
297.03,-1.0542930507965912e-12,-4.946652154920261e-18
297.04,-1.0541330180177107e-12,5.344884425202392e-18
297.05,-1.0539731019941283e-12,1.548059276047255e-17
297.06,-1.0538132626286498e-12,2.5597674681512662e-17
297.07,-1.0536535794332942e-12,3.547465287025757e-17
297.08,-1.0534941102332484e-12,4.524064873920625e-17
297.09,-1.0533348202941964e-12,5.487089671673745e-17
297.1,-1.0531761619510713e-12,6.426059789481773e-17
297.11,-1.0530169161847531e-12,7.376976217812366e-17
297.12,-1.0528584071450974e-12,8.295858947868819e-17
297.13,-1.0526995917293663e-12,9.213888565722712e-17
297.14,-1.0525409334317949e-12,1.0131019428148859e-16
297.15,-1.0523828894707809e-12,1.1001136906695292e-16
297.16,-1.0522246336495794e-12,1.1877857672400814e-16
297.17,-1.0520670737989256e-12,1.2740178128365853e-16
297.18,-1.0519091461878297e-12,1.3587009781769951e-16
297.19,-1.0517518013426396e-12,1.4405256205644824e-16
297.2,-1.0515940161230734e-12,1.524558736127509e-16
297.21,-1.0514366332030284e-12,1.6052646312769794e-16
297.22,-1.0512797230972382e-12,1.6846104832779756e-16
297.23,-1.0511228442949691e-12,1.763141898979026e-16
297.24,-1.0509661004625778e-12,1.839989734244464e-16
297.25,-1.0508095939990076e-12,1.915988074235173e-16
297.26,-1.0506530811855828e-12,1.9895774293995812e-16
297.27,-1.0504968095823215e-12,2.0625994369168154e-16
297.28,-1.0503402724613446e-12,2.135195306115775e-16
297.29,-1.050184695113488e-12,2.2046916730324625e-16
297.3,-1.0500289055393e-12,2.273859172010788e-16
297.31,-1.04987312181259e-12,2.3414334225738157e-16
297.32,-1.0497178105833371e-12,2.4075569404175037e-16
297.33,-1.0495623122843683e-12,2.4725641239022365e-16
297.34,-1.0494070832773373e-12,2.5371534141745043e-16
297.35,-1.0492519642064806e-12,2.5991529698073113e-16
297.36,-1.0490970246858357e-12,2.6599431218701995e-16
297.37,-1.0489420477521243e-12,2.72091217027387e-16
297.38,-1.0487877079865965e-12,2.778005974923922e-16
297.39,-1.0486332964953226e-12,2.8353374626851423e-16
297.4,-1.0484789463309663e-12,2.8904685590570517e-16
297.41,-1.0483246411947757e-12,2.9459397276465474e-16
297.42,-1.0481705964070735e-12,2.9986497461182393e-16
297.43,-1.0480166966228172e-12,3.0503064114403673e-16
297.44,-1.0478631001230586e-12,3.1011029224602285e-16
297.45,-1.0477095250917865e-12,3.1503276459968505e-16
297.46,-1.0475551222760175e-12,3.201070644330229e-16
297.47,-1.047402651417365e-12,3.244470759340664e-16
297.48,-1.0472494890809466e-12,3.2898009733322953e-16
297.49,-1.0470964338448561e-12,3.3336880986812844e-16
297.5,-1.0469434851437806e-12,3.3759232451170166e-16
297.51,-1.0467908224090535e-12,3.4171526631802863e-16
297.52,-1.046638189330702e-12,3.457020309416263e-16
297.53,-1.0464857197474785e-12,3.495655671090363e-16
297.54,-1.0463332551314528e-12,3.532848854285922e-16
297.55,-1.046181301062886e-12,3.5676270594048294e-16
297.56,-1.046029010728421e-12,3.6034891978663933e-16
297.57,-1.0458769526810784e-12,3.636300726611162e-16
297.58,-1.0457252765459088e-12,3.6683243115412647e-16
297.59,-1.045574636014898e-12,3.6933359354463527e-16
297.6,-1.0454218759508163e-12,3.7287892338998385e-16
297.61,-1.0452705361334647e-12,3.755987358741324e-16
297.62,-1.0451191319724088e-12,3.78325761112045e-16
297.63,-1.0449679022721506e-12,3.8085031402484615e-16
297.64,-1.0448171087978033e-12,3.8330245898154225e-16
297.65,-1.0446659065274602e-12,3.854535078439777e-16
297.66,-1.0445150823572776e-12,3.8764056804909025e-16
297.67,-1.0443643317433667e-12,3.8961491682676726e-16
297.68,-1.044214270715281e-12,3.9118645516944816e-16
297.69,-1.0440634345142153e-12,3.9326234207817786e-16
297.7,-1.043912931236128e-12,3.949185174209875e-16
297.71,-1.0437627065148205e-12,3.9632746077484574e-16
297.72,-1.0436127099053067e-12,3.976603189891437e-16
297.73,-1.0434630127566615e-12,3.9906140264591325e-16
297.74,-1.0433127928360805e-12,3.999674429652396e-16
297.75,-1.043163160135941e-12,4.009005394030174e-16
297.76,-1.0430134868346388e-12,4.0175115238630903e-16
297.77,-1.0428640616424568e-12,4.024252778583291e-16
297.78,-1.0427145663080719e-12,4.0300715955046193e-16
297.79,-1.042565391349762e-12,4.034385443577687e-16
297.8,-1.0424160058989432e-12,4.037543622149762e-16
297.81,-1.0422670773264627e-12,4.0391610460861177e-16
297.82,-1.0421201584220609e-12,4.041960048062522e-16
297.83,-1.0419691807363237e-12,4.038334769364178e-16
297.84,-1.0418201406096708e-12,4.036361417003393e-16
297.85,-1.0416715584692164e-12,4.0342032444046318e-16
297.86,-1.0415231599040104e-12,4.028748423328326e-16
297.87,-1.0413746331723327e-12,4.0225202736597367e-16
297.88,-1.0412262456107622e-12,4.015227990727749e-16
297.89,-1.0410780309739233e-12,4.007668615533012e-16
297.9,-1.040929473942572e-12,3.9994515818611513e-16
297.91,-1.0407818482638741e-12,3.987846827113445e-16
297.92,-1.0406340671637858e-12,3.9734299612732125e-16
297.93,-1.0404859331856303e-12,3.9601043365658715e-16
297.94,-1.04033817507023e-12,3.945623699764396e-16
297.95,-1.0401906525966815e-12,3.928672963954278e-16
297.96,-1.0400429941122877e-12,3.910757189633163e-16
297.97,-1.0398954717352078e-12,3.892912249247402e-16
297.98,-1.0397481247032809e-12,3.8734105637907964e-16
297.99,-1.0396004814569876e-12,3.852451334123613e-16
298.0,-1.0394540489786194e-12,3.829500893630993e-16
298.01,-1.039306488554601e-12,3.8057946995632754e-16
298.02,-1.0391594425062005e-12,3.7807966716787697e-16
298.03,-1.0390125081113374e-12,3.754580741150113e-16
298.04,-1.03886559090257e-12,3.728094486933331e-16
298.05,-1.0387189723517593e-12,3.699271433943629e-16
298.06,-1.0385721619910411e-12,3.669885220805178e-16
298.07,-1.0384257438711727e-12,3.6375931568124543e-16
298.08,-1.0382790934241148e-12,3.6048600446361037e-16
298.09,-1.0381324521187716e-12,3.5712744824877027e-16
298.1,-1.0379863965487249e-12,3.537314174164915e-16
298.11,-1.0378401050924656e-12,3.5014458185428774e-16
298.12,-1.0376939089861237e-12,3.4646105225534995e-16
298.13,-1.0375476727643548e-12,3.425720365653098e-16
298.14,-1.037401959419641e-12,3.3854655796805916e-16
298.15,-1.0372557100485221e-12,3.346124149392254e-16
298.16,-1.0371097577230999e-12,3.3051739821641016e-16
298.17,-1.0369616781829805e-12,3.258883828629965e-16
298.18,-1.0368182761196756e-12,3.2160024630387703e-16
298.19,-1.0366726746753815e-12,3.170235966452372e-16
298.2,-1.0365269954706683e-12,3.1241429978291046e-16
298.21,-1.0363816002510943e-12,3.075587294133472e-16
298.22,-1.0362360975251166e-12,3.025575496787804e-16
298.23,-1.0360907994121756e-12,2.975965038376886e-16
298.24,-1.0359455084509982e-12,2.9241041458546067e-16
298.25,-1.0358002410167295e-12,2.8717388003321127e-16
298.26,-1.0356547518740274e-12,2.815628252914983e-16
298.27,-1.035509889226845e-12,2.763057473626423e-16
298.28,-1.035364913512056e-12,2.7066116944840837e-16
298.29,-1.0352200097477973e-12,2.6494179969463154e-16
298.3,-1.0350748650828704e-12,2.5919805475958464e-16
298.31,-1.03493014047457e-12,2.530341850391235e-16
298.32,-1.0347851869731028e-12,2.4709729604103425e-16
298.33,-1.0346406444434965e-12,2.408888843582463e-16
298.34,-1.0344958378977877e-12,2.34623971929467e-16
298.35,-1.0343505943844498e-12,2.2853576632802646e-16
298.36,-1.0342063360407793e-12,2.2172704693211515e-16
298.37,-1.03406212968013e-12,2.1504887292755393e-16
298.38,-1.033917693336356e-12,2.0825673944535197e-16
298.39,-1.0337732372852059e-12,2.0144610290696702e-16
298.4,-1.0336285302761112e-12,1.9436992817267242e-16
298.41,-1.0334845116535359e-12,1.873906557683977e-16
298.42,-1.0333402536134037e-12,1.8021409856258817e-16
298.43,-1.0331959376342106e-12,1.7288238714353074e-16
298.44,-1.0330521028636168e-12,1.6542429894136935e-16
298.45,-1.0329078577240581e-12,1.58067641921055e-16
298.46,-1.0327637191331822e-12,1.5040077130323563e-16
298.47,-1.0326196034477658e-12,1.4264636182275073e-16
298.48,-1.0324756638090896e-12,1.3481533779850316e-16
298.49,-1.0323317907988449e-12,1.2682441617779657e-16
298.5,-1.0321877297946631e-12,1.1881090482838867e-16
298.51,-1.0320439257879866e-12,1.1064662495305139e-16
298.52,-1.0319001798438428e-12,1.0245495559332164e-16
298.53,-1.0317568426315541e-12,9.407153776884541e-17
298.54,-1.0316129137328745e-12,8.552486957188458e-17
298.55,-1.0314687984510308e-12,7.70739856677829e-17
298.56,-1.0313254447025282e-12,6.831094048092964e-17
298.57,-1.0311816929363958e-12,5.954250259152359e-17
298.58,-1.0310379526219853e-12,5.0793241789905115e-17
298.59,-1.0308945202725924e-12,4.1722952143280447e-17
298.6,-1.0307510461446792e-12,3.266504990179752e-17
298.61,-1.0306075025539892e-12,2.348249465760162e-17
298.62,-1.0304643343137303e-12,1.442084797958382e-17
298.63,-1.0303204587745276e-12,4.868930814790551e-18
298.64,-1.0301772389544123e-12,-4.649297684099674e-18
298.65,-1.0300338293416622e-12,-1.4304141833554677e-17
298.66,-1.0298904884775044e-12,-2.3799174897375215e-17
298.67,-1.0297474196237342e-12,-3.373673754829999e-17
298.68,-1.0296038543587648e-12,-4.353089528202778e-17
298.69,-1.0294605068511194e-12,-5.348949165587418e-17
298.7,-1.0293173456205548e-12,-6.352401492717433e-17
298.71,-1.0291744135514605e-12,-7.361144554194304e-17
298.72,-1.0290310391368619e-12,-8.379529975088311e-17
298.73,-1.0288878969907004e-12,-9.420470923202479e-17
298.74,-1.0287445857183529e-12,-1.0472180014594871e-16
298.75,-1.02860170272772e-12,-1.151526954957437e-16
298.76,-1.0284585291561831e-12,-1.2577108638502818e-16
298.77,-1.0283154500999634e-12,-1.3652462943947614e-16
298.78,-1.0281723619699392e-12,-1.4728998989614585e-16
298.79,-1.0280293309594514e-12,-1.581457786123538e-16
298.8,-1.0278863671512902e-12,-1.691031396074878e-16
298.81,-1.0277434143647848e-12,-1.8024225336250793e-16
298.82,-1.0276003256432086e-12,-1.9132837950975863e-16
298.83,-1.0274572497004758e-12,-2.025558992578318e-16
298.84,-1.0273142563914913e-12,-2.1390097665284743e-16
298.85,-1.027171377859465e-12,-2.253335286832899e-16
298.86,-1.0270284250033223e-12,-2.367536087630356e-16
298.87,-1.0268854777675665e-12,-2.4837736684596054e-16
298.88,-1.0267424293988751e-12,-2.6007319882499136e-16
298.89,-1.0265994798567748e-12,-2.716653570875307e-16
298.9,-1.0264564755503147e-12,-2.835904967901429e-16
298.91,-1.0263134929249054e-12,-2.9555522368533947e-16
298.92,-1.0261704252475739e-12,-3.074929380118659e-16
298.93,-1.0260279198359383e-12,-3.196341608597246e-16
298.94,-1.0258849848960475e-12,-3.318404029161474e-16
298.95,-1.0257420561186344e-12,-3.4404773156963234e-16
298.96,-1.0255990183676701e-12,-3.5634186778963856e-16
298.97,-1.0254562222100565e-12,-3.6877132026532926e-16
298.98,-1.0253135134352436e-12,-3.812952596885242e-16
298.99,-1.0251704600031067e-12,-3.938030406272657e-16
299.0,-1.0250274983580595e-12,-4.0642830678339667e-16
299.01,-1.0248846495841691e-12,-4.1917605104825302e-16
299.02,-1.0247416981992275e-12,-4.319589062464151e-16
299.03,-1.0245987351074568e-12,-4.448404947917169e-16
299.04,-1.0244559195005316e-12,-4.577546921842488e-16
299.05,-1.0243128628061624e-12,-4.707246508548563e-16
299.06,-1.024169928335473e-12,-4.83750061397877e-16
299.07,-1.024027492716659e-12,-4.96985739162919e-16
299.08,-1.0238845716393632e-12,-5.103655305407034e-16
299.09,-1.0237412378030746e-12,-5.235550280132805e-16
299.1,-1.0235982560692037e-12,-5.370232019757154e-16
299.11,-1.0234552865481084e-12,-5.502401745977907e-16
299.12,-1.023312350052915e-12,-5.638936246501411e-16
299.13,-1.023169188153423e-12,-5.774855063080413e-16
299.14,-1.0230263704609547e-12,-5.911084752743845e-16
299.15,-1.0228833077061853e-12,-6.048555856098661e-16
299.16,-1.0227403245895366e-12,-6.186043488496545e-16
299.17,-1.0225973303706006e-12,-6.32454794823674e-16
299.18,-1.0224539832776065e-12,-6.462764711707015e-16
299.19,-1.0223109467214388e-12,-6.603226215241623e-16
299.2,-1.0221679808247925e-12,-6.74306078630761e-16
299.21,-1.0220249745224276e-12,-6.885510193201305e-16
299.22,-1.0218818309572436e-12,-7.026525565162283e-16
299.23,-1.0217384129863539e-12,-7.169512649431927e-16
299.24,-1.0215954266252122e-12,-7.312868845861274e-16
299.25,-1.0214524418217629e-12,-7.454372312766268e-16
299.26,-1.0213090532922946e-12,-7.599719382913096e-16
299.27,-1.0211660282064191e-12,-7.743914179346554e-16
299.28,-1.021022890772295e-12,-7.889707345091408e-16
299.29,-1.0208795121076263e-12,-8.036414595186737e-16
299.3,-1.0207360095950656e-12,-8.182193059936676e-16
299.31,-1.0205929137301463e-12,-8.329336747868313e-16
299.32,-1.0204492018011736e-12,-8.476524652445938e-16
299.33,-1.020306108658903e-12,-8.62420411700304e-16
299.34,-1.020162149196551e-12,-8.76945126588897e-16
299.35,-1.0200190970545728e-12,-8.923482036189745e-16
299.36,-1.019875688686851e-12,-9.072805786830822e-16
299.37,-1.0197322238411917e-12,-9.223570053380926e-16
299.38,-1.0195886966952038e-12,-9.374101381355274e-16
299.39,-1.0194451655590966e-12,-9.525964926979822e-16
299.4,-1.0193015760042613e-12,-9.67653051332915e-16
299.41,-1.0191580301809506e-12,-9.82940614869065e-16
299.42,-1.0190144667772781e-12,-9.981752066459852e-16
299.43,-1.018870545504567e-12,-1.0132685533252576e-15
299.44,-1.0187271508351307e-12,-1.0289831158455331e-15
299.45,-1.0185832332617286e-12,-1.044328603029103e-15
299.46,-1.0184395634367776e-12,-1.059808342721502e-15
299.47,-1.0182953621867645e-12,-1.0753261733213055e-15
299.48,-1.018151814915254e-12,-1.0908833719745635e-15
299.49,-1.0180079580305774e-12,-1.1064790925063907e-15
299.5,-1.0178639895068288e-12,-1.1221513374312997e-15
299.51,-1.017719749558237e-12,-1.1378633772407025e-15
299.52,-1.017576148848587e-12,-1.1535625001438668e-15
299.53,-1.0174320280366206e-12,-1.1693501211686721e-15
299.54,-1.0172877860442535e-12,-1.1851571648925536e-15
299.55,-1.0171437971573718e-12,-1.2010260023733685e-15
299.56,-1.016999658638311e-12,-1.2172354152102412e-15
299.57,-1.0168553710754942e-12,-1.2328019745756846e-15
299.58,-1.016711120368947e-12,-1.24875369283244e-15
299.59,-1.0165669316767564e-12,-1.2647936066530745e-15
299.6,-1.0164225955131717e-12,-1.280884875387009e-15
299.61,-1.016278560370769e-12,-1.2969051779827753e-15
299.62,-1.0161337746134453e-12,-1.313050225212733e-15
299.63,-1.0159892693631797e-12,-1.3291490544899337e-15
299.64,-1.0158447613956052e-12,-1.3453999232220796e-15
299.65,-1.0157001399797908e-12,-1.3614984852373787e-15
299.66,-1.0155557320227252e-12,-1.3777932629592126e-15
299.67,-1.015411047157022e-12,-1.3940397398849534e-15
299.68,-1.0152663468942776e-12,-1.4104188430611532e-15
299.69,-1.0151216123001708e-12,-1.4267294795090821e-15
299.7,-1.014976021639786e-12,-1.4426184094582806e-15
299.71,-1.0148318906564258e-12,-1.4594276699024664e-15
299.72,-1.0146867543127221e-12,-1.4758819762177215e-15
299.73,-1.0145420167451198e-12,-1.4923105608883068e-15
299.74,-1.0143973046773605e-12,-1.5087982587936042e-15
299.75,-1.0142519997010764e-12,-1.5252788320778884e-15
299.76,-1.0141070042963063e-12,-1.5417843190472854e-15
299.77,-1.0139616670414875e-12,-1.5583198432677515e-15
299.78,-1.0138167387138447e-12,-1.5749367014854556e-15
299.79,-1.0136735764268065e-12,-1.5924287596102338e-15
299.8,-1.0135257974824778e-12,-1.6081189217303877e-15
299.81,-1.013380387260919e-12,-1.6246648507593064e-15
299.82,-1.0132349767869274e-12,-1.6413915842529378e-15
299.83,-1.0130895774365272e-12,-1.6581438427147388e-15
299.84,-1.0129441967008238e-12,-1.674735082773007e-15
299.85,-1.0127985462602832e-12,-1.6914798244445905e-15
299.86,-1.0126528436322788e-12,-1.7081293957446363e-15
299.87,-1.0125075485633643e-12,-1.7248442162045175e-15
299.88,-1.0123616914244038e-12,-1.741835025148003e-15
299.89,-1.0122155572077022e-12,-1.7584873662267842e-15
299.9,-1.0120696040264987e-12,-1.7752076853947574e-15
299.91,-1.0119237169920765e-12,-1.7920142330782987e-15
299.92,-1.011777743357351e-12,-1.808862401692354e-15
299.93,-1.011631484166802e-12,-1.8255737929350212e-15
299.94,-1.0114859443451935e-12,-1.842660851478926e-15
299.95,-1.0113393244224157e-12,-1.859370981263997e-15
299.96,-1.0111928211600871e-12,-1.8762524475911955e-15
299.97,-1.011047237235249e-12,-1.8930978942691357e-15
299.98,-1.0109003424383978e-12,-1.9099382721074493e-15
299.99,-1.0107536656171891e-12,-1.926846498001732e-15
300.0,-1.0106070881127896e-12,-1.943756493179871e-15
300.01,-1.0104607619176692e-12,-1.960639136452814e-15
300.02,-1.0103142135755436e-12,-1.977550811358134e-15
300.03,-1.0101674945239265e-12,-1.9944487220922687e-15
300.04,-1.0100207897164898e-12,-2.011394953443703e-15
300.05,-1.0098732630779633e-12,-2.0282183898641214e-15
300.06,-1.0097265298104882e-12,-2.045081938723297e-15
300.07,-1.0095800018827645e-12,-2.062076713928105e-15
300.08,-1.0094329469502196e-12,-2.0790312780652227e-15
300.09,-1.009285826373116e-12,-2.0959258847601185e-15
300.1,-1.0091385964004204e-12,-2.1129157145012506e-15
300.11,-1.0089915511001014e-12,-2.1298053542440502e-15
300.12,-1.0088443406804378e-12,-2.1467349325835155e-15
300.13,-1.0086969818939232e-12,-2.1636115423549444e-15
300.14,-1.0085510362696405e-12,-2.180317935405525e-15
300.15,-1.0084017332418806e-12,-2.1974732933296355e-15
300.16,-1.008254459614065e-12,-2.2143825685061375e-15
300.17,-1.0081067843854905e-12,-2.231259122623368e-15
300.18,-1.0079591169584041e-12,-2.2482036840339474e-15
300.19,-1.007811086020695e-12,-2.2651277523297396e-15
300.2,-1.0076633811521153e-12,-2.2819970911823788e-15
300.21,-1.0075157136629978e-12,-2.2989339452990404e-15
300.22,-1.0073674690737587e-12,-2.3157417959930947e-15
300.23,-1.007219237732048e-12,-2.3327082690638587e-15
300.24,-1.007071339054859e-12,-2.349461787360277e-15
300.25,-1.0069230763575682e-12,-2.366313755754372e-15
300.26,-1.0067747006519266e-12,-2.3831535430018298e-15
300.27,-1.00662644057662e-12,-2.399967343083655e-15
300.28,-1.0064779817275062e-12,-2.416794336956699e-15
300.29,-1.0063295368092631e-12,-2.4335714893097893e-15
300.3,-1.0061808334271401e-12,-2.4503667006197715e-15
300.31,-1.0060323193543306e-12,-2.4671542662943226e-15
300.32,-1.005883529450346e-12,-2.4839372075750396e-15
300.33,-1.0057348039644323e-12,-2.50059755058755e-15
300.34,-1.0055858687065494e-12,-2.5173287004787313e-15
300.35,-1.0054370798323457e-12,-2.5340633030818912e-15
300.36,-1.0052879719246458e-12,-2.5507235445818098e-15
300.37,-1.0051382100274506e-12,-2.56743435507682e-15
300.38,-1.0049898593211175e-12,-2.5840330989267225e-15
300.39,-1.004840601740918e-12,-2.600692445194796e-15
300.4,-1.0046911780581214e-12,-2.6172515934475854e-15
300.41,-1.0045417940895077e-12,-2.6339373423388338e-15
300.42,-1.0043925358950382e-12,-2.6504352466856997e-15
300.43,-1.0042427397769448e-12,-2.6669906049447753e-15
300.44,-1.0040931157078672e-12,-2.683424069638512e-15
300.45,-1.0039433851074524e-12,-2.6999617198813694e-15
300.46,-1.003793382554368e-12,-2.71651771658656e-15
300.47,-1.003643495153897e-12,-2.732907929568976e-15
300.48,-1.0034938281197688e-12,-2.7493404884788665e-15
300.49,-1.0033438064195214e-12,-2.7657292875373228e-15
300.5,-1.003194473876119e-12,-2.7821372915132987e-15
300.51,-1.0030434096943212e-12,-2.798449782535251e-15
300.52,-1.002893361145763e-12,-2.814759104767682e-15
300.53,-1.0027428927155255e-12,-2.831047274242526e-15
300.54,-1.0025925241732192e-12,-2.8472970898398507e-15
300.55,-1.002442337249456e-12,-2.863560129146621e-15
300.56,-1.002291539468349e-12,-2.8797235839455217e-15
300.57,-1.0021407740844329e-12,-2.8958830100010116e-15
300.58,-1.0019903845070742e-12,-2.912022828634736e-15
300.59,-1.0018391257542912e-12,-2.9282432501917782e-15
300.6,-1.001688500499446e-12,-2.9442030312634872e-15
300.61,-1.0015374741814506e-12,-2.960152766554934e-15
300.62,-1.001386297995891e-12,-2.9761754994528336e-15
300.63,-1.0012355910058765e-12,-2.9921466755633967e-15
300.64,-1.0010843614987713e-12,-3.0081026337910604e-15
300.65,-1.000933395795823e-12,-3.023957302897633e-15
300.66,-1.0007815973083654e-12,-3.0398120631764893e-15
300.67,-1.0006301491089486e-12,-3.0556261799251614e-15
300.68,-1.0004790200794362e-12,-3.071554938607618e-15
300.69,-1.000327057699764e-12,-3.0871666851809562e-15
300.7,-1.000175439952402e-12,-3.1027644968711263e-15
300.71,-1.0000237882471173e-12,-3.1186181725919135e-15
300.72,-9.998719392732718e-13,-3.134112579478909e-15
300.73,-9.99719776220491e-13,-3.1496914853474556e-15
300.74,-9.995679839894796e-13,-3.1652295483299795e-15
300.75,-9.994158016643338e-13,-3.180713815367078e-15
300.76,-9.99263686157636e-13,-3.196157529993616e-15
300.77,-9.991107397662364e-13,-3.211564966280981e-15
300.78,-9.989590614229536e-13,-3.2269321510220038e-15
300.79,-9.988068072905898e-13,-3.242233391734043e-15
300.8,-9.986542876233786e-13,-3.2574772884499387e-15
300.81,-9.985016938344853e-13,-3.2727248546872667e-15
300.82,-9.983492286258893e-13,-3.287955274364586e-15
300.83,-9.981964157821992e-13,-3.303080264947997e-15
300.84,-9.9804358487698e-13,-3.318204150479139e-15
300.85,-9.978907314939606e-13,-3.333168011925668e-15
300.86,-9.977380486187855e-13,-3.3481585050356256e-15
300.87,-9.975849647757162e-13,-3.363159720064903e-15
300.88,-9.97431493702847e-13,-3.3779591742397936e-15
300.89,-9.972786272873289e-13,-3.3928730814393123e-15
300.9,-9.971250810264682e-13,-3.4075878301803583e-15
300.91,-9.969717469219367e-13,-3.422330879982238e-15
300.92,-9.96818247096937e-13,-3.4370089438566447e-15
300.93,-9.966647673592873e-13,-3.4516181225625774e-15
300.94,-9.965110809876026e-13,-3.4662056688861753e-15
300.95,-9.96357633042981e-13,-3.4808346331951464e-15
300.96,-9.962038481060227e-13,-3.4953074916760124e-15
300.97,-9.960498287492303e-13,-3.509669596788868e-15
300.98,-9.95895941585383e-13,-3.5240270862473354e-15
300.99,-9.957418440956597e-13,-3.5383305292769904e-15
301.0,-9.95587801320878e-13,-3.5525744425295957e-15
301.01,-9.95433667536258e-13,-3.5667633207565e-15
301.02,-9.952795872447562e-13,-3.580916351595384e-15
301.03,-9.951253307544414e-13,-3.59498320627112e-15
301.04,-9.949711632442943e-13,-3.609144051035062e-15
301.05,-9.948162444128379e-13,-3.623104565459622e-15
301.06,-9.946616649351348e-13,-3.636855609146062e-15
301.07,-9.945073395082453e-13,-3.6507672284774666e-15
301.08,-9.943521926897864e-13,-3.664487990186235e-15
301.09,-9.94197481106938e-13,-3.678070943007812e-15
301.1,-9.940423439816712e-13,-3.691875793486575e-15
301.11,-9.93887706292605e-13,-3.70545215925258e-15
301.12,-9.937327448208162e-13,-3.719034653698754e-15
301.13,-9.935778253357768e-13,-3.732490164031421e-15
301.14,-9.93422147982214e-13,-3.745916195113683e-15
301.15,-9.932669607921803e-13,-3.759205385741093e-15
301.16,-9.93111535220299e-13,-3.772405933982812e-15
301.17,-9.929564415481119e-13,-3.785769113881533e-15
301.18,-9.928006409141215e-13,-3.7988539406656904e-15
301.19,-9.926453292529448e-13,-3.8122582673036305e-15
301.2,-9.92489483389915e-13,-3.8250183047344295e-15
301.21,-9.923339481827714e-13,-3.837981804818688e-15
301.22,-9.92178448696144e-13,-3.850880384427582e-15
301.23,-9.92021932537668e-13,-3.863656656372222e-15
301.24,-9.918665045825904e-13,-3.876447621467549e-15
301.25,-9.917102905134909e-13,-3.889143279712538e-15
301.26,-9.915540380064264e-13,-3.901729733980151e-15
301.27,-9.913974995006852e-13,-3.914271518490264e-15
301.28,-9.91241337921409e-13,-3.926742882367717e-15
301.29,-9.91085034119583e-13,-3.939142580384714e-15
301.3,-9.909287473866915e-13,-3.9515157883430015e-15
301.31,-9.90772756371571e-13,-3.963848773142874e-15
301.32,-9.906155527929056e-13,-3.975993467678199e-15
301.33,-9.904588140154467e-13,-3.988121476150062e-15
301.34,-9.903021010312894e-13,-4.000157923814249e-15
301.35,-9.901452135442808e-13,-4.012124733887698e-15
301.36,-9.899882508728108e-13,-4.023962828409442e-15
301.37,-9.898314896317507e-13,-4.035901117675233e-15
301.38,-9.89674291534848e-13,-4.047582059936608e-15
301.39,-9.895171952373867e-13,-4.0593249168210954e-15
301.4,-9.89359617088122e-13,-4.070881162423603e-15
301.41,-9.892029045430013e-13,-4.0825882948442e-15
301.42,-9.890454244588743e-13,-4.0939440868419615e-15
301.43,-9.888881184586371e-13,-4.105393795998106e-15
301.44,-9.88730539667127e-13,-4.116699717561385e-15
301.45,-9.885730326205105e-13,-4.127813291882546e-15
301.46,-9.884154973880506e-13,-4.139026288276686e-15
301.47,-9.882577333964268e-13,-4.150122681621399e-15
301.48,-9.880997851749337e-13,-4.161104376651421e-15
301.49,-9.879425321251431e-13,-4.172077689154222e-15
301.5,-9.877842375966306e-13,-4.182913953883093e-15
301.51,-9.876262907886344e-13,-4.193667424999832e-15
301.52,-9.874681003542362e-13,-4.204358782134462e-15
301.53,-9.873105539753925e-13,-4.215055575114891e-15
301.54,-9.871517570903397e-13,-4.225493599425932e-15
301.55,-9.869935388332264e-13,-4.235945494580372e-15
301.56,-9.868352239204422e-13,-4.246360713717152e-15
301.57,-9.866768346197888e-13,-4.256688722303957e-15
301.58,-9.865180700304885e-13,-4.266666954092548e-15
301.59,-9.863597091830089e-13,-4.276944199417481e-15
301.6,-9.862010567411914e-13,-4.287033127474896e-15
301.61,-9.860422775820063e-13,-4.296954352912432e-15
301.62,-9.85883592026848e-13,-4.306926363862778e-15
301.63,-9.857247984624523e-13,-4.316664492557312e-15
301.64,-9.855659590319622e-13,-4.326442343365551e-15
301.65,-9.85406964762015e-13,-4.336038793917525e-15
301.66,-9.852480016894026e-13,-4.345661599536522e-15
301.67,-9.850881530982544e-13,-4.3547110588034754e-15
301.68,-9.849297224820307e-13,-4.364518093884232e-15
301.69,-9.84770655654925e-13,-4.373801045816024e-15
301.7,-9.846112229540987e-13,-4.383018073260941e-15
301.71,-9.844521854431726e-13,-4.392219975208528e-15
301.72,-9.84292481819497e-13,-4.4012267033172766e-15
301.73,-9.841331229409455e-13,-4.410220369610129e-15
301.74,-9.83973511327521e-13,-4.4190908164284745e-15
301.75,-9.838139394700127e-13,-4.427902835324528e-15
301.76,-9.836559272697274e-13,-4.4368549845080705e-15
301.77,-9.834946259672546e-13,-4.445251193778552e-15
301.78,-9.83334599387146e-13,-4.4537633638755744e-15
301.79,-9.83174468070083e-13,-4.4621414552869e-15
301.8,-9.830144863831652e-13,-4.470478027205528e-15
301.81,-9.82854972430102e-13,-4.478975268831381e-15
301.82,-9.826946471504026e-13,-4.487101204628162e-15
301.83,-9.82534607259496e-13,-4.495178233574927e-15
301.84,-9.823747574261193e-13,-4.5032259700824694e-15
301.85,-9.822142007856405e-13,-4.511030203327026e-15
301.86,-9.820538150174751e-13,-4.518906959024117e-15
301.87,-9.818935236640783e-13,-4.526699314818307e-15
301.88,-9.817330958631899e-13,-4.534332157269398e-15
301.89,-9.81572591545768e-13,-4.541970021451574e-15
301.9,-9.814120855149395e-13,-4.54938781904424e-15
301.91,-9.812513288856832e-13,-4.5569315537673246e-15
301.92,-9.810908301563926e-13,-4.564129626108083e-15
301.93,-9.809298768641673e-13,-4.571391737368151e-15
301.94,-9.807691479783681e-13,-4.578531742834843e-15
301.95,-9.806087450773158e-13,-4.5854916987656985e-15
301.96,-9.804478159323388e-13,-4.592525074640048e-15
301.97,-9.802865936816315e-13,-4.599279720982274e-15
301.98,-9.80125819717767e-13,-4.606090910105773e-15
301.99,-9.799649118790592e-13,-4.61279499357094e-15
302.0,-9.798036770537372e-13,-4.619365751447777e-15
302.01,-9.796425643483633e-13,-4.625866994787549e-15
302.02,-9.794797501567675e-13,-4.631964008589785e-15
302.03,-9.793198703966313e-13,-4.6385334357338026e-15
302.04,-9.791587788313988e-13,-4.6447928450542245e-15
302.05,-9.789973711135453e-13,-4.6509134115187496e-15
302.06,-9.788361096621484e-13,-4.656965530272617e-15
302.07,-9.7867454333449e-13,-4.662901800804832e-15
302.08,-9.785130387304933e-13,-4.66879645223278e-15
302.09,-9.783515924637807e-13,-4.6745607211876875e-15
302.1,-9.78189882261085e-13,-4.680309582922941e-15
302.11,-9.780302101241949e-13,-4.686858472078519e-15
302.12,-9.778662755880487e-13,-4.691239496991151e-15
302.13,-9.777048309315105e-13,-4.696751352850674e-15
302.14,-9.775429342873145e-13,-4.702073961693286e-15
302.15,-9.77380959244776e-13,-4.707141643204732e-15
302.16,-9.772187528151643e-13,-4.7123448265866126e-15
302.17,-9.770571535322816e-13,-4.717374900315183e-15
302.18,-9.76895024677585e-13,-4.722400010243883e-15
302.19,-9.76733152317566e-13,-4.727148244760554e-15
302.2,-9.765715386232146e-13,-4.7316923803019544e-15
302.21,-9.764091281994746e-13,-4.73660987676502e-15
302.22,-9.762467532580927e-13,-4.741092063121528e-15
302.23,-9.760844079521773e-13,-4.745554167719633e-15
302.24,-9.759222061191835e-13,-4.749949077157775e-15
302.25,-9.757599235068617e-13,-4.754190962404056e-15
302.26,-9.7559741397035e-13,-4.758380973158131e-15
302.27,-9.754351939848702e-13,-4.762514307567386e-15
302.28,-9.752726682569172e-13,-4.766524212966075e-15
302.29,-9.751102828391602e-13,-4.7704738874025316e-15
302.3,-9.749479441927878e-13,-4.7742009345612994e-15
302.31,-9.74785036967008e-13,-4.777927396607952e-15
302.32,-9.746226357461009e-13,-4.781567860922336e-15
302.33,-9.74459885644741e-13,-4.785114571628565e-15
302.34,-9.742978766998883e-13,-4.7887884442156645e-15
302.35,-9.741345904152212e-13,-4.791968093768371e-15
302.36,-9.73971877967644e-13,-4.795147842926327e-15
302.37,-9.738089983746984e-13,-4.7983217243584075e-15
302.38,-9.736456808126399e-13,-4.80117491751741e-15
302.39,-9.734830054730267e-13,-4.8043190061059034e-15
302.4,-9.733204643473583e-13,-4.8071951620893776e-15
302.41,-9.731576164939593e-13,-4.810046911280865e-15
302.42,-9.729944145053241e-13,-4.8127029930549314e-15
302.43,-9.72830983129929e-13,-4.8151354793727905e-15
302.44,-9.72668174276158e-13,-4.817797527370016e-15
302.45,-9.725053654065404e-13,-4.8201278837674254e-15
302.46,-9.723419927894535e-13,-4.8225010119828425e-15
302.47,-9.721793568822764e-13,-4.824798214366643e-15
302.48,-9.72015729380889e-13,-4.8266909879244756e-15
302.49,-9.718526911825264e-13,-4.828855628684217e-15
302.5,-9.716893001364073e-13,-4.830767515765061e-15
302.51,-9.715261072498764e-13,-4.832573374326906e-15
302.52,-9.713626248723019e-13,-4.834316325136836e-15
302.53,-9.711995141007006e-13,-4.836020890392177e-15
302.54,-9.710359933695494e-13,-4.83754806243771e-15
302.55,-9.708728744437533e-13,-4.839083798368185e-15
302.56,-9.707086524901721e-13,-4.840238886422196e-15
302.57,-9.70545964977899e-13,-4.841694499465902e-15
302.58,-9.703826589677133e-13,-4.842975787926929e-15
302.59,-9.70219292108964e-13,-4.843879147554469e-15
302.6,-9.700555230889493e-13,-4.84506785276006e-15
302.61,-9.698920062063823e-13,-4.845900346933157e-15
302.62,-9.697287526700645e-13,-4.846991195348127e-15
302.63,-9.695644571846946e-13,-4.847318070567503e-15
302.64,-9.694011586167945e-13,-4.84807062537798e-15
302.65,-9.692380384420762e-13,-4.848891515975649e-15
302.66,-9.690737342133077e-13,-4.8491122419257026e-15
302.67,-9.689101529741615e-13,-4.849378978221913e-15
302.68,-9.687464847414242e-13,-4.8497053612708326e-15
302.69,-9.685827061773717e-13,-4.8498160031429776e-15
302.7,-9.684189694222666e-13,-4.8498697094148215e-15
302.71,-9.682550219571748e-13,-4.8497837491953964e-15
302.72,-9.680913737189886e-13,-4.849731051116263e-15
302.73,-9.679276602445717e-13,-4.849560060378357e-15
302.74,-9.677632887083067e-13,-4.849095408646075e-15
302.75,-9.67600025366048e-13,-4.8487578148375956e-15
302.76,-9.674360752516474e-13,-4.8483806914128175e-15
302.77,-9.672723019134326e-13,-4.847878854177826e-15
302.78,-9.671082917441518e-13,-4.847135570438602e-15
302.79,-9.669444706234115e-13,-4.8464616433977115e-15
302.8,-9.66780364791422e-13,-4.845545783144023e-15
302.81,-9.666164175501894e-13,-4.844652707803155e-15
302.82,-9.664526957050183e-13,-4.843603199119812e-15
302.83,-9.662888267616573e-13,-4.84245261336332e-15
302.84,-9.661247477467116e-13,-4.841206874381371e-15
302.85,-9.659606022873412e-13,-4.839979538989379e-15
302.86,-9.657969042793076e-13,-4.838711281446549e-15
302.87,-9.656326216954315e-13,-4.837118884032947e-15
302.88,-9.65468656546716e-13,-4.83553574256982e-15
302.89,-9.653045541676194e-13,-4.833959685202712e-15
302.9,-9.65140571616169e-13,-4.8321492409510456e-15
302.91,-9.649764398177085e-13,-4.830283597450453e-15
302.92,-9.648123948019802e-13,-4.8284342231982065e-15
302.93,-9.646483328730679e-13,-4.826443514392743e-15
302.94,-9.644843416806712e-13,-4.82433844734109e-15
302.95,-9.643199449448647e-13,-4.822109143311939e-15
302.96,-9.641562292265739e-13,-4.819850832978796e-15
302.97,-9.639920365318689e-13,-4.817410171404344e-15
302.98,-9.638279736115381e-13,-4.8149550346408574e-15
302.99,-9.636638858537779e-13,-4.81247154583117e-15
303.0,-9.634997314462043e-13,-4.8099266109961265e-15
303.01,-9.633352916365377e-13,-4.807061367984388e-15
303.02,-9.631715687645669e-13,-4.804334080400908e-15
303.03,-9.630073637530454e-13,-4.801383110304837e-15
303.04,-9.628434595285818e-13,-4.798584768369341e-15
303.05,-9.626790448925506e-13,-4.795243468568438e-15
303.06,-9.625154252963702e-13,-4.792184684426024e-15
303.07,-9.623509036594823e-13,-4.7889790845275245e-15
303.08,-9.62186761411342e-13,-4.785693351415637e-15
303.09,-9.620228057578578e-13,-4.7822141110429034e-15
303.1,-9.618586542232733e-13,-4.7787507930031695e-15
303.11,-9.616942716586667e-13,-4.775143124604181e-15
303.12,-9.615301365477927e-13,-4.7714406201969746e-15
303.13,-9.613659752332242e-13,-4.767512676011376e-15
303.14,-9.612019927211518e-13,-4.7638390787083956e-15
303.15,-9.610380243853822e-13,-4.760032976608819e-15
303.16,-9.608734458042658e-13,-4.755988577013347e-15
303.17,-9.607097021935013e-13,-4.7519258998094844e-15
303.18,-9.605458465064798e-13,-4.747765604292971e-15
303.19,-9.603805337569814e-13,-4.7433680093962634e-15
303.2,-9.602175214079435e-13,-4.739136021461825e-15
303.21,-9.600532372092811e-13,-4.7347487081218974e-15
303.22,-9.598892613440432e-13,-4.730328242205977e-15
303.23,-9.597253939577427e-13,-4.725670612886287e-15
303.24,-9.595612123226161e-13,-4.72095794813752e-15
303.25,-9.593971830902046e-13,-4.716255695649642e-15
303.26,-9.592332192758033e-13,-4.711422413114533e-15
303.27,-9.590692056375766e-13,-4.706664485443392e-15
303.28,-9.589051066973417e-13,-4.7013113954189305e-15
303.29,-9.587411607905966e-13,-4.696465631816634e-15
303.3,-9.585770450732188e-13,-4.691343844446459e-15
303.31,-9.58413142530121e-13,-4.686054769338901e-15
303.32,-9.58249298772566e-13,-4.680715892309567e-15
303.33,-9.580853394786022e-13,-4.675423672749812e-15
303.34,-9.579213536850315e-13,-4.669947285654298e-15
303.35,-9.577574925396663e-13,-4.664354577942593e-15
303.36,-9.575937177814584e-13,-4.658826682690155e-15
303.37,-9.574294660331045e-13,-4.652911954559161e-15
303.38,-9.572659551809784e-13,-4.647305691437175e-15
303.39,-9.571020745644616e-13,-4.641451659886668e-15
303.4,-9.56938274586431e-13,-4.635553593639791e-15
303.41,-9.567741937169012e-13,-4.629612144440351e-15
303.42,-9.56610730844064e-13,-4.6234154165383124e-15
303.43,-9.56446937718429e-13,-4.6173367997203685e-15
303.44,-9.5628303731617e-13,-4.611043356570166e-15
303.45,-9.56119407421544e-13,-4.604647795338528e-15
303.46,-9.559555257612985e-13,-4.598478717036828e-15
303.47,-9.557919902885089e-13,-4.591919140073995e-15
303.48,-9.556283347777396e-13,-4.585390434224167e-15
303.49,-9.55464690707925e-13,-4.578771795263705e-15
303.5,-9.553011560643943e-13,-4.5723103784665375e-15
303.51,-9.55137512264446e-13,-4.565243342041434e-15
303.52,-9.549738591235062e-13,-4.558526860293685e-15
303.53,-9.548104010199574e-13,-4.551628071524243e-15
303.54,-9.546467561892528e-13,-4.544692720102434e-15
303.55,-9.544833288726079e-13,-4.537569590997531e-15
303.56,-9.543197652554915e-13,-4.530533832787947e-15
303.57,-9.541567239354852e-13,-4.5232910002325254e-15
303.58,-9.539928130332642e-13,-4.516034729952342e-15
303.59,-9.538295149191989e-13,-4.508819520062746e-15
303.6,-9.536661453053638e-13,-4.501338972963431e-15
303.61,-9.535028953274637e-13,-4.4939267121878125e-15
303.62,-9.53339481233696e-13,-4.4863341428978684e-15
303.63,-9.531763706872422e-13,-4.478748492422255e-15
303.64,-9.53012282524003e-13,-4.4701090149059455e-15
303.65,-9.528498116425738e-13,-4.463378666720328e-15
303.66,-9.526867645802514e-13,-4.455620734128879e-15
303.67,-9.525234810367312e-13,-4.447703566641208e-15
303.68,-9.52360341793645e-13,-4.4398756336509e-15
303.69,-9.521972562701663e-13,-4.43177173930845e-15
303.7,-9.520342366426727e-13,-4.423732900609986e-15
303.71,-9.518711475830157e-13,-4.415572554794409e-15
303.72,-9.517081315502893e-13,-4.407392551418471e-15
303.73,-9.51545244567846e-13,-4.39978205159873e-15
303.74,-9.51382364672151e-13,-4.390844061487575e-15
303.75,-9.512194114206635e-13,-4.38239737869239e-15
303.76,-9.510566227470854e-13,-4.37396497544714e-15
303.77,-9.508937671678549e-13,-4.3654785215171e-15
303.78,-9.507310115548826e-13,-4.356797659016356e-15
303.79,-9.50568120441113e-13,-4.348140570373928e-15
303.8,-9.504055993687609e-13,-4.3394939328227864e-15
303.81,-9.502432286650208e-13,-4.330803911292213e-15
303.82,-9.500793153593872e-13,-4.321780274106152e-15
303.83,-9.499176127818952e-13,-4.312980134761598e-15
303.84,-9.497552117080544e-13,-4.304079271773275e-15
303.85,-9.495926386200356e-13,-4.295043017069662e-15
303.86,-9.494301002907005e-13,-4.285995441636708e-15
303.87,-9.492677497367776e-13,-4.276828071763156e-15
303.88,-9.49105584240641e-13,-4.2677472142876086e-15
303.89,-9.48943143865953e-13,-4.258408822451958e-15
303.9,-9.487808247301513e-13,-4.249000462030379e-15
303.91,-9.486182535628287e-13,-4.239717121750389e-15
303.92,-9.48456639027779e-13,-4.230374211880318e-15
303.93,-9.482943126106924e-13,-4.220929783656167e-15
303.94,-9.481321648108667e-13,-4.2114048903703486e-15
303.95,-9.479703207062787e-13,-4.201936073989515e-15
303.96,-9.478079854084559e-13,-4.192126838783282e-15
303.97,-9.476461227090537e-13,-4.182467578696524e-15
303.98,-9.474841934233728e-13,-4.172720845327701e-15
303.99,-9.47322619323868e-13,-4.162359983896931e-15
304.0,-9.471605835624619e-13,-4.153018856926475e-15
304.01,-9.469987204518797e-13,-4.143086674752567e-15
304.02,-9.468369915075466e-13,-4.1332072753887125e-15
304.03,-9.466752684762291e-13,-4.123211604407699e-15
304.04,-9.465137613943335e-13,-4.113149217054177e-15
304.05,-9.463520421398506e-13,-4.103012051294666e-15
304.06,-9.461906808326422e-13,-4.092941285866847e-15
304.07,-9.46029058373152e-13,-4.082624244129229e-15
304.08,-9.458680285235585e-13,-4.072405002415855e-15
304.09,-9.457060680761115e-13,-4.061960085014871e-15
304.1,-9.455449390381733e-13,-4.051771742995165e-15
304.11,-9.453836994391427e-13,-4.0413707201645204e-15
304.12,-9.45222450195777e-13,-4.030814129518822e-15
304.13,-9.450614785030883e-13,-4.0203898616642826e-15
304.14,-9.449001343156315e-13,-4.009810100424268e-15
304.15,-9.447390066081608e-13,-3.9993751808640315e-15
304.16,-9.445779932601486e-13,-3.98860561787768e-15
304.17,-9.444183465265737e-13,-3.978100911061853e-15
304.18,-9.442563808560663e-13,-3.9672565686131545e-15
304.19,-9.440953464000037e-13,-3.95644806216002e-15
304.2,-9.439346704265231e-13,-3.945611903355591e-15
304.21,-9.437738868140053e-13,-3.9347639796351165e-15
304.22,-9.43613076437041e-13,-3.92384100939366e-15
304.23,-9.434526277922535e-13,-3.9128397799759594e-15
304.24,-9.43291961417351e-13,-3.901895864156972e-15
304.25,-9.431315653817914e-13,-3.890865659969112e-15
304.26,-9.429710542264054e-13,-3.879807969300385e-15
304.27,-9.428107891839923e-13,-3.86867823882866e-15
304.28,-9.426507420096288e-13,-3.8574178998905454e-15
304.29,-9.424903314567832e-13,-3.846350752382048e-15
304.3,-9.423298318407188e-13,-3.835094191837713e-15
304.31,-9.42170011383355e-13,-3.824034959696301e-15
304.32,-9.420096930872564e-13,-3.812570381502065e-15
304.33,-9.418496063243934e-13,-3.801221691205599e-15
304.34,-9.416898159312685e-13,-3.789859266362332e-15
304.35,-9.415299674153373e-13,-3.778276405011284e-15
304.36,-9.413700516509611e-13,-3.7669208478284686e-15
304.37,-9.412102984069628e-13,-3.75546061106402e-15
304.38,-9.410506702656535e-13,-3.7439609336269884e-15
304.39,-9.408910532452418e-13,-3.732327198967404e-15
304.4,-9.407314638988537e-13,-3.720882944040649e-15
304.41,-9.405716313249558e-13,-3.7090536684886615e-15
304.42,-9.404127019873987e-13,-3.69747938718811e-15
304.43,-9.402528349192332e-13,-3.6857271799833524e-15
304.44,-9.400934895154723e-13,-3.673852051259371e-15
304.45,-9.399345987252943e-13,-3.662354702804616e-15
304.46,-9.397754257784121e-13,-3.650531198315893e-15
304.47,-9.39616255424375e-13,-3.638677621661499e-15
304.48,-9.394573088859752e-13,-3.6268266152214676e-15
304.49,-9.392983376182231e-13,-3.614913118255385e-15
304.5,-9.391393718780592e-13,-3.6030768349306086e-15
304.51,-9.389804705489764e-13,-3.591135483931928e-15
304.52,-9.388219178092924e-13,-3.5791423576481804e-15
304.53,-9.386632356428406e-13,-3.567108779193146e-15
304.54,-9.385044602572785e-13,-3.555153771472756e-15
304.55,-9.383459244178058e-13,-3.54318590658042e-15
304.56,-9.3818786563283e-13,-3.5311767525437117e-15
304.57,-9.380289314822738e-13,-3.5189083239966365e-15
304.58,-9.37870547572916e-13,-3.5067937481478394e-15
304.59,-9.377132926369151e-13,-3.494935992537518e-15
304.6,-9.375542889806444e-13,-3.4823683921498555e-15
304.61,-9.373959463777665e-13,-3.4703245810180644e-15
304.62,-9.372376833422623e-13,-3.4582547231506474e-15
304.63,-9.370799762817596e-13,-3.4458219687831912e-15
304.64,-9.36921953449239e-13,-3.433485148055381e-15
304.65,-9.367641907764343e-13,-3.421275880521394e-15
304.66,-9.366063559430343e-13,-3.408969189512371e-15
304.67,-9.364486870774064e-13,-3.3966534462068182e-15
304.68,-9.362910354400479e-13,-3.3842829689346233e-15
304.69,-9.36133401975976e-13,-3.3719244870868883e-15
304.7,-9.359760195341546e-13,-3.3594432282841398e-15
304.71,-9.358187936162836e-13,-3.3471107088476473e-15
304.72,-9.356614285594649e-13,-3.3346966221608665e-15
304.73,-9.355040907837495e-13,-3.3222470649765125e-15
304.74,-9.353467085709579e-13,-3.3098427714170175e-15
304.75,-9.351898747357539e-13,-3.297306695067855e-15
304.76,-9.350327900358943e-13,-3.2847845303177363e-15
304.77,-9.34875674332624e-13,-3.2723385780631687e-15
304.78,-9.347188478348501e-13,-3.259805452057403e-15
304.79,-9.345621750809456e-13,-3.2472759867082926e-15
304.8,-9.344055227247195e-13,-3.234759357595638e-15
304.81,-9.342486692122062e-13,-3.222112837632736e-15
304.82,-9.34092301969015e-13,-3.209599257454496e-15
304.83,-9.339355901127518e-13,-3.1969544076083327e-15
304.84,-9.33779301046727e-13,-3.184359037795768e-15
304.85,-9.336229368223703e-13,-3.1717322322259556e-15
304.86,-9.334666366584127e-13,-3.159177589453835e-15
304.87,-9.33310454738285e-13,-3.14647222160446e-15
304.88,-9.331544612745546e-13,-3.1338644922259643e-15
304.89,-9.329984297720337e-13,-3.121092769597863e-15
304.9,-9.32842405706706e-13,-3.1085294928156474e-15
304.91,-9.326866109222077e-13,-3.0958683870504257e-15
304.92,-9.32530425260846e-13,-3.083043678269023e-15
304.93,-9.323750482185475e-13,-3.0704845464317764e-15
304.94,-9.32219542550774e-13,-3.0577548049103652e-15
304.95,-9.320642537425118e-13,-3.0451300951582477e-15
304.96,-9.31908473488387e-13,-3.032333734556752e-15
304.97,-9.31753021402177e-13,-3.0196785581253376e-15
304.98,-9.31597913744961e-13,-3.0068530845771238e-15
304.99,-9.314424608816586e-13,-2.994220828518885e-15
305.0,-9.312875227293916e-13,-2.981453774372584e-15
305.01,-9.31132437310646e-13,-2.968737229450221e-15
305.02,-9.30977531606135e-13,-2.9559702794263393e-15
305.03,-9.308226919424987e-13,-2.94324059672083e-15
305.04,-9.306678752040827e-13,-2.9304543207447385e-15
305.05,-9.30513126588493e-13,-2.917750981626384e-15
305.06,-9.303584905782693e-13,-2.905021304045741e-15
305.07,-9.302040382851353e-13,-2.8921298617573343e-15
305.08,-9.30049549634508e-13,-2.879515487981845e-15
305.09,-9.298949302865981e-13,-2.866784599546661e-15
305.1,-9.297410008918788e-13,-2.8539620982294265e-15
305.11,-9.295867446770974e-13,-2.8413011281362558e-15
305.12,-9.29432432288521e-13,-2.828532320104921e-15
305.13,-9.292785181219264e-13,-2.815779269650443e-15
305.14,-9.29124486273727e-13,-2.8030325638904195e-15
305.15,-9.289707069839914e-13,-2.7903375401083472e-15
305.16,-9.288161041399752e-13,-2.7771860458422352e-15
305.17,-9.286632226663184e-13,-2.764835695787674e-15
305.18,-9.285094778460584e-13,-2.752120819091558e-15
305.19,-9.28356322197916e-13,-2.7395143836471057e-15
305.2,-9.28202659804502e-13,-2.726764699879306e-15
305.21,-9.280492345844806e-13,-2.7140374754794404e-15
305.22,-9.27895970839948e-13,-2.7013096361998426e-15
305.23,-9.277426920434995e-13,-2.6886203386547754e-15
305.24,-9.275895670900543e-13,-2.6759435143231913e-15
305.25,-9.274376789573021e-13,-2.6631383068189934e-15
305.26,-9.2728355706305e-13,-2.6506036005733373e-15
305.27,-9.271307464070618e-13,-2.6379355982352436e-15
305.28,-9.269781165211573e-13,-2.6252702953916983e-15
305.29,-9.268255827851647e-13,-2.612620069407698e-15
305.3,-9.266729354939077e-13,-2.5999774190150714e-15
305.31,-9.265203660762536e-13,-2.587355564229696e-15
305.32,-9.263679895829982e-13,-2.5747764328067445e-15
305.33,-9.262156778906723e-13,-2.5621747113675684e-15
305.34,-9.26063603023707e-13,-2.5494635931976847e-15
305.35,-9.259114038912804e-13,-2.5369824523405925e-15
305.36,-9.257594240040056e-13,-2.5244707449819963e-15
305.37,-9.256071988075195e-13,-2.5119066420577946e-15
305.38,-9.2545468537416e-13,-2.4994726631579004e-15
305.39,-9.253035785400357e-13,-2.4868400521041717e-15
305.4,-9.25152015390655e-13,-2.474355483058842e-15
305.41,-9.250003555556738e-13,-2.4619474468332395e-15
305.42,-9.248491822261232e-13,-2.449386611529706e-15
305.43,-9.246969570939374e-13,-2.4367953370174665e-15
305.44,-9.245460221745448e-13,-2.4244761075566515e-15
305.45,-9.243950375208556e-13,-2.412066259750718e-15
305.46,-9.242433801202591e-13,-2.3997488408581105e-15
305.47,-9.24091920467379e-13,-2.387383059269741e-15
305.48,-9.239421000312285e-13,-2.3749268506867254e-15
305.49,-9.237907948755282e-13,-2.36256548656069e-15
305.5,-9.236399046937777e-13,-2.350267101496573e-15
305.51,-9.234889083448758e-13,-2.3379339596089003e-15
305.52,-9.23338555754748e-13,-2.325611748589975e-15
305.53,-9.231880003808467e-13,-2.3133903140527617e-15
305.54,-9.23037989298272e-13,-2.301185887419793e-15
305.55,-9.228872437690184e-13,-2.288925898841418e-15
305.56,-9.227367532054455e-13,-2.2766973756773225e-15
305.57,-9.225867132112993e-13,-2.2645361520557504e-15
305.58,-9.224365460057218e-13,-2.2523269870085643e-15
305.59,-9.22286638291062e-13,-2.240230384231435e-15
305.6,-9.221367557586475e-13,-2.2281069882438303e-15
305.61,-9.219879102387144e-13,-2.2161330273520943e-15
305.62,-9.218371504275112e-13,-2.2039567057280064e-15
305.63,-9.216875582869168e-13,-2.191964238065454e-15
305.64,-9.215380110693935e-13,-2.179917702156017e-15
305.65,-9.213886095729141e-13,-2.1679414979439496e-15
305.66,-9.212391228545626e-13,-2.1559815684252677e-15
305.67,-9.210898858266663e-13,-2.1441405780547543e-15
305.68,-9.209404820097745e-13,-2.1321139588168727e-15
305.69,-9.207912950596227e-13,-2.1203414467966826e-15
305.7,-9.206421215110471e-13,-2.108458102494382e-15
305.71,-9.204934910250716e-13,-2.096543712176414e-15
305.72,-9.20344731662969e-13,-2.0848207212119255e-15
305.73,-9.201959153866525e-13,-2.0730509755444145e-15
305.74,-9.200470782259957e-13,-2.0613330419259914e-15
305.75,-9.198989729839655e-13,-2.049626879201573e-15
305.76,-9.197503643112687e-13,-2.0379606185393976e-15
305.77,-9.196018947651662e-13,-2.0263006051549766e-15
305.78,-9.194537625989974e-13,-2.014792077639848e-15
305.79,-9.193046243769833e-13,-2.0027753008526705e-15
305.8,-9.191573093207305e-13,-1.991556294427559e-15
305.81,-9.190093686432495e-13,-1.980107763721127e-15
305.82,-9.18861320352857e-13,-1.968524896491123e-15
305.83,-9.18713691525699e-13,-1.957139167138224e-15
305.84,-9.185658208617224e-13,-1.9456661382316052e-15
305.85,-9.184181964407374e-13,-1.9342967710265826e-15
305.86,-9.182707200719943e-13,-1.923008452265988e-15
305.87,-9.181238103093278e-13,-1.9116625261041638e-15
305.88,-9.179758705955053e-13,-1.900397040427607e-15
305.89,-9.178286159686718e-13,-1.8891205968308836e-15
305.9,-9.17681141667114e-13,-1.877979896535736e-15
305.91,-9.17534081072879e-13,-1.8667843282849087e-15
305.92,-9.173870576420633e-13,-1.8556113716798548e-15
305.93,-9.172401843683677e-13,-1.8445378307390627e-15
305.94,-9.170934502515613e-13,-1.833517086466315e-15
305.95,-9.169464255311059e-13,-1.8224722984614157e-15
305.96,-9.168009300313318e-13,-1.812778400083392e-15
305.97,-9.166536876163207e-13,-1.8005795091121113e-15
305.98,-9.165072459492056e-13,-1.7896268897234416e-15
305.99,-9.163605576386638e-13,-1.7787711272382095e-15
306.0,-9.162140966535111e-13,-1.7679446114738807e-15
306.01,-9.160680937571383e-13,-1.7571847506110434e-15
306.02,-9.15921742806347e-13,-1.7464093648525132e-15
306.03,-9.157759179326664e-13,-1.7357052360267327e-15
306.04,-9.1562987587858e-13,-1.7250653652604445e-15
306.05,-9.154836635664557e-13,-1.7141866645987595e-15
306.06,-9.153384442364395e-13,-1.7037617399429521e-15
306.07,-9.151926727832563e-13,-1.6932438651024202e-15
306.08,-9.150469788172288e-13,-1.6827926084162113e-15
306.09,-9.14901501558409e-13,-1.6723352993920229e-15
306.1,-9.147563019456998e-13,-1.6619274386832898e-15
306.11,-9.146108811036179e-13,-1.651585353947725e-15
306.12,-9.144649362708901e-13,-1.6411945650734736e-15
306.13,-9.143203704153075e-13,-1.6309401027782393e-15
306.14,-9.141753497786744e-13,-1.6206480125524312e-15
306.15,-9.14030294556728e-13,-1.6105477965528174e-15
306.16,-9.138852999619587e-13,-1.60035877158407e-15
306.17,-9.137407136917452e-13,-1.5902809193219144e-15
306.18,-9.135959767353847e-13,-1.5802547691253748e-15
306.19,-9.13451283340251e-13,-1.5701128589473583e-15
306.2,-9.133067431037254e-13,-1.5602289384242416e-15
306.21,-9.131621397194568e-13,-1.5503168411746538e-15
306.22,-9.130181549777585e-13,-1.540444211529003e-15
306.23,-9.128736361784033e-13,-1.5306060784445674e-15
306.24,-9.12729576109567e-13,-1.5207953366254836e-15
306.25,-9.125861861620696e-13,-1.5111817313333042e-15
306.26,-9.124417112732044e-13,-1.5014375898368305e-15
306.27,-9.12297385254839e-13,-1.4917492138828349e-15
306.28,-9.12154309721474e-13,-1.4822450386909229e-15
306.29,-9.120100269990173e-13,-1.472653226209626e-15
306.3,-9.118662393356074e-13,-1.4631777439749735e-15
306.31,-9.117227331660722e-13,-1.4537154600118496e-15
306.32,-9.115793742155015e-13,-1.4443768274401688e-15
306.33,-9.114361940575474e-13,-1.4350353083700191e-15
306.34,-9.112927298548933e-13,-1.4257000428199344e-15
306.35,-9.111495156731888e-13,-1.41649658424834e-15
306.36,-9.110064472365495e-13,-1.4073426744579131e-15
306.37,-9.108630036935995e-13,-1.3981315421115146e-15
306.38,-9.107203072139483e-13,-1.3891352564988927e-15
306.39,-9.105774166682116e-13,-1.3800431902269484e-15
306.4,-9.104347136560149e-13,-1.3711208377912026e-15
306.41,-9.102919787274484e-13,-1.3623530773120637e-15
306.42,-9.101491259895548e-13,-1.3533571618409879e-15
306.43,-9.100067864455291e-13,-1.3444492085554102e-15
306.44,-9.098643162932075e-13,-1.3356813105347925e-15
306.45,-9.097220026397666e-13,-1.3269285098194723e-15
306.46,-9.09579661598916e-13,-1.3182294431857174e-15
306.47,-9.094375667952064e-13,-1.3096880939705343e-15
306.48,-9.092953927165036e-13,-1.3011240478573256e-15
306.49,-9.091535930279653e-13,-1.2926362305410834e-15
306.5,-9.090118388003306e-13,-1.2842403219810517e-15
306.51,-9.088698479397375e-13,-1.2757114554412915e-15
306.52,-9.087276570787837e-13,-1.2674452663496893e-15
306.53,-9.085867469075747e-13,-1.2592903084172267e-15
306.54,-9.084445521517853e-13,-1.2509630828325115e-15
306.55,-9.083030931323806e-13,-1.2427328697550769e-15
306.56,-9.081617866031322e-13,-1.2350246093597152e-15
306.57,-9.080201748563971e-13,-1.226566496282476e-15
306.58,-9.07878989660556e-13,-1.2186238148536288e-15
306.59,-9.077373327313119e-13,-1.2105812587531963e-15
306.6,-9.075967875185155e-13,-1.2027883234846675e-15
306.61,-9.074557462168941e-13,-1.1949689735864935e-15
306.62,-9.073147951209465e-13,-1.1871601719298471e-15
306.63,-9.071737991416546e-13,-1.1794782574070823e-15
306.64,-9.070329627993575e-13,-1.1717183521600904e-15
306.65,-9.068919199038034e-13,-1.164132315257314e-15
306.66,-9.067516857360602e-13,-1.1565759073319353e-15
306.67,-9.066114543705366e-13,-1.1491130857014004e-15
306.68,-9.064709526480216e-13,-1.1418003496351154e-15
306.69,-9.063300107833093e-13,-1.1343117666806356e-15
306.7,-9.061901275435529e-13,-1.1270370439241543e-15
306.71,-9.060496991590276e-13,-1.1198571533348735e-15
306.72,-9.059098124411165e-13,-1.1125661021170883e-15
306.73,-9.057697806044774e-13,-1.105435891168959e-15
306.74,-9.056295454116386e-13,-1.0983212984773537e-15
306.75,-9.054897614428851e-13,-1.0913024503877476e-15
306.76,-9.053499430044772e-13,-1.0843580402206701e-15
306.77,-9.052100423355517e-13,-1.0774188944628077e-15
306.78,-9.050704567272484e-13,-1.0705630691883363e-15
306.79,-9.049309724954433e-13,-1.0638735206707184e-15
306.8,-9.047913533179999e-13,-1.0571022001229986e-15
306.81,-9.046520031496957e-13,-1.0504850761377857e-15
306.82,-9.045125369781068e-13,-1.043844202653698e-15
306.83,-9.043733764632427e-13,-1.0373806749728227e-15
306.84,-9.042341077954269e-13,-1.0308168305347882e-15
306.85,-9.040951769274942e-13,-1.0244492406800256e-15
306.86,-9.039561844600003e-13,-1.0181710840823555e-15
306.87,-9.038169231484674e-13,-1.0117589515511968e-15
306.88,-9.036782119717408e-13,-1.0056012507072984e-15
306.89,-9.035394889338309e-13,-9.994525493999228e-16
306.9,-9.034003009169535e-13,-9.932122867319423e-16
306.91,-9.03262050762636e-13,-9.872873267635907e-16
306.92,-9.031233784140135e-13,-9.81289924810272e-16
306.93,-9.029848640353147e-13,-9.752895047465165e-16
306.94,-9.028464232747371e-13,-9.693643822779745e-16
306.95,-9.027080885876254e-13,-9.637326249696692e-16
306.96,-9.025697636285296e-13,-9.57907008574103e-16
306.97,-9.024315055142495e-13,-9.522708855366014e-16
306.98,-9.022932813264796e-13,-9.466524556283495e-16
306.99,-9.021553733750605e-13,-9.411258582099513e-16
307.0,-9.020172894515164e-13,-9.356465842936894e-16
307.01,-9.018795792611241e-13,-9.30245560901641e-16
307.02,-9.017420215891512e-13,-9.249999108788215e-16
307.03,-9.016037220146398e-13,-9.196869150053693e-16
307.04,-9.014666773388338e-13,-9.143990341434034e-16
307.05,-9.013284340156952e-13,-9.091910333952898e-16
307.06,-9.011905859367814e-13,-9.040379888388214e-16
307.07,-9.010532181183287e-13,-8.991100711816321e-16
307.08,-9.009160722552971e-13,-8.941339577617865e-16
307.09,-9.007785663862784e-13,-8.89144455833171e-16
307.1,-9.006413042289471e-13,-8.844460953160598e-16
307.11,-9.005040615276768e-13,-8.79530055674805e-16
307.12,-9.003670623201035e-13,-8.748042460316914e-16
307.13,-9.002296180435963e-13,-8.700620502804228e-16
307.14,-9.000930315620858e-13,-8.65541072183096e-16
307.15,-8.999558966748605e-13,-8.610229994049054e-16
307.16,-8.998192051370724e-13,-8.566370988567478e-16
307.17,-8.996822677603842e-13,-8.521406303109875e-16
307.18,-8.995456085542025e-13,-8.478412774208856e-16
307.19,-8.994090136873592e-13,-8.435646215162247e-16
307.2,-8.992724050362278e-13,-8.393434035122383e-16
307.21,-8.99135779499163e-13,-8.3507134502792985e-16
307.22,-8.990003701295777e-13,-8.314300443576356e-16
307.23,-8.988628022124806e-13,-8.270754619380815e-16
307.24,-8.987264906634765e-13,-8.23133645258721e-16
307.25,-8.985903563950534e-13,-8.193028968307217e-16
307.26,-8.984546022904245e-13,-8.1556009663228e-16
307.27,-8.983180869267947e-13,-8.117143293296644e-16
307.28,-8.981822123900948e-13,-8.080840322989073e-16
307.29,-8.980460204626112e-13,-8.043625412201984e-16
307.3,-8.979100729849767e-13,-8.0086529906875e-16
307.31,-8.977747389619844e-13,-7.974277860849452e-16
307.32,-8.976384781655904e-13,-7.939759275746026e-16
307.33,-8.975028701731094e-13,-7.906829895479125e-16
307.34,-8.973671029641814e-13,-7.873233196456238e-16
307.35,-8.972306849055697e-13,-7.838148657435558e-16
307.36,-8.970959106047467e-13,-7.809275447441175e-16
307.37,-8.969604876920695e-13,-7.778092935131695e-16
307.38,-8.968250057063233e-13,-7.747624107814013e-16
307.39,-8.966899510521154e-13,-7.7176780811511e-16
307.4,-8.965541599355792e-13,-7.68779506289118e-16
307.41,-8.964192326903776e-13,-7.660069920080434e-16
307.42,-8.962843829363766e-13,-7.633249382628459e-16
307.43,-8.96148794735189e-13,-7.604823400968762e-16
307.44,-8.960143696044237e-13,-7.58094164702118e-16
307.45,-8.958789427953453e-13,-7.553369109205897e-16
307.46,-8.957439521560397e-13,-7.527574938299331e-16
307.47,-8.956090665948838e-13,-7.503855436524277e-16
307.48,-8.954740948295341e-13,-7.479370781625224e-16
307.49,-8.953400697241397e-13,-7.457035846475607e-16
307.5,-8.952048947289877e-13,-7.434331693277653e-16
307.51,-8.9507079847855e-13,-7.414180752534913e-16
307.52,-8.949356773681979e-13,-7.391020199060221e-16
307.53,-8.94800833119715e-13,-7.369339552708911e-16
307.54,-8.946667044067965e-13,-7.350559491184945e-16
307.55,-8.945324313036518e-13,-7.331257527521928e-16
307.56,-8.943979966606172e-13,-7.312276238919606e-16
307.57,-8.942637444434556e-13,-7.294928032764486e-16
307.58,-8.941313251116142e-13,-7.272738300832611e-16
307.59,-8.93995468716632e-13,-7.26098608372357e-16
307.6,-8.938612915444098e-13,-7.244706405494529e-16
307.61,-8.937271847749855e-13,-7.228886562203422e-16
307.62,-8.935934350264179e-13,-7.214627006335905e-16
307.63,-8.934592620313347e-13,-7.200529637542679e-16
307.64,-8.93325358974252e-13,-7.186768083451943e-16
307.65,-8.93191489275445e-13,-7.173829794628927e-16
307.66,-8.930574873058415e-13,-7.161090761643169e-16
307.67,-8.929230351582899e-13,-7.14975922676517e-16
307.68,-8.927904370148554e-13,-7.139167937548356e-16
307.69,-8.926566631142201e-13,-7.128853199659472e-16
307.7,-8.925230955825516e-13,-7.119042252224335e-16
307.71,-8.923895123985887e-13,-7.109921371560226e-16
307.72,-8.922562794650299e-13,-7.102412269169406e-16
307.73,-8.921226966786262e-13,-7.094389444847221e-16
307.74,-8.919893082102129e-13,-7.086715448207634e-16
307.75,-8.918558554707458e-13,-7.080203118711231e-16
307.76,-8.917225310902388e-13,-7.072865282107575e-16
307.77,-8.915895634876417e-13,-7.069405098229229e-16
307.78,-8.914566476013972e-13,-7.066366739218657e-16
307.79,-8.913235223299821e-13,-7.061159282396254e-16
307.8,-8.911902139266372e-13,-7.057889640997054e-16
307.81,-8.910572451773414e-13,-7.055291095873462e-16
307.82,-8.909242876042314e-13,-7.052972320306593e-16
307.83,-8.907913059401467e-13,-7.051695989548467e-16
307.84,-8.906595315131201e-13,-7.050963043746928e-16
307.85,-8.90526021247558e-13,-7.050646440627655e-16
307.86,-8.903928702806057e-13,-7.051760393398094e-16
307.87,-8.902601483882007e-13,-7.051814907371462e-16
307.88,-8.901275104888966e-13,-7.054336214424794e-16
307.89,-8.899951390376044e-13,-7.057662768121213e-16
307.9,-8.8986223177013e-13,-7.059411860761553e-16
307.91,-8.897299182900498e-13,-7.063316072313153e-16
307.92,-8.895970422958088e-13,-7.065869416649953e-16
307.93,-8.894626396238026e-13,-7.07474981450488e-16
307.94,-8.893326554251368e-13,-7.07756400156862e-16
307.95,-8.892000532303366e-13,-7.08368586924374e-16
307.96,-8.890678165814418e-13,-7.090467160673471e-16
307.97,-8.889354776380574e-13,-7.09724563490102e-16
307.98,-8.888030742695069e-13,-7.105465964685742e-16
307.99,-8.886711625501133e-13,-7.113693709571154e-16
308.0,-8.885391002065552e-13,-7.123695025360035e-16
308.01,-8.884069433359546e-13,-7.13265122268902e-16
308.02,-8.88274657153263e-13,-7.145692289017208e-16
308.03,-8.881428013779956e-13,-7.153383125130285e-16
308.04,-8.880109923191421e-13,-7.165874243070624e-16
308.05,-8.878790495843981e-13,-7.178044437574333e-16
308.06,-8.877471140833994e-13,-7.18993457408169e-16
308.07,-8.876153826915573e-13,-7.204628955948602e-16
308.08,-8.874835379190446e-13,-7.218170877780698e-16
308.09,-8.87351809375249e-13,-7.232166769622151e-16
308.1,-8.872200633468407e-13,-7.246366426046066e-16
308.11,-8.870881078766613e-13,-7.2612349690180965e-16
308.12,-8.869564944947244e-13,-7.278834454178582e-16
308.13,-8.868250171306302e-13,-7.296197978229438e-16
308.14,-8.866934485212656e-13,-7.312659865299904e-16
308.15,-8.865618925632088e-13,-7.331045161578541e-16
308.16,-8.864303839845485e-13,-7.347333415101832e-16
308.17,-8.862989180259711e-13,-7.368605764263862e-16
308.18,-8.861674955221478e-13,-7.387838782514366e-16
308.19,-8.860362447846953e-13,-7.409242931145577e-16
308.2,-8.859052962274792e-13,-7.430961593328049e-16
308.21,-8.857735582206172e-13,-7.451672527660695e-16
308.22,-8.856425316748687e-13,-7.47580211218713e-16
308.23,-8.855111800451227e-13,-7.496960147943974e-16
308.24,-8.853798681184775e-13,-7.518739109891013e-16
308.25,-8.85248973913969e-13,-7.545508815985477e-16
308.26,-8.851177043834591e-13,-7.568224493066446e-16
308.27,-8.84986492068483e-13,-7.59273255868499e-16
308.28,-8.848555174194971e-13,-7.618116172689955e-16
308.29,-8.847247037035981e-13,-7.64328609572179e-16
308.3,-8.8459356162325e-13,-7.671054153961607e-16
308.31,-8.844626701349341e-13,-7.69805805132786e-16
308.32,-8.843317286864105e-13,-7.725489492211648e-16
308.33,-8.842007925446863e-13,-7.753960880379509e-16
308.34,-8.84069764354822e-13,-7.781441599826233e-16
308.35,-8.839390307784843e-13,-7.811664381526839e-16
308.36,-8.838081753834435e-13,-7.841324972264071e-16
308.37,-8.836775305773199e-13,-7.871824485284327e-16
308.38,-8.835462211272068e-13,-7.898611616925968e-16
308.39,-8.834160842257629e-13,-7.933595065245102e-16
308.4,-8.832852477169726e-13,-7.965831805596611e-16
308.41,-8.831545741525165e-13,-7.998002629746762e-16
308.42,-8.830241097027695e-13,-8.030976923171787e-16
308.43,-8.8289371876026e-13,-8.06533509240792e-16
308.44,-8.827631125145969e-13,-8.098621332759144e-16
308.45,-8.826323266630579e-13,-8.13436677953405e-16
308.46,-8.825019590982283e-13,-8.168344103730641e-16
308.47,-8.823715465888051e-13,-8.205578856967187e-16
308.48,-8.82241142112759e-13,-8.240703390285073e-16
308.49,-8.821105121301661e-13,-8.276358173439937e-16
308.5,-8.81980178551322e-13,-8.316425703556839e-16
308.51,-8.818498901377296e-13,-8.352087292884287e-16
308.52,-8.817196022802863e-13,-8.389717131349103e-16
308.53,-8.815892307907917e-13,-8.428088445485231e-16
308.54,-8.814588616656285e-13,-8.467521717818044e-16
308.55,-8.813286584114493e-13,-8.507651587282697e-16
308.56,-8.811983713147689e-13,-8.545816661734301e-16
308.57,-8.810683118016537e-13,-8.588530837629362e-16
308.58,-8.809381503920007e-13,-8.629878679723243e-16
308.59,-8.808077151468991e-13,-8.670568145026642e-16
308.6,-8.806778688432994e-13,-8.713608451479838e-16
308.61,-8.805476625467003e-13,-8.755254826314156e-16
308.62,-8.804175813453555e-13,-8.797571672582141e-16
308.63,-8.802875647752361e-13,-8.842311361280059e-16
308.64,-8.80157556503653e-13,-8.886352680427961e-16
308.65,-8.800273398470836e-13,-8.929086985305817e-16
308.66,-8.798973600914e-13,-8.97487243343005e-16
308.67,-8.797675354397091e-13,-9.021520658227438e-16
308.68,-8.796372026432638e-13,-9.066418096682405e-16
308.69,-8.795077274031428e-13,-9.114016148225926e-16
308.7,-8.793777146967292e-13,-9.161051983845254e-16
308.71,-8.79247903121985e-13,-9.207824197071477e-16
308.72,-8.791180723906317e-13,-9.25559643868309e-16
308.73,-8.78988300328362e-13,-9.303494460488984e-16
308.74,-8.788585212288605e-13,-9.351873181811964e-16
308.75,-8.787284916665437e-13,-9.401193286521078e-16
308.76,-8.785988179592595e-13,-9.450978119446842e-16
308.77,-8.784690369268219e-13,-9.500966734248597e-16
308.78,-8.783392500327995e-13,-9.550932862807939e-16
308.79,-8.782095181571948e-13,-9.60170737704912e-16
308.8,-8.780797612819224e-13,-9.652818172433593e-16
308.81,-8.779500555690353e-13,-9.704438882845554e-16
308.82,-8.778202861038878e-13,-9.756381718678648e-16
308.83,-8.776906434954308e-13,-9.808665693514661e-16
308.84,-8.775616950726325e-13,-9.863883356014579e-16
308.85,-8.774317113892573e-13,-9.916396070595503e-16
308.86,-8.773020629417082e-13,-9.970265717796244e-16
308.87,-8.771723282830839e-13,-1.0023043443739735e-15
308.88,-8.770428636781444e-13,-1.007835326732972e-15
308.89,-8.769134002320322e-13,-1.0135309299892409e-15
308.9,-8.767836826973788e-13,-1.0188827257805497e-15
308.91,-8.76654371570606e-13,-1.0244588932199808e-15
308.92,-8.76524836757118e-13,-1.0300563652714526e-15
308.93,-8.763952037911332e-13,-1.0357366924302972e-15
308.94,-8.762655883847649e-13,-1.0413477281491287e-15
308.95,-8.761361537766982e-13,-1.0471477776549895e-15
308.96,-8.760068474009442e-13,-1.052835630510956e-15
308.97,-8.758773834677782e-13,-1.0587758294588373e-15
308.98,-8.757479862276187e-13,-1.0646917330895337e-15
308.99,-8.756184436679422e-13,-1.0706868288855054e-15
309.0,-8.754890903372748e-13,-1.076490777484918e-15
309.01,-8.753598713930012e-13,-1.0821774068584865e-15
309.02,-8.752304439029835e-13,-1.0884435722887274e-15
309.03,-8.751010961487877e-13,-1.0941727474627296e-15
309.04,-8.749715009502219e-13,-1.1005048933299924e-15
309.05,-8.748423439653275e-13,-1.1066359575646386e-15
309.06,-8.747130183745004e-13,-1.112728422837076e-15
309.07,-8.745836585418175e-13,-1.118850848450721e-15
309.08,-8.744544421314256e-13,-1.1251264011063806e-15
309.09,-8.743250521038976e-13,-1.131362614428271e-15
309.1,-8.74196104647499e-13,-1.1375017318073974e-15
309.11,-8.740665496404913e-13,-1.1439831271715762e-15
309.12,-8.739373806321872e-13,-1.1503025524373214e-15
309.13,-8.738081171649637e-13,-1.156732553189968e-15
309.14,-8.736790241921559e-13,-1.1630759647000468e-15
309.15,-8.73549666681611e-13,-1.1695716692511827e-15
309.16,-8.734204546849511e-13,-1.1760421161350187e-15
309.17,-8.732912534719139e-13,-1.1825475481580637e-15
309.18,-8.731621565730102e-13,-1.1890463676023116e-15
309.19,-8.730321120445797e-13,-1.1953855411046452e-15
309.2,-8.729037911631196e-13,-1.2022395161305815e-15
309.21,-8.727745476913738e-13,-1.2088119558704866e-15
309.22,-8.726452332037546e-13,-1.215493944485183e-15
309.23,-8.725160484495287e-13,-1.222301009744545e-15
309.24,-8.723868735257628e-13,-1.228894884070734e-15
309.25,-8.722577222182351e-13,-1.2357244804293118e-15
309.26,-8.721285310653407e-13,-1.2424463130739298e-15
309.27,-8.719994476495979e-13,-1.2492853368111405e-15
309.28,-8.718703178517331e-13,-1.2559431308829518e-15
309.29,-8.717411888409631e-13,-1.2630075576124176e-15
309.3,-8.716118698134305e-13,-1.2698930718829424e-15
309.31,-8.714828653185469e-13,-1.2767815332487972e-15
309.32,-8.713537111978054e-13,-1.2838624175375489e-15
309.33,-8.712247043492557e-13,-1.2906391562562813e-15
309.34,-8.710955543161549e-13,-1.2976152661428353e-15
309.35,-8.70966598527023e-13,-1.304731502753906e-15
309.36,-8.708374642457381e-13,-1.3117830766916795e-15
309.37,-8.707083560318587e-13,-1.3187998783196583e-15
309.38,-8.70579176838974e-13,-1.326008718186415e-15
309.39,-8.704502207718772e-13,-1.3330844127103825e-15
309.4,-8.703209995066917e-13,-1.3401777207849312e-15
309.41,-8.701924111846153e-13,-1.3475812661644958e-15
309.42,-8.700630055405692e-13,-1.3545655398498905e-15
309.43,-8.699339488088697e-13,-1.3617236902524328e-15
309.44,-8.698049873054633e-13,-1.3690814124498467e-15
309.45,-8.696759820048485e-13,-1.3763917879326166e-15
309.46,-8.695471477026862e-13,-1.383487880589667e-15
309.47,-8.694176083664432e-13,-1.3908892811303861e-15
309.48,-8.692882791624264e-13,-1.3984369543524658e-15
309.49,-8.691595478875865e-13,-1.4055643077956435e-15
309.5,-8.690307504637571e-13,-1.412808618950926e-15
309.51,-8.689014006472559e-13,-1.4203311608853813e-15
309.52,-8.687722448287092e-13,-1.4278065243305729e-15
309.53,-8.686433722508722e-13,-1.4351190400370707e-15
309.54,-8.685142579778955e-13,-1.4426251823476672e-15
309.55,-8.68387631877651e-13,-1.4511369785927225e-15
309.56,-8.682562107073552e-13,-1.4575783574761646e-15
309.57,-8.681268299677979e-13,-1.4649685396247904e-15
309.58,-8.679979452879075e-13,-1.472672205669875e-15
309.59,-8.67868996794588e-13,-1.4802161973050742e-15
309.6,-8.677398352682487e-13,-1.487766010203218e-15
309.61,-8.676107830510457e-13,-1.495290011510332e-15
309.62,-8.674819947695994e-13,-1.5028960901962875e-15
309.63,-8.673524309993317e-13,-1.5103974113775712e-15
309.64,-8.672234682673761e-13,-1.518053778892922e-15
309.65,-8.67094747628053e-13,-1.5257093807525627e-15
309.66,-8.669656174984517e-13,-1.5334140426974186e-15
309.67,-8.668365227915116e-13,-1.5410991722746328e-15
309.68,-8.667076233221131e-13,-1.5487591011678826e-15
309.69,-8.665784624141494e-13,-1.556487808221421e-15
309.7,-8.664496406040666e-13,-1.5643558926557125e-15
309.71,-8.663203801856711e-13,-1.5719555772690279e-15
309.72,-8.66191032987218e-13,-1.5795866590356324e-15
309.73,-8.660629714327508e-13,-1.5872942477269593e-15
309.74,-8.6593306490703e-13,-1.595195110507179e-15
309.75,-8.658036909459967e-13,-1.6030762307233408e-15
309.76,-8.656744036959031e-13,-1.610888934928032e-15
309.77,-8.655455737819282e-13,-1.6186371268046467e-15
309.78,-8.654167567717594e-13,-1.6263560823322623e-15
309.79,-8.652876054249059e-13,-1.6342618842095692e-15
309.8,-8.651584694898487e-13,-1.6420835952304957e-15
309.81,-8.650301591449388e-13,-1.6500360188339115e-15
309.82,-8.649000145347095e-13,-1.6577081984112663e-15
309.83,-8.647711312137359e-13,-1.6656379905887761e-15
309.84,-8.646418833017717e-13,-1.6734529167517622e-15
309.85,-8.645128895182906e-13,-1.681417740604082e-15
309.86,-8.643834586594877e-13,-1.6893485796056449e-15
309.87,-8.642547081482086e-13,-1.6971923227948465e-15
309.88,-8.641254956685071e-13,-1.7050826135196552e-15
309.89,-8.639963424649266e-13,-1.7130253160177499e-15
309.9,-8.638668583374361e-13,-1.7206788191233763e-15
309.91,-8.637382292599526e-13,-1.7288941554280253e-15
309.92,-8.636087937368825e-13,-1.7368230401913368e-15
309.93,-8.63479777963696e-13,-1.7447434699072978e-15
309.94,-8.63350609432588e-13,-1.7527118933149295e-15
309.95,-8.632210908908612e-13,-1.7607899831680713e-15
309.96,-8.630923035766109e-13,-1.768614031149258e-15
309.97,-8.629629683646419e-13,-1.776629890576495e-15
309.98,-8.628338889303125e-13,-1.7845473491009844e-15
309.99,-8.627033162316399e-13,-1.79266443154106e-15
310.0,-8.625754980160215e-13,-1.8005251556999943e-15
310.01,-8.624462954163889e-13,-1.8084850704850923e-15
310.02,-8.623169235884689e-13,-1.816495649068996e-15
310.03,-8.621878217532961e-13,-1.8244535271208664e-15
310.04,-8.620585812474404e-13,-1.832507188329194e-15
310.05,-8.619291760643513e-13,-1.8404750423258037e-15
310.06,-8.618001760569601e-13,-1.8484505084092417e-15
310.07,-8.616707873252193e-13,-1.856521284882821e-15
310.08,-8.615414121836359e-13,-1.8644846912987627e-15
310.09,-8.614121901111935e-13,-1.872361099546535e-15
310.1,-8.61283049742147e-13,-1.880454427128006e-15
310.11,-8.611537272196793e-13,-1.888369418304084e-15
310.12,-8.610246171385531e-13,-1.8964069398486256e-15
310.13,-8.608941539288069e-13,-1.9045753404021727e-15
310.14,-8.607659173185427e-13,-1.912384571114215e-15
310.15,-8.606366599494453e-13,-1.9203413741436806e-15
310.16,-8.605072433656088e-13,-1.928367287853657e-15
310.17,-8.603780672040106e-13,-1.9364983602413083e-15
310.18,-8.602485228993641e-13,-1.944386661339324e-15
310.19,-8.601191433494317e-13,-1.9523194747773892e-15
310.2,-8.599897646146926e-13,-1.9602264039178806e-15
310.21,-8.598605147329168e-13,-1.9683286142255666e-15
310.22,-8.597306800804712e-13,-1.976438193752376e-15
310.23,-8.596015055008388e-13,-1.9843079570797143e-15
310.24,-8.594721772486597e-13,-1.992248215135425e-15
310.25,-8.5934285357873e-13,-2.0002322483476584e-15
310.26,-8.592145053136331e-13,-2.008065874932119e-15
310.27,-8.590840529088346e-13,-2.0160392693424506e-15
310.28,-8.589547150098211e-13,-2.0240519430278744e-15
310.29,-8.588252266832956e-13,-2.0320130021274497e-15
310.3,-8.586955704828701e-13,-2.0400194002567246e-15
310.31,-8.585663238279696e-13,-2.0479068350226777e-15
310.32,-8.584367568413059e-13,-2.0557504836314433e-15
310.33,-8.583070174719722e-13,-2.063760480168043e-15
310.34,-8.581778684981609e-13,-2.071607962537263e-15
310.35,-8.5804897344335e-13,-2.0794155499090993e-15
310.36,-8.57919092042745e-13,-2.087402126845633e-15
310.37,-8.577891914813713e-13,-2.095329880160347e-15
310.38,-8.576598095931061e-13,-2.103195919746512e-15
310.39,-8.575302727607394e-13,-2.111065751336948e-15
310.4,-8.574008142586614e-13,-2.1188917735892852e-15
310.41,-8.572712026537881e-13,-2.126794274854463e-15
310.42,-8.571411976444121e-13,-2.1346025304105425e-15
310.43,-8.570121531351459e-13,-2.1424410363283096e-15
310.44,-8.568823837868408e-13,-2.1503733766114287e-15
310.45,-8.567526077743169e-13,-2.158079183529011e-15
310.46,-8.566232085011444e-13,-2.165834925115686e-15
310.47,-8.564928642466767e-13,-2.173663741537796e-15
310.48,-8.563638467628266e-13,-2.1814303017042937e-15
310.49,-8.562345298363745e-13,-2.189195360700875e-15
310.5,-8.561049720859296e-13,-2.1969337935011825e-15
310.51,-8.559749727984047e-13,-2.2046699656149597e-15
310.52,-8.558451452566053e-13,-2.212363602866829e-15
310.53,-8.557145314884435e-13,-2.22017638305562e-15
310.54,-8.555859973037119e-13,-2.2277109341450912e-15
310.55,-8.554563044757133e-13,-2.235510067258423e-15
310.56,-8.553265949721586e-13,-2.2431005135212735e-15
310.57,-8.55196777253587e-13,-2.2508057888703294e-15
310.58,-8.550671147182025e-13,-2.2584400954892946e-15
310.59,-8.549373341559793e-13,-2.2661167767238236e-15
310.6,-8.548076930621768e-13,-2.2737139948481385e-15
310.61,-8.546777232209958e-13,-2.281240517937204e-15
310.62,-8.545483063334652e-13,-2.2888621526714276e-15
310.63,-8.544184082208365e-13,-2.2964531150744913e-15
310.64,-8.54288442834843e-13,-2.303980299828498e-15
310.65,-8.541585915102768e-13,-2.311481294517018e-15
310.66,-8.540287264886311e-13,-2.3190418397737898e-15
310.67,-8.538988228355619e-13,-2.3265307865590465e-15
310.68,-8.537692818034259e-13,-2.333968842231436e-15
310.69,-8.536392679342898e-13,-2.341473415607181e-15
310.7,-8.535095110999556e-13,-2.348817919644455e-15
310.71,-8.533796172542707e-13,-2.3563765799919115e-15
310.72,-8.532496464322591e-13,-2.363751276390147e-15
310.73,-8.531197275058308e-13,-2.371130230001213e-15
310.74,-8.529898396262798e-13,-2.378476091316135e-15
310.75,-8.528600184475135e-13,-2.385825275442516e-15
310.76,-8.52729755966775e-13,-2.3931500509717266e-15
310.77,-8.525999330848927e-13,-2.400461766504967e-15
310.78,-8.524704172245037e-13,-2.4077225521949987e-15
310.79,-8.523400550083197e-13,-2.4148768435044894e-15
310.8,-8.52210132882842e-13,-2.4221932171181363e-15
310.81,-8.520803786056733e-13,-2.4296956222108245e-15
310.82,-8.519502034280769e-13,-2.4366663181328432e-15
310.83,-8.518201599898545e-13,-2.4438631764468246e-15
310.84,-8.516899684788079e-13,-2.450991160457135e-15
310.85,-8.515602683469977e-13,-2.4581914510415547e-15
310.86,-8.514297073222679e-13,-2.4652531010980437e-15
310.87,-8.513000340192385e-13,-2.4724006292191646e-15
310.88,-8.511700310177978e-13,-2.4795022652410003e-15
310.89,-8.510399705248425e-13,-2.48650020523011e-15
310.9,-8.509099049647627e-13,-2.4934759563212316e-15
310.91,-8.507796623442756e-13,-2.5004435103103054e-15
310.92,-8.506497013282877e-13,-2.5074391137183067e-15
310.93,-8.505197385349197e-13,-2.514440917237595e-15
310.94,-8.503894054149404e-13,-2.521347564081146e-15
310.95,-8.502592967621207e-13,-2.5284552739883614e-15
310.96,-8.501291018727347e-13,-2.535109057514989e-15
310.97,-8.499988666847913e-13,-2.541900349802884e-15
310.98,-8.498689574534146e-13,-2.5488355768155533e-15
310.99,-8.497384755304678e-13,-2.5555845621833074e-15
311.0,-8.496092035337111e-13,-2.5623884315732936e-15
311.01,-8.494789932866453e-13,-2.569172789838664e-15
311.02,-8.493479698666503e-13,-2.5758334283831413e-15
311.03,-8.492175682894107e-13,-2.582531542305468e-15
311.04,-8.490878896012044e-13,-2.5891183434899613e-15
311.05,-8.48957381487479e-13,-2.5958573286114605e-15
311.06,-8.48826703670038e-13,-2.6024225710564576e-15
311.07,-8.486965159846749e-13,-2.608973472110829e-15
311.08,-8.485665532165768e-13,-2.615656791097097e-15
311.09,-8.484366084836874e-13,-2.6221555034636484e-15
311.1,-8.483058108446496e-13,-2.6286642636547236e-15
311.11,-8.481757564449044e-13,-2.6350837188199043e-15
311.12,-8.480453748817695e-13,-2.6415559727216133e-15
311.13,-8.47914916784844e-13,-2.6479395842660685e-15
311.14,-8.477845662600559e-13,-2.6543665800837983e-15
311.15,-8.476543504010279e-13,-2.660751830426012e-15
311.16,-8.475236454561649e-13,-2.666998270943811e-15
311.17,-8.473937302063733e-13,-2.673405941835147e-15
311.18,-8.472635459710399e-13,-2.6796087255243917e-15
311.19,-8.471329140277123e-13,-2.6858975642810095e-15
311.2,-8.470028625498591e-13,-2.692085441186561e-15
311.21,-8.46871980561177e-13,-2.6981483016314553e-15
311.22,-8.467415193091258e-13,-2.7043527349032168e-15
311.23,-8.466111967432342e-13,-2.7104532549136248e-15
311.24,-8.46480727579287e-13,-2.7165181324032432e-15
311.25,-8.463508702457743e-13,-2.722617952544967e-15
311.26,-8.462199236101735e-13,-2.728652640092822e-15
311.27,-8.460892967065205e-13,-2.7345952283375845e-15
311.28,-8.459590239333637e-13,-2.7405457155195264e-15
311.29,-8.45828493589541e-13,-2.7463150731531722e-15
311.3,-8.456981548412659e-13,-2.7523509031397564e-15
311.31,-8.455674810727122e-13,-2.7582082079244843e-15
311.32,-8.454371460069404e-13,-2.7640540747209003e-15
311.33,-8.453067275046317e-13,-2.76982127054761e-15
311.34,-8.45176277056485e-13,-2.7754332477021295e-15
311.35,-8.45045287294648e-13,-2.781300394220333e-15
311.36,-8.44914992714437e-13,-2.786986143004683e-15
311.37,-8.447843963554479e-13,-2.792680753014189e-15
311.38,-8.446534891634364e-13,-2.7982274344953895e-15
311.39,-8.445232366941986e-13,-2.8038716416119344e-15
311.4,-8.443928301574703e-13,-2.809413828975813e-15
311.41,-8.442622644367775e-13,-2.8149806538475714e-15
311.42,-8.44131813563872e-13,-2.8204851970342276e-15
311.43,-8.440011587081966e-13,-2.8257696264838626e-15
311.44,-8.438701871318409e-13,-2.8312995859632896e-15
311.45,-8.437396255950679e-13,-2.8366686664743134e-15
311.46,-8.436090980879957e-13,-2.8420098315017362e-15
311.47,-8.434793141875742e-13,-2.847412752449915e-15
311.48,-8.433479463996975e-13,-2.852583583643912e-15
311.49,-8.432171047985188e-13,-2.8577876433095337e-15
311.5,-8.430868788832187e-13,-2.86307855987668e-15
311.51,-8.429560575764699e-13,-2.8681914680183147e-15
311.52,-8.428278533412175e-13,-2.873808695813578e-15
311.53,-8.426949014100902e-13,-2.8784230012683323e-15
311.54,-8.42564117662593e-13,-2.8833673035549846e-15
311.55,-8.424330966500712e-13,-2.8884098346032104e-15
311.56,-8.423026675358984e-13,-2.8933982420231328e-15
311.57,-8.421719965232864e-13,-2.8984183728005313e-15
311.58,-8.420413497083004e-13,-2.903319495786458e-15
311.59,-8.419106337545489e-13,-2.908142297503737e-15
311.6,-8.417799285837545e-13,-2.9129928022501436e-15
311.61,-8.416496816742501e-13,-2.9176472828922016e-15
311.62,-8.415187547383103e-13,-2.922592677961355e-15
311.63,-8.413877836295341e-13,-2.9272277824810126e-15
311.64,-8.412571331152108e-13,-2.9319792224701287e-15
311.65,-8.411265302748182e-13,-2.9365964675425e-15
311.66,-8.409954963409814e-13,-2.9411499805472163e-15
311.67,-8.408647659380531e-13,-2.9458332987718305e-15
311.68,-8.407341294784423e-13,-2.9502849022506417e-15
311.69,-8.406027644495891e-13,-2.9548725262077454e-15
311.7,-8.404731153622488e-13,-2.959167561998012e-15
311.71,-8.403417757293501e-13,-2.96356719783337e-15
311.72,-8.402105182443152e-13,-2.967857611704821e-15
311.73,-8.400794663170652e-13,-2.9721230010746058e-15
311.74,-8.39949150804704e-13,-2.976510514035779e-15
311.75,-8.398185608419658e-13,-2.9807812060890864e-15
311.76,-8.396877756226441e-13,-2.985010264011083e-15
311.77,-8.395571019715668e-13,-2.9891791625041277e-15
311.78,-8.394238689619995e-13,-2.9927180939766247e-15
311.79,-8.392952478837128e-13,-2.997267097538919e-15
311.8,-8.391645695622704e-13,-3.0014134409851076e-15
311.81,-8.390338346726836e-13,-3.005389572169693e-15
311.82,-8.389030531543042e-13,-3.00940592097076e-15
311.83,-8.387721456422821e-13,-3.013315225619268e-15
311.84,-8.38641299696038e-13,-3.017235990748206e-15
311.85,-8.385105387020708e-13,-3.021103629943263e-15
311.86,-8.383797045966247e-13,-3.0248334091046212e-15
311.87,-8.382491507993082e-13,-3.0290037372974945e-15
311.88,-8.38117995075824e-13,-3.032282837477512e-15
311.89,-8.379872716072772e-13,-3.0360522303910286e-15
311.9,-8.378564965465801e-13,-3.0396596724659636e-15
311.91,-8.377256260954816e-13,-3.043278119067229e-15
311.92,-8.375942181578392e-13,-3.0466276002964713e-15
311.93,-8.374640162286436e-13,-3.0503552193876193e-15
311.94,-8.373334412430862e-13,-3.053926357374771e-15
311.95,-8.372022195459614e-13,-3.057238707986666e-15
311.96,-8.37070875234089e-13,-3.0603105421607327e-15
311.97,-8.369406782476081e-13,-3.064026195838328e-15
311.98,-8.368097984902265e-13,-3.067286795482468e-15
311.99,-8.3667871733387e-13,-3.070498958467835e-15
312.0,-8.365477918666189e-13,-3.0736699719493358e-15
312.01,-8.364176680121336e-13,-3.0770490503114485e-15
312.02,-8.362862677634529e-13,-3.0800329946863895e-15
312.03,-8.361555648298552e-13,-3.0831840976533366e-15
312.04,-8.360244694866059e-13,-3.0862149355808517e-15
312.05,-8.35893762060636e-13,-3.089243328339276e-15
312.06,-8.357630602017743e-13,-3.09211484305772e-15
312.07,-8.356320813268791e-13,-3.095064524547882e-15
312.08,-8.355013699590094e-13,-3.0979268668650806e-15
312.09,-8.353706182592981e-13,-3.1008492122469784e-15
312.1,-8.352384144672545e-13,-3.1032596852867406e-15
312.11,-8.351089351061301e-13,-3.106370234229626e-15
312.12,-8.349781087747039e-13,-3.1091770580364005e-15
312.13,-8.348470155479655e-13,-3.1117380209561617e-15
312.14,-8.347156316776134e-13,-3.11427634662372e-15
312.15,-8.345854158717994e-13,-3.1169230362623546e-15
312.16,-8.344544686739238e-13,-3.1194873711000348e-15
312.17,-8.343237442330526e-13,-3.1220424280006566e-15
312.18,-8.341929009347359e-13,-3.1244546510286155e-15
312.19,-8.340616971322636e-13,-3.1267844984338747e-15
312.2,-8.339309972499232e-13,-3.129221839859355e-15
312.21,-8.338000358782233e-13,-3.1314819204537234e-15
312.22,-8.336694436879865e-13,-3.1337957091640872e-15
312.23,-8.335397065969334e-13,-3.1364087475970033e-15
312.24,-8.334078251911082e-13,-3.1382173598636604e-15
312.25,-8.332769074612649e-13,-3.140317430632677e-15
312.26,-8.331460390371035e-13,-3.1424310609531517e-15
312.27,-8.330150586050265e-13,-3.1444299756611945e-15
312.28,-8.328844839997318e-13,-3.1465300585198834e-15
312.29,-8.327538201693145e-13,-3.1485240604376452e-15
312.3,-8.326225389381056e-13,-3.1503488663076784e-15
312.31,-8.324922672385374e-13,-3.1523873214536395e-15
312.32,-8.323610708012542e-13,-3.15406005249809e-15
312.33,-8.322306307349177e-13,-3.1560257643672674e-15
312.34,-8.320999213594692e-13,-3.157796635926795e-15
312.35,-8.319687620529191e-13,-3.1594163311669807e-15
312.36,-8.318383033896296e-13,-3.161142961654729e-15
312.37,-8.31707554262022e-13,-3.1628152433244145e-15
312.38,-8.315767981795661e-13,-3.1644284700297325e-15
312.39,-8.31445329826412e-13,-3.165656110715698e-15
312.4,-8.31315335256439e-13,-3.1673791330782535e-15
312.41,-8.311840315464825e-13,-3.1689367610425487e-15
312.42,-8.310536084899168e-13,-3.1702575905491896e-15
312.43,-8.309228784055577e-13,-3.171610885615328e-15
312.44,-8.307922695568058e-13,-3.1729611557168095e-15
312.45,-8.306614333330565e-13,-3.1742369706401494e-15
312.46,-8.305306695692655e-13,-3.1754374541921814e-15
312.47,-8.304003304644587e-13,-3.1767006304792208e-15
312.48,-8.302693066929942e-13,-3.1777083479750465e-15
312.49,-8.301384409045295e-13,-3.178759314595537e-15
312.5,-8.300068262541178e-13,-3.17943960775927e-15
312.51,-8.298772546241524e-13,-3.1809292461639823e-15
312.52,-8.297467222862967e-13,-3.1819376116900345e-15
312.53,-8.296161556124937e-13,-3.1829073350632374e-15
312.54,-8.294853710515776e-13,-3.183662777725545e-15
312.55,-8.293546849476229e-13,-3.1845008147010184e-15
312.56,-8.292238786070818e-13,-3.185249184819847e-15
312.57,-8.290930812559227e-13,-3.186093302010426e-15
312.58,-8.289626143231232e-13,-3.186788274795452e-15
312.59,-8.288322308263114e-13,-3.1874638759468126e-15
312.6,-8.287016448506351e-13,-3.1881640132388027e-15
312.61,-8.285708562325675e-13,-3.188619494559332e-15
312.62,-8.284402037697989e-13,-3.189184668166664e-15
312.63,-8.283098020593426e-13,-3.1897078670412662e-15
312.64,-8.28179227991815e-13,-3.1901645283375933e-15
312.65,-8.280486068866895e-13,-3.190539154044965e-15
312.66,-8.27917966765883e-13,-3.19086279021907e-15
312.67,-8.277874289087965e-13,-3.1912086610136936e-15
312.68,-8.276568273479214e-13,-3.1915066863017553e-15
312.69,-8.275263956608224e-13,-3.191711170190743e-15
312.7,-8.273957823346933e-13,-3.1919069899428762e-15
312.71,-8.272652659747484e-13,-3.192086612115806e-15
312.72,-8.271349723150943e-13,-3.1921720534040405e-15
312.73,-8.270041935734451e-13,-3.1920869776464464e-15
312.74,-8.268738110237505e-13,-3.192168871925577e-15
312.75,-8.267435933256468e-13,-3.192275420705955e-15
312.76,-8.266132115747609e-13,-3.1922385559034144e-15
312.77,-8.264824296526363e-13,-3.1918549540005167e-15
312.78,-8.26352238691521e-13,-3.1918982560652852e-15
312.79,-8.262218013953275e-13,-3.1916863324433896e-15
312.8,-8.260913175652616e-13,-3.1914363491298568e-15
312.81,-8.25960836843755e-13,-3.1910355293885447e-15
312.82,-8.258306050709838e-13,-3.1907402923618087e-15
312.83,-8.257001692529275e-13,-3.1903671815138354e-15
312.84,-8.255698404807884e-13,-3.1899984877616837e-15
312.85,-8.254394953002299e-13,-3.1895167544570412e-15
312.86,-8.253092134559642e-13,-3.18916490815531e-15
312.87,-8.251789358236874e-13,-3.188571685623001e-15
312.88,-8.250485449703743e-13,-3.1878998205047006e-15
312.89,-8.249181161922635e-13,-3.187259062287505e-15
312.9,-8.24788104371229e-13,-3.186719764090854e-15
312.91,-8.246577762950522e-13,-3.1859446452897535e-15
312.92,-8.245273568851418e-13,-3.185221468569912e-15
312.93,-8.243973598161304e-13,-3.18442155015885e-15
312.94,-8.242671724684637e-13,-3.1836898111159604e-15
312.95,-8.241366284239116e-13,-3.182757812044205e-15
312.96,-8.24006504386664e-13,-3.1817649858047578e-15
312.97,-8.238770639588503e-13,-3.1812123339402153e-15
312.98,-8.237469367736147e-13,-3.180135786207619e-15
312.99,-8.23616291935763e-13,-3.178813118892831e-15
313.0,-8.234860356358373e-13,-3.1776992930718485e-15
313.01,-8.233559597099349e-13,-3.1765770522966977e-15
313.02,-8.232258958660433e-13,-3.175422763991504e-15
313.03,-8.230958857661374e-13,-3.1743102691371507e-15
313.04,-8.229656831896192e-13,-3.1731894080138087e-15
313.05,-8.228357442711271e-13,-3.1717971063784655e-15
313.06,-8.227060143692166e-13,-3.17061250731799e-15
313.07,-8.225759408300262e-13,-3.1690893896149244e-15
313.08,-8.224457610657136e-13,-3.1676792867731494e-15
313.09,-8.223159198089282e-13,-3.1662302477411443e-15
313.1,-8.221859027221933e-13,-3.1647639705882164e-15
313.11,-8.220560210200488e-13,-3.1632516855862664e-15
313.12,-8.219259646906251e-13,-3.1616802973170798e-15
313.13,-8.217958662908989e-13,-3.1596777071128067e-15
313.14,-8.21666339067913e-13,-3.1584718694927233e-15
313.15,-8.215364214948437e-13,-3.1567593011209104e-15
313.16,-8.214066925304266e-13,-3.155134182674367e-15
313.17,-8.212769816464152e-13,-3.153438474154394e-15
313.18,-8.211469992176324e-13,-3.151506962573109e-15
313.19,-8.210173058965506e-13,-3.14968849690353e-15
313.2,-8.208875921837757e-13,-3.1478333292349224e-15
313.21,-8.207576772819171e-13,-3.1458684700683582e-15
313.22,-8.206283962146284e-13,-3.1441438758272594e-15
313.23,-8.20498375400191e-13,-3.1419919195274554e-15
313.24,-8.203685425586866e-13,-3.13987328173621e-15
313.25,-8.202389653900199e-13,-3.137943006547437e-15
313.26,-8.201095594361118e-13,-3.136191664702543e-15
313.27,-8.19979386243557e-13,-3.1333898173887953e-15
313.28,-8.198500315749914e-13,-3.131381853407956e-15
313.29,-8.197205982880916e-13,-3.129274581585164e-15
313.3,-8.195911466236303e-13,-3.1269970291586805e-15
313.31,-8.194619015443772e-13,-3.124689664717227e-15
313.32,-8.193317862114312e-13,-3.1223327216206144e-15
313.33,-8.192021331903467e-13,-3.1198783515713037e-15
313.34,-8.190731129498285e-13,-3.117637415370264e-15
313.35,-8.189432576399361e-13,-3.114997571094804e-15
313.36,-8.1881398511893e-13,-3.1126209602523423e-15
313.37,-8.186846730769094e-13,-3.110178886840318e-15
313.38,-8.185552674942103e-13,-3.1076020011262562e-15
313.39,-8.184258664955902e-13,-3.1049582270428e-15
313.4,-8.182958225422128e-13,-3.10185047224757e-15
313.41,-8.181671779762368e-13,-3.0996743375535815e-15
313.42,-8.180378755986881e-13,-3.0970753378924436e-15
313.43,-8.179086436241699e-13,-3.0942820645817214e-15
313.44,-8.177795148521664e-13,-3.0918565893616012e-15
313.45,-8.176501434520283e-13,-3.0887474114090152e-15
313.46,-8.17521146316798e-13,-3.085943203922501e-15
313.47,-8.173918312446812e-13,-3.0831777760934517e-15
313.48,-8.17262737104095e-13,-3.0800531983894456e-15
313.49,-8.17134161463844e-13,-3.0782910090544145e-15
313.5,-8.17004409925357e-13,-3.074335529664854e-15
313.51,-8.168752982804445e-13,-3.0712215144195088e-15
313.52,-8.167462959822441e-13,-3.0681519981248942e-15
313.53,-8.166173850446557e-13,-3.0652581116625725e-15
313.54,-8.164882367523283e-13,-3.0620368481841788e-15
313.55,-8.16359315790256e-13,-3.05882969284336e-15
313.56,-8.162304752538594e-13,-3.055667685400834e-15
313.57,-8.161018889967116e-13,-3.0523947192628196e-15
313.58,-8.159724317594556e-13,-3.0490734259365974e-15
313.59,-8.158436095587513e-13,-3.045880661169747e-15
313.6,-8.157147721343995e-13,-3.0426250260806223e-15
313.61,-8.155859523647452e-13,-3.0393088169475626e-15
313.62,-8.154571322843241e-13,-3.0359381245229306e-15
313.63,-8.153283920687735e-13,-3.0325074099738557e-15
313.64,-8.151997001937935e-13,-3.0290187726820595e-15
313.65,-8.150708959349953e-13,-3.0255307655255833e-15
313.66,-8.149413602197255e-13,-3.0218987507966603e-15
313.67,-8.148139541282427e-13,-3.0186657592410174e-15
313.68,-8.146850151875028e-13,-3.0149951532740472e-15
313.69,-8.145562897912113e-13,-3.0113413972620053e-15
313.7,-8.144277420962865e-13,-3.007729463889162e-15
313.71,-8.142991087773769e-13,-3.0040176013574804e-15
313.72,-8.141706394435544e-13,-3.000305615579391e-15
313.73,-8.140420589534311e-13,-2.996589195606793e-15
313.74,-8.139136319362358e-13,-2.9927688315730894e-15
313.75,-8.137848640216792e-13,-2.9880517197470835e-15
313.76,-8.136566426233577e-13,-2.9851498892337995e-15
313.77,-8.135284725738323e-13,-2.9812419718864855e-15
313.78,-8.134000419230758e-13,-2.977498734272354e-15
313.79,-8.132717228900314e-13,-2.9735779238421645e-15
313.8,-8.131433051637679e-13,-2.9696765274864036e-15
313.81,-8.130150788323244e-13,-2.965666571516255e-15
313.82,-8.12886940656004e-13,-2.9617687012657027e-15
313.83,-8.127588555359493e-13,-2.957730531242655e-15
313.84,-8.126303207142232e-13,-2.9536890741863734e-15
313.85,-8.125021213020211e-13,-2.9495066946936706e-15
313.86,-8.123743262605741e-13,-2.9454523513592327e-15
313.87,-8.122461813854365e-13,-2.9413295787261656e-15
313.88,-8.121181574260077e-13,-2.937120887163289e-15
313.89,-8.119898262495936e-13,-2.9328242039011174e-15
313.9,-8.118620715623662e-13,-2.92870984443494e-15
313.91,-8.117340420841999e-13,-2.9245352095868058e-15
313.92,-8.116061495349526e-13,-2.9202093403259225e-15
313.93,-8.114784368859148e-13,-2.915946731675505e-15
313.94,-8.113506243583071e-13,-2.9115953094787506e-15
313.95,-8.112224620055575e-13,-2.9072414912657052e-15
313.96,-8.110947395111026e-13,-2.9028620236627124e-15
313.97,-8.109669213997044e-13,-2.8984523193569703e-15
313.98,-8.108391773369242e-13,-2.8941604087895927e-15
313.99,-8.107114560323267e-13,-2.8895185499652987e-15
314.0,-8.105838174401507e-13,-2.8850851774539575e-15
314.01,-8.104560922870136e-13,-2.8805298309349863e-15
314.02,-8.103283020528462e-13,-2.876148243368656e-15
314.03,-8.102009823017133e-13,-2.8714695050707582e-15
314.04,-8.100733378854116e-13,-2.8668689856663462e-15
314.05,-8.099459731098707e-13,-2.862281286865757e-15
314.06,-8.09818368282377e-13,-2.857697196754874e-15
314.07,-8.096912101052146e-13,-2.8531518230052468e-15
314.08,-8.095633819338249e-13,-2.84830334473075e-15
314.09,-8.094361382941669e-13,-2.8436715272422192e-15
314.1,-8.093085963247269e-13,-2.8388625074014548e-15
314.11,-8.091811683379595e-13,-2.8339046130784726e-15
314.12,-8.090540703980352e-13,-2.8293193349348193e-15
314.13,-8.089268385428647e-13,-2.8244759027203064e-15
314.14,-8.087994856648048e-13,-2.819702249353697e-15
314.15,-8.086722745499493e-13,-2.8148870596674265e-15
314.16,-8.085447341740695e-13,-2.8098933681982336e-15
314.17,-8.084179135676375e-13,-2.8050651216661122e-15
314.18,-8.082908867759836e-13,-2.800146579555417e-15
314.19,-8.081635821971295e-13,-2.795150366883533e-15
314.2,-8.080372506343593e-13,-2.790277156478591e-15
314.21,-8.079096814231347e-13,-2.785484812424172e-15
314.22,-8.07782937292821e-13,-2.7803243980840645e-15
314.23,-8.076560027257777e-13,-2.77530913818489e-15
314.24,-8.075292143811811e-13,-2.7702154863874327e-15
314.25,-8.074022834910039e-13,-2.7652245345638964e-15
314.26,-8.072755380284288e-13,-2.7601465318732697e-15
314.27,-8.071486271585361e-13,-2.7550756482648817e-15
314.28,-8.070219872882262e-13,-2.7500201809115438e-15
314.29,-8.068948491375912e-13,-2.744636437098547e-15
314.3,-8.067683821352985e-13,-2.7396317936724007e-15
314.31,-8.066420170915283e-13,-2.734605839798438e-15
314.32,-8.06515642314344e-13,-2.7295223963351473e-15
314.33,-8.063887244956629e-13,-2.724137497815757e-15
314.34,-8.062621866605699e-13,-2.7189186246124755e-15
314.35,-8.061358240109278e-13,-2.7137063540110366e-15
314.36,-8.060094861000466e-13,-2.7081848840448997e-15
314.37,-8.05882782277486e-13,-2.7031004642365838e-15
314.38,-8.057564906837949e-13,-2.6980615149751485e-15
314.39,-8.056301021028958e-13,-2.692513827548764e-15
314.4,-8.055036964479266e-13,-2.687160125548241e-15
314.41,-8.053774160073122e-13,-2.6817738710582233e-15
314.42,-8.052511207669299e-13,-2.676455187782375e-15
314.43,-8.051248161558486e-13,-2.6710481331710945e-15
314.44,-8.04998678171969e-13,-2.6656484481043772e-15
314.45,-8.048726183852042e-13,-2.660261978361534e-15
314.46,-8.047464507672012e-13,-2.6548122981942148e-15
314.47,-8.046209387166787e-13,-2.6490192038685943e-15
314.48,-8.04494242427432e-13,-2.6440129115202876e-15
314.49,-8.043684930931585e-13,-2.638512177635644e-15
314.5,-8.042424676368303e-13,-2.633052684947431e-15
314.51,-8.041166731357223e-13,-2.6274216726858368e-15
314.52,-8.039909461593038e-13,-2.621880570575139e-15
314.53,-8.038649924163447e-13,-2.61646394019685e-15
314.54,-8.037390098305787e-13,-2.6108395499106948e-15
314.55,-8.036134298533698e-13,-2.605277638741287e-15
314.56,-8.034877159273076e-13,-2.5998134030205785e-15
314.57,-8.033623038535411e-13,-2.594137782855864e-15
314.58,-8.032363743367556e-13,-2.5884760244801964e-15
314.59,-8.031108037571132e-13,-2.5829455641203573e-15
314.6,-8.029851243104471e-13,-2.5773296421908297e-15
314.61,-8.028597279824814e-13,-2.571738817443182e-15
314.62,-8.027341540701324e-13,-2.5660407265496755e-15
314.63,-8.026088491306198e-13,-2.5603736311909516e-15
314.64,-8.024831921464795e-13,-2.5547628905121474e-15
314.65,-8.023580457265917e-13,-2.5489568408258846e-15
314.66,-8.022326204395066e-13,-2.5433214970345742e-15
314.67,-8.02107300492334e-13,-2.5375848789027687e-15
314.68,-8.019820023598033e-13,-2.531845158510974e-15
314.69,-8.018569261273168e-13,-2.5261608625757676e-15
314.7,-8.017315657735049e-13,-2.520381711834847e-15
314.71,-8.016067544079912e-13,-2.5147536719548397e-15
314.72,-8.014813188491343e-13,-2.5089970066106142e-15
314.73,-8.013564177759314e-13,-2.5032284553082803e-15
314.74,-8.012316009406414e-13,-2.497299918102958e-15
314.75,-8.011064867877728e-13,-2.491532677805971e-15
314.76,-8.009815074876371e-13,-2.4858028964822035e-15
314.77,-8.008565914104767e-13,-2.4800205265256435e-15
314.78,-8.007317313243269e-13,-2.4741735088111916e-15
314.79,-8.006070603674155e-13,-2.4684608678493566e-15
314.8,-8.004822340095888e-13,-2.4625032765932626e-15
314.81,-8.003573974768207e-13,-2.456726102587978e-15
314.82,-8.002325316415363e-13,-2.450829154617338e-15
314.83,-8.001083574885282e-13,-2.444854452418321e-15
314.84,-7.999833302363478e-13,-2.4392214402496575e-15
314.85,-7.998588407527259e-13,-2.4332564051816158e-15
314.86,-7.997341110446056e-13,-2.4273992620302957e-15
314.87,-7.996097037961615e-13,-2.421554994059574e-15
314.88,-7.994854099237969e-13,-2.415688321340875e-15
314.89,-7.993609744069693e-13,-2.409777362882118e-15
314.9,-7.992365182263735e-13,-2.4039152149972917e-15
314.91,-7.991121468373588e-13,-2.3981838487405788e-15
314.92,-7.989874128577405e-13,-2.3917495009351157e-15
314.93,-7.988635788399761e-13,-2.3860586294947723e-15
314.94,-7.987393938556981e-13,-2.3802623327130695e-15
314.95,-7.986153114893327e-13,-2.3743763604690322e-15
314.96,-7.984912710375073e-13,-2.368440753225792e-15
314.97,-7.983671193681647e-13,-2.3624555397936097e-15
314.98,-7.982430449014229e-13,-2.3565356218788736e-15
314.99,-7.981190583339983e-13,-2.3506066815342256e-15
315.0,-7.979951915197965e-13,-2.344598584372823e-15
315.01,-7.978721434436609e-13,-2.3384884442715226e-15
315.02,-7.977469384349961e-13,-2.332876738222028e-15
315.03,-7.97623131067558e-13,-2.326937416592129e-15
315.04,-7.974995948422595e-13,-2.3209696376909106e-15
315.05,-7.973756735308748e-13,-2.314911353858315e-15
315.06,-7.972519880379332e-13,-2.3089930909711342e-15
315.07,-7.971282792274965e-13,-2.303041480087927e-15
315.08,-7.970046071098293e-13,-2.2971204421960374e-15
315.09,-7.968809157011302e-13,-2.291149409131928e-15
315.1,-7.967582267488117e-13,-2.2850164178315666e-15
315.11,-7.966340667329563e-13,-2.2792367259748697e-15
315.12,-7.9651046692984e-13,-2.27323557435483e-15
315.13,-7.963871325848688e-13,-2.2673267186438182e-15
315.14,-7.962626100923186e-13,-2.261501414525988e-15
315.15,-7.961403165656867e-13,-2.255431400229594e-15
315.16,-7.9601708439964e-13,-2.249487127432946e-15
315.17,-7.958938915487005e-13,-2.243531094421733e-15
315.18,-7.957707439194522e-13,-2.237504294718765e-15
315.19,-7.956474834102922e-13,-2.2315673832991206e-15
315.2,-7.955240612399072e-13,-2.225542146380322e-15
315.21,-7.954013350450883e-13,-2.219534370593135e-15
315.22,-7.952780785918996e-13,-2.2136726201593068e-15
315.23,-7.951543156662017e-13,-2.2078440490622066e-15
315.24,-7.950325697763675e-13,-2.2016604755785942e-15
315.25,-7.949092439891343e-13,-2.1957883063772127e-15
315.26,-7.947864367384075e-13,-2.189826756948365e-15
315.27,-7.946631931346226e-13,-2.1839324695892176e-15
315.28,-7.94540736230189e-13,-2.177922650991845e-15
315.29,-7.944178338974594e-13,-2.1719850779125255e-15
315.3,-7.942951527907999e-13,-2.1660463145666002e-15
315.31,-7.941723875918014e-13,-2.160213264367637e-15
315.32,-7.940497946239771e-13,-2.1542267847142388e-15
315.33,-7.939271616231247e-13,-2.148246662148289e-15
315.34,-7.938048938568422e-13,-2.1425619443457707e-15
315.35,-7.936821287721166e-13,-2.1364508656545266e-15
315.36,-7.935597963401921e-13,-2.1305871439585374e-15
315.37,-7.934367364217526e-13,-2.1244673253780423e-15
315.38,-7.933148409330404e-13,-2.1187781414322228e-15
315.39,-7.931926040173458e-13,-2.112818261587195e-15
315.4,-7.930703225769646e-13,-2.1069450271539478e-15
315.41,-7.929472840359054e-13,-2.1010885929393563e-15
315.42,-7.928256722190656e-13,-2.0951747702425456e-15
315.43,-7.927036829995157e-13,-2.0893891911757916e-15
315.44,-7.925814662453526e-13,-2.0834476416960024e-15
315.45,-7.924594643151947e-13,-2.0776610302772043e-15
315.46,-7.923383791424917e-13,-2.0723242776335906e-15
315.47,-7.922150053801097e-13,-2.0658580312488685e-15
315.48,-7.920932523412501e-13,-2.060020802128734e-15
315.49,-7.91971379838148e-13,-2.05417617475699e-15
315.5,-7.918491489762689e-13,-2.048374992838854e-15
315.51,-7.917275686838568e-13,-2.0425253160674315e-15
315.52,-7.91606037043647e-13,-2.0367054823392766e-15
315.53,-7.914841709880536e-13,-2.0309013627361444e-15
315.54,-7.913629192812199e-13,-2.0252903807431036e-15
315.55,-7.91240734573658e-13,-2.0189973930899133e-15
315.56,-7.911190306129493e-13,-2.013503716218275e-15
315.57,-7.909975708012187e-13,-2.007747495040745e-15
315.58,-7.908758659974527e-13,-2.0019380168671355e-15
315.59,-7.907545076698545e-13,-1.996243206950968e-15
315.6,-7.906329445534984e-13,-1.9904768529020376e-15
315.61,-7.905116563968906e-13,-1.9848082436718157e-15
315.62,-7.903902740458574e-13,-1.97901441536966e-15
315.63,-7.90268484446487e-13,-1.9732414658753747e-15
315.64,-7.901473872939082e-13,-1.967546939677344e-15
315.65,-7.900264641118782e-13,-1.9619242351110726e-15
315.66,-7.899052204003878e-13,-1.956219481968848e-15
315.67,-7.897840135726405e-13,-1.950582202032193e-15
315.68,-7.896630157705114e-13,-1.9448930374083637e-15
315.69,-7.895417467236463e-13,-1.939228500940007e-15
315.7,-7.894206472540825e-13,-1.9335553643545543e-15
315.71,-7.892998761592989e-13,-1.927968877239911e-15
315.72,-7.891811398830763e-13,-1.9222920513844903e-15
315.73,-7.890579521696433e-13,-1.9166977320738922e-15
315.74,-7.889373770931513e-13,-1.911189634005469e-15
315.75,-7.888162246717003e-13,-1.9055675484316723e-15
315.76,-7.886956268828654e-13,-1.900008982810185e-15
315.77,-7.885746224146276e-13,-1.8944359093799814e-15
315.78,-7.884537769782747e-13,-1.888892135314837e-15
315.79,-7.88333253579449e-13,-1.8834483114419693e-15
315.8,-7.882127117890259e-13,-1.877916956889793e-15
315.81,-7.880925068075413e-13,-1.8720953313856624e-15
315.82,-7.879713907188126e-13,-1.86670052144788e-15
315.83,-7.878511765031987e-13,-1.86131411864637e-15
315.84,-7.877305455876178e-13,-1.8559403281522364e-15
315.85,-7.876102149206856e-13,-1.8504304246615375e-15
315.86,-7.874900033294378e-13,-1.8450245322227782e-15
315.87,-7.873695296207235e-13,-1.839566865746991e-15
315.88,-7.872485002233466e-13,-1.8341587385872712e-15
315.89,-7.871289098901935e-13,-1.8287596366579192e-15
315.9,-7.870088151818891e-13,-1.8234466997994233e-15
315.91,-7.868887856496072e-13,-1.8180880410902183e-15
315.92,-7.867684288911271e-13,-1.8127145334537583e-15
315.93,-7.866483655945436e-13,-1.807427722269211e-15
315.94,-7.865283343475828e-13,-1.8020748071105516e-15
315.95,-7.864084548117432e-13,-1.7967210781270682e-15
315.96,-7.862884563670327e-13,-1.7913752735365865e-15
315.97,-7.861685382846621e-13,-1.786190100057798e-15
315.98,-7.860483527284257e-13,-1.7809112098991747e-15
315.99,-7.859283279496084e-13,-1.7756072047122139e-15
316.0,-7.858092588498399e-13,-1.770497120883962e-15
316.01,-7.856900386081901e-13,-1.7652992759248608e-15
316.02,-7.855698801026377e-13,-1.7601163887916914e-15
316.03,-7.854499017757125e-13,-1.7549108741168148e-15
316.04,-7.853306813727201e-13,-1.7498194978644196e-15
316.05,-7.852107152753188e-13,-1.7445887732511183e-15
316.06,-7.850910190887898e-13,-1.739520200891242e-15
316.07,-7.849717607662533e-13,-1.7344522668321383e-15
316.08,-7.848518042337972e-13,-1.7293648665599863e-15
316.09,-7.847328511800574e-13,-1.7242336129776215e-15
316.1,-7.846136030312929e-13,-1.7192145269231436e-15
316.11,-7.844940316686485e-13,-1.7142094836310147e-15
316.12,-7.843746958276469e-13,-1.7091988955975689e-15
316.13,-7.842554508081439e-13,-1.7041823263665812e-15
316.14,-7.841362531729034e-13,-1.6992149290810817e-15
316.15,-7.840173104818877e-13,-1.6943156142252056e-15
316.16,-7.838978996886064e-13,-1.6891352568561835e-15
316.17,-7.837791139781449e-13,-1.6845255261506183e-15
316.18,-7.836597049859898e-13,-1.679522174183498e-15
316.19,-7.835408422404582e-13,-1.6746315218509758e-15
316.2,-7.834217868991949e-13,-1.6698519900927443e-15
316.21,-7.833028646376917e-13,-1.6649307214234442e-15
316.22,-7.831842157933141e-13,-1.6601367609643852e-15
316.23,-7.830653030082278e-13,-1.655375085052553e-15
316.24,-7.829464072000552e-13,-1.6505252875493307e-15
316.25,-7.828275123981233e-13,-1.6457847206546745e-15
316.26,-7.827090469602243e-13,-1.6411068359851523e-15
316.27,-7.825902422268686e-13,-1.636328550375216e-15
316.28,-7.824713241797493e-13,-1.631648850154802e-15
316.29,-7.82352926787861e-13,-1.6271374800239397e-15
316.3,-7.822343234682019e-13,-1.6223259130254453e-15
316.31,-7.821157870546732e-13,-1.6176955516657203e-15
316.32,-7.819975603128929e-13,-1.6133886511698496e-15
316.33,-7.818787984485956e-13,-1.608438222096682e-15
316.34,-7.817605241361283e-13,-1.6039636757473097e-15
316.35,-7.816416336320237e-13,-1.5992447514878815e-15
316.36,-7.815237627189365e-13,-1.594869955671627e-15
316.37,-7.814053180646698e-13,-1.5903351062422163e-15
316.38,-7.812869037300446e-13,-1.5858545180173445e-15
316.39,-7.811688445662548e-13,-1.581389667825114e-15
316.4,-7.81050681217021e-13,-1.5769568492617264e-15
316.41,-7.80932482371522e-13,-1.5725282138933923e-15
316.42,-7.808144198059642e-13,-1.5680865647097608e-15
316.43,-7.806964377728231e-13,-1.5637582434613752e-15
316.44,-7.805785576767519e-13,-1.5594734192986291e-15
316.45,-7.804604030531381e-13,-1.5551545734568609e-15
316.46,-7.803423764774478e-13,-1.5508402051350504e-15
316.47,-7.802241478588692e-13,-1.546483959553031e-15
316.48,-7.801067673260123e-13,-1.5422968246885518e-15
316.49,-7.799890115060365e-13,-1.5381262463609e-15
316.5,-7.79871217215058e-13,-1.5338670713964196e-15
316.51,-7.797532164612311e-13,-1.5296690156296154e-15
316.52,-7.796352997998143e-13,-1.5254649120083e-15
316.53,-7.795174693949375e-13,-1.5213245935969578e-15
316.54,-7.79400091769221e-13,-1.5173187911511386e-15
316.55,-7.792825908361105e-13,-1.5131810016424268e-15
316.56,-7.791649190859207e-13,-1.5090855384643143e-15
316.57,-7.790474898551428e-13,-1.5050673237431106e-15
316.58,-7.789298775957726e-13,-1.50103830304677e-15
316.59,-7.788124803818197e-13,-1.4970378265422678e-15
316.6,-7.786951535273462e-13,-1.4930513530797649e-15
316.61,-7.785776742568017e-13,-1.4891385127345645e-15
316.62,-7.784604928757842e-13,-1.4852321301226214e-15
316.63,-7.783430847924514e-13,-1.4813911836375723e-15
316.64,-7.782258065923595e-13,-1.477455333713235e-15
316.65,-7.78108642210037e-13,-1.4736670961468433e-15
316.66,-7.779914341978091e-13,-1.4698230728154981e-15
316.67,-7.778741926350329e-13,-1.465997630991028e-15
316.68,-7.77757057086095e-13,-1.4622906740446924e-15
316.69,-7.776398922283707e-13,-1.4584605310218466e-15
316.7,-7.775229314601761e-13,-1.4547276202752242e-15
316.71,-7.774058402739283e-13,-1.4511183217315606e-15
316.72,-7.772890198523396e-13,-1.447423057343336e-15
316.73,-7.771719926925588e-13,-1.4437926719839328e-15
316.74,-7.770555444394293e-13,-1.4402766735072026e-15
316.75,-7.769382340932951e-13,-1.4365914117391433e-15
316.76,-7.768214550335826e-13,-1.433016086326238e-15
316.77,-7.767048566355194e-13,-1.4295617307188237e-15
316.78,-7.765885268176553e-13,-1.4261108887741246e-15
316.79,-7.764711197869116e-13,-1.4224789128661186e-15
316.8,-7.763549986012511e-13,-1.4192177381984589e-15
316.81,-7.762376376663955e-13,-1.4155955491406725e-15
316.82,-7.761211092389088e-13,-1.4122064620719566e-15
316.83,-7.760045505959394e-13,-1.4089568935737542e-15
316.84,-7.75888167105537e-13,-1.4054907075244606e-15
316.85,-7.757715681815033e-13,-1.4021304348005157e-15
316.86,-7.756550485372662e-13,-1.3989057920886829e-15
316.87,-7.755386809212821e-13,-1.3955939242190056e-15
316.88,-7.75422263948169e-13,-1.3923254956311898e-15
316.89,-7.753052941092121e-13,-1.3889294641480337e-15
316.9,-7.751894950058341e-13,-1.3859553758901088e-15
316.91,-7.750731006983315e-13,-1.3827390875103065e-15
316.92,-7.749569739631483e-13,-1.379654222172647e-15
316.93,-7.748408307109497e-13,-1.3764885290884238e-15
316.94,-7.747245676683642e-13,-1.3734209501008322e-15
316.95,-7.746083187994464e-13,-1.3703300409118715e-15
316.96,-7.744922077338356e-13,-1.3672928768599067e-15
316.97,-7.743761146670394e-13,-1.3643435873820226e-15
316.98,-7.742617936501902e-13,-1.36178565014204e-15
316.99,-7.741437584741628e-13,-1.3583498756760409e-15
317.0,-7.740277338320342e-13,-1.355413984264708e-15
317.01,-7.73912147522773e-13,-1.352664598214071e-15
317.02,-7.73796396888986e-13,-1.3498263951320616e-15
317.03,-7.736800470593717e-13,-1.3468782644838448e-15
317.04,-7.735643793888425e-13,-1.3440811645596775e-15
317.05,-7.734484697193848e-13,-1.3412894250870014e-15
317.06,-7.733327760486865e-13,-1.3385086746649489e-15
317.07,-7.73217000222093e-13,-1.3358162298439615e-15
317.08,-7.731012454219686e-13,-1.3332131664679385e-15
317.09,-7.729857224907075e-13,-1.3305528981422728e-15
317.1,-7.728698624845938e-13,-1.3277809076613285e-15
317.11,-7.727530479399816e-13,-1.3248583162289582e-15
317.12,-7.726386165952294e-13,-1.3226228164603498e-15
317.13,-7.72522996533367e-13,-1.3201496844985363e-15
317.14,-7.724076042012579e-13,-1.3175468572750209e-15
317.15,-7.722919269475324e-13,-1.3150255920642344e-15
317.16,-7.721764480002022e-13,-1.3125018127461585e-15
317.17,-7.72061083022022e-13,-1.3100829828803903e-15
317.18,-7.719461277476837e-13,-1.3078896649929702e-15
317.19,-7.718303261739644e-13,-1.3053519844035206e-15
317.2,-7.717149414576091e-13,-1.3030603172464363e-15
317.21,-7.715997827464449e-13,-1.3007383466980385e-15
317.22,-7.7148452231947e-13,-1.2984516428479282e-15
317.23,-7.713694477659887e-13,-1.2961751969366077e-15
317.24,-7.712538250364373e-13,-1.2938218071840918e-15
317.25,-7.711389511937026e-13,-1.2917957574656147e-15
317.26,-7.710236277833492e-13,-1.2894431807817248e-15
317.27,-7.709091760097455e-13,-1.2876118144767802e-15
317.28,-7.707933785268212e-13,-1.2851473978994349e-15
317.29,-7.706783391222938e-13,-1.283086122380496e-15
317.3,-7.705633503215268e-13,-1.2810206357504098e-15
317.31,-7.704483136859398e-13,-1.2790498398102405e-15
317.32,-7.703335574637889e-13,-1.2769675062500138e-15
317.33,-7.702186413078048e-13,-1.2749101191620394e-15
317.34,-7.701039490169299e-13,-1.2725220951456896e-15
317.35,-7.699886676212843e-13,-1.2710855699827572e-15
317.36,-7.698738965473011e-13,-1.2692504894143776e-15
317.37,-7.697591961680495e-13,-1.2673703686172993e-15
317.38,-7.69644362141796e-13,-1.2656117773114937e-15
317.39,-7.695295343019222e-13,-1.2636714104703725e-15
317.4,-7.694147283013633e-13,-1.261897770430704e-15
317.41,-7.692999832121736e-13,-1.2601264186039764e-15
317.42,-7.691852548642856e-13,-1.258492237728075e-15
317.43,-7.690694547617417e-13,-1.2571713877335525e-15
317.44,-7.689562544925987e-13,-1.2550754689985881e-15
317.45,-7.688415473207608e-13,-1.2533745515793097e-15
317.46,-7.68727043952919e-13,-1.2518033309120101e-15
317.47,-7.686121460747378e-13,-1.2500548404708853e-15
317.48,-7.684979226093321e-13,-1.2486239531436417e-15
317.49,-7.683837419324211e-13,-1.247224801768029e-15
317.5,-7.68269080773518e-13,-1.2456946296491465e-15
317.51,-7.681546190912484e-13,-1.2439885048334786e-15
317.52,-7.680388180699238e-13,-1.242298904058181e-15
317.53,-7.679258574820262e-13,-1.2413180135478706e-15
317.54,-7.678117020203493e-13,-1.240008848689565e-15
317.55,-7.676972632707971e-13,-1.2386138782140849e-15
317.56,-7.675831930054172e-13,-1.2372959404034498e-15
317.57,-7.674687587073254e-13,-1.2359958476060084e-15
317.58,-7.673546542127751e-13,-1.2347318097315685e-15
317.59,-7.672403725508983e-13,-1.2335166290782992e-15
317.6,-7.671264357330954e-13,-1.2323590254783285e-15
317.61,-7.670119468894287e-13,-1.2311171925410447e-15
317.62,-7.668981148023006e-13,-1.2299497837536053e-15
317.63,-7.66783770138036e-13,-1.228749279030166e-15
317.64,-7.666700057368e-13,-1.2277663279485204e-15
317.65,-7.665563123291813e-13,-1.2268910275367652e-15
317.66,-7.664418954663205e-13,-1.2256702471978369e-15
317.67,-7.66327893464985e-13,-1.224603313242205e-15
317.68,-7.662140157226667e-13,-1.223693687922778e-15
317.69,-7.660992420538389e-13,-1.2230041790723704e-15
317.7,-7.659866701838988e-13,-1.2217779524704505e-15
317.71,-7.65872580967153e-13,-1.2209527912695789e-15
317.72,-7.657586035768712e-13,-1.2200828853676665e-15
317.73,-7.656448797545038e-13,-1.2193368626631518e-15
317.74,-7.6553098774749e-13,-1.218356767821566e-15
317.75,-7.654170405198761e-13,-1.2175658649788236e-15
317.76,-7.653036084551876e-13,-1.216964486265463e-15
317.77,-7.65189727684758e-13,-1.216126056757431e-15
317.78,-7.650772942475196e-13,-1.2160091641909545e-15
317.79,-7.649625568916296e-13,-1.2148604804961784e-15
317.8,-7.648488370974529e-13,-1.2142219899376915e-15
317.81,-7.647349655708272e-13,-1.213597546345924e-15
317.82,-7.646217297035041e-13,-1.2129658859508419e-15
317.83,-7.645080574922148e-13,-1.2124776584111686e-15
317.84,-7.643946700476212e-13,-1.2120165044446147e-15
317.85,-7.642805648771739e-13,-1.211077495780142e-15
317.86,-7.641674502129868e-13,-1.2109272016645729e-15
317.87,-7.640541385898919e-13,-1.210449452822639e-15
317.88,-7.639406092909227e-13,-1.2100274171486472e-15
317.89,-7.638272340651143e-13,-1.2097166249067238e-15
317.9,-7.637138179381403e-13,-1.2094157659792012e-15
317.91,-7.636005033957649e-13,-1.2090059079109909e-15
317.92,-7.634872576059622e-13,-1.2086640153051687e-15
317.93,-7.633741192933592e-13,-1.2084583658913274e-15
317.94,-7.632603533300802e-13,-1.2080349924386155e-15
317.95,-7.631472543420588e-13,-1.2079566551771395e-15
317.96,-7.630341002477114e-13,-1.2077967797178718e-15
317.97,-7.629209007700225e-13,-1.2077306418286422e-15
317.98,-7.628082782274679e-13,-1.2078116818074561e-15
317.99,-7.626944484866018e-13,-1.2073627053002894e-15
318.0,-7.625812727926096e-13,-1.2073462599286227e-15
318.01,-7.624684179788611e-13,-1.207623471216365e-15
318.02,-7.623552364532272e-13,-1.207300208950046e-15
318.03,-7.62242132613796e-13,-1.2072588683800704e-15
318.04,-7.621288930877564e-13,-1.2073031722604292e-15
318.05,-7.620154482309796e-13,-1.2072359449905325e-15
318.06,-7.619030823514244e-13,-1.207379630316715e-15
318.07,-7.617899663546122e-13,-1.2075168307265718e-15
318.08,-7.616770032080155e-13,-1.2076212517215034e-15
318.09,-7.615642365027471e-13,-1.2078601075498206e-15
318.1,-7.614512102038481e-13,-1.207895293218132e-15
318.11,-7.613381348065755e-13,-1.208226275893857e-15
318.12,-7.612255071728207e-13,-1.2085837975873024e-15
318.13,-7.611125527070463e-13,-1.2087936517225324e-15
318.14,-7.609992443147786e-13,-1.20850253984273e-15
318.15,-7.608869699369156e-13,-1.2093619949514123e-15
318.16,-7.607740271632868e-13,-1.2096950422143207e-15
318.17,-7.606610279242741e-13,-1.2100707633129665e-15
318.18,-7.605485249793865e-13,-1.210498394999059e-15
318.19,-7.604358449996998e-13,-1.210923877186953e-15
318.2,-7.603232782846941e-13,-1.2113472593548873e-15
318.21,-7.602105986372676e-13,-1.2118717738162525e-15
318.22,-7.60097651954174e-13,-1.2123167922970607e-15
318.23,-7.599851089450143e-13,-1.2130183066025962e-15
318.24,-7.598725094452654e-13,-1.2135419006964674e-15
318.25,-7.597598225423389e-13,-1.2138982768316076e-15
318.26,-7.596480937741187e-13,-1.2150843253583513e-15
318.27,-7.59534675785677e-13,-1.2152283479062365e-15
318.28,-7.594220883360625e-13,-1.2157924724398826e-15
318.29,-7.593095900058321e-13,-1.21656042893756e-15
318.3,-7.591973774428759e-13,-1.2172755435849529e-15
318.31,-7.590847800484847e-13,-1.2180389746273705e-15
318.32,-7.589720547998872e-13,-1.2184622831250832e-15
318.33,-7.588600121222699e-13,-1.2194182031702132e-15
318.34,-7.587473337184887e-13,-1.2203547480376623e-15
318.35,-7.586349664034988e-13,-1.221117506783094e-15
318.36,-7.585225743200114e-13,-1.222039537377291e-15
318.37,-7.584102419983488e-13,-1.2229004598260833e-15
318.38,-7.582977487610749e-13,-1.2236304059060417e-15
318.39,-7.581856053369586e-13,-1.2247865057873538e-15
318.4,-7.580732199555948e-13,-1.2257283681126016e-15
318.41,-7.579612191227728e-13,-1.2267541252538619e-15
318.42,-7.578487847636752e-13,-1.227741368092214e-15
318.43,-7.577365406768669e-13,-1.22876311202791e-15
318.44,-7.576240822177039e-13,-1.2297607765122082e-15
318.45,-7.57512025876546e-13,-1.2308564963667578e-15
318.46,-7.573998180072675e-13,-1.2319387691989043e-15
318.47,-7.572877385848024e-13,-1.2331340328046264e-15
318.48,-7.571754578563652e-13,-1.2342134017236571e-15
318.49,-7.57063376318298e-13,-1.2353134882405376e-15
318.5,-7.569508422230765e-13,-1.236514835489528e-15
318.51,-7.568389262469363e-13,-1.2378859144906862e-15
318.52,-7.567269976254318e-13,-1.239010626394179e-15
318.53,-7.566148942031386e-13,-1.2402850138620573e-15
318.54,-7.565029184141732e-13,-1.2415717769013327e-15
318.55,-7.563907146288474e-13,-1.2428218323048575e-15
318.56,-7.562788013756453e-13,-1.2442152818450336e-15
318.57,-7.561668247061156e-13,-1.2455571629200014e-15
318.58,-7.560546267191017e-13,-1.2467978735156997e-15
318.59,-7.559427110221165e-13,-1.2484135230823001e-15
318.6,-7.558310321577984e-13,-1.2497408148635933e-15
318.61,-7.557189392024956e-13,-1.2511893599252253e-15
318.62,-7.556072182255462e-13,-1.2527223701933671e-15
318.63,-7.554951170416501e-13,-1.2540900550793833e-15
318.64,-7.553832770618256e-13,-1.255623493564574e-15
318.65,-7.552714531877134e-13,-1.2573619899512013e-15
318.66,-7.551594525494757e-13,-1.2586765405746376e-15
318.67,-7.55047814400198e-13,-1.2604243909024337e-15
318.68,-7.549358413246546e-13,-1.261865619858824e-15
318.69,-7.548239115756327e-13,-1.2634961512124905e-15
318.7,-7.547123814211476e-13,-1.265158527532317e-15
318.71,-7.546004595996958e-13,-1.266792615701424e-15
318.72,-7.544887914544317e-13,-1.268502736816705e-15
318.73,-7.543770752523973e-13,-1.27016918945189e-15
318.74,-7.542653276806494e-13,-1.2720291167419323e-15
318.75,-7.541539101653422e-13,-1.2738994397302549e-15
318.76,-7.54042109144634e-13,-1.2753319655898506e-15
318.77,-7.539303631560921e-13,-1.2770335885977373e-15
318.78,-7.538188174962499e-13,-1.2790295129144893e-15
318.79,-7.537068284573859e-13,-1.280803944760801e-15
318.8,-7.535951411911452e-13,-1.2826193063599412e-15
318.81,-7.534838534518697e-13,-1.2845729482455374e-15
318.82,-7.533721394162744e-13,-1.2863675352487478e-15
318.83,-7.532598070408614e-13,-1.288162171621718e-15
318.84,-7.531489493680971e-13,-1.2902336589830295e-15
318.85,-7.530374718428993e-13,-1.2920175774862307e-15
318.86,-7.529257155878953e-13,-1.293941669644499e-15
318.87,-7.528143917507605e-13,-1.2961301098995297e-15
318.88,-7.52702771589678e-13,-1.298072738244464e-15
318.89,-7.525913831630711e-13,-1.300032342026676e-15
318.9,-7.524798561188674e-13,-1.3021392531624905e-15
318.91,-7.523684236421692e-13,-1.3041873032152475e-15
318.92,-7.522570899076997e-13,-1.3062794438829245e-15
318.93,-7.521455786336075e-13,-1.3083712335014482e-15
318.94,-7.520341480096567e-13,-1.3106071452509887e-15
318.95,-7.519230473552042e-13,-1.3125430729423006e-15
318.96,-7.518116169408608e-13,-1.314791666623048e-15
318.97,-7.516999364914921e-13,-1.3167992796168725e-15
318.98,-7.515885793963921e-13,-1.3191345987504232e-15
318.99,-7.514773587704264e-13,-1.321381726683498e-15
319.0,-7.513658198427094e-13,-1.3234542084837938e-15
319.01,-7.512546037950533e-13,-1.325797241027189e-15
319.02,-7.51143270006005e-13,-1.3278961183710561e-15
319.03,-7.510320114232868e-13,-1.330285789521235e-15
319.04,-7.509210174006863e-13,-1.332633963532865e-15
319.05,-7.508091978141707e-13,-1.33486220465456e-15
319.06,-7.506981763776197e-13,-1.3371974644034813e-15
319.07,-7.505868372315376e-13,-1.3395169678709808e-15
319.08,-7.504752498807108e-13,-1.3419197946497114e-15
319.09,-7.503642624427368e-13,-1.3441677372554347e-15
319.1,-7.502531620106151e-13,-1.3466321748198776e-15
319.11,-7.501419033713467e-13,-1.349017292737724e-15
319.12,-7.500306987620142e-13,-1.3514829044358699e-15
319.13,-7.499192673281444e-13,-1.3538056276993215e-15
319.14,-7.498085736154337e-13,-1.3563725687023153e-15
319.15,-7.49697307298554e-13,-1.3587233711660046e-15
319.16,-7.495861824361505e-13,-1.3612556736734108e-15
319.17,-7.494751065104276e-13,-1.3638380004950544e-15
319.18,-7.493638870330995e-13,-1.366250892498209e-15
319.19,-7.492529209445943e-13,-1.3687499595418028e-15
319.2,-7.491418383665775e-13,-1.371331233096975e-15
319.21,-7.490308781046909e-13,-1.3738503746466423e-15
319.22,-7.489194148169413e-13,-1.3765514459189157e-15
319.23,-7.488086399418373e-13,-1.3789823157341873e-15
319.24,-7.486974346161128e-13,-1.381858569085915e-15
319.25,-7.485865529212683e-13,-1.384188603689936e-15
319.26,-7.484753280230693e-13,-1.3867558010384228e-15
319.27,-7.483645090433767e-13,-1.3895331497570337e-15
319.28,-7.482535312703905e-13,-1.3921679011557046e-15
319.29,-7.481426293251564e-13,-1.3948469324913067e-15
319.3,-7.480316927845321e-13,-1.3975881880610558e-15
319.31,-7.479220195764235e-13,-1.4007762853550712e-15
319.32,-7.478098188734884e-13,-1.4028497908954024e-15
319.33,-7.476986078233625e-13,-1.4055261560207054e-15
319.34,-7.475878942672001e-13,-1.4082977494234843e-15
319.35,-7.474767852724022e-13,-1.4111512527791024e-15
319.36,-7.473660095779745e-13,-1.4137812642764383e-15
319.37,-7.472551401171287e-13,-1.4166027116521975e-15
319.38,-7.471443921620177e-13,-1.4192065179190331e-15
319.39,-7.470334446787908e-13,-1.4221725609283111e-15
319.4,-7.469217984053853e-13,-1.4250342999572864e-15
319.41,-7.468117887803257e-13,-1.4278793662510344e-15
319.42,-7.467009225929523e-13,-1.4306419475189228e-15
319.43,-7.465901672063009e-13,-1.4334745036656031e-15
319.44,-7.464793015789905e-13,-1.4362211836023352e-15
319.45,-7.463684854285067e-13,-1.439189254700183e-15
319.46,-7.462576986056679e-13,-1.4421057673634898e-15
319.47,-7.461467965400037e-13,-1.4449352080736076e-15
319.48,-7.460364631916581e-13,-1.447735532060236e-15
319.49,-7.459251044371947e-13,-1.4502975102007057e-15
319.5,-7.458146636714631e-13,-1.4536231098241012e-15
319.51,-7.45703928850059e-13,-1.456720040039433e-15
319.52,-7.455931898725004e-13,-1.4597243067782092e-15
319.53,-7.454825188952571e-13,-1.4625225221054864e-15
319.54,-7.453717313216164e-13,-1.465398535688021e-15
319.55,-7.452611327273563e-13,-1.4684156346484582e-15
319.56,-7.451503895391934e-13,-1.471359122572965e-15
319.57,-7.450417174723222e-13,-1.4749353793592942e-15
319.58,-7.449291023502992e-13,-1.4772568828623534e-15
319.59,-7.448181554412544e-13,-1.4802946576128503e-15
319.6,-7.447077884572504e-13,-1.4834098390950109e-15
319.61,-7.445971043822936e-13,-1.4863734181650834e-15
319.62,-7.444864662696294e-13,-1.489565128862925e-15
319.63,-7.443757971686274e-13,-1.492454187001531e-15
319.64,-7.442652732827671e-13,-1.495534993716523e-15
319.65,-7.441544662813596e-13,-1.498692603724348e-15
319.66,-7.440426000100557e-13,-1.5008551035557734e-15
319.67,-7.439338563016678e-13,-1.5048795928083635e-15
319.68,-7.438231496731225e-13,-1.5078629620323472e-15
319.69,-7.437122977128248e-13,-1.5108695868406522e-15
319.7,-7.43601847146353e-13,-1.514003664556112e-15
319.71,-7.434909447899286e-13,-1.5172967617875326e-15
319.72,-7.433807459585262e-13,-1.5201853919249955e-15
319.73,-7.432703350164988e-13,-1.5233046365122393e-15
319.74,-7.431598288232263e-13,-1.5264402403078803e-15
319.75,-7.430491557588493e-13,-1.5299405471264306e-15
319.76,-7.429389687059192e-13,-1.5327005994748379e-15
319.77,-7.428282124529274e-13,-1.535857380743488e-15
319.78,-7.427177026223788e-13,-1.5390248789698362e-15
319.79,-7.426074945390067e-13,-1.5422224100627862e-15
319.8,-7.424968751919715e-13,-1.5453779481773862e-15
319.81,-7.423863140644303e-13,-1.5485501856731502e-15
319.82,-7.422759046130422e-13,-1.551719441738241e-15
319.83,-7.421656575456599e-13,-1.55495602970329e-15
319.84,-7.420548651079988e-13,-1.558066035708365e-15
319.85,-7.419445942772818e-13,-1.5612990628705618e-15
319.86,-7.418343702214853e-13,-1.5644476915200796e-15
319.87,-7.417238143685255e-13,-1.5677149011974343e-15
319.88,-7.416134902430774e-13,-1.5708946383499733e-15
319.89,-7.415026077648936e-13,-1.5743937262770203e-15
319.9,-7.413929319715505e-13,-1.5772409055103204e-15
319.91,-7.41282597966679e-13,-1.5804522347506575e-15
319.92,-7.411721783772476e-13,-1.5837776530658337e-15
319.93,-7.410621487754201e-13,-1.587041611258583e-15
319.94,-7.409514497121695e-13,-1.5903290458114556e-15
319.95,-7.408411558319906e-13,-1.593509640509217e-15
319.96,-7.407308807838264e-13,-1.5967186505472836e-15
319.97,-7.40620484971919e-13,-1.599984375999641e-15
319.98,-7.40509629450405e-13,-1.6033502491443779e-15
319.99,-7.403999549810368e-13,-1.606511814619288e-15
320.0,-7.4028969519169e-13,-1.6097432661124785e-15
320.01,-7.401792918259424e-13,-1.6130134046932563e-15
320.02,-7.400692524909102e-13,-1.6161435057280954e-15
320.03,-7.399588210200768e-13,-1.6195099657501077e-15
320.04,-7.398487192892821e-13,-1.6228187972911105e-15
320.05,-7.397384410923846e-13,-1.626099484396726e-15
320.06,-7.396281944015386e-13,-1.6293606176926201e-15
320.07,-7.395179235033069e-13,-1.6326834129175732e-15
320.08,-7.394077975046645e-13,-1.6359391794522608e-15
320.09,-7.392974461740087e-13,-1.63930903360416e-15
320.1,-7.391873666281199e-13,-1.6424962603817527e-15
320.11,-7.390777888303251e-13,-1.6455856788443184e-15
320.12,-7.38967125828872e-13,-1.6490851241934258e-15
320.13,-7.388567140121231e-13,-1.6523031222123155e-15
320.14,-7.387469128948007e-13,-1.6556805786489193e-15
320.15,-7.386364609113286e-13,-1.6588868165227546e-15
320.16,-7.385264123690642e-13,-1.6622412785167986e-15
320.17,-7.384164516316843e-13,-1.6655837820494571e-15
320.18,-7.383062307920614e-13,-1.6687636923437097e-15
320.19,-7.381959174169836e-13,-1.6719929812948314e-15
320.2,-7.380861550349163e-13,-1.675650594349346e-15
320.21,-7.379758236033469e-13,-1.6787373271026851e-15
320.22,-7.378658026166914e-13,-1.6819123468586467e-15
320.23,-7.377550803395066e-13,-1.6854229004425975e-15
320.24,-7.376456523178157e-13,-1.6884762461746717e-15
320.25,-7.375356517528626e-13,-1.6917851809565667e-15
320.26,-7.374255867348706e-13,-1.6950712181838966e-15
320.27,-7.37315241405581e-13,-1.6983856217598702e-15
320.28,-7.372052472304843e-13,-1.7017225227474344e-15
320.29,-7.37095855427673e-13,-1.7048979668973323e-15
320.3,-7.369853348933052e-13,-1.7083870978467017e-15
320.31,-7.368751478879114e-13,-1.7115246486777654e-15
320.32,-7.367651022632884e-13,-1.714803297642026e-15
320.33,-7.366550735447562e-13,-1.7179943281660058e-15
320.34,-7.365451644970594e-13,-1.7214116117876653e-15
320.35,-7.364355728530194e-13,-1.7246927681598164e-15
320.36,-7.363252937293238e-13,-1.7279187333853022e-15
320.37,-7.362152670907915e-13,-1.7312652009465009e-15
320.38,-7.361054893703352e-13,-1.734455024606511e-15
320.39,-7.359951975257528e-13,-1.7378160373913226e-15
320.4,-7.358853593225057e-13,-1.7410468992720797e-15
320.41,-7.357753226595553e-13,-1.7442084123408575e-15
320.42,-7.356656213713784e-13,-1.7475370795360777e-15
320.43,-7.355557391743106e-13,-1.7508243511021816e-15
320.44,-7.354456646923491e-13,-1.7540902928500316e-15
320.45,-7.353357683245272e-13,-1.7573368194007425e-15
320.46,-7.352260182980201e-13,-1.7605884288397027e-15
320.47,-7.351159843803383e-13,-1.7638185856900472e-15
320.48,-7.350060912493024e-13,-1.7671119147621782e-15
320.49,-7.348962700574161e-13,-1.7703327605544602e-15
320.5,-7.347863507638166e-13,-1.7735547243933817e-15
320.51,-7.346766490501069e-13,-1.7768046611152544e-15
320.52,-7.345665393271343e-13,-1.7800392870441663e-15
320.53,-7.344572636026176e-13,-1.7832264508762638e-15
320.54,-7.343470303181768e-13,-1.786439708896924e-15
320.55,-7.342373066344524e-13,-1.789624593672593e-15
320.56,-7.341271816229019e-13,-1.7928572458200917e-15
320.57,-7.340177036021097e-13,-1.796232073686678e-15
320.58,-7.339077776762543e-13,-1.7993090920972875e-15
320.59,-7.337980533510507e-13,-1.802451685359012e-15
320.6,-7.33688263581166e-13,-1.8057073533563945e-15
320.61,-7.33578466200009e-13,-1.808854439346271e-15
320.62,-7.334683858184029e-13,-1.8120659498674444e-15
320.63,-7.33358963099588e-13,-1.8152011271322084e-15
320.64,-7.332491862868922e-13,-1.8184116716539317e-15
320.65,-7.331398044571074e-13,-1.8215928779549234e-15
320.66,-7.330297749866668e-13,-1.8246869527864463e-15
320.67,-7.329200230949763e-13,-1.8279055485779557e-15
320.68,-7.328102012098699e-13,-1.8309892318386852e-15
320.69,-7.327005149664206e-13,-1.834135365805064e-15
320.7,-7.325909200979935e-13,-1.8372906748530796e-15
320.71,-7.324813013671268e-13,-1.8404840676225227e-15
320.72,-7.32371197367195e-13,-1.8435621685774845e-15
320.73,-7.322617707435383e-13,-1.8466484453904156e-15
320.74,-7.321526714937148e-13,-1.8497609480112502e-15
320.75,-7.320424324612701e-13,-1.8528461650447273e-15
320.76,-7.319334986349583e-13,-1.855958791112078e-15
320.77,-7.31823920346824e-13,-1.858992705844814e-15
320.78,-7.317134404849918e-13,-1.8620821381832775e-15
320.79,-7.316039666915903e-13,-1.8651456016375367e-15
320.8,-7.314942928570965e-13,-1.8679625952882644e-15
320.81,-7.313847699619702e-13,-1.8712651529382263e-15
320.82,-7.312750815753613e-13,-1.874271230375806e-15
320.83,-7.311656795962303e-13,-1.8773899650040618e-15
320.84,-7.310561108196836e-13,-1.8804510615914202e-15
320.85,-7.309463464493902e-13,-1.8834465309805112e-15
320.86,-7.308370961939934e-13,-1.886409909253969e-15
320.87,-7.307273227304062e-13,-1.889460804999619e-15
320.88,-7.306178035487169e-13,-1.8924212889956793e-15
320.89,-7.305082111527364e-13,-1.8954721386564977e-15
320.9,-7.303986626991674e-13,-1.8983985787068015e-15
320.91,-7.302892086150211e-13,-1.901446302987805e-15
320.92,-7.30179522791043e-13,-1.9043766193994116e-15
320.93,-7.300701474855767e-13,-1.907404572012254e-15
320.94,-7.299607122657224e-13,-1.9101968772223943e-15
320.95,-7.298511176906933e-13,-1.9131825610482747e-15
320.96,-7.297415139181291e-13,-1.916076143435175e-15
320.97,-7.296323421316105e-13,-1.919009249438298e-15
320.98,-7.295226960597541e-13,-1.9218920082921802e-15
320.99,-7.294135026414005e-13,-1.924821493314763e-15
321.0,-7.293037095677148e-13,-1.92773571357129e-15
321.01,-7.291949639445382e-13,-1.9305770802368575e-15
321.02,-7.290850329983412e-13,-1.9334447366068624e-15
321.03,-7.289753471092462e-13,-1.936276466801132e-15
321.04,-7.288661443779075e-13,-1.9390924008156404e-15
321.05,-7.287563738003765e-13,-1.941851756063171e-15
321.06,-7.286474703946312e-13,-1.9447352105013233e-15
321.07,-7.285379211328274e-13,-1.94761352122898e-15
321.08,-7.284285939381072e-13,-1.950393564825969e-15
321.09,-7.283193007570682e-13,-1.953107252600511e-15
321.1,-7.282094028273928e-13,-1.9559837569706507e-15
321.11,-7.281004581045078e-13,-1.9586824761039592e-15
321.12,-7.279913674869895e-13,-1.9615221665968927e-15
321.13,-7.278819982213319e-13,-1.964259381905447e-15
321.14,-7.277724360459186e-13,-1.9669585657344076e-15
321.15,-7.276634550614076e-13,-1.9696823521692847e-15
321.16,-7.275541062330838e-13,-1.972473689249353e-15
321.17,-7.274448248811039e-13,-1.975172209554476e-15
321.18,-7.273354585444532e-13,-1.977920840385552e-15
321.19,-7.27226572840137e-13,-1.9804908878676504e-15
321.2,-7.271170518943982e-13,-1.983150538646884e-15
321.21,-7.27007803687936e-13,-1.985811338575832e-15
321.22,-7.268985327564023e-13,-1.988468226961362e-15
321.23,-7.267892886357983e-13,-1.9910961740621436e-15
321.24,-7.266798841733684e-13,-1.9936781598631954e-15
321.25,-7.265708939648722e-13,-1.996314274517472e-15
321.26,-7.264617001746887e-13,-1.9989155922223613e-15
321.27,-7.263520552310905e-13,-2.0014155407735626e-15
321.28,-7.262460100988488e-13,-2.0044530451815507e-15
321.29,-7.261342592222133e-13,-2.0065921708331733e-15
321.3,-7.260249104812697e-13,-2.0090537403754188e-15
321.31,-7.259159767474484e-13,-2.011630433515191e-15
321.32,-7.258066934144542e-13,-2.014177738078677e-15
321.33,-7.256976549674187e-13,-2.016661868503555e-15
321.34,-7.255883744040528e-13,-2.0191261394403206e-15
321.35,-7.254799533243026e-13,-2.0217687575651307e-15
321.36,-7.25369748151029e-13,-2.024096794439045e-15
321.37,-7.252600851475383e-13,-2.0264766108561117e-15
321.38,-7.251521317998521e-13,-2.0289644925928076e-15
321.39,-7.250430381106492e-13,-2.031442819919265e-15
321.4,-7.249341246065969e-13,-2.0338018133743408e-15
321.41,-7.2482515362461e-13,-2.036292618968583e-15
321.42,-7.247158545684623e-13,-2.0385793037094494e-15
321.43,-7.24606993785346e-13,-2.0410019265126225e-15
321.44,-7.244979067027014e-13,-2.043345889649021e-15
321.45,-7.243893147696123e-13,-2.0459344230064665e-15
321.46,-7.242801553068615e-13,-2.0476621926364314e-15
321.47,-7.241709971108284e-13,-2.050294764818786e-15
321.48,-7.240616929717977e-13,-2.052496561193555e-15
321.49,-7.239526096936231e-13,-2.0547803146012685e-15
321.5,-7.238439691772921e-13,-2.057098887325157e-15
321.51,-7.237350916661978e-13,-2.059326778663644e-15
321.52,-7.236261921979707e-13,-2.0616036731103298e-15
321.53,-7.235171988999263e-13,-2.063781967823975e-15
321.54,-7.23408096571309e-13,-2.066771132587569e-15
321.55,-7.232999411378078e-13,-2.0681039678326487e-15
321.56,-7.231905344591198e-13,-2.0703409859404254e-15
321.57,-7.230818639163657e-13,-2.072597179593053e-15
321.58,-7.229728999605638e-13,-2.0746985198187133e-15
321.59,-7.228641827461605e-13,-2.0768796083935443e-15
321.6,-7.227551593948028e-13,-2.078980244777854e-15
321.61,-7.226465069615739e-13,-2.081069477916783e-15
321.62,-7.225370165473484e-13,-2.083022244982585e-15
321.63,-7.224282918068492e-13,-2.0852055009905417e-15
321.64,-7.223200931152938e-13,-2.087290513690139e-15
321.65,-7.222110836245743e-13,-2.0892346736698265e-15
321.66,-7.221024602826367e-13,-2.0913204314687953e-15
321.67,-7.21993639306731e-13,-2.093356909542096e-15
321.68,-7.218842844606108e-13,-2.0951296933509342e-15
321.69,-7.217763196810425e-13,-2.097313897102188e-15
321.7,-7.216673472192259e-13,-2.099277092067832e-15
321.71,-7.215588153163765e-13,-2.1012508733397237e-15
321.72,-7.214489415470572e-13,-2.1028743323932007e-15
321.73,-7.213419364053155e-13,-2.105135830482927e-15
321.74,-7.212328087076044e-13,-2.1069746952176695e-15
321.75,-7.21123986592933e-13,-2.108824290074046e-15
321.76,-7.21015415917387e-13,-2.110714980171367e-15
321.77,-7.209068991122117e-13,-2.1126244282643427e-15
321.78,-7.207982619840047e-13,-2.1144192555717718e-15
321.79,-7.206895406550426e-13,-2.116213275687425e-15
321.8,-7.205809364179832e-13,-2.1180052914314985e-15
321.81,-7.204722952183767e-13,-2.1197841896654543e-15
321.82,-7.203636972298612e-13,-2.1214768708616054e-15
321.83,-7.20255290223659e-13,-2.123276373707268e-15
321.84,-7.201467255115359e-13,-2.1249911723608075e-15
321.85,-7.200381607261702e-13,-2.126776848988168e-15
321.86,-7.199284084945347e-13,-2.1280704477675376e-15
321.87,-7.198211730655428e-13,-2.1301651767983044e-15
321.88,-7.197127978491247e-13,-2.1318321827800667e-15
321.89,-7.196041930081155e-13,-2.1334663654516724e-15
321.9,-7.194957702700437e-13,-2.1350249258678673e-15
321.91,-7.193871233175588e-13,-2.1366736526066735e-15
321.92,-7.192786041237795e-13,-2.138252807719759e-15
321.93,-7.191703076890098e-13,-2.1398428127305954e-15
321.94,-7.19061904040206e-13,-2.14143712770795e-15
321.95,-7.189538599129498e-13,-2.143019180685629e-15
321.96,-7.188451945864351e-13,-2.144526770491385e-15
321.97,-7.187367718624526e-13,-2.145992937630298e-15
321.98,-7.186283254606479e-13,-2.1474389140215563e-15
321.99,-7.185208296514939e-13,-2.149202426135647e-15
322.0,-7.184117023995393e-13,-2.150478350508487e-15
322.01,-7.183031286932986e-13,-2.1517848253994823e-15
322.02,-7.181950542484666e-13,-2.1533189335075862e-15
322.03,-7.18086393774123e-13,-2.154579059350977e-15
322.04,-7.179783138108111e-13,-2.156097412565776e-15
322.05,-7.178701407292245e-13,-2.1574427604834945e-15
322.06,-7.177616444018802e-13,-2.158706788134531e-15
322.07,-7.176536044091343e-13,-2.1601965701466217e-15
322.08,-7.175457285153547e-13,-2.1615030216555445e-15
322.09,-7.174374111245079e-13,-2.1626545406475165e-15
322.1,-7.173289583768215e-13,-2.1640692447396024e-15
322.11,-7.172209991082406e-13,-2.165321045925373e-15
322.12,-7.171126187908078e-13,-2.1665633299762534e-15
322.13,-7.170046128639193e-13,-2.1678161788891948e-15
322.14,-7.168962949567957e-13,-2.1690283654734025e-15
322.15,-7.167876272758598e-13,-2.1698995490727146e-15
322.16,-7.16680263843502e-13,-2.1713582722617113e-15
322.17,-7.165714283819476e-13,-2.1727394251472227e-15
322.18,-7.164640584496338e-13,-2.1736976641945153e-15
322.19,-7.163556907522391e-13,-2.1748426527272014e-15
322.2,-7.162478715968427e-13,-2.1759532407146177e-15
322.21,-7.161397946560097e-13,-2.1770379446182595e-15
322.22,-7.160319486734451e-13,-2.17814921809398e-15
322.23,-7.159240623259748e-13,-2.1792146702317016e-15
322.24,-7.15815578850334e-13,-2.180103489162805e-15
322.25,-7.157075508423218e-13,-2.181118147974033e-15
322.26,-7.155986893885235e-13,-2.1817933622927486e-15
322.27,-7.154916923179811e-13,-2.183234566924453e-15
322.28,-7.153840417069219e-13,-2.1841614401542883e-15
322.29,-7.152759236609528e-13,-2.185009399535127e-15
322.3,-7.151683118278307e-13,-2.185916614883902e-15
322.31,-7.150600459932006e-13,-2.186859172970357e-15
322.32,-7.1495229663362e-13,-2.1877336679170564e-15
322.33,-7.14844215559499e-13,-2.1886241482465173e-15
322.34,-7.147362753227478e-13,-2.1894884584880975e-15
322.35,-7.146289326280876e-13,-2.1904789898473272e-15
322.36,-7.145207596539158e-13,-2.19092008277401e-15
322.37,-7.14412998720119e-13,-2.191843352609623e-15
322.38,-7.143053604791788e-13,-2.1926764112932063e-15
322.39,-7.141976623698854e-13,-2.193479792069343e-15
322.4,-7.140898004660319e-13,-2.194159262914203e-15
322.41,-7.139820447008783e-13,-2.1948754843584895e-15
322.42,-7.13874293093651e-13,-2.1955972072549784e-15
322.43,-7.13766615319964e-13,-2.196301759065085e-15
322.44,-7.136589761349549e-13,-2.196965150432273e-15
322.45,-7.135512128479247e-13,-2.1977515417936003e-15
322.46,-7.134436294725625e-13,-2.198260257615457e-15
322.47,-7.133359640787847e-13,-2.1988296646912465e-15
322.48,-7.132282793959593e-13,-2.199362608247031e-15
322.49,-7.131204871140761e-13,-2.1999372307119376e-15
322.5,-7.130135444941009e-13,-2.20075213208932e-15
322.51,-7.129055949523891e-13,-2.2011300016145347e-15
322.52,-7.127983390099649e-13,-2.2017368775351788e-15
322.53,-7.126902482749446e-13,-2.201989586863866e-15
322.54,-7.125828285301487e-13,-2.2026250054744862e-15
322.55,-7.124753822623258e-13,-2.2030725189454413e-15
322.56,-7.123680132289475e-13,-2.203562579156284e-15
322.57,-7.122605861785867e-13,-2.2039962677001595e-15
322.58,-7.121529004096445e-13,-2.2043472712520084e-15
322.59,-7.120455169606113e-13,-2.204760273523861e-15
322.6,-7.119380902241342e-13,-2.2051546534973855e-15
322.61,-7.118308577661417e-13,-2.2053910707385785e-15
322.62,-7.117237059816032e-13,-2.2059263947691223e-15
322.63,-7.11616144734436e-13,-2.20628299144362e-15
322.64,-7.115086341312227e-13,-2.2064837786444325e-15
322.65,-7.114013306221388e-13,-2.2067321520310264e-15
322.66,-7.112940858588557e-13,-2.2069918797940375e-15
322.67,-7.111867192087536e-13,-2.2072398818236937e-15
322.68,-7.110794376280725e-13,-2.2074911404802e-15
322.69,-7.109720897578631e-13,-2.2076463486635806e-15
322.7,-7.108645547238611e-13,-2.2079794707136278e-15
322.71,-7.107576517700718e-13,-2.2080735662797207e-15
322.72,-7.106501702684619e-13,-2.2081068031737776e-15
322.73,-7.10543687461466e-13,-2.208659087661422e-15
322.74,-7.104368823446969e-13,-2.2088396940351883e-15
322.75,-7.103288042885739e-13,-2.2084607664330158e-15
322.76,-7.102217780533402e-13,-2.208658328889947e-15
322.77,-7.101144868220893e-13,-2.208645709468211e-15
322.78,-7.100073336715682e-13,-2.208629265473602e-15
322.79,-7.099006041994779e-13,-2.2088463212513463e-15
322.8,-7.097931815198887e-13,-2.2088042181136395e-15
322.81,-7.09686250989149e-13,-2.2087924556004672e-15
322.82,-7.09579410485098e-13,-2.208875707412646e-15
322.83,-7.094722249393943e-13,-2.208667499203752e-15
322.84,-7.093650917381451e-13,-2.2086190404973103e-15
322.85,-7.092582695939408e-13,-2.2085169733385737e-15
322.86,-7.09151276673471e-13,-2.2084420400349123e-15
322.87,-7.090443231412031e-13,-2.208317031363188e-15
322.88,-7.08937409936686e-13,-2.2081117317567786e-15
322.89,-7.088299616631816e-13,-2.2076014230471637e-15
322.9,-7.087236603740051e-13,-2.207750855626939e-15
322.91,-7.086169034377008e-13,-2.2077051622363018e-15
322.92,-7.085099249961085e-13,-2.2074696468826454e-15
322.93,-7.084032331532877e-13,-2.207219065862844e-15
322.94,-7.082962113359702e-13,-2.2069650919617237e-15
322.95,-7.081896856288923e-13,-2.2066919480945475e-15
322.96,-7.080826389125496e-13,-2.2064117511048833e-15
322.97,-7.079757810901469e-13,-2.2061160072808635e-15
322.98,-7.078695476588133e-13,-2.206118101451882e-15
322.99,-7.077625450119476e-13,-2.2055722620538404e-15
323.0,-7.076556480812641e-13,-2.2050249463060977e-15
323.01,-7.075489241994008e-13,-2.2046869807604754e-15
323.02,-7.074429575218067e-13,-2.2048293238918738e-15
323.03,-7.073354483676424e-13,-2.203806856729118e-15
323.04,-7.072293219112444e-13,-2.203586417480915e-15
323.05,-7.071227144346508e-13,-2.203149142775787e-15
323.06,-7.070163279794391e-13,-2.2026880530343656e-15
323.07,-7.069096458835605e-13,-2.2022121451944053e-15
323.08,-7.068029674876015e-13,-2.201713654751162e-15
323.09,-7.066964380185048e-13,-2.2012450289001663e-15
323.1,-7.065898967857791e-13,-2.2007257181589996e-15
323.11,-7.064833895564977e-13,-2.200015077761381e-15
323.12,-7.063769516117445e-13,-2.1996430091960666e-15
323.13,-7.062705495220555e-13,-2.1990935617886847e-15
323.14,-7.061640325563896e-13,-2.1984626836408843e-15
323.15,-7.060578985872191e-13,-2.197968039060406e-15
323.16,-7.059515032907542e-13,-2.19724407579307e-15
323.17,-7.058451567385757e-13,-2.196622380586932e-15
323.18,-7.057386752124595e-13,-2.195957519723736e-15
323.19,-7.056323190094644e-13,-2.1952253204913065e-15
323.2,-7.055263993737809e-13,-2.1948606220945746e-15
323.21,-7.05419751789646e-13,-2.193843484381342e-15
323.22,-7.053135122874671e-13,-2.1931230290915528e-15
323.23,-7.052073070384229e-13,-2.192388233388507e-15
323.24,-7.051007659811645e-13,-2.1913974691653845e-15
323.25,-7.049962157966235e-13,-2.1921271029270586e-15
323.26,-7.048887177689001e-13,-2.1901347806532745e-15
323.27,-7.047826459167166e-13,-2.1893397079126435e-15
323.28,-7.04676321272288e-13,-2.1884180718268063e-15
323.29,-7.045704695806652e-13,-2.1875403021608766e-15
323.3,-7.044642940746137e-13,-2.1867240469108387e-15
323.31,-7.043582303136931e-13,-2.185818238612847e-15
323.32,-7.042521482880048e-13,-2.1849582407848928e-15
323.33,-7.041462674514958e-13,-2.184172083861465e-15
323.34,-7.040400836220706e-13,-2.1830301867344987e-15
323.35,-7.039339999687826e-13,-2.182227438343316e-15
323.36,-7.038280859603624e-13,-2.1812422340739174e-15
323.37,-7.037221987127969e-13,-2.1802856795911485e-15
323.38,-7.036165034928448e-13,-2.179335021401226e-15
323.39,-7.035103877979392e-13,-2.178239301360787e-15
323.4,-7.03404491918528e-13,-2.177207623696256e-15
323.41,-7.032985294034989e-13,-2.176197617790014e-15
323.42,-7.03192380431938e-13,-2.175149921220449e-15
323.43,-7.030885263020447e-13,-2.1741769400350206e-15
323.44,-7.029811471138399e-13,-2.1729732215430874e-15
323.45,-7.028754052121171e-13,-2.1719568108015636e-15
323.46,-7.027696028665653e-13,-2.170820535807615e-15
323.47,-7.026638367470505e-13,-2.1696217106496897e-15
323.48,-7.025582672307056e-13,-2.1685274581631597e-15
323.49,-7.024524951991022e-13,-2.1673684493755155e-15
323.5,-7.023468202631407e-13,-2.166146938985324e-15
323.51,-7.022404362700872e-13,-2.163962863517403e-15
323.52,-7.021354511687234e-13,-2.1638134835033196e-15
323.53,-7.020298641542311e-13,-2.162471135888022e-15
323.54,-7.019244853027454e-13,-2.1614367736532997e-15
323.55,-7.018188982792378e-13,-2.160152082672602e-15
323.56,-7.017133516948463e-13,-2.1589409573080987e-15
323.57,-7.016079603569574e-13,-2.1576481900062215e-15
323.58,-7.015027362359246e-13,-2.1563634429884875e-15
323.59,-7.013969992858803e-13,-2.1550216986019075e-15
323.6,-7.012910349485932e-13,-2.1538107598774438e-15
323.61,-7.011861016774924e-13,-2.152391111945189e-15
323.62,-7.010806305539167e-13,-2.150930566671254e-15
323.63,-7.00975373589028e-13,-2.1496795256434947e-15
323.64,-7.00869940473216e-13,-2.148291827432792e-15
323.65,-7.007646408883123e-13,-2.1467431446462563e-15
323.66,-7.006593793619302e-13,-2.1454944271309847e-15
323.67,-7.005540749609008e-13,-2.143996060974088e-15
323.68,-7.004487116146024e-13,-2.1426116977134902e-15
323.69,-7.00343255244792e-13,-2.141219280900297e-15
323.7,-7.002383146973842e-13,-2.1397375046439946e-15
323.71,-7.001332572787767e-13,-2.138257125631085e-15
323.72,-7.000279838024904e-13,-2.1367208927575828e-15
323.73,-6.999227866591434e-13,-2.1352397663172052e-15
323.74,-6.998176890250002e-13,-2.133809200305199e-15
323.75,-6.997126319510061e-13,-2.13224624252908e-15
323.76,-6.996074949538599e-13,-2.130647996246607e-15
323.77,-6.995025958474597e-13,-2.129187851314701e-15
323.78,-6.993974769407714e-13,-2.12774649771852e-15
323.79,-6.992926672256097e-13,-2.1259751054399966e-15
323.8,-6.991874364112281e-13,-2.124350676180593e-15
323.81,-6.990824422430807e-13,-2.1227152021710797e-15
323.82,-6.98977590717562e-13,-2.1211112563760006e-15
323.83,-6.98872436607284e-13,-2.1196343347686513e-15
323.84,-6.987678860407522e-13,-2.117789205306752e-15
323.85,-6.986629319219752e-13,-2.116220986435836e-15
323.86,-6.985581482723114e-13,-2.114479825367101e-15
323.87,-6.984530097254086e-13,-2.11274863307556e-15
323.88,-6.983483914795102e-13,-2.1111440903704312e-15
323.89,-6.982435718801289e-13,-2.109333360308974e-15
323.9,-6.981390132624348e-13,-2.1077213644552876e-15
323.91,-6.98034195438515e-13,-2.1059729034884656e-15
323.92,-6.979294206378767e-13,-2.1042152671040354e-15
323.93,-6.978248367308825e-13,-2.102410288231976e-15
323.94,-6.977200968827076e-13,-2.1006146425583295e-15
323.95,-6.97615434049192e-13,-2.0988118924308527e-15
323.96,-6.975111832021936e-13,-2.0969720993843357e-15
323.97,-6.974065284834481e-13,-2.0953339978390462e-15
323.98,-6.973017817257312e-13,-2.093469078273263e-15
323.99,-6.971972299255305e-13,-2.091599721408141e-15
324.0,-6.970927541518086e-13,-2.089595054852451e-15
324.01,-6.969883306666804e-13,-2.0878313359121804e-15
324.02,-6.968838381626116e-13,-2.086010979500669e-15
324.03,-6.967793833110921e-13,-2.0841408551009295e-15
324.04,-6.966748104333731e-13,-2.082280945021213e-15
324.05,-6.965705984577069e-13,-2.080411724721781e-15
324.06,-6.964662802556128e-13,-2.078525966701976e-15
324.07,-6.963619694248876e-13,-2.076593866439285e-15
324.08,-6.962575680853364e-13,-2.074619566377858e-15
324.09,-6.961532666469942e-13,-2.0726966842900237e-15
324.1,-6.960489832120119e-13,-2.0707379436750113e-15
324.11,-6.959444362853874e-13,-2.0688649829743765e-15
324.12,-6.958404189241773e-13,-2.0665383555925605e-15
324.13,-6.957363642103897e-13,-2.0648204147980688e-15
324.14,-6.956322966378033e-13,-2.0629118837718606e-15
324.15,-6.955280941812697e-13,-2.060806772411069e-15
324.16,-6.954235939400579e-13,-2.0587445689974224e-15
324.17,-6.953198426146223e-13,-2.0567878527279102e-15
324.18,-6.952156356642717e-13,-2.0547206381325464e-15
324.19,-6.951116455721054e-13,-2.0526606809186774e-15
324.2,-6.950075437176776e-13,-2.050584414807204e-15
324.21,-6.9490370697722e-13,-2.048515081306968e-15
324.22,-6.94799617989474e-13,-2.0464056799056574e-15
324.23,-6.946954145685506e-13,-2.043988594790527e-15
324.24,-6.945917686109848e-13,-2.0423087711207245e-15
324.25,-6.944879053504599e-13,-2.0402563649418404e-15
324.26,-6.94384191962007e-13,-2.0382111305662343e-15
324.27,-6.942801197176517e-13,-2.0359309207879093e-15
324.28,-6.941764740666324e-13,-2.033855096428672e-15
324.29,-6.940725490393385e-13,-2.0317090931291112e-15
324.3,-6.939684841061826e-13,-2.0294440840902376e-15
324.31,-6.938646194811559e-13,-2.027291765072361e-15
324.32,-6.937612337505174e-13,-2.025272434000886e-15
324.33,-6.936579369376926e-13,-2.0230924341168768e-15
324.34,-6.935539633505954e-13,-2.020868115885767e-15
324.35,-6.934501091967781e-13,-2.0186314952084505e-15
324.36,-6.933466886363166e-13,-2.0164784606766177e-15
324.37,-6.932429864770633e-13,-2.0142035147730092e-15
324.38,-6.931394422856291e-13,-2.012039419524569e-15
324.39,-6.930358317947672e-13,-2.0097330388568793e-15
324.4,-6.929323854448609e-13,-2.0075740496591684e-15
324.41,-6.928288902572865e-13,-2.0052390133074607e-15
324.42,-6.927252672840172e-13,-2.0029708852221844e-15
324.43,-6.926218658803628e-13,-2.0007735792848594e-15
324.44,-6.925184789334565e-13,-1.998532290174191e-15
324.45,-6.924150771439654e-13,-1.9962241072675187e-15
324.46,-6.923116567699643e-13,-1.993957763828061e-15
324.47,-6.922082376694755e-13,-1.9918056541166477e-15
324.48,-6.921049977101024e-13,-1.9893491734737853e-15
324.49,-6.920016487898605e-13,-1.9871404535273853e-15
324.5,-6.918985551192724e-13,-1.9846617123479347e-15
324.51,-6.917951946963524e-13,-1.982421297654211e-15
324.52,-6.916919263429237e-13,-1.9801627076751253e-15
324.53,-6.915886568015586e-13,-1.977652814973158e-15
324.54,-6.91485456753897e-13,-1.97544934860698e-15
324.55,-6.913822889768197e-13,-1.9730458765637242e-15
324.56,-6.91279064802988e-13,-1.970742175990657e-15
324.57,-6.911762735421159e-13,-1.9684094685222257e-15
324.58,-6.910730117626464e-13,-1.965916120969371e-15
324.59,-6.909702273937506e-13,-1.963510089099454e-15
324.6,-6.908669933209508e-13,-1.96128777422464e-15
324.61,-6.907640758304211e-13,-1.9588972458404588e-15
324.62,-6.906608993885299e-13,-1.9564532139573762e-15
324.63,-6.905581213556013e-13,-1.9541346251827337e-15
324.64,-6.904550777448141e-13,-1.951688451480854e-15
324.65,-6.903524462428461e-13,-1.9491987705204845e-15
324.66,-6.902494139446861e-13,-1.9468355898908425e-15
324.67,-6.901465829149622e-13,-1.9444275851310455e-15
324.68,-6.900437066509932e-13,-1.941888892688492e-15
324.69,-6.899408144228243e-13,-1.9395161495015897e-15
324.7,-6.898381750906337e-13,-1.9371442248446774e-15
324.71,-6.897354128611215e-13,-1.9347447633797806e-15
324.72,-6.896327978780478e-13,-1.932234957567263e-15
324.73,-6.895299042985621e-13,-1.9298406722903615e-15
324.74,-6.894272385411766e-13,-1.9272985712185292e-15
324.75,-6.893246224773729e-13,-1.92489795042159e-15
324.76,-6.892218927956441e-13,-1.9224338356837243e-15
324.77,-6.891190595147702e-13,-1.9196146942920612e-15
324.78,-6.890168909270258e-13,-1.9174377667603473e-15
324.79,-6.889141342935836e-13,-1.9150212665198347e-15
324.8,-6.888118073190655e-13,-1.9124782946556415e-15
324.81,-6.887090655842179e-13,-1.9099561144581554e-15
324.82,-6.88606831044499e-13,-1.9075465510722196e-15
324.83,-6.885043030403371e-13,-1.905016896109265e-15
324.84,-6.884019401413917e-13,-1.9025394300684673e-15
324.85,-6.882996555603635e-13,-1.8999836014567665e-15
324.86,-6.881976333695291e-13,-1.89733367792985e-15
324.87,-6.880948389322406e-13,-1.894963113367367e-15
324.88,-6.879926959885379e-13,-1.8924901975925658e-15
324.89,-6.878902767042149e-13,-1.8899088106652537e-15
324.9,-6.877881998814049e-13,-1.8876421196906408e-15
324.91,-6.876857345866372e-13,-1.8849049586924025e-15
324.92,-6.87583792568842e-13,-1.882417461361781e-15
324.93,-6.874814029014575e-13,-1.8798142905741977e-15
324.94,-6.873791483737e-13,-1.8773545602240038e-15
324.95,-6.872771197172013e-13,-1.8747863578608338e-15
324.96,-6.871750341719238e-13,-1.8722032908951206e-15
324.97,-6.870729595651975e-13,-1.869615327860768e-15
324.98,-6.869708399414651e-13,-1.8670242849553317e-15
324.99,-6.868683904065117e-13,-1.864710194552409e-15
325.0,-6.867667128201985e-13,-1.86191692030276e-15
325.01,-6.866646448235056e-13,-1.859482694067921e-15
325.02,-6.865628227658573e-13,-1.8568608945395906e-15
325.03,-6.864609320336593e-13,-1.854379433257645e-15
325.04,-6.863591242895965e-13,-1.851900912701808e-15
325.05,-6.862570544340897e-13,-1.8491957748610068e-15
325.06,-6.861551288354839e-13,-1.8466591957318914e-15
325.07,-6.860532998087809e-13,-1.844136263917838e-15
325.08,-6.859516094186633e-13,-1.8414993170920108e-15
325.09,-6.858498413378751e-13,-1.838915996674995e-15
325.1,-6.857479998732166e-13,-1.8363095924946603e-15
325.11,-6.856463605210959e-13,-1.8338086034454466e-15
325.12,-6.855443075603633e-13,-1.8312334513939426e-15
325.13,-6.854424915868523e-13,-1.8286234100432914e-15
325.14,-6.853413467693102e-13,-1.8260056237121e-15
325.15,-6.852398148715053e-13,-1.823467284837952e-15
325.16,-6.851380756243811e-13,-1.82089004475558e-15
325.17,-6.850362919024615e-13,-1.818443960967411e-15
325.18,-6.849349413969037e-13,-1.815703120757256e-15
325.19,-6.848334024504854e-13,-1.813161305250872e-15
325.2,-6.84731989827322e-13,-1.810546089651692e-15
325.21,-6.846306108022168e-13,-1.8081133075181248e-15
325.22,-6.845274999739581e-13,-1.8057788472299715e-15
325.23,-6.844273475513259e-13,-1.802808073140427e-15
325.24,-6.843260718518499e-13,-1.800247565129465e-15
325.25,-6.842247387589082e-13,-1.7976452985027483e-15
325.26,-6.841232441410058e-13,-1.795094837673858e-15
325.27,-6.840219785559988e-13,-1.7924513317075004e-15
325.28,-6.83920823989076e-13,-1.7898368938131545e-15
325.29,-6.838196266377538e-13,-1.7873290637920804e-15
325.3,-6.837182781570278e-13,-1.7848650969265236e-15
325.31,-6.836173393677576e-13,-1.7820110383496345e-15
325.32,-6.835159401045084e-13,-1.7795132491977563e-15
325.33,-6.834146918574882e-13,-1.7769304400693927e-15
325.34,-6.833136246970792e-13,-1.7743905068646036e-15
325.35,-6.832125659277997e-13,-1.7717812543800641e-15
325.36,-6.831115992396009e-13,-1.7691815742580678e-15
325.37,-6.830105000018458e-13,-1.7665520518769104e-15
325.38,-6.829091840011595e-13,-1.7640510048654126e-15
325.39,-6.828066216254836e-13,-1.761572667659948e-15
325.4,-6.827079178387182e-13,-1.7589271302774387e-15
325.41,-6.826063092409853e-13,-1.7563145365467702e-15
325.42,-6.825052496176229e-13,-1.753730490507194e-15
325.43,-6.824044161235812e-13,-1.7511756210317715e-15
325.44,-6.823035226375393e-13,-1.7485661042632505e-15
325.45,-6.8220253207084e-13,-1.7460046023330582e-15
325.46,-6.821017642695697e-13,-1.7434177547386774e-15
325.47,-6.820009840335275e-13,-1.740826444477605e-15
325.48,-6.819016750498014e-13,-1.7381120307160952e-15
325.49,-6.81799066159635e-13,-1.7356775785721624e-15
325.5,-6.816988306501996e-13,-1.7331424243529258e-15
325.51,-6.815978695898097e-13,-1.7305801407315403e-15
325.52,-6.814972671196831e-13,-1.7280198893093604e-15
325.53,-6.813963590177384e-13,-1.7254676225315935e-15
325.54,-6.812959329519296e-13,-1.7230046226654994e-15
325.55,-6.811954660745536e-13,-1.7204851636405585e-15
325.56,-6.810948990260131e-13,-1.7178610258349437e-15
325.57,-6.809933579583765e-13,-1.714784444959035e-15
325.58,-6.80893518063636e-13,-1.7126087497276285e-15
325.59,-6.807929611404734e-13,-1.7101759535054177e-15
325.6,-6.80692438643403e-13,-1.7076299804362126e-15
325.61,-6.805920692569836e-13,-1.7051308447893383e-15
325.62,-6.804916995595545e-13,-1.7025550727464004e-15
325.63,-6.803911397079514e-13,-1.7000569548131565e-15
325.64,-6.802903417909921e-13,-1.6974814989974513e-15
325.65,-6.801901032654228e-13,-1.695028477272543e-15
325.66,-6.800897116470506e-13,-1.6925446239422336e-15
325.67,-6.79989688210239e-13,-1.6900141915372178e-15
325.68,-6.798895218735112e-13,-1.6874588535741004e-15
325.69,-6.797891825698551e-13,-1.6849451878475626e-15
325.7,-6.79688989088341e-13,-1.6824032489252053e-15
325.71,-6.795887171794814e-13,-1.6799188265166848e-15
325.72,-6.794884968657036e-13,-1.6774260549531334e-15
325.73,-6.793883070829497e-13,-1.6749181002348697e-15
325.74,-6.792881679375602e-13,-1.6724387295025171e-15
325.75,-6.791873992295916e-13,-1.6699544850609417e-15
325.76,-6.79088333826847e-13,-1.6675021553415334e-15
325.77,-6.789879654582343e-13,-1.6649655408059716e-15
325.78,-6.788877104557627e-13,-1.6625060769393646e-15
325.79,-6.787878457286974e-13,-1.660052217931204e-15
325.8,-6.786873611654845e-13,-1.6576546866542312e-15
325.81,-6.78587764244644e-13,-1.655099525828138e-15
325.82,-6.784878679726069e-13,-1.6526802977836119e-15
325.83,-6.783878965353312e-13,-1.6502607725621176e-15
325.84,-6.782886765815729e-13,-1.6477761427265674e-15
325.85,-6.781879413638752e-13,-1.645285630857433e-15
325.86,-6.780881450961416e-13,-1.6428681281757293e-15
325.87,-6.779883245812167e-13,-1.640413584887284e-15
325.88,-6.778886266384341e-13,-1.6380664972931455e-15
325.89,-6.777883324730529e-13,-1.6355143810254245e-15
325.9,-6.77689068345182e-13,-1.6331774032550047e-15
325.91,-6.775892954503177e-13,-1.6307525402026292e-15
325.92,-6.774896299737359e-13,-1.6282814093874998e-15
325.93,-6.773906200604614e-13,-1.6260052713294263e-15
325.94,-6.772905282459003e-13,-1.6236863542673685e-15
325.95,-6.771906680698253e-13,-1.6211747789672e-15
325.96,-6.770910604593737e-13,-1.6188857560606877e-15
325.97,-6.769917067370758e-13,-1.6164283805129986e-15
325.98,-6.768920977390988e-13,-1.6140465080849486e-15
325.99,-6.767921920905585e-13,-1.61162892666029e-15
326.0,-6.76692765218359e-13,-1.6092845177673915e-15
326.01,-6.76593015565261e-13,-1.6069214379299533e-15
326.02,-6.764941415692032e-13,-1.6046822793367294e-15
326.03,-6.763942198662874e-13,-1.6022505437876122e-15
326.04,-6.762949735104701e-13,-1.5999270755116781e-15
326.05,-6.761956421491804e-13,-1.5975967894037203e-15
326.06,-6.760961012517337e-13,-1.595269347673641e-15
326.07,-6.759968288721683e-13,-1.5929481520096103e-15
326.08,-6.758974565359667e-13,-1.5907744699276715e-15
326.09,-6.75798066178256e-13,-1.5883328164703494e-15
326.1,-6.756989399204928e-13,-1.5860493513785138e-15
326.11,-6.755996319681696e-13,-1.5837200688523612e-15
326.12,-6.75500122626992e-13,-1.5813498903131389e-15
326.13,-6.754013140506404e-13,-1.5791801679532092e-15
326.14,-6.75301687171831e-13,-1.576827704211754e-15
326.15,-6.752027416068216e-13,-1.574627005825448e-15
326.16,-6.751036016190285e-13,-1.572366729581975e-15
326.17,-6.750043335378853e-13,-1.5700462136921172e-15
326.18,-6.749054848543563e-13,-1.5679130464984154e-15
326.19,-6.748060648488563e-13,-1.5656024792180416e-15
326.2,-6.747073338179965e-13,-1.5633908446111565e-15
326.21,-6.746084785093539e-13,-1.5612688745996985e-15
326.22,-6.745089900759264e-13,-1.5589440520956545e-15
326.23,-6.744100029878553e-13,-1.556672143966763e-15
326.24,-6.743111051101451e-13,-1.5545472089524307e-15
326.25,-6.742123547115353e-13,-1.552359516861054e-15
326.26,-6.741134334554423e-13,-1.550169707834814e-15
326.27,-6.740144509029804e-13,-1.5479803272562734e-15
326.28,-6.739158919596201e-13,-1.5458301447596032e-15
326.29,-6.738165824330689e-13,-1.5436395486345197e-15
326.3,-6.73717644820176e-13,-1.5417056546184717e-15
326.31,-6.736189502899769e-13,-1.5394119342208442e-15
326.32,-6.735203725971177e-13,-1.5372111587393133e-15
326.33,-6.73421518734351e-13,-1.5350766953182274e-15
326.34,-6.733228567002863e-13,-1.5329598540987002e-15
326.35,-6.732240238178815e-13,-1.5308159734418148e-15
326.36,-6.731253883484268e-13,-1.5287625384048743e-15
326.37,-6.73026791451424e-13,-1.5265801485009631e-15
326.38,-6.729282877826239e-13,-1.5246052697387709e-15
326.39,-6.728297860443574e-13,-1.5223744782592012e-15
326.4,-6.727308659053284e-13,-1.5204069674033203e-15
326.41,-6.726323200890662e-13,-1.5183405969585933e-15
326.42,-6.725337912180733e-13,-1.5162494545135184e-15
326.43,-6.72435116569341e-13,-1.5141771370844212e-15
326.44,-6.723366322379558e-13,-1.5122404910681646e-15
326.45,-6.722381430205174e-13,-1.5102279957757523e-15
326.46,-6.721396921680467e-13,-1.5081125268035178e-15
326.47,-6.720416313506737e-13,-1.5061888835708252e-15
326.48,-6.719427653736516e-13,-1.5042056191333985e-15
326.49,-6.718443116403435e-13,-1.5020732267313828e-15
326.5,-6.717461492418154e-13,-1.5001993876427159e-15
326.51,-6.716477268700432e-13,-1.4981627132020288e-15
326.52,-6.715492671993802e-13,-1.4961721788468788e-15
326.53,-6.71451365079657e-13,-1.4943042540239003e-15
326.54,-6.713526924197071e-13,-1.4923135903638149e-15
326.55,-6.712545059278559e-13,-1.4904556643837028e-15
326.56,-6.71156648850704e-13,-1.488601548741951e-15
326.57,-6.710580400444464e-13,-1.4864345074771827e-15
326.58,-6.709599232186036e-13,-1.4845747134263013e-15
326.59,-6.708615231587166e-13,-1.4827155652439548e-15
326.6,-6.707634169932675e-13,-1.4807383538159221e-15
326.61,-6.706652059708715e-13,-1.4788931191188989e-15
326.62,-6.705672275426011e-13,-1.4769910931535547e-15
326.63,-6.704690723052974e-13,-1.475176083788943e-15
326.64,-6.703713414126136e-13,-1.4730837703792413e-15
326.65,-6.702732466046653e-13,-1.4714632548454843e-15
326.66,-6.701749498667331e-13,-1.4696865884256597e-15
326.67,-6.700769989917533e-13,-1.467773108849376e-15
326.68,-6.699788141072624e-13,-1.4660104895468787e-15
326.69,-6.698810729354304e-13,-1.464123680215866e-15
326.7,-6.697830442271236e-13,-1.4623531244954673e-15
326.71,-6.696851149584581e-13,-1.460551663350418e-15
326.72,-6.695871071867594e-13,-1.4587646581034827e-15
326.73,-6.694888707094023e-13,-1.4570232707154339e-15
326.74,-6.693918626995867e-13,-1.455520357256242e-15
326.75,-6.692937301400553e-13,-1.4535237946113337e-15
326.76,-6.691955169237164e-13,-1.4517166898890809e-15
326.77,-6.690980659039837e-13,-1.4501080824643154e-15
326.78,-6.689999075778134e-13,-1.448315322106922e-15
326.79,-6.689024248702827e-13,-1.4466090323945088e-15
326.8,-6.688045825439123e-13,-1.444912649637557e-15
326.81,-6.687069507227859e-13,-1.4432294141156868e-15
326.82,-6.686094254366372e-13,-1.4414009035879206e-15
326.83,-6.685109456725384e-13,-1.4398148791824515e-15
326.84,-6.684138375010445e-13,-1.4382367410057354e-15
326.85,-6.68316350633026e-13,-1.4365773985053366e-15
326.86,-6.682187493922701e-13,-1.4349953825112696e-15
326.87,-6.681206724167632e-13,-1.4331177541397982e-15
326.88,-6.680234627375437e-13,-1.4317265010741851e-15
326.89,-6.679258958633322e-13,-1.4301029013564944e-15
326.9,-6.678285152743765e-13,-1.4285873880977176e-15
326.91,-6.67730513699862e-13,-1.4269797726469236e-15
326.92,-6.676334400814781e-13,-1.4254590718645702e-15
326.93,-6.675360569105053e-13,-1.423801448419385e-15
326.94,-6.674386765085995e-13,-1.4222987818832408e-15
326.95,-6.673410807268338e-13,-1.420683956344856e-15
326.96,-6.672435028154152e-13,-1.4191386079560226e-15
326.97,-6.671463657592045e-13,-1.4177606662786777e-15
326.98,-6.67048811811584e-13,-1.416168346708599e-15
326.99,-6.669515198604258e-13,-1.4146908599756946e-15
327.0,-6.668542956950011e-13,-1.4130824438650658e-15
327.01,-6.667574499205314e-13,-1.411847605074282e-15
327.02,-6.666591264078371e-13,-1.41006881398806e-15
327.03,-6.665626950863763e-13,-1.4089714204606445e-15
327.04,-6.664648623302532e-13,-1.4073057687675515e-15
327.05,-6.663677434841886e-13,-1.4058746365899561e-15
327.06,-6.662704937828939e-13,-1.4044947991521848e-15
327.07,-6.661733727007267e-13,-1.4031056340147528e-15
327.08,-6.660759581094107e-13,-1.4016342924756501e-15
327.09,-6.659791537551613e-13,-1.4003238379798268e-15
327.1,-6.658812593261971e-13,-1.3988258470977682e-15
327.11,-6.657847881459079e-13,-1.3975865287675172e-15
327.12,-6.656877312710262e-13,-1.3961960566526981e-15
327.13,-6.655904536647697e-13,-1.3948674938555e-15
327.14,-6.654935844664028e-13,-1.3935406014804687e-15
327.15,-6.653963999393352e-13,-1.3922029116385695e-15
327.16,-6.652993794974159e-13,-1.3908784303906028e-15
327.17,-6.652025267695494e-13,-1.389561376524152e-15
327.18,-6.651057947408848e-13,-1.3882796900202294e-15
327.19,-6.650075631596514e-13,-1.387615203338124e-15
327.2,-6.649114967977425e-13,-1.3857173284758044e-15
327.21,-6.64814703433531e-13,-1.384509065130264e-15
327.22,-6.647175923770499e-13,-1.3832843283416159e-15
327.23,-6.646204848283301e-13,-1.3818982180196615e-15
327.24,-6.645237386527385e-13,-1.380754317272573e-15
327.25,-6.64427101475294e-13,-1.3796573275932867e-15
327.26,-6.643301457797525e-13,-1.378344501643881e-15
327.27,-6.642323831936647e-13,-1.3769679385461879e-15
327.28,-6.641364981744496e-13,-1.3758044773105164e-15
327.29,-6.640399071985463e-13,-1.374866902925708e-15
327.3,-6.639430293690349e-13,-1.3737454927380969e-15
327.31,-6.638462215216966e-13,-1.3725926148818326e-15
327.32,-6.637496570751782e-13,-1.3714786186184858e-15
327.33,-6.63653018494502e-13,-1.3703336870043637e-15
327.34,-6.635561015639714e-13,-1.3691873734398256e-15
327.35,-6.634594848789752e-13,-1.3681278545338015e-15
327.36,-6.63361485866264e-13,-1.3666271097389245e-15
327.37,-6.632663481483336e-13,-1.3661614723734557e-15
327.38,-6.631695983661889e-13,-1.3649377218609724e-15
327.39,-6.630729235408435e-13,-1.3638859981367483e-15
327.4,-6.629764419661598e-13,-1.3629065692924378e-15
327.41,-6.628799384613051e-13,-1.361900822812324e-15
327.42,-6.627833550074066e-13,-1.3608143018696202e-15
327.43,-6.626867240449387e-13,-1.359823598433988e-15
327.44,-6.625903501828283e-13,-1.3588250507122023e-15
327.45,-6.624941349507356e-13,-1.3580586102071654e-15
327.46,-6.623974951062654e-13,-1.3568362521860407e-15
327.47,-6.623011286531301e-13,-1.3560447038992026e-15
327.48,-6.622043868606611e-13,-1.3549660156695744e-15
327.49,-6.621080674813489e-13,-1.3540617786024075e-15
327.5,-6.620114654931428e-13,-1.3530117007334286e-15
327.51,-6.619152213106374e-13,-1.3522050985367806e-15
327.52,-6.618187528093525e-13,-1.351294059719413e-15
327.53,-6.617224135356881e-13,-1.3503887766686464e-15
327.54,-6.616271287974639e-13,-1.3493453822477033e-15
327.55,-6.615298437878035e-13,-1.3487236285068676e-15
327.56,-6.614335596007672e-13,-1.3478889213271422e-15
327.57,-6.613370835575773e-13,-1.3470456767788678e-15
327.58,-6.612409565045439e-13,-1.3462226203341918e-15
327.59,-6.611446460591866e-13,-1.345342879009572e-15
327.6,-6.610485126624311e-13,-1.3445466191708847e-15
327.61,-6.609518790025368e-13,-1.3435274881504553e-15
327.62,-6.608559639936919e-13,-1.342926432823448e-15
327.63,-6.607599997827411e-13,-1.3423639089017219e-15
327.64,-6.606641723638082e-13,-1.3415746604282858e-15
327.65,-6.605676087719483e-13,-1.3406910419498308e-15
327.66,-6.604714835314455e-13,-1.3400289633305074e-15
327.67,-6.603755486173886e-13,-1.339307079526792e-15
327.68,-6.602793465888741e-13,-1.3385107432363845e-15
327.69,-6.601834404422014e-13,-1.3379076678509237e-15
327.7,-6.600870210108919e-13,-1.337042807428683e-15
327.71,-6.599910801762248e-13,-1.3364745552967827e-15
327.72,-6.598945169005428e-13,-1.3356298910740816e-15
327.73,-6.597991715497524e-13,-1.3352082313779382e-15
327.74,-6.597033111816243e-13,-1.3347248410283372e-15
327.75,-6.596070257798021e-13,-1.3338426686569721e-15
327.76,-6.595111506244375e-13,-1.3332827591428955e-15
327.77,-6.594159621354915e-13,-1.333077112306759e-15
327.78,-6.593192950878016e-13,-1.3320251102983785e-15
327.79,-6.59223370409681e-13,-1.3314852989720832e-15
327.8,-6.591274428977242e-13,-1.3309214427688094e-15
327.81,-6.590319654509892e-13,-1.3304411301312333e-15
327.82,-6.589358827268373e-13,-1.3297987347250414e-15
327.83,-6.588399416214754e-13,-1.3292891261479369e-15
327.84,-6.587441405877447e-13,-1.3287428221005846e-15
327.85,-6.58648347998456e-13,-1.328220399879724e-15
327.86,-6.585522197910547e-13,-1.3275287611901317e-15
327.87,-6.584567333689331e-13,-1.327190796303812e-15
327.88,-6.58360998571252e-13,-1.3268296002131494e-15
327.89,-6.582652738327625e-13,-1.3263166365245505e-15
327.9,-6.581688087482801e-13,-1.3254321197899892e-15
327.91,-6.58073632123025e-13,-1.325447503642843e-15
327.92,-6.579780507217903e-13,-1.3249970793339886e-15
327.93,-6.578821374909452e-13,-1.3245192341169677e-15
327.94,-6.577867056852033e-13,-1.3240849516715056e-15
327.95,-6.576909864747508e-13,-1.3236981679489085e-15
327.96,-6.575955599190948e-13,-1.3232817233106516e-15
327.97,-6.574997747739593e-13,-1.3229594015426735e-15
327.98,-6.57404150727244e-13,-1.3225249832729736e-15
327.99,-6.573087382924627e-13,-1.322306613198109e-15
328.0,-6.572128927841463e-13,-1.3217524975427371e-15
328.01,-6.57117432304979e-13,-1.321522584369768e-15
328.02,-6.570223959036974e-13,-1.3216280229008659e-15
328.03,-6.56926496319361e-13,-1.320913738109039e-15
328.04,-6.568307430578894e-13,-1.3205485442374391e-15
328.05,-6.567353958421413e-13,-1.3203009711641777e-15
328.06,-6.566398420605464e-13,-1.3200486442805075e-15
328.07,-6.565444151252397e-13,-1.3197790747719085e-15
328.08,-6.564486413985124e-13,-1.319237212881249e-15
328.09,-6.563534093403094e-13,-1.3192709253810467e-15
328.1,-6.562580673680212e-13,-1.319147197825407e-15
328.11,-6.561625389371261e-13,-1.3187540632645179e-15
328.12,-6.560673902160497e-13,-1.3185961938013896e-15
328.13,-6.559717588481816e-13,-1.3183766533048227e-15
328.14,-6.55876494953767e-13,-1.3181747397744866e-15
328.15,-6.557811394982083e-13,-1.3179747337403743e-15
328.16,-6.556858366040517e-13,-1.3178235273342946e-15
328.17,-6.555908872005742e-13,-1.3177723233502137e-15
328.18,-6.554953273717707e-13,-1.317551459394221e-15
328.19,-6.553999707621017e-13,-1.3174000078681703e-15
328.2,-6.553047890973746e-13,-1.3172996189363323e-15
328.21,-6.552094474878463e-13,-1.3171843615530346e-15
328.22,-6.551141756544759e-13,-1.3170283437997548e-15
328.23,-6.550191345569222e-13,-1.3171259919374224e-15
328.24,-6.549237524125503e-13,-1.316900753767135e-15
328.25,-6.548285989075178e-13,-1.3168714270705074e-15
328.26,-6.547332958788805e-13,-1.3167369842902083e-15
328.27,-6.54638260251714e-13,-1.3167643502529795e-15
328.28,-6.545430095983908e-13,-1.3166773379350807e-15
328.29,-6.54448056085533e-13,-1.3166546202642834e-15
328.3,-6.543526651043626e-13,-1.3166095188073303e-15
328.31,-6.542576475476884e-13,-1.3166191438603696e-15
328.32,-6.541624594738019e-13,-1.316621543942536e-15
328.33,-6.540673368061595e-13,-1.3165793128274511e-15
328.34,-6.539721739440784e-13,-1.3166009037242752e-15
328.35,-6.538774268926346e-13,-1.316762782588286e-15
328.36,-6.537823199029897e-13,-1.3167636211206328e-15
328.37,-6.536872480965176e-13,-1.3167547144968046e-15
328.38,-6.535922840258849e-13,-1.3168544435752039e-15
328.39,-6.534973576333377e-13,-1.3168523740037557e-15
328.4,-6.53402116399714e-13,-1.3170217142839369e-15
328.41,-6.533071099613686e-13,-1.3170937681682074e-15
328.42,-6.532119979243208e-13,-1.317187691939628e-15
328.43,-6.531174240879482e-13,-1.3173366019262392e-15
328.44,-6.53022582018062e-13,-1.3173808457747777e-15
328.45,-6.529273382607092e-13,-1.3174910216826924e-15
328.46,-6.528325690206588e-13,-1.3177508665129926e-15
328.47,-6.527377632908157e-13,-1.3179586432425535e-15
328.48,-6.526428417249738e-13,-1.3180263068343924e-15
328.49,-6.525480424545002e-13,-1.3182950742687104e-15
328.5,-6.524531962238469e-13,-1.318424055706314e-15
328.51,-6.52358430458893e-13,-1.3186809063832962e-15
328.52,-6.522635636771313e-13,-1.318874098033032e-15
328.53,-6.521685097704692e-13,-1.3188400328879576e-15
328.54,-6.520736950397498e-13,-1.3191428531370216e-15
328.55,-6.519791919794948e-13,-1.3194547027844884e-15
328.56,-6.518841030072612e-13,-1.319616459343125e-15
328.57,-6.517895383583007e-13,-1.3198982424958708e-15
328.58,-6.516947369637079e-13,-1.3201698934186145e-15
328.59,-6.515990237967245e-13,-1.3203806114961984e-15
328.6,-6.515054022719141e-13,-1.3207696703099295e-15
328.61,-6.514107264808085e-13,-1.3210445458707076e-15
328.62,-6.513156969817255e-13,-1.3213922676079244e-15
328.63,-6.512212838653275e-13,-1.321543551891756e-15
328.64,-6.511267251205631e-13,-1.3219350675808863e-15
328.65,-6.510318962257404e-13,-1.3221410758149101e-15
328.66,-6.509376272692577e-13,-1.3226400334045992e-15
328.67,-6.508427142683651e-13,-1.3229250414334024e-15
328.68,-6.507481114540403e-13,-1.323337281273387e-15
328.69,-6.506535562011755e-13,-1.3236712086747441e-15
328.7,-6.505589506263788e-13,-1.3240657645283e-15
328.71,-6.5046485496238e-13,-1.3242765466840949e-15
328.72,-6.503698494347406e-13,-1.324821468079601e-15
328.73,-6.502752802147495e-13,-1.3251679593253801e-15
328.74,-6.501807851877149e-13,-1.3256440746718862e-15
328.75,-6.500861438139249e-13,-1.3259839665744208e-15
328.76,-6.499917778227233e-13,-1.326424777999951e-15
328.77,-6.498971967621121e-13,-1.3268943684543812e-15
328.78,-6.498028041735211e-13,-1.3272027167357591e-15
328.79,-6.497084217911133e-13,-1.327767012567494e-15
328.8,-6.496137395029676e-13,-1.3279611615709683e-15
328.81,-6.495194174317056e-13,-1.3286750563310582e-15
328.82,-6.494249674359509e-13,-1.3291858651343455e-15
328.83,-6.493306129169424e-13,-1.329627190877528e-15
328.84,-6.492363073454064e-13,-1.3303667669847854e-15
328.85,-6.491417659433217e-13,-1.3306454239952e-15
328.86,-6.490473493786542e-13,-1.3311134801787196e-15
328.87,-6.489528457692546e-13,-1.331752936195312e-15
328.88,-6.488584562830563e-13,-1.3321959338888533e-15
328.89,-6.487644226431238e-13,-1.3328736645987207e-15
328.9,-6.486699772340361e-13,-1.333221537937624e-15
328.91,-6.485758837517699e-13,-1.3339418170008794e-15
328.92,-6.484815547086666e-13,-1.3343176949150738e-15
328.93,-6.483872420236791e-13,-1.334951745762923e-15
328.94,-6.482929748956128e-13,-1.335503009309935e-15
328.95,-6.481984982356329e-13,-1.3361415644800785e-15
328.96,-6.481044804164948e-13,-1.336752317325487e-15
328.97,-6.480101161324099e-13,-1.337255587553134e-15
328.98,-6.479159231345419e-13,-1.3380577933093012e-15
328.99,-6.478216017923361e-13,-1.3383292085640088e-15
329.0,-6.477275936782688e-13,-1.339353587600083e-15
329.01,-6.476332341472528e-13,-1.3397242754435388e-15
329.02,-6.47539070479552e-13,-1.340368954670832e-15
329.03,-6.474449252462273e-13,-1.340991186298111e-15
329.04,-6.473508878232879e-13,-1.3416127179987804e-15
329.05,-6.472566408741629e-13,-1.3422908915240885e-15
329.06,-6.471628906995295e-13,-1.3430604870354302e-15
329.07,-6.470680514698764e-13,-1.343863460643228e-15
329.08,-6.469742062054373e-13,-1.3442767730937908e-15
329.09,-6.468803047333462e-13,-1.3450346385389168e-15
329.1,-6.467862375612998e-13,-1.3457410967751966e-15
329.11,-6.466920558468379e-13,-1.3464544881882823e-15
329.12,-6.465980989874854e-13,-1.3471347154859993e-15
329.13,-6.465039869146414e-13,-1.3478405587524986e-15
329.14,-6.464098731008628e-13,-1.3484370471708569e-15
329.15,-6.463161050328016e-13,-1.3493869893881551e-15
329.16,-6.462194934937504e-13,-1.3495280830147132e-15
329.17,-6.461281362854474e-13,-1.3508452455007434e-15
329.18,-6.460338933829733e-13,-1.3515018836164942e-15
329.19,-6.459399504684881e-13,-1.3522716739886206e-15
329.2,-6.458459880426253e-13,-1.3530136305985466e-15
329.21,-6.457520303063693e-13,-1.35383851426514e-15
329.22,-6.456581843206108e-13,-1.3546726585147036e-15
329.23,-6.455641790655931e-13,-1.3553423752480372e-15
329.24,-6.45470332495289e-13,-1.355806153983613e-15
329.25,-6.453762220084997e-13,-1.3568342437248888e-15
329.26,-6.452825188303798e-13,-1.3577427844293744e-15
329.27,-6.451886369610038e-13,-1.3584473572486962e-15
329.28,-6.450948911913576e-13,-1.3594739991845983e-15
329.29,-6.450009489733783e-13,-1.360222291784816e-15
329.3,-6.449072899976857e-13,-1.3610496719718542e-15
329.31,-6.448133246475241e-13,-1.3618338240455499e-15
329.32,-6.447196105485175e-13,-1.362715083477634e-15
329.33,-6.446280271994734e-13,-1.3641417895798333e-15
329.34,-6.445313132534725e-13,-1.3640715958989354e-15
329.35,-6.444381628485859e-13,-1.3652386960632393e-15
329.36,-6.443442029254701e-13,-1.3660830766467934e-15
329.37,-6.442505850286489e-13,-1.367000917260176e-15
329.38,-6.441568947897614e-13,-1.3679098971165493e-15
329.39,-6.44063122404544e-13,-1.3687265392334608e-15
329.4,-6.439693637621565e-13,-1.3695777994565526e-15
329.41,-6.438757574247494e-13,-1.3704944072372357e-15
329.42,-6.43782098115983e-13,-1.3711572990099674e-15
329.43,-6.436889185769436e-13,-1.3724695210592413e-15
329.44,-6.435948373932514e-13,-1.37314571873676e-15
329.45,-6.435009157429137e-13,-1.3741160080970352e-15
329.46,-6.43407310507601e-13,-1.3750364160100528e-15
329.47,-6.433136670486766e-13,-1.3758450494206384e-15
329.48,-6.43220024817372e-13,-1.3768073066582865e-15
329.49,-6.431263813423449e-13,-1.3777463463110352e-15
329.5,-6.430328253514338e-13,-1.3786765325617909e-15
329.51,-6.429393860345448e-13,-1.3799338678847438e-15
329.52,-6.428457345163948e-13,-1.3803513682407924e-15
329.53,-6.427520346419605e-13,-1.3815088360375896e-15
329.54,-6.426582519726431e-13,-1.382439972802609e-15
329.55,-6.425648102564573e-13,-1.3834027481309951e-15
329.56,-6.424714247479281e-13,-1.384368383195535e-15
329.57,-6.423779481333855e-13,-1.385382391100777e-15
329.58,-6.422843266240504e-13,-1.3863117700565435e-15
329.59,-6.421909958435497e-13,-1.3873025920923962e-15
329.6,-6.420971628540848e-13,-1.3883853980623355e-15
329.61,-6.420040665801853e-13,-1.3894054211997737e-15
329.62,-6.419104836291395e-13,-1.3902755954989362e-15
329.63,-6.418170787082482e-13,-1.391227139923751e-15
329.64,-6.417232341918717e-13,-1.3923452330119284e-15
329.65,-6.416304615127821e-13,-1.3934145896534852e-15
329.66,-6.415370477434152e-13,-1.3943906518779949e-15
329.67,-6.41443354880748e-13,-1.395234606666858e-15
329.68,-6.413498811688092e-13,-1.3962887823338236e-15
329.69,-6.412564822065257e-13,-1.3973213565272138e-15
329.7,-6.411633487567152e-13,-1.3983139133399088e-15
329.71,-6.410699428025731e-13,-1.3993866513976598e-15
329.72,-6.409765264161218e-13,-1.400428540267378e-15
329.73,-6.408831268557293e-13,-1.4014270770069303e-15
329.74,-6.407897112325883e-13,-1.4026807236233768e-15
329.75,-6.406964759577209e-13,-1.403461579883845e-15
329.76,-6.406031524593016e-13,-1.4045437361900468e-15
329.77,-6.405099326742396e-13,-1.4054939431547336e-15
329.78,-6.404162412921053e-13,-1.4065635948152534e-15
329.79,-6.40323485287943e-13,-1.4078125872734074e-15
329.8,-6.402300265202236e-13,-1.4087529388930737e-15
329.81,-6.401368418287606e-13,-1.4098158877087902e-15
329.82,-6.400435636850791e-13,-1.4108657320303497e-15
329.83,-6.399502825846504e-13,-1.4120306356526858e-15
329.84,-6.398571746278955e-13,-1.4130299838915976e-15
329.85,-6.397639578736961e-13,-1.4141160493462425e-15
329.86,-6.396705477469971e-13,-1.4151484658862645e-15
329.87,-6.395775610995138e-13,-1.416057949417714e-15
329.88,-6.394842369283896e-13,-1.4171851293626228e-15
329.89,-6.393912443389136e-13,-1.4184186538604988e-15
329.9,-6.392980517953537e-13,-1.4194110267635728e-15
329.91,-6.39204914643529e-13,-1.4205778263485495e-15
329.92,-6.391118353621684e-13,-1.4215528942393948e-15
329.93,-6.390187351806734e-13,-1.422766701949207e-15
329.94,-6.389255927215893e-13,-1.4237980235755802e-15
329.95,-6.388326638658746e-13,-1.4248519922641792e-15
329.96,-6.387405350357565e-13,-1.4263415480875522e-15
329.97,-6.386464212206037e-13,-1.427204051838386e-15
329.98,-6.385533652209625e-13,-1.4282329611359944e-15
329.99,-6.384601545717508e-13,-1.4295361495956597e-15
330.0,-6.383672004457565e-13,-1.4304608815917492e-15
330.01,-6.382742584520962e-13,-1.4314959508890319e-15
330.02,-6.381812012519526e-13,-1.4326699023976274e-15
330.03,-6.380881382150803e-13,-1.4338098100968553e-15
330.04,-6.379950826613605e-13,-1.4348967434596752e-15
330.05,-6.379026347943788e-13,-1.4359575281714285e-15
330.06,-6.378093442535819e-13,-1.4371881504197171e-15
330.07,-6.377164275629436e-13,-1.4382019905329698e-15
330.08,-6.37623336746447e-13,-1.4393907118082723e-15
330.09,-6.375301472960251e-13,-1.4403070064891975e-15
330.1,-6.374376861432429e-13,-1.4416145816035445e-15
330.11,-6.37344613410925e-13,-1.4427115800849422e-15
330.12,-6.372518822163197e-13,-1.4438829704019305e-15
330.13,-6.37158998035612e-13,-1.4448918437963706e-15
330.14,-6.370663117329393e-13,-1.4461035219208188e-15
330.15,-6.369734301499707e-13,-1.4470631388415936e-15
330.16,-6.368803026378717e-13,-1.4483916778264874e-15
330.17,-6.367874304496281e-13,-1.4495279163760622e-15
330.18,-6.366944561501848e-13,-1.4506801444343058e-15
330.19,-6.366018054125443e-13,-1.451790158950618e-15
330.2,-6.365089571494805e-13,-1.4530050255709951e-15
330.21,-6.364162707267663e-13,-1.4540729515200833e-15
330.22,-6.363231887047762e-13,-1.4552154372262947e-15
330.23,-6.362304851415e-13,-1.4563085795119916e-15
330.24,-6.361381773085426e-13,-1.4576103251442284e-15
330.25,-6.360451173725459e-13,-1.4586274497151164e-15
330.26,-6.359524048564759e-13,-1.4597769246378026e-15
330.27,-6.358596780812986e-13,-1.460898560174732e-15
330.28,-6.357669193902005e-13,-1.4620283186395324e-15
330.29,-6.35674210187997e-13,-1.4631581792098756e-15
330.3,-6.355816185615586e-13,-1.464309886056226e-15
330.31,-6.354888429525027e-13,-1.4654163711171027e-15
330.32,-6.353961644194595e-13,-1.4666063295621785e-15
330.33,-6.353033803320569e-13,-1.4676731748289705e-15
330.34,-6.352109392298584e-13,-1.4689443037779266e-15
330.35,-6.351184209425161e-13,-1.4700769086790832e-15
330.36,-6.350258717740213e-13,-1.4711660938552312e-15
330.37,-6.349328688887514e-13,-1.4723369718577518e-15
330.38,-6.348405174274909e-13,-1.47347156840837e-15
330.39,-6.34747834314888e-13,-1.4746216995014578e-15
330.4,-6.346555503927107e-13,-1.4756886056263047e-15
330.41,-6.345628916279187e-13,-1.4769359456045913e-15
330.42,-6.344702289452493e-13,-1.4780671853433252e-15
330.43,-6.343775312234495e-13,-1.4791812430655769e-15
330.44,-6.342851170539316e-13,-1.4803111940667515e-15
330.45,-6.341925183394257e-13,-1.4814949454741762e-15
330.46,-6.341000212820827e-13,-1.4826211974016797e-15
330.47,-6.340075533561243e-13,-1.483769224709095e-15
330.48,-6.339151460644429e-13,-1.4849033890252364e-15
330.49,-6.338224128182305e-13,-1.4858662892682979e-15
330.5,-6.337303886660217e-13,-1.4871063430901114e-15
330.51,-6.336376789817567e-13,-1.4881604172439585e-15
330.52,-6.335455055749197e-13,-1.4894099330003933e-15
330.53,-6.33453079611328e-13,-1.490481964735983e-15
330.54,-6.333604786847804e-13,-1.491617056520813e-15
330.55,-6.332680142463506e-13,-1.4928102296943732e-15
330.56,-6.331748425640086e-13,-1.4934955717317127e-15
330.57,-6.330833044730798e-13,-1.4950077271169802e-15
330.58,-6.329910402694031e-13,-1.49633289338721e-15
330.59,-6.328987657702041e-13,-1.4973720459277948e-15
330.6,-6.328066670400756e-13,-1.4985332669558656e-15
330.61,-6.327141075426796e-13,-1.4995752899099366e-15
330.62,-6.326218420157618e-13,-1.5007529907408574e-15
330.63,-6.325293280294817e-13,-1.5018121176730458e-15
330.64,-6.3243713069587e-13,-1.5029739616773166e-15
330.65,-6.323448176097812e-13,-1.5040723400132639e-15
330.66,-6.322525395494818e-13,-1.5051829355610696e-15
330.67,-6.321603707110554e-13,-1.5061954812331639e-15
330.68,-6.320689249673187e-13,-1.5074643206637387e-15
330.69,-6.319759417741635e-13,-1.5085932938285594e-15
330.7,-6.318834538991018e-13,-1.5096014227292178e-15
330.71,-6.317913422574423e-13,-1.5107789491772298e-15
330.72,-6.316992260575588e-13,-1.5118376765620278e-15
330.73,-6.316069584531818e-13,-1.5129524297769214e-15
330.74,-6.315148036211378e-13,-1.5140071269706872e-15
330.75,-6.314227234447856e-13,-1.5151617996124435e-15
330.76,-6.313305776221016e-13,-1.5163806651106648e-15
330.77,-6.312386522143137e-13,-1.5173622035342961e-15
330.78,-6.311461105148958e-13,-1.5184862109202844e-15
330.79,-6.310541537704566e-13,-1.519514402214174e-15
330.8,-6.309621106706845e-13,-1.5206254295341026e-15
330.81,-6.308692847660355e-13,-1.52177060304172e-15
330.82,-6.307776760107941e-13,-1.5227940522594188e-15
330.83,-6.306857573362459e-13,-1.52386703949617e-15
330.84,-6.30593766640947e-13,-1.5249457858571209e-15
330.85,-6.305014871618616e-13,-1.5259301732374137e-15
330.86,-6.304091621187838e-13,-1.5270861453656789e-15
330.87,-6.303176634290837e-13,-1.528204988409002e-15
330.88,-6.302256441610629e-13,-1.5292246365270028e-15
330.89,-6.301338282055795e-13,-1.5303479817435675e-15
330.9,-6.300414034799592e-13,-1.5313300639054405e-15
330.91,-6.299496728211442e-13,-1.532409496365024e-15
330.92,-6.298577418323327e-13,-1.5334757277594688e-15
330.93,-6.297657153375845e-13,-1.5345878675166984e-15
330.94,-6.296741314159544e-13,-1.5357180428956151e-15
330.95,-6.295817545883267e-13,-1.5367252483903002e-15
330.96,-6.294899723681292e-13,-1.5376800124404485e-15
330.97,-6.293979327246541e-13,-1.5387221021741861e-15
330.98,-6.293063728284965e-13,-1.5397659518962452e-15
330.99,-6.292143714762101e-13,-1.5408287685233672e-15
331.0,-6.291226443624383e-13,-1.5418536772838163e-15
331.01,-6.290307726288498e-13,-1.5428528757156932e-15
331.02,-6.289389806726803e-13,-1.5438835227043458e-15
331.03,-6.288466877320728e-13,-1.544860993869077e-15
331.04,-6.287554440096311e-13,-1.5461024989365391e-15
331.05,-6.286634900808116e-13,-1.5468863215948435e-15
331.06,-6.285717434473213e-13,-1.5479583872055282e-15
331.07,-6.284799478708886e-13,-1.5490222229264977e-15
331.08,-6.283877585421107e-13,-1.549974120524768e-15
331.09,-6.282963375655888e-13,-1.550909178086086e-15
331.1,-6.282047706324214e-13,-1.5519838622824609e-15
331.11,-6.281130640738572e-13,-1.5529842035864588e-15
331.12,-6.280214391912014e-13,-1.5539632866470849e-15
331.13,-6.279277504877026e-13,-1.554729193707321e-15
331.14,-6.278380595559268e-13,-1.5559440744326667e-15
331.15,-6.277462967337154e-13,-1.5569074092614713e-15
331.16,-6.276546209994716e-13,-1.5578526915421004e-15
331.17,-6.275630859387121e-13,-1.558863670541615e-15
331.18,-6.274713983744481e-13,-1.5597973346015561e-15
331.19,-6.273796531406061e-13,-1.5607958871743766e-15
331.2,-6.272881150578659e-13,-1.561781833733738e-15
331.21,-6.271969314683223e-13,-1.5627267985917536e-15
331.22,-6.271045868130196e-13,-1.5637008807498849e-15
331.23,-6.270134464091044e-13,-1.564609415533285e-15
331.24,-6.26922119123142e-13,-1.5655514349473864e-15
331.25,-6.268303611357146e-13,-1.5664317724069012e-15
331.26,-6.267388529506217e-13,-1.5673994604097163e-15
331.27,-6.266472962292931e-13,-1.568317365660032e-15
331.28,-6.265558343387445e-13,-1.5692258641754692e-15
331.29,-6.264643361336623e-13,-1.570210399091047e-15
331.3,-6.26373414654957e-13,-1.5721077134244985e-15
331.31,-6.262815072883291e-13,-1.5718910051081852e-15
331.32,-6.261900382753193e-13,-1.5729107369981664e-15
331.33,-6.260986116328872e-13,-1.5738313221403632e-15
331.34,-6.26007114484947e-13,-1.5746815579204091e-15
331.35,-6.259157211587618e-13,-1.5755836177512737e-15
331.36,-6.258242226431954e-13,-1.5764160009498377e-15
331.37,-6.257329778401227e-13,-1.5773944681391445e-15
331.38,-6.256415488681509e-13,-1.5781672166709844e-15
331.39,-6.255512647433442e-13,-1.5792863523172315e-15
331.4,-6.254591107130294e-13,-1.5800753583742585e-15
331.41,-6.253678739180865e-13,-1.5809311486198082e-15
331.42,-6.252761625852004e-13,-1.5817153046019258e-15
331.43,-6.251849137566874e-13,-1.5825614778624675e-15
331.44,-6.25093332759805e-13,-1.5833165412614717e-15
331.45,-6.250023956275337e-13,-1.5842263689952272e-15
331.46,-6.249109453724853e-13,-1.585031833236087e-15
331.47,-6.248200190050975e-13,-1.5859494537666733e-15
331.48,-6.247285199800197e-13,-1.5865921684069812e-15
331.49,-6.246378650905716e-13,-1.5876887058736577e-15
331.5,-6.245462842851066e-13,-1.5884091668807381e-15
331.51,-6.244548888876396e-13,-1.58919265783505e-15
331.52,-6.24363957827254e-13,-1.5899902430863209e-15
331.53,-6.242729600221921e-13,-1.5908991131029838e-15
331.54,-6.241816159156239e-13,-1.5916146486929797e-15
331.55,-6.240903975481884e-13,-1.5924018196749107e-15
331.56,-6.23999353935957e-13,-1.5932368079076528e-15
331.57,-6.239081392697746e-13,-1.5939494806877332e-15
331.58,-6.238170078617838e-13,-1.5946846751208869e-15
331.59,-6.237260481373683e-13,-1.5954836650042685e-15
331.6,-6.236351371116859e-13,-1.5963479600381808e-15
331.61,-6.23543510202695e-13,-1.5969155048900355e-15
331.62,-6.234529888955075e-13,-1.59772235835681e-15
331.63,-6.233616526751118e-13,-1.5985240569660306e-15
331.64,-6.232707801360151e-13,-1.599270399224307e-15
331.65,-6.231797356088736e-13,-1.5999689042836552e-15
331.66,-6.230890673710513e-13,-1.6007990328399983e-15
331.67,-6.229977566456604e-13,-1.6015367404762704e-15
331.68,-6.229068519849807e-13,-1.6021492778548051e-15
331.69,-6.228159099221512e-13,-1.6029160032233327e-15
331.7,-6.227250344938798e-13,-1.603609066899161e-15
331.71,-6.226352052896659e-13,-1.6043974079046853e-15
331.72,-6.22543281167702e-13,-1.6050421574772504e-15
331.73,-6.224523150629862e-13,-1.6056812977742525e-15
331.74,-6.223615258517168e-13,-1.6064346488237616e-15
331.75,-6.222700884732799e-13,-1.6070366934074872e-15
331.76,-6.221797913946876e-13,-1.607746451312756e-15
331.77,-6.220890197576083e-13,-1.608431025961346e-15
331.78,-6.219981691945178e-13,-1.6090368929657312e-15
331.79,-6.219074094956561e-13,-1.6098091472386216e-15
331.8,-6.218162378178789e-13,-1.6103471351139787e-15
331.81,-6.217256845125092e-13,-1.6110147479631653e-15
331.82,-6.216349675387341e-13,-1.6115924131491382e-15
331.83,-6.21544212406006e-13,-1.6122362114554553e-15
331.84,-6.214537261094345e-13,-1.6128498474306755e-15
331.85,-6.21362677358969e-13,-1.6134464748702575e-15
331.86,-6.212720914711633e-13,-1.6140753398491057e-15
331.87,-6.211815532137938e-13,-1.6147492680795844e-15
331.88,-6.210907208581466e-13,-1.6152914085698334e-15
331.89,-6.210001150523102e-13,-1.615958394228444e-15
331.9,-6.20910264310162e-13,-1.6167191622296384e-15
331.91,-6.208188885901636e-13,-1.6170432107590875e-15
331.92,-6.207281893668923e-13,-1.6176667872873457e-15
331.93,-6.206379740318791e-13,-1.6185382676017981e-15
331.94,-6.205470569409526e-13,-1.6188323019857857e-15
331.95,-6.204564295410629e-13,-1.6193959389172269e-15
331.96,-6.203659109657206e-13,-1.619884242167695e-15
331.97,-6.202752642165119e-13,-1.6203999760742135e-15
331.98,-6.201847040250965e-13,-1.6208687423777304e-15
331.99,-6.200943439653593e-13,-1.6214504979355834e-15
332.0,-6.200037020652549e-13,-1.6219813230493769e-15
332.01,-6.199134661807991e-13,-1.6225126529346262e-15
332.02,-6.198227286877517e-13,-1.6228466071888734e-15
332.03,-6.197324016286773e-13,-1.6235681143522784e-15
332.04,-6.196420556909573e-13,-1.6240537801853302e-15
332.05,-6.195514156176893e-13,-1.6245134256832971e-15
332.06,-6.194613034740915e-13,-1.6248685900002189e-15
332.07,-6.193707704651706e-13,-1.6255208511786289e-15
332.08,-6.192805251388823e-13,-1.625932272615534e-15
332.09,-6.191899937062431e-13,-1.626454982969015e-15
332.1,-6.190996986384614e-13,-1.626840958751539e-15
332.11,-6.190097685046559e-13,-1.6274843438504736e-15
332.12,-6.189192724479426e-13,-1.6278594108256103e-15
332.13,-6.188285450159424e-13,-1.6280831304092276e-15
332.14,-6.187385831319875e-13,-1.6287052708342069e-15
332.15,-6.18648195503693e-13,-1.6290391780404722e-15
332.16,-6.185580005081248e-13,-1.6294766898475666e-15
332.17,-6.184675061132782e-13,-1.6298654650205708e-15
332.18,-6.183774295940943e-13,-1.6302780602636335e-15
332.19,-6.182873022683332e-13,-1.6306589923190088e-15
332.2,-6.18197041635629e-13,-1.6309982357573992e-15
332.21,-6.18106774460857e-13,-1.631483614732201e-15
332.22,-6.180167195330692e-13,-1.631826680511208e-15
332.23,-6.179265229419108e-13,-1.6321807945848664e-15
332.24,-6.178364792559255e-13,-1.6325852065154162e-15
332.25,-6.177463233008667e-13,-1.6329350425544984e-15
332.26,-6.176563373834789e-13,-1.6333093627820075e-15
332.27,-6.175660666768189e-13,-1.6336059342393435e-15
332.28,-6.174761942413583e-13,-1.6339885704850806e-15
332.29,-6.173857745283253e-13,-1.6342571779869074e-15
332.3,-6.172960472017413e-13,-1.634575531510916e-15
332.31,-6.172058638403806e-13,-1.6349214893103148e-15
332.32,-6.171159327066874e-13,-1.635253737815992e-15
332.33,-6.170260623871089e-13,-1.6355399777022325e-15
332.34,-6.169359860792876e-13,-1.6357673193838344e-15
332.35,-6.168459360214194e-13,-1.636094085745608e-15
332.36,-6.167560053282627e-13,-1.6363626628247264e-15
332.37,-6.166660979656409e-13,-1.6367091843647235e-15
332.38,-6.165761154116195e-13,-1.6368657026571789e-15
332.39,-6.164861927708624e-13,-1.6372029754884983e-15
332.4,-6.163964656559604e-13,-1.637428673832527e-15
332.41,-6.163065613476832e-13,-1.6376712099070024e-15
332.42,-6.162165941976964e-13,-1.6378416471919586e-15
332.43,-6.161266516688653e-13,-1.638097310913593e-15
332.44,-6.160369611111151e-13,-1.6383310690304106e-15
332.45,-6.159470821472056e-13,-1.6385646738314602e-15
332.46,-6.158573293767921e-13,-1.6387233007337668e-15
332.47,-6.157678183157419e-13,-1.6391129710775303e-15
332.48,-6.156778812118794e-13,-1.639170634088724e-15
332.49,-6.155883516658336e-13,-1.6395776987212414e-15
332.5,-6.154986064722729e-13,-1.6398587379873749e-15
332.51,-6.154085614513959e-13,-1.6397082212049851e-15
332.52,-6.153190915753668e-13,-1.6399567815175622e-15
332.53,-6.152293455207186e-13,-1.640035562333825e-15
332.54,-6.15139716307466e-13,-1.6402199349980068e-15
332.55,-6.150500451884908e-13,-1.6403690486101257e-15
332.56,-6.149602362224175e-13,-1.6406772890670893e-15
332.57,-6.148707683988014e-13,-1.6406361967909e-15
332.58,-6.147813696528153e-13,-1.6408618176658184e-15
332.59,-6.146917350950867e-13,-1.6409372858334665e-15
332.6,-6.146021117228946e-13,-1.6410227518276447e-15
332.61,-6.145126161872821e-13,-1.6411931942848615e-15
332.62,-6.144228476389953e-13,-1.6412259793991737e-15
332.63,-6.143334097471574e-13,-1.6412839605702198e-15
332.64,-6.142438512827104e-13,-1.6413618498476802e-15
332.65,-6.141538786974959e-13,-1.6412452764189516e-15
332.66,-6.140646859610705e-13,-1.6415657483659939e-15
332.67,-6.139754951039634e-13,-1.6416182003209307e-15
332.68,-6.138859153921768e-13,-1.6416566973834966e-15
332.69,-6.137960704102037e-13,-1.6414700897713899e-15
332.7,-6.13707330504646e-13,-1.6417559737858786e-15
332.71,-6.136178159825247e-13,-1.641739441947622e-15
332.72,-6.135286003233147e-13,-1.6418913663100267e-15
332.73,-6.134391587896391e-13,-1.6417385840653757e-15
332.74,-6.133500680579594e-13,-1.6420772558420575e-15
332.75,-6.132603953327715e-13,-1.6417978980356172e-15
332.76,-6.131711251754318e-13,-1.641754921790092e-15
332.77,-6.130818531362924e-13,-1.6417312049951544e-15
332.78,-6.12993246019638e-13,-1.6421753526425273e-15
332.79,-6.12903364588462e-13,-1.6417325054342816e-15
332.8,-6.128143100132742e-13,-1.6417471392851226e-15
332.81,-6.127249403747687e-13,-1.641796911720484e-15
332.82,-6.126355652899003e-13,-1.6416465433438484e-15
332.83,-6.125463883383893e-13,-1.6416907020723117e-15
332.84,-6.124574363011711e-13,-1.641670684802868e-15
332.85,-6.123682045976091e-13,-1.6415598315721014e-15
332.86,-6.12279218998966e-13,-1.641462965462124e-15
332.87,-6.121896477951253e-13,-1.641267466982574e-15
332.88,-6.121009852098719e-13,-1.6413434633564102e-15
332.89,-6.120117411812776e-13,-1.6411652246489229e-15
332.9,-6.119226783388819e-13,-1.6411273108364148e-15
332.91,-6.118336964718019e-13,-1.641034699450032e-15
332.92,-6.117442798388796e-13,-1.6408622067243995e-15
332.93,-6.116556554864077e-13,-1.6407603644963344e-15
332.94,-6.115666553118779e-13,-1.6406468864986524e-15
332.95,-6.114776118695001e-13,-1.6404724704245708e-15
332.96,-6.113889643613464e-13,-1.6405977951508027e-15
332.97,-6.112997880709506e-13,-1.640293655005812e-15
332.98,-6.112108044505478e-13,-1.6401017611743175e-15
332.99,-6.111219832008709e-13,-1.6399422024704615e-15
333.0,-6.110325773958212e-13,-1.6396308765483474e-15
333.01,-6.109454018702983e-13,-1.6406080709270981e-15
333.02,-6.108554608389548e-13,-1.6394862345703834e-15
333.03,-6.107665079816638e-13,-1.6392877555143044e-15
333.04,-6.106776021945226e-13,-1.639113346121718e-15
333.05,-6.105883782249701e-13,-1.6386912242370632e-15
333.06,-6.104999209018632e-13,-1.6386413449135818e-15
333.07,-6.104112251861673e-13,-1.638447249149847e-15
333.08,-6.103223130206401e-13,-1.6381962993313285e-15
333.09,-6.102341281246169e-13,-1.6378697722484837e-15
333.1,-6.101439888105695e-13,-1.6369830359711401e-15
333.11,-6.100562200587247e-13,-1.6374991107750261e-15
333.12,-6.099675242487095e-13,-1.6372463084304299e-15
333.13,-6.098788991898328e-13,-1.6370269257999774e-15
333.14,-6.097900118201508e-13,-1.6367600406898989e-15
333.15,-6.097015417476178e-13,-1.6363608627827176e-15
333.16,-6.096128296920149e-13,-1.6361485288950246e-15
333.17,-6.09524321395851e-13,-1.6358805496927929e-15
333.18,-6.094367708680616e-13,-1.635528267016986e-15
333.19,-6.093473346268965e-13,-1.6352425738053063e-15
333.2,-6.092585922885372e-13,-1.6350274399620916e-15
333.21,-6.091700158290953e-13,-1.6347253026299462e-15
333.22,-6.090815451230875e-13,-1.6343381199334257e-15
333.23,-6.089930187610761e-13,-1.6340836941898947e-15
333.24,-6.089045077332288e-13,-1.6337942817794894e-15
333.25,-6.088160529087708e-13,-1.63346865499701e-15
333.26,-6.087275429889044e-13,-1.6331014842307407e-15
333.27,-6.086381250749385e-13,-1.632003771562944e-15
333.28,-6.085510602901341e-13,-1.6323168837148876e-15
333.29,-6.08462446987309e-13,-1.632071594394269e-15
333.3,-6.083740212931763e-13,-1.6317160399260726e-15
333.31,-6.08285688311108e-13,-1.6313005533414052e-15
333.32,-6.081974778397326e-13,-1.6310271145084526e-15
333.33,-6.081088644153152e-13,-1.6306348201318531e-15
333.34,-6.080208191533455e-13,-1.6300772622190834e-15
333.35,-6.079323232231153e-13,-1.6296336744133659e-15
333.36,-6.078440219687649e-13,-1.6296572839036431e-15
333.37,-6.077557228198781e-13,-1.6289449998867214e-15
333.38,-6.07667570418685e-13,-1.6286074938139367e-15
333.39,-6.075793482850693e-13,-1.6281777783139855e-15
333.4,-6.074912211993988e-13,-1.6276492593959807e-15
333.41,-6.074027144375654e-13,-1.6270188741042693e-15
333.42,-6.073148830126582e-13,-1.6268375011479773e-15
333.43,-6.072265466819875e-13,-1.6263077910623548e-15
333.44,-6.071385253387866e-13,-1.6259664834090868e-15
333.45,-6.070503782516667e-13,-1.6255219012649656e-15
333.46,-6.069625551880097e-13,-1.6250306761638222e-15
333.47,-6.068743595961888e-13,-1.6245455069204495e-15
333.48,-6.067862102466782e-13,-1.6239611744920148e-15
333.49,-6.066983279422995e-13,-1.623562121809676e-15
333.5,-6.066103587957206e-13,-1.6232079748925315e-15
333.51,-6.06522274003013e-13,-1.6226216775158642e-15
333.52,-6.06434147753726e-13,-1.6219849608916342e-15
333.53,-6.063462386732578e-13,-1.6216245431503638e-15
333.54,-6.062583663816453e-13,-1.6210237966423867e-15
333.55,-6.061702549490741e-13,-1.6204618514477552e-15
333.56,-6.060824368611318e-13,-1.6199857334782564e-15
333.57,-6.059945078551987e-13,-1.6194669568506718e-15
333.58,-6.059064999370146e-13,-1.6189810770433784e-15
333.59,-6.05818784685867e-13,-1.6186486867060157e-15
333.6,-6.057308727879422e-13,-1.6178124366333656e-15
333.61,-6.05643080181185e-13,-1.6172580069440484e-15
333.62,-6.055553329016062e-13,-1.6166540022015132e-15
333.63,-6.054679542002016e-13,-1.6161621615144676e-15
333.64,-6.053794372483343e-13,-1.615743874526669e-15
333.65,-6.052920892135121e-13,-1.6150570327775668e-15
333.66,-6.052042889635267e-13,-1.6144238742489405e-15
333.67,-6.051164917207958e-13,-1.6138408661282833e-15
333.68,-6.050291689294301e-13,-1.6136430919188341e-15
333.69,-6.049411287718219e-13,-1.6126546639577e-15
333.7,-6.04853518763894e-13,-1.6120229550954504e-15
333.71,-6.04765823829332e-13,-1.6114859827188458e-15
333.72,-6.046777895464187e-13,-1.6107746401002233e-15
333.73,-6.045907264449082e-13,-1.6101882417970693e-15
333.74,-6.045030519040478e-13,-1.6096161017044583e-15
333.75,-6.044154807787773e-13,-1.608953832625669e-15
333.76,-6.043277659792308e-13,-1.6081510847695117e-15
333.77,-6.042400438082073e-13,-1.6075817172355548e-15
333.78,-6.041527911690327e-13,-1.60705201305048e-15
333.79,-6.040652682725203e-13,-1.6062783417014054e-15
333.8,-6.039778572171015e-13,-1.6055630574152387e-15
333.81,-6.038908031951613e-13,-1.6050809852116741e-15
333.82,-6.038027278049386e-13,-1.6044020548369792e-15
333.83,-6.037155282299336e-13,-1.6037027305388377e-15
333.84,-6.036282547110748e-13,-1.6029559470222752e-15
333.85,-6.035406501759977e-13,-1.6023034971385021e-15
333.86,-6.034533458448351e-13,-1.6016615526747619e-15
333.87,-6.033656889453459e-13,-1.6012026803007398e-15
333.88,-6.032784685665425e-13,-1.600093775144808e-15
333.89,-6.031912804081203e-13,-1.5996416174319562e-15
333.9,-6.031039156509038e-13,-1.5988756805093137e-15
333.91,-6.030168455513621e-13,-1.5979598768282134e-15
333.92,-6.029293741091701e-13,-1.5973354691558e-15
333.93,-6.028422780625234e-13,-1.5966812150424986e-15
333.94,-6.027549427590097e-13,-1.5958613436682214e-15
333.95,-6.026678367690043e-13,-1.595221689564895e-15
333.96,-6.025804723860979e-13,-1.5944313386247935e-15
333.97,-6.024934092811027e-13,-1.5936664290346484e-15
333.98,-6.024063940457971e-13,-1.5928907889637292e-15
333.99,-6.023192572706924e-13,-1.5920955087270842e-15
334.0,-6.02232090382702e-13,-1.591370871429197e-15
334.01,-6.021450072544271e-13,-1.5907431066858122e-15
334.02,-6.02057864651994e-13,-1.5900110343738758e-15
334.03,-6.019708964396951e-13,-1.5891497077088616e-15
334.04,-6.018836364104983e-13,-1.5883511592480653e-15
334.05,-6.017968240643018e-13,-1.5876029790831674e-15
334.06,-6.017095746217193e-13,-1.5867723781470323e-15
334.07,-6.016224060471742e-13,-1.5860720118906182e-15
334.08,-6.015361552344147e-13,-1.585248169114354e-15
334.09,-6.014484212311898e-13,-1.5845301044405774e-15
334.1,-6.01361919892073e-13,-1.5835144638403395e-15
334.11,-6.012750517802531e-13,-1.5828776605178156e-15
334.12,-6.011880701096731e-13,-1.5819866106230391e-15
334.13,-6.011012356166951e-13,-1.5811738193284065e-15
334.14,-6.010143270848491e-13,-1.5803429606639276e-15
334.15,-6.009274831165892e-13,-1.5795452661927542e-15
334.16,-6.008409910291519e-13,-1.5786292557950072e-15
334.17,-6.007541189046964e-13,-1.5778112485272583e-15
334.18,-6.006670991817873e-13,-1.5766546164333887e-15
334.19,-6.005803654260889e-13,-1.5760974024770027e-15
334.2,-6.004937026370374e-13,-1.5752832581643862e-15
334.21,-6.004068755984778e-13,-1.5744832278877856e-15
334.22,-6.003201841142431e-13,-1.5736514635632111e-15
334.23,-6.002335565531929e-13,-1.5727964026685467e-15
334.24,-6.001468010594592e-13,-1.5718862864683065e-15
334.25,-6.00060286641732e-13,-1.571029458481493e-15
334.26,-5.999734480407315e-13,-1.5700257391683994e-15
334.27,-5.998867171696838e-13,-1.5693602178772444e-15
334.28,-5.998002481000212e-13,-1.5683575308177213e-15
334.29,-5.997136464291447e-13,-1.5675311689699136e-15
334.3,-5.9962714110825e-13,-1.566648193943428e-15
334.31,-5.995406409708932e-13,-1.565694608848001e-15
334.32,-5.994539811011265e-13,-1.564989795610189e-15
334.33,-5.993676718698396e-13,-1.563910816687613e-15
334.34,-5.992806728324082e-13,-1.563225332431011e-15
334.35,-5.991948039983051e-13,-1.562113294543408e-15
334.36,-5.991084052172582e-13,-1.5610657909235983e-15
334.37,-5.990217500855323e-13,-1.5602876167203887e-15
334.38,-5.989352890702669e-13,-1.5594437488652097e-15
334.39,-5.988487822761563e-13,-1.5584782719421956e-15
334.4,-5.987626116599655e-13,-1.5575756875439456e-15
334.41,-5.986762605597253e-13,-1.5565832394545699e-15
334.42,-5.985897145530375e-13,-1.5557122414747474e-15
334.43,-5.985039861104721e-13,-1.5547779123948992e-15
334.44,-5.984172539871342e-13,-1.5538085120794511e-15
334.45,-5.983306277252014e-13,-1.5528782839824637e-15
334.46,-5.982446549534058e-13,-1.5519467531740719e-15
334.47,-5.981582754413483e-13,-1.5512012679939248e-15
334.48,-5.980721374250955e-13,-1.549997031392296e-15
334.49,-5.979860204110135e-13,-1.5491233558134063e-15
334.5,-5.978999051878176e-13,-1.5481186074969152e-15
334.51,-5.978135625536001e-13,-1.5472132640536077e-15
334.52,-5.977271680199745e-13,-1.5463011936725154e-15
334.53,-5.976415047432931e-13,-1.5450438520930334e-15
334.54,-5.975551446348344e-13,-1.5441830669661283e-15
334.55,-5.974690018137253e-13,-1.543386760497579e-15
334.56,-5.973829353932001e-13,-1.5423825350570356e-15
334.57,-5.972965514461969e-13,-1.5413748324471252e-15
334.58,-5.972109357178136e-13,-1.5404367777055951e-15
334.59,-5.971247060273415e-13,-1.53937730806717e-15
334.6,-5.970387607550286e-13,-1.5383851198873132e-15
334.61,-5.969532671659383e-13,-1.537406097541507e-15
334.62,-5.968661891864926e-13,-1.5362072537777674e-15
334.63,-5.967809097813592e-13,-1.5354382736853957e-15
334.64,-5.966949813165859e-13,-1.534425347565676e-15
334.65,-5.966091118173024e-13,-1.5334852467627346e-15
334.66,-5.965236794800789e-13,-1.5322619431289346e-15
334.67,-5.964372543876769e-13,-1.531443907621759e-15
334.68,-5.9635152424406e-13,-1.5304481347224791e-15
334.69,-5.96265364694066e-13,-1.5293904599648607e-15
334.7,-5.961795755276965e-13,-1.5285306199687922e-15
334.71,-5.960944740806068e-13,-1.5274224855565755e-15
334.72,-5.960080751836923e-13,-1.5263266843287065e-15
334.73,-5.959223753214891e-13,-1.5253350003973924e-15
334.74,-5.958365825455207e-13,-1.5243055779016822e-15
334.75,-5.957510526918108e-13,-1.5235445035238262e-15
334.76,-5.956652124331654e-13,-1.5222782733876195e-15
334.77,-5.955794014037842e-13,-1.5212854114215533e-15
334.78,-5.954938557016303e-13,-1.5202380717263856e-15
334.79,-5.954084765331606e-13,-1.5191825197773218e-15
334.8,-5.953222010697196e-13,-1.5182601578777675e-15
334.81,-5.952368957199829e-13,-1.5171576833425898e-15
334.82,-5.951512333437047e-13,-1.5161461953872596e-15
334.83,-5.950656684740803e-13,-1.5151148053471812e-15
334.84,-5.949801709461431e-13,-1.5140374308359404e-15
334.85,-5.948944644396678e-13,-1.5129897160649893e-15
334.86,-5.948090613830313e-13,-1.511976071492888e-15
334.87,-5.947234006805088e-13,-1.5108572523329602e-15
334.88,-5.946377210153685e-13,-1.5099707626079385e-15
334.89,-5.945524239104965e-13,-1.508837804574401e-15
334.9,-5.944672012290297e-13,-1.5077088266217377e-15
334.91,-5.943815044533886e-13,-1.5066531842012939e-15
334.92,-5.942962907855724e-13,-1.5056129826391565e-15
334.93,-5.94210740207642e-13,-1.5046913689043096e-15
334.94,-5.941254612280438e-13,-1.5035346475202228e-15
334.95,-5.94040041826808e-13,-1.5024588113626191e-15
334.96,-5.93954738877025e-13,-1.5013629295265794e-15
334.97,-5.938690973168983e-13,-1.500310582894613e-15
334.98,-5.937839467607638e-13,-1.499707953704836e-15
334.99,-5.936988443614856e-13,-1.498325093436716e-15
335.0,-5.93613434972945e-13,-1.497174364129191e-15
335.01,-5.935281570644865e-13,-1.4960760860504227e-15
335.02,-5.934430360953494e-13,-1.4950664718067963e-15
335.03,-5.933577755900471e-13,-1.4939632735706193e-15
335.04,-5.932725867751073e-13,-1.4929148384562674e-15
335.05,-5.931874992982187e-13,-1.49182409288092e-15
335.06,-5.931028850846899e-13,-1.4908853686217966e-15
335.07,-5.930161753460821e-13,-1.489303141503971e-15
335.08,-5.929319931990696e-13,-1.4884752491894079e-15
335.09,-5.92846711084981e-13,-1.4875327667905766e-15
335.1,-5.927615927796144e-13,-1.4864133223168737e-15
335.11,-5.926765949487772e-13,-1.4853535487541608e-15
335.12,-5.925918266227684e-13,-1.4842140089510583e-15
335.13,-5.925067495224389e-13,-1.4831508583392412e-15
335.14,-5.924213954179263e-13,-1.4820873822689015e-15
335.15,-5.923349476341519e-13,-1.4812881163225604e-15
335.16,-5.922526871902783e-13,-1.4803483276204172e-15
335.17,-5.921665160702298e-13,-1.4788976001802386e-15
335.18,-5.920815198433994e-13,-1.4777357117846803e-15
335.19,-5.91996506550269e-13,-1.4766984709104605e-15
335.2,-5.91911627111921e-13,-1.4756013797233215e-15
335.21,-5.918267377258973e-13,-1.4744733902727592e-15
335.22,-5.917418785860933e-13,-1.4734385350423993e-15
335.23,-5.916570407908642e-13,-1.4723027111262384e-15
335.24,-5.915722697813404e-13,-1.4709133655320986e-15
335.25,-5.91487826352985e-13,-1.4701541901390374e-15
335.26,-5.914025755159009e-13,-1.4690140599251768e-15
335.27,-5.913177496310803e-13,-1.4679531563951908e-15
335.28,-5.912329745477557e-13,-1.4668789424816888e-15
335.29,-5.911481770816091e-13,-1.4658133639548138e-15
335.3,-5.910634697027177e-13,-1.4646752703772864e-15
335.31,-5.909791390431811e-13,-1.4636713589396192e-15
335.32,-5.908941019382542e-13,-1.4625418415726226e-15
335.33,-5.908081296173434e-13,-1.4608986508040914e-15
335.34,-5.907248963507895e-13,-1.4603693053075497e-15
335.35,-5.906399631252064e-13,-1.4592168250960717e-15
335.36,-5.905553625526808e-13,-1.4581786889868472e-15
335.37,-5.90470859010627e-13,-1.4570172454436174e-15
335.38,-5.903862171072145e-13,-1.4559660381845185e-15
335.39,-5.90301516932723e-13,-1.4548356498803464e-15
335.4,-5.902169457384687e-13,-1.4538432764527792e-15
335.41,-5.901324516030634e-13,-1.452628040380175e-15
335.42,-5.900479102259123e-13,-1.4515923471703985e-15
335.43,-5.899635991853186e-13,-1.4506191204152829e-15
335.44,-5.898790741747562e-13,-1.4494121875171441e-15
335.45,-5.897945454498984e-13,-1.4484031389514755e-15
335.46,-5.897101557039661e-13,-1.4471829502623945e-15
335.47,-5.896256860989165e-13,-1.4461304728457477e-15
335.48,-5.895413200098934e-13,-1.445074017003856e-15
335.49,-5.894568951155066e-13,-1.4439320070892752e-15
335.5,-5.893724280933611e-13,-1.442883786055538e-15
335.51,-5.892880214563284e-13,-1.4420142082456723e-15
335.52,-5.892037836144731e-13,-1.4406184115523755e-15
335.53,-5.891194296206489e-13,-1.4396235188341995e-15
335.54,-5.890351921885708e-13,-1.4385743595385898e-15
335.55,-5.889506872645068e-13,-1.4374319783376356e-15
335.56,-5.888657191991978e-13,-1.4364001125759644e-15
335.57,-5.887822881781209e-13,-1.4352814323619565e-15
335.58,-5.88697995172759e-13,-1.43420024716638e-15
335.59,-5.886138375003518e-13,-1.4330863242425498e-15
335.6,-5.885299011867685e-13,-1.4320644938823918e-15
335.61,-5.884451840220649e-13,-1.4308694388911813e-15
335.62,-5.883610602156176e-13,-1.4297966370169391e-15
335.63,-5.882770655680465e-13,-1.4287772330489131e-15
335.64,-5.881927888477001e-13,-1.4276253817984387e-15
335.65,-5.881085229097722e-13,-1.4266063422125395e-15
335.66,-5.880247494115632e-13,-1.425489223435659e-15
335.67,-5.879405910254008e-13,-1.4244153158977652e-15
335.68,-5.878563494794972e-13,-1.4232695513706401e-15
335.69,-5.877733392467021e-13,-1.4220212012707085e-15
335.7,-5.876887291386908e-13,-1.4213131182094623e-15
335.71,-5.876043991396e-13,-1.420165624015617e-15
335.72,-5.875203156985014e-13,-1.4190380147341086e-15
335.73,-5.874363962788383e-13,-1.4179520627327e-15
335.74,-5.873522989771607e-13,-1.416865116395521e-15
335.75,-5.872683958313163e-13,-1.4158309754131722e-15
335.76,-5.871845007443776e-13,-1.4147943540864632e-15
335.77,-5.871005674841907e-13,-1.4136751035925438e-15
335.78,-5.87016577866757e-13,-1.4125565285246647e-15
335.79,-5.869329213335205e-13,-1.4115733381814677e-15
335.8,-5.86849004106126e-13,-1.410482250747182e-15
335.81,-5.867650007093156e-13,-1.4095474579216675e-15
335.82,-5.866811547590708e-13,-1.4083311482974515e-15
335.83,-5.865977537709817e-13,-1.4073440278134475e-15
335.84,-5.865136302477601e-13,-1.4062996112817679e-15
335.85,-5.864298701265049e-13,-1.4051452798654503e-15
335.86,-5.863461136800097e-13,-1.4041912232654396e-15
335.87,-5.86262040553009e-13,-1.4030494374737267e-15
335.88,-5.861784894032279e-13,-1.4020405852922955e-15
335.89,-5.860951315734225e-13,-1.4009911138721903e-15
335.9,-5.860111922089811e-13,-1.399945049804886e-15
335.91,-5.859276849728214e-13,-1.3988524821498659e-15
335.92,-5.858437265284125e-13,-1.3978504646558566e-15
335.93,-5.857601801582388e-13,-1.3968023166430437e-15
335.94,-5.856766413423043e-13,-1.3958178072454262e-15
335.95,-5.855928344123753e-13,-1.3947396139824972e-15
335.96,-5.855099618684749e-13,-1.3936276622787002e-15
335.97,-5.854257498476644e-13,-1.3925964804608167e-15
335.98,-5.853422053517535e-13,-1.3916084566627182e-15
335.99,-5.852585890633341e-13,-1.3905412160355285e-15
336.0,-5.851752296279346e-13,-1.3895555124444526e-15
336.01,-5.850915023912524e-13,-1.3884685861996787e-15
336.02,-5.850081869258943e-13,-1.3875083801325113e-15
336.03,-5.849246433368545e-13,-1.3864348210560608e-15
336.04,-5.848408889811332e-13,-1.3852526633441974e-15
336.05,-5.847577445362808e-13,-1.3845668517364745e-15
336.06,-5.846743055600749e-13,-1.3834155864480458e-15
336.07,-5.84591101095337e-13,-1.3824513168297656e-15
336.08,-5.845074585628581e-13,-1.3813919912800313e-15
336.09,-5.844240488523026e-13,-1.380350629631234e-15
336.1,-5.843407525339674e-13,-1.3793172598396837e-15
336.11,-5.842573411545007e-13,-1.378360705986728e-15
336.12,-5.841740506382649e-13,-1.3773055896081486e-15
336.13,-5.840909384406448e-13,-1.37637996293525e-15
336.14,-5.840077909649685e-13,-1.3753374033878397e-15
336.15,-5.839239939503821e-13,-1.3743145208612768e-15
336.16,-5.838408950730078e-13,-1.3733446320647291e-15
336.17,-5.83757691631335e-13,-1.3723338244654642e-15
336.18,-5.836742444282549e-13,-1.3713191778755583e-15
336.19,-5.83590989496087e-13,-1.3702741293723053e-15
336.2,-5.835079460841322e-13,-1.369400751217885e-15
336.21,-5.834249285927864e-13,-1.3684981057667385e-15
336.22,-5.83341502349691e-13,-1.3673641799975526e-15
336.23,-5.832584995994797e-13,-1.3664098896579133e-15
336.24,-5.831752765512116e-13,-1.3654551726920825e-15
336.25,-5.830921731994361e-13,-1.3644453402909078e-15
336.26,-5.830090767237196e-13,-1.363516066229029e-15
336.27,-5.829260461235042e-13,-1.3625103857460548e-15
336.28,-5.828429165349842e-13,-1.3615789435585718e-15
336.29,-5.827592435025162e-13,-1.3605403319752568e-15
336.3,-5.826768813672509e-13,-1.3596415110459016e-15
336.31,-5.825937921550383e-13,-1.358573674324365e-15
336.32,-5.825110552778146e-13,-1.3577171465271953e-15
336.33,-5.824276937648683e-13,-1.3567216874080399e-15
336.34,-5.823448977002033e-13,-1.355749144916358e-15
336.35,-5.822617099861648e-13,-1.3548132158812598e-15
336.36,-5.821787273183146e-13,-1.353918227123608e-15
336.37,-5.820959519709498e-13,-1.3529298756378916e-15
336.38,-5.820129372947733e-13,-1.3519919770526073e-15
336.39,-5.819301677316997e-13,-1.3510698284190185e-15
336.4,-5.818473294699423e-13,-1.3502083531154933e-15
336.41,-5.817642073244472e-13,-1.3491569564074732e-15
336.42,-5.816815404334522e-13,-1.3481827800496373e-15
336.43,-5.815985758502628e-13,-1.3473648781186462e-15
336.44,-5.815162312459626e-13,-1.3463122882882706e-15
336.45,-5.814329073304198e-13,-1.345404744624698e-15
336.46,-5.813500782561874e-13,-1.3445688344472963e-15
336.47,-5.812675347147205e-13,-1.3437533064712356e-15
336.48,-5.811846468262476e-13,-1.342743230838476e-15
336.49,-5.811018506441654e-13,-1.341873333764478e-15
336.5,-5.810193440739495e-13,-1.3410714139034102e-15
336.51,-5.809365233507959e-13,-1.340058747295627e-15
336.52,-5.808538042047963e-13,-1.3391645475404763e-15
336.53,-5.807711684648049e-13,-1.3382888741024632e-15
336.54,-5.806880367579151e-13,-1.3372684754869193e-15
336.55,-5.806059778742452e-13,-1.3364682588746536e-15
336.56,-5.805231180703067e-13,-1.3355791933959678e-15
336.57,-5.804406932688042e-13,-1.3347649172386258e-15
336.58,-5.803579141863761e-13,-1.3337633710422468e-15
336.59,-5.802738023147271e-13,-1.332842197034861e-15
336.6,-5.801928196587069e-13,-1.33208500028478e-15
336.61,-5.801103379001338e-13,-1.3312669488864102e-15
336.62,-5.800277190857266e-13,-1.3303017508752593e-15
336.63,-5.799453869071907e-13,-1.3294779672161123e-15
336.64,-5.798626010595444e-13,-1.3286156381135934e-15
336.65,-5.797801415874855e-13,-1.3277640568680537e-15
336.66,-5.796975987479238e-13,-1.326874624038273e-15
336.67,-5.796152503815694e-13,-1.3260915153067536e-15
336.68,-5.795333148516846e-13,-1.3254769685070763e-15
336.69,-5.79450413049062e-13,-1.324374814012765e-15
336.7,-5.793679830545296e-13,-1.32358366355081e-15
336.71,-5.792856212514214e-13,-1.322676667533374e-15
336.72,-5.792028197246912e-13,-1.3217423733944582e-15
336.73,-5.791207528821168e-13,-1.3210959962085823e-15
336.74,-5.790385291185288e-13,-1.3202236786082444e-15
336.75,-5.789560330046045e-13,-1.319411616787195e-15
336.76,-5.78873515777185e-13,-1.3185438268027555e-15
336.77,-5.787916980608184e-13,-1.3177883091805845e-15
336.78,-5.787088760886795e-13,-1.3169117159501242e-15
336.79,-5.786266623509192e-13,-1.3161128370891956e-15
336.8,-5.785445507032819e-13,-1.3153467005437287e-15
336.81,-5.784623152732429e-13,-1.3145868189217142e-15
336.82,-5.783800597583853e-13,-1.313786457634126e-15
336.83,-5.782976601769696e-13,-1.312940210498515e-15
336.84,-5.782154907885256e-13,-1.3121644260545414e-15
336.85,-5.781329590430698e-13,-1.3112738763782414e-15
336.86,-5.780510166995902e-13,-1.3105265540524087e-15
336.87,-5.779691515593058e-13,-1.3098945312362565e-15
336.88,-5.778868799352245e-13,-1.309123899682461e-15
336.89,-5.778046677764858e-13,-1.3083167836431534e-15
336.9,-5.777226438615907e-13,-1.3075717687095436e-15
336.91,-5.776404161881651e-13,-1.306785340605787e-15
336.92,-5.775583839833391e-13,-1.3060568383132477e-15
336.93,-5.77476334589149e-13,-1.3053022247650543e-15
336.94,-5.773941922390208e-13,-1.3044604627945739e-15
336.95,-5.773119904181271e-13,-1.3046816144455833e-15
336.96,-5.772299403842322e-13,-1.3030226739533746e-15
336.97,-5.771479721818398e-13,-1.302271004218217e-15
336.98,-5.770661347188308e-13,-1.301604725755923e-15
336.99,-5.769840629462208e-13,-1.3007719032832997e-15
337.0,-5.769020145632424e-13,-1.3000798799332859e-15
337.01,-5.768201030602547e-13,-1.299398671767581e-15
337.02,-5.767381898517936e-13,-1.2985851882741865e-15
337.03,-5.766558132838592e-13,-1.2976983816584168e-15
337.04,-5.765752346825244e-13,-1.2968002761466504e-15
337.05,-5.764925701262202e-13,-1.2965349277256275e-15
337.06,-5.764103586605098e-13,-1.2957989170621438e-15
337.07,-5.763286533105227e-13,-1.295152353006631e-15
337.08,-5.762469121814363e-13,-1.2944348328852192e-15
337.09,-5.761652275668095e-13,-1.2936106618157474e-15
337.1,-5.760834408546456e-13,-1.293127098088516e-15
337.11,-5.760011005165134e-13,-1.2923660334311606e-15
337.12,-5.759175136216006e-13,-1.2909471603248207e-15
337.13,-5.758394178918539e-13,-1.2914651599321504e-15
337.14,-5.757558023184139e-13,-1.290331916522214e-15
337.15,-5.756742079387439e-13,-1.2897295327878518e-15
337.16,-5.75592498207606e-13,-1.2890259765599767e-15
337.17,-5.755105568032914e-13,-1.2883511022613143e-15
337.18,-5.754288608213115e-13,-1.287668004960332e-15
337.19,-5.753472292202948e-13,-1.2870639179255608e-15
337.2,-5.752655182751232e-13,-1.2862975484925036e-15
337.21,-5.751830339680504e-13,-1.2858548812875635e-15
337.22,-5.751020919103203e-13,-1.2853002905488375e-15
337.23,-5.750205012543821e-13,-1.2844910560280442e-15
337.24,-5.749388420833272e-13,-1.2838407135950764e-15
337.25,-5.748571525415459e-13,-1.2831859746400053e-15
337.26,-5.747754233304775e-13,-1.2825153031000948e-15
337.27,-5.746940717257146e-13,-1.2819333975624818e-15
337.28,-5.746123577557118e-13,-1.2813605870538984e-15
337.29,-5.745307453640888e-13,-1.2807799128950435e-15
337.3,-5.744491580717415e-13,-1.279689833394908e-15
337.31,-5.743676934013158e-13,-1.2795742529538554e-15
337.32,-5.742864509761923e-13,-1.278942153826585e-15
337.33,-5.742048205863971e-13,-1.2782636997785458e-15
337.34,-5.741232285327007e-13,-1.2778211763579218e-15
337.35,-5.74041758079021e-13,-1.2772738567786408e-15
337.36,-5.739601695252595e-13,-1.2766151288147273e-15
337.37,-5.738785158132134e-13,-1.275893772605818e-15
337.38,-5.737970235893826e-13,-1.2753052781895463e-15
337.39,-5.737161380737997e-13,-1.2750226751539764e-15
337.4,-5.736345246791187e-13,-1.2744242672992768e-15
337.41,-5.735531037314877e-13,-1.2737596859335225e-15
337.42,-5.734715368228672e-13,-1.2732134141914716e-15
337.43,-5.733903859353095e-13,-1.2726741002842497e-15
337.44,-5.733090227343256e-13,-1.2721428032351143e-15
337.45,-5.732276097658971e-13,-1.2715733010475504e-15
337.46,-5.731461571682115e-13,-1.2709975583069083e-15
337.47,-5.730648445763288e-13,-1.2704763308434944e-15
337.48,-5.729831362608454e-13,-1.2698636436205361e-15
337.49,-5.729023086418767e-13,-1.2695496494522893e-15
337.5,-5.728209692434979e-13,-1.268950840940654e-15
337.51,-5.727398302450695e-13,-1.2684415645472748e-15
337.52,-5.726583655253371e-13,-1.2679350632070516e-15
337.53,-5.725774990427101e-13,-1.2676199927135936e-15
337.54,-5.724961361269592e-13,-1.26692031712301e-15
337.55,-5.724147588186568e-13,-1.2663720711208671e-15
337.56,-5.723336445486286e-13,-1.2659356934001073e-15
337.57,-5.722535582478256e-13,-1.265642154729537e-15
337.58,-5.721711257346096e-13,-1.2649571448132574e-15
337.59,-5.72090092397864e-13,-1.2644716922272132e-15
337.6,-5.720087557283975e-13,-1.263980209390354e-15
337.61,-5.719276306563783e-13,-1.263469062821913e-15
337.62,-5.718461286565635e-13,-1.2628679126564364e-15
337.63,-5.717655394542473e-13,-1.2626137305915736e-15
337.64,-5.716843471667911e-13,-1.2621052836788213e-15
337.65,-5.716031720021461e-13,-1.2616299619473013e-15
337.66,-5.715232691152416e-13,-1.2616227761312096e-15
337.67,-5.714409478496861e-13,-1.2608140566553027e-15
337.68,-5.713600219946064e-13,-1.2603128807197918e-15
337.69,-5.712789163232631e-13,-1.2599549694337935e-15
337.7,-5.711980378391488e-13,-1.2594908823494407e-15
337.71,-5.711167766172112e-13,-1.2588912628950615e-15
337.72,-5.710360445111434e-13,-1.2585854546507348e-15
337.73,-5.70954899996053e-13,-1.2581431880906184e-15
337.74,-5.708740571767219e-13,-1.2577976342236048e-15
337.75,-5.707932634134984e-13,-1.2572122495845306e-15
337.76,-5.707121256725605e-13,-1.2570704216359875e-15
337.77,-5.706310768913588e-13,-1.2564837431471264e-15
337.78,-5.705502735446805e-13,-1.256314754695466e-15
337.79,-5.704692642079911e-13,-1.2556472747347245e-15
337.8,-5.703886241374917e-13,-1.2553692360527426e-15
337.81,-5.703076041266948e-13,-1.2548644319443954e-15
337.82,-5.702266377757517e-13,-1.254598727231394e-15
337.83,-5.70145602662787e-13,-1.2541097305151658e-15
337.84,-5.700647156725557e-13,-1.2536050485389416e-15
337.85,-5.6998392388935e-13,-1.2532907713481962e-15
337.86,-5.699034594222735e-13,-1.2531396764005937e-15
337.87,-5.698224731073175e-13,-1.2526551410145471e-15
337.88,-5.697416678731325e-13,-1.2523246567010355e-15
337.89,-5.696608934479137e-13,-1.2519441905324801e-15
337.9,-5.695801199762182e-13,-1.251613888029037e-15
337.91,-5.694994599871915e-13,-1.2513168653280342e-15
337.92,-5.694186699896296e-13,-1.2510124314405578e-15
337.93,-5.693384191557444e-13,-1.2508315466810016e-15
337.94,-5.692568738845145e-13,-1.250313237052415e-15
337.95,-5.691764696689484e-13,-1.2499049614379192e-15
337.96,-5.690955695696994e-13,-1.2496510209658637e-15
337.97,-5.690150803240485e-13,-1.2492940603573748e-15
337.98,-5.689345122818682e-13,-1.2489206618812635e-15
337.99,-5.688537317053821e-13,-1.2487198103673768e-15
338.0,-5.687731581403767e-13,-1.2483554726786865e-15
338.01,-5.686921700764126e-13,-1.2480560878975728e-15
338.02,-5.686119602853282e-13,-1.2476916213152213e-15
338.03,-5.685316616269263e-13,-1.2476493224257234e-15
338.04,-5.684507376185189e-13,-1.247208882397679e-15
338.05,-5.683699986133657e-13,-1.2468509581294224e-15
338.06,-5.682894759914577e-13,-1.2465784184788647e-15
338.07,-5.682089934620616e-13,-1.2463436292375064e-15
338.08,-5.681284000496124e-13,-1.2460277456559377e-15
338.09,-5.680478005013157e-13,-1.245771003915021e-15
338.1,-5.679675447337222e-13,-1.2455921534742334e-15
338.11,-5.678869416484858e-13,-1.2453518805139124e-15
338.12,-5.678057598381697e-13,-1.2449921797500184e-15
338.13,-5.67725683296735e-13,-1.2446901373769336e-15
338.14,-5.676453478814179e-13,-1.2445126998990616e-15
338.15,-5.675646543921762e-13,-1.2441691874893999e-15
338.16,-5.674843900978235e-13,-1.2439462023883806e-15
338.17,-5.674039067083869e-13,-1.2437525665524651e-15
338.18,-5.673234685780002e-13,-1.2435294746775979e-15
338.19,-5.67243042320315e-13,-1.243456261330688e-15
338.2,-5.671631536692408e-13,-1.2429835878150342e-15
338.21,-5.670824018370723e-13,-1.2429244710647434e-15
338.22,-5.670020464209462e-13,-1.2426605267608169e-15
338.23,-5.669216180286947e-13,-1.2425023343257694e-15
338.24,-5.668412808936999e-13,-1.2422188769788244e-15
338.25,-5.667608824949597e-13,-1.2420710129947703e-15
338.26,-5.666807239427492e-13,-1.2418010020851767e-15
338.27,-5.66600278247064e-13,-1.2416206174682664e-15
338.28,-5.665198794222433e-13,-1.241124111125154e-15
338.29,-5.664400548434077e-13,-1.2413702812287797e-15
338.3,-5.663591485633864e-13,-1.240916650663374e-15
338.31,-5.662793403908497e-13,-1.2408804200967842e-15
338.32,-5.661988235396445e-13,-1.2406420914835953e-15
338.33,-5.661184246692024e-13,-1.2404930876390427e-15
338.34,-5.660383414934277e-13,-1.2403416748343823e-15
338.35,-5.6595814561507e-13,-1.2401484311197505e-15
338.36,-5.658777857111473e-13,-1.240018065457348e-15
338.37,-5.657974562781077e-13,-1.2401100129502204e-15
338.38,-5.657178999194772e-13,-1.2400518043998147e-15
338.39,-5.65637307428928e-13,-1.2395407309665706e-15
338.4,-5.655571320774275e-13,-1.2393799275272862e-15
338.41,-5.654776628439098e-13,-1.2393102556364877e-15
338.42,-5.653970352299138e-13,-1.2391141020302562e-15
338.43,-5.653166088110163e-13,-1.238868514860202e-15
338.44,-5.652368070474705e-13,-1.23882223890198e-15
338.45,-5.651564099883405e-13,-1.2387027793665724e-15
338.46,-5.650760427238725e-13,-1.2383870637512974e-15
338.47,-5.649961564294968e-13,-1.2386748399695588e-15
338.48,-5.64916321786254e-13,-1.2383102436683645e-15
338.49,-5.648361920611688e-13,-1.2382690242594628e-15
338.5,-5.647561767453852e-13,-1.2381831892943696e-15
338.51,-5.646759781842759e-13,-1.2380444165725785e-15
338.52,-5.645959679144625e-13,-1.23787737743757e-15
338.53,-5.64515986494091e-13,-1.237829819322703e-15
338.54,-5.644360440866072e-13,-1.2377654250603479e-15
338.55,-5.643560370536221e-13,-1.2377779175147242e-15
338.56,-5.642753976618041e-13,-1.2369738521233855e-15
338.57,-5.641961949844027e-13,-1.2375375721922545e-15
338.58,-5.641160665196346e-13,-1.2373831474652282e-15
338.59,-5.640361780914337e-13,-1.2372878119125817e-15
338.6,-5.639567161578484e-13,-1.2371927826370693e-15
338.61,-5.638762712763347e-13,-1.2371227200262687e-15
338.62,-5.637965011122481e-13,-1.2371242530375532e-15
338.63,-5.637165799322438e-13,-1.2371445553063508e-15
338.64,-5.636367460586843e-13,-1.237038412199822e-15
338.65,-5.635571272744441e-13,-1.2370715956829949e-15
338.66,-5.634770130551941e-13,-1.2369688355471826e-15
338.67,-5.633970522008563e-13,-1.2368492990039656e-15
338.68,-5.633171930783298e-13,-1.2368452862786603e-15
338.69,-5.632372211010767e-13,-1.2366345154458085e-15
338.7,-5.631576910485576e-13,-1.2366889976926075e-15
338.71,-5.630777627687512e-13,-1.2366320422958507e-15
338.72,-5.629978321932583e-13,-1.2367052525295042e-15
338.73,-5.629182670984573e-13,-1.2365320681575126e-15
338.74,-5.628389720348106e-13,-1.2367908314166165e-15
338.75,-5.627586487913522e-13,-1.236433052266553e-15
338.76,-5.626790589163043e-13,-1.2367293104988005e-15
338.77,-5.6259909589465e-13,-1.2365715431991412e-15
338.78,-5.62519583059662e-13,-1.2365605518799268e-15
338.79,-5.62439706542259e-13,-1.2366045102077779e-15
338.8,-5.623599406666543e-13,-1.236468100224347e-15
338.81,-5.622804102595566e-13,-1.2365818412811398e-15
338.82,-5.622011539127317e-13,-1.236681787967844e-15
338.83,-5.621200393173753e-13,-1.2365414283457318e-15
338.84,-5.620412814558859e-13,-1.236498214706504e-15
338.85,-5.619617375700755e-13,-1.236601053394642e-15
338.86,-5.618820200456e-13,-1.23656846934867e-15
338.87,-5.618024262665032e-13,-1.2366156149138775e-15
338.88,-5.617227501806724e-13,-1.2366743176237055e-15
338.89,-5.61643185850956e-13,-1.2366618605336474e-15
338.9,-5.615635226756753e-13,-1.2366578606305139e-15
338.91,-5.614842731745139e-13,-1.2367405809952843e-15
338.92,-5.614023425013109e-13,-1.2364870456757446e-15
338.93,-5.613247898410251e-13,-1.2367879385726233e-15
338.94,-5.612453937767172e-13,-1.2368430566141083e-15
338.95,-5.61165763067297e-13,-1.2368744886972713e-15
338.96,-5.610861959160869e-13,-1.236969650117144e-15
338.97,-5.610065568074108e-13,-1.2369591110373955e-15
338.98,-5.609271981962446e-13,-1.2370649039926232e-15
338.99,-5.608476457535413e-13,-1.2370857843481703e-15
339.0,-5.607680441675087e-13,-1.2369826844550781e-15
339.01,-5.606892023090403e-13,-1.2370290906224074e-15
339.02,-5.60609297847621e-13,-1.2372389622059866e-15
339.03,-5.60529749153161e-13,-1.2372679143902918e-15
339.04,-5.60450406639453e-13,-1.2374075747277191e-15
339.05,-5.603709912995083e-13,-1.2375461629859064e-15
339.06,-5.60292156598819e-13,-1.2376918594104512e-15
339.07,-5.602122595400239e-13,-1.2377146769382116e-15
339.08,-5.601328136782579e-13,-1.237814070455803e-15
339.09,-5.600553322787458e-13,-1.2382302118717293e-15
339.1,-5.599742021618189e-13,-1.2383511218676253e-15
339.11,-5.598945879113043e-13,-1.2380150544689783e-15
339.12,-5.598154210112008e-13,-1.2380982891471882e-15
339.13,-5.597358796149915e-13,-1.2381890563182872e-15
339.14,-5.596565672342559e-13,-1.238367986100773e-15
339.15,-5.595772899075077e-13,-1.2384290691910987e-15
339.16,-5.59498059593777e-13,-1.2385182853417359e-15
339.17,-5.594188912845915e-13,-1.2386040516914364e-15
339.18,-5.593394377638763e-13,-1.23842862627929e-15
339.19,-5.592605107410621e-13,-1.2389485449001012e-15
339.2,-5.591810789489271e-13,-1.2388168723614185e-15
339.21,-5.591017006639752e-13,-1.2391023934166522e-15
339.22,-5.590225140440997e-13,-1.2392158342732692e-15
339.23,-5.589431140107512e-13,-1.2392359091400637e-15
339.24,-5.588639781398375e-13,-1.2394314205502656e-15
339.25,-5.587846612077154e-13,-1.2395496429606607e-15
339.26,-5.587055397534514e-13,-1.2397115966133906e-15
339.27,-5.586259857180546e-13,-1.240026819988699e-15
339.28,-5.585470208150902e-13,-1.239912539458594e-15
339.29,-5.584680880223487e-13,-1.2401711911760178e-15
339.3,-5.583891433458176e-13,-1.2403382772431566e-15
339.31,-5.583096904359902e-13,-1.2403499697838897e-15
339.32,-5.582308011533837e-13,-1.2405106164049926e-15
339.33,-5.58151474819796e-13,-1.2407150015349775e-15
339.34,-5.580722673786027e-13,-1.2407690197343689e-15
339.35,-5.579934118836493e-13,-1.240868637973045e-15
339.36,-5.579142490828313e-13,-1.2412026374011069e-15
339.37,-5.578350899235427e-13,-1.2413543810887913e-15
339.38,-5.577560114422549e-13,-1.241499259198199e-15
339.39,-5.576771498037374e-13,-1.2417239832014412e-15
339.4,-5.575979099982457e-13,-1.2418843817620415e-15
339.41,-5.575189640676821e-13,-1.2419927728140248e-15
339.42,-5.574403166076595e-13,-1.2421970431121354e-15
339.43,-5.573609400431711e-13,-1.2422528099374105e-15
339.44,-5.572818814123698e-13,-1.2424322474987624e-15
339.45,-5.572027954939317e-13,-1.2425636510461908e-15
339.46,-5.571242334239965e-13,-1.2428577075210287e-15
339.47,-5.570449385930012e-13,-1.242977606211484e-15
339.48,-5.569662263041778e-13,-1.2431855849277747e-15
339.49,-5.568869885605131e-13,-1.2433399499036582e-15
339.5,-5.568085631300739e-13,-1.2437137150167958e-15
339.51,-5.567293930540355e-13,-1.2437332583487662e-15
339.52,-5.566503761679604e-13,-1.2439317009257156e-15
339.53,-5.565714235522408e-13,-1.2440471024319332e-15
339.54,-5.564927230345032e-13,-1.2446642667088086e-15
339.55,-5.564136511819557e-13,-1.2444365796800735e-15
339.56,-5.563347036854495e-13,-1.2447356650725012e-15
339.57,-5.562559453742574e-13,-1.2448611506432946e-15
339.58,-5.561771623702365e-13,-1.2451208998978857e-15
339.59,-5.560981261661876e-13,-1.2454639079173496e-15
339.6,-5.560194682584803e-13,-1.245541360205666e-15
339.61,-5.559406748828404e-13,-1.2456945845048217e-15
339.62,-5.558619476956809e-13,-1.2459142122341813e-15
339.63,-5.557826537676816e-13,-1.2459983139432514e-15
339.64,-5.557041776091841e-13,-1.246386072632235e-15
339.65,-5.556254221089215e-13,-1.24657345104335e-15
339.66,-5.555464845479369e-13,-1.2467320239686776e-15
339.67,-5.554677719975191e-13,-1.246943211297526e-15
339.68,-5.553892607445493e-13,-1.2470682692473812e-15
339.69,-5.553105358478738e-13,-1.2473863312895959e-15
339.7,-5.552317015147166e-13,-1.2475596669036063e-15
339.71,-5.551532592919311e-13,-1.2478628442777292e-15
339.72,-5.550748882504815e-13,-1.2481249476186502e-15
339.73,-5.549954515842766e-13,-1.2482936087144503e-15
339.74,-5.549170078304426e-13,-1.248495382264625e-15
339.75,-5.548382654220161e-13,-1.2488631520210123e-15
339.76,-5.547598252593192e-13,-1.2490080218449026e-15
339.77,-5.546810973441704e-13,-1.2492552965584539e-15
339.78,-5.546023664085366e-13,-1.2494447472535308e-15
339.79,-5.545236416302243e-13,-1.2497024757861535e-15
339.8,-5.544452442081638e-13,-1.2499516783316221e-15
339.81,-5.54366673063077e-13,-1.2500357801707624e-15
339.82,-5.54288185021005e-13,-1.2503468762779942e-15
339.83,-5.542097581016066e-13,-1.2507328906318275e-15
339.84,-5.54131039093047e-13,-1.2508920290070956e-15
339.85,-5.54052325027871e-13,-1.2511436062126115e-15
339.86,-5.539737799718338e-13,-1.2513359638750813e-15
339.87,-5.538953076043052e-13,-1.2515822495588787e-15
339.88,-5.538168015518356e-13,-1.251761656594309e-15
339.89,-5.537384375550996e-13,-1.2521161316198247e-15
339.9,-5.536597869714074e-13,-1.252222798424323e-15
339.91,-5.535811764255963e-13,-1.2525210896251383e-15
339.92,-5.535028869005767e-13,-1.2528958477180529e-15
339.93,-5.53424289205178e-13,-1.253056983241535e-15
339.94,-5.53345954169954e-13,-1.2533442627179301e-15
339.95,-5.532674397375187e-13,-1.253603101558812e-15
339.96,-5.531891839170278e-13,-1.253927861782791e-15
339.97,-5.531106858578704e-13,-1.2541303881817755e-15
339.98,-5.530321469152069e-13,-1.254333297991561e-15
339.99,-5.529540634652647e-13,-1.2546336252483967e-15
340.0,-5.528755004745408e-13,-1.2549164812692282e-15
340.01,-5.527971036332959e-13,-1.2551440391209916e-15
340.02,-5.527187384764546e-13,-1.255411863001638e-15
340.03,-5.526403445074827e-13,-1.2556715062148812e-15
340.04,-5.525619396581184e-13,-1.2559449823168623e-15
340.05,-5.52483672039375e-13,-1.2561940355108047e-15
340.06,-5.524053812522458e-13,-1.2564760082256907e-15
340.07,-5.523270280821166e-13,-1.2567024860676255e-15
340.08,-5.522490104172912e-13,-1.2570723878670166e-15
340.09,-5.521705546835591e-13,-1.2572541286941572e-15
340.1,-5.520922895872687e-13,-1.257553083696328e-15
340.11,-5.520139085660656e-13,-1.2577693994742905e-15
340.12,-5.519357536650345e-13,-1.2580682617786187e-15
340.13,-5.518572391707972e-13,-1.2583629459100736e-15
340.14,-5.517792507286307e-13,-1.2586210922020046e-15
340.15,-5.517009601194581e-13,-1.2588664080932559e-15
340.16,-5.516226180054975e-13,-1.2591734297598233e-15
340.17,-5.515450672504021e-13,-1.2595646158308217e-15
340.18,-5.514662110500129e-13,-1.2596195321172806e-15
340.19,-5.513882342451557e-13,-1.2599837783530096e-15
340.2,-5.513099713605277e-13,-1.2602071323227837e-15
340.21,-5.512317102309487e-13,-1.2604964837261065e-15
340.22,-5.511536982196403e-13,-1.2608154216028726e-15
340.23,-5.51075555575049e-13,-1.2610657111856406e-15
340.24,-5.509972890199086e-13,-1.2613738238074079e-15
340.25,-5.509194973763566e-13,-1.261685158728055e-15
340.26,-5.508410335923786e-13,-1.2619128108606188e-15
340.27,-5.507630290469767e-13,-1.262146216551752e-15
340.28,-5.506850514883684e-13,-1.262422599204059e-15
340.29,-5.506069970051674e-13,-1.2626976273681159e-15
340.3,-5.5052883374944e-13,-1.2629354781264577e-15
340.31,-5.504507760776963e-13,-1.2632679653881508e-15
340.32,-5.503722872030406e-13,-1.2632171141862623e-15
340.33,-5.502944982901328e-13,-1.263847275316664e-15
340.34,-5.502166099441446e-13,-1.2640664652654007e-15
340.35,-5.501379633472095e-13,-1.2645667809226369e-15
340.36,-5.500607355837397e-13,-1.2646291565025433e-15
340.37,-5.499830171584816e-13,-1.2649760329221787e-15
340.38,-5.499050094179947e-13,-1.26518719062875e-15
340.39,-5.498267168337311e-13,-1.2655255234185677e-15
340.4,-5.497488646615055e-13,-1.2658382204921206e-15
340.41,-5.49671124431214e-13,-1.2661515975199432e-15
340.42,-5.495930714632826e-13,-1.2663569770441513e-15
340.43,-5.495152463935355e-13,-1.266548478580584e-15
340.44,-5.494382065129909e-13,-1.2669044072035419e-15
340.45,-5.493595293679749e-13,-1.267295434397881e-15
340.46,-5.492814875679135e-13,-1.267477696816067e-15
340.47,-5.492036432083204e-13,-1.2677649750960278e-15
340.48,-5.491254915791733e-13,-1.268047698480655e-15
340.49,-5.490481235692592e-13,-1.2683114203678964e-15
340.5,-5.489700199159596e-13,-1.2685816923576397e-15
340.51,-5.488922151046935e-13,-1.2688843497141965e-15
340.52,-5.488144076680373e-13,-1.2691699105324343e-15
340.53,-5.487365790637179e-13,-1.2693986242664869e-15
340.54,-5.486588617914804e-13,-1.2697635101653022e-15
340.55,-5.485810952883365e-13,-1.2699487565134025e-15
340.56,-5.48503494849399e-13,-1.2702547037310325e-15
340.57,-5.484244956686889e-13,-1.2706159984864367e-15
340.58,-5.483478318486013e-13,-1.270806351442936e-15
340.59,-5.482701635773236e-13,-1.2710700938854633e-15
340.6,-5.481921749416833e-13,-1.2714755693796117e-15
340.61,-5.481143175740726e-13,-1.2716980089640626e-15
340.62,-5.480372259931323e-13,-1.2720602806316391e-15
340.63,-5.479592456539399e-13,-1.2722270240046525e-15
340.64,-5.478817351062678e-13,-1.2725225653279819e-15
340.65,-5.478041296656532e-13,-1.2726232128259833e-15
340.66,-5.477264827289901e-13,-1.2730627795418883e-15
340.67,-5.476488916013409e-13,-1.2733701107763105e-15
340.68,-5.475713859784559e-13,-1.27364715699353e-15
340.69,-5.474934983393254e-13,-1.2739582442802197e-15
340.7,-5.474157480044639e-13,-1.2740601576023813e-15
340.71,-5.473384591629143e-13,-1.274690018368835e-15
340.72,-5.472606085288399e-13,-1.274742824955382e-15
340.73,-5.471831623978136e-13,-1.2750267997916884e-15
340.74,-5.471055005191379e-13,-1.275280736769756e-15
340.75,-5.470281705992415e-13,-1.2755719996835703e-15
340.76,-5.469505011185828e-13,-1.275804224042912e-15
340.77,-5.468729264622045e-13,-1.2760768604450753e-15
340.78,-5.467954166991111e-13,-1.2763148824941332e-15
340.79,-5.467181406187527e-13,-1.2767565438481506e-15
340.8,-5.466397262608446e-13,-1.2767003085625639e-15
340.81,-5.46562938897192e-13,-1.2771285318131942e-15
340.82,-5.464854823604542e-13,-1.2773971888480261e-15
340.83,-5.464080121559091e-13,-1.2777467729445141e-15
340.84,-5.463299458716031e-13,-1.2779544945549018e-15
340.85,-5.462530666158885e-13,-1.2782478985608061e-15
340.86,-5.461757073789609e-13,-1.2784482681608164e-15
340.87,-5.46098281757779e-13,-1.2788065165547719e-15
340.88,-5.460202380469792e-13,-1.2790612172822597e-15
340.89,-5.459417116677297e-13,-1.2793444614264315e-15
340.9,-5.458661966966735e-13,-1.2795157305290639e-15
340.91,-5.457888766234302e-13,-1.279900002614123e-15
340.92,-5.457113853697134e-13,-1.280058802017798e-15
340.93,-5.456338933732074e-13,-1.280322870022588e-15
340.94,-5.455567576201235e-13,-1.28058639778839e-15
340.95,-5.454792496543884e-13,-1.2808968891160689e-15
340.96,-5.454021742824174e-13,-1.2811400255519273e-15
340.97,-5.453244476397348e-13,-1.2815032237366269e-15
340.98,-5.45248156064005e-13,-1.281546978681733e-15
340.99,-5.45170205816202e-13,-1.2818573136204089e-15
341.0,-5.450929201394976e-13,-1.2821588917723079e-15
341.01,-5.450155133117443e-13,-1.2823570823776999e-15
341.02,-5.449384818027634e-13,-1.2826175152780234e-15
341.03,-5.448612244986679e-13,-1.2828397072569537e-15
341.04,-5.447840670182406e-13,-1.2831788074671166e-15
341.05,-5.447069331271483e-13,-1.283386036212464e-15
341.06,-5.446309411692263e-13,-1.2845513383906037e-15
341.07,-5.445516219376013e-13,-1.2842195478137738e-15
341.08,-5.444754264826456e-13,-1.284106761487201e-15
341.09,-5.443981944991386e-13,-1.2843897856417847e-15
341.1,-5.443210236071501e-13,-1.2845851482923578e-15
341.11,-5.442437461739573e-13,-1.2847920431356856e-15
341.12,-5.441667406841924e-13,-1.2851379810343613e-15
341.13,-5.440896346088181e-13,-1.2852880613331426e-15
341.14,-5.440124207463802e-13,-1.2856166236721033e-15
341.15,-5.439369545557489e-13,-1.2857963873865624e-15
341.16,-5.438585579629843e-13,-1.2862921202592272e-15
341.17,-5.437820152959313e-13,-1.2863596512232873e-15
341.18,-5.437042740144099e-13,-1.2865163853636253e-15
341.19,-5.436272220548881e-13,-1.2867040786828412e-15
341.2,-5.435501252590114e-13,-1.286931747786128e-15
341.21,-5.434732396325775e-13,-1.2871271240819483e-15
341.22,-5.433961325792491e-13,-1.2874067929338817e-15
341.23,-5.43319200050565e-13,-1.2875719455681903e-15
341.24,-5.432420354449258e-13,-1.2876946182391187e-15
341.25,-5.431651571264629e-13,-1.2880496706599588e-15
341.26,-5.430884212598241e-13,-1.2883194639206991e-15
341.27,-5.430114118541185e-13,-1.2885238901665224e-15
341.28,-5.429343938646346e-13,-1.2887247715938955e-15
341.29,-5.428576827192975e-13,-1.2890216497464862e-15
341.3,-5.427805696040274e-13,-1.2891502897127288e-15
341.31,-5.427037874822162e-13,-1.2894026272947951e-15
341.32,-5.426268664154728e-13,-1.2896847313799402e-15
341.33,-5.425499207412613e-13,-1.2896221185074383e-15
341.34,-5.424734032504447e-13,-1.2901230524967935e-15
341.35,-5.423961644817122e-13,-1.2902734357898875e-15
341.36,-5.423194315694286e-13,-1.2904078362642332e-15
341.37,-5.422421014870768e-13,-1.290633766824965e-15
341.38,-5.42165774225549e-13,-1.2907895267035062e-15
341.39,-5.420889958762445e-13,-1.291099250458652e-15
341.4,-5.420121207506186e-13,-1.2911848647606364e-15
341.41,-5.419353876389738e-13,-1.2914286447859071e-15
341.42,-5.418589351638184e-13,-1.2915867679278284e-15
341.43,-5.417821761562366e-13,-1.2920484268359298e-15
341.44,-5.417053041073549e-13,-1.292126941965877e-15
341.45,-5.416286002016781e-13,-1.2921812492715718e-15
341.46,-5.415517565054742e-13,-1.2924377307733181e-15
341.47,-5.414753392048014e-13,-1.2925860088510216e-15
341.48,-5.413984410663826e-13,-1.292816608894092e-15
341.49,-5.413217342065201e-13,-1.2929946731507393e-15
341.5,-5.412450790516113e-13,-1.2931932230160243e-15
341.51,-5.411686585452963e-13,-1.2934104379895467e-15
341.52,-5.410918052184375e-13,-1.293403596874451e-15
341.53,-5.41015189121638e-13,-1.2937023902079322e-15
341.54,-5.409385702389506e-13,-1.293883067068099e-15
341.55,-5.408620376451211e-13,-1.2940823266742296e-15
341.56,-5.407850028964685e-13,-1.2941508319232569e-15
341.57,-5.407088656246703e-13,-1.294401669672442e-15
341.58,-5.40632182026278e-13,-1.29462646527479e-15
341.59,-5.405557773248416e-13,-1.2946640264067394e-15
341.6,-5.404787896330946e-13,-1.2949639002397866e-15
341.61,-5.404023871039538e-13,-1.2951362309375885e-15
341.62,-5.403259364237469e-13,-1.2952538359384672e-15
341.63,-5.402495163699382e-13,-1.295380576500215e-15
341.64,-5.401730088467613e-13,-1.295598136492273e-15
341.65,-5.400966761485224e-13,-1.2956715636133166e-15
341.66,-5.400202550471209e-13,-1.2958671183805642e-15
341.67,-5.399437491012917e-13,-1.296002882216889e-15
341.68,-5.398672167916154e-13,-1.2961999933680149e-15
341.69,-5.397909370274897e-13,-1.296557424913413e-15
341.7,-5.397143294166049e-13,-1.296351352001908e-15
341.71,-5.396381502138764e-13,-1.2966868451627214e-15
341.72,-5.395614633231423e-13,-1.2966757242020739e-15
341.73,-5.394852459403253e-13,-1.2969098496989496e-15
341.74,-5.394088021900732e-13,-1.2970164742754316e-15
341.75,-5.393324359013269e-13,-1.2971583213763996e-15
341.76,-5.392561803261489e-13,-1.2973375760607922e-15
341.77,-5.391799946754542e-13,-1.2973383293366745e-15
341.78,-5.391033163239759e-13,-1.2975493708964525e-15
341.79,-5.390270672382075e-13,-1.2978602518151046e-15
341.8,-5.389506832340111e-13,-1.2979258802419294e-15
341.81,-5.388747083413338e-13,-1.2979950423317193e-15
341.82,-5.387984165996e-13,-1.2979779230211298e-15
341.83,-5.387220844824904e-13,-1.2981994496457626e-15
341.84,-5.386458718493112e-13,-1.298381705998575e-15
341.85,-5.385697187649268e-13,-1.2985252167938741e-15
341.86,-5.384932401122972e-13,-1.2986378494508042e-15
341.87,-5.384175323811372e-13,-1.2987895782462538e-15
341.88,-5.383415402379752e-13,-1.298898191244669e-15
341.89,-5.382647392348183e-13,-1.2989277688075216e-15
341.9,-5.381887352952618e-13,-1.2989974913819451e-15
341.91,-5.381124857275962e-13,-1.2990999021121216e-15
341.92,-5.38036379044455e-13,-1.299210285112675e-15
341.93,-5.379603225133877e-13,-1.2993822586796255e-15
341.94,-5.378842688083198e-13,-1.2994672015524602e-15
341.95,-5.378080726699629e-13,-1.2994080409216837e-15
341.96,-5.377318691263912e-13,-1.2995156608802895e-15
341.97,-5.376556286717841e-13,-1.2994899586681955e-15
341.98,-5.375798194781192e-13,-1.299767930278248e-15
341.99,-5.375037800857572e-13,-1.29987927821768e-15
342.0,-5.374277034810569e-13,-1.2999915282510754e-15
342.01,-5.373517258490587e-13,-1.3001045660673674e-15
342.02,-5.372756754028811e-13,-1.3000927943497614e-15
342.03,-5.371997025999058e-13,-1.3002450744617467e-15
342.04,-5.371237293583271e-13,-1.3003326823189565e-15
342.05,-5.37047744428564e-13,-1.300412918406721e-15
342.06,-5.369720822312607e-13,-1.3007370210937725e-15
342.07,-5.368958062900415e-13,-1.3004880439587075e-15
342.08,-5.368197050751884e-13,-1.3006259615476283e-15
342.09,-5.36744045694457e-13,-1.3006437305740887e-15
342.1,-5.366677116480476e-13,-1.300649792539361e-15
342.11,-5.365923493207515e-13,-1.3007268911202494e-15
342.12,-5.36516228524238e-13,-1.3008393038286664e-15
342.13,-5.364399711063945e-13,-1.300793180323642e-15
342.14,-5.363643867711018e-13,-1.3009262206235162e-15
342.15,-5.362888910805062e-13,-1.3007825137399284e-15
342.16,-5.362128703478954e-13,-1.3010174092543386e-15
342.17,-5.361370747506618e-13,-1.301023824393593e-15
342.18,-5.360611861053749e-13,-1.3010499061628324e-15
342.19,-5.35985431549768e-13,-1.3011782679049512e-15
342.2,-5.359096079609755e-13,-1.3011437969054036e-15
342.21,-5.358339785852134e-13,-1.301247353508792e-15
342.22,-5.357583715122244e-13,-1.3015742060838616e-15
342.23,-5.356823727837774e-13,-1.30128099690346e-15
342.24,-5.356066210927372e-13,-1.3014623179770593e-15
342.25,-5.35531144985824e-13,-1.3013920897975728e-15
342.26,-5.354554285076622e-13,-1.3015265279437963e-15
342.27,-5.353797048958794e-13,-1.3014001148411224e-15
342.28,-5.353039092722391e-13,-1.3014079507601357e-15
342.29,-5.35228256014497e-13,-1.3011518510061888e-15
342.3,-5.35152270177012e-13,-1.301358525165344e-15
342.31,-5.350765607182144e-13,-1.3013706976320407e-15
342.32,-5.350011698041621e-13,-1.3014693493831091e-15
342.33,-5.34925866328108e-13,-1.3014520985105784e-15
342.34,-5.348501722799414e-13,-1.3015531013695304e-15
342.35,-5.347747007014529e-13,-1.3015226968990158e-15
342.36,-5.346989484211228e-13,-1.3014270032597398e-15
342.37,-5.346233116468161e-13,-1.3015157658491453e-15
342.38,-5.345480605242938e-13,-1.3014582173006797e-15
342.39,-5.344724074047112e-13,-1.3015091621409175e-15
342.4,-5.343971679957e-13,-1.3014035529246925e-15
342.41,-5.343222485307858e-13,-1.301807414783588e-15
342.42,-5.342458812775073e-13,-1.3014776259521863e-15
342.43,-5.341703977460383e-13,-1.3014276181257804e-15
342.44,-5.340948498023484e-13,-1.301475670974063e-15
342.45,-5.340186075251309e-13,-1.301156554965526e-15
342.46,-5.339440450733258e-13,-1.3013965946248762e-15
342.47,-5.338686065326247e-13,-1.3013520642577446e-15
342.48,-5.337932321524701e-13,-1.30129534194184e-15
342.49,-5.337176640217578e-13,-1.301261313825665e-15
342.5,-5.336426030993853e-13,-1.3013434307716152e-15
342.51,-5.335670566202869e-13,-1.3012200320747508e-15
342.52,-5.334917418818917e-13,-1.3011609010973206e-15
342.53,-5.334164356706511e-13,-1.3011567480248138e-15
342.54,-5.333401159017233e-13,-1.3005390293792318e-15
342.55,-5.332658035370807e-13,-1.3009462444796668e-15
342.56,-5.331903294172356e-13,-1.3009457374011784e-15
342.57,-5.331148174631584e-13,-1.3010013525705273e-15
342.58,-5.330397699238367e-13,-1.3008206622668009e-15
342.59,-5.329645715611177e-13,-1.3009815041115158e-15
342.6,-5.328892790904851e-13,-1.3008092442882186e-15
342.61,-5.328143429993226e-13,-1.3007688201135966e-15
342.62,-5.327389310479173e-13,-1.300782131770957e-15
342.63,-5.326637848647513e-13,-1.3005839997092152e-15
342.64,-5.325885168939874e-13,-1.3005953266782329e-15
342.65,-5.325134496941572e-13,-1.3004449932119866e-15
342.66,-5.324381789681381e-13,-1.3004576957458742e-15
342.67,-5.32363330678347e-13,-1.3002753923535053e-15
342.68,-5.322872541693522e-13,-1.3002381200145325e-15
342.69,-5.322124169670737e-13,-1.3000790242832946e-15
342.7,-5.321374438837581e-13,-1.3001023612225048e-15
342.71,-5.320625317601441e-13,-1.299978143243666e-15
342.72,-5.319874699720363e-13,-1.2999277863597063e-15
342.73,-5.319123483627811e-13,-1.2998732831036921e-15
342.74,-5.318373253099168e-13,-1.2998268559755952e-15
342.75,-5.317622154269413e-13,-1.2996232815513845e-15
342.76,-5.316872763071319e-13,-1.2996769683974985e-15
342.77,-5.316121593017776e-13,-1.2998624148413095e-15
342.78,-5.315369764926369e-13,-1.2994351560556183e-15
342.79,-5.314623113336301e-13,-1.2992516056808204e-15
342.8,-5.313871679674616e-13,-1.2991737441277724e-15
342.81,-5.313117396887677e-13,-1.298759250353317e-15
342.82,-5.312372846141052e-13,-1.2989005559367137e-15
342.83,-5.311623423731806e-13,-1.2988485307090754e-15
342.84,-5.310873883812936e-13,-1.2987080114351497e-15
342.85,-5.310120404716002e-13,-1.2982918209922802e-15
342.86,-5.309359654562612e-13,-1.297663875143417e-15
342.87,-5.308628263462618e-13,-1.2984230219226392e-15
342.88,-5.307880186807896e-13,-1.298256322563341e-15
342.89,-5.307130200773422e-13,-1.2981942529625134e-15
342.9,-5.306382659255393e-13,-1.2980154752914624e-15
342.91,-5.305632865366443e-13,-1.29786849226314e-15
342.92,-5.304883808031612e-13,-1.2976212044093504e-15
342.93,-5.304137661491674e-13,-1.2976083831462257e-15
342.94,-5.30340895652525e-13,-1.2974977332971511e-15
342.95,-5.302637653705246e-13,-1.2970999235908719e-15
342.96,-5.301894913042891e-13,-1.297151447652681e-15
342.97,-5.301146613950252e-13,-1.2970528326166585e-15
342.98,-5.300398948834269e-13,-1.2967751316476966e-15
342.99,-5.299652791418974e-13,-1.2967026681163832e-15
343.0,-5.298904958846634e-13,-1.2965444751241933e-15
343.01,-5.298158980472771e-13,-1.2964344436125034e-15
343.02,-5.297411420089564e-13,-1.2961913557770426e-15
343.03,-5.296663898203319e-13,-1.2957084754885897e-15
343.04,-5.295901461443195e-13,-1.2957934606894947e-15
343.05,-5.295172504132209e-13,-1.2957193337018734e-15
343.06,-5.294425998817669e-13,-1.2955471284890541e-15
343.07,-5.293678313064158e-13,-1.2953317149319655e-15
343.08,-5.292934325287398e-13,-1.2952384249620513e-15
343.09,-5.292187948825667e-13,-1.2951044736507773e-15
343.1,-5.291441139419178e-13,-1.2948731735241703e-15
343.11,-5.290696164110538e-13,-1.294564772684473e-15
343.12,-5.289965799375599e-13,-1.2949828096554517e-15
343.13,-5.289213069892453e-13,-1.2945299482960906e-15
343.14,-5.288462913362446e-13,-1.2943207485176532e-15
343.15,-5.287717205201076e-13,-1.293952779821441e-15
343.16,-5.286971292842584e-13,-1.293747844687207e-15
343.17,-5.286224839771798e-13,-1.2934681671874557e-15
343.18,-5.28548280073565e-13,-1.2934310608321293e-15
343.19,-5.284737051899613e-13,-1.2932550544374626e-15
343.2,-5.283993043338316e-13,-1.2930420063823287e-15
343.21,-5.283244645034554e-13,-1.2928920276814485e-15
343.22,-5.28250545587339e-13,-1.2926086413501368e-15
343.23,-5.281761007944778e-13,-1.2923433687194251e-15
343.24,-5.281018040101485e-13,-1.2922061310294809e-15
343.25,-5.280274144247999e-13,-1.29193429517446e-15
343.26,-5.279530066962413e-13,-1.2917173161912524e-15
343.27,-5.27878829908556e-13,-1.2914979677486949e-15
343.28,-5.278043834097054e-13,-1.2913027869898135e-15
343.29,-5.277299873857961e-13,-1.29103793175611e-15
343.3,-5.27656232461275e-13,-1.290727271317837e-15
343.31,-5.275814964104712e-13,-1.2907050781954676e-15
343.32,-5.275072036744167e-13,-1.2904336574693907e-15
343.33,-5.274331239935657e-13,-1.2901802032288013e-15
343.34,-5.273583290101054e-13,-1.2899131875947094e-15
343.35,-5.272844933662863e-13,-1.289662857224701e-15
343.36,-5.272104777812546e-13,-1.2893770393942948e-15
343.37,-5.271360192293194e-13,-1.2891838008413918e-15
343.38,-5.270619595284445e-13,-1.288919762408852e-15
343.39,-5.269875706714427e-13,-1.2886657072112955e-15
343.4,-5.269137737209686e-13,-1.2885581580492575e-15
343.41,-5.268393508087884e-13,-1.288241818395631e-15
343.42,-5.267654540491312e-13,-1.287905132119308e-15
343.43,-5.266913206259091e-13,-1.2877734426583492e-15
343.44,-5.266177381292612e-13,-1.288066596673764e-15
343.45,-5.265430449606888e-13,-1.2871138166194796e-15
343.46,-5.264692035464569e-13,-1.2869359794309715e-15
343.47,-5.263950471422391e-13,-1.2867127904084957e-15
343.48,-5.263207141643115e-13,-1.2864747762415796e-15
343.49,-5.262469420691656e-13,-1.2861900193201838e-15
343.5,-5.26172957020904e-13,-1.285865617795796e-15
343.51,-5.260989361809593e-13,-1.2856416170933373e-15
343.52,-5.260249216686343e-13,-1.285283181443747e-15
343.53,-5.25951077049957e-13,-1.2851076207450213e-15
343.54,-5.258771783022336e-13,-1.284834734013764e-15
343.55,-5.258030501062294e-13,-1.2844942485366614e-15
343.56,-5.257292951383533e-13,-1.284238863432521e-15
343.57,-5.256553350571326e-13,-1.2841303979867683e-15
343.58,-5.255811908164236e-13,-1.2836362466051943e-15
343.59,-5.255075155401983e-13,-1.2834219367512271e-15
343.6,-5.254335120343697e-13,-1.2830586734119471e-15
343.61,-5.253599178709026e-13,-1.282827055359824e-15
343.62,-5.252858886402205e-13,-1.2825110905634423e-15
343.63,-5.252128926051168e-13,-1.2826088907256555e-15
343.64,-5.251381316034342e-13,-1.2818125943873013e-15
343.65,-5.250646041592382e-13,-1.2816648806915947e-15
343.66,-5.249905943964338e-13,-1.2812993399762652e-15
343.67,-5.249167724311251e-13,-1.280878439729857e-15
343.68,-5.248431475006057e-13,-1.2807445089048847e-15
343.69,-5.247693750830422e-13,-1.2804034978351068e-15
343.7,-5.246957481338233e-13,-1.2800393703475726e-15
343.71,-5.246220431654697e-13,-1.2797519039236038e-15
343.72,-5.245483683340853e-13,-1.2794770345277263e-15
343.73,-5.244746062394842e-13,-1.279200087494476e-15
343.74,-5.244009362956753e-13,-1.2788552936185416e-15
343.75,-5.243273850745077e-13,-1.278495861037045e-15
343.76,-5.242536484159004e-13,-1.2782191307979766e-15
343.77,-5.241800338728219e-13,-1.2779029208484483e-15
343.78,-5.241064620466874e-13,-1.2776264161235236e-15
343.79,-5.240330103994025e-13,-1.277272785152277e-15
343.8,-5.239591307021482e-13,-1.276870496959203e-15
343.81,-5.238856881197176e-13,-1.2765707306983289e-15
343.82,-5.238122157311058e-13,-1.276293918620427e-15
343.83,-5.237383666799584e-13,-1.2758711010156392e-15
343.84,-5.236652519554101e-13,-1.2755746175172765e-15
343.85,-5.235915914756972e-13,-1.2752601952283487e-15
343.86,-5.235181094488566e-13,-1.274922592100637e-15
343.87,-5.234444512034552e-13,-1.2745023605329492e-15
343.88,-5.233710375208562e-13,-1.2742184119355179e-15
343.89,-5.232974679473808e-13,-1.2738106746737304e-15
343.9,-5.232242407586558e-13,-1.2735393505712953e-15
343.91,-5.231507177616043e-13,-1.2732027480643199e-15
343.92,-5.23077052874307e-13,-1.2727688445193336e-15
343.93,-5.230040034561237e-13,-1.2725164474673288e-15
343.94,-5.229305052926953e-13,-1.2720744531407406e-15
343.95,-5.22857180067651e-13,-1.271770157646781e-15
343.96,-5.227836244007256e-13,-1.2713596293163655e-15
343.97,-5.227104112351017e-13,-1.2710436321630753e-15
343.98,-5.226370566386063e-13,-1.2706903386947358e-15
343.99,-5.225637564529862e-13,-1.270315559936476e-15
344.0,-5.224904093090449e-13,-1.2699613383996507e-15
344.01,-5.224171545107454e-13,-1.269573261499734e-15
344.02,-5.223437600844686e-13,-1.2691890634861653e-15
344.03,-5.22270615392454e-13,-1.2688897616881858e-15
344.04,-5.221974401272597e-13,-1.2684836006783502e-15
344.05,-5.22123918724209e-13,-1.268066535224531e-15
344.06,-5.220509095928741e-13,-1.267769282256824e-15
344.07,-5.219779707970257e-13,-1.2674089384706655e-15
344.08,-5.219046742578132e-13,-1.2671743020764017e-15
344.09,-5.218313190289586e-13,-1.2666053509842013e-15
344.1,-5.2175813566274e-13,-1.266221360581972e-15
344.11,-5.216849645484529e-13,-1.2659852826709861e-15
344.12,-5.216116879103987e-13,-1.2654210756829117e-15
344.13,-5.215388634641201e-13,-1.2651030126338384e-15
344.14,-5.214655103492657e-13,-1.264736158250675e-15
344.15,-5.213927346333002e-13,-1.2643945573915265e-15
344.16,-5.213194981771413e-13,-1.263944846553422e-15
344.17,-5.212464872000069e-13,-1.26348629500174e-15
344.18,-5.211733282800739e-13,-1.2631663775387298e-15
344.19,-5.211003146886383e-13,-1.2627996655307022e-15
344.2,-5.210277329369804e-13,-1.2623776378994652e-15
344.21,-5.209542713326847e-13,-1.261955891560321e-15
344.22,-5.208814453709345e-13,-1.261600243623867e-15
344.23,-5.208083107519948e-13,-1.2612436504096546e-15
344.24,-5.207353617958681e-13,-1.2607390819898804e-15
344.25,-5.206624411951698e-13,-1.2603433958141233e-15
344.26,-5.205894895008476e-13,-1.259999448506971e-15
344.27,-5.205165060904948e-13,-1.259510730859532e-15
344.28,-5.204437667962005e-13,-1.2591251474715978e-15
344.29,-5.203708493772217e-13,-1.2585042211276345e-15
344.3,-5.202978212859497e-13,-1.258295628976601e-15
344.31,-5.202249536756401e-13,-1.2578909060869202e-15
344.32,-5.201521720405951e-13,-1.2574933714309497e-15
344.33,-5.200794137116049e-13,-1.2572110594748515e-15
344.34,-5.200064802584241e-13,-1.2566704132550126e-15
344.35,-5.199336320623858e-13,-1.2562715257574687e-15
344.36,-5.198609362336143e-13,-1.2558517099559103e-15
344.37,-5.197880613263675e-13,-1.2553672708048754e-15
344.38,-5.197154073985158e-13,-1.2550015920604356e-15
344.39,-5.196426137824925e-13,-1.254461642102074e-15
344.4,-5.195698773609642e-13,-1.2541407164732095e-15
344.41,-5.194969777776077e-13,-1.2536060452691603e-15
344.42,-5.194242116641203e-13,-1.2530109842715077e-15
344.43,-5.193516648371592e-13,-1.2528759980810383e-15
344.44,-5.192790540925967e-13,-1.2523095357166635e-15
344.45,-5.192063021753001e-13,-1.2520628987893974e-15
344.46,-5.191336860186437e-13,-1.2516137654382455e-15
344.47,-5.190615206083409e-13,-1.2511843766285329e-15
344.48,-5.189884754110781e-13,-1.2507150995982458e-15
344.49,-5.1891577928451e-13,-1.2502717251859306e-15
344.5,-5.188433010675786e-13,-1.2498587289357434e-15
344.51,-5.187708541446653e-13,-1.2495033551933471e-15
344.52,-5.186981877606649e-13,-1.2488973005257394e-15
344.53,-5.186257374807746e-13,-1.2484807585213354e-15
344.54,-5.185526797798849e-13,-1.2479595523341224e-15
344.55,-5.184803817952827e-13,-1.2477228164243814e-15
344.56,-5.184076309530945e-13,-1.2472814977981913e-15
344.57,-5.183354842566718e-13,-1.246769123013223e-15
344.58,-5.182630923083997e-13,-1.2463668787274916e-15
344.59,-5.181905955691359e-13,-1.2459139815835858e-15
344.6,-5.181177985571268e-13,-1.2453941470386027e-15
344.61,-5.18045763473208e-13,-1.2450387266752965e-15
344.62,-5.179731618061276e-13,-1.244538995200726e-15
344.63,-5.179008707112631e-13,-1.2441339584772076e-15
344.64,-5.178281280217721e-13,-1.2436765835874327e-15
344.65,-5.177554199018307e-13,-1.2433961052098346e-15
344.66,-5.176833476891436e-13,-1.2426515377194226e-15
344.67,-5.176111801823388e-13,-1.2421826139226236e-15
344.68,-5.175389189093995e-13,-1.2418560829719048e-15
344.69,-5.174665403197334e-13,-1.2414354764627165e-15
344.7,-5.17394240810021e-13,-1.2409586328764498e-15
344.71,-5.173217381997143e-13,-1.2404688923926203e-15
344.72,-5.172495488959083e-13,-1.2400124005791933e-15
344.73,-5.171770675615975e-13,-1.2395148074457568e-15
344.74,-5.171054262063766e-13,-1.2391671088304722e-15
344.75,-5.170328057995244e-13,-1.238624957743461e-15
344.76,-5.169606075643118e-13,-1.2381947406205922e-15
344.77,-5.16888277096956e-13,-1.2376770539934823e-15
344.78,-5.16816180991204e-13,-1.2373054472633305e-15
344.79,-5.167439362503646e-13,-1.2368413240758405e-15
344.8,-5.166717750407427e-13,-1.2363099820898605e-15
344.81,-5.165996020660101e-13,-1.2358849197987428e-15
344.82,-5.16528121542243e-13,-1.2357487605235572e-15
344.83,-5.164540007644012e-13,-1.2341933498750551e-15
344.84,-5.163831627505005e-13,-1.2345101989415857e-15
344.85,-5.163109280988623e-13,-1.2339982654206962e-15
344.86,-5.162389881244794e-13,-1.2335720526828495e-15
344.87,-5.161666700247916e-13,-1.2330606810020605e-15
344.88,-5.160947816145602e-13,-1.2325694071541249e-15
344.89,-5.160227114856542e-13,-1.2320204889566302e-15
344.9,-5.159506347721818e-13,-1.2317208745970775e-15
344.91,-5.15879968870855e-13,-1.2319649631870309e-15
344.92,-5.158066011353211e-13,-1.2308560039719706e-15
344.93,-5.157347107535992e-13,-1.2302535623880166e-15
344.94,-5.156626338929151e-13,-1.2296916953254842e-15
344.95,-5.155906076662844e-13,-1.2292400410375734e-15
344.96,-5.15518718242316e-13,-1.2288437926931177e-15
344.97,-5.154468501647978e-13,-1.2283916353046511e-15
344.98,-5.153749081142766e-13,-1.2279037569889369e-15
344.99,-5.153028253062951e-13,-1.227439910660625e-15
345.0,-5.152310762728322e-13,-1.2267065505279392e-15
345.01,-5.151592467521062e-13,-1.2265941448080247e-15
345.02,-5.150872942455507e-13,-1.22598378029291e-15
345.03,-5.150153824499925e-13,-1.2255094494716308e-15
345.04,-5.149435643130281e-13,-1.2250108577374939e-15
345.05,-5.148718198832012e-13,-1.224572937199113e-15
345.06,-5.147999687391042e-13,-1.2240084235057788e-15
345.07,-5.147280451613865e-13,-1.2236162296222747e-15
345.08,-5.146563346789948e-13,-1.223111591223742e-15
345.09,-5.145841498746158e-13,-1.2221728999049992e-15
345.1,-5.14512342087019e-13,-1.222356945282305e-15
345.11,-5.144410293685958e-13,-1.2217477778406218e-15
345.12,-5.143692026517108e-13,-1.2211624680882142e-15
345.13,-5.14297562324465e-13,-1.2207115422391184e-15
345.14,-5.142258754359732e-13,-1.2201625967190068e-15
345.15,-5.141541898235104e-13,-1.2198034282161175e-15
345.16,-5.140822674497955e-13,-1.2192345417382068e-15
345.17,-5.14010742112587e-13,-1.2188413051318073e-15
345.18,-5.139386312220311e-13,-1.2181334396377913e-15
345.19,-5.138679769243368e-13,-1.2178859701782537e-15
345.2,-5.13795811219118e-13,-1.2173324163024237e-15
345.21,-5.137243305384048e-13,-1.2167495716214105e-15
345.22,-5.136527311035023e-13,-1.216379626949445e-15
345.23,-5.135810513147722e-13,-1.2159098044647282e-15
345.24,-5.135094707155831e-13,-1.2154065585728254e-15
345.25,-5.134378599488252e-13,-1.2148974113911737e-15
345.26,-5.133661532382095e-13,-1.2144311018040226e-15
345.27,-5.132952845408255e-13,-1.2139674317480587e-15
345.28,-5.132230631122705e-13,-1.2134921442965884e-15
345.29,-5.131517244254831e-13,-1.212969921101915e-15
345.3,-5.130802287149203e-13,-1.212499047492934e-15
345.31,-5.130085798343389e-13,-1.2118534084605815e-15
345.32,-5.129370470226607e-13,-1.2116422953448788e-15
345.33,-5.128659479311987e-13,-1.2110339940541076e-15
345.34,-5.127944290600981e-13,-1.2105849598216265e-15
345.35,-5.127231029276825e-13,-1.209971260245821e-15
345.36,-5.126514686867222e-13,-1.2095817607999305e-15
345.37,-5.12579844791515e-13,-1.2089724190901373e-15
345.38,-5.125088379329986e-13,-1.2086705681249242e-15
345.39,-5.124374012302463e-13,-1.2080943096616622e-15
345.4,-5.123661051984287e-13,-1.207634356662217e-15
345.41,-5.122939421976959e-13,-1.2072572605284602e-15
345.42,-5.122235315503261e-13,-1.206603007119749e-15
345.43,-5.121521341346251e-13,-1.206184294708512e-15
345.44,-5.120808612054878e-13,-1.2056663539144515e-15
345.45,-5.120100759716922e-13,-1.2049914870571666e-15
345.46,-5.119379784825167e-13,-1.2048188595941979e-15
345.47,-5.118668048416483e-13,-1.2042258927307016e-15
345.48,-5.117957283355894e-13,-1.2037154228574063e-15
345.49,-5.117244117174437e-13,-1.2032314540750797e-15
345.5,-5.116530548859229e-13,-1.2027386128615592e-15
345.51,-5.115820375117554e-13,-1.2022617473055598e-15
345.52,-5.115108875938243e-13,-1.2017817680365578e-15
345.53,-5.114395207967829e-13,-1.201407175687687e-15
345.54,-5.113681284616606e-13,-1.2009355413340626e-15
345.55,-5.112975373186643e-13,-1.2001680106779434e-15
345.56,-5.112260617686528e-13,-1.1999058139962017e-15
345.57,-5.111551133030781e-13,-1.1996867952734099e-15
345.58,-5.110837984912782e-13,-1.1988344154544227e-15
345.59,-5.1101284544386e-13,-1.1983695881912448e-15
345.6,-5.109412310985224e-13,-1.1979724793741996e-15
345.61,-5.108705664519637e-13,-1.1974253972528663e-15
345.62,-5.10799697384084e-13,-1.1967695369699139e-15
345.63,-5.107283103679359e-13,-1.1965397193210467e-15
345.64,-5.106568110490987e-13,-1.1958812448389777e-15
345.65,-5.105864002985095e-13,-1.1954903981645384e-15
345.66,-5.105153821727349e-13,-1.1949517263543457e-15
345.67,-5.104444032154895e-13,-1.1945368421500442e-15
345.68,-5.103734272155861e-13,-1.1940033322722705e-15
345.69,-5.103023816611827e-13,-1.193568898355192e-15
345.7,-5.102314232854694e-13,-1.193035044388331e-15
345.71,-5.101607532668723e-13,-1.1928689400433246e-15
345.72,-5.100898942940996e-13,-1.1921027450758518e-15
345.73,-5.100190330920031e-13,-1.1915855295130887e-15
345.74,-5.099477434314881e-13,-1.1911448072556044e-15
345.75,-5.098768452939424e-13,-1.1906583881335052e-15
345.76,-5.098058893348106e-13,-1.1901863654185177e-15
345.77,-5.097350318684951e-13,-1.1896633687454976e-15
345.78,-5.09664263009754e-13,-1.189234538275052e-15
345.79,-5.095933040140654e-13,-1.1887675030795584e-15
345.8,-5.095224854600158e-13,-1.1879084951018004e-15
345.81,-5.094519451251397e-13,-1.1879845796989632e-15
345.82,-5.093810394435981e-13,-1.1871450596533249e-15
345.83,-5.093102840602539e-13,-1.1868076160936972e-15
345.84,-5.092391746668971e-13,-1.186351328802577e-15
345.85,-5.091686245345135e-13,-1.1858103613507034e-15
345.86,-5.090978620243345e-13,-1.1854127406894439e-15
345.87,-5.090270977737197e-13,-1.1848967939350802e-15
345.88,-5.089565860785187e-13,-1.1844796723373252e-15
345.89,-5.088860436186395e-13,-1.1839284362098245e-15
345.9,-5.088149875817309e-13,-1.183515364101395e-15
345.91,-5.087438270490147e-13,-1.183354301125424e-15
345.92,-5.086734583070411e-13,-1.1825935303016562e-15
345.93,-5.086028317537924e-13,-1.1820577049067556e-15
345.94,-5.085321041814827e-13,-1.1816067441888718e-15
345.95,-5.084616903922399e-13,-1.18117506631418e-15
345.96,-5.083910060233594e-13,-1.1807193007483875e-15
345.97,-5.083203960742198e-13,-1.1801957121006087e-15
345.98,-5.082492861378783e-13,-1.1798291814287102e-15
345.99,-5.081788942965891e-13,-1.1792709570394592e-15
346.0,-5.081091492934524e-13,-1.1786303481748438e-15
346.01,-5.080380234987582e-13,-1.1783636721858653e-15
346.02,-5.079675481039138e-13,-1.1778779979014177e-15
346.03,-5.078969133722377e-13,-1.1774122271082656e-15
346.04,-5.078265072778548e-13,-1.1770430593549216e-15
346.05,-5.077555197862676e-13,-1.1764327860710693e-15
346.06,-5.076853693605996e-13,-1.1760183352639764e-15
346.07,-5.076153777623592e-13,-1.1751835702636226e-15
346.08,-5.075444936874102e-13,-1.1749953682708483e-15
346.09,-5.074739403581717e-13,-1.1744738281310627e-15
346.1,-5.074037371923679e-13,-1.1741487156836132e-15
346.11,-5.073331971330015e-13,-1.1737330681964586e-15
346.12,-5.072626706075521e-13,-1.1731915634387569e-15
346.13,-5.071923105692398e-13,-1.1728177762684712e-15
346.14,-5.071218613112223e-13,-1.172240531801296e-15
346.15,-5.070516802787743e-13,-1.1719348810560438e-15
346.16,-5.069805339448624e-13,-1.1714577001137913e-15
346.17,-5.069108793996718e-13,-1.1710781070704327e-15
346.18,-5.068406513815998e-13,-1.170543368702826e-15
346.19,-5.067700378791589e-13,-1.1700669570166453e-15
346.2,-5.066999594518166e-13,-1.1693065784121085e-15
346.21,-5.06629583715456e-13,-1.1691348912547452e-15
346.22,-5.065593202567547e-13,-1.1687009605314306e-15
346.23,-5.06488728859764e-13,-1.1682357390158205e-15
346.24,-5.064185293182104e-13,-1.1677946918564293e-15
346.25,-5.063485405447113e-13,-1.1671979490025543e-15
346.26,-5.062779959172962e-13,-1.1669222086884588e-15
346.27,-5.062078481413393e-13,-1.1664801943410828e-15
346.28,-5.061376835245644e-13,-1.166009202344101e-15
346.29,-5.060674312254951e-13,-1.1655580410186517e-15
346.3,-5.059971126332543e-13,-1.1650687433223534e-15
346.31,-5.059270452526115e-13,-1.1647116505616057e-15
346.32,-5.05856973435541e-13,-1.1641993355214607e-15
346.33,-5.057867471725801e-13,-1.163807973936418e-15
346.34,-5.057168178910299e-13,-1.1633260150518067e-15
346.35,-5.056461642286835e-13,-1.1628716720614773e-15
346.36,-5.055765112041009e-13,-1.162533467463364e-15
346.37,-5.055063235730434e-13,-1.1619928460152938e-15
346.38,-5.054362358786523e-13,-1.1616128671540474e-15
346.39,-5.053657699229324e-13,-1.1610231042711394e-15
346.4,-5.052957985575061e-13,-1.1607054332480355e-15
346.41,-5.052260762473678e-13,-1.160314934542142e-15
346.42,-5.051558408607903e-13,-1.1598042241108073e-15
346.43,-5.050858377589047e-13,-1.159406784844656e-15
346.44,-5.050160926075646e-13,-1.1591932690569706e-15
346.45,-5.049456702485032e-13,-1.1585953950130584e-15
346.46,-5.048759055638362e-13,-1.1580832582531851e-15
346.47,-5.048058477501296e-13,-1.1576862435779184e-15
346.48,-5.047360936129965e-13,-1.1572747095724643e-15
346.49,-5.046662180850978e-13,-1.1568540454243239e-15
346.5,-5.045960959178192e-13,-1.1564095885629712e-15
346.51,-5.045262758137438e-13,-1.1560314650577485e-15
346.52,-5.04456077877954e-13,-1.1555786874471974e-15
346.53,-5.043856910061186e-13,-1.1551138178206669e-15
346.54,-5.043163947687702e-13,-1.1546688927170143e-15
346.55,-5.042463890001809e-13,-1.1543328376650203e-15
346.56,-5.041765313240852e-13,-1.1538950795483663e-15
346.57,-5.041068581044351e-13,-1.1535411496060275e-15
346.58,-5.040370367357292e-13,-1.1531055909982032e-15
346.59,-5.039667353809567e-13,-1.1526685519737494e-15
346.6,-5.038971009329859e-13,-1.152180275308132e-15
346.61,-5.038269993966246e-13,-1.1518372861899055e-15
346.62,-5.037569826263835e-13,-1.1511851114717661e-15
346.63,-5.036878991517514e-13,-1.1510559210636696e-15
346.64,-5.03617946001631e-13,-1.15055593472651e-15
346.65,-5.035483237100654e-13,-1.150278814752707e-15
346.66,-5.03478434003195e-13,-1.1497144418131087e-15
346.67,-5.034086576395128e-13,-1.149390491666144e-15
346.68,-5.033389057709859e-13,-1.1489747632390612e-15
346.69,-5.032691532756385e-13,-1.1484980702908037e-15
346.7,-5.031990808639706e-13,-1.1480076315860204e-15
346.71,-5.031303251478981e-13,-1.1485529955942266e-15
346.72,-5.030602536130566e-13,-1.1473238862663972e-15
346.73,-5.029904970333515e-13,-1.1469587918678692e-15
346.74,-5.029206592653502e-13,-1.1465299021707742e-15
346.75,-5.028511912692073e-13,-1.146137494951267e-15
346.76,-5.027816609174499e-13,-1.1457501222855443e-15
346.77,-5.027118816411868e-13,-1.1453846724760394e-15
346.78,-5.026422811444222e-13,-1.1449811874649348e-15
346.79,-5.0257290881994e-13,-1.1448353708798551e-15
346.8,-5.025037765522588e-13,-1.1436964345745629e-15
346.81,-5.024334939092341e-13,-1.1437928903787211e-15
346.82,-5.023638649962441e-13,-1.1434121332081042e-15
346.83,-5.022942955599796e-13,-1.1430160833969385e-15
346.84,-5.022249592403232e-13,-1.1426539917384605e-15
346.85,-5.021555222533925e-13,-1.1422481501612687e-15
346.86,-5.020859618043607e-13,-1.1419412746155397e-15
346.87,-5.020161138070295e-13,-1.1414275471169616e-15
346.88,-5.01944748358332e-13,-1.1406767423810432e-15
346.89,-5.018783815197652e-13,-1.1408711442744644e-15
346.9,-5.018079933051068e-13,-1.1403686288940727e-15
346.91,-5.017384595869075e-13,-1.1398729625082852e-15
346.92,-5.016689661296468e-13,-1.139590762681026e-15
346.93,-5.015993714948226e-13,-1.1391966621659747e-15
346.94,-5.015300335938859e-13,-1.1388234275881753e-15
346.95,-5.014607202307694e-13,-1.1385128188319602e-15
346.96,-5.013911954558639e-13,-1.1380623879211274e-15
346.97,-5.013215297554362e-13,-1.1380046515693635e-15
346.98,-5.012526551418839e-13,-1.1373335354204142e-15
346.99,-5.011831040224673e-13,-1.1370503505597648e-15
347.0,-5.011137923214546e-13,-1.136661089362248e-15
347.01,-5.010443029666726e-13,-1.1362627182640042e-15
347.02,-5.009751138854423e-13,-1.135938561338254e-15
347.03,-5.009057429320522e-13,-1.135552298730656e-15
347.04,-5.00836464458279e-13,-1.135239975080417e-15
347.05,-5.007671708213949e-13,-1.1348323142629772e-15
347.06,-5.006981111422267e-13,-1.1341464390178072e-15
347.07,-5.006284760024393e-13,-1.134205814898776e-15
347.08,-5.005593811116955e-13,-1.1337841275598435e-15
347.09,-5.004900352800227e-13,-1.1333721557311119e-15
347.1,-5.004208587548351e-13,-1.1330403797911162e-15
347.11,-5.003515775574623e-13,-1.1327889635976203e-15
347.12,-5.002824430254171e-13,-1.132370478724249e-15
347.13,-5.002132390153616e-13,-1.1319969171176076e-15
347.14,-5.001436625139623e-13,-1.131554637931741e-15
347.15,-5.000752155724416e-13,-1.1315458009722916e-15
347.16,-5.000058611857542e-13,-1.131167268642048e-15
347.17,-4.999365512847252e-13,-1.1306501924306864e-15
347.18,-4.998676482061641e-13,-1.1303167213178192e-15
347.19,-4.997982517816435e-13,-1.1299198165180716e-15
347.2,-4.997292338038062e-13,-1.1297716094923366e-15
347.21,-4.996600791802072e-13,-1.1293063476876496e-15
347.22,-4.995908085817584e-13,-1.128982568872476e-15
347.23,-4.995217546300827e-13,-1.1286175413526153e-15
347.24,-4.994531800173477e-13,-1.1282379083819533e-15
347.25,-4.993833927300949e-13,-1.1278866910886198e-15
347.26,-4.993147956891002e-13,-1.127716293023217e-15
347.27,-4.992455114586026e-13,-1.1272928244897994e-15
347.28,-4.991766623660446e-13,-1.1269826245791428e-15
347.29,-4.991068082350975e-13,-1.1264669555249367e-15
347.3,-4.990384020244462e-13,-1.1263224009493303e-15
347.31,-4.989694200738454e-13,-1.1260074815299056e-15
347.32,-4.989004756735522e-13,-1.1257522825839663e-15
347.33,-4.988319079215374e-13,-1.1253827220726796e-15
347.34,-4.987623394878942e-13,-1.1250939659764374e-15
347.35,-4.98693641464404e-13,-1.1247693864961631e-15
347.36,-4.986245214968268e-13,-1.1244897037625393e-15
347.37,-4.985557360065194e-13,-1.124099345935186e-15
347.38,-4.984870597292257e-13,-1.1239261978243118e-15
347.39,-4.98418082385912e-13,-1.123584118552647e-15
347.4,-4.983487635380382e-13,-1.123196778068475e-15
347.41,-4.98280014641365e-13,-1.1228822543612165e-15
347.42,-4.982122192832089e-13,-1.1230305235125313e-15
347.43,-4.981422390404107e-13,-1.122292196887471e-15
347.44,-4.980734613537645e-13,-1.121919868176194e-15
347.45,-4.980046424698688e-13,-1.1216616023851372e-15
347.46,-4.979357508157437e-13,-1.1214308986098577e-15
347.47,-4.978667109066304e-13,-1.1210366433219378e-15
347.48,-4.977981045860429e-13,-1.1207759819490343e-15
347.49,-4.977293876637391e-13,-1.1205140649142887e-15
347.5,-4.976604958995607e-13,-1.1201715889078013e-15
347.51,-4.975916447077702e-13,-1.1199443641697377e-15
347.52,-4.975231645892526e-13,-1.1196087654399358e-15
347.53,-4.974541865223837e-13,-1.1192946166099328e-15
347.54,-4.973845506290267e-13,-1.1190553527349087e-15
347.55,-4.973167487388207e-13,-1.1187409698261472e-15
347.56,-4.972482404958596e-13,-1.1184794254521996e-15
347.57,-4.971793306201124e-13,-1.1182076320958675e-15
347.58,-4.971107705309294e-13,-1.1179524019731294e-15
347.59,-4.970420435235267e-13,-1.1176429649535357e-15
347.6,-4.969730306648686e-13,-1.1173087531231321e-15
347.61,-4.969042979096874e-13,-1.1169669986096122e-15
347.62,-4.968361635571837e-13,-1.1167462475839424e-15
347.63,-4.967671362567531e-13,-1.116547886153348e-15
347.64,-4.966985848521687e-13,-1.1161912078890982e-15
347.65,-4.966298898172826e-13,-1.115989672053852e-15
347.66,-4.965612418397227e-13,-1.115654130367418e-15
347.67,-4.964928756996982e-13,-1.1154124917549367e-15
347.68,-4.964238649563032e-13,-1.115121640055852e-15
347.69,-4.963561036544882e-13,-1.1150784914674645e-15
347.7,-4.962869558549091e-13,-1.1145833165701865e-15
347.71,-4.962185693637435e-13,-1.1143677825029008e-15
347.72,-4.961498206087376e-13,-1.1140677600692582e-15
347.73,-4.960814218779494e-13,-1.1137754876362287e-15
347.74,-4.960126819863803e-13,-1.11357207277273e-15
347.75,-4.959442862150081e-13,-1.1133232393945979e-15
347.76,-4.958756286939253e-13,-1.1130440542480326e-15
347.77,-4.958074646159008e-13,-1.112773942733178e-15
347.78,-4.957387413520733e-13,-1.1125218776110772e-15
347.79,-4.956703189707991e-13,-1.1122097997353725e-15
347.8,-4.956020710058009e-13,-1.1120843790706048e-15
347.81,-4.955333118629003e-13,-1.1117212924670803e-15
347.82,-4.954649950788727e-13,-1.1115102796159288e-15
347.83,-4.953966082008119e-13,-1.1113366698826378e-15
347.84,-4.953282106724916e-13,-1.1110559524788785e-15
347.85,-4.952599507524616e-13,-1.1108302731340344e-15
347.86,-4.951914043851035e-13,-1.110631473018119e-15
347.87,-4.951231319216987e-13,-1.1103198802611758e-15
347.88,-4.950544460453067e-13,-1.1100932776077792e-15
347.89,-4.949860844073071e-13,-1.1098208633389906e-15
347.9,-4.949176968300079e-13,-1.1096115500025236e-15
347.91,-4.948493823776389e-13,-1.1093164760378598e-15
347.92,-4.94781110143982e-13,-1.1091425012426021e-15
347.93,-4.947127499721117e-13,-1.1089327424929783e-15
347.94,-4.946444048207883e-13,-1.1087357726785341e-15
347.95,-4.945763157851083e-13,-1.108622565124468e-15
347.96,-4.945083095854255e-13,-1.1082528879755976e-15
347.97,-4.944397359896265e-13,-1.1079794430509417e-15
347.98,-4.943712927713596e-13,-1.1076996891795136e-15
347.99,-4.943031803375691e-13,-1.107601790850195e-15
348.0,-4.942348559149493e-13,-1.1073444444766466e-15
348.01,-4.941666458605406e-13,-1.1071314791492459e-15
348.02,-4.94098279913354e-13,-1.1069001317756021e-15
348.03,-4.940301687543778e-13,-1.1068566518966025e-15
348.04,-4.939618457050781e-13,-1.1064692749143437e-15
348.05,-4.938940595633491e-13,-1.106366277919327e-15
348.06,-4.938258109535061e-13,-1.1060267665797434e-15
348.07,-4.937574653479749e-13,-1.1057327731167524e-15
348.08,-4.936892342424026e-13,-1.1056380076444356e-15
348.09,-4.936208500430584e-13,-1.105366786827127e-15
348.1,-4.935529197563622e-13,-1.1051857678731583e-15
348.11,-4.934846725693784e-13,-1.1049452140867848e-15
348.12,-4.9341680731987e-13,-1.1048134334983034e-15
348.13,-4.933485346576442e-13,-1.104677192634419e-15
348.14,-4.93281330715512e-13,-1.104801451731729e-15
348.15,-4.932122047798537e-13,-1.1041462862921211e-15
348.16,-4.93144233595036e-13,-1.1040026010691522e-15
348.17,-4.930772006217069e-13,-1.103863849464529e-15
348.18,-4.930079950529495e-13,-1.10364149473738e-15
348.19,-4.929398461645158e-13,-1.103293175322858e-15
348.2,-4.928721946909183e-13,-1.1032299242843923e-15
348.21,-4.928039203615942e-13,-1.1029556317477609e-15
348.22,-4.927359152021039e-13,-1.1028251608328562e-15
348.23,-4.926679357429943e-13,-1.10266954388396e-15
348.24,-4.925998300784425e-13,-1.1024119448911365e-15
348.25,-4.925320088869617e-13,-1.1022771339140235e-15
348.26,-4.924640318742182e-13,-1.1020584440747574e-15
348.27,-4.923963244104542e-13,-1.1019090913043008e-15
348.28,-4.9232804670582e-13,-1.1016688371309445e-15
348.29,-4.922598832061636e-13,-1.1015792653913397e-15
348.3,-4.921920864347773e-13,-1.1013220811878038e-15
348.31,-4.921243229054378e-13,-1.1012770031055505e-15
348.32,-4.920553614067555e-13,-1.1004152401823126e-15
348.33,-4.919884960793611e-13,-1.100919927774194e-15
348.34,-4.919204635980448e-13,-1.1006701795525973e-15
348.35,-4.918527476848703e-13,-1.100515075103532e-15
348.36,-4.917846122553211e-13,-1.1002044399351907e-15
348.37,-4.917167948479407e-13,-1.1000664509320007e-15
348.38,-4.916489280211442e-13,-1.0999372774035256e-15
348.39,-4.915815333832779e-13,-1.0999256443037682e-15
348.4,-4.915134612519896e-13,-1.0997871463079004e-15
348.41,-4.914452644883377e-13,-1.0995796971648505e-15
348.42,-4.913775896943172e-13,-1.0993250611074715e-15
348.43,-4.913099157581266e-13,-1.099181803844571e-15
348.44,-4.912421372870025e-13,-1.0991418699567582e-15
348.45,-4.91174319846391e-13,-1.0987600217482652e-15
348.46,-4.911064422974231e-13,-1.0986827435906164e-15
348.47,-4.910385227206316e-13,-1.0985852345568486e-15
348.48,-4.909710200954378e-13,-1.0984542154902717e-15
348.49,-4.909030796116393e-13,-1.0982359392454386e-15
348.5,-4.908354067313559e-13,-1.0981350048633837e-15
348.51,-4.907677938685735e-13,-1.0979317109587444e-15
348.52,-4.906999782188152e-13,-1.0977788071743946e-15
348.53,-4.906323608647225e-13,-1.097637869190648e-15
348.54,-4.905647479464093e-13,-1.0975077852179206e-15
348.55,-4.904970895298185e-13,-1.09741504686997e-15
348.56,-4.904287854180361e-13,-1.0971351861014697e-15
348.57,-4.903615426049534e-13,-1.0970712021591516e-15
348.58,-4.902939476646126e-13,-1.0968320415492425e-15
348.59,-4.902260802582739e-13,-1.0967026975557594e-15
348.6,-4.901588835620124e-13,-1.096721333369791e-15
348.61,-4.900909271072025e-13,-1.0964440478452063e-15
348.62,-4.900235604315707e-13,-1.0963470976620337e-15
348.63,-4.899558246400123e-13,-1.0962003944787088e-15
348.64,-4.898883292249174e-13,-1.096102031634362e-15
348.65,-4.898207157984975e-13,-1.0959270134932415e-15
348.66,-4.897533507416542e-13,-1.095760933483979e-15
348.67,-4.896856096452779e-13,-1.0955051560447554e-15
348.68,-4.896169148658432e-13,-1.0955086327807315e-15
348.69,-4.895505367593487e-13,-1.0953860993416665e-15
348.7,-4.89482746397545e-13,-1.0952592307509338e-15
348.71,-4.894152518973253e-13,-1.0951664001680217e-15
348.72,-4.893478311216589e-13,-1.0949822008324964e-15
348.73,-4.892804044694184e-13,-1.0949135707519967e-15
348.74,-4.892129144680866e-13,-1.0947082714194188e-15
348.75,-4.891453496833383e-13,-1.0946842837464206e-15
348.76,-4.890774461111373e-13,-1.0949419961824753e-15
348.77,-4.890107623933e-13,-1.0938245885757559e-15
348.78,-4.889429653340865e-13,-1.094278632853553e-15
348.79,-4.888753673590372e-13,-1.0941174163195785e-15
348.8,-4.88808091385536e-13,-1.0939684832916043e-15
348.81,-4.887408193401035e-13,-1.0939759013712659e-15
348.82,-4.886736093194966e-13,-1.0938828293156113e-15
348.83,-4.886058300351875e-13,-1.0937490972424677e-15
348.84,-4.885382686961218e-13,-1.09355296454961e-15
348.85,-4.884702733050879e-13,-1.092599094028284e-15
348.86,-4.88404898115776e-13,-1.0938474072562427e-15
348.87,-4.883363695138808e-13,-1.093347882277147e-15
348.88,-4.88268886447895e-13,-1.0931975335037057e-15
348.89,-4.882017826343618e-13,-1.0930740009973731e-15
348.9,-4.881342147159536e-13,-1.092975821591341e-15
348.91,-4.880668723172126e-13,-1.0928049899681168e-15
348.92,-4.879996938503291e-13,-1.092744988463732e-15
348.93,-4.87932328057078e-13,-1.092569166218289e-15
348.94,-4.878633721675379e-13,-1.0922075392823193e-15
348.95,-4.877977419419339e-13,-1.0926269985823127e-15
348.96,-4.877301739790318e-13,-1.0921278253264177e-15
348.97,-4.876632143780688e-13,-1.0922261116642777e-15
348.98,-4.875959594913736e-13,-1.0920932628223025e-15
348.99,-4.875285309652874e-13,-1.0920586555756577e-15
349.0,-4.874614069263836e-13,-1.0920103060933313e-15
349.01,-4.87394382978939e-13,-1.0918552369859406e-15
349.02,-4.873271761354281e-13,-1.0917053329979491e-15
349.03,-4.872597475225147e-13,-1.0917054047355503e-15
349.04,-4.871923604425255e-13,-1.0915834443289324e-15
349.05,-4.871255140572155e-13,-1.0915102022855076e-15
349.06,-4.870583610865048e-13,-1.0914262824323202e-15
349.07,-4.869909794523485e-13,-1.0912661219373633e-15
349.08,-4.869238543642189e-13,-1.0911587500492657e-15
349.09,-4.868566748942115e-13,-1.091121639492728e-15
349.1,-4.86789821151888e-13,-1.091000111022005e-15
349.11,-4.867222867152232e-13,-1.090754872714663e-15
349.12,-4.866552655468302e-13,-1.0910776969328465e-15
349.13,-4.865882212197275e-13,-1.0907736748756946e-15
349.14,-4.86521361515648e-13,-1.0907719122828116e-15
349.15,-4.864541108266873e-13,-1.0906896751784329e-15
349.16,-4.863871284650547e-13,-1.0905993513735983e-15
349.17,-4.863198763761856e-13,-1.090534146264867e-15
349.18,-4.862529325884393e-13,-1.090404049411515e-15
349.19,-4.86185988557292e-13,-1.0902941674451407e-15
349.2,-4.861190218021736e-13,-1.0902091080463613e-15
349.21,-4.860515873262734e-13,-1.0900439649698343e-15
349.22,-4.859847117117299e-13,-1.090112493466651e-15
349.23,-4.859176473342929e-13,-1.0901581792884734e-15
349.24,-4.858507275293067e-13,-1.0899282672677038e-15
349.25,-4.857839390991617e-13,-1.0898913433369877e-15
349.26,-4.857165322599638e-13,-1.0898743916488223e-15
349.27,-4.856499011152441e-13,-1.0897394036047225e-15
349.28,-4.855829532715768e-13,-1.0896595603091299e-15
349.29,-4.855158287663142e-13,-1.089696746700213e-15
349.3,-4.854496050526159e-13,-1.0897592599932696e-15
349.31,-4.853819922436947e-13,-1.0894077624468242e-15
349.32,-4.8531518482315e-13,-1.0894270456423112e-15
349.33,-4.852482744156053e-13,-1.0893457777401606e-15
349.34,-4.851813963256555e-13,-1.0892869012409016e-15
349.35,-4.85114326821625e-13,-1.089371793682352e-15
349.36,-4.850474693378997e-13,-1.0892078852805696e-15
349.37,-4.849807511983029e-13,-1.0891249098209798e-15
349.38,-4.849139594017655e-13,-1.0890640315094146e-15
349.39,-4.848472624067893e-13,-1.089051785077601e-15
349.4,-4.84780442839387e-13,-1.0891041365778842e-15
349.41,-4.847133557651206e-13,-1.0888438005313269e-15
349.42,-4.846465292132963e-13,-1.088837292117077e-15
349.43,-4.845796326803472e-13,-1.0887143702239672e-15
349.44,-4.845131090472106e-13,-1.0886673926066225e-15
349.45,-4.844461411731321e-13,-1.0885677764079927e-15
349.46,-4.843792484579317e-13,-1.0885657198904206e-15
349.47,-4.843125758151628e-13,-1.088424332012682e-15
349.48,-4.842452024859383e-13,-1.0886190030168959e-15
349.49,-4.841788209952236e-13,-1.088360960065384e-15
349.5,-4.841122055453058e-13,-1.0884087935475723e-15
349.51,-4.840454857951732e-13,-1.088408449730737e-15
349.52,-4.839788470732044e-13,-1.0882533524676487e-15
349.53,-4.839121846192169e-13,-1.0882554819703364e-15
349.54,-4.838454555460955e-13,-1.0882044568078718e-15
349.55,-4.837787286619892e-13,-1.0881897177824657e-15
349.56,-4.837123440057432e-13,-1.088213260091281e-15
349.57,-4.836455172541227e-13,-1.0879951479580328e-15
349.58,-4.835786212424184e-13,-1.0881815837565099e-15
349.59,-4.835125394104961e-13,-1.088069007570534e-15
349.6,-4.834453688036021e-13,-1.0879175769004578e-15
349.61,-4.833786362230266e-13,-1.0878155883077387e-15
349.62,-4.833121959203795e-13,-1.0878461034231343e-15
349.63,-4.832457037228233e-13,-1.0877486537229159e-15
349.64,-4.831789712452796e-13,-1.0877516163834751e-15
349.65,-4.831117310931305e-13,-1.0876911959686351e-15
349.66,-4.830458936325387e-13,-1.0878517453662995e-15
349.67,-4.829790879062637e-13,-1.0873689146213838e-15
349.68,-4.829126908843139e-13,-1.0875495643527226e-15
349.69,-4.828457450876519e-13,-1.0873817020963028e-15
349.7,-4.827795327619604e-13,-1.0874722870439523e-15
349.71,-4.827130559001114e-13,-1.0874526342087686e-15
349.72,-4.826463377317704e-13,-1.087409496554694e-15
349.73,-4.825800089183735e-13,-1.087327181932231e-15
349.74,-4.825138453686716e-13,-1.087341086441665e-15
349.75,-4.824467666858943e-13,-1.0873043642543895e-15
349.76,-4.823798969598362e-13,-1.0871265951857436e-15
349.77,-4.823138333720514e-13,-1.087225211334471e-15
349.78,-4.822474342410773e-13,-1.0871870576300723e-15
349.79,-4.8218103963095e-13,-1.0870907192676152e-15
349.8,-4.821145452083168e-13,-1.0870525715116846e-15
349.81,-4.820481527875707e-13,-1.0870751922307685e-15
349.82,-4.819817727956161e-13,-1.0870951213158546e-15
349.83,-4.819155290703571e-13,-1.0872329677416943e-15
349.84,-4.818490985011545e-13,-1.0870684590396141e-15
349.85,-4.817833301197049e-13,-1.087000637921844e-15
349.86,-4.817159867490127e-13,-1.0868352068290746e-15
349.87,-4.816497083826334e-13,-1.0869262099346687e-15
349.88,-4.815832789883135e-13,-1.0868292637183705e-15
349.89,-4.815170027809587e-13,-1.0869368153712244e-15
349.9,-4.814505069547324e-13,-1.0868256656322714e-15
349.91,-4.813841983092453e-13,-1.086675723344696e-15
349.92,-4.813179228364855e-13,-1.0862828547302629e-15
349.93,-4.812518699660088e-13,-1.086908512952817e-15
349.94,-4.811849766392188e-13,-1.0864209883845521e-15
349.95,-4.811190161519901e-13,-1.0866288280195869e-15
349.96,-4.810526940163372e-13,-1.0865569149617233e-15
349.97,-4.809863905398063e-13,-1.086590549341007e-15
349.98,-4.809201279275452e-13,-1.0865759481140605e-15
349.99,-4.808537747520976e-13,-1.0865094809410896e-15
350.0,-4.807873130800737e-13,-1.0865986593571839e-15
350.01,-4.807217136324038e-13,-1.0867176440240898e-15
350.02,-4.806549706000415e-13,-1.0865305576792941e-15
350.03,-4.805887455861753e-13,-1.0865696508398934e-15
350.04,-4.805230949277511e-13,-1.0864355117916729e-15
350.05,-4.804565429229508e-13,-1.0864364458502282e-15
350.06,-4.803903365387275e-13,-1.086273010523349e-15
350.07,-4.803241549405889e-13,-1.0863507733216068e-15
350.08,-4.802576963468617e-13,-1.0860919167769754e-15
350.09,-4.8019190327187e-13,-1.0863731395851633e-15
350.1,-4.801252909997991e-13,-1.0861880258474638e-15
350.11,-4.800593050527636e-13,-1.0865023168472288e-15
350.12,-4.79993454548066e-13,-1.0862413943272977e-15
350.13,-4.799273076768661e-13,-1.086138272947365e-15
350.14,-4.798611854158148e-13,-1.086155009836634e-15
350.15,-4.797949817549391e-13,-1.0861531870576371e-15
350.16,-4.797289889943238e-13,-1.0860815119600973e-15
350.17,-4.79662996502798e-13,-1.0861936903875413e-15
350.18,-4.795967996335926e-13,-1.0861031511987582e-15
350.19,-4.795305353021828e-13,-1.0860432669143765e-15
350.2,-4.794643395036284e-13,-1.086000678089181e-15
350.21,-4.793988954357552e-13,-1.086017568789748e-15
350.22,-4.793325796260514e-13,-1.0860391489439412e-15
350.23,-4.792666411215775e-13,-1.0859946332336545e-15
350.24,-4.792009475106657e-13,-1.086002951857497e-15
350.25,-4.791344926974566e-13,-1.0859699532018081e-15
350.26,-4.79068401402087e-13,-1.0859654176674328e-15
350.27,-4.790025202525492e-13,-1.0859348436924275e-15
350.28,-4.78936750907195e-13,-1.085843847419989e-15
350.29,-4.788708636563445e-13,-1.0856461991162751e-15
350.3,-4.788044589340928e-13,-1.085939178966793e-15
350.31,-4.787385418628773e-13,-1.0858334565337749e-15
350.32,-4.786727306759492e-13,-1.085824218865783e-15
350.33,-4.786061351895446e-13,-1.0858878671625109e-15
350.34,-4.78541017264672e-13,-1.0856977143322654e-15
350.35,-4.784749721508217e-13,-1.0858008489135217e-15
350.36,-4.784091047631977e-13,-1.0857488343584762e-15
350.37,-4.783430822308269e-13,-1.0858356454347834e-15
350.38,-4.782773106605409e-13,-1.0856671544880321e-15
350.39,-4.782114600686489e-13,-1.0857998555477474e-15
350.4,-4.781453585800523e-13,-1.0856434029017164e-15
350.41,-4.780796472054176e-13,-1.08568153912933e-15
350.42,-4.780141334748594e-13,-1.0856566033781174e-15
350.43,-4.779479716586635e-13,-1.0856236939810495e-15
350.44,-4.778820603186905e-13,-1.0855904923754803e-15
350.45,-4.778163795564531e-13,-1.0855735358041575e-15
350.46,-4.777503959927373e-13,-1.0853747901544318e-15
350.47,-4.776851955467693e-13,-1.0855342312143722e-15
350.48,-4.776188853903613e-13,-1.085496053513886e-15
350.49,-4.775534091614891e-13,-1.0855023658409004e-15
350.5,-4.774874623299813e-13,-1.0855181252387382e-15
350.51,-4.774218326592832e-13,-1.0854517328492202e-15
350.52,-4.773560754061696e-13,-1.0854598097228023e-15
350.53,-4.772903283646243e-13,-1.0854461839683045e-15
350.54,-4.772243945405788e-13,-1.0854339258596727e-15
350.55,-4.771590344879958e-13,-1.085586728967144e-15
350.56,-4.770927543880183e-13,-1.085178118281578e-15
350.57,-4.770272996810411e-13,-1.0853206014384253e-15
350.58,-4.769617889437805e-13,-1.0853849930651498e-15
350.59,-4.768961423895487e-13,-1.0853454944824157e-15
350.6,-4.768303249683313e-13,-1.085382794236687e-15
350.61,-4.767647604690055e-13,-1.0852611489461767e-15
350.62,-4.766990765161738e-13,-1.0853435447465906e-15
350.63,-4.766334235937337e-13,-1.0852170647768348e-15
350.64,-4.76566782190127e-13,-1.085322786403629e-15
350.65,-4.765010102015391e-13,-1.0854856198835876e-15
350.66,-4.764364439228759e-13,-1.085246865419888e-15
350.67,-4.76371078610223e-13,-1.0851141670916444e-15
350.68,-4.76305453291326e-13,-1.0851641479366703e-15
350.69,-4.762400180726735e-13,-1.0851905536778416e-15
350.7,-4.761744418633643e-13,-1.0850890507199514e-15
350.71,-4.761088943726151e-13,-1.0851441253980714e-15
350.72,-4.760432491293747e-13,-1.0850277326809249e-15
350.73,-4.759760156829865e-13,-1.0850028660548531e-15
350.74,-4.759138109095793e-13,-1.0851389663809072e-15
350.75,-4.758467600626381e-13,-1.0850186801163553e-15
350.76,-4.757809534121996e-13,-1.0850226575063053e-15
350.77,-4.757153827482599e-13,-1.0849970362752142e-15
350.78,-4.756500083751254e-13,-1.0849765969293985e-15
350.79,-4.755849529345865e-13,-1.0851119282890108e-15
350.8,-4.755192159326282e-13,-1.084933945661084e-15
350.81,-4.754539122512638e-13,-1.0848526218266904e-15
350.82,-4.753894535425455e-13,-1.0855091401594784e-15
350.83,-4.753239695992418e-13,-1.0853409058378445e-15
350.84,-4.752576213072693e-13,-1.0847707811964672e-15
350.85,-4.751920386764277e-13,-1.084856965165401e-15
350.86,-4.751266829524458e-13,-1.084742769991288e-15
350.87,-4.750612145207811e-13,-1.084822496453402e-15
350.88,-4.749958323828566e-13,-1.0847042971122793e-15
350.89,-4.749304988827756e-13,-1.084781686936412e-15
350.9,-4.748650003191463e-13,-1.0846597798485235e-15
350.91,-4.747989429763416e-13,-1.0841627604573902e-15
350.92,-4.747340714880856e-13,-1.0847649639351526e-15
350.93,-4.746693656918748e-13,-1.0846804182958301e-15
350.94,-4.746037957807025e-13,-1.084584654295484e-15
350.95,-4.745385212059678e-13,-1.0845916609776856e-15
350.96,-4.7447336411663e-13,-1.0845593957987898e-15
350.97,-4.744079210577039e-13,-1.0845413492343644e-15
350.98,-4.74342504808576e-13,-1.0845038317664685e-15
350.99,-4.742775293428532e-13,-1.0844960267340976e-15
351.0,-4.742123458566489e-13,-1.0843667313836665e-15
351.01,-4.741465457242625e-13,-1.0845080594339054e-15
351.02,-4.740817564115024e-13,-1.0844363541469408e-15
351.03,-4.74016548040724e-13,-1.084404269437918e-15
351.04,-4.739511804639793e-13,-1.0843374247299436e-15
351.05,-4.73886015307871e-13,-1.0843197527441918e-15
351.06,-4.738207979982377e-13,-1.0842033332684167e-15
351.07,-4.737555039011584e-13,-1.0842310922013501e-15
351.08,-4.736903895596695e-13,-1.0842555998434667e-15
351.09,-4.736251702788884e-13,-1.0838944011972167e-15
351.1,-4.735596627684265e-13,-1.0842401552047023e-15
351.11,-4.734949606122056e-13,-1.084047823819549e-15
351.12,-4.734296234850957e-13,-1.0839816153954718e-15
351.13,-4.733648156544227e-13,-1.0840702993862112e-15
351.14,-4.732995887796449e-13,-1.0840952371774703e-15
351.15,-4.732344029152822e-13,-1.0839073941223106e-15
351.16,-4.731694673335771e-13,-1.0840241227841558e-15
351.17,-4.73104303625633e-13,-1.0839720721438774e-15
351.18,-4.730390797475362e-13,-1.0838612778280137e-15
351.19,-4.729742876689099e-13,-1.0839383870614842e-15
351.2,-4.729087996278181e-13,-1.083852893053791e-15
351.21,-4.728439496020012e-13,-1.0838079548827145e-15
351.22,-4.727789079729291e-13,-1.0837980208115901e-15
351.23,-4.727137223646698e-13,-1.0837065560741004e-15
351.24,-4.726489283353867e-13,-1.0837538725787822e-15
351.25,-4.725839592969763e-13,-1.083673984035651e-15
351.26,-4.725187942324411e-13,-1.0836599290377618e-15
351.27,-4.724548476486388e-13,-1.0837052463083689e-15
351.28,-4.723888060938255e-13,-1.0835047755006678e-15
351.29,-4.723239236037031e-13,-1.0834574606653065e-15
351.3,-4.722589225594602e-13,-1.0834673578734104e-15
351.31,-4.721938753908672e-13,-1.0834544369081428e-15
351.32,-4.721286460095628e-13,-1.0833247088961625e-15
351.33,-4.720641228049434e-13,-1.0833875692256842e-15
351.34,-4.71999176563163e-13,-1.0833379495584272e-15
351.35,-4.719344334719292e-13,-1.083336142385734e-15
351.36,-4.718693509143324e-13,-1.0831605790929787e-15
351.37,-4.718044624195425e-13,-1.0832032679346966e-15
351.38,-4.717396464272703e-13,-1.0831437153890632e-15
351.39,-4.716747481295747e-13,-1.0831117194552427e-15
351.4,-4.716099740042578e-13,-1.083090562937209e-15
351.41,-4.715454486422693e-13,-1.0831249144592213e-15
351.42,-4.714805240546592e-13,-1.0830639750884401e-15
351.43,-4.714154074527676e-13,-1.0829412943805497e-15
351.44,-4.713506765503568e-13,-1.0829197709985254e-15
351.45,-4.712855525763126e-13,-1.0829734279796001e-15
351.46,-4.712209473315623e-13,-1.0828662601240713e-15
351.47,-4.711562049756503e-13,-1.0827568238483712e-15
351.48,-4.710914582064978e-13,-1.082640640820526e-15
351.49,-4.710268983959529e-13,-1.0826843140768796e-15
351.5,-4.709621215428322e-13,-1.0826154447643182e-15
351.51,-4.708973465248409e-13,-1.0825368138040644e-15
351.52,-4.708323686072606e-13,-1.0825431217366062e-15
351.53,-4.707678342204803e-13,-1.0824704116108433e-15
351.54,-4.707031801486282e-13,-1.0825914015387555e-15
351.55,-4.706382981489325e-13,-1.0823213185461114e-15
351.56,-4.705737030429344e-13,-1.0824804520972012e-15
351.57,-4.705091076559997e-13,-1.0822998553249242e-15
351.58,-4.704444184026622e-13,-1.0821575039622486e-15
351.59,-4.703796533602493e-13,-1.0821884280917143e-15
351.6,-4.703153261483376e-13,-1.082137630684601e-15
351.61,-4.702504259399217e-13,-1.0820224353615852e-15
351.62,-4.701859624026725e-13,-1.0819896077933454e-15
351.63,-4.701212430160414e-13,-1.0818612466404914e-15
351.64,-4.700564813982833e-13,-1.0818988884727662e-15
351.65,-4.699920047607814e-13,-1.0817961524473134e-15
351.66,-4.69927422818162e-13,-1.0816610899341407e-15
351.67,-4.698627794715078e-13,-1.0816504020447366e-15
351.68,-4.69798362372847e-13,-1.0817137080780977e-15
351.69,-4.697336561867338e-13,-1.0816112093921077e-15
351.7,-4.696693045450641e-13,-1.0815555798297405e-15
351.71,-4.696047242774629e-13,-1.0815411623702332e-15
351.72,-4.695401068059585e-13,-1.0813823730767423e-15
351.73,-4.694756048537275e-13,-1.081378113758567e-15
351.74,-4.694111051343801e-13,-1.0812575960145518e-15
351.75,-4.693466341941831e-13,-1.081231740452461e-15
351.76,-4.692821310015824e-13,-1.0811801648297117e-15
351.77,-4.692177107972989e-13,-1.0810846971932638e-15
351.78,-4.691532671390724e-13,-1.0810324029685785e-15
351.79,-4.690887435751783e-13,-1.0809603789898956e-15
351.8,-4.690243794176478e-13,-1.0809014717072076e-15
351.81,-4.689599767746482e-13,-1.0809010621870751e-15
351.82,-4.688955891565003e-13,-1.0807417118433831e-15
351.83,-4.688311683441035e-13,-1.0806968830417638e-15
351.84,-4.687667284143242e-13,-1.0807066965100099e-15
351.85,-4.687023280790107e-13,-1.0805607329615326e-15
351.86,-4.686378169496216e-13,-1.0804567836591808e-15
351.87,-4.685733516757889e-13,-1.08039522099624e-15
351.88,-4.685094198883509e-13,-1.0803247181713998e-15
351.89,-4.684450308156014e-13,-1.080332516808746e-15
351.9,-4.68380403759585e-13,-1.0802581889792221e-15
351.91,-4.683160997369518e-13,-1.0800992839681172e-15
351.92,-4.682518724210495e-13,-1.080046073841502e-15
351.93,-4.681877552755233e-13,-1.0799646177332049e-15
351.94,-4.681233516529827e-13,-1.0799040634393857e-15
351.95,-4.680591963740439e-13,-1.0798807411675526e-15
351.96,-4.679947732746856e-13,-1.079757655576765e-15
351.97,-4.679301972040123e-13,-1.0795347819563405e-15
351.98,-4.678663093857016e-13,-1.0795423219890816e-15
351.99,-4.678016333791777e-13,-1.0794189164474762e-15
352.0,-4.677378143561518e-13,-1.0794698355685928e-15
352.01,-4.676735980605854e-13,-1.0793479022692125e-15
352.02,-4.676092643911556e-13,-1.0792923700614073e-15
352.03,-4.675452728390428e-13,-1.079174901494042e-15
352.04,-4.674809374347355e-13,-1.0790500751300232e-15
352.05,-4.674168214269311e-13,-1.0787798478838625e-15
352.06,-4.67352467103061e-13,-1.0788874733080451e-15
352.07,-4.672884153231242e-13,-1.0788095723205909e-15
352.08,-4.672237101018627e-13,-1.0785787342982393e-15
352.09,-4.671603229357865e-13,-1.0786499187203395e-15
352.1,-4.67096234445691e-13,-1.0786546520439197e-15
352.11,-4.670322060838414e-13,-1.0785432229739307e-15
352.12,-4.669677142863087e-13,-1.078417805248115e-15
352.13,-4.669039399917166e-13,-1.0782407585924057e-15
352.14,-4.668397778914769e-13,-1.078264924509867e-15
352.15,-4.667756732873365e-13,-1.0781133807699188e-15
352.16,-4.667115650558994e-13,-1.0779923262840634e-15
352.17,-4.666476741558163e-13,-1.0781246315378778e-15
352.18,-4.665834350801814e-13,-1.0779075625230015e-15
352.19,-4.665194977452622e-13,-1.077753360323773e-15
352.2,-4.664553476293132e-13,-1.0777169770517442e-15
352.21,-4.663914577105116e-13,-1.077492548946886e-15
352.22,-4.66327464578439e-13,-1.0774916114527956e-15
352.23,-4.662632652950333e-13,-1.0772907109551467e-15
352.24,-4.661995306980596e-13,-1.0772644428665668e-15
352.25,-4.661355139568926e-13,-1.0772147611685177e-15
352.26,-4.660710058939297e-13,-1.0768653658163613e-15
352.27,-4.660078084595751e-13,-1.0770084983615347e-15
352.28,-4.659436533722802e-13,-1.076874327963791e-15
352.29,-4.658798026252217e-13,-1.0768178392885141e-15
352.3,-4.658148733476205e-13,-1.0762338777483435e-15
352.31,-4.657520908947834e-13,-1.0765862493799765e-15
352.32,-4.656881086366788e-13,-1.076474631974824e-15
352.33,-4.656238656916054e-13,-1.0764617937114864e-15
352.34,-4.655603427134104e-13,-1.0762046177681906e-15
352.35,-4.654965205018994e-13,-1.0761449594097532e-15
352.36,-4.654327321423784e-13,-1.0760807619392234e-15
352.37,-4.653686380370193e-13,-1.0758570363713292e-15
352.38,-4.653047179782207e-13,-1.0759726472851172e-15
352.39,-4.652412865300559e-13,-1.0757809379988493e-15
352.4,-4.651774131539165e-13,-1.075559819963321e-15
352.41,-4.651133189619179e-13,-1.0753805017051998e-15
352.42,-4.650498762944715e-13,-1.075353239286115e-15
352.43,-4.649860851821048e-13,-1.075176327236619e-15
352.44,-4.649220043312925e-13,-1.0751205183039186e-15
352.45,-4.648582896244309e-13,-1.0750271553546819e-15
352.46,-4.647944074605854e-13,-1.0748538503519024e-15
352.47,-4.647309770397951e-13,-1.0747527702945122e-15
352.48,-4.646674858731348e-13,-1.074726524208314e-15
352.49,-4.646036624202052e-13,-1.0745816739739261e-15
352.5,-4.645399858555951e-13,-1.0744173248372973e-15
352.51,-4.644762372967488e-13,-1.0742914781835232e-15
352.52,-4.644131998446813e-13,-1.0742420590917092e-15
352.53,-4.643480175891104e-13,-1.0740365757373448e-15
352.54,-4.642852392369393e-13,-1.0739197259038935e-15
352.55,-4.642216223908419e-13,-1.0738981449213591e-15
352.56,-4.641578144685763e-13,-1.073753776039493e-15
352.57,-4.640941896805809e-13,-1.0734383551293273e-15
352.58,-4.640308028353826e-13,-1.0734746736859595e-15
352.59,-4.639670609800856e-13,-1.0733793383766018e-15
352.6,-4.639034684001715e-13,-1.0732687290293507e-15
352.61,-4.638391945603337e-13,-1.0725814028860878e-15
352.62,-4.637746592048928e-13,-1.0722605380826287e-15
352.63,-4.637129705719301e-13,-1.0728642673119745e-15
352.64,-4.636493178261817e-13,-1.0727860836427312e-15
352.65,-4.635858311252672e-13,-1.0725796101295837e-15
352.66,-4.635221727280898e-13,-1.0723642477990443e-15
352.67,-4.63458740305446e-13,-1.0723669367826666e-15
352.68,-4.633952401094698e-13,-1.0721543524063205e-15
352.69,-4.633317308905939e-13,-1.0720175956170755e-15
352.7,-4.632691875067552e-13,-1.0717739121685794e-15
352.71,-4.632054227845697e-13,-1.071489664274617e-15
352.72,-4.631413782732113e-13,-1.0716371828462394e-15
352.73,-4.630777444823219e-13,-1.0714359732272921e-15
352.74,-4.630142940039176e-13,-1.0712655045290938e-15
352.75,-4.629509081359254e-13,-1.0711901027224658e-15
352.76,-4.628875622899301e-13,-1.071104566723199e-15
352.77,-4.628242734942793e-13,-1.0709989579445784e-15
352.78,-4.627610001660355e-13,-1.0708072579591114e-15
352.79,-4.626976788432169e-13,-1.0710309243266861e-15
352.8,-4.626333732316122e-13,-1.0706216156529231e-15
352.81,-4.625706854571741e-13,-1.070372841449307e-15
352.82,-4.625073581453572e-13,-1.0702970784522719e-15
352.83,-4.624439377316137e-13,-1.0700075966281492e-15
352.84,-4.623804860111502e-13,-1.0699118139140353e-15
352.85,-4.62317289940178e-13,-1.0698011428988192e-15
352.86,-4.62254052713122e-13,-1.069591842904278e-15
352.87,-4.621906151168971e-13,-1.0694758366511566e-15
352.88,-4.621283361180193e-13,-1.0697614875984843e-15
352.89,-4.620643702620613e-13,-1.0695579668605694e-15
352.9,-4.620013135954199e-13,-1.0691464298692959e-15
352.91,-4.619377867159914e-13,-1.0689562869227972e-15
352.92,-4.618744731649124e-13,-1.0687543692486495e-15
352.93,-4.618114392396925e-13,-1.0685687620724427e-15
352.94,-4.617481532135825e-13,-1.0685387189708523e-15
352.95,-4.616850784246633e-13,-1.0684192036759268e-15
352.96,-4.616217695703666e-13,-1.068219204793036e-15
352.97,-4.615586517851989e-13,-1.0679859902954485e-15
352.98,-4.614949432789844e-13,-1.06766445495174e-15
352.99,-4.61432106739244e-13,-1.0677510743732002e-15
353.0,-4.613689397217806e-13,-1.0675972057452865e-15
353.01,-4.613058220925456e-13,-1.0673515371397742e-15
353.02,-4.612426127551936e-13,-1.0672619287825442e-15
353.03,-4.611795388931731e-13,-1.0670833548091447e-15
353.04,-4.611164455316434e-13,-1.0669089573371917e-15
353.05,-4.610534051351034e-13,-1.066665751545015e-15
353.06,-4.609901434528585e-13,-1.066551376214356e-15
353.07,-4.609270076127967e-13,-1.0665625117381133e-15
353.08,-4.608642399229646e-13,-1.0662624780747355e-15
353.09,-4.60801066560614e-13,-1.0660869037323422e-15
353.1,-4.607381106761494e-13,-1.0660025029168435e-15
353.11,-4.606751777389106e-13,-1.0657826210147406e-15
353.12,-4.606121268497751e-13,-1.065557756368348e-15
353.13,-4.60548919334379e-13,-1.0654135942194531e-15
353.14,-4.60485958671282e-13,-1.0652916779392432e-15
353.15,-4.604230357804254e-13,-1.0652696261498696e-15
353.16,-4.603604838346585e-13,-1.0650105918373474e-15
353.17,-4.602970643005094e-13,-1.0647122054194376e-15
353.18,-4.602341303191707e-13,-1.064610760055212e-15
353.19,-4.601712287757452e-13,-1.0643989285613783e-15
353.2,-4.60108814092694e-13,-1.0647589240298553e-15
353.21,-4.600452014874545e-13,-1.0640047402990468e-15
353.22,-4.599824534368954e-13,-1.0639282328708952e-15
353.23,-4.59919458885091e-13,-1.06359696640015e-15
353.24,-4.598570580405606e-13,-1.0638829072226163e-15
353.25,-4.597938748905935e-13,-1.0633375446204306e-15
353.26,-4.597309363080036e-13,-1.0631931510647434e-15
353.27,-4.596679438232935e-13,-1.0630662134589289e-15
353.28,-4.5960534893056e-13,-1.0627576348734584e-15
353.29,-4.595421910663667e-13,-1.062548432629482e-15
353.3,-4.594795536258456e-13,-1.0624938258376805e-15
353.31,-4.594165897948158e-13,-1.0622453131344407e-15
353.32,-4.593538839570536e-13,-1.0620941471101196e-15
353.33,-4.592912000439421e-13,-1.0620572560623847e-15
353.34,-4.592280478659255e-13,-1.0616028610872028e-15
353.35,-4.591654027838291e-13,-1.0615290234770836e-15
353.36,-4.59102973077799e-13,-1.0613545954144369e-15
353.37,-4.590399434600858e-13,-1.061193462402308e-15
353.38,-4.589772622241476e-13,-1.0609562103871091e-15
353.39,-4.589150728599438e-13,-1.0611471550940358e-15
353.4,-4.588521294710239e-13,-1.0606474315347826e-15
353.41,-4.587893030639813e-13,-1.0605664322821234e-15
353.42,-4.587262788373998e-13,-1.0602076131079867e-15
353.43,-4.586636443064216e-13,-1.0602034278760466e-15
353.44,-4.586011888166023e-13,-1.059876264251271e-15
353.45,-4.58538319185043e-13,-1.0597075762715117e-15
353.46,-4.584759703349007e-13,-1.059527003948198e-15
353.47,-4.584133179645579e-13,-1.0593294464118126e-15
353.48,-4.583506982311011e-13,-1.0591667048397972e-15
353.49,-4.582881841879976e-13,-1.0588654860078237e-15
353.5,-4.582249423936145e-13,-1.0589053449568364e-15
353.51,-4.581627700104737e-13,-1.0584413869041142e-15
353.52,-4.581007479858769e-13,-1.0582369728606555e-15
353.53,-4.580373783155849e-13,-1.0581765908865282e-15
353.54,-4.579751980338402e-13,-1.0580702973847525e-15
353.55,-4.579125081304429e-13,-1.0578223559298407e-15
353.56,-4.578499690440082e-13,-1.057598179530607e-15
353.57,-4.577873562717021e-13,-1.0572730695439575e-15
353.58,-4.577250272788076e-13,-1.0572423335337493e-15
353.59,-4.576624059413905e-13,-1.0567289797460088e-15
353.6,-4.575999814498761e-13,-1.0568765148965641e-15
353.61,-4.575370243409596e-13,-1.056662811623647e-15
353.62,-4.574749924855639e-13,-1.0564355119025492e-15
353.63,-4.57412570372262e-13,-1.0561997173342346e-15
353.64,-4.573500379786499e-13,-1.055965680805297e-15
353.65,-4.572876938380187e-13,-1.055802296930352e-15
353.66,-4.572250939670891e-13,-1.0556121690435466e-15
353.67,-4.571628060640731e-13,-1.055372190099016e-15
353.68,-4.571004846360074e-13,-1.0553832877929163e-15
353.69,-4.570380747555743e-13,-1.055002670482396e-15
353.7,-4.569755876589856e-13,-1.0551811394360505e-15
353.71,-4.5691325012359e-13,-1.0546501400678387e-15
353.72,-4.568509724142731e-13,-1.0543482680249528e-15
353.73,-4.567885735700256e-13,-1.054129569748509e-15
353.74,-4.567260933284893e-13,-1.0539330514304993e-15
353.75,-4.566637269125737e-13,-1.0537708349519424e-15
353.76,-4.56601541407033e-13,-1.053472470471116e-15
353.77,-4.565383568860787e-13,-1.0535477736140555e-15
353.78,-4.564768135005427e-13,-1.0531852155637487e-15
353.79,-4.564147180355776e-13,-1.0524296293077541e-15
353.8,-4.563525245784683e-13,-1.052724660186044e-15
353.81,-4.562898965531003e-13,-1.0524908793612015e-15
353.82,-4.56227745084403e-13,-1.0522768220838544e-15
353.83,-4.56165910444216e-13,-1.0520690691313156e-15
353.84,-4.56103426184238e-13,-1.0519808959300118e-15
353.85,-4.560411302127715e-13,-1.051655997450485e-15
353.86,-4.559799278886029e-13,-1.0516235845361964e-15
353.87,-4.559167496197903e-13,-1.0511416486065855e-15
353.88,-4.558542017164497e-13,-1.0510522589861634e-15
353.89,-4.55792328081256e-13,-1.0506958199855712e-15
353.9,-4.557303304099129e-13,-1.0505604339133206e-15
353.91,-4.556680879678165e-13,-1.050295306836826e-15
353.92,-4.556059688215532e-13,-1.0501581145118517e-15
353.93,-4.555437273774486e-13,-1.0498721487738552e-15
353.94,-4.55481605833392e-13,-1.0497376099228435e-15
353.95,-4.554194041829696e-13,-1.0496757635907393e-15
353.96,-4.553579765193183e-13,-1.0492807490858412e-15
353.97,-4.552956564655924e-13,-1.0489772438661206e-15
353.98,-4.552331421600794e-13,-1.048855136467142e-15
353.99,-4.551712780388685e-13,-1.0485830962146186e-15
354.0,-4.551093533952058e-13,-1.0483672363660052e-15
354.01,-4.550471652276914e-13,-1.0481477205664298e-15
354.02,-4.549845627537431e-13,-1.048092348424872e-15
354.03,-4.549231898308953e-13,-1.0477086197547223e-15
354.04,-4.54861125933584e-13,-1.0473855848124697e-15
354.05,-4.547989112737242e-13,-1.0470573839372211e-15
354.06,-4.5473744725149984e-13,-1.0469718886519972e-15
354.07,-4.546752139012425e-13,-1.0468108584858103e-15
354.08,-4.546132919786789e-13,-1.0465777378746004e-15
354.09,-4.545512795836975e-13,-1.0464033720554923e-15
354.1,-4.544892573175186e-13,-1.0461037799510891e-15
354.11,-4.54427482159796e-13,-1.0459110661451421e-15
354.12,-4.5436544093023975e-13,-1.045642621390481e-15
354.13,-4.5430372351249957e-13,-1.0455248271097191e-15
354.14,-4.5424208292740655e-13,-1.0451058053228361e-15
354.15,-4.5417976115823106e-13,-1.0447128475503627e-15
354.16,-4.541179158704458e-13,-1.0447476835497383e-15
354.17,-4.540558922925474e-13,-1.044493088637687e-15
354.18,-4.5399406474656407e-13,-1.0441577518864137e-15
354.19,-4.5393227818366047e-13,-1.0440964241358384e-15
354.2,-4.5387045939921833e-13,-1.0437011151949232e-15
354.21,-4.538087828836732e-13,-1.0435661753741757e-15
354.22,-4.537466070611962e-13,-1.0434402500053566e-15
354.23,-4.5368554023557707e-13,-1.0428712748517706e-15
354.24,-4.536233707702543e-13,-1.0430381704952522e-15
354.25,-4.5356157423681505e-13,-1.0426314013329934e-15
354.26,-4.5349976554945616e-13,-1.0424561804499993e-15
354.27,-4.5343777520699323e-13,-1.0421724371705662e-15
354.28,-4.5337654072398895e-13,-1.041835934335191e-15
354.29,-4.533145398508721e-13,-1.0417976396458787e-15
354.3,-4.5325227784277673e-13,-1.0414125001376429e-15
354.31,-4.53190935731923e-13,-1.0411867313519743e-15
354.32,-4.5312905962176596e-13,-1.0409879223681227e-15
354.33,-4.530678832184737e-13,-1.040808544070809e-15
354.34,-4.530061155163015e-13,-1.0405466980085152e-15
354.35,-4.5294420802860643e-13,-1.0402382780100737e-15
354.36,-4.5288274911085e-13,-1.0401499362468924e-15
354.37,-4.528209884507502e-13,-1.0398016170266856e-15
354.38,-4.5275951715890664e-13,-1.039596106690414e-15
354.39,-4.526977837211223e-13,-1.039373187929351e-15
354.4,-4.5263626256074874e-13,-1.0393859957694536e-15
354.41,-4.5257449982015994e-13,-1.0386504870037725e-15
354.42,-4.5251247342191864e-13,-1.0385249851842241e-15
354.43,-4.524514191006788e-13,-1.0382233535245464e-15
354.44,-4.5238968445897294e-13,-1.0381227609766797e-15
354.45,-4.5232801540968173e-13,-1.037994392770025e-15
354.46,-4.522667280078292e-13,-1.037627135536639e-15
354.47,-4.522051368219287e-13,-1.0374334859132944e-15
354.48,-4.5214381492802896e-13,-1.0371996838285755e-15
354.49,-4.5208246554047383e-13,-1.0371556931169593e-15
354.5,-4.520204628784138e-13,-1.036532275479578e-15
354.51,-4.5195886433366073e-13,-1.0364924617154381e-15
354.52,-4.518977906426085e-13,-1.0362027377566372e-15
354.53,-4.518362732725229e-13,-1.0359056542507662e-15
354.54,-4.5177469837369697e-13,-1.0355840415106176e-15
354.55,-4.517133338037981e-13,-1.0354445286110545e-15
354.56,-4.516518526868274e-13,-1.035191541711753e-15
354.57,-4.515902679305539e-13,-1.0349486635708592e-15
354.58,-4.515284165234761e-13,-1.0347404561660828e-15
354.59,-4.514659183271012e-13,-1.0339914559103538e-15
354.6,-4.514062062448463e-13,-1.0342972656396916e-15
354.61,-4.5134492679526293e-13,-1.034045958586582e-15
354.62,-4.5128331507751934e-13,-1.0337521610781229e-15
354.63,-4.512220778400444e-13,-1.0335912982784326e-15
354.64,-4.51160670105967e-13,-1.0331951761477733e-15
354.65,-4.510994704882695e-13,-1.033109611592067e-15
354.66,-4.510380820313846e-13,-1.0327869854485054e-15
354.67,-4.5097848395624027e-13,-1.0329869934331426e-15
354.68,-4.5091616993195817e-13,-1.032503814245215e-15
354.69,-4.508542249800368e-13,-1.031965733924256e-15
354.7,-4.5079279601664955e-13,-1.0317311199699782e-15
354.71,-4.507316432245968e-13,-1.03152037206527e-15
354.72,-4.5067049550678084e-13,-1.0312027356913622e-15
354.73,-4.50609054563961e-13,-1.031010171864122e-15
354.74,-4.5054774927827426e-13,-1.0307629513065933e-15
354.75,-4.504867573722404e-13,-1.0305098887481039e-15
354.76,-4.504273930926247e-13,-1.030212295205308e-15
354.77,-4.503624069169635e-13,-1.0300465252873403e-15
354.78,-4.5030310084857016e-13,-1.0297104438611348e-15
354.79,-4.502417351275304e-13,-1.029534185964111e-15
354.8,-4.501806862874572e-13,-1.0291952767884606e-15
354.81,-4.5011946487978615e-13,-1.0289278816098611e-15
354.82,-4.5005819277433206e-13,-1.0287296378542517e-15
354.83,-4.49997092581163e-13,-1.0285751053080773e-15
354.84,-4.499358032366779e-13,-1.0283374215823683e-15
354.85,-4.498751835483574e-13,-1.0284198528877027e-15
354.86,-4.4981368871355003e-13,-1.0278292233515064e-15
354.87,-4.4975268867496645e-13,-1.0275583970878446e-15
354.88,-4.4969164576205713e-13,-1.0273431796174645e-15
354.89,-4.496304469693232e-13,-1.026965255015205e-15
354.9,-4.495696375891163e-13,-1.0267359226757284e-15
354.91,-4.4950849084462267e-13,-1.0265573481941603e-15
354.92,-4.494472226478543e-13,-1.0263786379973604e-15
354.93,-4.4938649701697044e-13,-1.0260466237199957e-15
354.94,-4.4932456426915804e-13,-1.0255067688918395e-15
354.95,-4.492640808412681e-13,-1.0255912812632366e-15
354.96,-4.492032192039214e-13,-1.0252705813096551e-15
354.97,-4.491421111205694e-13,-1.0249500134851625e-15
354.98,-4.4908137238306457e-13,-1.0247307541390331e-15
354.99,-4.490201311142522e-13,-1.0244806188994285e-15
355.0,-4.4895917033698207e-13,-1.0241184194465526e-15
355.01,-4.4889840404721725e-13,-1.024015822696671e-15
355.02,-4.4883744030335283e-13,-1.0237228641097157e-15
355.03,-4.4877651474650086e-13,-1.0232601480130297e-15
355.04,-4.487153584165143e-13,-1.023179744404475e-15
355.05,-4.486547080609408e-13,-1.0229315561176169e-15
355.06,-4.485936297662029e-13,-1.022709979728275e-15
355.07,-4.485324010380153e-13,-1.0223079994184642e-15
355.08,-4.4847225875196513e-13,-1.0222216249953303e-15
355.09,-4.4841098622525053e-13,-1.0219464409393805e-15
355.1,-4.483501599216784e-13,-1.0216205534595895e-15
355.11,-4.482895115805441e-13,-1.0214411151099178e-15
355.12,-4.4822794226997403e-13,-1.0212210338335454e-15
355.13,-4.481678538713152e-13,-1.0210441601426126e-15
355.14,-4.4810686895337804e-13,-1.0206294349882212e-15
355.15,-4.4804632391924904e-13,-1.0204112105233936e-15
355.16,-4.4798552679759886e-13,-1.020184157484161e-15
355.17,-4.4792426888577017e-13,-1.0200722750909638e-15
355.18,-4.4786383771614275e-13,-1.0196121414583997e-15
355.19,-4.47803247617941e-13,-1.0194363787861088e-15
355.2,-4.477424794533979e-13,-1.0191662481319942e-15
355.21,-4.4768177723688483e-13,-1.0186228031177854e-15
355.22,-4.4762111092539976e-13,-1.0187028028402961e-15
355.23,-4.475602957942339e-13,-1.0184067869180844e-15
355.24,-4.4749932298334147e-13,-1.0181431164306439e-15
355.25,-4.4743932206330887e-13,-1.0179272621929484e-15
355.26,-4.4737810932201387e-13,-1.017629613983855e-15
355.27,-4.473174848331127e-13,-1.017390909280125e-15
355.28,-4.47256833450797e-13,-1.0170543854139441e-15
355.29,-4.4719612267263413e-13,-1.0168449345028225e-15
355.3,-4.4713550640144305e-13,-1.0164865357499554e-15
355.31,-4.470746323311393e-13,-1.0162704534962418e-15
355.32,-4.4701433801433015e-13,-1.0160629962941127e-15
355.33,-4.469545724419097e-13,-1.0161218972365422e-15
355.34,-4.4689302042832483e-13,-1.0156220968874919e-15
355.35,-4.468325986299971e-13,-1.0152256759221294e-15
355.36,-4.4677193695735935e-13,-1.0152556677071218e-15
355.37,-4.4671137563876853e-13,-1.0147721908630207e-15
355.38,-4.466508045695828e-13,-1.014493089912875e-15
355.39,-4.4659012738136553e-13,-1.0144825675110604e-15
355.4,-4.465296183109479e-13,-1.0140696530986537e-15
355.41,-4.464691524100338e-13,-1.0137782942320853e-15
355.42,-4.4640849771901e-13,-1.0134340643516234e-15
355.43,-4.4634834288703975e-13,-1.013319270635002e-15
355.44,-4.4628757970334783e-13,-1.0130572730178892e-15
355.45,-4.4622728097457294e-13,-1.012834536162736e-15
355.46,-4.4616656449923757e-13,-1.012523333819841e-15
355.47,-4.461063193366581e-13,-1.012240794910929e-15
355.48,-4.4604607115239913e-13,-1.0119427131555996e-15
355.49,-4.459855911960996e-13,-1.0117398235124696e-15
355.5,-4.4592473132546906e-13,-1.0114574542570764e-15
355.51,-4.458641821791977e-13,-1.0112555931370856e-15
355.52,-4.4580358877312803e-13,-1.0109303967412452e-15
355.53,-4.4574396205971807e-13,-1.0107665424833735e-15
355.54,-4.456833712766794e-13,-1.0104332872520913e-15
355.55,-4.4562288211148187e-13,-1.0102238942142584e-15
355.56,-4.455626503594978e-13,-1.0099484088685984e-15
355.57,-4.455021766977572e-13,-1.00979804992652e-15
355.58,-4.454418573068052e-13,-1.0094345067927963e-15
355.59,-4.45381480182186e-13,-1.0092122242935126e-15
355.6,-4.453212078236525e-13,-1.0089495236460124e-15
355.61,-4.4526107639330605e-13,-1.0087115568346123e-15
355.62,-4.4520071776388047e-13,-1.0084001587594103e-15
355.63,-4.451403291687534e-13,-1.0082443819522734e-15
355.64,-4.4508011440575423e-13,-1.007871115601038e-15
355.65,-4.450198107365312e-13,-1.007665169750628e-15
355.66,-4.44959429015188e-13,-1.0074997669199288e-15
355.67,-4.4489933584862476e-13,-1.0071879983145502e-15
355.68,-4.4483908551470774e-13,-1.006939024922028e-15
355.69,-4.447789311650793e-13,-1.0066919710632678e-15
355.7,-4.447185630483782e-13,-1.0064706353657215e-15
355.71,-4.4465818066914827e-13,-1.0062079184710458e-15
355.72,-4.445979938894481e-13,-1.005922787582885e-15
355.73,-4.445381919933521e-13,-1.0056780779119632e-15
355.74,-4.4447770317793636e-13,-1.0053860991087273e-15
355.75,-4.4441741350267675e-13,-1.0051856281077641e-15
355.76,-4.4435715198861576e-13,-1.0048688543291686e-15
355.77,-4.4429726697911443e-13,-1.004558009670581e-15
355.78,-4.4423696458359384e-13,-1.0044093835516608e-15
355.79,-4.4417688230964416e-13,-1.0040993980438977e-15
355.8,-4.441171831778787e-13,-1.0040061876900407e-15
355.81,-4.44056677530024e-13,-1.0036485306489301e-15
355.82,-4.43996822535524e-13,-1.0034934379161776e-15
355.83,-4.4393676134742386e-13,-1.0031637734286173e-15
355.84,-4.4387621501460923e-13,-1.0028507964800507e-15
355.85,-4.438165554396683e-13,-1.002590545761575e-15
355.86,-4.437566178979955e-13,-1.0024187913901004e-15
355.87,-4.4369644536186667e-13,-1.002125280610348e-15
355.88,-4.436364811695411e-13,-1.0019242357807192e-15
355.89,-4.4357630974064276e-13,-1.0016108857153193e-15
355.9,-4.435162388429763e-13,-1.0014395061326315e-15
355.91,-4.434561345909187e-13,-1.0011077009926917e-15
355.92,-4.4339645931488813e-13,-1.0008506364299366e-15
355.93,-4.4333707147929094e-13,-1.0008753193654528e-15
355.94,-4.432765217071303e-13,-1.000372371189229e-15
355.95,-4.432165541799456e-13,-1.0002215921855486e-15
355.96,-4.4315572836004456e-13,-9.996492593754126e-16
355.97,-4.430965236371141e-13,-9.99726916131269e-16
355.98,-4.430366529676631e-13,-9.994277248670584e-16
355.99,-4.4297573750930715e-13,-9.989953348944614e-16
356.0,-4.429167160486419e-13,-9.989810479121e-16
356.01,-4.4285701434597565e-13,-9.987476459877335e-16
356.02,-4.4279667756719996e-13,-9.985051846724874e-16
356.03,-4.427371758741481e-13,-9.981946806174246e-16
356.04,-4.426771213036794e-13,-9.979635257496124e-16
356.05,-4.4261733834186263e-13,-9.977623347085702e-16
356.06,-4.425575689764672e-13,-9.974907576856454e-16
356.07,-4.4249772867544834e-13,-9.97354863961966e-16
356.08,-4.4243803748082213e-13,-9.970239611476935e-16
356.09,-4.423782297775689e-13,-9.968203737786132e-16
356.1,-4.423180782828188e-13,-9.964824743986424e-16
356.11,-4.4225883402426124e-13,-9.963065576449079e-16
356.12,-4.4219893903229636e-13,-9.96027465211983e-16
356.13,-4.4213870681981933e-13,-9.957859321405803e-16
356.14,-4.420790751067379e-13,-9.955301143580396e-16
356.15,-4.420181794165896e-13,-9.953685865621395e-16
356.16,-4.419594782958316e-13,-9.950421006093512e-16
356.17,-4.4189993579647275e-13,-9.948428930807547e-16
356.18,-4.4184018532719365e-13,-9.945623484948507e-16
356.19,-4.417804026862283e-13,-9.943264495165935e-16
356.2,-4.417209437840327e-13,-9.941114214129854e-16
356.21,-4.4166108614265415e-13,-9.938567342586005e-16
356.22,-4.4160138092767395e-13,-9.936362552300153e-16
356.23,-4.415416806909492e-13,-9.934276725277567e-16
356.24,-4.4148205746573354e-13,-9.930993021648686e-16
356.25,-4.4142279960585627e-13,-9.930575778865634e-16
356.26,-4.413626359380572e-13,-9.92787820211313e-16
356.27,-4.4130330675752184e-13,-9.924435202678364e-16
356.28,-4.412434378114536e-13,-9.921506599448807e-16
356.29,-4.4118334228509964e-13,-9.91720423807556e-16
356.3,-4.4112416540363253e-13,-9.9172907592425e-16
356.31,-4.4106463387077383e-13,-9.914987140879518e-16
356.32,-4.4100485440189647e-13,-9.91323456165e-16
356.33,-4.409454326198069e-13,-9.910229138902022e-16
356.34,-4.4088592625987965e-13,-9.908320066529387e-16
356.35,-4.4082625962393993e-13,-9.904221313112103e-16
356.36,-4.4076667897843274e-13,-9.903648675709426e-16
356.37,-4.4070662475925047e-13,-9.899942532897552e-16
356.38,-4.4064702117069554e-13,-9.896691517450228e-16
356.39,-4.4058847892902114e-13,-9.89617639427963e-16
356.4,-4.40529286140659e-13,-9.894083031449213e-16
356.41,-4.404692547816819e-13,-9.891363373762157e-16
356.42,-4.40409279951199e-13,-9.888656912243392e-16
356.43,-4.4035027300937607e-13,-9.886672242073788e-16
356.44,-4.402908861079941e-13,-9.884699218184728e-16
356.45,-4.4023113007071417e-13,-9.8813363370669e-16
356.46,-4.401723021927028e-13,-9.8769761312626e-16
356.47,-4.4011287721330184e-13,-9.877166334053451e-16
356.48,-4.4005260981912437e-13,-9.874733907548873e-16
356.49,-4.3999366136450995e-13,-9.872833174759269e-16
356.5,-4.3993410878190996e-13,-9.870935157517073e-16
356.51,-4.3987470065265647e-13,-9.868187287939336e-16
356.52,-4.398154197535418e-13,-9.866063441546842e-16
356.53,-4.397558677056117e-13,-9.862959661038312e-16
356.54,-4.3969648213858577e-13,-9.860501790887277e-16
356.55,-4.3963785241460554e-13,-9.857169504812648e-16
356.56,-4.3957734874060496e-13,-9.85046418195335e-16
356.57,-4.3951868584636193e-13,-9.854376626662216e-16
356.58,-4.3945925339864603e-13,-9.852847838400566e-16
356.59,-4.393999146167414e-13,-9.850068274350389e-16
356.6,-4.393404443999297e-13,-9.847228449619862e-16
356.61,-4.392813541369362e-13,-9.845575719638755e-16
356.62,-4.392220306999467e-13,-9.843103590889074e-16
356.63,-4.3916276125692354e-13,-9.840697281767662e-16
356.64,-4.391018390924347e-13,-9.837552708305276e-16
356.65,-4.390444499968617e-13,-9.83630955925779e-16
356.66,-4.389851000302493e-13,-9.83412108493177e-16
356.67,-4.38925745247928e-13,-9.831883221767605e-16
356.68,-4.388665422399728e-13,-9.829565913828368e-16
356.69,-4.3880745886955814e-13,-9.827485378830933e-16
356.7,-4.3874812287131976e-13,-9.825322903887654e-16
356.71,-4.386888679153818e-13,-9.823000397752776e-16
356.72,-4.386297362287073e-13,-9.82114710618874e-16
356.73,-4.385718225575105e-13,-9.824767951034866e-16
356.74,-4.3851001702143105e-13,-9.811009748423666e-16
356.75,-4.384523370160778e-13,-9.814761418419252e-16
356.76,-4.3839312985487256e-13,-9.812302979172101e-16
356.77,-4.3833391048209214e-13,-9.81021957733521e-16
356.78,-4.3827529058365883e-13,-9.80841683209089e-16
356.79,-4.382156130106746e-13,-9.80589342456367e-16
356.8,-4.381564792616096e-13,-9.803263449836674e-16
356.81,-4.380973245950303e-13,-9.800323239247542e-16
356.82,-4.380383018776619e-13,-9.796642722417217e-16
356.83,-4.3797909727270055e-13,-9.798742177309121e-16
356.84,-4.37920259695798e-13,-9.795302275891006e-16
356.85,-4.378610382506192e-13,-9.792462512419802e-16
356.86,-4.378020564371028e-13,-9.790795009747254e-16
356.87,-4.377433206471611e-13,-9.788745450045275e-16
356.88,-4.376839309186783e-13,-9.78563315955137e-16
356.89,-4.376246820660646e-13,-9.782948232172531e-16
356.9,-4.375657653497734e-13,-9.78139336331596e-16
356.91,-4.3750688994868816e-13,-9.777147633035779e-16
356.92,-4.374481018000488e-13,-9.778220625930842e-16
356.93,-4.3738902876919286e-13,-9.77569088615482e-16
356.94,-4.373300133193435e-13,-9.774680425627303e-16
356.95,-4.3727116753981233e-13,-9.77167260991626e-16
356.96,-4.372124064652179e-13,-9.770014239933033e-16
356.97,-4.3715323205394696e-13,-9.767269764499928e-16
356.98,-4.3709410861494063e-13,-9.765081007626927e-16
356.99,-4.370353489813293e-13,-9.764085617930442e-16
357.0,-4.369767828260461e-13,-9.76170134239175e-16
357.01,-4.369174888182389e-13,-9.75951655379379e-16
357.02,-4.368589352083722e-13,-9.758736704461667e-16
357.03,-4.3679958980632256e-13,-9.75540835332306e-16
357.04,-4.36740742943211e-13,-9.750652766025598e-16
357.05,-4.3668210189470376e-13,-9.749760221633972e-16
357.06,-4.3662302124519157e-13,-9.748467672579166e-16
357.07,-4.3656413511262586e-13,-9.746657330599448e-16
357.08,-4.365051377586036e-13,-9.744699672811046e-16
357.09,-4.3644617813616935e-13,-9.742883558794906e-16
357.1,-4.3638720903496044e-13,-9.739376752200445e-16
357.11,-4.3632886136173664e-13,-9.738743223930488e-16
357.12,-4.3627015113802347e-13,-9.736521820414103e-16
357.13,-4.362113598813032e-13,-9.73439963700187e-16
357.14,-4.3615364459968433e-13,-9.73428879524097e-16
357.15,-4.360938253722527e-13,-9.731033510382661e-16
357.16,-4.360351025057889e-13,-9.728819385777792e-16
357.17,-4.359764267342561e-13,-9.726842017942853e-16
357.18,-4.3591834150770807e-13,-9.727314824796668e-16
357.19,-4.3585863350046657e-13,-9.722502009595088e-16
357.2,-4.3580005935226466e-13,-9.720308887317276e-16
357.21,-4.357412808923883e-13,-9.71835195397185e-16
357.22,-4.35682780847731e-13,-9.717792145913493e-16
357.23,-4.356237020097634e-13,-9.71443070311277e-16
357.24,-4.3556517399676525e-13,-9.712281824305924e-16
357.25,-4.3550673288608607e-13,-9.710629776044774e-16
357.26,-4.354478597528139e-13,-9.70797186706617e-16
357.27,-4.353896734108325e-13,-9.710360402400133e-16
357.28,-4.353303286934712e-13,-9.70504934664048e-16
357.29,-4.3527199955209737e-13,-9.70253695102041e-16
357.3,-4.3521345796136287e-13,-9.703441544193664e-16
357.31,-4.3515465699227437e-13,-9.698473221469517e-16
357.32,-4.3509603126483625e-13,-9.697506064585513e-16
357.33,-4.3503742582305497e-13,-9.695542785368156e-16
357.34,-4.3497914413457087e-13,-9.693666740454625e-16
357.35,-4.3491999711652187e-13,-9.69237328617522e-16
357.36,-4.348612068587088e-13,-9.68819613817505e-16
357.37,-4.348034133541006e-13,-9.685228250188497e-16
357.38,-4.3474439046343026e-13,-9.684715736539758e-16
357.39,-4.3468604714618375e-13,-9.683581286403822e-16
357.4,-4.3462748399550575e-13,-9.681929664330206e-16
357.41,-4.3456886289160917e-13,-9.679996947896562e-16
357.42,-4.3451038829620315e-13,-9.678414350441296e-16
357.43,-4.344516447309725e-13,-9.67565972170578e-16
357.44,-4.343932996505706e-13,-9.67158278409598e-16
357.45,-4.343350877327549e-13,-9.672410997371907e-16
357.46,-4.342761681866762e-13,-9.66801291870822e-16
357.47,-4.34217982334802e-13,-9.668303735764955e-16
357.48,-4.3415922083635695e-13,-9.66560632756116e-16
357.49,-4.3410074825145264e-13,-9.663231766635873e-16
357.5,-4.3404257371299457e-13,-9.663937312889703e-16
357.51,-4.339841310115194e-13,-9.661987523409345e-16
357.52,-4.339256836441579e-13,-9.65881158204522e-16
357.53,-4.3386775117820474e-13,-9.65603790939578e-16
357.54,-4.3380858929623173e-13,-9.656545121456322e-16
357.55,-4.3375081422663755e-13,-9.65620011153082e-16
357.56,-4.336920511372338e-13,-9.652479970176214e-16
357.57,-4.3363372256266893e-13,-9.649777545327235e-16
357.58,-4.335752389754012e-13,-9.647388204780456e-16
357.59,-4.335168748442206e-13,-9.646067396672714e-16
357.6,-4.3345861011377463e-13,-9.644771261580405e-16
357.61,-4.3340022782585236e-13,-9.643738232097482e-16
357.62,-4.3334146599219316e-13,-9.64471016635038e-16
357.63,-4.332837972590466e-13,-9.640661358850353e-16
357.64,-4.332259845253321e-13,-9.636643038203654e-16
357.65,-4.3316694188289853e-13,-9.635097151518459e-16
357.66,-4.3310879770729437e-13,-9.634837162714793e-16
357.67,-4.330504519804695e-13,-9.632837584480807e-16
357.68,-4.3299205577997025e-13,-9.63040109893123e-16
357.69,-4.3293369889908977e-13,-9.629490763037348e-16
357.7,-4.3287550234583736e-13,-9.627423262710659e-16
357.71,-4.3281715770889905e-13,-9.621674835938194e-16
357.72,-4.3275894758588016e-13,-9.622528607648743e-16
357.73,-4.3269994007341364e-13,-9.623417204845107e-16
357.74,-4.3264264931162435e-13,-9.619572229500795e-16
357.75,-4.3258430879965517e-13,-9.618142142705951e-16
357.76,-4.3252622864842945e-13,-9.617434375671304e-16
357.77,-4.3246790425452217e-13,-9.615236321299124e-16
357.78,-4.3240995933990945e-13,-9.614393818813321e-16
357.79,-4.3235151778256566e-13,-9.612002008219835e-16
357.8,-4.3229331112375954e-13,-9.6143205401449e-16
357.81,-4.3223534906316886e-13,-9.607917873247724e-16
357.82,-4.3217733571145014e-13,-9.607784159952594e-16
357.83,-4.32118774096127e-13,-9.604130586023925e-16
357.84,-4.320608469594428e-13,-9.603505575575143e-16
357.85,-4.320028109497029e-13,-9.60204902715375e-16
357.86,-4.31944539713314e-13,-9.599771525952764e-16
357.87,-4.3188648124228343e-13,-9.597889545493657e-16
357.88,-4.3182848944935585e-13,-9.597165122047313e-16
357.89,-4.3177042581276415e-13,-9.596250290931305e-16
357.9,-4.317127887124924e-13,-9.59602028213418e-16
357.91,-4.316541897689485e-13,-9.590738856313496e-16
357.92,-4.3159619868424814e-13,-9.590165830659513e-16
357.93,-4.3153827201058286e-13,-9.587121760466362e-16
357.94,-4.3148029256095287e-13,-9.587098492139385e-16
357.95,-4.314219667458359e-13,-9.585482531154459e-16
357.96,-4.313639191972467e-13,-9.583017796325633e-16
357.97,-4.3130595882112356e-13,-9.58258304831563e-16
357.98,-4.3124809837408565e-13,-9.580594799101767e-16
357.99,-4.311898004784829e-13,-9.57692588363831e-16
358.0,-4.3113199051556547e-13,-9.576237521175077e-16
358.01,-4.310739100857759e-13,-9.57520603359665e-16
358.02,-4.3101606434327916e-13,-9.574061095904518e-16
358.03,-4.309577514341867e-13,-9.570710066288337e-16
358.04,-4.3089983850916395e-13,-9.570444913654915e-16
358.05,-4.308423396727725e-13,-9.569486849064781e-16
358.06,-4.307842328412065e-13,-9.56815139464422e-16
358.07,-4.307266685903758e-13,-9.565977335127331e-16
358.08,-4.306675842201309e-13,-9.561367292821237e-16
358.09,-4.3061034296882683e-13,-9.562870681081e-16
358.1,-4.305525970564263e-13,-9.561313595066613e-16
358.11,-4.30494720713726e-13,-9.560161063182558e-16
358.12,-4.3043602545889103e-13,-9.55420483842803e-16
358.13,-4.3037900209697814e-13,-9.55703216364985e-16
358.14,-4.303212180372021e-13,-9.55567013438911e-16
358.15,-4.3026319223982306e-13,-9.553702702665868e-16
358.16,-4.3020528135784755e-13,-9.552019611762447e-16
358.17,-4.3014795358730356e-13,-9.551152411726939e-16
358.18,-4.300897784090587e-13,-9.549772967250904e-16
358.19,-4.3003211423489783e-13,-9.549136789758748e-16
358.2,-4.2997408704374564e-13,-9.546197375856787e-16
358.21,-4.299159243221485e-13,-9.544116152325195e-16
358.22,-4.298586122646663e-13,-9.544868424682427e-16
358.23,-4.298007005882018e-13,-9.54206149107965e-16
358.24,-4.297430929878306e-13,-9.541403362665104e-16
358.25,-4.2968521326481004e-13,-9.538069070683331e-16
358.26,-4.296271972842682e-13,-9.53544485831912e-16
358.27,-4.295697620570283e-13,-9.535777144404521e-16
358.28,-4.295118271659857e-13,-9.533915516332797e-16
358.29,-4.2945405653386535e-13,-9.533105673339406e-16
358.3,-4.293964996515406e-13,-9.531937910806624e-16
358.31,-4.2933872269426806e-13,-9.531446289114947e-16
358.32,-4.292809312268182e-13,-9.529430791687549e-16
358.33,-4.2922342588726876e-13,-9.527660332060505e-16
358.34,-4.291651494422614e-13,-9.526484043270424e-16
358.35,-4.291076822264127e-13,-9.521746775175342e-16
358.36,-4.2905046936931634e-13,-9.523700946116532e-16
358.37,-4.289929403861125e-13,-9.523473964555812e-16
358.38,-4.2893488667447886e-13,-9.519495892258996e-16
358.39,-4.2887748564239574e-13,-9.519042377136846e-16
358.4,-4.2881978276516194e-13,-9.517014871770877e-16
358.41,-4.287622317776964e-13,-9.516260924932447e-16
358.42,-4.287048896652384e-13,-9.513098520046296e-16
358.43,-4.286479872735692e-13,-9.514109943550583e-16
358.44,-4.285898765290527e-13,-9.51254650216441e-16
358.45,-4.285317563044538e-13,-9.51115847838144e-16
358.46,-4.284741801310029e-13,-9.508671249890413e-16
358.47,-4.284166415444521e-13,-9.507429684106551e-16
358.48,-4.2835912827774185e-13,-9.50554462670004e-16
358.49,-4.2830158585572414e-13,-9.504901389898906e-16
358.5,-4.2824407502695827e-13,-9.502646874240947e-16
358.51,-4.2818638072240245e-13,-9.501126382302177e-16
358.52,-4.2812894612384595e-13,-9.506801386107413e-16
358.53,-4.280716219049739e-13,-9.492566670034669e-16
358.54,-4.2801403896183375e-13,-9.497598247773634e-16
358.55,-4.2795642489362493e-13,-9.49638253616796e-16
358.56,-4.278987508220977e-13,-9.49498304831315e-16
358.57,-4.278413084545706e-13,-9.493398039500695e-16
358.58,-4.2778431336277395e-13,-9.49232206122862e-16
358.59,-4.27726385605173e-13,-9.490869576196674e-16
358.6,-4.2766900976465707e-13,-9.488867241377379e-16
358.61,-4.276100985748542e-13,-9.479439850853526e-16
358.62,-4.2755458299760933e-13,-9.491534545997517e-16
358.63,-4.2749683309902527e-13,-9.485773284756918e-16
358.64,-4.2743943734394425e-13,-9.48549526900308e-16
358.65,-4.273819091517171e-13,-9.483162237138803e-16
358.66,-4.2732464457175415e-13,-9.481581801690582e-16
358.67,-4.2726722809095223e-13,-9.480197188487413e-16
358.68,-4.2720977858998847e-13,-9.479056605473257e-16
358.69,-4.271523365847794e-13,-9.477501637863476e-16
358.7,-4.2709433120347137e-13,-9.476616752398656e-16
358.71,-4.270377117373469e-13,-9.474500924763691e-16
358.72,-4.2698030791839875e-13,-9.474105610017015e-16
358.73,-4.269229077310872e-13,-9.472472042113504e-16
358.74,-4.268655531088885e-13,-9.471243079488931e-16
358.75,-4.268083730070555e-13,-9.47162273455571e-16
358.76,-4.267509186220979e-13,-9.469110107352963e-16
358.77,-4.2669381273187144e-13,-9.467666823836898e-16
358.78,-4.2663642176708947e-13,-9.465920348317248e-16
358.79,-4.265793344645507e-13,-9.465531612952536e-16
358.8,-4.265212558148833e-13,-9.462277136819462e-16
358.81,-4.264644163544738e-13,-9.462438821122848e-16
358.82,-4.264073072575327e-13,-9.46067679058496e-16
358.83,-4.2635000841234877e-13,-9.460269974246228e-16
358.84,-4.262926562026712e-13,-9.459961236275403e-16
358.85,-4.262355690155281e-13,-9.45762731291498e-16
358.86,-4.2617842501362486e-13,-9.453794001413306e-16
358.87,-4.2612101023943947e-13,-9.45422481851051e-16
358.88,-4.2606381628418907e-13,-9.454923819000489e-16
358.89,-4.2600678171321244e-13,-9.45390150549158e-16
358.9,-4.2594953622180466e-13,-9.451358260991536e-16
358.91,-4.2589212293555584e-13,-9.452361690893952e-16
358.92,-4.258352395940289e-13,-9.449533545272182e-16
358.93,-4.2577822536662137e-13,-9.448369565356508e-16
358.94,-4.2572076581896473e-13,-9.447245595599216e-16
358.95,-4.2566368787125837e-13,-9.444577617221305e-16
358.96,-4.2560664150921227e-13,-9.444387684633943e-16
358.97,-4.255499020257503e-13,-9.445470533629169e-16
358.98,-4.254921887426247e-13,-9.440456745349253e-16
358.99,-4.254350895199954e-13,-9.44143563979983e-16
359.0,-4.2537814320212354e-13,-9.43902170469568e-16
359.01,-4.253211589669235e-13,-9.437834600172574e-16
359.02,-4.2526362645381846e-13,-9.437738559613211e-16
359.03,-4.2520682098094155e-13,-9.435274954077086e-16
359.04,-4.2514977150749935e-13,-9.434075991243397e-16
359.05,-4.25092726369122e-13,-9.433412842276295e-16
359.06,-4.250351261645937e-13,-9.43226596748251e-16
359.07,-4.249782827265483e-13,-9.430412534500171e-16
359.08,-4.2492146642906566e-13,-9.429869019178604e-16
359.09,-4.2486454019657054e-13,-9.428077318611726e-16
359.1,-4.248075150771063e-13,-9.427535432088845e-16
359.11,-4.2475053542899283e-13,-9.43032050784043e-16
359.12,-4.2469363644175853e-13,-9.426036482104737e-16
359.13,-4.2463646780804805e-13,-9.423361018514675e-16
359.14,-4.2457951528353805e-13,-9.423262516960852e-16
359.15,-4.2452264488614414e-13,-9.421427840774574e-16
359.16,-4.2446560242620767e-13,-9.42018964718141e-16
359.17,-4.2440856711170855e-13,-9.419705639755628e-16
359.18,-4.2435150199167276e-13,-9.417899262454274e-16
359.19,-4.2429487124859576e-13,-9.416976955267886e-16
359.2,-4.2423763889493773e-13,-9.41530745669885e-16
359.21,-4.24181088117983e-13,-9.415062751662004e-16
359.22,-4.241239079576321e-13,-9.415066798779526e-16
359.23,-4.2406710237373434e-13,-9.412221362525383e-16
359.24,-4.240094453246079e-13,-9.412825398604275e-16
359.25,-4.2395330736109366e-13,-9.410365362923246e-16
359.26,-4.2389632023309933e-13,-9.409493814723794e-16
359.27,-4.238393488362929e-13,-9.408316312221844e-16
359.28,-4.2378262703902176e-13,-9.40716202977349e-16
359.29,-4.237257871880863e-13,-9.405683316388058e-16
359.3,-4.236688432274135e-13,-9.404288018343444e-16
359.31,-4.2361207885978593e-13,-9.404381166407424e-16
359.32,-4.235554031266944e-13,-9.401716392508789e-16
359.33,-4.234987037769555e-13,-9.399918205599551e-16
359.34,-4.2344149764115723e-13,-9.400013877323336e-16
359.35,-4.233847870994112e-13,-9.398582168507138e-16
359.36,-4.2332799425698374e-13,-9.397307999534886e-16
359.37,-4.2327113717052975e-13,-9.397072739187053e-16
359.38,-4.232144259401686e-13,-9.395578179673895e-16
359.39,-4.231578414975009e-13,-9.39373504808955e-16
359.4,-4.2310090570615107e-13,-9.393791654253394e-16
359.41,-4.2304404890913123e-13,-9.39288660470792e-16
359.42,-4.229877105610267e-13,-9.392651596337964e-16
359.43,-4.22930621662585e-13,-9.391245374049223e-16
359.44,-4.2287406092444587e-13,-9.389762772152784e-16
359.45,-4.2281710866145646e-13,-9.388579950332032e-16
359.46,-4.227604684647199e-13,-9.387096436307275e-16
359.47,-4.2270370925999274e-13,-9.38563529153558e-16
359.48,-4.226470535125561e-13,-9.385149755802102e-16
359.49,-4.2259055960601734e-13,-9.383941925574672e-16
359.5,-4.2253401330248865e-13,-9.383015140270109e-16
359.51,-4.224769520478137e-13,-9.381878755228443e-16
359.52,-4.2242033944382226e-13,-9.380656360921977e-16
359.53,-4.2236378864370664e-13,-9.379665904504707e-16
359.54,-4.22307246118872e-13,-9.378858297005327e-16
359.55,-4.2225069301392824e-13,-9.377510016352646e-16
359.56,-4.221939361400049e-13,-9.376598881902172e-16
359.57,-4.2213739602349104e-13,-9.375672492589925e-16
359.58,-4.220805966592881e-13,-9.374809552644585e-16
359.59,-4.2202417716141485e-13,-9.373287257876514e-16
359.6,-4.2196726431368513e-13,-9.374637318398754e-16
359.61,-4.2191083527832237e-13,-9.37075562940914e-16
359.62,-4.2185444834596533e-13,-9.370146408541825e-16
359.63,-4.2179781226670884e-13,-9.369506025109731e-16
359.64,-4.2174123114401343e-13,-9.368717035489455e-16
359.65,-4.216847089384802e-13,-9.367066499732752e-16
359.66,-4.2162796183304835e-13,-9.366064519780024e-16
359.67,-4.215715744952745e-13,-9.364411386349948e-16
359.68,-4.215149816744451e-13,-9.363691417619698e-16
359.69,-4.214587881855438e-13,-9.36458814198464e-16
359.7,-4.214023875902602e-13,-9.361916923160702e-16
359.71,-4.2134565519410853e-13,-9.360937168509786e-16
359.72,-4.2128930723120495e-13,-9.35955332291496e-16
359.73,-4.2123257878380744e-13,-9.35964138060455e-16
359.74,-4.2117615729615763e-13,-9.357893203999896e-16
359.75,-4.2111954144608966e-13,-9.357599950614624e-16
359.76,-4.210629889964281e-13,-9.355847801595858e-16
359.77,-4.2100672370535285e-13,-9.354134207656709e-16
359.78,-4.209502961354975e-13,-9.354740927892414e-16
359.79,-4.208941681229111e-13,-9.35309568213345e-16
359.8,-4.2083771133652023e-13,-9.351446958700635e-16
359.81,-4.2078115860067737e-13,-9.351515743331778e-16
359.82,-4.207246599302186e-13,-9.349118618985647e-16
359.83,-4.2066834972243327e-13,-9.348708473216101e-16
359.84,-4.206119262555946e-13,-9.346797601026317e-16
359.85,-4.2055557588458136e-13,-9.347945119872392e-16
359.86,-4.2049928632967183e-13,-9.345223090818115e-16
359.87,-4.204431069929493e-13,-9.347549732502376e-16
359.88,-4.2038648437491834e-13,-9.342978756762023e-16
359.89,-4.203300859546577e-13,-9.342494290373154e-16
359.9,-4.2027380531753376e-13,-9.343248951696564e-16
359.91,-4.202174448704609e-13,-9.341211043909742e-16
359.92,-4.2016116328355796e-13,-9.3390971371203e-16
359.93,-4.20105080751759e-13,-9.338297581759596e-16
359.94,-4.2004840065912956e-13,-9.33725270458234e-16
359.95,-4.199919991095257e-13,-9.336843182011747e-16
359.96,-4.1993606165297455e-13,-9.33487681435132e-16
359.97,-4.198796745643673e-13,-9.33484462482266e-16
359.98,-4.1982361920966023e-13,-9.333385234543692e-16
359.99,-4.197672373580198e-13,-9.333063705354352e-16
360.0,-4.1971138578342583e-13,-9.330634448083746e-16
360.01,-4.196546494100126e-13,-9.330647789309145e-16
360.02,-4.195986225924844e-13,-9.329253963310334e-16
360.03,-4.1954213532938196e-13,-9.328498570571769e-16
360.04,-4.1948603991309784e-13,-9.327518183064066e-16
360.05,-4.194294705625122e-13,-9.323498156951055e-16
360.06,-4.19373656098636e-13,-9.32567419366488e-16
360.07,-4.1931742388222106e-13,-9.32545104187826e-16
360.08,-4.1926131230488173e-13,-9.323433378088837e-16
360.09,-4.192052655960564e-13,-9.325307737989181e-16
360.1,-4.191487522213659e-13,-9.322382986140099e-16
360.11,-4.1909279069544463e-13,-9.321429854076143e-16
360.12,-4.190367428053437e-13,-9.319429377800377e-16
360.13,-4.1898039730743237e-13,-9.319204857723856e-16
360.14,-4.1892415283205096e-13,-9.317729967545825e-16
360.15,-4.188681915673826e-13,-9.316459444885655e-16
360.16,-4.188118513310279e-13,-9.316742624579837e-16
360.17,-4.187558712635274e-13,-9.314831447752221e-16
360.18,-4.1869977333058165e-13,-9.313159889025758e-16
360.19,-4.186438117752259e-13,-9.31277803010307e-16
360.2,-4.1858715764822065e-13,-9.311455125233966e-16
360.21,-4.185317349745675e-13,-9.3113636632943e-16
360.22,-4.1847552865294085e-13,-9.31041259936049e-16
360.23,-4.1841971543863035e-13,-9.305427337377506e-16
360.24,-4.1836346724282127e-13,-9.307587796624154e-16
360.25,-4.183074723217048e-13,-9.306818870346042e-16
360.26,-4.182515344724436e-13,-9.304998218216245e-16
360.27,-4.1819557049304645e-13,-9.30411037557382e-16
360.28,-4.181392319507497e-13,-9.303900795842233e-16
360.29,-4.180832226677434e-13,-9.302138505648645e-16
360.3,-4.18027505501984e-13,-9.3015314100054e-16
360.31,-4.179707191438793e-13,-9.300014655985968e-16
360.32,-4.1791493678570945e-13,-9.298483884445156e-16
360.33,-4.1785959112730004e-13,-9.2994618020536e-16
360.34,-4.1780377496712533e-13,-9.298660652971004e-16
360.35,-4.1774755015697334e-13,-9.297307851024252e-16
360.36,-4.1769153446770707e-13,-9.296338517214639e-16
360.37,-4.176356882817707e-13,-9.295679207726861e-16
360.38,-4.175796928497958e-13,-9.294240532741345e-16
360.39,-4.175241818948252e-13,-9.292746063803306e-16
360.4,-4.174682150824402e-13,-9.292244185169166e-16
360.41,-4.1741237341212816e-13,-9.289597971107836e-16
360.42,-4.1735602808345324e-13,-9.290038251019607e-16
360.43,-4.17300320979885e-13,-9.289046425490943e-16
360.44,-4.1724423125287117e-13,-9.28869471123194e-16
360.45,-4.1718851874957986e-13,-9.28724474157112e-16
360.46,-4.171325893291396e-13,-9.286539298314893e-16
360.47,-4.17076978310004e-13,-9.286030566667142e-16
360.48,-4.170211460985726e-13,-9.284066811651308e-16
360.49,-4.169636858262182e-13,-9.281993983638148e-16
360.5,-4.1691088225184334e-13,-9.28477556261612e-16
360.51,-4.1685354360293796e-13,-9.281624187783738e-16
360.52,-4.1679788828411496e-13,-9.280013012303667e-16
360.53,-4.167416990404093e-13,-9.279252394249582e-16
360.54,-4.166862589935848e-13,-9.27804294826207e-16
360.55,-4.166306756649717e-13,-9.27933438639197e-16
360.56,-4.1657458925001255e-13,-9.275213298777355e-16
360.57,-4.165186019892193e-13,-9.275739565431264e-16
360.58,-4.1646238678061074e-13,-9.280139495797952e-16
360.59,-4.164091655519713e-13,-9.27622450318464e-16
360.6,-4.1635151926807775e-13,-9.272739212451835e-16
360.61,-4.162957088766936e-13,-9.271786679874057e-16
360.62,-4.162400996569372e-13,-9.271043305237431e-16
360.63,-4.161842960096074e-13,-9.26977197311479e-16
360.64,-4.161288078971034e-13,-9.269016784580994e-16
360.65,-4.160730628091147e-13,-9.267673411756973e-16
360.66,-4.1601743429101755e-13,-9.26641470791242e-16
360.67,-4.15960373336753e-13,-9.260700631153786e-16
360.68,-4.1590672902542666e-13,-9.264128566387409e-16
360.69,-4.158503422023159e-13,-9.26359021475342e-16
360.7,-4.1579472069569004e-13,-9.2630031053371e-16
360.71,-4.1573897979000534e-13,-9.261389220444505e-16
360.72,-4.156828315088529e-13,-9.261086950390319e-16
360.73,-4.1562783969190824e-13,-9.25840248060541e-16
360.74,-4.155723539544359e-13,-9.25930130452269e-16
360.75,-4.155166489473714e-13,-9.25737811145203e-16
360.76,-4.154611671597391e-13,-9.256574505830004e-16
360.77,-4.154050230580216e-13,-9.255112972875462e-16
360.78,-4.1534969549748247e-13,-9.255352429916147e-16
360.79,-4.152941599004659e-13,-9.25389186557299e-16
360.8,-4.152384463078254e-13,-9.25249692453653e-16
360.81,-4.1518235296127554e-13,-9.25198833554459e-16
360.82,-4.151275027923493e-13,-9.250269586622557e-16
360.83,-4.150716682177539e-13,-9.249402239281362e-16
360.84,-4.150167027088388e-13,-9.24902559963936e-16
360.85,-4.1496067477149284e-13,-9.248520397809344e-16
360.86,-4.1490542106996326e-13,-9.24556851985989e-16
360.87,-4.1484978536903277e-13,-9.24594950689173e-16
360.88,-4.1479438689544967e-13,-9.244029897083392e-16
360.89,-4.147389793229654e-13,-9.244194878837205e-16
360.9,-4.1468359560434023e-13,-9.24241223149051e-16
360.91,-4.14628013912777e-13,-9.242223944268656e-16
360.92,-4.1457272196335936e-13,-9.240821194424631e-16
360.93,-4.1451697810300556e-13,-9.239781018469977e-16
360.94,-4.1446161264904176e-13,-9.236753938715872e-16
360.95,-4.1440597706085173e-13,-9.235420176543973e-16
360.96,-4.1435055958667677e-13,-9.23618389521611e-16
360.97,-4.142952883195695e-13,-9.235313099759096e-16
360.98,-4.1424002145302765e-13,-9.23561148151818e-16
360.99,-4.141839673564861e-13,-9.233271719732932e-16
361.0,-4.1412908476908063e-13,-9.232498646041153e-16
361.01,-4.1407388034347254e-13,-9.231560965729268e-16
361.02,-4.1401825082033157e-13,-9.2291569399487e-16
361.03,-4.1396484413374017e-13,-9.22899772088943e-16
361.04,-4.1390762666071956e-13,-9.228475368823738e-16
361.05,-4.138521866989529e-13,-9.226996222773598e-16
361.06,-4.137970702835702e-13,-9.226389210680634e-16
361.07,-4.1374154808756064e-13,-9.225150718442343e-16
361.08,-4.136861529268846e-13,-9.223967442376832e-16
361.09,-4.1363096676702414e-13,-9.22238948394223e-16
361.1,-4.135755102235303e-13,-9.222431178581931e-16
361.11,-4.1352030253469946e-13,-9.221780242800835e-16
361.12,-4.134650613860118e-13,-9.220457071546091e-16
361.13,-4.1340983438402776e-13,-9.219417511096769e-16
361.14,-4.1335433766751713e-13,-9.218149079710793e-16
361.15,-4.132992887079463e-13,-9.216105176904246e-16
361.16,-4.1324385946899523e-13,-9.215815172369528e-16
361.17,-4.131886424028503e-13,-9.214171074755524e-16
361.18,-4.1313299330352264e-13,-9.214936893195905e-16
361.19,-4.130782232411434e-13,-9.213031401194562e-16
361.2,-4.1302306017919065e-13,-9.213092117746861e-16
361.21,-4.129674486802305e-13,-9.211582899198238e-16
361.22,-4.12912716889215e-13,-9.20833679441268e-16
361.23,-4.128572024772834e-13,-9.20850519983756e-16
361.24,-4.128021220020215e-13,-9.206148844674582e-16
361.25,-4.1274695370971157e-13,-9.206295448173142e-16
361.26,-4.1269165778733044e-13,-9.204930260352602e-16
361.27,-4.1263643970418133e-13,-9.204050844566547e-16
361.28,-4.125805711008882e-13,-9.202609221466204e-16
361.29,-4.125264187789103e-13,-9.200491970364245e-16
361.3,-4.1247225800151865e-13,-9.202031467101129e-16
361.31,-4.124156056961102e-13,-9.197950627288732e-16
361.32,-4.123610408777501e-13,-9.20048661171899e-16
361.33,-4.123058317877604e-13,-9.197323117793407e-16
361.34,-4.122507202316195e-13,-9.196452564835477e-16
361.35,-4.121955517309609e-13,-9.196074789639511e-16
361.36,-4.121410159550144e-13,-9.195397554682556e-16
361.37,-4.120853633521079e-13,-9.193409625814987e-16
361.38,-4.1203112735977035e-13,-9.191844255773822e-16
361.39,-4.1197555765022925e-13,-9.191948171702928e-16
361.4,-4.119199160798712e-13,-9.193251805309292e-16
361.41,-4.118651477801508e-13,-9.18960590167671e-16
361.42,-4.118100094404988e-13,-9.187804244481814e-16
361.43,-4.117549739514614e-13,-9.18661504028525e-16
361.44,-4.11700301605736e-13,-9.187004063731503e-16
361.45,-4.1164519631872576e-13,-9.185544191187419e-16
361.46,-4.1159016419610346e-13,-9.184106473386077e-16
361.47,-4.1153486588318077e-13,-9.1854163012511e-16
361.48,-4.114800597447348e-13,-9.180965055976875e-16
361.49,-4.114255326848166e-13,-9.178599278768666e-16
361.5,-4.113704373791201e-13,-9.178719878360992e-16
361.51,-4.113152796277565e-13,-9.17834320291549e-16
361.52,-4.1126049155891214e-13,-9.177305903542383e-16
361.53,-4.1120546421132327e-13,-9.176057618690765e-16
361.54,-4.11150467554819e-13,-9.17509865689088e-16
361.55,-4.110954196627773e-13,-9.17294954603795e-16
361.56,-4.110399483013116e-13,-9.16915144336549e-16
361.57,-4.1098589488228485e-13,-9.172396921997873e-16
361.58,-4.1093052204702786e-13,-9.164823753302464e-16
361.59,-4.1087590074755985e-13,-9.169594613850557e-16
361.6,-4.1082071334637896e-13,-9.167677177892484e-16
361.61,-4.107662286104947e-13,-9.166942869067042e-16
361.62,-4.1071124749932127e-13,-9.16616907469747e-16
361.63,-4.106563119225009e-13,-9.164820077932617e-16
361.64,-4.106015559188346e-13,-9.164010638167022e-16
361.65,-4.105475073476075e-13,-9.161094210666446e-16
361.66,-4.104919621262896e-13,-9.161455483844434e-16
361.67,-4.104378362793229e-13,-9.166419136304768e-16
361.68,-4.103824016262119e-13,-9.159285321611702e-16
361.69,-4.103275664512963e-13,-9.157594960733159e-16
361.7,-4.102727304724438e-13,-9.156840321263631e-16
361.71,-4.102180146066401e-13,-9.15614649102792e-16
361.72,-4.101628507634121e-13,-9.153989353950279e-16
361.73,-4.101080002247791e-13,-9.152168756323533e-16
361.74,-4.100531976770981e-13,-9.153111467930604e-16
361.75,-4.0999868498492763e-13,-9.150323796259223e-16
361.76,-4.09944801685173e-13,-9.149569440068649e-16
361.77,-4.098905179997252e-13,-9.150170548364723e-16
361.78,-4.0983457858278636e-13,-9.147700254482657e-16
361.79,-4.097799750404703e-13,-9.146429819459184e-16
361.8,-4.097252509304804e-13,-9.14576312408646e-16
361.81,-4.096704896410801e-13,-9.142880955445334e-16
361.82,-4.0961584578374496e-13,-9.142904245673585e-16
361.83,-4.0956097575632725e-13,-9.141854384142227e-16
361.84,-4.0950704762251985e-13,-9.139796053329963e-16
361.85,-4.09451616082034e-13,-9.139906678374094e-16
361.86,-4.0939729112458084e-13,-9.138526316745982e-16
361.87,-4.093421134112863e-13,-9.137687748559014e-16
361.88,-4.092879283090022e-13,-9.136027021932292e-16
361.89,-4.092331627899553e-13,-9.13495901099004e-16
361.9,-4.091786899421021e-13,-9.133594679473001e-16
361.91,-4.091241233047887e-13,-9.13230462310868e-16
361.92,-4.0906954194700307e-13,-9.129686131179402e-16
361.93,-4.090149480983638e-13,-9.129990972966664e-16
361.94,-4.089598301215806e-13,-9.129126743647634e-16
361.95,-4.089057588419856e-13,-9.127600138525467e-16
361.96,-4.088509949514656e-13,-9.127196678558382e-16
361.97,-4.087969547698238e-13,-9.125687235946924e-16
361.98,-4.087418808148317e-13,-9.123892169045133e-16
361.99,-4.086876327405812e-13,-9.123361200947456e-16
362.0,-4.086328596179073e-13,-9.121277156095671e-16
362.01,-4.0857888465615106e-13,-9.121009788516155e-16
362.02,-4.0852173836915746e-13,-9.114590395074757e-16
362.03,-4.0846938490527444e-13,-9.11906092141174e-16
362.04,-4.084147295001542e-13,-9.116375265808936e-16
362.05,-4.083603007586936e-13,-9.114998420670327e-16
362.06,-4.0830541306946244e-13,-9.113281598307419e-16
362.07,-4.082513609972194e-13,-9.113286142229474e-16
362.08,-4.0819698380220943e-13,-9.113206852069291e-16
362.09,-4.0814261921793993e-13,-9.112845878889789e-16
362.1,-4.080879333940106e-13,-9.107652355775184e-16
362.11,-4.0803367188721715e-13,-9.107395417883841e-16
362.12,-4.079794464707405e-13,-9.10658154956362e-16
362.13,-4.0792467777443215e-13,-9.105375619022941e-16
362.14,-4.078704973798026e-13,-9.10398903942866e-16
362.15,-4.078161933792418e-13,-9.103201365485722e-16
362.16,-4.0776144947747707e-13,-9.101659833973509e-16
362.17,-4.077069887607632e-13,-9.09965564262229e-16
362.18,-4.0765278306252774e-13,-9.098914915796579e-16
362.19,-4.0759868529510933e-13,-9.096645053685391e-16
362.2,-4.0754418662206046e-13,-9.09662619922618e-16
362.21,-4.0749003987115744e-13,-9.096622224637213e-16
362.22,-4.0743550602923694e-13,-9.094395928268658e-16
362.23,-4.0738139419312185e-13,-9.09338603823801e-16
362.24,-4.073269228796261e-13,-9.09234585963456e-16
362.25,-4.072722496633173e-13,-9.090018725695588e-16
362.26,-4.0721815429890283e-13,-9.089928202751347e-16
362.27,-4.071638919346607e-13,-9.087686787762853e-16
362.28,-4.0710919179941154e-13,-9.087445606003378e-16
362.29,-4.070554530009659e-13,-9.082557784850041e-16
362.3,-4.070008201204625e-13,-9.084638304444441e-16
362.31,-4.0694680393142094e-13,-9.083438741856015e-16
362.32,-4.0689231577281983e-13,-9.080576863784753e-16
362.33,-4.068382903319329e-13,-9.079776599199796e-16
362.34,-4.067837591439192e-13,-9.078176255629888e-16
362.35,-4.067296613371368e-13,-9.076991459382111e-16
362.36,-4.066756952785676e-13,-9.077004097128458e-16
362.37,-4.0662112940486856e-13,-9.074624470526298e-16
362.38,-4.065661356608562e-13,-9.070859862485716e-16
362.39,-4.06512881906938e-13,-9.07349361578027e-16
362.4,-4.06458662421684e-13,-9.071258654037352e-16
362.41,-4.064043698110475e-13,-9.068451828666578e-16
362.42,-4.063504404174917e-13,-9.067867121492011e-16
362.43,-4.062961951295969e-13,-9.067443555117453e-16
362.44,-4.062421668922863e-13,-9.065918719338121e-16
362.45,-4.0618804956375476e-13,-9.064464431476878e-16
362.46,-4.0613388252285403e-13,-9.057202694308903e-16
362.47,-4.0608074449196556e-13,-9.068822754329756e-16
362.48,-4.060256721052664e-13,-9.060373839436075e-16
362.49,-4.0597151535008084e-13,-9.059098220198176e-16
362.5,-4.0591713279297923e-13,-9.056497455357496e-16
362.51,-4.058628543412257e-13,-9.05501673601226e-16
362.52,-4.0580919490467623e-13,-9.055197087679312e-16
362.53,-4.057553543032705e-13,-9.054288380757898e-16
362.54,-4.0570104073444085e-13,-9.052565598420463e-16
362.55,-4.05645605841293e-13,-9.052021635378708e-16
362.56,-4.055940059555765e-13,-9.056190907861686e-16
362.57,-4.0553889672343993e-13,-9.048108665381542e-16
362.58,-4.054848482882359e-13,-9.047510725734912e-16
362.59,-4.0543085657830196e-13,-9.045769432686642e-16
362.6,-4.0537667868100076e-13,-9.043623880972513e-16
362.61,-4.053228964608314e-13,-9.042556504019237e-16
362.62,-4.052687348279217e-13,-9.042177223696484e-16
362.63,-4.0521509955164636e-13,-9.040757673652762e-16
362.64,-4.051611327551777e-13,-9.04051409160522e-16
362.65,-4.051069391886911e-13,-9.038556667706e-16
362.66,-4.0505290193594123e-13,-9.036696852621679e-16
362.67,-4.0499903428261375e-13,-9.034906747719842e-16
362.68,-4.0494508097674347e-13,-9.033311618591172e-16
362.69,-4.048912692183392e-13,-9.0322516409248e-16
362.7,-4.048376649163696e-13,-9.031441104610466e-16
362.71,-4.0478362042152334e-13,-9.030087582107042e-16
362.72,-4.0472936260790104e-13,-9.028475480980843e-16
362.73,-4.0467566813135617e-13,-9.026899958500892e-16
362.74,-4.046213903441482e-13,-9.022992022974308e-16
362.75,-4.045676530606253e-13,-9.023872068599734e-16
362.76,-4.045138025696645e-13,-9.022383232533657e-16
362.77,-4.0446021927859093e-13,-9.021786123645185e-16
362.78,-4.044061617667023e-13,-9.019441331244065e-16
362.79,-4.0435227411274483e-13,-9.019145874334642e-16
362.8,-4.042983874259956e-13,-9.015541684462594e-16
362.81,-4.042447060714593e-13,-9.015713599752354e-16
362.82,-4.041903055185295e-13,-9.015132889041698e-16
362.83,-4.0413661987614713e-13,-9.01284891711203e-16
362.84,-4.040833633828539e-13,-9.011167202097338e-16
362.85,-4.0402954603185283e-13,-9.01031013995067e-16
362.86,-4.0397576027365746e-13,-9.00872488067168e-16
362.87,-4.0392192814454564e-13,-9.007117934765335e-16
362.88,-4.0386814147256004e-13,-9.004878705844216e-16
362.89,-4.038143984560709e-13,-9.003488403228097e-16
362.9,-4.037606601064599e-13,-9.00226731983851e-16
362.91,-4.0370703982159387e-13,-8.999367601283196e-16
362.92,-4.036535772077735e-13,-8.9996712859891e-16
362.93,-4.035994486759146e-13,-8.997201104630824e-16
362.94,-4.0354545763122843e-13,-8.995542343205101e-16
362.95,-4.034920484302426e-13,-8.99481384064505e-16
362.96,-4.034389609768877e-13,-8.996646390959544e-16
362.97,-4.033846056641248e-13,-8.992993505059497e-16
362.98,-4.0333105990121103e-13,-8.991772357598543e-16
362.99,-4.0327710904326187e-13,-8.988985784261078e-16
363.0,-4.032253213544164e-13,-8.9966167362388e-16
363.01,-4.0316983535836795e-13,-8.985870267955348e-16
363.02,-4.0311628869076843e-13,-8.984324255339141e-16
363.03,-4.030628541314971e-13,-8.983712788988228e-16
363.04,-4.0300906102939846e-13,-8.98252037357191e-16
363.05,-4.0295526498707444e-13,-8.98010048222156e-16
363.06,-4.0290204566138745e-13,-8.97949610963503e-16
363.07,-4.0284798938964614e-13,-8.97619214867525e-16
363.08,-4.0279474159635945e-13,-8.975948100855685e-16
363.09,-4.0274117100725566e-13,-8.974183400858377e-16
363.1,-4.0268753162345585e-13,-8.972364835537212e-16
363.11,-4.0263392446671823e-13,-8.971716340028881e-16
363.12,-4.025805910158694e-13,-8.970996893543185e-16
363.13,-4.025269008592922e-13,-8.96964321637748e-16
363.14,-4.024731623176851e-13,-8.966381111870906e-16
363.15,-4.024200118953582e-13,-8.968047944856296e-16
363.16,-4.0236626519691545e-13,-8.964546910503627e-16
363.17,-4.0231267433533196e-13,-8.963145924062399e-16
363.18,-4.022590542038935e-13,-8.960437826119786e-16
363.19,-4.0220587053469675e-13,-8.959158961011884e-16
363.2,-4.021522730490208e-13,-8.95861332013976e-16
363.21,-4.020988598965124e-13,-8.957636511918553e-16
363.22,-4.020452844503826e-13,-8.955562939025089e-16
363.23,-4.0199183361403714e-13,-8.953490577705501e-16
363.24,-4.0193829768750864e-13,-8.952021274069204e-16
363.25,-4.018843691418135e-13,-8.948170657106112e-16
363.26,-4.0183144215946885e-13,-8.949101455883752e-16
363.27,-4.0177777033080284e-13,-8.945767606777455e-16
363.28,-4.01724587285449e-13,-8.946519621595918e-16
363.29,-4.016712659837922e-13,-8.944025159949607e-16
363.3,-4.016179556011802e-13,-8.943625534301172e-16
363.31,-4.015646124209513e-13,-8.941791098433857e-16
363.32,-4.015110532371062e-13,-8.939876366359015e-16
363.33,-4.014576473814461e-13,-8.938476548247308e-16
363.34,-4.0140443230140166e-13,-8.937605310973285e-16
363.35,-4.0135118668668636e-13,-8.936310330197685e-16
363.36,-4.012979468033473e-13,-8.936298626064916e-16
363.37,-4.012442890617266e-13,-8.932554435631069e-16
363.38,-4.011912473818949e-13,-8.931525224431841e-16
363.39,-4.011378147226638e-13,-8.930183679687569e-16
363.4,-4.010844844135982e-13,-8.92830203998049e-16
363.41,-4.0103111253298387e-13,-8.927406357845546e-16
363.42,-4.009777921049977e-13,-8.925119366799635e-16
363.43,-4.0092449720068216e-13,-8.9232368233635e-16
363.44,-4.008713056883997e-13,-8.922332959651716e-16
363.45,-4.0081818716615883e-13,-8.920673118712747e-16
363.46,-4.007648845837861e-13,-8.919636648665446e-16
363.47,-4.0071150298738795e-13,-8.91797841876296e-16
363.48,-4.0065832442419553e-13,-8.915831766671711e-16
363.49,-4.006051695376802e-13,-8.914726519228745e-16
363.5,-4.0055192295073207e-13,-8.913058827775529e-16
363.51,-4.004987211275709e-13,-8.911840914551994e-16
363.52,-4.004454161566736e-13,-8.909103087764486e-16
363.53,-4.003922387258824e-13,-8.907839399881789e-16
363.54,-4.003391092259659e-13,-8.90699923992135e-16
363.55,-4.002859823331554e-13,-8.905061932103235e-16
363.56,-4.0023261835715333e-13,-8.903935360196479e-16
363.57,-4.0017966500773144e-13,-8.901491403616076e-16
363.58,-4.0012621080898006e-13,-8.90088839423776e-16
363.59,-4.00073493986981e-13,-8.89815761129827e-16
363.6,-4.000199921023657e-13,-8.896216061273307e-16
363.61,-3.9996711002954186e-13,-8.896143959165158e-16
363.62,-3.99914070051553e-13,-8.894866896781236e-16
363.63,-3.998605238016784e-13,-8.890123278001103e-16
363.64,-3.9980767927966397e-13,-8.89058813838897e-16
363.65,-3.9975464206988646e-13,-8.889106927104982e-16
363.66,-3.997017036579532e-13,-8.888685862251987e-16
363.67,-3.996485557628379e-13,-8.886217141222673e-16
363.68,-3.995953790681087e-13,-8.884420363941396e-16
363.69,-3.995421459488566e-13,-8.883613214725791e-16
363.7,-3.9948911595179157e-13,-8.881931300514294e-16
363.71,-3.9943595994053517e-13,-8.880050148733278e-16
363.72,-3.993835372745438e-13,-8.877305248044718e-16
363.73,-3.993303962272307e-13,-8.878373184631116e-16
363.74,-3.992776256081795e-13,-8.878591642783439e-16
363.75,-3.992241270666927e-13,-8.873150076254249e-16
363.76,-3.9917114239003577e-13,-8.871482857066027e-16
363.77,-3.9911834564411443e-13,-8.870210383517834e-16
363.78,-3.990655301621971e-13,-8.871051259179698e-16
363.79,-3.9901231326799156e-13,-8.866860697104349e-16
363.8,-3.9895907431576343e-13,-8.865451712790525e-16
363.81,-3.98906674470675e-13,-8.864646798573926e-16
363.82,-3.988535855412406e-13,-8.863241034447845e-16
363.83,-3.988007128434122e-13,-8.861401788362358e-16
363.84,-3.987478304839886e-13,-8.859880759881855e-16
363.85,-3.986948188901865e-13,-8.857582060616765e-16
363.86,-3.9864181963573e-13,-8.856843876956105e-16
363.87,-3.985891821173118e-13,-8.854398905618402e-16
363.88,-3.98536179072737e-13,-8.852503753419957e-16
363.89,-3.984831376438662e-13,-8.852134618526951e-16
363.9,-3.9843016829619687e-13,-8.847742283142083e-16
363.91,-3.9837725855000204e-13,-8.846852051027946e-16
363.92,-3.983245188575904e-13,-8.846792096765331e-16
363.93,-3.9827161189283827e-13,-8.844060781649619e-16
363.94,-3.982190265968536e-13,-8.842927082671054e-16
363.95,-3.9816603840837754e-13,-8.841941026845976e-16
363.96,-3.98113277043687e-13,-8.839408085876657e-16
363.97,-3.980602948410474e-13,-8.838527356393279e-16
363.98,-3.980077725943595e-13,-8.838110616944593e-16
363.99,-3.9795445349256857e-13,-8.826258495130942e-16
364.0,-3.9790205684499103e-13,-8.832955089613507e-16
364.01,-3.9784932338463585e-13,-8.831489776822305e-16
364.02,-3.9779669777728577e-13,-8.830575232797831e-16
364.03,-3.9774379963593294e-13,-8.828639089322881e-16
364.04,-3.9769111706742864e-13,-8.826421617509198e-16
364.05,-3.9763834486664643e-13,-8.825659446897509e-16
364.06,-3.9758514431594557e-13,-8.823233177384141e-16
364.07,-3.975326162735159e-13,-8.821945454266501e-16
364.08,-3.9747988936400847e-13,-8.820620414225866e-16
364.09,-3.974275313816349e-13,-8.819052515322092e-16
364.1,-3.973749230695041e-13,-8.81560558395292e-16
364.11,-3.9732214069397516e-13,-8.813611920916703e-16
364.12,-3.9726940575746745e-13,-8.814217239913178e-16
364.13,-3.9721673204957854e-13,-8.812201685607763e-16
364.14,-3.971639483219545e-13,-8.808687717591407e-16
364.15,-3.9711148011598466e-13,-8.808939190669764e-16
364.16,-3.970592500963342e-13,-8.809259690409676e-16
364.17,-3.970067952714181e-13,-8.804995660732524e-16
364.18,-3.9695327092162205e-13,-8.803745609471232e-16
364.19,-3.969008804242522e-13,-8.799736486164478e-16
364.2,-3.9684853785846055e-13,-8.801257854385936e-16
364.21,-3.9679580126894957e-13,-8.802178373619462e-16
364.22,-3.96743134354823e-13,-8.796892053430001e-16
364.23,-3.9669049347554843e-13,-8.796308118819077e-16
364.24,-3.9663813994771583e-13,-8.79324188431487e-16
364.25,-3.965850764671486e-13,-8.792390318772003e-16
364.26,-3.965327635429376e-13,-8.789521489302537e-16
364.27,-3.964804295150512e-13,-8.791058051974268e-16
364.28,-3.964278270676749e-13,-8.786136327626807e-16
364.29,-3.963752912836825e-13,-8.784750493623739e-16
364.3,-3.963228190761339e-13,-8.783873783706196e-16
364.31,-3.9627024582740845e-13,-8.781562164537461e-16
364.32,-3.962178430072045e-13,-8.780824572869465e-16
364.33,-3.961651296271628e-13,-8.779391222969015e-16
364.34,-3.9611174286763014e-13,-8.771888620806984e-16
364.35,-3.9605933236015287e-13,-8.771183325841185e-16
364.36,-3.960078423624089e-13,-8.774206044387477e-16
364.37,-3.959554964229842e-13,-8.772781950748195e-16
364.38,-3.95902990646469e-13,-8.770591933432882e-16
364.39,-3.958504955146411e-13,-8.770059173991039e-16
364.4,-3.9579820252319007e-13,-8.767789590998668e-16
364.41,-3.9574579489401396e-13,-8.766000103287283e-16
364.42,-3.9569333726889815e-13,-8.763716494874539e-16
364.43,-3.956425963421557e-13,-8.763776527853251e-16
364.44,-3.9558978494990957e-13,-8.767522040899753e-16
364.45,-3.955360983588858e-13,-8.759353205987953e-16
364.46,-3.9548368328468715e-13,-8.75760064277759e-16
364.47,-3.9543128893248906e-13,-8.755349255136656e-16
364.48,-3.953790495657185e-13,-8.752574849134174e-16
364.49,-3.9532677467170997e-13,-8.752289895947553e-16
364.5,-3.952742088711774e-13,-8.752024715346429e-16
364.51,-3.952219336710525e-13,-8.747959820715133e-16
364.52,-3.9517008999996026e-13,-8.745016534294991e-16
364.53,-3.9511758798399275e-13,-8.748460406478961e-16
364.54,-3.9506493553324295e-13,-8.743596005797742e-16
364.55,-3.950127041111421e-13,-8.742388950666899e-16
364.56,-3.9496046135822674e-13,-8.740393119989024e-16
364.57,-3.949080720305025e-13,-8.738005561555118e-16
364.58,-3.948557523501976e-13,-8.737613991889536e-16
364.59,-3.9480350776854674e-13,-8.735651280393871e-16
364.6,-3.947513578266748e-13,-8.734664192760198e-16
364.61,-3.946991448931191e-13,-8.734751204638914e-16
364.62,-3.946468347918517e-13,-8.731093177763527e-16
364.63,-3.9459468047234573e-13,-8.730077756694737e-16
364.64,-3.945423761736399e-13,-8.727267746723815e-16
364.65,-3.9449022451980923e-13,-8.725451110178758e-16
364.66,-3.9443798932610443e-13,-8.724394097588983e-16
364.67,-3.9438576782515803e-13,-8.722988298085945e-16
364.68,-3.9433354686764537e-13,-8.72194073445064e-16
364.69,-3.9428136787246673e-13,-8.7197080594346e-16
364.7,-3.9422878841675067e-13,-8.716068300402342e-16
364.71,-3.941765360907202e-13,-8.712952189955424e-16
364.72,-3.9412490232250883e-13,-8.713263601956551e-16
364.73,-3.9407274754353367e-13,-8.712378171608662e-16
364.74,-3.9402060187224604e-13,-8.711319481135858e-16
364.75,-3.9396855967322947e-13,-8.708537947845663e-16
364.76,-3.9391651474436896e-13,-8.706670962998111e-16
364.77,-3.93864263004519e-13,-8.705850213185775e-16
364.78,-3.938121623465571e-13,-8.704328682892778e-16
364.79,-3.9375984905652775e-13,-8.702107515082345e-16
364.8,-3.9370772920201874e-13,-8.699048547514782e-16
364.81,-3.9365610806679244e-13,-8.69986544092815e-16
364.82,-3.936040256801175e-13,-8.697878508592271e-16
364.83,-3.9355134717406325e-13,-8.694287289972586e-16
364.84,-3.9349962037301285e-13,-8.693569728128694e-16
364.85,-3.9344777669934895e-13,-8.691278265146887e-16
364.86,-3.933958047442683e-13,-8.690341213968732e-16
364.87,-3.933437801016438e-13,-8.687266039073556e-16
364.88,-3.932917391361079e-13,-8.688881314499613e-16
364.89,-3.932398953303445e-13,-8.685879107621263e-16
364.9,-3.931875633253394e-13,-8.684104572282345e-16
364.91,-3.9313580322078976e-13,-8.681926631874344e-16
364.92,-3.930838084411083e-13,-8.680377272007193e-16
364.93,-3.930323198865395e-13,-8.681173957026556e-16
364.94,-3.9297993616863965e-13,-8.677960786376131e-16
364.95,-3.9292797718404436e-13,-8.674872963418523e-16
364.96,-3.928761766921529e-13,-8.673207654907185e-16
364.97,-3.928231790684693e-13,-8.677589225707639e-16
364.98,-3.9277235631291207e-13,-8.668908588151259e-16
364.99,-3.9272010569182124e-13,-8.66859630266369e-16
365.0,-3.926683699722823e-13,-8.666816276381915e-16
365.01,-3.9261644188193367e-13,-8.664719307434757e-16
365.02,-3.9256427634068715e-13,-8.664275823391264e-16
365.03,-3.9251240467845936e-13,-8.662254323845576e-16
365.04,-3.924609552616198e-13,-8.659179096564279e-16
365.05,-3.92408772166043e-13,-8.659702572409172e-16
365.06,-3.9235714724276284e-13,-8.656771071191796e-16
365.07,-3.9230489986510706e-13,-8.653480587272699e-16
365.08,-3.922533704757832e-13,-8.653320423156844e-16
365.09,-3.922019491333269e-13,-8.653170591271387e-16
365.1,-3.9214943626314746e-13,-8.65081518423507e-16
365.11,-3.9209789639781495e-13,-8.647666067972289e-16
365.12,-3.9204581640259924e-13,-8.648666666901943e-16
365.13,-3.919940314080749e-13,-8.645795480704725e-16
365.14,-3.919418281982671e-13,-8.645136497150461e-16
365.15,-3.9189053261230544e-13,-8.64270442888628e-16
365.16,-3.918388910935804e-13,-8.641188945383009e-16
365.17,-3.917871712886686e-13,-8.638729174528886e-16
365.18,-3.91735325071216e-13,-8.637073915348145e-16
365.19,-3.9168355582098734e-13,-8.635238117741832e-16
365.2,-3.9163175523167097e-13,-8.63459132881094e-16
365.21,-3.915799947055071e-13,-8.631762883722549e-16
365.22,-3.915287852173261e-13,-8.628639701365123e-16
365.23,-3.914773331263447e-13,-8.626696832108276e-16
365.24,-3.9142506117921385e-13,-8.626335309680196e-16
365.25,-3.9137325121938194e-13,-8.628032147511826e-16
365.26,-3.913216587300589e-13,-8.62368138104629e-16
365.27,-3.912696604994917e-13,-8.623128342898873e-16
365.28,-3.9121803100210936e-13,-8.62049568147159e-16
365.29,-3.9116659287233213e-13,-8.618420616716381e-16
365.3,-3.9111482870080813e-13,-8.616575036928678e-16
365.31,-3.9106331958642793e-13,-8.615304749611107e-16
365.32,-3.9101218992301857e-13,-8.61500039793003e-16
365.33,-3.9096039095299893e-13,-8.61212897233013e-16
365.34,-3.909089571908901e-13,-8.610843939346207e-16
365.35,-3.9085687382775297e-13,-8.609061469421427e-16
365.36,-3.9080512776475844e-13,-8.607037802218283e-16
365.37,-3.9075361942892595e-13,-8.605139953851292e-16
365.38,-3.907018594186244e-13,-8.603908579780009e-16
365.39,-3.9065042129379036e-13,-8.60179843984655e-16
365.4,-3.9059868118468213e-13,-8.600729415647805e-16
365.41,-3.9054642035056156e-13,-8.595741163469427e-16
365.42,-3.90495880510762e-13,-8.597392577309787e-16
365.43,-3.904438458999181e-13,-8.592437168886264e-16
365.44,-3.903925981008288e-13,-8.593540857194399e-16
365.45,-3.9034119158757177e-13,-8.591945433780847e-16
365.46,-3.902895442011823e-13,-8.590624429330468e-16
365.47,-3.9023812186262176e-13,-8.588535628779363e-16
365.48,-3.901865846099977e-13,-8.586870325644608e-16
365.49,-3.901352014266268e-13,-8.584945091168728e-16
365.5,-3.900846013705181e-13,-8.579177542735182e-16
365.51,-3.900320787687457e-13,-8.581842172882677e-16
365.52,-3.899797336055685e-13,-8.582936513691007e-16
365.53,-3.8992919496197406e-13,-8.57889659686569e-16
365.54,-3.8987791646356253e-13,-8.577543179308287e-16
365.55,-3.8982605636989566e-13,-8.574563707485364e-16
365.56,-3.8977527979831583e-13,-8.575014427095967e-16
365.57,-3.897235007816426e-13,-8.572207015899009e-16
365.58,-3.896723026614115e-13,-8.572166311840421e-16
365.59,-3.8962119711848493e-13,-8.570834181205528e-16
365.6,-3.8956977946996806e-13,-8.566263366415059e-16
365.61,-3.895187597638452e-13,-8.561811767813612e-16
365.62,-3.894666307343381e-13,-8.564267528064627e-16
365.63,-3.89415131428378e-13,-8.562626129662917e-16
365.64,-3.893638813911408e-13,-8.560747535728545e-16
365.65,-3.8931255407254553e-13,-8.559022104263701e-16
365.66,-3.89261021929443e-13,-8.556635089770251e-16
365.67,-3.8920966528263166e-13,-8.555697456504771e-16
365.68,-3.891582336333795e-13,-8.552901806982113e-16
365.69,-3.891078925220417e-13,-8.552377715647685e-16
365.7,-3.89055852841516e-13,-8.549797444675885e-16
365.71,-3.8900454525717907e-13,-8.55012760633765e-16
365.72,-3.889532651816375e-13,-8.547729000846077e-16
365.73,-3.8890206863757535e-13,-8.54603655551807e-16
365.74,-3.8885057938166636e-13,-8.544449142683957e-16
365.75,-3.8879882892484877e-13,-8.542151472246907e-16
365.76,-3.8874818563375947e-13,-8.541270784396487e-16
365.77,-3.8869678922205646e-13,-8.538386734673371e-16
365.78,-3.8864509078490885e-13,-8.538389004559595e-16
365.79,-3.8859423836004103e-13,-8.537046869260278e-16
365.8,-3.8854298893380504e-13,-8.534921408008187e-16
365.81,-3.884918970895116e-13,-8.533829017577079e-16
365.82,-3.884405665877853e-13,-8.531919417283146e-16
365.83,-3.88389274301327e-13,-8.530430880415125e-16
365.84,-3.8833839279060284e-13,-8.527629208905578e-16
365.85,-3.882872233154722e-13,-8.526552429064759e-16
365.86,-3.882361796929217e-13,-8.525139040388293e-16
365.87,-3.8818500320034813e-13,-8.522557389720449e-16
365.88,-3.8813341506060123e-13,-8.523278889191288e-16
365.89,-3.8808232395500505e-13,-8.520365835103119e-16
365.9,-3.880313830142953e-13,-8.51885991161416e-16
365.91,-3.879804321131296e-13,-8.516744068017964e-16
365.92,-3.8792894351524084e-13,-8.515190458276673e-16
365.93,-3.878779080919987e-13,-8.514287594192985e-16
365.94,-3.878267991315923e-13,-8.51164529970677e-16
365.95,-3.8777578053013257e-13,-8.510878219286406e-16
365.96,-3.877245594482229e-13,-8.507942646485695e-16
365.97,-3.876738018029598e-13,-8.506572133158808e-16
365.98,-3.8762258093312313e-13,-8.505754577246366e-16
365.99,-3.8757149316447607e-13,-8.504530579623365e-16
366.0,-3.875202197892472e-13,-8.502532155358532e-16
366.01,-3.874694358132689e-13,-8.50134639853528e-16
366.02,-3.8741816819954067e-13,-8.499707922013208e-16
366.03,-3.8736739165711017e-13,-8.498232149849415e-16
366.04,-3.8731604724774695e-13,-8.494797482609488e-16
366.05,-3.872650696081891e-13,-8.492997122608287e-16
366.06,-3.872142703998231e-13,-8.492934540719322e-16
366.07,-3.8716324976799113e-13,-8.492263799898397e-16
366.08,-3.871121334684326e-13,-8.49029475337875e-16
366.09,-3.8706135896949116e-13,-8.488679222493992e-16
366.1,-3.870101419844799e-13,-8.486613346905905e-16
366.11,-3.869592784411007e-13,-8.485000870977755e-16
366.12,-3.8690819447846514e-13,-8.48382529354992e-16
366.13,-3.8685752301604e-13,-8.481344191486265e-16
366.14,-3.868062616735399e-13,-8.480877744559323e-16
366.15,-3.867555893097653e-13,-8.478481175106919e-16
366.16,-3.8670483570454644e-13,-8.477550624626224e-16
366.17,-3.8665347408978584e-13,-8.475485178601174e-16
366.18,-3.8660182862637867e-13,-8.473946983481422e-16
366.19,-3.8655168739579505e-13,-8.472206394475665e-16
366.2,-3.8650105956421966e-13,-8.471293612964031e-16
366.21,-3.8644990380536785e-13,-8.468356694722577e-16
366.22,-3.8639934779292696e-13,-8.467228084496473e-16
366.23,-3.863483338314105e-13,-8.465644523300869e-16
366.24,-3.862967570347239e-13,-8.465483347166032e-16
366.25,-3.8624657402662247e-13,-8.463517201462041e-16
366.26,-3.8619565325617303e-13,-8.462089774995378e-16
366.27,-3.861447208174201e-13,-8.460070887952103e-16
366.28,-3.860939261905335e-13,-8.458497907167991e-16
366.29,-3.8604313575500386e-13,-8.457263434016326e-16
366.3,-3.85992293776828e-13,-8.454906887250109e-16
366.31,-3.8594224933531535e-13,-8.450725936722101e-16
366.32,-3.858897685749435e-13,-8.445897594154022e-16
366.33,-3.8583999077188034e-13,-8.452117376282412e-16
366.34,-3.857890749938064e-13,-8.44911993212822e-16
366.35,-3.8573841860322944e-13,-8.447963166936845e-16
366.36,-3.856873563648407e-13,-8.446235680227746e-16
366.37,-3.8563684500795274e-13,-8.44470308901698e-16
366.38,-3.8558618681178144e-13,-8.443277521483531e-16
366.39,-3.8553540016342185e-13,-8.441466435703036e-16
366.4,-3.8548420774318646e-13,-8.441645805604247e-16
366.41,-3.8543300738132673e-13,-8.445227767588876e-16
366.42,-3.853832656288352e-13,-8.436349603674489e-16
366.43,-3.8533251346216193e-13,-8.435533272569369e-16
366.44,-3.852819303895489e-13,-8.434466049119857e-16
366.45,-3.8523112041624064e-13,-8.432590530105481e-16
366.46,-3.8518053581728294e-13,-8.430653247890637e-16
366.47,-3.851295915875882e-13,-8.429190088522905e-16
366.48,-3.850794133322295e-13,-8.428026195490888e-16
366.49,-3.850301524472535e-13,-8.429554032645323e-16
366.5,-3.849764681550586e-13,-8.424646226713209e-16
366.51,-3.849272307972006e-13,-8.422576250694664e-16
366.52,-3.848765325926221e-13,-8.421804425033246e-16
366.53,-3.848261127802764e-13,-8.420595298096593e-16
366.54,-3.847753769395343e-13,-8.418880579972761e-16
366.55,-3.8472439533139173e-13,-8.416986930362892e-16
366.56,-3.846741186667815e-13,-8.414315236282876e-16
366.57,-3.846235903444174e-13,-8.4135855297846415e-16
366.58,-3.845728218525749e-13,-8.412758662312813e-16
366.59,-3.8452258194318224e-13,-8.412625320823282e-16
366.6,-3.8447188620544947e-13,-8.410721799209944e-16
366.61,-3.844212605642163e-13,-8.408157308298694e-16
366.62,-3.8437073545769837e-13,-8.407141528057425e-16
366.63,-3.8432039890830456e-13,-8.406108030153688e-16
366.64,-3.8426957766334557e-13,-8.403556570216453e-16
366.65,-3.8421817846833126e-13,-8.401032142292052e-16
366.66,-3.841685320362059e-13,-8.401010152859435e-16
366.67,-3.841177369635263e-13,-8.39843013438158e-16
366.68,-3.8406767047887894e-13,-8.396494723385518e-16
366.69,-3.840169836957556e-13,-8.396858208139364e-16
366.7,-3.8396637023389553e-13,-8.397137502676977e-16
366.71,-3.8391607519391993e-13,-8.393941956875852e-16
366.72,-3.8386555881569915e-13,-8.392161757627196e-16
366.73,-3.8381560223210827e-13,-8.392038471329316e-16
366.74,-3.837645017119979e-13,-8.388925437603362e-16
366.75,-3.8371427143749863e-13,-8.38797096360055e-16
366.76,-3.8366418578092244e-13,-8.3866414169843e-16
366.77,-3.8361338240365427e-13,-8.383908491685196e-16
366.78,-3.835632735307367e-13,-8.384605190819366e-16
366.79,-3.8351235868639223e-13,-8.381141573254029e-16
366.8,-3.8346200079783257e-13,-8.378392065714773e-16
366.81,-3.8341166402072246e-13,-8.37909550363785e-16
366.82,-3.8336124090663183e-13,-8.376939211031019e-16
366.83,-3.833109097457412e-13,-8.375770422624421e-16
366.84,-3.832605474221281e-13,-8.37461384991044e-16
366.85,-3.832095535262587e-13,-8.372822183877958e-16
366.86,-3.8316001765040814e-13,-8.371844718507928e-16
366.87,-3.8310955711081367e-13,-8.369595224081837e-16
366.88,-3.830593278440682e-13,-8.368608846557104e-16
366.89,-3.830088646811158e-13,-8.366948771223417e-16
366.9,-3.829599410900229e-13,-8.369588557363342e-16
366.91,-3.8290808575490734e-13,-8.365063755123376e-16
366.92,-3.828581238310385e-13,-8.36361020023602e-16
366.93,-3.82807788577122e-13,-8.361776707029262e-16
366.94,-3.8275695983457743e-13,-8.358273205499854e-16
366.95,-3.827073366412466e-13,-8.357457013137914e-16
366.96,-3.8265672121184584e-13,-8.356637918854456e-16
366.97,-3.8260640848917087e-13,-8.356506340873039e-16
366.98,-3.8255639478016624e-13,-8.355453642513132e-16
366.99,-3.8250592688252815e-13,-8.352518965310779e-16
367.0,-3.8245555869014144e-13,-8.350858200674101e-16
367.01,-3.8240563312038677e-13,-8.351084199031364e-16
367.02,-3.8235509951223824e-13,-8.348845810779006e-16
367.03,-3.823059870858078e-13,-8.348636225233762e-16
367.04,-3.822548052169087e-13,-8.345373419212355e-16
367.05,-3.822046220641809e-13,-8.34452354964121e-16
367.06,-3.821546610989408e-13,-8.345995193090883e-16
367.07,-3.8210407220511487e-13,-8.341030551271143e-16
367.08,-3.820539968881116e-13,-8.340411212583698e-16
367.09,-3.820038281884479e-13,-8.339282535500519e-16
367.1,-3.8195351387231976e-13,-8.336955789265188e-16
367.11,-3.8190346458710214e-13,-8.336691675054449e-16
367.12,-3.8185308531265077e-13,-8.333694657709179e-16
367.13,-3.818034194171649e-13,-8.333004844975032e-16
367.14,-3.8175290286321054e-13,-8.331677947433532e-16
367.15,-3.817029625080642e-13,-8.330363081596041e-16
367.16,-3.8165302067808977e-13,-8.329058853474604e-16
367.17,-3.816026433355069e-13,-8.3278044938129e-16
367.18,-3.81552587855293e-13,-8.325053219184654e-16
367.19,-3.8150245181787166e-13,-8.324385107211791e-16
367.2,-3.814525591138778e-13,-8.324752988060669e-16
367.21,-3.814021965184353e-13,-8.322076085911268e-16
367.22,-3.8135248152839344e-13,-8.321430327519865e-16
367.23,-3.8130211712220293e-13,-8.319463228744444e-16
367.24,-3.812515899062246e-13,-8.316441253840948e-16
367.25,-3.8120169615275824e-13,-8.315772275316957e-16
367.26,-3.8115227807506225e-13,-8.314858018031196e-16
367.27,-3.811022837172744e-13,-8.314221494262986e-16
367.28,-3.810522605991013e-13,-8.312756091512784e-16
367.29,-3.810024044385039e-13,-8.312363791732747e-16
367.3,-3.809520993295802e-13,-8.310630381542468e-16
367.31,-3.8090218457723165e-13,-8.307688408240391e-16
367.32,-3.808520958435042e-13,-8.306539369838701e-16
367.33,-3.808023053048971e-13,-8.305633971958166e-16
367.34,-3.807521405403552e-13,-8.304080416214393e-16
367.35,-3.8070192461094535e-13,-8.302868161539812e-16
367.36,-3.806520704429746e-13,-8.301726009754052e-16
367.37,-3.8060213685700277e-13,-8.301073936202001e-16
367.38,-3.8055211329300285e-13,-8.299590787563596e-16
367.39,-3.8050284144843873e-13,-8.299672252479797e-16
367.4,-3.8045258022556987e-13,-8.296000818864766e-16
367.41,-3.804023398335333e-13,-8.295325245387264e-16
367.42,-3.8035244881798e-13,-8.293658702526622e-16
367.43,-3.803025944236083e-13,-8.292129318159567e-16
367.44,-3.8025255576673e-13,-8.291075822770203e-16
367.45,-3.80202811689816e-13,-8.28981383460335e-16
367.46,-3.8015292609347165e-13,-8.288662444618784e-16
367.47,-3.801032707522977e-13,-8.287447351946606e-16
367.48,-3.800530193321006e-13,-8.284760815579754e-16
367.49,-3.8000345901303227e-13,-8.284722252543218e-16
367.5,-3.79953300193162e-13,-8.282784432164715e-16
367.51,-3.7990324293206204e-13,-8.280727459036634e-16
367.52,-3.7985401363258473e-13,-8.281094735770528e-16
367.53,-3.7980418365879594e-13,-8.279733642145507e-16
367.54,-3.7975422264550913e-13,-8.277450878445808e-16
367.55,-3.7970430660464576e-13,-8.276874787587592e-16
367.56,-3.7965467391435637e-13,-8.274928761640374e-16
367.57,-3.7960500607896746e-13,-8.272046856009384e-16
367.58,-3.7955491102020573e-13,-8.271663427203967e-16
367.59,-3.795049545293286e-13,-8.270346072693944e-16
367.6,-3.79455508289394e-13,-8.270156608722238e-16
367.61,-3.794057324270233e-13,-8.268951663791578e-16
367.62,-3.793561097615321e-13,-8.268068712247745e-16
367.63,-3.793061446080411e-13,-8.266192097437668e-16
367.64,-3.792564721621719e-13,-8.264392658385325e-16
367.65,-3.792064291611661e-13,-8.26275588986251e-16
367.66,-3.7915772498193655e-13,-8.265269480226335e-16
367.67,-3.791070582207578e-13,-8.261747603653933e-16
367.68,-3.790575162881003e-13,-8.260017074516029e-16
367.69,-3.790077274065433e-13,-8.256301932634201e-16
367.7,-3.7895842423094456e-13,-8.257566606132182e-16
367.71,-3.7890846835279515e-13,-8.255412418959807e-16
367.72,-3.7885804909985336e-13,-8.252307816755896e-16
367.73,-3.7880921990061715e-13,-8.253708975790123e-16
367.74,-3.7875964114916704e-13,-8.252589194099982e-16
367.75,-3.787088904309422e-13,-8.248020723625316e-16
367.76,-3.786605715392921e-13,-8.250374913990272e-16
367.77,-3.7861055372573397e-13,-8.247345765521497e-16
367.78,-3.785608061985917e-13,-8.246170933874453e-16
367.79,-3.785109586721768e-13,-8.245148583408786e-16
367.8,-3.784612798603131e-13,-8.244261102155823e-16
367.81,-3.784121991220818e-13,-8.243379771380033e-16
367.82,-3.7836242858503445e-13,-8.241933635990471e-16
367.83,-3.7831210595393243e-13,-8.23990751950444e-16
367.84,-3.7826334096435146e-13,-8.238452115041544e-16
367.85,-3.782137688545299e-13,-8.238659961849917e-16
367.86,-3.7816393708066944e-13,-8.236064805852464e-16
367.87,-3.7811447573478367e-13,-8.235393152961148e-16
367.88,-3.7806389160954696e-13,-8.227169005219222e-16
367.89,-3.7801548291198296e-13,-8.232360919935606e-16
367.9,-3.7796589309778263e-13,-8.23106236886783e-16
367.91,-3.779164618650069e-13,-8.229408020641092e-16
367.92,-3.778668386733949e-13,-8.229458305799035e-16
367.93,-3.7781783382279465e-13,-8.228200139512552e-16
367.94,-3.777678409921839e-13,-8.226524922751897e-16
367.95,-3.777185503529137e-13,-8.226831808140298e-16
367.96,-3.7766890717451713e-13,-8.224887764261063e-16
367.97,-3.7761909963707844e-13,-8.222640898851547e-16
367.98,-3.775702163154064e-13,-8.2223998211323405e-16
367.99,-3.7752028457833134e-13,-8.220002065203794e-16
368.0,-3.774708491216279e-13,-8.218851979095472e-16
368.01,-3.774213395421572e-13,-8.218140455426137e-16
368.02,-3.773713916632243e-13,-8.212499934680103e-16
368.03,-3.773225923470073e-13,-8.214932073003086e-16
368.04,-3.7727323159332107e-13,-8.214882741927645e-16
368.05,-3.7722397376990125e-13,-8.211706054798527e-16
368.06,-3.771744444560146e-13,-8.212021931968747e-16
368.07,-3.771247858191548e-13,-8.210641924599938e-16
368.08,-3.7707584072359657e-13,-8.209592722318537e-16
368.09,-3.7702609313835656e-13,-8.207988214578563e-16
368.1,-3.7697669987022265e-13,-8.207585595506678e-16
368.11,-3.7692683771739616e-13,-8.205290076934363e-16
368.12,-3.768779999452032e-13,-8.204424180406477e-16
368.13,-3.7682920187862695e-13,-8.20652780633004e-16
368.14,-3.7677914398294424e-13,-8.202025124345811e-16
368.15,-3.767300238908071e-13,-8.20163904983588e-16
368.16,-3.766805801832888e-13,-8.199202783035748e-16
368.17,-3.7663118561967383e-13,-8.197961289011605e-16
368.18,-3.765817937391548e-13,-8.197400064052947e-16
368.19,-3.7653288378033263e-13,-8.195143983241121e-16
368.2,-3.7648344163574104e-13,-8.19529635368915e-16
368.21,-3.764336303470844e-13,-8.193648110457183e-16
368.22,-3.7638476204402293e-13,-8.19319037958981e-16
368.23,-3.763354111664657e-13,-8.190909081911617e-16
368.24,-3.7628609218038356e-13,-8.189329288488279e-16
368.25,-3.7623683279228856e-13,-8.187945322818227e-16
368.26,-3.7618775059640247e-13,-8.18825440448477e-16
368.27,-3.7613820634745603e-13,-8.184554943820759e-16
368.28,-3.7609048261558577e-13,-8.188912571425339e-16
368.29,-3.760404729712391e-13,-8.18125289222663e-16
368.3,-3.7599044825524456e-13,-8.181803996521518e-16
368.31,-3.759413477215249e-13,-8.18139424895074e-16
368.32,-3.758923056307522e-13,-8.180217390890766e-16
368.33,-3.7584278514208187e-13,-8.178622955304214e-16
368.34,-3.7579403831270345e-13,-8.177480550766474e-16
368.35,-3.757446425401271e-13,-8.17673909666468e-16
368.36,-3.7569535136162663e-13,-8.175066800251261e-16
368.37,-3.756456954540084e-13,-8.167013897100865e-16
368.38,-3.755971879678431e-13,-8.179965258351813e-16
368.39,-3.755478772477024e-13,-8.171967999636536e-16
368.4,-3.7549866357891004e-13,-8.170622175202059e-16
368.41,-3.754497655098793e-13,-8.169944889649422e-16
368.42,-3.7540043861221844e-13,-8.168714338584751e-16
368.43,-3.753513946912688e-13,-8.167921842217066e-16
368.44,-3.753022033333361e-13,-8.166212774058616e-16
368.45,-3.7525333665838735e-13,-8.165137057348531e-16
368.46,-3.752039798573494e-13,-8.164841729982591e-16
368.47,-3.751526185863971e-13,-8.159254369922848e-16
368.48,-3.7510570391077564e-13,-8.161356782518958e-16
368.49,-3.7505660754937365e-13,-8.160726829749247e-16
368.5,-3.750077532516784e-13,-8.159277699951492e-16
368.51,-3.749586784669335e-13,-8.15953933310433e-16
368.52,-3.749092376066841e-13,-8.156390489878141e-16
368.53,-3.7486006435725576e-13,-8.154704741153152e-16
368.54,-3.7481117491209617e-13,-8.153910587118593e-16
368.55,-3.747619372682598e-13,-8.152396824832227e-16
368.56,-3.7471315197265807e-13,-8.152368751826907e-16
368.57,-3.74663879930927e-13,-8.151101358352815e-16
368.58,-3.7461522018018916e-13,-8.150225796764542e-16
368.59,-3.74566076639005e-13,-8.148888954454049e-16
368.6,-3.7451712836592364e-13,-8.148377547580613e-16
368.61,-3.7446803482398726e-13,-8.147626982696038e-16
368.62,-3.7441876919320445e-13,-8.141667038274109e-16
368.63,-3.7437022063804366e-13,-8.143870372159429e-16
368.64,-3.7432150370513934e-13,-8.143890353457386e-16
368.65,-3.7427241361899266e-13,-8.141493288490618e-16
368.66,-3.742231554616973e-13,-8.14049548992776e-16
368.67,-3.741743042406182e-13,-8.139527413637833e-16
368.68,-3.741253001954199e-13,-8.138582746208501e-16
368.69,-3.7407637499252976e-13,-8.137623428016581e-16
368.7,-3.740275886398436e-13,-8.135846295478234e-16
368.71,-3.7397844274530175e-13,-8.134317958954728e-16
368.72,-3.7392966152682136e-13,-8.133803332146318e-16
368.73,-3.738807179658132e-13,-8.133749989103874e-16
368.74,-3.7383208447736963e-13,-8.13147105031249e-16
368.75,-3.737831046926965e-13,-8.131481450131939e-16
368.76,-3.7373408343103844e-13,-8.128794828045215e-16
368.77,-3.736846807627332e-13,-8.1280256886944e-16
368.78,-3.736365191516616e-13,-8.128386983025892e-16
368.79,-3.735874187574614e-13,-8.12621199900033e-16
368.8,-3.735385826998762e-13,-8.12461657353304e-16
368.81,-3.734898856141283e-13,-8.124216935678028e-16
368.82,-3.7344063311169203e-13,-8.123230485993361e-16
368.83,-3.7339202716044323e-13,-8.120812430906114e-16
368.84,-3.733430982524096e-13,-8.120609816522353e-16
368.85,-3.732943986641019e-13,-8.119375551935701e-16
368.86,-3.7324549283023865e-13,-8.118009605021933e-16
368.87,-3.7319701121579736e-13,-8.123331072976125e-16
368.88,-3.731479861697245e-13,-8.115467885548873e-16
368.89,-3.7309919415009676e-13,-8.115209109008929e-16
368.9,-3.730504340491992e-13,-8.115740755656436e-16
368.91,-3.730018116992314e-13,-8.114235139917509e-16
368.92,-3.7295279608178134e-13,-8.11233137953341e-16
368.93,-3.729041824886567e-13,-8.110690472770291e-16
368.94,-3.7285516108593244e-13,-8.108871582921627e-16
368.95,-3.728065449055068e-13,-8.107795095048655e-16
368.96,-3.72757736052961e-13,-8.1071555132537635e-16
368.97,-3.727090812433669e-13,-8.105365762648092e-16
368.98,-3.72660351949796e-13,-8.106073192306218e-16
368.99,-3.726114684573455e-13,-8.102675891547568e-16
369.0,-3.7256383145971176e-13,-8.105275897105443e-16
369.01,-3.7251410512033956e-13,-8.10169266740616e-16
369.02,-3.724654378360472e-13,-8.099277456951666e-16
369.03,-3.724169257258835e-13,-8.099998199662113e-16
369.04,-3.723681849908632e-13,-8.098593045548931e-16
369.05,-3.7231949318555216e-13,-8.097242120329194e-16
369.06,-3.7227083952798127e-13,-8.095805414141353e-16
369.07,-3.7222223501519986e-13,-8.095606697868509e-16
369.08,-3.721734773080779e-13,-8.090666752218785e-16
369.09,-3.721246333989881e-13,-8.089034104742799e-16
369.1,-3.7207645057697497e-13,-8.092561689622546e-16
369.11,-3.7202756269108795e-13,-8.090046432202578e-16
369.12,-3.719792308233871e-13,-8.089300471630489e-16
369.13,-3.7193043011738467e-13,-8.089254024793351e-16
369.14,-3.7188175547278483e-13,-8.087358869166744e-16
369.15,-3.7183299883381105e-13,-8.084512784742299e-16
369.16,-3.7178446667699195e-13,-8.084423815387799e-16
369.17,-3.717364180129983e-13,-8.087591627345299e-16
369.18,-3.7168760388714175e-13,-8.082554832095019e-16
369.19,-3.7163974291514254e-13,-8.082543319423309e-16
369.2,-3.7159048432594453e-13,-8.081306835709361e-16
369.21,-3.71541835490365e-13,-8.079515269967759e-16
369.22,-3.71492881471789e-13,-8.077270205702426e-16
369.23,-3.7144496556766586e-13,-8.076994977303108e-16
369.24,-3.713962600059128e-13,-8.076778702342929e-16
369.25,-3.71347749434754e-13,-8.075493625387943e-16
369.26,-3.712987280490993e-13,-8.078675599739621e-16
369.27,-3.7125083812620454e-13,-8.07380658711022e-16
369.28,-3.712022129391895e-13,-8.06693633204486e-16
369.29,-3.711537115112538e-13,-8.071264383076067e-16
369.3,-3.711053351837171e-13,-8.070529229800881e-16
369.31,-3.7105661232148166e-13,-8.068645214292611e-16
369.32,-3.710084030889738e-13,-8.067762939529232e-16
369.33,-3.7095975209460233e-13,-8.066431420629219e-16
369.34,-3.709111271271338e-13,-8.065213691373231e-16
369.35,-3.708634495905152e-13,-8.057172947806274e-16
369.36,-3.708142147753805e-13,-8.065192842402489e-16
369.37,-3.707652616266766e-13,-8.066395221066178e-16
369.38,-3.7071722450076946e-13,-8.062336784024904e-16
369.39,-3.706691414789074e-13,-8.061295527251038e-16
369.4,-3.7062067620294975e-13,-8.058815214744393e-16
369.41,-3.7057220876949477e-13,-8.058024695526251e-16
369.42,-3.705238118303662e-13,-8.056165511629398e-16
369.43,-3.704753834425742e-13,-8.055508181803044e-16
369.44,-3.704274356280984e-13,-8.055729161245473e-16
369.45,-3.7037848905430844e-13,-8.053978189455763e-16
369.46,-3.7033106661292074e-13,-8.058243263895856e-16
369.47,-3.7028197220900663e-13,-8.050964730251245e-16
369.48,-3.702334509343737e-13,-8.049572663079078e-16
369.49,-3.7018534599699706e-13,-8.049902241394945e-16
369.5,-3.701369262878939e-13,-8.048558827564619e-16
369.51,-3.7008864112191776e-13,-8.049628205016863e-16
369.52,-3.700403945703627e-13,-8.047521137159762e-16
369.53,-3.699923198431832e-13,-8.046489447425042e-16
369.54,-3.699439877926108e-13,-8.043942953505718e-16
369.55,-3.6989479137736695e-13,-8.040111869499007e-16
369.56,-3.698472434709375e-13,-8.041033913074935e-16
369.57,-3.6979869241988146e-13,-8.040830071056012e-16
369.58,-3.6975046472542254e-13,-8.039994189327097e-16
369.59,-3.697022478967415e-13,-8.03878027934481e-16
369.6,-3.696538764757182e-13,-8.037056347282614e-16
369.61,-3.696057964839188e-13,-8.036521339455606e-16
369.62,-3.6955724336621144e-13,-8.033872434533854e-16
369.63,-3.695092921989966e-13,-8.035642309698605e-16
369.64,-3.6946063126847453e-13,-8.033509907933124e-16
369.65,-3.6941270964183324e-13,-8.03214459899469e-16
369.66,-3.6936463609447247e-13,-8.031695046054824e-16
369.67,-3.693163946159651e-13,-8.029847169155701e-16
369.68,-3.692679933038021e-13,-8.028862447807563e-16
369.69,-3.6922028334633596e-13,-8.02802129097841e-16
369.7,-3.6917158213077987e-13,-8.026802672748686e-16
369.71,-3.691234547611234e-13,-8.024377914444329e-16
369.72,-3.690752102942447e-13,-8.02228700936452e-16
369.73,-3.6902711381359027e-13,-8.025985843011733e-16
369.74,-3.689788341472921e-13,-8.022717507342405e-16
369.75,-3.6893069665754356e-13,-8.021441873612485e-16
369.76,-3.688823232868199e-13,-8.019753014659003e-16
369.77,-3.688345318743047e-13,-8.019548059429731e-16
369.78,-3.6878634880555746e-13,-8.018151614598782e-16
369.79,-3.6873819455322476e-13,-8.017393158509615e-16
369.8,-3.686900338186287e-13,-8.014707428319253e-16
369.81,-3.686417473355151e-13,-8.013550115090479e-16
369.82,-3.685941320308871e-13,-8.015479771617481e-16
369.83,-3.6854579299233707e-13,-8.013805704671111e-16
369.84,-3.6849784316477644e-13,-8.01265900329182e-16
369.85,-3.684502286686461e-13,-8.006858353016989e-16
369.86,-3.684016046789371e-13,-8.009647565207908e-16
369.87,-3.683536468182965e-13,-8.00933840504644e-16
369.88,-3.683051785697269e-13,-8.007871515974322e-16
369.89,-3.682578234153815e-13,-8.007328026008523e-16
369.9,-3.6820971633992673e-13,-8.006355295942614e-16
369.91,-3.6816120609352126e-13,-8.003786074108552e-16
369.92,-3.681131547857692e-13,-8.004321021734701e-16
369.93,-3.6806503406241724e-13,-8.0024454691232755e-16
369.94,-3.6801714266454e-13,-8.00131437127784e-16
369.95,-3.6796935790016305e-13,-8.000225542086662e-16
369.96,-3.6792110170453605e-13,-7.99937866931447e-16
369.97,-3.6787294900324727e-13,-7.997343421376627e-16
369.98,-3.6782491371123576e-13,-7.996210783532983e-16
369.99,-3.677770917682085e-13,-7.994652376153983e-16
370.0,-3.677292255437726e-13,-7.99447018000361e-16
370.01,-3.676814489666051e-13,-7.993936320800771e-16
370.02,-3.6763334019425133e-13,-7.992636669666571e-16
370.03,-3.675855544472927e-13,-7.991548768786114e-16
370.04,-3.6753740108755674e-13,-7.990711424542848e-16
370.05,-3.6748933649020483e-13,-7.98940646106729e-16
370.06,-3.6744158259721524e-13,-7.988955984772003e-16
370.07,-3.673935127788391e-13,-7.985574315277939e-16
370.08,-3.673452909189116e-13,-7.985607960101272e-16
370.09,-3.6729776660003297e-13,-7.985310980829459e-16
370.1,-3.672498207004834e-13,-7.986483243834566e-16
370.11,-3.672022214778161e-13,-7.983203195548952e-16
370.12,-3.6715412092296425e-13,-7.983275472646125e-16
370.13,-3.6710621798667257e-13,-7.981527084506439e-16
370.14,-3.6705851199495686e-13,-7.980153075058922e-16
370.15,-3.670106025005512e-13,-7.978273829684067e-16
370.16,-3.669635551931691e-13,-7.979788890443764e-16
370.17,-3.6691497543750846e-13,-7.977517839318223e-16
370.18,-3.6686698283639e-13,-7.975817364937664e-16
370.19,-3.6681932292351303e-13,-7.975412161562771e-16
370.2,-3.6677132818814287e-13,-7.973759134447877e-16
370.21,-3.667233130102593e-13,-7.97330801133565e-16
370.22,-3.6667572991524e-13,-7.972049854965034e-16
370.23,-3.6662788310633285e-13,-7.971299589346973e-16
370.24,-3.665801141389961e-13,-7.969803727321465e-16
370.25,-3.6653258672664816e-13,-7.973443130972759e-16
370.26,-3.6648507412738127e-13,-7.966095372486125e-16
370.27,-3.6643670572800296e-13,-7.966989708084998e-16
370.28,-3.66389011844016e-13,-7.965439190078025e-16
370.29,-3.6634110150740864e-13,-7.963677932114312e-16
370.3,-3.662934249659055e-13,-7.962981695629428e-16
370.31,-3.662459671213969e-13,-7.962955458118376e-16
370.32,-3.6619780113410883e-13,-7.959619937500903e-16
370.33,-3.6615019277100526e-13,-7.96056896656986e-16
370.34,-3.6610264721864537e-13,-7.969128849655725e-16
370.35,-3.6605341826552055e-13,-7.961157816792585e-16
370.36,-3.660072118545272e-13,-7.956084358118799e-16
370.37,-3.6595948308883113e-13,-7.956152629146886e-16
370.38,-3.659118481358764e-13,-7.954950427989369e-16
370.39,-3.6586395493994193e-13,-7.954215397543522e-16
370.4,-3.658162293284964e-13,-7.952155793350395e-16
370.41,-3.657686347012456e-13,-7.951994421510107e-16
370.42,-3.6572097903432296e-13,-7.951256007915027e-16
370.43,-3.6567293869504084e-13,-7.946731375229578e-16
370.44,-3.656252525504121e-13,-7.943039460736879e-16
370.45,-3.65577880412492e-13,-7.946398266337672e-16
370.46,-3.655302703002212e-13,-7.946572699742145e-16
370.47,-3.6548276166717827e-13,-7.945590406639244e-16
370.48,-3.6543489836078747e-13,-7.944687772463646e-16
370.49,-3.653875511656562e-13,-7.94284546828302e-16
370.5,-3.653398338341761e-13,-7.941848570331747e-16
370.51,-3.652923658369996e-13,-7.941282253482095e-16
370.52,-3.6524485315306536e-13,-7.938694387549537e-16
370.53,-3.6519685721162463e-13,-7.940071766407306e-16
370.54,-3.6514935802176463e-13,-7.937658479157499e-16
370.55,-3.651018211195499e-13,-7.937122866394011e-16
370.56,-3.6505433197014314e-13,-7.935632808306322e-16
370.57,-3.6500634155915917e-13,-7.934996912766091e-16
370.58,-3.649591695353155e-13,-7.935030775201413e-16
370.59,-3.649115816898039e-13,-7.932459639509805e-16
370.6,-3.6486410001152344e-13,-7.932074284634998e-16
370.61,-3.648175496510867e-13,-7.932062233267763e-16
370.62,-3.6476963614122247e-13,-7.929978400893625e-16
370.63,-3.6472152198947566e-13,-7.928647504560645e-16
370.64,-3.6467438317050447e-13,-7.927186866093338e-16
370.65,-3.6462650833169577e-13,-7.925805192853236e-16
370.66,-3.645791100131971e-13,-7.925732514471419e-16
370.67,-3.6453161965324916e-13,-7.922859508899143e-16
370.68,-3.644841645229488e-13,-7.923169663127817e-16
370.69,-3.644365705551811e-13,-7.921816849780187e-16
370.7,-3.6438882869964537e-13,-7.918968350786295e-16
370.71,-3.6434189560718216e-13,-7.919204536232592e-16
370.72,-3.6429424297696673e-13,-7.918899747774066e-16
370.73,-3.6424686494292304e-13,-7.918410243960391e-16
370.74,-3.6419932145047713e-13,-7.915398990823499e-16
370.75,-3.641518064314848e-13,-7.915692281549947e-16
370.76,-3.641045934021725e-13,-7.914038471997668e-16
370.77,-3.640570897561917e-13,-7.913483378958818e-16
370.78,-3.6400967874794515e-13,-7.911698336705903e-16
370.79,-3.639617440090627e-13,-7.910013732202711e-16
370.8,-3.6391464970168726e-13,-7.909725136685098e-16
370.81,-3.6386752865282764e-13,-7.908265734589238e-16
370.82,-3.6382010487101037e-13,-7.907219693521695e-16
370.83,-3.6377269466047247e-13,-7.906667488286228e-16
370.84,-3.6372581757514965e-13,-7.905726623827074e-16
370.85,-3.636782269587097e-13,-7.904875180844981e-16
370.86,-3.6363060601937916e-13,-7.903381102754381e-16
370.87,-3.635831453586869e-13,-7.902986856704597e-16
370.88,-3.6353574330114956e-13,-7.9013330480475375e-16
370.89,-3.63488839847983e-13,-7.900487157362411e-16
370.9,-3.6344142275345746e-13,-7.898462559852734e-16
370.91,-3.6339406915013394e-13,-7.897241914941514e-16
370.92,-3.6334680405536184e-13,-7.898144140718109e-16
370.93,-3.6329908213395936e-13,-7.89544915040134e-16
370.94,-3.63252051360765e-13,-7.896679069067364e-16
370.95,-3.63204908038357e-13,-7.893659179850843e-16
370.96,-3.631577563153239e-13,-7.893622365029969e-16
370.97,-3.631102526068783e-13,-7.893973804119654e-16
370.98,-3.630630239787209e-13,-7.890871973345896e-16
370.99,-3.630158103396151e-13,-7.889302474143002e-16
371.0,-3.629682932422418e-13,-7.887787985575826e-16
371.01,-3.6292127855677855e-13,-7.88753339752958e-16
371.02,-3.628739854169038e-13,-7.886196878930352e-16
371.03,-3.6282684642012506e-13,-7.885017106505315e-16
371.04,-3.6277946570816527e-13,-7.884982022959397e-16
371.05,-3.62732406942733e-13,-7.8841297956125655e-16
371.06,-3.6268604629376313e-13,-7.882054675022009e-16
371.07,-3.626378857182023e-13,-7.879700361480155e-16
371.08,-3.6259098320427946e-13,-7.880219444200037e-16
371.09,-3.625436074355513e-13,-7.877930303627493e-16
371.1,-3.624965581652233e-13,-7.877169337617501e-16
371.11,-3.6244927752809616e-13,-7.876168960196674e-16
371.12,-3.624022326300449e-13,-7.874752002849957e-16
371.13,-3.6235467694757745e-13,-7.873982750475084e-16
371.14,-3.623078766245035e-13,-7.873217011219476e-16
371.15,-3.6226107563120124e-13,-7.872718512727684e-16
371.16,-3.622134532986411e-13,-7.87166341290013e-16
371.17,-3.6216644766602113e-13,-7.870310587419646e-16
371.18,-3.621192243294732e-13,-7.868115897823644e-16
371.19,-3.6207191334603606e-13,-7.866005906870459e-16
371.2,-3.620251342051361e-13,-7.867353942491109e-16
371.21,-3.619781497559791e-13,-7.865317952469203e-16
371.22,-3.6193080136034276e-13,-7.863748238245188e-16
371.23,-3.618837557571703e-13,-7.863286648166805e-16
371.24,-3.6183657055502325e-13,-7.862099968872822e-16
371.25,-3.617896907598313e-13,-7.860570667129233e-16
371.26,-3.6174256536590935e-13,-7.859450470057381e-16
371.27,-3.6169551357364186e-13,-7.858459966872807e-16
371.28,-3.616485714776713e-13,-7.857199766664083e-16
371.29,-3.6160146589075664e-13,-7.856524408518396e-16
371.3,-3.6155443683723193e-13,-7.855443156889129e-16
371.31,-3.6150744873975493e-13,-7.854008295758605e-16
371.32,-3.6146023881749287e-13,-7.853313636170757e-16
371.33,-3.6141337744936056e-13,-7.851958519513631e-16
371.34,-3.613661676460986e-13,-7.85062787782312e-16
371.35,-3.61319253705047e-13,-7.8496785328576335e-16
371.36,-3.612720930471463e-13,-7.848294171016222e-16
371.37,-3.612252414956437e-13,-7.84734500766965e-16
371.38,-3.6117843260461835e-13,-7.846058382812198e-16
371.39,-3.611314267348414e-13,-7.8452561807095795e-16
371.4,-3.6108439747554567e-13,-7.843633641538071e-16
371.41,-3.610374758902265e-13,-7.842003274043222e-16
371.42,-3.609906316433778e-13,-7.841524941864869e-16
371.43,-3.6094388156370536e-13,-7.841879046043194e-16
371.44,-3.6089673917144257e-13,-7.839544339055271e-16
371.45,-3.6084959333105866e-13,-7.838792878967287e-16
371.46,-3.6080290385725457e-13,-7.83701676946965e-16
371.47,-3.6075585715901025e-13,-7.835751876922061e-16
371.48,-3.6070860539198135e-13,-7.833897700612883e-16
371.49,-3.6066185783268753e-13,-7.834158927699553e-16
371.5,-3.6061536458662245e-13,-7.833717710909287e-16
371.51,-3.6056832662428524e-13,-7.831192262034774e-16
371.52,-3.6052168867829135e-13,-7.83147003984988e-16
371.53,-3.6047517431071155e-13,-7.830679485881435e-16
371.54,-3.604278996983098e-13,-7.828346890531309e-16
371.55,-3.6038089466712205e-13,-7.826965947379333e-16
371.56,-3.6033406842845264e-13,-7.826446321587885e-16
371.57,-3.602871836344073e-13,-7.82534179946205e-16
371.58,-3.6024035860938956e-13,-7.824303202947906e-16
371.59,-3.601936585250744e-13,-7.823179924647398e-16
371.6,-3.601467841527517e-13,-7.821307159385227e-16
371.61,-3.6009982535819834e-13,-7.819570366961997e-16
371.62,-3.600533015106633e-13,-7.819748378062634e-16
371.63,-3.600061859425411e-13,-7.817151546009453e-16
371.64,-3.599594951883477e-13,-7.816495586479341e-16
371.65,-3.5991286425262297e-13,-7.816535303205931e-16
371.66,-3.5986641815051475e-13,-7.816748754697393e-16
371.67,-3.5981927920942855e-13,-7.813188598061979e-16
371.68,-3.5977241478326075e-13,-7.81228073111948e-16
371.69,-3.597256209802204e-13,-7.811214254683001e-16
371.7,-3.5967874740831387e-13,-7.810779420716156e-16
371.71,-3.596322772191583e-13,-7.809182313937674e-16
371.72,-3.595855546366464e-13,-7.807662036261721e-16
371.73,-3.5953888680535147e-13,-7.805890451623233e-16
371.74,-3.5949213341903567e-13,-7.805259394358395e-16
371.75,-3.594455060894692e-13,-7.804681588918429e-16
371.76,-3.593987274283087e-13,-7.803031913188284e-16
371.77,-3.593522042827433e-13,-7.802192177530153e-16
371.78,-3.5930382240052225e-13,-7.796718133006343e-16
371.79,-3.5925879133139844e-13,-7.799626116973144e-16
371.8,-3.5921193848991376e-13,-7.797753189139165e-16
371.81,-3.5916533302327405e-13,-7.798029413417189e-16
371.82,-3.5911889440373315e-13,-7.796039766713484e-16
371.83,-3.5907201728938565e-13,-7.794448321727809e-16
371.84,-3.590255962844691e-13,-7.794097506727029e-16
371.85,-3.589787628695168e-13,-7.793246215737361e-16
371.86,-3.589323362382847e-13,-7.792076772051365e-16
371.87,-3.588855776216677e-13,-7.791713941823878e-16
371.88,-3.5883878563121747e-13,-7.788924502721219e-16
371.89,-3.5879221882696354e-13,-7.787960568494708e-16
371.9,-3.587458531717997e-13,-7.78788999410973e-16
371.91,-3.5869900003502876e-13,-7.785481165799344e-16
371.92,-3.5865245370221676e-13,-7.784270751031937e-16
371.93,-3.586061886283635e-13,-7.782315168040429e-16
371.94,-3.58559223964753e-13,-7.782671277346533e-16
371.95,-3.5851240041702527e-13,-7.779711583301379e-16
371.96,-3.584665888985671e-13,-7.778610973546776e-16
371.97,-3.5841978094638213e-13,-7.778602569934509e-16
371.98,-3.5837304572289453e-13,-7.777646662364522e-16
371.99,-3.5832700007528907e-13,-7.778009063834671e-16
372.0,-3.582803143796458e-13,-7.776139118792099e-16
372.01,-3.582334479545454e-13,-7.77429470438496e-16
372.02,-3.581869939396271e-13,-7.773910525396379e-16
372.03,-3.5814042952440317e-13,-7.772117319407819e-16
372.04,-3.580940099502105e-13,-7.770102002482941e-16
372.05,-3.5804716347476016e-13,-7.7669552476399145e-16
372.06,-3.580011302808569e-13,-7.768507076679617e-16
372.07,-3.5795475239184234e-13,-7.767619123535546e-16
372.08,-3.5790798940923795e-13,-7.765513502357947e-16
372.09,-3.578616404712479e-13,-7.764932968516277e-16
372.1,-3.5781512556560413e-13,-7.762813682544199e-16
372.11,-3.5776876756194574e-13,-7.762441711407169e-16
372.12,-3.5772282440241035e-13,-7.7623705243552315e-16
372.13,-3.576763379509676e-13,-7.763127115497418e-16
372.14,-3.5762985700386353e-13,-7.760247092138535e-16
372.15,-3.575830838972649e-13,-7.75678161127974e-16
372.16,-3.575367623772485e-13,-7.756435862203333e-16
372.17,-3.57490102505234e-13,-7.754194146547569e-16
372.18,-3.574435933067582e-13,-7.753493992235882e-16
372.19,-3.573973724557505e-13,-7.752617338422252e-16
372.2,-3.5735106087708547e-13,-7.7513607067152655e-16
372.21,-3.573047812423564e-13,-7.749723534137894e-16
372.22,-3.572568086394945e-13,-7.748785985528553e-16
372.23,-3.5721322113255384e-13,-7.752909987676743e-16
372.24,-3.5716562672414366e-13,-7.7471495383789e-16
372.25,-3.5711921632464975e-13,-7.745212657232791e-16
372.26,-3.570725111980846e-13,-7.743949702481963e-16
372.27,-3.5702623814379117e-13,-7.741787195358188e-16
372.28,-3.569805334142879e-13,-7.742155950604528e-16
372.29,-3.569343491336612e-13,-7.740114522752594e-16
372.3,-3.568875869076151e-13,-7.739990443896086e-16
372.31,-3.5683910149512e-13,-7.738613513095531e-16
372.32,-3.5679475188835615e-13,-7.744866028303352e-16
372.33,-3.5674884712611117e-13,-7.736006043900289e-16
372.34,-3.56702540797395e-13,-7.735182674818735e-16
372.35,-3.566561872859514e-13,-7.73427955266968e-16
372.36,-3.5660981570318046e-13,-7.73169633978113e-16
372.37,-3.565635370335439e-13,-7.731115529321991e-16
372.38,-3.5651742522708986e-13,-7.729937848539767e-16
372.39,-3.564711012787736e-13,-7.730330773240737e-16
372.4,-3.564251499181855e-13,-7.727922846558273e-16
372.41,-3.5638024755374474e-13,-7.726919596984602e-16
372.42,-3.5633252826229573e-13,-7.725022203657534e-16
372.43,-3.562862387414279e-13,-7.724097320583197e-16
372.44,-3.562399384335623e-13,-7.7225915707351685e-16
372.45,-3.561938695019422e-13,-7.721806473807101e-16
372.46,-3.561474917012315e-13,-7.720773489664399e-16
372.47,-3.561016327102794e-13,-7.719229940359691e-16
372.48,-3.560553504555764e-13,-7.71726697652806e-16
372.49,-3.5600953182106284e-13,-7.717979307632459e-16
372.5,-3.5596242966495723e-13,-7.715204302944233e-16
372.51,-3.5591673260867717e-13,-7.714269785404945e-16
372.52,-3.5587056757002736e-13,-7.712924127997308e-16
372.53,-3.5582462545496417e-13,-7.712292016306426e-16
372.54,-3.557777473287298e-13,-7.707709687996421e-16
372.55,-3.557321342140527e-13,-7.709218624493067e-16
372.56,-3.556859010625205e-13,-7.707916626715495e-16
372.57,-3.55640152697938e-13,-7.707186510191066e-16
372.58,-3.5559388492680295e-13,-7.705972351569543e-16
372.59,-3.5554800906174053e-13,-7.705199534642429e-16
372.6,-3.55501628421919e-13,-7.703640901057335e-16
372.61,-3.5545565634962715e-13,-7.702328937288808e-16
372.62,-3.5540958918149835e-13,-7.700974481909046e-16
372.63,-3.553634618263447e-13,-7.700383512971024e-16
372.64,-3.5531718180704953e-13,-7.697439406782857e-16
372.65,-3.5527117975898674e-13,-7.697059932487166e-16
372.66,-3.55225327749504e-13,-7.696228188266581e-16
372.67,-3.5517919694270936e-13,-7.693695995563604e-16
372.68,-3.5513316124701007e-13,-7.6940120581284555e-16
372.69,-3.5508720153728417e-13,-7.691961694019359e-16
372.7,-3.5504125360287854e-13,-7.691070791122734e-16
372.71,-3.549951556809775e-13,-7.6898371011193645e-16
372.72,-3.549490379405174e-13,-7.688113302392172e-16
372.73,-3.549031072620361e-13,-7.687163494708941e-16
372.74,-3.548572668982508e-13,-7.686477734553152e-16
372.75,-3.548110009326214e-13,-7.685964702688346e-16
372.76,-3.547663514453168e-13,-7.69010212901189e-16
372.77,-3.547188748675793e-13,-7.681115268323948e-16
372.78,-3.54673098176658e-13,-7.680887113689046e-16
372.79,-3.5462729602083977e-13,-7.679817433110312e-16
372.8,-3.5458125356714334e-13,-7.67793017648197e-16
372.81,-3.5453560013466727e-13,-7.678385740929397e-16
372.82,-3.544893769541847e-13,-7.67629153875725e-16
372.83,-3.544433681520287e-13,-7.673771334287488e-16
372.84,-3.543973395821511e-13,-7.673978986506801e-16
372.85,-3.5435153989240477e-13,-7.671749807074261e-16
372.86,-3.5430589545271114e-13,-7.673336382378145e-16
372.87,-3.5425973188966183e-13,-7.669532717814074e-16
372.88,-3.542136893475532e-13,-7.668541612526126e-16
372.89,-3.54168190406536e-13,-7.667931288622367e-16
372.9,-3.5412231700362325e-13,-7.666229493482784e-16
372.91,-3.540757195253364e-13,-7.664332211168163e-16
372.92,-3.540305787962363e-13,-7.66403449196608e-16
372.93,-3.539844966134337e-13,-7.661814953354548e-16
372.94,-3.5393815477997323e-13,-7.659855561679256e-16
372.95,-3.5389324689398474e-13,-7.660928645481197e-16
372.96,-3.538470215506932e-13,-7.658719573646244e-16
372.97,-3.538010239393004e-13,-7.656961992142437e-16
372.98,-3.537553623603476e-13,-7.656347095385248e-16
372.99,-3.5370947833479663e-13,-7.65482860154415e-16
373.0,-3.536639367210723e-13,-7.653968176490735e-16
373.01,-3.536174938198238e-13,-7.649833746160446e-16
373.02,-3.53572776410071e-13,-7.64833261013529e-16
373.03,-3.53526055072741e-13,-7.649334501914193e-16
373.04,-3.5348057798307285e-13,-7.64654239680661e-16
373.05,-3.5343477015851235e-13,-7.648314234718409e-16
373.06,-3.533891021967278e-13,-7.646671107232398e-16
373.07,-3.5334348370792743e-13,-7.645494048037731e-16
373.08,-3.532976898078067e-13,-7.643902985131614e-16
373.09,-3.5325194137344325e-13,-7.642274460055817e-16
373.1,-3.5320613793360315e-13,-7.640510769639337e-16
373.11,-3.531601448219081e-13,-7.643964369833402e-16
373.12,-3.5311487609991483e-13,-7.639965113116676e-16
373.13,-3.530686237829172e-13,-7.634565318194975e-16
373.14,-3.530231304138638e-13,-7.636781728863206e-16
373.15,-3.5297756442815057e-13,-7.635343810290526e-16
373.16,-3.5293201598263903e-13,-7.632537250841982e-16
373.17,-3.5288621854009763e-13,-7.632879725422438e-16
373.18,-3.528407180574531e-13,-7.632214945023651e-16
373.19,-3.527950045172194e-13,-7.629671486492494e-16
373.2,-3.527480207563143e-13,-7.627710235747072e-16
373.21,-3.5270342032746514e-13,-7.626695162818497e-16
373.22,-3.526582153940345e-13,-7.631665657128534e-16
373.23,-3.5261220752577737e-13,-7.625137790997481e-16
373.24,-3.5256662656248824e-13,-7.623473088054544e-16
373.25,-3.52521016360306e-13,-7.622624347755033e-16
373.26,-3.524753584609387e-13,-7.621173769466274e-16
373.27,-3.52429908506037e-13,-7.619742537586009e-16
373.28,-3.5238404976722593e-13,-7.618577322762832e-16
373.29,-3.5233947942041623e-13,-7.61872131613921e-16
373.3,-3.5229301393202673e-13,-7.616762144582522e-16
373.31,-3.522481499139974e-13,-7.617826599192753e-16
373.32,-3.5220155419874303e-13,-7.613057785221087e-16
373.33,-3.521562190837649e-13,-7.61152174943852e-16
373.34,-3.5211064700437684e-13,-7.611565499501521e-16
373.35,-3.520651182348038e-13,-7.610080196049423e-16
373.36,-3.5201949974613013e-13,-7.608103410833674e-16
373.37,-3.5197414694744776e-13,-7.607185611060193e-16
373.38,-3.5192869356336904e-13,-7.608947969606399e-16
373.39,-3.5188304307978963e-13,-7.602984700029644e-16
373.4,-3.5183848700500917e-13,-7.597965298072318e-16
373.41,-3.517918794791087e-13,-7.601693346966633e-16
373.42,-3.5174624383697174e-13,-7.600578955712561e-16
373.43,-3.5170089666646695e-13,-7.599375747054285e-16
373.44,-3.5165529438540623e-13,-7.597683002206995e-16
373.45,-3.516098943104822e-13,-7.597430715737733e-16
373.46,-3.5156459160489125e-13,-7.595728306783203e-16
373.47,-3.515185463970557e-13,-7.59426080957288e-16
373.48,-3.5147372740819897e-13,-7.592584547080343e-16
373.49,-3.5142756446811305e-13,-7.595685092408842e-16
373.5,-3.513830578585413e-13,-7.5938199199852355e-16
373.51,-3.513369037240483e-13,-7.588215198902557e-16
373.52,-3.5129174531133573e-13,-7.58813342084921e-16
373.53,-3.5124643820015377e-13,-7.586943608577633e-16
373.54,-3.5120094480321195e-13,-7.585282679952594e-16
373.55,-3.5115555229726125e-13,-7.584020905816855e-16
373.56,-3.5110979623624843e-13,-7.580272841964341e-16
373.57,-3.5106578663285923e-13,-7.5846256341319e-16
373.58,-3.5101908301326596e-13,-7.581413619693941e-16
373.59,-3.5097399899712464e-13,-7.579653793017226e-16
373.6,-3.5092895737187956e-13,-7.575205465120216e-16
373.61,-3.508833304362201e-13,-7.575535238019874e-16
373.62,-3.508378399528625e-13,-7.574743419138287e-16
373.63,-3.5079279926210987e-13,-7.5738669401715e-16
373.64,-3.507471946048096e-13,-7.5719398543823e-16
373.65,-3.507022520541495e-13,-7.570103497964359e-16
373.66,-3.5065653308944764e-13,-7.570197637415151e-16
373.67,-3.506111170029771e-13,-7.568365511229185e-16
373.68,-3.5056588865130974e-13,-7.567651324129997e-16
373.69,-3.5052043147601675e-13,-7.565838993926347e-16
373.7,-3.504752764132217e-13,-7.563919063650596e-16
373.71,-3.504298723046227e-13,-7.564221863764072e-16
373.72,-3.5038477673331557e-13,-7.56251202233107e-16
373.73,-3.503395530665736e-13,-7.561843848972501e-16
373.74,-3.502945039018513e-13,-7.561277661281915e-16
373.75,-3.5024815305819087e-13,-7.551481087670668e-16
373.76,-3.5020380211917295e-13,-7.556049081862388e-16
373.77,-3.501583178618474e-13,-7.555232484571735e-16
373.78,-3.50113134912834e-13,-7.554999663185439e-16
373.79,-3.500679879273344e-13,-7.552069578294369e-16
373.8,-3.50022468024021e-13,-7.552467354688489e-16
373.81,-3.4997730568058884e-13,-7.550354375404071e-16
373.82,-3.499320263931681e-13,-7.549531971526803e-16
373.83,-3.498868459966502e-13,-7.549359987184046e-16
373.84,-3.498415055338884e-13,-7.547147506844091e-16
373.85,-3.497961901315901e-13,-7.545551496635413e-16
373.86,-3.497514825040558e-13,-7.543863197309787e-16
373.87,-3.497061415185147e-13,-7.54465308125405e-16
373.88,-3.496610995679621e-13,-7.542035900420694e-16
373.89,-3.496157847179259e-13,-7.540534850505095e-16
373.9,-3.4957083522535285e-13,-7.53964092510093e-16
373.91,-3.495255262570323e-13,-7.537670022323193e-16
373.92,-3.494801553959e-13,-7.535466608231498e-16
373.93,-3.494353284096934e-13,-7.536292836453621e-16
373.94,-3.4938979888622915e-13,-7.533610850401741e-16
373.95,-3.493450839871562e-13,-7.532990429378476e-16
373.96,-3.4929995989538946e-13,-7.531762507625277e-16
373.97,-3.4925478723156913e-13,-7.530020582673366e-16
373.98,-3.4920951359400685e-13,-7.528519044220847e-16
373.99,-3.491646330668654e-13,-7.527589592289971e-16
374.0,-3.4911944311604175e-13,-7.526483568081096e-16
374.01,-3.490740531192723e-13,-7.52564081551844e-16
374.02,-3.490290492275655e-13,-7.522508400665285e-16
374.03,-3.4898424475363395e-13,-7.524443963780155e-16
374.04,-3.4893931008115055e-13,-7.522409408757774e-16
374.05,-3.4889423163588027e-13,-7.520112569521224e-16
374.06,-3.488491257758613e-13,-7.518383364875935e-16
374.07,-3.4880406464456445e-13,-7.517361644096927e-16
374.08,-3.487591142203748e-13,-7.516341342466798e-16
374.09,-3.4871400624102034e-13,-7.514406970293635e-16
374.1,-3.486682481232205e-13,-7.514765618810028e-16
374.11,-3.4862390331202674e-13,-7.511265680226735e-16
374.12,-3.485793406112372e-13,-7.511349370610487e-16
374.13,-3.4853400630080246e-13,-7.509830560256742e-16
374.14,-3.484888914557798e-13,-7.508558517851383e-16
374.15,-3.484441692258339e-13,-7.507972795461373e-16
374.16,-3.483989124939413e-13,-7.505073072240389e-16
374.17,-3.483540114002282e-13,-7.504297954178636e-16
374.18,-3.483089375666916e-13,-7.502576413926254e-16
374.19,-3.482655501142007e-13,-7.501481540904838e-16
374.2,-3.4822062788715474e-13,-7.5081996521548115e-16
374.21,-3.4817446426547184e-13,-7.499494533702304e-16
374.22,-3.4812925005142916e-13,-7.498546894561219e-16
374.23,-3.480842107037131e-13,-7.494945186047235e-16
374.24,-3.480393558390918e-13,-7.49365779486108e-16
374.25,-3.479948840448053e-13,-7.49537152078187e-16
374.26,-3.479496260363332e-13,-7.492593229717606e-16
374.27,-3.479047242511836e-13,-7.489979572124757e-16
374.28,-3.4785913364009107e-13,-7.486281050071756e-16
374.29,-3.478140360854769e-13,-7.488197777474357e-16
374.3,-3.4776995857258353e-13,-7.487003642447265e-16
374.31,-3.477250549245906e-13,-7.485750127145785e-16
374.32,-3.4768039465670694e-13,-7.48395242932113e-16
374.33,-3.4763555941139063e-13,-7.483247639285293e-16
374.34,-3.47590731050493e-13,-7.483963544784079e-16
374.35,-3.4754584120807256e-13,-7.480876263713187e-16
374.36,-3.475006321333895e-13,-7.480352785930408e-16
374.37,-3.4745634031357344e-13,-7.480391238133541e-16
374.38,-3.474127305135836e-13,-7.47820732808791e-16
374.39,-3.4736634700204505e-13,-7.474059920217659e-16
374.4,-3.4732200501089033e-13,-7.474250582471868e-16
374.41,-3.472767926623942e-13,-7.47303254056847e-16
374.42,-3.4723209197061977e-13,-7.472381142427717e-16
374.43,-3.471872694584595e-13,-7.470594241599676e-16
374.44,-3.471427417887508e-13,-7.470087024589096e-16
374.45,-3.470978948095416e-13,-7.468441694142395e-16
374.46,-3.4705264903850653e-13,-7.467668051981153e-16
374.47,-3.470081853910231e-13,-7.463417426605491e-16
374.48,-3.4696358761854155e-13,-7.465503820075394e-16
374.49,-3.4691920120605977e-13,-7.463064038218111e-16
374.5,-3.4687414879593233e-13,-7.462690953897063e-16
374.51,-3.4682948581762465e-13,-7.461062583436156e-16
374.52,-3.467850486533081e-13,-7.458317530928951e-16
374.53,-3.4673998817786147e-13,-7.458302677146449e-16
374.54,-3.46695183960132e-13,-7.457296009620581e-16
374.55,-3.46650577564857e-13,-7.4530690955684865e-16
374.56,-3.4660574414085767e-13,-7.45390730172354e-16
374.57,-3.465611917682529e-13,-7.454832980653016e-16
374.58,-3.465163549444927e-13,-7.451131804227673e-16
374.59,-3.4647166289690305e-13,-7.450614703796945e-16
374.6,-3.4642695470518036e-13,-7.448948211437198e-16
374.61,-3.463825854631755e-13,-7.447977652551697e-16
374.62,-3.463377592056899e-13,-7.445993335488144e-16
374.63,-3.462932227137126e-13,-7.445070566416038e-16
374.64,-3.4624915997013523e-13,-7.444705484154049e-16
374.65,-3.462041553050835e-13,-7.443102757047206e-16
374.66,-3.4615942982900563e-13,-7.441072935606966e-16
374.67,-3.4611466265927654e-13,-7.439379493304925e-16
374.68,-3.460700623877569e-13,-7.439391660013255e-16
374.69,-3.460254932607276e-13,-7.43825783707316e-16
374.7,-3.459810177676432e-13,-7.4366488714838275e-16
374.71,-3.459363132199367e-13,-7.434166819387222e-16
374.72,-3.4589180724332253e-13,-7.433974829296492e-16
374.73,-3.458468713366619e-13,-7.437392006559791e-16
374.74,-3.458026566181569e-13,-7.430648637379219e-16
374.75,-3.4575791156129136e-13,-7.42875961063394e-16
374.76,-3.457136567412488e-13,-7.428268422781288e-16
374.77,-3.4566876855068676e-13,-7.426572859794468e-16
374.78,-3.456240729216375e-13,-7.42615410099455e-16
374.79,-3.455799412555399e-13,-7.424274155531947e-16
374.8,-3.455355247871728e-13,-7.422654128751014e-16
374.81,-3.4549082840691945e-13,-7.421873397275151e-16
374.82,-3.4544625175802453e-13,-7.421337201766088e-16
374.83,-3.4540204261492437e-13,-7.419840499751132e-16
374.84,-3.453573225588035e-13,-7.417360355951181e-16
374.85,-3.453124540184587e-13,-7.41615481886461e-16
374.86,-3.452688055178637e-13,-7.416527790819849e-16
374.87,-3.452241124013245e-13,-7.415035886963935e-16
374.88,-3.4517906477236e-13,-7.414373118380739e-16
374.89,-3.451350075972422e-13,-7.411908498039917e-16
374.9,-3.450906473206687e-13,-7.409877692743236e-16
374.91,-3.450462366188838e-13,-7.407390608082339e-16
374.92,-3.450018142486003e-13,-7.408401360193285e-16
374.93,-3.4495708100780855e-13,-7.407297729005402e-16
374.94,-3.4491294269484896e-13,-7.40624218057297e-16
374.95,-3.4486849163182553e-13,-7.403143366603681e-16
374.96,-3.4482421459933305e-13,-7.403098060965659e-16
374.97,-3.447797587781718e-13,-7.402356880190085e-16
374.98,-3.447352987144951e-13,-7.399259881646358e-16
374.99,-3.446909437200261e-13,-7.399067825219885e-16
375.0,-3.4464674134641725e-13,-7.396963542215957e-16
375.01,-3.446019736758242e-13,-7.396872706603243e-16
375.02,-3.445577936398652e-13,-7.397209610708516e-16
375.03,-3.4451330098060727e-13,-7.395674526507103e-16
375.04,-3.44469096445511e-13,-7.392995625675503e-16
375.05,-3.4442462972070345e-13,-7.391105007098825e-16
375.06,-3.443802673401073e-13,-7.390532309800716e-16
375.07,-3.4433596348843556e-13,-7.389076389328202e-16
375.08,-3.442915746181924e-13,-7.387052016792377e-16
375.09,-3.442478065060222e-13,-7.385699803425925e-16
375.1,-3.4420246849953204e-13,-7.384959752164222e-16
375.11,-3.441590497011176e-13,-7.384281666017048e-16
375.12,-3.4411427940481585e-13,-7.382987808630968e-16
375.13,-3.440701564648643e-13,-7.382015776941359e-16
375.14,-3.440259493881753e-13,-7.380374158979239e-16
375.15,-3.439816520499629e-13,-7.379424798731836e-16
375.16,-3.4393742458342795e-13,-7.377594918656126e-16
375.17,-3.438932306012983e-13,-7.376741087934834e-16
375.18,-3.438487431595051e-13,-7.375430140771971e-16
375.19,-3.438043955783478e-13,-7.37381005461694e-16
375.2,-3.4376049432032687e-13,-7.372661048637985e-16
375.21,-3.4371609228649615e-13,-7.371558562240626e-16
375.22,-3.436717422375956e-13,-7.370173938658183e-16
375.23,-3.436277476267987e-13,-7.369113323532543e-16
375.24,-3.4358352521364716e-13,-7.368251720433842e-16
375.25,-3.4353917048033244e-13,-7.366169709240998e-16
375.26,-3.434950504884756e-13,-7.3652846251428345e-16
375.27,-3.4345079840074395e-13,-7.364447849995684e-16
375.28,-3.4340669284426546e-13,-7.362547062413397e-16
375.29,-3.4336236859021613e-13,-7.360139984409273e-16
375.3,-3.433184039688484e-13,-7.36034936135791e-16
375.31,-3.4327397648198947e-13,-7.358432818533711e-16
375.32,-3.4322993794785803e-13,-7.357331713707089e-16
375.33,-3.4318593437749785e-13,-7.356289277466119e-16
375.34,-3.431417056684971e-13,-7.355540378895182e-16
375.35,-3.430977928078096e-13,-7.354877624024637e-16
375.36,-3.430539305097143e-13,-7.353498131101445e-16
375.37,-3.4300917435251155e-13,-7.350841029679021e-16
375.38,-3.429651513241184e-13,-7.349738516983281e-16
375.39,-3.429207620398459e-13,-7.348072222324796e-16
375.4,-3.4287722020892194e-13,-7.347738729410182e-16
375.41,-3.4283287105348455e-13,-7.346534331395265e-16
375.42,-3.42788687999412e-13,-7.345065985817296e-16
375.43,-3.4274471591810003e-13,-7.344122251369621e-16
375.44,-3.4270069855486715e-13,-7.343113431547205e-16
375.45,-3.426573987856336e-13,-7.3407717424024e-16
375.46,-3.4261247831183307e-13,-7.341603459782206e-16
375.47,-3.4256822913474485e-13,-7.340034757287544e-16
375.48,-3.4252440237854786e-13,-7.337022177841271e-16
375.49,-3.4248026319836553e-13,-7.336917630008523e-16
375.5,-3.424364530377438e-13,-7.335687804076677e-16
375.51,-3.4239251520594775e-13,-7.335754159667419e-16
375.52,-3.4234830275815487e-13,-7.332120075461308e-16
375.53,-3.423042272976193e-13,-7.332226826612833e-16
375.54,-3.4226055083250363e-13,-7.332988406074419e-16
375.55,-3.4221629502610407e-13,-7.329045779255379e-16
375.56,-3.4217225692878685e-13,-7.328941798143783e-16
375.57,-3.4212853368774553e-13,-7.327558149581439e-16
375.58,-3.420846695078939e-13,-7.325595655065844e-16
375.59,-3.4204024788870405e-13,-7.325286658671565e-16
375.6,-3.419965956775814e-13,-7.323851565695064e-16
375.61,-3.41952563693044e-13,-7.32153094849904e-16
375.62,-3.419087161803273e-13,-7.321487058871364e-16
375.63,-3.41864481006649e-13,-7.320379218167931e-16
375.64,-3.4182049432738144e-13,-7.317646228460437e-16
375.65,-3.4177679806289073e-13,-7.317678146758742e-16
375.66,-3.4173263997854135e-13,-7.315257482760491e-16
375.67,-3.4168936375913133e-13,-7.313133053474973e-16
375.68,-3.4164492216156937e-13,-7.312797151715048e-16
375.69,-3.4160107515714174e-13,-7.311651010906228e-16
375.7,-3.415571554427294e-13,-7.310182683332696e-16
375.71,-3.4151333896814576e-13,-7.309967889291522e-16
375.72,-3.414701469843917e-13,-7.306621871149324e-16
375.73,-3.414255555539709e-13,-7.306900684306504e-16
375.74,-3.413817526938627e-13,-7.305334498446811e-16
375.75,-3.413379336851281e-13,-7.305235720907437e-16
375.76,-3.4129413973348956e-13,-7.303608799548391e-16
375.77,-3.412502245664068e-13,-7.30120229393163e-16
375.78,-3.412062160154287e-13,-7.301335348240105e-16
375.79,-3.4116218019666307e-13,-7.299087635163321e-16
375.8,-3.411185975097173e-13,-7.297631181303407e-16
375.81,-3.410746499986402e-13,-7.295242061017415e-16
375.82,-3.4103122294032483e-13,-7.295929358485753e-16
375.83,-3.409872981530292e-13,-7.2946519538279335e-16
375.84,-3.409436953125989e-13,-7.292324439146968e-16
375.85,-3.4089962247966335e-13,-7.292960307893815e-16
375.86,-3.408557540271599e-13,-7.291061808002084e-16
375.87,-3.4081254093551195e-13,-7.292783562659466e-16
375.88,-3.407685220661087e-13,-7.289858557115792e-16
375.89,-3.4072510902932277e-13,-7.289441169575794e-16
375.9,-3.406811784953698e-13,-7.287828304427397e-16
375.91,-3.4063691264778077e-13,-7.284268034125474e-16
375.92,-3.4059325877698677e-13,-7.284547088170346e-16
375.93,-3.40549200878024e-13,-7.283542980255234e-16
375.94,-3.4050552759616206e-13,-7.281779603907981e-16
375.95,-3.404619435302581e-13,-7.280076943618025e-16
375.96,-3.404183821177045e-13,-7.27922992307674e-16
375.97,-3.4037453136110447e-13,-7.27774993046519e-16
375.98,-3.4033045435460886e-13,-7.276618449623913e-16
375.99,-3.4028757553394697e-13,-7.27459150739295e-16
376.0,-3.4024380006139463e-13,-7.275434659929015e-16
376.01,-3.4020001017304603e-13,-7.274609394825843e-16
376.02,-3.4015626848876976e-13,-7.271876664089467e-16
376.03,-3.4011262412233714e-13,-7.271379418967759e-16
376.04,-3.4006885521044347e-13,-7.269218871773721e-16
376.05,-3.4002521947115875e-13,-7.268457469918361e-16
376.06,-3.399816944613821e-13,-7.267285381075517e-16
376.07,-3.399372522006365e-13,-7.262895119813497e-16
376.08,-3.3989321394350183e-13,-7.260721135979494e-16
376.09,-3.398506265010008e-13,-7.263667788760876e-16
376.1,-3.39807165888891e-13,-7.262562072022936e-16
376.11,-3.3976361237851827e-13,-7.261277010465721e-16
376.12,-3.3971980193297107e-13,-7.259827795427301e-16
376.13,-3.3967632271632843e-13,-7.259243149480462e-16
376.14,-3.3963267960132526e-13,-7.258320612891518e-16
376.15,-3.395891622477612e-13,-7.257051196532713e-16
376.16,-3.3954686646698995e-13,-7.263270441845538e-16
376.17,-3.395018663631183e-13,-7.259468641612327e-16
376.18,-3.394583756312841e-13,-7.253512221847459e-16
376.19,-3.39414922404986e-13,-7.250349233457427e-16
376.2,-3.3937141319735365e-13,-7.250838488868837e-16
376.21,-3.393277801808116e-13,-7.24938688103586e-16
376.22,-3.392842314237784e-13,-7.249423012930863e-16
376.23,-3.3924076550348257e-13,-7.247127745104182e-16
376.24,-3.3919728322205357e-13,-7.24693914992692e-16
376.25,-3.391537408069031e-13,-7.243646616456108e-16
376.26,-3.3911000982248074e-13,-7.248038136764952e-16
376.27,-3.39066621653135e-13,-7.242511543347657e-16
376.28,-3.3902324343631125e-13,-7.241262264813253e-16
376.29,-3.3897961793628245e-13,-7.24027160494952e-16
376.3,-3.389360570175686e-13,-7.239280494732599e-16
376.31,-3.3889250433590125e-13,-7.237580245341691e-16
376.32,-3.388491421275409e-13,-7.236827912293862e-16
376.33,-3.388056863843354e-13,-7.235394711731774e-16
376.34,-3.3876239925775503e-13,-7.235023992521944e-16
376.35,-3.3871972970925296e-13,-7.2381210440205205e-16
376.36,-3.3867572455780515e-13,-7.232263292773124e-16
376.37,-3.386319546137661e-13,-7.231403527496262e-16
376.38,-3.385886846897423e-13,-7.230160210252886e-16
376.39,-3.3854530773046934e-13,-7.228891427209009e-16
376.4,-3.385018875178114e-13,-7.229339303592879e-16
376.41,-3.384583540629419e-13,-7.225884895737312e-16
376.42,-3.3841503883039925e-13,-7.224883975671464e-16
376.43,-3.383711021187801e-13,-7.222092358679519e-16
376.44,-3.383282753171676e-13,-7.22179151256627e-16
376.45,-3.382847108738545e-13,-7.221837386905459e-16
376.46,-3.382412719489913e-13,-7.21952623442503e-16
376.47,-3.381979887286674e-13,-7.219402726039062e-16
376.48,-3.381546376264078e-13,-7.218222203120167e-16
376.49,-3.381114704953336e-13,-7.217387589174363e-16
376.5,-3.380678532537543e-13,-7.215817809831049e-16
376.51,-3.380245260174282e-13,-7.214429048708679e-16
376.52,-3.3798147561518017e-13,-7.212903001039512e-16
376.53,-3.379376741021708e-13,-7.211524202537859e-16
376.54,-3.3789458831601227e-13,-7.211330893025669e-16
376.55,-3.37851281508114e-13,-7.210347046622656e-16
376.56,-3.378078950880574e-13,-7.208062466107174e-16
376.57,-3.377646228578443e-13,-7.207084613691752e-16
376.58,-3.3772143821573875e-13,-7.206687790205818e-16
376.59,-3.3767816484977625e-13,-7.205681233460694e-16
376.6,-3.3763483436890066e-13,-7.205299422600746e-16
376.61,-3.3759208892349794e-13,-7.203078827567359e-16
376.62,-3.375485366489074e-13,-7.202974549511552e-16
376.63,-3.375050849712524e-13,-7.20057126156012e-16
376.64,-3.37461736218519e-13,-7.20041408961441e-16
376.65,-3.3741876239730615e-13,-7.199283020916257e-16
376.66,-3.373755634792746e-13,-7.197831146629184e-16
376.67,-3.373320925129712e-13,-7.196442500531948e-16
376.68,-3.3728911093094764e-13,-7.195523105119753e-16
376.69,-3.3724567100121265e-13,-7.194209444852902e-16
376.7,-3.372021989465886e-13,-7.192367241057945e-16
376.71,-3.3715925615302865e-13,-7.191632215067131e-16
376.72,-3.371160475566296e-13,-7.19075690011175e-16
376.73,-3.3707297444086554e-13,-7.189607250485984e-16
376.74,-3.370297908116165e-13,-7.188065320506435e-16
376.75,-3.3698616117275737e-13,-7.186198374153309e-16
376.76,-3.3694336467664485e-13,-7.186386997113963e-16
376.77,-3.3690028920694523e-13,-7.185729512230375e-16
376.78,-3.3685661230007397e-13,-7.184125629985328e-16
376.79,-3.368139236695123e-13,-7.183482200575148e-16
376.8,-3.367707152440655e-13,-7.181303783921062e-16
376.81,-3.3672742150798424e-13,-7.180404437732896e-16
376.82,-3.3668456049733954e-13,-7.182138168016703e-16
376.83,-3.366413343168845e-13,-7.178341931813096e-16
376.84,-3.3659817090502946e-13,-7.17710181676882e-16
376.85,-3.365547285281856e-13,-7.173645719992698e-16
376.86,-3.3651198798768137e-13,-7.174276657924816e-16
376.87,-3.3646943058767163e-13,-7.171128655757071e-16
376.88,-3.3642571490318203e-13,-7.17262878020032e-16
376.89,-3.363826854450772e-13,-7.17321877511878e-16
376.9,-3.3633969707958204e-13,-7.171410129716375e-16
376.91,-3.362964238931061e-13,-7.16951656604755e-16
376.92,-3.3625349245706077e-13,-7.168132976232649e-16
376.93,-3.3621045077881114e-13,-7.167454550102286e-16
376.94,-3.361674865863608e-13,-7.166081507444116e-16
376.95,-3.3612437055289753e-13,-7.164574811417844e-16
376.96,-3.360821963304133e-13,-7.166140288311321e-16
376.97,-3.360386194639242e-13,-7.163331753219308e-16
376.98,-3.3599507877630883e-13,-7.160976018564359e-16
376.99,-3.359521263918756e-13,-7.160630415129585e-16
377.0,-3.359088578639272e-13,-7.158374324054333e-16
377.01,-3.358661361708472e-13,-7.157783453895852e-16
377.02,-3.3582305905893666e-13,-7.157304701828095e-16
377.03,-3.3578046907090405e-13,-7.155996984779374e-16
377.04,-3.3573729935066226e-13,-7.154639918661309e-16
377.05,-3.3569339109749844e-13,-7.153457756390673e-16
377.06,-3.356518617846782e-13,-7.154266131045519e-16
377.07,-3.356074503904171e-13,-7.153317940586319e-16
377.08,-3.3556532535357107e-13,-7.150514686181767e-16
377.09,-3.355222294122865e-13,-7.149047309878697e-16
377.1,-3.3547934977956336e-13,-7.148442879092389e-16
377.11,-3.354365945750245e-13,-7.147647869349387e-16
377.12,-3.353935520087538e-13,-7.14597109839867e-16
377.13,-3.3535075473501766e-13,-7.144138648680483e-16
377.14,-3.353080685621275e-13,-7.134970686658396e-16
377.15,-3.3526519475557525e-13,-7.1445451154940405e-16
377.16,-3.352227563705774e-13,-7.139681885354061e-16
377.17,-3.351792699922376e-13,-7.140406211237308e-16
377.18,-3.351360750713584e-13,-7.139334394344323e-16
377.19,-3.35093151901448e-13,-7.138468553125185e-16
377.2,-3.3505042469794833e-13,-7.137688054106155e-16
377.21,-3.350075503646791e-13,-7.136381901526723e-16
377.22,-3.3496465694299114e-13,-7.135502820800154e-16
377.23,-3.3492191362046076e-13,-7.139291090321659e-16
377.24,-3.3487889640659636e-13,-7.134214477258742e-16
377.25,-3.3483643176992717e-13,-7.125649624842659e-16
377.26,-3.3479307770428646e-13,-7.131479869821684e-16
377.27,-3.347503257153955e-13,-7.130029033399099e-16
377.28,-3.3470751277373536e-13,-7.128421496563822e-16
377.29,-3.3466483651229513e-13,-7.126738872264451e-16
377.3,-3.3462200898025627e-13,-7.126456690802876e-16
377.31,-3.345790920673861e-13,-7.125720963639517e-16
377.32,-3.3453630336131263e-13,-7.126130755223485e-16
377.33,-3.3449333036666706e-13,-7.122855666257431e-16
377.34,-3.3444930248386566e-13,-7.118310984811359e-16
377.35,-3.3440807159871015e-13,-7.120665227878398e-16
377.36,-3.3436506943076954e-13,-7.120215515405202e-16
377.37,-3.3432262413089297e-13,-7.118934707518908e-16
377.38,-3.342797698053267e-13,-7.118246923662177e-16
377.39,-3.3423705519191863e-13,-7.116208834898895e-16
377.4,-3.34194211913485e-13,-7.115167198494158e-16
377.41,-3.3415086557537895e-13,-7.112460938763068e-16
377.42,-3.341093894026359e-13,-7.117756614509305e-16
377.43,-3.3406674360549214e-13,-7.115031982663111e-16
377.44,-3.3402331321504707e-13,-7.111702570521234e-16
377.45,-3.339805656993031e-13,-7.108742090104997e-16
377.46,-3.339377751224542e-13,-7.108842000886565e-16
377.47,-3.338952211591791e-13,-7.108653550866463e-16
377.48,-3.3385202999596183e-13,-7.106930692287947e-16
377.49,-3.3380991024069744e-13,-7.106069544424013e-16
377.5,-3.3376694993446144e-13,-7.102487007682322e-16
377.51,-3.337236222088776e-13,-7.103683661313863e-16
377.52,-3.3368231115347524e-13,-7.105517201693407e-16
377.53,-3.3363930492113044e-13,-7.102306398355385e-16
377.54,-3.335965039928368e-13,-7.101142380403425e-16
377.55,-3.335537344498361e-13,-7.100543389090135e-16
377.56,-3.3351109188590677e-13,-7.098881304221033e-16
377.57,-3.334685866584475e-13,-7.098317759696752e-16
377.58,-3.334258318258587e-13,-7.096565460476002e-16
377.59,-3.333831580769604e-13,-7.093483092994771e-16
377.6,-3.3334023233930907e-13,-7.093743307383144e-16
377.61,-3.332982451551426e-13,-7.090783598045541e-16
377.62,-3.3325535492696286e-13,-7.092253155155257e-16
377.63,-3.332128061551653e-13,-7.091922355565552e-16
377.64,-3.331692480166345e-13,-7.08536051086818e-16
377.65,-3.331277795773341e-13,-7.088540974442658e-16
377.66,-3.3308526044165534e-13,-7.088657747715383e-16
377.67,-3.3304232192515993e-13,-7.087067466598932e-16
377.68,-3.32999792910047e-13,-7.088428965858308e-16
377.69,-3.329568920755385e-13,-7.084654378482739e-16
377.7,-3.3291468499542996e-13,-7.08276511497831e-16
377.71,-3.3287234726637146e-13,-7.083984216826514e-16
377.72,-3.32829723160484e-13,-7.082440868998786e-16
377.73,-3.3278729681658253e-13,-7.081599556106595e-16
377.74,-3.3274522328038116e-13,-7.080686973960278e-16
377.75,-3.3270235265185954e-13,-7.078578679300042e-16
377.76,-3.3265927890308717e-13,-7.077667601443218e-16
377.77,-3.3261737008876163e-13,-7.079220289487877e-16
377.78,-3.3257440610956644e-13,-7.076069055742042e-16
377.79,-3.3253200146600966e-13,-7.076715212611313e-16
377.8,-3.3248960997215756e-13,-7.074064281208172e-16
377.81,-3.324471804833621e-13,-7.0727806997642645e-16
377.82,-3.324048891813951e-13,-7.071865863340134e-16
377.83,-3.323624212456939e-13,-7.071392453608844e-16
377.84,-3.3231972784045485e-13,-7.070366878605723e-16
377.85,-3.3227742884430433e-13,-7.069544834638171e-16
377.86,-3.322348802060784e-13,-7.068780920860908e-16
377.87,-3.321925597382931e-13,-7.066102969319757e-16
377.88,-3.3214985700544347e-13,-7.067819320555125e-16
377.89,-3.321079057221045e-13,-7.066697684644837e-16
377.9,-3.3206524623984404e-13,-7.063440111132299e-16
377.91,-3.320224566977113e-13,-7.060044930189538e-16
377.92,-3.3198017942597347e-13,-7.061328549074671e-16
377.93,-3.3193798633477363e-13,-7.061149980684281e-16
377.94,-3.3189570892234735e-13,-7.06026697782859e-16
377.95,-3.3185223691910194e-13,-7.054606728399661e-16
377.96,-3.3181074032230804e-13,-7.057433347393585e-16
377.97,-3.3176893487902416e-13,-7.056103781956667e-16
377.98,-3.317261482441875e-13,-7.055568552204818e-16
377.99,-3.316839563548348e-13,-7.054771138434893e-16
378.0,-3.316413459086862e-13,-7.053256057522232e-16
378.01,-3.3159903117600744e-13,-7.05218770167835e-16
378.02,-3.315565719442525e-13,-7.051303185770549e-16
378.03,-3.3151415666730676e-13,-7.050230866512141e-16
378.04,-3.3147282597149724e-13,-7.050400635661301e-16
378.05,-3.3142911794982744e-13,-7.044134796037138e-16
378.06,-3.313873832140958e-13,-7.04570024295657e-16
378.07,-3.3134511044902567e-13,-7.046535795487052e-16
378.08,-3.3130266612582826e-13,-7.045168532737967e-16
378.09,-3.3126046306888853e-13,-7.044096297208884e-16
378.1,-3.312179635004442e-13,-7.042376944266654e-16
378.11,-3.3117572650276893e-13,-7.042172094136116e-16
378.12,-3.3113344836025186e-13,-7.040986073723468e-16
378.13,-3.310921648834016e-13,-7.034214545938821e-16
378.14,-3.310490678406603e-13,-7.047419423437452e-16
378.15,-3.310071666940572e-13,-7.036977630704322e-16
378.16,-3.3096466463438336e-13,-7.037284968120496e-16
378.17,-3.3092220156966233e-13,-7.036748893961029e-16
378.18,-3.30880006267212e-13,-7.035156519121696e-16
378.19,-3.3083789988734827e-13,-7.033404362461971e-16
378.2,-3.307954926940516e-13,-7.031933031696568e-16
378.21,-3.3075343008986176e-13,-7.033389627696229e-16
378.22,-3.30711762814176e-13,-7.0350372793620775e-16
378.23,-3.3066781862980875e-13,-7.025878341634061e-16
378.24,-3.3062642583474356e-13,-7.029565707791804e-16
378.25,-3.3058459205048566e-13,-7.028958232991627e-16
378.26,-3.3054245717084274e-13,-7.027499793177425e-16
378.27,-3.30500200991801e-13,-7.026186422740427e-16
378.28,-3.3045816693980155e-13,-7.024334117528913e-16
378.29,-3.3041592585662246e-13,-7.025226758756925e-16
378.3,-3.303739039770284e-13,-7.022851267514572e-16
378.31,-3.303310646117578e-13,-7.019885143125656e-16
378.32,-3.302893751264973e-13,-7.02181233936384e-16
378.33,-3.3024709014237153e-13,-7.02021670974971e-16
378.34,-3.302049127553666e-13,-7.019406728897828e-16
378.35,-3.3016299492343546e-13,-7.018650930319535e-16
378.36,-3.301209041244799e-13,-7.017252709515861e-16
378.37,-3.3007890800357707e-13,-7.016421898340129e-16
378.38,-3.300362402337396e-13,-7.013151782964487e-16
378.39,-3.2999452843166533e-13,-7.013496028278e-16
378.4,-3.2995265112454123e-13,-7.011418964277131e-16
378.41,-3.2991054534638544e-13,-7.013009482342309e-16
378.42,-3.2986835699935525e-13,-7.012146645900107e-16
378.43,-3.298261434329897e-13,-7.007770822480683e-16
378.44,-3.297840686935276e-13,-7.008919085427698e-16
378.45,-3.297419052316145e-13,-7.008053417238635e-16
378.46,-3.296996483533334e-13,-7.006469547503098e-16
378.47,-3.2965775062966306e-13,-7.005605529060851e-16
378.48,-3.2961584460591255e-13,-7.005242563181324e-16
378.49,-3.2957435461950273e-13,-7.006281279033452e-16
378.5,-3.295315285979774e-13,-7.002307754271162e-16
378.51,-3.294902626930296e-13,-7.004005664944021e-16
378.52,-3.2944778283270303e-13,-7.00139681227175e-16
378.53,-3.294053513272073e-13,-6.998464964362307e-16
378.54,-3.2936367944230206e-13,-6.998674716513112e-16
378.55,-3.293215667781308e-13,-6.997836345664055e-16
378.56,-3.2927960769486083e-13,-6.996647191599766e-16
378.57,-3.2923772391522954e-13,-6.995962652649359e-16
378.58,-3.291962178732246e-13,-6.99869064539069e-16
378.59,-3.29154136963892e-13,-6.995000681370003e-16
378.6,-3.2911150375628215e-13,-6.992740452581046e-16
378.61,-3.2906956173224046e-13,-6.992257561103933e-16
378.62,-3.290278133179005e-13,-6.991272347906566e-16
378.63,-3.289863657114546e-13,-6.995921942887698e-16
378.64,-3.289439262685108e-13,-6.988954543889506e-16
378.65,-3.2890190670501066e-13,-6.988444251706164e-16
378.66,-3.2886017949474317e-13,-6.987769651526783e-16
378.67,-3.2881775864361823e-13,-6.986888942143709e-16
378.68,-3.2877631357022826e-13,-6.987195816610435e-16
378.69,-3.287340987519714e-13,-6.983354841679531e-16
378.7,-3.2869232228857704e-13,-6.982236742390644e-16
378.71,-3.2865050318681676e-13,-6.98275877380988e-16
378.72,-3.2860847383561286e-13,-6.981245188071274e-16
378.73,-3.285666336899893e-13,-6.980657484113551e-16
378.74,-3.285249371358172e-13,-6.980105129534456e-16
378.75,-3.284828133934202e-13,-6.976985220056323e-16
378.76,-3.2844187132341294e-13,-6.980328685675797e-16
378.77,-3.28399164116541e-13,-6.977063967676803e-16
378.78,-3.283569906654993e-13,-6.974670761905247e-16
378.79,-3.2831525359652763e-13,-6.974886710257865e-16
378.8,-3.2827391105202525e-13,-6.973838120148419e-16
378.81,-3.2823183465270494e-13,-6.972692669042805e-16
378.82,-3.2819000911690273e-13,-6.972139283292302e-16
378.83,-3.2814818625245445e-13,-6.971305089309624e-16
378.84,-3.28106351271663e-13,-6.970366973368277e-16
378.85,-3.28064578979895e-13,-6.966710300059066e-16
378.86,-3.280220472514356e-13,-6.96811271131012e-16
378.87,-3.279810010433577e-13,-6.967343285325914e-16
378.88,-3.279392022848332e-13,-6.965998182032635e-16
378.89,-3.2789758581735637e-13,-6.964360950950056e-16
378.9,-3.278555650427901e-13,-6.963759861859066e-16
378.91,-3.2781381732021884e-13,-6.963480967194809e-16
378.92,-3.2777205701606e-13,-6.961719674238556e-16
378.93,-3.2773028225912543e-13,-6.961208744574883e-16
378.94,-3.2768803026581266e-13,-6.958805044348677e-16
378.95,-3.2764677075701964e-13,-6.95877629388359e-16
378.96,-3.2760511339292437e-13,-6.959519665360615e-16
378.97,-3.2756304270774865e-13,-6.955421053272114e-16
378.98,-3.275214409366995e-13,-6.9557484366474e-16
378.99,-3.2747990769374746e-13,-6.95526131927749e-16
379.0,-3.274384086734884e-13,-6.954922410813276e-16
379.01,-3.273963951949468e-13,-6.9533335739961e-16
379.02,-3.2735460965159604e-13,-6.952371205165693e-16
379.03,-3.273130211671915e-13,-6.950809077982379e-16
379.04,-3.27271313241252e-13,-6.948575838267329e-16
379.05,-3.2722973593682136e-13,-6.948890239931985e-16
379.06,-3.2718783433339793e-13,-6.948514402843473e-16
379.07,-3.271463140868525e-13,-6.946766409432265e-16
379.08,-3.271045874266344e-13,-6.945788162656985e-16
379.09,-3.2706295587262663e-13,-6.945931937162799e-16
379.1,-3.270215013565481e-13,-6.944658735000957e-16
379.11,-3.2697971995322334e-13,-6.944175154105002e-16
379.12,-3.269379110229039e-13,-6.945057828367851e-16
379.13,-3.2689630143888546e-13,-6.941548287979306e-16
379.14,-3.268547038289106e-13,-6.940431634053425e-16
379.15,-3.2681292214736347e-13,-6.940238647394142e-16
379.16,-3.2677148815619685e-13,-6.938463792514627e-16
379.17,-3.26729808660748e-13,-6.938035163975618e-16
379.18,-3.266884574972114e-13,-6.937574275870211e-16
379.19,-3.2664676080176804e-13,-6.936361353188325e-16
379.2,-3.2660512222041937e-13,-6.93680674088913e-16
379.21,-3.2656335033878003e-13,-6.932610919406209e-16
379.22,-3.2652217100920907e-13,-6.933336327867511e-16
379.23,-3.264800936223176e-13,-6.931586664946206e-16
379.24,-3.2643871850505e-13,-6.930327930148131e-16
379.25,-3.2639722514750873e-13,-6.929433818327731e-16
379.26,-3.2635574854989216e-13,-6.929828590034435e-16
379.27,-3.263142198001407e-13,-6.930145385562644e-16
379.28,-3.2627300230894886e-13,-6.929573411706974e-16
379.29,-3.262310421119598e-13,-6.927498065795009e-16
379.3,-3.2618989669963553e-13,-6.92509236585447e-16
379.31,-3.261481230996052e-13,-6.924656167826321e-16
379.32,-3.2610643345221007e-13,-6.922886039577832e-16
379.33,-3.2606509861005797e-13,-6.921826534018474e-16
379.34,-3.260237269775724e-13,-6.9207159949084455e-16
379.35,-3.2598197307446184e-13,-6.920542606303778e-16
379.36,-3.259403908606087e-13,-6.919409586522759e-16
379.37,-3.2589879901776116e-13,-6.91818834625917e-16
379.38,-3.258578860375955e-13,-6.917908598809097e-16
379.39,-3.258159858868206e-13,-6.916706214479198e-16
379.4,-3.257743579234343e-13,-6.915041075901531e-16
379.41,-3.2573312687240587e-13,-6.91476238636359e-16
379.42,-3.2569188624349895e-13,-6.913698601419453e-16
379.43,-3.2565026277141084e-13,-6.912608293162901e-16
379.44,-3.256085577866003e-13,-6.911653159404599e-16
379.45,-3.255676382569763e-13,-6.912077281525974e-16
379.46,-3.255257755247249e-13,-6.90951196202089e-16
379.47,-3.2548464419702796e-13,-6.908942681679704e-16
379.48,-3.2544265382858183e-13,-6.905331826205552e-16
379.49,-3.254017657381009e-13,-6.9084917435460945e-16
379.5,-3.253602549053389e-13,-6.90601491693352e-16
379.51,-3.253186903112778e-13,-6.904554855350734e-16
379.52,-3.2527748708179943e-13,-6.904240438293573e-16
379.53,-3.252360357811339e-13,-6.902845819509698e-16
379.54,-3.2519477771664125e-13,-6.902698409924168e-16
379.55,-3.251535545131039e-13,-6.900978465078795e-16
379.56,-3.2511172744903567e-13,-6.898825916194431e-16
379.57,-3.25070823319254e-13,-6.901105203905398e-16
379.58,-3.250291809932505e-13,-6.898145220909815e-16
379.59,-3.249878538524586e-13,-6.897793333499617e-16
379.6,-3.2494643830039035e-13,-6.896022409417052e-16
379.61,-3.2490517230544034e-13,-6.891512275243731e-16
379.62,-3.2486426691197225e-13,-6.895555455048268e-16
379.63,-3.248227690682007e-13,-6.893601874309303e-16
379.64,-3.247816240801014e-13,-6.893068228010654e-16
379.65,-3.2474030280896254e-13,-6.892299528017628e-16
379.66,-3.2469942151678085e-13,-6.888980034241043e-16
379.67,-3.246573513299811e-13,-6.889990582510576e-16
379.68,-3.2461616394807013e-13,-6.889033636254606e-16
379.69,-3.245745660502099e-13,-6.88869878788859e-16
379.7,-3.2453342261727397e-13,-6.887237827979662e-16
379.71,-3.244920544811102e-13,-6.886703134938056e-16
379.72,-3.244510516919798e-13,-6.884504993856e-16
379.73,-3.244094331562986e-13,-6.882798435602576e-16
379.74,-3.243686935390893e-13,-6.883644485489272e-16
379.75,-3.243272431415862e-13,-6.881128981209975e-16
379.76,-3.2428584344903656e-13,-6.88055553490302e-16
379.77,-3.242448715391485e-13,-6.880592714699497e-16
379.78,-3.242039045149261e-13,-6.881155783551686e-16
379.79,-3.2416237576402394e-13,-6.878437501095109e-16
379.8,-3.2412098589177156e-13,-6.877938139812111e-16
379.81,-3.2407958841020466e-13,-6.876785702573788e-16
379.82,-3.2403844042273824e-13,-6.875817657311105e-16
379.83,-3.2399759988854767e-13,-6.873474499453871e-16
379.84,-3.2395590321519204e-13,-6.87350827736997e-16
379.85,-3.239150803513468e-13,-6.872800907770521e-16
379.86,-3.2387409334796326e-13,-6.874178060280015e-16
379.87,-3.23832776951215e-13,-6.870124727094078e-16
379.88,-3.2379154368366673e-13,-6.870082861588623e-16
379.89,-3.2375038026669887e-13,-6.868790736135747e-16
379.9,-3.23709180278148e-13,-6.867674124590596e-16
379.91,-3.2366807723490774e-13,-6.865930386177341e-16
379.92,-3.2362679037187175e-13,-6.863360223199326e-16
379.93,-3.2358548215919923e-13,-6.864618815857654e-16
379.94,-3.23544470094822e-13,-6.862749021538401e-16
379.95,-3.23503587160393e-13,-6.862800377673411e-16
379.96,-3.2346227482607393e-13,-6.863085332745259e-16
379.97,-3.2342128933533413e-13,-6.860563987997932e-16
379.98,-3.233800847119405e-13,-6.859528432632956e-16
379.99,-3.2333889190236036e-13,-6.858238407411733e-16
380.0,-3.232982575313455e-13,-6.858245840032387e-16
380.01,-3.232570851554691e-13,-6.864029217205343e-16
380.02,-3.2321520808333296e-13,-6.850171606515021e-16
380.03,-3.231748577451244e-13,-6.85563630759911e-16
380.04,-3.2313359722249256e-13,-6.8546937753992335e-16
380.05,-3.2309255881662376e-13,-6.853651520003076e-16
380.06,-3.230515669143828e-13,-6.852212676605764e-16
380.07,-3.2301061109163085e-13,-6.852223959290394e-16
380.08,-3.2296911478267324e-13,-6.849736051464904e-16
380.09,-3.229286902204517e-13,-6.848876980883412e-16
380.1,-3.2288993287407504e-13,-6.84883149079337e-16
380.11,-3.228447611027389e-13,-6.849205917437693e-16
380.12,-3.2280561210071633e-13,-6.84772397248997e-16
380.13,-3.227642856923118e-13,-6.845822138680796e-16
380.14,-3.227235404174033e-13,-6.845605774946466e-16
380.15,-3.226822694886668e-13,-6.843970329889396e-16
380.16,-3.226414354741281e-13,-6.843561477216599e-16
380.17,-3.2260034479659537e-13,-6.842339834662563e-16
380.18,-3.2255924279361206e-13,-6.842352418105967e-16
380.19,-3.225179196510845e-13,-6.839100918840054e-16
380.2,-3.2247538055585957e-13,-6.836018483280036e-16
380.21,-3.2243636928668695e-13,-6.838749615918477e-16
380.22,-3.223955595250577e-13,-6.837388885447026e-16
380.23,-3.223547190805988e-13,-6.836837618311765e-16
380.24,-3.223136239448109e-13,-6.835291211472615e-16
380.25,-3.22272775468044e-13,-6.834032026579387e-16
380.26,-3.222317267470772e-13,-6.83402089186396e-16
380.27,-3.2219090983854515e-13,-6.832261710640293e-16
380.28,-3.221495861951586e-13,-6.828658910327498e-16
380.29,-3.221087412899854e-13,-6.830833197793526e-16
380.3,-3.220682972366879e-13,-6.828920379423516e-16
380.31,-3.2202734818287966e-13,-6.828357588147206e-16
380.32,-3.219863448428624e-13,-6.827260673267698e-16
380.33,-3.219451927080497e-13,-6.827876658953732e-16
380.34,-3.2190453455334165e-13,-6.825994517539478e-16
380.35,-3.2186382836316747e-13,-6.823978520969445e-16
380.36,-3.2182278815358414e-13,-6.822330376817181e-16
380.37,-3.217818747810492e-13,-6.823277358983221e-16
380.38,-3.2174172426454433e-13,-6.822855473477511e-16
380.39,-3.217003377678314e-13,-6.82123316191812e-16
380.4,-3.216593993665521e-13,-6.820697746050198e-16
380.41,-3.2161883230299736e-13,-6.817951625293712e-16
380.42,-3.215776258096433e-13,-6.817726707297521e-16
380.43,-3.21536877067678e-13,-6.817378434087368e-16
380.44,-3.2149605417221887e-13,-6.816100860891369e-16
380.45,-3.214553399295276e-13,-6.813942021175255e-16
380.46,-3.2141377260418854e-13,-6.814010239648708e-16
380.47,-3.2137332292191977e-13,-6.813056467234454e-16
380.48,-3.2133276851842844e-13,-6.813196928307546e-16
380.49,-3.2129203361229015e-13,-6.810612980754722e-16
380.5,-3.212511189559335e-13,-6.80795787879913e-16
380.51,-3.2121052265066126e-13,-6.808846968555633e-16
380.52,-3.211697205516255e-13,-6.808696030321419e-16
380.53,-3.211288857166422e-13,-6.807041829026482e-16
380.54,-3.210881041177055e-13,-6.806580922232057e-16
380.55,-3.210465044508363e-13,-6.808128733180406e-16
380.56,-3.210063670298391e-13,-6.806189621516654e-16
380.57,-3.2096564843562073e-13,-6.803909825421231e-16
380.58,-3.209253353162606e-13,-6.800964793771246e-16
380.59,-3.208842829555536e-13,-6.801103320754838e-16
380.6,-3.2084320251139143e-13,-6.802119028809843e-16
380.61,-3.20802916635103e-13,-6.800134243472923e-16
380.62,-3.2076228691802956e-13,-6.798382116502879e-16
380.63,-3.207214754310958e-13,-6.79791288985711e-16
380.64,-3.206806646799819e-13,-6.796918504428061e-16
380.65,-3.2064011776944327e-13,-6.797913451317531e-16
380.66,-3.205993950575353e-13,-6.794311219384676e-16
380.67,-3.2055887303800014e-13,-6.79373672853595e-16
380.68,-3.205180803081634e-13,-6.793030977429635e-16
380.69,-3.204776438012412e-13,-6.791961033282571e-16
380.7,-3.2043758961113367e-13,-6.791814390910433e-16
380.71,-3.2039606392670963e-13,-6.789611625378723e-16
380.72,-3.2035555155182805e-13,-6.786779047426609e-16
380.73,-3.2031506077734576e-13,-6.790581562824115e-16
380.74,-3.202741119766985e-13,-6.786061973277075e-16
380.75,-3.202336801907458e-13,-6.785588097789561e-16
380.76,-3.2019285889500134e-13,-6.786435288996492e-16
380.77,-3.2015228709352985e-13,-6.783946961255266e-16
380.78,-3.2011165590531654e-13,-6.783701552102185e-16
380.79,-3.200710214305564e-13,-6.781579850797092e-16
380.8,-3.200305831124924e-13,-6.780666393821502e-16
380.81,-3.1999025977422176e-13,-6.781512029016332e-16
380.82,-3.199497703214891e-13,-6.7790858544646595e-16
380.83,-3.199084803152965e-13,-6.778558831224139e-16
380.84,-3.198682308612824e-13,-6.778013764250718e-16
380.85,-3.1982766318195253e-13,-6.775872787338437e-16
380.86,-3.197870759760338e-13,-6.774458277589489e-16
380.87,-3.197465431104123e-13,-6.774088298641686e-16
380.88,-3.1970574087404147e-13,-6.772246586896067e-16
380.89,-3.196653648320044e-13,-6.771635839185004e-16
380.9,-3.1962456195448344e-13,-6.774755807394783e-16
380.91,-3.19583777109495e-13,-6.769598835206228e-16
380.92,-3.195439940019938e-13,-6.769305586618277e-16
380.93,-3.195030288987919e-13,-6.768514290607898e-16
380.94,-3.1946286069750965e-13,-6.766654493570143e-16
380.95,-3.1942209122333326e-13,-6.765501687780605e-16
380.96,-3.1938193166155714e-13,-6.765675587429056e-16
380.97,-3.1934114096132685e-13,-6.765175711868954e-16
380.98,-3.193007650966541e-13,-6.763644774507214e-16
380.99,-3.192601281104037e-13,-6.754103885954362e-16
381.0,-3.192197978909309e-13,-6.76197238743442e-16
381.01,-3.191797253613074e-13,-6.761253042145356e-16
381.02,-3.1913891502307694e-13,-6.759995074518546e-16
381.03,-3.1909834255177923e-13,-6.758618826264708e-16
381.04,-3.190580117926047e-13,-6.757892488686987e-16
381.05,-3.190173255367183e-13,-6.756686416764866e-16
381.06,-3.189769592934886e-13,-6.755822300775322e-16
381.07,-3.1893687241210504e-13,-6.754049488138319e-16
381.08,-3.188973798863937e-13,-6.753113800142046e-16
381.09,-3.188556986900452e-13,-6.752269092036225e-16
381.1,-3.188148320971155e-13,-6.748307330233137e-16
381.11,-3.187748530747946e-13,-6.748448669948082e-16
381.12,-3.187344824508689e-13,-6.749371435465641e-16
381.13,-3.1869392373619876e-13,-6.748376574585673e-16
381.14,-3.1865366090962083e-13,-6.7476185300867e-16
381.15,-3.1861319867903307e-13,-6.746613210413402e-16
381.16,-3.1857291428046405e-13,-6.744992495645977e-16
381.17,-3.1853170394042715e-13,-6.747442654857972e-16
381.18,-3.184923157704688e-13,-6.742632559890536e-16
381.19,-3.18450548638893e-13,-6.742542834175861e-16
381.2,-3.184115379437053e-13,-6.742061284806117e-16
381.21,-3.183710357057845e-13,-6.74080909815212e-16
381.22,-3.183308445581465e-13,-6.739757883238897e-16
381.23,-3.182903226980825e-13,-6.739176085352974e-16
381.24,-3.1824994119801397e-13,-6.737848938266488e-16
381.25,-3.1820957371380637e-13,-6.737313696824128e-16
381.26,-3.1816900836182116e-13,-6.737482452716796e-16
381.27,-3.181291107900379e-13,-6.733924991438967e-16
381.28,-3.1808840095475454e-13,-6.74246628087457e-16
381.29,-3.180484889394723e-13,-6.732780516153883e-16
381.3,-3.180083335531905e-13,-6.732304766977835e-16
381.31,-3.179682156123876e-13,-6.730986108833806e-16
381.32,-3.1792761000112874e-13,-6.729899004292962e-16
381.33,-3.17887622573734e-13,-6.728829495427805e-16
381.34,-3.1784675627113844e-13,-6.728058843161796e-16
381.35,-3.1780707729131646e-13,-6.725759795888138e-16
381.36,-3.177665067949567e-13,-6.726297362867759e-16
381.37,-3.17726777461903e-13,-6.721367814841564e-16
381.38,-3.1768600622239194e-13,-6.723082629980828e-16
381.39,-3.176451986432473e-13,-6.721036997157899e-16
381.4,-3.1760567498454037e-13,-6.7216180769569e-16
381.41,-3.1756539349703535e-13,-6.72028563479099e-16
381.42,-3.175249716820128e-13,-6.722199009513407e-16
381.43,-3.17484890636151e-13,-6.719029717089777e-16
381.44,-3.1744452790697954e-13,-6.716383366791883e-16
381.45,-3.174044624630353e-13,-6.718225749114614e-16
381.46,-3.1736487609794535e-13,-6.715061538329087e-16
381.47,-3.173240741598612e-13,-6.71547652357994e-16
381.48,-3.172838400559654e-13,-6.713459781392362e-16
381.49,-3.172433707548822e-13,-6.712499467174288e-16
381.5,-3.172038547457558e-13,-6.711873672113266e-16
381.51,-3.17163420058346e-13,-6.710861850083718e-16
381.52,-3.1712338152850354e-13,-6.709873634621294e-16
381.53,-3.17083231779548e-13,-6.706470928571204e-16
381.54,-3.1704275315358444e-13,-6.70817226145645e-16
381.55,-3.170021615791385e-13,-6.706413398409487e-16
381.56,-3.1696245798288214e-13,-6.705768769358177e-16
381.57,-3.169226162731316e-13,-6.705212400110625e-16
381.58,-3.1688214179728475e-13,-6.704312488823232e-16
381.59,-3.168423886796704e-13,-6.703784984528773e-16
381.6,-3.1680211355383333e-13,-6.703214469606577e-16
381.61,-3.167620373215638e-13,-6.700558279985978e-16
381.62,-3.1672195917919827e-13,-6.704962490200853e-16
381.63,-3.1668213945709614e-13,-6.699001687874562e-16
381.64,-3.166413043602145e-13,-6.698455967054097e-16
381.65,-3.1660159956943537e-13,-6.696364031598045e-16
381.66,-3.1656165135502035e-13,-6.695334400272444e-16
381.67,-3.165214382433592e-13,-6.694957534561265e-16
381.68,-3.1648139981277893e-13,-6.693613383696967e-16
381.69,-3.1644145907066417e-13,-6.692420960565969e-16
381.7,-3.1640119726404013e-13,-6.691609637991137e-16
381.71,-3.16360622548687e-13,-6.693102356912543e-16
381.72,-3.163210080225855e-13,-6.688382229532215e-16
381.73,-3.1628145301001207e-13,-6.690470241095036e-16
381.74,-3.162411983916294e-13,-6.688262577324043e-16
381.75,-3.162011767551847e-13,-6.686653258333765e-16
381.76,-3.1616123277502786e-13,-6.685561175131357e-16
381.77,-3.161211223021644e-13,-6.684594974646893e-16
381.78,-3.160811791617477e-13,-6.683498440583102e-16
381.79,-3.1604107177011537e-13,-6.682423735339071e-16
381.8,-3.160013225861227e-13,-6.680400281598314e-16
381.81,-3.159605964578391e-13,-6.678895239810751e-16
381.82,-3.1592154777846865e-13,-6.68147610154297e-16
381.83,-3.1588106000158534e-13,-6.678819409072478e-16
381.84,-3.1584146479570053e-13,-6.678408288977943e-16
381.85,-3.1580143503956475e-13,-6.677480753653461e-16
381.86,-3.157612177553354e-13,-6.675446927313186e-16
381.87,-3.157213562650177e-13,-6.675821589579204e-16
381.88,-3.156817956150273e-13,-6.672740618834775e-16
381.89,-3.156423539673774e-13,-6.677423876269793e-16
381.9,-3.156014057206059e-13,-6.670864097880533e-16
381.91,-3.155613743227745e-13,-6.668798287211636e-16
381.92,-3.1552156133537655e-13,-6.670351460233402e-16
381.93,-3.154815299877493e-13,-6.667620660790282e-16
381.94,-3.154415504682191e-13,-6.667788698822467e-16
381.95,-3.154022766012598e-13,-6.667012863916566e-16
381.96,-3.1536201023209087e-13,-6.665935285698194e-16
381.97,-3.153221507403764e-13,-6.664191853239267e-16
381.98,-3.152810142455889e-13,-6.665158707807747e-16
381.99,-3.152434959216493e-13,-6.662804366298192e-16
382.0,-3.1520237800482624e-13,-6.66059756988929e-16
382.01,-3.1516240736733564e-13,-6.660942915490402e-16
382.02,-3.151224259075038e-13,-6.660175531222107e-16
382.03,-3.150827818958212e-13,-6.658135650777636e-16
382.04,-3.1504335305445605e-13,-6.658895805355673e-16
382.05,-3.150030998369044e-13,-6.655621656680481e-16
382.06,-3.1496345786020064e-13,-6.655187400572367e-16
382.07,-3.149246477359811e-13,-6.659873784955413e-16
382.08,-3.1488300377214e-13,-6.65910770069812e-16
382.09,-3.1484405747838327e-13,-6.651416509746479e-16
382.1,-3.148041458156301e-13,-6.651450192495509e-16
382.11,-3.1476410196763575e-13,-6.650827281246246e-16
382.12,-3.1472449955841997e-13,-6.649373516630092e-16
382.13,-3.14684787744844e-13,-6.649082227387355e-16
382.14,-3.1464495372657234e-13,-6.6477999099824355e-16
382.15,-3.1460504831276443e-13,-6.647628621182875e-16
382.16,-3.1456480388228983e-13,-6.641737778815756e-16
382.17,-3.14524462530014e-13,-6.639597903518102e-16
382.18,-3.144858603788944e-13,-6.644423371073901e-16
382.19,-3.1444598995479846e-13,-6.641209947703093e-16
382.2,-3.1440623289088386e-13,-6.641032039263035e-16
382.21,-3.143670426611263e-13,-6.6408900815203455e-16
382.22,-3.143266997882931e-13,-6.640310456473618e-16
382.23,-3.1428705935924094e-13,-6.638765865555033e-16
382.24,-3.1424749899123877e-13,-6.637784383699777e-16
382.25,-3.1420825203147766e-13,-6.63538461971556e-16
382.26,-3.1416841373247297e-13,-6.635270599099712e-16
382.27,-3.1412813759965323e-13,-6.635491354811065e-16
382.28,-3.140891491624627e-13,-6.631722319484962e-16
382.29,-3.1404893331262065e-13,-6.632517593733644e-16
382.3,-3.140088734854927e-13,-6.629347434184893e-16
382.31,-3.139690733004993e-13,-6.627097527847382e-16
382.32,-3.1392976431889027e-13,-6.62903207590479e-16
382.33,-3.1389007718516347e-13,-6.62830253077245e-16
382.34,-3.138503353024143e-13,-6.625316452600401e-16
382.35,-3.1381098659859827e-13,-6.62988485540703e-16
382.36,-3.137713191546614e-13,-6.625370168654359e-16
382.37,-3.137315109752031e-13,-6.626515369177587e-16
382.38,-3.136919236742504e-13,-6.622575089797084e-16
382.39,-3.136523331636811e-13,-6.622674882193811e-16
382.4,-3.136123610241026e-13,-6.619688055802816e-16
382.41,-3.1357292441437997e-13,-6.620217829767595e-16
382.42,-3.135334174914048e-13,-6.619259562926379e-16
382.43,-3.1349322217771473e-13,-6.615691081357935e-16
382.44,-3.1345411254754137e-13,-6.616693908672505e-16
382.45,-3.134143845657784e-13,-6.614817661997629e-16
382.46,-3.1337507200150144e-13,-6.614847171276846e-16
382.47,-3.1333560272454714e-13,-6.614641729264231e-16
382.48,-3.132958845331563e-13,-6.613005195836511e-16
382.49,-3.132559951157982e-13,-6.611517955240635e-16
382.5,-3.1321660861344526e-13,-6.611030846143603e-16
382.51,-3.1317701527036386e-13,-6.609757645487838e-16
382.52,-3.131383508762721e-13,-6.6113686234035625e-16
382.53,-3.1309766682477147e-13,-6.608503214750995e-16
382.54,-3.130579883794069e-13,-6.605761801499441e-16
382.55,-3.130192097030591e-13,-6.606516943966311e-16
382.56,-3.1297914589378084e-13,-6.604002654757513e-16
382.57,-3.1294090320098646e-13,-6.606681052028306e-16
382.58,-3.1289994318553317e-13,-6.600981146668704e-16
382.59,-3.12860682411048e-13,-6.6015625229485095e-16
382.6,-3.1282123471300994e-13,-6.599595551689165e-16
382.61,-3.1278135812076703e-13,-6.598944469681908e-16
382.62,-3.1274186977326706e-13,-6.598400399514011e-16
382.63,-3.127024558463584e-13,-6.596753802337397e-16
382.64,-3.126633582437818e-13,-6.59859174162928e-16
382.65,-3.1262389907195996e-13,-6.594028499182119e-16
382.66,-3.1258442725828435e-13,-6.593981984066086e-16
382.67,-3.125451339822634e-13,-6.594708155154098e-16
382.68,-3.125054485660938e-13,-6.591683685901327e-16
382.69,-3.124661372844611e-13,-6.591749905018535e-16
382.7,-3.1242622250094374e-13,-6.590164196544876e-16
382.71,-3.1238657328415684e-13,-6.588201512258608e-16
382.72,-3.1234795231892876e-13,-6.587848411099678e-16
382.73,-3.1230773569988426e-13,-6.585990363178072e-16
382.74,-3.122687803468552e-13,-6.58593968091142e-16
382.75,-3.122291266487953e-13,-6.584931170008087e-16
382.76,-3.1219007572231593e-13,-6.5838066857841155e-16
382.77,-3.121503032972131e-13,-6.581080997942612e-16
382.78,-3.1211122465884986e-13,-6.581162143054916e-16
382.79,-3.1207219254660125e-13,-6.583630794120216e-16
382.8,-3.120321907608248e-13,-6.579344757227181e-16
382.81,-3.1199297319720683e-13,-6.579631146882542e-16
382.82,-3.119534689546056e-13,-6.57675444796231e-16
382.83,-3.1191408188826634e-13,-6.576350455829537e-16
382.84,-3.1187475437712944e-13,-6.575664259370236e-16
382.85,-3.118353382179415e-13,-6.57419173405592e-16
382.86,-3.1179602883944244e-13,-6.572149246685726e-16
382.87,-3.1175668703252025e-13,-6.572140626551528e-16
382.88,-3.1171731152787484e-13,-6.572652422940107e-16
382.89,-3.1167811847373916e-13,-6.571398571083598e-16
382.9,-3.1163870691695343e-13,-6.569475673361552e-16
382.91,-3.1159939760070166e-13,-6.568485536621793e-16
382.92,-3.115598550712355e-13,-6.566551245629214e-16
382.93,-3.11520635675668e-13,-6.566332657880746e-16
382.94,-3.1148169110646366e-13,-6.567773455083445e-16
382.95,-3.1144212100764296e-13,-6.563119956799126e-16
382.96,-3.114028276034874e-13,-6.562532950585783e-16
382.97,-3.113634351484581e-13,-6.561086830025265e-16
382.98,-3.113244461732738e-13,-6.561665876149529e-16
382.99,-3.1128481132657035e-13,-6.560061445988199e-16
383.0,-3.112456659791397e-13,-6.558812865398285e-16
383.01,-3.112064088713422e-13,-6.557963548751383e-16
383.02,-3.111671717701592e-13,-6.556776573771762e-16
383.03,-3.111278780335025e-13,-6.556069875955338e-16
383.04,-3.1108859086919325e-13,-6.555168244967649e-16
383.05,-3.1104940032575536e-13,-6.5541667913880155e-16
383.06,-3.110101990499738e-13,-6.552202146108278e-16
383.07,-3.1097063321831484e-13,-6.5513787428398825e-16
383.08,-3.109316749193027e-13,-6.551241485050688e-16
383.09,-3.108922848426061e-13,-6.548334220482044e-16
383.1,-3.108534329987082e-13,-6.548598233880568e-16
383.11,-3.1081417549149907e-13,-6.54717031683378e-16
383.12,-3.107750336717212e-13,-6.546565641257679e-16
383.13,-3.107356160568247e-13,-6.544852876138801e-16
383.14,-3.106965874110945e-13,-6.544178669871667e-16
383.15,-3.1065739785819016e-13,-6.541271937653024e-16
383.16,-3.1061820957669916e-13,-6.54278350322417e-16
383.17,-3.1057920396925774e-13,-6.541414753695026e-16
383.18,-3.105398088773568e-13,-6.540493270478927e-16
383.19,-3.105007278049863e-13,-6.539657844021639e-16
383.2,-3.1046156355406864e-13,-6.537616338954416e-16
383.21,-3.104225709184506e-13,-6.537849478190924e-16
383.22,-3.1038293158073084e-13,-6.534765602728738e-16
383.23,-3.103441657842023e-13,-6.535375498923089e-16
383.24,-3.103048196881442e-13,-6.534879187546609e-16
383.25,-3.102657784873954e-13,-6.533518524995965e-16
383.26,-3.102269776344342e-13,-6.533498947231231e-16
383.27,-3.1018749622819877e-13,-6.530478137455532e-16
383.28,-3.1014879590006557e-13,-6.530463122738946e-16
383.29,-3.101093315501309e-13,-6.528220621101783e-16
383.3,-3.100704219634897e-13,-6.527475751938822e-16
383.31,-3.1003109454910486e-13,-6.52466203207419e-16
383.32,-3.099923825581992e-13,-6.527278834135035e-16
383.33,-3.0995361481548045e-13,-6.524718491980282e-16
383.34,-3.0991393735682474e-13,-6.522927863154038e-16
383.35,-3.0987487113805806e-13,-6.522584652971959e-16
383.36,-3.098360559938752e-13,-6.519062267241e-16
383.37,-3.0979693761491293e-13,-6.520030588141676e-16
383.38,-3.097577012357542e-13,-6.518899063750618e-16
383.39,-3.0971875993072674e-13,-6.517932838384327e-16
383.4,-3.096796939822144e-13,-6.51581032748511e-16
383.41,-3.096407680782886e-13,-6.514689145187659e-16
383.42,-3.096014942837823e-13,-6.514180452761041e-16
383.43,-3.095627917749993e-13,-6.514775199855871e-16
383.44,-3.095235863077728e-13,-6.51261426901301e-16
383.45,-3.094849825303255e-13,-6.513018127715994e-16
383.46,-3.094450379960973e-13,-6.50618944820512e-16
383.47,-3.0940674069238475e-13,-6.51030947614876e-16
383.48,-3.093678126905128e-13,-6.50938772162858e-16
383.49,-3.09329123999938e-13,-6.509535352227935e-16
383.5,-3.0929002047109007e-13,-6.506732087401978e-16
383.51,-3.0924986618027507e-13,-6.501524155012803e-16
383.52,-3.0921174501628043e-13,-6.504896760686232e-16
383.53,-3.091727027630787e-13,-6.502962175524621e-16
383.54,-3.091341389210522e-13,-6.50216236541086e-16
383.55,-3.0909507200129413e-13,-6.501061210820583e-16
383.56,-3.0905601852118174e-13,-6.500964408850955e-16
383.57,-3.0901715770521447e-13,-6.500653937119625e-16
383.58,-3.0897831702652376e-13,-6.500215049294785e-16
383.59,-3.0893940333340373e-13,-6.497447536248489e-16
383.6,-3.0890022017146773e-13,-6.495893375262808e-16
383.61,-3.0886153306634634e-13,-6.495347362200666e-16
383.62,-3.088225668013692e-13,-6.495123159100202e-16
383.63,-3.0878374697721604e-13,-6.49280831738456e-16
383.64,-3.0874461682095947e-13,-6.492545415084722e-16
383.65,-3.087057949123866e-13,-6.490680368223506e-16
383.66,-3.086672442037317e-13,-6.49192707228125e-16
383.67,-3.086279089989753e-13,-6.488012989263312e-16
383.68,-3.0858844385176317e-13,-6.485844912222548e-16
383.69,-3.0854972901679706e-13,-6.487990034152471e-16
383.7,-3.085113639412773e-13,-6.486325592308113e-16
383.71,-3.0847266255771833e-13,-6.485555329894272e-16
383.72,-3.0843326795177303e-13,-6.482451702405033e-16
383.73,-3.0839493379048293e-13,-6.482615033148191e-16
383.74,-3.083560335736148e-13,-6.48103938064555e-16
383.75,-3.0831732267730235e-13,-6.479758075691426e-16
383.76,-3.082781637996759e-13,-6.478068670775346e-16
383.77,-3.082401790875554e-13,-6.478287310378069e-16
383.78,-3.0819979468247557e-13,-6.474788862740235e-16
383.79,-3.0816201101014666e-13,-6.475946430163872e-16
383.8,-3.081234420233403e-13,-6.475068486713249e-16
383.81,-3.0808436419368646e-13,-6.474195728630307e-16
383.82,-3.0804564523601785e-13,-6.471788370417306e-16
383.83,-3.080068727571197e-13,-6.472558586600974e-16
383.84,-3.0796817505444933e-13,-6.471140638620482e-16
383.85,-3.0792973706595155e-13,-6.471901508857816e-16
383.86,-3.0789010596774847e-13,-6.471341619534619e-16
383.87,-3.0785185957146777e-13,-6.467462576960426e-16
383.88,-3.0781332827337757e-13,-6.467337796188868e-16
383.89,-3.0777434427869886e-13,-6.465582227917204e-16
383.9,-3.077354590600603e-13,-6.464152518994385e-16
383.91,-3.0769676484881665e-13,-6.462893736296818e-16
383.92,-3.0765810605909914e-13,-6.464160662687656e-16
383.93,-3.076195380172414e-13,-6.461417867222914e-16
383.94,-3.0758089184002623e-13,-6.460782689237737e-16
383.95,-3.0754217811939105e-13,-6.460264211306887e-16
383.96,-3.0750433046413836e-13,-6.461704185050098e-16
383.97,-3.0746461985941316e-13,-6.457426924212117e-16
383.98,-3.074259393859056e-13,-6.456632204951948e-16
383.99,-3.073868533764733e-13,-6.453761878302083e-16
384.0,-3.0734853045772395e-13,-6.454844530075255e-16
384.01,-3.0731014373279633e-13,-6.455691696626793e-16
384.02,-3.0727126331090194e-13,-6.452219776956516e-16
384.03,-3.0723291210516465e-13,-6.452341568575344e-16
384.04,-3.0719311347605304e-13,-6.450118665161307e-16
384.05,-3.0715437520568914e-13,-6.446326824194373e-16
384.06,-3.071167289115643e-13,-6.449154027987611e-16
384.07,-3.070780412850164e-13,-6.448352719935146e-16
384.08,-3.070392678139644e-13,-6.446360885320967e-16
384.09,-3.0700089474887427e-13,-6.446309351795637e-16
384.1,-3.069620683533695e-13,-6.444375304808218e-16
384.11,-3.069235897484502e-13,-6.4427174176957e-16
384.12,-3.0688442379382065e-13,-6.44166750018681e-16
384.13,-3.0684655585192375e-13,-6.4433229483535905e-16
384.14,-3.0680900775635543e-13,-6.437800788372501e-16
384.15,-3.067689498895871e-13,-6.437388673436659e-16
384.16,-3.067305510416032e-13,-6.438066114894355e-16
384.17,-3.066920019772005e-13,-6.436891339635588e-16
384.18,-3.066533159768697e-13,-6.437713071998398e-16
384.19,-3.066148120262214e-13,-6.433499104990887e-16
384.2,-3.0657629056341167e-13,-6.433746568935347e-16
384.21,-3.065373987930942e-13,-6.43244949461591e-16
384.22,-3.064999685761184e-13,-6.433843459294706e-16
384.23,-3.0646016460819725e-13,-6.431716432399011e-16
384.24,-3.064219157678984e-13,-6.428847822173995e-16
384.25,-3.063834785744926e-13,-6.428711705926204e-16
384.26,-3.0634512827420317e-13,-6.427685108119342e-16
384.27,-3.0630650618511937e-13,-6.426639392585099e-16
384.28,-3.062682136815064e-13,-6.425943704801131e-16
384.29,-3.062296194289065e-13,-6.423624648551443e-16
384.3,-3.061911882320773e-13,-6.421924969610013e-16
384.31,-3.061527420621535e-13,-6.423588541238109e-16
384.32,-3.0611406207569196e-13,-6.425050456988382e-16
384.33,-3.060754955140783e-13,-6.420665923723263e-16
384.34,-3.060370571946335e-13,-6.41872115891347e-16
384.35,-3.059984453529504e-13,-6.419031582539932e-16
384.36,-3.059601445098076e-13,-6.416917873451753e-16
384.37,-3.0592156203612633e-13,-6.415747932366169e-16
384.38,-3.05883193377679e-13,-6.415091585695877e-16
384.39,-3.058449952411864e-13,-6.414841426809847e-16
384.4,-3.058059927267657e-13,-6.413323660223768e-16
384.41,-3.0576823150564895e-13,-6.412604126527923e-16
384.42,-3.0572951593961613e-13,-6.410667834730949e-16
384.43,-3.056906381552367e-13,-6.410812323832329e-16
384.44,-3.056526019976463e-13,-6.408533433556562e-16
384.45,-3.0561390808937153e-13,-6.408324869082547e-16
384.46,-3.055758713932882e-13,-6.406930882518272e-16
384.47,-3.055374529415541e-13,-6.406500938997037e-16
384.48,-3.054990650909976e-13,-6.405655962836257e-16
384.49,-3.0546128430425226e-13,-6.407354459135191e-16
384.5,-3.0542206879243744e-13,-6.402807362935362e-16
384.51,-3.053838102129348e-13,-6.401095904373119e-16
384.52,-3.053452372698118e-13,-6.400903344701803e-16
384.53,-3.0530713213464967e-13,-6.398863521519766e-16
384.54,-3.0526842737498737e-13,-6.403404715560428e-16
384.55,-3.052303757407812e-13,-6.396600812399614e-16
384.56,-3.0519205386699844e-13,-6.396496374836808e-16
384.57,-3.051537166638739e-13,-6.396573072147272e-16
384.58,-3.051151956652615e-13,-6.395074056843759e-16
384.59,-3.0507724705106777e-13,-6.395181199095491e-16
384.6,-3.050385141601384e-13,-6.392669011545428e-16
384.61,-3.0500007588337165e-13,-6.391122203511157e-16
384.62,-3.0496202788077715e-13,-6.390405658183408e-16
384.63,-3.049237104571958e-13,-6.389443847195683e-16
384.64,-3.048849733757264e-13,-6.388664754813528e-16
384.65,-3.0484721836766163e-13,-6.386729966405561e-16
384.66,-3.0480889886452504e-13,-6.386896643888861e-16
384.67,-3.0477004433167786e-13,-6.383550319586959e-16
384.68,-3.047322248855271e-13,-6.382221027908076e-16
384.69,-3.046938730451815e-13,-6.384327335255398e-16
384.7,-3.046559279503037e-13,-6.38165205858184e-16
384.71,-3.046174302674579e-13,-6.381243376485165e-16
384.72,-3.045793018603322e-13,-6.379632583958806e-16
384.73,-3.045412663630524e-13,-6.380000645289143e-16
384.74,-3.0450272449470626e-13,-6.375749449237565e-16
384.75,-3.0446414202672405e-13,-6.37961968927928e-16
384.76,-3.044264478726508e-13,-6.37539248478648e-16
384.77,-3.0438803732222883e-13,-6.374502202403151e-16
384.78,-3.0434971160801127e-13,-6.375217173498457e-16
384.79,-3.043118127096789e-13,-6.371638344264983e-16
384.8,-3.0427329961287807e-13,-6.372372827226358e-16
384.81,-3.0423534147378375e-13,-6.370597078875948e-16
384.82,-3.0419715052916025e-13,-6.370258542212067e-16
384.83,-3.0415895204966706e-13,-6.368485619136609e-16
384.84,-3.0411889913037346e-13,-6.369149558276845e-16
384.85,-3.040823557365814e-13,-6.367715956893522e-16
384.86,-3.0404412525381317e-13,-6.366257133662199e-16
384.87,-3.04005825168622e-13,-6.365189052297791e-16
384.88,-3.0396786239520736e-13,-6.363094416244492e-16
384.89,-3.0392978843958254e-13,-6.362948162465946e-16
384.9,-3.03891743598322e-13,-6.361405654459156e-16
384.91,-3.0385345380181654e-13,-6.361914408418931e-16
384.92,-3.038154455815057e-13,-6.359810937700049e-16
384.93,-3.037789351223368e-13,-6.357861983606657e-16
384.94,-3.037390340233186e-13,-6.357994940336239e-16
384.95,-3.037011922064827e-13,-6.354002842208301e-16
384.96,-3.036630480291014e-13,-6.355420706148774e-16
384.97,-3.036246602034433e-13,-6.354596084139485e-16
384.98,-3.0358662108621224e-13,-6.353540908876544e-16
384.99,-3.03548583966836e-13,-6.351511386060368e-16
385.0,-3.035103979949655e-13,-6.352310622285957e-16
385.01,-3.034724509532273e-13,-6.350695190786331e-16
385.02,-3.034349804257466e-13,-6.352498962415269e-16
385.03,-3.033964286188172e-13,-6.350012003027135e-16
385.04,-3.033576833966868e-13,-6.350522416544274e-16
385.05,-3.0331976396373515e-13,-6.346144644927749e-16
385.06,-3.032819885441742e-13,-6.344710481531075e-16
385.07,-3.032439658217745e-13,-6.34455049878663e-16
385.08,-3.0320579782857887e-13,-6.343024357456469e-16
385.09,-3.031678727481965e-13,-6.342261972181747e-16
385.1,-3.0312987069617066e-13,-6.340844874833278e-16
385.11,-3.030914477485768e-13,-6.34162490809082e-16
385.12,-3.0305390634874695e-13,-6.338803985508358e-16
385.13,-3.0301602914778316e-13,-6.346355757669565e-16
385.14,-3.0297744601161966e-13,-6.337026507525981e-16
385.15,-3.029398296203033e-13,-6.336911807575673e-16
385.16,-3.029017585543474e-13,-6.335337236692675e-16
385.17,-3.0286386450768886e-13,-6.334492788258351e-16
385.18,-3.0282561618105765e-13,-6.334025424295184e-16
385.19,-3.0278774237915233e-13,-6.333070906547748e-16
385.2,-3.0274889554066373e-13,-6.331067009218114e-16
385.21,-3.0271173549208613e-13,-6.328161581002096e-16
385.22,-3.0267403740746247e-13,-6.319308691421884e-16
385.23,-3.0263591668017674e-13,-6.329244780860061e-16
385.24,-3.0259786253388257e-13,-6.326675321150457e-16
385.25,-3.0256019757336827e-13,-6.327311365649899e-16
385.26,-3.0252206184033784e-13,-6.325255568513364e-16
385.27,-3.0248437419154615e-13,-6.326448075257837e-16
385.28,-3.024461370954432e-13,-6.322180417220379e-16
385.29,-3.024082195512237e-13,-6.321890370194343e-16
385.3,-3.0237111473203333e-13,-6.323280695670151e-16
385.31,-3.0233203108363304e-13,-6.316668979669408e-16
385.32,-3.0229465341204543e-13,-6.319227892385526e-16
385.33,-3.022572761689944e-13,-6.319205883294949e-16
385.34,-3.0221906591367085e-13,-6.317033770074138e-16
385.35,-3.021807762134575e-13,-6.316526701685745e-16
385.36,-3.0214332751876907e-13,-6.316674276397091e-16
385.37,-3.021050947441112e-13,-6.314711275656098e-16
385.38,-3.0206769153083085e-13,-6.314462785479733e-16
385.39,-3.0202937632976495e-13,-6.311444821874458e-16
385.4,-3.0199090450206763e-13,-6.307913440543835e-16
385.41,-3.0195367238863275e-13,-6.310727651941737e-16
385.42,-3.0191558860628174e-13,-6.310566304593592e-16
385.43,-3.018789086401338e-13,-6.305397484937142e-16
385.44,-3.0184015493025716e-13,-6.3076703563540215e-16
385.45,-3.018026064012627e-13,-6.305867924357435e-16
385.46,-3.017642071599123e-13,-6.306149618435342e-16
385.47,-3.017267897572897e-13,-6.309006974543754e-16
385.48,-3.016885236468784e-13,-6.301106940689125e-16
385.49,-3.016508488760481e-13,-6.306855391864211e-16
385.5,-3.016132663187051e-13,-6.3015210807056e-16
385.51,-3.015754220389297e-13,-6.300882208256077e-16
385.52,-3.0153757753946357e-13,-6.298874698464176e-16
385.53,-3.014998542288229e-13,-6.296303747098203e-16
385.54,-3.0146229059583433e-13,-6.297142071559107e-16
385.55,-3.01424073176521e-13,-6.296355971595843e-16
385.56,-3.0138619869821413e-13,-6.297801508547164e-16
385.57,-3.0134808581502414e-13,-6.295319579648519e-16
385.58,-3.0131104704322034e-13,-6.296275991685061e-16
385.59,-3.012732048661323e-13,-6.292904421832914e-16
385.6,-3.0123525674837256e-13,-6.290426175702839e-16
385.61,-3.0119777377919996e-13,-6.290640419889845e-16
385.62,-3.011601227768866e-13,-6.289037915787371e-16
385.63,-3.0112229834938835e-13,-6.289427333367046e-16
385.64,-3.010844987678042e-13,-6.287325999704921e-16
385.65,-3.0104706638724006e-13,-6.291202735520391e-16
385.66,-3.0100902565852153e-13,-6.284085422287106e-16
385.67,-3.00971838432072e-13,-6.284198036887465e-16
385.68,-3.009335672145706e-13,-6.283785575112108e-16
385.69,-3.0089579688656075e-13,-6.282421911860409e-16
385.7,-3.0085825431367625e-13,-6.281618695126872e-16
385.71,-3.008207573140953e-13,-6.280835996427867e-16
385.72,-3.0078308474218233e-13,-6.280358687485065e-16
385.73,-3.007453540533404e-13,-6.278850844156391e-16
385.74,-3.007081945441846e-13,-6.276695891513667e-16
385.75,-3.006695567754104e-13,-6.273091975910455e-16
385.76,-3.006327015537173e-13,-6.273818154881662e-16
385.77,-3.005947157818323e-13,-6.274723750653034e-16
385.78,-3.005571258331298e-13,-6.273170551991138e-16
385.79,-3.005198020467527e-13,-6.272519723257194e-16
385.8,-3.0048169653658934e-13,-6.272005730774783e-16
385.81,-3.00444076361522e-13,-6.271248147687587e-16
385.82,-3.004063888669314e-13,-6.269147092227996e-16
385.83,-3.0036759929040787e-13,-6.264086206792115e-16
385.84,-3.003308201982052e-13,-6.266667185487357e-16
385.85,-3.002933020539821e-13,-6.267167223843072e-16
385.86,-3.0025615838974043e-13,-6.266624788766725e-16
385.87,-3.002184613483843e-13,-6.264054181620435e-16
385.88,-3.001808733775374e-13,-6.264828711718013e-16
385.89,-3.001433439418425e-13,-6.26378033797515e-16
385.9,-3.001058090796792e-13,-6.263148917238148e-16
385.91,-3.000684427819596e-13,-6.260722125172166e-16
385.92,-3.000296325938766e-13,-6.266000537258456e-16
385.93,-2.999942337573912e-13,-6.263782364664545e-16
385.94,-2.9995523879450403e-13,-6.2581726652941895e-16
385.95,-2.999180184017207e-13,-6.256307461048171e-16
385.96,-2.998803878827063e-13,-6.256872670524831e-16
385.97,-2.9984280485564376e-13,-6.2552525228524435e-16
385.98,-2.9980523817325715e-13,-6.254850190237539e-16
385.99,-2.9976785323239183e-13,-6.252664895248303e-16
386.0,-2.9973035410083834e-13,-6.25286989490151e-16
386.01,-2.9969256217364713e-13,-6.248300564526668e-16
386.02,-2.9965484208307664e-13,-6.253607747454815e-16
386.03,-2.99617506782936e-13,-6.250469845094865e-16
386.04,-2.9958024980769213e-13,-6.24859847267003e-16
386.05,-2.9954311094760084e-13,-6.247576187923986e-16
386.06,-2.9950513415580847e-13,-6.246964287231144e-16
386.07,-2.994676747946438e-13,-6.244847113957961e-16
386.08,-2.9943049970294225e-13,-6.245228364205312e-16
386.09,-2.993925930468182e-13,-6.243458379276153e-16
386.1,-2.9935500635244387e-13,-6.243669111697255e-16
386.11,-2.9932024771629365e-13,-6.247159193637987e-16
386.12,-2.9928043916026964e-13,-6.240232029750966e-16
386.13,-2.9924317585396166e-13,-6.241551676506629e-16
386.14,-2.9920563270107386e-13,-6.238687085639441e-16
386.15,-2.9916822277538893e-13,-6.237878611536271e-16
386.16,-2.9913105746185106e-13,-6.23638716678826e-16
386.17,-2.9909307500388715e-13,-6.235838996871852e-16
386.18,-2.990559604149644e-13,-6.235092446326608e-16
386.19,-2.9901759717575886e-13,-6.23176699932387e-16
386.2,-2.989809126066403e-13,-6.233927430939841e-16
386.21,-2.9894380543942516e-13,-6.232586204524986e-16
386.22,-2.989057936744167e-13,-6.233341041856391e-16
386.23,-2.988689605710311e-13,-6.230095289131584e-16
386.24,-2.9883149092591083e-13,-6.229777047392543e-16
386.25,-2.987942477408721e-13,-6.230690724147081e-16
386.26,-2.9875662109154546e-13,-6.22806029271874e-16
386.27,-2.987194973350095e-13,-6.226540876564889e-16
386.28,-2.9868193422691857e-13,-6.224724526318832e-16
386.29,-2.9864413076480257e-13,-6.225504599113468e-16
386.3,-2.986074046899278e-13,-6.22350779873678e-16
386.31,-2.985702100243583e-13,-6.222714031205215e-16
386.32,-2.9853256073432134e-13,-6.220677874311815e-16
386.33,-2.9849524332038153e-13,-6.220930734034696e-16
386.34,-2.984581547523062e-13,-6.219798096293741e-16
386.35,-2.9842076594226894e-13,-6.218462061915948e-16
386.36,-2.9838338529454355e-13,-6.217448689287745e-16
386.37,-2.983458460609662e-13,-6.21642021559643e-16
386.38,-2.983085390532465e-13,-6.217510399767701e-16
386.39,-2.9827138799513645e-13,-6.215733026025702e-16
386.4,-2.982341073304107e-13,-6.214946655482435e-16
386.41,-2.98197008273962e-13,-6.213607579089219e-16
386.42,-2.981593528862881e-13,-6.212210993632498e-16
386.43,-2.9812256849006386e-13,-6.212008166215529e-16
386.44,-2.9808514081569004e-13,-6.209871942588109e-16
386.45,-2.9804783522632924e-13,-6.209436060016779e-16
386.46,-2.9801061887102425e-13,-6.208853608631367e-16
386.47,-2.97973409775907e-13,-6.205612158380091e-16
386.48,-2.9793611052298474e-13,-6.206034552899542e-16
386.49,-2.978987032264572e-13,-6.204920243960877e-16
386.5,-2.978617346410646e-13,-6.204856021672237e-16
386.51,-2.9782430964647544e-13,-6.204009324763226e-16
386.52,-2.9778739148867435e-13,-6.203705708036055e-16
386.53,-2.977500752409599e-13,-6.201131640172421e-16
386.54,-2.977129189445008e-13,-6.202146550739826e-16
386.55,-2.976747319061403e-13,-6.197717142094833e-16
386.56,-2.976381779026677e-13,-6.198500232144181e-16
386.57,-2.976011305218799e-13,-6.198744346494329e-16
386.58,-2.975635414757967e-13,-6.198837336812784e-16
386.59,-2.9752652244081543e-13,-6.194673199999652e-16
386.6,-2.9748952028002297e-13,-6.195214801550561e-16
386.61,-2.9745203796710363e-13,-6.193547792667762e-16
386.62,-2.97415191885568e-13,-6.192974211093184e-16
386.63,-2.973780998457284e-13,-6.19328965783411e-16
386.64,-2.973408410237105e-13,-6.189189283561894e-16
386.65,-2.973041954123049e-13,-6.19190441437819e-16
386.66,-2.9726613080891754e-13,-6.189076442210408e-16
386.67,-2.9722954261807525e-13,-6.188455408812447e-16
386.68,-2.971923884116975e-13,-6.188268952371795e-16
386.69,-2.971554463446462e-13,-6.188066990902997e-16
386.7,-2.971182681627552e-13,-6.187448179041524e-16
386.71,-2.9708097585438785e-13,-6.185191412586574e-16
386.72,-2.9704378321584877e-13,-6.1839810108841e-16
386.73,-2.9700673960084483e-13,-6.184847276745203e-16
386.74,-2.969694434452397e-13,-6.182282320899225e-16
386.75,-2.9693233400626613e-13,-6.180617033715169e-16
386.76,-2.968953357934261e-13,-6.180391255602896e-16
386.77,-2.9685834145622934e-13,-6.179855312756288e-16
386.78,-2.9682145407872135e-13,-6.178347349144381e-16
386.79,-2.967842325682494e-13,-6.178544278217399e-16
386.8,-2.9674730551616956e-13,-6.176868012241405e-16
386.81,-2.9671017455840647e-13,-6.175232935140492e-16
386.82,-2.966729588074225e-13,-6.17569268911375e-16
386.83,-2.966354095347366e-13,-6.173528519994453e-16
386.84,-2.9659883955828447e-13,-6.172656260946191e-16
386.85,-2.965618253427052e-13,-6.171512959209231e-16
386.86,-2.9652484282061826e-13,-6.171508921807472e-16
386.87,-2.964877397547868e-13,-6.169657203506936e-16
386.88,-2.9645081405083605e-13,-6.169098829358044e-16
386.89,-2.9641382815911235e-13,-6.167468808707976e-16
386.9,-2.9637687414147105e-13,-6.167069335033533e-16
386.91,-2.963396937702561e-13,-6.165635150362239e-16
386.92,-2.9630276656542064e-13,-6.165469487107006e-16
386.93,-2.962657507644639e-13,-6.165215109168708e-16
386.94,-2.9622879932110257e-13,-6.164231175913634e-16
386.95,-2.9619181878058863e-13,-6.163525584909376e-16
386.96,-2.961548766197418e-13,-6.162164838503023e-16
386.97,-2.961179085718227e-13,-6.16152886583439e-16
386.98,-2.9608090703751013e-13,-6.160807109825322e-16
386.99,-2.960438941017419e-13,-6.158969645671033e-16
387.0,-2.960069088058355e-13,-6.158029224953609e-16
387.01,-2.959700449745215e-13,-6.156621471589892e-16
387.02,-2.9593291636945356e-13,-6.156571375726049e-16
387.03,-2.9589595503288776e-13,-6.15585617327977e-16
387.04,-2.9585927589729634e-13,-6.154904593194162e-16
387.05,-2.9582210550410765e-13,-6.153321615310226e-16
387.06,-2.9578567386542735e-13,-6.153659516405332e-16
387.07,-2.9574826316106613e-13,-6.151443474148768e-16
387.08,-2.9571171390101776e-13,-6.152696509402115e-16
387.09,-2.9567403380895956e-13,-6.147754093932122e-16
387.1,-2.956377546643505e-13,-6.148561056576145e-16
387.11,-2.9560090896208763e-13,-6.147772161880701e-16
387.12,-2.955639099830091e-13,-6.146921775157217e-16
387.13,-2.9552702257725847e-13,-6.146476904198003e-16
387.14,-2.9549018405335164e-13,-6.145428885264741e-16
387.15,-2.954531275506248e-13,-6.14542921604034e-16
387.16,-2.954163072670031e-13,-6.143983857990679e-16
387.17,-2.953791991226716e-13,-6.143120929014408e-16
387.18,-2.9534297657648865e-13,-6.145399150682546e-16
387.19,-2.9530581603250185e-13,-6.140370582425683e-16
387.2,-2.952693669974736e-13,-6.139890698192626e-16
387.21,-2.9523195832426056e-13,-6.138689878771726e-16
387.22,-2.951950553292539e-13,-6.138225879026539e-16
387.23,-2.951584232431249e-13,-6.136990257614061e-16
387.24,-2.9512144998634414e-13,-6.13652161224992e-16
387.25,-2.950849982959827e-13,-6.135936411074963e-16
387.26,-2.950480753612687e-13,-6.134561741224237e-16
387.27,-2.950107211885908e-13,-6.134059056900709e-16
387.28,-2.949744037814138e-13,-6.13320325951447e-16
387.29,-2.9493743994222687e-13,-6.131728284388035e-16
387.3,-2.9490111774014947e-13,-6.13324153492234e-16
387.31,-2.948642544149418e-13,-6.130136648162473e-16
387.32,-2.948271115846654e-13,-6.127973299303573e-16
387.33,-2.947906462378296e-13,-6.128441589028719e-16
387.34,-2.9475362808528064e-13,-6.127003749343282e-16
387.35,-2.947171895473539e-13,-6.126423110013193e-16
387.36,-2.946802886848073e-13,-6.12658617540548e-16
387.37,-2.9464324027227527e-13,-6.123621639780521e-16
387.38,-2.946066610646904e-13,-6.123710826096661e-16
387.39,-2.945699190996026e-13,-6.123372661459553e-16
387.4,-2.945328018503164e-13,-6.120199122945402e-16
387.41,-2.9449624269607e-13,-6.120911844939369e-16
387.42,-2.944600955498292e-13,-6.121125404805015e-16
387.43,-2.944227410954345e-13,-6.118795193671139e-16
387.44,-2.943861615829259e-13,-6.117615317305886e-16
387.45,-2.9434831997894623e-13,-6.113439987601241e-16
387.46,-2.94312960501064e-13,-6.116881813374665e-16
387.47,-2.942763273767488e-13,-6.116217076580952e-16
387.48,-2.9423960818130733e-13,-6.116005016731443e-16
387.49,-2.9420301849524586e-13,-6.113995788195023e-16
387.5,-2.9416646290738683e-13,-6.113954787234352e-16
387.51,-2.9412921719185106e-13,-6.111169301590856e-16
387.52,-2.9409268796735947e-13,-6.111150500934319e-16
387.53,-2.94056648185555e-13,-6.10906530764531e-16
387.54,-2.9401899837294096e-13,-6.107204056155443e-16
387.55,-2.9398303521366664e-13,-6.10939430052731e-16
387.56,-2.9394620049403776e-13,-6.108395146644701e-16
387.57,-2.939098748403297e-13,-6.109340382777833e-16
387.58,-2.9387287194069824e-13,-6.105477869249338e-16
387.59,-2.9383666326510883e-13,-6.106371397526366e-16
387.6,-2.9379913353481626e-13,-6.104332715148493e-16
387.61,-2.9376297588479584e-13,-6.103245803498425e-16
387.62,-2.937261252954784e-13,-6.104050126351649e-16
387.63,-2.9368942122511993e-13,-6.101873507634752e-16
387.64,-2.936534765381297e-13,-6.100710494347814e-16
387.65,-2.9361692022372026e-13,-6.101501487795166e-16
387.66,-2.9358022194116776e-13,-6.097443584749517e-16
387.67,-2.9354338146867145e-13,-6.096784588075026e-16
387.68,-2.9350701069102963e-13,-6.096955897385639e-16
387.69,-2.9347049746880516e-13,-6.096539746964861e-16
387.7,-2.934339599277313e-13,-6.095167649924107e-16
387.71,-2.9339566385961726e-13,-6.092499177838069e-16
387.72,-2.933612795892878e-13,-6.092028890225889e-16
387.73,-2.9332413620361923e-13,-6.0934964139426e-16
387.74,-2.9328724796051797e-13,-6.091543166501643e-16
387.75,-2.9325114267178374e-13,-6.092002873025651e-16
387.76,-2.932143493079069e-13,-6.090093797422327e-16
387.77,-2.9317784537309147e-13,-6.089155281710312e-16
387.78,-2.9314103524234304e-13,-6.087995599860533e-16
387.79,-2.931049273299577e-13,-6.088378788228503e-16
387.8,-2.930684380806127e-13,-6.08256798633638e-16
387.81,-2.930313276218432e-13,-6.080486811746949e-16
387.82,-2.9299535004964407e-13,-6.084781814997577e-16
387.83,-2.92958750460966e-13,-6.084457972445956e-16
387.84,-2.9292258904687905e-13,-6.084475553426882e-16
387.85,-2.9288597885022876e-13,-6.081861504599543e-16
387.86,-2.928493298775993e-13,-6.08166104912642e-16
387.87,-2.92812945484592e-13,-6.080841770854352e-16
387.88,-2.9277653040661657e-13,-6.081530983025428e-16
387.89,-2.9273859399685916e-13,-6.07298629143298e-16
387.9,-2.9270416809620636e-13,-6.081102745955246e-16
387.91,-2.9266711131182927e-13,-6.07633165814786e-16
387.92,-2.9263089776004443e-13,-6.076407697087789e-16
387.93,-2.9259426339526464e-13,-6.076507613906822e-16
387.94,-2.9255767063679255e-13,-6.074239770077868e-16
387.95,-2.925211425431148e-13,-6.073893232484483e-16
387.96,-2.9248472373052134e-13,-6.072992112827574e-16
387.97,-2.924481602682541e-13,-6.070629718721203e-16
387.98,-2.924131060419351e-13,-6.072888550947133e-16
387.99,-2.923750606168762e-13,-6.066030969339466e-16
388.0,-2.923392016540959e-13,-6.06872798535299e-16
388.01,-2.9230281510215676e-13,-6.068679555302515e-16
388.02,-2.922665352809854e-13,-6.067709937392454e-16
388.03,-2.922300070448169e-13,-6.066742739030838e-16
388.04,-2.9219338371634595e-13,-6.064229668294367e-16
388.05,-2.9215721131798677e-13,-6.064711203019379e-16
388.06,-2.9212054446632496e-13,-6.061448084782375e-16
388.07,-2.9208473726390073e-13,-6.064233045732629e-16
388.08,-2.920496980391572e-13,-6.067418760260123e-16
388.09,-2.920115348433139e-13,-6.059381297379296e-16
388.1,-2.91975421429874e-13,-6.060361151310022e-16
388.11,-2.9193898799382934e-13,-6.059434376737556e-16
388.12,-2.9190293666054454e-13,-6.058305683924848e-16
388.13,-2.9186606936091564e-13,-6.057475941101084e-16
388.14,-2.9183017172439595e-13,-6.055967426939896e-16
388.15,-2.9179322181456094e-13,-6.053945286501511e-16
388.16,-2.9175680882787227e-13,-6.052371912826755e-16
388.17,-2.9172099689713664e-13,-6.05612904202704e-16
388.18,-2.9168474462243264e-13,-6.053951915257447e-16
388.19,-2.916488382905638e-13,-6.053755203878043e-16
388.2,-2.9161205896190016e-13,-6.050297620098057e-16
388.21,-2.9157609945510086e-13,-6.051295945205157e-16
388.22,-2.915395811663227e-13,-6.050114477055898e-16
388.23,-2.9150321700494947e-13,-6.049393809649183e-16
388.24,-2.91467506646889e-13,-6.049851822565899e-16
388.25,-2.9143092057583896e-13,-6.046629833045246e-16
388.26,-2.913942957616489e-13,-6.049512509101884e-16
388.27,-2.913585348142808e-13,-6.046803829150933e-16
388.28,-2.9132191000119587e-13,-6.0435827765272055e-16
388.29,-2.912855926622697e-13,-6.043707125811006e-16
388.3,-2.9124944622012244e-13,-6.042967226162574e-16
388.31,-2.9121333604325743e-13,-6.042899608217963e-16
388.32,-2.9117692129236583e-13,-6.041004813470016e-16
388.33,-2.9114118997886576e-13,-6.041513709116662e-16
388.34,-2.9110564411159705e-13,-6.045487734643513e-16
388.35,-2.9106824249687866e-13,-6.035823452208494e-16
388.36,-2.910322615125411e-13,-6.038606681307167e-16
388.37,-2.9099606198204435e-13,-6.037238516703721e-16
388.38,-2.909597324257129e-13,-6.036713700399716e-16
388.39,-2.909242339889724e-13,-6.038799001496813e-16
388.4,-2.908875409597454e-13,-6.035790836573923e-16
388.41,-2.908512628831578e-13,-6.033440683544901e-16
388.42,-2.90814877623211e-13,-6.03391919743169e-16
388.43,-2.907788732845914e-13,-6.032647912613484e-16
388.44,-2.907428908158851e-13,-6.027906878362795e-16
388.45,-2.907065987142993e-13,-6.030131998036794e-16
388.46,-2.906705002449337e-13,-6.029694740711557e-16
388.47,-2.906342136556363e-13,-6.029129153831544e-16
388.48,-2.9059776347860077e-13,-6.028285272452763e-16
388.49,-2.9056194301592415e-13,-6.028101696016554e-16
388.5,-2.9052591114007184e-13,-6.026044333702456e-16
388.51,-2.904893125286441e-13,-6.023788939439504e-16
388.52,-2.904539014365966e-13,-6.026967033584648e-16
388.53,-2.904172839581729e-13,-6.021007989821701e-16
388.54,-2.9038132540451755e-13,-6.022505537431755e-16
388.55,-2.9034473035864146e-13,-6.020990239804955e-16
388.56,-2.9030903663637255e-13,-6.020435007820186e-16
388.57,-2.9027302546361395e-13,-6.020178716306071e-16
388.58,-2.9023689250059297e-13,-6.020032534576875e-16
388.59,-2.9020092615237886e-13,-6.018772293640945e-16
388.6,-2.9016465623352945e-13,-6.019099098043742e-16
388.61,-2.9012862088875974e-13,-6.016217456747288e-16
388.62,-2.9009253780329627e-13,-6.017250270735149e-16
388.63,-2.9005636115078294e-13,-6.014527674435753e-16
388.64,-2.9002057144689833e-13,-6.014438448274459e-16
388.65,-2.8998435160308237e-13,-6.013108112730487e-16
388.66,-2.89948425415064e-13,-6.013351561948564e-16
388.67,-2.899124085912366e-13,-6.012625961536464e-16
388.68,-2.898764159462683e-13,-6.010709522789397e-16
388.69,-2.898392450300672e-13,-6.011598407927754e-16
388.7,-2.8980446103840244e-13,-6.011170738929452e-16
388.71,-2.8976779846908834e-13,-6.008108447929042e-16
388.72,-2.8973210691900966e-13,-6.00636285875803e-16
388.73,-2.8969604130052954e-13,-6.005695306760579e-16
388.74,-2.8966017742389496e-13,-6.005286723643551e-16
388.75,-2.8962414697864537e-13,-6.005439112269795e-16
388.76,-2.8958842980769164e-13,-6.004950660799463e-16
388.77,-2.895523009094249e-13,-6.003615721237899e-16
388.78,-2.8951523395071717e-13,-5.992915891252641e-16
388.79,-2.894801765359453e-13,-6.001450340018128e-16
388.8,-2.8944433895884606e-13,-5.998955143452141e-16
388.81,-2.8940831716497e-13,-6.000321821046457e-16
388.82,-2.8937239529468677e-13,-5.999575463863297e-16
388.83,-2.893363736601946e-13,-5.997304624667739e-16
388.84,-2.8930031497417766e-13,-5.998003752065575e-16
388.85,-2.892645341034096e-13,-5.996484104118409e-16
388.86,-2.892284569198018e-13,-5.997056313948596e-16
388.87,-2.8919364393227416e-13,-6.001547813494314e-16
388.88,-2.8915647293864707e-13,-5.993323276798074e-16
388.89,-2.8912037358908125e-13,-5.99302886725826e-16
388.9,-2.8908463183640543e-13,-5.991677442924852e-16
388.91,-2.890488628415694e-13,-5.991368200126752e-16
388.92,-2.890130595717838e-13,-5.99087911655267e-16
388.93,-2.8897711685981773e-13,-5.989960997780988e-16
388.94,-2.88941177943014e-13,-5.988422720593332e-16
388.95,-2.8890521247380087e-13,-5.988988705664214e-16
388.96,-2.8887007849502146e-13,-5.994322731900884e-16
388.97,-2.888333643764893e-13,-5.986256156128105e-16
388.98,-2.887984198719022e-13,-5.98701693310203e-16
388.99,-2.887615410553716e-13,-5.982862454693064e-16
389.0,-2.8872570343288725e-13,-5.9828905628726e-16
389.01,-2.886900982426074e-13,-5.983048147780298e-16
389.02,-2.8865427401681444e-13,-5.982765431767538e-16
389.03,-2.8861859817613575e-13,-5.982481975079369e-16
389.04,-2.88582382631533e-13,-5.980198089222395e-16
389.05,-2.8854560409614215e-13,-5.979065310526541e-16
389.06,-2.8851077375320334e-13,-5.977206014066404e-16
389.07,-2.884763126973727e-13,-5.974171601524384e-16
389.08,-2.8843907661888834e-13,-5.9769015430420755e-16
389.09,-2.884034378875949e-13,-5.975746331898583e-16
389.1,-2.8836756394946557e-13,-5.975571505282239e-16
389.11,-2.8833165460677097e-13,-5.974338383090082e-16
389.12,-2.8829583378640254e-13,-5.974151753427146e-16
389.13,-2.882601464749466e-13,-5.974264237259676e-16
389.14,-2.8822378738151917e-13,-5.969643868837005e-16
389.15,-2.881884604604652e-13,-5.97200026096727e-16
389.16,-2.8815085872112693e-13,-5.971668169170768e-16
389.17,-2.881170042490031e-13,-5.970306305249114e-16
389.18,-2.880810412156381e-13,-5.967638833831206e-16
389.19,-2.880454122723869e-13,-5.968055950290929e-16
389.2,-2.880096160558722e-13,-5.966609579258608e-16
389.21,-2.8797391503125075e-13,-5.967452940449206e-16
389.22,-2.879382214701235e-13,-5.966338752683726e-16
389.23,-2.879026637993009e-13,-5.963943174425926e-16
389.24,-2.8786582259372865e-13,-5.960838667812996e-16
389.25,-2.878303076165378e-13,-5.965789686144722e-16
389.26,-2.8779526854721437e-13,-5.963072721690421e-16
389.27,-2.877597947756623e-13,-5.960776545800771e-16
389.28,-2.877240722743958e-13,-5.960480547686575e-16
389.29,-2.8768793532270804e-13,-5.959602685948404e-16
389.3,-2.876523736433496e-13,-5.959240839959141e-16
389.31,-2.8761666530562915e-13,-5.958031159000283e-16
389.32,-2.875812012822796e-13,-5.958034905476865e-16
389.33,-2.875453180101649e-13,-5.957156041116879e-16
389.34,-2.8750886251706984e-13,-5.956368925358915e-16
389.35,-2.87473875668419e-13,-5.954662862625118e-16
389.36,-2.8743808419471445e-13,-5.95368129917853e-16
389.37,-2.8740204443835956e-13,-5.949999322653793e-16
389.38,-2.8736669346272576e-13,-5.951638447251378e-16
389.39,-2.8733122311662607e-13,-5.95233044933625e-16
389.4,-2.8729550595935464e-13,-5.949863261514643e-16
389.41,-2.8725987844472067e-13,-5.950132948183213e-16
389.42,-2.872243968131179e-13,-5.943026210150718e-16
389.43,-2.8718930165383683e-13,-5.949706677614732e-16
389.44,-2.8715292395147215e-13,-5.947172104544948e-16
389.45,-2.871173683662609e-13,-5.946850810516529e-16
389.46,-2.8708174417499506e-13,-5.945476787609127e-16
389.47,-2.870461569298575e-13,-5.946696164658246e-16
389.48,-2.870104593220304e-13,-5.942964213340164e-16
389.49,-2.869748559179446e-13,-5.941246096305975e-16
389.5,-2.8694013651896436e-13,-5.944856340898338e-16
389.51,-2.8690362761155474e-13,-5.94169964661024e-16
389.52,-2.8686862340904596e-13,-5.941718392155501e-16
389.53,-2.8683237303282103e-13,-5.939255215297725e-16
389.54,-2.867969036447872e-13,-5.938610637892664e-16
389.55,-2.867611444905473e-13,-5.937593650482523e-16
389.56,-2.8672556816309516e-13,-5.938207765194645e-16
389.57,-2.866901143391163e-13,-5.934191804959263e-16
389.58,-2.8665452322982534e-13,-5.935310157671541e-16
389.59,-2.8661874755461387e-13,-5.936259705504231e-16
389.6,-2.8658350757081365e-13,-5.932467651348743e-16
389.61,-2.8654779027367625e-13,-5.930685981136447e-16
389.62,-2.8651261387417767e-13,-5.932737440330336e-16
389.63,-2.8647677403818793e-13,-5.931891800854251e-16
389.64,-2.8644118866734987e-13,-5.930500772457589e-16
389.65,-2.8640574429354274e-13,-5.928709513231145e-16
389.66,-2.8637012554614574e-13,-5.9291919005366e-16
389.67,-2.8633483977294654e-13,-5.9282916262457185e-16
389.68,-2.8629885237659425e-13,-5.920621717200727e-16
389.69,-2.862639392134416e-13,-5.924382651519717e-16
389.7,-2.8622805026680434e-13,-5.924004202357972e-16
389.71,-2.861928369143026e-13,-5.924771362173747e-16
389.72,-2.8615727151176826e-13,-5.924787745146002e-16
389.73,-2.861217918949968e-13,-5.922625117404604e-16
389.74,-2.860861752210331e-13,-5.921536592148246e-16
389.75,-2.860507521020534e-13,-5.921100478054797e-16
389.76,-2.8601547641599875e-13,-5.91984428481038e-16
389.77,-2.859804476806745e-13,-5.924393143807411e-16
389.78,-2.8594336329394936e-13,-5.911810217224805e-16
389.79,-2.8590892366163977e-13,-5.918595271484666e-16
389.8,-2.8587359072283594e-13,-5.917140933104094e-16
389.81,-2.858380979435475e-13,-5.91695471498396e-16
389.82,-2.858026984989659e-13,-5.915480788517302e-16
389.83,-2.8576730445342693e-13,-5.914778336478074e-16
389.84,-2.857315930866061e-13,-5.913070587604168e-16
389.85,-2.8569645863770057e-13,-5.912318745528781e-16
389.86,-2.8566111889221757e-13,-5.90875888507401e-16
389.87,-2.8562556264437995e-13,-5.912704519845381e-16
389.88,-2.855900427541752e-13,-5.911386471424621e-16
389.89,-2.855548144443207e-13,-5.909950764122371e-16
389.9,-2.855195329440803e-13,-5.909286235093237e-16
389.91,-2.8548411083723763e-13,-5.90731714906546e-16
389.92,-2.854487517547698e-13,-5.906994709151191e-16
389.93,-2.8541343419975303e-13,-5.905489736885298e-16
389.94,-2.8537782279613957e-13,-5.905675209272035e-16
389.95,-2.853420177172437e-13,-5.903019072866954e-16
389.96,-2.85306607252358e-13,-5.902636687955588e-16
389.97,-2.852719975926735e-13,-5.90240398353758e-16
389.98,-2.852362353941297e-13,-5.901194687480854e-16
389.99,-2.8520108918519436e-13,-5.900694273493795e-16
390.0,-2.8516582594787017e-13,-5.900266012500195e-16
390.01,-2.8513041801579144e-13,-5.900244794401611e-16
390.02,-2.8509515590240017e-13,-5.898565310547014e-16
390.03,-2.850595316264523e-13,-5.897625587215885e-16
390.04,-2.850247027949007e-13,-5.898745960029799e-16
390.05,-2.8498884225625734e-13,-5.90332221827701e-16
390.06,-2.849538500441797e-13,-5.894255690359924e-16
390.07,-2.849184434310982e-13,-5.892341390773378e-16
390.08,-2.848833727346567e-13,-5.89362383844849e-16
390.09,-2.848480951410102e-13,-5.894170174566281e-16
390.1,-2.848124267356597e-13,-5.894311605330286e-16
390.11,-2.847772800416288e-13,-5.890641699817578e-16
390.12,-2.8474220116892507e-13,-5.889937346877786e-16
390.13,-2.847069967657779e-13,-5.894404730982186e-16
390.14,-2.846717427193761e-13,-5.891395042011789e-16
390.15,-2.8463625127714257e-13,-5.887280295711387e-16
390.16,-2.8460108476781006e-13,-5.887874571984107e-16
390.17,-2.8456600603373335e-13,-5.886035339711327e-16
390.18,-2.8453038414536193e-13,-5.884683048681976e-16
390.19,-2.8449564077989856e-13,-5.884534945646484e-16
390.2,-2.8446015820273707e-13,-5.883875430305682e-16
390.21,-2.8442497137979534e-13,-5.883058626564315e-16
390.22,-2.843898178023687e-13,-5.882844614010013e-16
390.23,-2.8435366308515676e-13,-5.87859252595412e-16
390.24,-2.8431946016706016e-13,-5.88226830927603e-16
390.25,-2.842838765252922e-13,-5.877727967855305e-16
390.26,-2.84248865015585e-13,-5.87770245620115e-16
390.27,-2.842135433999206e-13,-5.877460403251204e-16
390.28,-2.8417826043119076e-13,-5.877800183511477e-16
390.29,-2.8414305778991837e-13,-5.8758892240878465e-16
390.3,-2.8410811822857467e-13,-5.875003160088005e-16
390.31,-2.840718811552559e-13,-5.877959350700693e-16
390.32,-2.8403752631126025e-13,-5.874266083173685e-16
390.33,-2.8400228797246983e-13,-5.873702622470884e-16
390.34,-2.8396752068900994e-13,-5.870525747361532e-16
390.35,-2.839322902906464e-13,-5.871200030135678e-16
390.36,-2.8389739115120005e-13,-5.871635985746364e-16
390.37,-2.8386185857065786e-13,-5.869599830345874e-16
390.38,-2.8382663505880845e-13,-5.868095924849518e-16
390.39,-2.837915475303065e-13,-5.868001790027537e-16
390.4,-2.8375623259495765e-13,-5.867155587529662e-16
390.41,-2.8372172587205997e-13,-5.866557135878207e-16
390.42,-2.8368633693447976e-13,-5.864209549466345e-16
390.43,-2.83651236415144e-13,-5.864395747436149e-16
390.44,-2.8361599673801105e-13,-5.864145852847792e-16
390.45,-2.835810967077433e-13,-5.861588840397686e-16
390.46,-2.8354586903204943e-13,-5.861788865175581e-16
390.47,-2.835105471171582e-13,-5.86097355138177e-16
390.48,-2.8347539490750375e-13,-5.859248796089156e-16
390.49,-2.8344033151056643e-13,-5.862164015580936e-16
390.5,-2.8340550140037606e-13,-5.858901982647139e-16
390.51,-2.833704924439336e-13,-5.855457956098414e-16
390.52,-2.833354406691897e-13,-5.858487047283693e-16
390.53,-2.8330027133351595e-13,-5.855813568318255e-16
390.54,-2.8326531819145426e-13,-5.855064908578636e-16
390.55,-2.8323014174019363e-13,-5.853608272939195e-16
390.56,-2.8319508242268895e-13,-5.853642673124797e-16
390.57,-2.8315992461343683e-13,-5.851615985309868e-16
390.58,-2.831248861193006e-13,-5.850874797778022e-16
390.59,-2.830899152384148e-13,-5.852867963606859e-16
390.6,-2.8305481316623703e-13,-5.849776829154417e-16
390.61,-2.830197318279495e-13,-5.849592752964719e-16
390.62,-2.8298471822766717e-13,-5.849604675014906e-16
390.63,-2.829498111520593e-13,-5.847151964412375e-16
390.64,-2.8291493947132763e-13,-5.847200627867561e-16
390.65,-2.828797407354878e-13,-5.845544173721894e-16
390.66,-2.8284472752789357e-13,-5.845135163759083e-16
390.67,-2.828093963533852e-13,-5.843365058317621e-16
390.68,-2.8277495357969554e-13,-5.843297024027621e-16
390.69,-2.827397451252253e-13,-5.842545640462447e-16
390.7,-2.8270508784848493e-13,-5.84149251160479e-16
390.71,-2.8266997139268744e-13,-5.841061494399765e-16
390.72,-2.8263474609196767e-13,-5.840345499929357e-16
390.73,-2.8260015927126095e-13,-5.839969266287699e-16
390.74,-2.825652154682468e-13,-5.839273692941707e-16
390.75,-2.8253010112084893e-13,-5.836711066221769e-16
390.76,-2.824952480360602e-13,-5.836182705155134e-16
390.77,-2.8246011446600344e-13,-5.83530001454927e-16
390.78,-2.8242515345346176e-13,-5.834939549438265e-16
390.79,-2.823903195987593e-13,-5.833737446446801e-16
390.8,-2.823556956474512e-13,-5.833390919435433e-16
390.81,-2.823205003048119e-13,-5.83293545051053e-16
390.82,-2.8228569392762723e-13,-5.831952937910412e-16
390.83,-2.8225089297293045e-13,-5.830667723383932e-16
390.84,-2.822160126664039e-13,-5.829527525708985e-16
390.85,-2.8218112800758075e-13,-5.830736769161049e-16
390.86,-2.8214604691804647e-13,-5.827511724186153e-16
390.87,-2.821112422190327e-13,-5.827644853334953e-16
390.88,-2.820761634195565e-13,-5.825909934631852e-16
390.89,-2.8204133933293444e-13,-5.826039733191319e-16
390.9,-2.8200647950730944e-13,-5.824504354057304e-16
390.91,-2.819717975292013e-13,-5.824809605876027e-16
390.92,-2.8193642516859956e-13,-5.82384593531527e-16
390.93,-2.81901658833404e-13,-5.822959829653506e-16
390.94,-2.818671590698797e-13,-5.822615326738032e-16
390.95,-2.818322869179019e-13,-5.820460575532795e-16
390.96,-2.817975524384838e-13,-5.819610943284261e-16
390.97,-2.8176258926948865e-13,-5.81827706385708e-16
390.98,-2.8172781983308407e-13,-5.818724604789147e-16
390.99,-2.816928445713718e-13,-5.818304690937915e-16
391.0,-2.816580534735081e-13,-5.816201449058126e-16
391.01,-2.816230882467252e-13,-5.816433162321025e-16
391.02,-2.8158822138442873e-13,-5.813555212366181e-16
391.03,-2.815538996995555e-13,-5.815458563205925e-16
391.04,-2.815188013875291e-13,-5.813460978719899e-16
391.05,-2.8148396161400666e-13,-5.812334240310267e-16
391.06,-2.81449414538529e-13,-5.81197345495039e-16
391.07,-2.8141466806401007e-13,-5.811791533276857e-16
391.08,-2.8137958748562236e-13,-5.809632718882282e-16
391.09,-2.813450165559672e-13,-5.808243843408822e-16
391.1,-2.813103176164148e-13,-5.808155036194319e-16
391.11,-2.8127553069371476e-13,-5.808322219947778e-16
391.12,-2.8124073293276157e-13,-5.80658363602767e-16
391.13,-2.8120571861506174e-13,-5.805102602987092e-16
391.14,-2.811710463480201e-13,-5.80550790227419e-16
391.15,-2.811360941796823e-13,-5.803503833568004e-16
391.16,-2.811015106053282e-13,-5.803125035270766e-16
391.17,-2.8106698262132677e-13,-5.801719663016361e-16
391.18,-2.810316798648524e-13,-5.802626707165521e-16
391.19,-2.809973751038946e-13,-5.799766942967472e-16
391.2,-2.8096258274605804e-13,-5.799826938518122e-16
391.21,-2.809276112969913e-13,-5.799486356386309e-16
391.22,-2.808934650277554e-13,-5.798545576967713e-16
391.23,-2.8085865578378337e-13,-5.797265210129593e-16
391.24,-2.808243304291122e-13,-5.797411714498423e-16
391.25,-2.807893942814032e-13,-5.795717853789356e-16
391.26,-2.80754353425669e-13,-5.794215714989673e-16
391.27,-2.807197705195146e-13,-5.793045766120949e-16
391.28,-2.806853005245452e-13,-5.791506764790477e-16
391.29,-2.806502381316222e-13,-5.791762435169909e-16
391.3,-2.806154785952505e-13,-5.791283620715904e-16
391.31,-2.805812225877236e-13,-5.790312871090786e-16
391.32,-2.805467473108343e-13,-5.789930761322411e-16
391.33,-2.8051203229531284e-13,-5.78772488104135e-16
391.34,-2.804768277817079e-13,-5.787934014848451e-16
391.35,-2.8044263984025493e-13,-5.787793265957118e-16
391.36,-2.8040820562939683e-13,-5.785955447561957e-16
391.37,-2.80373327535027e-13,-5.785806882975138e-16
391.38,-2.80338738317119e-13,-5.7843303944859e-16
391.39,-2.803038653953165e-13,-5.784012634016705e-16
391.4,-2.8026942665814255e-13,-5.782137738038036e-16
391.41,-2.802347617180199e-13,-5.781790033565911e-16
391.42,-2.80199859656444e-13,-5.7796783095262685e-16
391.43,-2.8016573009546465e-13,-5.779346381338975e-16
391.44,-2.801308191714404e-13,-5.778478730244635e-16
391.45,-2.800965903073483e-13,-5.777854776715346e-16
391.46,-2.8006186950329147e-13,-5.777569072674147e-16
391.47,-2.8002750234327034e-13,-5.779975360278702e-16
391.48,-2.7999292608846697e-13,-5.778126804413736e-16
391.49,-2.799582253419856e-13,-5.775167725068218e-16
391.5,-2.799234413748743e-13,-5.773380315858355e-16
391.51,-2.798883528682056e-13,-5.773442502900357e-16
391.52,-2.7985437496991016e-13,-5.772277225211729e-16
391.53,-2.798197852545505e-13,-5.771635249121474e-16
391.54,-2.7978585199483086e-13,-5.767399682509816e-16
391.55,-2.7975086047809385e-13,-5.770148439010184e-16
391.56,-2.7971575667917695e-13,-5.769466687377437e-16
391.57,-2.7968131066546085e-13,-5.76898333500988e-16
391.58,-2.796470824551676e-13,-5.767344562715281e-16
391.59,-2.796128335646622e-13,-5.766402485497403e-16
391.6,-2.7957818827170445e-13,-5.766511117991585e-16
391.61,-2.7954355755113377e-13,-5.76472407174045e-16
391.62,-2.7950929054432675e-13,-5.764866578247248e-16
391.63,-2.7947494492648625e-13,-5.763143172310645e-16
391.64,-2.7944030389985517e-13,-5.762855121831448e-16
391.65,-2.7940665737855315e-13,-5.764223448819758e-16
391.66,-2.7937158631681174e-13,-5.760999400642485e-16
391.67,-2.793366327028321e-13,-5.759499300496539e-16
391.68,-2.7930204718814133e-13,-5.759305668997697e-16
391.69,-2.792676869738193e-13,-5.757459016110732e-16
391.7,-2.792329997703434e-13,-5.75702245591902e-16
391.71,-2.791991148787823e-13,-5.757019027969331e-16
391.72,-2.7916479575043265e-13,-5.755709344645349e-16
391.73,-2.791298069201225e-13,-5.755649607181129e-16
391.74,-2.7909549900530816e-13,-5.753915083748905e-16
391.75,-2.79061188476004e-13,-5.74991649907587e-16
391.76,-2.7902668755729334e-13,-5.752135270302865e-16
391.77,-2.789921517570841e-13,-5.750925886314549e-16
391.78,-2.789577642003867e-13,-5.75021447456868e-16
391.79,-2.789233786437688e-13,-5.749631364717945e-16
391.8,-2.7888895951012543e-13,-5.749768109096292e-16
391.81,-2.7885468586484614e-13,-5.746737904871809e-16
391.82,-2.788198060290043e-13,-5.748230215352085e-16
391.83,-2.7878701749459914e-13,-5.751769653705596e-16
391.84,-2.7875056317967914e-13,-5.748733063956236e-16
391.85,-2.7871690458953224e-13,-5.744837496670258e-16
391.86,-2.7868263831926266e-13,-5.743533953828591e-16
391.87,-2.7864818548406673e-13,-5.743052554192157e-16
391.88,-2.7861399231717585e-13,-5.741542828844145e-16
391.89,-2.7857957301703907e-13,-5.742089958618522e-16
391.9,-2.785452310742967e-13,-5.740010329353852e-16
391.91,-2.785108640060639e-13,-5.737541816652581e-16
391.92,-2.784759915272712e-13,-5.734136227965049e-16
391.93,-2.784413800570825e-13,-5.734466118720317e-16
391.94,-2.7840782217260425e-13,-5.736784989369997e-16
391.95,-2.7837339598527874e-13,-5.735770807687436e-16
391.96,-2.7833901519521075e-13,-5.734801687824683e-16
391.97,-2.783047523887224e-13,-5.73430784306148e-16
391.98,-2.782703316770594e-13,-5.733308808961832e-16
391.99,-2.782360323320317e-13,-5.732171315299132e-16
392.0,-2.7820188980560303e-13,-5.730685842974461e-16
392.01,-2.781673490322786e-13,-5.72752904079665e-16
392.02,-2.781333976939156e-13,-5.734665581411137e-16
392.03,-2.780987741064015e-13,-5.72875545658314e-16
392.04,-2.7806482361950204e-13,-5.729174105023591e-16
392.05,-2.780301575093672e-13,-5.726562128481267e-16
392.06,-2.7799603141331587e-13,-5.726149720490153e-16
392.07,-2.7796151672312546e-13,-5.725957610842899e-16
392.08,-2.7792756708616883e-13,-5.724349214204867e-16
392.09,-2.7789369282684407e-13,-5.720990719771737e-16
392.1,-2.7785879672397017e-13,-5.72477498791879e-16
392.11,-2.778245854472728e-13,-5.720733355603338e-16
392.12,-2.777905621473266e-13,-5.722875792565485e-16
392.13,-2.777562233758547e-13,-5.720508404628851e-16
392.14,-2.77722162514068e-13,-5.72076497351347e-16
392.15,-2.7768778499984497e-13,-5.718446087023675e-16
392.16,-2.776537373051785e-13,-5.718155452567962e-16
392.17,-2.7761927108614204e-13,-5.71710353189288e-16
392.18,-2.7758549291646105e-13,-5.719146280509102e-16
392.19,-2.7755060648323006e-13,-5.716608975820091e-16
392.2,-2.7751621319884443e-13,-5.710281637738108e-16
392.21,-2.7748229686488305e-13,-5.712619032813909e-16
392.22,-2.774485301838523e-13,-5.713753848209813e-16
392.23,-2.7741424932793863e-13,-5.712109346699235e-16
392.24,-2.77379798173835e-13,-5.711372350467863e-16
392.25,-2.7734581756264573e-13,-5.710718335490783e-16
392.26,-2.7731157253467326e-13,-5.709845972444379e-16
392.27,-2.772777304120079e-13,-5.710446788114358e-16
392.28,-2.772433156364463e-13,-5.708953381869975e-16
392.29,-2.7720872275213316e-13,-5.706528499659382e-16
392.3,-2.7717461397356527e-13,-5.70557746448054e-16
392.31,-2.7714117282022135e-13,-5.706612669364565e-16
392.32,-2.771065115629591e-13,-5.703534091988684e-16
392.33,-2.770739114713444e-13,-5.708580251324021e-16
392.34,-2.7703809368492835e-13,-5.701797241818551e-16
392.35,-2.770040833117049e-13,-5.702018561086192e-16
392.36,-2.769693882573254e-13,-5.698881602774389e-16
392.37,-2.7693604976589887e-13,-5.699864368666251e-16
392.38,-2.7690174099870177e-13,-5.699903214318224e-16
392.39,-2.768677556450064e-13,-5.699090821556225e-16
392.4,-2.768342677192221e-13,-5.69845209377676e-16
392.41,-2.767993896827626e-13,-5.696977454844631e-16
392.42,-2.7676606997615555e-13,-5.697200928394101e-16
392.43,-2.767314868897264e-13,-5.6960712447396095e-16
392.44,-2.766973192826935e-13,-5.694470994917584e-16
392.45,-2.766632840125364e-13,-5.693374409565631e-16
392.46,-2.766292331423689e-13,-5.693237744548467e-16
392.47,-2.765951913427345e-13,-5.693984050032718e-16
392.48,-2.765609728480156e-13,-5.690106920713114e-16
392.49,-2.765267287196329e-13,-5.69098724334306e-16
392.5,-2.7649283924943675e-13,-5.689019104723135e-16
392.51,-2.7645866794731755e-13,-5.687913871084975e-16
392.52,-2.764248697739561e-13,-5.68624020516258e-16
392.53,-2.7639056088316247e-13,-5.685246791533476e-16
392.54,-2.76356319107111e-13,-5.684723795012643e-16
392.55,-2.7632279144251614e-13,-5.687056853430701e-16
392.56,-2.762885701412727e-13,-5.685054095238544e-16
392.57,-2.762542964433734e-13,-5.683174171737772e-16
392.58,-2.76220113261418e-13,-5.681423722605998e-16
392.59,-2.7618653037327415e-13,-5.681719443160111e-16
392.6,-2.7615250865694313e-13,-5.680757130004438e-16
392.61,-2.761183822178053e-13,-5.679335712067412e-16
392.62,-2.7608443535445713e-13,-5.679203683930283e-16
392.63,-2.7604967022533633e-13,-5.670317092201113e-16
392.64,-2.760166867966781e-13,-5.678309234359473e-16
392.65,-2.759830254690256e-13,-5.677770951536244e-16
392.66,-2.759485942431937e-13,-5.674900478897191e-16
392.67,-2.759148787741002e-13,-5.675579322757902e-16
392.68,-2.758807380481748e-13,-5.673285055264961e-16
392.69,-2.758469403373145e-13,-5.673219939639709e-16
392.7,-2.75812924948524e-13,-5.672484198266061e-16
392.71,-2.7577878385585613e-13,-5.671540233241515e-16
392.72,-2.7574597970055456e-13,-5.678537800397629e-16
392.73,-2.7571068836323005e-13,-5.66888382566137e-16
392.74,-2.756770815616777e-13,-5.666711906284479e-16
392.75,-2.7564294209820444e-13,-5.667517395102794e-16
392.76,-2.756090297823021e-13,-5.666679608471158e-16
392.77,-2.755750688098172e-13,-5.666331051737183e-16
392.78,-2.7554111467177637e-13,-5.664176192581675e-16
392.79,-2.7550737187137175e-13,-5.664173383805085e-16
392.8,-2.7547355494193737e-13,-5.665043429700324e-16
392.81,-2.754396268593535e-13,-5.6707786908815e-16
392.82,-2.7540561804131036e-13,-5.661338826446947e-16
392.83,-2.7537198608630835e-13,-5.663071852108984e-16
392.84,-2.753375968931924e-13,-5.660460836555514e-16
392.85,-2.7530380790828506e-13,-5.658799748405046e-16
392.86,-2.7527027794610736e-13,-5.658552429991632e-16
392.87,-2.752360991094238e-13,-5.656865695848836e-16
392.88,-2.752023601390714e-13,-5.655624813738617e-16
392.89,-2.7516838486192767e-13,-5.656120051702507e-16
392.9,-2.7513457411359603e-13,-5.660102131600816e-16
392.91,-2.7510087380519244e-13,-5.654776089984864e-16
392.92,-2.7506677005095756e-13,-5.647866375220879e-16
392.93,-2.750332753403451e-13,-5.652231754891921e-16
392.94,-2.749991343684572e-13,-5.650359119786725e-16
392.95,-2.749655015658353e-13,-5.650728379976191e-16
392.96,-2.749316105437338e-13,-5.649251477350649e-16
392.97,-2.748977379429948e-13,-5.64818498837057e-16
392.98,-2.7486400531946633e-13,-5.647000140687183e-16
392.99,-2.7482972504142e-13,-5.643349133499427e-16
393.0,-2.747964880124732e-13,-5.647743611609898e-16
393.01,-2.7476157314165887e-13,-5.635264996293098e-16
393.02,-2.747288113319364e-13,-5.645756744008899e-16
393.03,-2.7469481803080853e-13,-5.64378734247691e-16
393.04,-2.746614913291271e-13,-5.643906903220009e-16
393.05,-2.746276255543724e-13,-5.64216844543892e-16
393.06,-2.745939995210574e-13,-5.641978028385252e-16
393.07,-2.745596712428908e-13,-5.639134867788864e-16
393.08,-2.74525976489502e-13,-5.637691070959371e-16
393.09,-2.7449210574946796e-13,-5.637762638400482e-16
393.1,-2.744590282472481e-13,-5.648328685173989e-16
393.11,-2.744249856493362e-13,-5.636867522191526e-16
393.12,-2.743904559390744e-13,-5.634713154703571e-16
393.13,-2.7435738484787706e-13,-5.634235644702436e-16
393.14,-2.7432359106419235e-13,-5.634833114035122e-16
393.15,-2.74289827715151e-13,-5.632985129254186e-16
393.16,-2.7425609947464106e-13,-5.632055546645002e-16
393.17,-2.7422255244479397e-13,-5.631272024278501e-16
393.18,-2.7418811105891494e-13,-5.627601923650134e-16
393.19,-2.741555245061261e-13,-5.634398355501027e-16
393.2,-2.741214018874188e-13,-5.629110449749334e-16
393.21,-2.740876923884689e-13,-5.629759695274948e-16
393.22,-2.7405379766841636e-13,-5.628386897048484e-16
393.23,-2.740203233998598e-13,-5.626684533365716e-16
393.24,-2.739866477847803e-13,-5.625688351315977e-16
393.25,-2.739529788872083e-13,-5.624456997587233e-16
393.26,-2.739194706283368e-13,-5.625134041288504e-16
393.27,-2.738851772790484e-13,-5.620800248121198e-16
393.28,-2.738521941690164e-13,-5.627187009837774e-16
393.29,-2.7381824549215025e-13,-5.621552492023625e-16
393.3,-2.737847765505211e-13,-5.621074827007384e-16
393.31,-2.7375039983487013e-13,-5.618461734303121e-16
393.32,-2.737168707855794e-13,-5.618399024221398e-16
393.33,-2.7368340768886346e-13,-5.617696585589394e-16
393.34,-2.7364988349863383e-13,-5.617452480799659e-16
393.35,-2.736164812862032e-13,-5.61721654282618e-16
393.36,-2.735831788929561e-13,-5.615556764976468e-16
393.37,-2.7354939012454183e-13,-5.611104032237607e-16
393.38,-2.7351562621407357e-13,-5.613720723267573e-16
393.39,-2.734818550523822e-13,-5.612695064316587e-16
393.4,-2.7344822729665667e-13,-5.612013548086996e-16
393.41,-2.7341449541853403e-13,-5.609910667854704e-16
393.42,-2.733812807333186e-13,-5.609670231080853e-16
393.43,-2.733476156330582e-13,-5.608794603017288e-16
393.44,-2.7331399361852746e-13,-5.60643754303243e-16
393.45,-2.7328020450872366e-13,-5.608147091491783e-16
393.46,-2.732471573122131e-13,-5.606010483365081e-16
393.47,-2.7321319437479266e-13,-5.605811833617556e-16
393.48,-2.7317954094089973e-13,-5.605584660432534e-16
393.49,-2.731459961324346e-13,-5.603270289878659e-16
393.5,-2.73112604752191e-13,-5.602970942775742e-16
393.51,-2.7307902432764e-13,-5.602182371967973e-16
393.52,-2.7304540085957253e-13,-5.600934593652448e-16
393.53,-2.7301264322075266e-13,-5.598527484368312e-16
393.54,-2.7297755608542177e-13,-5.596317670562516e-16
393.55,-2.729444065446734e-13,-5.598386112794095e-16
393.56,-2.7291125855484256e-13,-5.598275002362111e-16
393.57,-2.728776019235271e-13,-5.5987128088938e-16
393.58,-2.728439209286744e-13,-5.59434260464685e-16
393.59,-2.72810810905991e-13,-5.595928942759773e-16
393.6,-2.727771507993404e-13,-5.594265754406615e-16
393.61,-2.7274381045537243e-13,-5.5957138859691285e-16
393.62,-2.7271082564052883e-13,-5.595352093229609e-16
393.63,-2.7267656061207833e-13,-5.589361990939515e-16
393.64,-2.726428293235005e-13,-5.592313687733463e-16
393.65,-2.726096530687182e-13,-5.59039199182477e-16
393.66,-2.7257614678646263e-13,-5.588872585692108e-16
393.67,-2.725427566447329e-13,-5.587924329500121e-16
393.68,-2.72509496010614e-13,-5.589029669790486e-16
393.69,-2.724758204265524e-13,-5.587201267076601e-16
393.7,-2.724423007403213e-13,-5.585128865577468e-16
393.71,-2.724108404855959e-13,-5.59125235231445e-16
393.72,-2.7237651620563904e-13,-5.588031783643593e-16
393.73,-2.723421592304498e-13,-5.583634584993551e-16
393.74,-2.723086678561385e-13,-5.582624880104766e-16
393.75,-2.722752889310386e-13,-5.580860348669336e-16
393.76,-2.722417855158051e-13,-5.581547684081805e-16
393.77,-2.7220834518622537e-13,-5.580952559454603e-16
393.78,-2.721747284789589e-13,-5.578675677492539e-16
393.79,-2.7214158658675317e-13,-5.578426455937881e-16
393.8,-2.7210795946243565e-13,-5.581309576963225e-16
393.81,-2.7207357623272667e-13,-5.573500646928984e-16
393.82,-2.7204143241040246e-13,-5.57703251852904e-16
393.83,-2.720078511485214e-13,-5.574358631614843e-16
393.84,-2.7197443593387754e-13,-5.572958694965581e-16
393.85,-2.7194102666762417e-13,-5.573144934684195e-16
393.86,-2.719078076129174e-13,-5.571909100773007e-16
393.87,-2.71874207741558e-13,-5.571748410818555e-16
393.88,-2.718411650409278e-13,-5.5695512931195e-16
393.89,-2.718071363846851e-13,-5.572732444777891e-16
393.9,-2.717728748171373e-13,-5.56612735115333e-16
393.91,-2.7174076514244467e-13,-5.568284157855589e-16
393.92,-2.717078907662456e-13,-5.567890673940145e-16
393.93,-2.7167422800895774e-13,-5.566406425066803e-16
393.94,-2.7164095476214557e-13,-5.567921103991811e-16
393.95,-2.7160755511591215e-13,-5.562637813174118e-16
393.96,-2.7157396104921703e-13,-5.563337093678136e-16
393.97,-2.7154081153739036e-13,-5.562429658355045e-16
393.98,-2.7150798406961396e-13,-5.562199536481201e-16
393.99,-2.714732828181024e-13,-5.563921795178593e-16
394.0,-2.71440880004903e-13,-5.561284873774358e-16
394.01,-2.7140749225229183e-13,-5.563926612442665e-16
394.02,-2.7137455027813114e-13,-5.558983018453449e-16
394.03,-2.713409964498379e-13,-5.558308827073285e-16
394.04,-2.713083053983816e-13,-5.556750188459165e-16
394.05,-2.712743973175769e-13,-5.556130943672316e-16
394.06,-2.7124130804786167e-13,-5.555501815539042e-16
394.07,-2.712079917256208e-13,-5.552656183266122e-16
394.08,-2.711747553191671e-13,-5.556718859483665e-16
394.09,-2.711411799731917e-13,-5.553322647079866e-16
394.1,-2.711081537205385e-13,-5.5513283548361965e-16
394.11,-2.710748908927342e-13,-5.552202104940505e-16
394.12,-2.710416974834304e-13,-5.549863280241761e-16
394.13,-2.710082905899377e-13,-5.548735952411905e-16
394.14,-2.7097505622040693e-13,-5.548274099247029e-16
394.15,-2.709418856649113e-13,-5.548357063721225e-16
394.16,-2.70907849599628e-13,-5.547429920939834e-16
394.17,-2.7087577846782793e-13,-5.544237245537978e-16
394.18,-2.708424081267086e-13,-5.544636603176212e-16
394.19,-2.7080925691625643e-13,-5.54501517581765e-16
394.2,-2.707759637014973e-13,-5.543757394614973e-16
394.21,-2.7074294572539687e-13,-5.543328692939189e-16
394.22,-2.7070931129639725e-13,-5.540452137256664e-16
394.23,-2.706762885545758e-13,-5.541016355986328e-16
394.24,-2.7064311160585595e-13,-5.540709863567562e-16
394.25,-2.7060993840473007e-13,-5.543374142678541e-16
394.26,-2.705764451259671e-13,-5.537669980235651e-16
394.27,-2.70543565998613e-13,-5.537547651998732e-16
394.28,-2.705100298822327e-13,-5.536698716204411e-16
394.29,-2.7047725581771413e-13,-5.535876995050274e-16
394.3,-2.7044403970554944e-13,-5.541584189282023e-16
394.31,-2.704109712816186e-13,-5.532443079325806e-16
394.32,-2.703777089130083e-13,-5.53322374663025e-16
394.33,-2.703447508813737e-13,-5.531545379540549e-16
394.34,-2.7031152741385814e-13,-5.536675500629543e-16
394.35,-2.702781171557344e-13,-5.530747547900728e-16
394.36,-2.702452284114294e-13,-5.529648521130654e-16
394.37,-2.7021225693337024e-13,-5.529609749197349e-16
394.38,-2.7017899792862397e-13,-5.529599617933131e-16
394.39,-2.7014576116143526e-13,-5.527464767966924e-16
394.4,-2.7011297973990874e-13,-5.527446058304153e-16
394.41,-2.700796340987516e-13,-5.52660223592295e-16
394.42,-2.7004625742780336e-13,-5.524877923010807e-16
394.43,-2.7001309888337317e-13,-5.52380595237972e-16
394.44,-2.6998004533763263e-13,-5.52250509676494e-16
394.45,-2.699470815333908e-13,-5.522437892077211e-16
394.46,-2.699139691150917e-13,-5.520335118776219e-16
394.47,-2.698809758069489e-13,-5.520627724678403e-16
394.48,-2.6984788102455774e-13,-5.519982634560239e-16
394.49,-2.6981510324148985e-13,-5.519810596559622e-16
394.5,-2.697816589134121e-13,-5.517413000746297e-16
394.51,-2.697484487432729e-13,-5.517521832105528e-16
394.52,-2.6971629025590616e-13,-5.517279700892359e-16
394.53,-2.6968234178184647e-13,-5.5156681247516655e-16
394.54,-2.6964935898043944e-13,-5.515231820782224e-16
394.55,-2.6961637605220216e-13,-5.513114025310629e-16
394.56,-2.6958345432229807e-13,-5.512626927659239e-16
394.57,-2.6955041519063565e-13,-5.51217066671284e-16
394.58,-2.695172685360041e-13,-5.511371037209554e-16
394.59,-2.6948445793483905e-13,-5.510670876210052e-16
394.6,-2.6945126846936187e-13,-5.510053146094605e-16
394.61,-2.694184177836294e-13,-5.50957104866903e-16
394.62,-2.693855457699147e-13,-5.507500970966748e-16
394.63,-2.6935250505426765e-13,-5.507949829366592e-16
394.64,-2.693194151990652e-13,-5.505852004776815e-16
394.65,-2.6928641391900775e-13,-5.505995706195879e-16
394.66,-2.6925359003495556e-13,-5.505200655359683e-16
394.67,-2.6922038273415145e-13,-5.505048927984472e-16
394.68,-2.6918728509256695e-13,-5.503449041842615e-16
394.69,-2.6915450342090265e-13,-5.501854982256029e-16
394.7,-2.691213781609808e-13,-5.50058065832923e-16
394.71,-2.6908883524557e-13,-5.500587947593693e-16
394.72,-2.6905562559061157e-13,-5.499393877941301e-16
394.73,-2.6902269576782717e-13,-5.498836083391551e-16
394.74,-2.689896954517746e-13,-5.49775077936297e-16
394.75,-2.689567588248564e-13,-5.497146385570279e-16
394.76,-2.689239270852853e-13,-5.496626058561525e-16
394.77,-2.688911436398159e-13,-5.496431218308748e-16
394.78,-2.6885800873209405e-13,-5.494159536693485e-16
394.79,-2.6882500339403355e-13,-5.49294381508242e-16
394.8,-2.687920627804707e-13,-5.491999477443944e-16
394.81,-2.687590530097658e-13,-5.491775596022072e-16
394.82,-2.687263484991068e-13,-5.49138858972323e-16
394.83,-2.6869341563591747e-13,-5.490624834957961e-16
394.84,-2.6866059563104393e-13,-5.490448357923388e-16
394.85,-2.6862759917232377e-13,-5.487917876808443e-16
394.86,-2.685947168169564e-13,-5.4877511026677975e-16
394.87,-2.6856136941653945e-13,-5.486476031098679e-16
394.88,-2.685288450373202e-13,-5.485317841400273e-16
394.89,-2.6849593257463165e-13,-5.485360117332138e-16
394.9,-2.684634011050622e-13,-5.484221245324121e-16
394.91,-2.6843028510691753e-13,-5.4839542917676885e-16
394.92,-2.6839736686428245e-13,-5.482544108331435e-16
394.93,-2.6836454830621197e-13,-5.481597152695479e-16
394.94,-2.6833206112092175e-13,-5.482746389635725e-16
394.95,-2.6829879897019183e-13,-5.479696119833664e-16
394.96,-2.6826600035936564e-13,-5.48033825031237e-16
394.97,-2.6823310744955243e-13,-5.480120467415995e-16
394.98,-2.682002950045063e-13,-5.477946452760122e-16
394.99,-2.681675034253566e-13,-5.477253284831277e-16
395.0,-2.681345743012252e-13,-5.475834191767998e-16
395.01,-2.681020303675654e-13,-5.476616354149076e-16
395.02,-2.6806891381160913e-13,-5.474477203560332e-16
395.03,-2.6803655444350536e-13,-5.475291284790011e-16
395.04,-2.680037062369227e-13,-5.472215048522943e-16
395.05,-2.67970829087392e-13,-5.473164369783552e-16
395.06,-2.679381642535716e-13,-5.473302978084643e-16
395.07,-2.6790512589482603e-13,-5.46993431258427e-16
395.08,-2.6787235541361367e-13,-5.47054143264857e-16
395.09,-2.6783993723302474e-13,-5.468688866393768e-16
395.1,-2.6780698965930867e-13,-5.466992924750287e-16
395.11,-2.6777453505396187e-13,-5.467175260973504e-16
395.12,-2.677413528738294e-13,-5.465897223374642e-16
395.13,-2.6770883909622923e-13,-5.466020203502287e-16
395.14,-2.676756307205884e-13,-5.464087834232018e-16
395.15,-2.676429713620045e-13,-5.465259073862023e-16
395.16,-2.676103745116375e-13,-5.462537796204722e-16
395.17,-2.675777736223797e-13,-5.462641919564017e-16
395.18,-2.675447518490239e-13,-5.461324128389761e-16
395.19,-2.6751252091070454e-13,-5.456406732390302e-16
395.2,-2.6747932863503243e-13,-5.460551635463543e-16
395.21,-2.674467545508805e-13,-5.4588819836593095e-16
395.22,-2.6741394545633045e-13,-5.459906306614114e-16
395.23,-2.6738123164278434e-13,-5.457864437461239e-16
395.24,-2.6734792316232975e-13,-5.454225873396543e-16
395.25,-2.6731590464525323e-13,-5.456170865942205e-16
395.26,-2.672832935529702e-13,-5.454762858665357e-16
395.27,-2.67250709292946e-13,-5.454032488946606e-16
395.28,-2.672177009870135e-13,-5.452667901112511e-16
395.29,-2.671851526400653e-13,-5.452223060261623e-16
395.3,-2.671522032989861e-13,-5.452305529487391e-16
395.31,-2.671196523724635e-13,-5.451160960622936e-16
395.32,-2.670862978524906e-13,-5.450521271012057e-16
395.33,-2.6705455925295013e-13,-5.449779743715559e-16
395.34,-2.6702186663319607e-13,-5.447955573305822e-16
395.35,-2.669891620228629e-13,-5.447274843428882e-16
395.36,-2.669568143512781e-13,-5.447954645613855e-16
395.37,-2.6692361772917234e-13,-5.445628541261227e-16
395.38,-2.668911366976357e-13,-5.445287692406749e-16
395.39,-2.668584444182881e-13,-5.446001201443213e-16
395.4,-2.6682587479391094e-13,-5.444032696133603e-16
395.41,-2.667938645571122e-13,-5.442401106014187e-16
395.42,-2.667605630323642e-13,-5.439272346209402e-16
395.43,-2.667278470351897e-13,-5.440915625037486e-16
395.44,-2.666955011104694e-13,-5.439856488271578e-16
395.45,-2.666628324467803e-13,-5.43744669512026e-16
395.46,-2.666300780259847e-13,-5.438923969198582e-16
395.47,-2.665977541531583e-13,-5.437561696106458e-16
395.48,-2.6656542443924695e-13,-5.437562084597364e-16
395.49,-2.665324243408779e-13,-5.435982292809119e-16
395.5,-2.6650136671015343e-13,-5.438099558761185e-16
395.51,-2.664669470909472e-13,-5.431524116647744e-16
395.52,-2.6643473410751795e-13,-5.433909899180015e-16
395.53,-2.6640207068117803e-13,-5.432837337838536e-16
395.54,-2.6636974982118976e-13,-5.433021863867986e-16
395.55,-2.663374038257232e-13,-5.430282922753739e-16
395.56,-2.6630456729654334e-13,-5.430442695532417e-16
395.57,-2.6627201551142694e-13,-5.430152364748224e-16
395.58,-2.662393197605544e-13,-5.428759620392754e-16
395.59,-2.662058089308043e-13,-5.42479799077668e-16
395.6,-2.6617438678150995e-13,-5.422680833796487e-16
395.61,-2.6614172906820436e-13,-5.426363669655306e-16
395.62,-2.661092394833438e-13,-5.424229569042869e-16
395.63,-2.6607727548182605e-13,-5.425600749581895e-16
395.64,-2.6604429239872166e-13,-5.42331289175052e-16
395.65,-2.6601190649617644e-13,-5.423495670512187e-16
395.66,-2.659790981676554e-13,-5.422561471144335e-16
395.67,-2.659467506617458e-13,-5.420706648852877e-16
395.68,-2.659138967812498e-13,-5.424740759086314e-16
395.69,-2.6588319184098125e-13,-5.419751732343212e-16
395.7,-2.65849381780925e-13,-5.41865423150587e-16
395.71,-2.6581659225509866e-13,-5.417600155740629e-16
395.72,-2.6578456673198926e-13,-5.417969295383563e-16
395.73,-2.6575192387334644e-13,-5.416602346153409e-16
395.74,-2.6571938385915464e-13,-5.41614082651298e-16
395.75,-2.656867624692724e-13,-5.414283850118737e-16
395.76,-2.6565443636289047e-13,-5.41338790617957e-16
395.77,-2.6562156053260824e-13,-5.40649484573668e-16
395.78,-2.655887674385977e-13,-5.412491192983804e-16
395.79,-2.6555708975331023e-13,-5.41176401859993e-16
395.8,-2.6552476867963557e-13,-5.410292268395366e-16
395.81,-2.6549256472442895e-13,-5.408937578647216e-16
395.82,-2.654597597969876e-13,-5.409630426519395e-16
395.83,-2.6542735723097123e-13,-5.409255070329476e-16
395.84,-2.653950251791295e-13,-5.407623507745949e-16
395.85,-2.6536307121781646e-13,-5.406042602810545e-16
395.86,-2.6533013712952075e-13,-5.407262320832862e-16
395.87,-2.6529758124139635e-13,-5.404215218929842e-16
395.88,-2.6526576470223516e-13,-5.4051127712303675e-16
395.89,-2.65232985393513e-13,-5.403011815305988e-16
395.9,-2.652005565111638e-13,-5.403124804684602e-16
395.91,-2.6516799472640106e-13,-5.401557879913607e-16
395.92,-2.6513599911122203e-13,-5.40081557027978e-16
395.93,-2.65103630530725e-13,-5.399945602429224e-16
395.94,-2.6507167931709617e-13,-5.398418734865648e-16
395.95,-2.6503888120879845e-13,-5.400307503234867e-16
395.96,-2.6500603571324467e-13,-5.398982549935707e-16
395.97,-2.649742062405828e-13,-5.397026320385291e-16
395.98,-2.649416521517861e-13,-5.395423335342097e-16
395.99,-2.6490962485315915e-13,-5.396149769337559e-16
396.0,-2.6487699341004105e-13,-5.394158649887675e-16
396.01,-2.6484468213877395e-13,-5.393394613267906e-16
396.02,-2.6481261063340753e-13,-5.394192713186491e-16
396.03,-2.647805830455248e-13,-5.392049535119756e-16
396.04,-2.647476563994634e-13,-5.390807056451906e-16
396.05,-2.6471512025188945e-13,-5.389464024300923e-16
396.06,-2.6468313172567477e-13,-5.389625372017687e-16
396.07,-2.6465094699605416e-13,-5.389151618498524e-16
396.08,-2.6461829224608746e-13,-5.388921814406435e-16
396.09,-2.6458627541732005e-13,-5.387449926127473e-16
396.1,-2.645539233626128e-13,-5.386148129574115e-16
396.11,-2.6452160915794464e-13,-5.385981015961081e-16
396.12,-2.644890149653617e-13,-5.386477975521029e-16
396.13,-2.6445665032337203e-13,-5.382994138898047e-16
396.14,-2.644247159746828e-13,-5.382367389535982e-16
396.15,-2.6439253685338967e-13,-5.383076658308749e-16
396.16,-2.643604497544545e-13,-5.3810433281858455e-16
396.17,-2.6432781473055376e-13,-5.381056258842651e-16
396.18,-2.6429605031103333e-13,-5.380213936151094e-16
396.19,-2.642635269055427e-13,-5.37976312873002e-16
396.2,-2.642311928444381e-13,-5.378399817978783e-16
396.21,-2.6419875984086976e-13,-5.380950014103466e-16
396.22,-2.6416705923036506e-13,-5.378825029987414e-16
396.23,-2.641346163026797e-13,-5.377750348127035e-16
396.24,-2.641022641309921e-13,-5.375198933406271e-16
396.25,-2.6407003418441143e-13,-5.373597162901708e-16
396.26,-2.6403805000308596e-13,-5.374881771204173e-16
396.27,-2.640060661001687e-13,-5.373640368342308e-16
396.28,-2.639735646114082e-13,-5.373417446363722e-16
396.29,-2.6394121778588447e-13,-5.371523177185806e-16
396.3,-2.6390917590074553e-13,-5.368696021673846e-16
396.31,-2.6387632276224454e-13,-5.371148385952929e-16
396.32,-2.6384457846158323e-13,-5.372330284268181e-16
396.33,-2.6381252007679064e-13,-5.368541109951258e-16
396.34,-2.637799170527596e-13,-5.367686009524767e-16
396.35,-2.6374819104542967e-13,-5.365882280834755e-16
396.36,-2.6371579189381403e-13,-5.36613016353643e-16
396.37,-2.636836725181004e-13,-5.365558100614348e-16
396.38,-2.636517566130023e-13,-5.365577263966313e-16
396.39,-2.6361926923904113e-13,-5.364131935819607e-16
396.4,-2.635874887233356e-13,-5.364509151632586e-16
396.41,-2.635556887327104e-13,-5.359114226803424e-16
396.42,-2.63522833013653e-13,-5.360556819544653e-16
396.43,-2.6349104407150706e-13,-5.360291605554486e-16
396.44,-2.634589192997796e-13,-5.359797217164153e-16
396.45,-2.6342643091254013e-13,-5.357646495374794e-16
396.46,-2.6339475020936794e-13,-5.3579657795966e-16
396.47,-2.633623674118513e-13,-5.356878137050076e-16
396.48,-2.633301583139017e-13,-5.35272622536096e-16
396.49,-2.6329872175276505e-13,-5.357007158272275e-16
396.5,-2.632663841900734e-13,-5.35251812673269e-16
396.51,-2.632339030713632e-13,-5.354032617801214e-16
396.52,-2.63202045312187e-13,-5.35381842304874e-16
396.53,-2.6316984319580973e-13,-5.352605254631814e-16
396.54,-2.6313785255673606e-13,-5.351716187548052e-16
396.55,-2.6310571097342043e-13,-5.351478009164759e-16
396.56,-2.6307351134575293e-13,-5.350253866742684e-16
396.57,-2.6304308935050564e-13,-5.340586812358814e-16
396.58,-2.6300942457000813e-13,-5.34817412559931e-16
396.59,-2.629775989372301e-13,-5.345419777546613e-16
396.6,-2.6294526084861544e-13,-5.346545361162963e-16
396.61,-2.6291336292104686e-13,-5.346847952132169e-16
396.62,-2.6288119295782196e-13,-5.344672412199179e-16
396.63,-2.628490444871484e-13,-5.345265051958528e-16
396.64,-2.6281706365295084e-13,-5.343697048145596e-16
396.65,-2.627853511581383e-13,-5.345559468096635e-16
396.66,-2.6275288132564004e-13,-5.351760448994494e-16
396.67,-2.6272101008728166e-13,-5.342184441969011e-16
396.68,-2.6268855643112074e-13,-5.340322088503795e-16
396.69,-2.6265686489308266e-13,-5.340583271893236e-16
396.7,-2.6262521481518657e-13,-5.339182942645591e-16
396.71,-2.6259306280623045e-13,-5.338747407414047e-16
396.72,-2.6256111628776133e-13,-5.338026628694723e-16
396.73,-2.625289538357734e-13,-5.336906412765342e-16
396.74,-2.624971240685046e-13,-5.336102176980086e-16
396.75,-2.624647656746871e-13,-5.340948468788044e-16
396.76,-2.6243294043358514e-13,-5.335491365911199e-16
396.77,-2.624010462767452e-13,-5.330188961552591e-16
396.78,-2.6236881622877323e-13,-5.332212159853081e-16
396.79,-2.6233688103484003e-13,-5.332325693414386e-16
396.8,-2.623051785169181e-13,-5.331442489294986e-16
396.81,-2.62273000567226e-13,-5.330570233079829e-16
396.82,-2.6224141764277565e-13,-5.329586374817795e-16
396.83,-2.6220956001942363e-13,-5.329132830308758e-16
396.84,-2.621773829604252e-13,-5.3339245585877e-16
396.85,-2.6214552474118217e-13,-5.326707332900894e-16
396.86,-2.62112671112102e-13,-5.328061374125921e-16
396.87,-2.620816569295204e-13,-5.325912905158329e-16
396.88,-2.620495579130629e-13,-5.325850691359804e-16
396.89,-2.620175707397259e-13,-5.324316537838809e-16
396.9,-2.6198570088346607e-13,-5.323904859964783e-16
396.91,-2.619538106990189e-13,-5.3224611833448e-16
396.92,-2.619220226098638e-13,-5.32268761899558e-16
396.93,-2.618897572849207e-13,-5.316375210586992e-16
396.94,-2.618578246819734e-13,-5.32026769764222e-16
396.95,-2.618249341641434e-13,-5.327392093283771e-16
396.96,-2.6179458191743924e-13,-5.31955149154199e-16
396.97,-2.6176235779965385e-13,-5.317069213963363e-16
396.98,-2.6173064136074414e-13,-5.318442210380827e-16
396.99,-2.6169879996274976e-13,-5.316912469340008e-16
397.0,-2.616667958037967e-13,-5.317108294181199e-16
397.01,-2.616349892809968e-13,-5.315344114430001e-16
397.02,-2.6160299114962055e-13,-5.310716695284555e-16
397.03,-2.6157182114617336e-13,-5.315697030939438e-16
397.04,-2.6154140738482306e-13,-5.310636233303496e-16
397.05,-2.615077097841776e-13,-5.312241462108311e-16
397.06,-2.614760208617237e-13,-5.313324832213272e-16
397.07,-2.614438141464087e-13,-5.309928088533737e-16
397.08,-2.6141216675042303e-13,-5.310215168418902e-16
397.09,-2.61379769424742e-13,-5.308755326717753e-16
397.1,-2.6134860199926443e-13,-5.308126384118661e-16
397.11,-2.6131681878441364e-13,-5.308024996051624e-16
397.12,-2.6128482978000835e-13,-5.306724830369121e-16
397.13,-2.612539940754013e-13,-5.305760914073323e-16
397.14,-2.612211943819131e-13,-5.304687996413536e-16
397.15,-2.6118946920126364e-13,-5.304604750695693e-16
397.16,-2.611587820848202e-13,-5.307517147411234e-16
397.17,-2.6112579824295107e-13,-5.302154133737055e-16
397.18,-2.6109411515186915e-13,-5.302756665426401e-16
397.19,-2.6106196187503584e-13,-5.299822012963695e-16
397.2,-2.6103029231456125e-13,-5.300101016965813e-16
397.21,-2.609971216275742e-13,-5.293420655019181e-16
397.22,-2.6096621271747144e-13,-5.2950509048322e-16
397.23,-2.6093521717897007e-13,-5.298391372407312e-16
397.24,-2.609033008260059e-13,-5.297221003872988e-16
397.25,-2.6087166123301545e-13,-5.297243927322032e-16
397.26,-2.6083990416842803e-13,-5.298020648726651e-16
397.27,-2.608081695805795e-13,-5.2956954000851e-16
397.28,-2.607763399505948e-13,-5.293717814606573e-16
397.29,-2.6074424848328396e-13,-5.292002455424166e-16
397.3,-2.6071280309595206e-13,-5.292468940063533e-16
397.31,-2.606808623212949e-13,-5.290568114150068e-16
397.32,-2.6064951198448687e-13,-5.29166819372426e-16
397.33,-2.606175417555325e-13,-5.290606495285959e-16
397.34,-2.605863253398122e-13,-5.290683299769961e-16
397.35,-2.6055476787272327e-13,-5.288922671253302e-16
397.36,-2.6052267857904725e-13,-5.288778993978826e-16
397.37,-2.604911160864979e-13,-5.287156686503214e-16
397.38,-2.604594842708822e-13,-5.284888003461546e-16
397.39,-2.6042775126057175e-13,-5.287282832926406e-16
397.4,-2.603956986945962e-13,-5.283859826193108e-16
397.41,-2.6036443382519384e-13,-5.284591588854514e-16
397.42,-2.6033272844032265e-13,-5.283144536339205e-16
397.43,-2.603008322110138e-13,-5.282069437072339e-16
397.44,-2.6026910397590334e-13,-5.282024149004309e-16
397.45,-2.6023766369618286e-13,-5.282161185300475e-16
397.46,-2.602059144567459e-13,-5.280034002905202e-16
397.47,-2.601745051953172e-13,-5.287073356716389e-16
397.48,-2.601426433993738e-13,-5.276278422513133e-16
397.49,-2.6011082343751203e-13,-5.279706770276931e-16
397.5,-2.600794502924879e-13,-5.277620534052281e-16
397.51,-2.600476881991285e-13,-5.278103477136148e-16
397.52,-2.6001623859151504e-13,-5.276180907253906e-16
397.53,-2.59984461706017e-13,-5.275120259178934e-16
397.54,-2.5995288504745555e-13,-5.274097181737346e-16
397.55,-2.599217037523753e-13,-5.273724758390867e-16
397.56,-2.5988908099303187e-13,-5.270454515388561e-16
397.57,-2.5985784426013076e-13,-5.26807609935974e-16
397.58,-2.5982638638480074e-13,-5.271872325513194e-16
397.59,-2.5979510525667707e-13,-5.271438402850539e-16
397.6,-2.597633013431143e-13,-5.26959667379296e-16
397.61,-2.597315910223655e-13,-5.269124445561446e-16
397.62,-2.5970022162081374e-13,-5.267928259781994e-16
397.63,-2.596683237833732e-13,-5.267796662068893e-16
397.64,-2.596370934949517e-13,-5.266308155425052e-16
397.65,-2.596040214901994e-13,-5.268441764422596e-16
397.66,-2.5957489432657475e-13,-5.272218629670272e-16
397.67,-2.595420124491754e-13,-5.264591131445613e-16
397.68,-2.595104742379738e-13,-5.26250750946642e-16
397.69,-2.594791331853806e-13,-5.263837708197202e-16
397.7,-2.5944740462234664e-13,-5.2620579352414e-16
397.71,-2.594158221458566e-13,-5.261375600544484e-16
397.72,-2.593847137703902e-13,-5.26093929395521e-16
397.73,-2.5935289564886313e-13,-5.260207472501599e-16
397.74,-2.5932212945189465e-13,-5.2572007953461405e-16
397.75,-2.5928975719090276e-13,-5.255874148113198e-16
397.76,-2.592582273507307e-13,-5.256797584710771e-16
397.77,-2.592267312488219e-13,-5.257500964578882e-16
397.78,-2.5919528132207164e-13,-5.256501966469681e-16
397.79,-2.591639324149058e-13,-5.255307860316041e-16
397.8,-2.5913251953898275e-13,-5.255455853637153e-16
397.81,-2.591009042657134e-13,-5.25555880811663e-16
397.82,-2.590692986450313e-13,-5.25404736148852e-16
397.83,-2.590385996779565e-13,-5.252171133234095e-16
397.84,-2.5900875381253967e-13,-5.257791066421295e-16
397.85,-2.589752252172969e-13,-5.253020706263878e-16
397.86,-2.589430690012997e-13,-5.249791369610739e-16
397.87,-2.5891222872679866e-13,-5.25038989022567e-16
397.88,-2.5888040234920595e-13,-5.249434814040493e-16
397.89,-2.588492543342451e-13,-5.252575679520723e-16
397.9,-2.5881758582800325e-13,-5.248025725452064e-16
397.91,-2.587864478601453e-13,-5.247048039173529e-16
397.92,-2.587553209241882e-13,-5.244292536846251e-16
397.93,-2.587224358356196e-13,-5.242832015734282e-16
397.94,-2.5869203815242694e-13,-5.245982619854018e-16
397.95,-2.586607410329064e-13,-5.243417691222704e-16
397.96,-2.586289603167577e-13,-5.241971600841605e-16
397.97,-2.585975711330526e-13,-5.242264525049509e-16
397.98,-2.5856626485244253e-13,-5.241901492755248e-16
397.99,-2.5853480137790913e-13,-5.240462453315461e-16
398.0,-2.5850345214176037e-13,-5.240180886577218e-16
398.01,-2.5847240343277135e-13,-5.237469523306751e-16
398.02,-2.58440146545042e-13,-5.238772624499921e-16
398.03,-2.584090540318556e-13,-5.23921287199949e-16
398.04,-2.5837763935312166e-13,-5.236929929503452e-16
398.05,-2.5834652354948055e-13,-5.236354760850035e-16
398.06,-2.583150743293069e-13,-5.235603954058799e-16
398.07,-2.5828399067643435e-13,-5.236112372787944e-16
398.08,-2.5825243587940286e-13,-5.234501998070921e-16
398.09,-2.5822086722975546e-13,-5.232925086345045e-16
398.1,-2.581897776742234e-13,-5.230522327855215e-16
398.11,-2.5815873401418927e-13,-5.232840149971501e-16
398.12,-2.5812713588700467e-13,-5.229927902852356e-16
398.13,-2.580952977087446e-13,-5.23054958543169e-16
398.14,-2.5806445164352175e-13,-5.229576592629476e-16
398.15,-2.580326389995852e-13,-5.229088383489717e-16
398.16,-2.580016286827045e-13,-5.229333064718998e-16
398.17,-2.579702568816774e-13,-5.227799547733088e-16
398.18,-2.579386673547584e-13,-5.226106707400139e-16
398.19,-2.5790773886174807e-13,-5.223718242219763e-16
398.2,-2.578760805335882e-13,-5.224895111617426e-16
398.21,-2.5784507754232335e-13,-5.224666986690636e-16
398.22,-2.5781374360435303e-13,-5.223939529138395e-16
398.23,-2.577822537852987e-13,-5.224036830708798e-16
398.24,-2.5775109322575385e-13,-5.223884612692902e-16
398.25,-2.5771930348881936e-13,-5.222827236596736e-16
398.26,-2.576884647659548e-13,-5.221262298685781e-16
398.27,-2.5765723823001295e-13,-5.220203845348646e-16
398.28,-2.576256151302447e-13,-5.220240106552797e-16
398.29,-2.575943634694584e-13,-5.217155573433617e-16
398.3,-2.5756344807410875e-13,-5.217895880456814e-16
398.31,-2.5753184718027586e-13,-5.215186557846428e-16
398.32,-2.575012300755316e-13,-5.217476512568181e-16
398.33,-2.5746960707674444e-13,-5.21585497714541e-16
398.34,-2.5743793766014395e-13,-5.215557942067212e-16
398.35,-2.574069268849995e-13,-5.213449554351573e-16
398.36,-2.5737557947497545e-13,-5.214255063409738e-16
398.37,-2.5734469540651417e-13,-5.214019546276175e-16
398.38,-2.573135896888788e-13,-5.211699219760461e-16
398.39,-2.572821681963598e-13,-5.21168664323921e-16
398.4,-2.572506592227526e-13,-5.211399147029717e-16
398.41,-2.572198679275894e-13,-5.210845313158809e-16
398.42,-2.5718814551897726e-13,-5.207205693901867e-16
398.43,-2.5715707984297175e-13,-5.208671232891266e-16
398.44,-2.5712575671622715e-13,-5.207859404046276e-16
398.45,-2.5709475476205524e-13,-5.206884924387647e-16
398.46,-2.5706435538341825e-13,-5.210915143132154e-16
398.47,-2.570325923716696e-13,-5.20465294173414e-16
398.48,-2.5700127884468595e-13,-5.203454434364289e-16
398.49,-2.5697004077647724e-13,-5.203639459273072e-16
398.5,-2.5693894649206396e-13,-5.202561189692706e-16
398.51,-2.569077028871735e-13,-5.203176288277065e-16
398.52,-2.568761834180412e-13,-5.201695824603803e-16
398.53,-2.568452993665574e-13,-5.201066329967785e-16
398.54,-2.568143578661725e-13,-5.201328271873827e-16
398.55,-2.567828162201501e-13,-5.199351486400045e-16
398.56,-2.5675169862222625e-13,-5.197114768342364e-16
398.57,-2.5672066523014967e-13,-5.196365273041999e-16
398.58,-2.5668932925772475e-13,-5.196356756808521e-16
398.59,-2.5665847493642167e-13,-5.197031510686509e-16
398.6,-2.566274268092386e-13,-5.19596996930652e-16
398.61,-2.5659621690265727e-13,-5.194774644053897e-16
398.62,-2.565651603771217e-13,-5.195131293993412e-16
398.63,-2.5653388376990015e-13,-5.193517950116011e-16
398.64,-2.565027485938919e-13,-5.193589582663255e-16
398.65,-2.564716606793205e-13,-5.191495663493596e-16
398.66,-2.5644056023493935e-13,-5.191579083278915e-16
398.67,-2.564095686214365e-13,-5.190961566057128e-16
398.68,-2.563783568949382e-13,-5.189546014478397e-16
398.69,-2.563474142913288e-13,-5.189390224119222e-16
398.7,-2.563163253932946e-13,-5.188679359060024e-16
398.71,-2.5628540668020544e-13,-5.189036728911127e-16
398.72,-2.5625403166830923e-13,-5.187254506967334e-16
398.73,-2.56222997947932e-13,-5.186163358218431e-16
398.74,-2.5619218842551256e-13,-5.185663413852835e-16
398.75,-2.561608361517919e-13,-5.184372138394796e-16
398.76,-2.561297162284718e-13,-5.18460813022361e-16
398.77,-2.560991520594901e-13,-5.183150607221828e-16
398.78,-2.5606781288938294e-13,-5.182713554233008e-16
398.79,-2.560368122053246e-13,-5.18226497145536e-16
398.8,-2.560058395962289e-13,-5.182068269804882e-16
398.81,-2.5597453021432e-13,-5.181367820792298e-16
398.82,-2.5594357359920953e-13,-5.178756114782585e-16
398.83,-2.5591263416921e-13,-5.179523727750424e-16
398.84,-2.558815876003177e-13,-5.178724170251725e-16
398.85,-2.558505585977727e-13,-5.178068636295657e-16
398.86,-2.5581934073007555e-13,-5.176449459441106e-16
398.87,-2.5578847165254874e-13,-5.176753420653894e-16
398.88,-2.557571895711085e-13,-5.174929028129739e-16
398.89,-2.55726694333842e-13,-5.173150540845634e-16
398.9,-2.5569506781798726e-13,-5.174114979246436e-16
398.91,-2.5566394645196654e-13,-5.170037624059006e-16
398.92,-2.556335136966774e-13,-5.171276870021842e-16
398.93,-2.556025359854016e-13,-5.172963854876043e-16
398.94,-2.5557149973159665e-13,-5.16934651452348e-16
398.95,-2.555405871314767e-13,-5.171065264625098e-16
398.96,-2.555095058707487e-13,-5.169350503851969e-16
398.97,-2.5547837290277273e-13,-5.168030356005254e-16
398.98,-2.554476124851624e-13,-5.168535382153767e-16
398.99,-2.5541716690105813e-13,-5.16705126834794e-16
399.0,-2.553855496686393e-13,-5.166659835203287e-16
399.01,-2.5535488216069966e-13,-5.165892342021044e-16
399.02,-2.553238061622475e-13,-5.165051181963835e-16
399.03,-2.5529366608765893e-13,-5.163119905808876e-16
399.04,-2.552621718222236e-13,-5.162903924101445e-16
399.05,-2.5523122350805866e-13,-5.162693759149265e-16
399.06,-2.551999664915369e-13,-5.161227017725125e-16
399.07,-2.5516937465243506e-13,-5.163130306447187e-16
399.08,-2.5513840215414845e-13,-5.161204401136162e-16
399.09,-2.551072087709416e-13,-5.163428958820505e-16
399.1,-2.550762374655317e-13,-5.159226577221265e-16
399.11,-2.550454635058817e-13,-5.158079067777623e-16
399.12,-2.5501477795264065e-13,-5.15836226751155e-16
399.13,-2.549838805243181e-13,-5.156089170694271e-16
399.14,-2.5495281672189294e-13,-5.156299300553857e-16
399.15,-2.549219109736813e-13,-5.155065026219847e-16
399.16,-2.548908687799121e-13,-5.154703318399769e-16
399.17,-2.5485987917107406e-13,-5.153474131472759e-16
399.18,-2.548291117978816e-13,-5.145882850578611e-16
399.19,-2.54798416962096e-13,-5.152829253105533e-16
399.2,-2.5476753595854456e-13,-5.152329175420732e-16
399.21,-2.547365866106486e-13,-5.151593370849875e-16
399.22,-2.5470588074893466e-13,-5.150446006371185e-16
399.23,-2.5467458943392443e-13,-5.149857489148942e-16
399.24,-2.5464425542195454e-13,-5.14730378148216e-16
399.25,-2.546131293762797e-13,-5.147587908370922e-16
399.26,-2.545825630604418e-13,-5.149121794516269e-16
399.27,-2.5455160106726113e-13,-5.146527984596745e-16
399.28,-2.5452071171246743e-13,-5.146229394928267e-16
399.29,-2.544900748476932e-13,-5.146109583507992e-16
399.3,-2.544589923066342e-13,-5.146000868553588e-16
399.31,-2.544283795713762e-13,-5.144762763397549e-16
399.32,-2.5439753073674523e-13,-5.143460054389382e-16
399.33,-2.543664190115125e-13,-5.137425593950741e-16
399.34,-2.543358228244382e-13,-5.141175246327607e-16
399.35,-2.5430585962708116e-13,-5.141123797684857e-16
399.36,-2.542748560908356e-13,-5.140479940228248e-16
399.37,-2.542438166120479e-13,-5.140610140175043e-16
399.38,-2.5421275365883013e-13,-5.139807071152676e-16
399.39,-2.541822232972529e-13,-5.139463326271964e-16
399.4,-2.541512708550103e-13,-5.137801203011124e-16
399.41,-2.5412060654230513e-13,-5.136711094751807e-16
399.42,-2.540897287463002e-13,-5.13626198895287e-16
399.43,-2.540592658372974e-13,-5.134554461269199e-16
399.44,-2.540276397398395e-13,-5.127797490704629e-16
399.45,-2.5399738553445507e-13,-5.133773907123096e-16
399.46,-2.5396682917742573e-13,-5.13290062853601e-16
399.47,-2.539361564037201e-13,-5.131888210969783e-16
399.48,-2.5390481342775274e-13,-5.131363585165794e-16
399.49,-2.538746481891956e-13,-5.131225155068616e-16
399.5,-2.5384370230862567e-13,-5.129893895458314e-16
399.51,-2.5381330447410663e-13,-5.128351745223245e-16
399.52,-2.537826110601009e-13,-5.128971324474521e-16
399.53,-2.5375005947087504e-13,-5.127982822115406e-16
399.54,-2.537212858572927e-13,-5.127774601484555e-16
399.55,-2.5369015261367595e-13,-5.125247554849132e-16
399.56,-2.536596810053908e-13,-5.125947145659824e-16
399.57,-2.536288423162391e-13,-5.12672474810759e-16
399.58,-2.5359815062351267e-13,-5.124940310925439e-16
399.59,-2.5356755196145834e-13,-5.124583298216773e-16
399.6,-2.5353697348325627e-13,-5.123349216009969e-16
399.61,-2.5350605912732094e-13,-5.12231942949022e-16
399.62,-2.5347373095616046e-13,-5.117237991961982e-16
399.63,-2.5344566332411046e-13,-5.125777698341969e-16
399.64,-2.5341398518130067e-13,-5.1203764250895e-16
399.65,-2.53383282756059e-13,-5.118907442360325e-16
399.66,-2.5335269532767063e-13,-5.11897821487311e-16
399.67,-2.5332218009587153e-13,-5.118035116075835e-16
399.68,-2.5329147006102984e-13,-5.116021954973089e-16
399.69,-2.532607233345118e-13,-5.116146609323897e-16
399.7,-2.532302378942579e-13,-5.115680636597202e-16
399.71,-2.531992515387711e-13,-5.117029847659101e-16
399.72,-2.5316980240051364e-13,-5.112185636922471e-16
399.73,-2.5313836487236504e-13,-5.114146109077319e-16
399.74,-2.531076055291488e-13,-5.112763634350096e-16
399.75,-2.530770065758758e-13,-5.112367511833965e-16
399.76,-2.5304639667884794e-13,-5.111747970837512e-16
399.77,-2.530158139026144e-13,-5.111125548991422e-16
399.78,-2.5298517539612405e-13,-5.110559245512132e-16
399.79,-2.5295490396633906e-13,-5.109600052735159e-16
399.8,-2.529240992251966e-13,-5.110711669007165e-16
399.81,-2.528949672045898e-13,-5.114371935939544e-16
399.82,-2.5286278237410325e-13,-5.106203978692756e-16
399.83,-2.5283232751346844e-13,-5.10648837056377e-16
399.84,-2.5280164532417977e-13,-5.105976394143976e-16
399.85,-2.5277110096039185e-13,-5.10530822279175e-16
399.86,-2.527406090787346e-13,-5.102477815738312e-16
399.87,-2.527101354664787e-13,-5.103922983056256e-16
399.88,-2.5268007657578193e-13,-5.104070617344439e-16
399.89,-2.5264881898542953e-13,-5.101909001032232e-16
399.9,-2.526174035794118e-13,-5.100873189792543e-16
399.91,-2.5258783952165047e-13,-5.100896380559307e-16
399.92,-2.525573531968332e-13,-5.100577744657884e-16
399.93,-2.5252669112369736e-13,-5.098146168190273e-16
399.94,-2.524960927588316e-13,-5.098666582917345e-16
399.95,-2.524657674052243e-13,-5.09759828137114e-16
399.96,-2.524352935443788e-13,-5.097559568409085e-16
399.97,-2.524041924529786e-13,-5.097930959728431e-16
399.98,-2.523745724208841e-13,-5.097705141154883e-16
399.99,-2.523432355915889e-13,-5.093728029952242e-16
400.0,-2.5231277449921317e-13,-5.093836687288758e-16
400.01,-2.5228277456479177e-13,-5.092672829994417e-16
400.02,-2.522521601515322e-13,-5.092072548191045e-16
400.03,-2.522214600419268e-13,-5.092489126431815e-16
400.04,-2.521909771149002e-13,-5.09191640685328e-16
400.05,-2.5216051977497205e-13,-5.090310181474646e-16
400.06,-2.521297407066617e-13,-5.091644974459864e-16
400.07,-2.520990281544372e-13,-5.093990594685982e-16
400.08,-2.520693806842148e-13,-5.090595080940217e-16
400.09,-2.5203866020407624e-13,-5.0887871099512e-16
400.1,-2.5200807957765396e-13,-5.086597850441578e-16
400.11,-2.519776690180292e-13,-5.086251150824049e-16
400.12,-2.519474538399929e-13,-5.086565389814212e-16
400.13,-2.5191661894980266e-13,-5.083986542369968e-16
400.14,-2.5188643315468445e-13,-5.084746174940418e-16
400.15,-2.518554724705965e-13,-5.084335733269328e-16
400.16,-2.5182580926402724e-13,-5.082308868682835e-16
400.17,-2.5179538542286604e-13,-5.079755930791352e-16
400.18,-2.517646840114521e-13,-5.081721299308155e-16
400.19,-2.5173427586857753e-13,-5.082436251045663e-16
400.2,-2.5170381998777836e-13,-5.080538763301932e-16
400.21,-2.516731508227664e-13,-5.077993918260533e-16
400.22,-2.516424606671772e-13,-5.077210531743548e-16
400.23,-2.516125988536054e-13,-5.078040589513328e-16
400.24,-2.515821403628412e-13,-5.075155974951654e-16
400.25,-2.5155147242480143e-13,-5.075534688966635e-16
400.26,-2.515214189750753e-13,-5.072494606803905e-16
400.27,-2.5149084532640173e-13,-5.073993173326132e-16
400.28,-2.5146100125281e-13,-5.075741687296778e-16
400.29,-2.5143031741101103e-13,-5.073387210656516e-16
400.3,-2.5139992784423426e-13,-5.072766619359927e-16
400.31,-2.5136933354903334e-13,-5.07166357930635e-16
400.32,-2.513393366809282e-13,-5.071427555433955e-16
400.33,-2.5130783746985393e-13,-5.070157837296755e-16
400.34,-2.512783019751197e-13,-5.069088378645497e-16
400.35,-2.5124798710747893e-13,-5.068927297733019e-16
400.36,-2.5121766011953275e-13,-5.06806419062919e-16
400.37,-2.5118737671658234e-13,-5.0679099932546665e-16
400.38,-2.5115711175009445e-13,-5.067022469457727e-16
400.39,-2.5112675927543617e-13,-5.066539003726455e-16
400.4,-2.510965404571177e-13,-5.065247321467646e-16
400.41,-2.51065829089688e-13,-5.064807674446891e-16
400.42,-2.5103718149638865e-13,-5.056871398558969e-16
400.43,-2.5100531381555324e-13,-5.065246663515757e-16
400.44,-2.509744772910869e-13,-5.060279882380148e-16
400.45,-2.509449834541514e-13,-5.061072172902709e-16
400.46,-2.5091462116321566e-13,-5.060751693444778e-16
400.47,-2.508842027109443e-13,-5.060316914431228e-16
400.48,-2.50853973145307e-13,-5.060309150637393e-16
400.49,-2.5082341843009657e-13,-5.058290653312001e-16
400.5,-2.5079351682684783e-13,-5.059739810911577e-16
400.51,-2.5076475806746616e-13,-5.059314947066861e-16
400.52,-2.507328638319955e-13,-5.057116396403586e-16
400.53,-2.5070180874731145e-13,-5.052628672431706e-16
400.54,-2.5067235765783684e-13,-5.0554052733142075e-16
400.55,-2.5064197060562875e-13,-5.054524009929994e-16
400.56,-2.50611722584214e-13,-5.054235182097731e-16
400.57,-2.505813690614485e-13,-5.052869029373068e-16
400.58,-2.505512968134281e-13,-5.053014481280071e-16
400.59,-2.505212728802022e-13,-5.051751196701524e-16
400.6,-2.504900162565122e-13,-5.057222165475945e-16
400.61,-2.5046045844084837e-13,-5.0500846908423975e-16
400.62,-2.5043046392578845e-13,-5.053241714078794e-16
400.63,-2.5040018103695735e-13,-5.047739334308362e-16
400.64,-2.5036971602479805e-13,-5.048566402685811e-16
400.65,-2.503396286041412e-13,-5.047560424086416e-16
400.66,-2.50309225276874e-13,-5.046837839680989e-16
400.67,-2.502791048115086e-13,-5.046002375024172e-16
400.68,-2.502488837197544e-13,-5.045169998763029e-16
400.69,-2.5021798635025976e-13,-5.049651325240425e-16
400.7,-2.5018849387690074e-13,-5.044525849067376e-16
400.71,-2.5015809402281564e-13,-5.042562656488807e-16
400.72,-2.501285051795712e-13,-5.042801009663651e-16
400.73,-2.5009799197521525e-13,-5.041411812822294e-16
400.74,-2.500680931198741e-13,-5.041889304537262e-16
400.75,-2.5003780411897464e-13,-5.041614589380282e-16
400.76,-2.500077311238499e-13,-5.040721261408551e-16
400.77,-2.4997700409124444e-13,-5.037728855092546e-16
400.78,-2.499468937939651e-13,-5.040516010051298e-16
400.79,-2.499174773367364e-13,-5.036713776342414e-16
400.8,-2.4988733848623626e-13,-5.044059984154035e-16
400.81,-2.4985688412923833e-13,-5.0358277394571815e-16
400.82,-2.498263355190121e-13,-5.035800346639414e-16
400.83,-2.497965136971538e-13,-5.034295921481474e-16
400.84,-2.497662426812778e-13,-5.033437109618335e-16
400.85,-2.4973606118392475e-13,-5.033743743863518e-16
400.86,-2.497060595488579e-13,-5.031660670221888e-16
400.87,-2.496754899875699e-13,-5.028298567994797e-16
400.88,-2.496453726614555e-13,-5.030011021369384e-16
400.89,-2.4961752368676135e-13,-5.04103375169858e-16
400.9,-2.4958561602390244e-13,-5.028985732968059e-16
400.91,-2.4955565833297545e-13,-5.029638224716495e-16
400.92,-2.495251826312183e-13,-5.028599183639128e-16
400.93,-2.494952928522979e-13,-5.027993163188377e-16
400.94,-2.494654030589495e-13,-5.027505072475587e-16
400.95,-2.4943511053534563e-13,-5.026477720894155e-16
400.96,-2.494048038640528e-13,-5.023853237023124e-16
400.97,-2.4937477266083143e-13,-5.02410466335524e-16
400.98,-2.493442292344704e-13,-5.015633333473329e-16
400.99,-2.493145052066046e-13,-5.022682109874778e-16
401.0,-2.492852937478199e-13,-5.025649858294023e-16
401.01,-2.492555078797701e-13,-5.022614165448988e-16
401.02,-2.492243654815657e-13,-5.020076490281408e-16
401.03,-2.4919431689881527e-13,-5.020010215671141e-16
401.04,-2.4916427057649957e-13,-5.019605877246514e-16
401.05,-2.491343329173119e-13,-5.019355807761286e-16
401.06,-2.4910377344592117e-13,-5.017876784408837e-16
401.07,-2.490739581980444e-13,-5.012272237233024e-16
401.08,-2.490443006503849e-13,-5.016962286277513e-16
401.09,-2.4901426830039655e-13,-5.015698699659904e-16
401.1,-2.4898426389494155e-13,-5.015650446162456e-16
401.11,-2.4895417704104327e-13,-5.014212179165194e-16
401.12,-2.489240251698797e-13,-5.012769501504524e-16
401.13,-2.4889404464695643e-13,-5.012302545142561e-16
401.14,-2.488644392097359e-13,-5.011946633200696e-16
401.15,-2.4883331888541534e-13,-5.010969010177298e-16
401.16,-2.4880325062261564e-13,-5.012449027388945e-16
401.17,-2.4877403707186e-13,-5.010293154400319e-16
401.18,-2.487441387385913e-13,-5.009699992104151e-16
401.19,-2.4871427931947037e-13,-5.008813129281779e-16
401.2,-2.4868412777559694e-13,-5.007934485925086e-16
401.21,-2.486543794672559e-13,-5.006708853708171e-16
401.22,-2.486243946676527e-13,-5.006634971856846e-16
401.23,-2.485942397057857e-13,-5.005776239594492e-16
401.24,-2.4856418907088065e-13,-5.0039167990461905e-16
401.25,-2.4853400562563867e-13,-5.005625604547325e-16
401.26,-2.4850453908836166e-13,-5.003683476123865e-16
401.27,-2.4847453648180084e-13,-5.004073129820239e-16
401.28,-2.484445889660263e-13,-5.0019805798041e-16
401.29,-2.484144664699814e-13,-5.001539334956611e-16
401.3,-2.483847720008302e-13,-5.001501332053467e-16
401.31,-2.4835491247580154e-13,-5.000537662606468e-16
401.32,-2.483236856530174e-13,-4.998858829141789e-16
401.33,-2.482951859986095e-13,-5.000173532523325e-16
401.34,-2.4826467735084525e-13,-4.997670507033672e-16
401.35,-2.482352831312585e-13,-4.998356513743363e-16
401.36,-2.482051453212069e-13,-4.99415382226926e-16
401.37,-2.4817497305081764e-13,-4.996414176894441e-16
401.38,-2.4814535758863047e-13,-4.995207024993034e-16
401.39,-2.4811546789705074e-13,-4.994365857652955e-16
401.4,-2.480858930442976e-13,-4.992937774095393e-16
401.41,-2.4805617235474963e-13,-4.9948721935098e-16
401.42,-2.4802590985597757e-13,-4.991328056287591e-16
401.43,-2.479958252781959e-13,-4.991132554528379e-16
401.44,-2.4796598195916647e-13,-4.991430108657306e-16
401.45,-2.479360639630008e-13,-4.989453819706325e-16
401.46,-2.4790589115467807e-13,-4.989229825097149e-16
401.47,-2.4787641079106404e-13,-4.988713488699153e-16
401.48,-2.4784655103337883e-13,-4.98809795742902e-16
401.49,-2.4781675783449046e-13,-4.988598306781254e-16
401.5,-2.4778661525559435e-13,-4.98303355014022e-16
401.51,-2.477566183398797e-13,-4.980305066602859e-16
401.52,-2.477270712292936e-13,-4.984083745411932e-16
401.53,-2.47697200411151e-13,-4.984578206093849e-16
401.54,-2.476672120740897e-13,-4.983068230129219e-16
401.55,-2.476376258193551e-13,-4.982769810515527e-16
401.56,-2.476077601863935e-13,-4.983076357550563e-16
401.57,-2.4757809780491843e-13,-4.98139199304774e-16
401.58,-2.4754814293873593e-13,-4.980346588080838e-16
401.59,-2.475196947997201e-13,-4.984177877211233e-16
401.6,-2.4748826391508176e-13,-4.983398161174617e-16
401.61,-2.4745864413547814e-13,-4.978690307094263e-16
401.62,-2.474289385258687e-13,-4.978279141622647e-16
401.63,-2.4739914755461106e-13,-4.976645484386789e-16
401.64,-2.4736938513901195e-13,-4.976845718580154e-16
401.65,-2.4733936076608895e-13,-4.974949711055052e-16
401.66,-2.47309638666289e-13,-4.975909668175449e-16
401.67,-2.472798755803865e-13,-4.973875989546342e-16
401.68,-2.4724985772364054e-13,-4.97133763278782e-16
401.69,-2.472205318845877e-13,-4.970627177638966e-16
401.7,-2.4719055522228594e-13,-4.972721821936182e-16
401.71,-2.4716126974523747e-13,-4.971017342192178e-16
401.72,-2.471311607202705e-13,-4.969935829290553e-16
401.73,-2.4710139773253974e-13,-4.969890034199327e-16
401.74,-2.470716248927052e-13,-4.967881016394875e-16
401.75,-2.470419439205837e-13,-4.96883325457192e-16
401.76,-2.47011922037359e-13,-4.968144005028075e-16
401.77,-2.4698206441407014e-13,-4.968250245056827e-16
401.78,-2.4695327492462993e-13,-4.976478823151717e-16
401.79,-2.469233737576448e-13,-4.966219204888856e-16
401.8,-2.468939243560482e-13,-4.965307229674832e-16
401.81,-2.468635383287432e-13,-4.964203150927373e-16
401.82,-2.468341254573599e-13,-4.963916426283619e-16
401.83,-2.4680415897740597e-13,-4.959852366388941e-16
401.84,-2.4677418862896907e-13,-4.962051227451044e-16
401.85,-2.4674464180308055e-13,-4.962874920757297e-16
401.86,-2.467150624026612e-13,-4.96124113131336e-16
401.87,-2.4668527221357055e-13,-4.956756843590378e-16
401.88,-2.466561197157692e-13,-4.960351852412836e-16
401.89,-2.46626242288814e-13,-4.956444738110326e-16
401.9,-2.4659646622130035e-13,-4.958349361243504e-16
401.91,-2.465666233881767e-13,-4.957277936664538e-16
401.92,-2.465368416977351e-13,-4.956298065582467e-16
401.93,-2.465072245755248e-13,-4.956080849083385e-16
401.94,-2.464777114782334e-13,-4.954600309550826e-16
401.95,-2.4644849460453585e-13,-4.955991179820179e-16
401.96,-2.464179789041667e-13,-4.951767690455491e-16
401.97,-2.4638881627397216e-13,-4.949831615293665e-16
401.98,-2.4635922368031e-13,-4.950783627683263e-16
401.99,-2.46329570808932e-13,-4.95094962392581e-16
402.0,-2.4629976916984196e-13,-4.950532714053716e-16
402.01,-2.462698999822683e-13,-4.94952263170892e-16
402.02,-2.4624042064793876e-13,-4.948930314344335e-16
402.03,-2.4621097752188817e-13,-4.948486657997476e-16
402.04,-2.4618010421284154e-13,-4.94356897125978e-16
402.05,-2.4615134296520374e-13,-4.946920903904638e-16
402.06,-2.4612206482802223e-13,-4.945422702286925e-16
402.07,-2.4609255027139014e-13,-4.945359184401518e-16
402.08,-2.4606285755013253e-13,-4.944590830379118e-16
402.09,-2.460342487832144e-13,-4.947661517379799e-16
402.1,-2.460037925110492e-13,-4.944043113272483e-16
402.11,-2.4597417591611863e-13,-4.942915848484491e-16
402.12,-2.4594435189192796e-13,-4.943040427689546e-16
402.13,-2.4591510645858904e-13,-4.938723941716169e-16
402.14,-2.458852519148036e-13,-4.9407253268000435e-16
402.15,-2.4585586849625913e-13,-4.940127966002154e-16
402.16,-2.4582613621537267e-13,-4.939518889986575e-16
402.17,-2.4579671255593056e-13,-4.939289147014261e-16
402.18,-2.4576692782608615e-13,-4.938148402734265e-16
402.19,-2.45737341176442e-13,-4.936769613911511e-16
402.2,-2.457081086302136e-13,-4.93603354366329e-16
402.21,-2.456785174956254e-13,-4.936287072483539e-16
402.22,-2.4564883988645944e-13,-4.931408910553234e-16
402.23,-2.4561956106049123e-13,-4.933609479217011e-16
402.24,-2.455898387016174e-13,-4.932812415619978e-16
402.25,-2.45560428647856e-13,-4.934973536657425e-16
402.26,-2.455307009247702e-13,-4.932030061833135e-16
402.27,-2.455014316601123e-13,-4.930919223669865e-16
402.28,-2.4547173700394024e-13,-4.929836840009582e-16
402.29,-2.454422536832886e-13,-4.929706405847111e-16
402.3,-2.454130773589338e-13,-4.92983447999848e-16
402.31,-2.4538284188107425e-13,-4.926021829916491e-16
402.32,-2.453535901682281e-13,-4.927749534908996e-16
402.33,-2.453244664122588e-13,-4.928152588091106e-16
402.34,-2.4529479186956335e-13,-4.925823529538794e-16
402.35,-2.452650053690451e-13,-4.9253978785041315e-16
402.36,-2.452356429740853e-13,-4.924328762545418e-16
402.37,-2.452064351350333e-13,-4.924740665627634e-16
402.38,-2.4517677177046917e-13,-4.92311092485732e-16
402.39,-2.4514726905361457e-13,-4.923116926417412e-16
402.4,-2.4511829403772915e-13,-4.92235757886106e-16
402.41,-2.4508830411048917e-13,-4.920543937585185e-16
402.42,-2.450592249062237e-13,-4.920539855893772e-16
402.43,-2.4502966112538756e-13,-4.919833456540798e-16
402.44,-2.450001125054634e-13,-4.919009536741453e-16
402.45,-2.4497054207238757e-13,-4.918233974650973e-16
402.46,-2.449413585543609e-13,-4.917562791191545e-16
402.47,-2.4491180682109197e-13,-4.917130932022325e-16
402.48,-2.4488228775677023e-13,-4.916115805430625e-16
402.49,-2.448528841058831e-13,-4.914972855793912e-16
402.5,-2.4482357692539016e-13,-4.914186771028311e-16
402.51,-2.4479403401712076e-13,-4.912867819004879e-16
402.52,-2.4476461742938333e-13,-4.913158845384928e-16
402.53,-2.447351936931115e-13,-4.912013434427262e-16
402.54,-2.4470592436399706e-13,-4.911923639167219e-16
402.55,-2.446765808085615e-13,-4.911861152866601e-16
402.56,-2.4464723310052515e-13,-4.911167729829246e-16
402.57,-2.4461803886432406e-13,-4.910759317554273e-16
402.58,-2.445882295944909e-13,-4.90767207440908e-16
402.59,-2.445589637091793e-13,-4.908078110458953e-16
402.6,-2.4452937923400016e-13,-4.908077171197595e-16
402.61,-2.445001870279626e-13,-4.906598020342234e-16
402.62,-2.444707305278853e-13,-4.90598941707612e-16
402.63,-2.4444148304637857e-13,-4.905375288919912e-16
402.64,-2.4441206009218926e-13,-4.903747085054033e-16
402.65,-2.4438271527562354e-13,-4.904763052446143e-16
402.66,-2.443530693969773e-13,-4.901591966711501e-16
402.67,-2.4432401618145573e-13,-4.903608933838702e-16
402.68,-2.442947101909829e-13,-4.902063413414015e-16
402.69,-2.4426535868716703e-13,-4.901416177763474e-16
402.7,-2.4423595160657687e-13,-4.90078176431393e-16
402.71,-2.4420667460945047e-13,-4.899500524073622e-16
402.72,-2.4417740354952075e-13,-4.899488709823625e-16
402.73,-2.4414821495234606e-13,-4.897718908066848e-16
402.74,-2.441188493349294e-13,-4.895848300488339e-16
402.75,-2.440893142395046e-13,-4.896352448969209e-16
402.76,-2.4406015396984525e-13,-4.897354027990117e-16
402.77,-2.4403052101682987e-13,-4.895977467065174e-16
402.78,-2.4400128367670775e-13,-4.894760664511146e-16
402.79,-2.4397203326494233e-13,-4.892827132295834e-16
402.8,-2.43942851196783e-13,-4.894698076292454e-16
402.81,-2.4391356584071487e-13,-4.891628349106312e-16
402.82,-2.4388451120605213e-13,-4.891381847877953e-16
402.83,-2.438549801645917e-13,-4.890848408222227e-16
402.84,-2.438258924166823e-13,-4.891566793122759e-16
402.85,-2.4379650727837653e-13,-4.88963253025586e-16
402.86,-2.4376696383750626e-13,-4.888570657241916e-16
402.87,-2.4373795440136196e-13,-4.88719129605813e-16
402.88,-2.437084013680621e-13,-4.887998376397148e-16
402.89,-2.436790667057726e-13,-4.886416333514383e-16
402.9,-2.4365048890518696e-13,-4.883582387696284e-16
402.91,-2.436208380573873e-13,-4.886660397655899e-16
402.92,-2.435917161913666e-13,-4.885406207109002e-16
402.93,-2.4356238071188255e-13,-4.8826619463968565e-16
402.94,-2.4353290618004193e-13,-4.88294206364092e-16
402.95,-2.435036139846886e-13,-4.881826253087887e-16
402.96,-2.4347455432063876e-13,-4.881546187129352e-16
402.97,-2.4344531297815897e-13,-4.884620346335146e-16
402.98,-2.4341689941135605e-13,-4.882378573319527e-16
402.99,-2.433868826900895e-13,-4.878935263941442e-16
403.0,-2.433576283085275e-13,-4.878626960086106e-16
403.01,-2.433284557795483e-13,-4.878191561583498e-16
403.02,-2.432993320709998e-13,-4.876359716048755e-16
403.03,-2.432704559961349e-13,-4.879663833071573e-16
403.04,-2.4324098760033366e-13,-4.875371814252709e-16
403.05,-2.4321180337316985e-13,-4.875696661445654e-16
403.06,-2.43182879170399e-13,-4.876249386163663e-16
403.07,-2.431536207328552e-13,-4.874095504005636e-16
403.08,-2.4312443468974754e-13,-4.873782178857873e-16
403.09,-2.430952055160023e-13,-4.871976393975727e-16
403.1,-2.430661535115987e-13,-4.869656311925948e-16
403.11,-2.430372429363925e-13,-4.872429909998362e-16
403.12,-2.4300711441011063e-13,-4.867994873086521e-16
403.13,-2.4297855484253473e-13,-4.869750197379354e-16
403.14,-2.4294915498918293e-13,-4.868504057478221e-16
403.15,-2.429205196855213e-13,-4.867151260060227e-16
403.16,-2.4289129234700205e-13,-4.868697514885891e-16
403.17,-2.428619119882286e-13,-4.865585502755132e-16
403.18,-2.4283321014025134e-13,-4.868194141501608e-16
403.19,-2.4280387001294677e-13,-4.865495115115376e-16
403.2,-2.4277485062418497e-13,-4.86419829339257e-16
403.21,-2.427449625815452e-13,-4.86313248661692e-16
403.22,-2.4271631042851345e-13,-4.862845390280783e-16
403.23,-2.4268745023167953e-13,-4.862603254114946e-16
403.24,-2.4265823173719776e-13,-4.858968614649123e-16
403.25,-2.4262895831503277e-13,-4.861497140036594e-16
403.26,-2.4259988087350577e-13,-4.859635423269709e-16
403.27,-2.4257150706850047e-13,-4.8593849669313e-16
403.28,-2.4254176259056224e-13,-4.857942338373404e-16
403.29,-2.425113963062951e-13,-4.852901087722454e-16
403.3,-2.424835244911714e-13,-4.858314748755003e-16
403.31,-2.424544992875294e-13,-4.8562340911257e-16
403.32,-2.4242537047825567e-13,-4.855359322764837e-16
403.33,-2.4239664949486234e-13,-4.856706772477682e-16
403.34,-2.423672237767819e-13,-4.853255528316259e-16
403.35,-2.423382681805993e-13,-4.854324968078393e-16
403.36,-2.4230911433068756e-13,-4.855194465159496e-16
403.37,-2.4228010658405774e-13,-4.853596205578279e-16
403.38,-2.4225152955525634e-13,-4.853564401209783e-16
403.39,-2.4222169707756966e-13,-4.849303014925372e-16
403.4,-2.4219299121735453e-13,-4.85076311661661e-16
403.41,-2.4216388348379157e-13,-4.848494615633566e-16
403.42,-2.421351837971595e-13,-4.84839798646231e-16
403.43,-2.4210583282770907e-13,-4.848080795557905e-16
403.44,-2.420768391758802e-13,-4.847829486252003e-16
403.45,-2.420478795578157e-13,-4.849192165218084e-16
403.46,-2.4201889442455295e-13,-4.846795042288506e-16
403.47,-2.4199164884426607e-13,-4.843171552138083e-16
403.48,-2.419613102519794e-13,-4.843068604343786e-16
403.49,-2.4193156347226675e-13,-4.844714925476924e-16
403.5,-2.419030736406961e-13,-4.8434102093478e-16
403.51,-2.4187423962598643e-13,-4.841757598523003e-16
403.52,-2.418447516673912e-13,-4.842031918293255e-16
403.53,-2.418157275444999e-13,-4.841779758947753e-16
403.54,-2.417868126237822e-13,-4.840782091953155e-16
403.55,-2.417578649184028e-13,-4.839068892286976e-16
403.56,-2.417294474855896e-13,-4.846606294937144e-16
403.57,-2.417000776823922e-13,-4.838776027382077e-16
403.58,-2.4167099095581336e-13,-4.838075870079305e-16
403.59,-2.4164180886694137e-13,-4.836264907623154e-16
403.6,-2.41612984455507e-13,-4.835529473199109e-16
403.61,-2.4158415025168075e-13,-4.835305798222685e-16
403.62,-2.415549895597005e-13,-4.833956585604684e-16
403.63,-2.4152634509413193e-13,-4.833962082245346e-16
403.64,-2.4149746899148593e-13,-4.832993257449475e-16
403.65,-2.4146823600819635e-13,-4.833132683306875e-16
403.66,-2.4143924551063707e-13,-4.82907084584917e-16
403.67,-2.4141026883590933e-13,-4.830257786968441e-16
403.68,-2.4138167742961216e-13,-4.830847565330743e-16
403.69,-2.413524669728061e-13,-4.828792882305042e-16
403.7,-2.4132391827506395e-13,-4.83047560573941e-16
403.71,-2.412947233668651e-13,-4.828195860990074e-16
403.72,-2.4126588186316104e-13,-4.827344808873851e-16
403.73,-2.4123706912124063e-13,-4.827449098583307e-16
403.74,-2.4120794032430794e-13,-4.824984954391149e-16
403.75,-2.4117660023162677e-13,-4.825813112418885e-16
403.76,-2.4115018891839134e-13,-4.824366587472053e-16
403.77,-2.4112145770285386e-13,-4.824261780217943e-16
403.78,-2.410926778253757e-13,-4.823342268616827e-16
403.79,-2.4106373952452013e-13,-4.822819408103488e-16
403.8,-2.4103465168743405e-13,-4.819015395299145e-16
403.81,-2.410057579430172e-13,-4.820447274325475e-16
403.82,-2.4097738853582274e-13,-4.823148130911018e-16
403.83,-2.409481953580098e-13,-4.820046437958889e-16
403.84,-2.4091894237055955e-13,-4.816442002599304e-16
403.85,-2.408904519925267e-13,-4.818790553262303e-16
403.86,-2.4086203221724e-13,-4.817849963301055e-16
403.87,-2.4083263599596366e-13,-4.816649172930017e-16
403.88,-2.408040284734222e-13,-4.816604628212522e-16
403.89,-2.4077525168980235e-13,-4.816235957690782e-16
403.9,-2.4074626668026953e-13,-4.815064929111338e-16
403.91,-2.4071674944986926e-13,-4.813004593853244e-16
403.92,-2.4068883706781443e-13,-4.814151886145669e-16
403.93,-2.4065982678511065e-13,-4.811990604795526e-16
403.94,-2.406309423841364e-13,-4.810828855418558e-16
403.95,-2.4060198040915913e-13,-4.810031543129628e-16
403.96,-2.4057333116594803e-13,-4.812304324555915e-16
403.97,-2.4054451806548107e-13,-4.809373428148635e-16
403.98,-2.405155794036699e-13,-4.808566079407101e-16
403.99,-2.4048691235164306e-13,-4.808969967765538e-16
404.0,-2.4045738798478537e-13,-4.8073618130157365e-16
404.01,-2.4042941441419194e-13,-4.807261632552015e-16
404.02,-2.4040078453995353e-13,-4.806190420024149e-16
404.03,-2.4037177932981485e-13,-4.805745537358626e-16
404.04,-2.40342938328777e-13,-4.805981232277458e-16
404.05,-2.403143093328809e-13,-4.803925753388718e-16
404.06,-2.402859615824791e-13,-4.808498538419745e-16
404.07,-2.402567841632461e-13,-4.801933736347294e-16
404.08,-2.402280759668876e-13,-4.801935211800196e-16
404.09,-2.4019877555947305e-13,-4.798945175047808e-16
404.1,-2.401702718261279e-13,-4.80088520484311e-16
404.11,-2.401418161566884e-13,-4.799880362663939e-16
404.12,-2.401130225654147e-13,-4.79921284678595e-16
404.13,-2.400844632141873e-13,-4.798970509395898e-16
404.14,-2.4005551461147063e-13,-4.797214231831526e-16
404.15,-2.4002727313188653e-13,-4.796798569539553e-16
404.16,-2.3999801054677904e-13,-4.795609479909983e-16
404.17,-2.3996948444411986e-13,-4.795126957839809e-16
404.18,-2.3994022935895356e-13,-4.792820893000716e-16
404.19,-2.399121293616541e-13,-4.796418759565623e-16
404.2,-2.39883086879613e-13,-4.791172689490154e-16
404.21,-2.39854571719656e-13,-4.793606954798678e-16
404.22,-2.398256860488421e-13,-4.791849372899922e-16
404.23,-2.397970526661443e-13,-4.7913042795307e-16
404.24,-2.397686098870755e-13,-4.791095017752013e-16
404.25,-2.397397549441651e-13,-4.789705567995433e-16
404.26,-2.3971111602067156e-13,-4.789057270109377e-16
404.27,-2.396806859156495e-13,-4.782769948976278e-16
404.28,-2.396540050843717e-13,-4.787069489745508e-16
404.29,-2.3962484191511197e-13,-4.791397946321548e-16
404.3,-2.3959627503658147e-13,-4.786329202559316e-16
404.31,-2.3956778361677244e-13,-4.785566683654695e-16
404.32,-2.395389314557283e-13,-4.785221053624011e-16
404.33,-2.3951040287780026e-13,-4.783666806597231e-16
404.34,-2.394816283691331e-13,-4.782979662350926e-16
404.35,-2.394530271943201e-13,-4.782275968800638e-16
404.36,-2.3942677328074834e-13,-4.787551037948835e-16
404.37,-2.3939591907731117e-13,-4.782827142946321e-16
404.38,-2.3936724509371996e-13,-4.784291315159797e-16
404.39,-2.393387772214222e-13,-4.780167454590525e-16
404.4,-2.393100960141275e-13,-4.780462366685337e-16
404.41,-2.392813959109565e-13,-4.779929663326344e-16
404.42,-2.3925261278158614e-13,-4.77826689704008e-16
404.43,-2.392240781116915e-13,-4.777913249357723e-16
404.44,-2.3919536352919426e-13,-4.775810605652876e-16
404.45,-2.391682763709269e-13,-4.782276343449876e-16
404.46,-2.3913825857188975e-13,-4.776384964612116e-16
404.47,-2.3911051984475216e-13,-4.776034437321625e-16
404.48,-2.390810244955236e-13,-4.773644218077699e-16
404.49,-2.39052410238725e-13,-4.773033146062947e-16
404.5,-2.3902354041396287e-13,-4.771350459493181e-16
404.51,-2.3899523324666275e-13,-4.772816281919513e-16
404.52,-2.3896683055143813e-13,-4.771448350025667e-16
404.53,-2.3893806364299526e-13,-4.769764895078722e-16
404.54,-2.3890880324119763e-13,-4.773407687176844e-16
404.55,-2.388811841031365e-13,-4.768323783927914e-16
404.56,-2.388530894579185e-13,-4.768900713224742e-16
404.57,-2.3882410256666715e-13,-4.765093080820076e-16
404.58,-2.3879542979789816e-13,-4.766845348618632e-16
404.59,-2.387670405727179e-13,-4.765992981688695e-16
404.6,-2.387381678669072e-13,-4.76485207041872e-16
404.61,-2.387099900122348e-13,-4.765117501494279e-16
404.62,-2.3868105621404764e-13,-4.76384203640786e-16
404.63,-2.386518332740175e-13,-4.764509875302004e-16
404.64,-2.3862434531877305e-13,-4.760824050967137e-16
404.65,-2.3859596044173104e-13,-4.767997118979205e-16
404.66,-2.385671322566853e-13,-4.762574902989683e-16
404.67,-2.3853860109522753e-13,-4.760575920574105e-16
404.68,-2.3851035147513446e-13,-4.759723077987873e-16
404.69,-2.3848152861081027e-13,-4.759315357022235e-16
404.7,-2.384532979049398e-13,-4.759205502032501e-16
404.71,-2.3842468971005124e-13,-4.7579498784029e-16
404.72,-2.3839603153061704e-13,-4.754668727728556e-16
404.73,-2.3836780647074057e-13,-4.757273038685225e-16
404.74,-2.3834043299737135e-13,-4.753664343211773e-16
404.75,-2.3831041091040903e-13,-4.754980704062706e-16
404.76,-2.3828232479676944e-13,-4.754535134292745e-16
404.77,-2.382538635705566e-13,-4.754380491088525e-16
404.78,-2.382252470799108e-13,-4.752992302435139e-16
404.79,-2.3819684485393284e-13,-4.752921746446916e-16
404.8,-2.38168414003619e-13,-4.751357564245786e-16
404.81,-2.3813965399181484e-13,-4.750192663328592e-16
404.82,-2.381114524992803e-13,-4.747793199753611e-16
404.83,-2.380846860141692e-13,-4.739102932426912e-16
404.84,-2.380543673697793e-13,-4.748088128241468e-16
404.85,-2.3802574706183525e-13,-4.746917314780565e-16
404.86,-2.3799753036324596e-13,-4.747244901957772e-16
404.87,-2.379691266167396e-13,-4.745698077593648e-16
404.88,-2.379402441859139e-13,-4.744317105544524e-16
404.89,-2.379122008735312e-13,-4.745219809128572e-16
404.9,-2.378836234937521e-13,-4.746102543307915e-16
404.91,-2.378553713758262e-13,-4.743601560324075e-16
404.92,-2.3782552958604593e-13,-4.742859745978172e-16
404.93,-2.3779881445838153e-13,-4.742633594806992e-16
404.94,-2.3777019339595944e-13,-4.741647981691509e-16
404.95,-2.377419103219676e-13,-4.738184093846329e-16
404.96,-2.377132726907158e-13,-4.740816049403801e-16
404.97,-2.376849997344706e-13,-4.739828200143958e-16
404.98,-2.3765697556995005e-13,-4.739866270143781e-16
404.99,-2.3762829507519175e-13,-4.737860483174913e-16
405.0,-2.3759974619980754e-13,-4.737925934146647e-16
405.01,-2.3757081659732555e-13,-4.7358606622391e-16
405.02,-2.3754335118855406e-13,-4.736702313387235e-16
405.03,-2.375148510650874e-13,-4.735583744058238e-16
405.04,-2.3748644347774837e-13,-4.734383126109053e-16
405.05,-2.3745826302740937e-13,-4.733325979262727e-16
405.06,-2.374296479724814e-13,-4.734821467960763e-16
405.07,-2.37401532529532e-13,-4.733296403379201e-16
405.08,-2.373727599964951e-13,-4.731631413271006e-16
405.09,-2.3734481090975403e-13,-4.731597251961484e-16
405.1,-2.3731653661887414e-13,-4.734416147393777e-16
405.11,-2.372882118894567e-13,-4.730449312757331e-16
405.12,-2.372595443937015e-13,-4.729690195317075e-16
405.13,-2.372315779037203e-13,-4.729881572551268e-16
405.14,-2.372030698380394e-13,-4.727254328424527e-16
405.15,-2.3717491005681184e-13,-4.727181174662882e-16
405.16,-2.371461966109858e-13,-4.727947332120143e-16
405.17,-2.371183565527296e-13,-4.726575723176597e-16
405.18,-2.3708989780284986e-13,-4.725654458001668e-16
405.19,-2.3706153014259663e-13,-4.725649393849303e-16
405.2,-2.370333023584965e-13,-4.724314496578947e-16
405.21,-2.3700475584233427e-13,-4.722055499432575e-16
405.22,-2.3697628144097087e-13,-4.723901665375586e-16
405.23,-2.369486108937041e-13,-4.723363635030502e-16
405.24,-2.369200668419114e-13,-4.721463950026522e-16
405.25,-2.3689183171569623e-13,-4.721193704098716e-16
405.26,-2.3686494876572757e-13,-4.724238281686315e-16
405.27,-2.3683491369020306e-13,-4.719100921631012e-16
405.28,-2.3680674221853933e-13,-4.719062301579545e-16
405.29,-2.367792337824504e-13,-4.717554674498968e-16
405.3,-2.3675018727716064e-13,-4.717540673454887e-16
405.31,-2.3672225930713314e-13,-4.716645070170326e-16
405.32,-2.366939302711058e-13,-4.716218700453684e-16
405.33,-2.366655825678591e-13,-4.714892878699738e-16
405.34,-2.3663802115537236e-13,-4.713845168827743e-16
405.35,-2.3660926989564673e-13,-4.715553631694258e-16
405.36,-2.3658117833077073e-13,-4.712527533179393e-16
405.37,-2.3655266503083614e-13,-4.712316678200149e-16
405.38,-2.365246957737905e-13,-4.712409936668352e-16
405.39,-2.36496506173448e-13,-4.71063853532863e-16
405.4,-2.364678846973273e-13,-4.710740019471119e-16
405.41,-2.364397628221814e-13,-4.710588609959285e-16
405.42,-2.364116685978281e-13,-4.708717566403758e-16
405.43,-2.3638347824550663e-13,-4.708009658116684e-16
405.44,-2.363570595227627e-13,-4.708199926200609e-16
405.45,-2.363280038591107e-13,-4.704745585470685e-16
405.46,-2.362984771410614e-13,-4.706856221634683e-16
405.47,-2.3627101504655437e-13,-4.706066115491746e-16
405.48,-2.3624316217274886e-13,-4.707743346284974e-16
405.49,-2.362143680360101e-13,-4.704648516586185e-16
405.5,-2.3618593657854746e-13,-4.702697843329628e-16
405.51,-2.3615775824859255e-13,-4.701940749290152e-16
405.52,-2.361299383774153e-13,-4.702088306513127e-16
405.53,-2.3610089147215375e-13,-4.6942217736517e-16
405.54,-2.360728544716931e-13,-4.702110139548316e-16
405.55,-2.3604575039004657e-13,-4.702458195230733e-16
405.56,-2.360172079519304e-13,-4.699300412737863e-16
405.57,-2.359890701998769e-13,-4.698794470106053e-16
405.58,-2.359610481792259e-13,-4.697970895687545e-16
405.59,-2.3593277517179767e-13,-4.698001594939526e-16
405.6,-2.3590464524300556e-13,-4.696736692876284e-16
405.61,-2.3587655418833026e-13,-4.696755656839235e-16
405.62,-2.358482768858323e-13,-4.695312418634426e-16
405.63,-2.3581960824766205e-13,-4.692766652270282e-16
405.64,-2.357922562304271e-13,-4.694830089007419e-16
405.65,-2.357637390063836e-13,-4.69504481503563e-16
405.66,-2.3573602187281905e-13,-4.693218265680905e-16
405.67,-2.3570768271228537e-13,-4.69282873368695e-16
405.68,-2.3568024039550413e-13,-4.692587300431436e-16
405.69,-2.3565131748806203e-13,-4.6907053107779e-16
405.7,-2.35623440184219e-13,-4.690031211276189e-16
405.71,-2.3559577423740204e-13,-4.687125348220607e-16
405.72,-2.355648253766952e-13,-4.67925873357564e-16
405.73,-2.355394940633736e-13,-4.688359957627267e-16
405.74,-2.355108743545902e-13,-4.686924719654219e-16
405.75,-2.354831845929912e-13,-4.687106528016695e-16
405.76,-2.354556462592004e-13,-4.685421884118592e-16
405.77,-2.354271898644411e-13,-4.685050149522175e-16
405.78,-2.3539880831712784e-13,-4.684802705796503e-16
405.79,-2.3537101638873354e-13,-4.684404485894991e-16
405.8,-2.3534216044296325e-13,-4.683664731482712e-16
405.81,-2.3531506598752536e-13,-4.682062284719028e-16
405.82,-2.352867557212469e-13,-4.682036601696222e-16
405.83,-2.3525856747077344e-13,-4.683908383991905e-16
405.84,-2.3523061451524593e-13,-4.68077943069602e-16
405.85,-2.352023188299755e-13,-4.680501791384492e-16
405.86,-2.3517467024738145e-13,-4.679729129109129e-16
405.87,-2.351466681104575e-13,-4.678954793848113e-16
405.88,-2.3511861650428963e-13,-4.679297613411822e-16
405.89,-2.350892730463862e-13,-4.679601045810726e-16
405.9,-2.350626249606983e-13,-4.676469983754909e-16
405.91,-2.35034608304923e-13,-4.675824797648182e-16
405.92,-2.3500651945243455e-13,-4.676158903245556e-16
405.93,-2.349782288946524e-13,-4.675187720784583e-16
405.94,-2.349506241485246e-13,-4.673854248047588e-16
405.95,-2.349224435447518e-13,-4.673188816347865e-16
405.96,-2.3489452476267975e-13,-4.672761609854033e-16
405.97,-2.348664728135085e-13,-4.67195652445309e-16
405.98,-2.3483830552981616e-13,-4.671918790989864e-16
405.99,-2.3481022954008284e-13,-4.668816067540375e-16
406.0,-2.3478278689839834e-13,-4.670845615033005e-16
406.01,-2.347544703630107e-13,-4.668511592711364e-16
406.02,-2.347267485268564e-13,-4.669823489546457e-16
406.03,-2.3469973726458225e-13,-4.667476632235348e-16
406.04,-2.346706127407796e-13,-4.668183037760068e-16
406.05,-2.3464292564287627e-13,-4.666964964750437e-16
406.06,-2.34615006275172e-13,-4.666021581476193e-16
406.07,-2.345867623487908e-13,-4.664653645856655e-16
406.08,-2.345589558141858e-13,-4.664746437533868e-16
406.09,-2.345309958639216e-13,-4.66503437927816e-16
406.1,-2.3450297160456723e-13,-4.6620896110306285e-16
406.11,-2.3447505936604723e-13,-4.664109884542017e-16
406.12,-2.344476145158509e-13,-4.662957297615143e-16
406.13,-2.344196007181562e-13,-4.664923987306983e-16
406.14,-2.3439111820165146e-13,-4.661363120154517e-16
406.15,-2.3436341288149664e-13,-4.661998315812374e-16
406.16,-2.3433517785391264e-13,-4.659317620384858e-16
406.17,-2.343077569469737e-13,-4.659597714284765e-16
406.18,-2.3427988259953666e-13,-4.657909583291946e-16
406.19,-2.342518725809687e-13,-4.657784863126729e-16
406.2,-2.3422393504492626e-13,-4.655781568461297e-16
406.21,-2.341956199779223e-13,-4.655927300729892e-16
406.22,-2.3416810836837933e-13,-4.655600184264211e-16
406.23,-2.3414021218560863e-13,-4.653372334534986e-16
406.24,-2.3411218271046224e-13,-4.65252678467561e-16
406.25,-2.340847017274501e-13,-4.656275272085293e-16
406.26,-2.340561206527733e-13,-4.65115547264468e-16
406.27,-2.3402887064525053e-13,-4.65373437711702e-16
406.28,-2.3400050248992537e-13,-4.651254437374389e-16
406.29,-2.3397292621879755e-13,-4.650916825666791e-16
406.3,-2.339451978195931e-13,-4.650427013960901e-16
406.31,-2.3391737266849913e-13,-4.649519303307877e-16
406.32,-2.338895697039569e-13,-4.649329689852996e-16
406.33,-2.338616450267606e-13,-4.647467052311029e-16
406.34,-2.338335613313918e-13,-4.648182714618251e-16
406.35,-2.338063900809368e-13,-4.647004334264346e-16
406.36,-2.3377809332837795e-13,-4.6466754183475e-16
406.37,-2.337502456858832e-13,-4.646197082925293e-16
406.38,-2.337223862111694e-13,-4.645979965218917e-16
406.39,-2.336947033966511e-13,-4.64474690065518e-16
406.4,-2.336666842309776e-13,-4.64366811836171e-16
406.41,-2.336389450159488e-13,-4.643322270629513e-16
406.42,-2.3361119782119086e-13,-4.642731185426214e-16
406.43,-2.335832532256091e-13,-4.641282033145293e-16
406.44,-2.335557979755185e-13,-4.642179030399378e-16
406.45,-2.3352779405753494e-13,-4.640312628094661e-16
406.46,-2.335000369117169e-13,-4.640120780844056e-16
406.47,-2.334721443167841e-13,-4.638987427686037e-16
406.48,-2.334443395667791e-13,-4.638525765755781e-16
406.49,-2.334166296333317e-13,-4.638607490675236e-16
406.5,-2.3338856742378947e-13,-4.636470678672891e-16
406.51,-2.333612601570929e-13,-4.636757951754261e-16
406.52,-2.333334541102168e-13,-4.635865919546508e-16
406.53,-2.3330550001920036e-13,-4.634924236585801e-16
406.54,-2.332776746042891e-13,-4.634776124592851e-16
406.55,-2.3325004385766244e-13,-4.634701454187688e-16
406.56,-2.3322232507661974e-13,-4.633326608742347e-16
406.57,-2.331946319876376e-13,-4.632481037647845e-16
406.58,-2.3316652133291813e-13,-4.632544691261647e-16
406.59,-2.331389560583578e-13,-4.631427294066855e-16
406.6,-2.3311127162360377e-13,-4.628548772925295e-16
406.61,-2.330840089512346e-13,-4.628700951746387e-16
406.62,-2.330559756742513e-13,-4.630566263321288e-16
406.63,-2.330281799704755e-13,-4.628500673139617e-16
406.64,-2.330007458566059e-13,-4.627918346508266e-16
406.65,-2.329727504716726e-13,-4.627578640856614e-16
406.66,-2.3294492769846423e-13,-4.626541005086459e-16
406.67,-2.3291716362459714e-13,-4.625759131871717e-16
406.68,-2.328894539470173e-13,-4.624241359930121e-16
406.69,-2.328619603164585e-13,-4.625518260047661e-16
406.7,-2.328330163116658e-13,-4.623460276885877e-16
406.71,-2.3280634313965946e-13,-4.622238992511679e-16
406.72,-2.327783793270882e-13,-4.624030058273354e-16
406.73,-2.327510153679561e-13,-4.622691903647861e-16
406.74,-2.3272348080819254e-13,-4.62200458234826e-16
406.75,-2.3269541380018033e-13,-4.621343200204214e-16
406.76,-2.3266794568092564e-13,-4.621063463004401e-16
406.77,-2.3264022388738395e-13,-4.6180953698678365e-16
406.78,-2.3261284525521606e-13,-4.619289314947843e-16
406.79,-2.325855843631234e-13,-4.617352571020408e-16
406.8,-2.3255757333835574e-13,-4.617334174450024e-16
406.81,-2.3252939780484085e-13,-4.615989058363011e-16
406.82,-2.3250249267242206e-13,-4.617549535573071e-16
406.83,-2.324741246005727e-13,-4.614981512305876e-16
406.84,-2.3244669611667535e-13,-4.614480479364255e-16
406.85,-2.3241933183128174e-13,-4.611656996020418e-16
406.86,-2.3239160209301696e-13,-4.614228828524327e-16
406.87,-2.323635036159354e-13,-4.611168374413675e-16
406.88,-2.323361660868741e-13,-4.612782986716637e-16
406.89,-2.3230876517787206e-13,-4.612582919479021e-16
406.9,-2.322807406552488e-13,-4.610701972927006e-16
406.91,-2.322535916984154e-13,-4.610341219457996e-16
406.92,-2.3222652053404054e-13,-4.611974059982738e-16
406.93,-2.321981456199953e-13,-4.609320127841679e-16
406.94,-2.3217064393117873e-13,-4.608287042381228e-16
406.95,-2.321429324303296e-13,-4.608130065753917e-16
406.96,-2.321152784465916e-13,-4.607273601608412e-16
406.97,-2.3208735362804164e-13,-4.605042226042545e-16
406.98,-2.320604525708549e-13,-4.606279839883852e-16
406.99,-2.3203264084488593e-13,-4.605709828467167e-16
407.0,-2.32005048618088e-13,-4.604899322434939e-16
407.01,-2.3197744450227636e-13,-4.603700852769614e-16
407.02,-2.319500283563213e-13,-4.605620185331197e-16
407.03,-2.319220788524161e-13,-4.601854869401295e-16
407.04,-2.3189470181975723e-13,-4.601184782956647e-16
407.05,-2.3186691684792594e-13,-4.600134095846236e-16
407.06,-2.318398144552695e-13,-4.598161626413826e-16
407.07,-2.3181221128343236e-13,-4.600304413111787e-16
407.08,-2.317846947097405e-13,-4.600035351514231e-16
407.09,-2.3175720722742337e-13,-4.601507209719093e-16
407.1,-2.3172936909828924e-13,-4.598633563541117e-16
407.11,-2.317017347838844e-13,-4.596955304146287e-16
407.12,-2.3167425844623894e-13,-4.596371676355949e-16
407.13,-2.316469331511351e-13,-4.595668984355845e-16
407.14,-2.316198498121424e-13,-4.592325572541678e-16
407.15,-2.315920637109393e-13,-4.590397091653399e-16
407.16,-2.315641363831274e-13,-4.593834077637454e-16
407.17,-2.315366522492511e-13,-4.592867406325613e-16
407.18,-2.315095668135907e-13,-4.596388078080412e-16
407.19,-2.3148136787473343e-13,-4.591242564371209e-16
407.2,-2.3145419086578997e-13,-4.591412796704154e-16
407.21,-2.31426671177437e-13,-4.590100915003531e-16
407.22,-2.3139927160674295e-13,-4.591580659547206e-16
407.23,-2.3137178082620183e-13,-4.595269010277562e-16
407.24,-2.3134418199512923e-13,-4.589704453947093e-16
407.25,-2.3131624843985565e-13,-4.588199435888105e-16
407.26,-2.312894707468463e-13,-4.587334180131797e-16
407.27,-2.3126151065758164e-13,-4.58930375372755e-16
407.28,-2.312343567753175e-13,-4.586802244023058e-16
407.29,-2.3120687522125203e-13,-4.586041959572411e-16
407.3,-2.311792537167439e-13,-4.583179623446444e-16
407.31,-2.311519485888559e-13,-4.585764217602937e-16
407.32,-2.31125140423515e-13,-4.585794534285623e-16
407.33,-2.3109699462963345e-13,-4.581750743212246e-16
407.34,-2.31069237331332e-13,-4.582168814186283e-16
407.35,-2.310420531647049e-13,-4.581835121042729e-16
407.36,-2.3101480829230443e-13,-4.582501088649631e-16
407.37,-2.3098721481971566e-13,-4.580704225414146e-16
407.38,-2.3095965772729455e-13,-4.579155838178966e-16
407.39,-2.309326522935448e-13,-4.579312215325368e-16
407.4,-2.3090511294478687e-13,-4.579795567340103e-16
407.41,-2.3087932445493345e-13,-4.579896841851217e-16
407.42,-2.308515573414898e-13,-4.582896910548519e-16
407.43,-2.3082267733698657e-13,-4.576847473700776e-16
407.44,-2.307950472654936e-13,-4.575664114785361e-16
407.45,-2.3076816411908784e-13,-4.577141289733952e-16
407.46,-2.307406554743912e-13,-4.575493013423637e-16
407.47,-2.307132005376112e-13,-4.574102177528068e-16
407.48,-2.3068568287442443e-13,-4.573082632660964e-16
407.49,-2.3065856619253287e-13,-4.573860792353723e-16
407.5,-2.306314843906713e-13,-4.568314794033257e-16
407.51,-2.306035604829535e-13,-4.570253172649394e-16
407.52,-2.3057620164645993e-13,-4.571562083628272e-16
407.53,-2.3054897701750843e-13,-4.570311237788842e-16
407.54,-2.3052174082001884e-13,-4.570318412312533e-16
407.55,-2.304943014318966e-13,-4.569544677527699e-16
407.56,-2.304664618455925e-13,-4.567424014737443e-16
407.57,-2.3043932705350105e-13,-4.568381589266152e-16
407.58,-2.304122874650909e-13,-4.5674393468461e-16
407.59,-2.303852262678028e-13,-4.567262990284335e-16
407.6,-2.303572658170978e-13,-4.565743305504163e-16
407.61,-2.303297632930194e-13,-4.566939978841059e-16
407.62,-2.303027514256029e-13,-4.564098336320539e-16
407.63,-2.3027535869148083e-13,-4.563949961620247e-16
407.64,-2.3024835787454896e-13,-4.563980621406227e-16
407.65,-2.3022036282821653e-13,-4.561589161701808e-16
407.66,-2.301929180897294e-13,-4.561612259450031e-16
407.67,-2.3016579138914844e-13,-4.563696391775262e-16
407.68,-2.301389330076845e-13,-4.56196550872561e-16
407.69,-2.301101816761633e-13,-4.556367696981631e-16
407.7,-2.300840429946483e-13,-4.559695178499034e-16
407.71,-2.300567791181876e-13,-4.559103539894918e-16
407.72,-2.300295209567832e-13,-4.559075479693865e-16
407.73,-2.3000277855073737e-13,-4.559192253424732e-16
407.74,-2.2997504157692945e-13,-4.557486718946625e-16
407.75,-2.2994736703877005e-13,-4.55685880615768e-16
407.76,-2.299201554028738e-13,-4.558336543114358e-16
407.77,-2.298933180701382e-13,-4.554495324868141e-16
407.78,-2.298659083554483e-13,-4.555692775260575e-16
407.79,-2.298385509727544e-13,-4.554278370544536e-16
407.8,-2.298110988280362e-13,-4.55403922095109e-16
407.81,-2.2978374518148355e-13,-4.550988316757203e-16
407.82,-2.297567750071949e-13,-4.552279777833678e-16
407.83,-2.2972962839304136e-13,-4.552330523547674e-16
407.84,-2.2970221627172154e-13,-4.550720794641786e-16
407.85,-2.2967435538672885e-13,-4.547212188959515e-16
407.86,-2.2964663822903487e-13,-4.546704856610473e-16
407.87,-2.2962128564931573e-13,-4.551104557582507e-16
407.88,-2.2959342135185425e-13,-4.548498217727358e-16
407.89,-2.2956600927008313e-13,-4.548495955682201e-16
407.9,-2.2953871873949234e-13,-4.547295263874799e-16
407.91,-2.295119350593588e-13,-4.548064518932697e-16
407.92,-2.2948456893408127e-13,-4.546271386507456e-16
407.93,-2.2945715172654024e-13,-4.545168856973696e-16
407.94,-2.2942914854382126e-13,-4.539347549047e-16
407.95,-2.294027342204178e-13,-4.545312425163078e-16
407.96,-2.2937482289451673e-13,-4.541434948401001e-16
407.97,-2.2934818920345977e-13,-4.542014261956206e-16
407.98,-2.2932104987143504e-13,-4.542415629329964e-16
407.99,-2.292938230355276e-13,-4.543064745256799e-16
408.0,-2.292676294897818e-13,-4.544287217449968e-16
408.01,-2.292394474312108e-13,-4.541706712733801e-16
408.02,-2.2921254988307455e-13,-4.540245138599176e-16
408.03,-2.291845017707726e-13,-4.536983407209437e-16
408.04,-2.2915783395368216e-13,-4.53630405808174e-16
408.05,-2.291309685063727e-13,-4.539664068987242e-16
408.06,-2.291035548523713e-13,-4.5365565563546e-16
408.07,-2.2907666261441554e-13,-4.5371606927902e-16
408.08,-2.2904929855120686e-13,-4.535866372262462e-16
408.09,-2.2902212178309246e-13,-4.53529078894351e-16
408.1,-2.289944766034797e-13,-4.535850969921226e-16
408.11,-2.2896750071847493e-13,-4.534200560785379e-16
408.12,-2.2893983318661635e-13,-4.528604286446104e-16
408.13,-2.289133002784484e-13,-4.531451109758152e-16
408.14,-2.288864805245654e-13,-4.53443910661403e-16
408.15,-2.288594866034523e-13,-4.531700006619438e-16
408.16,-2.2883235809976133e-13,-4.530519294883014e-16
408.17,-2.2880498970551625e-13,-4.529869969893532e-16
408.18,-2.2877795798579953e-13,-4.528951805307691e-16
408.19,-2.2875099865325346e-13,-4.530180986973971e-16
408.2,-2.2872388235208794e-13,-4.530313351115832e-16
408.21,-2.2869647004573396e-13,-4.512567239083666e-16
408.22,-2.286694707017656e-13,-4.528364400882415e-16
408.23,-2.286431436954465e-13,-4.52583977916412e-16
408.24,-2.2861501715181207e-13,-4.526264048770226e-16
408.25,-2.2858789989498374e-13,-4.52420465206258e-16
408.26,-2.285610459138864e-13,-4.524238968018587e-16
408.27,-2.2853413133679045e-13,-4.523962784362452e-16
408.28,-2.2850679569171215e-13,-4.524282890032135e-16
408.29,-2.284798430737481e-13,-4.522782166352846e-16
408.3,-2.2845430911253097e-13,-4.53432824452112e-16
408.31,-2.284256280126726e-13,-4.520662944088779e-16
408.32,-2.2839930980435836e-13,-4.521736167621273e-16
408.33,-2.2837156381373034e-13,-4.520067978605223e-16
408.34,-2.283445591756502e-13,-4.520083323555009e-16
408.35,-2.2831730936243446e-13,-4.518975053967853e-16
408.36,-2.282902561449792e-13,-4.517922086641968e-16
408.37,-2.2826304862044714e-13,-4.517244776878916e-16
408.38,-2.282356800964812e-13,-4.517027252084771e-16
408.39,-2.2821012555027217e-13,-4.523132319902483e-16
408.4,-2.2818203973896527e-13,-4.515547530055859e-16
408.41,-2.281549537161563e-13,-4.51048004794712e-16
408.42,-2.281280307119225e-13,-4.513929432132661e-16
408.43,-2.2810117896232673e-13,-4.514440108209695e-16
408.44,-2.2807416675999115e-13,-4.514632616118911e-16
408.45,-2.2804703441061746e-13,-4.514525903885724e-16
408.46,-2.2802009393116404e-13,-4.5125922423928595e-16
408.47,-2.2799311854851246e-13,-4.5111292322845005e-16
408.48,-2.279650288078528e-13,-4.511481981177304e-16
408.49,-2.2793904272966826e-13,-4.510780194093738e-16
408.5,-2.279120809192533e-13,-4.506827379466854e-16
408.51,-2.278852509801195e-13,-4.509196013122078e-16
408.52,-2.2785802879486557e-13,-4.509031219614434e-16
408.53,-2.2783113477162906e-13,-4.507308991781041e-16
408.54,-2.2780418003435847e-13,-4.507004555491218e-16
408.55,-2.2777696219595476e-13,-4.506584822842885e-16
408.56,-2.2775027308555017e-13,-4.506964106801807e-16
408.57,-2.277230645846369e-13,-4.507373247966892e-16
408.58,-2.2769584018943827e-13,-4.501297609680165e-16
408.59,-2.276701230383892e-13,-4.503566074878138e-16
408.6,-2.2764233480429357e-13,-4.503671885965239e-16
408.61,-2.276154666720817e-13,-4.503838440195287e-16
408.62,-2.275883738797825e-13,-4.502651136614923e-16
408.63,-2.275612310726682e-13,-4.500495353127153e-16
408.64,-2.275343834430966e-13,-4.500129344839886e-16
408.65,-2.275072093393735e-13,-4.499038964741992e-16
408.66,-2.2748036101498216e-13,-4.498872633292511e-16
408.67,-2.274532509684547e-13,-4.49651134769922e-16
408.68,-2.2742578417259517e-13,-4.48934374038213e-16
408.69,-2.2739977688595326e-13,-4.49776522632015e-16
408.7,-2.2737292258283645e-13,-4.496131864980571e-16
408.71,-2.2734613529104798e-13,-4.497456450297243e-16
408.72,-2.27319028646995e-13,-4.495668303258242e-16
408.73,-2.272919821467602e-13,-4.495528139953488e-16
408.74,-2.2726519139304197e-13,-4.494396174540587e-16
408.75,-2.2723836810879668e-13,-4.495010155467464e-16
408.76,-2.2721123651399425e-13,-4.492847266577458e-16
408.77,-2.271821956373083e-13,-4.483400779769358e-16
408.78,-2.2715758697908489e-13,-4.491955223313748e-16
408.79,-2.2713105858506475e-13,-4.49432840365304e-16
408.8,-2.271034701661515e-13,-4.489672285633462e-16
408.81,-2.2707700644947096e-13,-4.491197541712946e-16
408.82,-2.2704964752387106e-13,-4.4864975488341745e-16
408.83,-2.2702323324633508e-13,-4.489319561680411e-16
408.84,-2.2699656737911023e-13,-4.492014464052426e-16
408.85,-2.269692760808008e-13,-4.488120656704215e-16
408.86,-2.269426285479479e-13,-4.49445809299313e-16
408.87,-2.2691567892038862e-13,-4.486364311258531e-16
408.88,-2.2688896039060473e-13,-4.486255129768536e-16
408.89,-2.2686215618974606e-13,-4.483540789988995e-16
408.9,-2.2683521129482227e-13,-4.484757554575196e-16
408.91,-2.268084117037311e-13,-4.483532380886927e-16
408.92,-2.2678149474959607e-13,-4.48290411976029e-16
408.93,-2.267541812466111e-13,-4.480193079042569e-16
408.94,-2.267272995804047e-13,-4.47800807985482e-16
408.95,-2.2670078979971463e-13,-4.484998866949788e-16
408.96,-2.266742249866869e-13,-4.481408577351735e-16
408.97,-2.2664750533487525e-13,-4.480474854422179e-16
408.98,-2.26620344626007e-13,-4.479138661622182e-16
408.99,-2.265931950720829e-13,-4.479257802128321e-16
409.0,-2.2656695587706546e-13,-4.47846119820002e-16
409.01,-2.2653994277519704e-13,-4.477404822808846e-16
409.02,-2.2651273953068923e-13,-4.475979945660549e-16
409.03,-2.2648619644706606e-13,-4.477057454354617e-16
409.04,-2.2646054479556767e-13,-4.476893947637693e-16
409.05,-2.2643301329603297e-13,-4.475821021657633e-16
409.06,-2.2640640137262758e-13,-4.474728281006239e-16
409.07,-2.2637947272255053e-13,-4.47445605639122e-16
409.08,-2.2635272227749725e-13,-4.473652807224418e-16
409.09,-2.2632580515375436e-13,-4.473441777350937e-16
409.1,-2.2629898206646121e-13,-4.472094063709039e-16
409.11,-2.2627376520116115e-13,-4.472723311125006e-16
409.12,-2.2624567154994997e-13,-4.470285833738371e-16
409.13,-2.262188806236789e-13,-4.470365338382544e-16
409.14,-2.2619202640156728e-13,-4.469529643388457e-16
409.15,-2.261648362983109e-13,-4.466808173969935e-16
409.16,-2.2613839335155546e-13,-4.466373454369977e-16
409.17,-2.2611176507779232e-13,-4.467209437453504e-16
409.18,-2.2608508368361647e-13,-4.467507383693709e-16
409.19,-2.260582028288328e-13,-4.4655022455770895e-16
409.2,-2.260312393833241e-13,-4.463609845443099e-16
409.21,-2.2600478928517356e-13,-4.464984072715881e-16
409.22,-2.2597831113687067e-13,-4.464206317104008e-16
409.23,-2.2595139080352688e-13,-4.465668255053084e-16
409.24,-2.259247580262432e-13,-4.464187146685076e-16
409.25,-2.2589797773781724e-13,-4.463667933971465e-16
409.26,-2.2587115339543698e-13,-4.46235946750052e-16
409.27,-2.258445672645241e-13,-4.4617194095359e-16
409.28,-2.2581799867581407e-13,-4.461701347366751e-16
409.29,-2.2579034548712176e-13,-4.463079106302999e-16
409.3,-2.2576429357049173e-13,-4.45701508501788e-16
409.31,-2.2573778735788434e-13,-4.460182562400366e-16
409.32,-2.2571094622703048e-13,-4.458552858884337e-16
409.33,-2.256842764610726e-13,-4.459244866640686e-16
409.34,-2.2565779267795008e-13,-4.456871123421786e-16
409.35,-2.256312022237002e-13,-4.457012074490478e-16
409.36,-2.256044813857611e-13,-4.456683792854871e-16
409.37,-2.2557796172473413e-13,-4.455844036080099e-16
409.38,-2.2554953192547589e-13,-4.4494922234238175e-16
409.39,-2.2552560224460355e-13,-4.456971088635314e-16
409.4,-2.254975079513935e-13,-4.454785824207281e-16
409.41,-2.254706575783224e-13,-4.451737566131289e-16
409.42,-2.2544440630055674e-13,-4.452844392585589e-16
409.43,-2.254177340101842e-13,-4.451464813460688e-16
409.44,-2.2539122994404828e-13,-4.449735103827509e-16
409.45,-2.2536458893685426e-13,-4.451483540919889e-16
409.46,-2.2533754627568185e-13,-4.449458479626102e-16
409.47,-2.253122385460205e-13,-4.45161730611667e-16
409.48,-2.2528466692305935e-13,-4.449335040785503e-16
409.49,-2.252583443287343e-13,-4.448143343753637e-16
409.5,-2.2523150918839598e-13,-4.447193477754775e-16
409.51,-2.2520483348470512e-13,-4.446966786221383e-16
409.52,-2.251779906392202e-13,-4.447157069961113e-16
409.53,-2.2515107376575115e-13,-4.444695797250386e-16
409.54,-2.2512462699629554e-13,-4.445168810757656e-16
409.55,-2.250981792197758e-13,-4.443326943586185e-16
409.56,-2.2507226663053877e-13,-4.445481866720903e-16
409.57,-2.2504529176207463e-13,-4.442713013004856e-16
409.58,-2.2501886401997417e-13,-4.442109611770663e-16
409.59,-2.2499246694757528e-13,-4.43941846868213e-16
409.6,-2.2496524027876638e-13,-4.440893358267739e-16
409.61,-2.2493853477918846e-13,-4.441307980159647e-16
409.62,-2.249116032788574e-13,-4.4377168992141447e-16
409.63,-2.248856831283702e-13,-4.4370928495251476e-16
409.64,-2.2485949263865599e-13,-4.439836632392978e-16
409.65,-2.2483260200497026e-13,-4.43748826804616e-16
409.66,-2.248067587232518e-13,-4.431369309251569e-16
409.67,-2.247793524950847e-13,-4.4363869135929287e-16
409.68,-2.2475260874812487e-13,-4.4348470418566195e-16
409.69,-2.2472634159066107e-13,-4.4349760921023505e-16
409.7,-2.2469971530050458e-13,-4.4355988588395387e-16
409.71,-2.246729319434681e-13,-4.4364340619054057e-16
409.72,-2.2464655958483305e-13,-4.432453870922256e-16
409.73,-2.2462007847972485e-13,-4.4330165534794586e-16
409.74,-2.2459421808412333e-13,-4.434318569716978e-16
409.75,-2.2456728489356426e-13,-4.4310103483589657e-16
409.76,-2.2454003000519947e-13,-4.429737324643276e-16
409.77,-2.2451384856680167e-13,-4.429285078523315e-16
409.78,-2.2448754819549654e-13,-4.429001579946786e-16
409.79,-2.2446093166002662e-13,-4.428456785643971e-16
409.8,-2.2443427095096459e-13,-4.430399278571729e-16
409.81,-2.244080917099387e-13,-4.42781459723405e-16
409.82,-2.2438139316917077e-13,-4.427297771901552e-16
409.83,-2.2435518056854998e-13,-4.4289678848990235e-16
409.84,-2.2432867906879393e-13,-4.426686384203544e-16
409.85,-2.243020974066572e-13,-4.425594759964226e-16
409.86,-2.2427539345375857e-13,-4.4247899214357773e-16
409.87,-2.242490488671212e-13,-4.424703744441128e-16
409.88,-2.2422228947737893e-13,-4.4232025536496217e-16
409.89,-2.2419607035836881e-13,-4.4231543831152955e-16
409.9,-2.2416970214669605e-13,-4.4228721845813645e-16
409.91,-2.2414327374381844e-13,-4.421147669678805e-16
409.92,-2.2411649135198902e-13,-4.424815572293884e-16
409.93,-2.2408994858629684e-13,-4.41918507539103e-16
409.94,-2.2406402995591987e-13,-4.4194937090846156e-16
409.95,-2.2403710622955658e-13,-4.420177022000723e-16
409.96,-2.2401102743575714e-13,-4.4180721104107303e-16
409.97,-2.2398394067594996e-13,-4.421653531975223e-16
409.98,-2.239574503908658e-13,-4.4151449786977434e-16
409.99,-2.2393146262925318e-13,-4.417083213926093e-16
410.0,-2.2390534984326065e-13,-4.415687808097087e-16
410.01,-2.238783220915433e-13,-4.413631157637604e-16
410.02,-2.2385237925461126e-13,-4.4150830355476823e-16
410.03,-2.2382601376798095e-13,-4.415321731107011e-16
410.04,-2.2379897641315013e-13,-4.4145789751458506e-16
410.05,-2.237724193760863e-13,-4.413400190829544e-16
410.06,-2.2374629756226992e-13,-4.412468213706457e-16
410.07,-2.2372030377373417e-13,-4.4121274977051427e-16
410.08,-2.2369351533293124e-13,-4.4108385143294997e-16
410.09,-2.2366776389689176e-13,-4.4092896701428403e-16
410.1,-2.236412882505207e-13,-4.407964956562319e-16
410.11,-2.236146385418712e-13,-4.4097467267627037e-16
410.12,-2.2358839420178775e-13,-4.4075608863243024e-16
410.13,-2.235616396216861e-13,-4.4063090691272723e-16
410.14,-2.2353562545001564e-13,-4.407594791298336e-16
410.15,-2.2350929076780396e-13,-4.4068015367168447e-16
410.16,-2.23482720693657e-13,-4.405506707014752e-16
410.17,-2.234561679736496e-13,-4.4070432228085928e-16
410.18,-2.2342997149237598e-13,-4.4030715579326617e-16
410.19,-2.2340334957690674e-13,-4.40726511720718e-16
410.2,-2.2337737385009066e-13,-4.402326020270025e-16
410.21,-2.2335127723344198e-13,-4.40174080431342e-16
410.22,-2.2332489417145857e-13,-4.4010721786295473e-16
410.23,-2.2329820260345085e-13,-4.4014152905376204e-16
410.24,-2.2327192584790283e-13,-4.4010633003931203e-16
410.25,-2.2324524101210115e-13,-4.3993781818234635e-16
410.26,-2.2321904406106708e-13,-4.398902817057176e-16
410.27,-2.2319266670718873e-13,-4.400415626990919e-16
410.28,-2.2316705488678801e-13,-4.3991222918520256e-16
410.29,-2.2314018795542152e-13,-4.3974494604450767e-16
410.3,-2.2311401364825997e-13,-4.39768997111664e-16
410.31,-2.230875232440125e-13,-4.396449849295028e-16
410.32,-2.2306123911581015e-13,-4.3965464531052514e-16
410.33,-2.23034891934356e-13,-4.395414854753289e-16
410.34,-2.2300862861906196e-13,-4.3960321213716244e-16
410.35,-2.2298222269357809e-13,-4.394567901382406e-16
410.36,-2.229560513934476e-13,-4.393123902317629e-16
410.37,-2.229296772033823e-13,-4.3925091921083235e-16
410.38,-2.2290376642678458e-13,-4.392847658234196e-16
410.39,-2.2287741048984274e-13,-4.3925487891888674e-16
410.4,-2.2285103053018966e-13,-4.3916848165002207e-16
410.41,-2.2282465160466643e-13,-4.390706415928915e-16
410.42,-2.2279833461101905e-13,-4.3902471976311328e-16
410.43,-2.2277197052133526e-13,-4.3893080976332375e-16
410.44,-2.2274587517823014e-13,-4.388268387445337e-16
410.45,-2.2271964692039313e-13,-4.388279958208875e-16
410.46,-2.226931700054736e-13,-4.3886926382492074e-16
410.47,-2.2266696425263172e-13,-4.386836033434127e-16
410.48,-2.226407541314435e-13,-4.3857561521879897e-16
410.49,-2.226142472897835e-13,-4.3847222306164964e-16
410.5,-2.2258848396898884e-13,-4.3861853880147454e-16
410.51,-2.2256205794826694e-13,-4.3846211267657596e-16
410.52,-2.2253604017606296e-13,-4.3823716013729845e-16
410.53,-2.22509083838301e-13,-4.380779366256306e-16
410.54,-2.224831235110649e-13,-4.3828833800414885e-16
410.55,-2.2245722209459094e-13,-4.380690381917417e-16
410.56,-2.2243090986540995e-13,-4.3799042799662405e-16
410.57,-2.2240531165355922e-13,-4.3789568803910805e-16
410.58,-2.2237851561223313e-13,-4.3799571129970356e-16
410.59,-2.2235250076180556e-13,-4.379786076467614e-16
410.6,-2.2232619807034869e-13,-4.3781989414779475e-16
410.61,-2.223000958371011e-13,-4.3770029071669516e-16
410.62,-2.2227370073515383e-13,-4.3782821752972737e-16
410.63,-2.2224730915970807e-13,-4.377362354261005e-16
410.64,-2.222206192140298e-13,-4.3775766613187283e-16
410.65,-2.2219506622150492e-13,-4.3762616522540633e-16
410.66,-2.2216883798745807e-13,-4.3746502469211947e-16
410.67,-2.2214285270996155e-13,-4.374813938761552e-16
410.68,-2.2211638193327403e-13,-4.3742134284008165e-16
410.69,-2.2209037410050581e-13,-4.374216913852542e-16
410.7,-2.2206453912805821e-13,-4.371716831098502e-16
410.71,-2.2203839840426282e-13,-4.371675350295071e-16
410.72,-2.2201181514657638e-13,-4.370332175885857e-16
410.73,-2.2198641724400725e-13,-4.365747523478839e-16
410.74,-2.219598824538324e-13,-4.3706182240835484e-16
410.75,-2.2193359441879317e-13,-4.368371541743727e-16
410.76,-2.2190769827078907e-13,-4.3714372558333114e-16
410.77,-2.2188217927662613e-13,-4.365904680935164e-16
410.78,-2.2185516225011329e-13,-4.367824265287682e-16
410.79,-2.2182934582315294e-13,-4.3654826732215006e-16
410.8,-2.2180279860597128e-13,-4.3658887985220954e-16
410.81,-2.2177633031500648e-13,-4.3663019593109393e-16
410.82,-2.217501916300493e-13,-4.3633328792794554e-16
410.83,-2.2172419192490737e-13,-4.36455132971877e-16
410.84,-2.2169831682108549e-13,-4.3634802440908593e-16
410.85,-2.2167207218898225e-13,-4.3620709273084217e-16
410.86,-2.2164667040666454e-13,-4.361585894390609e-16
410.87,-2.216199289408937e-13,-4.3621475029928246e-16
410.88,-2.2159367817364714e-13,-4.361148317677489e-16
410.89,-2.2156762112163975e-13,-4.3593135368348194e-16
410.9,-2.2154148523386763e-13,-4.359670224339311e-16
410.91,-2.2151566476336338e-13,-4.3583732314347935e-16
410.92,-2.2148939829270864e-13,-4.358735560897722e-16
410.93,-2.2146315649385945e-13,-4.358126743753208e-16
410.94,-2.214370778404192e-13,-4.3575241426475106e-16
410.95,-2.2141143941332784e-13,-4.3568466056014677e-16
410.96,-2.2138484386381883e-13,-4.356150085734944e-16
410.97,-2.2135914047513555e-13,-4.3554058375723826e-16
410.98,-2.2133301547422765e-13,-4.354036949960942e-16
410.99,-2.2130666547442212e-13,-4.353954266783051e-16
411.0,-2.2127981430516032e-13,-4.354875099340666e-16
411.01,-2.2125436996166563e-13,-4.3522434478286003e-16
411.02,-2.2122879641192276e-13,-4.3522477145065306e-16
411.03,-2.212025462915396e-13,-4.3495793399361943e-16
411.04,-2.211765170780006e-13,-4.3511580213340315e-16
411.05,-2.2115063810324798e-13,-4.3504652269169697e-16
411.06,-2.2112501314951e-13,-4.3496207166967227e-16
411.07,-2.210987971383042e-13,-4.3502849969418053e-16
411.08,-2.2107117977260296e-13,-4.3492728684550266e-16
411.09,-2.210469290784999e-13,-4.35056193931465e-16
411.1,-2.2102052834133431e-13,-4.3475682296726984e-16
411.11,-2.2099450750513028e-13,-4.3458278107269946e-16
411.12,-2.2096779006556514e-13,-4.345750015198469e-16
411.13,-2.209424804987547e-13,-4.3451045620583853e-16
411.14,-2.2091646363295035e-13,-4.3447531158253777e-16
411.15,-2.2089061169894402e-13,-4.3461740848047056e-16
411.16,-2.2086437466187428e-13,-4.3446522159319064e-16
411.17,-2.208385369618159e-13,-4.343711761962355e-16
411.18,-2.208122756294479e-13,-4.341495184980827e-16
411.19,-2.2078632526506636e-13,-4.3415561662415474e-16
411.2,-2.2076011316329424e-13,-4.340610918381044e-16
411.21,-2.20734617955366e-13,-4.3390193958246254e-16
411.22,-2.2070828850308947e-13,-4.33981537943974e-16
411.23,-2.206822856834505e-13,-4.3390945924738674e-16
411.24,-2.2065681174337921e-13,-4.341009409728818e-16
411.25,-2.206305531068884e-13,-4.3404434658248535e-16
411.26,-2.2060326649767166e-13,-4.3323132304192397e-16
411.27,-2.2057854100010654e-13,-4.3317850647736913e-16
411.28,-2.2055294069937763e-13,-4.3372758289037733e-16
411.29,-2.2052691853204986e-13,-4.336053127579248e-16
411.3,-2.205004856222062e-13,-4.334220862694865e-16
411.31,-2.204750810300815e-13,-4.334191022287228e-16
411.32,-2.204489045626961e-13,-4.3328309465264447e-16
411.33,-2.2042320488155324e-13,-4.333109133311912e-16
411.34,-2.203971356075442e-13,-4.333094982858379e-16
411.35,-2.2037045091053282e-13,-4.3241629709900165e-16
411.36,-2.2034581556935635e-13,-4.337728364016292e-16
411.37,-2.2031930895031346e-13,-4.3302942016732964e-16
411.38,-2.2029334344794554e-13,-4.32896236170818e-16
411.39,-2.2026720762037971e-13,-4.3283078368958625e-16
411.4,-2.2024150565440428e-13,-4.329053090489647e-16
411.41,-2.2021625716958632e-13,-4.328591612487443e-16
411.42,-2.2018982841247626e-13,-4.327286045078577e-16
411.43,-2.2016389035876974e-13,-4.327168883638804e-16
411.44,-2.2013807379163093e-13,-4.3267720087620223e-16
411.45,-2.2011253549835427e-13,-4.3258672959901134e-16
411.46,-2.200859957142288e-13,-4.3253294114788724e-16
411.47,-2.20060206402728e-13,-4.3243867649226424e-16
411.48,-2.2003439522691246e-13,-4.32313469756977e-16
411.49,-2.200080961101752e-13,-4.3231713144840065e-16
411.5,-2.1998265908676987e-13,-4.3223064521475763e-16
411.51,-2.1995673630208845e-13,-4.321530553265098e-16
411.52,-2.1993106350773165e-13,-4.321771207306017e-16
411.53,-2.1990521638222996e-13,-4.3212053684928886e-16
411.54,-2.1988048286083498e-13,-4.3186140743973687e-16
411.55,-2.198535771592802e-13,-4.319994854129712e-16
411.56,-2.1982747287833367e-13,-4.318400770653938e-16
411.57,-2.1980173107489885e-13,-4.3187631274710787e-16
411.58,-2.1977595380048214e-13,-4.317219215894854e-16
411.59,-2.1974955377807618e-13,-4.315554145380176e-16
411.6,-2.1972465286022035e-13,-4.316602678182428e-16
411.61,-2.1969788038819784e-13,-4.3170010438150946e-16
411.62,-2.1967269451929852e-13,-4.313596564430544e-16
411.63,-2.1964685707186652e-13,-4.309423113251251e-16
411.64,-2.1962074587216453e-13,-4.3135411019882243e-16
411.65,-2.1959503370617452e-13,-4.3120223001548576e-16
411.66,-2.1956901501429598e-13,-4.312398699335712e-16
411.67,-2.1954314173512e-13,-4.311990263034635e-16
411.68,-2.195174125018525e-13,-4.3112384718340284e-16
411.69,-2.1949195823475336e-13,-4.3110308983018495e-16
411.7,-2.194652255857029e-13,-4.311376327087256e-16
411.71,-2.194404057094068e-13,-4.3101605609600993e-16
411.72,-2.1941411207993391e-13,-4.3070070726810497e-16
411.73,-2.193882498305351e-13,-4.3052880011983703e-16
411.74,-2.1936290234945198e-13,-4.30834843241774e-16
411.75,-2.193370244245321e-13,-4.3065910225985466e-16
411.76,-2.1931119987636966e-13,-4.305403479726089e-16
411.77,-2.1928559855756577e-13,-4.305598672244991e-16
411.78,-2.1925986985345221e-13,-4.3056712059172564e-16
411.79,-2.1923372639208037e-13,-4.298848397719978e-16
411.8,-2.1920763227136573e-13,-4.301988458772027e-16
411.81,-2.191823551303809e-13,-4.300812307506047e-16
411.82,-2.1915684482363751e-13,-4.302499003530936e-16
411.83,-2.1913107800625294e-13,-4.3038182989973176e-16
411.84,-2.1910517455384507e-13,-4.30059949142538e-16
411.85,-2.1907931796593075e-13,-4.2995897881216606e-16
411.86,-2.190535717411621e-13,-4.299623143915573e-16
411.87,-2.1902796106749083e-13,-4.2995687019599576e-16
411.88,-2.1900159598493691e-13,-4.2948390703638045e-16
411.89,-2.1897615300665955e-13,-4.297283818449635e-16
411.9,-2.1895089933686932e-13,-4.2959684659130574e-16
411.91,-2.189251291283874e-13,-4.2974887803588227e-16
411.92,-2.1889879071486296e-13,-4.294689698386683e-16
411.93,-2.1887374453674506e-13,-4.295541081312732e-16
411.94,-2.188479774756231e-13,-4.295592328091451e-16
411.95,-2.188215253575752e-13,-4.293289946884551e-16
411.96,-2.1879627697908294e-13,-4.2930998180414404e-16
411.97,-2.1877177024941478e-13,-4.293474749576231e-16
411.98,-2.1874522265837202e-13,-4.291995340971462e-16
411.99,-2.1871927673157434e-13,-4.2910939412215277e-16
412.0,-2.1869351218928532e-13,-4.291149834124736e-16
412.01,-2.1866789176594905e-13,-4.291755793287199e-16
412.02,-2.186423979409671e-13,-4.28993940347772e-16
412.03,-2.1861701900930535e-13,-4.290113022756681e-16
412.04,-2.1859086367088572e-13,-4.2887723570492126e-16
412.05,-2.1856535594513153e-13,-4.288297693487066e-16
412.06,-2.185403229150599e-13,-4.2772757005236005e-16
412.07,-2.1851419251531297e-13,-4.2867854709698365e-16
412.08,-2.1848895981966468e-13,-4.2863487756184564e-16
412.09,-2.1846277071516413e-13,-4.2851531739405733e-16
412.1,-2.1843704917877304e-13,-4.284958178588436e-16
412.11,-2.1841145091513828e-13,-4.2855923738203975e-16
412.12,-2.1838574434429374e-13,-4.283570295660308e-16
412.13,-2.1836006352084574e-13,-4.283409005003236e-16
412.14,-2.183340375683545e-13,-4.282287461021428e-16
412.15,-2.1831004877646077e-13,-4.274344555029476e-16
412.16,-2.1828296173952014e-13,-4.281295769222717e-16
412.17,-2.1825764498029666e-13,-4.278528981780552e-16
412.18,-2.1823250079141313e-13,-4.280744171435609e-16
412.19,-2.1820644104184324e-13,-4.2805494377244494e-16
412.2,-2.1818093396413523e-13,-4.280017052052423e-16
412.21,-2.1815496384541883e-13,-4.2784872719115896e-16
412.22,-2.1812931122118817e-13,-4.276533597229901e-16
412.23,-2.1810380646744457e-13,-4.277039292404691e-16
412.24,-2.1807840840569917e-13,-4.286719695399517e-16
412.25,-2.180531071073892e-13,-4.27743201449649e-16
412.26,-2.1802656050796245e-13,-4.269686583632309e-16
412.27,-2.18001409613299e-13,-4.274558636384007e-16
412.28,-2.1797597087975934e-13,-4.274665095962637e-16
412.29,-2.1795027525807475e-13,-4.273166585436371e-16
412.3,-2.1792451462740706e-13,-4.271771437204059e-16
412.31,-2.178990584877128e-13,-4.2714670357619595e-16
412.32,-2.1787376467243267e-13,-4.2724844550627074e-16
412.33,-2.1784860686114292e-13,-4.276630424860724e-16
412.34,-2.1782226000171757e-13,-4.2693342607716915e-16
412.35,-2.177959875236789e-13,-4.2708322303775493e-16
412.36,-2.1777135172751835e-13,-4.2700973427296987e-16
412.37,-2.1774565198928341e-13,-4.268143384776956e-16
412.38,-2.1771999347971482e-13,-4.268775848907741e-16
412.39,-2.1769460006876849e-13,-4.266682732049333e-16
412.4,-2.176692212349827e-13,-4.2668673393646876e-16
412.41,-2.1764371810739617e-13,-4.266591015030119e-16
412.42,-2.1761749410332919e-13,-4.2640796880226833e-16
412.43,-2.1759226086310986e-13,-4.2646004987315405e-16
412.44,-2.1756659532149085e-13,-4.2634079319310236e-16
412.45,-2.1754145797480389e-13,-4.264245251555762e-16
412.46,-2.1751628642900562e-13,-4.263170433943289e-16
412.47,-2.1749060727544894e-13,-4.2621308684438767e-16
412.48,-2.1746471163410084e-13,-4.2620648703615577e-16
412.49,-2.1743949273414922e-13,-4.261970560869144e-16
412.5,-2.174135733513689e-13,-4.25911414594418e-16
412.51,-2.1738859594487503e-13,-4.260795208620535e-16
412.52,-2.1736217957076526e-13,-4.256504549831854e-16
412.53,-2.173369728087257e-13,-4.2502640646060597e-16
412.54,-2.1731280411423267e-13,-4.260114380830311e-16
412.55,-2.1728623793444506e-13,-4.2573797055303716e-16
412.56,-2.1726104892410508e-13,-4.257475159686924e-16
412.57,-2.172356206868374e-13,-4.2570270360198135e-16
412.58,-2.1720993868015611e-13,-4.256071766177659e-16
412.59,-2.1718466726778669e-13,-4.2550041710568283e-16
412.6,-2.1715872908549023e-13,-4.2532167979769595e-16
412.61,-2.1713295246556236e-13,-4.2522144488042345e-16
412.62,-2.1710634607506266e-13,-4.258443898228425e-16
412.63,-2.1708263210045855e-13,-4.253315288000886e-16
412.64,-2.170571173374291e-13,-4.2526598330479135e-16
412.65,-2.170316425142642e-13,-4.25066782861065e-16
412.66,-2.1700615951685484e-13,-4.250881030096351e-16
412.67,-2.1698109881659513e-13,-4.250727737585704e-16
412.68,-2.1695536564621833e-13,-4.2499286723022215e-16
412.69,-2.1692999214029137e-13,-4.251401898222988e-16
412.7,-2.169044666476088e-13,-4.2485049528224403e-16
412.71,-2.1687717444667773e-13,-4.256651442946993e-16
412.72,-2.1685387498428783e-13,-4.246791339941506e-16
412.73,-2.1682812978693043e-13,-4.246930353179209e-16
412.74,-2.168039572677793e-13,-4.2511008137628904e-16
412.75,-2.1677744963054496e-13,-4.24454694704055e-16
412.76,-2.1675212531309074e-13,-4.244796597858084e-16
412.77,-2.167262825080744e-13,-4.2429550253453814e-16
412.78,-2.1670132235778038e-13,-4.24555712995006e-16
412.79,-2.1667595491051043e-13,-4.2422820084348905e-16
412.8,-2.1665184735478704e-13,-4.2433764555057407e-16
412.81,-2.166250895518835e-13,-4.24168887096789e-16
412.82,-2.1659960177622542e-13,-4.2407341752219143e-16
412.83,-2.1657386320132662e-13,-4.238894701029308e-16
412.84,-2.1654881297570665e-13,-4.239424210930751e-16
412.85,-2.1652345861249914e-13,-4.237884767246138e-16
412.86,-2.1649805395527216e-13,-4.2380381255975242e-16
412.87,-2.1647240957004546e-13,-4.2352174510487083e-16
412.88,-2.1644622046689643e-13,-4.233059425766166e-16
412.89,-2.1642274950181634e-13,-4.239813859232111e-16
412.9,-2.16396412026957e-13,-4.235803028481664e-16
412.91,-2.1637108732249674e-13,-4.2339949065112947e-16
412.92,-2.1634590983958267e-13,-4.2347131563100833e-16
412.93,-2.1632033031221515e-13,-4.2332864919830257e-16
412.94,-2.1629504575697946e-13,-4.2340614964046004e-16
412.95,-2.1627014426889632e-13,-4.2344992081615374e-16
412.96,-2.1624444437852906e-13,-4.235067050670092e-16
412.97,-2.1621838066732687e-13,-4.228683903719655e-16
412.98,-2.1619356222747572e-13,-4.228175923592628e-16
412.99,-2.1616835141836629e-13,-4.231126946502419e-16
413.0,-2.1614316849467691e-13,-4.2302228583433825e-16
413.01,-2.1611847322240138e-13,-4.230719456337457e-16
413.02,-2.1609267138112715e-13,-4.229246192443599e-16
413.03,-2.1606707301885208e-13,-4.228607792933117e-16
413.04,-2.1604177775706495e-13,-4.2279348388907113e-16
413.05,-2.1601522322245409e-13,-4.2201423903844616e-16
413.06,-2.159915575755038e-13,-4.227723378932859e-16
413.07,-2.159659872224167e-13,-4.227341937959057e-16
413.08,-2.1593993753053556e-13,-4.221944561722178e-16
413.09,-2.1591523330543232e-13,-4.2246080471897345e-16
413.1,-2.158902480268096e-13,-4.22309595202007e-16
413.11,-2.1586477346425016e-13,-4.223599219863275e-16
413.12,-2.1583941489070354e-13,-4.221310103674921e-16
413.13,-2.1581487500021816e-13,-4.225013846443595e-16
413.14,-2.157890121106524e-13,-4.22110261934607e-16
413.15,-2.157638142413108e-13,-4.222190095315996e-16
413.16,-2.1573848988649218e-13,-4.2196535888044296e-16
413.17,-2.1571288550210805e-13,-4.2194615826550474e-16
413.18,-2.156876862173882e-13,-4.218635247622741e-16
413.19,-2.1566268702312962e-13,-4.21776279687645e-16
413.2,-2.1563731411401147e-13,-4.2188602486215505e-16
413.21,-2.1561203509286985e-13,-4.2169490475045313e-16
413.22,-2.1558661902932897e-13,-4.21565453961268e-16
413.23,-2.1556057477209894e-13,-4.21431934730177e-16
413.24,-2.155366743352967e-13,-4.21333874144747e-16
413.25,-2.1551173532931424e-13,-4.2169846082786427e-16
413.26,-2.154858936126782e-13,-4.2133023968747154e-16
413.27,-2.1546054427534224e-13,-4.2130487198772573e-16
413.28,-2.1543540885757373e-13,-4.2130146017015034e-16
413.29,-2.1541002889102469e-13,-4.2111233399967135e-16
413.3,-2.1538496595621412e-13,-4.21182977726222e-16
413.31,-2.1535973367157485e-13,-4.2108504328718365e-16
413.32,-2.153352640502211e-13,-4.216630081211928e-16
413.33,-2.1531010922240505e-13,-4.2142107125432094e-16
413.34,-2.1528445589844803e-13,-4.210253177001537e-16
413.35,-2.1525928868631465e-13,-4.2084071111124373e-16
413.36,-2.1523365770930344e-13,-4.2078827342057163e-16
413.37,-2.1520846812877017e-13,-4.2066557466795834e-16
413.38,-2.1518335982464914e-13,-4.206228173459204e-16
413.39,-2.151581413175004e-13,-4.205220190190173e-16
413.4,-2.1513298171059563e-13,-4.2058516959572006e-16
413.41,-2.151076762382135e-13,-4.2039350471574785e-16
413.42,-2.150828351422971e-13,-4.204258322287571e-16
413.43,-2.1505758783955627e-13,-4.2025533967480994e-16
413.44,-2.1503228460408018e-13,-4.2047655855783497e-16
413.45,-2.1500697761315625e-13,-4.2023957803760795e-16
413.46,-2.1498194652079368e-13,-4.2028738872777863e-16
413.47,-2.149571875264687e-13,-4.2007850177711063e-16
413.48,-2.149317687197592e-13,-4.2015304921470107e-16
413.49,-2.1490622704199014e-13,-4.1992576896435784e-16
413.5,-2.1488086234654422e-13,-4.196930537057718e-16
413.51,-2.1485657547928313e-13,-4.2002380088565865e-16
413.52,-2.1483142146159384e-13,-4.1998309171089327e-16
413.53,-2.1480569413049057e-13,-4.199150008835869e-16
413.54,-2.1478071995079302e-13,-4.1969334142132576e-16
413.55,-2.1475584817130525e-13,-4.197023979959508e-16
413.56,-2.1473082348133583e-13,-4.1963070576233546e-16
413.57,-2.1470531894526743e-13,-4.19372259089605e-16
413.58,-2.1468006271411446e-13,-4.1943631144483813e-16
413.59,-2.1465484048095212e-13,-4.1969936202431087e-16
413.6,-2.146310813280464e-13,-4.1942520986542326e-16
413.61,-2.1460506020164122e-13,-4.193303125910361e-16
413.62,-2.145805159759663e-13,-4.193614880859434e-16
413.63,-2.1455472650348165e-13,-4.1917527962285463e-16
413.64,-2.1452978762245108e-13,-4.1916581767085567e-16
413.65,-2.1450452905074487e-13,-4.1888408168773647e-16
413.66,-2.1447959600146262e-13,-4.190558481196569e-16
413.67,-2.1445419689927234e-13,-4.1879141962773367e-16
413.68,-2.1442938889287337e-13,-4.1901736866289317e-16
413.69,-2.1440372013196443e-13,-4.186678943366047e-16
413.7,-2.1437921396856678e-13,-4.1875482729463714e-16
413.71,-2.1435406130320414e-13,-4.1865378412159487e-16
413.72,-2.1432914452216027e-13,-4.186446198528891e-16
413.73,-2.1430377462929196e-13,-4.185061202972335e-16
413.74,-2.1427891626700747e-13,-4.1857844401584413e-16
413.75,-2.1425399883334935e-13,-4.1858120512438164e-16
413.76,-2.1422877219818532e-13,-4.1835669606722025e-16
413.77,-2.1420382890214568e-13,-4.1849802671701804e-16
413.78,-2.141781349551017e-13,-4.181148937457392e-16
413.79,-2.1415370314249057e-13,-4.1827438496454853e-16
413.8,-2.1412846927505612e-13,-4.1821894947754296e-16
413.81,-2.1410353585185087e-13,-4.1807527300955454e-16
413.82,-2.140788626720888e-13,-4.1826293247184307e-16
413.83,-2.1405335857142695e-13,-4.1800474551852894e-16
413.84,-2.1402816478109604e-13,-4.17799783400808e-16
413.85,-2.1400321718303652e-13,-4.1777794173360026e-16
413.86,-2.139787538918153e-13,-4.177418551990922e-16
413.87,-2.1395382847850796e-13,-4.1780690383772443e-16
413.88,-2.139285009116149e-13,-4.1764150551392744e-16
413.89,-2.139028266597011e-13,-4.1753611173009827e-16
413.9,-2.1387841699365932e-13,-4.1769024445610357e-16
413.91,-2.1385305861733302e-13,-4.1758718054529444e-16
413.92,-2.1382789671295157e-13,-4.1718673895300046e-16
413.93,-2.1380324957251203e-13,-4.1733442524999693e-16
413.94,-2.137782824677298e-13,-4.1731042833728345e-16
413.95,-2.1375353889175657e-13,-4.174322917755999e-16
413.96,-2.1372805819515424e-13,-4.171857769533374e-16
413.97,-2.1370331541886674e-13,-4.170780454117133e-16
413.98,-2.136781600317982e-13,-4.1703388470560543e-16
413.99,-2.1365317212673414e-13,-4.170096856052644e-16
414.0,-2.1362850778965564e-13,-4.170579968875339e-16
414.01,-2.1360358969911004e-13,-4.16966022311384e-16
414.02,-2.1357848705270019e-13,-4.1676276687905345e-16
414.03,-2.1355321796104597e-13,-4.168325894531485e-16
414.04,-2.1352896719893516e-13,-4.166724104703353e-16
414.05,-2.135038874642093e-13,-4.16764821863431e-16
414.06,-2.1347868430578871e-13,-4.1668878229974376e-16
414.07,-2.1345383755592825e-13,-4.1657212166850224e-16
414.08,-2.134287636504875e-13,-4.165926874603446e-16
414.09,-2.1340372771770567e-13,-4.1638124797273273e-16
414.1,-2.1337896924665333e-13,-4.162918389436948e-16
414.11,-2.1335384707925504e-13,-4.1616544303238935e-16
414.12,-2.133288914442928e-13,-4.16159479981204e-16
414.13,-2.133044448484607e-13,-4.161219844116863e-16
414.14,-2.1327924801490542e-13,-4.1599416729223324e-16
414.15,-2.1325459927703077e-13,-4.16196870604964e-16
414.16,-2.1322955019322277e-13,-4.160610695372623e-16
414.17,-2.132045015130156e-13,-4.1608386130403687e-16
414.18,-2.131793316392095e-13,-4.158240225764988e-16
414.19,-2.1315474506610983e-13,-4.159100289112982e-16
414.2,-2.1313009265258142e-13,-4.158426168531492e-16
414.21,-2.131048484385872e-13,-4.1569459674154896e-16
414.22,-2.1308006712419175e-13,-4.16001177239352e-16
414.23,-2.1305503953915512e-13,-4.1549650710292867e-16
414.24,-2.1303025045364247e-13,-4.1547315537943667e-16
414.25,-2.130052778886422e-13,-4.155450035681368e-16
414.26,-2.1298045785780725e-13,-4.154327986032358e-16
414.27,-2.1295563322840298e-13,-4.1541678603003426e-16
414.28,-2.1293063421732026e-13,-4.152383228731873e-16
414.29,-2.1290581730252602e-13,-4.15350548331499e-16
414.3,-2.128811705646858e-13,-4.1531545672439624e-16
414.31,-2.1285606037701118e-13,-4.1499396367215934e-16
414.32,-2.1283124713798558e-13,-4.1512299976710837e-16
414.33,-2.1280682038657382e-13,-4.15137768396887e-16
414.34,-2.127814725836728e-13,-4.1496032540077845e-16
414.35,-2.1275657926398586e-13,-4.148956440071314e-16
414.36,-2.1273168084365558e-13,-4.147770544117833e-16
414.37,-2.1270687044562528e-13,-4.1486315843079614e-16
414.38,-2.1268208165631317e-13,-4.147111429808905e-16
414.39,-2.126570617257628e-13,-4.145683527930816e-16
414.4,-2.1263232778005324e-13,-4.1448809289775225e-16
414.41,-2.1260757118069527e-13,-4.1467809644519235e-16
414.42,-2.1258249367822874e-13,-4.144386399574367e-16
414.43,-2.1255799133967098e-13,-4.145135223747324e-16
414.44,-2.1253313094438644e-13,-4.14370592924254e-16
414.45,-2.1250841206445718e-13,-4.1440418428772824e-16
414.46,-2.1248349191490473e-13,-4.1439283528130987e-16
414.47,-2.1245895268655062e-13,-4.1434937274981537e-16
414.48,-2.1243393294491353e-13,-4.1420751501864585e-16
414.49,-2.1240911291166394e-13,-4.1367483942487705e-16
414.5,-2.1238428512405826e-13,-4.1392610398930334e-16
414.51,-2.1235981431555742e-13,-4.142759602545471e-16
414.52,-2.1233468061543518e-13,-4.1402895834957025e-16
414.53,-2.1230973495310335e-13,-4.1393166345302666e-16
414.54,-2.1228551894377568e-13,-4.1387742535225263e-16
414.55,-2.1226038112749095e-13,-4.137802286820567e-16
414.56,-2.1223596703467503e-13,-4.1381224619724256e-16
414.57,-2.1221104202255295e-13,-4.1373762541881866e-16
414.58,-2.1218612294954186e-13,-4.131118943399027e-16
414.59,-2.12161270222475e-13,-4.134651037750686e-16
414.6,-2.1213639484576963e-13,-4.1347910856090233e-16
414.61,-2.1211157795483098e-13,-4.1339932855888725e-16
414.62,-2.120871338730041e-13,-4.1331129149488473e-16
414.63,-2.120625853104923e-13,-4.135460380461353e-16
414.64,-2.120367885026034e-13,-4.1303756818391223e-16
414.65,-2.1201286848209588e-13,-4.132321739163774e-16
414.66,-2.119879941263835e-13,-4.131254879186424e-16
414.67,-2.1196286239745278e-13,-4.13134646284694e-16
414.68,-2.1193863232222678e-13,-4.1281994643542085e-16
414.69,-2.119138012029733e-13,-4.129610013258437e-16
414.7,-2.1188939296511477e-13,-4.1290985200253107e-16
414.71,-2.1186406482473425e-13,-4.1258853621817857e-16
414.72,-2.1183986573902956e-13,-4.128152008439146e-16
414.73,-2.1181498186091378e-13,-4.1266101721021594e-16
414.74,-2.1179025188244367e-13,-4.1265957642678384e-16
414.75,-2.117657893002699e-13,-4.127718020135858e-16
414.76,-2.1174071371193228e-13,-4.123218217097609e-16
414.77,-2.117163059603069e-13,-4.1244618844559516e-16
414.78,-2.116916263645394e-13,-4.124837130244279e-16
414.79,-2.1166662728220877e-13,-4.124143540846232e-16
414.8,-2.116419368138731e-13,-4.1215630997301233e-16
414.81,-2.1161747706594862e-13,-4.1231311083166807e-16
414.82,-2.1159251066938564e-13,-4.121999573003948e-16
414.83,-2.11568057086749e-13,-4.121891824162213e-16
414.84,-2.1154357246472022e-13,-4.122025366625822e-16
414.85,-2.1151919275803062e-13,-4.1176367098388565e-16
414.86,-2.1149372567582885e-13,-4.119237621933519e-16
414.87,-2.1146935560072225e-13,-4.118302155464504e-16
414.88,-2.1144445074718426e-13,-4.1200292856051606e-16
414.89,-2.1141979641522748e-13,-4.118046438599498e-16
414.9,-2.113952014496122e-13,-4.1174558611250375e-16
414.91,-2.1137078967403968e-13,-4.117993257360027e-16
414.92,-2.1134573723489103e-13,-4.1185141869829576e-16
414.93,-2.1132061839803874e-13,-4.115844419943906e-16
414.94,-2.1129671614394877e-13,-4.111261292908793e-16
414.95,-2.1127224767353242e-13,-4.114957471717623e-16
414.96,-2.112477171609405e-13,-4.114452378664638e-16
414.97,-2.1122346092265138e-13,-4.115323673925169e-16
414.98,-2.1119819813284204e-13,-4.1139714345525993e-16
414.99,-2.1117355165900983e-13,-4.1126670856292285e-16
415.0,-2.1114859890802762e-13,-4.11562667735346e-16
415.01,-2.1112453462661907e-13,-4.112993514724539e-16
415.02,-2.1110020924561164e-13,-4.114403213146824e-16
415.03,-2.110753753463953e-13,-4.1069068813054894e-16
415.04,-2.11050392569545e-13,-4.1096982425543697e-16
415.05,-2.1102611277201064e-13,-4.105918431077094e-16
415.06,-2.1100150865313954e-13,-4.110287511950323e-16
415.07,-2.1097656825417594e-13,-4.108234059205947e-16
415.08,-2.109522007527856e-13,-4.107380905544206e-16
415.09,-2.1092686409491476e-13,-4.104762352621537e-16
415.1,-2.1090229456272045e-13,-4.106741785471786e-16
415.11,-2.1087870293606826e-13,-4.1053405455492374e-16
415.12,-2.1085410005989317e-13,-4.10444723476835e-16
415.13,-2.1082910718586728e-13,-4.103370034964403e-16
415.14,-2.1080467588207346e-13,-4.103775522855758e-16
415.15,-2.1078012842582155e-13,-4.103264021065389e-16
415.16,-2.1075540264712043e-13,-4.103094630630815e-16
415.17,-2.1073073988833316e-13,-4.1018575762146233e-16
415.18,-2.1070608729337224e-13,-4.100847806335558e-16
415.19,-2.1068145697891825e-13,-4.100235761683568e-16
415.2,-2.10657552071044e-13,-4.0950244694629873e-16
415.21,-2.1063242120565982e-13,-4.0938844959640946e-16
415.22,-2.1060797256415766e-13,-4.099309922038547e-16
415.23,-2.1058356280335542e-13,-4.0995294132554033e-16
415.24,-2.1055913402320092e-13,-4.098757939001752e-16
415.25,-2.1053445765302982e-13,-4.097927225057357e-16
415.26,-2.1051023504126454e-13,-4.098443008646962e-16
415.27,-2.1048538146696025e-13,-4.096281801697434e-16
415.28,-2.1046082623605759e-13,-4.0964270982707404e-16
415.29,-2.1043603470962984e-13,-4.1005071972892417e-16
415.3,-2.104109991791546e-13,-4.0987352946952225e-16
415.31,-2.1038748579869394e-13,-4.094484051486658e-16
415.32,-2.1036285769487186e-13,-4.093605994574901e-16
415.33,-2.1033828857983765e-13,-4.0926121839740047e-16
415.34,-2.103137921313308e-13,-4.0917127916820496e-16
415.35,-2.1028943504145441e-13,-4.092292640062272e-16
415.36,-2.102649598019365e-13,-4.0917757848031224e-16
415.37,-2.1024041100664855e-13,-4.090389857036375e-16
415.38,-2.1021568718256005e-13,-4.089529489937871e-16
415.39,-2.1019090655981585e-13,-4.089318973356752e-16
415.4,-2.1016677836060795e-13,-4.091487989261291e-16
415.41,-2.1014229328737707e-13,-4.0884661866795935e-16
415.42,-2.1011789297622985e-13,-4.0888771362533004e-16
415.43,-2.1009329980643255e-13,-4.0877299217685894e-16
415.44,-2.100688497911891e-13,-4.0877979872069524e-16
415.45,-2.10044372542535e-13,-4.08864912491403e-16
415.46,-2.100201768635564e-13,-4.087642212250813e-16
415.47,-2.0999551676231006e-13,-4.0865769311873757e-16
415.48,-2.099706817114066e-13,-4.079873600159217e-16
415.49,-2.0994640923393923e-13,-4.084135108256632e-16
415.5,-2.0992213708351595e-13,-4.083105074406247e-16
415.51,-2.0989791251031457e-13,-4.083370662368972e-16
415.52,-2.098737277489632e-13,-4.0816752040122135e-16
415.53,-2.098487416899693e-13,-4.080871413430001e-16
415.54,-2.098245397840034e-13,-4.0809535106289956e-16
415.55,-2.0979928070598177e-13,-4.0780253442611447e-16
415.56,-2.097755064311123e-13,-4.081327767779359e-16
415.57,-2.0975210086123953e-13,-4.079527696425793e-16
415.58,-2.0972693016689044e-13,-4.079275654551482e-16
415.59,-2.097025094912827e-13,-4.0802803807049785e-16
415.6,-2.0967798410505977e-13,-4.078028450066202e-16
415.61,-2.0965315446646738e-13,-4.078216810743426e-16
415.62,-2.0962915039626621e-13,-4.0778738765679616e-16
415.63,-2.0960451945775825e-13,-4.075727313387777e-16
415.64,-2.095793313505852e-13,-4.0752952497478576e-16
415.65,-2.095548063086094e-13,-4.0764833846524733e-16
415.66,-2.0953115688264724e-13,-4.074337359193604e-16
415.67,-2.0950707282282527e-13,-4.0735978404425154e-16
415.68,-2.0948267128329554e-13,-4.073542004493679e-16
415.69,-2.0945753504714608e-13,-4.0732015957473943e-16
415.7,-2.0943396100981559e-13,-4.071987977893565e-16
415.71,-2.0940930830437648e-13,-4.071893091071652e-16
415.72,-2.0938513011650487e-13,-4.0720376643025733e-16
415.73,-2.0936118868130235e-13,-4.0661732597570707e-16
415.74,-2.093356476915791e-13,-4.072385596360484e-16
415.75,-2.0931190085010575e-13,-4.0692587344862416e-16
415.76,-2.0928769805834032e-13,-4.0696137929603434e-16
415.77,-2.092636108970357e-13,-4.0694334815649917e-16
415.78,-2.0923909628880247e-13,-4.0692851797460747e-16
415.79,-2.092147938368097e-13,-4.068132489279202e-16
415.8,-2.0919002790592758e-13,-4.066402853651689e-16
415.81,-2.0916592494347359e-13,-4.065773164618822e-16
415.82,-2.0914101931592706e-13,-4.0609344502964167e-16
415.83,-2.0911694708447541e-13,-4.0657557821527547e-16
415.84,-2.0909321702224597e-13,-4.0662788893358464e-16
415.85,-2.0906857640534325e-13,-4.0648359462137186e-16
415.86,-2.0904386094054262e-13,-4.061519527675722e-16
415.87,-2.0901985226707663e-13,-4.063054533634977e-16
415.88,-2.0899599951127717e-13,-4.061087793181575e-16
415.89,-2.0897159541303357e-13,-4.0656034951997146e-16
415.9,-2.08947056422099e-13,-4.06311487265754e-16
415.91,-2.0892375796499606e-13,-4.058697803208555e-16
415.92,-2.0889819987703208e-13,-4.0616484393994463e-16
415.93,-2.0887379248290757e-13,-4.0592517120514384e-16
415.94,-2.0884970854610224e-13,-4.0585563442346125e-16
415.95,-2.0882534624052089e-13,-4.058063011255065e-16
415.96,-2.0880119224182983e-13,-4.058419238422043e-16
415.97,-2.0877668794984522e-13,-4.0586217018349837e-16
415.98,-2.0875252588211816e-13,-4.056527781851729e-16
415.99,-2.087279503952509e-13,-4.0564870369869434e-16
416.0,-2.0870708675119612e-13,-4.05023191590923e-16
416.01,-2.086797241460227e-13,-4.057778675356315e-16
416.02,-2.086555872946924e-13,-4.052969315405976e-16
416.03,-2.0863139950834406e-13,-4.055165667803196e-16
416.04,-2.0860679969031272e-13,-4.053759989423317e-16
416.05,-2.0858254921797887e-13,-4.05311184510685e-16
416.06,-2.085581223665699e-13,-4.0523299523026054e-16
416.07,-2.0853386350436446e-13,-4.0519150459600595e-16
416.08,-2.0850962966949754e-13,-4.0514761886990565e-16
416.09,-2.084873038613213e-13,-4.049151038131402e-16
416.1,-2.084619464995803e-13,-4.0507487745781113e-16
416.11,-2.0843664543434157e-13,-4.051609422807043e-16
416.12,-2.084128852589518e-13,-4.049906446852263e-16
416.13,-2.0838880630653427e-13,-4.0497686828350375e-16
416.14,-2.083644225060167e-13,-4.0496150252961266e-16
416.15,-2.0833982518783927e-13,-4.047246697982281e-16
416.16,-2.0831582891752155e-13,-4.047032998588823e-16
416.17,-2.082917843315071e-13,-4.045644490228961e-16
416.18,-2.0826763585482344e-13,-4.0541534609320767e-16
416.19,-2.08242931534306e-13,-4.045822027537467e-16
416.2,-2.0821842615444653e-13,-4.044624967036695e-16
416.21,-2.0819472165212707e-13,-4.044334668340844e-16
416.22,-2.0817044335699e-13,-4.0442481627322874e-16
416.23,-2.081467121846724e-13,-4.0431748817688485e-16
416.24,-2.0812199472614013e-13,-4.0417545043503724e-16
416.25,-2.0809804284258077e-13,-4.041893463869656e-16
416.26,-2.0807384086575685e-13,-4.0413967223166493e-16
416.27,-2.0804962705684456e-13,-4.04477858937506e-16
416.28,-2.0802560371574916e-13,-4.0399524217025484e-16
416.29,-2.0800162586305023e-13,-4.0463823252833626e-16
416.3,-2.0797724778229658e-13,-4.0422585325401107e-16
416.31,-2.07952955200132e-13,-4.039153597838622e-16
416.32,-2.0792900545633427e-13,-4.0393983066406547e-16
416.33,-2.0790434731762497e-13,-4.037710393752197e-16
416.34,-2.078802674648923e-13,-4.0373183989733436e-16
416.35,-2.0785618254538534e-13,-4.0365172684244173e-16
416.36,-2.078319546156907e-13,-4.035702570888975e-16
416.37,-2.0780814052242616e-13,-4.0364516139272293e-16
416.38,-2.0778381516002734e-13,-4.0395670320879706e-16
416.39,-2.077595377737616e-13,-4.0347521897915135e-16
416.4,-2.0773573363682197e-13,-4.0348289293352603e-16
416.41,-2.0771136670248695e-13,-4.033448379329331e-16
416.42,-2.0768718119009318e-13,-4.032638433030279e-16
416.43,-2.076630559313726e-13,-4.033641320050703e-16
416.44,-2.0763896468252288e-13,-4.0319842125635276e-16
416.45,-2.0761534896719268e-13,-4.033365640637317e-16
416.46,-2.0758973165733435e-13,-4.031488182069972e-16
416.47,-2.075674110597761e-13,-4.0368955888299444e-16
416.48,-2.075417287093657e-13,-4.0298731677740904e-16
416.49,-2.0751826718902268e-13,-4.028856855414525e-16
416.5,-2.0749398543546376e-13,-4.0288120665259904e-16
416.51,-2.0747009104484684e-13,-4.028991090240668e-16
416.52,-2.074461416272482e-13,-4.0283823065141607e-16
416.53,-2.0742183216846314e-13,-4.027181310958881e-16
416.54,-2.0739720736380183e-13,-4.0281978638138207e-16
416.55,-2.073744478732791e-13,-4.026209737526719e-16
416.56,-2.0735112472810707e-13,-4.038959098909231e-16
416.57,-2.0732559370262997e-13,-4.026494239462302e-16
416.58,-2.073014096981103e-13,-4.025252021226884e-16
416.59,-2.0727733616171096e-13,-4.024128266064168e-16
416.6,-2.0725308356718625e-13,-4.0234001591831066e-16
416.61,-2.0722878256572997e-13,-4.0198523170251194e-16
416.62,-2.0720501437186576e-13,-4.0223032836537476e-16
416.63,-2.0718085563497076e-13,-4.022840376248813e-16
416.64,-2.0715696484346792e-13,-4.0237036444710347e-16
416.65,-2.0713521488661845e-13,-4.029495218534345e-16
416.66,-2.0710861598938328e-13,-4.0202981539232255e-16
416.67,-2.0708483190996058e-13,-4.020287862040883e-16
416.68,-2.070606083950125e-13,-4.019445737750966e-16
416.69,-2.070366014450895e-13,-4.0180007902646313e-16
416.7,-2.0701275852708014e-13,-4.018191258695983e-16
416.71,-2.0698865774950676e-13,-4.01714776817905e-16
416.72,-2.0696407935591267e-13,-4.0157281520233915e-16
416.73,-2.0694041721295924e-13,-4.0150876971896654e-16
416.74,-2.0691667446436124e-13,-4.0101607335454676e-16
416.75,-2.0689249600300145e-13,-4.015692447816732e-16
416.76,-2.0686849746989404e-13,-4.0151741780348794e-16
416.77,-2.0684435639875394e-13,-4.014251556800326e-16
416.78,-2.0682055624846215e-13,-4.015001617136724e-16
416.79,-2.0679602533719983e-13,-4.0112821162272056e-16
416.8,-2.067723349628907e-13,-4.0129412307537144e-16
416.81,-2.0674840218709988e-13,-4.013293340897083e-16
416.82,-2.067244709174265e-13,-4.0119874988375984e-16
416.83,-2.067007761297653e-13,-4.0091984875733635e-16
416.84,-2.0667653637593776e-13,-4.0100343328141966e-16
416.85,-2.0665174767311941e-13,-4.00848230694212e-16
416.86,-2.0662815341606715e-13,-4.0085950150428597e-16
416.87,-2.0660446041345826e-13,-4.0099332791352303e-16
416.88,-2.06580606861869e-13,-4.00916813290442e-16
416.89,-2.0655621215865778e-13,-4.0077715312600293e-16
416.9,-2.0653249312142301e-13,-4.004239917414647e-16
416.91,-2.0650880436796131e-13,-4.006439529299732e-16
416.92,-2.0648412182086466e-13,-4.0065123565170076e-16
416.93,-2.0646030270130345e-13,-4.0068821531692165e-16
416.94,-2.0643675570167836e-13,-4.0051623349841967e-16
416.95,-2.064118951981715e-13,-4.0036389046410945e-16
416.96,-2.063883114313404e-13,-4.0036658320396627e-16
416.97,-2.0636449731184728e-13,-4.0036297551716786e-16
416.98,-2.0634024152367713e-13,-4.001874662719556e-16
416.99,-2.0631649600693682e-13,-4.0048785517621897e-16
417.0,-2.0629284183958462e-13,-4.0020714932763336e-16
417.01,-2.0626901903820974e-13,-4.002177110019246e-16
417.02,-2.062454360691435e-13,-4.0019858654381083e-16
417.03,-2.0622096456490484e-13,-3.9997296013749104e-16
417.04,-2.0619669076835054e-13,-3.9991108219361695e-16
417.05,-2.0617319869936277e-13,-3.9985462144549323e-16
417.06,-2.0614896598194226e-13,-3.998601732227064e-16
417.07,-2.0612505128683476e-13,-4.000855100545759e-16
417.08,-2.0610363159418092e-13,-4.0039578199851933e-16
417.09,-2.0607727928297067e-13,-3.9979538442276543e-16
417.1,-2.060532713975182e-13,-3.9940781462766723e-16
417.11,-2.0602944095539238e-13,-3.9957931727929896e-16
417.12,-2.060060391871559e-13,-3.9961577811232975e-16
417.13,-2.0598138539498457e-13,-3.993727571423711e-16
417.14,-2.0595804336115697e-13,-3.995021954608894e-16
417.15,-2.0593404845104705e-13,-3.9938521696995676e-16
417.16,-2.059100395083868e-13,-3.9932077912306456e-16
417.17,-2.0588773075183176e-13,-3.994348917629695e-16
417.18,-2.058629540969411e-13,-3.9938264365365855e-16
417.19,-2.0583856912119797e-13,-3.9897540511770107e-16
417.2,-2.058145524976676e-13,-3.9925452368497085e-16
417.21,-2.0579055036092821e-13,-3.9904778126034852e-16
417.22,-2.0576653359264437e-13,-3.990068800700155e-16
417.23,-2.0574316425922108e-13,-3.9908018064076577e-16
417.24,-2.0571897815204846e-13,-3.9891277330525713e-16
417.25,-2.0569514606027617e-13,-3.988542961309002e-16
417.26,-2.0567057594643864e-13,-3.9841076425795213e-16
417.27,-2.056473926682428e-13,-3.9903144487451144e-16
417.28,-2.0562374223433055e-13,-3.9860966036874957e-16
417.29,-2.0559946382219903e-13,-3.986194252813591e-16
417.3,-2.0557575092482416e-13,-3.985845455057643e-16
417.31,-2.0555190462837262e-13,-3.985695510998587e-16
417.32,-2.0552743033546456e-13,-3.9840129873402846e-16
417.33,-2.055042108771407e-13,-3.9847693263097534e-16
417.34,-2.054803165164466e-13,-3.9845314473693843e-16
417.35,-2.0545684797519365e-13,-3.983795468280809e-16
417.36,-2.0543219170887084e-13,-3.9798901774581997e-16
417.37,-2.054087240169466e-13,-3.9811794745792115e-16
417.38,-2.0538453952578342e-13,-3.977585737944869e-16
417.39,-2.0536131701414288e-13,-3.9813324276569637e-16
417.4,-2.0533813034468628e-13,-3.981972694668434e-16
417.41,-2.0531297496819506e-13,-3.9821398273680676e-16
417.42,-2.0528916615281598e-13,-3.9794579371520355e-16
417.43,-2.0526596070905475e-13,-3.9789123286868476e-16
417.44,-2.0524259913323965e-13,-3.9786727767634585e-16
417.45,-2.05215555843214e-13,-3.969712142546408e-16
417.46,-2.0519491486975804e-13,-3.978820590885382e-16
417.47,-2.0517068679520997e-13,-3.9749779318575763e-16
417.48,-2.0514718882603114e-13,-3.976259932389125e-16
417.49,-2.0512399940138337e-13,-3.977412887596015e-16
417.5,-2.0510017946444993e-13,-3.9785575979182685e-16
417.51,-2.0507574077129302e-13,-3.974254601631864e-16
417.52,-2.0505185729797713e-13,-3.973949720128465e-16
417.53,-2.0502798803226968e-13,-3.971700709584154e-16
417.54,-2.0500527677179018e-13,-3.9764688145764365e-16
417.55,-2.0498057339875454e-13,-3.970918778848945e-16
417.56,-2.0495665879098444e-13,-3.972390987489999e-16
417.57,-2.0493320896432543e-13,-3.9716334301298236e-16
417.58,-2.0490917991939892e-13,-3.9703676192163453e-16
417.59,-2.0488597126020623e-13,-3.971870820591199e-16
417.6,-2.048617073897443e-13,-3.9707483129691073e-16
417.61,-2.048380874095721e-13,-3.9688358146636596e-16
417.62,-2.0481312518308906e-13,-3.9627192930375336e-16
417.63,-2.0479046339561574e-13,-3.965011826859491e-16
417.64,-2.0476716538728405e-13,-3.967766348266122e-16
417.65,-2.047432437333413e-13,-3.9663741320610214e-16
417.66,-2.0471896695961169e-13,-3.964132024188659e-16
417.67,-2.04695762469313e-13,-3.9665198370491274e-16
417.68,-2.0467153349599807e-13,-3.96494203220781e-16
417.69,-2.0464816305216342e-13,-3.965547088815535e-16
417.7,-2.0462422251702292e-13,-3.964330241374162e-16
417.71,-2.0460127004862785e-13,-3.9655997435923884e-16
417.72,-2.0457742239769297e-13,-3.964595840237498e-16
417.73,-2.0455314930211783e-13,-3.9617299677060337e-16
417.74,-2.0452971800641143e-13,-3.9620213178631726e-16
417.75,-2.0450602776526275e-13,-3.961625724089836e-16
417.76,-2.0448332982152624e-13,-3.9660471955107037e-16
417.77,-2.0445871117213544e-13,-3.959772841293422e-16
417.78,-2.0443503197255127e-13,-3.9604004595025875e-16
417.79,-2.0441144388344453e-13,-3.9598473469940496e-16
417.8,-2.0438722468734101e-13,-3.9571770983349643e-16
417.81,-2.0436411240782265e-13,-3.9600056417842486e-16
417.82,-2.043401145360134e-13,-3.958055187593097e-16
417.83,-2.043170377599622e-13,-3.9592297160214977e-16
417.84,-2.0429251926674499e-13,-3.959070465282001e-16
417.85,-2.042699701211276e-13,-3.9583369631938785e-16
417.86,-2.0424527236253738e-13,-3.956302251771437e-16
417.87,-2.0422185372998931e-13,-3.9549906753984895e-16
417.88,-2.0419782950161803e-13,-3.953125609950944e-16
417.89,-2.0417390041930954e-13,-3.9530226447420017e-16
417.9,-2.0415097783305997e-13,-3.9529651492331677e-16
417.91,-2.0412720367451148e-13,-3.953143890227088e-16
417.92,-2.0410362789393003e-13,-3.9525757679204036e-16
417.93,-2.0408035287090566e-13,-3.952205352337332e-16
417.94,-2.0405631451693238e-13,-3.949734226944072e-16
417.95,-2.0403268523796514e-13,-3.951954923039809e-16
417.96,-2.0400984908678702e-13,-3.95200520962747e-16
417.97,-2.0398523005794206e-13,-3.95142178221352e-16
417.98,-2.0396182696322023e-13,-3.9497505492546927e-16
417.99,-2.0393808705851713e-13,-3.9483265449161604e-16
418.0,-2.0391468827318786e-13,-3.94909280796716e-16
418.01,-2.038903098182124e-13,-3.9459214090558755e-16
418.02,-2.038672219126002e-13,-3.9470535484125023e-16
418.03,-2.038436098018754e-13,-3.9458936964526427e-16
418.04,-2.038201931648451e-13,-3.946871936561172e-16
418.05,-2.0379637769097679e-13,-3.945528534205451e-16
418.06,-2.0377313145812714e-13,-3.945626484746587e-16
418.07,-2.0374894180407794e-13,-3.943027768709851e-16
418.08,-2.037255229942429e-13,-3.9426279591359974e-16
418.09,-2.0370234288457947e-13,-3.943707411680088e-16
418.1,-2.0367842068530485e-13,-3.9427412639924927e-16
418.11,-2.0365492696220442e-13,-3.9428152731281917e-16
418.12,-2.036311625008478e-13,-3.9409649337680285e-16
418.13,-2.036076085177509e-13,-3.941006608325859e-16
418.14,-2.0358405388067376e-13,-3.9414385575304334e-16
418.15,-2.0356052049593832e-13,-3.940213788786672e-16
418.16,-2.035369323802634e-13,-3.938989325299496e-16
418.17,-2.0351354577930874e-13,-3.940596243059095e-16
418.18,-2.034898677067039e-13,-3.937771394550728e-16
418.19,-2.0346637568077188e-13,-3.9381007834303116e-16
418.2,-2.034428101852307e-13,-3.9374698608327715e-16
418.21,-2.0341908859267013e-13,-3.936414841085206e-16
418.22,-2.033957245396059e-13,-3.93682030202783e-16
418.23,-2.0337216667270488e-13,-3.9359864960489554e-16
418.24,-2.033488251483274e-13,-3.9350035886203045e-16
418.25,-2.033252364718392e-13,-3.9355282390349245e-16
418.26,-2.0330159799732477e-13,-3.9342989221378833e-16
418.27,-2.032782110488397e-13,-3.93370238714285e-16
418.28,-2.0325476150862367e-13,-3.934362041656009e-16
418.29,-2.032311323450188e-13,-3.933030276531219e-16
418.3,-2.032074810317059e-13,-3.931539348622219e-16
418.31,-2.0318375247223267e-13,-3.930823681465016e-16
418.32,-2.0316022413848836e-13,-3.9302670836127064e-16
418.33,-2.0313706203020766e-13,-3.93118203231839e-16
418.34,-2.0311329625079488e-13,-3.9292012322841026e-16
418.35,-2.0308956706371407e-13,-3.929234559236159e-16
418.36,-2.0306646978840214e-13,-3.929326406301761e-16
418.37,-2.0304298189736265e-13,-3.929988742986451e-16
418.38,-2.0301950734517155e-13,-3.9287319477755757e-16
418.39,-2.0299592057421907e-13,-3.926365709621628e-16
418.4,-2.0297216813557553e-13,-3.9250255644867605e-16
418.41,-2.0294882398936675e-13,-3.9251722167747675e-16
418.42,-2.0292570495414303e-13,-3.9267164901854307e-16
418.43,-2.0290143443913663e-13,-3.9204816540245333e-16
418.44,-2.0287807311386997e-13,-3.92491993457886e-16
418.45,-2.0285518380098702e-13,-3.9255755790945003e-16
418.46,-2.0283172684476298e-13,-3.923666706632213e-16
418.47,-2.0280800607305386e-13,-3.9232071230876276e-16
418.48,-2.0278451823442273e-13,-3.920251309033101e-16
418.49,-2.0276141434986218e-13,-3.922544931702281e-16
418.5,-2.0273754183055157e-13,-3.922116229628913e-16
418.51,-2.0271417498549118e-13,-3.921713872092686e-16
418.52,-2.0268996180549975e-13,-3.9158366795909523e-16
418.53,-2.0266740096631404e-13,-3.9192722895941244e-16
418.54,-2.0264381789088116e-13,-3.919061647898223e-16
418.55,-2.0262066494623205e-13,-3.919693541239874e-16
418.56,-2.025968412052848e-13,-3.9176186982831235e-16
418.57,-2.0257362754230966e-13,-3.91759980869709e-16
418.58,-2.0254978977546596e-13,-3.9141761859976863e-16
418.59,-2.0252681105532595e-13,-3.9174028854982904e-16
418.6,-2.0250347247873212e-13,-3.9159708957623075e-16
418.61,-2.0247929073171698e-13,-3.9151189711522814e-16
418.62,-2.024561416615549e-13,-3.9147004555465606e-16
418.63,-2.0243297862713413e-13,-3.9134324857461415e-16
418.64,-2.0240946956351574e-13,-3.9132380511593146e-16
418.65,-2.023853908185831e-13,-3.910135079618253e-16
418.66,-2.0236267801326263e-13,-3.9123539410517483e-16
418.67,-2.0233948064377542e-13,-3.912566432136247e-16
418.68,-2.0231571296495554e-13,-3.9114102026440453e-16
418.69,-2.0229281861581246e-13,-3.9119331930931855e-16
418.7,-2.0226899825451394e-13,-3.908631652037304e-16
418.71,-2.022459620860323e-13,-3.910240422352997e-16
418.72,-2.0222233782458595e-13,-3.9093675501927965e-16
418.73,-2.02199149232976e-13,-3.9090157737871477e-16
418.74,-2.02175801869025e-13,-3.9091854127740687e-16
418.75,-2.0215260191500525e-13,-3.907725573342563e-16
418.76,-2.021289084054886e-13,-3.907560869909768e-16
418.77,-2.0210559086904066e-13,-3.90750755968764e-16
418.78,-2.0208211409066033e-13,-3.905877024794698e-16
418.79,-2.0205920325055876e-13,-3.9064470155291866e-16
418.8,-2.0203542494674815e-13,-3.904605125063585e-16
418.81,-2.0201235590729559e-13,-3.905203264014972e-16
418.82,-2.0198871306942782e-13,-3.905544831195974e-16
418.83,-2.019654094635066e-13,-3.903549914047171e-16
418.84,-2.019420237888825e-13,-3.9027453049871013e-16
418.85,-2.0191881235477788e-13,-3.9015637668843605e-16
418.86,-2.0189519324940117e-13,-3.900370816587734e-16
418.87,-2.0187336257454746e-13,-3.903317006569749e-16
418.88,-2.0184930954153878e-13,-3.9008478450188625e-16
418.89,-2.018252234040392e-13,-3.899879066724363e-16
418.9,-2.018020084112032e-13,-3.899859245099284e-16
418.91,-2.0177811095247823e-13,-3.899938841348078e-16
418.92,-2.0175540980831765e-13,-3.896356118298105e-16
418.93,-2.0173218092677204e-13,-3.897571470439039e-16
418.94,-2.0170877510078286e-13,-3.896096295855131e-16
418.95,-2.0168550942952324e-13,-3.897887158275662e-16
418.96,-2.016624420925323e-13,-3.895967167001254e-16
418.97,-2.0163896963784151e-13,-3.899054602673868e-16
418.98,-2.0161561815062442e-13,-3.8948516046661776e-16
418.99,-2.0159284005254245e-13,-3.8964357018716485e-16
419.0,-2.015689029781871e-13,-3.891257230053867e-16
419.01,-2.015456522012552e-13,-3.8954610153805207e-16
419.02,-2.0152248559906997e-13,-3.8936507925439466e-16
419.03,-2.0149952366732563e-13,-3.8931449221826566e-16
419.04,-2.0147568290406173e-13,-3.891200701010524e-16
419.05,-2.0145337357277883e-13,-3.8989673866693766e-16
419.06,-2.014288167715128e-13,-3.8922313952483197e-16
419.07,-2.014059187725591e-13,-3.8889605497476896e-16
419.08,-2.013829056096947e-13,-3.890240626600612e-16
419.09,-2.0135934918705257e-13,-3.889188074556386e-16
419.1,-2.0133610760184173e-13,-3.8879181479068347e-16
419.11,-2.0131295630773252e-13,-3.889682645023773e-16
419.12,-2.0128981892316182e-13,-3.8881523805140553e-16
419.13,-2.01266131289401e-13,-3.8853508218811186e-16
419.14,-2.012420382777814e-13,-3.8875644276590626e-16
419.15,-2.012210959218936e-13,-3.887478800331639e-16
419.16,-2.0119681400548587e-13,-3.8860571815864127e-16
419.17,-2.011734779774808e-13,-3.8851302152974884e-16
419.18,-2.0115004621558557e-13,-3.884848414925464e-16
419.19,-2.0112695195900492e-13,-3.884032720455482e-16
419.2,-2.0110368872818545e-13,-3.881621803280094e-16
419.21,-2.0108053481308911e-13,-3.883334741515935e-16
419.22,-2.010573775077449e-13,-3.8814769151005236e-16
419.23,-2.0103404764646168e-13,-3.8810812539619415e-16
419.24,-2.0101050285710272e-13,-3.885012574575783e-16
419.25,-2.0098777312556245e-13,-3.88080273069517e-16
419.26,-2.0096445698912307e-13,-3.8808978646186477e-16
419.27,-2.0094123094131452e-13,-3.8794960201598354e-16
419.28,-2.00918260233698e-13,-3.8808999104446694e-16
419.29,-2.0089493362391605e-13,-3.8776163174727806e-16
419.3,-2.0087163229209678e-13,-3.878333317379679e-16
419.31,-2.008483021675076e-13,-3.8773388719551466e-16
419.32,-2.008249673046336e-13,-3.8787691152395756e-16
419.33,-2.0080139537506332e-13,-3.873435725851318e-16
419.34,-2.0077888732181237e-13,-3.874711629903209e-16
419.35,-2.0075592467662849e-13,-3.8755729077477064e-16
419.36,-2.0073259729443187e-13,-3.875226271638082e-16
419.37,-2.0070962893461413e-13,-3.876442113542912e-16
419.38,-2.0068629970293733e-13,-3.87306075730448e-16
419.39,-2.006630719335418e-13,-3.871558790465875e-16
419.4,-2.0064003641341717e-13,-3.8737428884285483e-16
419.41,-2.0061680496011928e-13,-3.8735708386294696e-16
419.42,-2.0059305771884886e-13,-3.8625233384668825e-16
419.43,-2.0057044961647737e-13,-3.8715632995665336e-16
419.44,-2.0054729538950483e-13,-3.871334187760622e-16
419.45,-2.005239780073664e-13,-3.8706478369444674e-16
419.46,-2.0050102405247666e-13,-3.8721511075724257e-16
419.47,-2.0047798909244697e-13,-3.870326224457613e-16
419.48,-2.004548493388849e-13,-3.867591265675979e-16
419.49,-2.00430960778537e-13,-3.8651532920008816e-16
419.5,-2.0040789209525961e-13,-3.8678964605403293e-16
419.51,-2.0038550555856094e-13,-3.8690855111989004e-16
419.52,-2.0036239722962462e-13,-3.8657861187691685e-16
419.53,-2.0033925410054365e-13,-3.866537745536437e-16
419.54,-2.0031597011211521e-13,-3.865216441474621e-16
419.55,-2.0029259932510285e-13,-3.8640050516133905e-16
419.56,-2.0026970421722363e-13,-3.865843997421291e-16
419.57,-2.0024652329034853e-13,-3.8628389868954296e-16
419.58,-2.0022219676109837e-13,-3.858254666225053e-16
419.59,-2.0020054338316232e-13,-3.865867034368332e-16
419.6,-2.001777526633908e-13,-3.8620301490357343e-16
419.61,-2.00154500903346e-13,-3.862152550993955e-16
419.62,-2.0013093871039017e-13,-3.861120059366632e-16
419.63,-2.0010771089151356e-13,-3.8590198557370793e-16
419.64,-2.0008499680763615e-13,-3.8583265267951616e-16
419.65,-2.000617167672244e-13,-3.8592973138799375e-16
419.66,-2.0003857189556737e-13,-3.8582647325200547e-16
419.67,-2.000160350138091e-13,-3.8558559904219105e-16
419.68,-1.9999234526773052e-13,-3.8573767143936e-16
419.69,-1.9996997046117636e-13,-3.859873144795459e-16
419.7,-1.999463479317034e-13,-3.855816071818122e-16
419.71,-1.999231113493475e-13,-3.856836833027461e-16
419.72,-1.99900089775364e-13,-3.854633028633357e-16
419.73,-1.998769509921087e-13,-3.859686834662588e-16
419.74,-1.9985453652936719e-13,-3.8541099139857165e-16
419.75,-1.998310267276439e-13,-3.853341403555357e-16
419.76,-1.9980702361986291e-13,-3.846738373716496e-16
419.77,-1.997853594554566e-13,-3.851951902421093e-16
419.78,-1.9976197783926206e-13,-3.854112275397572e-16
419.79,-1.997387716536417e-13,-3.85148002397542e-16
419.8,-1.9971580832209012e-13,-3.8543467108693647e-16
419.81,-1.9969287874197006e-13,-3.851422889484795e-16
419.82,-1.9966971836571466e-13,-3.8509182738811756e-16
419.83,-1.9964694707626754e-13,-3.8503616294564034e-16
419.84,-1.996236566460326e-13,-3.8498810351354714e-16
419.85,-1.9960358793926363e-13,-3.8466239648256486e-16
419.86,-1.9957776489646784e-13,-3.8473624759416953e-16
419.87,-1.9955511568560844e-13,-3.847677502271884e-16
419.88,-1.9953171495328624e-13,-3.8482798384479895e-16
419.89,-1.995088076310108e-13,-3.8466066666655327e-16
419.9,-1.994857202664955e-13,-3.846687800821934e-16
419.91,-1.9946252942764703e-13,-3.845243109160286e-16
419.92,-1.994395500897066e-13,-3.8452595359482544e-16
419.93,-1.9941663997177218e-13,-3.8459668220948416e-16
419.94,-1.9939599505555371e-13,-3.8491210733665875e-16
419.95,-1.9937051144932624e-13,-3.8447359449439425e-16
419.96,-1.993475590932641e-13,-3.843252593888576e-16
419.97,-1.9932441667285225e-13,-3.8417481347465353e-16
419.98,-1.9930182951926486e-13,-3.8398707750061244e-16
419.99,-1.9927891505595448e-13,-3.84161049113366e-16
420.0,-1.9925575818297443e-13,-3.839914854920542e-16
420.01,-1.992327489276959e-13,-3.8395707331630756e-16
420.02,-1.9920996722971163e-13,-3.8401831148571976e-16
420.03,-1.9918809253941397e-13,-3.8415634084723467e-16
420.04,-1.9916400134253846e-13,-3.837222762138715e-16
420.05,-1.991414044707731e-13,-3.839516208207475e-16
420.06,-1.9911796720491722e-13,-3.8368102699311705e-16
420.07,-1.9909506267587315e-13,-3.836885014510511e-16
420.08,-1.9907204878934072e-13,-3.8362774988014505e-16
420.09,-1.990490867503849e-13,-3.8370142208956375e-16
420.1,-1.9902611684764384e-13,-3.8340744708678265e-16
420.11,-1.9900284324889e-13,-3.8318103014318763e-16
420.12,-1.9897995758925928e-13,-3.83892360077607e-16
420.13,-1.9895742046329892e-13,-3.833481027193729e-16
420.14,-1.989349748583949e-13,-3.838295876744095e-16
420.15,-1.9891161762750097e-13,-3.8324888594095996e-16
420.16,-1.9888869724280376e-13,-3.8320956113475536e-16
420.17,-1.9886564312849517e-13,-3.8315811600258047e-16
420.18,-1.9884258563209266e-13,-3.829729045214251e-16
420.19,-1.9882004966638074e-13,-3.8303928361746436e-16
420.2,-1.9879692665472056e-13,-3.829537789371783e-16
420.21,-1.9877405226589287e-13,-3.8295553421743685e-16
420.22,-1.9875106177935922e-13,-3.828758685820451e-16
420.23,-1.987293078120992e-13,-3.826921023259256e-16
420.24,-1.9870552454371824e-13,-3.8291035006329295e-16
420.25,-1.9868239631570924e-13,-3.8276140075839073e-16
420.26,-1.986593873684453e-13,-3.825520194919004e-16
420.27,-1.9863683385489026e-13,-3.826548804375578e-16
420.28,-1.9861386130001648e-13,-3.8257400660352953e-16
420.29,-1.9859083505336016e-13,-3.824249385967733e-16
420.3,-1.9856820158763985e-13,-3.825359499761749e-16
420.31,-1.98545457138803e-13,-3.8231498985678815e-16
420.32,-1.985230669231129e-13,-3.8261370346073e-16
420.33,-1.9849930985152827e-13,-3.821664209457981e-16
420.34,-1.9847664175617977e-13,-3.822060076936692e-16
420.35,-1.9845367858242038e-13,-3.821771079715789e-16
420.36,-1.9843090538572057e-13,-3.820730342574543e-16
420.37,-1.9840794501592007e-13,-3.8199556102732774e-16
420.38,-1.9838521316650678e-13,-3.8203173688470186e-16
420.39,-1.9836244428219401e-13,-3.8192359709047035e-16
420.4,-1.9833894734118634e-13,-3.819680150017452e-16
420.41,-1.9831736931648122e-13,-3.8129937267495793e-16
420.42,-1.982935821902337e-13,-3.818312018268551e-16
420.43,-1.9827082234106485e-13,-3.817080165254993e-16
420.44,-1.9824813430593923e-13,-3.817139270994614e-16
420.45,-1.9822520420143952e-13,-3.816167025642511e-16
420.46,-1.9820228572107038e-13,-3.815376505576544e-16
420.47,-1.9817933395668245e-13,-3.814351203507329e-16
420.48,-1.9815652378299788e-13,-3.8171914148514354e-16
420.49,-1.9813386209335982e-13,-3.812482556590533e-16
420.5,-1.9811316827255532e-13,-3.8061898295498716e-16
420.51,-1.980881693247327e-13,-3.812183452889819e-16
420.52,-1.980652936339948e-13,-3.813123128826991e-16
420.53,-1.9804361627173728e-13,-3.8105927036974745e-16
420.54,-1.9801992439494298e-13,-3.812369369120973e-16
420.55,-1.9799721836588664e-13,-3.8106355208525414e-16
420.56,-1.9797422177249562e-13,-3.8097034221560533e-16
420.57,-1.9795139725211608e-13,-3.81078521746511e-16
420.58,-1.979289579632247e-13,-3.8106553058921176e-16
420.59,-1.9790691126847422e-13,-3.800837683681512e-16
420.6,-1.9788306035378977e-13,-3.807307576435718e-16
420.61,-1.9786045529003644e-13,-3.8070301589542423e-16
420.62,-1.9783754988958754e-13,-3.805322984102791e-16
420.63,-1.9781489065119716e-13,-3.806309732898626e-16
420.64,-1.977918165600378e-13,-3.805673639878303e-16
420.65,-1.9776898467470514e-13,-3.8052258344431886e-16
420.66,-1.9774626510497338e-13,-3.8061847842234405e-16
420.67,-1.9772348651049007e-13,-3.8021333070691552e-16
420.68,-1.9769996751707416e-13,-3.8010194985948883e-16
420.69,-1.976782412129888e-13,-3.8039248438872776e-16
420.7,-1.9765544632849535e-13,-3.8025289286811764e-16
420.71,-1.9763253974152278e-13,-3.8021352300447717e-16
420.72,-1.9760995345560472e-13,-3.800330334239049e-16
420.73,-1.9758689379927048e-13,-3.800057761336364e-16
420.74,-1.9756439700613456e-13,-3.800335213310109e-16
420.75,-1.9754201528288096e-13,-3.800166097984296e-16
420.76,-1.9751909864873227e-13,-3.800728741475713e-16
420.77,-1.9749606373031968e-13,-3.796924266793552e-16
420.78,-1.9747370354718958e-13,-3.798867686283721e-16
420.79,-1.9745065551628066e-13,-3.798184841648881e-16
420.8,-1.9742819617354326e-13,-3.798272247210774e-16
420.81,-1.9740550844831133e-13,-3.7969123034921905e-16
420.82,-1.9738269122872098e-13,-3.7963305547011407e-16
420.83,-1.9736007523388178e-13,-3.7961258514181495e-16
420.84,-1.9733647418424932e-13,-3.7946328102573233e-16
420.85,-1.97314795025691e-13,-3.7940924001404914e-16
420.86,-1.9729187991350614e-13,-3.793687875152181e-16
420.87,-1.9726923052181213e-13,-3.7925455935675347e-16
420.88,-1.9724619230315674e-13,-3.791356696065172e-16
420.89,-1.9722348898590775e-13,-3.791537341329893e-16
420.9,-1.972009951899552e-13,-3.791812135977073e-16
420.91,-1.971782762906497e-13,-3.7903931599953017e-16
420.92,-1.9715555177523905e-13,-3.790167470135845e-16
420.93,-1.9713294099068686e-13,-3.792930298236733e-16
420.94,-1.971105222640591e-13,-3.790102729889171e-16
420.95,-1.9708783634380217e-13,-3.7888288619317424e-16
420.96,-1.9706511211077297e-13,-3.7890624382537626e-16
420.97,-1.9704226406414783e-13,-3.788003473096111e-16
420.98,-1.970194203821682e-13,-3.787552368109439e-16
420.99,-1.9699725397873478e-13,-3.78815274107509e-16
421.0,-1.9697428891832023e-13,-3.7863595679042116e-16
421.01,-1.969515431144683e-13,-3.786259792764151e-16
421.02,-1.969299587500193e-13,-3.787517673049163e-16
421.03,-1.969059011653028e-13,-3.784014143796924e-16
421.04,-1.9688356498388568e-13,-3.7825511907561555e-16
421.05,-1.9686113980927658e-13,-3.783656996592103e-16
421.06,-1.9683831706945325e-13,-3.7826254485811167e-16
421.07,-1.968159372514883e-13,-3.783052873576893e-16
421.08,-1.9679314960676843e-13,-3.7821984774140853e-16
421.09,-1.9677073741046128e-13,-3.7822561957061185e-16
421.1,-1.967482968421091e-13,-3.7827328422262016e-16
421.11,-1.9672451535989535e-13,-3.775829183017192e-16
421.12,-1.9670381261602237e-13,-3.784439813507438e-16
421.13,-1.966798687810529e-13,-3.777807276785387e-16
421.14,-1.9665752373567933e-13,-3.777354258509897e-16
421.15,-1.966350219671035e-13,-3.7796105891326427e-16
421.16,-1.966121544298088e-13,-3.777816909947006e-16
421.17,-1.9658976958332466e-13,-3.7775412431061837e-16
421.18,-1.965666691649995e-13,-3.7761659314859733e-16
421.19,-1.965444310427175e-13,-3.7753758532343816e-16
421.2,-1.9652249437712007e-13,-3.7788552431297865e-16
421.21,-1.96499744684888e-13,-3.7780635030301216e-16
421.22,-1.9647666269741746e-13,-3.7746537128813787e-16
421.23,-1.9645423662626267e-13,-3.7751461774851313e-16
421.24,-1.9643148070328148e-13,-3.7741131076041267e-16
421.25,-1.9640872288778968e-13,-3.773102152454832e-16
421.26,-1.9638630494189449e-13,-3.7702170732612243e-16
421.27,-1.9636388413381074e-13,-3.772148495278988e-16
421.28,-1.9634120289954432e-13,-3.7718640641210153e-16
421.29,-1.9631748750119642e-13,-3.771401370890334e-16
421.3,-1.9629633604539273e-13,-3.7682556219761676e-16
421.31,-1.962736768375356e-13,-3.7703604081643804e-16
421.32,-1.962515210894118e-13,-3.7723568879341075e-16
421.33,-1.9622836723107845e-13,-3.7686063463886624e-16
421.34,-1.9620605589235455e-13,-3.7677718140526207e-16
421.35,-1.9618330402053377e-13,-3.764944063480556e-16
421.36,-1.9616145740432855e-13,-3.7678486294188013e-16
421.37,-1.9613837437596504e-13,-3.7674359412925334e-16
421.38,-1.961160616786037e-13,-3.770075678790459e-16
421.39,-1.960936367133717e-13,-3.7592695564719513e-16
421.4,-1.960707555092409e-13,-3.765309441715179e-16
421.41,-1.9604849950050138e-13,-3.7614011127660844e-16
421.42,-1.9602532619439938e-13,-3.76370434299888e-16
421.43,-1.9600262870678701e-13,-3.7632152970398023e-16
421.44,-1.9597996544992015e-13,-3.761678182199497e-16
421.45,-1.9595769675191744e-13,-3.761976335988377e-16
421.46,-1.9593540205055193e-13,-3.761881916763153e-16
421.47,-1.959126872104685e-13,-3.7613474178024385e-16
421.48,-1.9589026487986293e-13,-3.7620781015482894e-16
421.49,-1.9586803376680877e-13,-3.7594897843857567e-16
421.5,-1.958454028131428e-13,-3.7593713678012624e-16
421.51,-1.9582293728704726e-13,-3.758172424630802e-16
421.52,-1.9580037411436164e-13,-3.7585510042233532e-16
421.53,-1.957781429980287e-13,-3.7581215333120335e-16
421.54,-1.9575560058188455e-13,-3.758581393081771e-16
421.55,-1.9573301719253237e-13,-3.7568110988280463e-16
421.56,-1.957104049717876e-13,-3.757488750056666e-16
421.57,-1.9568855476767376e-13,-3.7554570465180985e-16
421.58,-1.9566582020772344e-13,-3.7544952229604426e-16
421.59,-1.9564320438689408e-13,-3.755233161978757e-16
421.6,-1.9562073497221486e-13,-3.7530106602627427e-16
421.61,-1.955984799763077e-13,-3.7545092088937495e-16
421.62,-1.9557566157308332e-13,-3.7517417447922477e-16
421.63,-1.9555309646031436e-13,-3.752855950322563e-16
421.64,-1.9553052360743947e-13,-3.75178710116287e-16
421.65,-1.9550808844273053e-13,-3.749472279968812e-16
421.66,-1.9548566595531452e-13,-3.7516671134397053e-16
421.67,-1.9546343564231708e-13,-3.7506554738295026e-16
421.68,-1.9544095959279404e-13,-3.7501024796083845e-16
421.69,-1.9541864543695306e-13,-3.7492045665582156e-16
421.7,-1.9539658937380464e-13,-3.7501201556036654e-16
421.71,-1.9537322387931986e-13,-3.7475472644661827e-16
421.72,-1.9535130071484837e-13,-3.7467954242312614e-16
421.73,-1.9532911172913263e-13,-3.7479485539111086e-16
421.74,-1.9530666557565567e-13,-3.7487033929565943e-16
421.75,-1.9528383891484755e-13,-3.745526868372955e-16
421.76,-1.9526164983434437e-13,-3.745536853816497e-16
421.77,-1.9523928061578027e-13,-3.7458933535303297e-16
421.78,-1.9521662121056222e-13,-3.7463120353150645e-16
421.79,-1.9519391080113714e-13,-3.7429022130779784e-16
421.8,-1.9517205539855568e-13,-3.744295007291892e-16
421.81,-1.951491430418096e-13,-3.7418954253794643e-16
421.82,-1.9512708973445912e-13,-3.7426267246069506e-16
421.83,-1.9510546265101074e-13,-3.742460952029655e-16
421.84,-1.950827871688663e-13,-3.7430267293807186e-16
421.85,-1.950598442435529e-13,-3.7412307861830755e-16
421.86,-1.9503757202525198e-13,-3.7397838069598896e-16
421.87,-1.9501509454013947e-13,-3.7405476716738736e-16
421.88,-1.949928522872468e-13,-3.7394603239677964e-16
421.89,-1.9497040834714462e-13,-3.7393042056318995e-16
421.9,-1.949475878577742e-13,-3.7375107690585665e-16
421.91,-1.949260968078964e-13,-3.737670124143761e-16
421.92,-1.9490271845377477e-13,-3.736709643185844e-16
421.93,-1.9488075754743002e-13,-3.7358439814976525e-16
421.94,-1.948589126248038e-13,-3.7369949250390326e-16
421.95,-1.94836071952717e-13,-3.7356096093968487e-16
421.96,-1.9481423578220093e-13,-3.7357887388606115e-16
421.97,-1.9479167337279591e-13,-3.7347080282544386e-16
421.98,-1.947690424418386e-13,-3.7332521940020674e-16
421.99,-1.9474658342746877e-13,-3.733958909075157e-16
422.0,-1.9472395838181823e-13,-3.731607187561526e-16
422.01,-1.9470244560140847e-13,-3.7338770053409326e-16
422.02,-1.9467970708825833e-13,-3.7318725486388423e-16
422.03,-1.9465746637848475e-13,-3.731651444444983e-16
422.04,-1.9463507106907327e-13,-3.7308532309994377e-16
422.05,-1.9461270063173201e-13,-3.7300263129345595e-16
422.06,-1.9459014511855534e-13,-3.73007191483748e-16
422.07,-1.9456816696358056e-13,-3.7294679337961364e-16
422.08,-1.945456394593147e-13,-3.7289477041845986e-16
422.09,-1.9452335629232836e-13,-3.728487998842807e-16
422.1,-1.945010705418132e-13,-3.727777886583973e-16
422.11,-1.9447877020824328e-13,-3.7270243972578517e-16
422.12,-1.9445651325348426e-13,-3.7270455187728143e-16
422.13,-1.9443414236252491e-13,-3.7265840434720657e-16
422.14,-1.9441196042283543e-13,-3.7258941320926613e-16
422.15,-1.9438972095672358e-13,-3.7255818708523657e-16
422.16,-1.9436758774200872e-13,-3.724881771117455e-16
422.17,-1.943449451205138e-13,-3.7224991748730797e-16
422.18,-1.9432289288897764e-13,-3.7240064551746995e-16
422.19,-1.9430023471545684e-13,-3.723157494811877e-16
422.2,-1.9427840552116845e-13,-3.7241520140814627e-16
422.21,-1.94256119090871e-13,-3.7231558155754877e-16
422.22,-1.9423342322953363e-13,-3.719274565119532e-16
422.23,-1.9421131117913967e-13,-3.7204904841211665e-16
422.24,-1.9418904504208316e-13,-3.7211868550363795e-16
422.25,-1.9416689478381738e-13,-3.7207350106749995e-16
422.26,-1.9414433149797662e-13,-3.718068480917111e-16
422.27,-1.9412208777954961e-13,-3.7182150323191794e-16
422.28,-1.9409941048178491e-13,-3.715762463026999e-16
422.29,-1.9407764481322857e-13,-3.716894704828299e-16
422.3,-1.9405588427089235e-13,-3.7182079784420743e-16
422.31,-1.9403314068992033e-13,-3.7167154416609144e-16
422.32,-1.940107886352102e-13,-3.7155271629393324e-16
422.33,-1.939886868290059e-13,-3.7141002019866565e-16
422.34,-1.9396674082494584e-13,-3.715811076647439e-16
422.35,-1.939440522338553e-13,-3.7146686433810623e-16
422.36,-1.939219765442443e-13,-3.7117028549573816e-16
422.37,-1.938993298542112e-13,-3.71234988569488e-16
422.38,-1.9387739486069835e-13,-3.7116353364979544e-16
422.39,-1.9385577257387662e-13,-3.71428873176289e-16
422.4,-1.9383330761904847e-13,-3.7129832217375754e-16
422.41,-1.9381107560900693e-13,-3.709673848171886e-16
422.42,-1.937880686796724e-13,-3.709351828341862e-16
422.43,-1.9376660543877442e-13,-3.7105895036557653e-16
422.44,-1.9374425218357347e-13,-3.7096060113435453e-16
422.45,-1.9372200425464887e-13,-3.708829474901746e-16
422.46,-1.9370035057520316e-13,-3.7074929953946343e-16
422.47,-1.9367757889350895e-13,-3.707494021497522e-16
422.48,-1.9365585777612403e-13,-3.7089693421733055e-16
422.49,-1.9363349144567502e-13,-3.7064854770497997e-16
422.5,-1.936122633968477e-13,-3.7116750257465807e-16
422.51,-1.9358897555586017e-13,-3.70679381369912e-16
422.52,-1.935663295568339e-13,-3.7042722193673117e-16
422.53,-1.9354435450711487e-13,-3.7053389949597193e-16
422.54,-1.9352247693777381e-13,-3.704618917599883e-16
422.55,-1.9350075751340766e-13,-3.7039397147983987e-16
422.56,-1.9347798377534812e-13,-3.7033407133901945e-16
422.57,-1.9345605473200956e-13,-3.704041916219478e-16
422.58,-1.9343359505771766e-13,-3.7026465644485473e-16
422.59,-1.9341136752949628e-13,-3.7014292305608556e-16
422.6,-1.933896805974164e-13,-3.702534373779244e-16
422.61,-1.933670394779673e-13,-3.7012559100165447e-16
422.62,-1.933449559576696e-13,-3.6967635319685215e-16
422.63,-1.9332260098653204e-13,-3.6971306437029833e-16
422.64,-1.9329952808086294e-13,-3.6926546718186587e-16
422.65,-1.9327859388691973e-13,-3.6993280533093254e-16
422.66,-1.9325644758112608e-13,-3.698056986287421e-16
422.67,-1.9323461229548614e-13,-3.698594570800174e-16
422.68,-1.9321219826945506e-13,-3.6975952976585687e-16
422.69,-1.9318970770376583e-13,-3.6953592803969123e-16
422.7,-1.9316781092016422e-13,-3.696092018025758e-16
422.71,-1.9314618404725193e-13,-3.696990035550642e-16
422.72,-1.9312426033480517e-13,-3.6959904775766145e-16
422.73,-1.9310091040684556e-13,-3.69372829021128e-16
422.74,-1.9307968091055834e-13,-3.695108564695068e-16
422.75,-1.930575498834304e-13,-3.6942938156924203e-16
422.76,-1.930352744204968e-13,-3.691250729545286e-16
422.77,-1.930132635716581e-13,-3.6932973792029516e-16
422.78,-1.9299085692257552e-13,-3.691664249135354e-16
422.79,-1.9296935851467036e-13,-3.694415000563267e-16
422.8,-1.9294673030340317e-13,-3.690969182649314e-16
422.81,-1.9292424042229198e-13,-3.6844005407157537e-16
422.82,-1.9290170816768278e-13,-3.6886370612914293e-16
422.83,-1.9288067888742671e-13,-3.6899269142382483e-16
422.84,-1.9285791904103006e-13,-3.686448817063075e-16
422.85,-1.9283668523533043e-13,-3.6872028703799286e-16
422.86,-1.928143888615069e-13,-3.688064107170727e-16
422.87,-1.927922242741881e-13,-3.687669425581001e-16
422.88,-1.927697561812138e-13,-3.686953775003784e-16
422.89,-1.9274816198895878e-13,-3.687605427223547e-16
422.9,-1.9272418656692657e-13,-3.6850172310525226e-16
422.91,-1.927041919216512e-13,-3.6857153566079117e-16
422.92,-1.9268195110450188e-13,-3.68457277136491e-16
422.93,-1.9265992958476716e-13,-3.6841895941582175e-16
422.94,-1.926383941157689e-13,-3.686179787261598e-16
422.95,-1.9261580687413947e-13,-3.683684912318909e-16
422.96,-1.9259355461201106e-13,-3.6821203790917964e-16
422.97,-1.925714898449182e-13,-3.6828224890598667e-16
422.98,-1.9254954100772505e-13,-3.6803617936391444e-16
422.99,-1.9252656843114972e-13,-3.686212384362499e-16
423.0,-1.925051773652716e-13,-3.6787948705690666e-16
423.01,-1.9248320119664233e-13,-3.6800752326888546e-16
423.02,-1.9246156776820534e-13,-3.6808259997244596e-16
423.03,-1.9243926757109458e-13,-3.679391682263193e-16
423.04,-1.9241753291332692e-13,-3.679567655889677e-16
423.05,-1.9239548224585133e-13,-3.6780260323884235e-16
423.06,-1.9237342382201325e-13,-3.679233865720158e-16
423.07,-1.923510322337989e-13,-3.674871719952142e-16
423.08,-1.9233030581422877e-13,-3.680401263261537e-16
423.09,-1.9230832987308498e-13,-3.6789987549713536e-16
423.1,-1.92285389916032e-13,-3.6760387135837804e-16
423.11,-1.922635790942534e-13,-3.6758220038788236e-16
423.12,-1.9224142872470245e-13,-3.6745122148557833e-16
423.13,-1.9221909459891712e-13,-3.673654735134116e-16
423.14,-1.921974595342007e-13,-3.673291578172681e-16
423.15,-1.9217526009916634e-13,-3.6721704581824875e-16
423.16,-1.9215349251197994e-13,-3.673367372465e-16
423.17,-1.9213130957552815e-13,-3.6739828330075493e-16
423.18,-1.9210914483729992e-13,-3.6730937785253145e-16
423.19,-1.9208690075420148e-13,-3.6690079469126983e-16
423.2,-1.920653619962006e-13,-3.670945891887284e-16
423.21,-1.9204354594383473e-13,-3.669962333926533e-16
423.22,-1.9202126250581553e-13,-3.6680188265705986e-16
423.23,-1.9199958745442765e-13,-3.669523444055853e-16
423.24,-1.9197758683762788e-13,-3.668445212938317e-16
423.25,-1.9195530813656087e-13,-3.6668238945035174e-16
423.26,-1.9193364669832046e-13,-3.667479935348498e-16
423.27,-1.9191226346696563e-13,-3.662600634623006e-16
423.28,-1.9188981510188298e-13,-3.667368807944211e-16
423.29,-1.9186793011419018e-13,-3.6666816064328396e-16
423.3,-1.918457940000463e-13,-3.6653006542733783e-16
423.31,-1.9182399304502686e-13,-3.665784196290491e-16
423.32,-1.9180216474712743e-13,-3.663687540506809e-16
423.33,-1.91779871367424e-13,-3.662693694281454e-16
423.34,-1.9175722667330633e-13,-3.6624397439472427e-16
423.35,-1.9173624871269122e-13,-3.6639542641051247e-16
423.36,-1.9171652997666632e-13,-3.664128352605333e-16
423.37,-1.9169230500626618e-13,-3.661764579226831e-16
423.38,-1.9167045987643893e-13,-3.6612543011458247e-16
423.39,-1.9164827785080216e-13,-3.6597178571538303e-16
423.4,-1.916266262260088e-13,-3.661982237795688e-16
423.41,-1.9160433575223905e-13,-3.659056913725121e-16
423.42,-1.915826092116737e-13,-3.658913923760457e-16
423.43,-1.91560256073288e-13,-3.6546470870681905e-16
423.44,-1.9153882362401977e-13,-3.65856988458433e-16
423.45,-1.9151654735922368e-13,-3.656136534242495e-16
423.46,-1.9149500922281383e-13,-3.6569995485594854e-16
423.47,-1.914732819399027e-13,-3.6575894243848285e-16
423.48,-1.9145132541829759e-13,-3.6546338084949715e-16
423.49,-1.9142915116013584e-13,-3.6553438132932726e-16
423.5,-1.914075679283269e-13,-3.655460697781186e-16
423.51,-1.9138565177857882e-13,-3.6549886343358304e-16
423.52,-1.9136299308020293e-13,-3.648456319370803e-16
423.53,-1.9134200878521744e-13,-3.655943392178424e-16
423.54,-1.9132054114856546e-13,-3.655018990342337e-16
423.55,-1.9129828166586608e-13,-3.6531777001949373e-16
423.56,-1.9127569527759772e-13,-3.650776473780625e-16
423.57,-1.9125438767450994e-13,-3.6522938326865096e-16
423.58,-1.912323679057391e-13,-3.6521381634425934e-16
423.59,-1.9121052556962247e-13,-3.650467612203725e-16
423.6,-1.9118870313659964e-13,-3.6506827617496103e-16
423.61,-1.911673023567978e-13,-3.6471365333690583e-16
423.62,-1.9114481648677357e-13,-3.6479661034523783e-16
423.63,-1.9112328080110328e-13,-3.646253755165994e-16
423.64,-1.9110148931109447e-13,-3.648172192094991e-16
423.65,-1.9107890569877253e-13,-3.647549709331868e-16
423.66,-1.910579708517082e-13,-3.6481149761473167e-16
423.67,-1.9103581623824002e-13,-3.6483915292630525e-16
423.68,-1.9101404501314387e-13,-3.6435049190806383e-16
423.69,-1.9099221375841088e-13,-3.6455868973294144e-16
423.7,-1.9096939156877263e-13,-3.632858521678176e-16
423.71,-1.9094859531610781e-13,-3.6452168206184087e-16
423.72,-1.9092658946492372e-13,-3.643731017217979e-16
423.73,-1.9090495007115049e-13,-3.643610381053314e-16
423.74,-1.9088298815421924e-13,-3.643999138350897e-16
423.75,-1.9086131395847258e-13,-3.642773245954318e-16
423.76,-1.9083971173436107e-13,-3.643384101283895e-16
423.77,-1.9081781663840504e-13,-3.641181133969776e-16
423.78,-1.9079600144691445e-13,-3.6421286777989784e-16
423.79,-1.9077690377070322e-13,-3.653207361885225e-16
423.8,-1.9075268897009213e-13,-3.643373013422661e-16
423.81,-1.9073051250743855e-13,-3.641166553879481e-16
423.82,-1.9070891599970033e-13,-3.6393087669432366e-16
423.83,-1.9068690973718212e-13,-3.638711622609351e-16
423.84,-1.9066518861837094e-13,-3.6385282404488747e-16
423.85,-1.90643425130483e-13,-3.6374774556832143e-16
423.86,-1.9062169332526562e-13,-3.637189984358184e-16
423.87,-1.9059958772392833e-13,-3.6352864240239815e-16
423.88,-1.9057935135285342e-13,-3.643172688748963e-16
423.89,-1.9055600449565667e-13,-3.63326155516283e-16
423.9,-1.9053470031146688e-13,-3.635788319709415e-16
423.91,-1.905128920461647e-13,-3.635589611454049e-16
423.92,-1.9049086051544348e-13,-3.6342822914929737e-16
423.93,-1.9046921015992424e-13,-3.634398951320361e-16
423.94,-1.9044733932857762e-13,-3.6316637677992116e-16
423.95,-1.9042593830543375e-13,-3.633738901333585e-16
423.96,-1.9040388121378522e-13,-3.6301509446846826e-16
423.97,-1.9038165495746382e-13,-3.6350623734978343e-16
423.98,-1.9036067463320762e-13,-3.6333793273843373e-16
423.99,-1.9033864462943077e-13,-3.627585792538197e-16
424.0,-1.9031700028407676e-13,-3.6300923198067925e-16
424.01,-1.9029537624751985e-13,-3.630330064106193e-16
424.02,-1.902737826907716e-13,-3.6285827289838956e-16
424.03,-1.9025185349392183e-13,-3.6300849860578334e-16
424.04,-1.9023025921273276e-13,-3.6287918267505247e-16
424.05,-1.9020859132200682e-13,-3.6284587226480425e-16
424.06,-1.9018664223107708e-13,-3.6286817675454917e-16
424.07,-1.9016495543293862e-13,-3.625814957551007e-16
424.08,-1.9014407332725083e-13,-3.6254472693585683e-16
424.09,-1.9012205964404158e-13,-3.6263762459201474e-16
424.1,-1.900997994036859e-13,-3.6254691104902246e-16
424.11,-1.9007795967972762e-13,-3.62454251514591e-16
424.12,-1.9005665279156512e-13,-3.624841314474726e-16
424.13,-1.9003488605112825e-13,-3.62462739331704e-16
424.14,-1.9001299037781827e-13,-3.624008356537006e-16
424.15,-1.899913887105001e-13,-3.622228688945872e-16
424.16,-1.899696162157542e-13,-3.6221325126528465e-16
424.17,-1.8994724769344997e-13,-3.6168116254089236e-16
424.18,-1.8992618580259812e-13,-3.62000580967379e-16
424.19,-1.8990461190651741e-13,-3.6214296475700083e-16
424.2,-1.898828036076259e-13,-3.619867046110091e-16
424.21,-1.8986129619706296e-13,-3.619187777014991e-16
424.22,-1.898398195785716e-13,-3.619700888735985e-16
424.23,-1.8981774246920546e-13,-3.620166381030128e-16
424.24,-1.8979652244349328e-13,-3.619983532130669e-16
424.25,-1.8977442503270038e-13,-3.6149144686277327e-16
424.26,-1.8975323805021978e-13,-3.6124712218297773e-16
424.27,-1.8973130251576278e-13,-3.619603599598597e-16
424.28,-1.897094281666612e-13,-3.6163095475806104e-16
424.29,-1.8968795164876685e-13,-3.615464294489035e-16
424.3,-1.8966627849771155e-13,-3.6152318005502273e-16
424.31,-1.8964455806981541e-13,-3.6146224013183863e-16
424.32,-1.8962319026261515e-13,-3.615082736839206e-16
424.33,-1.8960181854434286e-13,-3.6163249607882287e-16
424.34,-1.8957960570426447e-13,-3.6111877410927656e-16
424.35,-1.8955664292876107e-13,-3.604349383785695e-16
424.36,-1.895363773648724e-13,-3.612797305336245e-16
424.37,-1.8951505913138744e-13,-3.612281785006912e-16
424.38,-1.8949341896054318e-13,-3.6105995722635066e-16
424.39,-1.8947178974449282e-13,-3.611737346074526e-16
424.4,-1.8944992671426421e-13,-3.610446189143511e-16
424.41,-1.8942859815628793e-13,-3.611150974547905e-16
424.42,-1.8940681874973616e-13,-3.6109546064376727e-16
424.43,-1.8938563434262845e-13,-3.610887984640334e-16
424.44,-1.8936182777457994e-13,-3.5905626868711175e-16
424.45,-1.8934205683500873e-13,-3.609027437019201e-16
424.46,-1.8932075649837562e-13,-3.607220772929108e-16
424.47,-1.8929887568832284e-13,-3.61212001510477e-16
424.48,-1.8927720846838933e-13,-3.606846714912358e-16
424.49,-1.8925560483776115e-13,-3.605160503187895e-16
424.5,-1.8923411860544228e-13,-3.605654724859448e-16
424.51,-1.8921253533271302e-13,-3.6056484241249955e-16
424.52,-1.8919096489353268e-13,-3.6059420036438914e-16
424.53,-1.891676422420707e-13,-3.5981026210721844e-16
424.54,-1.8914776714302054e-13,-3.6042460177844807e-16
424.55,-1.891259957267188e-13,-3.6033457069712905e-16
424.56,-1.891045559330122e-13,-3.6022727897696444e-16
424.57,-1.890832654669775e-13,-3.6030997131110496e-16
424.58,-1.8906130315391797e-13,-3.602967004007e-16
424.59,-1.890399629918489e-13,-3.6023219492183985e-16
424.6,-1.8901928561732241e-13,-3.601888085145207e-16
424.61,-1.8899695535536995e-13,-3.5949640341776027e-16
424.62,-1.88974705772823e-13,-3.6014854933538105e-16
424.63,-1.8895357344725982e-13,-3.5991382585893213e-16
424.64,-1.8893213602552292e-13,-3.6000669962958835e-16
424.65,-1.8891044328044003e-13,-3.598962716787619e-16
424.66,-1.888890202428419e-13,-3.597063876225485e-16
424.67,-1.888675639573908e-13,-3.5973462527711223e-16
424.68,-1.8884626664638122e-13,-3.5981723708865484e-16
424.69,-1.8882400195737924e-13,-3.5972233672181197e-16
424.7,-1.8880257959933177e-13,-3.5957197790006157e-16
424.71,-1.8878113708308532e-13,-3.595721002470375e-16
424.72,-1.8875995448647102e-13,-3.5955312467704283e-16
424.73,-1.8873830788364194e-13,-3.5939987477277464e-16
424.74,-1.8871701337942385e-13,-3.594182435742497e-16
424.75,-1.8869524785435605e-13,-3.593182757974975e-16
424.76,-1.8867399604186272e-13,-3.592702636342949e-16
424.77,-1.8865223885494233e-13,-3.5930990403475934e-16
424.78,-1.8863073745318982e-13,-3.594007112861386e-16
424.79,-1.8860932613287136e-13,-3.5909679082320174e-16
424.8,-1.8858762617322168e-13,-3.5896216723047667e-16
424.81,-1.8856624736646022e-13,-3.5886145006599e-16
424.82,-1.885449581483275e-13,-3.590628154399141e-16
424.83,-1.8852355939450624e-13,-3.5900873906549247e-16
424.84,-1.885018582629841e-13,-3.588683695227716e-16
424.85,-1.8848051683627382e-13,-3.5891381482578633e-16
424.86,-1.8845923183712423e-13,-3.5910771374371953e-16
424.87,-1.8843583074891e-13,-3.5830134083377434e-16
424.88,-1.8841650134765828e-13,-3.589651552009894e-16
424.89,-1.8839407323243998e-13,-3.584730960148958e-16
424.9,-1.8837287626791523e-13,-3.585399101595596e-16
424.91,-1.8835148245302828e-13,-3.5859767704830374e-16
424.92,-1.883302277821318e-13,-3.586361325310971e-16
424.93,-1.883086047553142e-13,-3.5844773478337204e-16
424.94,-1.8828726084830756e-13,-3.584334484073901e-16
424.95,-1.8826562191379617e-13,-3.5829983366088584e-16
424.96,-1.8824411680102686e-13,-3.5769712211699763e-16
424.97,-1.8822297896519445e-13,-3.582029976247446e-16
424.98,-1.8820109503953754e-13,-3.5825455566354554e-16
424.99,-1.881799868640458e-13,-3.5820867999363936e-16
425.0,-1.8815810863669498e-13,-3.5822725048352554e-16
425.01,-1.8813722316488664e-13,-3.58164451410958e-16
425.02,-1.8811553792755088e-13,-3.580296607929728e-16
425.03,-1.880943229263276e-13,-3.5797893200704476e-16
425.04,-1.8807276642470862e-13,-3.579692463294973e-16
425.05,-1.880516494537767e-13,-3.58255223313817e-16
425.06,-1.8803008521467087e-13,-3.5833365856388077e-16
425.07,-1.880083428851276e-13,-3.578880161853232e-16
425.08,-1.8798719586239405e-13,-3.5786262205712667e-16
425.09,-1.8796586204122181e-13,-3.57840621363969e-16
425.1,-1.879442577474087e-13,-3.5764506050712427e-16
425.11,-1.87923125464064e-13,-3.576564536515357e-16
425.12,-1.8790161802738022e-13,-3.5758792552281193e-16
425.13,-1.8787974949679455e-13,-3.5740092334520966e-16
425.14,-1.8785877968211981e-13,-3.5726088936355994e-16
425.15,-1.8783765481069891e-13,-3.5764740841407194e-16
425.16,-1.878157304897564e-13,-3.573451170768398e-16
425.17,-1.8779392237334902e-13,-3.572965128198667e-16
425.18,-1.877730849453646e-13,-3.573496443612435e-16
425.19,-1.8775164701100012e-13,-3.5726215031114505e-16
425.2,-1.8773052530675165e-13,-3.5771352750211824e-16
425.21,-1.8770932595726688e-13,-3.573639768123149e-16
425.22,-1.8768780142219873e-13,-3.5715938555363183e-16
425.23,-1.876666217178717e-13,-3.56916105058572e-16
425.24,-1.8764625139543357e-13,-3.569530888736605e-16
425.25,-1.8762346119855093e-13,-3.5693073326926854e-16
425.26,-1.8760210527435388e-13,-3.5709887707581503e-16
425.27,-1.8758077799521632e-13,-3.5688185090139044e-16
425.28,-1.8755938542005242e-13,-3.5668654260062864e-16
425.29,-1.8753875890678648e-13,-3.565359902111585e-16
425.3,-1.8751680268819021e-13,-3.5675139405195926e-16
425.31,-1.8749534400351634e-13,-3.566095497488145e-16
425.32,-1.874735081840201e-13,-3.563708139641269e-16
425.33,-1.8745357939579945e-13,-3.566058712030462e-16
425.34,-1.874315465865469e-13,-3.565343225662778e-16
425.35,-1.8741032604030936e-13,-3.568570530057733e-16
425.36,-1.8738883763247798e-13,-3.5638152015892057e-16
425.37,-1.8736715049313498e-13,-3.564183569250389e-16
425.38,-1.873462178006076e-13,-3.5627138106900204e-16
425.39,-1.8732496808274605e-13,-3.5645881715909045e-16
425.4,-1.873033929901497e-13,-3.5627465454519385e-16
425.41,-1.8728259750307762e-13,-3.5617899555669365e-16
425.42,-1.8726030042004074e-13,-3.559332526337691e-16
425.43,-1.872393058186185e-13,-3.559410440443266e-16
425.44,-1.872178969285264e-13,-3.560314961764648e-16
425.45,-1.8719681645590879e-13,-3.5597513326000236e-16
425.46,-1.871753950613983e-13,-3.5596725402949386e-16
425.47,-1.871544011311557e-13,-3.5609173613117415e-16
425.48,-1.871328865977288e-13,-3.559440548708389e-16
425.49,-1.8711161094185895e-13,-3.5581830444391404e-16
425.5,-1.8709047420785893e-13,-3.5564199038215364e-16
425.51,-1.8706939446860675e-13,-3.5589949457152637e-16
425.52,-1.8704769497119407e-13,-3.556373819977356e-16
425.53,-1.870263728718788e-13,-3.5555520286669946e-16
425.54,-1.8700513025099735e-13,-3.556251063372781e-16
425.55,-1.8698380921503116e-13,-3.5563185789859385e-16
425.56,-1.8696234812175065e-13,-3.5541313946234003e-16
425.57,-1.8694137833196918e-13,-3.5541485239004127e-16
425.58,-1.8691991449832553e-13,-3.55314048108614e-16
425.59,-1.8689835781725392e-13,-3.5543208784136783e-16
425.6,-1.868774316754883e-13,-3.5520796622191407e-16
425.61,-1.8685643354304986e-13,-3.552864185148451e-16
425.62,-1.8683459646591625e-13,-3.549855263014927e-16
425.63,-1.8681370333484357e-13,-3.5520364304117023e-16
425.64,-1.8679241957741875e-13,-3.5505385250009606e-16
425.65,-1.8677161647890025e-13,-3.5519834509204117e-16
425.66,-1.867502058714337e-13,-3.5498891929313475e-16
425.67,-1.867289620248031e-13,-3.5506493866962877e-16
425.68,-1.8670716930361483e-13,-3.5495450825326337e-16
425.69,-1.8668645678550812e-13,-3.5493191865041926e-16
425.7,-1.8666521114045522e-13,-3.5481629732997143e-16
425.71,-1.8664386889486734e-13,-3.5475478584829243e-16
425.72,-1.8662264201310724e-13,-3.5462544866900705e-16
425.73,-1.866011608680358e-13,-3.546905449198728e-16
425.74,-1.8658014027072974e-13,-3.546998983165376e-16
425.75,-1.8655919606347986e-13,-3.546079161805248e-16
425.76,-1.8653783462156896e-13,-3.5467683116848656e-16
425.77,-1.8651649128220498e-13,-3.54468424467904e-16
425.78,-1.8649516924005112e-13,-3.5445025946387127e-16
425.79,-1.864739108164169e-13,-3.544475909315317e-16
425.8,-1.8645300598722467e-13,-3.543669042206981e-16
425.81,-1.864316474645513e-13,-3.542654076425614e-16
425.82,-1.8641028483634663e-13,-3.543449864880309e-16
425.83,-1.8638936371609014e-13,-3.542422678219317e-16
425.84,-1.8636790113615528e-13,-3.541823936740643e-16
425.85,-1.8634679740291014e-13,-3.541103565885823e-16
425.86,-1.8632577708404746e-13,-3.539315900108768e-16
425.87,-1.8630488588285642e-13,-3.542826988868452e-16
425.88,-1.8628329703882354e-13,-3.5389312804722295e-16
425.89,-1.8626214749832589e-13,-3.539676233635714e-16
425.9,-1.8624100668656827e-13,-3.539446090716321e-16
425.91,-1.8621990390400735e-13,-3.536500931047356e-16
425.92,-1.8619880375199833e-13,-3.537644549117922e-16
425.93,-1.861774732029941e-13,-3.5386815846541326e-16
425.94,-1.861563862802922e-13,-3.53642464200951e-16
425.95,-1.8613516209578665e-13,-3.536525553058993e-16
425.96,-1.8611377484602375e-13,-3.53633305540267e-16
425.97,-1.8609289253922828e-13,-3.5361924543357245e-16
425.98,-1.8607162070153362e-13,-3.535513138439091e-16
425.99,-1.8605033539728045e-13,-3.534437865578689e-16
426.0,-1.8602926055702062e-13,-3.534078975513723e-16
426.01,-1.8600830310616678e-13,-3.5342019130289347e-16
426.02,-1.8598709848602147e-13,-3.5333449148088163e-16
426.03,-1.859658854262265e-13,-3.5334559157923536e-16
426.04,-1.8594488346820742e-13,-3.531770327809239e-16
426.05,-1.8592370076203544e-13,-3.5326527615556495e-16
426.06,-1.8590265431551794e-13,-3.53169007309249e-16
426.07,-1.8588134501313317e-13,-3.531009573768725e-16
426.08,-1.8586018407205634e-13,-3.530555204317823e-16
426.09,-1.858390566170863e-13,-3.52976481220501e-16
426.1,-1.858178576783315e-13,-3.5289423411362743e-16
426.11,-1.8579684902519739e-13,-3.527982364913478e-16
426.12,-1.8577555335746363e-13,-3.5279783518274523e-16
426.13,-1.8575479476266981e-13,-3.5286150952060977e-16
426.14,-1.8573352871774615e-13,-3.5288733695228015e-16
426.15,-1.8571268076688202e-13,-3.529020166049053e-16
426.16,-1.8569146268069446e-13,-3.5263086694330516e-16
426.17,-1.8567022756960685e-13,-3.526461449333282e-16
426.18,-1.8564909088023975e-13,-3.5257594100032724e-16
426.19,-1.8562809985021874e-13,-3.5251264869778564e-16
426.2,-1.856072887990453e-13,-3.524294674288801e-16
426.21,-1.8558597174233691e-13,-3.5248425714924767e-16
426.22,-1.8556525965886399e-13,-3.523752539071393e-16
426.23,-1.8554408756271711e-13,-3.524208551999944e-16
426.24,-1.8552225196329161e-13,-3.522829284263878e-16
426.25,-1.855012926321451e-13,-3.522228943713061e-16
426.26,-1.8548052328636075e-13,-3.5221743821719575e-16
426.27,-1.8545914389656423e-13,-3.521248297408018e-16
426.28,-1.8543839674186633e-13,-3.519847332931255e-16
426.29,-1.8541752430074765e-13,-3.5220870781147576e-16
426.3,-1.853958140573869e-13,-3.5191372658783575e-16
426.31,-1.8537563149598906e-13,-3.519084134765896e-16
426.32,-1.8535393551689788e-13,-3.5190543071125e-16
426.33,-1.8533314465624533e-13,-3.5199248019733353e-16
426.34,-1.8531216882379884e-13,-3.5177632176836463e-16
426.35,-1.8529124987539547e-13,-3.517604171578095e-16
426.36,-1.8526986481076882e-13,-3.519694827047092e-16
426.37,-1.8524839693902547e-13,-3.5156946126064273e-16
426.38,-1.8522781065203366e-13,-3.516280080809475e-16
426.39,-1.8520673078927242e-13,-3.5161824251640777e-16
426.4,-1.85185989233216e-13,-3.51801929201758e-16
426.41,-1.8516510585848281e-13,-3.516810125072528e-16
426.42,-1.8514368377184002e-13,-3.5149939526354374e-16
426.43,-1.8512325349178521e-13,-3.515293834189487e-16
426.44,-1.8510179813972184e-13,-3.514014869082967e-16
426.45,-1.8508055590122455e-13,-3.514219506412001e-16
426.46,-1.8505967146034657e-13,-3.513563991587294e-16
426.47,-1.8503872864634223e-13,-3.51293238036081e-16
426.48,-1.850175423620029e-13,-3.5106175795514203e-16
426.49,-1.849963954290017e-13,-3.510097037705854e-16
426.5,-1.8497549047055445e-13,-3.5104202565082273e-16
426.51,-1.849545975051204e-13,-3.5118899591226614e-16
426.52,-1.8493352286840144e-13,-3.510770074039969e-16
426.53,-1.8491273053059526e-13,-3.509563741066662e-16
426.54,-1.8489158032229994e-13,-3.50966296253734e-16
426.55,-1.8487054332965415e-13,-3.5086840051765498e-16
426.56,-1.8484965472016946e-13,-3.5074412614764214e-16
426.57,-1.8482862672018791e-13,-3.507510985829698e-16
426.58,-1.848072260757853e-13,-3.5078517996389764e-16
426.59,-1.8478653048974754e-13,-3.5067435642649914e-16
426.6,-1.8476562208658247e-13,-3.5055931620468674e-16
426.61,-1.8474439081771396e-13,-3.505099820728616e-16
426.62,-1.8472335519677087e-13,-3.5042270529720393e-16
426.63,-1.847027934758099e-13,-3.5042482652674956e-16
426.64,-1.846816915745324e-13,-3.5044679130265956e-16
426.65,-1.8466068067498897e-13,-3.5029004666061034e-16
426.66,-1.8463898165084585e-13,-3.500588902590771e-16
426.67,-1.8461891974932504e-13,-3.502459845486799e-16
426.68,-1.8459816063488727e-13,-3.5018554836902957e-16
426.69,-1.8457709331228072e-13,-3.502328292663674e-16
426.7,-1.8455617831343298e-13,-3.505387184793221e-16
426.71,-1.845347480733716e-13,-3.5000291980882127e-16
426.72,-1.8451430316873685e-13,-3.5016919967076883e-16
426.73,-1.8449277342098829e-13,-3.498618549216962e-16
426.74,-1.844722993075782e-13,-3.4997693421219117e-16
426.75,-1.8445080958391559e-13,-3.4985679532020477e-16
426.76,-1.8443099609382012e-13,-3.499202047174185e-16
426.77,-1.84409605118069e-13,-3.498862031647671e-16
426.78,-1.8438876875709688e-13,-3.4997610026257707e-16
426.79,-1.8436759946350204e-13,-3.498994255764082e-16
426.8,-1.843466975948025e-13,-3.496716296963899e-16
426.81,-1.8432573117483616e-13,-3.496481999935124e-16
426.82,-1.8430552024728462e-13,-3.493896332368675e-16
426.83,-1.8428387018541712e-13,-3.494563064929858e-16
426.84,-1.8426274497526866e-13,-3.5003034488897244e-16
426.85,-1.8424242213372435e-13,-3.501700671963693e-16
426.86,-1.8422126477243283e-13,-3.4936725258871825e-16
426.87,-1.8420029584639582e-13,-3.4942566406399073e-16
426.88,-1.8417952957003213e-13,-3.493602718710331e-16
426.89,-1.841584744017052e-13,-3.4927153276322713e-16
426.9,-1.8413785090945614e-13,-3.4937143799864907e-16
426.91,-1.8411697986395917e-13,-3.4928141699907803e-16
426.92,-1.8409608636780672e-13,-3.4908297392422876e-16
426.93,-1.8407616267257007e-13,-3.491048654088055e-16
426.94,-1.8405446846742438e-13,-3.4899916561535455e-16
426.95,-1.8403342424379209e-13,-3.490970464905315e-16
426.96,-1.8401234686296376e-13,-3.4903287318065157e-16
426.97,-1.839913259413196e-13,-3.4901367064968095e-16
426.98,-1.8397062275538826e-13,-3.488645322276149e-16
426.99,-1.839497254366518e-13,-3.487239966451649e-16
427.0,-1.839289612772589e-13,-3.4881268293793396e-16
427.01,-1.8390786597287446e-13,-3.485698454049732e-16
427.02,-1.8388674963994548e-13,-3.4870131264645823e-16
427.03,-1.8386648724457426e-13,-3.489288102986794e-16
427.04,-1.8384540248300403e-13,-3.4864483664037625e-16
427.05,-1.8382489991181118e-13,-3.4860774799432876e-16
427.06,-1.8380388446607186e-13,-3.4854261483173204e-16
427.07,-1.8378288696655852e-13,-3.4848125185322775e-16
427.08,-1.8376186017318507e-13,-3.4842523728498954e-16
427.09,-1.8374113921785373e-13,-3.4836341322909895e-16
427.1,-1.8372075700020534e-13,-3.484951103257509e-16
427.11,-1.8369958614835952e-13,-3.4797898258307723e-16
427.12,-1.8367816914502162e-13,-3.481127722193423e-16
427.13,-1.8365781897005607e-13,-3.4831253894371985e-16
427.14,-1.8363712492486994e-13,-3.4810423223964923e-16
427.15,-1.8361642042956734e-13,-3.4806115995764065e-16
427.16,-1.8359534101099687e-13,-3.480079953829384e-16
427.17,-1.8357464259613103e-13,-3.4796500932028143e-16
427.18,-1.8355367124056505e-13,-3.4791559424010266e-16
427.19,-1.8353261935843769e-13,-3.4778647241185334e-16
427.2,-1.8351239551596766e-13,-3.4791194911365725e-16
427.21,-1.8349138332724772e-13,-3.473122355738459e-16
427.22,-1.8347043765932178e-13,-3.4779445427134487e-16
427.23,-1.8344989350677553e-13,-3.477298863517349e-16
427.24,-1.8342899799089924e-13,-3.476197553927765e-16
427.25,-1.8340850166637028e-13,-3.477758779554247e-16
427.26,-1.8338781825006362e-13,-3.476001102677999e-16
427.27,-1.8336642506479376e-13,-3.474504997250287e-16
427.28,-1.8334518153804658e-13,-3.475029990102051e-16
427.29,-1.833249871716666e-13,-3.473807454240365e-16
427.3,-1.8330508739004276e-13,-3.4797751608421007e-16
427.31,-1.8328376569118624e-13,-3.474425993310116e-16
427.32,-1.8326259200222661e-13,-3.4722064009275055e-16
427.33,-1.832418694413894e-13,-3.47185917790427e-16
427.34,-1.83221307584388e-13,-3.472992401800534e-16
427.35,-1.8320053012690925e-13,-3.4718181171166267e-16
427.36,-1.83179703028649e-13,-3.4706047744321175e-16
427.37,-1.8315904788396777e-13,-3.465249083053357e-16
427.38,-1.8313757204094519e-13,-3.467094134551142e-16
427.39,-1.8311694028254526e-13,-3.467272350930809e-16
427.4,-1.8309667395612848e-13,-3.4675888892072478e-16
427.41,-1.8307585126900072e-13,-3.469260487146945e-16
427.42,-1.8305518607365255e-13,-3.4669440575809963e-16
427.43,-1.8303436856900153e-13,-3.468564375692589e-16
427.44,-1.8301367766960377e-13,-3.4672003364751527e-16
427.45,-1.8299293541617658e-13,-3.4672229691201357e-16
427.46,-1.8297133069509324e-13,-3.4613735122524655e-16
427.47,-1.829516480490961e-13,-3.464707939309651e-16
427.48,-1.8293074977307432e-13,-3.467923361768139e-16
427.49,-1.8291028598596957e-13,-3.465471256449643e-16
427.5,-1.8288939208291107e-13,-3.465047940370477e-16
427.51,-1.8286852869595177e-13,-3.4647218999398507e-16
427.52,-1.8284880446529602e-13,-3.4680279340061427e-16
427.53,-1.8282688072202421e-13,-3.4630104847088497e-16
427.54,-1.8280664002313837e-13,-3.463423603338135e-16
427.55,-1.8278631087380271e-13,-3.4582892805430617e-16
427.56,-1.8276472630035238e-13,-3.4601637402050545e-16
427.57,-1.8274448826138202e-13,-3.4622790222276094e-16
427.58,-1.827237251422439e-13,-3.4612647643487287e-16
427.59,-1.827038782761993e-13,-3.462243564548522e-16
427.6,-1.826822025139209e-13,-3.4599483472095716e-16
427.61,-1.8266176503810426e-13,-3.460787455948325e-16
427.62,-1.826410082736087e-13,-3.460477523420688e-16
427.63,-1.8262022208946675e-13,-3.45893445829792e-16
427.64,-1.826007797910947e-13,-3.4421981691654934e-16
427.65,-1.8257902845442835e-13,-3.457948955607725e-16
427.66,-1.8255829925639763e-13,-3.4595873421576343e-16
427.67,-1.825377147693043e-13,-3.4581268952672374e-16
427.68,-1.825169578602117e-13,-3.4576776943512585e-16
427.69,-1.8249613771769047e-13,-3.456288620028549e-16
427.7,-1.8247565670152322e-13,-3.45561936187494e-16
427.71,-1.8245484672842292e-13,-3.455313833433483e-16
427.72,-1.8243418718321263e-13,-3.4556640885483727e-16
427.73,-1.8241501680497034e-13,-3.4700663383341953e-16
427.74,-1.8239311916963192e-13,-3.4535786894721655e-16
427.75,-1.8237204087832982e-13,-3.4550959187345116e-16
427.76,-1.8235154377456935e-13,-3.4541122127861263e-16
427.77,-1.8233076689479462e-13,-3.450561063814774e-16
427.78,-1.8231034552472777e-13,-3.452089786427893e-16
427.79,-1.8228949124206008e-13,-3.451733155151067e-16
427.8,-1.8226901925136523e-13,-3.451397601365482e-16
427.81,-1.8224811403546961e-13,-3.45002351178268e-16
427.82,-1.8222864179319836e-13,-3.456667786795378e-16
427.83,-1.8220694337011588e-13,-3.448566881069578e-16
427.84,-1.82186605435061e-13,-3.4499431365509946e-16
427.85,-1.821659025787761e-13,-3.448899377328751e-16
427.86,-1.8214540564207313e-13,-3.449508007119683e-16
427.87,-1.8212438660107406e-13,-3.44786383630308e-16
427.88,-1.821039660751568e-13,-3.446850095795076e-16
427.89,-1.8208359926586173e-13,-3.447821425382691e-16
427.9,-1.8206241191894857e-13,-3.4475535478652497e-16
427.91,-1.8204203333565946e-13,-3.4480022022999285e-16
427.92,-1.8202147620406706e-13,-3.445023005261909e-16
427.93,-1.8200029599756504e-13,-3.443009162465536e-16
427.94,-1.8198043843479108e-13,-3.445996683836264e-16
427.95,-1.8195974034438664e-13,-3.4441475471557106e-16
427.96,-1.8193916835062421e-13,-3.444555495952004e-16
427.97,-1.819184169845154e-13,-3.4423894600505276e-16
427.98,-1.8189783907663147e-13,-3.4421319684081786e-16
427.99,-1.818775864024396e-13,-3.4419613990462667e-16
428.0,-1.818568802650971e-13,-3.4415468065412443e-16
428.01,-1.8183645398234462e-13,-3.4422344244690953e-16
428.02,-1.8181529899214489e-13,-3.4371473017486005e-16
428.03,-1.817957641023363e-13,-3.4406622248927586e-16
428.04,-1.8177459689776253e-13,-3.440289294665266e-16
428.05,-1.817539970864019e-13,-3.4405087467426117e-16
428.06,-1.817332536992896e-13,-3.4382588825409626e-16
428.07,-1.8171280666979352e-13,-3.439117839782435e-16
428.08,-1.8169197134546782e-13,-3.437219125638418e-16
428.09,-1.8167193284791024e-13,-3.4374271006316503e-16
428.1,-1.8165104344730815e-13,-3.4381706628035317e-16
428.11,-1.8162974155244022e-13,-3.4399237931905538e-16
428.12,-1.816097525717529e-13,-3.4369383280014276e-16
428.13,-1.8158971908215742e-13,-3.4363166460619114e-16
428.14,-1.81569015687316e-13,-3.4357450932989245e-16
428.15,-1.8154876488513482e-13,-3.4360670173826213e-16
428.16,-1.81527705257255e-13,-3.433746272357194e-16
428.17,-1.8150749584777519e-13,-3.43445326190976e-16
428.18,-1.8148702700760965e-13,-3.435408183709117e-16
428.19,-1.8146641730711553e-13,-3.4317571345382145e-16
428.2,-1.8144488688611912e-13,-3.4269342181649455e-16
428.21,-1.8142546356152331e-13,-3.4342160521905087e-16
428.22,-1.8140461480435136e-13,-3.431334851955393e-16
428.23,-1.8138404450716386e-13,-3.430812395212247e-16
428.24,-1.8136370844624482e-13,-3.430281258413142e-16
428.25,-1.8134324528859034e-13,-3.431593772307037e-16
428.26,-1.813226445289118e-13,-3.4307785321555363e-16
428.27,-1.8130257950748113e-13,-3.431872866855312e-16
428.28,-1.8128193846176808e-13,-3.428735646323273e-16
428.29,-1.8126018094717811e-13,-3.4351812071010675e-16
428.3,-1.8124063141517445e-13,-3.429399296220816e-16
428.31,-1.8122038685862751e-13,-3.4290162119747386e-16
428.32,-1.8120033841324462e-13,-3.42929983075551e-16
428.33,-1.8117932877128484e-13,-3.4275105537129006e-16
428.34,-1.811588609790166e-13,-3.4249197786417794e-16
428.35,-1.8113820922478602e-13,-3.425130848152408e-16
428.36,-1.8111775158602434e-13,-3.424568384336753e-16
428.37,-1.8109676829622207e-13,-3.424881500350777e-16
428.38,-1.8107405433448694e-13,-3.4347851712605876e-16
428.39,-1.8105629016959996e-13,-3.423658852549828e-16
428.4,-1.8103543991724094e-13,-3.4239638835995957e-16
428.41,-1.8101517810236685e-13,-3.424441102891459e-16
428.42,-1.8099477161269357e-13,-3.421632444719972e-16
428.43,-1.8097420783620431e-13,-3.422475561025989e-16
428.44,-1.8095404157062538e-13,-3.4223313651562926e-16
428.45,-1.8093403611811737e-13,-3.423439589458523e-16
428.46,-1.8091338709496728e-13,-3.420457882683989e-16
428.47,-1.8089531089823395e-13,-3.4240697419147775e-16
428.48,-1.8087223958849435e-13,-3.4203665408169155e-16
428.49,-1.808517922822899e-13,-3.4194684669669455e-16
428.5,-1.8083145855621002e-13,-3.4191343082804406e-16
428.51,-1.8081095224709337e-13,-3.4183600002419873e-16
428.52,-1.807904203502795e-13,-3.418688623056165e-16
428.53,-1.8077023340984015e-13,-3.4177114283819924e-16
428.54,-1.807493609267079e-13,-3.417097783781072e-16
428.55,-1.8072893490824217e-13,-3.415098570172501e-16
428.56,-1.8070924135003371e-13,-3.420047841120591e-16
428.57,-1.8068838996442958e-13,-3.415599517683879e-16
428.58,-1.8066787764119182e-13,-3.415744694526882e-16
428.59,-1.8064757450145403e-13,-3.4162797268644655e-16
428.6,-1.8062663652092303e-13,-3.415322698814423e-16
428.61,-1.8060616258502354e-13,-3.4143524080944673e-16
428.62,-1.8058598458662202e-13,-3.413092636158612e-16
428.63,-1.8056674008792206e-13,-3.4149643731114426e-16
428.64,-1.8054545665461007e-13,-3.412033900440377e-16
428.65,-1.8052484631489153e-13,-3.4106862648273644e-16
428.66,-1.8050444059867416e-13,-3.411611452439477e-16
428.67,-1.8048422935010535e-13,-3.4140248700332004e-16
428.68,-1.8046339974777665e-13,-3.407728902451725e-16
428.69,-1.8044353457133226e-13,-3.4101408850301243e-16
428.7,-1.8042307397367408e-13,-3.409579486359446e-16
428.71,-1.8040263786970483e-13,-3.409492746611572e-16
428.72,-1.8038203848715913e-13,-3.4063861183580855e-16
428.73,-1.803617796938226e-13,-3.407927446563384e-16
428.74,-1.8034127398392595e-13,-3.408847078976966e-16
428.75,-1.8032136174976419e-13,-3.4102582098579343e-16
428.76,-1.803004788492857e-13,-3.4065336175129296e-16
428.77,-1.8028047706018685e-13,-3.4077066206036534e-16
428.78,-1.8026004190501528e-13,-3.4058638991745205e-16
428.79,-1.8023954495783767e-13,-3.4059704705765615e-16
428.8,-1.8021907323180785e-13,-3.405854928843734e-16
428.81,-1.801989712160303e-13,-3.405209661740733e-16
428.82,-1.8017874674405104e-13,-3.406585719823681e-16
428.83,-1.8015767640456556e-13,-3.40285640418629e-16
428.84,-1.8013776288190273e-13,-3.403160859739125e-16
428.85,-1.8011764842392614e-13,-3.4037502385019025e-16
428.86,-1.8009712987955743e-13,-3.4014345169964205e-16
428.87,-1.8007705374297356e-13,-3.4031468539872437e-16
428.88,-1.8005667927021083e-13,-3.4020092171210665e-16
428.89,-1.8003621945540583e-13,-3.400888832982629e-16
428.9,-1.8001541585045446e-13,-3.40260213866646e-16
428.91,-1.7999569193583033e-13,-3.4001246153179406e-16
428.92,-1.7997505364829428e-13,-3.4015149443561937e-16
428.93,-1.7995479987711842e-13,-3.398394865194525e-16
428.94,-1.7993468193480702e-13,-3.3994282038282344e-16
428.95,-1.799142532451584e-13,-3.3985873218182123e-16
428.96,-1.798938315495152e-13,-3.3986502815713055e-16
428.97,-1.7987315992131236e-13,-3.39706735232937e-16
428.98,-1.79853372668965e-13,-3.3979057760911484e-16
428.99,-1.7983280414994883e-13,-3.394401965874361e-16
429.0,-1.798119249853796e-13,-3.3986709876255666e-16
429.01,-1.7979211760133377e-13,-3.3944828479844277e-16
429.02,-1.7977214587551215e-13,-3.3953771957714463e-16
429.03,-1.7975186412429813e-13,-3.3946441226986984e-16
429.04,-1.7973120512796345e-13,-3.39270112341126e-16
429.05,-1.7971084062931915e-13,-3.391291533673853e-16
429.06,-1.7969097650009186e-13,-3.3921147341698313e-16
429.07,-1.7967055996752254e-13,-3.393153001216976e-16
429.08,-1.7965029518026936e-13,-3.397602103002028e-16
429.09,-1.79629076602879e-13,-3.3887469096989385e-16
429.1,-1.796094712037518e-13,-3.3902458111016065e-16
429.11,-1.7959025365826345e-13,-3.3908028822721086e-16
429.12,-1.7956917808327435e-13,-3.38992172542688e-16
429.13,-1.7954905317029436e-13,-3.3918581848062565e-16
429.14,-1.7952819726946447e-13,-3.3880952859655774e-16
429.15,-1.7950829892945783e-13,-3.3863976419548234e-16
429.16,-1.7948822713177094e-13,-3.388281031354678e-16
429.17,-1.7946841722150822e-13,-3.3896391361692604e-16
429.18,-1.7944759871196332e-13,-3.38550394154294e-16
429.19,-1.794271678740436e-13,-3.3862932152926274e-16
429.2,-1.7940668808965964e-13,-3.3834420657205446e-16
429.21,-1.793868846774609e-13,-3.3865142668870924e-16
429.22,-1.7936645837298423e-13,-3.3864183481670638e-16
429.23,-1.793461923237918e-13,-3.3883059202548564e-16
429.24,-1.7932636006924922e-13,-3.385400644752703e-16
429.25,-1.793059312232847e-13,-3.385227701058815e-16
429.26,-1.7928565828170965e-13,-3.384712079056278e-16
429.27,-1.7926620930640387e-13,-3.3857360378938343e-16
429.28,-1.7924538875864492e-13,-3.381953907690861e-16
429.29,-1.7922505682662429e-13,-3.3818973403400336e-16
429.3,-1.7920467240543836e-13,-3.3816035911139063e-16
429.31,-1.7918449646701214e-13,-3.382777649568021e-16
429.32,-1.791642229604719e-13,-3.381551185410733e-16
429.33,-1.7914422478685422e-13,-3.3813496384758217e-16
429.34,-1.7912389355828514e-13,-3.3804422058041594e-16
429.35,-1.7910385717323261e-13,-3.376805341278897e-16
429.36,-1.790842733290875e-13,-3.379118842848754e-16
429.37,-1.7906335549740268e-13,-3.3788740119019594e-16
429.38,-1.7904324842587945e-13,-3.3784110884314306e-16
429.39,-1.7902258400757869e-13,-3.3765170233345313e-16
429.4,-1.7900262962683155e-13,-3.3766810895450284e-16
429.41,-1.7898246585057837e-13,-3.3770073112022505e-16
429.42,-1.7896218149143576e-13,-3.3762298777007793e-16
429.43,-1.78942015870736e-13,-3.376113811830271e-16
429.44,-1.7892160239486715e-13,-3.3788905419455653e-16
429.45,-1.789018823213373e-13,-3.3767195218374316e-16
429.46,-1.78881518664828e-13,-3.374581570850324e-16
429.47,-1.7886136319683215e-13,-3.37497045198042e-16
429.48,-1.7884116441875586e-13,-3.372875416572465e-16
429.49,-1.7882145761612478e-13,-3.377914568152915e-16
429.5,-1.7880056860009167e-13,-3.3712852237456923e-16
429.51,-1.787804975238965e-13,-3.371231371210301e-16
429.52,-1.7876031701840926e-13,-3.372042061778805e-16
429.53,-1.7874074359232047e-13,-3.369671346867941e-16
429.54,-1.7872060463288893e-13,-3.373711027394883e-16
429.55,-1.786999939943092e-13,-3.3698440417856777e-16
429.56,-1.7868008556271264e-13,-3.372701715573156e-16
429.57,-1.786593849811338e-13,-3.369183327114439e-16
429.58,-1.7864002674935646e-13,-3.3679026936800393e-16
429.59,-1.78619604757721e-13,-3.3689743952529923e-16
429.6,-1.7859942773781456e-13,-3.369056119479969e-16
429.61,-1.7857907046815728e-13,-3.367318519013452e-16
429.62,-1.7855889502688188e-13,-3.366037805741297e-16
429.63,-1.7853905074004647e-13,-3.367827421977198e-16
429.64,-1.785191669578798e-13,-3.3673005859559763e-16
429.65,-1.7849846019557507e-13,-3.3653383827315465e-16
429.66,-1.7847856136116603e-13,-3.3673958183351356e-16
429.67,-1.7845840174304094e-13,-3.365286209200842e-16
429.68,-1.784381742801609e-13,-3.3657417061671696e-16
429.69,-1.7841855194535655e-13,-3.366908933121897e-16
429.7,-1.783982955395539e-13,-3.3612456158109764e-16
429.71,-1.7837784459892524e-13,-3.365215606492708e-16
429.72,-1.783578415816912e-13,-3.3623799363560337e-16
429.73,-1.7833776466761854e-13,-3.362453842517827e-16
429.74,-1.7831756554180034e-13,-3.3605347802597836e-16
429.75,-1.7829767940908153e-13,-3.361889589435443e-16
429.76,-1.782774157550061e-13,-3.360505491117602e-16
429.77,-1.7825725609626052e-13,-3.3599172445438204e-16
429.78,-1.7823783056772028e-13,-3.3616406877241753e-16
429.79,-1.7821712010642752e-13,-3.359746700753582e-16
429.8,-1.7819712314085454e-13,-3.35760691671826e-16
429.81,-1.7817672725069986e-13,-3.3583652370026743e-16
429.82,-1.7815687187279652e-13,-3.3583641399668297e-16
429.83,-1.7813688507144266e-13,-3.3577983345822395e-16
429.84,-1.7811656360865925e-13,-3.357523542768165e-16
429.85,-1.7809648920253146e-13,-3.3561540962608423e-16
429.86,-1.7807655772031898e-13,-3.356784130508667e-16
429.87,-1.7805630962314887e-13,-3.3549901078274207e-16
429.88,-1.7803631615771043e-13,-3.3547400142292e-16
429.89,-1.7801665342433992e-13,-3.355489703871123e-16
429.9,-1.779964380137649e-13,-3.3544798822747177e-16
429.91,-1.779763564291145e-13,-3.3534224742560877e-16
429.92,-1.7795621794728906e-13,-3.352821875653068e-16
429.93,-1.7793625708692544e-13,-3.353282359443252e-16
429.94,-1.7791615970182272e-13,-3.3521310647126435e-16
429.95,-1.778961832078468e-13,-3.3524606396925013e-16
429.96,-1.7787601042550558e-13,-3.3517306878515437e-16
429.97,-1.7785587697681177e-13,-3.350085070373868e-16
429.98,-1.7783600405694724e-13,-3.351069387246169e-16
429.99,-1.7781574083450652e-13,-3.3493808997323013e-16
430.0,-1.7779609991787075e-13,-3.349890663557267e-16
430.01,-1.7777591969858155e-13,-3.3501101613934797e-16
430.02,-1.7775582736804632e-13,-3.349344524519352e-16
430.03,-1.7773595788639092e-13,-3.348804590680202e-16
430.04,-1.7771592553241158e-13,-3.3480385696938433e-16
430.05,-1.7769575255964196e-13,-3.346688161805487e-16
430.06,-1.7767544557740267e-13,-3.347644423992866e-16
430.07,-1.7765564047211826e-13,-3.3468835765230623e-16
430.08,-1.776358946409538e-13,-3.346286888866824e-16
430.09,-1.7761598876112122e-13,-3.346011522448402e-16
430.1,-1.775955422840426e-13,-3.3443495668357885e-16
430.11,-1.7757573136004968e-13,-3.3451025044251477e-16
430.12,-1.7755586435424617e-13,-3.344979958728952e-16
430.13,-1.7753569476271904e-13,-3.3443220838194204e-16
430.14,-1.7751614023350618e-13,-3.345481609316532e-16
430.15,-1.7749558583207517e-13,-3.3421523884908976e-16
430.16,-1.774757370345941e-13,-3.3424343548628927e-16
430.17,-1.7745578477951646e-13,-3.3398176999787193e-16
430.18,-1.7743573073993578e-13,-3.341509743024178e-16
430.19,-1.7741593266462386e-13,-3.34316946413279e-16
430.2,-1.7739532686277558e-13,-3.3391046002312107e-16
430.21,-1.7737538233678932e-13,-3.342114027242038e-16
430.22,-1.7735587457193674e-13,-3.3408754681019086e-16
430.23,-1.773359743667674e-13,-3.340012510375936e-16
430.24,-1.773157337220031e-13,-3.339111627536103e-16
430.25,-1.7729646753059496e-13,-3.338416881886094e-16
430.26,-1.7727613828315762e-13,-3.3387615558884903e-16
430.27,-1.7725601155297366e-13,-3.336746781766614e-16
430.28,-1.772355388876146e-13,-3.335890890987948e-16
430.29,-1.7721579054885578e-13,-3.339115729003962e-16
430.3,-1.77196279303845e-13,-3.3348736603441156e-16
430.31,-1.7717624866798482e-13,-3.3370289576909945e-16
430.32,-1.7715641633186016e-13,-3.3352742568920084e-16
430.33,-1.771367521014483e-13,-3.335839906124039e-16
430.34,-1.7711622990832395e-13,-3.3329847565440296e-16
430.35,-1.7709633987736139e-13,-3.332855020844749e-16
430.36,-1.7707665153180039e-13,-3.3336970432007944e-16
430.37,-1.770564686524333e-13,-3.3322260906339106e-16
430.38,-1.7703677418234471e-13,-3.330817057901893e-16
430.39,-1.7701682084797433e-13,-3.331424170161988e-16
430.4,-1.7699689827662312e-13,-3.3328213530485123e-16
430.41,-1.7697698024760827e-13,-3.3310755398778565e-16
430.42,-1.7695643740622867e-13,-3.331227374034288e-16
430.43,-1.769371519367515e-13,-3.3325382988114035e-16
430.44,-1.7691733257643358e-13,-3.330230927413044e-16
430.45,-1.7689726217528611e-13,-3.3294078780300675e-16
430.46,-1.7687748667835539e-13,-3.3282089651048516e-16
430.47,-1.7685717295244336e-13,-3.327697898585859e-16
430.48,-1.768378505777834e-13,-3.328176875040311e-16
430.49,-1.7681780332125712e-13,-3.327998034316338e-16
430.5,-1.76798155026985e-13,-3.3280339297418196e-16
430.51,-1.7677787505131508e-13,-3.326032234769918e-16
430.52,-1.7675786522257312e-13,-3.326081741255664e-16
430.53,-1.7673801132409597e-13,-3.325347910622093e-16
430.54,-1.7671846296108895e-13,-3.3254110669574253e-16
430.55,-1.7669841139401495e-13,-3.324477845850894e-16
430.56,-1.766785043698553e-13,-3.3234789423242345e-16
430.57,-1.7665840478785372e-13,-3.3235056471686753e-16
430.58,-1.7663908396089477e-13,-3.322739719909134e-16
430.59,-1.7661893688262852e-13,-3.3221732668097516e-16
430.6,-1.7659917213005501e-13,-3.3264619424377544e-16
430.61,-1.7657922535626564e-13,-3.3258503512195593e-16
430.62,-1.7655909014634658e-13,-3.320303087714751e-16
430.63,-1.765391815723561e-13,-3.319814436318273e-16
430.64,-1.7651924123086482e-13,-3.317855245135221e-16
430.65,-1.764994427540097e-13,-3.3196727058269787e-16
430.66,-1.764797937353014e-13,-3.319595460210548e-16
430.67,-1.764608211808915e-13,-3.319833599651807e-16
430.68,-1.7644026124321223e-13,-3.3199520052751326e-16
430.69,-1.7642145516714631e-13,-3.3218138581074376e-16
430.7,-1.7639993426882644e-13,-3.314554553737154e-16
430.71,-1.7638052433216013e-13,-3.3167376940232825e-16
430.72,-1.7636067515538922e-13,-3.315895217643652e-16
430.73,-1.763412845716767e-13,-3.3156091394350535e-16
430.74,-1.7632105456252475e-13,-3.316837732494706e-16
430.75,-1.763011699060372e-13,-3.3151658496093683e-16
430.76,-1.7628128184347267e-13,-3.3159324603240124e-16
430.77,-1.7626151928337823e-13,-3.313773906730489e-16
430.78,-1.7624348570501563e-13,-3.31877383472638e-16
430.79,-1.7622105805938492e-13,-3.312480023659516e-16
430.8,-1.7620219281495946e-13,-3.312399357671164e-16
430.81,-1.761822257661549e-13,-3.312335729310441e-16
430.82,-1.761625256594229e-13,-3.311534646471433e-16
430.83,-1.7614266690498096e-13,-3.311703512747262e-16
430.84,-1.7612285871149126e-13,-3.310949686284221e-16
430.85,-1.761030937647034e-13,-3.3109934715556673e-16
430.86,-1.7608368318769883e-13,-3.310734402321171e-16
430.87,-1.7606262758080526e-13,-3.3057289078048595e-16
430.88,-1.760437373831257e-13,-3.310455309734479e-16
430.89,-1.7602366019006066e-13,-3.307501441194029e-16
430.9,-1.7600392063982348e-13,-3.3081276072918165e-16
430.91,-1.7598431943677967e-13,-3.307592113184368e-16
430.92,-1.7596454287854885e-13,-3.3073356301354727e-16
430.93,-1.759444914957889e-13,-3.3085321931813625e-16
430.94,-1.7592481531579434e-13,-3.306466226973395e-16
430.95,-1.7590540467527897e-13,-3.3054609560474154e-16
430.96,-1.7588575067657592e-13,-3.306347813206208e-16
430.97,-1.7586470999105264e-13,-3.303157873981298e-16
430.98,-1.7584582169699278e-13,-3.3052331538339847e-16
430.99,-1.758260651299e-13,-3.304572853678201e-16
431.0,-1.7580635003183136e-13,-3.3040062136070207e-16
431.01,-1.757865575538629e-13,-3.3034491561676016e-16
431.02,-1.7576690561736644e-13,-3.303869096783255e-16
431.03,-1.757472357075641e-13,-3.302794033233002e-16
431.04,-1.7572728936270136e-13,-3.3032504660219937e-16
431.05,-1.7570746836549318e-13,-3.302261269720545e-16
431.06,-1.7568719516549508e-13,-3.2964694447062266e-16
431.07,-1.7566817668016296e-13,-3.300121476514492e-16
431.08,-1.7564836783015103e-13,-3.2996697147397173e-16
431.09,-1.756285799378796e-13,-3.3004530014687246e-16
431.1,-1.756088196216526e-13,-3.2997973974011947e-16
431.11,-1.7558913541925788e-13,-3.299430263417903e-16
431.12,-1.7556967900256085e-13,-3.2991667991231427e-16
431.13,-1.755495297275862e-13,-3.298250077291006e-16
431.14,-1.7553011687318884e-13,-3.296435408124438e-16
431.15,-1.7550908193958772e-13,-3.2882218342378406e-16
431.16,-1.7549055395095028e-13,-3.296237888954515e-16
431.17,-1.754704441898819e-13,-3.2956263226418437e-16
431.18,-1.7545074308304458e-13,-3.2948356841199453e-16
431.19,-1.7543112388080177e-13,-3.295122550634879e-16
431.2,-1.7541154206209476e-13,-3.2960049940391257e-16
431.21,-1.7539189081587044e-13,-3.29496912867027e-16
431.22,-1.7537280299059947e-13,-3.2919176983007626e-16
431.23,-1.7535218639209593e-13,-3.293347612049736e-16
431.24,-1.7533271715631101e-13,-3.2931069298225763e-16
431.25,-1.7531351856138603e-13,-3.2938348149420427e-16
431.26,-1.7529347024236876e-13,-3.291963095675058e-16
431.27,-1.7527349055666517e-13,-3.291426959116179e-16
431.28,-1.7525402449772314e-13,-3.2916030934108135e-16
431.29,-1.752343484083955e-13,-3.29067868587692e-16
431.3,-1.752147167836972e-13,-3.290641894373874e-16
431.31,-1.7519569951845208e-13,-3.286137871511887e-16
431.32,-1.751747463813569e-13,-3.289184668637529e-16
431.33,-1.7515637288947503e-13,-3.288571616002942e-16
431.34,-1.7513585794540462e-13,-3.2880763440523166e-16
431.35,-1.7511643834083947e-13,-3.287992954072532e-16
431.36,-1.7509662325994559e-13,-3.285970058198155e-16
431.37,-1.7507729651310576e-13,-3.2879699287185792e-16
431.38,-1.7505729266238938e-13,-3.2867030457353407e-16
431.39,-1.7503772901031532e-13,-3.286885907462764e-16
431.4,-1.7501670639765132e-13,-3.2806878991402796e-16
431.41,-1.7499846494602978e-13,-3.2853458910748287e-16
431.42,-1.7497847757272742e-13,-3.2835973821042464e-16
431.43,-1.7495913810086104e-13,-3.2849609237325177e-16
431.44,-1.7493975304886987e-13,-3.2832211732917566e-16
431.45,-1.7491973980235588e-13,-3.283549865746089e-16
431.46,-1.7490099510315445e-13,-3.2832447877341754e-16
431.47,-1.7488062089278327e-13,-3.2817854029160466e-16
431.48,-1.748608724215816e-13,-3.2820859065078956e-16
431.49,-1.7484323642403655e-13,-3.272322126076886e-16
431.5,-1.74822188327541e-13,-3.2828317717312405e-16
431.51,-1.748022006740344e-13,-3.2823981754839377e-16
431.52,-1.7478233367213569e-13,-3.279856626426386e-16
431.53,-1.7476315996176773e-13,-3.280702918801636e-16
431.54,-1.7474288615369544e-13,-3.279172877462167e-16
431.55,-1.7472433048569517e-13,-3.279773057047305e-16
431.56,-1.7470398092287e-13,-3.278731106499617e-16
431.57,-1.7468424953765094e-13,-3.277201146314403e-16
431.58,-1.7466688011311658e-13,-3.272597496426373e-16
431.59,-1.7464515467751267e-13,-3.277476177080915e-16
431.6,-1.7462570136128345e-13,-3.277447860826104e-16
431.61,-1.7460569371158438e-13,-3.276586929033856e-16
431.62,-1.7458645314360024e-13,-3.2762271339944283e-16
431.63,-1.7456657618400338e-13,-3.2757051679972864e-16
431.64,-1.745469846293823e-13,-3.273569493241927e-16
431.65,-1.7452742846546272e-13,-3.2733913202250976e-16
431.66,-1.745077016341696e-13,-3.273630057001373e-16
431.67,-1.7448890634759032e-13,-3.2845053137342325e-16
431.68,-1.7446815063053022e-13,-3.273255185256694e-16
431.69,-1.7444950809243535e-13,-3.2741975704931716e-16
431.7,-1.744290602376942e-13,-3.272619300432762e-16
431.71,-1.7440997519606765e-13,-3.2717308867300046e-16
431.72,-1.7439041285729074e-13,-3.270611760145482e-16
431.73,-1.7437089622422394e-13,-3.271006739313972e-16
431.74,-1.7435141416808162e-13,-3.2710549152275115e-16
431.75,-1.743317216598373e-13,-3.271189386059768e-16
431.76,-1.7431228848737658e-13,-3.273332129044703e-16
431.77,-1.7429270678913494e-13,-3.26940470181818e-16
431.78,-1.7427278826716657e-13,-3.268142173075842e-16
431.79,-1.742535583104458e-13,-3.267806457363534e-16
431.8,-1.7423414361029306e-13,-3.268647998275956e-16
431.81,-1.7421408450985203e-13,-3.2663162715807243e-16
431.82,-1.741944423820708e-13,-3.2645682145246965e-16
431.83,-1.741752294199152e-13,-3.266562141497866e-16
431.84,-1.7415562222433162e-13,-3.2650348079990224e-16
431.85,-1.741364671645729e-13,-3.2650247054002497e-16
431.86,-1.7411665706070067e-13,-3.264949936291902e-16
431.87,-1.7409738941794567e-13,-3.2681842714936374e-16
431.88,-1.7407760196462441e-13,-3.2644131578450545e-16
431.89,-1.7405818750464755e-13,-3.2638746762778953e-16
431.9,-1.740385816362404e-13,-3.264564424079687e-16
431.91,-1.7401904697319342e-13,-3.2616233367944885e-16
431.92,-1.739994999750353e-13,-3.2621611943069714e-16
431.93,-1.7398000825651505e-13,-3.261706160061021e-16
431.94,-1.739609951169135e-13,-3.2617187120822295e-16
431.95,-1.7394089843209632e-13,-3.2609259249736754e-16
431.96,-1.7392081639452144e-13,-3.260892718170569e-16
431.97,-1.7390138639184792e-13,-3.2607035647214444e-16
431.98,-1.7388249282111458e-13,-3.259671092709954e-16
431.99,-1.7386287442505833e-13,-3.2587752317339103e-16
432.0,-1.7384360066327668e-13,-3.258752743279778e-16
432.01,-1.7382394788162346e-13,-3.258055494122928e-16
432.02,-1.7380471689043369e-13,-3.258643341147212e-16
432.03,-1.73785348052138e-13,-3.255918959206726e-16
432.04,-1.737657584175875e-13,-3.25816007746165e-16
432.05,-1.7374673337125356e-13,-3.2635343916089925e-16
432.06,-1.7372636335582167e-13,-3.2562288748252523e-16
432.07,-1.7370749924737593e-13,-3.256985482889715e-16
432.08,-1.736876921380841e-13,-3.255018777447283e-16
432.09,-1.7366835059294005e-13,-3.2549032572207804e-16
432.1,-1.7364869739218206e-13,-3.253359503031991e-16
432.11,-1.736291684939983e-13,-3.2546111019693125e-16
432.12,-1.736099770001075e-13,-3.254877966361912e-16
432.13,-1.7359010696021486e-13,-3.251238232922393e-16
432.14,-1.7357021966768877e-13,-3.2574794093021758e-16
432.15,-1.7355123604049695e-13,-3.252032948651711e-16
432.16,-1.735320128377783e-13,-3.2525607348664973e-16
432.17,-1.7351274095058514e-13,-3.250934841964239e-16
432.18,-1.734928954873714e-13,-3.2506365147345366e-16
432.19,-1.7347339438020932e-13,-3.249616509150768e-16
432.2,-1.7345413892414576e-13,-3.249520927659814e-16
432.21,-1.7343488357624263e-13,-3.2491545752371187e-16
432.22,-1.7341521588113773e-13,-3.2494172332369024e-16
432.23,-1.7339740644999193e-13,-3.259798913785486e-16
432.24,-1.73376516430965e-13,-3.248412969782719e-16
432.25,-1.73356810977486e-13,-3.2453632512434796e-16
432.26,-1.7333795419008516e-13,-3.2481250811459886e-16
432.27,-1.7331826643186336e-13,-3.2474480906365376e-16
432.28,-1.7329802318348505e-13,-3.245537123829981e-16
432.29,-1.7327934933110858e-13,-3.2460376105904636e-16
432.3,-1.7326014619136208e-13,-3.24567183966267e-16
432.31,-1.7324035160545215e-13,-3.245453774269343e-16
432.32,-1.7322320835902092e-13,-3.261015051365422e-16
432.33,-1.7320155081248704e-13,-3.2442703390549215e-16
432.34,-1.7318211579676272e-13,-3.2440797099159254e-16
432.35,-1.7316303894892173e-13,-3.245007409918613e-16
432.36,-1.731434621939677e-13,-3.2423268726710647e-16
432.37,-1.7312376060105537e-13,-3.2410298772046413e-16
432.38,-1.7310434579116123e-13,-3.2403747081741505e-16
432.39,-1.7308524080625002e-13,-3.2368781449148206e-16
432.4,-1.7306527062655985e-13,-3.237460666759251e-16
432.41,-1.7304701037035124e-13,-3.2322929727751273e-16
432.42,-1.7302701115355253e-13,-3.2403028897767666e-16
432.43,-1.7300741281943667e-13,-3.2387829944278727e-16
432.44,-1.7298791193418414e-13,-3.238691894088307e-16
432.45,-1.729686034420993e-13,-3.239017671206002e-16
432.46,-1.7294939622993e-13,-3.2375043427007357e-16
432.47,-1.729299433275283e-13,-3.2380277669573047e-16
432.48,-1.7291142981806553e-13,-3.238203601572044e-16
432.49,-1.7289130586540171e-13,-3.2363113823170945e-16
432.5,-1.7287276984626264e-13,-3.2368143515099054e-16
432.51,-1.728526246255743e-13,-3.235730813553976e-16
432.52,-1.7283294304495128e-13,-3.235018675142879e-16
432.53,-1.7281380103864814e-13,-3.2354067196537645e-16
432.54,-1.7279451417511245e-13,-3.235079714671838e-16
432.55,-1.7277535241158244e-13,-3.234533038528729e-16
432.56,-1.727560655782887e-13,-3.2336236236837625e-16
432.57,-1.7273714785359437e-13,-3.230753268060392e-16
432.58,-1.727170113501009e-13,-3.234328746901757e-16
432.59,-1.7269722903180503e-13,-3.2327277341317954e-16
432.6,-1.7267855633036024e-13,-3.232250244841819e-16
432.61,-1.7265906837335228e-13,-3.2300984838741066e-16
432.62,-1.7263985882759385e-13,-3.2307029239259327e-16
432.63,-1.7262037035993388e-13,-3.2307912623273033e-16
432.64,-1.726011828906688e-13,-3.2297879438902106e-16
432.65,-1.7258192245680244e-13,-3.2309950464940014e-16
432.66,-1.7256250012830264e-13,-3.233420484856893e-16
432.67,-1.72543303400709e-13,-3.2287309345758853e-16
432.68,-1.72524336626328e-13,-3.2322071155791083e-16
432.69,-1.725048661294185e-13,-3.228655199660296e-16
432.7,-1.7248530088178975e-13,-3.227066708076508e-16
432.71,-1.7246600842470247e-13,-3.2278478925938486e-16
432.72,-1.724468339218021e-13,-3.2267580454278476e-16
432.73,-1.7242737674394937e-13,-3.2266056142128655e-16
432.74,-1.724073971884972e-13,-3.2257077958400267e-16
432.75,-1.7238886477623425e-13,-3.2313960656432856e-16
432.76,-1.7236924755196526e-13,-3.2255533702056694e-16
432.77,-1.7234992912909586e-13,-3.2253978497972125e-16
432.78,-1.723309565323351e-13,-3.224371660536801e-16
432.79,-1.7231155494201123e-13,-3.2233125993853203e-16
432.8,-1.7229221577019154e-13,-3.223508416211666e-16
432.81,-1.7227293940785395e-13,-3.223126313207462e-16
432.82,-1.722537033454729e-13,-3.222117418757993e-16
432.83,-1.7223442710253186e-13,-3.2221324805631094e-16
432.84,-1.7221476918539965e-13,-3.219989643859256e-16
432.85,-1.7219607376580593e-13,-3.2230497385551934e-16
432.86,-1.7217709226504737e-13,-3.2214091843372957e-16
432.87,-1.721575696502035e-13,-3.221027693807844e-16
432.88,-1.7213803126803693e-13,-3.220229591788127e-16
432.89,-1.72118700038998e-13,-3.2193577932722203e-16
432.9,-1.7209969156948579e-13,-3.2177535813442696e-16
432.91,-1.7207996999214413e-13,-3.2173125676186825e-16
432.92,-1.7206108127938205e-13,-3.217692863486002e-16
432.93,-1.720422386261168e-13,-3.2203376426346946e-16
432.94,-1.7202205836243565e-13,-3.219224350241135e-16
432.95,-1.7200314954747914e-13,-3.215944260388386e-16
432.96,-1.7198358239664117e-13,-3.2187671673427043e-16
432.97,-1.7196471881749277e-13,-3.2154634676421167e-16
432.98,-1.7194539534727231e-13,-3.2146381356081435e-16
432.99,-1.7192672838016673e-13,-3.216085979684174e-16
433.0,-1.719068936232833e-13,-3.2132867772128956e-16
433.01,-1.718878551029959e-13,-3.213361025630157e-16
433.02,-1.7186776739080364e-13,-3.210685767137448e-16
433.03,-1.718488491777176e-13,-3.2068194479215207e-16
433.04,-1.71829928712007e-13,-3.213553190380787e-16
433.05,-1.7181106760406247e-13,-3.2150631038090893e-16
433.06,-1.7179158810131363e-13,-3.2117879751795595e-16
433.07,-1.7177265096577888e-13,-3.2121367276611126e-16
433.08,-1.71753098200063e-13,-3.2046551142714663e-16
433.09,-1.7173386089238104e-13,-3.210102130060527e-16
433.1,-1.7171471295728242e-13,-3.2106111613881753e-16
433.11,-1.7169526441293916e-13,-3.21110117014761e-16
433.12,-1.7167760163043686e-13,-3.208671374460577e-16
433.13,-1.7165687749881142e-13,-3.208849797672743e-16
433.14,-1.716383883940012e-13,-3.208830432630523e-16
433.15,-1.7161860897170056e-13,-3.207690159443836e-16
433.16,-1.7159941635279841e-13,-3.2060014807822365e-16
433.17,-1.7158017479092332e-13,-3.2052567097958607e-16
433.18,-1.7156113463139305e-13,-3.205743640936478e-16
433.19,-1.7154175448658225e-13,-3.205012710365527e-16
433.2,-1.7152186601370315e-13,-3.2018852662170155e-16
433.21,-1.7150352274065823e-13,-3.205251785466204e-16
433.22,-1.7148456788191116e-13,-3.206340552347492e-16
433.23,-1.7146522078537917e-13,-3.205048546801329e-16
433.24,-1.7144620644580244e-13,-3.2046026596787927e-16
433.25,-1.7142696339620334e-13,-3.202633282035992e-16
433.26,-1.7140823621850898e-13,-3.203635068745123e-16
433.27,-1.7138860081084285e-13,-3.2033141542001253e-16
433.28,-1.713696086081621e-13,-3.202531467004686e-16
433.29,-1.7135010120556367e-13,-3.19799221761711e-16
433.3,-1.7133181672332925e-13,-3.2046959805227105e-16
433.31,-1.7131193733164147e-13,-3.2010543348765353e-16
433.32,-1.7129285143614614e-13,-3.200617917309042e-16
433.33,-1.7127390545705945e-13,-3.1995146678136663e-16
433.34,-1.7125452784833524e-13,-3.2010773655228134e-16
433.35,-1.712356692238369e-13,-3.200396239582466e-16
433.36,-1.7121599310236288e-13,-3.197719311003034e-16
433.37,-1.7119704585187775e-13,-3.198884351382216e-16
433.38,-1.7117790033688915e-13,-3.1965389799980735e-16
433.39,-1.7115857845668671e-13,-3.1965412039490207e-16
433.4,-1.711398684303024e-13,-3.1964183293835173e-16
433.41,-1.711209810580812e-13,-3.1975313808762214e-16
433.42,-1.7110142471062435e-13,-3.1960131579574186e-16
433.43,-1.7108300043431607e-13,-3.198606517310483e-16
433.44,-1.7106351796919054e-13,-3.195707916049299e-16
433.45,-1.710439196434635e-13,-3.19356291337574e-16
433.46,-1.7102507835293154e-13,-3.1945255823836807e-16
433.47,-1.7100608236960083e-13,-3.1969271207950517e-16
433.48,-1.7098647716111974e-13,-3.194331209127268e-16
433.49,-1.7096758428446716e-13,-3.1930646804191313e-16
433.5,-1.7094874586055936e-13,-3.1936110897237247e-16
433.51,-1.7092876647194346e-13,-3.1898595589610573e-16
433.52,-1.7091033036464368e-13,-3.19274926175386e-16
433.53,-1.7089141304303256e-13,-3.191780469004203e-16
433.54,-1.7087207291664344e-13,-3.189978203831715e-16
433.55,-1.708528425601664e-13,-3.1903319648988495e-16
433.56,-1.7083444787930976e-13,-3.1931854773019745e-16
433.57,-1.70814526026633e-13,-3.189547150586219e-16
433.58,-1.707958125680638e-13,-3.1898709702781553e-16
433.59,-1.707766895628769e-13,-3.188608855314033e-16
433.6,-1.7075723261359398e-13,-3.1888776788280417e-16
433.61,-1.7073861988113142e-13,-3.1886719470382356e-16
433.62,-1.707196190456135e-13,-3.1878590376189025e-16
433.63,-1.7070012456547508e-13,-3.1852514293776865e-16
433.64,-1.7068121923470013e-13,-3.1870987037837514e-16
433.65,-1.7066199780055393e-13,-3.185909829009425e-16
433.66,-1.7064298792395205e-13,-3.1857500601644447e-16
433.67,-1.7062391563224732e-13,-3.1854693360855096e-16
433.68,-1.706048913521552e-13,-3.185253815634509e-16
433.69,-1.7058611340450505e-13,-3.1856403014239413e-16
433.7,-1.7056669588778252e-13,-3.1825896278332556e-16
433.71,-1.705478377975006e-13,-3.1822732130233445e-16
433.72,-1.7052844338256802e-13,-3.182350835045222e-16
433.73,-1.7050949071650845e-13,-3.1809168627883804e-16
433.74,-1.7049085839130023e-13,-3.184920273893585e-16
433.75,-1.7047139290148475e-13,-3.180577977610397e-16
433.76,-1.7045270684518277e-13,-3.1814406148926544e-16
433.77,-1.7043338570948143e-13,-3.180785524001636e-16
433.78,-1.7041450971180698e-13,-3.1803934419652397e-16
433.79,-1.7039535654038289e-13,-3.1801163786351146e-16
433.8,-1.7037635392818623e-13,-3.179163066087069e-16
433.81,-1.7035728713627774e-13,-3.178673126088368e-16
433.82,-1.703384840604547e-13,-3.1797910309540747e-16
433.83,-1.7031958075556317e-13,-3.178322575511645e-16
433.84,-1.7030053067201342e-13,-3.179276973244413e-16
433.85,-1.7028120883440415e-13,-3.1771658101280613e-16
433.86,-1.7026232930602714e-13,-3.1775325829377974e-16
433.87,-1.7024342998982464e-13,-3.1774253089282276e-16
433.88,-1.702244981491247e-13,-3.176952607905121e-16
433.89,-1.7020521095237635e-13,-3.1757312959818687e-16
433.9,-1.7018608657926782e-13,-3.175388049519716e-16
433.91,-1.7016733391050251e-13,-3.175492547004283e-16
433.92,-1.7014823776638377e-13,-3.175008620256184e-16
433.93,-1.7012967910561622e-13,-3.1759688435963426e-16
433.94,-1.7011037568075418e-13,-3.174263704425973e-16
433.95,-1.7009126218177652e-13,-3.172794464423963e-16
433.96,-1.700723420071404e-13,-3.1735307323260527e-16
433.97,-1.700534593656307e-13,-3.1733107300996424e-16
433.98,-1.7003414598235007e-13,-3.1725683526160977e-16
433.99,-1.7001541228286857e-13,-3.173342590008591e-16
434.0,-1.6999637152703621e-13,-3.171459360587041e-16
434.01,-1.6997734546120677e-13,-3.167779050978897e-16
434.02,-1.6995834949147918e-13,-3.1699098087743605e-16
434.03,-1.6993976239231112e-13,-3.172877715908071e-16
434.04,-1.69920450075451e-13,-3.1707625349820945e-16
434.05,-1.6990178183544791e-13,-3.1689163313635206e-16
434.06,-1.6988283453591351e-13,-3.1688683021316475e-16
434.07,-1.6986354113078658e-13,-3.1699775919369426e-16
434.08,-1.698449459004524e-13,-3.168877533139735e-16
434.09,-1.698255188506089e-13,-3.1679021188248597e-16
434.1,-1.6980655697433351e-13,-3.1663730108804316e-16
434.11,-1.6978813836696734e-13,-3.1672955902740185e-16
434.12,-1.6976895743206007e-13,-3.167993037829876e-16
434.13,-1.6975000529978355e-13,-3.166053683959303e-16
434.14,-1.6973059634744826e-13,-3.16424258309963e-16
434.15,-1.6971237691182392e-13,-3.166078566811486e-16
434.16,-1.6969303992646495e-13,-3.1637213310582364e-16
434.17,-1.696741646932803e-13,-3.1653835091459874e-16
434.18,-1.696556043209975e-13,-3.1657576766138174e-16
434.19,-1.6963685853855867e-13,-3.1637566354020714e-16
434.2,-1.6961732212919164e-13,-3.1617295060781943e-16
434.21,-1.6959837343952786e-13,-3.1631272923187673e-16
434.22,-1.6958018254268125e-13,-3.162054802684346e-16
434.23,-1.6956105799316274e-13,-3.164652326839396e-16
434.24,-1.695417773058751e-13,-3.162217375461201e-16
434.25,-1.6952254102136638e-13,-3.158526267940159e-16
434.26,-1.6950422596115535e-13,-3.1615293040521614e-16
434.27,-1.6948445858386856e-13,-3.157918905771724e-16
434.28,-1.6946621764519151e-13,-3.1580081192525017e-16
434.29,-1.694471230232246e-13,-3.158601142665942e-16
434.3,-1.6942839639589567e-13,-3.159508423505794e-16
434.31,-1.6940922508315083e-13,-3.1578674895201105e-16
434.32,-1.6939056483044647e-13,-3.1585810335649115e-16
434.33,-1.6937185336055624e-13,-3.157982453649607e-16
434.34,-1.6935290506613578e-13,-3.1568458401111375e-16
434.35,-1.6933388629585774e-13,-3.1569985458793176e-16
434.36,-1.693153058314452e-13,-3.157695275487803e-16
434.37,-1.6929580009784195e-13,-3.15390953441026e-16
434.38,-1.6927704031497476e-13,-3.154850891571736e-16
434.39,-1.692582708912081e-13,-3.154856654060906e-16
434.4,-1.6923943246961386e-13,-3.1553674510083313e-16
434.41,-1.6922036599412384e-13,-3.1534975506056024e-16
434.42,-1.6920140764163127e-13,-3.152243573742263e-16
434.43,-1.6918263734058494e-13,-3.1529140319925117e-16
434.44,-1.6916403148759389e-13,-3.1540990246882446e-16
434.45,-1.691447826709625e-13,-3.153605320550814e-16
434.46,-1.6912603141130874e-13,-3.1541931505632997e-16
434.47,-1.6910737793571228e-13,-3.1518724013593055e-16
434.48,-1.69088605718072e-13,-3.150874526155151e-16
434.49,-1.690695377556518e-13,-3.150781652984029e-16
434.5,-1.6905064308350807e-13,-3.1507286858204327e-16
434.51,-1.6903192729326355e-13,-3.1505918486078536e-16
434.52,-1.6901293696052961e-13,-3.1515285056183594e-16
434.53,-1.6899423152301826e-13,-3.1499329103095543e-16
434.54,-1.6897624954738462e-13,-3.151395549720806e-16
434.55,-1.6895632160889214e-13,-3.144984962071538e-16
434.56,-1.6893741558194474e-13,-3.1464329338295246e-16
434.57,-1.6891890254824915e-13,-3.146699805223265e-16
434.58,-1.6890059367031617e-13,-3.1487640121569797e-16
434.59,-1.688813745624735e-13,-3.145605599693089e-16
434.6,-1.6886233787410655e-13,-3.1463449585080007e-16
434.61,-1.6884323432051888e-13,-3.1453521734939245e-16
434.62,-1.6882471154242444e-13,-3.1466195135892553e-16
434.63,-1.688043011003989e-13,-3.1377272092267254e-16
434.64,-1.687882508670701e-13,-3.148218435116618e-16
434.65,-1.6876820736316371e-13,-3.1441071804133576e-16
434.66,-1.6874948775813548e-13,-3.143459524188833e-16
434.67,-1.6872977724004082e-13,-3.144748465081059e-16
434.68,-1.687119394316233e-13,-3.1437500192799795e-16
434.69,-1.686931695559909e-13,-3.1425772185061633e-16
434.7,-1.686744488336259e-13,-3.1420114782040093e-16
434.71,-1.6865566866438141e-13,-3.141528753332456e-16
434.72,-1.686354858180936e-13,-3.141983009922547e-16
434.73,-1.6861740954602425e-13,-3.139887605299861e-16
434.74,-1.6859904412340968e-13,-3.137698298688544e-16
434.75,-1.6858023366614803e-13,-3.1402999995046e-16
434.76,-1.6856168446780657e-13,-3.142008322980219e-16
434.77,-1.6854269003264434e-13,-3.139317923202726e-16
434.78,-1.6852362606215572e-13,-3.1380535022250193e-16
434.79,-1.6850483807954148e-13,-3.1389475889134577e-16
434.8,-1.6848691118451598e-13,-3.13922536756059e-16
434.81,-1.684680006264732e-13,-3.1379956466326907e-16
434.82,-1.684492962902438e-13,-3.139210184908779e-16
434.83,-1.684301959065503e-13,-3.1367769712985125e-16
434.84,-1.6841141472343227e-13,-3.135588004569375e-16
434.85,-1.683924754600488e-13,-3.136716935555153e-16
434.86,-1.6837368527766768e-13,-3.1348454507487107e-16
434.87,-1.6835520813993287e-13,-3.136541322989006e-16
434.88,-1.6833630736714587e-13,-3.135293833805587e-16
434.89,-1.683176824652048e-13,-3.134045843897103e-16
434.9,-1.6829832638035802e-13,-3.1324671599347265e-16
434.91,-1.6827971188106673e-13,-3.1301090589310495e-16
434.92,-1.6826196840907944e-13,-3.132917648770981e-16
434.93,-1.6824238254528435e-13,-3.1322628732762215e-16
434.94,-1.68223926950537e-13,-3.132709818776931e-16
434.95,-1.6820508435156448e-13,-3.132195732193817e-16
434.96,-1.681862039366179e-13,-3.1304013939267367e-16
434.97,-1.681675943455513e-13,-3.1318453102732593e-16
434.98,-1.6814913460794972e-13,-3.131222577730812e-16
434.99,-1.6812979263135504e-13,-3.128030536683918e-16
435.0,-1.6811243839689738e-13,-3.1290123981832094e-16
435.01,-1.6809270278486584e-13,-3.128992003257117e-16
435.02,-1.680739262882363e-13,-3.1285078037488914e-16
435.03,-1.6805518320406144e-13,-3.1279876808790786e-16
435.04,-1.680364040508436e-13,-3.128814184997229e-16
435.05,-1.6801797005899024e-13,-3.128536585125372e-16
435.06,-1.6799915387610338e-13,-3.1270930365585964e-16
435.07,-1.6797991882649193e-13,-3.124106275550201e-16
435.08,-1.679616030380421e-13,-3.128207931384004e-16
435.09,-1.6794492011426097e-13,-3.1246703327296597e-16
435.1,-1.6792421683890604e-13,-3.125838124986353e-16
435.11,-1.679054888024659e-13,-3.125388070647373e-16
435.12,-1.678867983870968e-13,-3.1239925161013926e-16
435.13,-1.6786832536729158e-13,-3.1257935145413365e-16
435.14,-1.6784916743501657e-13,-3.122655993136654e-16
435.15,-1.6783095116742798e-13,-3.124311393238062e-16
435.16,-1.678134776590415e-13,-3.122989263807835e-16
435.17,-1.6779372892611444e-13,-3.118723249853614e-16
435.18,-1.6777386532452663e-13,-3.1222425116881896e-16
435.19,-1.6775603026530847e-13,-3.120379431075908e-16
435.2,-1.6773755893411938e-13,-3.1225292634465543e-16
435.21,-1.677185745992779e-13,-3.121281765842809e-16
435.22,-1.6770015042077277e-13,-3.1206802717651824e-16
435.23,-1.676813390322724e-13,-3.120555092149771e-16
435.24,-1.6766264526482365e-13,-3.118790744729282e-16
435.25,-1.6764450768973492e-13,-3.115861995581627e-16
435.26,-1.6762538861841486e-13,-3.1198781772284163e-16
435.27,-1.6760725772294842e-13,-3.1206685760474745e-16
435.28,-1.6758802731320893e-13,-3.118063477390058e-16
435.29,-1.6756938801396193e-13,-3.115592311087913e-16
435.3,-1.6755104496466838e-13,-3.117938035557043e-16
435.31,-1.6753193590272017e-13,-3.1162082366889413e-16
435.32,-1.6751319273003282e-13,-3.115887776896869e-16
435.33,-1.6749477561563698e-13,-3.116098050910445e-16
435.34,-1.6747401083336886e-13,-3.106752902184554e-16
435.35,-1.6745737698827903e-13,-3.1148585950055393e-16
435.36,-1.6743877728571697e-13,-3.1151333011287046e-16
435.37,-1.6742033332081601e-13,-3.114901061885027e-16
435.38,-1.6740162841981843e-13,-3.111549441700636e-16
435.39,-1.6738288772217197e-13,-3.112974006262082e-16
435.4,-1.673642728643225e-13,-3.111008801006932e-16
435.41,-1.6734571493401782e-13,-3.1156102133393164e-16
435.42,-1.673272369754185e-13,-3.1131441671881305e-16
435.43,-1.6731232787347972e-13,-3.1137872071674223e-16
435.44,-1.6729001242318468e-13,-3.113008966886504e-16
435.45,-1.6727114936236066e-13,-3.1109444743488987e-16
435.46,-1.6725263709563864e-13,-3.111292014427181e-16
435.47,-1.6723417004510566e-13,-3.112420400953802e-16
435.48,-1.6721557956408834e-13,-3.1102660392979374e-16
435.49,-1.6719692725210577e-13,-3.109352571448068e-16
435.5,-1.6717835664671092e-13,-3.108995216133745e-16
435.51,-1.6715978546917847e-13,-3.109662160669671e-16
435.52,-1.6714289151130036e-13,-3.108328202202532e-16
435.53,-1.6712204732278168e-13,-3.1071516419345937e-16
435.54,-1.6710379425662408e-13,-3.107001163419139e-16
435.55,-1.670854966310034e-13,-3.108422284088096e-16
435.56,-1.670666375034087e-13,-3.1066326038361227e-16
435.57,-1.6704815312229914e-13,-3.10572263666197e-16
435.58,-1.670294996046272e-13,-3.1065976032059346e-16
435.59,-1.6701090540853707e-13,-3.1058232613229297e-16
435.6,-1.6699255031967896e-13,-3.104435554215855e-16
435.61,-1.6697401479553602e-13,-3.110302037960625e-16
435.62,-1.6695497691124675e-13,-3.1025269426309764e-16
435.63,-1.6693670575667596e-13,-3.103082941968687e-16
435.64,-1.669179420278722e-13,-3.102531096029448e-16
435.65,-1.6689943171006656e-13,-3.102581755820832e-16
435.66,-1.6688093525826183e-13,-3.1031957011258836e-16
435.67,-1.6686231983944532e-13,-3.101185549602663e-16
435.68,-1.668437634207292e-13,-3.101029174954975e-16
435.69,-1.6682607279511023e-13,-3.1026965793956466e-16
435.7,-1.6680691750016471e-13,-3.101829208884071e-16
435.71,-1.667880979881687e-13,-3.1008598745741883e-16
435.72,-1.6676954484037732e-13,-3.1010594286115967e-16
435.73,-1.6675099021750302e-13,-3.0992940050612645e-16
435.74,-1.6673243010307364e-13,-3.0983505190737823e-16
435.75,-1.6671429912169579e-13,-3.0992725967128017e-16
435.76,-1.6669543228235207e-13,-3.099656395733489e-16
435.77,-1.6667694060972135e-13,-3.0985964554609496e-16
435.78,-1.6665858791742206e-13,-3.096331256359666e-16
435.79,-1.6664034225340198e-13,-3.0979918975166523e-16
435.8,-1.666214649950112e-13,-3.096824230224662e-16
435.81,-1.6660298996396758e-13,-3.09778960192835e-16
435.82,-1.66584587300304e-13,-3.0972637561696517e-16
435.83,-1.6656595299215179e-13,-3.095998403679498e-16
435.84,-1.6654733069610464e-13,-3.0971256508869655e-16
435.85,-1.6652873957176404e-13,-3.095891760731012e-16
435.86,-1.6651012464940425e-13,-3.0936544195296713e-16
435.87,-1.6649170885735438e-13,-3.0935909000960623e-16
435.88,-1.6647378379770206e-13,-3.093651991845264e-16
435.89,-1.6645473124734106e-13,-3.093693625957617e-16
435.9,-1.6643689514579208e-13,-3.099937872968242e-16
435.91,-1.6641775723123515e-13,-3.0912261170630087e-16
435.92,-1.6639944446578831e-13,-3.091336400057045e-16
435.93,-1.6638055318014452e-13,-3.0909109664500643e-16
435.94,-1.663624564908311e-13,-3.091008332420957e-16
435.95,-1.6634416947061395e-13,-3.091753914336385e-16
435.96,-1.6632531080645627e-13,-3.089650617595457e-16
435.97,-1.663068466623459e-13,-3.0928154520854715e-16
435.98,-1.662885507221505e-13,-3.0892345767073816e-16
435.99,-1.6627072709041788e-13,-3.0870764428373833e-16
436.0,-1.662512710480559e-13,-3.0891993267612785e-16
436.01,-1.6623298258659664e-13,-3.088881717381389e-16
436.02,-1.662145225953984e-13,-3.088954830845006e-16
436.03,-1.661959426750752e-13,-3.0873809959901753e-16
436.04,-1.6617739715724852e-13,-3.08738707229054e-16
436.05,-1.661590993576728e-13,-3.086963722677515e-16
436.06,-1.6614077906398773e-13,-3.086661973772558e-16
436.07,-1.6612207904094707e-13,-3.086285537513831e-16
436.08,-1.6610492281098254e-13,-3.094458936295273e-16
436.09,-1.6608535911276047e-13,-3.086759849360149e-16
436.1,-1.6606699124512845e-13,-3.085733706993426e-16
436.11,-1.6604836230859765e-13,-3.0837063104439825e-16
436.12,-1.6602979314772674e-13,-3.0837261216871514e-16
436.13,-1.660115071690328e-13,-3.083507817070189e-16
436.14,-1.659930072011526e-13,-3.083898955011043e-16
436.15,-1.6597398210004834e-13,-3.080839374047179e-16
436.16,-1.659564220329403e-13,-3.084518338146121e-16
436.17,-1.6593930966406939e-13,-3.074856683026761e-16
436.18,-1.6591914156638084e-13,-3.0811482952088164e-16
436.19,-1.6590128948983029e-13,-3.082079618197862e-16
436.2,-1.6588370146718974e-13,-3.0807856992522952e-16
436.21,-1.6586416937489317e-13,-3.081315629232718e-16
436.22,-1.6584569749108382e-13,-3.080089669534085e-16
436.23,-1.6582718153046752e-13,-3.0804950868295065e-16
436.24,-1.658087785101944e-13,-3.0770186351936183e-16
436.25,-1.6579029206278464e-13,-3.0801089898732706e-16
436.26,-1.6577468849573132e-13,-3.0694271194466107e-16
436.27,-1.6575342344794415e-13,-3.077817958553e-16
436.28,-1.6573516176536796e-13,-3.077765567734163e-16
436.29,-1.6571626405818395e-13,-3.0771076192876386e-16
436.3,-1.656981484447341e-13,-3.0776062908858613e-16
436.31,-1.6567965478164908e-13,-3.075449811833832e-16
436.32,-1.6566139340244282e-13,-3.076516202326634e-16
436.33,-1.6564297189471583e-13,-3.0748988327774784e-16
436.34,-1.6562369167001736e-13,-3.0755566598612406e-16
436.35,-1.656044591651759e-13,-3.071506131831523e-16
436.36,-1.65587692675812e-13,-3.0731672495452895e-16
436.37,-1.6556942379073888e-13,-3.074220870468083e-16
436.38,-1.6555110580370677e-13,-3.074335779051861e-16
436.39,-1.6553265066577025e-13,-3.075664520386838e-16
436.4,-1.655143625971838e-13,-3.074673245794506e-16
436.41,-1.6549589905753004e-13,-3.0727169375016625e-16
436.42,-1.6547697028481465e-13,-3.0705670942383054e-16
436.43,-1.6545775814892404e-13,-3.070546752430308e-16
436.44,-1.6544059762168016e-13,-3.0697361373182526e-16
436.45,-1.6542256633474692e-13,-3.0711681502430464e-16
436.46,-1.6540467072801457e-13,-3.073861635059144e-16
436.47,-1.6538575304781337e-13,-3.0700498877951927e-16
436.48,-1.6536741189339265e-13,-3.069723196850898e-16
436.49,-1.6534910113149082e-13,-3.069131621596706e-16
436.5,-1.653305324110081e-13,-3.0681380054137247e-16
436.51,-1.6531110481747253e-13,-3.067552524954073e-16
436.52,-1.6529399479318116e-13,-3.069389738520708e-16
436.53,-1.6527560366191632e-13,-3.0708332879168774e-16
436.54,-1.6525743923701555e-13,-3.068014356820631e-16
436.55,-1.6523906436482947e-13,-3.0676382349628895e-16
436.56,-1.6522133962319357e-13,-3.0667983628364893e-16
436.57,-1.6520214969266365e-13,-3.0655929111064375e-16
436.58,-1.6518393184959647e-13,-3.065779776667533e-16
436.59,-1.6516582085891694e-13,-3.066980212565993e-16
436.6,-1.651466161982168e-13,-3.058909443515361e-16
436.61,-1.651291862222006e-13,-3.0655670309958566e-16
436.62,-1.65111039813739e-13,-3.0632625856478026e-16
436.63,-1.6509222400138376e-13,-3.063392652135846e-16
436.64,-1.6507405286850784e-13,-3.0632116909061387e-16
436.65,-1.6505563969283075e-13,-3.062663546416587e-16
436.66,-1.6503745813567631e-13,-3.063297693835945e-16
436.67,-1.6501908258337217e-13,-3.0629995517744373e-16
436.68,-1.6500079237267527e-13,-3.061219229288325e-16
436.69,-1.6498269534802591e-13,-3.0580771299801223e-16
436.7,-1.6496346001276697e-13,-3.0601952787473445e-16
436.71,-1.6494634312537797e-13,-3.063891493770424e-16
436.72,-1.6492719738140607e-13,-3.0608324116332336e-16
436.73,-1.6490902590300665e-13,-3.0600381772764484e-16
436.74,-1.648909029765506e-13,-3.059081304781275e-16
436.75,-1.6487239505966183e-13,-3.058383240859095e-16
436.76,-1.6485446112391942e-13,-3.059836589314168e-16
436.77,-1.6483617862871056e-13,-3.058534938086482e-16
436.78,-1.6481798810227377e-13,-3.0595911797003114e-16
436.79,-1.647995862146492e-13,-3.059098996192757e-16
436.8,-1.6478131105527868e-13,-3.0575474834024037e-16
436.81,-1.64762888536823e-13,-3.0558350249040034e-16
436.82,-1.647446458849121e-13,-3.0564696340352997e-16
436.83,-1.64726404317878e-13,-3.056016800701566e-16
436.84,-1.647076187295682e-13,-3.055089311907419e-16
436.85,-1.6468990318747945e-13,-3.0546302435430565e-16
436.86,-1.646717556715726e-13,-3.052642652389034e-16
436.87,-1.6465331162310535e-13,-3.0541442768984466e-16
436.88,-1.6463421011940006e-13,-3.0531325177053887e-16
436.89,-1.6461655409372991e-13,-3.0538421907644146e-16
436.9,-1.6459854778122068e-13,-3.04938315039528e-16
436.91,-1.6458000692869856e-13,-3.0524700951323143e-16
436.92,-1.6456190015399985e-13,-3.052444140860721e-16
436.93,-1.6454344783374637e-13,-3.052011286331495e-16
436.94,-1.6452569802978866e-13,-3.0530371883028984e-16
436.95,-1.645065659085479e-13,-3.051697270601104e-16
436.96,-1.6448977227321664e-13,-3.048561040723905e-16
436.97,-1.6447207021431276e-13,-3.05690123840407e-16
436.98,-1.644529595510061e-13,-3.052170485306257e-16
436.99,-1.6443336100324832e-13,-3.04818555907428e-16
437.0,-1.6441604029763947e-13,-3.0492927404935283e-16
437.01,-1.643977947116707e-13,-3.049450345101315e-16
437.02,-1.6437987481839499e-13,-3.0505646363804645e-16
437.03,-1.643614108801223e-13,-3.0468411949898305e-16
437.04,-1.6434299488870978e-13,-3.0466212921432843e-16
437.05,-1.6432431572017678e-13,-3.04417640674136e-16
437.06,-1.6430887552848116e-13,-3.0529257131770404e-16
437.07,-1.6428828303458943e-13,-3.0468886598860486e-16
437.08,-1.642703244278128e-13,-3.0450091710221013e-16
437.09,-1.6425190733129785e-13,-3.04534620320428e-16
437.1,-1.6423367095778074e-13,-3.045217088955641e-16
437.11,-1.6421547047224478e-13,-3.044481681161734e-16
437.12,-1.641973732182655e-13,-3.045500335217269e-16
437.13,-1.641793146944296e-13,-3.0447444936236933e-16
437.14,-1.6416105465461238e-13,-3.042377917450771e-16
437.15,-1.6414260147869705e-13,-3.0390498127923426e-16
437.16,-1.64125053299842e-13,-3.0432679379087586e-16
437.17,-1.6410617886373228e-13,-3.0410998092138473e-16
437.18,-1.6408834232864465e-13,-3.0408555292428784e-16
437.19,-1.640697856416804e-13,-3.041073920640812e-16
437.2,-1.6405207470787012e-13,-3.0412563467651005e-16
437.21,-1.6403365833149876e-13,-3.0406432937487286e-16
437.22,-1.6401550354300666e-13,-3.041278673966557e-16
437.23,-1.639972896648319e-13,-3.040094354807425e-16
437.24,-1.6397897320122317e-13,-3.0405883928905826e-16
437.25,-1.639607296972432e-13,-3.037751692927962e-16
437.26,-1.6394315463614928e-13,-3.0387429972600027e-16
437.27,-1.639245211219661e-13,-3.037343009785987e-16
437.28,-1.63907104373565e-13,-3.039032029428683e-16
437.29,-1.6388819331044563e-13,-3.0367160295547884e-16
437.3,-1.6387029514654498e-13,-3.036904255562081e-16
437.31,-1.6385196246029887e-13,-3.03639397997979e-16
437.32,-1.6383333742337293e-13,-3.0347535407975604e-16
437.33,-1.638159361749892e-13,-3.035884333044122e-16
437.34,-1.6379761710818112e-13,-3.0348989905481393e-16
437.35,-1.637797829429606e-13,-3.035782226537342e-16
437.36,-1.6376148523360557e-13,-3.035463886313658e-16
437.37,-1.6374321885816074e-13,-3.0350861296171327e-16
437.38,-1.6372511126502632e-13,-3.034669190987439e-16
437.39,-1.6370682426843148e-13,-3.0334444945036664e-16
437.4,-1.6368880878919151e-13,-3.0339039809669943e-16
437.41,-1.6367052764126123e-13,-3.031471839605532e-16
437.42,-1.636521190505051e-13,-3.0310699056264746e-16
437.43,-1.6363413008945343e-13,-3.031654170194134e-16
437.44,-1.6361616862438338e-13,-3.0323007794492646e-16
437.45,-1.6359840634147302e-13,-3.032250313870422e-16
437.46,-1.6358021247158941e-13,-3.030618855719481e-16
437.47,-1.635616851624898e-13,-3.0310304213935777e-16
437.48,-1.6354393501765888e-13,-3.031036108947635e-16
437.49,-1.6352517942410975e-13,-3.0284480140522325e-16
437.5,-1.6350756277387643e-13,-3.0274645760060943e-16
437.51,-1.6348952148080835e-13,-3.030120975626687e-16
437.52,-1.6347131203522023e-13,-3.027601253400981e-16
437.53,-1.634531179986371e-13,-3.0274728617021947e-16
437.54,-1.634351270657066e-13,-3.0280928249077226e-16
437.55,-1.634169187156329e-13,-3.027346855175435e-16
437.56,-1.6339868863986116e-13,-3.0266274106618537e-16
437.57,-1.6338032972459905e-13,-3.0256030443468445e-16
437.58,-1.6336282197147613e-13,-3.026594219124868e-16
437.59,-1.633446092272268e-13,-3.024370377328893e-16
437.6,-1.6332628277382423e-13,-3.025691756707607e-16
437.61,-1.6330850182396395e-13,-3.0244636633935445e-16
437.62,-1.632902844516468e-13,-3.0239122383337165e-16
437.63,-1.632724186448798e-13,-3.0244321590919947e-16
437.64,-1.6325428757399903e-13,-3.024263552703567e-16
437.65,-1.632361835665259e-13,-3.02385159739321e-16
437.66,-1.6321793594913102e-13,-3.0228799043808256e-16
437.67,-1.6319995966982623e-13,-3.0221984664592183e-16
437.68,-1.6318177189091407e-13,-3.0225323658797093e-16
437.69,-1.6316366719137083e-13,-3.022675056151313e-16
437.7,-1.6314593033288325e-13,-3.021118788872817e-16
437.71,-1.631277086247179e-13,-3.020542106727582e-16
437.72,-1.6310974534954398e-13,-3.0215422001875095e-16
437.73,-1.6309167881557646e-13,-3.01988320711855e-16
437.74,-1.6307341911872145e-13,-3.019124573962922e-16
437.75,-1.6305533103013578e-13,-3.0183567536965443e-16
437.76,-1.6303742728109312e-13,-3.019654908066359e-16
437.77,-1.630194058577462e-13,-3.018624698681918e-16
437.78,-1.6300106622798687e-13,-3.017140876122495e-16
437.79,-1.6298342741453098e-13,-3.017948485946812e-16
437.8,-1.629652394533355e-13,-3.0170070736319345e-16
437.81,-1.6294704929531486e-13,-3.016057854134054e-16
437.82,-1.6292923869798296e-13,-3.016586153056679e-16
437.83,-1.6291119132584795e-13,-3.0159006375142717e-16
437.84,-1.6289294669292205e-13,-3.015967008073606e-16
437.85,-1.6287497070894692e-13,-3.014970125204144e-16
437.86,-1.6285702762167284e-13,-3.0152789999197026e-16
437.87,-1.6283878236705952e-13,-3.0141581647698293e-16
437.88,-1.6282106567789967e-13,-3.014709529681459e-16
437.89,-1.6280295405408237e-13,-3.014454656426272e-16
437.9,-1.627850041294091e-13,-3.0137065102844436e-16
437.91,-1.6276717361282587e-13,-3.01407697001762e-16
437.92,-1.6274927033363084e-13,-3.012786588717691e-16
437.93,-1.6273101869705548e-13,-3.012335992391939e-16
437.94,-1.627132584900566e-13,-3.0125983315857325e-16
437.95,-1.6269518221472233e-13,-3.0108408420656997e-16
437.96,-1.626766102620545e-13,-3.0089697119609055e-16
437.97,-1.6265862687895502e-13,-3.008982201056103e-16
437.98,-1.62640864995657e-13,-3.0096444520314534e-16
437.99,-1.626229279922035e-13,-3.00961821314861e-16
438.0,-1.6260495695839226e-13,-3.008153174028552e-16
438.01,-1.625870933281009e-13,-3.009984764394226e-16
438.02,-1.6256905515269564e-13,-3.0095005088926715e-16
438.03,-1.6255087289248892e-13,-3.008309927011675e-16
438.04,-1.6253335553532083e-13,-3.009510328033448e-16
438.05,-1.625149127309766e-13,-3.006588522345507e-16
438.06,-1.624971439731698e-13,-3.0081751469522727e-16
438.07,-1.6247943528360863e-13,-3.007066544575275e-16
438.08,-1.6246218614468852e-13,-3.010777293750739e-16
438.09,-1.6244251171085394e-13,-3.003575493538687e-16
438.1,-1.6242516120311545e-13,-3.0043363020822533e-16
438.11,-1.6240707585671376e-13,-3.0047804338326395e-16
438.12,-1.6238925667861045e-13,-3.0041783747927037e-16
438.13,-1.6237119163458936e-13,-3.004014659571327e-16
438.14,-1.6235353506424073e-13,-3.0047250512596716e-16
438.15,-1.623352815638216e-13,-3.0033425861876506e-16
438.16,-1.6231771712142017e-13,-3.0052364691548354e-16
438.17,-1.6230042368046627e-13,-3.005405860853248e-16
438.18,-1.62281439010536e-13,-3.002393518174024e-16
438.19,-1.6226359001413957e-13,-3.0026666455465233e-16
438.2,-1.6224564930727426e-13,-3.00214546043593e-16
438.21,-1.6222797295362993e-13,-3.003893401592667e-16
438.22,-1.6220988970327188e-13,-3.0031377767606237e-16
438.23,-1.6219171052079718e-13,-2.999624969893605e-16
438.24,-1.6217380712202094e-13,-2.999436530363367e-16
438.25,-1.6215598928916515e-13,-2.998999234161919e-16
438.26,-1.6213792939333768e-13,-2.9993643637889026e-16
438.27,-1.6211981136572418e-13,-2.9973318023538703e-16
438.28,-1.6210223762207512e-13,-2.99809417701498e-16
438.29,-1.6208421517768819e-13,-2.9984244552816793e-16
438.3,-1.6206627433927397e-13,-2.9976698268154484e-16
438.31,-1.6204762481741515e-13,-2.9947911019509605e-16
438.32,-1.6203052490004266e-13,-2.9974024720928584e-16
438.33,-1.620123644027989e-13,-2.995782845474911e-16
438.34,-1.6199464839516254e-13,-2.9954504788592773e-16
438.35,-1.619766922781153e-13,-2.994574172164261e-16
438.36,-1.6195899464932895e-13,-2.9954659010901784e-16
438.37,-1.6194121104843627e-13,-2.9955480316492536e-16
438.38,-1.6192308090492353e-13,-2.995290736417998e-16
438.39,-1.6190551777013108e-13,-2.996867355133363e-16
438.4,-1.6188731286728992e-13,-2.992821360506872e-16
438.41,-1.61869472314588e-13,-2.9930549428452924e-16
438.42,-1.6185162556079369e-13,-2.9940682454462896e-16
438.43,-1.6183350197315832e-13,-2.993861403374028e-16
438.44,-1.6181558671676948e-13,-2.991313365820326e-16
438.45,-1.617977283058168e-13,-2.9912490572509863e-16
438.46,-1.617799921587376e-13,-2.988034048697099e-16
438.47,-1.6176185836188235e-13,-2.9903170238396757e-16
438.48,-1.617436212111503e-13,-2.985595781021481e-16
438.49,-1.617266569520197e-13,-2.994661647848148e-16
438.5,-1.617082737912015e-13,-2.9888412917553734e-16
438.51,-1.6169018783935443e-13,-2.988111550164546e-16
438.52,-1.6167244792798232e-13,-2.9856250602346287e-16
438.53,-1.6165481167573714e-13,-2.988503544116638e-16
438.54,-1.6163695662934964e-13,-2.9878561847731324e-16
438.55,-1.6161967929032473e-13,-2.990821683730315e-16
438.56,-1.6160141027800806e-13,-2.987799113785145e-16
438.57,-1.6158156092038275e-13,-2.984101661605983e-16
438.58,-1.6156518085764026e-13,-2.9880079723807974e-16
438.59,-1.6154733476458513e-13,-2.9843470933896803e-16
438.6,-1.615298407478352e-13,-2.9855895395215774e-16
438.61,-1.6151217756878796e-13,-2.98335361059436e-16
438.62,-1.614941620100144e-13,-2.9844161294062756e-16
438.63,-1.6147621906205252e-13,-2.9848423028750686e-16
438.64,-1.6145843233341789e-13,-2.9839559029336877e-16
438.65,-1.6144089936625016e-13,-2.9831201292840604e-16
438.66,-1.61423508242275e-13,-2.9861941644072075e-16
438.67,-1.6140465855233545e-13,-2.9824742677528733e-16
438.68,-1.613870135896271e-13,-2.98284856263146e-16
438.69,-1.6136890891619814e-13,-2.9816067608019914e-16
438.7,-1.6135143296965037e-13,-2.981295227582918e-16
438.71,-1.6133358987839133e-13,-2.980888241558019e-16
438.72,-1.6131571806675178e-13,-2.9799608230701763e-16
438.73,-1.6129809674235383e-13,-2.9817636143208636e-16
438.74,-1.612805539883072e-13,-2.9812762592728875e-16
438.75,-1.6126170159200853e-13,-2.9806285205038856e-16
438.76,-1.61244468078227e-13,-2.981834196009776e-16
438.77,-1.6122706648944555e-13,-2.979706658794372e-16
438.78,-1.6120905660223618e-13,-2.9787946644279225e-16
438.79,-1.61190997496298e-13,-2.979025360100415e-16
438.8,-1.611733777596016e-13,-2.979039480756313e-16
438.81,-1.6115534738592724e-13,-2.976866807736501e-16
438.82,-1.611378345831262e-13,-2.9761804500324237e-16
438.83,-1.611201408912926e-13,-2.977975115604811e-16
438.84,-1.6110229656961178e-13,-2.975304869747235e-16
438.85,-1.6108366991536405e-13,-2.9708069698949913e-16
438.86,-1.6106620355276382e-13,-2.9754388169868415e-16
438.87,-1.6104879749610636e-13,-2.974832389137629e-16
438.88,-1.6103114980267583e-13,-2.975900232239445e-16
438.89,-1.6101329513908674e-13,-2.97540494559406e-16
438.9,-1.60995475949043e-13,-2.9744537162842996e-16
438.91,-1.6097778007218747e-13,-2.972833154646754e-16
438.92,-1.6095979566014293e-13,-2.970811537753626e-16
438.93,-1.6094239717332795e-13,-2.9754069194813196e-16
438.94,-1.6092649072758556e-13,-2.976511931247299e-16
438.95,-1.6090650428435345e-13,-2.9719543351714785e-16
438.96,-1.60888725738184e-13,-2.9721119379335336e-16
438.97,-1.6087087064147936e-13,-2.9709398915583096e-16
438.98,-1.608533358047985e-13,-2.971279354336991e-16
438.99,-1.6083584432092862e-13,-2.9742674748858334e-16
439.0,-1.6081783599911072e-13,-2.969583745399096e-16
439.01,-1.6079984781033914e-13,-2.964334225562185e-16
439.02,-1.607822992396901e-13,-2.968955013005371e-16
439.03,-1.6076502688866648e-13,-2.9705764655124125e-16
439.04,-1.6074670356163162e-13,-2.968781799871567e-16
439.05,-1.607290610670116e-13,-2.9675527253603924e-16
439.06,-1.6071124771071971e-13,-2.9670882400667385e-16
439.07,-1.6069354640523598e-13,-2.9675770288293377e-16
439.08,-1.6067585610584102e-13,-2.96713592871773e-16
439.09,-1.6065827030014778e-13,-2.9669017957642056e-16
439.1,-1.6064157435212622e-13,-2.968422516307733e-16
439.11,-1.6062217862282053e-13,-2.964060984323069e-16
439.12,-1.6060515164957327e-13,-2.966089948274959e-16
439.13,-1.6058717702356094e-13,-2.964327001288003e-16
439.14,-1.6056952614857435e-13,-2.965089495508271e-16
439.15,-1.6055159113034908e-13,-2.962218347118265e-16
439.16,-1.6053402489717214e-13,-2.9626138357296754e-16
439.17,-1.6051626692464884e-13,-2.963737851519665e-16
439.18,-1.6049848451884388e-13,-2.9626284849940846e-16
439.19,-1.6048093035355437e-13,-2.9567879977173287e-16
439.2,-1.6046307826462274e-13,-2.9610460776122865e-16
439.21,-1.604448835867888e-13,-2.9629475497608007e-16
439.22,-1.6042768255272664e-13,-2.961200262709142e-16
439.23,-1.604104445425117e-13,-2.962004485031881e-16
439.24,-1.6039236892389252e-13,-2.959440944245738e-16
439.25,-1.603750437193267e-13,-2.9623997774165064e-16
439.26,-1.6035642241086921e-13,-2.9590416127452714e-16
439.27,-1.603391824842448e-13,-2.9595607344019233e-16
439.28,-1.603206018497449e-13,-2.9379295674849417e-16
439.29,-1.6030416741040757e-13,-2.956854090737644e-16
439.3,-1.602868075606087e-13,-2.960762703942534e-16
439.31,-1.6026856239187583e-13,-2.9580021595221453e-16
439.32,-1.602512727216848e-13,-2.957480918162823e-16
439.33,-1.6023321037842827e-13,-2.957692556501001e-16
439.34,-1.602151420951584e-13,-2.9522693805600245e-16
439.35,-1.601978262201058e-13,-2.9580457009543113e-16
439.36,-1.601799312013486e-13,-2.956442524049844e-16
439.37,-1.601650813015018e-13,-2.9648870169555934e-16
439.38,-1.6014490201619629e-13,-2.95517025235515e-16
439.39,-1.601269223418923e-13,-2.9536314636997974e-16
439.4,-1.6010959230720065e-13,-2.955153129091904e-16
439.41,-1.6009187346136573e-13,-2.954775518313477e-16
439.42,-1.6007421872502356e-13,-2.9531795476445245e-16
439.43,-1.6005643032937911e-13,-2.9539729326884176e-16
439.44,-1.600389322769857e-13,-2.953004394894558e-16
439.45,-1.6002115076062965e-13,-2.951800208620046e-16
439.46,-1.600047317008043e-13,-2.9530040987191824e-16
439.47,-1.5998615619211395e-13,-2.9504870176823977e-16
439.48,-1.5996798992347165e-13,-2.952541038983125e-16
439.49,-1.599509036017911e-13,-2.95101198311939e-16
439.5,-1.5993288511851984e-13,-2.949029112253503e-16
439.51,-1.5991526742932907e-13,-2.9493617204677364e-16
439.52,-1.5989769443515572e-13,-2.949728079167498e-16
439.53,-1.5988028336364943e-13,-2.950392873097261e-16
439.54,-1.5986226485126034e-13,-2.9472251679104506e-16
439.55,-1.5984504327753347e-13,-2.95186145511842e-16
439.56,-1.5982692622321295e-13,-2.946878996693426e-16
439.57,-1.5980903072892352e-13,-2.9471071169045164e-16
439.58,-1.5979181939908218e-13,-2.9467726812424554e-16
439.59,-1.5977441866359096e-13,-2.946769817841695e-16
439.6,-1.5975682369255406e-13,-2.945815811011659e-16
439.61,-1.5973936640433222e-13,-2.9466114427003065e-16
439.62,-1.597215558907202e-13,-2.9463954215242397e-16
439.63,-1.597034765565468e-13,-2.943149917788855e-16
439.64,-1.59686436578994e-13,-2.94287769544348e-16
439.65,-1.5966874254294886e-13,-2.9448115714255997e-16
439.66,-1.5965115584489228e-13,-2.9438720922865723e-16
439.67,-1.5963327592631447e-13,-2.9445264473468976e-16
439.68,-1.5961588702068378e-13,-2.9427142924140033e-16
439.69,-1.5959836304591427e-13,-2.942325040007539e-16
439.7,-1.5958070978227565e-13,-2.942812432283469e-16
439.71,-1.5956310949781278e-13,-2.941537381673011e-16
439.72,-1.595454875014756e-13,-2.943465344476871e-16
439.73,-1.5952843099797235e-13,-2.9420967888258776e-16
439.74,-1.5951064585960292e-13,-2.9420717433676575e-16
439.75,-1.5949264781676916e-13,-2.938284948395937e-16
439.76,-1.5947512666631428e-13,-2.943857913120199e-16
439.77,-1.5945757728141204e-13,-2.9397711220721957e-16
439.78,-1.5944028032583931e-13,-2.9392540447328577e-16
439.79,-1.5942276209560993e-13,-2.938962965516445e-16
439.8,-1.5940503302966281e-13,-2.93860915803746e-16
439.81,-1.5938719765689483e-13,-2.9372467934565666e-16
439.82,-1.5936999568967228e-13,-2.9359743892088714e-16
439.83,-1.5935203128447212e-13,-2.936924621481405e-16
439.84,-1.593354140638377e-13,-2.9363370519408466e-16
439.85,-1.5931731219496138e-13,-2.9360114332453563e-16
439.86,-1.592996164267758e-13,-2.937027939143416e-16
439.87,-1.5928203535792171e-13,-2.935495164855056e-16
439.88,-1.592644570394285e-13,-2.935941786541814e-16
439.89,-1.592470291577537e-13,-2.9348595258240895e-16
439.9,-1.5922948447722749e-13,-2.9345889556557865e-16
439.91,-1.5921195563080917e-13,-2.9358253091732653e-16
439.92,-1.5919442054113817e-13,-2.9333618466773696e-16
439.93,-1.5917621088158881e-13,-2.9278988494402997e-16
439.94,-1.591592767207392e-13,-2.93357045069901e-16
439.95,-1.5914199124764428e-13,-2.9328511369769544e-16
439.96,-1.5912430191635896e-13,-2.930759268238431e-16
439.97,-1.5910660832454868e-13,-2.931690132922637e-16
439.98,-1.5908905386258236e-13,-2.9317192880004764e-16
439.99,-1.590718337251859e-13,-2.9305663186886176e-16
440.0,-1.5905376430258194e-13,-2.928936261626826e-16
440.01,-1.59036782371705e-13,-2.930535445387592e-16
440.02,-1.5901992638798435e-13,-2.924933338969018e-16
440.03,-1.5900151371973453e-13,-2.92925115820289e-16
440.04,-1.5898389594371787e-13,-2.9298506166152325e-16
440.05,-1.5896612665142746e-13,-2.931310489717512e-16
440.06,-1.589491153235837e-13,-2.926972119728848e-16
440.07,-1.5893163363987768e-13,-2.9305926456399673e-16
440.08,-1.589140723048317e-13,-2.927588450090075e-16
440.09,-1.588966640540932e-13,-2.9272309334598837e-16
440.1,-1.5887906406239859e-13,-2.9244317948835605e-16
440.11,-1.5885929914399854e-13,-2.910515583983905e-16
440.12,-1.5884415450466886e-13,-2.926012770549181e-16
440.13,-1.5882682602761588e-13,-2.9257673353741827e-16
440.14,-1.5880894555602987e-13,-2.9249145723808376e-16
440.15,-1.5879165567836202e-13,-2.9247023643646513e-16
440.16,-1.587738249078024e-13,-2.924807342745178e-16
440.17,-1.5875650993421562e-13,-2.9239885339076304e-16
440.18,-1.5873861447386226e-13,-2.9240071051352833e-16
440.19,-1.5872159249004206e-13,-2.923729730408423e-16
440.2,-1.5870179635950903e-13,-2.9079587975292543e-16
440.21,-1.5868683895509104e-13,-2.9232410900231414e-16
440.22,-1.5866910826593203e-13,-2.922122076678583e-16
440.23,-1.586516900771422e-13,-2.9215141693453485e-16
440.24,-1.586344834286485e-13,-2.9206863647290915e-16
440.25,-1.5861690558437218e-13,-2.9213766039509347e-16
440.26,-1.5859938101202217e-13,-2.920273288830725e-16
440.27,-1.5858182621365587e-13,-2.9203567829534667e-16
440.28,-1.5856444031958484e-13,-2.921397915649952e-16
440.29,-1.5854601050948592e-13,-2.92241947630584e-16
440.3,-1.5852950183210635e-13,-2.9192192690746105e-16
440.31,-1.585119772628653e-13,-2.9184666570132846e-16
440.32,-1.584945518911797e-13,-2.918341607544315e-16
440.33,-1.5847740807191908e-13,-2.918980275802235e-16
440.34,-1.5845999852630245e-13,-2.917143106675335e-16
440.35,-1.5844246688119393e-13,-2.9160279794799843e-16
440.36,-1.5842397324524305e-13,-2.9181765333880813e-16
440.37,-1.5840759766297635e-13,-2.915823516344811e-16
440.38,-1.5838962147284394e-13,-2.9152856684085405e-16
440.39,-1.5837262624935972e-13,-2.916189380451759e-16
440.4,-1.5835464639250867e-13,-2.9138248777355365e-16
440.41,-1.5833765058368898e-13,-2.9144156027289566e-16
440.42,-1.5832025272870614e-13,-2.9150553087223477e-16
440.43,-1.5830283166860369e-13,-2.9134524262923387e-16
440.44,-1.5828549418853588e-13,-2.9135436076624076e-16
440.45,-1.5827047445302575e-13,-2.9138527194636075e-16
440.46,-1.5825069420376837e-13,-2.9126920247786165e-16
440.47,-1.5823300295279685e-13,-2.908554239503765e-16
440.48,-1.5821575159763488e-13,-2.9121784948928324e-16
440.49,-1.5819836155562382e-13,-2.9116809330741635e-16
440.5,-1.58181009193616e-13,-2.9113124132415133e-16
440.51,-1.5816363097619598e-13,-2.910999319005012e-16
440.52,-1.5814614761574547e-13,-2.9108282845503926e-16
440.53,-1.58128532765805e-13,-2.9132003690334226e-16
440.54,-1.581111601177847e-13,-2.903153456744533e-16
440.55,-1.5809415252754334e-13,-2.9112924984715085e-16
440.56,-1.5807656145672315e-13,-2.9067964908967615e-16
440.57,-1.5805913407513117e-13,-2.908374652756765e-16
440.58,-1.5804163407316244e-13,-2.9076186809877844e-16
440.59,-1.5802438462319614e-13,-2.9079785570893125e-16
440.6,-1.5800707548204223e-13,-2.908757547498102e-16
440.61,-1.5798966362117986e-13,-2.906955558972045e-16
440.62,-1.579724122033766e-13,-2.906970962648212e-16
440.63,-1.5795487518929942e-13,-2.9066374923431483e-16
440.64,-1.579374449140545e-13,-2.906270326339972e-16
440.65,-1.5792047017300974e-13,-2.9048960141819785e-16
440.66,-1.57902818195607e-13,-2.9041275094283617e-16
440.67,-1.578854643469301e-13,-2.9049793272229387e-16
440.68,-1.5786811522122578e-13,-2.9043270474545113e-16
440.69,-1.5785053246667487e-13,-2.903301838364343e-16
440.7,-1.5783281913571984e-13,-2.905026692196894e-16
440.71,-1.578157245889434e-13,-2.902420980403844e-16
440.72,-1.5779765902460902e-13,-2.901183139932529e-16
440.73,-1.577807476678021e-13,-2.902081578323658e-16
440.74,-1.5776419291218872e-13,-2.9027046216783143e-16
440.75,-1.577464662979738e-13,-2.9015377877695804e-16
440.76,-1.5772912478377426e-13,-2.900347813542317e-16
440.77,-1.5771191217084693e-13,-2.9011275348975877e-16
440.78,-1.5769540374783484e-13,-2.89926192307933e-16
440.79,-1.5767695069480162e-13,-2.899235060341918e-16
440.8,-1.5765960478832062e-13,-2.8996565885261473e-16
440.81,-1.5764247359693408e-13,-2.8980662132379023e-16
440.82,-1.5762413418978854e-13,-2.89468702732942e-16
440.83,-1.5760811490391857e-13,-2.9004059522740495e-16
440.84,-1.5759120819884843e-13,-2.899338602975147e-16
440.85,-1.5757322980615473e-13,-2.897616724956559e-16
440.86,-1.5755596777311407e-13,-2.897021462523526e-16
440.87,-1.5753769237118386e-13,-2.894269300014238e-16
440.88,-1.5752176809209534e-13,-2.8969873310406017e-16
440.89,-1.575038115603165e-13,-2.8964469395206327e-16
440.9,-1.5748660150057424e-13,-2.8992824228039945e-16
440.91,-1.5746944678919848e-13,-2.9028737405823705e-16
440.92,-1.5745202851819333e-13,-2.8958149501956843e-16
440.93,-1.5743492100419071e-13,-2.8926625321590956e-16
440.94,-1.5741746076484765e-13,-2.8943961697455853e-16
440.95,-1.5740017944660348e-13,-2.894562730660813e-16
440.96,-1.57382842645232e-13,-2.893277478719436e-16
440.97,-1.5736527641975736e-13,-2.892966673845443e-16
440.98,-1.5734820005507514e-13,-2.893386792875651e-16
440.99,-1.5733095761303537e-13,-2.8926021244310913e-16
441.0,-1.5731310040454076e-13,-2.894132405073185e-16
441.01,-1.5729651337050518e-13,-2.890734199400632e-16
441.02,-1.5727915639423185e-13,-2.892071116522488e-16
441.03,-1.5726186469229769e-13,-2.8915182532614083e-16
441.04,-1.5724435971471767e-13,-2.891188329140794e-16
441.05,-1.5722707794443757e-13,-2.889283295107266e-16
441.06,-1.5720996585890978e-13,-2.8903569680345356e-16
441.07,-1.5719256597987727e-13,-2.888881275239825e-16
441.08,-1.5717426661251394e-13,-2.88839396941574e-16
441.09,-1.5715874269873517e-13,-2.888261798812373e-16
441.1,-1.571409854019637e-13,-2.8895685500512177e-16
441.11,-1.5712334647888513e-13,-2.8874682976822457e-16
441.12,-1.5710646057373294e-13,-2.886783808574484e-16
441.13,-1.570890643259721e-13,-2.886886553733279e-16
441.14,-1.5707194777957745e-13,-2.886438742626688e-16
441.15,-1.5705443184714853e-13,-2.8862266177974303e-16
441.16,-1.5703733650168214e-13,-2.886158447673713e-16
441.17,-1.5701989090223183e-13,-2.883307367833941e-16
441.18,-1.5700212974664175e-13,-2.8827275310336415e-16
441.19,-1.5698519366517657e-13,-2.8843169499223463e-16
441.2,-1.569679301300007e-13,-2.883221365686134e-16
441.21,-1.569509542720944e-13,-2.8830379093909757e-16
441.22,-1.5693366407523003e-13,-2.884141006735948e-16
441.23,-1.569164260253751e-13,-2.8819617219983283e-16
441.24,-1.5689959617506292e-13,-2.883375007037375e-16
441.25,-1.5688172218092692e-13,-2.881248523089495e-16
441.26,-1.5686521713838366e-13,-2.8822084062094937e-16
441.27,-1.5684796590060926e-13,-2.8836304276427497e-16
441.28,-1.5683035908730814e-13,-2.8809571562523165e-16
441.29,-1.5681384673590983e-13,-2.8826026410479737e-16
441.3,-1.5679577842524761e-13,-2.879708342905408e-16
441.31,-1.5677976368957908e-13,-2.879606610768768e-16
441.32,-1.567616144365811e-13,-2.880142983162615e-16
441.33,-1.567442383544145e-13,-2.879478990833194e-16
441.34,-1.5672695262825478e-13,-2.8794832276029036e-16
441.35,-1.5670995759459665e-13,-2.8785326083481707e-16
441.36,-1.5669268548359128e-13,-2.877615574110861e-16
441.37,-1.5667543321351673e-13,-2.878268058402648e-16
441.38,-1.566579726651195e-13,-2.8759015273277094e-16
441.39,-1.5664120233425756e-13,-2.879282795057925e-16
441.4,-1.5662401587451318e-13,-2.876423422813174e-16
441.41,-1.566062684740756e-13,-2.8742321076353853e-16
441.42,-1.5658961733191322e-13,-2.8778362650531035e-16
441.43,-1.5657262430240978e-13,-2.8776863322422134e-16
441.44,-1.565546255981318e-13,-2.876469126586774e-16
441.45,-1.5653766268928193e-13,-2.874539206565163e-16
441.46,-1.5652069160228006e-13,-2.8745197572538527e-16
441.47,-1.5650348693989637e-13,-2.8734055544618555e-16
441.48,-1.5648627092283438e-13,-2.8730954224872785e-16
441.49,-1.5646906495797098e-13,-2.8734640325343275e-16
441.5,-1.5645188446921459e-13,-2.872580404739274e-16
441.51,-1.5643497606496718e-13,-2.8724036877569896e-16
441.52,-1.5641784394950572e-13,-2.872869774474053e-16
441.53,-1.5640070561995078e-13,-2.8718040782316445e-16
441.54,-1.5638316207420047e-13,-2.870940143558218e-16
441.55,-1.5636592674673178e-13,-2.87025605224901e-16
441.56,-1.5634883358806308e-13,-2.870129151890634e-16
441.57,-1.5633162157866225e-13,-2.8697565913992056e-16
441.58,-1.5631470561514096e-13,-2.8699445983568904e-16
441.59,-1.5629746581588945e-13,-2.8695350941883164e-16
441.6,-1.5628040174743487e-13,-2.868829288792223e-16
441.61,-1.5626313583533958e-13,-2.867745221898659e-16
441.62,-1.5624585734542565e-13,-2.8683887593275673e-16
441.63,-1.5622872448458293e-13,-2.866823763933007e-16
441.64,-1.5621163080154086e-13,-2.8672724835923043e-16
441.65,-1.5619453523351571e-13,-2.866928947268704e-16
441.66,-1.5617752054978684e-13,-2.8665774566986495e-16
441.67,-1.561601732033313e-13,-2.866277334114728e-16
441.68,-1.5614331357829644e-13,-2.8663894465076443e-16
441.69,-1.5612585648423827e-13,-2.864379105998383e-16
441.7,-1.5610898230407664e-13,-2.8647870449814943e-16
441.71,-1.5609159430154088e-13,-2.8647314770665545e-16
441.72,-1.5607466000171886e-13,-2.8636819601814253e-16
441.73,-1.5605747466960453e-13,-2.8637586667231795e-16
441.74,-1.5604013976547691e-13,-2.863171518198947e-16
441.75,-1.560231553350833e-13,-2.863576620111275e-16
441.76,-1.5600619460163465e-13,-2.8626154122669588e-16
441.77,-1.5598885313124083e-13,-2.8623935052089187e-16
441.78,-1.5597210554484915e-13,-2.86272140707674e-16
441.79,-1.5595484789588812e-13,-2.860791635248136e-16
441.8,-1.5593750594786672e-13,-2.861233468636428e-16
441.81,-1.5592054931065078e-13,-2.860374021241376e-16
441.82,-1.559035687921215e-13,-2.8616301108931327e-16
441.83,-1.5588694579132507e-13,-2.8601752263287905e-16
441.84,-1.55869051127943e-13,-2.858576691931074e-16
441.85,-1.5585207008260487e-13,-2.859172375993922e-16
441.86,-1.558351151248395e-13,-2.859091967299469e-16
441.87,-1.5581779708160454e-13,-2.8576271349908453e-16
441.88,-1.558007025795078e-13,-2.8563431111848997e-16
441.89,-1.557843950615764e-13,-2.8596395270186694e-16
441.9,-1.5576680445808062e-13,-2.8563981836881637e-16
441.91,-1.5574978188656488e-13,-2.8561407197712803e-16
441.92,-1.5573250529334575e-13,-2.856371523099148e-16
441.93,-1.5571586108083878e-13,-2.855018820684976e-16
441.94,-1.5569794281129014e-13,-2.85302356220752e-16
441.95,-1.556814047766151e-13,-2.8563560027943494e-16
441.96,-1.556643026924442e-13,-2.856301947947317e-16
441.97,-1.5564715995749287e-13,-2.8534563811149203e-16
441.98,-1.556301703820035e-13,-2.857965021043635e-16
441.99,-1.5561295603283123e-13,-2.854145735338854e-16
442.0,-1.5559611152143288e-13,-2.854247942721041e-16
442.01,-1.555785691621495e-13,-2.8510524360146654e-16
442.02,-1.5556175532488027e-13,-2.8531970581437047e-16
442.03,-1.555447063370046e-13,-2.852479201019656e-16
442.04,-1.5552722965058107e-13,-2.8522958643442146e-16
442.05,-1.555105667694485e-13,-2.850748147346489e-16
442.06,-1.5549390989211916e-13,-2.853827691622303e-16
442.07,-1.5547672398883126e-13,-2.852308308230842e-16
442.08,-1.5545911534566947e-13,-2.850369061754978e-16
442.09,-1.55442308076002e-13,-2.8500040404179223e-16
442.1,-1.5542539662203934e-13,-2.85025116063507e-16
442.11,-1.5540831079563762e-13,-2.8495618231385703e-16
442.12,-1.5539135397005164e-13,-2.850115419199763e-16
442.13,-1.553742179465237e-13,-2.848381018346744e-16
442.14,-1.5535721954618395e-13,-2.8475390206197584e-16
442.15,-1.5534060162343186e-13,-2.84780294112086e-16
442.16,-1.5532298151036145e-13,-2.846447912455882e-16
442.17,-1.5530626006516215e-13,-2.8475282747796556e-16
442.18,-1.55289068639347e-13,-2.8471482475623544e-16
442.19,-1.5527219166824874e-13,-2.8468220937996097e-16
442.2,-1.552551560579748e-13,-2.8458910515671054e-16
442.21,-1.5523815847642975e-13,-2.845727829843216e-16
442.22,-1.5522110548418918e-13,-2.84488518498333e-16
442.23,-1.552039254415449e-13,-2.8446132822391093e-16
442.24,-1.551869583152566e-13,-2.844089788929543e-16
442.25,-1.551699860742342e-13,-2.8428998962567493e-16
442.26,-1.5515315685012926e-13,-2.843357574040257e-16
442.27,-1.5513590824302193e-13,-2.8425200427251387e-16
442.28,-1.551191785839563e-13,-2.844345537587996e-16
442.29,-1.551021130114478e-13,-2.8426793017243495e-16
442.3,-1.5508495615892074e-13,-2.841870981812157e-16
442.31,-1.5506823981097267e-13,-2.8440145406682807e-16
442.32,-1.5505105865746708e-13,-2.8429234613251963e-16
442.33,-1.5503457578554634e-13,-2.838316610238604e-16
442.34,-1.5501675291557358e-13,-2.838911500592205e-16
442.35,-1.5499991589982232e-13,-2.8390445072170915e-16
442.36,-1.5498307056974183e-13,-2.839592939440627e-16
442.37,-1.5496615393290072e-13,-2.8387374544937903e-16
442.38,-1.5494915055703324e-13,-2.839280481420619e-16
442.39,-1.5493210433598793e-13,-2.838684634601653e-16
442.4,-1.5491539044861466e-13,-2.8417191174710404e-16
442.41,-1.5489780784051456e-13,-2.8378390106602545e-16
442.42,-1.5488371019543345e-13,-2.8467826839778607e-16
442.43,-1.5486386670037336e-13,-2.8362921737920265e-16
442.44,-1.5484702261003478e-13,-2.8364206933439135e-16
442.45,-1.5483023505833027e-13,-2.836122976869616e-16
442.46,-1.5481350111703333e-13,-2.8413338101850337e-16
442.47,-1.547963952450458e-13,-2.835340647601247e-16
442.48,-1.5477949341165595e-13,-2.8354852482469407e-16
442.49,-1.547611978311483e-13,-2.8306573504843227e-16
442.5,-1.5474579771025455e-13,-2.835371943477334e-16
442.51,-1.5472930421216417e-13,-2.839530171862135e-16
442.52,-1.5471190855713105e-13,-2.8357557642676467e-16
442.53,-1.5469410942765097e-13,-2.8313810028467673e-16
442.54,-1.5467769836427893e-13,-2.8325197303585044e-16
442.55,-1.5466082231365345e-13,-2.833047658749899e-16
442.56,-1.546438236920404e-13,-2.83239945412462e-16
442.57,-1.5462712672322134e-13,-2.831754228891548e-16
442.58,-1.5460997743249874e-13,-2.8330700574504063e-16
442.59,-1.5459366762631431e-13,-2.830899134971194e-16
442.6,-1.545759400897603e-13,-2.8298558985780313e-16
442.61,-1.5455903952726176e-13,-2.828327489449614e-16
442.62,-1.545423768240415e-13,-2.8303478396259955e-16
442.63,-1.5452543017493732e-13,-2.8297351848162917e-16
442.64,-1.5450858040639208e-13,-2.830292833653317e-16
442.65,-1.5449161659642026e-13,-2.829154347355762e-16
442.66,-1.5447460065356202e-13,-2.829387132017007e-16
442.67,-1.544571035663483e-13,-2.8264169761584746e-16
442.68,-1.5444103779726873e-13,-2.830199775121791e-16
442.69,-1.544241202523428e-13,-2.827927248116803e-16
442.7,-1.5440650377030546e-13,-2.8286596794279663e-16
442.71,-1.5439034067813096e-13,-2.824430003932681e-16
442.72,-1.5437323057396393e-13,-2.8259677304815354e-16
442.73,-1.5435634106434054e-13,-2.82619983289359e-16
442.74,-1.543393741201148e-13,-2.8257899009102896e-16
442.75,-1.5432246173712554e-13,-2.825823463655186e-16
442.76,-1.5430577857267633e-13,-2.8254746371153074e-16
442.77,-1.5428871097621253e-13,-2.8241101047321424e-16
442.78,-1.542716118134937e-13,-2.82563461725835e-16
442.79,-1.542544765743311e-13,-2.8200813143625387e-16
442.8,-1.542381386106601e-13,-2.823572845352473e-16
442.81,-1.542213084108493e-13,-2.82356752630487e-16
442.82,-1.5420424695004712e-13,-2.8222805466509833e-16
442.83,-1.541877821123145e-13,-2.824008898660537e-16
442.84,-1.541706566973992e-13,-2.821758321695888e-16
442.85,-1.5415376906737738e-13,-2.8227828998276604e-16
442.86,-1.5413717283490046e-13,-2.8197651232547417e-16
442.87,-1.5411973517341842e-13,-2.8197252127921824e-16
442.88,-1.54102502735709e-13,-2.825173207587701e-16
442.89,-1.5408611650511806e-13,-2.8206305175462223e-16
442.9,-1.5406941341011252e-13,-2.8201119574895416e-16
442.91,-1.5405245635954313e-13,-2.818813708376572e-16
442.92,-1.5403547858964143e-13,-2.817746200373735e-16
442.93,-1.5401850102966117e-13,-2.8179962991089336e-16
442.94,-1.5400178948996888e-13,-2.8191008290705693e-16
442.95,-1.5398473249847075e-13,-2.812252932144388e-16
442.96,-1.5396755848177583e-13,-2.814441856052127e-16
442.97,-1.5395022610392495e-13,-2.816368493254881e-16
442.98,-1.5393482973883404e-13,-2.818154820097329e-16
442.99,-1.5391759043754856e-13,-2.816702293084868e-16
443.0,-1.539005962245749e-13,-2.814966385504201e-16
443.01,-1.5388390678800463e-13,-2.8149425899089094e-16
443.02,-1.5386722314630904e-13,-2.816211855928814e-16
443.03,-1.5385011405224149e-13,-2.8142893576957046e-16
443.04,-1.5383469688576122e-13,-2.8179281094062456e-16
443.05,-1.5381514118377024e-13,-2.809651645080219e-16
443.06,-1.538003846699835e-13,-2.8160322101263096e-16
443.07,-1.5378302689971416e-13,-2.8136246306335506e-16
443.08,-1.537660122903791e-13,-2.81253606129028e-16
443.09,-1.5374927267900485e-13,-2.812299399052867e-16
443.1,-1.5373252110854566e-13,-2.8127137109856576e-16
443.11,-1.5371593733195453e-13,-2.812402016348029e-16
443.12,-1.536987739722801e-13,-2.811454645835898e-16
443.13,-1.5368264866328337e-13,-2.797211416307488e-16
443.14,-1.5366545450331945e-13,-2.810672961736213e-16
443.15,-1.5364866033144825e-13,-2.809303513641193e-16
443.16,-1.5363170784129102e-13,-2.8101077981948315e-16
443.17,-1.536148941160623e-13,-2.8090475961285997e-16
443.18,-1.535982689612256e-13,-2.8090844491332045e-16
443.19,-1.5358164786050104e-13,-2.812720696699719e-16
443.2,-1.5356484688361285e-13,-2.808711856050531e-16
443.21,-1.5354765384302768e-13,-2.8081383145291137e-16
443.22,-1.5353350287317082e-13,-2.8271537352383795e-16
443.23,-1.5351457508687637e-13,-2.8100605345175617e-16
443.24,-1.5349683720384497e-13,-2.806566310442321e-16
443.25,-1.5348052033344875e-13,-2.8067291690837325e-16
443.26,-1.534638322086911e-13,-2.8065114599086597e-16
443.27,-1.534469434209827e-13,-2.805486918288666e-16
443.28,-1.534300969636827e-13,-2.805852761097296e-16
443.29,-1.5341379435835024e-13,-2.805992778220652e-16
443.3,-1.5339667127480434e-13,-2.805192537485388e-16
443.31,-1.5338139763817554e-13,-2.8130600383394437e-16
443.32,-1.5336307769959233e-13,-2.8048175466186286e-16
443.33,-1.53346693807751e-13,-2.805541007788581e-16
443.34,-1.5332944481390186e-13,-2.803649338867005e-16
443.35,-1.5331260163632167e-13,-2.802742945070902e-16
443.36,-1.532959442520336e-13,-2.802254902894791e-16
443.37,-1.5327931115601163e-13,-2.8019700962371226e-16
443.38,-1.532623773259441e-13,-2.80080961915359e-16
443.39,-1.532456519651246e-13,-2.800810114149252e-16
443.4,-1.5322938979501654e-13,-2.801316286749711e-16
443.41,-1.5321179899397565e-13,-2.7984901613138336e-16
443.42,-1.5319548681879113e-13,-2.799999382100504e-16
443.43,-1.53178719765595e-13,-2.8004003996910535e-16
443.44,-1.531619935376693e-13,-2.799442407800619e-16
443.45,-1.5314513840884362e-13,-2.799306243121469e-16
443.46,-1.5312846797364174e-13,-2.7992796209847514e-16
443.47,-1.5311173732717992e-13,-2.7977739550161294e-16
443.48,-1.5309489005927874e-13,-2.7981353162942194e-16
443.49,-1.5307862449926155e-13,-2.800180574338895e-16
443.5,-1.5306166498392282e-13,-2.7983529788573344e-16
443.51,-1.5304498374426943e-13,-2.7990722915419887e-16
443.52,-1.530279477406148e-13,-2.7968471083047936e-16
443.53,-1.5301126570617083e-13,-2.796280711148712e-16
443.54,-1.5299455833908663e-13,-2.795866219840322e-16
443.55,-1.529781793307764e-13,-2.7944805701549903e-16
443.56,-1.5296120331896555e-13,-2.7956638692407995e-16
443.57,-1.5294466527823825e-13,-2.7955901167670796e-16
443.58,-1.529275135752418e-13,-2.790896351188457e-16
443.59,-1.5291114078374585e-13,-2.794059082126609e-16
443.6,-1.5289473617474064e-13,-2.7937625896434046e-16
443.61,-1.5287756630638138e-13,-2.793062373558959e-16
443.62,-1.5286089250515839e-13,-2.7932058236557634e-16
443.63,-1.5284410377087297e-13,-2.7922259452723887e-16
443.64,-1.5282778134494255e-13,-2.7934109738269167e-16
443.65,-1.5281091107410408e-13,-2.792539268395377e-16
443.66,-1.5279393963979066e-13,-2.790881157177895e-16
443.67,-1.5277801490045827e-13,-2.792450209640074e-16
443.68,-1.5276068522103736e-13,-2.7907620012660866e-16
443.69,-1.5274371618438305e-13,-2.789017375440463e-16
443.7,-1.5272711059714312e-13,-2.7883944372451004e-16
443.71,-1.5271069811415587e-13,-2.7892761780154875e-16
443.72,-1.5269408123009156e-13,-2.7902320199948695e-16
443.73,-1.5267755332284418e-13,-2.790167485740768e-16
443.74,-1.5266033454024583e-13,-2.7877895459922613e-16
443.75,-1.526441752049549e-13,-2.789839519930599e-16
443.76,-1.5262715933889852e-13,-2.7881313345293773e-16
443.77,-1.5261057884507153e-13,-2.7867498708442945e-16
443.78,-1.5259314593129704e-13,-2.7812996694861453e-16
443.79,-1.5257696154760377e-13,-2.7852549757266196e-16
443.8,-1.525610439215727e-13,-2.788525465159076e-16
443.81,-1.5254379857461475e-13,-2.784385954293911e-16
443.82,-1.5252741795877567e-13,-2.78600274036815e-16
443.83,-1.5251076186966152e-13,-2.7848956816966204e-16
443.84,-1.5249385658062846e-13,-2.784795008204086e-16
443.85,-1.524773039710124e-13,-2.784043184456996e-16
443.86,-1.5246090290979186e-13,-2.785674362014641e-16
443.87,-1.524429220163557e-13,-2.7844707262420157e-16
443.88,-1.5242751224430278e-13,-2.7836889098184003e-16
443.89,-1.524107840171601e-13,-2.7820339806075615e-16
443.9,-1.523940615634109e-13,-2.782048050580888e-16
443.91,-1.5237741792639524e-13,-2.782093644790189e-16
443.92,-1.5236065300828778e-13,-2.782169672921664e-16
443.93,-1.5234426954062609e-13,-2.782358778845181e-16
443.94,-1.5232718957191225e-13,-2.7806489109505513e-16
443.95,-1.5231073083295782e-13,-2.7811086591259486e-16
443.96,-1.5229280214941567e-13,-2.7689405577237347e-16
443.97,-1.52277827841692e-13,-2.78062947778215e-16
443.98,-1.52261295558147e-13,-2.7795904995570695e-16
443.99,-1.5224439655669157e-13,-2.779729102794907e-16
444.0,-1.5222792715551536e-13,-2.7795661600739816e-16
444.01,-1.5221071401213947e-13,-2.777559179343467e-16
444.02,-1.5219461989213049e-13,-2.7788233579142437e-16
444.03,-1.521775960754653e-13,-2.777404043442191e-16
444.04,-1.5216094313234627e-13,-2.7776680244206153e-16
444.05,-1.5214254879442972e-13,-2.7855774462573865e-16
444.06,-1.5212794256868403e-13,-2.776830049287411e-16
444.07,-1.5211145812888932e-13,-2.7766634251881384e-16
444.08,-1.5209492866784955e-13,-2.7774100206338903e-16
444.09,-1.5207843397933418e-13,-2.776656374439035e-16
444.1,-1.5206195182547995e-13,-2.7740891376614074e-16
444.11,-1.5204506117668383e-13,-2.7743128011368977e-16
444.12,-1.5202877340213132e-13,-2.775841069015522e-16
444.13,-1.5201185956086218e-13,-2.773343079744762e-16
444.14,-1.5199277347067364e-13,-2.781666833251274e-16
444.15,-1.5197876880899187e-13,-2.772954454025971e-16
444.16,-1.5196227562889253e-13,-2.7743835376645044e-16
444.17,-1.519454684755938e-13,-2.7717759468879624e-16
444.18,-1.5192904385542556e-13,-2.772619609024927e-16
444.19,-1.519124410285331e-13,-2.7728836577293175e-16
444.2,-1.5189599059936065e-13,-2.773168225089626e-16
444.21,-1.518790143342846e-13,-2.772954243228178e-16
444.22,-1.5186278919072682e-13,-2.770231390374757e-16
444.23,-1.518469881717131e-13,-2.7751313421169596e-16
444.24,-1.5182939235004576e-13,-2.769243983292643e-16
444.25,-1.5181266660370495e-13,-2.7687755079622253e-16
444.26,-1.5179634608871278e-13,-2.7705783542399307e-16
444.27,-1.517797939491641e-13,-2.769380183272393e-16
444.28,-1.5176316894518538e-13,-2.7679641736073616e-16
444.29,-1.5174680552652757e-13,-2.7704237828744187e-16
444.3,-1.517311610489577e-13,-2.7723561269653315e-16
444.31,-1.5171385487114598e-13,-2.766502717330979e-16
444.32,-1.5169652572314961e-13,-2.765093948959826e-16
444.33,-1.5168065217848201e-13,-2.7675310852231817e-16
444.34,-1.5166394981281706e-13,-2.7665474447153207e-16
444.35,-1.5164743144528495e-13,-2.7669214492216593e-16
444.36,-1.5163087030141112e-13,-2.766038753283974e-16
444.37,-1.5161433831970072e-13,-2.7662994291762797e-16
444.38,-1.5159775360940696e-13,-2.765674009651815e-16
444.39,-1.5158256557089652e-13,-2.7588649388565624e-16
444.4,-1.5156444486995964e-13,-2.7644710760865027e-16
444.41,-1.5154776954202414e-13,-2.7627624492447915e-16
444.42,-1.5153178865688682e-13,-2.7637632371209917e-16
444.43,-1.5151495163879856e-13,-2.762498367978119e-16
444.44,-1.5149865244883088e-13,-2.764277853078818e-16
444.45,-1.5148202821128347e-13,-2.7630125734463433e-16
444.46,-1.5146569159987617e-13,-2.762728205554039e-16
444.47,-1.5144920742702548e-13,-2.7588242319069433e-16
444.48,-1.5143217721001494e-13,-2.763823638635121e-16
444.49,-1.5141561009868286e-13,-2.762738036069365e-16
444.5,-1.5139911862805807e-13,-2.7596409717296583e-16
444.51,-1.5138303085829592e-13,-2.761258506407263e-16
444.52,-1.513667249518117e-13,-2.761941850956205e-16
444.53,-1.51349900413503e-13,-2.7599370468221734e-16
444.54,-1.5133351046801114e-13,-2.759476531846765e-16
444.55,-1.5131713870831223e-13,-2.7597089719907975e-16
444.56,-1.513004285769256e-13,-2.758612815917519e-16
444.57,-1.5128407454430943e-13,-2.756843810884771e-16
444.58,-1.5126739583121806e-13,-2.7577244474522943e-16
444.59,-1.5125113764702132e-13,-2.757093930949884e-16
444.6,-1.512341824095912e-13,-2.758196854940923e-16
444.61,-1.5121801019669814e-13,-2.7584175991750383e-16
444.62,-1.512015272489372e-13,-2.7563926842759226e-16
444.63,-1.511849198570436e-13,-2.758493742039386e-16
444.64,-1.5116827779226131e-13,-2.754276496415282e-16
444.65,-1.5115189695980707e-13,-2.7545510473916934e-16
444.66,-1.5113601333380805e-13,-2.75657084185022e-16
444.67,-1.5111873783987376e-13,-2.754418405226343e-16
444.68,-1.5110259396395139e-13,-2.7540337814586313e-16
444.69,-1.5108550889969287e-13,-2.7510566737358557e-16
444.7,-1.5106966326582406e-13,-2.754575674637729e-16
444.71,-1.5105334811858768e-13,-2.753549954753912e-16
444.72,-1.5103646169977845e-13,-2.7559191100481026e-16
444.73,-1.5102040999530123e-13,-2.752431422729226e-16
444.74,-1.5100399305518e-13,-2.752346769250218e-16
444.75,-1.5098676359815642e-13,-2.7487054688111004e-16
444.76,-1.5097076027432071e-13,-2.7479620847272825e-16
444.77,-1.509548493564356e-13,-2.752433617769858e-16
444.78,-1.5093769174474617e-13,-2.7564428426208e-16
444.79,-1.5092159976782381e-13,-2.750675411855921e-16
444.8,-1.5090519791358808e-13,-2.751652556129253e-16
444.81,-1.508895421560934e-13,-2.7500931258701563e-16
444.82,-1.5087216670045388e-13,-2.7506221463131306e-16
444.83,-1.5085551253406997e-13,-2.7492425309002547e-16
444.84,-1.5083891579062428e-13,-2.7495375066477863e-16
444.85,-1.5082080611583391e-13,-2.752503517072665e-16
444.86,-1.5080656727447895e-13,-2.7471539675638095e-16
444.87,-1.5079006452298494e-13,-2.748642314224079e-16
444.88,-1.5077356126326442e-13,-2.7474856878601386e-16
444.89,-1.507573739200954e-13,-2.7475073675100477e-16
444.9,-1.507409581990742e-13,-2.7473214384430303e-16
444.91,-1.5072420116388302e-13,-2.745118148739411e-16
444.92,-1.5070790930728075e-13,-2.744852981845673e-16
444.93,-1.5069189098679213e-13,-2.743079840481544e-16
444.94,-1.5067463346487565e-13,-2.74520396522402e-16
444.95,-1.5065877111584162e-13,-2.7446654061572076e-16
444.96,-1.5064220847062132e-13,-2.7449193166252016e-16
444.97,-1.5062584353029298e-13,-2.7442065681037835e-16
444.98,-1.5060937362129343e-13,-2.743598242342459e-16
444.99,-1.5059274768678416e-13,-2.742831690972949e-16
445.0,-1.5057659330416207e-13,-2.743522775081615e-16
445.01,-1.5056023436025363e-13,-2.7429456969414293e-16
445.02,-1.5054376876325951e-13,-2.7424199974457515e-16
445.03,-1.505278085318842e-13,-2.744126034555214e-16
445.04,-1.5051108357031987e-13,-2.7431078086566955e-16
445.05,-1.5049444919726372e-13,-2.7415325602349396e-16
445.06,-1.5047829624086282e-13,-2.741333270245069e-16
445.07,-1.5046203879927866e-13,-2.7407903494254133e-16
445.08,-1.504455469783438e-13,-2.7400001290130115e-16
445.09,-1.504290195963922e-13,-2.739708914771212e-16
445.1,-1.5041288590925046e-13,-2.7395741886171724e-16
445.11,-1.5039694686505485e-13,-2.740810288482188e-16
445.12,-1.5038006875351418e-13,-2.739052293974267e-16
445.13,-1.503633885212714e-13,-2.739039791282269e-16
445.14,-1.5034772053886608e-13,-2.736809549203466e-16
445.15,-1.5033069354480561e-13,-2.737268781616748e-16
445.16,-1.5031413245138733e-13,-2.7401282547948314e-16
445.17,-1.502982263687759e-13,-2.739277785339929e-16
445.18,-1.5028194772626857e-13,-2.7372896973023846e-16
445.19,-1.5026535057107215e-13,-2.7356676044924393e-16
445.2,-1.5024877496576403e-13,-2.733100389076322e-16
445.21,-1.5023221395353867e-13,-2.7363475836754135e-16
445.22,-1.5021637732660092e-13,-2.7361816158745067e-16
445.23,-1.5020011493332234e-13,-2.735657573995674e-16
445.24,-1.5018385680982116e-13,-2.731750801803817e-16
445.25,-1.501671588597294e-13,-2.7347666233022443e-16
445.26,-1.5015073837472567e-13,-2.7348812558583446e-16
445.27,-1.5013459718216625e-13,-2.7333423429281354e-16
445.28,-1.5011794694387338e-13,-2.7346137706443904e-16
445.29,-1.5010184256849242e-13,-2.7336848972252283e-16
445.3,-1.500853053286714e-13,-2.7313984192478764e-16
445.31,-1.5006911813347424e-13,-2.7327367335883753e-16
445.32,-1.500526338031234e-13,-2.732022913318422e-16
445.33,-1.5003672762476739e-13,-2.731509549200905e-16
445.34,-1.5002004502440626e-13,-2.7314972910933266e-16
445.35,-1.5000383734869707e-13,-2.7310582432691176e-16
445.36,-1.4998733634071375e-13,-2.7301765285496086e-16
445.37,-1.4997145693977207e-13,-2.730621908009131e-16
445.38,-1.499553264847375e-13,-2.7301410930903883e-16
445.39,-1.4993842768863902e-13,-2.729442347371894e-16
445.4,-1.4992206645770432e-13,-2.7298088083583495e-16
445.41,-1.4990582209527084e-13,-2.727278190904151e-16
445.42,-1.4988955411456724e-13,-2.729287313388692e-16
445.43,-1.4987313575752598e-13,-2.7265520732343957e-16
445.44,-1.4985722953819753e-13,-2.7275711536670406e-16
445.45,-1.498408062535943e-13,-2.728385098001905e-16
445.46,-1.498243756988796e-13,-2.725568605785572e-16
445.47,-1.4980778426033865e-13,-2.728599628079797e-16
445.48,-1.4979138105768768e-13,-2.7247455867005e-16
445.49,-1.4977528043610898e-13,-2.724549688738331e-16
445.5,-1.4975907260145916e-13,-2.7252071893198504e-16
445.51,-1.4974292026899842e-13,-2.7252125837554425e-16
445.52,-1.497264480370553e-13,-2.724570932003106e-16
445.53,-1.4971002371934194e-13,-2.7244048345797233e-16
445.54,-1.49693984460476e-13,-2.7243326106927993e-16
445.55,-1.496778600555649e-13,-2.7238885562472245e-16
445.56,-1.496615134101082e-13,-2.7232584861090093e-16
445.57,-1.4964521416345462e-13,-2.72389773419251e-16
445.58,-1.4962873767056538e-13,-2.7221304766065895e-16
445.59,-1.496124803731411e-13,-2.7218608248831653e-16
445.6,-1.4959628375459348e-13,-2.7212249453489256e-16
445.61,-1.4957994990878478e-13,-2.7211827624750975e-16
445.62,-1.4956366122437374e-13,-2.7211126303020783e-16
445.63,-1.4954750537237382e-13,-2.720360395646739e-16
445.64,-1.495311125081209e-13,-2.72014633590122e-16
445.65,-1.4951469867792514e-13,-2.720474480349749e-16
445.66,-1.4949886438339793e-13,-2.7194338313507333e-16
445.67,-1.4948253743989113e-13,-2.7190119464084856e-16
445.68,-1.4946607238251572e-13,-2.718488545627723e-16
445.69,-1.4944972433179263e-13,-2.7183423045639247e-16
445.7,-1.4943361431875503e-13,-2.718725898368774e-16
445.71,-1.4941767620948579e-13,-2.7179582017084717e-16
445.72,-1.4940111725022715e-13,-2.71900035295904e-16
445.73,-1.4938499397491658e-13,-2.717121857862136e-16
445.74,-1.4936896647392668e-13,-2.716004151232191e-16
445.75,-1.493523807154744e-13,-2.7161677634928273e-16
445.76,-1.4933638174674423e-13,-2.717535460225753e-16
445.77,-1.493199786449043e-13,-2.7157612780876733e-16
445.78,-1.4930363037186615e-13,-2.7148563565927743e-16
445.79,-1.4928743040146662e-13,-2.716539745859591e-16
445.8,-1.4927115725777e-13,-2.7142389925166635e-16
445.81,-1.4925504312140665e-13,-2.714310571261234e-16
445.82,-1.492385413144203e-13,-2.71313036285391e-16
445.83,-1.492223393274629e-13,-2.7126654731160167e-16
445.84,-1.492061903235929e-13,-2.713690975129809e-16
445.85,-1.4918957502305415e-13,-2.711930683621053e-16
445.86,-1.491737058664881e-13,-2.712118145750962e-16
445.87,-1.4915741371625266e-13,-2.7114657631034175e-16
445.88,-1.4914185687603748e-13,-2.714101045661447e-16
445.89,-1.4912503788938043e-13,-2.7123133479276997e-16
445.9,-1.491088252291431e-13,-2.7114590732514043e-16
445.91,-1.4909247681908648e-13,-2.709758482268544e-16
445.92,-1.4907680454779953e-13,-2.7108043589791065e-16
445.93,-1.490603183178912e-13,-2.710411809719907e-16
445.94,-1.4904405125844325e-13,-2.7108934229977715e-16
445.95,-1.4902836389656768e-13,-2.7105602091703777e-16
445.96,-1.4901193949494123e-13,-2.7073471480105273e-16
445.97,-1.4899585592592345e-13,-2.7100218165353476e-16
445.98,-1.4897944747347464e-13,-2.7077892438560267e-16
445.99,-1.4896290502029784e-13,-2.706849830252311e-16
446.0,-1.4894680302829043e-13,-2.707380919812805e-16
446.01,-1.4893182125992292e-13,-2.7084180368929533e-16
446.02,-1.4891463929591616e-13,-2.707360922956465e-16
446.03,-1.4889806380294926e-13,-2.706203704407653e-16
446.04,-1.4888233864003134e-13,-2.706582796012931e-16
446.05,-1.4886603060466062e-13,-2.7062239888873915e-16
446.06,-1.4884973941832846e-13,-2.7065886929061003e-16
446.07,-1.488338318078024e-13,-2.7055132805178857e-16
446.08,-1.488175006397136e-13,-2.704508632493329e-16
446.09,-1.4880131521339748e-13,-2.703841059763654e-16
446.1,-1.4878467458328984e-13,-2.703255614986387e-16
446.11,-1.4876896972151713e-13,-2.704217069279285e-16
446.12,-1.4875278932650205e-13,-2.7036485760253573e-16
446.13,-1.4873664019088799e-13,-2.703070301927604e-16
446.14,-1.4872056854421186e-13,-2.702536093141664e-16
446.15,-1.487042495105478e-13,-2.702487414017509e-16
446.16,-1.4868799465366851e-13,-2.701674855026468e-16
446.17,-1.4867156144243624e-13,-2.7011954303620895e-16
446.18,-1.4865586462255636e-13,-2.6987921746438155e-16
446.19,-1.4863938548881766e-13,-2.703298212141334e-16
446.2,-1.4862336272578153e-13,-2.700465100628041e-16
446.21,-1.486075159811685e-13,-2.7005370723527785e-16
446.22,-1.4859107016729962e-13,-2.7000282990904974e-16
446.23,-1.4857485607655278e-13,-2.699786962471263e-16
446.24,-1.485588181176463e-13,-2.6991121496088617e-16
446.25,-1.4854276700396657e-13,-2.698952894601276e-16
446.26,-1.4852650743141488e-13,-2.699274348136694e-16
446.27,-1.4850899231230132e-13,-2.700341236924304e-16
446.28,-1.484950033586472e-13,-2.697334269641466e-16
446.29,-1.4847844662361868e-13,-2.6972797157597524e-16
446.3,-1.484622058611221e-13,-2.69710548486703e-16
446.31,-1.4844575247655405e-13,-2.701762598581005e-16
446.32,-1.4843000365630025e-13,-2.696449339721113e-16
446.33,-1.4841375681130896e-13,-2.696215948970135e-16
446.34,-1.483982013020374e-13,-2.6946537239709587e-16
446.35,-1.4838135175478902e-13,-2.6944785020811064e-16
446.36,-1.4836697621641927e-13,-2.697283148038089e-16
446.37,-1.48349332038738e-13,-2.698343461143099e-16
446.38,-1.4833323149026828e-13,-2.6949248360786394e-16
446.39,-1.48316871052635e-13,-2.693484467746499e-16
446.4,-1.4830032922050754e-13,-2.690338951684114e-16
446.41,-1.4828485985976677e-13,-2.6940855022343833e-16
446.42,-1.4826869232534312e-13,-2.692819308838499e-16
446.43,-1.4825332796111878e-13,-2.6932628777909e-16
446.44,-1.4823691539184558e-13,-2.6936195579703927e-16
446.45,-1.482202706292482e-13,-2.690231100052783e-16
446.46,-1.4820448771107283e-13,-2.6929196036980697e-16
446.47,-1.481889044719326e-13,-2.692426689823293e-16
446.48,-1.4817229991896233e-13,-2.6910241155975815e-16
446.49,-1.4815577545192436e-13,-2.690940932979528e-16
446.5,-1.481400041567276e-13,-2.6902907115385957e-16
446.51,-1.481238904061339e-13,-2.6904258323421243e-16
446.52,-1.4810777077867235e-13,-2.6891893976493265e-16
446.53,-1.4809205880154526e-13,-2.689409197558829e-16
446.54,-1.4807594165112923e-13,-2.6886989659198805e-16
446.55,-1.4805988349503097e-13,-2.6873502053349185e-16
446.56,-1.4804379662364485e-13,-2.6896011438259453e-16
446.57,-1.480276219869535e-13,-2.688570464727886e-16
446.58,-1.4801153568196048e-13,-2.689073747408033e-16
446.59,-1.4799544185505846e-13,-2.687413896763834e-16
446.6,-1.479790748108272e-13,-2.6867516800200864e-16
446.61,-1.4796313917791346e-13,-2.686629829946076e-16
446.62,-1.4794740365874506e-13,-2.688157501226924e-16
446.63,-1.479309407694866e-13,-2.6857816231208564e-16
446.64,-1.479151569214611e-13,-2.6866794527234305e-16
446.65,-1.478991566639372e-13,-2.6872751078338363e-16
446.66,-1.4788287235182685e-13,-2.684658284719543e-16
446.67,-1.4786670487980167e-13,-2.684800510775227e-16
446.68,-1.4785086954411678e-13,-2.683910559796782e-16
446.69,-1.478348278208034e-13,-2.68384943868439e-16
446.7,-1.4781835363287618e-13,-2.68342926131222e-16
446.71,-1.478023792576776e-13,-2.682621731899651e-16
446.72,-1.4778624337954019e-13,-2.681187325132369e-16
446.73,-1.4777193355063908e-13,-2.6848639131826216e-16
446.74,-1.4775449053451106e-13,-2.682130395327392e-16
446.75,-1.4773848515915146e-13,-2.682289048673947e-16
446.76,-1.4772250791363705e-13,-2.68202437330558e-16
446.77,-1.4770641832495012e-13,-2.681003086594668e-16
446.78,-1.4769112323066288e-13,-2.681973159097043e-16
446.79,-1.4767434750550772e-13,-2.681085787871785e-16
446.8,-1.4765903798320474e-13,-2.6786900567342426e-16
446.81,-1.476421273044231e-13,-2.679456444046934e-16
446.82,-1.476279518851807e-13,-2.687234414249313e-16
446.83,-1.4761043114454387e-13,-2.679951396944067e-16
446.84,-1.4759427905898935e-13,-2.6774399341239786e-16
446.85,-1.475782685116464e-13,-2.677608385149746e-16
446.86,-1.475624308556945e-13,-2.6779748766105166e-16
446.87,-1.475463700351018e-13,-2.676301947282384e-16
446.88,-1.4753021946759448e-13,-2.677340487816364e-16
446.89,-1.475143965523682e-13,-2.672539523329165e-16
446.9,-1.4749837206389306e-13,-2.676471889896064e-16
446.91,-1.4748204086066533e-13,-2.674499507605343e-16
446.92,-1.4746625879938694e-13,-2.67675892828782e-16
446.93,-1.4745013105725358e-13,-2.675183212927625e-16
446.94,-1.4743416345599588e-13,-2.6746520351274807e-16
446.95,-1.4741858650883998e-13,-2.6745420215233344e-16
446.96,-1.4740246201200008e-13,-2.6753939492955907e-16
446.97,-1.4738647677083832e-13,-2.6749029378063885e-16
446.98,-1.473722448112289e-13,-2.674757766274141e-16
446.99,-1.473544751360938e-13,-2.672403128188995e-16
447.0,-1.4733832264247078e-13,-2.6742608479390383e-16
447.01,-1.4732242035048142e-13,-2.672976760477741e-16
447.02,-1.4730600212933293e-13,-2.6718160936130024e-16
447.03,-1.4729028261782938e-13,-2.671749074606902e-16
447.04,-1.4727476249009522e-13,-2.6725525271727733e-16
447.05,-1.4725842575835276e-13,-2.671844292746811e-16
447.06,-1.4724260957310792e-13,-2.6709034720454453e-16
447.07,-1.472293941839371e-13,-2.658623393215143e-16
447.08,-1.4721043496676976e-13,-2.6681309279988584e-16
447.09,-1.4719504784272494e-13,-2.671111516565613e-16
447.1,-1.471788390088853e-13,-2.670118012190245e-16
447.11,-1.4716294219965902e-13,-2.6711459872813236e-16
447.12,-1.471467174133839e-13,-2.668519400474552e-16
447.13,-1.4713106793325715e-13,-2.6678740323197335e-16
447.14,-1.4711511648323047e-13,-2.669348707234408e-16
447.15,-1.4709893972277147e-13,-2.6689113840500004e-16
447.16,-1.4708428590698372e-13,-2.686003912990427e-16
447.17,-1.4706717725615313e-13,-2.6677419368436887e-16
447.18,-1.4705030167670892e-13,-2.6652908017242737e-16
447.19,-1.4703490637876354e-13,-2.6660002086820235e-16
447.2,-1.4701925728792238e-13,-2.665791263876761e-16
447.21,-1.4700311627822973e-13,-2.6655623081338874e-16
447.22,-1.4698721808182744e-13,-2.6661620368418713e-16
447.23,-1.4697154974221973e-13,-2.665658894426777e-16
447.24,-1.4695539108449e-13,-2.6644075917332895e-16
447.25,-1.469406823628751e-13,-2.6710952640583933e-16
447.26,-1.4692338246502452e-13,-2.663743427437525e-16
447.27,-1.4690786663159566e-13,-2.664658113291051e-16
447.28,-1.468916871320826e-13,-2.66329354766629e-16
447.29,-1.4687563710065827e-13,-2.6629183108959795e-16
447.3,-1.4686005518504353e-13,-2.6632568751958033e-16
447.31,-1.4684379243394366e-13,-2.662115784084189e-16
447.32,-1.468283975280608e-13,-2.662721408869114e-16
447.33,-1.468121672250752e-13,-2.66176841626188e-16
447.34,-1.4679570756722084e-13,-2.659932747648754e-16
447.35,-1.4678056371817015e-13,-2.6624522069090845e-16
447.36,-1.467644826272374e-13,-2.6603756989314985e-16
447.37,-1.4674840537171142e-13,-2.659139721521938e-16
447.38,-1.4673272629047954e-13,-2.6611332784641475e-16
447.39,-1.4671662324890418e-13,-2.658873435841161e-16
447.4,-1.4670078304832848e-13,-2.6588159928132366e-16
447.41,-1.4668523653897454e-13,-2.659567182260657e-16
447.42,-1.466691423010316e-13,-2.6622810105461723e-16
447.43,-1.4665361908292458e-13,-2.6581852921168407e-16
447.44,-1.466372061893646e-13,-2.6581159645378815e-16
447.45,-1.4662150193546515e-13,-2.656024948477221e-16
447.46,-1.4660555747736374e-13,-2.6591886313309174e-16
447.47,-1.4658960531971033e-13,-2.6572765813723125e-16
447.48,-1.4657393330031712e-13,-2.6570398913910035e-16
447.49,-1.4655769272094225e-13,-2.6554789716556585e-16
447.5,-1.4654186974917735e-13,-2.6561920203704067e-16
447.51,-1.465262883569342e-13,-2.657402478629669e-16
447.52,-1.4650967033296586e-13,-2.6530653995576324e-16
447.53,-1.4649463548314408e-13,-2.6545929429511507e-16
447.54,-1.4647808382934072e-13,-2.6537441836334984e-16
447.55,-1.464626339398305e-13,-2.6553280686588524e-16
447.56,-1.4644681409408362e-13,-2.6539327711092425e-16
447.57,-1.4643029480424066e-13,-2.653460343457118e-16
447.58,-1.4641513667843395e-13,-2.653418549635025e-16
447.59,-1.4639896541970338e-13,-2.652895890161591e-16
447.6,-1.463833646671988e-13,-2.6529681374242686e-16
447.61,-1.4636741141780141e-13,-2.6521918772945104e-16
447.62,-1.4635146617741366e-13,-2.651466619090486e-16
447.63,-1.4633602345439903e-13,-2.653618465254104e-16
447.64,-1.4632007650120732e-13,-2.649590232132127e-16
447.65,-1.4630402017488963e-13,-2.650364920496561e-16
447.66,-1.462882854512416e-13,-2.6499326732972097e-16
447.67,-1.4627251339965161e-13,-2.650672053634244e-16
447.68,-1.46256596513137e-13,-2.6507581266807793e-16
447.69,-1.4624052371771245e-13,-2.6498681610760323e-16
447.7,-1.4622482722945223e-13,-2.6506671398181475e-16
447.71,-1.4620893301077422e-13,-2.6473510418476164e-16
447.72,-1.4619383391012815e-13,-2.650959372800973e-16
447.73,-1.461775297542318e-13,-2.647872970227121e-16
447.74,-1.4616153091284618e-13,-2.6468119902048667e-16
447.75,-1.4614592024291452e-13,-2.647858271925763e-16
447.76,-1.461297484244001e-13,-2.6471724457659887e-16
447.77,-1.4611408065065807e-13,-2.6471954660066595e-16
447.78,-1.4609820276681408e-13,-2.645491854433078e-16
447.79,-1.4608217707761384e-13,-2.6453117668082994e-16
447.8,-1.460665480471308e-13,-2.6457954595513635e-16
447.81,-1.4605167247227284e-13,-2.6529213854332335e-16
447.82,-1.4603491445906777e-13,-2.645105497107602e-16
447.83,-1.460191266395073e-13,-2.6460318893872375e-16
447.84,-1.460040857465101e-13,-2.64784557636142e-16
447.85,-1.4598768286315382e-13,-2.645223402927411e-16
447.86,-1.4597159862817596e-13,-2.6444758817170464e-16
447.87,-1.4595602335446422e-13,-2.6436301671636665e-16
447.88,-1.4594024861701112e-13,-2.643309516592483e-16
447.89,-1.4592412696109837e-13,-2.641135766331702e-16
447.9,-1.4590701917039817e-13,-2.6462191050869957e-16
447.91,-1.45892697568424e-13,-2.6414558813274634e-16
447.92,-1.4587700201159043e-13,-2.644598966853905e-16
447.93,-1.4586201673823405e-13,-2.6456886196414866e-16
447.94,-1.4584536887308402e-13,-2.6412065282124435e-16
447.95,-1.4582965341599165e-13,-2.640851056491991e-16
447.96,-1.4581387631725898e-13,-2.6399999359757556e-16
447.97,-1.4579781413891684e-13,-2.640219506490602e-16
447.98,-1.4578272332796117e-13,-2.6408068527055653e-16
447.99,-1.45769128448629e-13,-2.6578666763104556e-16
448.0,-1.4575045042782458e-13,-2.636037691481003e-16
448.01,-1.4573482082236373e-13,-2.6390051560551993e-16
448.02,-1.457190605527803e-13,-2.6384109507917936e-16
448.03,-1.4570298723825674e-13,-2.6368741632330985e-16
448.04,-1.456874621967988e-13,-2.636068600453881e-16
448.05,-1.4567211925459735e-13,-2.6380367831870474e-16
448.06,-1.456561268107301e-13,-2.6370905420255414e-16
448.07,-1.45639529577896e-13,-2.632313941574133e-16
448.08,-1.4562671223360993e-13,-2.6469770391396155e-16
448.09,-1.4560876274898605e-13,-2.6352032148565586e-16
448.1,-1.4559305824903913e-13,-2.6351392373076856e-16
448.11,-1.4557726068206634e-13,-2.635185050287497e-16
448.12,-1.4556125114598233e-13,-2.6345119968783916e-16
448.13,-1.4554564843558122e-13,-2.6350732550865436e-16
448.14,-1.455300786070117e-13,-2.6328331664521927e-16
448.15,-1.4551446096033108e-13,-2.639599711188702e-16
448.16,-1.454978693384139e-13,-2.6298177067434425e-16
448.17,-1.4548379773051654e-13,-2.632554576341509e-16
448.18,-1.4546689690290544e-13,-2.632708703623002e-16
448.19,-1.4545120387102004e-13,-2.634742708001315e-16
448.2,-1.4543582233293504e-13,-2.631491594037749e-16
448.21,-1.4542005317121882e-13,-2.63219151511587e-16
448.22,-1.4540412043177652e-13,-2.6320696509342583e-16
448.23,-1.4538839156566612e-13,-2.6306525118843727e-16
448.24,-1.4537024865320767e-13,-2.625481298285379e-16
448.25,-1.453569522056959e-13,-2.6306664599235775e-16
448.26,-1.4534091329220851e-13,-2.628151885566396e-16
448.27,-1.453252432032733e-13,-2.629588571553879e-16
448.28,-1.4530979856749807e-13,-2.629093378777494e-16
448.29,-1.4529445733648104e-13,-2.6307398311602984e-16
448.3,-1.4527849774995242e-13,-2.628846862280381e-16
448.31,-1.4526279396538543e-13,-2.6287237301155513e-16
448.32,-1.45246955136685e-13,-2.627880228894239e-16
448.33,-1.4523006728801624e-13,-2.624960687405247e-16
448.34,-1.4521566292222787e-13,-2.628641027564063e-16
448.35,-1.4520001805466724e-13,-2.630669761963318e-16
448.36,-1.451840661440466e-13,-2.6262898877875696e-16
448.37,-1.4516859962311475e-13,-2.6260666618583657e-16
448.38,-1.4515276000757178e-13,-2.625904987441884e-16
448.39,-1.4513703513940738e-13,-2.626548243290123e-16
448.4,-1.451213938391245e-13,-2.625670725142349e-16
448.41,-1.4510616766754524e-13,-2.625752836293598e-16
448.42,-1.4509036862401783e-13,-2.6259056594697776e-16
448.43,-1.4507428820390958e-13,-2.6250617040721656e-16
448.44,-1.4505807524566044e-13,-2.6235709057198156e-16
448.45,-1.4504274076178742e-13,-2.622898852415379e-16
448.46,-1.450270018584206e-13,-2.622987852860315e-16
448.47,-1.4501159806639158e-13,-2.623276417711405e-16
448.48,-1.4499572074609293e-13,-2.6220159653088986e-16
448.49,-1.449802814328765e-13,-2.621612988852341e-16
448.5,-1.4496462677090836e-13,-2.6220061054698776e-16
448.51,-1.449490751792947e-13,-2.6246908608033837e-16
448.52,-1.449333423617888e-13,-2.6219079489388024e-16
448.53,-1.4491747832959718e-13,-2.619205969745742e-16
448.54,-1.4490191545351e-13,-2.619857656418279e-16
448.55,-1.4488613090200535e-13,-2.6202469159154064e-16
448.56,-1.4487054031225414e-13,-2.6197556969854827e-16
448.57,-1.448549306805221e-13,-2.6172125974003657e-16
448.58,-1.4483935575102846e-13,-2.6198489402481244e-16
448.59,-1.448236602656931e-13,-2.6193407288043537e-16
448.6,-1.4480727336913207e-13,-2.618715219505201e-16
448.61,-1.4479199525377858e-13,-2.6152755429608835e-16
448.62,-1.4477664128852428e-13,-2.6161896759533575e-16
448.63,-1.4476161047109822e-13,-2.6183536034977514e-16
448.64,-1.4474531193799447e-13,-2.6174485232594223e-16
448.65,-1.447294902191739e-13,-2.616662690189968e-16
448.66,-1.4471340486267356e-13,-2.614439729829457e-16
448.67,-1.4469854014408752e-13,-2.61643085840268e-16
448.68,-1.4468254173704543e-13,-2.6143038339977995e-16
448.69,-1.4466834983671237e-13,-2.619546365513981e-16
448.7,-1.4465334836186728e-13,-2.6186827417896803e-16
448.71,-1.4463610896220315e-13,-2.6154030631716717e-16
448.72,-1.4461976340913739e-13,-2.6087136668149887e-16
448.73,-1.4460457901624824e-13,-2.6139757457716697e-16
448.74,-1.4458910800307782e-13,-2.6137228156687614e-16
448.75,-1.4457322141645624e-13,-2.6142480949827725e-16
448.76,-1.4455780676785577e-13,-2.6130938802340548e-16
448.77,-1.4454198641514298e-13,-2.612217814963861e-16
448.78,-1.445265114447617e-13,-2.613934944781906e-16
448.79,-1.4451141089336614e-13,-2.618467432405038e-16
448.8,-1.4449524978245026e-13,-2.611367863930401e-16
448.81,-1.444800329058288e-13,-2.6110965776841533e-16
448.82,-1.4446417398127925e-13,-2.611501543215101e-16
448.83,-1.4444842703383703e-13,-2.610438268061441e-16
448.84,-1.4443297272492807e-13,-2.609903655302568e-16
448.85,-1.4441737257598594e-13,-2.609134681159191e-16
448.86,-1.4440177640400574e-13,-2.610051638397117e-16
448.87,-1.443859273959229e-13,-2.6087398644966844e-16
448.88,-1.4437076187681908e-13,-2.6090712672613944e-16
448.89,-1.4435506016352575e-13,-2.609714687977415e-16
448.9,-1.443393539720058e-13,-2.609082263941919e-16
448.91,-1.4432370511700553e-13,-2.6074168943739995e-16
448.92,-1.443080840880339e-13,-2.606872408418908e-16
448.93,-1.4429254312438735e-13,-2.6071567351785225e-16
448.94,-1.4427683111389414e-13,-2.6061096333999707e-16
448.95,-1.4426121901782785e-13,-2.605815870208424e-16
448.96,-1.442458345845242e-13,-2.6068168045556507e-16
448.97,-1.442297561088367e-13,-2.604651584717572e-16
448.98,-1.442148115965617e-13,-2.6047289804280345e-16
448.99,-1.4419910500467363e-13,-2.6050386670837166e-16
449.0,-1.441833961376062e-13,-2.604354092203423e-16
449.01,-1.441678942123851e-13,-2.606542342669349e-16
449.02,-1.4415216565729459e-13,-2.6040596909575513e-16
449.03,-1.4413687597997536e-13,-2.603787929173494e-16
449.04,-1.4412143107523938e-13,-2.6027252964607324e-16
449.05,-1.44105906997939e-13,-2.6020940109018314e-16
449.06,-1.4409037629982877e-13,-2.605380206541886e-16
449.07,-1.4407473007131525e-13,-2.60339408091963e-16
449.08,-1.4405887827875697e-13,-2.6011500265036886e-16
449.09,-1.4404358331977847e-13,-2.602537864225879e-16
449.1,-1.4402794031240675e-13,-2.603105564818492e-16
449.11,-1.4401247101776477e-13,-2.602393644108908e-16
449.12,-1.4399688790451706e-13,-2.6008020427758316e-16
449.13,-1.439812712780117e-13,-2.60050563695248e-16
449.14,-1.4396583290637115e-13,-2.600033005037662e-16
449.15,-1.4394992207892391e-13,-2.599394309212257e-16
449.16,-1.4393482437209853e-13,-2.5996652105616396e-16
449.17,-1.4391920970900217e-13,-2.5993258479342907e-16
449.18,-1.4390376508396178e-13,-2.6003011387747404e-16
449.19,-1.4388804814414852e-13,-2.597909189574991e-16
449.2,-1.4387242518580205e-13,-2.5997154957116844e-16
449.21,-1.4385718629680009e-13,-2.598321105232404e-16
449.22,-1.4384132558666611e-13,-2.5950496975815065e-16
449.23,-1.4382620477651477e-13,-2.5967525635243776e-16
449.24,-1.438102499501251e-13,-2.596419535212734e-16
449.25,-1.437947022020621e-13,-2.5959664699224374e-16
449.26,-1.4377933702862972e-13,-2.595875524374172e-16
449.27,-1.4376394060947967e-13,-2.5961111553980493e-16
449.28,-1.4374850289571728e-13,-2.596029066861617e-16
449.29,-1.43732823354297e-13,-2.596620719726048e-16
449.3,-1.437172062312843e-13,-2.5947770372527665e-16
449.31,-1.4370188885730452e-13,-2.5941348061329905e-16
449.32,-1.4368648937931963e-13,-2.59459729673607e-16
449.33,-1.436706567206607e-13,-2.59323982489676e-16
449.34,-1.4365548631686612e-13,-2.5935689851952832e-16
449.35,-1.4363974277700014e-13,-2.593518145572792e-16
449.36,-1.436245310878832e-13,-2.5920600432957256e-16
449.37,-1.4360923423420683e-13,-2.5924571337412933e-16
449.38,-1.4359320430727488e-13,-2.592544133455558e-16
449.39,-1.4357796928867448e-13,-2.5919420467033223e-16
449.4,-1.4356215060487668e-13,-2.5910904175524964e-16
449.41,-1.4354662466838216e-13,-2.5904015418337606e-16
449.42,-1.4353133026012452e-13,-2.5896471759195245e-16
449.43,-1.435158145863758e-13,-2.5904648222096124e-16
449.44,-1.4350045277008691e-13,-2.59005818480677e-16
449.45,-1.434849941101388e-13,-2.5895192293474247e-16
449.46,-1.4346948252260677e-13,-2.589970916558339e-16
449.47,-1.434537566715634e-13,-2.588286724853887e-16
449.48,-1.4343851701785746e-13,-2.5890248699516627e-16
449.49,-1.4342293371180515e-13,-2.5874578839977015e-16
449.5,-1.4340758717304642e-13,-2.588238156989681e-16
449.51,-1.4339192705614263e-13,-2.5871951989017393e-16
449.52,-1.4337665600330146e-13,-2.5873735886169084e-16
449.53,-1.43361338826174e-13,-2.5880959006782215e-16
449.54,-1.4334578995042942e-13,-2.5865547867726024e-16
449.55,-1.433302993971708e-13,-2.5865982065839734e-16
449.56,-1.433146565794406e-13,-2.585306382509276e-16
449.57,-1.4329961568369962e-13,-2.5865682357744937e-16
449.58,-1.4328374611664324e-13,-2.585453482836065e-16
449.59,-1.4326833671060247e-13,-2.5851800875007605e-16
449.6,-1.4325305868577964e-13,-2.585296106172152e-16
449.61,-1.4323771472884987e-13,-2.5833706750192453e-16
449.62,-1.4322202182060588e-13,-2.583411635847765e-16
449.63,-1.432066085273978e-13,-2.5832293834039013e-16
449.64,-1.4319122456267313e-13,-2.583795696751667e-16
449.65,-1.4317580206635425e-13,-2.583591785642885e-16
449.66,-1.431603064476697e-13,-2.5833239935056583e-16
449.67,-1.4314487450076653e-13,-2.5833105711523364e-16
449.68,-1.4312955706826122e-13,-2.5822245222381835e-16
449.69,-1.431139100875168e-13,-2.579511127731134e-16
449.7,-1.4309869359541847e-13,-2.581760468719285e-16
449.71,-1.4308302275785363e-13,-2.581738250049992e-16
449.72,-1.4306772913134253e-13,-2.580840999735868e-16
449.73,-1.4305239675018368e-13,-2.580651870260187e-16
449.74,-1.4303688732091755e-13,-2.5819200013211817e-16
449.75,-1.4302145058788819e-13,-2.5787768894200025e-16
449.76,-1.4300589279142933e-13,-2.5791756202836753e-16
449.77,-1.4299106957551387e-13,-2.580040743421157e-16
449.78,-1.429751626587766e-13,-2.578992678557884e-16
449.79,-1.4295988213084722e-13,-2.578441980826799e-16
449.8,-1.429444539373413e-13,-2.578349273992671e-16
449.81,-1.4292908629674292e-13,-2.581415363924241e-16
449.82,-1.4291358019931166e-13,-2.576165755363208e-16
449.83,-1.4289844455963181e-13,-2.5784452518024327e-16
449.84,-1.4288267643228572e-13,-2.575478189310677e-16
449.85,-1.428673731020536e-13,-2.5778203773242835e-16
449.86,-1.4285228630521624e-13,-2.5747109896286837e-16
449.87,-1.4283673534023963e-13,-2.577020229944585e-16
449.88,-1.4282111231936577e-13,-2.5754876037728766e-16
449.89,-1.428063762059572e-13,-2.5751485069940357e-16
449.9,-1.4279013923237451e-13,-2.574127740321227e-16
449.91,-1.427749548368292e-13,-2.573577980456012e-16
449.92,-1.4275975394723242e-13,-2.57362770112032e-16
449.93,-1.427443568931833e-13,-2.5739050579691255e-16
449.94,-1.4272842618345381e-13,-2.5727605026593436e-16
449.95,-1.4271377414351596e-13,-2.5751687342797994e-16
449.96,-1.4269815478554588e-13,-2.571940900681276e-16
449.97,-1.4268280546345161e-13,-2.5730540133543134e-16
449.98,-1.4266727362450873e-13,-2.5720405630263495e-16
449.99,-1.4265219653414747e-13,-2.5716287598269e-16
450.0,-1.42636413126936e-13,-2.5698588307673183e-16
450.01,-1.4262124948150815e-13,-2.570547656743462e-16
450.02,-1.4260569902144185e-13,-2.5703303683635445e-16
450.03,-1.425904345540908e-13,-2.5720342553750117e-16
450.04,-1.4257508642293234e-13,-2.5657744270451346e-16
450.05,-1.4255974008115758e-13,-2.5694562101024694e-16
450.06,-1.4254435984385374e-13,-2.5693242405047773e-16
450.07,-1.4252910795773928e-13,-2.569588806890738e-16
450.08,-1.4251378867935337e-13,-2.5684476875007285e-16
450.09,-1.4249832937932342e-13,-2.567963593820578e-16
450.1,-1.4248304187687988e-13,-2.568867649088208e-16
450.11,-1.4246744451258236e-13,-2.5651287150050226e-16
450.12,-1.424511608598015e-13,-2.568124038342786e-16
450.13,-1.424361537134941e-13,-2.5665968660228947e-16
450.14,-1.4242199526502274e-13,-2.5679165701041835e-16
450.15,-1.424062326484309e-13,-2.5662104215136e-16
450.16,-1.4239102999631592e-13,-2.565457164296755e-16
450.17,-1.4237558170308679e-13,-2.565454716949121e-16
450.18,-1.423601241358545e-13,-2.565005681793511e-16
450.19,-1.4234503049385628e-13,-2.565279494774905e-16
450.2,-1.4232950958401576e-13,-2.5657019204137556e-16
450.21,-1.423147128645367e-13,-2.56612407775541e-16
450.22,-1.4229894925672746e-13,-2.5661162863150993e-16
450.23,-1.4228377137140418e-13,-2.5631170824258806e-16
450.24,-1.422686552563869e-13,-2.5624370792694624e-16
450.25,-1.4225291057761493e-13,-2.560020277984108e-16
450.26,-1.4223756833329723e-13,-2.5625358274877726e-16
450.27,-1.422222755663421e-13,-2.562367020501785e-16
450.28,-1.4220644433194208e-13,-2.5658300407689673e-16
450.29,-1.4219167654278732e-13,-2.561648689166957e-16
450.3,-1.4217581193074655e-13,-2.555845216105354e-16
450.31,-1.4216095465019056e-13,-2.555120620376707e-16
450.32,-1.4214583630260987e-13,-2.560626393409717e-16
450.33,-1.4213061408004656e-13,-2.5597738934159765e-16
450.34,-1.4211531206423743e-13,-2.561065411660096e-16
450.35,-1.4210001452242002e-13,-2.559726185367691e-16
450.36,-1.4208465539995787e-13,-2.5590545650491885e-16
450.37,-1.4206935293486163e-13,-2.5595648206470277e-16
450.38,-1.4205447380517602e-13,-2.5600612121350956e-16
450.39,-1.4203899279271216e-13,-2.558725103338257e-16
450.4,-1.4202296817206158e-13,-2.5573925139509147e-16
450.41,-1.420084945477825e-13,-2.558193130580824e-16
450.42,-1.4199255124145665e-13,-2.556884177900529e-16
450.43,-1.419777319921776e-13,-2.556098144644262e-16
450.44,-1.4196239287259058e-13,-2.5571818579736337e-16
450.45,-1.4194719815752614e-13,-2.556448716829997e-16
450.46,-1.4193168696480543e-13,-2.556114760542022e-16
450.47,-1.4191623639600223e-13,-2.555935382328438e-16
450.48,-1.4190092582804643e-13,-2.555582971654715e-16
450.49,-1.418858913107253e-13,-2.5555526384104744e-16
450.5,-1.4187064150564925e-13,-2.555498044383445e-16
450.51,-1.4185547491263233e-13,-2.5546599978802057e-16
450.52,-1.4184015791628014e-13,-2.5539163045481785e-16
450.53,-1.4182486568130907e-13,-2.554131787831785e-16
450.54,-1.4180983572168604e-13,-2.5530394260661234e-16
450.55,-1.4179425822367988e-13,-2.552479870909825e-16
450.56,-1.4177931173663678e-13,-2.5540908003231e-16
450.57,-1.4176375823927798e-13,-2.551616248615242e-16
450.58,-1.4174737050874766e-13,-2.5497599498756083e-16
450.59,-1.417332842455967e-13,-2.551657125256295e-16
450.6,-1.4171803775609826e-13,-2.5516944080556406e-16
450.61,-1.4170265146981448e-13,-2.5506003210735513e-16
450.62,-1.4168743311836534e-13,-2.5508118962671795e-16
450.63,-1.4167228183998058e-13,-2.5505589759958836e-16
450.64,-1.4165726742903014e-13,-2.550522031255007e-16
450.65,-1.4164159995112728e-13,-2.5469500309116195e-16
450.66,-1.4162677388791633e-13,-2.549703791926956e-16
450.67,-1.4161239857679952e-13,-2.5568385560631834e-16
450.68,-1.4159600271628257e-13,-2.5485122870380945e-16
450.69,-1.4158079326828414e-13,-2.547509363274188e-16
450.7,-1.4156548257191652e-13,-2.5479456996821606e-16
450.71,-1.415504687320303e-13,-2.547168740833812e-16
450.72,-1.415346050544144e-13,-2.5478703420145793e-16
450.73,-1.415199363429495e-13,-2.5473785093250007e-16
450.74,-1.415058316012997e-13,-2.548640608872921e-16
450.75,-1.4148969878648324e-13,-2.545882645256286e-16
450.76,-1.414746291160354e-13,-2.5512628772686244e-16
450.77,-1.4145903359874194e-13,-2.544772257122344e-16
450.78,-1.414438134040612e-13,-2.5455047332102654e-16
450.79,-1.4142909201790287e-13,-2.5448207801834617e-16
450.8,-1.4141348655507456e-13,-2.544789747978394e-16
450.81,-1.413982239158004e-13,-2.544092429457853e-16
450.82,-1.4138309882662668e-13,-2.544961777305916e-16
450.83,-1.4136730025523413e-13,-2.537580748508271e-16
450.84,-1.413525631570561e-13,-2.544696509549936e-16
450.85,-1.4133769498405196e-13,-2.544048327081333e-16
450.86,-1.4132204208736686e-13,-2.542449741153219e-16
450.87,-1.4130682083701355e-13,-2.542369063137334e-16
450.88,-1.412921785700931e-13,-2.5423025179023014e-16
450.89,-1.4127648630849042e-13,-2.54201290661105e-16
450.9,-1.4126169481635182e-13,-2.542113075313171e-16
450.91,-1.4124615183358454e-13,-2.5413108856461996e-16
450.92,-1.412348416325266e-13,-2.5392055141320733e-16
450.93,-1.4121635645493828e-13,-2.541484736555231e-16
450.94,-1.4120021027177578e-13,-2.538991522473241e-16
450.95,-1.4118542227349377e-13,-2.539831427978152e-16
450.96,-1.4116989036253106e-13,-2.5391488859590004e-16
450.97,-1.4115501329695633e-13,-2.538547484007329e-16
450.98,-1.4114009641751136e-13,-2.5391318412328093e-16
450.99,-1.4112462094282586e-13,-2.5376958762812053e-16
451.0,-1.4110964759145273e-13,-2.5386563754884283e-16
451.01,-1.4109726702288531e-13,-2.5366903030475986e-16
451.02,-1.410791244743632e-13,-2.535542612611697e-16
451.03,-1.410642095477218e-13,-2.539440821513143e-16
451.04,-1.4104890884341402e-13,-2.537077891781322e-16
451.05,-1.4103393049143896e-13,-2.537724399521228e-16
451.06,-1.4101849533325664e-13,-2.5368036619700674e-16
451.07,-1.410035452333305e-13,-2.5354535358361587e-16
451.08,-1.4098816440589112e-13,-2.5336943796786297e-16
451.09,-1.409732370203618e-13,-2.5355425737012576e-16
451.1,-1.4095870202976508e-13,-2.546893547840415e-16
451.11,-1.4094324351836278e-13,-2.5344660315516705e-16
451.12,-1.4092797667502052e-13,-2.5363932586169923e-16
451.13,-1.409126716392494e-13,-2.5343517327991154e-16
451.14,-1.4089750379201863e-13,-2.5344911826352246e-16
451.15,-1.4088213890862464e-13,-2.532722292187902e-16
451.16,-1.4086692820281284e-13,-2.5329674995190797e-16
451.17,-1.4085179649077895e-13,-2.5320628546521815e-16
451.18,-1.4083708904897902e-13,-2.5328811159236353e-16
451.19,-1.4082168558322377e-13,-2.534839907270194e-16
451.2,-1.408068637670756e-13,-2.5328070614608815e-16
451.21,-1.4079107025911276e-13,-2.530659437598651e-16
451.22,-1.4077620483429801e-13,-2.5306506454112207e-16
451.23,-1.407613033584801e-13,-2.5299124409920074e-16
451.24,-1.407459906899518e-13,-2.531188266962352e-16
451.25,-1.4073083714638433e-13,-2.530131733320119e-16
451.26,-1.4071565578621219e-13,-2.529223754949158e-16
451.27,-1.4070050919651414e-13,-2.5291673961080494e-16
451.28,-1.4068517624504667e-13,-2.528036489270795e-16
451.29,-1.406702075503663e-13,-2.527861356718554e-16
451.3,-1.4065509708674392e-13,-2.5275479812278753e-16
451.31,-1.4064040267745296e-13,-2.5279415921933566e-16
451.32,-1.406250323398864e-13,-2.5277738842811533e-16
451.33,-1.4060999849908675e-13,-2.5274064513789025e-16
451.34,-1.4059470444216893e-13,-2.52561783216443e-16
451.35,-1.4057955882659977e-13,-2.5268530737432975e-16
451.36,-1.4056435625784915e-13,-2.523759473449045e-16
451.37,-1.4054955358658247e-13,-2.5244513487313823e-16
451.38,-1.4053454831092386e-13,-2.5258346521867226e-16
451.39,-1.405191076835573e-13,-2.524248324726908e-16
451.4,-1.4050428715559823e-13,-2.5256972924926186e-16
451.41,-1.404893880371094e-13,-2.5253347307598013e-16
451.42,-1.4047428178748903e-13,-2.524109198375626e-16
451.43,-1.404590198624921e-13,-2.5238704543006817e-16
451.44,-1.404440103490544e-13,-2.5242418888854464e-16
451.45,-1.404289003574838e-13,-2.5238720194229526e-16
451.46,-1.4041377030408747e-13,-2.522953208494111e-16
451.47,-1.4039866456985118e-13,-2.523588882054209e-16
451.48,-1.4038318282812141e-13,-2.521904567525682e-16
451.49,-1.4036810751885124e-13,-2.522359684761087e-16
451.5,-1.4035330232196976e-13,-2.5218679659591895e-16
451.51,-1.4033789280457445e-13,-2.519818416254702e-16
451.52,-1.4032347204022025e-13,-2.521273330969501e-16
451.53,-1.40308327945898e-13,-2.5216816774274315e-16
451.54,-1.4029343623100784e-13,-2.520693916041253e-16
451.55,-1.4027782019331994e-13,-2.5192811421960705e-16
451.56,-1.4026288935011457e-13,-2.5191985961288996e-16
451.57,-1.402479418674539e-13,-2.5202846361040264e-16
451.58,-1.4023315862243607e-13,-2.519350893145257e-16
451.59,-1.4021777603033265e-13,-2.519417605586173e-16
451.6,-1.4020293552053395e-13,-2.519026760600538e-16
451.61,-1.4018782377588456e-13,-2.5185131273695957e-16
451.62,-1.401727036549312e-13,-2.518736295364952e-16
451.63,-1.4015757030055919e-13,-2.5171870914713167e-16
451.64,-1.4014254484076285e-13,-2.5180633665835253e-16
451.65,-1.401280065986467e-13,-2.5182230821945583e-16
451.66,-1.4011242723088628e-13,-2.5138690380892707e-16
451.67,-1.400976149339979e-13,-2.516758934328412e-16
451.68,-1.40082325075182e-13,-2.516093658583774e-16
451.69,-1.400679393737878e-13,-2.516711616774744e-16
451.7,-1.4005236503340321e-13,-2.51574573637854e-16
451.71,-1.400375407483959e-13,-2.515668511217868e-16
451.72,-1.4002231266490458e-13,-2.514378405908755e-16
451.73,-1.4000736990629368e-13,-2.5138610917470747e-16
451.74,-1.39991984424638e-13,-2.515853844142618e-16
451.75,-1.3997824116438231e-13,-2.5145615954391213e-16
451.76,-1.3996191367849721e-13,-2.512200985707369e-16
451.77,-1.399470319881721e-13,-2.5124154145780966e-16
451.78,-1.3993255838970016e-13,-2.514171277189936e-16
451.79,-1.399173157584577e-13,-2.512932306159449e-16
451.8,-1.3990178731387342e-13,-2.5136379046624856e-16
451.81,-1.3988721804271492e-13,-2.5123790209288974e-16
451.82,-1.3987222644093236e-13,-2.5108783622319914e-16
451.83,-1.398572650205705e-13,-2.5138337750861317e-16
451.84,-1.3984370305745524e-13,-2.5269285107694295e-16
451.85,-1.3982712732967935e-13,-2.511223952359596e-16
451.86,-1.3981257650242683e-13,-2.5115574367248668e-16
451.87,-1.3979682489437484e-13,-2.510529796422074e-16
451.88,-1.3978221902319385e-13,-2.509797538130454e-16
451.89,-1.3976683060004749e-13,-2.5059791327315804e-16
451.9,-1.397520555828164e-13,-2.5086765928923154e-16
451.91,-1.397369253760148e-13,-2.507512399353641e-16
451.92,-1.3972174565020586e-13,-2.5086460472652165e-16
451.93,-1.397103237432011e-13,-2.501027507717697e-16
451.94,-1.3969199305920182e-13,-2.5079536843964723e-16
451.95,-1.396773162154251e-13,-2.50762668827195e-16
451.96,-1.3966165872737345e-13,-2.506532921154316e-16
451.97,-1.396473377854456e-13,-2.505706841114669e-16
451.98,-1.3963216713836285e-13,-2.50688247178435e-16
451.99,-1.3961709717596268e-13,-2.5062069990979996e-16
452.0,-1.3960224516442312e-13,-2.505895078891461e-16
452.01,-1.3958670475381673e-13,-2.505045098489545e-16
452.02,-1.3957422090163088e-13,-2.502231460655955e-16
452.03,-1.3955723437515674e-13,-2.505164494335898e-16
452.04,-1.3954217574096995e-13,-2.5044604686434863e-16
452.05,-1.3952724676113214e-13,-2.504541920426295e-16
452.06,-1.3951222296019412e-13,-2.5045977956805203e-16
452.07,-1.394969900783613e-13,-2.5033778715339803e-16
452.08,-1.3948274906910579e-13,-2.5038290431038974e-16
452.09,-1.3946782590736815e-13,-2.49839997292118e-16
452.1,-1.3945199274569628e-13,-2.501285917836521e-16
452.11,-1.394373559957617e-13,-2.499620930200711e-16
452.12,-1.394224190575891e-13,-2.501273381605399e-16
452.13,-1.3940748561990212e-13,-2.497952189184599e-16
452.14,-1.3939264765269398e-13,-2.5018995412602415e-16
452.15,-1.3937758519425114e-13,-2.5015908712971133e-16
452.16,-1.3936287397810682e-13,-2.5008580345359055e-16
452.17,-1.3934808266064063e-13,-2.5011937150134393e-16
452.18,-1.3933302975200825e-13,-2.509058809060126e-16
452.19,-1.3931835094895662e-13,-2.500766467802932e-16
452.2,-1.3930309989829156e-13,-2.500454328831149e-16
452.21,-1.392877396293144e-13,-2.498924486309335e-16
452.22,-1.3927320650704078e-13,-2.4987634212106415e-16
452.23,-1.3925813642660354e-13,-2.4983551092713097e-16
452.24,-1.3924312579061067e-13,-2.498303237558494e-16
452.25,-1.3922820789771713e-13,-2.497753205083232e-16
452.26,-1.3921315638086503e-13,-2.495805754152411e-16
452.27,-1.3919843937632804e-13,-2.4996102946937423e-16
452.28,-1.3918333992813838e-13,-2.496967176181944e-16
452.29,-1.3916934912695664e-13,-2.498296881130875e-16
452.3,-1.3915395602839474e-13,-2.496829818602137e-16
452.31,-1.3913882472242497e-13,-2.4957623948315287e-16
452.32,-1.3912403550988773e-13,-2.495936547790153e-16
452.33,-1.3910887316025243e-13,-2.494643322033882e-16
452.34,-1.3909402376359964e-13,-2.494878630031074e-16
452.35,-1.390789134276448e-13,-2.4969062483421127e-16
452.36,-1.390641772621958e-13,-2.495577091685982e-16
452.37,-1.3904930243852668e-13,-2.495025632813198e-16
452.38,-1.390344697941564e-13,-2.494289320724142e-16
452.39,-1.3901957471101637e-13,-2.4944120054452475e-16
452.4,-1.390046203345584e-13,-2.4936499602932633e-16
452.41,-1.389897054483036e-13,-2.4926671763074423e-16
452.42,-1.3897513701882777e-13,-2.4925058045382443e-16
452.43,-1.3895956058225498e-13,-2.4901856450757006e-16
452.44,-1.3894512567558428e-13,-2.4911575057336794e-16
452.45,-1.3892950714276427e-13,-2.490550081692432e-16
452.46,-1.3891522974162406e-13,-2.4925174526434555e-16
452.47,-1.3890058843451583e-13,-2.4917125673608676e-16
452.48,-1.3888519333958566e-13,-2.490554569144584e-16
452.49,-1.3887054573545857e-13,-2.4903085213315884e-16
452.5,-1.3885566404958737e-13,-2.4898273625354515e-16
452.51,-1.3884126375032536e-13,-2.4923229809998196e-16
452.52,-1.3882573500480697e-13,-2.489013386799457e-16
452.53,-1.388109039528488e-13,-2.488836475894262e-16
452.54,-1.387961453476501e-13,-2.485720678200072e-16
452.55,-1.3878069320579708e-13,-2.4825773727893625e-16
452.56,-1.3876607457091655e-13,-2.487606870826158e-16
452.57,-1.387524773614637e-13,-2.492344508085945e-16
452.58,-1.3873668358694835e-13,-2.4876051304884246e-16
452.59,-1.3872200718648209e-13,-2.4878034572171633e-16
452.6,-1.387072359345522e-13,-2.480349059315525e-16
452.61,-1.3869188435747572e-13,-2.490557269138876e-16
452.62,-1.3867708815861351e-13,-2.486434608992735e-16
452.63,-1.3866197003682673e-13,-2.4868583655961076e-16
452.64,-1.3864883873196337e-13,-2.495293255077314e-16
452.65,-1.3863252237089945e-13,-2.4841299949827503e-16
452.66,-1.3861785221900203e-13,-2.484965486817371e-16
452.67,-1.386029937438179e-13,-2.4848251743269694e-16
452.68,-1.3858837657797863e-13,-2.484000429749005e-16
452.69,-1.385735853972124e-13,-2.4838019589136714e-16
452.7,-1.385583187695871e-13,-2.4840081261170355e-16
452.71,-1.38543420615166e-13,-2.48279713406489e-16
452.72,-1.3852885551968985e-13,-2.480896805851175e-16
452.73,-1.3851193560098127e-13,-2.483530720822318e-16
452.74,-1.3849931098082676e-13,-2.4824546108898296e-16
452.75,-1.3848417572759672e-13,-2.482455154911908e-16
452.76,-1.3846921365422527e-13,-2.4811504343514494e-16
452.77,-1.3845473304252302e-13,-2.4815274088633576e-16
452.78,-1.3843966330833499e-13,-2.4818689258883867e-16
452.79,-1.3842514685119288e-13,-2.481643886163448e-16
452.8,-1.384101363257805e-13,-2.480549738740897e-16
452.81,-1.3839527816269914e-13,-2.476895187156498e-16
452.82,-1.383804820608682e-13,-2.4820715276284936e-16
452.83,-1.3836587623938953e-13,-2.4800442955439834e-16
452.84,-1.3835089122810375e-13,-2.47956391522257e-16
452.85,-1.3833616617126545e-13,-2.479906949825831e-16
452.86,-1.3832109405545443e-13,-2.478381616802258e-16
452.87,-1.3830633065956803e-13,-2.4786380044734463e-16
452.88,-1.3829162708631688e-13,-2.478646743619139e-16
452.89,-1.3827664598887477e-13,-2.4769300358995826e-16
452.9,-1.3826201327691754e-13,-2.4750850950403593e-16
452.91,-1.382469530748423e-13,-2.475257667808068e-16
452.92,-1.3823221775077907e-13,-2.475513770965427e-16
452.93,-1.3821729975434096e-13,-2.4754545745006055e-16
452.94,-1.382029711875313e-13,-2.477118142934876e-16
452.95,-1.381884490010827e-13,-2.478412352431735e-16
452.96,-1.381735994295169e-13,-2.4750213030625285e-16
452.97,-1.3815850312051925e-13,-2.4753165320412437e-16
452.98,-1.3814350934893592e-13,-2.4746769845964404e-16
452.99,-1.381292941816481e-13,-2.475014774623805e-16
453.0,-1.381137833641586e-13,-2.4742121897570485e-16
453.01,-1.3809929781865345e-13,-2.4742311584567626e-16
453.02,-1.3808428648915054e-13,-2.4731466883959627e-16
453.03,-1.380692109392745e-13,-2.4707033839458905e-16
453.04,-1.3805509097158493e-13,-2.4756513038186226e-16
453.05,-1.3804021557095206e-13,-2.473228719143362e-16
453.06,-1.3802517114640227e-13,-2.471875524671953e-16
453.07,-1.3801051878424245e-13,-2.471977017829826e-16
453.08,-1.3799581500076303e-13,-2.4720330068874765e-16
453.09,-1.379807411321946e-13,-2.4715636825838225e-16
453.1,-1.379662559115069e-13,-2.472214833917907e-16
453.11,-1.379519421670613e-13,-2.4690492221143225e-16
453.12,-1.3793610704580888e-13,-2.4717585325207653e-16
453.13,-1.3792192689927975e-13,-2.4712000452582933e-16
453.14,-1.3790715861258463e-13,-2.4700537012794726e-16
453.15,-1.378924881307502e-13,-2.4691423132002307e-16
453.16,-1.378775475709529e-13,-2.471403847758554e-16
453.17,-1.3786269624619733e-13,-2.4679165823749207e-16
453.18,-1.3784814411663642e-13,-2.468110857088762e-16
453.19,-1.3783343715350197e-13,-2.468726227930347e-16
453.2,-1.3781833120284046e-13,-2.4670625920492085e-16
453.21,-1.3780402349056863e-13,-2.468456713312377e-16
453.22,-1.377890502556194e-13,-2.4666707027930025e-16
453.23,-1.3777403667873348e-13,-2.4662813316567743e-16
453.24,-1.377598167154913e-13,-2.4660004935822053e-16
453.25,-1.3774493639748552e-13,-2.4668068006598365e-16
453.26,-1.3773047975961598e-13,-2.466989349463386e-16
453.27,-1.377150954756848e-13,-2.465295674849327e-16
453.28,-1.3770042035061586e-13,-2.464257590882409e-16
453.29,-1.3768581857645669e-13,-2.4644822615374326e-16
453.3,-1.3767119214258783e-13,-2.464611021842727e-16
453.31,-1.376563945694238e-13,-2.4646150254446956e-16
453.32,-1.376417358409014e-13,-2.4645005788703856e-16
453.33,-1.3762706926342944e-13,-2.464353172597167e-16
453.34,-1.376123568694783e-13,-2.463819947923068e-16
453.35,-1.3759759083114981e-13,-2.4624838717832994e-16
453.36,-1.3758300666422826e-13,-2.4633320479867566e-16
453.37,-1.3756804475188967e-13,-2.461836397351466e-16
453.38,-1.37553316729888e-13,-2.4622159843763183e-16
453.39,-1.3753878714567064e-13,-2.4610143303952114e-16
453.4,-1.375240174996929e-13,-2.461585295962857e-16
453.41,-1.3750935545882597e-13,-2.461363451865057e-16
453.42,-1.3749462503085291e-13,-2.46140790964097e-16
453.43,-1.3747979763215387e-13,-2.461270232749637e-16
453.44,-1.3746499929529365e-13,-2.4601813578522533e-16
453.45,-1.374503885342617e-13,-2.459800390383586e-16
453.46,-1.3743574486168958e-13,-2.4595098138696194e-16
453.47,-1.3742091138364197e-13,-2.4581447342468523e-16
453.48,-1.374065555703058e-13,-2.459549339790768e-16
453.49,-1.3739181295375862e-13,-2.459413704560055e-16
453.5,-1.3737712124154196e-13,-2.4588776279282033e-16
453.51,-1.3736273582864625e-13,-2.4600160053855333e-16
453.52,-1.3734753340160315e-13,-2.4575369840351205e-16
453.53,-1.3733227837579454e-13,-2.4549987236495793e-16
453.54,-1.3731800293683999e-13,-2.4560997769537024e-16
453.55,-1.3730381171324255e-13,-2.457411851118556e-16
453.56,-1.3728898915952897e-13,-2.4579478936688856e-16
453.57,-1.3727386242500792e-13,-2.4547772047111933e-16
453.58,-1.3725972860005916e-13,-2.456763908355427e-16
453.59,-1.3724473763405858e-13,-2.455052418594794e-16
453.6,-1.3723004890540936e-13,-2.4551561237103095e-16
453.61,-1.3721534007252176e-13,-2.455539965414522e-16
453.62,-1.3720108917626933e-13,-2.4566773150627825e-16
453.63,-1.3718640188039945e-13,-2.454505100231958e-16
453.64,-1.3717117094532962e-13,-2.45561449289794e-16
453.65,-1.3715703230224048e-13,-2.4541200925626545e-16
453.66,-1.371428260414054e-13,-2.4569059128917513e-16
453.67,-1.3712725049124534e-13,-2.450256985935638e-16
453.68,-1.3711302384623616e-13,-2.4540392141177204e-16
453.69,-1.3709833781198935e-13,-2.4531207127714787e-16
453.7,-1.3708326176776408e-13,-2.4522290082508164e-16
453.71,-1.3706898774369028e-13,-2.4495806036433817e-16
453.72,-1.3705433536685298e-13,-2.451440473220221e-16
453.73,-1.3703958358132533e-13,-2.451626238233053e-16
453.74,-1.3702460276218158e-13,-2.4497825871688003e-16
453.75,-1.3700999234202988e-13,-2.4522387983891235e-16
453.76,-1.369954755428564e-13,-2.4497938488210454e-16
453.77,-1.3698030131034652e-13,-2.4478252757723046e-16
453.78,-1.3696611379052153e-13,-2.448882853840456e-16
453.79,-1.3695174810777509e-13,-2.449175865608698e-16
453.8,-1.3693632871529063e-13,-2.449199166911338e-16
453.81,-1.3692215960378183e-13,-2.4475386590946194e-16
453.82,-1.3690773328957982e-13,-2.448552736449914e-16
453.83,-1.3689300264691576e-13,-2.447563553984868e-16
453.84,-1.3687859841394021e-13,-2.447654173907679e-16
453.85,-1.3686376299282313e-13,-2.447794457556223e-16
453.86,-1.3684934826106927e-13,-2.4463666232513855e-16
453.87,-1.3683495999203508e-13,-2.4463420213321545e-16
453.88,-1.3681991104835764e-13,-2.447678455925592e-16
453.89,-1.368050403413395e-13,-2.446564698810578e-16
453.9,-1.3679080104043266e-13,-2.4464538549169477e-16
453.91,-1.3677612233004355e-13,-2.445492517592338e-16
453.92,-1.3676167465839303e-13,-2.4459490239314864e-16
453.93,-1.367468997943027e-13,-2.444653423445657e-16
453.94,-1.3673234546727787e-13,-2.4441427964266354e-16
453.95,-1.3671768930400483e-13,-2.4442982894782466e-16
453.96,-1.367030853625842e-13,-2.4444017885511626e-16
453.97,-1.366883497596958e-13,-2.4417223716836167e-16
453.98,-1.3667363680431325e-13,-2.4415873522636634e-16
453.99,-1.3665939760049765e-13,-2.443657868831363e-16
454.0,-1.366445155611754e-13,-2.442099387709999e-16
454.01,-1.3663000846859715e-13,-2.442963071919522e-16
454.02,-1.366156253330966e-13,-2.4437994335201607e-16
454.03,-1.3660087146590084e-13,-2.4426392714590014e-16
454.04,-1.3658594127543215e-13,-2.4407286311046604e-16
454.05,-1.3657150137336776e-13,-2.4393055023563364e-16
454.06,-1.3655900717762806e-13,-2.4432178783281644e-16
454.07,-1.365422077872383e-13,-2.4393961262391757e-16
454.08,-1.3652758163721655e-13,-2.4390701104534083e-16
454.09,-1.3651326757680112e-13,-2.440004443372167e-16
454.1,-1.3649858967634265e-13,-2.4398837385257577e-16
454.11,-1.3648424755030284e-13,-2.4396260881110166e-16
454.12,-1.3646959113963994e-13,-2.4392803521759003e-16
454.13,-1.3645442539121588e-13,-2.440197064013178e-16
454.14,-1.364404327744811e-13,-2.439098262983158e-16
454.15,-1.3642637514745374e-13,-2.4322967261263087e-16
454.16,-1.3641142430069363e-13,-2.43576853632181e-16
454.17,-1.363965894037783e-13,-2.4365261780906244e-16
454.18,-1.363818855901991e-13,-2.4354567277859685e-16
454.19,-1.3636714360680945e-13,-2.4383660529201555e-16
454.2,-1.363529828068699e-13,-2.4366742031867525e-16
454.21,-1.3633846606132303e-13,-2.436370999052948e-16
454.22,-1.36324023140787e-13,-2.4306529719947514e-16
454.23,-1.3630935943684994e-13,-2.4354335314319823e-16
454.24,-1.3629456822786582e-13,-2.4368548890496654e-16
454.25,-1.3628055335886082e-13,-2.4372942780893077e-16
454.26,-1.3626578494137083e-13,-2.432663582573216e-16
454.27,-1.362511635543283e-13,-2.435238045241686e-16
454.28,-1.3623700395027666e-13,-2.4368943924955457e-16
454.29,-1.3622206618904156e-13,-2.4345007774271364e-16
454.3,-1.3620746192477652e-13,-2.433635466427904e-16
454.31,-1.3619270046494777e-13,-2.431666408059767e-16
454.32,-1.3617859242903666e-13,-2.435497400177493e-16
454.33,-1.3616360052642092e-13,-2.432414706312504e-16
454.34,-1.3614932582028132e-13,-2.4320907242620333e-16
454.35,-1.3613491527886465e-13,-2.431994852893835e-16
454.36,-1.361204683513136e-13,-2.4324884570036843e-16
454.37,-1.3610554119695757e-13,-2.4314875399763157e-16
454.38,-1.3609118186716158e-13,-2.43057967148298e-16
454.39,-1.3607654420175715e-13,-2.4319956363738864e-16
454.4,-1.3606227722203069e-13,-2.4310235214446903e-16
454.41,-1.36047292576221e-13,-2.4317675605919977e-16
454.42,-1.3603290629453165e-13,-2.4290617664802143e-16
454.43,-1.36019022693988e-13,-2.4288029683128277e-16
454.44,-1.3600452927540552e-13,-2.4296022491177007e-16
454.45,-1.3598975175759272e-13,-2.4300422637075625e-16
454.46,-1.3597537317687565e-13,-2.4308802796206347e-16
454.47,-1.359606930906377e-13,-2.4283341404608836e-16
454.48,-1.3594599523528175e-13,-2.4274499833622077e-16
454.49,-1.35931292799084e-13,-2.428315803759599e-16
454.5,-1.359173220455173e-13,-2.4285531749342674e-16
454.51,-1.3590268464287653e-13,-2.427679237131454e-16
454.52,-1.3588695868888362e-13,-2.4208131987828935e-16
454.53,-1.358736532966021e-13,-2.4257932252079976e-16
454.54,-1.358590452043056e-13,-2.4263954814752564e-16
454.55,-1.3584458332008989e-13,-2.4259523926289163e-16
454.56,-1.3582997999159808e-13,-2.427150034179613e-16
454.57,-1.3581522639950588e-13,-2.426875512900783e-16
454.58,-1.3580106036951004e-13,-2.4253470450038575e-16
454.59,-1.35786459839747e-13,-2.4208212026060616e-16
454.6,-1.3577197159130678e-13,-2.4239330038653024e-16
454.61,-1.3575646488156021e-13,-2.4292778616435154e-16
454.62,-1.3574315189217498e-13,-2.4234956018384124e-16
454.63,-1.3572862292782743e-13,-2.4234994239109903e-16
454.64,-1.3571403776226068e-13,-2.423210681627454e-16
454.65,-1.3569971606772212e-13,-2.42167593822546e-16
454.66,-1.3568492720422237e-13,-2.420306832912507e-16
454.67,-1.3567064106977862e-13,-2.42245530127451e-16
454.68,-1.3565738585047098e-13,-2.4215078452768433e-16
454.69,-1.3564169413126577e-13,-2.418285168409516e-16
454.7,-1.3562613837509296e-13,-2.4214108064006175e-16
454.71,-1.356130765801384e-13,-2.4214686526194755e-16
454.72,-1.3559823761360517e-13,-2.4218857633129336e-16
454.73,-1.3558360303246823e-13,-2.418303168224014e-16
454.74,-1.3556927509924896e-13,-2.41990148476487e-16
454.75,-1.3555495526868725e-13,-2.4184061959534856e-16
454.76,-1.3554049203425808e-13,-2.4188549076663968e-16
454.77,-1.3552474367104383e-13,-2.4049371874455894e-16
454.78,-1.3551151741080442e-13,-2.4179069672629844e-16
454.79,-1.3549676491717082e-13,-2.4191796900244073e-16
454.8,-1.3548278663973185e-13,-2.4183428207370577e-16
454.81,-1.3546813154108734e-13,-2.4167868020741013e-16
454.82,-1.3545364097092313e-13,-2.417882238944067e-16
454.83,-1.3543930198075433e-13,-2.416263474330061e-16
454.84,-1.3542493234033452e-13,-2.4175724392432634e-16
454.85,-1.3541050470543808e-13,-2.4171755782081495e-16
454.86,-1.3540051435143552e-13,-2.4278360421110144e-16
454.87,-1.353814584283068e-13,-2.415668679488451e-16
454.88,-1.35367243316332e-13,-2.4163383826476282e-16
454.89,-1.353526572831836e-13,-2.4154809067306426e-16
454.9,-1.3533905995074857e-13,-2.4153335678937604e-16
454.91,-1.3532397715245597e-13,-2.416352579655194e-16
454.92,-1.3530934211638643e-13,-2.4158891482662493e-16
454.93,-1.3529560419509164e-13,-2.4164970154726e-16
454.94,-1.3528065120057574e-13,-2.4139260555362183e-16
454.95,-1.3526788491741104e-13,-2.4161109356782425e-16
454.96,-1.3525136423613993e-13,-2.413078318643156e-16
454.97,-1.3523718934510227e-13,-2.4114021704437807e-16
454.98,-1.3522291205130894e-13,-2.412705742740792e-16
454.99,-1.3520822586470176e-13,-2.4117436658834953e-16
455.0,-1.3519416557778725e-13,-2.411874864089228e-16
455.01,-1.3518028521238996e-13,-2.4103093161021817e-16
455.02,-1.351653277335557e-13,-2.413273541968131e-16
455.03,-1.3515058213136369e-13,-2.410582471308099e-16
455.04,-1.3513681235295314e-13,-2.417316134938047e-16
455.05,-1.351217263974693e-13,-2.410411599367361e-16
455.06,-1.3510768327170494e-13,-2.409590454463193e-16
455.07,-1.3509305536008932e-13,-2.408773312028804e-16
455.08,-1.3507890479060845e-13,-2.4102649817954286e-16
455.09,-1.3506438689545276e-13,-2.4087551542713076e-16
455.1,-1.3505006458978703e-13,-2.410292282102823e-16
455.11,-1.3503553449175984e-13,-2.408646657450228e-16
455.12,-1.3502150638692636e-13,-2.408239873855456e-16
455.13,-1.3500666531558067e-13,-2.4072655308151764e-16
455.14,-1.3499261209877758e-13,-2.4073177814163564e-16
455.15,-1.349783218160206e-13,-2.407899116876799e-16
455.16,-1.3496363031603505e-13,-2.406970884747916e-16
455.17,-1.3494923967812825e-13,-2.407242893554548e-16
455.18,-1.3493498735050812e-13,-2.406717308373097e-16
455.19,-1.3492045403652373e-13,-2.4051021960401805e-16
455.2,-1.3490615185833703e-13,-2.405809066789258e-16
455.21,-1.3489236291501421e-13,-2.4072538800664356e-16
455.22,-1.3487789329254075e-13,-2.406583493467953e-16
455.23,-1.3486322485415967e-13,-2.4061750611795643e-16
455.24,-1.348486181823125e-13,-2.4044375046498793e-16
455.25,-1.3483429877652228e-13,-2.4039706452717517e-16
455.26,-1.3481991472424967e-13,-2.4040513039245725e-16
455.27,-1.3480564345625977e-13,-2.402111338687739e-16
455.28,-1.3479124699739737e-13,-2.4032313657048037e-16
455.29,-1.3477692273155557e-13,-2.403623896306581e-16
455.3,-1.3476238181592057e-13,-2.403235304313858e-16
455.31,-1.3474794322220622e-13,-2.400901637022989e-16
455.32,-1.3473383900891294e-13,-2.4025384546933394e-16
455.33,-1.3471903512924375e-13,-2.4027037077538656e-16
455.34,-1.3470496785357503e-13,-2.402441280475768e-16
455.35,-1.3469067755604844e-13,-2.400977838426774e-16
455.36,-1.3467647458865816e-13,-2.401494324202627e-16
455.37,-1.3466197994146922e-13,-2.401800551020386e-16
455.38,-1.3464772442901933e-13,-2.400151006113364e-16
455.39,-1.34633550427464e-13,-2.400212708844408e-16
455.4,-1.346190941690444e-13,-2.4008940979897337e-16
455.41,-1.346044977142789e-13,-2.3992894439419794e-16
455.42,-1.3459040557321227e-13,-2.4011076305248646e-16
455.43,-1.3457548626837208e-13,-2.396728497801259e-16
455.44,-1.345618437203325e-13,-2.3986680501603614e-16
455.45,-1.3454717843875187e-13,-2.397917420401356e-16
455.46,-1.3453278730249975e-13,-2.396663702977809e-16
455.47,-1.345187733992709e-13,-2.397911196895358e-16
455.48,-1.345043832607711e-13,-2.398566253075568e-16
455.49,-1.3448950067367641e-13,-2.3965856412005603e-16
455.5,-1.3447557488277117e-13,-2.3953851130418613e-16
455.51,-1.3446094361581696e-13,-2.393847320710193e-16
455.52,-1.3444678295790088e-13,-2.395576078398862e-16
455.53,-1.3443286258430694e-13,-2.3950190441745837e-16
455.54,-1.344185657063096e-13,-2.3944600339829766e-16
455.55,-1.3440415889327018e-13,-2.39588075666907e-16
455.56,-1.3438974428240498e-13,-2.3946397825118853e-16
455.57,-1.343752829379936e-13,-2.393771558927496e-16
455.58,-1.3436133909507807e-13,-2.394526630532501e-16
455.59,-1.3434681452692234e-13,-2.393967672637494e-16
455.6,-1.343315578977902e-13,-2.388637554722507e-16
455.61,-1.3431823772656186e-13,-2.393329099217517e-16
455.62,-1.34303829710665e-13,-2.392328997392556e-16
455.63,-1.3428944970326012e-13,-2.3943432421660495e-16
455.64,-1.3427546314602323e-13,-2.3926574453098637e-16
455.65,-1.3426123241549209e-13,-2.3929218626549913e-16
455.66,-1.3424672370592774e-13,-2.3917583231055435e-16
455.67,-1.3423256406536526e-13,-2.390925553956389e-16
455.68,-1.342183162468641e-13,-2.391608908047314e-16
455.69,-1.3420339014924656e-13,-2.38343687867216e-16
455.7,-1.3418947870258652e-13,-2.3907803679163243e-16
455.71,-1.3417574820704968e-13,-2.393088095943686e-16
455.72,-1.3416001541473887e-13,-2.390808937618224e-16
455.73,-1.3414660844267814e-13,-2.3900088359499975e-16
455.74,-1.3413230892522423e-13,-2.385780583189736e-16
455.75,-1.3411826006362995e-13,-2.3892063441544434e-16
455.76,-1.341042809656288e-13,-2.389586828386416e-16
455.77,-1.340894809427391e-13,-2.387706534957372e-16
455.78,-1.3407745942532818e-13,-2.385283147818147e-16
455.79,-1.3406100035447346e-13,-2.3877112793584997e-16
455.8,-1.3404691934173964e-13,-2.388154944083558e-16
455.81,-1.3403232716985425e-13,-2.387133788714469e-16
455.82,-1.3401838493385304e-13,-2.3876011074190395e-16
455.83,-1.340038147827102e-13,-2.386117921823879e-16
455.84,-1.3398972949086915e-13,-2.3863263333470606e-16
455.85,-1.3397548716923042e-13,-2.386193541419436e-16
455.86,-1.3396151575970408e-13,-2.3869737761407944e-16
455.87,-1.3394443600789506e-13,-2.3636203985944267e-16
455.88,-1.3393272356299828e-13,-2.384558390681477e-16
455.89,-1.3391820916021448e-13,-2.3845724014887135e-16
455.9,-1.3390429867770852e-13,-2.384602218857621e-16
455.91,-1.3389021246506805e-13,-2.38467429312182e-16
455.92,-1.3387581334149773e-13,-2.383978644040285e-16
455.93,-1.3386167309989265e-13,-2.3843807973664784e-16
455.94,-1.3384765799032075e-13,-2.380574679159276e-16
455.95,-1.3383283847471888e-13,-2.383578836751873e-16
455.96,-1.3381822879604895e-13,-2.376665205137927e-16
455.97,-1.3380467123704315e-13,-2.383075081472343e-16
455.98,-1.3379054212342919e-13,-2.3799380343969244e-16
455.99,-1.3377547297876754e-13,-2.382328523091299e-16
456.0,-1.337619765029362e-13,-2.380668903658525e-16
456.01,-1.3374773659639315e-13,-2.381634175887561e-16
456.02,-1.3373359375337292e-13,-2.3798904864691257e-16
456.03,-1.3371981250454427e-13,-2.388936682028045e-16
456.04,-1.3370486252650462e-13,-2.378964245781698e-16
456.05,-1.3369020897295388e-13,-2.377930422916021e-16
456.06,-1.3367677137721082e-13,-2.379747126339219e-16
456.07,-1.3366234890835648e-13,-2.378431772441381e-16
456.08,-1.33648077098993e-13,-2.3786712602275805e-16
456.09,-1.3363402258554545e-13,-2.378709399756973e-16
456.1,-1.3361962081543295e-13,-2.378140831315164e-16
456.11,-1.336051569697562e-13,-2.3778968140489045e-16
456.12,-1.3359273981214907e-13,-2.37789290007681e-16
456.13,-1.3357699966629581e-13,-2.377059899576682e-16
456.14,-1.3356327450001558e-13,-2.3786355456100486e-16
456.15,-1.3354879481793612e-13,-2.3765477738264255e-16
456.16,-1.3353442267815084e-13,-2.3757029335441227e-16
456.17,-1.3352018397427482e-13,-2.376066044880974e-16
456.18,-1.335059553171569e-13,-2.3751440393018346e-16
456.19,-1.3349182233587896e-13,-2.374792406165488e-16
456.2,-1.3347721335123608e-13,-2.372307505502431e-16
456.21,-1.3346370202935453e-13,-2.375429491280901e-16
456.22,-1.3344943349541929e-13,-2.3745771917767683e-16
456.23,-1.3343525118366877e-13,-2.372172666887794e-16
456.24,-1.334205144055011e-13,-2.372769408683731e-16
456.25,-1.3340668779838563e-13,-2.3749295879611045e-16
456.26,-1.3339234615256966e-13,-2.3736520884100494e-16
456.27,-1.333783513013288e-13,-2.3731596002567655e-16
456.28,-1.3336405959853195e-13,-2.371728638930176e-16
456.29,-1.333502004426168e-13,-2.3731620305557395e-16
456.3,-1.3333573416576968e-13,-2.3702923191610726e-16
456.31,-1.3332131145577723e-13,-2.370429837885602e-16
456.32,-1.3330771297800094e-13,-2.372369478105204e-16
456.33,-1.3329323376157217e-13,-2.370184428277012e-16
456.34,-1.3327902887885442e-13,-2.371137704616074e-16
456.35,-1.3326514728033796e-13,-2.3703112469045076e-16
456.36,-1.3325043413856934e-13,-2.3696732600874476e-16
456.37,-1.3323660363775366e-13,-2.3695815959677897e-16
456.38,-1.3322231684511022e-13,-2.368127083867297e-16
456.39,-1.332087150948572e-13,-2.372485684196002e-16
456.4,-1.3319446302801935e-13,-2.3695487216517296e-16
456.41,-1.331801206633969e-13,-2.370126720580162e-16
456.42,-1.3316649187841218e-13,-2.3677766869417857e-16
456.43,-1.331518840738728e-13,-2.368827127013823e-16
456.44,-1.331373970784243e-13,-2.367491159519437e-16
456.45,-1.331235188573897e-13,-2.370357017737926e-16
456.46,-1.33108675429036e-13,-2.367055129966278e-16
456.47,-1.3309520652000373e-13,-2.367717598985431e-16
456.48,-1.3308184782909332e-13,-2.364241492798837e-16
456.49,-1.3306705783333436e-13,-2.363043078908301e-16
456.5,-1.3305281066681477e-13,-2.3667056306875974e-16
456.51,-1.3303800302127357e-13,-2.365311016235003e-16
456.52,-1.3302432224267304e-13,-2.3651728496429664e-16
456.53,-1.330101627584123e-13,-2.364743189382253e-16
456.54,-1.3299649806031567e-13,-2.3682105104220524e-16
456.55,-1.3298164864884795e-13,-2.3635527493935e-16
456.56,-1.3296767021423247e-13,-2.362408080332953e-16
456.57,-1.3295383802790948e-13,-2.3627696569481243e-16
456.58,-1.3293818613082724e-13,-2.371271518152059e-16
456.59,-1.3292541997907132e-13,-2.3633650477871875e-16
456.6,-1.3291136291998449e-13,-2.36144151576547e-16
456.61,-1.3289710468994738e-13,-2.3631132830174497e-16
456.62,-1.3288373727154262e-13,-2.361029145033906e-16
456.63,-1.328692915060203e-13,-2.3634194743660966e-16
456.64,-1.32854925759274e-13,-2.362973198908e-16
456.65,-1.3284091444989933e-13,-2.360961970849455e-16
456.66,-1.3282723080748467e-13,-2.361598642776443e-16
456.67,-1.328121235584805e-13,-2.3580163324725516e-16
456.68,-1.3279853063895184e-13,-2.3606761541449187e-16
456.69,-1.3278440034974498e-13,-2.3594302725882524e-16
456.7,-1.3277024881451396e-13,-2.3594910922092465e-16
456.71,-1.327561089387518e-13,-2.3591978591059544e-16
456.72,-1.3274230592576872e-13,-2.3590204477126635e-16
456.73,-1.3272767205435688e-13,-2.359333378039794e-16
456.74,-1.3271382378436826e-13,-2.358084185522791e-16
456.75,-1.3270030592396248e-13,-2.35757666197599e-16
456.76,-1.3268536749859828e-13,-2.3595217538778186e-16
456.77,-1.3267161708618303e-13,-2.357275801963146e-16
456.78,-1.3265765562948428e-13,-2.356645617468576e-16
456.79,-1.326431271938252e-13,-2.35705765587634e-16
456.8,-1.3262943914208667e-13,-2.3577207923393373e-16
456.81,-1.3261531058488883e-13,-2.3558798100420245e-16
456.82,-1.3260133648666533e-13,-2.3560473409878214e-16
456.83,-1.3258684933575023e-13,-2.3548662411106807e-16
456.84,-1.3257318218881746e-13,-2.3530534535184737e-16
456.85,-1.325591582821998e-13,-2.3557539579958716e-16
456.86,-1.325446991642132e-13,-2.353459297951941e-16
456.87,-1.3253137061224036e-13,-2.357781279178389e-16
456.88,-1.3251653883277252e-13,-2.353137596527692e-16
456.89,-1.3250324398157568e-13,-2.353664249247515e-16
456.9,-1.32488733242128e-13,-2.3539801251012355e-16
456.91,-1.3247479734483105e-13,-2.354142400881219e-16
456.92,-1.3246027667052122e-13,-2.353470322468517e-16
456.93,-1.3244668695029778e-13,-2.351538414057095e-16
456.94,-1.324322115202108e-13,-2.351514211460923e-16
456.95,-1.324183071469019e-13,-2.352365535926525e-16
456.96,-1.324043633090059e-13,-2.3520081337395775e-16
456.97,-1.3239055224039748e-13,-2.352895623341777e-16
456.98,-1.3237709382129101e-13,-2.3522357749531003e-16
456.99,-1.3236207237309676e-13,-2.3510828997498443e-16
457.0,-1.323482977803999e-13,-2.35037532253853e-16
457.01,-1.3233362618703445e-13,-2.34964069768491e-16
457.02,-1.3232026760400077e-13,-2.350222628566179e-16
457.03,-1.323057454702983e-13,-2.349365045910101e-16
457.04,-1.3229199558537524e-13,-2.34974107167396e-16
457.05,-1.3227764466971147e-13,-2.3481066092437187e-16
457.06,-1.3226386087589871e-13,-2.349341098056453e-16
457.07,-1.3224957948584176e-13,-2.349114614003277e-16
457.08,-1.322359986253531e-13,-2.348840265193692e-16
457.09,-1.3222204545244585e-13,-2.3468839432882513e-16
457.1,-1.322076576514475e-13,-2.3489457015288703e-16
457.11,-1.3219384134410688e-13,-2.3495692975576357e-16
457.12,-1.3217969442700886e-13,-2.3476459473154447e-16
457.13,-1.3216531425002345e-13,-2.346161428046408e-16
457.14,-1.3215180221478556e-13,-2.346524168338595e-16
457.15,-1.3213716731621815e-13,-2.34443385887972e-16
457.16,-1.3212371226152043e-13,-2.3450858602086435e-16
457.17,-1.3210940500988364e-13,-2.3448253914858603e-16
457.18,-1.3209549061498872e-13,-2.3447215999816915e-16
457.19,-1.320818075916446e-13,-2.3450909973871985e-16
457.2,-1.3206761960629009e-13,-2.3446494006895987e-16
457.21,-1.320533796071865e-13,-2.3437455698665884e-16
457.22,-1.320396779012779e-13,-2.3455099947761986e-16
457.23,-1.3202546881994748e-13,-2.3435547180207504e-16
457.24,-1.3201147429882966e-13,-2.342762795222643e-16
457.25,-1.3199754906561977e-13,-2.3430996044188824e-16
457.26,-1.3198319490572645e-13,-2.3426263739131094e-16
457.27,-1.3196935611813982e-13,-2.3420794670272494e-16
457.28,-1.3195531272856895e-13,-2.34163499280549e-16
457.29,-1.3194146961572802e-13,-2.3417550069586856e-16
457.3,-1.3192727923146306e-13,-2.340597437426018e-16
457.31,-1.3191325739989495e-13,-2.340379274548586e-16
457.32,-1.3189931007197626e-13,-2.3410243539741467e-16
457.33,-1.318856159434886e-13,-2.3402687930133607e-16
457.34,-1.3187133860023053e-13,-2.3398607868071863e-16
457.35,-1.3185770019914786e-13,-2.339357048215595e-16
457.36,-1.318434125779005e-13,-2.3390034124791494e-16
457.37,-1.3182961393870602e-13,-2.339618665365071e-16
457.38,-1.3181550227546596e-13,-2.338208166911711e-16
457.39,-1.3180165456551991e-13,-2.3393354834302093e-16
457.4,-1.3178748637673089e-13,-2.336999319288717e-16
457.41,-1.3177368850867563e-13,-2.337850626876804e-16
457.42,-1.317595795179133e-13,-2.33807823297667e-16
457.43,-1.3174549339369008e-13,-2.3358659835769413e-16
457.44,-1.3173198915535647e-13,-2.338505387721565e-16
457.45,-1.3171785396781058e-13,-2.337240919031307e-16
457.46,-1.3170350400552183e-13,-2.336421728480189e-16
457.47,-1.3169030546649577e-13,-2.3375442295829786e-16
457.48,-1.3167634803602828e-13,-2.3360613216584865e-16
457.49,-1.316617922160161e-13,-2.334980108341968e-16
457.5,-1.316481709333929e-13,-2.335462970711292e-16
457.51,-1.3163411480752825e-13,-2.3351935238350863e-16
457.52,-1.3162030888563525e-13,-2.3346481040373455e-16
457.53,-1.3160619160701442e-13,-2.3352150592441173e-16
457.54,-1.3159210194996197e-13,-2.33445601777111e-16
457.55,-1.315781228780041e-13,-2.3328049475896037e-16
457.56,-1.3156405991157677e-13,-2.335271118895068e-16
457.57,-1.315500721000606e-13,-2.3318201826916853e-16
457.58,-1.315362477529512e-13,-2.3333689467193634e-16
457.59,-1.3152228677952042e-13,-2.3329310868642064e-16
457.6,-1.31507834390189e-13,-2.3318741149805753e-16
457.61,-1.3149437167288627e-13,-2.334551668659983e-16
457.62,-1.31480492041675e-13,-2.3325228780172655e-16
457.63,-1.314666231486268e-13,-2.3314066535227704e-16
457.64,-1.314526700193643e-13,-2.3319079705042803e-16
457.65,-1.3143845066105701e-13,-2.3277285081044253e-16
457.66,-1.314247022627218e-13,-2.3300890697260444e-16
457.67,-1.3141086485267492e-13,-2.3293664186478515e-16
457.68,-1.3139692673881288e-13,-2.3323475599782373e-16
457.69,-1.3138341324343162e-13,-2.33185326489081e-16
457.7,-1.3136893543583815e-13,-2.3285840941030803e-16
457.71,-1.3135441235324864e-13,-2.328900009328015e-16
457.72,-1.3134122004775994e-13,-2.3291479989978537e-16
457.73,-1.3132699360215435e-13,-2.3275673768490323e-16
457.74,-1.3131353018581159e-13,-2.3287965652004943e-16
457.75,-1.312994616068124e-13,-2.3275505182520795e-16
457.76,-1.3128541828637556e-13,-2.3276952141675274e-16
457.77,-1.3127176952996434e-13,-2.3275017260038127e-16
457.78,-1.3125747845488004e-13,-2.3254643687346754e-16
457.79,-1.3124359658811255e-13,-2.3264881532072275e-16
457.8,-1.312299602657736e-13,-2.326297030486488e-16
457.81,-1.3121594802207608e-13,-2.326237519173072e-16
457.82,-1.31202553453245e-13,-2.3262517166782735e-16
457.83,-1.3118793590693813e-13,-2.3244270952781625e-16
457.84,-1.3117432108474816e-13,-2.3247392037993276e-16
457.85,-1.3116047599195587e-13,-2.3256839493233713e-16
457.86,-1.311462202945699e-13,-2.323407047964014e-16
457.87,-1.3113265440829058e-13,-2.324026110834421e-16
457.88,-1.3111903826286505e-13,-2.323944917762064e-16
457.89,-1.311049114004209e-13,-2.32430962250748e-16
457.9,-1.3109062733975072e-13,-2.321227016616209e-16
457.91,-1.3107840128538348e-13,-2.324672482853829e-16
457.92,-1.3106263641143598e-13,-2.319889904078532e-16
457.93,-1.3104914552995893e-13,-2.3222737691802803e-16
457.94,-1.3103535259793233e-13,-2.322226394906577e-16
457.95,-1.3102141218161992e-13,-2.3208275694007606e-16
457.96,-1.3100753551156144e-13,-2.3203879528648533e-16
457.97,-1.3099373180181061e-13,-2.321178629581017e-16
457.98,-1.3098024025230018e-13,-2.3208822974026095e-16
457.99,-1.3096622242906226e-13,-2.3198305575934027e-16
458.0,-1.3095022283358398e-13,-2.3180911261982346e-16
458.01,-1.3093812108197118e-13,-2.3212514950662807e-16
458.02,-1.3092466423342907e-13,-2.3198786491220007e-16
458.03,-1.3091030720386728e-13,-2.316776255057886e-16
458.04,-1.3089622461018916e-13,-2.31777635958167e-16
458.05,-1.3088284850543029e-13,-2.319463425648051e-16
458.06,-1.3086905920173983e-13,-2.3180373909233946e-16
458.07,-1.308556095161477e-13,-2.317288107031678e-16
458.08,-1.308411500071758e-13,-2.317202914783422e-16
458.09,-1.3082695279632845e-13,-2.317546396875169e-16
458.1,-1.3081348866529593e-13,-2.3187843088455355e-16
458.11,-1.3079972961631448e-13,-2.3164855959441495e-16
458.12,-1.3078610743733557e-13,-2.3160801130818204e-16
458.13,-1.307729894331596e-13,-2.313450697024269e-16
458.14,-1.3075832330404744e-13,-2.3158977671349436e-16
458.15,-1.3074437710850553e-13,-2.3160678871652717e-16
458.16,-1.3073080129478083e-13,-2.3216253414163483e-16
458.17,-1.3071637845854052e-13,-2.314253241261238e-16
458.18,-1.3070246443499257e-13,-2.315107579216366e-16
458.19,-1.3068892699723242e-13,-2.3142187015557227e-16
458.2,-1.3067482060207182e-13,-2.3118012432215985e-16
458.21,-1.306614397403961e-13,-2.3157201246724104e-16
458.22,-1.3064703523449176e-13,-2.3119461196579993e-16
458.23,-1.306335683740518e-13,-2.312651768561877e-16
458.24,-1.3062000017849721e-13,-2.3133305619664534e-16
458.25,-1.3060619865662048e-13,-2.3126306295269476e-16
458.26,-1.3059233445042882e-13,-2.313851211862345e-16
458.27,-1.3057865211572637e-13,-2.3125783123398896e-16
458.28,-1.305641880661993e-13,-2.311149493733636e-16
458.29,-1.3055058202994932e-13,-2.3118846317295377e-16
458.3,-1.305370486453994e-13,-2.311285005755856e-16
458.31,-1.30523096777005e-13,-2.3110630662777163e-16
458.32,-1.3050928566513204e-13,-2.310122878006592e-16
458.33,-1.30494976724e-13,-2.309032496908159e-16
458.34,-1.3048178792595168e-13,-2.3091655799373723e-16
458.35,-1.3046781305987346e-13,-2.3097422178087525e-16
458.36,-1.3045420604109554e-13,-2.3106333295020907e-16
458.37,-1.3044052746840926e-13,-2.3091990683106166e-16
458.38,-1.3042625121902086e-13,-2.3100086950480085e-16
458.39,-1.3041262194775637e-13,-2.308605661469524e-16
458.4,-1.303988705352102e-13,-2.307535873456587e-16
458.41,-1.3038505152750892e-13,-2.307815565205595e-16
458.42,-1.3037124828331492e-13,-2.306932425718389e-16
458.43,-1.3035707969206516e-13,-2.3044216319746043e-16
458.44,-1.3034448908974849e-13,-2.3069846919227133e-16
458.45,-1.303299767284705e-13,-2.3069141049941354e-16
458.46,-1.30316596248156e-13,-2.3040849454075985e-16
458.47,-1.30302255715607e-13,-2.3068505196750253e-16
458.48,-1.3028853793209431e-13,-2.305890059767925e-16
458.49,-1.302748431505813e-13,-2.3049386042231064e-16
458.5,-1.302608991601377e-13,-2.304666172878274e-16
458.51,-1.3024730444134105e-13,-2.30749779417808e-16
458.52,-1.3023334959966118e-13,-2.3040897525688587e-16
458.53,-1.302194598409927e-13,-2.2996490582218204e-16
458.54,-1.3020571289878462e-13,-2.3021973347437567e-16
458.55,-1.3018948078287386e-13,-2.3018781664791687e-16
458.56,-1.301782049558995e-13,-2.3025032769660636e-16
458.57,-1.301646512967844e-13,-2.302311321659866e-16
458.58,-1.3015097422368538e-13,-2.3004738259648986e-16
458.59,-1.3013698155218216e-13,-2.302500837204096e-16
458.6,-1.3012376936162184e-13,-2.3031530811163608e-16
458.61,-1.3010943193476937e-13,-2.301459562496882e-16
458.62,-1.3009707511429676e-13,-2.300297007140898e-16
458.63,-1.3008161152275498e-13,-2.2981037529104083e-16
458.64,-1.3006820529199176e-13,-2.300349851232916e-16
458.65,-1.3005475175875188e-13,-2.300819833688566e-16
458.66,-1.300408078028104e-13,-2.299148958214465e-16
458.67,-1.300269619570954e-13,-2.2999960678168975e-16
458.68,-1.3001346014547625e-13,-2.301049637469961e-16
458.69,-1.2999943303162135e-13,-2.299549965475765e-16
458.7,-1.2998569785538025e-13,-2.299799010745964e-16
458.71,-1.2997282735117228e-13,-2.277214276522614e-16
458.72,-1.299581313921987e-13,-2.2986119204489434e-16
458.73,-1.2994416536632886e-13,-2.2968993996432865e-16
458.74,-1.299310213584123e-13,-2.298203039368735e-16
458.75,-1.2991666215283977e-13,-2.295573306922284e-16
458.76,-1.2990318666226774e-13,-2.297469223996019e-16
458.77,-1.2988946672359149e-13,-2.296915071140076e-16
458.78,-1.298756707360075e-13,-2.2954742987928754e-16
458.79,-1.2986220605942274e-13,-2.297071783103728e-16
458.8,-1.2985134894268296e-13,-2.310467019901224e-16
458.81,-1.2983535696967142e-13,-2.2960040229466044e-16
458.82,-1.2982114544956485e-13,-2.297623487922192e-16
458.83,-1.2980715867114824e-13,-2.2950698084969427e-16
458.84,-1.297937317386841e-13,-2.294358661572712e-16
458.85,-1.2977980069218762e-13,-2.2941438738665303e-16
458.86,-1.297666310984341e-13,-2.29663001141447e-16
458.87,-1.2975231417659395e-13,-2.295091157263301e-16
458.88,-1.2973846467505926e-13,-2.2930495334136546e-16
458.89,-1.297258231692298e-13,-2.29455025170583e-16
458.9,-1.2971107724894694e-13,-2.290357927291419e-16
458.91,-1.2969759843467206e-13,-2.2930772313747873e-16
458.92,-1.296838654797467e-13,-2.292172010992525e-16
458.93,-1.296703745501109e-13,-2.2933109734624423e-16
458.94,-1.2965646516585999e-13,-2.29139513032051e-16
458.95,-1.2964271265523313e-13,-2.292253026040011e-16
458.96,-1.2962907966146292e-13,-2.290891401810667e-16
458.97,-1.2961524082811478e-13,-2.2907216591994903e-16
458.98,-1.2960196793906038e-13,-2.2933056022630543e-16
458.99,-1.2958775360163952e-13,-2.290098351436575e-16
459.0,-1.2957396479955396e-13,-2.2895386137740434e-16
459.01,-1.2956055557503748e-13,-2.290581000935937e-16
459.02,-1.295465509985558e-13,-2.287811787397062e-16
459.03,-1.2953344561079517e-13,-2.290685517349124e-16
459.04,-1.2951937467977057e-13,-2.288684555459066e-16
459.05,-1.2950614736401088e-13,-2.2902761997995256e-16
459.06,-1.2949221963466826e-13,-2.289748450136013e-16
459.07,-1.2947797733999357e-13,-2.285512944507214e-16
459.08,-1.2946448166366298e-13,-2.286913120564422e-16
459.09,-1.2945101654919372e-13,-2.288361234585905e-16
459.1,-1.2943751405903788e-13,-2.2862800592750325e-16
459.11,-1.2942376205172793e-13,-2.2878612925373455e-16
459.12,-1.2940990183303198e-13,-2.2854412874414947e-16
459.13,-1.2939658005741488e-13,-2.286029744088995e-16
459.14,-1.2938256778981041e-13,-2.286288606298784e-16
459.15,-1.29368520418129e-13,-2.2847785199904873e-16
459.16,-1.2935541431664455e-13,-2.2864230456403886e-16
459.17,-1.29341735501911e-13,-2.284483141475936e-16
459.18,-1.293281962729989e-13,-2.2849801499991084e-16
459.19,-1.293141230342572e-13,-2.2840277679182085e-16
459.2,-1.2930079989940456e-13,-2.284309943242265e-16
459.21,-1.2928677692595857e-13,-2.283691147281464e-16
459.22,-1.2927333728404886e-13,-2.283773741098048e-16
459.23,-1.2925966147657988e-13,-2.2827085616735864e-16
459.24,-1.2924626020837242e-13,-2.283762037183818e-16
459.25,-1.2923212137635757e-13,-2.2819046110709403e-16
459.26,-1.2921887538759873e-13,-2.284354054499887e-16
459.27,-1.29205495894303e-13,-2.2832215499622825e-16
459.28,-1.2919149643950512e-13,-2.282838575375292e-16
459.29,-1.2917769870226936e-13,-2.2811740023312947e-16
459.3,-1.2916410649448365e-13,-2.2798411526510687e-16
459.31,-1.2915055240429165e-13,-2.2810858337003477e-16
459.32,-1.2913698897615514e-13,-2.2802895562058314e-16
459.33,-1.2912316183076e-13,-2.2805745470601177e-16
459.34,-1.291100958691471e-13,-2.282044458413341e-16
459.35,-1.2909596438475477e-13,-2.2798135770953636e-16
459.36,-1.2908251779791563e-13,-2.2792969042924204e-16
459.37,-1.2906944841578008e-13,-2.280748296856773e-16
459.38,-1.290552986491369e-13,-2.278174910694665e-16
459.39,-1.2904160122612248e-13,-2.279180734173636e-16
459.4,-1.2902785047104256e-13,-2.278332687292492e-16
459.41,-1.2901443383422732e-13,-2.278710990459784e-16
459.42,-1.2900059377532601e-13,-2.2777106737901123e-16
459.43,-1.2898707829779317e-13,-2.2774517894447116e-16
459.44,-1.289734902796796e-13,-2.276401972621653e-16
459.45,-1.2895994631612482e-13,-2.277305823560765e-16
459.46,-1.289462562117793e-13,-2.2760017388034177e-16
459.47,-1.2893251225788581e-13,-2.2773935192447716e-16
459.48,-1.2891922134905828e-13,-2.2778168611246823e-16
459.49,-1.2890548828284794e-13,-2.276446302502337e-16
459.5,-1.2889188585878895e-13,-2.2769040219293356e-16
459.51,-1.2887805867873747e-13,-2.274646495298996e-16
459.52,-1.2886489091228735e-13,-2.275490328541314e-16
459.53,-1.2885113106258886e-13,-2.278108264205074e-16
459.54,-1.2883775467377652e-13,-2.2794593990140587e-16
459.55,-1.2882385860438133e-13,-2.273381736141702e-16
459.56,-1.288102175989479e-13,-2.2742502599404845e-16
459.57,-1.2879674543136173e-13,-2.275693911354782e-16
459.58,-1.2878312669311133e-13,-2.2726081027667726e-16
459.59,-1.287699584783008e-13,-2.2745848273366857e-16
459.6,-1.2875591719931705e-13,-2.2727692444725333e-16
459.61,-1.2874237221129324e-13,-2.2729830255468455e-16
459.62,-1.2872876651985136e-13,-2.270971198312819e-16
459.63,-1.2871371892655531e-13,-2.269047783562185e-16
459.64,-1.2870142066931937e-13,-2.271006860723273e-16
459.65,-1.2868796749704411e-13,-2.2697321292874253e-16
459.66,-1.2867415479717597e-13,-2.273919366518641e-16
459.67,-1.2866098261913913e-13,-2.2701747537703987e-16
459.68,-1.286465024770651e-13,-2.2689460501274773e-16
459.69,-1.2863355885098607e-13,-2.2704997329370857e-16
459.7,-1.2861981090354445e-13,-2.2685513487402413e-16
459.71,-1.2860672021752967e-13,-2.270973183919551e-16
459.72,-1.2859260036185229e-13,-2.28018002615434e-16
459.73,-1.2857945028220556e-13,-2.2684883713328986e-16
459.74,-1.285657893017233e-13,-2.268829612235463e-16
459.75,-1.2855216896089777e-13,-2.2677503045352074e-16
459.76,-1.2853843365752695e-13,-2.2660840940036315e-16
459.77,-1.2852511229732562e-13,-2.267532673059896e-16
459.78,-1.285116277275404e-13,-2.2677602499598177e-16
459.79,-1.2849862784412836e-13,-2.269565259482077e-16
459.8,-1.2848452646405754e-13,-2.264962819885653e-16
459.81,-1.2846736678431443e-13,-2.276312691009428e-16
459.82,-1.2845743592157453e-13,-2.2666460402693665e-16
459.83,-1.2844370712522474e-13,-2.2656538183244746e-16
459.84,-1.2843025835309513e-13,-2.2658270288042174e-16
459.85,-1.2841662624097167e-13,-2.266001595951806e-16
459.86,-1.2840319162012202e-13,-2.2654920794074487e-16
459.87,-1.2838996215905038e-13,-2.265631387519826e-16
459.88,-1.283749582499341e-13,-2.2654635209010553e-16
459.89,-1.2836186552236037e-13,-2.267560928329214e-16
459.9,-1.283472773773972e-13,-2.262451209307002e-16
459.91,-1.2833506370371214e-13,-2.2626907092234213e-16
459.92,-1.2832162237511896e-13,-2.2633086067395934e-16
459.93,-1.283087326760991e-13,-2.2634551594449955e-16
459.94,-1.282949424852256e-13,-2.2633619663093634e-16
459.95,-1.282813902986398e-13,-2.2615730506404175e-16
459.96,-1.2826780150827063e-13,-2.2619109771650143e-16
459.97,-1.2825255774051458e-13,-2.2504737718309506e-16
459.98,-1.2824068726767431e-13,-2.2617695657746066e-16
459.99,-1.2822676470751864e-13,-2.2633881894179177e-16
460.0,-1.2821369161806683e-13,-2.2609337200203385e-16
460.01,-1.2819989951969906e-13,-2.260003635464379e-16
460.02,-1.2818668611135504e-13,-2.260329148452912e-16
460.03,-1.2817327155863438e-13,-2.260863202194784e-16
460.04,-1.28159690530921e-13,-2.2596227739554364e-16
460.05,-1.2814627083536e-13,-2.259582752356679e-16
460.06,-1.281317667510263e-13,-2.2552667648887516e-16
460.07,-1.281192606000235e-13,-2.2594960100100367e-16
460.08,-1.2810587814252386e-13,-2.25692396485997e-16
460.09,-1.2809250492211223e-13,-2.259093147528049e-16
460.1,-1.2807867939718898e-13,-2.2585455355043503e-16
460.11,-1.2806520930757727e-13,-2.258029537172722e-16
460.12,-1.280513868784077e-13,-2.257919713249728e-16
460.13,-1.280381459779061e-13,-2.257443509755199e-16
460.14,-1.2802516337496808e-13,-2.260359000946008e-16
460.15,-1.2801169654841282e-13,-2.2578602368050993e-16
460.16,-1.2799765132203994e-13,-2.256117078059445e-16
460.17,-1.2798360373296398e-13,-2.25321217312275e-16
460.18,-1.2797058305702514e-13,-2.255436645590124e-16
460.19,-1.2795704266106734e-13,-2.254787445065074e-16
460.2,-1.27943786209453e-13,-2.2556206850968983e-16
460.21,-1.279300214451637e-13,-2.2539398922001173e-16
460.22,-1.2791653778632629e-13,-2.2545621255104084e-16
460.23,-1.2790311806039584e-13,-2.256555614684524e-16
460.24,-1.2789022903952999e-13,-2.2557480253633593e-16
460.25,-1.2787615020260955e-13,-2.253843800708048e-16
460.26,-1.2786307118736083e-13,-2.254228067459707e-16
460.27,-1.2784901593030481e-13,-2.255624581930811e-16
460.28,-1.2783600828246037e-13,-2.254043153134192e-16
460.29,-1.2782234843815777e-13,-2.253072149079876e-16
460.3,-1.2780953057234154e-13,-2.25197823464339e-16
460.31,-1.277956292212459e-13,-2.25290832628738e-16
460.32,-1.277818146378995e-13,-2.2523494468899327e-16
460.33,-1.277677590789773e-13,-2.2505607358180704e-16
460.34,-1.2775498715211988e-13,-2.2513182392834167e-16
460.35,-1.2774190727676581e-13,-2.252335613401924e-16
460.36,-1.2772912169717864e-13,-2.253953662022242e-16
460.37,-1.2771470333665522e-13,-2.250361679983315e-16
460.38,-1.2770118602314763e-13,-2.251647345942512e-16
460.39,-1.2768696049102444e-13,-2.24558158172879e-16
460.4,-1.276751226289471e-13,-2.2520275722460327e-16
460.41,-1.2766117801870859e-13,-2.2510983729828783e-16
460.42,-1.2764787721772287e-13,-2.2545197554488776e-16
460.43,-1.2763527790586027e-13,-2.2532765779439523e-16
460.44,-1.2762090977100738e-13,-2.2509351771360887e-16
460.45,-1.276070091785597e-13,-2.247550852524546e-16
460.46,-1.2759361572555657e-13,-2.2492123903225575e-16
460.47,-1.2758017636733056e-13,-2.2472309177416767e-16
460.48,-1.2756706509939743e-13,-2.24592197835802e-16
460.49,-1.2755361757944219e-13,-2.248232498771562e-16
460.5,-1.2754005192601603e-13,-2.2463028189925566e-16
460.51,-1.275268814144667e-13,-2.244697733038397e-16
460.52,-1.2751378072195786e-13,-2.254912305979815e-16
460.53,-1.274995305284855e-13,-2.2443299359609726e-16
460.54,-1.274866836496836e-13,-2.2471090647898e-16
460.55,-1.2747263121866318e-13,-2.2455489947728294e-16
460.56,-1.274589040139561e-13,-2.246195547328988e-16
460.57,-1.274461859050791e-13,-2.2465317752199017e-16
460.58,-1.2743251960301646e-13,-2.244642639052505e-16
460.59,-1.2741883292801815e-13,-2.24445744770404e-16
460.6,-1.274066172453682e-13,-2.2416752942138774e-16
460.61,-1.2739310147363536e-13,-2.2446746724233396e-16
460.62,-1.2737851830027508e-13,-2.2426664231329803e-16
460.63,-1.2736547269380748e-13,-2.2438840896341017e-16
460.64,-1.2735230331784759e-13,-2.242459504817005e-16
460.65,-1.273383689140353e-13,-2.2434666517696196e-16
460.66,-1.2732514309451293e-13,-2.242661180308027e-16
460.67,-1.27311819194876e-13,-2.242119538245816e-16
460.68,-1.2729848457515285e-13,-2.2431448300173774e-16
460.69,-1.272842788948503e-13,-2.23999299951842e-16
460.7,-1.2727106228190846e-13,-2.240928495940416e-16
460.71,-1.2725808333449248e-13,-2.2406179413670806e-16
460.72,-1.2724459702883222e-13,-2.24174315819369e-16
460.73,-1.2723125946966995e-13,-2.2410495660862887e-16
460.74,-1.2721804385455284e-13,-2.241185995905671e-16
460.75,-1.2720473549355653e-13,-2.238860727047963e-16
460.76,-1.2719118407698003e-13,-2.2399434590985996e-16
460.77,-1.2717821054049652e-13,-2.23934856068276e-16
460.78,-1.2716440329238505e-13,-2.2379931509019025e-16
460.79,-1.271510375457703e-13,-2.2399059178652665e-16
460.8,-1.2713762996911564e-13,-2.2385421541225783e-16
460.81,-1.2712423971477858e-13,-2.239712115548069e-16
460.82,-1.2711122817810163e-13,-2.2395341582711696e-16
460.83,-1.2709754730366437e-13,-2.2369384652606773e-16
460.84,-1.2708422814402252e-13,-2.2375990285714127e-16
460.85,-1.2707080524917325e-13,-2.2380781139793083e-16
460.86,-1.270572969650214e-13,-2.2370588298526975e-16
460.87,-1.2704466709185593e-13,-2.235239581144884e-16
460.88,-1.2703115266854865e-13,-2.238130162547944e-16
460.89,-1.2701779552450152e-13,-2.2376728096974127e-16
460.9,-1.2700352097813483e-13,-2.2337000093017426e-16
460.91,-1.26990767534221e-13,-2.238527093067866e-16
460.92,-1.2697772134918112e-13,-2.2367708620127645e-16
460.93,-1.2696374413354348e-13,-2.2348818643120824e-16
460.94,-1.2695046646082266e-13,-2.235924456455477e-16
460.95,-1.2693742321734158e-13,-2.236601260195872e-16
460.96,-1.2692363185192728e-13,-2.2356358369064943e-16
460.97,-1.2691058127595677e-13,-2.233971480468682e-16
460.98,-1.2689731751747096e-13,-2.233989622233351e-16
460.99,-1.268840532322372e-13,-2.233608221391699e-16
461.0,-1.2687003584825435e-13,-2.2348869967459754e-16
461.01,-1.2685686361125832e-13,-2.2328717970711176e-16
461.02,-1.2684370074438052e-13,-2.2340963701673536e-16
461.03,-1.2683011458080645e-13,-2.23249971803911e-16
461.04,-1.2681688316938984e-13,-2.233950422685428e-16
461.05,-1.268035709055477e-13,-2.2319194602277505e-16
461.06,-1.2678995246029768e-13,-2.2298019117550337e-16
461.07,-1.2677711089153338e-13,-2.2319649547491275e-16
461.08,-1.2676380857127893e-13,-2.2316165073345833e-16
461.09,-1.2675058036593805e-13,-2.231708255775992e-16
461.1,-1.26737144444471e-13,-2.2328001468432937e-16
461.11,-1.2672352184053572e-13,-2.230750039904345e-16
461.12,-1.2671060343147543e-13,-2.231041211107164e-16
461.13,-1.2669686652224483e-13,-2.2295753771904303e-16
461.14,-1.2668377848148739e-13,-2.229174013997873e-16
461.15,-1.2667032476773453e-13,-2.230388058879163e-16
461.16,-1.266570192595142e-13,-2.229581468377764e-16
461.17,-1.2664381413302995e-13,-2.2298339517847195e-16
461.18,-1.266303588275017e-13,-2.2290511304380496e-16
461.19,-1.266170740440575e-13,-2.2288128750316747e-16
461.2,-1.2660361632469973e-13,-2.228111452602486e-16
461.21,-1.265903126873673e-13,-2.228117782263051e-16
461.22,-1.2657707513204285e-13,-2.2268519541560984e-16
461.23,-1.2656383293376325e-13,-2.2274657647622563e-16
461.24,-1.2655058658723622e-13,-2.2268483903726934e-16
461.25,-1.2653697856948041e-13,-2.225984382370282e-16
461.26,-1.2652388774930625e-13,-2.2265615530629685e-16
461.27,-1.2651048878795703e-13,-2.226189909252311e-16
461.28,-1.264973030899704e-13,-2.226034784744016e-16
461.29,-1.264841077178681e-13,-2.2258334892524826e-16
461.3,-1.264703503733346e-13,-2.225351331823523e-16
461.31,-1.2645736207694e-13,-2.225797449707241e-16
461.32,-1.264440302056753e-13,-2.2247795878390804e-16
461.33,-1.2643051077261534e-13,-2.223366741831331e-16
461.34,-1.2641802055822987e-13,-2.2236567936494216e-16
461.35,-1.264043194873587e-13,-2.2240890808993005e-16
461.36,-1.2639080843368686e-13,-2.223709190337211e-16
461.37,-1.2637751522317947e-13,-2.2234417812379533e-16
461.38,-1.2636419804717244e-13,-2.2240410233311063e-16
461.39,-1.2635086819829366e-13,-2.2233792537730493e-16
461.4,-1.2633774838933375e-13,-2.2234861397998807e-16
461.41,-1.2632451350827636e-13,-2.2230980606598093e-16
461.42,-1.2631108824769268e-13,-2.2211040960663692e-16
461.43,-1.262977696078165e-13,-2.2221073505558475e-16
461.44,-1.2628454813108844e-13,-2.222339071978406e-16
461.45,-1.2627137230116095e-13,-2.2198049119969924e-16
461.46,-1.2625758971584607e-13,-2.2214312382880334e-16
461.47,-1.2624466397805416e-13,-2.2205954300671473e-16
461.48,-1.2623188025266578e-13,-2.219372278602708e-16
461.49,-1.2621812813747829e-13,-2.2203706201186482e-16
461.5,-1.2620326992054198e-13,-2.220844950264301e-16
461.51,-1.2619175690127901e-13,-2.2202927916855514e-16
461.52,-1.2617885706523523e-13,-2.2201343425411301e-16
461.53,-1.261652783737683e-13,-2.2195575090485557e-16
461.54,-1.2615166353416751e-13,-2.2191373128820481e-16
461.55,-1.261387886522138e-13,-2.2194555054998833e-16
461.56,-1.2612580768243912e-13,-2.220405217979183e-16
461.57,-1.2611230703598425e-13,-2.2188117474547334e-16
461.58,-1.2609887754169254e-13,-2.2184552156314947e-16
461.59,-1.2608622768391426e-13,-2.221443296503695e-16
461.6,-1.260719243684652e-13,-2.2170001346692235e-16
461.61,-1.2605945816072947e-13,-2.2168920952235358e-16
461.62,-1.260463935818412e-13,-2.2179346078688318e-16
461.63,-1.2603229122387945e-13,-2.2158269640961504e-16
461.64,-1.260196894365127e-13,-2.2176877209695068e-16
461.65,-1.2600602783315422e-13,-2.2150158565029451e-16
461.66,-1.2599272436989548e-13,-2.2154765685687612e-16
461.67,-1.2597990508819086e-13,-2.2146832451317474e-16
461.68,-1.2596658915158978e-13,-2.2184589811894103e-16
461.69,-1.2595317481923685e-13,-2.2156275692339828e-16
461.7,-1.2593980706443396e-13,-2.2153284557648479e-16
461.71,-1.2592678797370402e-13,-2.2150117481708614e-16
461.72,-1.2591357306935935e-13,-2.2136038037463016e-16
461.73,-1.2590040127656092e-13,-2.213356614086474e-16
461.74,-1.2588708991121355e-13,-2.2149964908998972e-16
461.75,-1.2587389623125876e-13,-2.2141890900039444e-16
461.76,-1.2586062167426084e-13,-2.2123281882920194e-16
461.77,-1.2584655260981998e-13,-2.213013790728615e-16
461.78,-1.2583414266466472e-13,-2.2130697843532002e-16
461.79,-1.2582084074310275e-13,-2.213705488545593e-16
461.8,-1.2580780188759507e-13,-2.2128996179097056e-16
461.81,-1.2579462221900367e-13,-2.2114820377300243e-16
461.82,-1.2578151928497466e-13,-2.2115656775022974e-16
461.83,-1.257677929437348e-13,-2.213080636258348e-16
461.84,-1.2575488903881947e-13,-2.2103955679680554e-16
461.85,-1.2574018601974973e-13,-2.2068938283985593e-16
461.86,-1.2572671005116129e-13,-2.20886464634506e-16
461.87,-1.257153119709369e-13,-2.2120288530942014e-16
461.88,-1.2570197600150677e-13,-2.209392006719868e-16
461.89,-1.256890224218162e-13,-2.2100813426444675e-16
461.9,-1.2567536589738312e-13,-2.2092133845426004e-16
461.91,-1.256622720419394e-13,-2.2081732681450358e-16
461.92,-1.256492587435808e-13,-2.2089198913320512e-16
461.93,-1.2563587160370924e-13,-2.208015238909766e-16
461.94,-1.2562168639572278e-13,-2.2152726126766385e-16
461.95,-1.2560903070561598e-13,-2.2062267646233841e-16
461.96,-1.2559635480641194e-13,-2.2077708823778075e-16
461.97,-1.2558357700433834e-13,-2.2084153198443083e-16
461.98,-1.2557074497197297e-13,-2.2070321541711028e-16
461.99,-1.2555694485915731e-13,-2.2080015022344488e-16
462.0,-1.2554379846360494e-13,-2.207200727785292e-16
462.01,-1.255298837905919e-13,-2.2039352681998738e-16
462.02,-1.2551744400633518e-13,-2.2065575026206915e-16
462.03,-1.255039218993917e-13,-2.206779651099604e-16
462.04,-1.254919405881964e-13,-2.2059994494829254e-16
462.05,-1.2547791642693272e-13,-2.2062466576277132e-16
462.06,-1.2546468068888577e-13,-2.2055708747860857e-16
462.07,-1.254506330680136e-13,-2.207979856173691e-16
462.08,-1.2543855239905035e-13,-2.204545918942899e-16
462.09,-1.25425136281838e-13,-2.2044521738374844e-16
462.1,-1.2541183578044508e-13,-2.2030791840130472e-16
462.11,-1.2539852948361615e-13,-2.2045475888255646e-16
462.12,-1.253860422041906e-13,-2.2055947796915922e-16
462.13,-1.253721792286153e-13,-2.201732069421563e-16
462.14,-1.2535925290026598e-13,-2.2022107172002328e-16
462.15,-1.253460225194255e-13,-2.2034171685531145e-16
462.16,-1.2533328494830852e-13,-2.2044991852485644e-16
462.17,-1.2532002819132642e-13,-2.2026797915678995e-16
462.18,-1.2530682727549e-13,-2.2023690007817609e-16
462.19,-1.2529364852859304e-13,-2.2014061199425755e-16
462.2,-1.252806984988617e-13,-2.204523709540442e-16
462.21,-1.2526703115092387e-13,-2.2020209355297132e-16
462.22,-1.2525431355531175e-13,-2.2002303352214667e-16
462.23,-1.2524029340205115e-13,-2.2002597610399245e-16
462.24,-1.252277354658253e-13,-2.2016247060269891e-16
462.25,-1.252147165518769e-13,-2.2005941736974856e-16
462.26,-1.2520140010077928e-13,-2.1998896683031782e-16
462.27,-1.2518829342039785e-13,-2.199755488747605e-16
462.28,-1.2517535758160725e-13,-2.2005515449399844e-16
462.29,-1.2516184401791703e-13,-2.1981899908836187e-16
462.3,-1.2514878618781903e-13,-2.1983847540040464e-16
462.31,-1.251357540018809e-13,-2.1970575088792086e-16
462.32,-1.251223142162625e-13,-2.1990148511647168e-16
462.33,-1.2510946436383096e-13,-2.198650256389081e-16
462.34,-1.250965234821963e-13,-2.1979947430467523e-16
462.35,-1.250828571360835e-13,-2.196317224767041e-16
462.36,-1.2507016586755803e-13,-2.197641746531049e-16
462.37,-1.2505749864720328e-13,-2.1985682908241718e-16
462.38,-1.2504436628910142e-13,-2.1959203992694967e-16
462.39,-1.2503097910191442e-13,-2.1965178798332352e-16
462.4,-1.2501940583157383e-13,-2.2044005720595895e-16
462.41,-1.2500456364464273e-13,-2.196477506863572e-16
462.42,-1.2499133816230807e-13,-2.1955902067147704e-16
462.43,-1.249778689647047e-13,-2.194090423999073e-16
462.44,-1.249654075148556e-13,-2.1955101952725238e-16
462.45,-1.2495162177519578e-13,-2.1954980579418645e-16
462.46,-1.2493877210160883e-13,-2.195201672045039e-16
462.47,-1.2492698798399737e-13,-2.1984715725641226e-16
462.48,-1.2491382142333892e-13,-2.196801720265016e-16
462.49,-1.2489943684911726e-13,-2.1937746878903872e-16
462.5,-1.2488677592809565e-13,-2.1942029135912852e-16
462.51,-1.248739807234014e-13,-2.1940763411582868e-16
462.52,-1.2486005921574534e-13,-2.1929137844989688e-16
462.53,-1.248476158969024e-13,-2.1939619550507684e-16
462.54,-1.2483417003711845e-13,-2.193152836281818e-16
462.55,-1.2482139048816872e-13,-2.1931081284409014e-16
462.56,-1.2481057554548614e-13,-2.1832081771063352e-16
462.57,-1.2479452893716235e-13,-2.1904021440555418e-16
462.58,-1.2478240568988394e-13,-2.193683278301297e-16
462.59,-1.2476884013453962e-13,-2.1912927145967684e-16
462.6,-1.2475553135602193e-13,-2.1905547652202412e-16
462.61,-1.247429226137209e-13,-2.1933619070562713e-16
462.62,-1.2472903309690542e-13,-2.1897766061725663e-16
462.63,-1.247167465656674e-13,-2.191824296829304e-16
462.64,-1.2470352413575898e-13,-2.1905165215465755e-16
462.65,-1.2469175052256577e-13,-2.1768353813359806e-16
462.66,-1.2467722100612468e-13,-2.1897854326561078e-16
462.67,-1.2466376112361094e-13,-2.1870737785684151e-16
462.68,-1.2465096853013925e-13,-2.188283512483437e-16
462.69,-1.2463782892771855e-13,-2.1871574409278588e-16
462.7,-1.2462491944045735e-13,-2.1887286459525193e-16
462.71,-1.2461194796150648e-13,-2.1893705167847434e-16
462.72,-1.245991522402254e-13,-2.18835866457446e-16
462.73,-1.2458552152604312e-13,-2.1874843111042545e-16
462.74,-1.245747408893657e-13,-2.1994227538190424e-16
462.75,-1.2455968435795464e-13,-2.1878415376412945e-16
462.76,-1.2454572500581939e-13,-2.1848907812685406e-16
462.77,-1.245334475472366e-13,-2.186908619247872e-16
462.78,-1.245202463089528e-13,-2.1868640170981148e-16
462.79,-1.2450736393061597e-13,-2.1865295613568128e-16
462.8,-1.2449442810469251e-13,-2.1879121855053376e-16
462.81,-1.244814046492448e-13,-2.186611627956425e-16
462.82,-1.2446771828698986e-13,-2.184566429612339e-16
462.83,-1.2445501284485753e-13,-2.185031491686512e-16
462.84,-1.2444224468182568e-13,-2.1852536391214407e-16
462.85,-1.244291718532904e-13,-2.1853692525955553e-16
462.86,-1.2441609409396916e-13,-2.1846056851759707e-16
462.87,-1.2440283267533458e-13,-2.1841200782896805e-16
462.88,-1.2438992029556185e-13,-2.1841697968225773e-16
462.89,-1.2437707240978021e-13,-2.1840193902787973e-16
462.9,-1.2436393070607484e-13,-2.183659197189364e-16
462.91,-1.2435049572862022e-13,-2.1841413977060142e-16
462.92,-1.2433762910075732e-13,-2.1799904200688706e-16
462.93,-1.2432466951429965e-13,-2.1827338509022804e-16
462.94,-1.2431198882417405e-13,-2.1832030311164536e-16
462.95,-1.2429843048712603e-13,-2.1815430623257006e-16
462.96,-1.242857188120865e-13,-2.1826348856604539e-16
462.97,-1.2427229119001878e-13,-2.1802627621787785e-16
462.98,-1.2425944155034156e-13,-2.1807345455403236e-16
462.99,-1.2424650522825996e-13,-2.181249186765712e-16
463.0,-1.242325938677469e-13,-2.1783493738213827e-16
463.01,-1.2421991162345063e-13,-2.1779931776197736e-16
463.02,-1.2420769922184596e-13,-2.1813259115765208e-16
463.03,-1.2419406483830045e-13,-2.1794231056079984e-16
463.04,-1.2418172237888973e-13,-2.180456109687758e-16
463.05,-1.2416867411081882e-13,-2.180836811007755e-16
463.06,-1.2415526771092586e-13,-2.1798534080752737e-16
463.07,-1.2414224065254762e-13,-2.1780050912206717e-16
463.08,-1.241295056630699e-13,-2.1788519029823575e-16
463.09,-1.2411635300355103e-13,-2.1787362249537224e-16
463.1,-1.241030779827031e-13,-2.176465149495335e-16
463.11,-1.240905889725897e-13,-2.1784642434710239e-16
463.12,-1.2407712321867172e-13,-2.1768085280404988e-16
463.13,-1.2406434464372164e-13,-2.1774635309788631e-16
463.14,-1.2405118496762199e-13,-2.176612868626602e-16
463.15,-1.2403854930399193e-13,-2.177152534089566e-16
463.16,-1.2402542346127123e-13,-2.1765119482642065e-16
463.17,-1.2401239333959577e-13,-2.1763663307363834e-16
463.18,-1.2399924185248579e-13,-2.1765112389978274e-16
463.19,-1.2398647041225013e-13,-2.177913096245109e-16
463.2,-1.239733453445493e-13,-2.175521040534022e-16
463.21,-1.2396087034376152e-13,-2.1759613170926696e-16
463.22,-1.2394736560721457e-13,-2.1740106388360496e-16
463.23,-1.2393440513799842e-13,-2.1743740299157378e-16
463.24,-1.239210550965503e-13,-2.172783702163633e-16
463.25,-1.2390867657327295e-13,-2.1747101099454014e-16
463.26,-1.238953933524527e-13,-2.1729707544411248e-16
463.27,-1.2388251447647775e-13,-2.1739393091467286e-16
463.28,-1.23869989732157e-13,-2.1753812751239268e-16
463.29,-1.2385673991479345e-13,-2.173202154511584e-16
463.3,-1.2384348824671574e-13,-2.1716480905913613e-16
463.31,-1.238310374482259e-13,-2.174243427145313e-16
463.32,-1.2381783932315008e-13,-2.1726457820557232e-16
463.33,-1.2380460970999656e-13,-2.171820708973121e-16
463.34,-1.2379177535203112e-13,-2.1725861094817315e-16
463.35,-1.2377850206907964e-13,-2.1707682841158473e-16
463.36,-1.2376553610232784e-13,-2.171259626944109e-16
463.37,-1.2375291308756005e-13,-2.1711233737751733e-16
463.38,-1.2373993927295373e-13,-2.1729900222283097e-16
463.39,-1.2372670340802447e-13,-2.1716128676084702e-16
463.4,-1.2371394054134e-13,-2.170354937363644e-16
463.41,-1.2370094936755566e-13,-2.16984761203944e-16
463.42,-1.2368820546426195e-13,-2.1700328516533854e-16
463.43,-1.2367504319848836e-13,-2.169356776412101e-16
463.44,-1.2366218853807648e-13,-2.1692492841823183e-16
463.45,-1.2364925430246523e-13,-2.1692581590866868e-16
463.46,-1.2363623192031469e-13,-2.1679173943995703e-16
463.47,-1.2362263954880012e-13,-2.164397837438869e-16
463.48,-1.236109583783284e-13,-2.1709692895273945e-16
463.49,-1.2359740774285786e-13,-2.1677825572041195e-16
463.5,-1.2358461162900154e-13,-2.168254747949646e-16
463.51,-1.235730424269673e-13,-2.1736503334808617e-16
463.52,-1.2355883162342198e-13,-2.168279055231172e-16
463.53,-1.2354522902580215e-13,-2.1652843427778305e-16
463.54,-1.2353279229533608e-13,-2.1672336506421045e-16
463.55,-1.235201667522434e-13,-2.1660641295841576e-16
463.56,-1.2350671076904787e-13,-2.1668587655007337e-16
463.57,-1.234944120852412e-13,-2.1746274653343433e-16
463.58,-1.2348113204791427e-13,-2.1663033060157494e-16
463.59,-1.2346788705837857e-13,-2.1655703547086117e-16
463.6,-1.2345495285101086e-13,-2.1639663813262995e-16
463.61,-1.2344213197591937e-13,-2.166179588851498e-16
463.62,-1.2342979366691252e-13,-2.1652511305441663e-16
463.63,-1.2341635513235826e-13,-2.1642288850232048e-16
463.64,-1.2340306014902495e-13,-2.163007561110597e-16
463.65,-1.2339061330247136e-13,-2.1647636505143734e-16
463.66,-1.2338013458962856e-13,-2.1774638013087335e-16
463.67,-1.233645477551244e-13,-2.162275776986311e-16
463.68,-1.2335181789122851e-13,-2.1635241941302622e-16
463.69,-1.2333882177655272e-13,-2.1615143577729128e-16
463.7,-1.2332581978339956e-13,-2.1619647528389054e-16
463.71,-1.2331316701304465e-13,-2.1622052784290333e-16
463.72,-1.2330016032153164e-13,-2.1609644206937898e-16
463.73,-1.2328683436570332e-13,-2.1616927132340994e-16
463.74,-1.2327391464842956e-13,-2.1573399853551296e-16
463.75,-1.2326415399907656e-13,-2.1823377418552499e-16
463.76,-1.2324864153544649e-13,-2.16077945518675e-16
463.77,-1.2323542608645503e-13,-2.1585858855784335e-16
463.78,-1.232233535548297e-13,-2.164660306876525e-16
463.79,-1.2320948234646747e-13,-2.1603491531052086e-16
463.8,-1.2319660953860032e-13,-2.157743676761392e-16
463.81,-1.2318454116570357e-13,-2.1604728555496865e-16
463.82,-1.2317179490045151e-13,-2.1548547833191597e-16
463.83,-1.2315818838178394e-13,-2.1581557472153706e-16
463.84,-1.2314499588607955e-13,-2.1610972186536118e-16
463.85,-1.231325191158004e-13,-2.1575756012261053e-16
463.86,-1.2312012669698724e-13,-2.1588175852945589e-16
463.87,-1.2310663293456588e-13,-2.1566141588251416e-16
463.88,-1.2309399811179627e-13,-2.1577410332606983e-16
463.89,-1.230809978925527e-13,-2.156766788327228e-16
463.9,-1.2306819368817665e-13,-2.1584270058427893e-16
463.91,-1.230529217274197e-13,-2.1535020788394008e-16
463.92,-1.2304240022060322e-13,-2.156566896505182e-16
463.93,-1.2302955641024413e-13,-2.1568193147441294e-16
463.94,-1.2301626556337265e-13,-2.152873173570949e-16
463.95,-1.2300343790679938e-13,-2.1548495915875261e-16
463.96,-1.2299101144576237e-13,-2.1564693386098235e-16
463.97,-1.2297807893824165e-13,-2.1553160060456577e-16
463.98,-1.2296515966357894e-13,-2.1544041917973124e-16
463.99,-1.2295212503891365e-13,-2.1533275888583912e-16
464.0,-1.2293972563762657e-13,-2.1539149035945508e-16
464.01,-1.2292666649994878e-13,-2.153630728489019e-16
464.02,-1.2291302968973056e-13,-2.1499711857823956e-16
464.03,-1.2290094186014782e-13,-2.1542070970837275e-16
464.04,-1.2288786279502108e-13,-2.1520848480519272e-16
464.05,-1.228752293094632e-13,-2.1541060400608542e-16
464.06,-1.2286218794023128e-13,-2.152467159976597e-16
464.07,-1.2284947380622947e-13,-2.152674040119372e-16
464.08,-1.2283662331298812e-13,-2.152504867949773e-16
464.09,-1.2282383767787132e-13,-2.1518999681607557e-16
464.1,-1.2281117816624345e-13,-2.1509719695063583e-16
464.11,-1.2279764423872596e-13,-2.1509960023939821e-16
464.12,-1.2278500730949568e-13,-2.1500768995012446e-16
464.13,-1.2277208184956363e-13,-2.1513762479355009e-16
464.14,-1.2275954708258739e-13,-2.1493746664063037e-16
464.15,-1.2274651810058516e-13,-2.1521704183920656e-16
464.16,-1.2273387119274092e-13,-2.1494311314164608e-16
464.17,-1.2272162682851916e-13,-2.150392453776428e-16
464.18,-1.227083002535264e-13,-2.1488066036711913e-16
464.19,-1.226953460340683e-13,-2.1488841920657397e-16
464.2,-1.2268264671713768e-13,-2.1492068445721905e-16
464.21,-1.2266924369972749e-13,-2.1454707411286915e-16
464.22,-1.2265693200141692e-13,-2.148151954603764e-16
464.23,-1.2264399463890236e-13,-2.1474465392678438e-16
464.24,-1.2263119232421024e-13,-2.149585850511573e-16
464.25,-1.226185268736175e-13,-2.147916827993782e-16
464.26,-1.2260563607747119e-13,-2.1472052623228686e-16
464.27,-1.2259211674734191e-13,-2.1385382190295439e-16
464.28,-1.2257919806646717e-13,-2.1431455117698988e-16
464.29,-1.2256685396328874e-13,-2.145021432803523e-16
464.3,-1.2255370678721113e-13,-2.1505793510098523e-16
464.31,-1.225416549202746e-13,-2.1459521438523145e-16
464.32,-1.2252894412640384e-13,-2.1467023828823655e-16
464.33,-1.2251615521158265e-13,-2.1448949904748384e-16
464.34,-1.2250332770218008e-13,-2.1463636013286384e-16
464.35,-1.2249036752826534e-13,-2.1427466461612542e-16
464.36,-1.2247777737411262e-13,-2.1440495350558228e-16
464.37,-1.2246501964600327e-13,-2.151061801329523e-16
464.38,-1.2245225401833091e-13,-2.144659830721998e-16
464.39,-1.224388114086936e-13,-2.1424052075982386e-16
464.4,-1.224263915724704e-13,-2.1440442071047383e-16
464.41,-1.2241359323390868e-13,-2.144258212977809e-16
464.42,-1.22400907431467e-13,-2.143872097806495e-16
464.43,-1.2238798612554058e-13,-2.1424958538009991e-16
464.44,-1.2237517870779473e-13,-2.142886500699637e-16
464.45,-1.2236200930930055e-13,-2.1413470735778959e-16
464.46,-1.2234816614192483e-13,-2.144498703398987e-16
464.47,-1.22337113781348e-13,-2.1440858252624422e-16
464.48,-1.2232427220375935e-13,-2.1414925463579885e-16
464.49,-1.2231119665297574e-13,-2.1408998129745075e-16
464.5,-1.2229851401610485e-13,-2.140686893697446e-16
464.51,-1.222856552818876e-13,-2.13886754904978e-16
464.52,-1.2227284636921573e-13,-2.1419570437107719e-16
464.53,-1.2226001732482212e-13,-2.1402791116120328e-16
464.54,-1.2224704788575536e-13,-2.1369111030616912e-16
464.55,-1.222346986215825e-13,-2.1409613159202714e-16
464.56,-1.2222165018683897e-13,-2.1399989795678892e-16
464.57,-1.2220890112897182e-13,-2.137821907802933e-16
464.58,-1.2219635854531875e-13,-2.138995406421185e-16
464.59,-1.2218361464824233e-13,-2.13861003160932e-16
464.6,-1.221707310168092e-13,-2.1381028787951735e-16
464.61,-1.221578438424838e-13,-2.1380946037429662e-16
464.62,-1.2214516941084597e-13,-2.1370928714447321e-16
464.63,-1.2213275428027582e-13,-2.1398044342121668e-16
464.64,-1.2211991845227394e-13,-2.1373174965146669e-16
464.65,-1.221068140771974e-13,-2.1367108605125074e-16
464.66,-1.2209443823854612e-13,-2.136222655650053e-16
464.67,-1.2208172353427771e-13,-2.1369945226192553e-16
464.68,-1.2206904272261463e-13,-2.137605229000154e-16
464.69,-1.2205651575679298e-13,-2.1356422403182913e-16
464.7,-1.220430509023397e-13,-2.1342973658812217e-16
464.71,-1.220308361726569e-13,-2.1360350074290847e-16
464.72,-1.2201798770890677e-13,-2.1375320459292942e-16
464.73,-1.2200460600253286e-13,-2.1317669388361995e-16
464.74,-1.2199187390063366e-13,-2.1333811513513784e-16
464.75,-1.2197949306626152e-13,-2.1328965125367074e-16
464.76,-1.2196689357015772e-13,-2.1337198682215684e-16
464.77,-1.2195385650032137e-13,-2.1295850620558759e-16
464.78,-1.2194101295736483e-13,-2.1330696438079817e-16
464.79,-1.219282887919577e-13,-2.130609756995324e-16
464.8,-1.219160398995279e-13,-2.133595460324608e-16
464.81,-1.219036309394938e-13,-2.1347442053906101e-16
464.82,-1.2188980194415824e-13,-2.13008113989073e-16
464.83,-1.2187780080848708e-13,-2.1323014929766455e-16
464.84,-1.2186472275168616e-13,-2.1323762896748592e-16
464.85,-1.2185139561697706e-13,-2.1282793306981447e-16
464.86,-1.2183932678779888e-13,-2.1317786280240732e-16
464.87,-1.2182676188251007e-13,-2.1306765428613295e-16
464.88,-1.2181387981389453e-13,-2.1311614043314987e-16
464.89,-1.2180165255096676e-13,-2.1300827648136437e-16
464.9,-1.21788383135412e-13,-2.1297712397608124e-16
464.91,-1.2177600546125762e-13,-2.130655401515945e-16
464.92,-1.2176305332774076e-13,-2.1287678052440686e-16
464.93,-1.2175024920679042e-13,-2.128370526849862e-16
464.94,-1.2173766447246877e-13,-2.129776724296268e-16
464.95,-1.2172471460590236e-13,-2.127552198172351e-16
464.96,-1.2171216477209581e-13,-2.128066484331422e-16
464.97,-1.216994211753254e-13,-2.1285830760472526e-16
464.98,-1.2168684574689993e-13,-2.1273544645210711e-16
464.99,-1.2167389708010752e-13,-2.1291034207497518e-16
465.0,-1.2166147988514192e-13,-2.12545365650804e-16
465.01,-1.2164891061516413e-13,-2.1271873410342962e-16
465.02,-1.2163598510645377e-13,-2.1259308756498227e-16
465.03,-1.2162318592326573e-13,-2.1252267787558877e-16
465.04,-1.2161058843944537e-13,-2.1258614607843577e-16
465.05,-1.2159803425208955e-13,-2.1267792871748132e-16
465.06,-1.2158545883663918e-13,-2.1267603460241537e-16
465.07,-1.2157270697176656e-13,-2.1258521021943682e-16
465.08,-1.2156004305391546e-13,-2.1254169603629545e-16
465.09,-1.2154694875473568e-13,-2.124072197517592e-16
465.1,-1.2153478476218172e-13,-2.1249674091463844e-16
465.11,-1.2152178810547568e-13,-2.1236918783548254e-16
465.12,-1.2150937981514312e-13,-2.1249762969129465e-16
465.13,-1.2149675587356374e-13,-2.1244469165747363e-16
465.14,-1.2148387414172776e-13,-2.1232189749489858e-16
465.15,-1.214710223123246e-13,-2.1219414814880543e-16
465.16,-1.2145827366978812e-13,-2.1228777037353525e-16
465.17,-1.2144553607021362e-13,-2.1223176778214518e-16
465.18,-1.2143306225385532e-13,-2.1236727222765163e-16
465.19,-1.2142028151421765e-13,-2.1226698965746577e-16
465.2,-1.2140772203785493e-13,-2.1208770484657713e-16
465.21,-1.2139502176136962e-13,-2.120866619884773e-16
465.22,-1.2138253710077853e-13,-2.1221979221219908e-16
465.23,-1.2136977707535217e-13,-2.1213977244322893e-16
465.24,-1.2135682215601516e-13,-2.1206611716727649e-16
465.25,-1.2134429747528892e-13,-2.1203893568706665e-16
465.26,-1.213319846658644e-13,-2.118959402763105e-16
465.27,-1.2131946476754048e-13,-2.1173126509123611e-16
465.28,-1.2130634194291795e-13,-2.1191287116471588e-16
465.29,-1.2129361396726828e-13,-2.1184253554523294e-16
465.3,-1.2128117719511531e-13,-2.1191633410523217e-16
465.31,-1.2126855225157042e-13,-2.1189946635663748e-16
465.32,-1.2125574034268028e-13,-2.1174974009677843e-16
465.33,-1.212429166007626e-13,-2.117669552237327e-16
465.34,-1.2123075257820359e-13,-2.1178534974367075e-16
465.35,-1.2121814885539858e-13,-2.118527476736809e-16
465.36,-1.2120556614409714e-13,-2.1173405896255852e-16
465.37,-1.211923886675524e-13,-2.1146089368410874e-16
465.38,-1.211803907930027e-13,-2.1173681781646013e-16
465.39,-1.2116678056449236e-13,-2.1165233059835316e-16
465.4,-1.2115495540104915e-13,-2.118497622241318e-16
465.41,-1.2114203104499884e-13,-2.1165212017760526e-16
465.42,-1.2112945197016499e-13,-2.1158167734351053e-16
465.43,-1.2111691364322896e-13,-2.1154423869137182e-16
465.44,-1.2110474747728495e-13,-2.114960026406914e-16
465.45,-1.210916133015517e-13,-2.11466437629997e-16
465.46,-1.2107886753131795e-13,-2.1138903902455352e-16
465.47,-1.2106623749009863e-13,-2.1146095242154728e-16
465.48,-1.2105293278506892e-13,-2.1189415751058426e-16
465.49,-1.2104083140950993e-13,-2.1134296981246765e-16
465.5,-1.2102841179470507e-13,-2.1107367001880262e-16
465.51,-1.2101581957053538e-13,-2.1135167756071613e-16
465.52,-1.2100297858349373e-13,-2.1130617079563685e-16
465.53,-1.2099063801180007e-13,-2.1107214754464315e-16
465.54,-1.2097803710544028e-13,-2.1127990165293627e-16
465.55,-1.209653847354282e-13,-2.1124257123056154e-16
465.56,-1.2095222599145283e-13,-2.110734044773018e-16
465.57,-1.2094010317227743e-13,-2.111524998829408e-16
465.58,-1.2092797342851414e-13,-2.1118778759070709e-16
465.59,-1.2091496423115616e-13,-2.110831515471393e-16
465.6,-1.2090238126442069e-13,-2.1123113920309375e-16
465.61,-1.2088948668665983e-13,-2.1090632982012673e-16
465.62,-1.2087654451721326e-13,-2.107914839883193e-16
465.63,-1.2086453059371285e-13,-2.1096939556019657e-16
465.64,-1.2085190805108405e-13,-2.1096259589572492e-16
465.65,-1.2083911052381335e-13,-2.1096770438987663e-16
465.66,-1.2082661129749847e-13,-2.1086488151815541e-16
465.67,-1.2081397762594227e-13,-2.1084859820012305e-16
465.68,-1.2080146038860302e-13,-2.107987764922914e-16
465.69,-1.2078917623615936e-13,-2.1085406522048314e-16
465.7,-1.2077640713884112e-13,-2.1045380858877116e-16
465.71,-1.2076414029739046e-13,-2.1098337235647523e-16
465.72,-1.2075140156408259e-13,-2.1081854238721008e-16
465.73,-1.2073854496031512e-13,-2.1065727855156406e-16
465.74,-1.2072590552528504e-13,-2.1060322415648538e-16
465.75,-1.2071290955209252e-13,-2.107554877042823e-16
465.76,-1.2070086758716566e-13,-2.1067395320506212e-16
465.77,-1.2068850273648735e-13,-2.10545834434125e-16
465.78,-1.2067550491747585e-13,-2.1039230653835813e-16
465.79,-1.2066605869947584e-13,-2.1089261478186293e-16
465.8,-1.2065058030561084e-13,-2.104817073241386e-16
465.81,-1.2063785602041258e-13,-2.1043339342572263e-16
465.82,-1.2062567495642735e-13,-2.1045875612540583e-16
465.83,-1.2061286238032287e-13,-2.106287001071908e-16
465.84,-1.2060046480567993e-13,-2.1045959979986522e-16
465.85,-1.2058783321359528e-13,-2.1046771732127024e-16
465.86,-1.2057485176975157e-13,-2.101586120459544e-16
465.87,-1.2056247457314838e-13,-2.1036932499617035e-16
465.88,-1.205509144690887e-13,-2.1020513532572856e-16
465.89,-1.2053809475333168e-13,-2.104701709098985e-16
465.9,-1.205248536589488e-13,-2.1025723469436826e-16
465.91,-1.205125932080236e-13,-2.0997969633473453e-16
465.92,-1.2049934363825622e-13,-2.0998795235115852e-16
465.93,-1.204870051167347e-13,-2.1018904478288366e-16
465.94,-1.2047477513999933e-13,-2.1011336409954305e-16
465.95,-1.2046340022802038e-13,-2.1052481670719076e-16
465.96,-1.2044931010032447e-13,-2.1014436510477343e-16
465.97,-1.2043764989303884e-13,-2.1022226350109452e-16
465.98,-1.204236763326585e-13,-2.1029945573836844e-16
465.99,-1.2041196148081502e-13,-2.098831686214351e-16
466.0,-1.2039924086207124e-13,-2.0997121438762652e-16
466.01,-1.2038686264037956e-13,-2.1008599316409255e-16
466.02,-1.2037408156553076e-13,-2.0992667101954222e-16
466.03,-1.2036179696001493e-13,-2.098274894736659e-16
466.04,-1.2034896137815936e-13,-2.097303207694597e-16
466.05,-1.203362961112069e-13,-2.0963204954026694e-16
466.06,-1.2032381761589877e-13,-2.095775595782581e-16
466.07,-1.203119405235903e-13,-2.0984747273636517e-16
466.08,-1.2029932130505627e-13,-2.099019252583321e-16
466.09,-1.2028650246725458e-13,-2.097218306878371e-16
466.1,-1.20273582317861e-13,-2.0955646024458915e-16
466.11,-1.2026181695472545e-13,-2.096204271963049e-16
466.12,-1.2024860465919137e-13,-2.0947791236278421e-16
466.13,-1.202364027169186e-13,-2.095290593566838e-16
466.14,-1.20224226075159e-13,-2.0962868335846536e-16
466.15,-1.202117123007753e-13,-2.0951753374747621e-16
466.16,-1.2019928491383138e-13,-2.0960002942236288e-16
466.17,-1.2018671426131411e-13,-2.0948038135984647e-16
466.18,-1.2017403927829114e-13,-2.0944552379661497e-16
466.19,-1.2016145597043148e-13,-2.0944424453824254e-16
466.2,-1.2014875412903448e-13,-2.0935206856923554e-16
466.21,-1.201363483449129e-13,-2.093749699228211e-16
466.22,-1.2012408103139574e-13,-2.0938712960591895e-16
466.23,-1.2011178447868901e-13,-2.0941521303580395e-16
466.24,-1.2009903724162787e-13,-2.0927561570206157e-16
466.25,-1.2008606529418712e-13,-2.0889843737822955e-16
466.26,-1.2007419171195494e-13,-2.0927100960795653e-16
466.27,-1.2006156168966447e-13,-2.0913905115324207e-16
466.28,-1.2004872762328065e-13,-2.090869785416513e-16
466.29,-1.2003635520240673e-13,-2.0910600546299946e-16
466.3,-1.2002337353788494e-13,-2.0894719548112458e-16
466.31,-1.2001168306642832e-13,-2.091375091798918e-16
466.32,-1.1999996744797644e-13,-2.0893357687482048e-16
466.33,-1.1998650790640315e-13,-2.0901259758784503e-16
466.34,-1.1997451267493216e-13,-2.0994073175855112e-16
466.35,-1.1996159733954276e-13,-2.0903034665736812e-16
466.36,-1.1994883521610724e-13,-2.0891086517645176e-16
466.37,-1.1993635124581436e-13,-2.0888632988759632e-16
466.38,-1.199246882339967e-13,-2.0882827066028092e-16
466.39,-1.1991185337715428e-13,-2.0865245239342918e-16
466.4,-1.1989897494279058e-13,-2.0891038420834786e-16
466.41,-1.198884754907014e-13,-2.09173888156448e-16
466.42,-1.198736802076594e-13,-2.0869787606215531e-16
466.43,-1.198589971035221e-13,-2.0821243033507002e-16
466.44,-1.1984921698403307e-13,-2.086183860392823e-16
466.45,-1.1983636238161497e-13,-2.085751001341423e-16
466.46,-1.1982433223596364e-13,-2.08609796907842e-16
466.47,-1.1981157710421931e-13,-2.0868434221639058e-16
466.48,-1.197999115104142e-13,-2.0858333355194232e-16
466.49,-1.1978660066784805e-13,-2.0853179128769368e-16
466.5,-1.1977862306165666e-13,-2.083041122948673e-16
466.51,-1.197622395428957e-13,-2.0858134301650183e-16
466.52,-1.1974906197211002e-13,-2.0861538614642448e-16
466.53,-1.1973680312413675e-13,-2.0842916473912424e-16
466.54,-1.1972450283620556e-13,-2.0848980017850865e-16
466.55,-1.197121102655737e-13,-2.0844615380624602e-16
466.56,-1.1969962541485715e-13,-2.083843445015932e-16
466.57,-1.196871814921238e-13,-2.08309610694372e-16
466.58,-1.196748926935617e-13,-2.083000552304077e-16
466.59,-1.1966301199793993e-13,-2.0754775759639752e-16
466.6,-1.196498118498795e-13,-2.083211177606935e-16
466.61,-1.1963782868185226e-13,-2.0842546768851672e-16
466.62,-1.1962481728145425e-13,-2.0826204566367352e-16
466.63,-1.1961318974474387e-13,-2.083304577084012e-16
466.64,-1.195999562442018e-13,-2.081343112366717e-16
466.65,-1.195883973198977e-13,-2.0803762540843955e-16
466.66,-1.1957611448545454e-13,-2.0834916831799763e-16
466.67,-1.1956284935453677e-13,-2.0810253945336542e-16
466.68,-1.1955124283097113e-13,-2.0872252397840748e-16
466.69,-1.1953781146206598e-13,-2.079842732127745e-16
466.7,-1.195252192676593e-13,-2.079389352466743e-16
466.71,-1.1951310684360154e-13,-2.079785479067969e-16
466.72,-1.195009125706103e-13,-2.0802291618646067e-16
466.73,-1.194880355306608e-13,-2.0794720561649013e-16
466.74,-1.1947707222402073e-13,-2.0789688760781927e-16
466.75,-1.194626362258313e-13,-2.07787321037045e-16
466.76,-1.194508544041168e-13,-2.078786978260936e-16
466.77,-1.1943766512010995e-13,-2.075906896581155e-16
466.78,-1.1942617445358012e-13,-2.0775832656442736e-16
466.79,-1.1941339645416455e-13,-2.0765916564018879e-16
466.8,-1.1940128458000595e-13,-2.0772907285581166e-16
466.81,-1.1938845948560315e-13,-2.0764251969663397e-16
466.82,-1.1937644630741408e-13,-2.0769299997247495e-16
466.83,-1.193642758604872e-13,-2.0762555947610803e-16
466.84,-1.193512417870499e-13,-2.0753434628007552e-16
466.85,-1.1933909447784778e-13,-2.076475716946864e-16
466.86,-1.193266554484518e-13,-2.0734976692557698e-16
466.87,-1.1931451185601559e-13,-2.075206134807943e-16
466.88,-1.193020445028048e-13,-2.075213538468256e-16
466.89,-1.1928937347816693e-13,-2.0737762302599802e-16
466.9,-1.1927739542484362e-13,-2.074776962612842e-16
466.91,-1.192647779546102e-13,-2.0737889797757615e-16
466.92,-1.1925236868760842e-13,-2.0726709360220616e-16
466.93,-1.1923996326381333e-13,-2.0738736353085078e-16
466.94,-1.192278551199948e-13,-2.07451454901975e-16
466.95,-1.1921538265970085e-13,-2.0735416846327815e-16
466.96,-1.192027876577839e-13,-2.073068685117261e-16
466.97,-1.19190545773265e-13,-2.072962764744957e-16
466.98,-1.1917826124723712e-13,-2.0725459628191857e-16
466.99,-1.1916550431280664e-13,-2.0712221144206337e-16
467.0,-1.1915397916823982e-13,-2.072442469674464e-16
467.01,-1.191410278381695e-13,-2.0719793635147085e-16
467.02,-1.191284019735314e-13,-2.0709670213759671e-16
467.03,-1.1911619760815137e-13,-2.0704820586367582e-16
467.04,-1.1910331192690276e-13,-2.071004360616251e-16
467.05,-1.1909140936230195e-13,-2.0704863561523573e-16
467.06,-1.1907900408603306e-13,-2.069364830305321e-16
467.07,-1.1906630538808667e-13,-2.0686665513962481e-16
467.08,-1.1905427528571063e-13,-2.070027887434782e-16
467.09,-1.1904186350727456e-13,-2.0693249184907176e-16
467.1,-1.190296632994336e-13,-2.069813013858647e-16
467.11,-1.1901707368709451e-13,-2.0680090177982545e-16
467.12,-1.1900506186296452e-13,-2.0698752820864994e-16
467.13,-1.1899238640078351e-13,-2.0685329678407609e-16
467.14,-1.1897999487074313e-13,-2.0675863762062012e-16
467.15,-1.189674637575409e-13,-2.0672729260042138e-16
467.16,-1.1895544962604197e-13,-2.0655038085095533e-16
467.17,-1.1894353248410752e-13,-2.0683691194081332e-16
467.18,-1.1893048761446847e-13,-2.0660242845815213e-16
467.19,-1.1891805377421922e-13,-2.0652738406897707e-16
467.2,-1.189058562492088e-13,-2.0653459274844056e-16
467.21,-1.1889353981939832e-13,-2.065745135634198e-16
467.22,-1.1888149414996093e-13,-2.06675243789813e-16
467.23,-1.1886891666353945e-13,-2.0655420289035703e-16
467.24,-1.1885659077459702e-13,-2.0655814173216822e-16
467.25,-1.1884426773059973e-13,-2.0650809880816658e-16
467.26,-1.1883247245365027e-13,-2.0659059383204453e-16
467.27,-1.1881987415687329e-13,-2.0651586979587769e-16
467.28,-1.1880731047365957e-13,-2.064031320032191e-16
467.29,-1.1879485646930936e-13,-2.0633340436751585e-16
467.3,-1.1878250168546305e-13,-2.0639356712944774e-16
467.31,-1.187706824156591e-13,-2.0642519633316575e-16
467.32,-1.1875778558443327e-13,-2.0630973930716454e-16
467.33,-1.1874576944837367e-13,-2.0638100997626293e-16
467.34,-1.1873307915397313e-13,-2.0619859793903788e-16
467.35,-1.187207600810459e-13,-2.06207723020971e-16
467.36,-1.187078373145143e-13,-2.0603359063171899e-16
467.37,-1.186961213929691e-13,-2.061502627816671e-16
467.38,-1.1868386464201084e-13,-2.0613758032859947e-16
467.39,-1.1867143528716207e-13,-2.0613106447402474e-16
467.4,-1.186589177979572e-13,-2.0598142884786962e-16
467.41,-1.1864746136061563e-13,-2.0611602786946045e-16
467.42,-1.1863472490495309e-13,-2.057610902644332e-16
467.43,-1.18622419262797e-13,-2.05983806782181e-16
467.44,-1.1860973863204512e-13,-2.060985799612889e-16
467.45,-1.1859784558450115e-13,-2.0619459131228157e-16
467.46,-1.1858513464223308e-13,-2.0578334280566078e-16
467.47,-1.1857333407564198e-13,-2.0598251042301528e-16
467.48,-1.1856067364702558e-13,-2.058536420169735e-16
467.49,-1.1854830854022213e-13,-2.0571665416678017e-16
467.5,-1.1853598618334366e-13,-2.0588757810790533e-16
467.51,-1.1852509313778292e-13,-2.0647882210650382e-16
467.52,-1.1851130237115562e-13,-2.056996458430983e-16
467.53,-1.1849917574286327e-13,-2.057057130195993e-16
467.54,-1.1848695598907896e-13,-2.0566572682794627e-16
467.55,-1.1847498104426043e-13,-2.057475116922004e-16
467.56,-1.1846234804965092e-13,-2.0556741403714865e-16
467.57,-1.184502161677799e-13,-2.0571148241564944e-16
467.58,-1.184380290574535e-13,-2.0562516348057176e-16
467.59,-1.1842552749607243e-13,-2.0542687365737687e-16
467.6,-1.1841424281150546e-13,-2.0439641864255873e-16
467.61,-1.1840088755806606e-13,-2.054699893280275e-16
467.62,-1.1838810059789318e-13,-2.0539360508217035e-16
467.63,-1.183762464055142e-13,-2.0541080083618605e-16
467.64,-1.1836425264728658e-13,-2.0545573284552122e-16
467.65,-1.1835174286174282e-13,-2.054447769286716e-16
467.66,-1.1833955418619187e-13,-2.0540709939321181e-16
467.67,-1.1832787610679994e-13,-2.0535015886538767e-16
467.68,-1.1831497675780295e-13,-2.0525587779315583e-16
467.69,-1.1830678183772562e-13,-2.0464894759853104e-16
467.7,-1.1829019756790867e-13,-2.0555803715651435e-16
467.71,-1.182785460775805e-13,-2.0538406107727516e-16
467.72,-1.1826520070226452e-13,-2.0507352863007194e-16
467.73,-1.1825332682293103e-13,-2.0509551170926514e-16
467.74,-1.1824126300596305e-13,-2.0514110436364986e-16
467.75,-1.1822946292680413e-13,-2.05265835248854e-16
467.76,-1.1821609242663054e-13,-2.045217124559498e-16
467.77,-1.1820439983729112e-13,-2.0500824155743973e-16
467.78,-1.1819360074821284e-13,-2.0546193618420531e-16
467.79,-1.1818008133643371e-13,-2.0505464231119408e-16
467.8,-1.1816829263734028e-13,-2.0503835566149815e-16
467.81,-1.181554635085711e-13,-2.0501330616017857e-16
467.82,-1.1814333853912737e-13,-2.0499460514970175e-16
467.83,-1.1813101057207163e-13,-2.050276644139689e-16
467.84,-1.181187114048702e-13,-2.0482027474151576e-16
467.85,-1.1810763115638969e-13,-2.0542655084291077e-16
467.86,-1.1809420071207534e-13,-2.0473468769329537e-16
467.87,-1.180826044681027e-13,-2.0506421219384858e-16
467.88,-1.180698622574448e-13,-2.0472460321112612e-16
467.89,-1.1805742506471942e-13,-2.048482485371958e-16
467.9,-1.1804514627083896e-13,-2.0469593202112154e-16
467.91,-1.1803296838530847e-13,-2.0474477189320726e-16
467.92,-1.180207034948182e-13,-2.0467231831870623e-16
467.93,-1.1800850806123644e-13,-2.0441369174404046e-16
467.94,-1.1799605422885157e-13,-2.0468723999318568e-16
467.95,-1.1798404234952979e-13,-2.0461401270231502e-16
467.96,-1.179710407395672e-13,-2.0463531986889007e-16
467.97,-1.1795943496107474e-13,-2.045635816059994e-16
467.98,-1.1794719445198648e-13,-2.0438745934613883e-16
467.99,-1.1793486215975118e-13,-2.043767891625909e-16
468.0,-1.179227784410197e-13,-2.0441942673879124e-16
468.01,-1.179106920701032e-13,-2.0447216437121036e-16
468.02,-1.178988049457859e-13,-2.046271499381931e-16
468.03,-1.178855591455594e-13,-2.0418513312119684e-16
468.04,-1.1787418426268658e-13,-2.0443787130464253e-16
468.05,-1.178618637536775e-13,-2.0444946713984735e-16
468.06,-1.1784940526683847e-13,-2.042355067868306e-16
468.07,-1.1783730895944932e-13,-2.0431715320122167e-16
468.08,-1.178251350232823e-13,-2.04261831190228e-16
468.09,-1.178125601394215e-13,-2.03961983273382e-16
468.1,-1.1780063612053858e-13,-2.0422001500358467e-16
468.11,-1.177886354325121e-13,-2.0416904156175154e-16
468.12,-1.177760559457038e-13,-2.0422233499127835e-16
468.13,-1.177642044174944e-13,-2.040388699290279e-16
468.14,-1.1775149654631396e-13,-2.0396546573428476e-16
468.15,-1.177400870791203e-13,-2.0360717254935268e-16
468.16,-1.177275998156138e-13,-2.0411776924585192e-16
468.17,-1.1771512314201158e-13,-2.0391060866170522e-16
468.18,-1.177016097101597e-13,-2.0400188932409014e-16
468.19,-1.176902791889779e-13,-2.0365378064864532e-16
468.2,-1.1767867934203378e-13,-2.0391048892416158e-16
468.21,-1.1766684936809956e-13,-2.0407572185594683e-16
468.22,-1.176541304342526e-13,-2.0396620789009624e-16
468.23,-1.1764169784030012e-13,-2.0370427487713588e-16
468.24,-1.1762950578995928e-13,-2.0356530978484901e-16
468.25,-1.1761760048506732e-13,-2.0376421179935385e-16
468.26,-1.1760569730361648e-13,-2.0385101384289928e-16
468.27,-1.1759287093720968e-13,-2.0343589010466292e-16
468.28,-1.1758120282865371e-13,-2.0367451045215039e-16
468.29,-1.1756891351768656e-13,-2.0360736880931255e-16
468.3,-1.1755671276828685e-13,-2.0382838302903398e-16
468.31,-1.1754275869546535e-13,-2.0369905761187582e-16
468.32,-1.1753252340855322e-13,-2.036622851889797e-16
468.33,-1.1752007197257707e-13,-2.0354510785498479e-16
468.34,-1.1750806192791367e-13,-2.0365079045561928e-16
468.35,-1.174965590781173e-13,-2.038853150131757e-16
468.36,-1.1748406898406434e-13,-2.036393900683578e-16
468.37,-1.1747113573831406e-13,-2.0329594539348255e-16
468.38,-1.174594996071676e-13,-2.0343699333371308e-16
468.39,-1.1744561698508262e-13,-2.028959039399503e-16
468.4,-1.1743405068161235e-13,-2.029046081404977e-16
468.41,-1.1742310706677888e-13,-2.0332899029250935e-16
468.42,-1.1741070576756665e-13,-2.0332041110840262e-16
468.43,-1.173985085036842e-13,-2.0335719707859835e-16
468.44,-1.1738630523313992e-13,-2.032828054299505e-16
468.45,-1.1737433214226465e-13,-2.0337536071952825e-16
468.46,-1.1736203488819335e-13,-2.0321355596373794e-16
468.47,-1.1734988076867636e-13,-2.0322583058600442e-16
468.48,-1.173381149777272e-13,-2.0345885988459188e-16
468.49,-1.1732489475454466e-13,-2.0288216122598474e-16
468.5,-1.1731360963984744e-13,-2.032682548190928e-16
468.51,-1.1730150272006005e-13,-2.0326068031909581e-16
468.52,-1.172894663126254e-13,-2.0312274938706433e-16
468.53,-1.1727682331549247e-13,-2.02876454689331e-16
468.54,-1.1726485761189254e-13,-2.0299671756088364e-16
468.55,-1.1725297991548384e-13,-2.031335952619893e-16
468.56,-1.1724073003254948e-13,-2.0290278267926612e-16
468.57,-1.1722923027174117e-13,-2.0306586047757962e-16
468.58,-1.1721635305654156e-13,-2.0300204660374039e-16
468.59,-1.172040266860086e-13,-2.0287854476195698e-16
468.6,-1.1719246340640604e-13,-2.0315458582323337e-16
468.61,-1.1717987839499012e-13,-2.0285372048580966e-16
468.62,-1.171681711483313e-13,-2.0324420783874376e-16
468.63,-1.1715589202778475e-13,-2.0293904829790039e-16
468.64,-1.171433074868695e-13,-2.0272386527687185e-16
468.65,-1.1713138676145695e-13,-2.0277376845123106e-16
468.66,-1.1711962701468365e-13,-2.0284870361484238e-16
468.67,-1.1710755618019865e-13,-2.0270309904926696e-16
468.68,-1.1709478654899697e-13,-2.0263275581318003e-16
468.69,-1.1708271506724767e-13,-2.0263278812782872e-16
468.7,-1.170712584080328e-13,-2.0273063843298123e-16
468.71,-1.1705882221549626e-13,-2.025548321083537e-16
468.72,-1.1704632208252486e-13,-2.0252675699057904e-16
468.73,-1.17034346720757e-13,-2.0269333036804792e-16
468.74,-1.170221316841246e-13,-2.0237021934572254e-16
468.75,-1.1701047825286054e-13,-2.0281929983654998e-16
468.76,-1.1699778790731344e-13,-2.024297946579653e-16
468.77,-1.169858097268772e-13,-2.0235427751208448e-16
468.78,-1.1697365676575284e-13,-2.021824885194552e-16
468.79,-1.1696198622046266e-13,-2.0244333345244914e-16
468.8,-1.1694955202530424e-13,-2.0242684340736967e-16
468.81,-1.1693759865549355e-13,-2.0238803078806406e-16
468.82,-1.1692588611797839e-13,-2.0263426612934113e-16
468.83,-1.1691400528329354e-13,-2.0250113206275923e-16
468.84,-1.1690130443065535e-13,-2.0227170271153684e-16
468.85,-1.168888921042499e-13,-2.0225944950791646e-16
468.86,-1.1687687368969198e-13,-2.0214615743423024e-16
468.87,-1.168652105654215e-13,-2.0230162701042918e-16
468.88,-1.1685279043039104e-13,-2.022585880604595e-16
468.89,-1.1684102972952617e-13,-2.0214955751245387e-16
468.9,-1.1682880255910977e-13,-2.0216154129866918e-16
468.91,-1.1681649678485468e-13,-2.0208130385688566e-16
468.92,-1.1680482822080296e-13,-2.0233509996681355e-16
468.93,-1.1679270691299157e-13,-2.0205135603808344e-16
468.94,-1.1678040915140238e-13,-2.0205532427547043e-16
468.95,-1.1676851842165162e-13,-2.020502233867325e-16
468.96,-1.1675626523049474e-13,-2.0200868231569618e-16
468.97,-1.1674421764895925e-13,-2.020491316141185e-16
468.98,-1.1673214136193316e-13,-2.0198344222589371e-16
468.99,-1.1671997012412288e-13,-2.0181658652314367e-16
469.0,-1.1670802809059674e-13,-2.0196635864297625e-16
469.01,-1.1669554878609726e-13,-2.0173639642660767e-16
469.02,-1.166837030968985e-13,-2.0181323253580749e-16
469.03,-1.1667184635108766e-13,-2.017176725543387e-16
469.04,-1.1665989269690363e-13,-2.0178579153839548e-16
469.05,-1.1664765041584215e-13,-2.0182883245402956e-16
469.06,-1.1663546561918513e-13,-2.016777178928327e-16
469.07,-1.1662346634477473e-13,-2.0173074104765044e-16
469.08,-1.1661144875136597e-13,-2.0165894759963005e-16
469.09,-1.1659960426466308e-13,-2.0174640583674746e-16
469.1,-1.165871812736721e-13,-2.0158654316265807e-16
469.11,-1.165752138070112e-13,-2.016545376077683e-16
469.12,-1.165631951069191e-13,-2.0165398465166509e-16
469.13,-1.1655081888927718e-13,-2.015043641577425e-16
469.14,-1.1653876152436654e-13,-2.0142137827029716e-16
469.15,-1.1652690268911965e-13,-2.0145219924418048e-16
469.16,-1.1651487723238078e-13,-2.01354251612244e-16
469.17,-1.1650290749006897e-13,-2.0146729720746411e-16
469.18,-1.1649074130355668e-13,-2.0145361267971905e-16
469.19,-1.1647865993395416e-13,-2.0142099570100223e-16
469.2,-1.1646671776306797e-13,-2.013890116955827e-16
469.21,-1.1645441410521031e-13,-2.0121905054401992e-16
469.22,-1.1644238270910918e-13,-2.0129002341634286e-16
469.23,-1.1643072902105858e-13,-2.0152645024270072e-16
469.24,-1.1641845435089887e-13,-2.0134904784517815e-16
469.25,-1.1640663033881484e-13,-2.0160045607846383e-16
469.26,-1.1639452671131033e-13,-2.0128698400350655e-16
469.27,-1.163821661296665e-13,-2.008574655615767e-16
469.28,-1.1637043091410867e-13,-2.0124209197650425e-16
469.29,-1.1635789753293394e-13,-2.0114097873070517e-16
469.3,-1.1634649616412937e-13,-2.0112473846534426e-16
469.31,-1.1633407504472846e-13,-2.0115094180429881e-16
469.32,-1.1632225969159292e-13,-2.0104266880237097e-16
469.33,-1.1631045253040726e-13,-2.0117013978031513e-16
469.34,-1.1629845412499705e-13,-2.0116635798391308e-16
469.35,-1.1628624232176628e-13,-2.0105907483836864e-16
469.36,-1.1627417709667155e-13,-2.0094605094062908e-16
469.37,-1.1626197527768808e-13,-2.0093770383881042e-16
469.38,-1.1625022895426877e-13,-2.0083641097965262e-16
469.39,-1.1623816538875892e-13,-2.0100214017989122e-16
469.4,-1.1622631879367545e-13,-2.0082670470442777e-16
469.41,-1.1621392335294957e-13,-2.0083594450264631e-16
469.42,-1.1620216448564111e-13,-2.0094023741224684e-16
469.43,-1.1619024695591625e-13,-2.008319436046347e-16
469.44,-1.1617755016496057e-13,-2.006543218414129e-16
469.45,-1.1616619750085788e-13,-2.0087435998915196e-16
469.46,-1.1615404148112633e-13,-2.0071115945681183e-16
469.47,-1.1614126397868111e-13,-2.008756361135989e-16
469.48,-1.161300363297317e-13,-2.0069149759755521e-16
469.49,-1.1611818484611086e-13,-2.0067952944884468e-16
469.5,-1.1610602611714304e-13,-2.0065633649155745e-16
469.51,-1.1609401391273074e-13,-2.0053982246891716e-16
469.52,-1.1608228118382649e-13,-2.0054906060597748e-16
469.53,-1.1607034132132608e-13,-2.0068538071953705e-16
469.54,-1.1605787996397038e-13,-2.0050053525612665e-16
469.55,-1.1604621718407486e-13,-2.0067792013078648e-16
469.56,-1.1603424176632412e-13,-2.0042474927144203e-16
469.57,-1.160221430961928e-13,-2.004648949803624e-16
469.58,-1.1601014214041105e-13,-2.004576400317575e-16
469.59,-1.159981849106192e-13,-2.00492936319805e-16
469.6,-1.1598618992461876e-13,-2.0039635651304168e-16
469.61,-1.1597449572694294e-13,-2.0050484317285641e-16
469.62,-1.1596204557700273e-13,-2.0037235343687555e-16
469.63,-1.159501990972132e-13,-2.0025593650839392e-16
469.64,-1.1593825357807264e-13,-2.0079646957213027e-16
469.65,-1.159267639686963e-13,-2.00867630837411e-16
469.66,-1.1591422000207136e-13,-2.003038834289423e-16
469.67,-1.1590190039691e-13,-2.0031841650969652e-16
469.68,-1.1589056738464767e-13,-2.0027996130560592e-16
469.69,-1.158781256143652e-13,-1.9997567158910156e-16
469.7,-1.1586629981074757e-13,-2.0020220882725086e-16
469.71,-1.1585431385404157e-13,-2.0011916396579215e-16
469.72,-1.1584261882225e-13,-2.0023679804391744e-16
469.73,-1.1583179719652183e-13,-1.9920143365407964e-16
469.74,-1.1581876411590921e-13,-2.0001233847644855e-16
469.75,-1.1580641867646942e-13,-2.001685115700081e-16
469.76,-1.1579454901783077e-13,-1.9984022610141558e-16
469.77,-1.1578266697591626e-13,-1.9985972750763749e-16
469.78,-1.1577072332407938e-13,-1.9996497779651678e-16
469.79,-1.157587495414949e-13,-1.9996101280653743e-16
469.8,-1.1574709798987177e-13,-2.0022583325189095e-16
469.81,-1.1573494504539473e-13,-1.9995511671261433e-16
469.82,-1.157231369491435e-13,-1.9988707240563738e-16
469.83,-1.1571027687022265e-13,-1.9932211186916565e-16
469.84,-1.1569908706846585e-13,-1.9986051051611921e-16
469.85,-1.1568729813747996e-13,-1.9991465705584752e-16
469.86,-1.1567595645563416e-13,-2.0020087705137029e-16
469.87,-1.1566326562693174e-13,-1.9977296322220019e-16
469.88,-1.1565110409432625e-13,-1.9979344869945143e-16
469.89,-1.1563797429661347e-13,-1.9970019623672092e-16
469.9,-1.1562728660796072e-13,-1.9968788981416183e-16
469.91,-1.1561486557579069e-13,-1.9943272116072892e-16
469.92,-1.1560369983917012e-13,-1.9947316331003602e-16
469.93,-1.155915274999883e-13,-1.9950893429386031e-16
469.94,-1.1557932871045353e-13,-1.9961349230604099e-16
469.95,-1.1556762727847856e-13,-1.9948018563303376e-16
469.96,-1.15555742333115e-13,-1.995368280511507e-16
469.97,-1.155437492959343e-13,-1.9954609105845377e-16
469.98,-1.1553191467367033e-13,-1.9965314284144008e-16
469.99,-1.1551967578650733e-13,-1.9951950054917252e-16
470.0,-1.1550786116482278e-13,-1.993904207806912e-16
470.01,-1.1549636124547125e-13,-1.994231732009396e-16
470.02,-1.1548398062111522e-13,-1.994561820458028e-16
470.03,-1.1547228890856786e-13,-1.9943525648800509e-16
470.04,-1.1546013563119798e-13,-1.9935674774413068e-16
470.05,-1.1544841626485533e-13,-1.9936027940470123e-16
470.06,-1.1543623022799766e-13,-1.9918408553375497e-16
470.07,-1.1542490508402237e-13,-1.9941109547279047e-16
470.08,-1.154126750620761e-13,-1.992716075456304e-16
470.09,-1.154010476644075e-13,-1.9933795596119095e-16
470.1,-1.1538894722009072e-13,-1.9922393976522591e-16
470.11,-1.1537656656607155e-13,-1.9900391065275002e-16
470.12,-1.1536495347591462e-13,-1.9916674548659611e-16
470.13,-1.1535303155224302e-13,-1.991960122136738e-16
470.14,-1.1534093107661794e-13,-1.9923349022609974e-16
470.15,-1.1532904751783564e-13,-1.990823043520042e-16
470.16,-1.153176763860612e-13,-1.988571168220294e-16
470.17,-1.1530615369752823e-13,-1.992910342488375e-16
470.18,-1.152933967911305e-13,-1.98944518920082e-16
470.19,-1.152820977429537e-13,-1.9915261148297897e-16
470.2,-1.152700565551214e-13,-1.9900597318961805e-16
470.21,-1.1525794487475925e-13,-1.9901990494281066e-16
470.22,-1.1524601350435202e-13,-1.9896793326731707e-16
470.23,-1.152342624017073e-13,-1.9903345021170413e-16
470.24,-1.1522238617352277e-13,-1.9906442334744412e-16
470.25,-1.1521049788189108e-13,-1.988412978793446e-16
470.26,-1.1519912437835068e-13,-1.9851365635772534e-16
470.27,-1.1518663502417314e-13,-1.9862147416543682e-16
470.28,-1.1517246944828227e-13,-1.9930364286475157e-16
470.29,-1.1516316850885496e-13,-1.9883375445227468e-16
470.3,-1.1515091687510557e-13,-1.9876641620323776e-16
470.31,-1.1513936755306472e-13,-1.9886830921643006e-16
470.32,-1.1512725217581458e-13,-1.9878689912082033e-16
470.33,-1.1511568783556745e-13,-1.9867244028174388e-16
470.34,-1.1510336056733118e-13,-1.9859975790698641e-16
470.35,-1.1509590316877478e-13,-1.9937235126705817e-16
470.36,-1.1507977673383205e-13,-1.9818919583391575e-16
470.37,-1.1506832089936026e-13,-1.9823870889136065e-16
470.38,-1.1505596360582926e-13,-1.9854280247455231e-16
470.39,-1.150438803031804e-13,-1.985435846410014e-16
470.4,-1.1503246822339776e-13,-1.9854144899803158e-16
470.41,-1.1502025200571196e-13,-1.9855452127654077e-16
470.42,-1.150082339245468e-13,-1.983501370918022e-16
470.43,-1.1499645617389064e-13,-1.9839569549839132e-16
470.44,-1.1498820172996736e-13,-1.9897623522046653e-16
470.45,-1.149730507797604e-13,-1.9839137773912132e-16
470.46,-1.1496076891930509e-13,-1.9821836815380895e-16
470.47,-1.149491188464991e-13,-1.9829593711538626e-16
470.48,-1.1493764657296108e-13,-1.9827517351998916e-16
470.49,-1.1492587054991907e-13,-1.9839637136269392e-16
470.5,-1.149137259947599e-13,-1.9822972437095472e-16
470.51,-1.1490200839400483e-13,-1.9819795399143115e-16
470.52,-1.1488990610929783e-13,-1.982908739926554e-16
470.53,-1.1487790434829162e-13,-1.9775001690814506e-16
470.54,-1.148665539855677e-13,-1.9844283647191395e-16
470.55,-1.148541182921415e-13,-1.9815918718536342e-16
470.56,-1.1484249001028e-13,-1.9815099148696641e-16
470.57,-1.14830813265382e-13,-1.9825639430092438e-16
470.58,-1.1481887907210412e-13,-1.981123988927943e-16
470.59,-1.1480711822762e-13,-1.9801266932241944e-16
470.6,-1.1479530625857788e-13,-1.9814895431797767e-16
470.61,-1.1478330009861057e-13,-1.9798639658501877e-16
470.62,-1.1477153545966938e-13,-1.9812167060083815e-16
470.63,-1.1475972921061392e-13,-1.977766270052175e-16
470.64,-1.1474791358048294e-13,-1.9804894928154385e-16
470.65,-1.1473610896571564e-13,-1.9798871596699134e-16
470.66,-1.1472414218581346e-13,-1.979569580573447e-16
470.67,-1.1471241327818223e-13,-1.9787733833774606e-16
470.68,-1.147002909766622e-13,-1.9788777129702477e-16
470.69,-1.1468897201671739e-13,-1.9796959798907982e-16
470.7,-1.146769581336337e-13,-1.979727352396333e-16
470.71,-1.146641279692203e-13,-1.976825231695374e-16
470.72,-1.1465306020565897e-13,-1.9779051249940578e-16
470.73,-1.146415447647494e-13,-1.9784133590131506e-16
470.74,-1.146297653239514e-13,-1.9779918201823957e-16
470.75,-1.1461810158685418e-13,-1.9760227574013546e-16
470.76,-1.146059429432522e-13,-1.9767187673194224e-16
470.77,-1.145939521718362e-13,-1.9771770570510821e-16
470.78,-1.1458230426125649e-13,-1.9770502997500516e-16
470.79,-1.1457009579158365e-13,-1.9776988722274848e-16
470.8,-1.145583057922598e-13,-1.9747992094377462e-16
470.81,-1.1454705502046336e-13,-1.9749792211268723e-16
470.82,-1.1453464689862178e-13,-1.9745446850863464e-16
470.83,-1.14523266166051e-13,-1.9750412090642238e-16
470.84,-1.1451166262852133e-13,-1.975272430899172e-16
470.85,-1.1449971514560042e-13,-1.975625208363951e-16
470.86,-1.1448844093905308e-13,-1.9763913745153702e-16
470.87,-1.1447615087938801e-13,-1.9742938320315457e-16
470.88,-1.1446387407248647e-13,-1.9719391049089504e-16
470.89,-1.144525029158455e-13,-1.9736516710166488e-16
470.9,-1.1444083528630635e-13,-1.9741692549973976e-16
470.91,-1.1442884336825326e-13,-1.9744629965075258e-16
470.92,-1.1441698132905914e-13,-1.9731354487235555e-16
470.93,-1.1440541476916422e-13,-1.9733380620672827e-16
470.94,-1.1439315256917498e-13,-1.9723347637871041e-16
470.95,-1.1438163488979967e-13,-1.9727999669307095e-16
470.96,-1.143698996582075e-13,-1.972510173401791e-16
470.97,-1.1435823171272217e-13,-1.9722106165134685e-16
470.98,-1.1434634901449245e-13,-1.9723100455538845e-16
470.99,-1.1433424861185697e-13,-1.9728412819316448e-16
471.0,-1.1432300793968036e-13,-1.9716916342951067e-16
471.01,-1.143111508173017e-13,-1.9712376847243924e-16
471.02,-1.1429919304199544e-13,-1.971562526418322e-16
471.03,-1.1428740050156253e-13,-1.9719106435720193e-16
471.04,-1.142755511094432e-13,-1.9699429101493724e-16
471.05,-1.142641601568662e-13,-1.9715296263186325e-16
471.06,-1.142524825230217e-13,-1.970827353154733e-16
471.07,-1.1424087830062836e-13,-1.9727709263961672e-16
471.08,-1.1422868776968086e-13,-1.9696613341284973e-16
471.09,-1.142169891527652e-13,-1.96929139731524e-16
471.1,-1.1420518776128378e-13,-1.9717337091554715e-16
471.11,-1.1419364475210452e-13,-1.9701748199431662e-16
471.12,-1.1418191852248368e-13,-1.970041854040221e-16
471.13,-1.1416968453841109e-13,-1.9683358812496253e-16
471.14,-1.1415821200117328e-13,-1.9685090756733487e-16
471.15,-1.1414630713065118e-13,-1.968705592940266e-16
471.16,-1.1413479796083827e-13,-1.9690039711132067e-16
471.17,-1.1412259842685634e-13,-1.967167501668574e-16
471.18,-1.1411144423607116e-13,-1.968435743283875e-16
471.19,-1.1409912049742011e-13,-1.967427476859642e-16
471.2,-1.1408766878104887e-13,-1.9673677190278694e-16
471.21,-1.1407557572220852e-13,-1.9664556385044703e-16
471.22,-1.1406403083609637e-13,-1.966656840448229e-16
471.23,-1.1405214445406604e-13,-1.9668535654125844e-16
471.24,-1.1404060490864473e-13,-1.966525492736939e-16
471.25,-1.1402870510733413e-13,-1.965104498030591e-16
471.26,-1.1401627396130634e-13,-1.9658279545638342e-16
471.27,-1.1400507347537102e-13,-1.9637563922221218e-16
471.28,-1.1399404128021225e-13,-1.9659125233932839e-16
471.29,-1.139818210498167e-13,-1.9657810197348078e-16
471.3,-1.139702255165195e-13,-1.9644291358814318e-16
471.31,-1.139584421669646e-13,-1.964633042927498e-16
471.32,-1.1394659742745029e-13,-1.963847628259804e-16
471.33,-1.1393499701484712e-13,-1.9646685955972424e-16
471.34,-1.139232458973295e-13,-1.963645032060841e-16
471.35,-1.1391187206915736e-13,-1.963769474898997e-16
471.36,-1.1389892665544408e-13,-1.959831219531447e-16
471.37,-1.1388816421389224e-13,-1.9634683649396337e-16
471.38,-1.1387643563657865e-13,-1.9625185422825466e-16
471.39,-1.1386418908040464e-13,-1.9621716183296678e-16
471.4,-1.138531300956247e-13,-1.9634917197855976e-16
471.41,-1.1384077494458035e-13,-1.959610956282813e-16
471.42,-1.138293439082007e-13,-1.9619126878817945e-16
471.43,-1.138175945134551e-13,-1.9613032037436786e-16
471.44,-1.1380601193518083e-13,-1.9617183880636367e-16
471.45,-1.1379448318097796e-13,-1.9546013718311724e-16
471.46,-1.1378240181514998e-13,-1.961534984562715e-16
471.47,-1.137709542656922e-13,-1.9608914016290242e-16
471.48,-1.1375937563698466e-13,-1.9612119475964767e-16
471.49,-1.1374787406404527e-13,-1.9619801309229538e-16
471.5,-1.1373575633760425e-13,-1.9605561080955113e-16
471.51,-1.1372390242612583e-13,-1.959643305817425e-16
471.52,-1.1371287352161587e-13,-1.9622250788117062e-16
471.53,-1.1370019128167326e-13,-1.9602182868355284e-16
471.54,-1.1368575473678096e-13,-1.9438650013149417e-16
471.55,-1.1367716286667317e-13,-1.9599000455875426e-16
471.56,-1.1366537715285902e-13,-1.9589416397727606e-16
471.57,-1.1365350917212268e-13,-1.9584070441059916e-16
471.58,-1.1364187087900527e-13,-1.9606130614214155e-16
471.59,-1.1363009392594265e-13,-1.9580086825452555e-16
471.6,-1.1361894233747669e-13,-1.9583512998986933e-16
471.61,-1.1360500821865259e-13,-1.9579441238266559e-16
471.62,-1.1359471644069757e-13,-1.9567957888684716e-16
471.63,-1.1358109593849625e-13,-1.9399107315210862e-16
471.64,-1.1357189579194942e-13,-1.9565843781621573e-16
471.65,-1.135601709552401e-13,-1.9549198694357098e-16
471.66,-1.1354873604567421e-13,-1.9568988665590737e-16
471.67,-1.1353692375318601e-13,-1.9568988972611432e-16
471.68,-1.1352518378239031e-13,-1.9571368101961449e-16
471.69,-1.1351354628086907e-13,-1.9573819907773828e-16
471.7,-1.135020111468649e-13,-1.9630339863392033e-16
471.71,-1.1349002229199373e-13,-1.9554084097078378e-16
471.72,-1.1347631883027307e-13,-1.953476176323945e-16
471.73,-1.1346708591047446e-13,-1.9558331194813794e-16
471.74,-1.134548818082219e-13,-1.955309265989581e-16
471.75,-1.1344342615947764e-13,-1.954856965712807e-16
471.76,-1.1343184543577812e-13,-1.9544389140399594e-16
471.77,-1.1342004855197947e-13,-1.9545108247212792e-16
471.78,-1.1340846517177942e-13,-1.9546179117393036e-16
471.79,-1.1339642665090656e-13,-1.9531132618352653e-16
471.8,-1.1338508061822125e-13,-1.953166758925187e-16
471.81,-1.1337403885368433e-13,-1.9539945446654832e-16
471.82,-1.1336197601352207e-13,-1.9552117430762293e-16
471.83,-1.1335014172958827e-13,-1.954123379513575e-16
471.84,-1.1333861535971397e-13,-1.9534105293492314e-16
471.85,-1.133269745318376e-13,-1.9529013024569982e-16
471.86,-1.1331511431384321e-13,-1.9525771962027614e-16
471.87,-1.1330383911470578e-13,-1.955359115323219e-16
471.88,-1.1329157730474139e-13,-1.950919699253103e-16
471.89,-1.1327986764370904e-13,-1.950470783786984e-16
471.9,-1.1326875391239507e-13,-1.9532952243558068e-16
471.91,-1.1325685679322095e-13,-1.9511050490145563e-16
471.92,-1.1324519987682387e-13,-1.951028043595971e-16
471.93,-1.1323374595528852e-13,-1.9511055296366843e-16
471.94,-1.1322204688120406e-13,-1.9506523825825951e-16
471.95,-1.1321029940638771e-13,-1.9502464139730078e-16
471.96,-1.1319880584323514e-13,-1.9482392159017007e-16
471.97,-1.1318729257345266e-13,-1.9496016874481246e-16
471.98,-1.13175303970184e-13,-1.950006680364881e-16
471.99,-1.1316431645889008e-13,-1.9517095369540281e-16
472.0,-1.1315192154108697e-13,-1.94858611922241e-16
472.01,-1.1314062474599086e-13,-1.9491030855045393e-16
472.02,-1.1312872842053031e-13,-1.9485741203940108e-16
472.03,-1.13117721642221e-13,-1.9494829327143224e-16
472.04,-1.1310575104325516e-13,-1.9487510521578133e-16
472.05,-1.1309388752882679e-13,-1.9476380158904186e-16
472.06,-1.1308148785481255e-13,-1.9471987481832576e-16
472.07,-1.130712545274742e-13,-1.9478419047451043e-16
472.08,-1.1305874741862514e-13,-1.9467326062390683e-16
472.09,-1.1304815253971931e-13,-1.9531383433747686e-16
472.1,-1.13035731593602e-13,-1.9468635511925536e-16
472.11,-1.1302371963901014e-13,-1.9464153005372815e-16
472.12,-1.1301253160697498e-13,-1.9427193377948732e-16
472.13,-1.1300126495816502e-13,-1.9490800163124924e-16
472.14,-1.1298890738376765e-13,-1.9457996562259768e-16
472.15,-1.1297732784426265e-13,-1.9443538161363187e-16
472.16,-1.1296673082781162e-13,-1.949156007263407e-16
472.17,-1.1295433706890563e-13,-1.9459289917899182e-16
472.18,-1.1294252618156778e-13,-1.944803263710202e-16
472.19,-1.1293119736718346e-13,-1.944847359710919e-16
472.2,-1.1291978712049731e-13,-1.9453948004923485e-16
472.21,-1.1290789649462153e-13,-1.9445564227724844e-16
472.22,-1.1289641154315146e-13,-1.944138104434899e-16
472.23,-1.1288518570592939e-13,-1.945180379901082e-16
472.24,-1.1287384631870379e-13,-1.945777501533262e-16
472.25,-1.1285970302559931e-13,-1.9370628729183055e-16
472.26,-1.1285032148348528e-13,-1.9439955765415784e-16
472.27,-1.1283819351587416e-13,-1.942575128977411e-16
472.28,-1.1282672612297358e-13,-1.9432124080289e-16
472.29,-1.1281502021817975e-13,-1.9418473821127026e-16
472.3,-1.1280391558249545e-13,-1.943244807794525e-16
472.31,-1.1279185051782216e-13,-1.9425708269106754e-16
472.32,-1.1278047496307987e-13,-1.9422415355797067e-16
472.33,-1.1276858336208796e-13,-1.940779793089895e-16
472.34,-1.1275794754090239e-13,-1.9429747830240418e-16
472.35,-1.1274575686513754e-13,-1.9402196359605558e-16
472.36,-1.1273394328256057e-13,-1.9402297211986583e-16
472.37,-1.1272293196745271e-13,-1.9413390357014718e-16
472.38,-1.1271066871916314e-13,-1.9398835714919084e-16
472.39,-1.1269943052436138e-13,-1.9401288458210283e-16
472.4,-1.1268797298236901e-13,-1.9413230802898595e-16
472.41,-1.1267635267917528e-13,-1.9406424155638144e-16
472.42,-1.1266386599454295e-13,-1.9387011456608394e-16
472.43,-1.1265308012190449e-13,-1.938958691557422e-16
472.44,-1.1264196757693156e-13,-1.9400826505141575e-16
472.45,-1.1262985332307594e-13,-1.9376096067056324e-16
472.46,-1.1261812218756026e-13,-1.9389497336807144e-16
472.47,-1.1260704538200893e-13,-1.9395457479543825e-16
472.48,-1.1259541481909674e-13,-1.9401494743809021e-16
472.49,-1.125837241662614e-13,-1.9391918847177229e-16
472.5,-1.1257181257061938e-13,-1.937409939268964e-16
472.51,-1.1256112963760704e-13,-1.939937664176434e-16
472.52,-1.1254843548942373e-13,-1.9365311854014084e-16
472.53,-1.1253726765475704e-13,-1.9374611320580653e-16
472.54,-1.125256808762011e-13,-1.9381704426309858e-16
472.55,-1.1251439490758658e-13,-1.937738384513779e-16
472.56,-1.1250286356204529e-13,-1.9376185670731559e-16
472.57,-1.1249116327305481e-13,-1.935787227620311e-16
472.58,-1.124788726344871e-13,-1.9346979049105833e-16
472.59,-1.1246783914073948e-13,-1.935942309699165e-16
472.6,-1.1245702007240807e-13,-1.9362189052482912e-16
472.61,-1.1244497507173594e-13,-1.9368237215396862e-16
472.62,-1.1243335125627158e-13,-1.9370718909511105e-16
472.63,-1.1242174392822478e-13,-1.934029255717991e-16
472.64,-1.1241026820797168e-13,-1.9370946171741477e-16
472.65,-1.1239884347899285e-13,-1.9353240995224191e-16
472.66,-1.1238696878423099e-13,-1.9344414211257644e-16
472.67,-1.1237549665435651e-13,-1.933926858684932e-16
472.68,-1.1236416458060956e-13,-1.9350254832804116e-16
472.69,-1.1235233845234135e-13,-1.9338149442420974e-16
472.7,-1.1234126095119773e-13,-1.9337192412672644e-16
472.71,-1.1232927237793772e-13,-1.932924134369282e-16
472.72,-1.1231849245640503e-13,-1.9348579733419865e-16
472.73,-1.123062176725861e-13,-1.9324767914544365e-16
472.74,-1.1229469534764589e-13,-1.932164806973792e-16
472.75,-1.1228328011879918e-13,-1.9320555475984099e-16
472.76,-1.1227135230143837e-13,-1.9300136375708804e-16
472.77,-1.122601623732152e-13,-1.9316954920264952e-16
472.78,-1.1224913943560767e-13,-1.9339141874626527e-16
472.79,-1.1223751416391557e-13,-1.9309670456045866e-16
472.8,-1.1222580574854389e-13,-1.9310551533250814e-16
472.81,-1.1221435732169579e-13,-1.931654447076333e-16
472.82,-1.1220283358074527e-13,-1.933690602825695e-16
472.83,-1.1219107488062436e-13,-1.9303232674341194e-16
472.84,-1.1217973443669e-13,-1.9300585076149851e-16
472.85,-1.1216793378932342e-13,-1.9305473588428212e-16
472.86,-1.1215674068641647e-13,-1.9303232015986456e-16
472.87,-1.1214514140219693e-13,-1.930513440996062e-16
472.88,-1.1213364554731809e-13,-1.9295263317007182e-16
472.89,-1.1212214607564873e-13,-1.929821067586112e-16
472.9,-1.1211058483716085e-13,-1.9296032995898714e-16
472.91,-1.1209890886440263e-13,-1.9284831357109046e-16
472.92,-1.1208754328894738e-13,-1.9285626305800734e-16
472.93,-1.1207588877433172e-13,-1.9283239323745817e-16
472.94,-1.1206468592216594e-13,-1.9291104881913633e-16
472.95,-1.1205295360229504e-13,-1.9286168571880758e-16
472.96,-1.1204137507044152e-13,-1.9275531450002475e-16
472.97,-1.1203017444236334e-13,-1.928047159071783e-16
472.98,-1.1201866522498426e-13,-1.928018081958321e-16
472.99,-1.1200693817346759e-13,-1.927176688963758e-16
473.0,-1.1199552188710836e-13,-1.9268049360113977e-16
473.01,-1.1198417150844782e-13,-1.9274868065937643e-16
473.02,-1.1197267596607815e-13,-1.9270071707945687e-16
473.03,-1.1196112343463351e-13,-1.9273430529821037e-16
473.04,-1.1194919695103152e-13,-1.92525766159425e-16
473.05,-1.1193779138100901e-13,-1.9256059420899071e-16
473.06,-1.1192654259376883e-13,-1.9246186508952362e-16
473.07,-1.1191538906024862e-13,-1.926488889306408e-16
473.08,-1.1190339832267432e-13,-1.9249184589662703e-16
473.09,-1.1189220121832936e-13,-1.9251359680545843e-16
473.1,-1.1188075926965146e-13,-1.9237298609186814e-16
473.11,-1.118690336027818e-13,-1.9239226095984191e-16
473.12,-1.1185791231157247e-13,-1.924096483672564e-16
473.13,-1.1184614402933463e-13,-1.9229372386028688e-16
473.14,-1.1183539549096563e-13,-1.9237226182003505e-16
473.15,-1.1182324369855706e-13,-1.9218604174634815e-16
473.16,-1.1181153453682722e-13,-1.9225660528495489e-16
473.17,-1.1180052827308789e-13,-1.9234331623415344e-16
473.18,-1.1178885809739586e-13,-1.922356259097381e-16
473.19,-1.1177655049074318e-13,-1.9190997056923942e-16
473.2,-1.117662425367397e-13,-1.9236017663115538e-16
473.21,-1.1175397529871337e-13,-1.9202825208858917e-16
473.22,-1.1174298793590075e-13,-1.9211737590381584e-16
473.23,-1.1173085449365977e-13,-1.9174403856906972e-16
473.24,-1.1171994702871628e-13,-1.9210759623852044e-16
473.25,-1.1170888841323169e-13,-1.9228998300489215e-16
473.26,-1.1169743808630758e-13,-1.9216708618687242e-16
473.27,-1.1168682855702774e-13,-1.926985679457969e-16
473.28,-1.1167428993759635e-13,-1.9212769034818343e-16
473.29,-1.116628618762674e-13,-1.9192039749697873e-16
473.3,-1.1165107549574227e-13,-1.919411876543196e-16
473.31,-1.116398219224086e-13,-1.9212311324377764e-16
473.32,-1.1162833431969711e-13,-1.9220605955015896e-16
473.33,-1.1161694302913259e-13,-1.9188511531495298e-16
473.34,-1.1160566109100246e-13,-1.9199589295354124e-16
473.35,-1.115945865266824e-13,-1.9197994739723945e-16
473.36,-1.1158248383424415e-13,-1.9170184175114943e-16
473.37,-1.11571451307729e-13,-1.9196929390044588e-16
473.38,-1.1156023264476071e-13,-1.918972040242822e-16
473.39,-1.1154842599065169e-13,-1.918221724942728e-16
473.4,-1.1153629463090126e-13,-1.9174606867767521e-16
473.41,-1.1152513148222699e-13,-1.9172986091693377e-16
473.42,-1.1151378377355514e-13,-1.9173715116903468e-16
473.43,-1.1150241936734265e-13,-1.9166707265756106e-16
473.44,-1.1149093063149287e-13,-1.916030085781159e-16
473.45,-1.1147971084372769e-13,-1.916369296168583e-16
473.46,-1.1146824000941816e-13,-1.917292626523384e-16
473.47,-1.1145670009435117e-13,-1.915257002551345e-16
473.48,-1.1144522437613092e-13,-1.9153377753196007e-16
473.49,-1.1143325208882208e-13,-1.9165761768893014e-16
473.5,-1.1142199698667934e-13,-1.9133514245523474e-16
473.51,-1.1141105172639671e-13,-1.914768673977495e-16
473.52,-1.1139955803719084e-13,-1.9142560088445015e-16
473.53,-1.1138821729972856e-13,-1.9149892576185004e-16
473.54,-1.1137689463919111e-13,-1.9135186149791387e-16
473.55,-1.1136536079096059e-13,-1.9136549058657657e-16
473.56,-1.1135368340425926e-13,-1.9135282800289925e-16
473.57,-1.1134307794610286e-13,-1.9148938010119428e-16
473.58,-1.1133104522270948e-13,-1.9059705417452073e-16
473.59,-1.1131979236778344e-13,-1.91427439534762e-16
473.6,-1.1130826125369589e-13,-1.9131068483967876e-16
473.61,-1.1129695942405667e-13,-1.912783646586465e-16
473.62,-1.1128514759619731e-13,-1.9138543286403416e-16
473.63,-1.1127385368474642e-13,-1.911432120300754e-16
473.64,-1.1126258195892616e-13,-1.911846011467353e-16
473.65,-1.1125126339975313e-13,-1.9125996406122324e-16
473.66,-1.1123998987006166e-13,-1.912878371737055e-16
473.67,-1.1122716433230527e-13,-1.910129507705062e-16
473.68,-1.1121741567238608e-13,-1.9098569236805945e-16
473.69,-1.1120583747387323e-13,-1.9111953655648163e-16
473.7,-1.1119379837883252e-13,-1.9079298099987343e-16
473.71,-1.1118309688788473e-13,-1.9126350160167255e-16
473.72,-1.1117160711438182e-13,-1.9102966132308435e-16
473.73,-1.1116012447920247e-13,-1.9102574910956847e-16
473.74,-1.1114832385426328e-13,-1.9075834055547258e-16
473.75,-1.1113727373000979e-13,-1.9097129430729393e-16
473.76,-1.1112559140115356e-13,-1.9076852387313348e-16
473.77,-1.1111491502728352e-13,-1.9147677716702588e-16
473.78,-1.1110310683275076e-13,-1.9095028574227004e-16
473.79,-1.1109173638787441e-13,-1.9090146529157008e-16
473.8,-1.1107861182788957e-13,-1.9038758125377664e-16
473.81,-1.1106917650159407e-13,-1.9089103067824221e-16
473.82,-1.1105746758278515e-13,-1.9074607572901063e-16
473.83,-1.1104642694698442e-13,-1.908733896286332e-16
473.84,-1.110343988536123e-13,-1.906589466102823e-16
473.85,-1.1102365709798847e-13,-1.9073500903352357e-16
473.86,-1.1101158939611084e-13,-1.9052268602801005e-16
473.87,-1.1100129146413601e-13,-1.9056655724366025e-16
473.88,-1.1098929289840552e-13,-1.905899358749402e-16
473.89,-1.1097766719386083e-13,-1.9077342550147907e-16
473.9,-1.109664170477483e-13,-1.9045706476228071e-16
473.91,-1.1095524725473427e-13,-1.905776676615217e-16
473.92,-1.109438360337718e-13,-1.9055644231877196e-16
473.93,-1.1093215575460012e-13,-1.9054747492693747e-16
473.94,-1.1092136482538292e-13,-1.9056657520096762e-16
473.95,-1.1090972058220786e-13,-1.903889194662833e-16
473.96,-1.1089825783828231e-13,-1.902522040122053e-16
473.97,-1.1088718702082317e-13,-1.9046144899368318e-16
473.98,-1.1087594427054413e-13,-1.9060390430829167e-16
473.99,-1.1086415793777108e-13,-1.903430662561105e-16
474.0,-1.1085288987674648e-13,-1.9029702824833823e-16
474.01,-1.108417960025667e-13,-1.902764150136958e-16
474.02,-1.1083076614586417e-13,-1.9025421117923882e-16
474.03,-1.1081866156945608e-13,-1.90289769192257e-16
474.04,-1.1080756051536956e-13,-1.902844358379982e-16
474.05,-1.1079576889887903e-13,-1.9013420966061434e-16
474.06,-1.1078478987198215e-13,-1.9024470049769378e-16
474.07,-1.1077369788080817e-13,-1.9027510357324608e-16
474.08,-1.1076218411306652e-13,-1.9026498837320954e-16
474.09,-1.1075073266020914e-13,-1.9032019380375547e-16
474.1,-1.1073962242150638e-13,-1.903733155800021e-16
474.11,-1.107287440820515e-13,-1.901188359524373e-16
474.12,-1.107166744507947e-13,-1.8995268704407675e-16
474.13,-1.1070648474411438e-13,-1.904749623168109e-16
474.14,-1.1069430272576481e-13,-1.9004404631842485e-16
474.15,-1.1068269180581251e-13,-1.9000068031328307e-16
474.16,-1.1067160240656972e-13,-1.8993894667821848e-16
474.17,-1.1066025911967446e-13,-1.9011010545969676e-16
474.18,-1.106483696641588e-13,-1.8975403641436586e-16
474.19,-1.1063736747752131e-13,-1.8986092298438429e-16
474.2,-1.1062693184387784e-13,-1.8865175565702105e-16
474.21,-1.1061533874985587e-13,-1.8983165099802537e-16
474.22,-1.1060408605076084e-13,-1.889121335662667e-16
474.23,-1.1059204186577737e-13,-1.8997266989576507e-16
474.24,-1.10580912346958e-13,-1.8982581982289778e-16
474.25,-1.1056949608695242e-13,-1.8963295717306623e-16
474.26,-1.105583536091623e-13,-1.8982170357036213e-16
474.27,-1.1054671343354519e-13,-1.8962689625454241e-16
474.28,-1.1053548970613217e-13,-1.8975899206840065e-16
474.29,-1.105284960927062e-13,-1.9178749156345173e-16
474.3,-1.1051292725613579e-13,-1.896143226973872e-16
474.31,-1.1050234147029385e-13,-1.8991506635293021e-16
474.32,-1.1049018333416791e-13,-1.896406377059856e-16
474.33,-1.104791829502669e-13,-1.897231320456791e-16
474.34,-1.1046787026734708e-13,-1.896466060589751e-16
474.35,-1.104561531660798e-13,-1.8946369686373842e-16
474.36,-1.1044508621611925e-13,-1.895294813782194e-16
474.37,-1.1043389605832153e-13,-1.8954137197566986e-16
474.38,-1.1042416025544711e-13,-1.8995589905254305e-16
474.39,-1.1041101527047913e-13,-1.8953940808221628e-16
474.4,-1.1039959242689963e-13,-1.892677452974232e-16
474.41,-1.1038850556710691e-13,-1.8933964293079154e-16
474.42,-1.1037766026581308e-13,-1.8929225888274217e-16
474.43,-1.1036563035802462e-13,-1.893373318985812e-16
474.44,-1.1035469956081021e-13,-1.8931942753788368e-16
474.45,-1.1034332452495046e-13,-1.8916458618070975e-16
474.46,-1.1033228128314685e-13,-1.8927125799303815e-16
474.47,-1.103215864747341e-13,-1.8987345951053368e-16
474.48,-1.103091985014225e-13,-1.8953129387812502e-16
474.49,-1.102976492919455e-13,-1.8893457000776815e-16
474.5,-1.1028689584016997e-13,-1.8920535694181715e-16
474.51,-1.1027578322127862e-13,-1.8901113518216633e-16
474.52,-1.1026437610735531e-13,-1.8924225737632045e-16
474.53,-1.1025251958767467e-13,-1.8864357822688845e-16
474.54,-1.1024199688006565e-13,-1.8908681605929558e-16
474.55,-1.1023029916132086e-13,-1.888431174156383e-16
474.56,-1.1021876864709859e-13,-1.8883602474960655e-16
474.57,-1.1020752883433058e-13,-1.8908492477443882e-16
474.58,-1.1019658367112154e-13,-1.8890165174566038e-16
474.59,-1.1018519410184763e-13,-1.889412985200856e-16
474.6,-1.1017391222673483e-13,-1.8885010050038834e-16
474.61,-1.101629102895232e-13,-1.8892338223388342e-16
474.62,-1.1015147492791719e-13,-1.88967326584335e-16
474.63,-1.1014021048051596e-13,-1.8882419610014033e-16
474.64,-1.1012918685729008e-13,-1.8891933104193016e-16
474.65,-1.1011764135448349e-13,-1.8872765409716764e-16
474.66,-1.1010648327189577e-13,-1.887064300915858e-16
474.67,-1.1009534321034022e-13,-1.8870711831899733e-16
474.68,-1.1008385583808871e-13,-1.8865347515010192e-16
474.69,-1.1007273398854249e-13,-1.8880011307102533e-16
474.7,-1.1006142458027377e-13,-1.8867702111759907e-16
474.71,-1.1004987364308954e-13,-1.8854059323268037e-16
474.72,-1.1003903845302198e-13,-1.8863764120249004e-16
474.73,-1.1002751409280124e-13,-1.883558529272473e-16
474.74,-1.1001602488872037e-13,-1.8861297487974107e-16
474.75,-1.1000514389720897e-13,-1.887244681244405e-16
474.76,-1.09994276239697e-13,-1.8866226979622555e-16
474.77,-1.0998256038624142e-13,-1.8843412228726784e-16
474.78,-1.0997133846943897e-13,-1.8850940662112527e-16
474.79,-1.0995969715634875e-13,-1.884243227548202e-16
474.8,-1.0994913864278524e-13,-1.8832956430391853e-16
474.81,-1.0993773899255173e-13,-1.8847752287393768e-16
474.82,-1.0992633827279333e-13,-1.8830435757893591e-16
474.83,-1.0991575275619329e-13,-1.8854257017118926e-16
474.84,-1.0990403279269853e-13,-1.883910653337817e-16
474.85,-1.0989278007420308e-13,-1.8846267991713625e-16
474.86,-1.0988156248549764e-13,-1.8832522525541425e-16
474.87,-1.0987025982345118e-13,-1.8834079209581324e-16
474.88,-1.0985889954994719e-13,-1.8825445501595874e-16
474.89,-1.0984772261032102e-13,-1.882463786693712e-16
474.9,-1.0983648964928277e-13,-1.8818082684619066e-16
474.91,-1.0982517175208667e-13,-1.882811412119297e-16
474.92,-1.0981388856800286e-13,-1.8810411327959856e-16
474.93,-1.0980274816057753e-13,-1.881399323592064e-16
474.94,-1.0979145255975191e-13,-1.8816741129929962e-16
474.95,-1.0978028844521653e-13,-1.8794657777378241e-16
474.96,-1.097689376409065e-13,-1.8793431137147133e-16
474.97,-1.0975792153760846e-13,-1.8791689178777217e-16
474.98,-1.0974657510988628e-13,-1.8806349844790417e-16
474.99,-1.0973551364723328e-13,-1.8798547510333708e-16
475.0,-1.0972409115334103e-13,-1.8798100898913008e-16
475.01,-1.0971325136813323e-13,-1.8781448985891715e-16
475.02,-1.0970192012240992e-13,-1.8784470800890633e-16
475.03,-1.096905848794688e-13,-1.8784729583012529e-16
475.04,-1.0967898836223906e-13,-1.8817061327288524e-16
475.05,-1.0966827027909445e-13,-1.8788755528428154e-16
475.06,-1.0965689790742538e-13,-1.8777881349897308e-16
475.07,-1.0964571596211819e-13,-1.8773025682184766e-16
475.08,-1.096343880729921e-13,-1.8780807631841896e-16
475.09,-1.0962320534021907e-13,-1.8774370070927238e-16
475.1,-1.0961248831730449e-13,-1.8773301003994942e-16
475.11,-1.0960098540850469e-13,-1.876869937817911e-16
475.12,-1.0958948082998292e-13,-1.8746036971290803e-16
475.13,-1.0957862481873704e-13,-1.8765684337593557e-16
475.14,-1.095674336014562e-13,-1.8764091219237813e-16
475.15,-1.0955632394962754e-13,-1.8779228753817056e-16
475.16,-1.0954506819170746e-13,-1.8762151831685936e-16
475.17,-1.0953380555505705e-13,-1.876257169669506e-16
475.18,-1.0952246295058551e-13,-1.8742368194970742e-16
475.19,-1.0951134779562308e-13,-1.8754869769445298e-16
475.2,-1.0949980840044879e-13,-1.8724568414676158e-16
475.21,-1.0948908517595772e-13,-1.8730277678338754e-16
475.22,-1.0947777193359933e-13,-1.875625561769815e-16
475.23,-1.0946653816884374e-13,-1.8745757823695522e-16
475.24,-1.0945553362155244e-13,-1.8776574953231094e-16
475.25,-1.094442635591732e-13,-1.8743739607155636e-16
475.26,-1.0943341115783133e-13,-1.8724825415153859e-16
475.27,-1.0942193247894473e-13,-1.8734071094212176e-16
475.28,-1.0941055163608243e-13,-1.8727539641693433e-16
475.29,-1.0939939771510448e-13,-1.871708838647749e-16
475.3,-1.0938846438291687e-13,-1.8750355599673822e-16
475.31,-1.0937721257009966e-13,-1.8722796956621666e-16
475.32,-1.093659213219105e-13,-1.8707885054565722e-16
475.33,-1.0935499411576861e-13,-1.8719237435842025e-16
475.34,-1.0934351704246753e-13,-1.8706619632885658e-16
475.35,-1.0933281318531872e-13,-1.874650419206629e-16
475.36,-1.0932137403891848e-13,-1.8709299491485955e-16
475.37,-1.0930974383004305e-13,-1.869349816649135e-16
475.38,-1.0929894458384605e-13,-1.8706870466369387e-16
475.39,-1.0928583482731295e-13,-1.8589168088613736e-16
475.4,-1.0927655070793835e-13,-1.8692512344136808e-16
475.41,-1.0926554483047238e-13,-1.869548883774184e-16
475.42,-1.0925438482728417e-13,-1.869332361661096e-16
475.43,-1.0924307515747522e-13,-1.8694495804251777e-16
475.44,-1.0923209626635976e-13,-1.8699879593251753e-16
475.45,-1.0922086592334256e-13,-1.86920743293745e-16
475.46,-1.0920941814749024e-13,-1.8648439652071305e-16
475.47,-1.0919860728158733e-13,-1.8670934080106683e-16
475.48,-1.0918532018350911e-13,-1.8790911212249063e-16
475.49,-1.0917617428136326e-13,-1.8676532641620444e-16
475.5,-1.0916536088041991e-13,-1.866808225101583e-16
475.51,-1.0915393569861508e-13,-1.8687928913322224e-16
475.52,-1.0914257152965837e-13,-1.86889005980196e-16
475.53,-1.0913150569560175e-13,-1.865938941560539e-16
475.54,-1.0912068550033573e-13,-1.8690621972337833e-16
475.55,-1.0911031612262938e-13,-1.871319609197075e-16
475.56,-1.090978016800172e-13,-1.8663452656682553e-16
475.57,-1.0908334692506494e-13,-1.869834131074544e-16
475.58,-1.0907599337529065e-13,-1.865777533093936e-16
475.59,-1.0906477973567874e-13,-1.8629816898445252e-16
475.6,-1.0905381972090834e-13,-1.8652067945012216e-16
475.61,-1.0904296951450157e-13,-1.8659827826739167e-16
475.62,-1.0903149854297844e-13,-1.8654852390545277e-16
475.63,-1.0902028468133353e-13,-1.8650733707647432e-16
475.64,-1.0900853358586089e-13,-1.8618505027510003e-16
475.65,-1.0899809311181231e-13,-1.862874823209722e-16
475.66,-1.0898681867694972e-13,-1.8666133308354912e-16
475.67,-1.0897609136643187e-13,-1.8621168912845648e-16
475.68,-1.0896450427023061e-13,-1.8625514138717892e-16
475.69,-1.0895338898171703e-13,-1.8635116097023884e-16
475.7,-1.0894241621156431e-13,-1.8631612317765883e-16
475.71,-1.0893115875424779e-13,-1.861372013170729e-16
475.72,-1.0892020789849077e-13,-1.8625591073106098e-16
475.73,-1.0890892826454769e-13,-1.8610996522401538e-16
475.74,-1.0889789492063258e-13,-1.861257822198617e-16
475.75,-1.0888639723462117e-13,-1.8595076429583185e-16
475.76,-1.0887593278794915e-13,-1.861608612447902e-16
475.77,-1.0886428617044056e-13,-1.861370755805074e-16
475.78,-1.0885339300424557e-13,-1.860668220394607e-16
475.79,-1.0884223593110151e-13,-1.8604733593029696e-16
475.8,-1.0883122277655043e-13,-1.8611434738601336e-16
475.81,-1.0881953388324525e-13,-1.86036928037156e-16
475.82,-1.0880973188621376e-13,-1.8619743047754498e-16
475.83,-1.0879768477807999e-13,-1.8585270902155312e-16
475.84,-1.087877945324844e-13,-1.8597011931831045e-16
475.85,-1.0877569364699343e-13,-1.8583086090257952e-16
475.86,-1.0876445070108172e-13,-1.8578496609486143e-16
475.87,-1.0875372458944436e-13,-1.8583873920377149e-16
475.88,-1.08742364656208e-13,-1.8574150873009828e-16
475.89,-1.0873137686874658e-13,-1.8588089459344824e-16
475.9,-1.0872011588856718e-13,-1.8561326996411033e-16
475.91,-1.0870917488499971e-13,-1.8596006839369648e-16
475.92,-1.0869817253953057e-13,-1.8579312877652087e-16
475.93,-1.0868733900029153e-13,-1.8567403660655833e-16
475.94,-1.0867573935616525e-13,-1.8550259232493033e-16
475.95,-1.0866487839574216e-13,-1.8570732729565402e-16
475.96,-1.0865353024174496e-13,-1.856326964373251e-16
475.97,-1.0864248086919129e-13,-1.8584969980696202e-16
475.98,-1.0863156660386426e-13,-1.856257582059536e-16
475.99,-1.0862030222299432e-13,-1.8549390711843315e-16
476.0,-1.0861013115747634e-13,-1.8536898004896785e-16
476.01,-1.0859828706520045e-13,-1.8556571100773745e-16
476.02,-1.0858693288211793e-13,-1.8550472258276168e-16
476.03,-1.0857633285966085e-13,-1.8547737587720888e-16
476.04,-1.0856516179779692e-13,-1.854539601464652e-16
476.05,-1.0855400243591401e-13,-1.8536868647433578e-16
476.06,-1.0854284517644497e-13,-1.8539583026160422e-16
476.07,-1.0853201907582283e-13,-1.8542579255912898e-16
476.08,-1.0852067213063762e-13,-1.851857616038108e-16
476.09,-1.0851013069588178e-13,-1.8528472100420062e-16
476.1,-1.0849889486872684e-13,-1.8556341305046692e-16
476.11,-1.0848784427168137e-13,-1.8542520098550725e-16
476.12,-1.0847615943756028e-13,-1.8511284878751778e-16
476.13,-1.0846552763432753e-13,-1.852752984846329e-16
476.14,-1.0845453597408195e-13,-1.8502555285956675e-16
476.15,-1.0844332930445641e-13,-1.8504005643797706e-16
476.16,-1.0843259947016565e-13,-1.8517100330104395e-16
476.17,-1.0842135002356068e-13,-1.8518683808213129e-16
476.18,-1.0841045696480994e-13,-1.8509845715640088e-16
476.19,-1.0839878985502651e-13,-1.842748147525757e-16
476.2,-1.0838777116304143e-13,-1.8488614934933982e-16
476.21,-1.0837691476986536e-13,-1.8496247349373397e-16
476.22,-1.0836619093756717e-13,-1.850315785921579e-16
476.23,-1.0835513013666841e-13,-1.8501139619308047e-16
476.24,-1.0834400427433436e-13,-1.8489752088947884e-16
476.25,-1.0833250691067137e-13,-1.849501246161939e-16
476.26,-1.0832178517514408e-13,-1.8494781293613445e-16
476.27,-1.083114171939267e-13,-1.849811083991182e-16
476.28,-1.082997196835737e-13,-1.8498966383687726e-16
476.29,-1.0828839436664076e-13,-1.8471017760689723e-16
476.3,-1.0827721130889613e-13,-1.84707976563425e-16
476.31,-1.0826675744014917e-13,-1.848580476282833e-16
476.32,-1.0825547514362378e-13,-1.8493913612784665e-16
476.33,-1.0824443437413905e-13,-1.8472582070996723e-16
476.34,-1.0823349391169414e-13,-1.846967637422284e-16
476.35,-1.082223602817714e-13,-1.846846649701087e-16
476.36,-1.082114815276342e-13,-1.8474459620399852e-16
476.37,-1.0820090654919633e-13,-1.8470153902315304e-16
476.38,-1.0818966877420156e-13,-1.8464965168073158e-16
476.39,-1.0817858855298985e-13,-1.844869074227951e-16
476.4,-1.0816741708567397e-13,-1.8462449127373247e-16
476.41,-1.0815655154765333e-13,-1.8447806157487224e-16
476.42,-1.0814533221947648e-13,-1.8477066767123973e-16
476.43,-1.0813426531130897e-13,-1.8455333594770458e-16
476.44,-1.0812331630412243e-13,-1.846137913119025e-16
476.45,-1.0811237735354676e-13,-1.842797709154373e-16
476.46,-1.0810099190394884e-13,-1.842468150077821e-16
476.47,-1.0809018484768818e-13,-1.8446827382311442e-16
476.48,-1.0807952561618032e-13,-1.8442373668378104e-16
476.49,-1.0806809293352534e-13,-1.843034584854173e-16
476.5,-1.0805720639660327e-13,-1.8431898053325998e-16
476.51,-1.0804585048683366e-13,-1.8436414387882332e-16
476.52,-1.0803547365265318e-13,-1.8429423499624962e-16
476.53,-1.080240905074692e-13,-1.842723180163564e-16
476.54,-1.0801266590345596e-13,-1.8429283685171336e-16
476.55,-1.0800188255667383e-13,-1.8403021256456823e-16
476.56,-1.0799084265316942e-13,-1.842816841526488e-16
476.57,-1.0797990663826626e-13,-1.8414391869240887e-16
476.58,-1.0796849357917415e-13,-1.8402762761318504e-16
476.59,-1.0795836156495113e-13,-1.8421662525691085e-16
476.6,-1.0794728070863914e-13,-1.8411958703445857e-16
476.61,-1.0793596416217034e-13,-1.8398019469288114e-16
476.62,-1.0792528215290329e-13,-1.842407094449398e-16
476.63,-1.079143573713986e-13,-1.841270413891922e-16
476.64,-1.0790311414621684e-13,-1.8406154029242312e-16
476.65,-1.0789212153319608e-13,-1.839763794064602e-16
476.66,-1.0788118612581706e-13,-1.8389626523399172e-16
476.67,-1.0787032725167061e-13,-1.8397616051680697e-16
476.68,-1.0785924051142444e-13,-1.8389275669364202e-16
476.69,-1.0784833554909334e-13,-1.8389581411210124e-16
476.7,-1.0783709687262333e-13,-1.8389751248814588e-16
476.71,-1.0782622281950216e-13,-1.8384783651186402e-16
476.72,-1.0781480910992369e-13,-1.8381379027210784e-16
476.73,-1.0780394556838935e-13,-1.8373278903048215e-16
476.74,-1.0779319499209781e-13,-1.837003113803914e-16
476.75,-1.077824377176334e-13,-1.8376072199179127e-16
476.76,-1.0777145723245614e-13,-1.8377169732976334e-16
476.77,-1.0776016720412415e-13,-1.836719740771347e-16
476.78,-1.0774913896055114e-13,-1.8357762423705973e-16
476.79,-1.0773817118596849e-13,-1.8367175141623892e-16
476.8,-1.0772744942286762e-13,-1.8361307963715616e-16
476.81,-1.077165582780165e-13,-1.836019931671984e-16
476.82,-1.077055909177139e-13,-1.8359806274663529e-16
476.83,-1.0769443429346272e-13,-1.8353466427070085e-16
476.84,-1.0768334060469025e-13,-1.83452370297522e-16
476.85,-1.076724232738109e-13,-1.8350830825013588e-16
476.86,-1.0766161109538055e-13,-1.834482612619013e-16
476.87,-1.0765054172848408e-13,-1.8344596632862857e-16
476.88,-1.0763981569090018e-13,-1.8347993674410782e-16
476.89,-1.0762857343401561e-13,-1.8343445309529995e-16
476.9,-1.0761775989563859e-13,-1.8341350372453968e-16
476.91,-1.0760696652121844e-13,-1.833980926676857e-16
476.92,-1.0759583844790055e-13,-1.8331986045834065e-16
476.93,-1.0758487762257354e-13,-1.8333234573437535e-16
476.94,-1.0757406602034754e-13,-1.8328592412082866e-16
476.95,-1.0756281819837966e-13,-1.8311858892524324e-16
476.96,-1.0755206077477092e-13,-1.8318332398083088e-16
476.97,-1.0754093376762947e-13,-1.8318061726120462e-16
476.98,-1.0753063438317672e-13,-1.8328833318046367e-16
476.99,-1.0751954720693742e-13,-1.8316081278128495e-16
477.0,-1.0750853828505563e-13,-1.8320687186765168e-16
477.01,-1.074969906731492e-13,-1.8305317482087398e-16
477.02,-1.074865471928266e-13,-1.831431269759816e-16
477.03,-1.0747573758252547e-13,-1.8305653352022278e-16
477.04,-1.074647285230855e-13,-1.8303159050206825e-16
477.05,-1.0745330003073873e-13,-1.8295103273597618e-16
477.06,-1.0744253344898913e-13,-1.8288570615139614e-16
477.07,-1.0743182809780527e-13,-1.8305274760383762e-16
477.08,-1.0742089506520643e-13,-1.8312867522720882e-16
477.09,-1.0740955341766938e-13,-1.8277527624543727e-16
477.1,-1.0739862281823247e-13,-1.82763786627728e-16
477.11,-1.0738821561552548e-13,-1.8312861175445563e-16
477.12,-1.0737660480877756e-13,-1.8268463887506743e-16
477.13,-1.0736611560109529e-13,-1.8305992656965916e-16
477.14,-1.0735522622387612e-13,-1.82794719280339e-16
477.15,-1.0734415902410334e-13,-1.8262644494148503e-16
477.16,-1.0733314350308286e-13,-1.8270043559143408e-16
477.17,-1.0732264185327911e-13,-1.828529342532842e-16
477.18,-1.073114169855265e-13,-1.82664299406489e-16
477.19,-1.0730074558280223e-13,-1.8260534858863276e-16
477.2,-1.0728959037281126e-13,-1.8275041331859562e-16
477.21,-1.0727875769178448e-13,-1.8263027955726843e-16
477.22,-1.0726762803825436e-13,-1.826047522238768e-16
477.23,-1.0725733570333022e-13,-1.8274948952070076e-16
477.24,-1.0724568442605349e-13,-1.8246567522945242e-16
477.25,-1.0723463228806792e-13,-1.8241866686369768e-16
477.26,-1.0722467329468518e-13,-1.8275202400212642e-16
477.27,-1.0721330832236839e-13,-1.824953091667598e-16
477.28,-1.0720238804846957e-13,-1.8244087711871944e-16
477.29,-1.0719144981863383e-13,-1.8219381448786414e-16
477.3,-1.0718058860989984e-13,-1.8241629733338825e-16
477.31,-1.0716966892754289e-13,-1.8224261772481528e-16
477.32,-1.071586245969745e-13,-1.8246795154914314e-16
477.33,-1.071477604929893e-13,-1.823842504719952e-16
477.34,-1.0713702334019104e-13,-1.823862405983995e-16
477.35,-1.0712582194491225e-13,-1.8198119352693706e-16
477.36,-1.0711519668659607e-13,-1.8222424675019558e-16
477.37,-1.0710430015796856e-13,-1.823086734476663e-16
477.38,-1.070933420321387e-13,-1.8217058605567277e-16
477.39,-1.0708248128658727e-13,-1.8228556705188883e-16
477.4,-1.070716514986404e-13,-1.822653592575489e-16
477.41,-1.0706072712126471e-13,-1.821314636957877e-16
477.42,-1.0704973371228196e-13,-1.821602531393784e-16
477.43,-1.0703999471023219e-13,-1.8207065374408263e-16
477.44,-1.0702785833545975e-13,-1.820885503729825e-16
477.45,-1.0701723996686113e-13,-1.8214046383790038e-16
477.46,-1.0700641442078307e-13,-1.822002190112669e-16
477.47,-1.069954251331717e-13,-1.8205649544250478e-16
477.48,-1.0698404791440949e-13,-1.8183172171733952e-16
477.49,-1.0697347101502073e-13,-1.8184152431209508e-16
477.5,-1.0696316954770619e-13,-1.8209407322737457e-16
477.51,-1.0695229366741124e-13,-1.8203038971456634e-16
477.52,-1.0693892515906909e-13,-1.8107611294789854e-16
477.53,-1.0692965076923655e-13,-1.8175806854739024e-16
477.54,-1.0691933421690072e-13,-1.8184271336818027e-16
477.55,-1.069087499328628e-13,-1.8200648315803877e-16
477.56,-1.0689741362427102e-13,-1.8183979120733779e-16
477.57,-1.0688687287035557e-13,-1.818260645982341e-16
477.58,-1.0687584143678283e-13,-1.81778929273413e-16
477.59,-1.0686510913150473e-13,-1.8176891118451798e-16
477.6,-1.0685394133847329e-13,-1.8174835852119693e-16
477.61,-1.0684331745886896e-13,-1.8173064253726427e-16
477.62,-1.0683259407423382e-13,-1.8193187456407479e-16
477.63,-1.0682148784507811e-13,-1.8162430624572208e-16
477.64,-1.0681069238059535e-13,-1.817239384624564e-16
477.65,-1.0679974779070467e-13,-1.8133962477590244e-16
477.66,-1.0678859433923041e-13,-1.8146738147082376e-16
477.67,-1.0677796936513309e-13,-1.8152428879983859e-16
477.68,-1.0676736234848597e-13,-1.8204054513535364e-16
477.69,-1.067560748839125e-13,-1.8140128532856223e-16
477.7,-1.0674570554197146e-13,-1.8159265935062945e-16
477.71,-1.0673406526006309e-13,-1.8084563510949056e-16
477.72,-1.0672345071333506e-13,-1.8139534170942618e-16
477.73,-1.0671290427479879e-13,-1.8135803662412472e-16
477.74,-1.0670270008939817e-13,-1.812354727414192e-16
477.75,-1.0669116219769512e-13,-1.8130041114525967e-16
477.76,-1.0668043336279555e-13,-1.8138127201006294e-16
477.77,-1.0666988727291793e-13,-1.813788892685561e-16
477.78,-1.0665919764022415e-13,-1.8138220742829806e-16
477.79,-1.0664834309139144e-13,-1.8139097397085783e-16
477.8,-1.0663672088147815e-13,-1.8120496651528703e-16
477.81,-1.0662626429509792e-13,-1.8128021428036141e-16
477.82,-1.0661518911282231e-13,-1.8114074160668347e-16
477.83,-1.0660477937476416e-13,-1.811924730285124e-16
477.84,-1.0659377334663245e-13,-1.8117548163658532e-16
477.85,-1.065828015135225e-13,-1.8113343328366132e-16
477.86,-1.0657177956619346e-13,-1.8107080556197416e-16
477.87,-1.0656145110298204e-13,-1.810678782004347e-16
477.88,-1.0655023308124356e-13,-1.8109903948360544e-16
477.89,-1.0653914956071769e-13,-1.8104786641815792e-16
477.9,-1.0652901975994199e-13,-1.8123427084933871e-16
477.91,-1.065179607340718e-13,-1.8095917936168788e-16
477.92,-1.0650701512366815e-13,-1.8098310978805074e-16
477.93,-1.0649620745908689e-13,-1.809111510250338e-16
477.94,-1.0648554223342859e-13,-1.8090855724915892e-16
477.95,-1.0647439200423766e-13,-1.8072592221809553e-16
477.96,-1.0646455318119176e-13,-1.8075236304949008e-16
477.97,-1.0645282118072411e-13,-1.808324615573339e-16
477.98,-1.0644204804879165e-13,-1.8085554260761257e-16
477.99,-1.0643130975560073e-13,-1.8076146204447223e-16
478.0,-1.0642089794679535e-13,-1.8091368002337347e-16
478.01,-1.0640965472606046e-13,-1.8080290327539667e-16
478.02,-1.0639904415606343e-13,-1.808112807305441e-16
478.03,-1.063883255985316e-13,-1.807344289426331e-16
478.04,-1.063776422582351e-13,-1.8088228732261494e-16
478.05,-1.0636857029169467e-13,-1.807644086225502e-16
478.06,-1.0635594778038635e-13,-1.8066135851246675e-16
478.07,-1.0634457840628287e-13,-1.809549677047198e-16
478.08,-1.0633422236035035e-13,-1.804814476258132e-16
478.09,-1.0632327952579453e-13,-1.805531541402813e-16
478.1,-1.0631229966958333e-13,-1.8055789645686504e-16
478.11,-1.0630233708739276e-13,-1.8074851790764027e-16
478.12,-1.0629136478478441e-13,-1.8047472515754187e-16
478.13,-1.0627994366712139e-13,-1.8030729177194423e-16
478.14,-1.0627233467834059e-13,-1.7887462333302357e-16
478.15,-1.0625817592549544e-13,-1.8002933192599358e-16
478.16,-1.0624900391418686e-13,-1.797534870163292e-16
478.17,-1.0623727754356225e-13,-1.803891663222864e-16
478.18,-1.0622632581748292e-13,-1.804027248778127e-16
478.19,-1.0621583106172177e-13,-1.803551117685768e-16
478.2,-1.062049704931145e-13,-1.8035134762365944e-16
478.21,-1.0619378686914934e-13,-1.8031766361961043e-16
478.22,-1.0618328447046221e-13,-1.803663158449299e-16
478.23,-1.0617515900201554e-13,-1.8227046013496495e-16
478.24,-1.061618206677303e-13,-1.8033231699926336e-16
478.25,-1.0615047001580498e-13,-1.8027092760586824e-16
478.26,-1.0614004841960182e-13,-1.8019524921007602e-16
478.27,-1.0612903050465888e-13,-1.8003602153221596e-16
478.28,-1.0611850759325506e-13,-1.8007983561774101e-16
478.29,-1.0610756287578132e-13,-1.800747125644287e-16
478.3,-1.0609699427810328e-13,-1.8006157707765094e-16
478.31,-1.0608626736858838e-13,-1.8010715395603516e-16
478.32,-1.0607597889542843e-13,-1.8022318274195574e-16
478.33,-1.0606484240208934e-13,-1.8002597741074135e-16
478.34,-1.0605420023836154e-13,-1.8021153786611618e-16
478.35,-1.0604323403124768e-13,-1.800691542787086e-16
478.36,-1.0603334234920953e-13,-1.802351675312115e-16
478.37,-1.0602163316745874e-13,-1.7995817633429622e-16
478.38,-1.0601128086673433e-13,-1.8009804476239987e-16
478.39,-1.0600005063007769e-13,-1.7993616077246904e-16
478.4,-1.0598928638097997e-13,-1.7985847675257994e-16
478.41,-1.0597898410696884e-13,-1.800918924475244e-16
478.42,-1.0596811472035051e-13,-1.7993890978172403e-16
478.43,-1.0595760684244128e-13,-1.7990788827729032e-16
478.44,-1.0594636801454497e-13,-1.7974375053048406e-16
478.45,-1.0593544056017496e-13,-1.7981212754976028e-16
478.46,-1.0592482613481579e-13,-1.7978305285115187e-16
478.47,-1.0591436037581804e-13,-1.8013481347000467e-16
478.48,-1.0590298521371379e-13,-1.7947417137563495e-16
478.49,-1.0589269462184433e-13,-1.796874052008662e-16
478.5,-1.058811688577343e-13,-1.794655636897234e-16
478.51,-1.058712110297512e-13,-1.796702728985397e-16
478.52,-1.0586018679711741e-13,-1.796016854120432e-16
478.53,-1.0584962469619104e-13,-1.7953807613186473e-16
478.54,-1.0583859896453078e-13,-1.7936957972190646e-16
478.55,-1.0582810533474008e-13,-1.7959664625024934e-16
478.56,-1.05817794006966e-13,-1.7961580734534073e-16
478.57,-1.0580645439152715e-13,-1.794382271387211e-16
478.58,-1.057963074374728e-13,-1.796407896734922e-16
478.59,-1.057854072237284e-13,-1.794930256598834e-16
478.6,-1.0577465863634687e-13,-1.7944507199148859e-16
478.61,-1.0576342275520975e-13,-1.7941072562370083e-16
478.62,-1.0575297731848113e-13,-1.7934751458955377e-16
478.63,-1.0574241528577385e-13,-1.7944803461900382e-16
478.64,-1.0573178840309582e-13,-1.7937354971800424e-16
478.65,-1.057212386401388e-13,-1.7923864679279483e-16
478.66,-1.0571009346876459e-13,-1.7921152840250032e-16
478.67,-1.0569932693288666e-13,-1.7956554272714842e-16
478.68,-1.0568869478261112e-13,-1.7933217381122532e-16
478.69,-1.056779282093768e-13,-1.7928869092771207e-16
478.7,-1.0566746006814674e-13,-1.7921344966100754e-16
478.71,-1.0565664878410685e-13,-1.7932077377691722e-16
478.72,-1.0564585064836895e-13,-1.7920886979735188e-16
478.73,-1.0563533275320497e-13,-1.7939141972058355e-16
478.74,-1.0562449622524198e-13,-1.7912557882999624e-16
478.75,-1.0561364196234939e-13,-1.7906421945474925e-16
478.76,-1.0560281144496545e-13,-1.790939851213248e-16
478.77,-1.0559249430418046e-13,-1.790990815160623e-16
478.78,-1.0558172363275183e-13,-1.7924133663385285e-16
478.79,-1.0557085679284575e-13,-1.7898505213759952e-16
478.8,-1.0556001121497271e-13,-1.7887204100858215e-16
478.81,-1.0554937091484634e-13,-1.7898269828942423e-16
478.82,-1.0553888207940564e-13,-1.7898981810732284e-16
478.83,-1.0552794576056169e-13,-1.7895321604227204e-16
478.84,-1.0551733632367724e-13,-1.7891768852910892e-16
478.85,-1.0550668979521941e-13,-1.7890090013524603e-16
478.86,-1.0549610170872751e-13,-1.7888128318610904e-16
478.87,-1.0548502778438081e-13,-1.788337896603864e-16
478.88,-1.0547510928145786e-13,-1.7896827572901037e-16
478.89,-1.0546430564237852e-13,-1.7890071093132495e-16
478.9,-1.0545319995577556e-13,-1.7874524200179025e-16
478.91,-1.054425839583844e-13,-1.786078494973758e-16
478.92,-1.0543187979244729e-13,-1.787697161887753e-16
478.93,-1.0542128644637563e-13,-1.7872138257539432e-16
478.94,-1.0541055475133406e-13,-1.787703135730279e-16
478.95,-1.0539967444561907e-13,-1.7871736179008803e-16
478.96,-1.0538899380621307e-13,-1.7861458091165164e-16
478.97,-1.0537852378241258e-13,-1.7873573690272686e-16
478.98,-1.0536773893243036e-13,-1.7852357349663022e-16
478.99,-1.053573656246305e-13,-1.7882728129524187e-16
479.0,-1.0534660645812237e-13,-1.7881074609227764e-16
479.01,-1.0533560224228183e-13,-1.785864585939709e-16
479.02,-1.0532504473862252e-13,-1.7864138089590803e-16
479.03,-1.0531434554856575e-13,-1.7839939527092206e-16
479.04,-1.0530338322814199e-13,-1.7850929144521526e-16
479.05,-1.0529276554952744e-13,-1.7839413179642132e-16
479.06,-1.052819382181779e-13,-1.7840941090138716e-16
479.07,-1.0527165391920372e-13,-1.784020597098718e-16
479.08,-1.0526132744033363e-13,-1.7850943742123886e-16
479.09,-1.0525007707987836e-13,-1.7856727808749914e-16
479.1,-1.0523942313723853e-13,-1.7832795392986175e-16
479.11,-1.0522910811670984e-13,-1.7839637723499888e-16
479.12,-1.0521839364152242e-13,-1.7833850065491373e-16
479.13,-1.0520747104337176e-13,-1.7826228874559965e-16
479.14,-1.051968369320583e-13,-1.7814415726907003e-16
479.15,-1.0518672989541008e-13,-1.784281278774403e-16
479.16,-1.051760076644586e-13,-1.783597495845831e-16
479.17,-1.0516459504800729e-13,-1.7812630886088946e-16
479.18,-1.0515444783777019e-13,-1.7832386677892774e-16
479.19,-1.0514364231067658e-13,-1.781321660772855e-16
479.2,-1.0513276915045453e-13,-1.7807577151469244e-16
479.21,-1.0512238077187799e-13,-1.780582371317684e-16
479.22,-1.0511165531748808e-13,-1.7808759630787026e-16
479.23,-1.0510114624126403e-13,-1.7826321649852032e-16
479.24,-1.0509129400444443e-13,-1.785859204113543e-16
479.25,-1.05079784156619e-13,-1.7796688040721526e-16
479.26,-1.05068896548491e-13,-1.7793940973275995e-16
479.27,-1.0505847549920207e-13,-1.779164142904509e-16
479.28,-1.0504805002517459e-13,-1.778526017657597e-16
479.29,-1.0503720465738635e-13,-1.7791449128402818e-16
479.3,-1.0502668392498e-13,-1.7793539791267905e-16
479.31,-1.0501621801993279e-13,-1.7794001670612676e-16
479.32,-1.0500560356604649e-13,-1.77945094486624e-16
479.33,-1.0499429122723096e-13,-1.786934718242104e-16
479.34,-1.0498409852535619e-13,-1.77825333087118e-16
479.35,-1.0497335579730453e-13,-1.7778843594504665e-16
479.36,-1.0496291862075121e-13,-1.7786684499494054e-16
479.37,-1.049524387292524e-13,-1.7785416726797206e-16
479.38,-1.0494144745432704e-13,-1.7781739113649872e-16
479.39,-1.0493069533361483e-13,-1.776706428879704e-16
479.4,-1.0492270685258441e-13,-1.7845423389435028e-16
479.41,-1.0490945906415516e-13,-1.7751511299993196e-16
479.42,-1.0490251138336548e-13,-1.799026123423914e-16
479.43,-1.0488813277871941e-13,-1.7761645918848272e-16
479.44,-1.0487746705658941e-13,-1.7790531314495404e-16
479.45,-1.048672949033316e-13,-1.7751207321255175e-16
479.46,-1.0485645603986479e-13,-1.7753424486440482e-16
479.47,-1.0484597419626325e-13,-1.775963642631171e-16
479.48,-1.0483540857771522e-13,-1.7766937548137873e-16
479.49,-1.0482468346318073e-13,-1.7668960505314666e-16
479.5,-1.0481395865522227e-13,-1.7746737447456638e-16
479.51,-1.0480480857661091e-13,-1.7877113244991528e-16
479.52,-1.0479291695166835e-13,-1.7740677229639337e-16
479.53,-1.0478247864495057e-13,-1.7751289033599432e-16
479.54,-1.0477168137723471e-13,-1.7745977450044867e-16
479.55,-1.0476110818693131e-13,-1.773993603272612e-16
479.56,-1.0475037186525971e-13,-1.7737802657267568e-16
479.57,-1.0473999135065154e-13,-1.7734090662621018e-16
479.58,-1.0473003042372177e-13,-1.7753978006097349e-16
479.59,-1.0471868400112727e-13,-1.7741201218278955e-16
479.6,-1.0470946759008715e-13,-1.7758697074246415e-16
479.61,-1.0469776074442408e-13,-1.7749440199629355e-16
479.62,-1.0468662637929082e-13,-1.7720199580355976e-16
479.63,-1.046762412734891e-13,-1.7722377813919305e-16
479.64,-1.0466574643958405e-13,-1.7716768921878695e-16
479.65,-1.0465516985561465e-13,-1.7725978024320807e-16
479.66,-1.0464472940457988e-13,-1.7731771724466543e-16
479.67,-1.0463404919152312e-13,-1.7725187236950286e-16
479.68,-1.0462384760747141e-13,-1.7730358158278636e-16
479.69,-1.0461191446628926e-13,-1.7692651772892286e-16
479.7,-1.0460199553366308e-13,-1.770526898493815e-16
479.71,-1.0459170537151767e-13,-1.7705151659286213e-16
479.72,-1.0458085732552012e-13,-1.7696345846290355e-16
479.73,-1.045703206000137e-13,-1.7698001494772962e-16
479.74,-1.0455993401883425e-13,-1.770572844857339e-16
479.75,-1.045494178664498e-13,-1.7692299921793757e-16
479.76,-1.0453819428556082e-13,-1.7676314817485208e-16
479.77,-1.045281443227841e-13,-1.7696808708151372e-16
479.78,-1.0451779554985226e-13,-1.7681554693283585e-16
479.79,-1.0450679405017919e-13,-1.7699652378806801e-16
479.8,-1.044962234610041e-13,-1.7686149178357088e-16
479.81,-1.0448582994412671e-13,-1.7686498691774967e-16
479.82,-1.0447540324108429e-13,-1.7678880639863883e-16
479.83,-1.044645881417107e-13,-1.767996349143418e-16
479.84,-1.044541456264185e-13,-1.7684810367909805e-16
479.85,-1.0444308724297457e-13,-1.766104086238633e-16
479.86,-1.0443264289489351e-13,-1.7670766913398398e-16
479.87,-1.0442264265097563e-13,-1.7681364651108226e-16
479.88,-1.0441357401385353e-13,-1.7717502599161215e-16
479.89,-1.0440147803471427e-13,-1.7673682648159923e-16
479.9,-1.0439082388077994e-13,-1.769017067484922e-16
479.91,-1.0437945145081183e-13,-1.7589194521563452e-16
479.92,-1.0436950588550334e-13,-1.7646932716293944e-16
479.93,-1.0435902057071222e-13,-1.7666665965385457e-16
479.94,-1.0434851796965604e-13,-1.7673136900216949e-16
479.95,-1.0433773131544137e-13,-1.7654268890151675e-16
479.96,-1.0432758382835015e-13,-1.7661047811749225e-16
479.97,-1.0431652496747956e-13,-1.764923462396938e-16
479.98,-1.0430626377501116e-13,-1.7649943207257e-16
479.99,-1.0429579610326551e-13,-1.7655788992888632e-16
480.0,-1.0428506191055082e-13,-1.76410853870806e-16
480.01,-1.0427457874499277e-13,-1.7645419275001593e-16
480.02,-1.0426403858148467e-13,-1.7645589954902011e-16
480.03,-1.042539699134063e-13,-1.763056024563202e-16
480.04,-1.0424175168024409e-13,-1.7595480198613312e-16
480.05,-1.0423288210256112e-13,-1.7633287018313324e-16
480.06,-1.0422165191514197e-13,-1.7640900653265502e-16
480.07,-1.0421145449559742e-13,-1.7629605863310188e-16
480.08,-1.0420097631203933e-13,-1.7645033729853207e-16
480.09,-1.0419016670243742e-13,-1.762593079292769e-16
480.1,-1.0417956697475114e-13,-1.760603764850989e-16
480.11,-1.0416928371444437e-13,-1.7630929218166492e-16
480.12,-1.0415871687692198e-13,-1.758580506789352e-16
480.13,-1.0414698319232147e-13,-1.7556812878598278e-16
480.14,-1.0413734212846408e-13,-1.7606117987008622e-16
480.15,-1.0412688062742047e-13,-1.7618643702543566e-16
480.16,-1.041166598499915e-13,-1.7608714758471263e-16
480.17,-1.0410609337957325e-13,-1.7619424349107888e-16
480.18,-1.040954446299994e-13,-1.7609634249716674e-16
480.19,-1.0408492665842301e-13,-1.760590576323658e-16
480.2,-1.0407464924439521e-13,-1.7609305396997042e-16
480.21,-1.040636793989065e-13,-1.7632919547074628e-16
480.22,-1.040527146642206e-13,-1.758381661877457e-16
480.23,-1.0404280207228031e-13,-1.7600077619558202e-16
480.24,-1.0403259134229867e-13,-1.759840222652889e-16
480.25,-1.0402205288888062e-13,-1.7598034684225585e-16
480.26,-1.0401127009882638e-13,-1.758327026303042e-16
480.27,-1.0400110208107723e-13,-1.7598884663503212e-16
480.28,-1.0399047763151305e-13,-1.7594633750040742e-16
480.29,-1.03979989773801e-13,-1.7596270200586962e-16
480.3,-1.0396997931025636e-13,-1.7604634431832746e-16
480.31,-1.039585064051597e-13,-1.7582036723042088e-16
480.32,-1.0394843614511914e-13,-1.7589933061242258e-16
480.33,-1.0393815675810124e-13,-1.759950301536946e-16
480.34,-1.0392724037597927e-13,-1.7586545371562276e-16
480.35,-1.0391667426638807e-13,-1.7582010354004905e-16
480.36,-1.0390648504902212e-13,-1.7577888078921508e-16
480.37,-1.0389585469876219e-13,-1.7574921338268956e-16
480.38,-1.0388491482852138e-13,-1.756343747040785e-16
480.39,-1.0387414386710682e-13,-1.75388261723469e-16
480.4,-1.0386449660918945e-13,-1.7565037224088861e-16
480.41,-1.0385408009315478e-13,-1.7554296504955811e-16
480.42,-1.0384302398682475e-13,-1.7561006459550267e-16
480.43,-1.0383247981473789e-13,-1.7581771125616372e-16
480.44,-1.0382329680829519e-13,-1.7541311309408386e-16
480.45,-1.0381148937265479e-13,-1.7558604846032636e-16
480.46,-1.0380154305656406e-13,-1.7564395041210866e-16
480.47,-1.0379063071477783e-13,-1.7536090464311552e-16
480.48,-1.0378032392978511e-13,-1.7564766836318837e-16
480.49,-1.0377003406370835e-13,-1.7556220023957357e-16
480.5,-1.0375939870105068e-13,-1.753943705954628e-16
480.51,-1.0374903891043453e-13,-1.753231701031246e-16
480.52,-1.0373854851598008e-13,-1.7548714413579693e-16
480.53,-1.037278800481649e-13,-1.7544302277036038e-16
480.54,-1.037172925770567e-13,-1.7536286501638287e-16
480.55,-1.0370697513881024e-13,-1.7548678333573175e-16
480.56,-1.0369660829354204e-13,-1.7562272926938522e-16
480.57,-1.0368657430278926e-13,-1.7533428384593552e-16
480.58,-1.036753994119517e-13,-1.7514119597659262e-16
480.59,-1.0366491687029877e-13,-1.7514819865492646e-16
480.6,-1.0365447706694944e-13,-1.7526496554552826e-16
480.61,-1.0364409224011061e-13,-1.7520223090517826e-16
480.62,-1.0363390308072225e-13,-1.7533037135806126e-16
480.63,-1.0362330437696906e-13,-1.752112910169724e-16
480.64,-1.0361286773521182e-13,-1.7525493872561294e-16
480.65,-1.0360238864319083e-13,-1.7517637684587087e-16
480.66,-1.0359211203261154e-13,-1.7514719482667257e-16
480.67,-1.0358126074458559e-13,-1.751320766521039e-16
480.68,-1.0357112330805339e-13,-1.7513718672289459e-16
480.69,-1.0356044783348537e-13,-1.7511750126184182e-16
480.7,-1.0355008731397179e-13,-1.751168026105242e-16
480.71,-1.0353961844023761e-13,-1.7509888840307365e-16
480.72,-1.0352905964145143e-13,-1.7494134369585224e-16
480.73,-1.0351852107429404e-13,-1.749882969770578e-16
480.74,-1.0350829505366865e-13,-1.7505853038278141e-16
480.75,-1.0349771550552725e-13,-1.7495804221918558e-16
480.76,-1.0348708164681081e-13,-1.7491482360451377e-16
480.77,-1.0347696000618114e-13,-1.7500670864900087e-16
480.78,-1.0346637285660929e-13,-1.7497641024787582e-16
480.79,-1.0345600352583677e-13,-1.74925996020913e-16
480.8,-1.034453053465039e-13,-1.7490132252390364e-16
480.81,-1.0343487656680954e-13,-1.7477219301677992e-16
480.82,-1.0342502165113835e-13,-1.7499452599036542e-16
480.83,-1.0341381565802325e-13,-1.7479013095859804e-16
480.84,-1.0340358449260402e-13,-1.7477378273138058e-16
480.85,-1.0339311258339086e-13,-1.7471863851697722e-16
480.86,-1.0338294853654921e-13,-1.748775195155386e-16
480.87,-1.033724009392385e-13,-1.746790480320926e-16
480.88,-1.0336213478524315e-13,-1.7471253755358687e-16
480.89,-1.03351217361538e-13,-1.7454378583895935e-16
480.9,-1.0334111593045182e-13,-1.7475169471604014e-16
480.91,-1.0333059780573551e-13,-1.746661061853104e-16
480.92,-1.0332007274708562e-13,-1.7460239232088485e-16
480.93,-1.0330969746666972e-13,-1.7468288112574007e-16
480.94,-1.032995610189152e-13,-1.7455721500489918e-16
480.95,-1.032888867904118e-13,-1.7462620081431063e-16
480.96,-1.0327863099180087e-13,-1.744656377270332e-16
480.97,-1.0326784484040572e-13,-1.7453633311036507e-16
480.98,-1.0325737832251496e-13,-1.7455958837859528e-16
480.99,-1.0324738003768364e-13,-1.745222808101137e-16
481.0,-1.0323715218550529e-13,-1.7440955175413632e-16
481.01,-1.0322607282763076e-13,-1.7443461554894702e-16
481.02,-1.0321592945744415e-13,-1.7458225882262999e-16
481.03,-1.0320552669641522e-13,-1.7456756758060225e-16
481.04,-1.031949340096143e-13,-1.7430163214314984e-16
481.05,-1.0318533231593751e-13,-1.7451238185475264e-16
481.06,-1.0317315900426441e-13,-1.7448100549819546e-16
481.07,-1.0316372253000733e-13,-1.7435767782828613e-16
481.08,-1.0315327666609648e-13,-1.7416025366192154e-16
481.09,-1.0314310803607136e-13,-1.7435979282026027e-16
481.1,-1.0313293067721379e-13,-1.742485968259893e-16
481.11,-1.0312227871310493e-13,-1.7428088733458606e-16
481.12,-1.031120284655934e-13,-1.7426032610941484e-16
481.13,-1.031014712227478e-13,-1.742648413687866e-16
481.14,-1.0309096404703091e-13,-1.7412784316314507e-16
481.15,-1.0308050687600167e-13,-1.7413088694478275e-16
481.16,-1.0307025266834381e-13,-1.7416514357658714e-16
481.17,-1.0305960827425283e-13,-1.739267750106864e-16
481.18,-1.0304931006772934e-13,-1.7417276707021983e-16
481.19,-1.0303916867839095e-13,-1.7410549225878562e-16
481.2,-1.0302861084853788e-13,-1.7413683320231405e-16
481.21,-1.0301839090098309e-13,-1.7412061393655769e-16
481.22,-1.0300778726844274e-13,-1.7398843974230838e-16
481.23,-1.0299722389648075e-13,-1.7396259472550492e-16
481.24,-1.0298701614478293e-13,-1.741162201598804e-16
481.25,-1.029768120984866e-13,-1.7399441748759552e-16
481.26,-1.0296648861153476e-13,-1.7387079383741583e-16
481.27,-1.0295595775719585e-13,-1.7399451897609561e-16
481.28,-1.0294623710580794e-13,-1.7419511226703024e-16
481.29,-1.029360541444849e-13,-1.741843255356837e-16
481.3,-1.0292480585116997e-13,-1.7387676525692605e-16
481.31,-1.02914615759611e-13,-1.739934206920784e-16
481.32,-1.0290407632608717e-13,-1.738882609235525e-16
481.33,-1.0289332317253743e-13,-1.7379273719345892e-16
481.34,-1.0288328444206502e-13,-1.737895957577556e-16
481.35,-1.0287267709230726e-13,-1.736995937328823e-16
481.36,-1.028621977395242e-13,-1.7366040200153935e-16
481.37,-1.0285204507437643e-13,-1.7437341958675074e-16
481.38,-1.0284103878082805e-13,-1.7358188720598312e-16
481.39,-1.0283138103492262e-13,-1.7370738787030385e-16
481.4,-1.0282082756310835e-13,-1.736098323131788e-16
481.41,-1.0281072314063554e-13,-1.7365015180889737e-16
481.42,-1.0280044617277876e-13,-1.7364010100619115e-16
481.43,-1.0279000970761014e-13,-1.7357884285627617e-16
481.44,-1.0277950690776546e-13,-1.7349300139518284e-16
481.45,-1.0276967189178067e-13,-1.7363720400008686e-16
481.46,-1.0275977129767489e-13,-1.7404899305849557e-16
481.47,-1.0274845053635018e-13,-1.7343763742223702e-16
481.48,-1.0273785030924578e-13,-1.7348521156455558e-16
481.49,-1.0272813450327116e-13,-1.7347518549004194e-16
481.5,-1.027176341097896e-13,-1.7354593814831382e-16
481.51,-1.0270698096347591e-13,-1.7340911661563087e-16
481.52,-1.0269668461913416e-13,-1.7345267732884368e-16
481.53,-1.0268640859972009e-13,-1.735232962604553e-16
481.54,-1.0267635498237001e-13,-1.7352489351477646e-16
481.55,-1.026657552442449e-13,-1.7352258248454085e-16
481.56,-1.026550779463981e-13,-1.7313970856179067e-16
481.57,-1.0264486439953446e-13,-1.7336704429071126e-16
481.58,-1.026345709875687e-13,-1.733213110374108e-16
481.59,-1.026239346602539e-13,-1.7380757490572392e-16
481.6,-1.0261398291846446e-13,-1.7332809032406029e-16
481.61,-1.0260377038906875e-13,-1.7337005606562929e-16
481.62,-1.0259258300699438e-13,-1.7243966432099107e-16
481.63,-1.0258242945451015e-13,-1.7315586161463317e-16
481.64,-1.0257210217542385e-13,-1.731696561715329e-16
481.65,-1.0256230762715207e-13,-1.7339912456260663e-16
481.66,-1.0255212704938473e-13,-1.733121745548611e-16
481.67,-1.0254156978835313e-13,-1.7304856008839535e-16
481.68,-1.0253123939960535e-13,-1.7317370083273038e-16
481.69,-1.0252071411752903e-13,-1.7310619757386138e-16
481.7,-1.0251060508420969e-13,-1.7313017012963507e-16
481.71,-1.0249974105938794e-13,-1.7302606560614654e-16
481.72,-1.0248901291077268e-13,-1.7294781997549086e-16
481.73,-1.0247915582553226e-13,-1.7294743418419668e-16
481.74,-1.0246969781857148e-13,-1.7313115360310557e-16
481.75,-1.0245867985871736e-13,-1.7293436457396735e-16
481.76,-1.0244830529074984e-13,-1.7294458261270514e-16
481.77,-1.02438351799636e-13,-1.7295708512407928e-16
481.78,-1.0242785031129545e-13,-1.7296743004789618e-16
481.79,-1.0241744708162139e-13,-1.7283517176833984e-16
481.8,-1.024070647064298e-13,-1.7290286005466898e-16
481.81,-1.0239719371735011e-13,-1.729346389020447e-16
481.82,-1.023863280551081e-13,-1.7292378102117698e-16
481.83,-1.0237621774264467e-13,-1.7273987598936094e-16
481.84,-1.0236592625290132e-13,-1.728577048590233e-16
481.85,-1.023556487669963e-13,-1.728277889566289e-16
481.86,-1.0234521072026738e-13,-1.7269128479811224e-16
481.87,-1.023346904569847e-13,-1.7265123897143173e-16
481.88,-1.0232450254403873e-13,-1.725971006415218e-16
481.89,-1.0231445263247023e-13,-1.7282070722609469e-16
481.9,-1.023042160977554e-13,-1.7234038100409402e-16
481.91,-1.0229374479022169e-13,-1.7265321102204375e-16
481.92,-1.0228300408668839e-13,-1.726693443378041e-16
481.93,-1.0227351012873311e-13,-1.726571332566171e-16
481.94,-1.0226303028437886e-13,-1.7266399560657564e-16
481.95,-1.0225227002227314e-13,-1.7254810005349661e-16
481.96,-1.0224232417864247e-13,-1.7264249273455002e-16
481.97,-1.0223193225589955e-13,-1.7247490056142033e-16
481.98,-1.022216792259737e-13,-1.7256282847871736e-16
481.99,-1.0221534128423635e-13,-1.7234767878722647e-16
482.0,-1.0220150027637356e-13,-1.7260218749875188e-16
482.01,-1.0218861468005361e-13,-1.7193669524021403e-16
482.02,-1.0218065313692899e-13,-1.725567579780568e-16
482.03,-1.021701893177038e-13,-1.7245259051947321e-16
482.04,-1.0216020761753419e-13,-1.7256384279130467e-16
482.05,-1.0214968805084294e-13,-1.7244944633676346e-16
482.06,-1.021400352283787e-13,-1.7277047439187037e-16
482.07,-1.0212879160485343e-13,-1.7222762844887577e-16
482.08,-1.0212140252415962e-13,-1.7166228286953945e-16
482.09,-1.021084622158773e-13,-1.7230584544936802e-16
482.1,-1.02099461317932e-13,-1.7211501492264848e-16
482.11,-1.020877823733605e-13,-1.7220018406753516e-16
482.12,-1.0207745287953822e-13,-1.7219250639747416e-16
482.13,-1.0206726431813021e-13,-1.723540682042001e-16
482.14,-1.0205705551942328e-13,-1.7224811300747413e-16
482.15,-1.0204679947973908e-13,-1.7215653613258844e-16
482.16,-1.0203640601716764e-13,-1.7211802389790007e-16
482.17,-1.0202800878755427e-13,-1.7341281361581646e-16
482.18,-1.0201591088300142e-13,-1.7226479895495239e-16
482.19,-1.0200527904749182e-13,-1.7195247661660458e-16
482.2,-1.0199547284566783e-13,-1.7205501928392427e-16
482.21,-1.0198508394071423e-13,-1.7182918465554127e-16
482.22,-1.0197495774360925e-13,-1.7209092424309541e-16
482.23,-1.019646696791711e-13,-1.720951775852876e-16
482.24,-1.0195441098295651e-13,-1.72147579959957e-16
482.25,-1.0194399599748451e-13,-1.7199913942300627e-16
482.26,-1.0193300933279018e-13,-1.718426685992861e-16
482.27,-1.0192402475736966e-13,-1.7214523114580993e-16
482.28,-1.0191293434644315e-13,-1.7190305763563976e-16
482.29,-1.0190304361365571e-13,-1.7192141903194055e-16
482.3,-1.0189295197992973e-13,-1.7208501233012234e-16
482.31,-1.0188220294312903e-13,-1.7186281673463828e-16
482.32,-1.0187240793138819e-13,-1.718381526334811e-16
482.33,-1.0186184748729976e-13,-1.7180011850298505e-16
482.34,-1.0185150179285388e-13,-1.7172809983347862e-16
482.35,-1.0184124172228827e-13,-1.7165316185216483e-16
482.36,-1.0183106845417202e-13,-1.7176208425782198e-16
482.37,-1.0182124717809147e-13,-1.7180895605657029e-16
482.38,-1.01810725144484e-13,-1.717986919102255e-16
482.39,-1.0180032684932105e-13,-1.71671641871593e-16
482.4,-1.0179020016164102e-13,-1.7169171406931773e-16
482.41,-1.0178132464339079e-13,-1.7176893045881592e-16
482.42,-1.0176977122699474e-13,-1.718216484850129e-16
482.43,-1.0175949150115072e-13,-1.7173548920122208e-16
482.44,-1.0174927104282176e-13,-1.717293576737315e-16
482.45,-1.0173886828660769e-13,-1.7162294851911326e-16
482.46,-1.0172861153206355e-13,-1.7159519546263568e-16
482.47,-1.0171853286547696e-13,-1.7157231419895395e-16
482.48,-1.017086391668685e-13,-1.7168065531482e-16
482.49,-1.0169794502280737e-13,-1.7160055688609779e-16
482.5,-1.0168757585548101e-13,-1.7147237234195738e-16
482.51,-1.0167734975210316e-13,-1.714361106975698e-16
482.52,-1.0166719432947805e-13,-1.7134887393597262e-16
482.53,-1.0165755395478713e-13,-1.716323044399013e-16
482.54,-1.0164733067669668e-13,-1.7160852660220402e-16
482.55,-1.0163694897195969e-13,-1.7141879730095506e-16
482.56,-1.0162634876084371e-13,-1.7131587699989457e-16
482.57,-1.0161607825851858e-13,-1.713691828440054e-16
482.58,-1.0160589005117258e-13,-1.7155175080274451e-16
482.59,-1.0159529011790332e-13,-1.71073472093069e-16
482.6,-1.0158573060361425e-13,-1.7141130615165882e-16
482.61,-1.0157500875008234e-13,-1.7117106529824278e-16
482.62,-1.0156542611996919e-13,-1.7144236181765748e-16
482.63,-1.0155489214724015e-13,-1.71311082615782e-16
482.64,-1.0154444398786e-13,-1.713074148218597e-16
482.65,-1.0153431628257377e-13,-1.7117532272263453e-16
482.66,-1.0152419754870758e-13,-1.712602551593196e-16
482.67,-1.0151378695923166e-13,-1.711519397191303e-16
482.68,-1.0150375959567245e-13,-1.712351614300901e-16
482.69,-1.0149345514529012e-13,-1.711104657129142e-16
482.7,-1.0148358206317883e-13,-1.7126442935149553e-16
482.71,-1.0147287713287703e-13,-1.7101532526763267e-16
482.72,-1.0146266129941352e-13,-1.7090611909117863e-16
482.73,-1.0145254100138533e-13,-1.7102160647406312e-16
482.74,-1.0144264088247247e-13,-1.7110400599240157e-16
482.75,-1.0143219024700577e-13,-1.7098056263015457e-16
482.76,-1.0142184017255244e-13,-1.7090430672858383e-16
482.77,-1.0141185467717827e-13,-1.710250802207968e-16
482.78,-1.0140157074493841e-13,-1.7096412414035425e-16
482.79,-1.0139166480177859e-13,-1.7106174391642403e-16
482.8,-1.0138104281392681e-13,-1.7086851601873596e-16
482.81,-1.0137104799808216e-13,-1.7097837604104962e-16
482.82,-1.0136119641056533e-13,-1.7075888113312579e-16
482.83,-1.0135149567639977e-13,-1.7137450959154647e-16
482.84,-1.0134068051693732e-13,-1.7080951054893201e-16
482.85,-1.0133070147948946e-13,-1.7100892295265668e-16
482.86,-1.0131999133352196e-13,-1.7078067167884075e-16
482.87,-1.0130992368078539e-13,-1.7078283269337606e-16
482.88,-1.0129961955919794e-13,-1.7074803210492283e-16
482.89,-1.01289490446659e-13,-1.706538752207906e-16
482.9,-1.0127919513226597e-13,-1.7063535426772753e-16
482.91,-1.0126908424450251e-13,-1.7076903844374717e-16
482.92,-1.0125863347743306e-13,-1.7064276750635947e-16
482.93,-1.0124904468215518e-13,-1.706518167629625e-16
482.94,-1.0123820494901985e-13,-1.705922007312792e-16
482.95,-1.0122858801478285e-13,-1.7062754722348305e-16
482.96,-1.012183839745224e-13,-1.7073878341546614e-16
482.97,-1.0120831270139527e-13,-1.706611087277106e-16
482.98,-1.0119806495704097e-13,-1.7061336491067798e-16
482.99,-1.0118747427363093e-13,-1.7045187770980926e-16
483.0,-1.0117762136037185e-13,-1.7064640438335988e-16
483.01,-1.0116789291603767e-13,-1.7062519059868005e-16
483.02,-1.0115741751889515e-13,-1.7055465560900876e-16
483.03,-1.0114737580051233e-13,-1.707924832947868e-16
483.04,-1.011368041063533e-13,-1.704290848378339e-16
483.05,-1.0112708188230801e-13,-1.7038925798321951e-16
483.06,-1.0111654430601032e-13,-1.7039436548907552e-16
483.07,-1.011069523339429e-13,-1.70558215495051e-16
483.08,-1.0109597961995236e-13,-1.7045435617302472e-16
483.09,-1.0108611447703744e-13,-1.705571569224312e-16
483.1,-1.0107594264641027e-13,-1.7036366893117776e-16
483.11,-1.010656363129933e-13,-1.7032897602666814e-16
483.12,-1.0105554487806576e-13,-1.7018701398718958e-16
483.13,-1.0104530868646586e-13,-1.7022705282089158e-16
483.14,-1.0103614428050281e-13,-1.7036462230013778e-16
483.15,-1.0102532317164962e-13,-1.7027632380066262e-16
483.16,-1.0101531567088654e-13,-1.7031734710218667e-16
483.17,-1.0100542597477258e-13,-1.7021641174592275e-16
483.18,-1.0099474037373953e-13,-1.7013663835905097e-16
483.19,-1.00984501141762e-13,-1.701496350031224e-16
483.2,-1.0097453211379865e-13,-1.7025703459970276e-16
483.21,-1.0096433498085892e-13,-1.702001934572718e-16
483.22,-1.0095410986805341e-13,-1.701354104279401e-16
483.23,-1.0094396873798096e-13,-1.7005593656930308e-16
483.24,-1.0093380170234234e-13,-1.7008157146170254e-16
483.25,-1.0092313249136437e-13,-1.7008177053370392e-16
483.26,-1.0091320176879441e-13,-1.6984446493515938e-16
483.27,-1.009057958211673e-13,-1.716742351200784e-16
483.28,-1.0089318817001104e-13,-1.699847205682137e-16
483.29,-1.0088295545156899e-13,-1.6999322475730612e-16
483.3,-1.0087272779927411e-13,-1.697973954259328e-16
483.31,-1.0086252140521188e-13,-1.6984030340664906e-16
483.32,-1.0085253649680028e-13,-1.6983986824256748e-16
483.33,-1.0084275842145685e-13,-1.6996889460608877e-16
483.34,-1.0083482033939192e-13,-1.6948975804181323e-16
483.35,-1.008220602402854e-13,-1.6949172669230371e-16
483.36,-1.008155480742957e-13,-1.6888795524099742e-16
483.37,-1.0080208284921679e-13,-1.698166233628296e-16
483.38,-1.0079185559435328e-13,-1.6967412408900856e-16
483.39,-1.007816423704734e-13,-1.696672848052944e-16
483.4,-1.0077185578486384e-13,-1.6961934805535776e-16
483.41,-1.0076141796454313e-13,-1.6973498305751972e-16
483.42,-1.0075135991172315e-13,-1.6975973599457004e-16
483.43,-1.0074158130152083e-13,-1.6988485151886857e-16
483.44,-1.0073079477837053e-13,-1.6961516826872002e-16
483.45,-1.0072386538395076e-13,-1.6963211992805408e-16
483.46,-1.0071059508642959e-13,-1.694796903074839e-16
483.47,-1.007008371833484e-13,-1.695781109982626e-16
483.48,-1.0069066483457906e-13,-1.6955165426843319e-16
483.49,-1.0068068332334208e-13,-1.6962033367656444e-16
483.5,-1.0067042436621609e-13,-1.695261048780252e-16
483.51,-1.006604111171172e-13,-1.6945731948383888e-16
483.52,-1.0064992308721698e-13,-1.6944358400693068e-16
483.53,-1.0064007203719229e-13,-1.6950953319382513e-16
483.54,-1.00630867027033e-13,-1.6945941859343944e-16
483.55,-1.0061992638704552e-13,-1.6950468143445534e-16
483.56,-1.0060991474783611e-13,-1.6948123756407566e-16
483.57,-1.005995562907096e-13,-1.693337500365491e-16
483.58,-1.0058945056201291e-13,-1.6945483333529815e-16
483.59,-1.005795814827322e-13,-1.6941531963415481e-16
483.6,-1.0056930031693538e-13,-1.6937742766499538e-16
483.61,-1.0055903450657546e-13,-1.6915241007527245e-16
483.62,-1.005493367406394e-13,-1.693731639161432e-16
483.63,-1.0053885679689621e-13,-1.6933619074060333e-16
483.64,-1.0052898351258907e-13,-1.6921751754297154e-16
483.65,-1.0051896742858656e-13,-1.691489009873909e-16
483.66,-1.0050881944651885e-13,-1.6924087558671111e-16
483.67,-1.0049845948661712e-13,-1.692091695505414e-16
483.68,-1.0048839171789194e-13,-1.6917667799164048e-16
483.69,-1.0047848873135043e-13,-1.691888429124289e-16
483.7,-1.0046853057906587e-13,-1.6916325266908736e-16
483.71,-1.0045862401563231e-13,-1.6911375181808804e-16
483.72,-1.0044870634618408e-13,-1.69351474812061e-16
483.73,-1.0043829859170858e-13,-1.6897048716291478e-16
483.74,-1.0042814172034706e-13,-1.6910391208963977e-16
483.75,-1.0041800696410917e-13,-1.6900796362503164e-16
483.76,-1.0040918691129171e-13,-1.6953890505702623e-16
483.77,-1.0039785211244103e-13,-1.6904377733332428e-16
483.78,-1.003878687447737e-13,-1.690867893314032e-16
483.79,-1.0037783985439411e-13,-1.6815310521907822e-16
483.8,-1.0036804568774129e-13,-1.6900863678840527e-16
483.81,-1.0035733361778707e-13,-1.6877849482847628e-16
483.82,-1.0034752033857225e-13,-1.690879203799168e-16
483.83,-1.0033747382607804e-13,-1.6887380678038e-16
483.84,-1.0032730781622124e-13,-1.6890058622936102e-16
483.85,-1.0031743432734543e-13,-1.6880585425772696e-16
483.86,-1.0030707725816703e-13,-1.6892368482330314e-16
483.87,-1.0029696921917268e-13,-1.6871203682584143e-16
483.88,-1.0028743783599823e-13,-1.6877698043590817e-16
483.89,-1.002772312054763e-13,-1.6896592017422275e-16
483.9,-1.0026738724197106e-13,-1.6880204194883147e-16
483.91,-1.002566245597322e-13,-1.686863815196794e-16
483.92,-1.0024668452686293e-13,-1.6866389001403445e-16
483.93,-1.002367991273709e-13,-1.6874301008256766e-16
483.94,-1.0022676091393135e-13,-1.6867120987458903e-16
483.95,-1.0021676693622718e-13,-1.6854848681295638e-16
483.96,-1.0020646628333497e-13,-1.6859598620354965e-16
483.97,-1.0019714082111371e-13,-1.688958929389305e-16
483.98,-1.0018555615621403e-13,-1.6770886651395707e-16
483.99,-1.0017648146756982e-13,-1.6864555764389994e-16
484.0,-1.0016628511800229e-13,-1.684605788271884e-16
484.01,-1.0015645285159087e-13,-1.6857634400791456e-16
484.02,-1.001462018946884e-13,-1.6844394869123002e-16
484.03,-1.0013598461851084e-13,-1.6838640263371165e-16
484.04,-1.0012601344777935e-13,-1.6837327365017482e-16
484.05,-1.0011610850993408e-13,-1.683943687954027e-16
484.06,-1.0010579220594619e-13,-1.6841609923346713e-16
484.07,-1.0009784744985737e-13,-1.6847435025820631e-16
484.08,-1.000857267590981e-13,-1.683567551646394e-16
484.09,-1.0007577002695023e-13,-1.6847392090027956e-16
484.1,-1.0006607147065372e-13,-1.683360767411875e-16
484.11,-1.0005571092356746e-13,-1.6825855562894513e-16
484.12,-1.0004581992263952e-13,-1.6833944659983868e-16
484.13,-1.0003569334894942e-13,-1.6826782503100962e-16
484.14,-1.0002562766832483e-13,-1.6828969984831625e-16
484.15,-1.0001509740984948e-13,-1.6806473448331213e-16
484.16,-1.0000608204632777e-13,-1.681802288166522e-16
484.17,-9.999547704384773e-14,-1.6832314595181062e-16
484.18,-9.998593335760203e-14,-1.6830614951255865e-16
484.19,-9.99756316449278e-14,-1.6817119015352036e-16
484.2,-9.996532125594213e-14,-1.6796517717049036e-16
484.21,-9.995636731883771e-14,-1.6818996141026852e-16
484.22,-9.994558252082127e-14,-1.68092673447461e-16
484.23,-9.993530087017656e-14,-1.6797725254750426e-16
484.24,-9.992566244764348e-14,-1.6840585055084929e-16
484.25,-9.99152939872844e-14,-1.6802523159720666e-16
484.26,-9.990560853177494e-14,-1.6809130878636109e-16
484.27,-9.989523316599701e-14,-1.6783614103328175e-16
484.28,-9.988510535460132e-14,-1.67877327105405e-16
484.29,-9.987547219344127e-14,-1.6811264358637834e-16
484.3,-9.986534841013352e-14,-1.6788811355370434e-16
484.31,-9.985506431552556e-14,-1.6770213936974523e-16
484.32,-9.98451344720265e-14,-1.6789214974283685e-16
484.33,-9.983552906771727e-14,-1.6814270173239053e-16
484.34,-9.982480591159737e-14,-1.677303541128848e-16
484.35,-9.981517556862934e-14,-1.6783519996121076e-16
484.36,-9.9805359701559e-14,-1.677321653656711e-16
484.37,-9.97949904423147e-14,-1.677988667476021e-16
484.38,-9.97853737758005e-14,-1.6784387208539569e-16
484.39,-9.977528507460361e-14,-1.6777333153838788e-16
484.4,-9.976535781126396e-14,-1.6773828011227762e-16
484.41,-9.975546134245199e-14,-1.6767293412948224e-16
484.42,-9.974513993668539e-14,-1.675571469299181e-16
484.43,-9.973515955416687e-14,-1.6756253920421385e-16
484.44,-9.972528055760725e-14,-1.6767810058644456e-16
484.45,-9.97149455393043e-14,-1.6756791470723598e-16
484.46,-9.970495466394792e-14,-1.674825605562164e-16
484.47,-9.969526346107876e-14,-1.675205008522049e-16
484.48,-9.968512109413274e-14,-1.674670253864349e-16
484.49,-9.967516244776887e-14,-1.6739587383994355e-16
484.5,-9.966504207545956e-14,-1.6751553964320326e-16
484.51,-9.965549950113694e-14,-1.6772483579501603e-16
484.52,-9.964527554872937e-14,-1.675959861076129e-16
484.53,-9.963526314819799e-14,-1.6743246482836812e-16
484.54,-9.9625292203826e-14,-1.674373506582011e-16
484.55,-9.961490278771979e-14,-1.6733267642010583e-16
484.56,-9.960518281073698e-14,-1.6739191778359362e-16
484.57,-9.959548442740797e-14,-1.6734077227404648e-16
484.58,-9.95855079905142e-14,-1.6735878039157157e-16
484.59,-9.957541319398236e-14,-1.6731605520671833e-16
484.6,-9.956527588996345e-14,-1.673032008414152e-16
484.61,-9.95556089701827e-14,-1.6735704394132745e-16
484.62,-9.954539921399569e-14,-1.6727310293029245e-16
484.63,-9.953542525875869e-14,-1.6722374558043057e-16
484.64,-9.952550308447538e-14,-1.672767807476419e-16
484.65,-9.951552413587471e-14,-1.6718985278322117e-16
484.66,-9.9505351306473e-14,-1.6715232823519447e-16
484.67,-9.94954866285338e-14,-1.671698796538767e-16
484.68,-9.94857278074599e-14,-1.6711043446793318e-16
484.69,-9.947544351912774e-14,-1.6710265239135242e-16
484.7,-9.946559064413182e-14,-1.6707342828697764e-16
484.71,-9.945597633480911e-14,-1.6715173508835663e-16
484.72,-9.944577324963751e-14,-1.6703016901645214e-16
484.73,-9.943576413367344e-14,-1.6705427843518123e-16
484.74,-9.942557623826053e-14,-1.670539016630889e-16
484.75,-9.941565956033658e-14,-1.6688384971431307e-16
484.76,-9.940588826941756e-14,-1.6707078095579857e-16
484.77,-9.939592477630589e-14,-1.6682829713461003e-16
484.78,-9.938579488448459e-14,-1.6673783177429157e-16
484.79,-9.937597925731629e-14,-1.6692440664770524e-16
484.8,-9.9366390206693e-14,-1.670641238220731e-16
484.81,-9.935602279649237e-14,-1.668127156364447e-16
484.82,-9.934607163315127e-14,-1.6685312548189836e-16
484.83,-9.933587237549193e-14,-1.6677422899870642e-16
484.84,-9.932599233755586e-14,-1.6692405476007387e-16
484.85,-9.931643642082162e-14,-1.6687903040466473e-16
484.86,-9.930657172068976e-14,-1.6676010370728363e-16
484.87,-9.92968146363637e-14,-1.6683045521572265e-16
484.88,-9.92863272259544e-14,-1.6668823907485484e-16
484.89,-9.92763738070579e-14,-1.6669459075359948e-16
484.9,-9.926665050132348e-14,-1.667087634137035e-16
484.91,-9.925665479795262e-14,-1.6658169830682029e-16
484.92,-9.92469803746828e-14,-1.6628324881071204e-16
484.93,-9.923680539093378e-14,-1.6670951981495388e-16
484.94,-9.922676143559896e-14,-1.664608914749326e-16
484.95,-9.921700231873447e-14,-1.6671642147596253e-16
484.96,-9.920683922065397e-14,-1.664764696162892e-16
484.97,-9.919697986643062e-14,-1.6640997572721266e-16
484.98,-9.91869928115981e-14,-1.6661832896938536e-16
484.99,-9.917697509815545e-14,-1.6655541936541887e-16
485.0,-9.916734824571133e-14,-1.6682980022832687e-16
485.01,-9.915729191451474e-14,-1.664609352472023e-16
485.02,-9.914747362994584e-14,-1.664558265553125e-16
485.03,-9.913708735091953e-14,-1.6648399397729646e-16
485.04,-9.912715784983112e-14,-1.6640791705637508e-16
485.05,-9.911767130650998e-14,-1.663005466099752e-16
485.06,-9.91074246246097e-14,-1.663313872638046e-16
485.07,-9.909748743680831e-14,-1.663932451613509e-16
485.08,-9.908722239571948e-14,-1.661001308507513e-16
485.09,-9.907783737860113e-14,-1.6628788792023808e-16
485.1,-9.906791163534261e-14,-1.662167582035354e-16
485.11,-9.905828499180314e-14,-1.6660615109161543e-16
485.12,-9.904800544260494e-14,-1.6627376083429577e-16
485.13,-9.903773992595212e-14,-1.6591920435015139e-16
485.14,-9.90283591886075e-14,-1.6612643377968301e-16
485.15,-9.901830010632527e-14,-1.661713862686057e-16
485.16,-9.900825706411007e-14,-1.661084114734601e-16
485.17,-9.899847388074466e-14,-1.6618555742381988e-16
485.18,-9.898845267430129e-14,-1.660952584755364e-16
485.19,-9.897825220802396e-14,-1.6614370037818714e-16
485.2,-9.896859746373484e-14,-1.661057961231973e-16
485.21,-9.895880466929498e-14,-1.6611557209755658e-16
485.22,-9.894805994005699e-14,-1.6596939495385777e-16
485.23,-9.893887601867767e-14,-1.6589678380353026e-16
485.24,-9.892902671372041e-14,-1.6599057448876726e-16
485.25,-9.891928141593933e-14,-1.6598006042934255e-16
485.26,-9.890940431551835e-14,-1.6593731100603437e-16
485.27,-9.88995146935131e-14,-1.6608474841853148e-16
485.28,-9.888948747296946e-14,-1.659309716967178e-16
485.29,-9.88795840706382e-14,-1.6586095743578487e-16
485.3,-9.88701254503098e-14,-1.6595755293547756e-16
485.31,-9.886179643544972e-14,-1.6675554434980875e-16
485.32,-9.88490854767407e-14,-1.6632592573851063e-16
485.33,-9.8840089584655e-14,-1.657826084129718e-16
485.34,-9.883045466648089e-14,-1.6578240583052628e-16
485.35,-9.881985637264406e-14,-1.6558736377111613e-16
485.36,-9.881023131887351e-14,-1.6564526888631347e-16
485.37,-9.88004446933649e-14,-1.6566131964811821e-16
485.38,-9.879043637287549e-14,-1.6568085840170059e-16
485.39,-9.878094639227791e-14,-1.6578887181125418e-16
485.4,-9.877017284692232e-14,-1.6557785266144567e-16
485.41,-9.876108253852422e-14,-1.6557975570145212e-16
485.42,-9.875138265421012e-14,-1.655535441850651e-16
485.43,-9.874084433314586e-14,-1.65419839073686e-16
485.44,-9.873102148606856e-14,-1.6559655665115936e-16
485.45,-9.872146565235847e-14,-1.656658196754668e-16
485.46,-9.871147300890381e-14,-1.6554070870994043e-16
485.47,-9.870160427062777e-14,-1.6547212198003579e-16
485.48,-9.869198663160996e-14,-1.6547030957728775e-16
485.49,-9.868129834864911e-14,-1.6535509205283544e-16
485.5,-9.867156230107258e-14,-1.656779832066907e-16
485.51,-9.86619851414125e-14,-1.6556197072508159e-16
485.52,-9.865216192910092e-14,-1.6542282821403959e-16
485.53,-9.864276571588503e-14,-1.649373717139127e-16
485.54,-9.863246123857144e-14,-1.652892691503017e-16
485.55,-9.862267819888498e-14,-1.6529364126649203e-16
485.56,-9.861314684357742e-14,-1.6564302686233897e-16
485.57,-9.860248907394054e-14,-1.6503825767237578e-16
485.58,-9.85929988069152e-14,-1.6516737739067242e-16
485.59,-9.858365930385534e-14,-1.6550149820519247e-16
485.6,-9.85738789638396e-14,-1.655574075677961e-16
485.61,-9.856347794934052e-14,-1.6519635049453924e-16
485.62,-9.855330077428159e-14,-1.651123076757532e-16
485.63,-9.85437651897072e-14,-1.6512132423355312e-16
485.64,-9.853410249809247e-14,-1.6519633226287349e-16
485.65,-9.852387597049127e-14,-1.6522313972194697e-16
485.66,-9.851372797307573e-14,-1.6501433937531163e-16
485.67,-9.850439442182848e-14,-1.6514184439238632e-16
485.68,-9.849493585100491e-14,-1.6523345888701606e-16
485.69,-9.848559984021148e-14,-1.6525394840815677e-16
485.7,-9.84747657265177e-14,-1.6499441777781264e-16
485.71,-9.846483865416324e-14,-1.6502402210666627e-16
485.72,-9.845513844797015e-14,-1.6504511984566016e-16
485.73,-9.844536331737831e-14,-1.6499393662052787e-16
485.74,-9.843521120315292e-14,-1.6495071453095735e-16
485.75,-9.842636580479511e-14,-1.6513131340160177e-16
485.76,-9.841605041074626e-14,-1.6497461258935332e-16
485.77,-9.840624233114095e-14,-1.649771153270958e-16
485.78,-9.83958919059412e-14,-1.648735248825784e-16
485.79,-9.838597441121657e-14,-1.648118634578698e-16
485.8,-9.837634669554225e-14,-1.648305517549174e-16
485.81,-9.836641564900404e-14,-1.6478957314062976e-16
485.82,-9.835666595519903e-14,-1.6480895512908562e-16
485.83,-9.834694663962147e-14,-1.646933543953883e-16
485.84,-9.833546523942533e-14,-1.6351934250544214e-16
485.85,-9.832730052525139e-14,-1.6471212222515835e-16
485.86,-9.831759959330469e-14,-1.6487867931371884e-16
485.87,-9.830755540151816e-14,-1.6470740047452445e-16
485.88,-9.829766965236997e-14,-1.6481977212832012e-16
485.89,-9.828808478300543e-14,-1.6479961741468657e-16
485.9,-9.827803682634057e-14,-1.6447919088053496e-16
485.91,-9.826829455355705e-14,-1.64542072741e-16
485.92,-9.825832460615632e-14,-1.6460680499152353e-16
485.93,-9.825410013580267e-14,-1.6547287854347883e-16
485.94,-9.824030719504252e-14,-1.6433109844707135e-16
485.95,-9.822786808185316e-14,-1.6337017855949167e-16
485.96,-9.821888043627806e-14,-1.6443040127184811e-16
485.97,-9.820937701319406e-14,-1.6458369227075902e-16
485.98,-9.819956731437527e-14,-1.6440665942670234e-16
485.99,-9.818946874615389e-14,-1.6441502731551102e-16
486.0,-9.817975598439129e-14,-1.6439542362259574e-16
486.01,-9.817028475924532e-14,-1.6435959880147317e-16
486.02,-9.81612506177136e-14,-1.640104770982123e-16
486.03,-9.815013078326697e-14,-1.6428869418079422e-16
486.04,-9.814247193887219e-14,-1.647156067841653e-16
486.05,-9.813077531777838e-14,-1.6429457305214792e-16
486.06,-9.812091869811734e-14,-1.6433762242036275e-16
486.07,-9.811135834542321e-14,-1.6436160791508187e-16
486.08,-9.810133259540826e-14,-1.6433090595242982e-16
486.09,-9.809141468277864e-14,-1.641761299332246e-16
486.1,-9.808175095301863e-14,-1.6426460499678385e-16
486.11,-9.807269028945988e-14,-1.6481555904953332e-16
486.12,-9.806218532873272e-14,-1.6409124634536043e-16
486.13,-9.805286670362632e-14,-1.641741601784549e-16
486.14,-9.804250612818604e-14,-1.6405414447310737e-16
486.15,-9.803268802561125e-14,-1.6380498082596622e-16
486.16,-9.802289717292506e-14,-1.6409556494047552e-16
486.17,-9.80134094168678e-14,-1.6401638703867516e-16
486.18,-9.80037291933637e-14,-1.6445076413237276e-16
486.19,-9.799406215511797e-14,-1.6416304812379046e-16
486.2,-9.798306465632828e-14,-1.6386202525095676e-16
486.21,-9.797381569769527e-14,-1.638345633058103e-16
486.22,-9.796448299860133e-14,-1.6407722953818088e-16
486.23,-9.795443639499753e-14,-1.6394787619729255e-16
486.24,-9.794475483792995e-14,-1.6383141471059142e-16
486.25,-9.793485749100404e-14,-1.6389147442002258e-16
486.26,-9.792533768928222e-14,-1.6386393430644138e-16
486.27,-9.791515884184517e-14,-1.638769977977158e-16
486.28,-9.790529899726876e-14,-1.637949657910852e-16
486.29,-9.789527688128003e-14,-1.6365486065543814e-16
486.3,-9.788556578322943e-14,-1.6375938870779151e-16
486.31,-9.787583886102873e-14,-1.6365519576113228e-16
486.32,-9.786626745238507e-14,-1.637737956790161e-16
486.33,-9.785626247354137e-14,-1.6368467697312143e-16
486.34,-9.784680157985378e-14,-1.6370863815342364e-16
486.35,-9.783720040508823e-14,-1.6371537913403822e-16
486.36,-9.782714720946452e-14,-1.6358080199068329e-16
486.37,-9.781772071459153e-14,-1.6373997035395166e-16
486.38,-9.780787024947301e-14,-1.636411978748056e-16
486.39,-9.779835365415421e-14,-1.636022978312886e-16
486.4,-9.778847658733798e-14,-1.6364420862838387e-16
486.41,-9.777833561114271e-14,-1.6349058773592933e-16
486.42,-9.776872797222091e-14,-1.6351708513991178e-16
486.43,-9.775880309348979e-14,-1.6348234309181718e-16
486.44,-9.774911085712506e-14,-1.6349391471173739e-16
486.45,-9.773892577546478e-14,-1.6340431840995058e-16
486.46,-9.773051454164278e-14,-1.6381166917756526e-16
486.47,-9.771981432415238e-14,-1.6351247987098817e-16
486.48,-9.771004417798169e-14,-1.6344936157233543e-16
486.49,-9.77004527589398e-14,-1.633631693372371e-16
486.5,-9.769070866622175e-14,-1.6341586313011343e-16
486.51,-9.768080977327963e-14,-1.6340814697510535e-16
486.52,-9.767132193130832e-14,-1.6337279073422762e-16
486.53,-9.766163611773944e-14,-1.6328769726682818e-16
486.54,-9.76515948718029e-14,-1.6331476085127626e-16
486.55,-9.764187962567368e-14,-1.6329324689117085e-16
486.56,-9.763247707256802e-14,-1.6342867690051678e-16
486.57,-9.762244612813492e-14,-1.6327962599784503e-16
486.58,-9.761249203617693e-14,-1.6322848547651197e-16
486.59,-9.760292366072045e-14,-1.6319181654661704e-16
486.6,-9.759307004789356e-14,-1.631862592638057e-16
486.61,-9.758325340224283e-14,-1.6314361960529913e-16
486.62,-9.757338471914193e-14,-1.6304023788456265e-16
486.63,-9.756392390048536e-14,-1.63146114148363e-16
486.64,-9.755419243861942e-14,-1.631069567690824e-16
486.65,-9.75443456555062e-14,-1.6308900196199268e-16
486.66,-9.7534578927351e-14,-1.6304588800213233e-16
486.67,-9.752507249503604e-14,-1.6313525588413084e-16
486.68,-9.751533041764955e-14,-1.6297982274006237e-16
486.69,-9.75053598435598e-14,-1.6296818754983638e-16
486.7,-9.749513642311364e-14,-1.6267565602536047e-16
486.71,-9.748601882869954e-14,-1.6287204529238725e-16
486.72,-9.747635187561059e-14,-1.630028912489782e-16
486.73,-9.746642395121092e-14,-1.6288751815820323e-16
486.74,-9.745691931876755e-14,-1.629216434233032e-16
486.75,-9.7447180486539e-14,-1.628938068997464e-16
486.76,-9.743714549604346e-14,-1.628891740058063e-16
486.77,-9.742752957708176e-14,-1.6281484919277625e-16
486.78,-9.741781903373005e-14,-1.6278885795639682e-16
486.79,-9.740797601974691e-14,-1.6271866208971589e-16
486.8,-9.739848309891558e-14,-1.6280107415586803e-16
486.81,-9.738826929253326e-14,-1.627132242307265e-16
486.82,-9.737897813855155e-14,-1.6280912338758225e-16
486.83,-9.736957994313607e-14,-1.6287527030641387e-16
486.84,-9.73597828663861e-14,-1.6277887738232092e-16
486.85,-9.734982824709593e-14,-1.6269804822407552e-16
486.86,-9.733999706841273e-14,-1.6275137091726503e-16
486.87,-9.733065030046894e-14,-1.6266585443193394e-16
486.88,-9.732059502925976e-14,-1.626644186267105e-16
486.89,-9.731106060331994e-14,-1.625754577072821e-16
486.9,-9.730126740709377e-14,-1.6257473209472664e-16
486.91,-9.729146688445374e-14,-1.6256524525918823e-16
486.92,-9.728185325879428e-14,-1.626415978486461e-16
486.93,-9.727212723567677e-14,-1.624305070217953e-16
486.94,-9.726300977769526e-14,-1.625187506777721e-16
486.95,-9.725287505070675e-14,-1.624269163142773e-16
486.96,-9.724332050114179e-14,-1.625539548241979e-16
486.97,-9.7233357439595e-14,-1.6242235162603533e-16
486.98,-9.722376051861172e-14,-1.6240809486364143e-16
486.99,-9.721447012097657e-14,-1.624419272227591e-16
487.0,-9.720427362801728e-14,-1.6236490443757932e-16
487.01,-9.719423410067425e-14,-1.623104907320539e-16
487.02,-9.718550149269989e-14,-1.6246562420070309e-16
487.03,-9.717506532281461e-14,-1.6214724942366378e-16
487.04,-9.716558344890366e-14,-1.6231279702407855e-16
487.05,-9.715613324684798e-14,-1.6198059691618942e-16
487.06,-9.714635982612248e-14,-1.622564109313124e-16
487.07,-9.713653500964657e-14,-1.6208586448411585e-16
487.08,-9.712675689280882e-14,-1.6225228095585618e-16
487.09,-9.711717807627625e-14,-1.6221990899376516e-16
487.1,-9.710755925497589e-14,-1.62015685243762e-16
487.11,-9.70982110152931e-14,-1.6219496329166447e-16
487.12,-9.708732425445706e-14,-1.6152064338777486e-16
487.13,-9.70783844773036e-14,-1.6207642209410468e-16
487.14,-9.706878283237232e-14,-1.6218215744118644e-16
487.15,-9.70590217364018e-14,-1.6205554404545864e-16
487.16,-9.704892377507276e-14,-1.6195006736577908e-16
487.17,-9.703970038628947e-14,-1.6210039869218802e-16
487.18,-9.702963796728112e-14,-1.6190975795641635e-16
487.19,-9.701964009282042e-14,-1.6145130641915086e-16
487.2,-9.701019173146441e-14,-1.618893056507229e-16
487.21,-9.70027359406562e-14,-1.6145709381832252e-16
487.22,-9.699138981608044e-14,-1.6197697117755903e-16
487.23,-9.698180041869954e-14,-1.619909869932833e-16
487.24,-9.697182986824394e-14,-1.6180405993089166e-16
487.25,-9.696196590478462e-14,-1.6178454573791152e-16
487.26,-9.695264904136635e-14,-1.6187690708825355e-16
487.27,-9.694307988499795e-14,-1.6190591370781098e-16
487.28,-9.693208150597625e-14,-1.6138002884712248e-16
487.29,-9.692148151170213e-14,-1.6156867975546677e-16
487.3,-9.691031409945443e-14,-1.5918507387457712e-16
487.31,-9.690429340069632e-14,-1.6175020698725432e-16
487.32,-9.689439765005518e-14,-1.6168603414117694e-16
487.33,-9.688523608976404e-14,-1.6171477816463636e-16
487.34,-9.687533357107298e-14,-1.617635305693295e-16
487.35,-9.686555456203829e-14,-1.6165694232716216e-16
487.36,-9.685601588935773e-14,-1.6165952835057032e-16
487.37,-9.684555368542983e-14,-1.6148756968941452e-16
487.38,-9.683675990225802e-14,-1.6150464958929487e-16
487.39,-9.682711591856743e-14,-1.611116135101544e-16
487.4,-9.681748779685613e-14,-1.6160043021175526e-16
487.41,-9.680772079987978e-14,-1.6148023306772337e-16
487.42,-9.679803001737298e-14,-1.6154683095810134e-16
487.43,-9.678823986916318e-14,-1.6147257105715267e-16
487.44,-9.677868952821804e-14,-1.6145171965246827e-16
487.45,-9.676927032653846e-14,-1.6147793956851282e-16
487.46,-9.675925432460178e-14,-1.6138822084286652e-16
487.47,-9.674992828819298e-14,-1.614606699254735e-16
487.48,-9.673996537560293e-14,-1.6122134879341374e-16
487.49,-9.673085208685219e-14,-1.613733805927867e-16
487.5,-9.67207729215611e-14,-1.6127656944768883e-16
487.51,-9.671130634634861e-14,-1.6135537343472594e-16
487.52,-9.670170454171952e-14,-1.613113865840058e-16
487.53,-9.669187684717765e-14,-1.611814528076025e-16
487.54,-9.668198796028384e-14,-1.6078089135296078e-16
487.55,-9.667260013798137e-14,-1.6123430521963063e-16
487.56,-9.666268967912877e-14,-1.6108190409612586e-16
487.57,-9.665424714508421e-14,-1.6162943039876776e-16
487.58,-9.664412220736348e-14,-1.613243584938288e-16
487.59,-9.663432439262214e-14,-1.6124719545228622e-16
487.6,-9.66247940455378e-14,-1.6119468614315602e-16
487.61,-9.661537329569941e-14,-1.6115174536858547e-16
487.62,-9.660512831206895e-14,-1.6109298584867335e-16
487.63,-9.659595187347946e-14,-1.60962630400985e-16
487.64,-9.65862473374786e-14,-1.6126974793196953e-16
487.65,-9.657677175201404e-14,-1.6109342496922887e-16
487.66,-9.65672850849533e-14,-1.6112503169794207e-16
487.67,-9.655839238478905e-14,-1.6079333522484386e-16
487.68,-9.654755620516789e-14,-1.6102740791616135e-16
487.69,-9.653784674060815e-14,-1.6096717503605348e-16
487.7,-9.652771070200678e-14,-1.6091871182626405e-16
487.71,-9.651852724483345e-14,-1.6087350209439092e-16
487.72,-9.650903199729066e-14,-1.6089935170696018e-16
487.73,-9.65003584219928e-14,-1.6126132447427173e-16
487.74,-9.648974691714097e-14,-1.6086249306550227e-16
487.75,-9.648002523602636e-14,-1.607902007277477e-16
487.76,-9.647099154525364e-14,-1.6090692654793035e-16
487.77,-9.646111669148113e-14,-1.6080787681044382e-16
487.78,-9.645157612607869e-14,-1.608264307803761e-16
487.79,-9.644167412876188e-14,-1.6062576618825964e-16
487.8,-9.643243052296618e-14,-1.6084984059385249e-16
487.81,-9.642213026427766e-14,-1.6056876235303451e-16
487.82,-9.641353737157048e-14,-1.6089772170064944e-16
487.83,-9.640407836940327e-14,-1.6104427902274964e-16
487.84,-9.639385440814269e-14,-1.6051913434312435e-16
487.85,-9.638397440034886e-14,-1.60597559632163e-16
487.86,-9.637485787944609e-14,-1.6064912784855313e-16
487.87,-9.636547081431701e-14,-1.6061003330549853e-16
487.88,-9.63554583329515e-14,-1.6054531107260956e-16
487.89,-9.634572546550169e-14,-1.6051809250583769e-16
487.9,-9.633648862210193e-14,-1.60610262973591e-16
487.91,-9.632866347266946e-14,-1.6094351297402824e-16
487.92,-9.631873023793692e-14,-1.5998196437755434e-16
487.93,-9.630738507605492e-14,-1.6044432881699624e-16
487.94,-9.629824695539836e-14,-1.604872475945827e-16
487.95,-9.628834381936805e-14,-1.6041838949609007e-16
487.96,-9.627906915877337e-14,-1.6047560543007252e-16
487.97,-9.62694420177244e-14,-1.6053171689789082e-16
487.98,-9.625967806623703e-14,-1.604318642402727e-16
487.99,-9.625008343678225e-14,-1.603801408893715e-16
488.0,-9.624034430297449e-14,-1.6043946998710614e-16
488.01,-9.623088893733586e-14,-1.6060417037444434e-16
488.02,-9.622105130128184e-14,-1.6028810014941317e-16
488.03,-9.621143867079285e-14,-1.6018293451061898e-16
488.04,-9.620210453360548e-14,-1.6029286737112691e-16
488.05,-9.619240907632864e-14,-1.602005226826574e-16
488.06,-9.618312649451433e-14,-1.6027494088100557e-16
488.07,-9.617340702427001e-14,-1.601877556945667e-16
488.08,-9.616370659560558e-14,-1.6014262309754505e-16
488.09,-9.615421400101909e-14,-1.5991644045295882e-16
488.1,-9.614504923766167e-14,-1.603699511569384e-16
488.11,-9.61352138743333e-14,-1.601681521311949e-16
488.12,-9.612589883715875e-14,-1.6029748450512785e-16
488.13,-9.611621160573824e-14,-1.6017448765017964e-16
488.14,-9.61067368297155e-14,-1.601895540708095e-16
488.15,-9.609660500397595e-14,-1.5999354300756754e-16
488.16,-9.608730782883898e-14,-1.5993443102813695e-16
488.17,-9.607790633286373e-14,-1.600440990905709e-16
488.18,-9.606891635577814e-14,-1.5999394138617038e-16
488.19,-9.605896838684998e-14,-1.600509572156214e-16
488.2,-9.604891646743811e-14,-1.598548474077262e-16
488.21,-9.60398641629891e-14,-1.6002680719317203e-16
488.22,-9.602998661786183e-14,-1.5997161385835408e-16
488.23,-9.602048208670428e-14,-1.6012565114069528e-16
488.24,-9.601062485177042e-14,-1.597190813783777e-16
488.25,-9.600130063802816e-14,-1.5988821895736505e-16
488.26,-9.599156705678864e-14,-1.5980122517958786e-16
488.27,-9.598249720922975e-14,-1.5993780453414814e-16
488.28,-9.59728487950927e-14,-1.597888066870376e-16
488.29,-9.596284487871154e-14,-1.59738157988473e-16
488.3,-9.595348936883932e-14,-1.597242759415369e-16
488.31,-9.594404425289936e-14,-1.593131613008619e-16
488.32,-9.593471753177207e-14,-1.597730629744938e-16
488.33,-9.592518057001618e-14,-1.5987358142927963e-16
488.34,-9.591564769341097e-14,-1.5980962021763038e-16
488.35,-9.590567833765574e-14,-1.5968108008504876e-16
488.36,-9.589652649418962e-14,-1.5982238839293975e-16
488.37,-9.588686910796301e-14,-1.596852298982993e-16
488.38,-9.587732424908648e-14,-1.5967150037499377e-16
488.39,-9.58679294662266e-14,-1.596853800634222e-16
488.4,-9.585794703646748e-14,-1.5962695897507523e-16
488.41,-9.584860916648581e-14,-1.5952430394326364e-16
488.42,-9.583898094459465e-14,-1.594682655554804e-16
488.43,-9.582967172727986e-14,-1.5952788780248633e-16
488.44,-9.5820128196486e-14,-1.5951491301084742e-16
488.45,-9.581063141756313e-14,-1.594995767377096e-16
488.46,-9.580118267180223e-14,-1.594877301354121e-16
488.47,-9.579146228896122e-14,-1.5951042913812435e-16
488.48,-9.578204392550179e-14,-1.5947673152042418e-16
488.49,-9.577242740329328e-14,-1.594309112414165e-16
488.5,-9.576275550456874e-14,-1.5931459586212555e-16
488.51,-9.575317562296723e-14,-1.593213392481152e-16
488.52,-9.574378740567422e-14,-1.5936149352375678e-16
488.53,-9.573446851606473e-14,-1.5935556061381215e-16
488.54,-9.572495805857334e-14,-1.5934416132951344e-16
488.55,-9.571524391239617e-14,-1.5931289851360823e-16
488.56,-9.570566212404072e-14,-1.592180239448765e-16
488.57,-9.569612617643883e-14,-1.5917935104401227e-16
488.58,-9.568669658327693e-14,-1.5917543155170598e-16
488.59,-9.567720449360887e-14,-1.5937879129313542e-16
488.6,-9.56676823761359e-14,-1.591590604803375e-16
488.61,-9.565815932924188e-14,-1.5917303269111908e-16
488.62,-9.564878995681959e-14,-1.5914150072479476e-16
488.63,-9.563911151169368e-14,-1.591185560695878e-16
488.64,-9.562970081026956e-14,-1.5914684698785122e-16
488.65,-9.562025631199977e-14,-1.5914730050563795e-16
488.66,-9.561051437696375e-14,-1.590981100921726e-16
488.67,-9.560120071129853e-14,-1.592092349128305e-16
488.68,-9.559176677068961e-14,-1.589936580516972e-16
488.69,-9.55822788975311e-14,-1.5903210670515286e-16
488.7,-9.557262696530353e-14,-1.5899608383560683e-16
488.71,-9.556308496189872e-14,-1.589708621392678e-16
488.72,-9.555390397985259e-14,-1.5916563748628307e-16
488.73,-9.554417850525673e-14,-1.5906314741743623e-16
488.74,-9.553477558229379e-14,-1.5886485050686988e-16
488.75,-9.552530793492082e-14,-1.5894669044803755e-16
488.76,-9.551584551982548e-14,-1.5902298745254496e-16
488.77,-9.550617515148056e-14,-1.5896276054486568e-16
488.78,-9.54966963465152e-14,-1.5877059210356309e-16
488.79,-9.548707831953672e-14,-1.588120235692258e-16
488.8,-9.547739429538956e-14,-1.5879301915329354e-16
488.81,-9.54678563827095e-14,-1.5884954157714956e-16
488.82,-9.545883954282354e-14,-1.5870541324989964e-16
488.83,-9.544910464499196e-14,-1.5879256427806482e-16
488.84,-9.543991969710214e-14,-1.5857857648605284e-16
488.85,-9.543018293174562e-14,-1.5860129024395234e-16
488.86,-9.542052592979945e-14,-1.5868603051617377e-16
488.87,-9.541148968903641e-14,-1.585884033113644e-16
488.88,-9.540187067908689e-14,-1.5863268989253344e-16
488.89,-9.539204247781691e-14,-1.584742164837223e-16
488.9,-9.538300829993965e-14,-1.5865271661075283e-16
488.91,-9.537363399970137e-14,-1.5863338303706812e-16
488.92,-9.536404410389265e-14,-1.586028227837986e-16
488.93,-9.535448881566618e-14,-1.585678572856988e-16
488.94,-9.534496253243806e-14,-1.5848386184954884e-16
488.95,-9.53355714144012e-14,-1.585127614270875e-16
488.96,-9.53262379908815e-14,-1.5860720506967909e-16
488.97,-9.531645051390832e-14,-1.5836511981482606e-16
488.98,-9.530706285588346e-14,-1.584816971937094e-16
488.99,-9.529800267311335e-14,-1.5859635229814333e-16
489.0,-9.528823504134569e-14,-1.5843923948916482e-16
489.01,-9.527866288658222e-14,-1.5842703849894135e-16
489.02,-9.526913527776743e-14,-1.5849189951977031e-16
489.03,-9.525984619642867e-14,-1.5844290082223745e-16
489.04,-9.525067832081481e-14,-1.5837501525460866e-16
489.05,-9.524062392475934e-14,-1.5834446187240983e-16
489.06,-9.52311768264887e-14,-1.5829180222306237e-16
489.07,-9.522203066527597e-14,-1.582671769761302e-16
489.08,-9.521323476046439e-14,-1.5812981701912144e-16
489.09,-9.520306791374209e-14,-1.5825175914338835e-16
489.1,-9.519349796025477e-14,-1.5824394385246355e-16
489.11,-9.518416571272229e-14,-1.582423827307694e-16
489.12,-9.517456871323503e-14,-1.58161593381474e-16
489.13,-9.516508224771637e-14,-1.5817415857622862e-16
489.14,-9.515579143755646e-14,-1.5822698601361562e-16
489.15,-9.514655496595281e-14,-1.5822405239199259e-16
489.16,-9.513884886491424e-14,-1.581049049530393e-16
489.17,-9.51275955443945e-14,-1.5799902206830303e-16
489.18,-9.51178864784548e-14,-1.5809334933555736e-16
489.19,-9.51085536910718e-14,-1.5817328726832705e-16
489.2,-9.509879141561007e-14,-1.580040903249844e-16
489.21,-9.508948590420108e-14,-1.579067067211696e-16
489.22,-9.507983893580681e-14,-1.5794473238591989e-16
489.23,-9.507070564695347e-14,-1.579909706192098e-16
489.24,-9.506158226152748e-14,-1.5825413220533753e-16
489.25,-9.505074205825771e-14,-1.5725929942235063e-16
489.26,-9.504243553406935e-14,-1.57852728308611e-16
489.27,-9.503302239802169e-14,-1.579844079632332e-16
489.28,-9.502340945433311e-14,-1.5758301108463026e-16
489.29,-9.501416416105209e-14,-1.5789790671241963e-16
489.3,-9.500480398999144e-14,-1.5800533135078256e-16
489.31,-9.499528322801124e-14,-1.5787804410460037e-16
489.32,-9.49857651725814e-14,-1.5789342658079133e-16
489.33,-9.497616400266216e-14,-1.5769559581968634e-16
489.34,-9.496696486720997e-14,-1.5781437658672636e-16
489.35,-9.495743399068175e-14,-1.577841151065478e-16
489.36,-9.494819596363042e-14,-1.577690673105586e-16
489.37,-9.493853320298029e-14,-1.5780602867776223e-16
489.38,-9.4929381235721e-14,-1.5772007800571828e-16
489.39,-9.491986244472444e-14,-1.5766202997390893e-16
489.4,-9.491048359311791e-14,-1.5762704156701803e-16
489.41,-9.490074313587755e-14,-1.5764060441261905e-16
489.42,-9.489145436248722e-14,-1.575484003142448e-16
489.43,-9.488234941721957e-14,-1.5759653664224496e-16
489.44,-9.487362570621634e-14,-1.5719742478578496e-16
489.45,-9.486354322236479e-14,-1.5756004598630284e-16
489.46,-9.485360494417894e-14,-1.5746446018039295e-16
489.47,-9.484477194943756e-14,-1.5815079754877608e-16
489.48,-9.483506507192339e-14,-1.574841614478573e-16
489.49,-9.482581261662027e-14,-1.5754329759122902e-16
489.5,-9.481658365684895e-14,-1.5745274175057874e-16
489.51,-9.480676850145785e-14,-1.5774013038381638e-16
489.52,-9.47976520342936e-14,-1.5750359441891536e-16
489.53,-9.478764697020179e-14,-1.572206828854092e-16
489.54,-9.477908704422591e-14,-1.574518249573792e-16
489.55,-9.476918200251666e-14,-1.573488713146693e-16
489.56,-9.476003162057593e-14,-1.5748855013218541e-16
489.57,-9.475035419755825e-14,-1.5732074007547091e-16
489.58,-9.474108405419653e-14,-1.5740135727161154e-16
489.59,-9.473143375798575e-14,-1.5727965839525426e-16
489.6,-9.472202151118541e-14,-1.5736842056377534e-16
489.61,-9.471314865575823e-14,-1.5738144667898963e-16
489.62,-9.470303414981878e-14,-1.5724290350140844e-16
489.63,-9.469412689852605e-14,-1.5722358178674524e-16
489.64,-9.468462921782431e-14,-1.5722004199376645e-16
489.65,-9.467520152205432e-14,-1.5717996730943152e-16
489.66,-9.466570397060336e-14,-1.5715990703931787e-16
489.67,-9.465655729002778e-14,-1.5721343600628393e-16
489.68,-9.464700344568132e-14,-1.5707648685338893e-16
489.69,-9.463923583590744e-14,-1.571377997167321e-16
489.7,-9.462849787048941e-14,-1.5709763443173743e-16
489.71,-9.461937750403102e-14,-1.572836053872464e-16
489.72,-9.460936606591121e-14,-1.5701567695960982e-16
489.73,-9.460014846473821e-14,-1.5701872232670702e-16
489.74,-9.459078820732603e-14,-1.569108902980435e-16
489.75,-9.458126856895261e-14,-1.570518037469913e-16
489.76,-9.457196706476125e-14,-1.5690244032737567e-16
489.77,-9.456252718776266e-14,-1.5693695908331323e-16
489.78,-9.45532992039238e-14,-1.5456688622563986e-16
489.79,-9.454385272228384e-14,-1.5713141154371825e-16
489.8,-9.453464898502201e-14,-1.5696553414033496e-16
489.81,-9.452532349463139e-14,-1.5689001585581433e-16
489.82,-9.451576339390588e-14,-1.5693179940803137e-16
489.83,-9.450659322471129e-14,-1.5686239607970387e-16
489.84,-9.44969703929948e-14,-1.5692399941811424e-16
489.85,-9.448774583045632e-14,-1.5685711400702412e-16
489.86,-9.447835950799088e-14,-1.567936549313319e-16
489.87,-9.447282103635316e-14,-1.581290681736528e-16
489.88,-9.44591423499982e-14,-1.5648496608447613e-16
489.89,-9.445084719303603e-14,-1.5575957165626149e-16
489.9,-9.444068859956529e-14,-1.5663136914938008e-16
489.91,-9.443149977291677e-14,-1.568061801075499e-16
489.92,-9.442199900179777e-14,-1.5671992205843686e-16
489.93,-9.441275589442309e-14,-1.5672874706473504e-16
489.94,-9.440338827357517e-14,-1.5671983803605844e-16
489.95,-9.439388068841187e-14,-1.566256838586478e-16
489.96,-9.438414277297867e-14,-1.5623805801190035e-16
489.97,-9.437498480452456e-14,-1.5657728463017507e-16
489.98,-9.436468114706389e-14,-1.5657345081047852e-16
489.99,-9.43564131710868e-14,-1.564994416250158e-16
490.0,-9.434718346882633e-14,-1.5649643415241595e-16
490.01,-9.433772274105972e-14,-1.56490184700069e-16
490.02,-9.432856329389885e-14,-1.5648025978848527e-16
490.03,-9.431953186080976e-14,-1.5647498969739308e-16
490.04,-9.430986535344497e-14,-1.5652183101326915e-16
490.05,-9.430014694738736e-14,-1.5642114033752888e-16
490.06,-9.429168095741302e-14,-1.564397317435536e-16
490.07,-9.428170639875239e-14,-1.564413789733553e-16
490.08,-9.427239592911379e-14,-1.5637060803707692e-16
490.09,-9.426302587189156e-14,-1.5635829077328157e-16
490.1,-9.425389188291763e-14,-1.5645090787827213e-16
490.11,-9.424454788615387e-14,-1.5658469128802434e-16
490.12,-9.423512267084429e-14,-1.5632199009838977e-16
490.13,-9.422542039778589e-14,-1.5627630798211675e-16
490.14,-9.421615432783273e-14,-1.5618960419217054e-16
490.15,-9.420715442717784e-14,-1.5633566150551255e-16
490.16,-9.419785489034205e-14,-1.5637707507166212e-16
490.17,-9.418816468563229e-14,-1.5621767995239663e-16
490.18,-9.417893074285369e-14,-1.5628510932948274e-16
490.19,-9.416971996323963e-14,-1.5626927396979423e-16
490.2,-9.416030297790262e-14,-1.555107647038156e-16
490.21,-9.415132908306396e-14,-1.562249871979961e-16
490.22,-9.414161147508745e-14,-1.5608320052169145e-16
490.23,-9.413211673306057e-14,-1.561077791071656e-16
490.24,-9.412342348457345e-14,-1.562125729204802e-16
490.25,-9.411380446670784e-14,-1.5610292696759092e-16
490.26,-9.410433460087642e-14,-1.5603749367288148e-16
490.27,-9.409504816991284e-14,-1.560728761290688e-16
490.28,-9.408576440952696e-14,-1.5610520759236446e-16
490.29,-9.407648832743549e-14,-1.5617520872530267e-16
490.3,-9.406684136382539e-14,-1.5613347521544432e-16
490.31,-9.405817690651811e-14,-1.5616497364501405e-16
490.32,-9.404877449243774e-14,-1.5605812712052044e-16
490.33,-9.403905786697474e-14,-1.5595424347446676e-16
490.34,-9.402972174773069e-14,-1.5583260394192735e-16
490.35,-9.402019351352599e-14,-1.558405866011919e-16
490.36,-9.40111698715364e-14,-1.5603281041693676e-16
490.37,-9.400183483320879e-14,-1.5592873192984564e-16
490.38,-9.399265606150155e-14,-1.559465294667999e-16
490.39,-9.39833714401836e-14,-1.5584897054839004e-16
490.4,-9.397392960351164e-14,-1.5580177854539787e-16
490.41,-9.396483598673942e-14,-1.558698040895018e-16
490.42,-9.395528747284017e-14,-1.5586941186039667e-16
490.43,-9.394596358705578e-14,-1.5580485629981455e-16
490.44,-9.393665755317844e-14,-1.5582494180299804e-16
490.45,-9.392734588980338e-14,-1.5574328168951508e-16
490.46,-9.391806898815528e-14,-1.5571250128617634e-16
490.47,-9.390857437337417e-14,-1.557463025813192e-16
490.48,-9.389947549479054e-14,-1.5565848368487031e-16
490.49,-9.389038978875462e-14,-1.5564481677345942e-16
490.5,-9.388061743709658e-14,-1.5563182109332847e-16
490.51,-9.387150495921816e-14,-1.55637120997195e-16
490.52,-9.386261515934429e-14,-1.5562248758540647e-16
490.53,-9.385327562074246e-14,-1.5556602817392398e-16
490.54,-9.384367312790532e-14,-1.5556341326179202e-16
490.55,-9.383445552926763e-14,-1.555469839166559e-16
490.56,-9.382504963394276e-14,-1.5546259668716188e-16
490.57,-9.381590705920114e-14,-1.555060536619781e-16
490.58,-9.380656879829536e-14,-1.5558426434156453e-16
490.59,-9.379735245162263e-14,-1.5552991918455357e-16
490.6,-9.378795506283717e-14,-1.5542975001310107e-16
490.61,-9.377893760152084e-14,-1.5554375429501495e-16
490.62,-9.376962147548369e-14,-1.5551477538420343e-16
490.63,-9.376008043535222e-14,-1.5542836319084976e-16
490.64,-9.375112048908063e-14,-1.5541869569243978e-16
490.65,-9.374155271726289e-14,-1.5535502570810517e-16
490.66,-9.373242200932117e-14,-1.554971928384861e-16
490.67,-9.372296284434668e-14,-1.5534804136478225e-16
490.68,-9.371362241657294e-14,-1.5530921009450608e-16
490.69,-9.370426011669869e-14,-1.552921499394752e-16
490.7,-9.369499629370562e-14,-1.5532055926153727e-16
490.71,-9.36859257941838e-14,-1.5538654865496433e-16
490.72,-9.367678829898749e-14,-1.5523136360088817e-16
490.73,-9.366744445017823e-14,-1.5530274252134116e-16
490.74,-9.365800942058471e-14,-1.5524149780366378e-16
490.75,-9.364885263542908e-14,-1.5515343279091764e-16
490.76,-9.363931926361103e-14,-1.5512955593986976e-16
490.77,-9.363018173042031e-14,-1.5508745071551268e-16
490.78,-9.362082757164403e-14,-1.5515270425942095e-16
490.79,-9.361144928155068e-14,-1.5510326319010706e-16
490.8,-9.360250084059795e-14,-1.5506704944850427e-16
490.81,-9.359279129654631e-14,-1.550545702151992e-16
490.82,-9.358287370496242e-14,-1.5538348363016982e-16
490.83,-9.3574799814303e-14,-1.550770890048875e-16
490.84,-9.356504677917539e-14,-1.5488083978555848e-16
490.85,-9.355636329933795e-14,-1.5510218353678638e-16
490.86,-9.354703117972963e-14,-1.5487865306348713e-16
490.87,-9.353749864618134e-14,-1.5503222740348974e-16
490.88,-9.352824214928143e-14,-1.5485155536026036e-16
490.89,-9.351908990972349e-14,-1.5492857107636801e-16
490.9,-9.351000305261732e-14,-1.5494293778352896e-16
490.91,-9.350062876146458e-14,-1.548230027162363e-16
490.92,-9.34915805926841e-14,-1.5485219244695822e-16
490.93,-9.348203686863949e-14,-1.5488551920035456e-16
490.94,-9.347277263740554e-14,-1.5481812633386224e-16
490.95,-9.346396648305663e-14,-1.5482755493736599e-16
490.96,-9.34537841773347e-14,-1.547392422193085e-16
490.97,-9.344493365847977e-14,-1.5493273053521056e-16
490.98,-9.343592801621481e-14,-1.5478385640963243e-16
490.99,-9.342656095173433e-14,-1.547110229977032e-16
491.0,-9.341739551151578e-14,-1.5474919558280168e-16
491.01,-9.340835218745412e-14,-1.5471639455175544e-16
491.02,-9.339891020713721e-14,-1.5474977886366563e-16
491.03,-9.338986800482372e-14,-1.5471248349715351e-16
491.04,-9.338083332829783e-14,-1.5463491298842674e-16
491.05,-9.337135735695143e-14,-1.547766722961688e-16
491.06,-9.336159941156883e-14,-1.5463371099550248e-16
491.07,-9.335293388672392e-14,-1.5467548483893556e-16
491.08,-9.334353944452324e-14,-1.5468769957248531e-16
491.09,-9.33343624556651e-14,-1.5464981637765894e-16
491.1,-9.332510301214939e-14,-1.546209695883006e-16
491.11,-9.331572587323682e-14,-1.5455246761287938e-16
491.12,-9.330650003456987e-14,-1.545282517635136e-16
491.13,-9.329587835025845e-14,-1.5503346467989922e-16
491.14,-9.328806889933251e-14,-1.5452093473487965e-16
491.15,-9.327641592280333e-14,-1.523423860530745e-16
491.16,-9.326977916753718e-14,-1.5441253760699098e-16
491.17,-9.325938522802379e-14,-1.5410500248850077e-16
491.18,-9.325125338379107e-14,-1.5436815208672176e-16
491.19,-9.324177346977859e-14,-1.5436772303093151e-16
491.2,-9.323279448597206e-14,-1.543669460510929e-16
491.21,-9.322387615562883e-14,-1.5442725456155737e-16
491.22,-9.321438226967491e-14,-1.541791642911971e-16
491.23,-9.320536200068492e-14,-1.5435867338319666e-16
491.24,-9.31915449310183e-14,-1.55179715186812e-16
491.25,-9.31866670813303e-14,-1.5428444423460754e-16
491.26,-9.317726417144608e-14,-1.542593038919722e-16
491.27,-9.316826919839604e-14,-1.5423791334968292e-16
491.28,-9.315940732123454e-14,-1.5426474251334605e-16
491.29,-9.314973962316407e-14,-1.5416113013293013e-16
491.3,-9.314083321589067e-14,-1.5415305138926155e-16
491.31,-9.313155950042782e-14,-1.5423768725219857e-16
491.32,-9.31225490162688e-14,-1.542238885559632e-16
491.33,-9.311129920945166e-14,-1.538221035107073e-16
491.34,-9.310373000178147e-14,-1.5413487069598556e-16
491.35,-9.309452956212677e-14,-1.5408102843863258e-16
491.36,-9.308548357824534e-14,-1.5409505019242483e-16
491.37,-9.307636639014312e-14,-1.542553256981678e-16
491.38,-9.30670853427172e-14,-1.5405989085172033e-16
491.39,-9.30579938963075e-14,-1.5420820037215534e-16
491.4,-9.304877329354802e-14,-1.5408312680138339e-16
491.41,-9.30392302359171e-14,-1.540060245699751e-16
491.42,-9.302920413485633e-14,-1.5374881278249725e-16
491.43,-9.302105410715034e-14,-1.539242104790519e-16
491.44,-9.301192588456853e-14,-1.5398761753131797e-16
491.45,-9.300256267839565e-14,-1.539675076180081e-16
491.46,-9.29936255338478e-14,-1.5408054538914398e-16
491.47,-9.29843942429085e-14,-1.5388226712204423e-16
491.48,-9.297533160709814e-14,-1.5394873429606818e-16
491.49,-9.296640547984442e-14,-1.539229010095326e-16
491.5,-9.295632345516528e-14,-1.5379189594655362e-16
491.51,-9.294842316351119e-14,-1.53825144993738e-16
491.52,-9.293775728083139e-14,-1.537296417786457e-16
491.53,-9.292912018062406e-14,-1.5382973519164624e-16
491.54,-9.292004072410915e-14,-1.537851378507959e-16
491.55,-9.291123951167117e-14,-1.5383002851364216e-16
491.56,-9.290164202165235e-14,-1.537164443334834e-16
491.57,-9.289255322558813e-14,-1.5379874293718357e-16
491.58,-9.288168052329331e-14,-1.531171792514955e-16
491.59,-9.28737647375216e-14,-1.5365833376587306e-16
491.6,-9.286535848095191e-14,-1.5371969650740755e-16
491.61,-9.285618449655738e-14,-1.5429546701669622e-16
491.62,-9.284659418024117e-14,-1.537322675331988e-16
491.63,-9.283744378534537e-14,-1.536678089829143e-16
491.64,-9.282805376799329e-14,-1.5360381392605482e-16
491.65,-9.28190105506333e-14,-1.5365354200290965e-16
491.66,-9.280990543020901e-14,-1.535924849789975e-16
491.67,-9.280087848784725e-14,-1.5356256711475653e-16
491.68,-9.279107553583746e-14,-1.5356824329057746e-16
491.69,-9.278256930867526e-14,-1.535169001419063e-16
491.7,-9.277330510455854e-14,-1.5356471069134324e-16
491.71,-9.276395724328984e-14,-1.5343765307073065e-16
491.72,-9.275474343848742e-14,-1.5341954660481846e-16
491.73,-9.274550501597599e-14,-1.5344472578627578e-16
491.74,-9.273579533427955e-14,-1.5347491820187236e-16
491.75,-9.272741334714401e-14,-1.5344223714139e-16
491.76,-9.271781888935252e-14,-1.5331618288680854e-16
491.77,-9.270850635994399e-14,-1.5335038857761217e-16
491.78,-9.270010870199437e-14,-1.5343745298857977e-16
491.79,-9.269063248964509e-14,-1.5325818734788886e-16
491.8,-9.268159872465868e-14,-1.533154883219033e-16
491.81,-9.26724553785972e-14,-1.533268504111605e-16
491.82,-9.266319656150324e-14,-1.5334442404707704e-16
491.83,-9.265411212581729e-14,-1.5332520147794096e-16
491.84,-9.264507576271029e-14,-1.5324210524972572e-16
491.85,-9.263556008150146e-14,-1.5319484904450835e-16
491.86,-9.262880741068119e-14,-1.534767672637152e-16
491.87,-9.261767174237646e-14,-1.5315170269324738e-16
491.88,-9.260826827639892e-14,-1.5310592654551862e-16
491.89,-9.25988384980786e-14,-1.5307122965372898e-16
491.9,-9.259006475457632e-14,-1.531821258925375e-16
491.91,-9.258088623157621e-14,-1.531661764135958e-16
491.92,-9.257178392979492e-14,-1.53116906521911e-16
491.93,-9.256264439973881e-14,-1.5310613359076351e-16
491.94,-9.255284108884523e-14,-1.527435136938428e-16
491.95,-9.25436997072858e-14,-1.5293606171072193e-16
491.96,-9.253544933876972e-14,-1.5317868159706759e-16
491.97,-9.252649079600002e-14,-1.5305202813593583e-16
491.98,-9.251666826074189e-14,-1.529399160916289e-16
491.99,-9.250787021034425e-14,-1.530508665066025e-16
492.0,-9.249918477991538e-14,-1.5310079860773235e-16
492.01,-9.248963969189409e-14,-1.5290955863157633e-16
492.02,-9.248055558637158e-14,-1.5297332289723817e-16
492.03,-9.247151964101409e-14,-1.5298288485272657e-16
492.04,-9.246179883030543e-14,-1.5283804803859623e-16
492.05,-9.245323044933156e-14,-1.5292558486871926e-16
492.06,-9.244412772027531e-14,-1.5297652385198533e-16
492.07,-9.2434697460245e-14,-1.528351969875167e-16
492.08,-9.242600599791405e-14,-1.5289372555798802e-16
492.09,-9.241661890333985e-14,-1.5279452471710986e-16
492.1,-9.240745196584755e-14,-1.5286336076753829e-16
492.11,-9.239837519419851e-14,-1.5276261011790376e-16
492.12,-9.238898246770479e-14,-1.5269235093921411e-16
492.13,-9.238000871830553e-14,-1.526845141248499e-16
492.14,-9.237097596801504e-14,-1.528252965782143e-16
492.15,-9.236193025236744e-14,-1.5261752173466964e-16
492.16,-9.235244796602421e-14,-1.5261736464792246e-16
492.17,-9.23454470103813e-14,-1.5290750863778255e-16
492.18,-9.233403407155183e-14,-1.5244721756327998e-16
492.19,-9.232543428101309e-14,-1.5266555228396328e-16
492.2,-9.231614083363486e-14,-1.5254449876283808e-16
492.21,-9.230702848970624e-14,-1.5275291866500762e-16
492.22,-9.229785704583938e-14,-1.525687572650546e-16
492.23,-9.228890643674727e-14,-1.525659187398032e-16
492.24,-9.227975470248322e-14,-1.525922760627805e-16
492.25,-9.227087590600151e-14,-1.5259718297779044e-16
492.26,-9.226151204230009e-14,-1.524645703369014e-16
492.27,-9.225247192628494e-14,-1.5247850307114897e-16
492.28,-9.22435762023574e-14,-1.5251948517560666e-16
492.29,-9.223415711967236e-14,-1.525386530080125e-16
492.3,-9.222512891711455e-14,-1.525396288532938e-16
492.31,-9.221627970072594e-14,-1.5246427653925445e-16
492.32,-9.220713923596317e-14,-1.523577460769044e-16
492.33,-9.219800171081124e-14,-1.5244638243842731e-16
492.34,-9.218892602388508e-14,-1.524981453549895e-16
492.35,-9.217974305541235e-14,-1.5235645457219654e-16
492.36,-9.217063444034208e-14,-1.5232267298517287e-16
492.37,-9.216168377618476e-14,-1.5235736647763087e-16
492.38,-9.215232998179525e-14,-1.5228356636139833e-16
492.39,-9.214324620373328e-14,-1.5230853126911062e-16
492.4,-9.213432936393973e-14,-1.522255505678808e-16
492.41,-9.212515191166289e-14,-1.522613877676469e-16
492.42,-9.211619412420929e-14,-1.5223477094273884e-16
492.43,-9.210703534990824e-14,-1.5216318137667993e-16
492.44,-9.209807852560648e-14,-1.5227341467894111e-16
492.45,-9.208889095287457e-14,-1.5220587085321378e-16
492.46,-9.207974338811885e-14,-1.522086647696921e-16
492.47,-9.20705156364605e-14,-1.520861366600777e-16
492.48,-9.20615913751777e-14,-1.5214094720508718e-16
492.49,-9.205266391774392e-14,-1.522051033437412e-16
492.5,-9.204338265245985e-14,-1.5208896533449493e-16
492.51,-9.203424482792615e-14,-1.5201560866127854e-16
492.52,-9.20252668210683e-14,-1.5206594964614529e-16
492.53,-9.201644441660344e-14,-1.5216892595435735e-16
492.54,-9.200711513376256e-14,-1.5199572975375557e-16
492.55,-9.199802050524758e-14,-1.5200490430576536e-16
492.56,-9.19889538729744e-14,-1.5183676449163322e-16
492.57,-9.197970867078687e-14,-1.5192590127332017e-16
492.58,-9.197085146163105e-14,-1.5197481141497924e-16
492.59,-9.196193391826982e-14,-1.519501707303868e-16
492.6,-9.195252013360667e-14,-1.5197068158815574e-16
492.61,-9.194379792103706e-14,-1.5197828786330017e-16
492.62,-9.193436766619829e-14,-1.518950728909713e-16
492.63,-9.1925435735088e-14,-1.5193101923441498e-16
492.64,-9.191646204101994e-14,-1.5185259971124628e-16
492.65,-9.190736975795796e-14,-1.5171970612634663e-16
492.66,-9.189797580887823e-14,-1.5186387040836453e-16
492.67,-9.18894636174489e-14,-1.5181302354697266e-16
492.68,-9.188025244589422e-14,-1.5180199337089996e-16
492.69,-9.187169065585565e-14,-1.5190397669288425e-16
492.7,-9.186155157831167e-14,-1.5160928563611906e-16
492.71,-9.185232236320922e-14,-1.5127425600388103e-16
492.72,-9.18442051237123e-14,-1.5175389351465685e-16
492.73,-9.183497147398004e-14,-1.5177106803854908e-16
492.74,-9.18260170400806e-14,-1.517240578227185e-16
492.75,-9.18167719276322e-14,-1.5167450980314578e-16
492.76,-9.18072612280348e-14,-1.5144295054638711e-16
492.77,-9.179867794810345e-14,-1.516533623847519e-16
492.78,-9.178970136194333e-14,-1.5168229911731056e-16
492.79,-9.177868907260959e-14,-1.510886003636658e-16
492.8,-9.177147206518352e-14,-1.5155837020225244e-16
492.81,-9.176236194163542e-14,-1.5146637799818322e-16
492.82,-9.175335260804813e-14,-1.5147175087426358e-16
492.83,-9.174450312688205e-14,-1.5163421911321162e-16
492.84,-9.17356412388982e-14,-1.5138963158718328e-16
492.85,-9.172617993636178e-14,-1.5145561920754968e-16
492.86,-9.171731264685059e-14,-1.514404322847537e-16
492.87,-9.170809554555292e-14,-1.5146047780652585e-16
492.88,-9.169911110333253e-14,-1.513830824846938e-16
492.89,-9.168988692958808e-14,-1.5138451934535434e-16
492.9,-9.16815431037994e-14,-1.5167735661878526e-16
492.91,-9.167237091126057e-14,-1.5142798702370104e-16
492.92,-9.1663433532807e-14,-1.5146290720949077e-16
492.93,-9.165364823853123e-14,-1.5118270099814738e-16
492.94,-9.164479321292808e-14,-1.5129093420810809e-16
492.95,-9.163603226047628e-14,-1.513362753464439e-16
492.96,-9.162707326791545e-14,-1.513733444623629e-16
492.97,-9.161782223221096e-14,-1.512134045174277e-16
492.98,-9.160909198977004e-14,-1.513720486517823e-16
492.99,-9.160006115198467e-14,-1.5138931850783112e-16
493.0,-9.15907597637613e-14,-1.5122657988213993e-16
493.01,-9.158261816182705e-14,-1.5153226700910084e-16
493.02,-9.157301348526818e-14,-1.512719464641854e-16
493.03,-9.15637173645085e-14,-1.5120521868013357e-16
493.04,-9.155490556982674e-14,-1.512226983726681e-16
493.05,-9.154562134190438e-14,-1.511424889708616e-16
493.06,-9.153656505950672e-14,-1.5111679515592384e-16
493.07,-9.152771123764185e-14,-1.5104564033608978e-16
493.08,-9.15188017084663e-14,-1.511815993174315e-16
493.09,-9.150982689997052e-14,-1.5100109257050438e-16
493.1,-9.149932577717193e-14,-1.5012002702012487e-16
493.11,-9.149188917029059e-14,-1.5094428123979454e-16
493.12,-9.148258019079492e-14,-1.5101233873466692e-16
493.13,-9.147364841920496e-14,-1.510377477923552e-16
493.14,-9.146464227080072e-14,-1.5112391146917094e-16
493.15,-9.145556090725543e-14,-1.5095735698780477e-16
493.16,-9.144667722367882e-14,-1.509882569578056e-16
493.17,-9.143758708052616e-14,-1.5086386130876064e-16
493.18,-9.142898715110742e-14,-1.5107547862732343e-16
493.19,-9.142007572367845e-14,-1.5103346975646276e-16
493.2,-9.141038378715584e-14,-1.5076199269674257e-16
493.21,-9.140094583518659e-14,-1.50619280360882e-16
493.22,-9.139325172467295e-14,-1.5115874113776691e-16
493.23,-9.138377673992558e-14,-1.5091872575083734e-16
493.24,-9.137464058015147e-14,-1.509144480780353e-16
493.25,-9.136555600294887e-14,-1.5080421624564505e-16
493.26,-9.135671819257786e-14,-1.5076382943878932e-16
493.27,-9.13471387010928e-14,-1.5064658658672867e-16
493.28,-9.13390474696181e-14,-1.509041869854412e-16
493.29,-9.132979758643165e-14,-1.5078410315917802e-16
493.3,-9.132058748431519e-14,-1.507164553222755e-16
493.31,-9.13113869394341e-14,-1.506793642437331e-16
493.32,-9.130220095723636e-14,-1.505758273384586e-16
493.33,-9.1293423896174e-14,-1.5053956555768172e-16
493.34,-9.128434585642137e-14,-1.5058106987944303e-16
493.35,-9.127614050266336e-14,-1.504248807180152e-16
493.36,-9.126631612206761e-14,-1.5044809674589133e-16
493.37,-9.125757068593882e-14,-1.506140282456598e-16
493.38,-9.124806424442224e-14,-1.5087791396565153e-16
493.39,-9.123979233022328e-14,-1.5046545254074594e-16
493.4,-9.123092826422847e-14,-1.5066631398077062e-16
493.41,-9.122192792757372e-14,-1.504080649985076e-16
493.42,-9.121266390671e-14,-1.5046667040090403e-16
493.43,-9.120385138195615e-14,-1.5055466097248692e-16
493.44,-9.119459081554948e-14,-1.5033633365763613e-16
493.45,-9.118613383767513e-14,-1.505580531203849e-16
493.46,-9.11768423510142e-14,-1.5048825590890315e-16
493.47,-9.116799648085858e-14,-1.5046016608504662e-16
493.48,-9.115885658111118e-14,-1.5030453152139605e-16
493.49,-9.114990089405654e-14,-1.5044014152483212e-16
493.5,-9.114103994538858e-14,-1.504155980011448e-16
493.51,-9.1132050740788e-14,-1.5033036233844311e-16
493.52,-9.112292162200283e-14,-1.502954977261503e-16
493.53,-9.111413039835298e-14,-1.5041849427909363e-16
493.54,-9.110558101987446e-14,-1.5054441468931985e-16
493.55,-9.109592338222345e-14,-1.5028251619732856e-16
493.56,-9.108672362973738e-14,-1.5020161181697288e-16
493.57,-9.107814243310259e-14,-1.5031369156835332e-16
493.58,-9.106921714208983e-14,-1.5027335446090834e-16
493.59,-9.106021505862682e-14,-1.5026348158301947e-16
493.6,-9.105123112423431e-14,-1.501847143914665e-16
493.61,-9.104218564949102e-14,-1.501086040205478e-16
493.62,-9.1033460925839e-14,-1.5019987211523993e-16
493.63,-9.102737823243448e-14,-1.493425211096382e-16
493.64,-9.101515854542031e-14,-1.500342174027686e-16
493.65,-9.100597802618561e-14,-1.5008797977892194e-16
493.66,-9.099789424822414e-14,-1.5031651929949911e-16
493.67,-9.098827038331896e-14,-1.4997457115322428e-16
493.68,-9.097988484825552e-14,-1.5002171950638114e-16
493.69,-9.097054438950658e-14,-1.4998193889010206e-16
493.7,-9.096155438427253e-14,-1.4994001859104482e-16
493.71,-9.095270367276144e-14,-1.4991731530062754e-16
493.72,-9.094733983415063e-14,-1.5264948317516753e-16
493.73,-9.093463117457473e-14,-1.499240297971035e-16
493.74,-9.092472045226635e-14,-1.49419578390642e-16
493.75,-9.091714858069562e-14,-1.5004651539196785e-16
493.76,-9.090809188976982e-14,-1.4993999343551678e-16
493.77,-9.089899329514756e-14,-1.49796340897396e-16
493.78,-9.089016430840679e-14,-1.4994415648958595e-16
493.79,-9.088114544398169e-14,-1.502127713964553e-16
493.8,-9.087218647244163e-14,-1.4983473109975163e-16
493.81,-9.086530158895425e-14,-1.5073892738533907e-16
493.82,-9.085429376565763e-14,-1.4986218610997722e-16
493.83,-9.084592562624656e-14,-1.492602633750645e-16
493.84,-9.083653074962126e-14,-1.4966925852686866e-16
493.85,-9.0827633003668e-14,-1.4969680389472832e-16
493.86,-9.081847058710152e-14,-1.4964931277596053e-16
493.87,-9.080967916617401e-14,-1.4974966930665588e-16
493.88,-9.080109913579993e-14,-1.4974913650812456e-16
493.89,-9.079186674243442e-14,-1.4969650135921534e-16
493.9,-9.078237688229742e-14,-1.4954675223703758e-16
493.91,-9.077371665376138e-14,-1.4955920857366326e-16
493.92,-9.076513670826977e-14,-1.4954997720024736e-16
493.93,-9.07561598881402e-14,-1.496453349721031e-16
493.94,-9.074734914195925e-14,-1.4953399465440949e-16
493.95,-9.073852225287304e-14,-1.4958839836718215e-16
493.96,-9.072919237620133e-14,-1.4948110581762326e-16
493.97,-9.07206148746567e-14,-1.4968952549164357e-16
493.98,-9.071149388437611e-14,-1.4951415130328194e-16
493.99,-9.070182127171602e-14,-1.4938237429975858e-16
494.0,-9.069408222617278e-14,-1.4963933266555548e-16
494.01,-9.068448124246399e-14,-1.4943072105298274e-16
494.02,-9.067582949539613e-14,-1.49452150470561e-16
494.03,-9.066676921864122e-14,-1.493310201563474e-16
494.04,-9.065791306953069e-14,-1.494528369950813e-16
494.05,-9.064913131493254e-14,-1.4951487700259472e-16
494.06,-9.064028902144765e-14,-1.4942515389129581e-16
494.07,-9.063128228282455e-14,-1.4933312059587512e-16
494.08,-9.062265861827624e-14,-1.494550855253247e-16
494.09,-9.061365548156987e-14,-1.495030541519109e-16
494.1,-9.060413609363882e-14,-1.4930837453410832e-16
494.11,-9.059562339669678e-14,-1.4935337682565523e-16
494.12,-9.058675360048701e-14,-1.4935571671394022e-16
494.13,-9.057787381511068e-14,-1.4927425172138236e-16
494.14,-9.056884438096575e-14,-1.4927575979422944e-16
494.15,-9.055991163018127e-14,-1.4915842915210235e-16
494.16,-9.055104361880554e-14,-1.4921167154505055e-16
494.17,-9.054244951834145e-14,-1.4931293680723317e-16
494.18,-9.053352954295044e-14,-1.4912972349707987e-16
494.19,-9.052428457652125e-14,-1.4909799783283406e-16
494.2,-9.051526921362872e-14,-1.4913274023454027e-16
494.21,-9.050666273982018e-14,-1.4920276979253136e-16
494.22,-9.049777712379301e-14,-1.490616930042568e-16
494.23,-9.048871293450116e-14,-1.4906741289744947e-16
494.24,-9.047976090580811e-14,-1.4897340623149503e-16
494.25,-9.047110608574221e-14,-1.48922312604377e-16
494.26,-9.046207882472814e-14,-1.4905454289069206e-16
494.27,-9.045345346939552e-14,-1.4911084218037098e-16
494.28,-9.044407526649045e-14,-1.489601159123427e-16
494.29,-9.043569427238715e-14,-1.4897283788946996e-16
494.3,-9.04264342735517e-14,-1.489408010272805e-16
494.31,-9.041750252919583e-14,-1.489119813134321e-16
494.32,-9.04089591244218e-14,-1.4871209832417157e-16
494.33,-9.039987149014792e-14,-1.4883627244214006e-16
494.34,-9.039083260768521e-14,-1.4882049410804662e-16
494.35,-9.038198324218592e-14,-1.4875961609809127e-16
494.36,-9.037346266308037e-14,-1.4885941773308567e-16
494.37,-9.036410330864687e-14,-1.4882806776140316e-16
494.38,-9.035544698411024e-14,-1.4882481025026109e-16
494.39,-9.034667295230865e-14,-1.4880559002133334e-16
494.4,-9.033774394880472e-14,-1.4885688353707696e-16
494.41,-9.032887706597865e-14,-1.4883707784334535e-16
494.42,-9.03200198246307e-14,-1.4874779641464033e-16
494.43,-9.031126712159392e-14,-1.4876801920337536e-16
494.44,-9.030222079663315e-14,-1.4866991942498526e-16
494.45,-9.029331432854333e-14,-1.486978526176032e-16
494.46,-9.028444262389594e-14,-1.4867086570999668e-16
494.47,-9.027579161122184e-14,-1.4880662884884036e-16
494.48,-9.026671233548355e-14,-1.4860813150211655e-16
494.49,-9.025783024543473e-14,-1.484724900891247e-16
494.5,-9.024897264661432e-14,-1.4867357747668453e-16
494.51,-9.024016333207363e-14,-1.4871113408843523e-16
494.52,-9.023128337645181e-14,-1.4864960046917005e-16
494.53,-9.022249430154545e-14,-1.484927049431896e-16
494.54,-9.021350299857587e-14,-1.4845706810151254e-16
494.55,-9.020452931164929e-14,-1.4843833815031021e-16
494.56,-9.019546371747111e-14,-1.4868494422819067e-16
494.57,-9.018721506897306e-14,-1.4855876115156544e-16
494.58,-9.017813743379994e-14,-1.4849318707665828e-16
494.59,-9.01692738558405e-14,-1.484514636007591e-16
494.6,-9.016035301827852e-14,-1.4839992432140826e-16
494.61,-9.015165228956203e-14,-1.4843965715575716e-16
494.62,-9.014306761130382e-14,-1.483971570441522e-16
494.63,-9.013373402941583e-14,-1.482385335214299e-16
494.64,-9.012523940241714e-14,-1.4845262406946707e-16
494.65,-9.011631057900126e-14,-1.485035752066504e-16
494.66,-9.010774535615197e-14,-1.4860851067115828e-16
494.67,-9.009830381835394e-14,-1.4810679580367987e-16
494.68,-9.008968034909241e-14,-1.4834827267401096e-16
494.69,-9.00808767398928e-14,-1.4837526499255934e-16
494.7,-9.007203462554345e-14,-1.4827022775031654e-16
494.71,-9.006326580971568e-14,-1.4836875692547015e-16
494.72,-9.005431361132826e-14,-1.4818755232186408e-16
494.73,-9.004575643769214e-14,-1.483638413257807e-16
494.74,-9.003659828847205e-14,-1.4823822337471054e-16
494.75,-9.002770100375143e-14,-1.4819261473645024e-16
494.76,-9.001898355389172e-14,-1.482878213417224e-16
494.77,-9.000996580914983e-14,-1.4812678943723034e-16
494.78,-9.00008633430433e-14,-1.4795901906584654e-16
494.79,-8.999245186365755e-14,-1.4811371483286269e-16
494.8,-8.998339367511109e-14,-1.4809077168175562e-16
494.81,-8.997441708418818e-14,-1.4800639814147982e-16
494.82,-8.996546486761639e-14,-1.479939166401106e-16
494.83,-8.995699463721089e-14,-1.4802880441356741e-16
494.84,-8.994760414785496e-14,-1.4780213046372845e-16
494.85,-8.993945157411776e-14,-1.4804303218402404e-16
494.86,-8.993047781205945e-14,-1.4792614787870914e-16
494.87,-8.992185695962146e-14,-1.483216216485696e-16
494.88,-8.991271208434983e-14,-1.4798878999367803e-16
494.89,-8.990392939977535e-14,-1.4813248021368164e-16
494.9,-8.98952461202393e-14,-1.4786634328252827e-16
494.91,-8.988618559469974e-14,-1.4795372806967444e-16
494.92,-8.987753319029655e-14,-1.4787500769295162e-16
494.93,-8.9868726874698e-14,-1.4798954636912504e-16
494.94,-8.985983959950462e-14,-1.4790622682018478e-16
494.95,-8.985111677932188e-14,-1.4783435114549036e-16
494.96,-8.984235505660001e-14,-1.4783916894129665e-16
494.97,-8.983363233717256e-14,-1.4788142276861913e-16
494.98,-8.982386419073222e-14,-1.4798489941313427e-16
494.99,-8.981567209165578e-14,-1.477505290087707e-16
495.0,-8.980780836732435e-14,-1.4853401238268207e-16
495.01,-8.979841266010519e-14,-1.4770298011110713e-16
495.02,-8.97893929377976e-14,-1.4761119440698898e-16
495.03,-8.978058649946624e-14,-1.477174194467441e-16
495.04,-8.977156110985577e-14,-1.4754249314918987e-16
495.05,-8.976278829189905e-14,-1.4767688001870523e-16
495.06,-8.975413429767305e-14,-1.4764194088718077e-16
495.07,-8.974730199550496e-14,-1.4825833367151657e-16
495.08,-8.973707276284864e-14,-1.4827154181231037e-16
495.09,-8.972454348436426e-14,-1.4765641173650851e-16
495.1,-8.971864522761059e-14,-1.4757047785232605e-16
495.11,-8.97098417312869e-14,-1.4758746101389742e-16
495.12,-8.970146328999368e-14,-1.4753013434195738e-16
495.13,-8.969277849255405e-14,-1.476667407221323e-16
495.14,-8.968371196793803e-14,-1.4752598336650164e-16
495.15,-8.967473372738767e-14,-1.4745295657642854e-16
495.16,-8.966652872882139e-14,-1.4751061782970123e-16
495.17,-8.965739534061292e-14,-1.4740336840877572e-16
495.18,-8.965189891347067e-14,-1.4968347392526415e-16
495.19,-8.963974147587057e-14,-1.4736283548503103e-16
495.2,-8.963109728032381e-14,-1.4735242857755274e-16
495.21,-8.962221979037982e-14,-1.4738814703649652e-16
495.22,-8.961326309842522e-14,-1.474945787902654e-16
495.23,-8.960451583357352e-14,-1.4733592905710457e-16
495.24,-8.959572352355024e-14,-1.4727401905213949e-16
495.25,-8.958707806484854e-14,-1.4735832302203447e-16
495.26,-8.957855300069855e-14,-1.4727245633392718e-16
495.27,-8.95682878647712e-14,-1.4734501914491888e-16
495.28,-8.956062372914423e-14,-1.4716609133810267e-16
495.29,-8.955166367216066e-14,-1.4720828233841466e-16
495.3,-8.954329640235114e-14,-1.472119985319684e-16
495.31,-8.953408198709711e-14,-1.4713523085964395e-16
495.32,-8.952537513061624e-14,-1.4713978837204572e-16
495.33,-8.95162153011576e-14,-1.4717828591381723e-16
495.34,-8.950775273282629e-14,-1.4715578492029685e-16
495.35,-8.949919341067123e-14,-1.471408170529013e-16
495.36,-8.948989948504527e-14,-1.471635591875382e-16
495.37,-8.948181879159762e-14,-1.4716451310442504e-16
495.38,-8.94730768168421e-14,-1.4713763963570514e-16
495.39,-8.946385285926859e-14,-1.470151416046662e-16
495.4,-8.945523415625987e-14,-1.4692491530789742e-16
495.41,-8.944638643811884e-14,-1.4698077610038302e-16
495.42,-8.943761423521634e-14,-1.4694367423958353e-16
495.43,-8.942880827763323e-14,-1.4710515887327953e-16
495.44,-8.942029300840687e-14,-1.4698719547178621e-16
495.45,-8.941147274539092e-14,-1.4684751667046305e-16
495.46,-8.940192940101609e-14,-1.4611592250445198e-16
495.47,-8.939393224111762e-14,-1.4697240935995628e-16
495.48,-8.938512932566384e-14,-1.46907278549943e-16
495.49,-8.937577747009773e-14,-1.4744310615550839e-16
495.5,-8.936752441096563e-14,-1.4690903785881965e-16
495.51,-8.935891379130277e-14,-1.4694876186038293e-16
495.52,-8.934955412010733e-14,-1.466049513519408e-16
495.53,-8.934112997991038e-14,-1.4674275950215675e-16
495.54,-8.933233800978018e-14,-1.4670009477830233e-16
495.55,-8.932387963647789e-14,-1.4674362021987842e-16
495.56,-8.931514132518382e-14,-1.4681737492532676e-16
495.57,-8.930631167875334e-14,-1.4668525295711284e-16
495.58,-8.929747243377729e-14,-1.467096327640332e-16
495.59,-8.928862766014556e-14,-1.4677527599462403e-16
495.6,-8.928000077405486e-14,-1.46758265705936e-16
495.61,-8.927088469341318e-14,-1.4663053051918275e-16
495.62,-8.926182405193988e-14,-1.465720376541345e-16
495.63,-8.925363278643718e-14,-1.4666984360249181e-16
495.64,-8.924518263503937e-14,-1.4667140504501676e-16
495.65,-8.923608559628768e-14,-1.4657495645303392e-16
495.66,-8.922752907237184e-14,-1.4654950788392438e-16
495.67,-8.921883016664209e-14,-1.4669004613162628e-16
495.68,-8.921025975075407e-14,-1.465389884364649e-16
495.69,-8.920131126411573e-14,-1.4651648689699246e-16
495.7,-8.919278846862387e-14,-1.461234094302883e-16
495.71,-8.91821124565086e-14,-1.4569659251926788e-16
495.72,-8.917507726657122e-14,-1.4659275464441972e-16
495.73,-8.916642170535528e-14,-1.464672703851226e-16
495.74,-8.915743829550099e-14,-1.4651080552666207e-16
495.75,-8.914885513713703e-14,-1.4646235435296326e-16
495.76,-8.914029137285034e-14,-1.4647038126396638e-16
495.77,-8.913140822471862e-14,-1.4641610067582553e-16
495.78,-8.912256464767069e-14,-1.4635491651722612e-16
495.79,-8.911361393783936e-14,-1.4627010430913878e-16
495.8,-8.91072670609922e-14,-1.4674900985946505e-16
495.81,-8.909631317007174e-14,-1.462788610240347e-16
495.82,-8.908756709972463e-14,-1.464208091851142e-16
495.83,-8.907904830922372e-14,-1.4635958784779783e-16
495.84,-8.90701684910564e-14,-1.4631546293334374e-16
495.85,-8.906158372294766e-14,-1.4631476322830046e-16
495.86,-8.90527444971662e-14,-1.4627521049823265e-16
495.87,-8.904387874015435e-14,-1.4620628372576325e-16
495.88,-8.903508809010847e-14,-1.4612113951852406e-16
495.89,-8.902719481191877e-14,-1.4612059311226583e-16
495.9,-8.901772837422444e-14,-1.4616808787246942e-16
495.91,-8.900904111564364e-14,-1.4618424007169409e-16
495.92,-8.900064476266259e-14,-1.4618466813155296e-16
495.93,-8.899190803752593e-14,-1.4609388870082203e-16
495.94,-8.898344359312488e-14,-1.4638820191070525e-16
495.95,-8.897410159316404e-14,-1.460752413755878e-16
495.96,-8.896546260845966e-14,-1.4606992759950976e-16
495.97,-8.895719325490411e-14,-1.4623812081373086e-16
495.98,-8.894818321443429e-14,-1.460308053724594e-16
495.99,-8.893925409625011e-14,-1.4607264824321758e-16
496.0,-8.893058943915144e-14,-1.4602424851750324e-16
496.01,-8.89219434439606e-14,-1.4602848730988196e-16
496.02,-8.891338681242671e-14,-1.4591418494933026e-16
496.03,-8.890443102704773e-14,-1.4594691624398518e-16
496.04,-8.889585069697463e-14,-1.4591616791003137e-16
496.05,-8.888706051553563e-14,-1.4582891878400882e-16
496.06,-8.887852110925468e-14,-1.4601485031011448e-16
496.07,-8.886974863910837e-14,-1.4564496169611746e-16
496.08,-8.886098602879746e-14,-1.458846387951119e-16
496.09,-8.885228654472024e-14,-1.4589007006278655e-16
496.1,-8.88436556791784e-14,-1.457021955119719e-16
496.11,-8.883466377950085e-14,-1.4583467671848848e-16
496.12,-8.882629758911847e-14,-1.4579617230906913e-16
496.13,-8.881767553884109e-14,-1.4585152816145522e-16
496.14,-8.880904797480618e-14,-1.45827399086872e-16
496.15,-8.880061410776782e-14,-1.458924907977915e-16
496.16,-8.879145408413319e-14,-1.4571503390880242e-16
496.17,-8.878281243174176e-14,-1.4568934028172905e-16
496.18,-8.877385460365531e-14,-1.4558498953557015e-16
496.19,-8.876546669737368e-14,-1.4562987965417576e-16
496.2,-8.875650708554973e-14,-1.4567891013659822e-16
496.21,-8.874790298520287e-14,-1.455891655047562e-16
496.22,-8.873929962984536e-14,-1.4566928403088634e-16
496.23,-8.873027249365674e-14,-1.4559590561450683e-16
496.24,-8.872173277884683e-14,-1.4560315317781657e-16
496.25,-8.871307298161847e-14,-1.45569076851191e-16
496.26,-8.870492557088639e-14,-1.4565270862138948e-16
496.27,-8.86957573983281e-14,-1.4553743653437976e-16
496.28,-8.868738890266618e-14,-1.4553708722721772e-16
496.29,-8.867841918751795e-14,-1.4541702417004013e-16
496.3,-8.866995349365088e-14,-1.454588378150508e-16
496.31,-8.866147492056309e-14,-1.4544900150568166e-16
496.32,-8.86526660777395e-14,-1.4548929326342803e-16
496.33,-8.864396536398783e-14,-1.4546977304970376e-16
496.34,-8.863512797254822e-14,-1.4544054497555838e-16
496.35,-8.8626301409485e-14,-1.453111473887241e-16
496.36,-8.86178311543664e-14,-1.454160171476968e-16
496.37,-8.860902395545538e-14,-1.453689952154215e-16
496.38,-8.860032925682212e-14,-1.453841052442853e-16
496.39,-8.859169479053048e-14,-1.4532290509035673e-16
496.4,-8.858294035897396e-14,-1.4531345960854805e-16
496.41,-8.857461046607747e-14,-1.4531895981586897e-16
496.42,-8.856556867362655e-14,-1.4526418047398826e-16
496.43,-8.855702587549978e-14,-1.4524827419621906e-16
496.44,-8.854824786808244e-14,-1.4525042812614754e-16
496.45,-8.853980890889138e-14,-1.4528773144852543e-16
496.46,-8.853134063058234e-14,-1.4526981138305005e-16
496.47,-8.852220471584449e-14,-1.4523429712110593e-16
496.48,-8.851346375040633e-14,-1.4514409565850788e-16
496.49,-8.850468389620343e-14,-1.4510442636115733e-16
496.5,-8.849647563927158e-14,-1.4514640819968919e-16
496.51,-8.848798958214821e-14,-1.451706755306102e-16
496.52,-8.847946204459043e-14,-1.4515093947637563e-16
496.53,-8.847015941457283e-14,-1.450542293416255e-16
496.54,-8.84617976667518e-14,-1.4509203172619893e-16
496.55,-8.845307806384134e-14,-1.4509135178614757e-16
496.56,-8.844455230515305e-14,-1.450066764727432e-16
496.57,-8.84358008924024e-14,-1.4501843370728207e-16
496.58,-8.842732661496355e-14,-1.4505129107815922e-16
496.59,-8.841849246344432e-14,-1.4502368759293192e-16
496.6,-8.840998159391372e-14,-1.4490240744601135e-16
496.61,-8.840101919631676e-14,-1.449016332954604e-16
496.62,-8.839247407873906e-14,-1.4497633075401715e-16
496.63,-8.838412410490084e-14,-1.449772213412542e-16
496.64,-8.837536047683278e-14,-1.4485236219325496e-16
496.65,-8.836664027901549e-14,-1.4503967237313164e-16
496.66,-8.83577373278012e-14,-1.4496121812691123e-16
496.67,-8.834939236283453e-14,-1.4479904533531487e-16
496.68,-8.834042341683777e-14,-1.4504152646031383e-16
496.69,-8.833215180620163e-14,-1.448438942469804e-16
496.7,-8.832336642144468e-14,-1.4473359691758839e-16
496.71,-8.831466787830446e-14,-1.4477939359914437e-16
496.72,-8.830613362298397e-14,-1.4482282950760955e-16
496.73,-8.829749124716663e-14,-1.4480462372989643e-16
496.74,-8.828868479312142e-14,-1.4468218445657013e-16
496.75,-8.828028197185755e-14,-1.4472332688320253e-16
496.76,-8.827126199333946e-14,-1.446762604458943e-16
496.77,-8.826259580482344e-14,-1.446710096993043e-16
496.78,-8.825400033594619e-14,-1.4458228105318794e-16
496.79,-8.824570536274687e-14,-1.4472354028002772e-16
496.8,-8.823684801289958e-14,-1.4456936554599284e-16
496.81,-8.822804350287726e-14,-1.443650346864345e-16
496.82,-8.821984396690569e-14,-1.4461411408410113e-16
496.83,-8.821098758806236e-14,-1.4441960404451324e-16
496.84,-8.82030026878315e-14,-1.4468837468634872e-16
496.85,-8.819390536518739e-14,-1.4458821316717738e-16
496.86,-8.818443751440934e-14,-1.444795164647132e-16
496.87,-8.817694274649923e-14,-1.444302170770037e-16
496.88,-8.816784568079399e-14,-1.444541423470356e-16
496.89,-8.815949153801982e-14,-1.4451188662662368e-16
496.9,-8.815077392192417e-14,-1.4452666444753893e-16
496.91,-8.814232796283506e-14,-1.4448112699592506e-16
496.92,-8.813330141986506e-14,-1.4437683718839077e-16
496.93,-8.812481375063671e-14,-1.4440713934785664e-16
496.94,-8.81163199655351e-14,-1.4434374519464614e-16
496.95,-8.81062787083344e-14,-1.434171779169018e-16
496.96,-8.809897884632934e-14,-1.442783858227943e-16
496.97,-8.809048803589444e-14,-1.4438862958937812e-16
496.98,-8.808200536559087e-14,-1.4434425831546942e-16
496.99,-8.807321201927736e-14,-1.4426245758108517e-16
497.0,-8.806467663333604e-14,-1.442924323565175e-16
497.01,-8.805599376720272e-14,-1.4431563913046e-16
497.02,-8.804733967021868e-14,-1.4427375427813384e-16
497.03,-8.803963790085105e-14,-1.442826734901922e-16
497.04,-8.803097213438068e-14,-1.4507971873378404e-16
497.05,-8.802065780353618e-14,-1.440720991630906e-16
497.06,-8.801317052476556e-14,-1.442101034051495e-16
497.07,-8.800446899019874e-14,-1.442054720937726e-16
497.08,-8.799595115789511e-14,-1.440978553095087e-16
497.09,-8.798734209385554e-14,-1.4412016358761067e-16
497.1,-8.797864386735414e-14,-1.4410719384527137e-16
497.11,-8.796982755032625e-14,-1.441432123606292e-16
497.12,-8.796167931617995e-14,-1.4405895566186289e-16
497.13,-8.795255031172494e-14,-1.4411049603245962e-16
497.14,-8.794439816996212e-14,-1.4414865780778622e-16
497.15,-8.793537951187908e-14,-1.4398999015970925e-16
497.16,-8.792701420375311e-14,-1.4411749725171778e-16
497.17,-8.791835126915181e-14,-1.438967485591473e-16
497.18,-8.790985815203162e-14,-1.439346944249791e-16
497.19,-8.79010627774205e-14,-1.4400616241697848e-16
497.2,-8.789248544306084e-14,-1.4411008881633176e-16
497.21,-8.788357423201947e-14,-1.4393386847098892e-16
497.22,-8.78751932622834e-14,-1.4393531789341803e-16
497.23,-8.786705103829103e-14,-1.4392590380247084e-16
497.24,-8.785836353066083e-14,-1.4383456766322003e-16
497.25,-8.784985881974515e-14,-1.4389126933365822e-16
497.26,-8.784240343184081e-14,-1.442826254934094e-16
497.27,-8.78325231960233e-14,-1.438422789016316e-16
497.28,-8.782374672777166e-14,-1.437621774978853e-16
497.29,-8.781403560163011e-14,-1.4419937556250722e-16
497.3,-8.780644643123381e-14,-1.4369031367984267e-16
497.31,-8.779793338498755e-14,-1.4370652950176976e-16
497.32,-8.779002288455229e-14,-1.438767141937812e-16
497.33,-8.778091635668388e-14,-1.4380421566703257e-16
497.34,-8.777253548281986e-14,-1.4379535865572623e-16
497.35,-8.776370658255614e-14,-1.4364772241214704e-16
497.36,-8.77551177904143e-14,-1.4368408520366656e-16
497.37,-8.774677690351074e-14,-1.4363431100459165e-16
497.38,-8.773776463216961e-14,-1.4363349334191113e-16
497.39,-8.773042976922757e-14,-1.438027407557379e-16
497.4,-8.772065258816891e-14,-1.4355243168773378e-16
497.41,-8.77127252598154e-14,-1.4360872238067529e-16
497.42,-8.770436609622032e-14,-1.4399457429724673e-16
497.43,-8.769541452840295e-14,-1.4364796932110825e-16
497.44,-8.768685650266689e-14,-1.4352197488151965e-16
497.45,-8.767830097285148e-14,-1.435389193151182e-16
497.46,-8.766978461259647e-14,-1.4351409028325048e-16
497.47,-8.766074935852994e-14,-1.4347211243831781e-16
497.48,-8.765402276966607e-14,-1.4378378248269478e-16
497.49,-8.764394087109716e-14,-1.4342662761177004e-16
497.5,-8.76354823797178e-14,-1.434625077707362e-16
497.51,-8.762672586756474e-14,-1.4344373992279846e-16
497.52,-8.761804597785088e-14,-1.433922994919726e-16
497.53,-8.760938305859027e-14,-1.43267111269292e-16
497.54,-8.760108692832304e-14,-1.4339105910533463e-16
497.55,-8.759255985855892e-14,-1.4331927109234798e-16
497.56,-8.758401773897017e-14,-1.4334337142196913e-16
497.57,-8.757975769524834e-14,-1.4234163556774003e-16
497.58,-8.756723706398351e-14,-1.4340171055971189e-16
497.59,-8.755828307911807e-14,-1.4333643435227622e-16
497.6,-8.754989151689091e-14,-1.4332692605043445e-16
497.61,-8.754128351587055e-14,-1.432879379015495e-16
497.62,-8.7532791576251e-14,-1.4334378047211147e-16
497.63,-8.752392759747861e-14,-1.4320005333287287e-16
497.64,-8.751562702369771e-14,-1.4310828541044116e-16
497.65,-8.750712490598818e-14,-1.430967810833588e-16
497.66,-8.750102103660032e-14,-1.4534730663109306e-16
497.67,-8.749108716501687e-14,-1.435918086000406e-16
497.68,-8.748123546265038e-14,-1.4256238122156788e-16
497.69,-8.747279251039775e-14,-1.4310402900107e-16
497.7,-8.746460830876159e-14,-1.4318895277927388e-16
497.71,-8.74558652934846e-14,-1.4311516695271464e-16
497.72,-8.744710990446701e-14,-1.4310531598729059e-16
497.73,-8.743837152263138e-14,-1.430002107843501e-16
497.74,-8.743049457978633e-14,-1.4309074349503743e-16
497.75,-8.742198617153754e-14,-1.4329920097943082e-16
497.76,-8.741306801141888e-14,-1.4305961451242886e-16
497.77,-8.74065640809976e-14,-1.4327979062503283e-16
497.78,-8.739610857750492e-14,-1.4292178855524968e-16
497.79,-8.738734853682842e-14,-1.430191947488679e-16
497.8,-8.737892739715679e-14,-1.4301940572754804e-16
497.81,-8.737031490818303e-14,-1.428680843699246e-16
497.82,-8.736206812856473e-14,-1.4284686468890978e-16
497.83,-8.73532296395146e-14,-1.4287665138589594e-16
497.84,-8.734447774548137e-14,-1.4273967694871929e-16
497.85,-8.733648812379109e-14,-1.4295129512366462e-16
497.86,-8.732851124246405e-14,-1.4304953996745612e-16
497.87,-8.731926530129013e-14,-1.427864482609548e-16
497.88,-8.731152708554446e-14,-1.4286054447962876e-16
497.89,-8.730232599963585e-14,-1.4274565930175231e-16
497.9,-8.729385574078331e-14,-1.4277952323340833e-16
497.91,-8.72852959309798e-14,-1.4289179718719263e-16
497.92,-8.727662797334333e-14,-1.4283378031230291e-16
497.93,-8.726814723559356e-14,-1.426696769416509e-16
497.94,-8.725976854854456e-14,-1.4280066403955514e-16
497.95,-8.725141660689695e-14,-1.427576675282419e-16
497.96,-8.724256365268658e-14,-1.426524668559656e-16
497.97,-8.723394335223547e-14,-1.4267390401363546e-16
497.98,-8.722543391986743e-14,-1.4261909274270857e-16
497.99,-8.721713924560813e-14,-1.4267334708684014e-16
498.0,-8.720850289502297e-14,-1.4257518856429733e-16
498.01,-8.719988130624319e-14,-1.4259744746816375e-16
498.02,-8.719193820242826e-14,-1.4262223908381813e-16
498.03,-8.718282190965732e-14,-1.4250580473305424e-16
498.04,-8.717467951007489e-14,-1.4251213979323917e-16
498.05,-8.716605351102979e-14,-1.424523858160435e-16
498.06,-8.715747510163193e-14,-1.424146579040976e-16
498.07,-8.7148898661922e-14,-1.4246349942549305e-16
498.08,-8.71405544621501e-14,-1.4247874978457523e-16
498.09,-8.71323147598013e-14,-1.4266873576636635e-16
498.1,-8.712363002922696e-14,-1.4242352729510074e-16
498.11,-8.711530751437303e-14,-1.424307785440806e-16
498.12,-8.710681105637091e-14,-1.4246829667180576e-16
498.13,-8.709784386080867e-14,-1.424454639416434e-16
498.14,-8.708951068750259e-14,-1.4238622262489135e-16
498.15,-8.708114228495797e-14,-1.4236528366408232e-16
498.16,-8.707248273521837e-14,-1.4239068866366295e-16
498.17,-8.706390979240189e-14,-1.4226490439653058e-16
498.18,-8.705541393551715e-14,-1.4218358046274154e-16
498.19,-8.704708554525052e-14,-1.4266447776311008e-16
498.2,-8.703841887255262e-14,-1.422791608839079e-16
498.21,-8.703020183303246e-14,-1.42293845572931e-16
498.22,-8.702138526034672e-14,-1.422339298908419e-16
498.23,-8.701339242727035e-14,-1.4226182459272017e-16
498.24,-8.700444091755246e-14,-1.4212269044328889e-16
498.25,-8.699641531256806e-14,-1.4225181231050655e-16
498.26,-8.698767527319696e-14,-1.4224964846049607e-16
498.27,-8.697917150761896e-14,-1.42137355441044e-16
498.28,-8.6970548132651e-14,-1.4201832920318614e-16
498.29,-8.696205184204307e-14,-1.422214954336369e-16
498.3,-8.695375460362888e-14,-1.421135633535634e-16
498.31,-8.694545284706961e-14,-1.4211918551343722e-16
498.32,-8.693667878610977e-14,-1.4207858645497867e-16
498.33,-8.692821467433609e-14,-1.420362483198608e-16
498.34,-8.691975366903759e-14,-1.419732815242887e-16
498.35,-8.691132965489985e-14,-1.4201592134077514e-16
498.36,-8.690277077270608e-14,-1.420035740909542e-16
498.37,-8.68944383371071e-14,-1.4194890263562629e-16
498.38,-8.688600722712293e-14,-1.419756416089823e-16
498.39,-8.687730213886303e-14,-1.4190343180833215e-16
498.4,-8.686844173731604e-14,-1.4187982851455158e-16
498.41,-8.686050001892638e-14,-1.4190721016459113e-16
498.42,-8.685205613457794e-14,-1.4200480368045867e-16
498.43,-8.68435400210635e-14,-1.4168880474002148e-16
498.44,-8.683494219940752e-14,-1.4183370971048125e-16
498.45,-8.682643743038438e-14,-1.4185484364884862e-16
498.46,-8.681807606951385e-14,-1.417981006873461e-16
498.47,-8.680985227562565e-14,-1.4195370029347654e-16
498.48,-8.680112120837035e-14,-1.41823636659998e-16
498.49,-8.679263338881511e-14,-1.4170912363751578e-16
498.5,-8.678398926641458e-14,-1.4164569916494217e-16
498.51,-8.677558598844554e-14,-1.4172013940450874e-16
498.52,-8.676728787390931e-14,-1.4174548122741677e-16
498.53,-8.675892632669909e-14,-1.416619433038376e-16
498.54,-8.675022408503009e-14,-1.416805547161685e-16
498.55,-8.674204418913306e-14,-1.41828370617999e-16
498.56,-8.673306601519815e-14,-1.414975195897878e-16
498.57,-8.672491721901919e-14,-1.417141625153408e-16
498.58,-8.671681155876138e-14,-1.417037182100802e-16
498.59,-8.6708172332585e-14,-1.4167056106320325e-16
498.6,-8.669974425452733e-14,-1.4171038398214443e-16
498.61,-8.669159497576477e-14,-1.415489376900288e-16
498.62,-8.668283005271359e-14,-1.4157529779318832e-16
498.63,-8.667432006927428e-14,-1.4157629946356896e-16
498.64,-8.666592152253097e-14,-1.4152719896881701e-16
498.65,-8.665699214383122e-14,-1.4143231545552888e-16
498.66,-8.664892264551177e-14,-1.415419243922888e-16
498.67,-8.664066004304435e-14,-1.4149726925806129e-16
498.68,-8.663216422533579e-14,-1.4149515073457896e-16
498.69,-8.66237039637873e-14,-1.4147693405546562e-16
498.7,-8.661512649041675e-14,-1.4140225526512563e-16
498.71,-8.660659460657009e-14,-1.4137351544945976e-16
498.72,-8.659835885916178e-14,-1.414592130918761e-16
498.73,-8.658990231449278e-14,-1.4139264901616565e-16
498.74,-8.658116228017457e-14,-1.4130360272731721e-16
498.75,-8.657307201344211e-14,-1.4142725703506854e-16
498.76,-8.656443152339813e-14,-1.4152328028734237e-16
498.77,-8.655611717826541e-14,-1.4130178100230933e-16
498.78,-8.654823286769316e-14,-1.4138426038328485e-16
498.79,-8.653939057175419e-14,-1.413651221867159e-16
498.8,-8.653088934437148e-14,-1.4128263394201705e-16
498.81,-8.652252141905393e-14,-1.4128648029741547e-16
498.82,-8.651398289869029e-14,-1.4121129649575336e-16
498.83,-8.65051304610076e-14,-1.4104429399429956e-16
498.84,-8.649717307525016e-14,-1.4123473877316943e-16
498.85,-8.648855469034307e-14,-1.4103117540847053e-16
498.86,-8.648026428844023e-14,-1.411763840391283e-16
498.87,-8.647184002697892e-14,-1.4125886075366707e-16
498.88,-8.64635111324934e-14,-1.4106878492320026e-16
498.89,-8.645494152411849e-14,-1.41131611354325e-16
498.9,-8.644643020840578e-14,-1.4116911942360413e-16
498.91,-8.643807938755754e-14,-1.4099146627215383e-16
498.92,-8.643051170626339e-14,-1.4050674573515953e-16
498.93,-8.642130113843359e-14,-1.410011706903254e-16
498.94,-8.641370363700604e-14,-1.4149139522668387e-16
498.95,-8.640444741063169e-14,-1.4102515817651238e-16
498.96,-8.639587846732298e-14,-1.413115446576624e-16
498.97,-8.638770097540322e-14,-1.4094730029754926e-16
498.98,-8.637923938084668e-14,-1.4088865761835672e-16
498.99,-8.637097753226533e-14,-1.410942655376028e-16
499.0,-8.636266194571613e-14,-1.4102348857465608e-16
499.01,-8.63534128016935e-14,-1.4062931255049788e-16
499.02,-8.634522110179994e-14,-1.409496772331646e-16
499.03,-8.633975255001982e-14,-1.4347150471559983e-16
499.04,-8.632869923082746e-14,-1.4088562734860483e-16
499.05,-8.632028960034363e-14,-1.408101113940238e-16
499.06,-8.631213714324949e-14,-1.4096542754768678e-16
499.07,-8.630353980492893e-14,-1.4086666089536454e-16
499.08,-8.629516146718548e-14,-1.4090359631411287e-16
499.09,-8.628667844194609e-14,-1.4074128957560603e-16
499.1,-8.627793100741583e-14,-1.4074597857161733e-16
499.11,-8.62699746745431e-14,-1.4079389649390921e-16
499.12,-8.626651029284792e-14,-1.4023242784973788e-16
499.13,-8.625303624931942e-14,-1.4075133825045516e-16
499.14,-8.624478450907512e-14,-1.407065973309256e-16
499.15,-8.623646159842136e-14,-1.4065580892142366e-16
499.16,-8.622793040477555e-14,-1.406226142074626e-16
499.17,-8.621945979318418e-14,-1.4064813994960209e-16
499.18,-8.621112227204506e-14,-1.4065284263391e-16
499.19,-8.620252156583247e-14,-1.4065205543158962e-16
499.2,-8.619453327428366e-14,-1.4072361817898748e-16
499.21,-8.618644956378233e-14,-1.4093814721342268e-16
499.22,-8.617759993784283e-14,-1.4067782167397398e-16
499.23,-8.616894781971485e-14,-1.4052000734305212e-16
499.24,-8.616091123307879e-14,-1.4055915976018534e-16
499.25,-8.615237972557809e-14,-1.4055101779271347e-16
499.26,-8.614374907138641e-14,-1.4045034367971336e-16
499.27,-8.613553988250171e-14,-1.403821114177778e-16
499.28,-8.612709952033879e-14,-1.4052209622516822e-16
499.29,-8.611888285026347e-14,-1.404344448566188e-16
499.3,-8.611073001284925e-14,-1.4068001316532563e-16
499.31,-8.610194762593242e-14,-1.4037998005145444e-16
499.32,-8.609349601654028e-14,-1.4050203758211546e-16
499.33,-8.608524595617384e-14,-1.403653063214942e-16
499.34,-8.60773995112129e-14,-1.400573026009053e-16
499.35,-8.606862434128328e-14,-1.4030100546565276e-16
499.36,-8.606034135743531e-14,-1.4036701291341313e-16
499.37,-8.6049718864943e-14,-1.4033278991762734e-16
499.38,-8.604390707195521e-14,-1.4040276864717826e-16
499.39,-8.603479355015894e-14,-1.4024303385541584e-16
499.4,-8.602680140262055e-14,-1.4032530950174607e-16
499.41,-8.601838760400964e-14,-1.4030343958405317e-16
499.42,-8.60098725449715e-14,-1.4030123976439824e-16
499.43,-8.600114580023217e-14,-1.399742774645486e-16
499.44,-8.599333979426596e-14,-1.401892290315223e-16
499.45,-8.598463576204464e-14,-1.4014630251621397e-16
499.46,-8.597625150229964e-14,-1.4010567901418992e-16
499.47,-8.596833097533863e-14,-1.402256778937608e-16
499.48,-8.595947128140199e-14,-1.400469978938897e-16
499.49,-8.595152416769488e-14,-1.4014572573859097e-16
499.5,-8.59429822759963e-14,-1.4013126354366321e-16
499.51,-8.59345579376558e-14,-1.4016101036837582e-16
499.52,-8.592645098797772e-14,-1.4015861243302428e-16
499.53,-8.591807708168189e-14,-1.4039134544525536e-16
499.54,-8.590950804208233e-14,-1.3985647877114587e-16
499.55,-8.590126152158873e-14,-1.4018729670455115e-16
499.56,-8.58930682453543e-14,-1.4010652549792615e-16
499.57,-8.588483954159299e-14,-1.400237993950639e-16
499.58,-8.587608965659282e-14,-1.3994517055674301e-16
499.59,-8.586769817146767e-14,-1.3996459869177427e-16
499.6,-8.585941714299946e-14,-1.4001360439861024e-16
499.61,-8.585107679690288e-14,-1.3991810834171706e-16
499.62,-8.584269994601003e-14,-1.3988305282616646e-16
499.63,-8.58344657784047e-14,-1.3987141843597682e-16
499.64,-8.582601284657144e-14,-1.3978662758084226e-16
499.65,-8.581811210881948e-14,-1.388224036621861e-16
499.66,-8.580909599941429e-14,-1.3976674587457446e-16
499.67,-8.580086508176295e-14,-1.397712204025255e-16
499.68,-8.57926715361071e-14,-1.3980252829521909e-16
499.69,-8.578412236994974e-14,-1.397164441125524e-16
499.7,-8.577564748149366e-14,-1.3979466728057839e-16
499.71,-8.576747227109013e-14,-1.3979997045515463e-16
499.72,-8.575918166943987e-14,-1.3976273344061016e-16
499.73,-8.575077929979179e-14,-1.3982983356252294e-16
499.74,-8.574318460855346e-14,-1.4013305704583243e-16
499.75,-8.573404996693334e-14,-1.3965999999746984e-16
499.76,-8.572567467043196e-14,-1.3954837624165858e-16
499.77,-8.57176275246198e-14,-1.397836957767775e-16
499.78,-8.57092119634113e-14,-1.396708057295807e-16
499.79,-8.570099345184225e-14,-1.3965214573317688e-16
499.8,-8.569240605120426e-14,-1.3962101954839165e-16
499.81,-8.568420155599995e-14,-1.3952369759160948e-16
499.82,-8.567646313822425e-14,-1.3969488884479474e-16
499.83,-8.566768914899802e-14,-1.3966884383378247e-16
499.84,-8.56591095452831e-14,-1.3953584738437816e-16
499.85,-8.565067971322103e-14,-1.398968314560633e-16
499.86,-8.564261681886257e-14,-1.3953654420273445e-16
499.87,-8.563417977852153e-14,-1.3963020380655235e-16
499.88,-8.562541793423952e-14,-1.3940715027603022e-16
499.89,-8.561773923576395e-14,-1.395575545184385e-16
499.9,-8.560941642795108e-14,-1.3935052192588815e-16
499.91,-8.560145215459252e-14,-1.3987383089849802e-16
499.92,-8.559257690994887e-14,-1.395614229236126e-16
499.93,-8.558427735057341e-14,-1.3941348708834343e-16
499.94,-8.557601768734646e-14,-1.3939371124108854e-16
499.95,-8.556770869096052e-14,-1.3941973566416547e-16
499.96,-8.55593386102396e-14,-1.38780653855652e-16
499.97,-8.555070925328318e-14,-1.3927630078727287e-16
499.98,-8.554251894944497e-14,-1.3936274034418646e-16
499.99,-8.553453507218446e-14,-1.3919000547150076e-16
500.0,-8.55260291921795e-14,-1.3929295021757484e-16
500.01,-8.551783598935305e-14,-1.3935804250064476e-16
500.02,-8.550922529081607e-14,-1.3921224078568284e-16
500.03,-8.550128639714273e-14,-1.3925524607067095e-16
500.04,-8.549306618820637e-14,-1.391464183631446e-16
500.05,-8.548433041554884e-14,-1.3924340527215856e-16
500.06,-8.547619090087362e-14,-1.3939875048450531e-16
500.07,-8.546770594858563e-14,-1.392253126371198e-16
500.08,-8.545958747296958e-14,-1.3930297191091203e-16
500.09,-8.545120023785539e-14,-1.392467788783553e-16
500.1,-8.544290934306927e-14,-1.3920113322462388e-16
500.11,-8.543439209262629e-14,-1.3904826198425682e-16
500.12,-8.542642727003652e-14,-1.3921586615595686e-16
500.13,-8.541786524882165e-14,-1.391067875683822e-16
500.14,-8.540950968058676e-14,-1.390417192702096e-16
500.15,-8.540155322319028e-14,-1.390643056838352e-16
500.16,-8.539274683573686e-14,-1.390752883491765e-16
500.17,-8.538495577683554e-14,-1.3903921204978856e-16
500.18,-8.537657477308442e-14,-1.3901426312753171e-16
500.19,-8.536813278477694e-14,-1.390010885948467e-16
500.2,-8.535991590347799e-14,-1.3902385114232461e-16
500.21,-8.535172430319632e-14,-1.3897313190193467e-16
500.22,-8.534320963011133e-14,-1.3894449429173418e-16
500.23,-8.533499651344239e-14,-1.3895170582668361e-16
500.24,-8.532683763357216e-14,-1.3890593327773608e-16
500.25,-8.531853590555429e-14,-1.3891936224922902e-16
500.26,-8.530993984059381e-14,-1.3886548584821547e-16
500.27,-8.530185045931927e-14,-1.3886983886213937e-16
500.28,-8.529375648696863e-14,-1.3887407951394104e-16
500.29,-8.528525829519825e-14,-1.3880807172494414e-16
500.3,-8.527693270033212e-14,-1.3881836645316189e-16
500.31,-8.526861061078599e-14,-1.387437973725939e-16
500.32,-8.526017076870655e-14,-1.388112863037428e-16
500.33,-8.525198841341576e-14,-1.3877105152077467e-16
500.34,-8.524359815344065e-14,-1.3872771260101658e-16
500.35,-8.523571554760305e-14,-1.387551636758322e-16
500.36,-8.522738779683695e-14,-1.3869374802789584e-16
500.37,-8.521919534927004e-14,-1.3871435176452582e-16
500.38,-8.5210757272222e-14,-1.3864439728119717e-16
500.39,-8.52025171290754e-14,-1.3872650138851934e-16
500.4,-8.519415623991513e-14,-1.3863193702245816e-16
500.41,-8.518570697383339e-14,-1.3862369417497196e-16
500.42,-8.51775915899277e-14,-1.3858866927065223e-16
500.43,-8.516926467165176e-14,-1.38564430805153e-16
500.44,-8.516093500021854e-14,-1.3857704673527128e-16
500.45,-8.515264639479691e-14,-1.3863976732857871e-16
500.46,-8.514449334306977e-14,-1.3846591794299974e-16
500.47,-8.513610633120728e-14,-1.3840295495974497e-16
500.48,-8.512806959736945e-14,-1.3851716415193757e-16
500.49,-8.511977224520594e-14,-1.3858331588494211e-16
500.5,-8.511127278264145e-14,-1.3858975456240576e-16
500.51,-8.510293799802224e-14,-1.3842052702099724e-16
500.52,-8.509510242667613e-14,-1.3847834123458316e-16
500.53,-8.50864933722092e-14,-1.3842556123986457e-16
500.54,-8.5078028788742e-14,-1.3817115963381318e-16
500.55,-8.507024597870946e-14,-1.3842409778737573e-16
500.56,-8.506182512659204e-14,-1.3836387281916253e-16
500.57,-8.505381911965047e-14,-1.38477723331643e-16
500.58,-8.504466755362856e-14,-1.3872083002239523e-16
500.59,-8.503694185691123e-14,-1.3837002381543282e-16
500.6,-8.50295521981682e-14,-1.3855423797921094e-16
500.61,-8.502063523333321e-14,-1.3832167060070073e-16
500.62,-8.501221325705216e-14,-1.3820108634479469e-16
500.63,-8.500393920123978e-14,-1.3832565218277816e-16
500.64,-8.499573021942253e-14,-1.3837430244664602e-16
500.65,-8.498734909543895e-14,-1.381850462492635e-16
500.66,-8.497949220118126e-14,-1.3826003188112092e-16
500.67,-8.497098765891237e-14,-1.3818352638414145e-16
500.68,-8.496274766332189e-14,-1.3819847208985893e-16
500.69,-8.495459639065392e-14,-1.381853010402349e-16
500.7,-8.494626677303673e-14,-1.3806688743392418e-16
500.71,-8.493828695316325e-14,-1.3811924399206449e-16
500.72,-8.492990552836561e-14,-1.3816360436062343e-16
500.73,-8.492146876807343e-14,-1.3812710719999224e-16
500.74,-8.491330928561019e-14,-1.3815761390809462e-16
500.75,-8.490485170832004e-14,-1.3821349560013086e-16
500.76,-8.489665257190483e-14,-1.38073051645868e-16
500.77,-8.488870195879069e-14,-1.379904902106798e-16
500.78,-8.488049421275387e-14,-1.3809855028537764e-16
500.79,-8.487193179091873e-14,-1.3799787351081181e-16
500.8,-8.48644111051719e-14,-1.3792610938385343e-16
500.81,-8.485604358424622e-14,-1.381954546014676e-16
500.82,-8.484742258912951e-14,-1.3797730759311215e-16
500.83,-8.483923651357866e-14,-1.3796416854151887e-16
500.84,-8.483102806393053e-14,-1.3801294798183204e-16
500.85,-8.482276148826657e-14,-1.379496448480596e-16
500.86,-8.481425896484055e-14,-1.378515491459448e-16
500.87,-8.480607695299113e-14,-1.3787874765440879e-16
500.88,-8.47980573908646e-14,-1.3795109519835708e-16
500.89,-8.478816037854638e-14,-1.3829380509257902e-16
500.9,-8.478153158282446e-14,-1.3792292493681677e-16
500.91,-8.477332776936505e-14,-1.3783819167758464e-16
500.92,-8.476509310149962e-14,-1.3782389703438496e-16
500.93,-8.475679488257927e-14,-1.3778580138705806e-16
500.94,-8.474859854153392e-14,-1.3776672697011818e-16
500.95,-8.474050362682913e-14,-1.3778232988929931e-16
500.96,-8.47321502170294e-14,-1.3778186874793114e-16
500.97,-8.472363296676205e-14,-1.3782581514698656e-16
500.98,-8.47152324140045e-14,-1.3747712495175831e-16
500.99,-8.47070624659854e-14,-1.377376706999921e-16
501.0,-8.469951471023111e-14,-1.377038087625685e-16
501.01,-8.469125772918342e-14,-1.3753797093195533e-16
501.02,-8.468279776865444e-14,-1.3760138269452255e-16
501.03,-8.467465703493899e-14,-1.3771081739450501e-16
501.04,-8.466650515275785e-14,-1.3763238953974179e-16
501.05,-8.465818625935217e-14,-1.3762963710034908e-16
501.06,-8.465019269057555e-14,-1.3752653002404463e-16
501.07,-8.464132721640054e-14,-1.3752101837740206e-16
501.08,-8.463369143690968e-14,-1.3750867843823079e-16
501.09,-8.46253528189243e-14,-1.3752192470259277e-16
501.1,-8.4617046919231e-14,-1.3753729720077575e-16
501.11,-8.460880603130584e-14,-1.3753751554276548e-16
501.12,-8.460092180774541e-14,-1.3753550846683368e-16
501.13,-8.459272422119851e-14,-1.3752945492583767e-16
501.14,-8.458375398096622e-14,-1.3701570738211666e-16
501.15,-8.457603863461256e-14,-1.3741924741234048e-16
501.16,-8.456774978008335e-14,-1.3735099110652846e-16
501.17,-8.456048959561148e-14,-1.3777631025117624e-16
501.18,-8.455148011658385e-14,-1.3739274763313085e-16
501.19,-8.454336262739101e-14,-1.3728532237601349e-16
501.2,-8.453339453686987e-14,-1.372775603287776e-16
501.21,-8.45269519576707e-14,-1.3735228917674768e-16
501.22,-8.451865587744476e-14,-1.372846098478766e-16
501.23,-8.451127361488253e-14,-1.3721603304713781e-16
501.24,-8.450182980761931e-14,-1.3742629975216988e-16
501.25,-8.449413701856669e-14,-1.372224918791454e-16
501.26,-8.448632726172186e-14,-1.3728010544040474e-16
501.27,-8.447731259678344e-14,-1.3731331431449558e-16
501.28,-8.446957263897561e-14,-1.3730918365630308e-16
501.29,-8.446125809193904e-14,-1.3724535398658425e-16
501.3,-8.445316755460576e-14,-1.3719618028515003e-16
501.31,-8.444507021747309e-14,-1.371058765017613e-16
501.32,-8.44367798736716e-14,-1.3719461583732157e-16
501.33,-8.442969077881735e-14,-1.3705770807633472e-16
501.34,-8.442042380120225e-14,-1.3719279750058672e-16
501.35,-8.441259004671259e-14,-1.3725091455919453e-16
501.36,-8.440418892687853e-14,-1.3713141342940144e-16
501.37,-8.439581474938453e-14,-1.3709164249518137e-16
501.38,-8.438771172678207e-14,-1.3702432945459578e-16
501.39,-8.437947189239058e-14,-1.37094531863881e-16
501.4,-8.43714479632262e-14,-1.3709498495762347e-16
501.41,-8.436333834252104e-14,-1.3708964358707162e-16
501.42,-8.435979483819371e-14,-1.375111411898226e-16
501.43,-8.434696860083199e-14,-1.3699478361818027e-16
501.44,-8.433885615880597e-14,-1.371201037306103e-16
501.45,-8.433033676988352e-14,-1.3694721827099544e-16
501.46,-8.432213021362816e-14,-1.3704422676163808e-16
501.47,-8.43142362122246e-14,-1.3689340634340586e-16
501.48,-8.430571952660487e-14,-1.3693902617164298e-16
501.49,-8.429791107442146e-14,-1.3697409619632722e-16
501.5,-8.428948469028662e-14,-1.368637169096168e-16
501.51,-8.428468840469176e-14,-1.3688163762807563e-16
501.52,-8.427383403696901e-14,-1.368779170667737e-16
501.53,-8.426565545789935e-14,-1.3707472834790178e-16
501.54,-8.42571019268283e-14,-1.3691229241228059e-16
501.55,-8.424883421616602e-14,-1.3684502813810303e-16
501.56,-8.424122946898537e-14,-1.3688811744467966e-16
501.57,-8.423256662509572e-14,-1.3692314763658531e-16
501.58,-8.422471706758959e-14,-1.3697038040930829e-16
501.59,-8.421607265076969e-14,-1.367983202385884e-16
501.6,-8.420956217519783e-14,-1.3800733532944948e-16
501.61,-8.419974230238147e-14,-1.3663988108007417e-16
501.62,-8.419434165835822e-14,-1.36977860471183e-16
501.63,-8.418350904297475e-14,-1.3670760628353196e-16
501.64,-8.417513827013476e-14,-1.3659759828464304e-16
501.65,-8.416708297782171e-14,-1.3659054690480459e-16
501.66,-8.415893581926798e-14,-1.3666609608149694e-16
501.67,-8.415052459388938e-14,-1.3659619212960632e-16
501.68,-8.414273154863288e-14,-1.3658791816627525e-16
501.69,-8.41340138447794e-14,-1.364388526083385e-16
501.7,-8.412636507334903e-14,-1.3660695777880383e-16
501.71,-8.411721551920644e-14,-1.3656420048981002e-16
501.72,-8.410994862519919e-14,-1.3649964962452098e-16
501.73,-8.410188342315912e-14,-1.3652081444531795e-16
501.74,-8.40934976823012e-14,-1.365922477486263e-16
501.75,-8.408568998403597e-14,-1.3648532883749755e-16
501.76,-8.407797136861939e-14,-1.363819831260321e-16
501.77,-8.406924059999936e-14,-1.3646604326770476e-16
501.78,-8.406152377679191e-14,-1.3656280251891997e-16
501.79,-8.405312236165385e-14,-1.3685175059979185e-16
501.8,-8.404467847498218e-14,-1.3647387708163649e-16
501.81,-8.403680387323294e-14,-1.3639955497940922e-16
501.82,-8.402817208434939e-14,-1.362978202158275e-16
501.83,-8.402068645181176e-14,-1.363771951748594e-16
501.84,-8.401242413886222e-14,-1.363534417280677e-16
501.85,-8.40040992782117e-14,-1.3638470346786673e-16
501.86,-8.399589665614566e-14,-1.3626425140384658e-16
501.87,-8.398848611935296e-14,-1.364358915478518e-16
501.88,-8.398009007621714e-14,-1.3634027531646904e-16
501.89,-8.397169546560392e-14,-1.3635370672809256e-16
501.9,-8.396348771447327e-14,-1.3627918552911373e-16
501.91,-8.395523026635277e-14,-1.361613933461927e-16
501.92,-8.394736655249244e-14,-1.3622969739299178e-16
501.93,-8.393980073454052e-14,-1.362524569080463e-16
501.94,-8.393110402062848e-14,-1.3630302344168068e-16
501.95,-8.392278943860793e-14,-1.360704967199457e-16
501.96,-8.391463239867631e-14,-1.3609658664818672e-16
501.97,-8.390699301621124e-14,-1.3607943248710857e-16
501.98,-8.389828861215452e-14,-1.3613446054168553e-16
501.99,-8.389029656454017e-14,-1.3616088923680394e-16
502.0,-8.388252299821597e-14,-1.3616353626400342e-16
502.01,-8.387417478077789e-14,-1.360524623800019e-16
502.02,-8.386621425573078e-14,-1.3607991077376766e-16
502.03,-8.385786420767682e-14,-1.3605311600916584e-16
502.04,-8.384968217390264e-14,-1.3602490142229466e-16
502.05,-8.384135890805464e-14,-1.3598786125526348e-16
502.06,-8.383363677826497e-14,-1.35993004588977e-16
502.07,-8.38254329276417e-14,-1.3600748224802663e-16
502.08,-8.381721191593816e-14,-1.3581989949220087e-16
502.09,-8.380935353557025e-14,-1.3591529227028719e-16
502.1,-8.380085775455286e-14,-1.3597582759414811e-16
502.11,-8.37927682912185e-14,-1.3597142217382858e-16
502.12,-8.378485385506425e-14,-1.3594529492942811e-16
502.13,-8.377681557864844e-14,-1.3586858981265213e-16
502.14,-8.376856098965102e-14,-1.3589346677811072e-16
502.15,-8.376052099720769e-14,-1.3583233105745286e-16
502.16,-8.375243568958548e-14,-1.3590836566610175e-16
502.17,-8.37442186632032e-14,-1.3581581613739123e-16
502.18,-8.373619378246015e-14,-1.3580328124699161e-16
502.19,-8.372808078642276e-14,-1.3578794269091322e-16
502.2,-8.371989461338505e-14,-1.357432289769637e-16
502.21,-8.37119157349506e-14,-1.357673146579023e-16
502.22,-8.370394941645864e-14,-1.3573646040358675e-16
502.23,-8.369555762527872e-14,-1.357222284610137e-16
502.24,-8.36875604512859e-14,-1.357601959561314e-16
502.25,-8.367955834742857e-14,-1.3568044032422113e-16
502.26,-8.367144303217978e-14,-1.355998800349274e-16
502.27,-8.366323256261101e-14,-1.3566596463728677e-16
502.28,-8.365490669580513e-14,-1.3559948021989273e-16
502.29,-8.364718386404137e-14,-1.3561689435815776e-16
502.3,-8.363880791526229e-14,-1.3554734906083416e-16
502.31,-8.363090057215155e-14,-1.3550913814771521e-16
502.32,-8.3622772066621e-14,-1.355950807280307e-16
502.33,-8.361446934055732e-14,-1.3552435783527087e-16
502.34,-8.36067711415571e-14,-1.3562432898226008e-16
502.35,-8.35986012261591e-14,-1.356316874107012e-16
502.36,-8.359041117368086e-14,-1.355564190496608e-16
502.37,-8.358252792474929e-14,-1.3552747418508888e-16
502.38,-8.357451979253747e-14,-1.3544481227628953e-16
502.39,-8.356602658415597e-14,-1.3530928419541624e-16
502.4,-8.355809676284748e-14,-1.3535378084701285e-16
502.41,-8.35498410080885e-14,-1.3539541267984848e-16
502.42,-8.354169095703088e-14,-1.3535428016368762e-16
502.43,-8.353387278673308e-14,-1.3548342550236806e-16
502.44,-8.352569944366657e-14,-1.3541886007304736e-16
502.45,-8.351773716158977e-14,-1.3540962620012674e-16
502.46,-8.35096299502666e-14,-1.353745201566927e-16
502.47,-8.350157625170391e-14,-1.3532421143789585e-16
502.48,-8.349314155493021e-14,-1.352771244728163e-16
502.49,-8.348541277945484e-14,-1.3535458750455302e-16
502.5,-8.347730995695125e-14,-1.352836950524044e-16
502.51,-8.346852032475316e-14,-1.3515322508103443e-16
502.52,-8.346094518879793e-14,-1.352118463697539e-16
502.53,-8.345306136728007e-14,-1.3530605349924897e-16
502.54,-8.344466906399287e-14,-1.350866571441645e-16
502.55,-8.34360585093068e-14,-1.3490869256175023e-16
502.56,-8.342873234295786e-14,-1.3517725847906497e-16
502.57,-8.342088355487373e-14,-1.3520082625133735e-16
502.58,-8.341276996968365e-14,-1.3518963604311462e-16
502.59,-8.340500585120574e-14,-1.351806804359194e-16
502.6,-8.339630251248797e-14,-1.3512739331466002e-16
502.61,-8.338794114197204e-14,-1.3489226700220648e-16
502.62,-8.338039508523364e-14,-1.3506254659548447e-16
502.63,-8.337258673162683e-14,-1.3517516593905683e-16
502.64,-8.336423665525534e-14,-1.3498075052190105e-16
502.65,-8.335632672608468e-14,-1.3509822162076205e-16
502.66,-8.334831230666562e-14,-1.3501472956939987e-16
502.67,-8.334011421082394e-14,-1.3498053390847427e-16
502.68,-8.333254888160259e-14,-1.3503902126489643e-16
502.69,-8.332420379781177e-14,-1.3463006781793224e-16
502.7,-8.331648137302204e-14,-1.3501130287762573e-16
502.71,-8.33080474037132e-14,-1.3495383904875612e-16
502.72,-8.329909355819797e-14,-1.3487099215501952e-16
502.73,-8.329184669429728e-14,-1.3491227652892582e-16
502.74,-8.328414767710141e-14,-1.3496305641778403e-16
502.75,-8.327565037469209e-14,-1.348919796706752e-16
502.76,-8.326762229998129e-14,-1.3482226200837217e-16
502.77,-8.326200765774163e-14,-1.3502500352642564e-16
502.78,-8.325153673805285e-14,-1.3487921186411717e-16
502.79,-8.324362023246874e-14,-1.3466212366745775e-16
502.8,-8.323563412722116e-14,-1.3485256466968742e-16
502.81,-8.322720062026261e-14,-1.3477683443912332e-16
502.82,-8.321930498298199e-14,-1.348001404361347e-16
502.83,-8.321115513495251e-14,-1.3475118005437882e-16
502.84,-8.320334666466705e-14,-1.348010723291809e-16
502.85,-8.319519224837427e-14,-1.3468330787712294e-16
502.86,-8.31847718755914e-14,-1.337792496032678e-16
502.87,-8.317897346672141e-14,-1.345996032692568e-16
502.88,-8.317020540856383e-14,-1.3379987715062225e-16
502.89,-8.316298632866611e-14,-1.3467148947357222e-16
502.9,-8.315515279942198e-14,-1.347168007142195e-16
502.91,-8.314681312021555e-14,-1.3460541494177067e-16
502.92,-8.313880647918725e-14,-1.3443449490156323e-16
502.93,-8.313082847681579e-14,-1.3461874132496038e-16
502.94,-8.312294519674802e-14,-1.3463016790541426e-16
502.95,-8.311465250916582e-14,-1.3454640278652236e-16
502.96,-8.31066166124169e-14,-1.3453901439601594e-16
502.97,-8.309521609739779e-14,-1.327200105265745e-16
502.98,-8.309055521342279e-14,-1.345052207571037e-16
502.99,-8.308266429711408e-14,-1.3448217858514197e-16
503.0,-8.307462884728822e-14,-1.345018986058689e-16
503.01,-8.306690380121314e-14,-1.3456933297946303e-16
503.02,-8.305882745972492e-14,-1.3448587775267961e-16
503.03,-8.305052145100429e-14,-1.3447073825662241e-16
503.04,-8.304262932747139e-14,-1.3440028640069287e-16
503.05,-8.303457331848757e-14,-1.3448746734892703e-16
503.06,-8.302434497872729e-14,-1.3253366396868239e-16
503.07,-8.301864937661643e-14,-1.3433057145577506e-16
503.08,-8.301065512195577e-14,-1.3444139915883923e-16
503.09,-8.300233479066712e-14,-1.3431042815447493e-16
503.1,-8.29944820958564e-14,-1.3440425627988557e-16
503.11,-8.298665216853908e-14,-1.3435082166494274e-16
503.12,-8.297842924490243e-14,-1.3440562133527685e-16
503.13,-8.297014671095082e-14,-1.3427943331032743e-16
503.14,-8.296243589027844e-14,-1.3429922254400577e-16
503.15,-8.295561410956453e-14,-1.3437685154675042e-16
503.16,-8.294653992642346e-14,-1.3420631421012076e-16
503.17,-8.29383649755389e-14,-1.342289220951841e-16
503.18,-8.293029834615772e-14,-1.3418905447768468e-16
503.19,-8.292252690111343e-14,-1.3423030623151453e-16
503.2,-8.291410869037142e-14,-1.3413551038111906e-16
503.21,-8.290614550244197e-14,-1.3413384478708018e-16
503.22,-8.289795210630222e-14,-1.3400080134169548e-16
503.23,-8.289009492969296e-14,-1.3409351834551382e-16
503.24,-8.28833264178071e-14,-1.3440095522870419e-16
503.25,-8.287318690010598e-14,-1.3389394295804873e-16
503.26,-8.286635565586485e-14,-1.3407248987779223e-16
503.27,-8.285826795966436e-14,-1.3404619672162633e-16
503.28,-8.285092106110869e-14,-1.347042962229628e-16
503.29,-8.284212752950503e-14,-1.3400244232563178e-16
503.3,-8.283424217354292e-14,-1.3400593870995784e-16
503.31,-8.28259078121001e-14,-1.334603474657589e-16
503.32,-8.281820656803828e-14,-1.34019137989398e-16
503.33,-8.280972648559838e-14,-1.3391172485973624e-16
503.34,-8.280229068304023e-14,-1.3401505654930426e-16
503.35,-8.279425660459781e-14,-1.3392834885593898e-16
503.36,-8.278649182979884e-14,-1.3386585060295987e-16
503.37,-8.277827943355774e-14,-1.3392869990509224e-16
503.38,-8.277042409708859e-14,-1.3394716130567236e-16
503.39,-8.276243072291715e-14,-1.3390398774290712e-16
503.4,-8.275447763519855e-14,-1.3388183771849688e-16
503.41,-8.274627805959896e-14,-1.3383621250275158e-16
503.42,-8.273807582197538e-14,-1.3376150492848108e-16
503.43,-8.273024679168732e-14,-1.3373063193275144e-16
503.44,-8.272235746892787e-14,-1.337644257920456e-16
503.45,-8.271429791978152e-14,-1.3369382199029681e-16
503.46,-8.27066597984285e-14,-1.3379137407936895e-16
503.47,-8.269802387352435e-14,-1.334227965870973e-16
503.48,-8.269041779434199e-14,-1.3373311421842128e-16
503.49,-8.268248439431568e-14,-1.3390566928856738e-16
503.5,-8.267453558346707e-14,-1.336075936669375e-16
503.51,-8.266712249914797e-14,-1.3368498190245132e-16
503.52,-8.265857849194348e-14,-1.3367608280109746e-16
503.53,-8.265061770773272e-14,-1.337272861907791e-16
503.54,-8.264251391493649e-14,-1.3362799001484807e-16
503.55,-8.263458397405557e-14,-1.335511383481866e-16
503.56,-8.262645587131942e-14,-1.3360279884824866e-16
503.57,-8.261883977385161e-14,-1.3363293287791186e-16
503.58,-8.261108108527373e-14,-1.3366153828167984e-16
503.59,-8.260454297164751e-14,-1.329980055618807e-16
503.6,-8.259505602225893e-14,-1.3357079443327934e-16
503.61,-8.258683637754438e-14,-1.3345761693975258e-16
503.62,-8.257886372709009e-14,-1.335034355878815e-16
503.63,-8.257083775577632e-14,-1.335597361519313e-16
503.64,-8.256293245988116e-14,-1.3348503452731396e-16
503.65,-8.255485360822501e-14,-1.335189588382142e-16
503.66,-8.25468651245537e-14,-1.334227751888569e-16
503.67,-8.253910513395533e-14,-1.3318265113613892e-16
503.68,-8.252972406319339e-14,-1.3322772377888216e-16
503.69,-8.252285575949387e-14,-1.3336304468707348e-16
503.7,-8.251540086631598e-14,-1.3338705177211018e-16
503.71,-8.250699743466038e-14,-1.333355538909867e-16
503.72,-8.249930209115309e-14,-1.333360077792362e-16
503.73,-8.24920112606624e-14,-1.3348630756825737e-16
503.74,-8.248320109647379e-14,-1.333605685236498e-16
503.75,-8.247523572308402e-14,-1.3332943491618083e-16
503.76,-8.246717744731729e-14,-1.3333123381283567e-16
503.77,-8.245917491925057e-14,-1.332688689770079e-16
503.78,-8.245159023360878e-14,-1.3340714377261036e-16
503.79,-8.244340794786015e-14,-1.331769925010851e-16
503.8,-8.243549386552995e-14,-1.331871029439531e-16
503.81,-8.242769768171407e-14,-1.332727256387491e-16
503.82,-8.241971527139564e-14,-1.332726336580036e-16
503.83,-8.241174565026372e-14,-1.331289792782326e-16
503.84,-8.240351793483141e-14,-1.3313275950510476e-16
503.85,-8.239555877828128e-14,-1.3321477909557154e-16
503.86,-8.238762618807066e-14,-1.331521969239541e-16
503.87,-8.237986548925301e-14,-1.3302137862213259e-16
503.88,-8.237250566105764e-14,-1.330523740512005e-16
503.89,-8.236412131424162e-14,-1.330677651982477e-16
503.9,-8.235602568093528e-14,-1.3290693298819767e-16
503.91,-8.234799389549782e-14,-1.3289118452559442e-16
503.92,-8.234015831755304e-14,-1.3296171276320648e-16
503.93,-8.233215770390702e-14,-1.3294090037823098e-16
503.94,-8.232413185730456e-14,-1.32826723077696e-16
503.95,-8.231615544771752e-14,-1.3294515804841307e-16
503.96,-8.230820688060462e-14,-1.3290603482069196e-16
503.97,-8.230040476989212e-14,-1.3300618510025452e-16
503.98,-8.22929032218538e-14,-1.3311176037727109e-16
503.99,-8.228451667864258e-14,-1.3291272306631282e-16
504.0,-8.227647628997512e-14,-1.328623737755233e-16
504.01,-8.226884290525515e-14,-1.3289242754944285e-16
504.02,-8.226130855016035e-14,-1.330373898290716e-16
504.03,-8.225282690216736e-14,-1.330263007541576e-16
504.04,-8.224477116479517e-14,-1.327948161078639e-16
504.05,-8.22368091195477e-14,-1.3280815767923738e-16
504.06,-8.222891447659489e-14,-1.3271971889233007e-16
504.07,-8.222106523653053e-14,-1.328131099968692e-16
504.08,-8.221316279754032e-14,-1.3279202151312538e-16
504.09,-8.22052441403614e-14,-1.3271454521647804e-16
504.1,-8.219749272469532e-14,-1.327200287646911e-16
504.11,-8.218938089261724e-14,-1.327200113075216e-16
504.12,-8.218151536093414e-14,-1.3266350903426e-16
504.13,-8.217344748704237e-14,-1.3264547203577845e-16
504.14,-8.216558707169558e-14,-1.3264533534251975e-16
504.15,-8.215774391563707e-14,-1.3266794576645109e-16
504.16,-8.214969964103018e-14,-1.325769557293459e-16
504.17,-8.21419114165802e-14,-1.326022888095168e-16
504.18,-8.213403516674206e-14,-1.3263123193578368e-16
504.19,-8.212631209731641e-14,-1.3268846789371335e-16
504.2,-8.211821862052868e-14,-1.3256596322370244e-16
504.21,-8.211006588351374e-14,-1.3255101699467665e-16
504.22,-8.21023835164854e-14,-1.3258042767787383e-16
504.23,-8.209460605672118e-14,-1.325746515462207e-16
504.24,-8.208640500761511e-14,-1.3247515840363323e-16
504.25,-8.207856959005696e-14,-1.3254082751909248e-16
504.26,-8.207099895857241e-14,-1.325821187506412e-16
504.27,-8.206277258890125e-14,-1.325109484008603e-16
504.28,-8.205516689275369e-14,-1.3262234496109552e-16
504.29,-8.204719623114137e-14,-1.3250289964532368e-16
504.3,-8.203883736669858e-14,-1.3242232267993924e-16
504.31,-8.203107650145552e-14,-1.325209173043057e-16
504.32,-8.202296616656747e-14,-1.3247770418022394e-16
504.33,-8.20154970831147e-14,-1.3239880594042762e-16
504.34,-8.200745651208795e-14,-1.3239544624593736e-16
504.35,-8.199951946036987e-14,-1.3243356317354634e-16
504.36,-8.199157986570386e-14,-1.3234523030226142e-16
504.37,-8.19836458405254e-14,-1.3231888866444619e-16
504.38,-8.197610526228126e-14,-1.3230455901567417e-16
504.39,-8.196735159028674e-14,-1.3214479357858355e-16
504.4,-8.195993688663158e-14,-1.3229879648437555e-16
504.41,-8.195199991400689e-14,-1.3220448241673348e-16
504.42,-8.194420071049641e-14,-1.323605707436978e-16
504.43,-8.193630641817871e-14,-1.3225041881304466e-16
504.44,-8.192847471967597e-14,-1.3200407256648298e-16
504.45,-8.192055060661467e-14,-1.3221179824590534e-16
504.46,-8.19127305454849e-14,-1.3217640361118226e-16
504.47,-8.190509532330141e-14,-1.3219418964206834e-16
504.48,-8.189655175752608e-14,-1.320778486842583e-16
504.49,-8.188881862189301e-14,-1.3195357278921317e-16
504.5,-8.188106260210696e-14,-1.322563885103111e-16
504.51,-8.187341756398406e-14,-1.3214702310161176e-16
504.52,-8.186536710775551e-14,-1.3219488418946415e-16
504.53,-8.185739224570803e-14,-1.3206168214217377e-16
504.54,-8.184950894137575e-14,-1.32120111261032e-16
504.55,-8.184180671540933e-14,-1.3202768921719744e-16
504.56,-8.183401295208569e-14,-1.3207283233330807e-16
504.57,-8.182624202462951e-14,-1.3233399611534198e-16
504.58,-8.181798085572791e-14,-1.319745494105777e-16
504.59,-8.180999022667446e-14,-1.3203612466582995e-16
504.6,-8.180236558091409e-14,-1.3198173526642753e-16
504.61,-8.17945351359382e-14,-1.3196262839107726e-16
504.62,-8.178637799858516e-14,-1.31892915426437e-16
504.63,-8.177883041505736e-14,-1.323222907465127e-16
504.64,-8.177114915083172e-14,-1.3187261713754712e-16
504.65,-8.176350274076954e-14,-1.3215449675121559e-16
504.66,-8.175556107320751e-14,-1.3193102809227597e-16
504.67,-8.174718635829466e-14,-1.318744921648281e-16
504.68,-8.173945472741128e-14,-1.3188115684117034e-16
504.69,-8.173115545677146e-14,-1.3182028749970158e-16
504.7,-8.172354122196012e-14,-1.317791242668583e-16
504.71,-8.171588552177856e-14,-1.3185536088843528e-16
504.72,-8.170776189887615e-14,-1.3181368534612696e-16
504.73,-8.169982706424976e-14,-1.3168651003538974e-16
504.74,-8.169369812165113e-14,-1.3241934138697188e-16
504.75,-8.168421635661761e-14,-1.319435636469809e-16
504.76,-8.167649527989639e-14,-1.3175396624127391e-16
504.77,-8.166844678262836e-14,-1.3160602527363406e-16
504.78,-8.166057441134874e-14,-1.3166788324661577e-16
504.79,-8.165281517279278e-14,-1.316949352500869e-16
504.8,-8.164509314101343e-14,-1.3156795371389136e-16
504.81,-8.163697116594833e-14,-1.3162938734559677e-16
504.82,-8.162956603816773e-14,-1.317195386744711e-16
504.83,-8.162174871285769e-14,-1.3176117460675243e-16
504.84,-8.161349100274083e-14,-1.3198745117839607e-16
504.85,-8.160554781944067e-14,-1.314843116473555e-16
504.86,-8.159778196242595e-14,-1.3149222266959934e-16
504.87,-8.158992300587202e-14,-1.3154136037769217e-16
504.88,-8.15822754941999e-14,-1.3159296896886348e-16
504.89,-8.157411370791652e-14,-1.3147311355067176e-16
504.9,-8.15665673646448e-14,-1.3148582265402022e-16
504.91,-8.155865439903634e-14,-1.316006692454475e-16
504.92,-8.155078102742023e-14,-1.314208016843756e-16
504.93,-8.154251800180437e-14,-1.3135636564938077e-16
504.94,-8.153530453270864e-14,-1.3137417529680777e-16
504.95,-8.152719089940509e-14,-1.3144663994253738e-16
504.96,-8.151906781796736e-14,-1.3136765937180034e-16
504.97,-8.151148033108539e-14,-1.313841300889655e-16
504.98,-8.150360647978037e-14,-1.3137710400380905e-16
504.99,-8.149570072203234e-14,-1.313169323960582e-16
505.0,-8.148757478469187e-14,-1.312082977749396e-16
505.01,-8.14802367446373e-14,-1.3142702478568192e-16
505.02,-8.147216772497401e-14,-1.3143607494448159e-16
505.03,-8.146410429599677e-14,-1.312863443372801e-16
505.04,-8.145697360681806e-14,-1.311856252425428e-16
505.05,-8.144864671922539e-14,-1.3109674219862816e-16
505.06,-8.144085617808709e-14,-1.312365557601948e-16
505.07,-8.143282946013953e-14,-1.3118281417945706e-16
505.08,-8.142622457775863e-14,-1.3207740500558887e-16
505.09,-8.141759521160114e-14,-1.3131855927621082e-16
505.1,-8.140949596527697e-14,-1.3116925700888757e-16
505.11,-8.139971234808057e-14,-1.3071260500941183e-16
505.12,-8.139383741330246e-14,-1.3119455055538844e-16
505.13,-8.138603297285624e-14,-1.311453351159385e-16
505.14,-8.137837758919809e-14,-1.3117352217771537e-16
505.15,-8.137056903520108e-14,-1.3110589284367736e-16
505.16,-8.136254210833103e-14,-1.3108157466628017e-16
505.17,-8.135471798239808e-14,-1.3101190102624997e-16
505.18,-8.134697291272705e-14,-1.3128202220762896e-16
505.19,-8.133926039808064e-14,-1.311299223547451e-16
505.2,-8.133073907668449e-14,-1.309402414968353e-16
505.21,-8.132373106286473e-14,-1.3096792508496073e-16
505.22,-8.131556119649033e-14,-1.3102719081381395e-16
505.23,-8.130780205978435e-14,-1.3104175879942833e-16
505.24,-8.129998182133004e-14,-1.309365995689555e-16
505.25,-8.12919938682116e-14,-1.3084691627266248e-16
505.26,-8.128454253473807e-14,-1.3107905673008524e-16
505.27,-8.127753095686816e-14,-1.2982261829065668e-16
505.28,-8.12688191193148e-14,-1.3089908810626897e-16
505.29,-8.12605010900356e-14,-1.3087526617994736e-16
505.3,-8.125312007632662e-14,-1.3091010207624105e-16
505.31,-8.124523643660993e-14,-1.3089197253500063e-16
505.32,-8.123744618675466e-14,-1.3093573097383143e-16
505.33,-8.122993605109264e-14,-1.3077486187061306e-16
505.34,-8.122122830745672e-14,-1.3087110141390305e-16
505.35,-8.121415126356731e-14,-1.3085168707011867e-16
505.36,-8.121198184595148e-14,-1.3269778085398485e-16
505.37,-8.119843935301492e-14,-1.3076976796695462e-16
505.38,-8.119051676113012e-14,-1.3087039765246356e-16
505.39,-8.118298474955315e-14,-1.3065034889703517e-16
505.4,-8.117484197370225e-14,-1.3081531231083483e-16
505.41,-8.116720736263758e-14,-1.3078307301022485e-16
505.42,-8.115951888257644e-14,-1.3069763542056242e-16
505.43,-8.115161561269468e-14,-1.306651655314956e-16
505.44,-8.114372428392405e-14,-1.3066782964553342e-16
505.45,-8.113702950650547e-14,-1.306466853443455e-16
505.46,-8.112832198689734e-14,-1.3037343312826227e-16
505.47,-8.112037248476142e-14,-1.3052825780934548e-16
505.48,-8.11127155744378e-14,-1.307444178092925e-16
505.49,-8.11045887860014e-14,-1.3066504440557232e-16
505.5,-8.109705689522165e-14,-1.3055635503350528e-16
505.51,-8.108980287449121e-14,-1.3055387165356163e-16
505.52,-8.108111696220436e-14,-1.30777815861501e-16
505.53,-8.107350567138625e-14,-1.3045291199854708e-16
505.54,-8.106621566164018e-14,-1.3101443790199205e-16
505.55,-8.105814436879134e-14,-1.3055608930782624e-16
505.56,-8.105182086581225e-14,-1.3148990437689789e-16
505.57,-8.10426471362102e-14,-1.304861602102813e-16
505.58,-8.103484562906182e-14,-1.3060425054701227e-16
505.59,-8.102692110745853e-14,-1.3047732248068015e-16
505.6,-8.101904471077779e-14,-1.304905123670328e-16
505.61,-8.101135368726748e-14,-1.3045192328896578e-16
505.62,-8.10035166070684e-14,-1.3044078671016612e-16
505.63,-8.099536925166589e-14,-1.3040620774138976e-16
505.64,-8.098806339127027e-14,-1.3042229773801932e-16
505.65,-8.098023585497851e-14,-1.3024449029237917e-16
505.66,-8.097239639135257e-14,-1.30327315170964e-16
505.67,-8.096471231174839e-14,-1.3044419592015225e-16
505.68,-8.095706759535317e-14,-1.3043358323047808e-16
505.69,-8.0949133701396e-14,-1.30311511290869e-16
505.7,-8.094134327408273e-14,-1.3037756579688015e-16
505.71,-8.093348440436877e-14,-1.3021286564466865e-16
505.72,-8.092548519118631e-14,-1.3028710582762442e-16
505.73,-8.09181273393201e-14,-1.3024075094621867e-16
505.74,-8.091005647311653e-14,-1.3017866483452119e-16
505.75,-8.090240088002161e-14,-1.302139359336015e-16
505.76,-8.089478719095079e-14,-1.3026649682341928e-16
505.77,-8.088686230110777e-14,-1.30159832775801e-16
505.78,-8.087906267925989e-14,-1.3008146684150718e-16
505.79,-8.087129127749173e-14,-1.3019089179215751e-16
505.8,-8.086356328569027e-14,-1.3021211910517936e-16
505.81,-8.085585378553372e-14,-1.3014700231890658e-16
505.82,-8.084823564474644e-14,-1.301591264778632e-16
505.83,-8.083995653746551e-14,-1.300104812435116e-16
505.84,-8.083231703081239e-14,-1.2998898542541837e-16
505.85,-8.082477801658076e-14,-1.30066971990036e-16
505.86,-8.081690541806644e-14,-1.3006023581279903e-16
505.87,-8.081026083811717e-14,-1.298267730145795e-16
505.88,-8.080152268701793e-14,-1.3013563429513597e-16
505.89,-8.079360300462983e-14,-1.2996037619366673e-16
505.9,-8.078564277936995e-14,-1.2991110958190714e-16
505.91,-8.077840140534657e-14,-1.3003348847533099e-16
505.92,-8.077016854757914e-14,-1.3000973333288878e-16
505.93,-8.07625510443125e-14,-1.2991641607037426e-16
505.94,-8.075478834379225e-14,-1.29869548995882e-16
505.95,-8.074719696795974e-14,-1.3002121541140414e-16
505.96,-8.073921108207223e-14,-1.2988473846373353e-16
505.97,-8.07317602203173e-14,-1.2991469187186324e-16
505.98,-8.072437999445943e-14,-1.296835859606933e-16
505.99,-8.071599893650376e-14,-1.2987570573919628e-16
506.0,-8.07082369546106e-14,-1.2991302323039285e-16
506.01,-8.070071324217072e-14,-1.2988392329766142e-16
506.02,-8.06929129569184e-14,-1.2969278015144274e-16
506.03,-8.0685065583158e-14,-1.2981995172305998e-16
506.04,-8.067731362943488e-14,-1.2975258392560174e-16
506.05,-8.066980322154394e-14,-1.2979569751394614e-16
506.06,-8.066207200542529e-14,-1.297366391828962e-16
506.07,-8.065408853406674e-14,-1.297451962320498e-16
506.08,-8.06465455620772e-14,-1.2975834543200603e-16
506.09,-8.063868927022297e-14,-1.2972613436805797e-16
506.1,-8.06312489871192e-14,-1.2963412691972215e-16
506.11,-8.062318279430207e-14,-1.2963429944347134e-16
506.12,-8.061542974610739e-14,-1.296672022488296e-16
506.13,-8.060769443795635e-14,-1.296653339859829e-16
506.14,-8.059986820434153e-14,-1.296245167610239e-16
506.15,-8.059209384510045e-14,-1.2964538887028547e-16
506.16,-8.058444622480777e-14,-1.296295813184752e-16
506.17,-8.057688182513429e-14,-1.2964461807733316e-16
506.18,-8.056888044112919e-14,-1.2957595652448062e-16
506.19,-8.05609359867537e-14,-1.2956598970281478e-16
506.2,-8.055347072408769e-14,-1.2954614896678056e-16
506.21,-8.05457576277051e-14,-1.2955857546153729e-16
506.22,-8.053804464362635e-14,-1.2957476530433466e-16
506.23,-8.05300426977421e-14,-1.29636462369168e-16
506.24,-8.052229805715989e-14,-1.2945977843534895e-16
506.25,-8.051469660299658e-14,-1.295785374202575e-16
506.26,-8.050694460321168e-14,-1.2950190042545032e-16
506.27,-8.049950178320439e-14,-1.2939187643583998e-16
506.28,-8.049168602971505e-14,-1.2936085854545886e-16
506.29,-8.048293096315655e-14,-1.2934474338671876e-16
506.3,-8.047621324311014e-14,-1.2955792653187926e-16
506.31,-8.046862725536529e-14,-1.2940704906461824e-16
506.32,-8.046082514100225e-14,-1.293938067178935e-16
506.33,-8.045313472382393e-14,-1.2941439561929307e-16
506.34,-8.044550181647288e-14,-1.2941429486105488e-16
506.35,-8.043762479271559e-14,-1.294006393775121e-16
506.36,-8.042976979819829e-14,-1.292667367399646e-16
506.37,-8.042239631603555e-14,-1.294072583535721e-16
506.38,-8.041451319702225e-14,-1.294033700288491e-16
506.39,-8.040666855198093e-14,-1.2927179732896182e-16
506.4,-8.039753143653524e-14,-1.292824142969939e-16
506.41,-8.039139027327428e-14,-1.2924962203277667e-16
506.42,-8.03836041694956e-14,-1.2925072277851508e-16
506.43,-8.037606584379798e-14,-1.2922179147111648e-16
506.44,-8.036829987993185e-14,-1.2929815395458966e-16
506.45,-8.036036409461203e-14,-1.2911087303600595e-16
506.46,-8.035269602746695e-14,-1.2915504106606014e-16
506.47,-8.034477171244945e-14,-1.2922668013800447e-16
506.48,-8.033737039420894e-14,-1.2912959052404547e-16
506.49,-8.032950634033103e-14,-1.2910401208956682e-16
506.5,-8.032178941946862e-14,-1.291475349796365e-16
506.51,-8.031414594069132e-14,-1.291001900788648e-16
506.52,-8.030647872074706e-14,-1.2908594875492105e-16
506.53,-8.029861402049208e-14,-1.290494859525397e-16
506.54,-8.029093550645886e-14,-1.2905529522902568e-16
506.55,-8.02830733857606e-14,-1.289913318001291e-16
506.56,-8.027556080439824e-14,-1.2901790148608502e-16
506.57,-8.026763983070596e-14,-1.2886100982692493e-16
506.58,-8.026028870860089e-14,-1.2900000286703388e-16
506.59,-8.025249676804962e-14,-1.289699932594121e-16
506.6,-8.024456914063151e-14,-1.2937971841863979e-16
506.61,-8.02373638778104e-14,-1.2896614854002675e-16
506.62,-8.022895745076093e-14,-1.2896767566327018e-16
506.63,-8.022183378349576e-14,-1.2892270495637337e-16
506.64,-8.021448757577794e-14,-1.2883662148198304e-16
506.65,-8.020645741471442e-14,-1.2887781737887382e-16
506.66,-8.019871970239178e-14,-1.2895775462298295e-16
506.67,-8.019102302487315e-14,-1.2888732994709334e-16
506.68,-8.018348954642598e-14,-1.2889787467501662e-16
506.69,-8.017578670181367e-14,-1.2882534124801556e-16
506.7,-8.016781899309445e-14,-1.2877361034699355e-16
506.71,-8.016022672353818e-14,-1.2755617474660214e-16
506.72,-8.015246350773443e-14,-1.288240272168278e-16
506.73,-8.014493537491393e-14,-1.2892068939560658e-16
506.74,-8.01371729830439e-14,-1.2871660831721495e-16
506.75,-8.013039672134962e-14,-1.2869109184980975e-16
506.76,-8.012114670443575e-14,-1.2878983601132922e-16
506.77,-8.011389502304227e-14,-1.2874865709503531e-16
506.78,-8.010675600987216e-14,-1.2868544656431742e-16
506.79,-8.009872995332992e-14,-1.287784603377788e-16
506.8,-8.009203497161461e-14,-1.2914225033017357e-16
506.81,-8.00828729403114e-14,-1.2860808392496383e-16
506.82,-8.007413739650715e-14,-1.2764130743868936e-16
506.83,-8.006799097639177e-14,-1.2862688982867006e-16
506.84,-8.006031121479403e-14,-1.2864371608411784e-16
506.85,-8.005275800312158e-14,-1.2861828314579898e-16
506.86,-8.004510817732912e-14,-1.2871440018492307e-16
506.87,-8.003762895442435e-14,-1.2856828854875806e-16
506.88,-8.002921222813856e-14,-1.285171041986775e-16
506.89,-8.002214273821211e-14,-1.2857210291139175e-16
506.9,-8.001418371058155e-14,-1.2847353545363693e-16
506.91,-8.000572316866467e-14,-1.3013373716884226e-16
506.92,-7.999926491586026e-14,-1.2862702364393065e-16
506.93,-7.999185555454839e-14,-1.2866777341280593e-16
506.94,-7.998329075853109e-14,-1.284757420641878e-16
506.95,-7.997610033086192e-14,-1.2844555472764376e-16
506.96,-7.996838332618221e-14,-1.284891978994977e-16
506.97,-7.996074720111263e-14,-1.2849993256213052e-16
506.98,-7.995330903006665e-14,-1.2845586143692244e-16
506.99,-7.994510818937642e-14,-1.283471620210225e-16
507.0,-7.993301126973121e-14,-1.2851381225885288e-16
507.01,-7.993019707353832e-14,-1.2843316849984693e-16
507.02,-7.992203263422911e-14,-1.2842361637136407e-16
507.03,-7.991456969990972e-14,-1.2833040575354896e-16
507.04,-7.990688721079041e-14,-1.283217740192849e-16
507.05,-7.989924312890328e-14,-1.2837339289033736e-16
507.06,-7.98913238918234e-14,-1.2812590115866755e-16
507.07,-7.988436687220371e-14,-1.2839281431293599e-16
507.08,-7.987630470534972e-14,-1.2828876540796862e-16
507.09,-7.986949175622617e-14,-1.2832444196499258e-16
507.1,-7.986127693828762e-14,-1.282752902111737e-16
507.11,-7.985357345147768e-14,-1.2832927808580437e-16
507.12,-7.984598240507943e-14,-1.2826103602450975e-16
507.13,-7.983826477927317e-14,-1.2813187206526983e-16
507.14,-7.983037831411701e-14,-1.2817150912077406e-16
507.15,-7.982271804372033e-14,-1.2806729963520328e-16
507.16,-7.981477344327968e-14,-1.28344095474487e-16
507.17,-7.980727448315495e-14,-1.2808091430043643e-16
507.18,-7.980039747484906e-14,-1.2817460221464017e-16
507.19,-7.979297841865511e-14,-1.2777626223250467e-16
507.2,-7.978452820165403e-14,-1.2815602796786125e-16
507.21,-7.977698170056953e-14,-1.2807947784275617e-16
507.22,-7.976876537142067e-14,-1.278901369166936e-16
507.23,-7.976154982466043e-14,-1.2809351515019222e-16
507.24,-7.975413586273531e-14,-1.2805997006639133e-16
507.25,-7.974647617668384e-14,-1.280745694415507e-16
507.26,-7.973846602147452e-14,-1.2803727382806336e-16
507.27,-7.973074066584634e-14,-1.2805803249383058e-16
507.28,-7.972312044473602e-14,-1.279659326946814e-16
507.29,-7.97158234745093e-14,-1.2804586347109508e-16
507.3,-7.970860680122342e-14,-1.2803239746109231e-16
507.31,-7.9700684166644e-14,-1.2796574055194e-16
507.32,-7.969289998480931e-14,-1.280180804210879e-16
507.33,-7.968508373521977e-14,-1.2771572523221411e-16
507.34,-7.967786485645033e-14,-1.2796684126423935e-16
507.35,-7.966973971901036e-14,-1.2773556336763657e-16
507.36,-7.966265344584632e-14,-1.279204893877422e-16
507.37,-7.965437633371622e-14,-1.2783603529656375e-16
507.38,-7.964728009709746e-14,-1.278737803938221e-16
507.39,-7.963948377167127e-14,-1.2789073576002189e-16
507.4,-7.963168657242786e-14,-1.2788683490459972e-16
507.41,-7.962432473258329e-14,-1.27878087626894e-16
507.42,-7.961678476167404e-14,-1.278353270827252e-16
507.43,-7.960957336268316e-14,-1.2811447147101312e-16
507.44,-7.960066413518097e-14,-1.2742079088988748e-16
507.45,-7.959388630561929e-14,-1.2780899194091015e-16
507.46,-7.958625728773256e-14,-1.2776164710135563e-16
507.47,-7.957883962587021e-14,-1.2784566582926625e-16
507.48,-7.957177035704417e-14,-1.2783227020482042e-16
507.49,-7.956318671125258e-14,-1.276944413768839e-16
507.5,-7.955528196890663e-14,-1.2768052710508434e-16
507.51,-7.954803945215159e-14,-1.2775336501180386e-16
507.52,-7.954135743580521e-14,-1.2777162196959397e-16
507.53,-7.953464892745224e-14,-1.2765008589108744e-16
507.54,-7.952541211793398e-14,-1.2769754115856408e-16
507.55,-7.951758062518275e-14,-1.276535115974622e-16
507.56,-7.950981595974522e-14,-1.2764671998166947e-16
507.57,-7.950200333297497e-14,-1.2757278938894904e-16
507.58,-7.949471878620443e-14,-1.276928954033519e-16
507.59,-7.948710766329103e-14,-1.2761332998208937e-16
507.6,-7.947951420108957e-14,-1.2754889308070664e-16
507.61,-7.947152571537529e-14,-1.2756568404200557e-16
507.62,-7.946507050030772e-14,-1.2760670746280441e-16
507.63,-7.945651621723974e-14,-1.2732765618995234e-16
507.64,-7.944999926008832e-14,-1.2778022519612903e-16
507.65,-7.94415465343109e-14,-1.2747805495230257e-16
507.66,-7.943388653431992e-14,-1.2752003823213739e-16
507.67,-7.942650324145605e-14,-1.2758599244081662e-16
507.68,-7.941875633664242e-14,-1.2750993194545624e-16
507.69,-7.941101857944959e-14,-1.2746619358270602e-16
507.7,-7.940409970542754e-14,-1.2750358235362552e-16
507.71,-7.939630389184603e-14,-1.2746144701975528e-16
507.72,-7.938786556573245e-14,-1.2738638183358485e-16
507.73,-7.93805696757757e-14,-1.2739426602413434e-16
507.74,-7.937313422164945e-14,-1.2736349733171092e-16
507.75,-7.936557448248667e-14,-1.2740992799171103e-16
507.76,-7.935784414863107e-14,-1.2741091051164142e-16
507.77,-7.935100494601047e-14,-1.274492957015594e-16
507.78,-7.934251161517252e-14,-1.271883087205794e-16
507.79,-7.933487183465731e-14,-1.273489044259585e-16
507.8,-7.932796098060273e-14,-1.272724012225833e-16
507.81,-7.931990366155881e-14,-1.2730308393407296e-16
507.82,-7.931244177489073e-14,-1.2730903343321934e-16
507.83,-7.930441259254121e-14,-1.2705982159221555e-16
507.84,-7.929710963642954e-14,-1.2729254906040674e-16
507.85,-7.928951530402905e-14,-1.2726202980238428e-16
507.86,-7.928178353363847e-14,-1.2717115900781914e-16
507.87,-7.927434432650554e-14,-1.2728675290928247e-16
507.88,-7.926666965087173e-14,-1.2736344092934637e-16
507.89,-7.925924677814235e-14,-1.2728253852571366e-16
507.9,-7.925124115557864e-14,-1.2719760633192265e-16
507.91,-7.924396866799525e-14,-1.2707505664383917e-16
507.92,-7.923635963805055e-14,-1.271272277390215e-16
507.93,-7.922869275891729e-14,-1.270714241027277e-16
507.94,-7.9221519960626e-14,-1.2704408536383596e-16
507.95,-7.92143999887598e-14,-1.2727113276976998e-16
507.96,-7.920609548431599e-14,-1.2706303159947197e-16
507.97,-7.919808630674881e-14,-1.2698933063508577e-16
507.98,-7.919119557750765e-14,-1.270929406693691e-16
507.99,-7.918378988431596e-14,-1.2710715534026736e-16
508.0,-7.917557350583671e-14,-1.2702452838293226e-16
508.01,-7.916834361546277e-14,-1.2706782371367728e-16
508.02,-7.91606639492321e-14,-1.2704032564037993e-16
508.03,-7.915293447546964e-14,-1.2692863675460673e-16
508.04,-7.914559143896038e-14,-1.2711278631317935e-16
508.05,-7.913785272513122e-14,-1.26906612027578e-16
508.06,-7.913044663367708e-14,-1.269791266720902e-16
508.07,-7.912290486740037e-14,-1.2697831353474279e-16
508.08,-7.911523562973743e-14,-1.269356849624729e-16
508.09,-7.910752340017814e-14,-1.269055676558994e-16
508.1,-7.910003905302911e-14,-1.2690745955279647e-16
508.11,-7.909242457811208e-14,-1.268826511532301e-16
508.12,-7.908489598872473e-14,-1.2687292623730335e-16
508.13,-7.907730675335e-14,-1.2678943352361062e-16
508.14,-7.906952193208639e-14,-1.2682381950353176e-16
508.15,-7.906228187693943e-14,-1.2679253746134596e-16
508.16,-7.905463957174397e-14,-1.26899958516594e-16
508.17,-7.904703142726668e-14,-1.2664677707141407e-16
508.18,-7.903930172598612e-14,-1.2673500026044181e-16
508.19,-7.903210613636058e-14,-1.2685934302678186e-16
508.2,-7.902439990647111e-14,-1.2682469366547114e-16
508.21,-7.901656988519798e-14,-1.2676953851056752e-16
508.22,-7.900877104597817e-14,-1.2665347283082037e-16
508.23,-7.900138379633416e-14,-1.266921785630591e-16
508.24,-7.8994502219497e-14,-1.268300118969762e-16
508.25,-7.898733573407168e-14,-1.268603549199076e-16
508.26,-7.897901792843302e-14,-1.2671223343065652e-16
508.27,-7.897117078287265e-14,-1.266089634718504e-16
508.28,-7.896399620481983e-14,-1.2663181739632747e-16
508.29,-7.895638079264522e-14,-1.2667750003340742e-16
508.3,-7.894877986142205e-14,-1.2660933313721871e-16
508.31,-7.89411989875695e-14,-1.2663273232799766e-16
508.32,-7.893399727344849e-14,-1.2667914745449638e-16
508.33,-7.892560385805837e-14,-1.2650378088102732e-16
508.34,-7.891866716124696e-14,-1.2652276158378769e-16
508.35,-7.89109348200869e-14,-1.2656555081973206e-16
508.36,-7.890351054747992e-14,-1.2653547002993992e-16
508.37,-7.889499851554243e-14,-1.261825431455715e-16
508.38,-7.888842426233967e-14,-1.2649119938986026e-16
508.39,-7.888129860911998e-14,-1.264067951689741e-16
508.4,-7.88732495733429e-14,-1.2647762440047904e-16
508.41,-7.88651522896314e-14,-1.2639600867025291e-16
508.42,-7.885849215888311e-14,-1.2649254612077265e-16
508.43,-7.885091318757926e-14,-1.2650763755251064e-16
508.44,-7.884337164876086e-14,-1.2643290618370858e-16
508.45,-7.883574746767986e-14,-1.264820373453793e-16
508.46,-7.882816817098966e-14,-1.2634244308710985e-16
508.47,-7.882040201026779e-14,-1.264030152805738e-16
508.48,-7.8813067423758e-14,-1.2640977224216775e-16
508.49,-7.8805504701607e-14,-1.2625767805931271e-16
508.5,-7.879744680373603e-14,-1.2629705958910759e-16
508.51,-7.879014035749521e-14,-1.263475861456751e-16
508.52,-7.878301040639344e-14,-1.263698910277367e-16
508.53,-7.877535451439053e-14,-1.2630533826339808e-16
508.54,-7.876768818075487e-14,-1.2615693595836335e-16
508.55,-7.876032876466565e-14,-1.2632057370878652e-16
508.56,-7.875268102718254e-14,-1.2624470388182048e-16
508.57,-7.874578569479808e-14,-1.262254351208215e-16
508.58,-7.873758599873418e-14,-1.262457082711662e-16
508.59,-7.872849924786053e-14,-1.2621966411903775e-16
508.6,-7.872308178267642e-14,-1.2629336092249773e-16
508.61,-7.87152747774433e-14,-1.2618116120055336e-16
508.62,-7.870755295084514e-14,-1.262694224731277e-16
508.63,-7.870019698662453e-14,-1.2618451844701407e-16
508.64,-7.869259765587286e-14,-1.2618785383209008e-16
508.65,-7.868509296869516e-14,-1.2614295084997438e-16
508.66,-7.867751272258574e-14,-1.2609198808863295e-16
508.67,-7.866973121461824e-14,-1.2612438000976782e-16
508.68,-7.866511491652155e-14,-1.2590974289630773e-16
508.69,-7.865490998348674e-14,-1.2608042573304667e-16
508.7,-7.864725787067134e-14,-1.260162461904663e-16
508.71,-7.86399667408057e-14,-1.2607676616684712e-16
508.72,-7.863242454278006e-14,-1.2609167197738398e-16
508.73,-7.862438564879024e-14,-1.2580364748297725e-16
508.74,-7.861721292092548e-14,-1.2591896650409197e-16
508.75,-7.861013530901584e-14,-1.2609096757875903e-16
508.76,-7.860302981584388e-14,-1.2621682382033078e-16
508.77,-7.859509280366693e-14,-1.2594915277519352e-16
508.78,-7.858820538704964e-14,-1.2638102851808015e-16
508.79,-7.857996503985489e-14,-1.2599840547708973e-16
508.8,-7.857216546862328e-14,-1.2594247158034547e-16
508.81,-7.85649264112054e-14,-1.2596775678682622e-16
508.82,-7.85571993669261e-14,-1.2586985502381548e-16
508.83,-7.854985486877947e-14,-1.2595234143858097e-16
508.84,-7.854217429326039e-14,-1.258914689167143e-16
508.85,-7.853498123596855e-14,-1.2581302491996394e-16
508.86,-7.85273024064921e-14,-1.2593384242339116e-16
508.87,-7.851998514669744e-14,-1.2592143570494824e-16
508.88,-7.851242594333822e-14,-1.2582799513230722e-16
508.89,-7.85046453758913e-14,-1.258727121488257e-16
508.9,-7.849757921774489e-14,-1.2586082486684589e-16
508.91,-7.848960649702522e-14,-1.2572975762391557e-16
508.92,-7.848222620707022e-14,-1.2581972910153988e-16
508.93,-7.847471310323553e-14,-1.257952591542077e-16
508.94,-7.846689888703884e-14,-1.2568215700140782e-16
508.95,-7.845986086569216e-14,-1.257964896831657e-16
508.96,-7.845197533763174e-14,-1.2542198337302276e-16
508.97,-7.844482946839652e-14,-1.2570871703005489e-16
508.98,-7.843733289833245e-14,-1.2574757837113919e-16
508.99,-7.843026397007285e-14,-1.2612780154837058e-16
509.0,-7.842223649418331e-14,-1.2563009116359845e-16
509.01,-7.841477820003449e-14,-1.2569549052041615e-16
509.02,-7.840622937906734e-14,-1.2506376263581137e-16
509.03,-7.840099087086046e-14,-1.2593787254162099e-16
509.04,-7.839244358165908e-14,-1.2571339298812e-16
509.05,-7.838570286019534e-14,-1.2576238555063666e-16
509.06,-7.83774109421492e-14,-1.2554078664245073e-16
509.07,-7.83698627249738e-14,-1.2561677259580405e-16
509.08,-7.836259331818837e-14,-1.2559610934737093e-16
509.09,-7.835491731923359e-14,-1.2555153249729838e-16
509.1,-7.834719321690091e-14,-1.2549221220075335e-16
509.11,-7.833977380313031e-14,-1.2547233904040605e-16
509.12,-7.833396666579384e-14,-1.2574683915862416e-16
509.13,-7.832504528626395e-14,-1.2547027474127265e-16
509.14,-7.831737251987802e-14,-1.2549028840100844e-16
509.15,-7.831007506828895e-14,-1.2549463872703665e-16
509.16,-7.830266454160441e-14,-1.2542873118126362e-16
509.17,-7.829513983629903e-14,-1.2541350627076214e-16
509.18,-7.828761052980073e-14,-1.254529018522073e-16
509.19,-7.8280086338306e-14,-1.2545988523843557e-16
509.2,-7.827249551776267e-14,-1.251985357273793e-16
509.21,-7.82670278413529e-14,-1.23268668343999e-16
509.22,-7.825769366933783e-14,-1.2541896375295654e-16
509.23,-7.824996092515628e-14,-1.2527688513566323e-16
509.24,-7.824273443867718e-14,-1.2531606658212232e-16
509.25,-7.82353120784913e-14,-1.2537316281358e-16
509.26,-7.822753374786093e-14,-1.251913150155114e-16
509.27,-7.822026204331663e-14,-1.2528753374337508e-16
509.28,-7.82129399377488e-14,-1.252580622069941e-16
509.29,-7.820532178815433e-14,-1.2527634666973608e-16
509.3,-7.820181229816259e-14,-1.2684322214087688e-16
509.31,-7.819041306642165e-14,-1.2524514692926473e-16
509.32,-7.818257433556956e-14,-1.2519804408839406e-16
509.33,-7.817547385055499e-14,-1.2520801775809187e-16
509.34,-7.816804855294707e-14,-1.252231787097888e-16
509.35,-7.81605457249453e-14,-1.2526025153231024e-16
509.36,-7.815317811925811e-14,-1.2517349231131227e-16
509.37,-7.814569784126155e-14,-1.2518043159680437e-16
509.38,-7.813830997435799e-14,-1.2504166912751119e-16
509.39,-7.813039788670765e-14,-1.2499999031804773e-16
509.4,-7.81234147535054e-14,-1.2504988491186252e-16
509.41,-7.811538978731001e-14,-1.2510176115817356e-16
509.42,-7.810858785909797e-14,-1.251476426554302e-16
509.43,-7.810099361495341e-14,-1.2509448078284188e-16
509.44,-7.809346903332074e-14,-1.250285396363324e-16
509.45,-7.808591649371682e-14,-1.2502798733597728e-16
509.46,-7.807869672322793e-14,-1.251173486760298e-16
509.47,-7.807098552726175e-14,-1.2499215313743353e-16
509.48,-7.80633913063387e-14,-1.2524849966579537e-16
509.49,-7.805627652866776e-14,-1.2503685106103274e-16
509.5,-7.805020378335471e-14,-1.259443627369752e-16
509.51,-7.804120267590023e-14,-1.2486716406824556e-16
509.52,-7.80337479466025e-14,-1.2499279994134092e-16
509.53,-7.802660141722189e-14,-1.251229475774504e-16
509.54,-7.801895235333367e-14,-1.24938101973043e-16
509.55,-7.80115928336313e-14,-1.2502414185710376e-16
509.56,-7.800395969298032e-14,-1.2490412947367771e-16
509.57,-7.799673885246657e-14,-1.249181084238801e-16
509.58,-7.799020506331445e-14,-1.2505252385852379e-16
509.59,-7.798231553382029e-14,-1.249048752074697e-16
509.6,-7.79742150809847e-14,-1.2478634529888744e-16
509.61,-7.796790259389667e-14,-1.2531668510105228e-16
509.62,-7.795955040995936e-14,-1.2488144592139578e-16
509.63,-7.795198481593139e-14,-1.247842867371876e-16
509.64,-7.79445942896988e-14,-1.2479431486280643e-16
509.65,-7.793719439103514e-14,-1.24804726272974e-16
509.66,-7.792991674710948e-14,-1.2484124037839335e-16
509.67,-7.792222015268693e-14,-1.247934232465939e-16
509.68,-7.791504316701801e-14,-1.2489197324033342e-16
509.69,-7.790733001937029e-14,-1.247463030991612e-16
509.7,-7.790017956377183e-14,-1.248115949662189e-16
509.71,-7.789248608294309e-14,-1.2469360770910851e-16
509.72,-7.788493154097762e-14,-1.2472601456315798e-16
509.73,-7.787768972288183e-14,-1.2463174695028363e-16
509.74,-7.787023762964539e-14,-1.2474993473583804e-16
509.75,-7.786265330418171e-14,-1.246597825376795e-16
509.76,-7.785510164028871e-14,-1.2445873856206364e-16
509.77,-7.784817722579472e-14,-1.246273493115254e-16
509.78,-7.784052877336645e-14,-1.2470565217683618e-16
509.79,-7.783315452528338e-14,-1.2463547130678839e-16
509.8,-7.782558796723431e-14,-1.2458333672140998e-16
509.81,-7.781825152039149e-14,-1.2457926486332135e-16
509.82,-7.781081471543483e-14,-1.2472064124749864e-16
509.83,-7.780322886251453e-14,-1.2450825686759944e-16
509.84,-7.779609703912914e-14,-1.2457226587539706e-16
509.85,-7.778844607431017e-14,-1.2448068493542627e-16
509.86,-7.77812414198032e-14,-1.2455087116217618e-16
509.87,-7.777360229745381e-14,-1.2447306427819032e-16
509.88,-7.776642146308609e-14,-1.2448214004539366e-16
509.89,-7.775909017177833e-14,-1.246405280668804e-16
509.9,-7.775174795684217e-14,-1.2444358800794285e-16
509.91,-7.774440051855911e-14,-1.2451748904855573e-16
509.92,-7.773654768734885e-14,-1.2478590946115342e-16
509.93,-7.772929250105683e-14,-1.2442894715372312e-16
509.94,-7.772197027892426e-14,-1.24479752619389e-16
509.95,-7.771441947187022e-14,-1.2437586702991973e-16
509.96,-7.770694070431684e-14,-1.2438372707627555e-16
509.97,-7.769928372784134e-14,-1.242293554078385e-16
509.98,-7.769223865683178e-14,-1.2456531697801532e-16
509.99,-7.768477244318134e-14,-1.243694927647945e-16
510.0,-7.767737543004927e-14,-1.2423414841476167e-16
510.01,-7.766973174506873e-14,-1.2418013088388835e-16
510.02,-7.766236066583061e-14,-1.2426209224350534e-16
510.03,-7.765512340313249e-14,-1.2425242555645361e-16
510.04,-7.764765145090752e-14,-1.242796021174339e-16
510.05,-7.764031317380068e-14,-1.2423183448915016e-16
510.06,-7.763289802923602e-14,-1.2418573555526004e-16
510.07,-7.762545660678416e-14,-1.2413215196004324e-16
510.08,-7.761807326294688e-14,-1.2416376924444413e-16
510.09,-7.761055507984091e-14,-1.2419860862840651e-16
510.1,-7.760337121889115e-14,-1.2414019407331666e-16
510.11,-7.759571660780086e-14,-1.2396155544705434e-16
510.12,-7.758835572824608e-14,-1.2413874528899452e-16
510.13,-7.758127680529165e-14,-1.24125282880011e-16
510.14,-7.757369436984937e-14,-1.2412886086725395e-16
510.15,-7.756630861459903e-14,-1.2416418000155888e-16
510.16,-7.755895289722448e-14,-1.2407758543980936e-16
510.17,-7.755149745504902e-14,-1.2401516444648584e-16
510.18,-7.754397628346506e-14,-1.240352299057113e-16
510.19,-7.75366814769985e-14,-1.2401408916512612e-16
510.2,-7.752950555363741e-14,-1.2400544679170837e-16
510.21,-7.752171260503057e-14,-1.2411500175715046e-16
510.22,-7.751473910477952e-14,-1.2404517081446728e-16
510.23,-7.750740079991698e-14,-1.2358670693331379e-16
510.24,-7.749971858096133e-14,-1.2390313165488205e-16
510.25,-7.749229756225632e-14,-1.240504266295778e-16
510.26,-7.74849256017923e-14,-1.2393556118983672e-16
510.27,-7.74773109661269e-14,-1.241563897164762e-16
510.28,-7.747043686666337e-14,-1.2384568950374552e-16
510.29,-7.74629544052397e-14,-1.2397750129575053e-16
510.3,-7.745543603274895e-14,-1.2385077562399954e-16
510.31,-7.744786979317789e-14,-1.2388300486339885e-16
510.32,-7.744074571924678e-14,-1.238489907520068e-16
510.33,-7.7433394325662e-14,-1.2387350452426862e-16
510.34,-7.742619276445579e-14,-1.2408782782166379e-16
510.35,-7.741851404477252e-14,-1.2380093760369415e-16
510.36,-7.741121569836924e-14,-1.2377752613142924e-16
510.37,-7.740386316923616e-14,-1.2374319719750893e-16
510.38,-7.73960899539522e-14,-1.2377079622678263e-16
510.39,-7.738868906880253e-14,-1.2399007288158038e-16
510.4,-7.738196578222222e-14,-1.238552749038401e-16
510.41,-7.737443758573404e-14,-1.2375617022003674e-16
510.42,-7.736693847970466e-14,-1.2374334690501683e-16
510.43,-7.735970224383328e-14,-1.2371640920958484e-16
510.44,-7.735203762334663e-14,-1.2365189364410558e-16
510.45,-7.734455054845434e-14,-1.2362238139065377e-16
510.46,-7.733738594762495e-14,-1.2365927305424685e-16
510.47,-7.732969563013733e-14,-1.2351830785833767e-16
510.48,-7.732258788227096e-14,-1.2365830983682235e-16
510.49,-7.73155096760603e-14,-1.2370112181923359e-16
510.5,-7.730806297025289e-14,-1.2352399232323023e-16
510.51,-7.730057555801901e-14,-1.2381396935286521e-16
510.52,-7.729320826058395e-14,-1.2360459186643801e-16
510.53,-7.728602879349697e-14,-1.2341638768603773e-16
510.54,-7.727904346382324e-14,-1.2359425857783781e-16
510.55,-7.727126199972619e-14,-1.2350564615013206e-16
510.56,-7.726206439077258e-14,-1.2321300028812744e-16
510.57,-7.725642388721474e-14,-1.2350501187139456e-16
510.58,-7.724904748579977e-14,-1.2359168863835917e-16
510.59,-7.724163983598192e-14,-1.2350078382638571e-16
510.6,-7.723439035793885e-14,-1.234152876617407e-16
510.61,-7.722699122712503e-14,-1.234026298341787e-16
510.62,-7.721963229432835e-14,-1.234158053508149e-16
510.63,-7.721225800119445e-14,-1.233683559338591e-16
510.64,-7.720480239570972e-14,-1.233687147224457e-16
510.65,-7.719777588543355e-14,-1.2382797056479956e-16
510.66,-7.71901479234533e-14,-1.2335351658821399e-16
510.67,-7.718288960085433e-14,-1.2355742528569655e-16
510.68,-7.71752682062261e-14,-1.2318878024623946e-16
510.69,-7.716826093565378e-14,-1.2324796606177042e-16
510.7,-7.716053165072372e-14,-1.2321424765036614e-16
510.71,-7.715256827312217e-14,-1.231954319952214e-16
510.72,-7.714600571161586e-14,-1.2333377359629386e-16
510.73,-7.713871258330619e-14,-1.2341285571780142e-16
510.74,-7.713164728475307e-14,-1.2319283043804854e-16
510.75,-7.71227954179699e-14,-1.2358761872197467e-16
510.76,-7.711672908994829e-14,-1.2404078943539117e-16
510.77,-7.710952700795395e-14,-1.2314695150151378e-16
510.78,-7.710206386166556e-14,-1.2320739146794132e-16
510.79,-7.709482190532864e-14,-1.2316277805737969e-16
510.8,-7.708746115458902e-14,-1.2314294611740074e-16
510.81,-7.707995870833836e-14,-1.2312248117002727e-16
510.82,-7.707266240741924e-14,-1.2307185839648424e-16
510.83,-7.706549102103486e-14,-1.231086927979074e-16
510.84,-7.705816995871138e-14,-1.2303617517507988e-16
510.85,-7.705505675513351e-14,-1.254948057258352e-16
510.86,-7.704323679195895e-14,-1.2300148844165853e-16
510.87,-7.703591689281661e-14,-1.2309062377822473e-16
510.88,-7.702910851331465e-14,-1.2299449804270429e-16
510.89,-7.702119661588452e-14,-1.23089082145716e-16
510.9,-7.701413157386286e-14,-1.230408315527262e-16
510.91,-7.700666128788693e-14,-1.2297170113697654e-16
510.92,-7.699927512202142e-14,-1.2296541107511668e-16
510.93,-7.699201885530726e-14,-1.2297066233579947e-16
510.94,-7.698515714117246e-14,-1.239620712806551e-16
510.95,-7.697709312555926e-14,-1.228106441364622e-16
510.96,-7.697008149785749e-14,-1.2291109451325025e-16
510.97,-7.696279700770614e-14,-1.228078939324845e-16
510.98,-7.695512056797392e-14,-1.2294379003942179e-16
510.99,-7.694805321580396e-14,-1.228748326357107e-16
511.0,-7.694150107487897e-14,-1.225843560311039e-16
511.01,-7.693348207064283e-14,-1.228635501309144e-16
511.02,-7.692583890438506e-14,-1.2288467706037362e-16
511.03,-7.691836968198295e-14,-1.2261159284863074e-16
511.04,-7.691139831431887e-14,-1.2270645920043504e-16
511.05,-7.690417069697791e-14,-1.2274136540685028e-16
511.06,-7.689669779080335e-14,-1.2275237825977308e-16
511.07,-7.689153010198231e-14,-1.2303476707465286e-16
511.08,-7.688226117970067e-14,-1.227542954019834e-16
511.09,-7.687491003930035e-14,-1.22780432065933e-16
511.1,-7.686628190160042e-14,-1.2182110581993835e-16
511.11,-7.686023736740408e-14,-1.2273526947511844e-16
511.12,-7.685261824130882e-14,-1.2255150228257333e-16
511.13,-7.684571750870871e-14,-1.2279418512191846e-16
511.14,-7.683845773415466e-14,-1.2263781376113327e-16
511.15,-7.683070403953088e-14,-1.2268318933368092e-16
511.16,-7.68237420583209e-14,-1.2258675365102234e-16
511.17,-7.681710026972391e-14,-1.2244137619268588e-16
511.18,-7.680905173134808e-14,-1.2257409950478602e-16
511.19,-7.680151035242484e-14,-1.2254510922232086e-16
511.2,-7.679439456320788e-14,-1.2249377108964186e-16
511.21,-7.6787331593364e-14,-1.2260472760329633e-16
511.22,-7.677971757287774e-14,-1.2244903012535138e-16
511.23,-7.677249962182422e-14,-1.22498177151228e-16
511.24,-7.676527922713727e-14,-1.2250824126373739e-16
511.25,-7.675779576896825e-14,-1.224937689675774e-16
511.26,-7.675041495821648e-14,-1.2249047391844585e-16
511.27,-7.674345411045333e-14,-1.2240025215688392e-16
511.28,-7.673778711772227e-14,-1.2225213972632963e-16
511.29,-7.67285858591158e-14,-1.223496304458871e-16
511.3,-7.6721586764749e-14,-1.2245363936865328e-16
511.31,-7.671413517226265e-14,-1.2238826245484944e-16
511.32,-7.670684165128682e-14,-1.223992579973924e-16
511.33,-7.669944594306837e-14,-1.223584279330152e-16
511.34,-7.669197598626728e-14,-1.2234371988838124e-16
511.35,-7.668538718848744e-14,-1.2232277131002164e-16
511.36,-7.667760525395951e-14,-1.2228340006524226e-16
511.37,-7.667043797727903e-14,-1.2224218146309107e-16
511.38,-7.666345603814656e-14,-1.2214168496513609e-16
511.39,-7.665566225484068e-14,-1.2217462645291625e-16
511.4,-7.664839766555923e-14,-1.221869226311397e-16
511.41,-7.664146194567724e-14,-1.2221441286903097e-16
511.42,-7.6633795616628e-14,-1.222087486462295e-16
511.43,-7.662659233964248e-14,-1.2221048272361611e-16
511.44,-7.66191848678156e-14,-1.2202644240943318e-16
511.45,-7.661201482093753e-14,-1.2215703814396196e-16
511.46,-7.660463167249177e-14,-1.2202618679907293e-16
511.47,-7.659627399994956e-14,-1.2256635533902718e-16
511.48,-7.65905294497064e-14,-1.2206623550243502e-16
511.49,-7.658271425368793e-14,-1.221329338016524e-16
511.5,-7.65753476680931e-14,-1.2216457981179451e-16
511.51,-7.656834912845018e-14,-1.2200772116647568e-16
511.52,-7.656152521084302e-14,-1.2189091263975517e-16
511.53,-7.655376660337034e-14,-1.2209476949706824e-16
511.54,-7.654646444179355e-14,-1.220240949765567e-16
511.55,-7.65397086374073e-14,-1.2244172555948528e-16
511.56,-7.65321257368574e-14,-1.2206054008822167e-16
511.57,-7.652449556070686e-14,-1.2189822912322695e-16
511.58,-7.651740867629994e-14,-1.219508009661834e-16
511.59,-7.651009883627247e-14,-1.2197386849193792e-16
511.6,-7.650284990872422e-14,-1.2191370765393742e-16
511.61,-7.649556507678063e-14,-1.219629305982206e-16
511.62,-7.648828047107454e-14,-1.2191257393977698e-16
511.63,-7.648112673464485e-14,-1.219317691814252e-16
511.64,-7.647475710856411e-14,-1.2187761107651798e-16
511.65,-7.646694683750017e-14,-1.219431203450586e-16
511.66,-7.645915389369573e-14,-1.21796568211017e-16
511.67,-7.64520343378214e-14,-1.2185141592934576e-16
511.68,-7.644466935053971e-14,-1.2180346879315485e-16
511.69,-7.643808340505415e-14,-1.2197371151643487e-16
511.7,-7.643006507235127e-14,-1.2178330011857778e-16
511.71,-7.642285797252861e-14,-1.2175523677517372e-16
511.72,-7.641560891590967e-14,-1.2172184557547326e-16
511.73,-7.640865784479556e-14,-1.216931322875222e-16
511.74,-7.640133539013521e-14,-1.217963684254733e-16
511.75,-7.639341649588851e-14,-1.2170354885165105e-16
511.76,-7.638716974218595e-14,-1.2165517763643043e-16
511.77,-7.638044908857175e-14,-1.216152578009263e-16
511.78,-7.637211548277462e-14,-1.2171079307052715e-16
511.79,-7.636458139794629e-14,-1.2165257744867964e-16
511.8,-7.63575712617933e-14,-1.2162654642823212e-16
511.81,-7.63503167440748e-14,-1.2164460959699902e-16
511.82,-7.634345844313784e-14,-1.215392682665645e-16
511.83,-7.633550192773392e-14,-1.2156571382155689e-16
511.84,-7.63285046320132e-14,-1.2160175606351493e-16
511.85,-7.632129143829943e-14,-1.215355903707517e-16
511.86,-7.631384655259229e-14,-1.2153593483122325e-16
511.87,-7.630688673245283e-14,-1.2156136774597679e-16
511.88,-7.62998905866539e-14,-1.2157144499451153e-16
511.89,-7.62921935561057e-14,-1.2140119284970763e-16
511.9,-7.628509006152351e-14,-1.2152361903282275e-16
511.91,-7.627786112584499e-14,-1.2149565226606162e-16
511.92,-7.627051469689073e-14,-1.2151570056011706e-16
511.93,-7.626322130861965e-14,-1.2145522993519634e-16
511.94,-7.625614322073178e-14,-1.2138881793669166e-16
511.95,-7.624875912357906e-14,-1.2141963806880562e-16
511.96,-7.624136326479919e-14,-1.2139355704865393e-16
511.97,-7.62344477193954e-14,-1.2133309645940382e-16
511.98,-7.622722250055526e-14,-1.213671533125103e-16
511.99,-7.621986339355832e-14,-1.2137664275998237e-16
512.0,-7.621260162526111e-14,-1.2132959607568594e-16
512.01,-7.620534258113068e-14,-1.2128731791985998e-16
512.02,-7.61979907108065e-14,-1.212950401655183e-16
512.03,-7.619076623754606e-14,-1.2132015485801698e-16
512.04,-7.61838358148388e-14,-1.212750049184929e-16
512.05,-7.617648906026952e-14,-1.2120771970816608e-16
512.06,-7.61690607777556e-14,-1.2124658832277477e-16
512.07,-7.616215578008352e-14,-1.2119714433504626e-16
512.08,-7.615513827482926e-14,-1.2120514266775602e-16
512.09,-7.614736968509103e-14,-1.2124955685294422e-16
512.1,-7.614020726999345e-14,-1.2113902492464496e-16
512.11,-7.613309835104037e-14,-1.2126215330585721e-16
512.12,-7.612544730888658e-14,-1.2106834608746536e-16
512.13,-7.61184775301749e-14,-1.210951811618133e-16
512.14,-7.61115462090872e-14,-1.2114496610667832e-16
512.15,-7.610408263066816e-14,-1.211282218027563e-16
512.16,-7.609689741585007e-14,-1.2116717964030878e-16
512.17,-7.60897982707219e-14,-1.2112974849971741e-16
512.18,-7.608245146413165e-14,-1.2123563469334188e-16
512.19,-7.607439684811962e-14,-1.2102102016033813e-16
512.2,-7.606803882234819e-14,-1.2107468806084895e-16
512.21,-7.60611399169705e-14,-1.2103497400108992e-16
512.22,-7.605352233863795e-14,-1.209542762475958e-16
512.23,-7.604507546059658e-14,-1.209015906766496e-16
512.24,-7.603847468053625e-14,-1.2094852318034398e-16
512.25,-7.60323163071943e-14,-1.2098939676237995e-16
512.26,-7.602450793325985e-14,-1.2085644120882706e-16
512.27,-7.60171097014362e-14,-1.2089825858729677e-16
512.28,-7.601018963456718e-14,-1.2090576103241629e-16
512.29,-7.600408442658215e-14,-1.2096524502729726e-16
512.3,-7.599574506169044e-14,-1.2081307351567047e-16
512.31,-7.598884081474704e-14,-1.2087844269306891e-16
512.32,-7.598147338806608e-14,-1.2089427707301902e-16
512.33,-7.597423717203459e-14,-1.2106715789302865e-16
512.34,-7.596718363680093e-14,-1.2079543189430603e-16
512.35,-7.595942100392922e-14,-1.2068494019281347e-16
512.36,-7.595145491459092e-14,-1.2065791420651889e-16
512.37,-7.594519195054186e-14,-1.206838149417658e-16
512.38,-7.59381439990949e-14,-1.207624106360437e-16
512.39,-7.5931022636823e-14,-1.2071081155381183e-16
512.4,-7.592367936715438e-14,-1.2074586768166603e-16
512.41,-7.591653170676303e-14,-1.2064925557170757e-16
512.42,-7.591012111936476e-14,-1.2084923995375874e-16
512.43,-7.590177214941874e-14,-1.204361243958651e-16
512.44,-7.589521066400033e-14,-1.206332452984295e-16
512.45,-7.588779728801477e-14,-1.2067820813990407e-16
512.46,-7.588025789231662e-14,-1.2060949988938976e-16
512.47,-7.587339230043595e-14,-1.2057150796176518e-16
512.48,-7.586539937019026e-14,-1.2051148075063432e-16
512.49,-7.585883759891415e-14,-1.2061199253103437e-16
512.5,-7.58520170561143e-14,-1.2064183759196833e-16
512.51,-7.58446850848339e-14,-1.2056702531364934e-16
512.52,-7.583681790746297e-14,-1.2048849885852116e-16
512.53,-7.583189481447579e-14,-1.2084459959777158e-16
512.54,-7.582416264846854e-14,-1.2068224187666256e-16
512.55,-7.581569364839482e-14,-1.2046465892762984e-16
512.56,-7.580819337340875e-14,-1.20424330887044e-16
512.57,-7.580142862728783e-14,-1.2049536350695502e-16
512.58,-7.57941350514239e-14,-1.2043384485259536e-16
512.59,-7.578698224291244e-14,-1.2046543094558437e-16
512.6,-7.577978848686759e-14,-1.20475951968498e-16
512.61,-7.577248402885754e-14,-1.204402342764148e-16
512.62,-7.576451802730152e-14,-1.1997490145662105e-16
512.63,-7.575807840091406e-14,-1.203719356614899e-16
512.64,-7.575102364302504e-14,-1.2033140389692238e-16
512.65,-7.574338609803916e-14,-1.2024466173340485e-16
512.66,-7.573654151589188e-14,-1.2036487604681956e-16
512.67,-7.572957283924016e-14,-1.2026556449971145e-16
512.68,-7.572251713495772e-14,-1.2030195631134138e-16
512.69,-7.571480424159215e-14,-1.2024155656105688e-16
512.7,-7.57074429543102e-14,-1.2022237011678046e-16
512.71,-7.570069932347502e-14,-1.2028520340291462e-16
512.72,-7.569145503752839e-14,-1.19847601779267e-16
512.73,-7.568615692830396e-14,-1.20190174932178e-16
512.74,-7.567961599848066e-14,-1.203739258542457e-16
512.75,-7.567216656769622e-14,-1.2022022850822783e-16
512.76,-7.56648407823287e-14,-1.2011206641579735e-16
512.77,-7.565769638383948e-14,-1.2016375219118887e-16
512.78,-7.565044870618788e-14,-1.2019042681026406e-16
512.79,-7.564303658506197e-14,-1.2010953372757476e-16
512.8,-7.563600294269435e-14,-1.2004903485111567e-16
512.81,-7.562921672558229e-14,-1.2014505323853135e-16
512.82,-7.562177603358998e-14,-1.2011696292414736e-16
512.83,-7.561470897232207e-14,-1.200320673847118e-16
512.84,-7.56072609144133e-14,-1.2000994635513513e-16
512.85,-7.560080717502823e-14,-1.20112725904171e-16
512.86,-7.559295225300041e-14,-1.199747966685799e-16
512.87,-7.558590806474633e-14,-1.1983842603240288e-16
512.88,-7.557864115433324e-14,-1.200859301087506e-16
512.89,-7.557173869551521e-14,-1.199495188481842e-16
512.9,-7.556419404271937e-14,-1.2051718803887727e-16
512.91,-7.555731796097928e-14,-1.1991679257083798e-16
512.92,-7.555016112486131e-14,-1.1995786220232568e-16
512.93,-7.554338697092437e-14,-1.1977893134702478e-16
512.94,-7.553612561865077e-14,-1.1994897551726728e-16
512.95,-7.552831005550477e-14,-1.198725649599961e-16
512.96,-7.552343178431122e-14,-1.20354675569123e-16
512.97,-7.551386819035445e-14,-1.1982333888336725e-16
512.98,-7.550751666506489e-14,-1.1993773687044474e-16
512.99,-7.550034559542702e-14,-1.1987207942903888e-16
513.0,-7.549174463995267e-14,-1.1950745648809568e-16
513.01,-7.548593362670727e-14,-1.1976854529617927e-16
513.02,-7.547908292985105e-14,-1.1988305984211396e-16
513.03,-7.547124820287111e-14,-1.1976271790809222e-16
513.04,-7.546393601095684e-14,-1.1962910415067362e-16
513.05,-7.545734253377746e-14,-1.197947066006426e-16
513.06,-7.544404607527171e-14,-1.1812343166472376e-16
513.07,-7.544292358606582e-14,-1.1977074092344367e-16
513.08,-7.543580024268337e-14,-1.1963232020460918e-16
513.09,-7.5428512912256e-14,-1.1968413766740422e-16
513.1,-7.542152168365289e-14,-1.1964874341459746e-16
513.11,-7.541447938255079e-14,-1.196852699573762e-16
513.12,-7.540675354217081e-14,-1.194857452761802e-16
513.13,-7.540012207818406e-14,-1.1965215437355228e-16
513.14,-7.539289159322894e-14,-1.196739886228157e-16
513.15,-7.538708693192688e-14,-1.1824614472675789e-16
513.16,-7.53786664006854e-14,-1.195893402872371e-16
513.17,-7.537150611934581e-14,-1.195797422233453e-16
513.18,-7.536370427612851e-14,-1.1933833811432492e-16
513.19,-7.535706065035132e-14,-1.1949582167228196e-16
513.2,-7.534982302655473e-14,-1.1945589436827996e-16
513.21,-7.534294934343873e-14,-1.1954468137070845e-16
513.22,-7.533575881607477e-14,-1.1949861476805492e-16
513.23,-7.532839704572349e-14,-1.194367681608026e-16
513.24,-7.532309072782776e-14,-1.2053787791995015e-16
513.25,-7.531632042666388e-14,-1.2000762897568895e-16
513.26,-7.53074205925908e-14,-1.193571415191847e-16
513.27,-7.530037040479195e-14,-1.1956704031650606e-16
513.28,-7.529328533586779e-14,-1.1956165333637874e-16
513.29,-7.528546793949431e-14,-1.1926493546120192e-16
513.3,-7.527777054288927e-14,-1.1909262668929322e-16
513.31,-7.527265087147058e-14,-1.1974147155165147e-16
513.32,-7.526485573164216e-14,-1.19473476911101e-16
513.33,-7.525768476550869e-14,-1.1970132675401157e-16
513.34,-7.525023868681644e-14,-1.1941661397850795e-16
513.35,-7.524415762713555e-14,-1.1987186771285612e-16
513.36,-7.52358504779539e-14,-1.1933848184993082e-16
513.37,-7.522883237426432e-14,-1.193163966986336e-16
513.38,-7.52216732457889e-14,-1.1927448276155698e-16
513.39,-7.521456355319748e-14,-1.1923690049585177e-16
513.4,-7.520735721588372e-14,-1.19230297828316e-16
513.41,-7.520042246458612e-14,-1.1922249717001244e-16
513.42,-7.519362163557722e-14,-1.1922513420511743e-16
513.43,-7.518633739732983e-14,-1.1919020680478244e-16
513.44,-7.517744828713625e-14,-1.1825740439846173e-16
513.45,-7.517209774683051e-14,-1.1928477073626734e-16
513.46,-7.516460764319498e-14,-1.1907164665516875e-16
513.47,-7.515747899806263e-14,-1.1892919011016045e-16
513.48,-7.515050860543317e-14,-1.1917918558853746e-16
513.49,-7.514371564853727e-14,-1.1939301670599807e-16
513.5,-7.513605619885136e-14,-1.1901988169961318e-16
513.51,-7.51295447615621e-14,-1.1909863239464585e-16
513.52,-7.512199704482431e-14,-1.191176241541533e-16
513.53,-7.511447153171939e-14,-1.1907940667407487e-16
513.54,-7.510775993435832e-14,-1.190198859511145e-16
513.55,-7.510071855929801e-14,-1.189955626463493e-16
513.56,-7.5093433343797e-14,-1.1891805572412126e-16
513.57,-7.508654876903947e-14,-1.1904330125741897e-16
513.58,-7.50791443743134e-14,-1.189131222367672e-16
513.59,-7.507222127528074e-14,-1.1896731413817425e-16
513.6,-7.506552227690127e-14,-1.1902764665249363e-16
513.61,-7.5058890360254e-14,-1.1923383978654044e-16
513.62,-7.505097540212231e-14,-1.1898272889412668e-16
513.63,-7.504367228402292e-14,-1.188486446217365e-16
513.64,-7.50367376683158e-14,-1.1886508885937075e-16
513.65,-7.502960846424682e-14,-1.188782119394635e-16
513.66,-7.502090599955178e-14,-1.1818545582909526e-16
513.67,-7.501526818355111e-14,-1.188310097466387e-16
513.68,-7.500830265891055e-14,-1.1887973072940098e-16
513.69,-7.500133342304625e-14,-1.1876152522719517e-16
513.7,-7.499423761997341e-14,-1.1899284821993888e-16
513.71,-7.498693843091518e-14,-1.1883292587711967e-16
513.72,-7.49796601867297e-14,-1.186180354946925e-16
513.73,-7.497359414078819e-14,-1.1907054396680467e-16
513.74,-7.496579230228727e-14,-1.1877692158178515e-16
513.75,-7.495895817472872e-14,-1.1888645440924617e-16
513.76,-7.495148466826439e-14,-1.1862504764378728e-16
513.77,-7.494361195462419e-14,-1.1821606962568885e-16
513.78,-7.493753288143875e-14,-1.1875234620159074e-16
513.79,-7.493056189368729e-14,-1.1881440758496404e-16
513.8,-7.49228821568752e-14,-1.1858539687497294e-16
513.81,-7.49158357315047e-14,-1.1840872907274066e-16
513.82,-7.490901437115221e-14,-1.1866884505914586e-16
513.83,-7.490162951225215e-14,-1.1849587093636254e-16
513.84,-7.489451197077339e-14,-1.186671271478383e-16
513.85,-7.488801430027257e-14,-1.1864304238173472e-16
513.86,-7.488071301941581e-14,-1.186035962605576e-16
513.87,-7.487381716455796e-14,-1.185552502416765e-16
513.88,-7.486658779013453e-14,-1.1858434280951853e-16
513.89,-7.485879739107978e-14,-1.1838544560800174e-16
513.9,-7.485221296014983e-14,-1.1843783010185235e-16
513.91,-7.48453393481649e-14,-1.1849856761834345e-16
513.92,-7.483815314915919e-14,-1.1848869681025404e-16
513.93,-7.483116310267643e-14,-1.1846380594283108e-16
513.94,-7.482410307387221e-14,-1.185098537726062e-16
513.95,-7.481696190173458e-14,-1.1852796325580206e-16
513.96,-7.481003952458493e-14,-1.183888291194041e-16
513.97,-7.480279593697782e-14,-1.1839162751526967e-16
513.98,-7.47955850149768e-14,-1.1843607242740897e-16
513.99,-7.478853045596827e-14,-1.1832521161532071e-16
514.0,-7.47815006645968e-14,-1.1829628781486177e-16
514.01,-7.477461284439825e-14,-1.1838896737152905e-16
514.02,-7.476773659677745e-14,-1.1864816058440707e-16
514.03,-7.47601930641506e-14,-1.1821470038817572e-16
514.04,-7.475351216443318e-14,-1.1856409375952808e-16
514.05,-7.47466602535204e-14,-1.1836529216399968e-16
514.06,-7.473894993966872e-14,-1.1813928478477144e-16
514.07,-7.473187682846633e-14,-1.182702848171451e-16
514.08,-7.472499435798925e-14,-1.1822367979845972e-16
514.09,-7.471787703045934e-14,-1.1817423080882555e-16
514.1,-7.471130607691463e-14,-1.1817542846520264e-16
514.11,-7.470412883950632e-14,-1.1833978459046565e-16
514.12,-7.469685538130578e-14,-1.181284151637621e-16
514.13,-7.468962719808807e-14,-1.182068614825531e-16
514.14,-7.468288786315899e-14,-1.1823075188524505e-16
514.15,-7.467547833860324e-14,-1.181499871389431e-16
514.16,-7.466844783859878e-14,-1.1812661501774987e-16
514.17,-7.46615517558755e-14,-1.1808781163486843e-16
514.18,-7.465453103333768e-14,-1.1815228433738375e-16
514.19,-7.464715986347977e-14,-1.1793099299768583e-16
514.2,-7.464014066954167e-14,-1.1805797657603437e-16
514.21,-7.463277176197389e-14,-1.1768856481437095e-16
514.22,-7.462648499720553e-14,-1.1820243228073533e-16
514.23,-7.461932185188174e-14,-1.1800110895446744e-16
514.24,-7.461200217742106e-14,-1.1782773580812853e-16
514.25,-7.460484882135475e-14,-1.1806912952141586e-16
514.26,-7.459832199856042e-14,-1.1811948259134697e-16
514.27,-7.459091545587881e-14,-1.1794320161096415e-16
514.28,-7.458387671024605e-14,-1.1804689933315362e-16
514.29,-7.457689153645205e-14,-1.1804373848185721e-16
514.3,-7.456988565069215e-14,-1.179354425091311e-16
514.31,-7.456273943941137e-14,-1.179506870488935e-16
514.32,-7.455582413742378e-14,-1.1783869952444383e-16
514.33,-7.454831962149418e-14,-1.1755997324920786e-16
514.34,-7.454114950532257e-14,-1.1779011444359283e-16
514.35,-7.45346304770145e-14,-1.1788340655360723e-16
514.36,-7.452758793065897e-14,-1.178700585295464e-16
514.37,-7.452042239803381e-14,-1.1782524610161808e-16
514.38,-7.451356876316424e-14,-1.1787703435433194e-16
514.39,-7.450741408805421e-14,-1.1823930670596106e-16
514.4,-7.449915668188316e-14,-1.177376916900481e-16
514.41,-7.44936706282733e-14,-1.1792472459894594e-16
514.42,-7.448488385722169e-14,-1.1776347112572552e-16
514.43,-7.447789067576542e-14,-1.1770417550905752e-16
514.44,-7.447129139711331e-14,-1.1784522063816811e-16
514.45,-7.446402835404456e-14,-1.1736528480072608e-16
514.46,-7.445719479502667e-14,-1.1765968609925768e-16
514.47,-7.445002084502804e-14,-1.179492620126305e-16
514.48,-7.44430147456894e-14,-1.1778398773909571e-16
514.49,-7.443579005004681e-14,-1.1755748402901208e-16
514.5,-7.442916850371229e-14,-1.1889795313581084e-16
514.51,-7.442205268034304e-14,-1.1769526683372922e-16
514.52,-7.441460292332639e-14,-1.1788089388735712e-16
514.53,-7.440781992256137e-14,-1.176198405737935e-16
514.54,-7.440044105353623e-14,-1.1711112943630264e-16
514.55,-7.439434863058884e-14,-1.1795955816200875e-16
514.56,-7.438684472222283e-14,-1.1775728978797498e-16
514.57,-7.43796431534533e-14,-1.1761060546165256e-16
514.58,-7.437288219484718e-14,-1.1754616839425934e-16
514.59,-7.436472352691506e-14,-1.169464885029733e-16
514.6,-7.435879375557122e-14,-1.174833730505431e-16
514.61,-7.435121351305084e-14,-1.1747419173607375e-16
514.62,-7.43446680347096e-14,-1.1737620346921597e-16
514.63,-7.433764046688628e-14,-1.1754361558545847e-16
514.64,-7.433067349199399e-14,-1.174999199900944e-16
514.65,-7.432359662513045e-14,-1.175467759245052e-16
514.66,-7.431643117196576e-14,-1.173088456268586e-16
514.67,-7.430974312166439e-14,-1.177054531803906e-16
514.68,-7.430243611133686e-14,-1.1742592243905846e-16
514.69,-7.429501996590656e-14,-1.1668984475591067e-16
514.7,-7.428718924285378e-14,-1.1623661679256762e-16
514.71,-7.428154454357199e-14,-1.1748313020666698e-16
514.72,-7.427456549478243e-14,-1.173950995553303e-16
514.73,-7.426750227868117e-14,-1.173359652632192e-16
514.74,-7.426026086660054e-14,-1.1725102021315884e-16
514.75,-7.425343802624867e-14,-1.1741179360822857e-16
514.76,-7.42464810375273e-14,-1.1733141095320084e-16
514.77,-7.423916632050681e-14,-1.1722859334352546e-16
514.78,-7.423247534637386e-14,-1.1734523752208618e-16
514.79,-7.422614539188592e-14,-1.1989685909404345e-16
514.8,-7.421846778754804e-14,-1.172072773317897e-16
514.81,-7.421134748585904e-14,-1.175207821902009e-16
514.82,-7.420441208426866e-14,-1.1737349591440283e-16
514.83,-7.419732292220716e-14,-1.1716645115648173e-16
514.84,-7.419019269109769e-14,-1.172128116908018e-16
514.85,-7.418344851471458e-14,-1.17255352328322e-16
514.86,-7.41761863310725e-14,-1.1724454709885038e-16
514.87,-7.416948147107754e-14,-1.1716627078626784e-16
514.88,-7.416532123564665e-14,-1.17329798188812e-16
514.89,-7.415515253337135e-14,-1.1715056114208083e-16
514.9,-7.414815943109547e-14,-1.1709745441012458e-16
514.91,-7.414166049774226e-14,-1.1720718518240066e-16
514.92,-7.413338565415085e-14,-1.171081349056762e-16
514.93,-7.412744879414826e-14,-1.171329105375866e-16
514.94,-7.412025416665919e-14,-1.176130365675087e-16
514.95,-7.411276033666407e-14,-1.1700761052888367e-16
514.96,-7.410659593160558e-14,-1.1694449779204354e-16
514.97,-7.410074676888712e-14,-1.1726228111223455e-16
514.98,-7.409247263298258e-14,-1.1621722449474102e-16
514.99,-7.408528723190718e-14,-1.1713427444420103e-16
515.0,-7.40784131788604e-14,-1.1695222326812668e-16
515.01,-7.407203359486514e-14,-1.1718929129142342e-16
515.02,-7.406429266016987e-14,-1.170771622470354e-16
515.03,-7.405738895593053e-14,-1.1696119286641326e-16
515.04,-7.405049379679637e-14,-1.168873537412671e-16
515.05,-7.404367403292121e-14,-1.1706314309253845e-16
515.06,-7.403691683325265e-14,-1.170848251207027e-16
515.07,-7.402952179324039e-14,-1.1693368095092056e-16
515.08,-7.402246839837112e-14,-1.1698556103443073e-16
515.09,-7.401544072602206e-14,-1.1677963412343624e-16
515.1,-7.40088035303987e-14,-1.170111654157849e-16
515.11,-7.400131554360261e-14,-1.1690342027367464e-16
515.12,-7.399480699509353e-14,-1.1689019475272655e-16
515.13,-7.39876589009344e-14,-1.169415819309113e-16
515.14,-7.398072427617697e-14,-1.1679436720577162e-16
515.15,-7.397408329664169e-14,-1.167262127397016e-16
515.16,-7.396674286207361e-14,-1.1696977065516288e-16
515.17,-7.395955527013237e-14,-1.1674246061047626e-16
515.18,-7.395246900262428e-14,-1.1676373212863265e-16
515.19,-7.394581619942113e-14,-1.1673298512407937e-16
515.2,-7.39384667173617e-14,-1.1656782403363547e-16
515.21,-7.393174159550239e-14,-1.168419191633734e-16
515.22,-7.392480126933196e-14,-1.1739689258671952e-16
515.23,-7.391828388550591e-14,-1.166825543844033e-16
515.24,-7.391090997995537e-14,-1.1697711681633622e-16
515.25,-7.390401437391392e-14,-1.1681837011500568e-16
515.26,-7.389694392510787e-14,-1.1658653843738154e-16
515.27,-7.389000458699159e-14,-1.1632710391461181e-16
515.28,-7.388295581399205e-14,-1.1667319309322162e-16
515.29,-7.387585482654144e-14,-1.1680961582312583e-16
515.3,-7.386910401389356e-14,-1.1668945264831838e-16
515.31,-7.386239508323577e-14,-1.1620418099173676e-16
515.32,-7.385558298332395e-14,-1.1712201013604464e-16
515.33,-7.384840902201636e-14,-1.1671385690630829e-16
515.34,-7.384107453731752e-14,-1.1661225721168901e-16
515.35,-7.383423869800404e-14,-1.166079541043928e-16
515.36,-7.382718750145069e-14,-1.1660050970489166e-16
515.37,-7.38204319700638e-14,-1.1656662191840846e-16
515.38,-7.381315692451563e-14,-1.165354158212225e-16
515.39,-7.380646262353728e-14,-1.166139552905999e-16
515.4,-7.379988169842641e-14,-1.1664054773552937e-16
515.41,-7.379105706145388e-14,-1.1630037530486626e-16
515.42,-7.378517711004603e-14,-1.1645226275488156e-16
515.43,-7.377827595380621e-14,-1.1620552201075565e-16
515.44,-7.377190838618878e-14,-1.1630523082731633e-16
515.45,-7.376439706437517e-14,-1.1650057208649476e-16
515.46,-7.375719275921092e-14,-1.1681672938910317e-16
515.47,-7.375068731046287e-14,-1.1645949624244906e-16
515.48,-7.374366251655763e-14,-1.1651154988342333e-16
515.49,-7.373638507915835e-14,-1.1637364855141996e-16
515.5,-7.372937914677223e-14,-1.1627398084832794e-16
515.51,-7.372305865784733e-14,-1.1638537031421427e-16
515.52,-7.371577871831043e-14,-1.1642829836363872e-16
515.53,-7.370881684024253e-14,-1.1631934752818926e-16
515.54,-7.370204660870045e-14,-1.1630072075600318e-16
515.55,-7.36949612555282e-14,-1.1637530501672426e-16
515.56,-7.368834971456677e-14,-1.1604306198781357e-16
515.57,-7.368111321588179e-14,-1.1643258887664884e-16
515.58,-7.367411671158458e-14,-1.1662459501997526e-16
515.59,-7.36667631801005e-14,-1.163161034400693e-16
515.6,-7.366023038412467e-14,-1.162098156522936e-16
515.61,-7.365386028550172e-14,-1.1649650808816745e-16
515.62,-7.364644895942049e-14,-1.1629050710634083e-16
515.63,-7.364017151822959e-14,-1.1580155386827628e-16
515.64,-7.363258445887939e-14,-1.1622382146881428e-16
515.65,-7.362546234626592e-14,-1.1618041722385749e-16
515.66,-7.361880898037786e-14,-1.1624490087622017e-16
515.67,-7.361213055438097e-14,-1.1638337443628987e-16
515.68,-7.360461018475954e-14,-1.1615895362022742e-16
515.69,-7.359812020472365e-14,-1.1611470439932048e-16
515.7,-7.359068370088083e-14,-1.1627231582828257e-16
515.71,-7.35834317543006e-14,-1.1652443759182403e-16
515.72,-7.357715359398501e-14,-1.161958679931621e-16
515.73,-7.357030686916336e-14,-1.1602384142133552e-16
515.74,-7.356313845789061e-14,-1.1608511591255555e-16
515.75,-7.355573028164773e-14,-1.1640480342113498e-16
515.76,-7.35492114534426e-14,-1.1625708607964788e-16
515.77,-7.354230593707645e-14,-1.1600699447184255e-16
515.78,-7.353570310896041e-14,-1.1589297571054792e-16
515.79,-7.352838267881214e-14,-1.1612512948448804e-16
515.8,-7.352187809023825e-14,-1.1601333345506236e-16
515.81,-7.351480741663386e-14,-1.1600924692143464e-16
515.82,-7.350768736879607e-14,-1.1612880682157873e-16
515.83,-7.350083973132636e-14,-1.1603224028854658e-16
515.84,-7.349388871328644e-14,-1.1603076742401262e-16
515.85,-7.348695556988768e-14,-1.1606081761560725e-16
515.86,-7.348018008895852e-14,-1.1589026330680628e-16
515.87,-7.347336566322946e-14,-1.160006839987215e-16
515.88,-7.346610996779454e-14,-1.1597248258381609e-16
515.89,-7.345929340002256e-14,-1.1593539369961393e-16
515.9,-7.345226566680487e-14,-1.159436794517971e-16
515.91,-7.344545666198298e-14,-1.159180842522324e-16
515.92,-7.343839349938924e-14,-1.1597669462177893e-16
515.93,-7.343153609867419e-14,-1.160383325344766e-16
515.94,-7.342464569906445e-14,-1.1588897626792576e-16
515.95,-7.341757568458509e-14,-1.158395862550696e-16
515.96,-7.341099982352043e-14,-1.158478719590689e-16
515.97,-7.340400687412569e-14,-1.158633123446206e-16
515.98,-7.33968118545151e-14,-1.1586773252315537e-16
515.99,-7.338979921567429e-14,-1.1585923134147285e-16
516.0,-7.338328302129242e-14,-1.1577469621663158e-16
516.01,-7.337590876276226e-14,-1.1596374818357537e-16
516.02,-7.336932336493937e-14,-1.1586871225158162e-16
516.03,-7.336256536871561e-14,-1.1564926141543096e-16
516.04,-7.335615558562434e-14,-1.1555104943329345e-16
516.05,-7.33485916060294e-14,-1.158051287818894e-16
516.06,-7.334139223939563e-14,-1.158342068620567e-16
516.07,-7.333468204030218e-14,-1.1570577037334704e-16
516.08,-7.332781460198095e-14,-1.1578804388220977e-16
516.09,-7.332070100794098e-14,-1.1572270984690462e-16
516.1,-7.331389190596532e-14,-1.155949273803338e-16
516.11,-7.330706477777674e-14,-1.1567679732227183e-16
516.12,-7.329985993613821e-14,-1.1554392987764137e-16
516.13,-7.329321562950813e-14,-1.1561998832150162e-16
516.14,-7.328651180321512e-14,-1.1566109646492463e-16
516.15,-7.327946716780511e-14,-1.1563962590820596e-16
516.16,-7.32715607204685e-14,-1.1597714012419418e-16
516.17,-7.326568946974847e-14,-1.156036418676081e-16
516.18,-7.32584010698009e-14,-1.153681309057915e-16
516.19,-7.325158353685808e-14,-1.156272255342342e-16
516.2,-7.324511180510963e-14,-1.1554730568252282e-16
516.21,-7.323856460040844e-14,-1.1550287513220094e-16
516.22,-7.323115098928904e-14,-1.1558522467084605e-16
516.23,-7.32236916916156e-14,-1.1571693583336646e-16
516.24,-7.321755093511143e-14,-1.155119012596309e-16
516.25,-7.321043583248594e-14,-1.1556600069489932e-16
516.26,-7.32037328651594e-14,-1.1558061943878444e-16
516.27,-7.319690350883663e-14,-1.1550096081269577e-16
516.28,-7.318975003612447e-14,-1.1538422466734442e-16
516.29,-7.31832171334118e-14,-1.1559930076404918e-16
516.3,-7.317638458576846e-14,-1.1554876397670593e-16
516.31,-7.316934587193273e-14,-1.1543586323177128e-16
516.32,-7.316217544644367e-14,-1.1550808352425885e-16
516.33,-7.31556999191554e-14,-1.154421784772006e-16
516.34,-7.314841876310596e-14,-1.153876571851525e-16
516.35,-7.314178012293045e-14,-1.1550188926388742e-16
516.36,-7.313460986837212e-14,-1.1553258913712422e-16
516.37,-7.312810729227516e-14,-1.155419846976921e-16
516.38,-7.312206576399072e-14,-1.156324254841117e-16
516.39,-7.311367207678821e-14,-1.1526050659220747e-16
516.4,-7.310731566368862e-14,-1.1540246273390287e-16
516.41,-7.31004218774741e-14,-1.1539211204777055e-16
516.42,-7.309324832673705e-14,-1.1530183245781254e-16
516.43,-7.308660531621758e-14,-1.153252498624845e-16
516.44,-7.307909871328066e-14,-1.1534940158018942e-16
516.45,-7.307241863250288e-14,-1.152423641760034e-16
516.46,-7.306612753268125e-14,-1.1522326843586354e-16
516.47,-7.305668905004611e-14,-1.1554984648577588e-16
516.48,-7.305106141117341e-14,-1.1537029171074021e-16
516.49,-7.304526438675873e-14,-1.1521213088601434e-16
516.5,-7.303871940597994e-14,-1.15201888349208e-16
516.51,-7.303154041229128e-14,-1.1525277097157925e-16
516.52,-7.302383432550298e-14,-1.1529016186311509e-16
516.53,-7.301746266278593e-14,-1.1520809998446772e-16
516.54,-7.301096500616486e-14,-1.1516476562203365e-16
516.55,-7.300436600183815e-14,-1.1512129356698659e-16
516.56,-7.299668607141608e-14,-1.1514302927078307e-16
516.57,-7.299038294766457e-14,-1.1511124524838206e-16
516.58,-7.298343638674173e-14,-1.151667695650932e-16
516.59,-7.297683651795495e-14,-1.1514531677781753e-16
516.6,-7.296947409400663e-14,-1.1502431958414808e-16
516.61,-7.296279048750636e-14,-1.1510286532124476e-16
516.62,-7.295584972098962e-14,-1.1516065393537922e-16
516.63,-7.294931062026462e-14,-1.150730077446197e-16
516.64,-7.294159692934387e-14,-1.1509918523780585e-16
516.65,-7.293517489236297e-14,-1.1513181175126544e-16
516.66,-7.29286066797207e-14,-1.1509554112374806e-16
516.67,-7.292149075476525e-14,-1.1500795323598244e-16
516.68,-7.291459674605553e-14,-1.1505366449940797e-16
516.69,-7.290767939803493e-14,-1.1502876588517926e-16
516.7,-7.290104683328473e-14,-1.1496877163733608e-16
516.71,-7.289416705374784e-14,-1.1501681496601558e-16
516.72,-7.288739634807737e-14,-1.1499602054400839e-16
516.73,-7.288038052057385e-14,-1.1488362425957273e-16
516.74,-7.287353153261673e-14,-1.1490016676594587e-16
516.75,-7.28665502904977e-14,-1.1497503909622748e-16
516.76,-7.285990047616312e-14,-1.1499696957391993e-16
516.77,-7.285320237818742e-14,-1.1494336258741514e-16
516.78,-7.284559411778965e-14,-1.1483586625700187e-16
516.79,-7.283914547233755e-14,-1.1491648417840173e-16
516.8,-7.283283533016498e-14,-1.1495842808991872e-16
516.81,-7.282369529789156e-14,-1.1489305106355423e-16
516.82,-7.281835003469315e-14,-1.1468728375842742e-16
516.83,-7.281170966190905e-14,-1.1490155197653934e-16
516.84,-7.280442987929422e-14,-1.1414148543172663e-16
516.85,-7.279821976492982e-14,-1.1493007784100237e-16
516.86,-7.279131459214028e-14,-1.1484035438596565e-16
516.87,-7.278507499412277e-14,-1.1521825159122627e-16
516.88,-7.277763634459883e-14,-1.1484954387957892e-16
516.89,-7.277088808907102e-14,-1.1481007566452343e-16
516.9,-7.276408233516537e-14,-1.1483179454030522e-16
516.91,-7.275613815897949e-14,-1.137782944139151e-16
516.92,-7.275015311947321e-14,-1.1471587492281237e-16
516.93,-7.274375797566766e-14,-1.1488003306376534e-16
516.94,-7.273788817677897e-14,-1.1482785906399166e-16
516.95,-7.272970409615105e-14,-1.146953704370294e-16
516.96,-7.272262585361537e-14,-1.1473740121601046e-16
516.97,-7.271629045005074e-14,-1.1476172725000939e-16
516.98,-7.270971633148328e-14,-1.1474768653363125e-16
516.99,-7.270219509035354e-14,-1.1464382808773495e-16
517.0,-7.270169832728117e-14,-1.1504993520695414e-16
517.01,-7.2688684592801e-14,-1.146811653574834e-16
517.02,-7.268181073185648e-14,-1.146813539022335e-16
517.03,-7.267500258037801e-14,-1.1461408113927147e-16
517.04,-7.266829617239204e-14,-1.1463814139637956e-16
517.05,-7.266148437866741e-14,-1.1467965149520105e-16
517.06,-7.265442738332664e-14,-1.145961925220569e-16
517.07,-7.264754760227897e-14,-1.1462044028045812e-16
517.08,-7.264079445367541e-14,-1.1455416536502743e-16
517.09,-7.263584461371636e-14,-1.1662408451332372e-16
517.1,-7.262727888261691e-14,-1.1465800545221588e-16
517.11,-7.262049016391931e-14,-1.1455294117935575e-16
517.12,-7.261420280221727e-14,-1.1467743924253114e-16
517.13,-7.260630171303929e-14,-1.1449482994941487e-16
517.14,-7.259978203474608e-14,-1.1446866536081357e-16
517.15,-7.259307132181647e-14,-1.1450216677529497e-16
517.16,-7.258618766453786e-14,-1.14553329927243e-16
517.17,-7.257900276321854e-14,-1.14485820013999e-16
517.18,-7.25726648850532e-14,-1.1424188121449294e-16
517.19,-7.256372244254492e-14,-1.1425931764266304e-16
517.2,-7.255918055231212e-14,-1.1447275975433425e-16
517.21,-7.255162239692702e-14,-1.1437238456002993e-16
517.22,-7.254512101620479e-14,-1.1443966190388129e-16
517.23,-7.253890970927934e-14,-1.1447544749557665e-16
517.24,-7.25325030564348e-14,-1.144810351968834e-16
517.25,-7.25235575718391e-14,-1.1425604745363717e-16
517.26,-7.251801283003105e-14,-1.1443508053941694e-16
517.27,-7.251181746373723e-14,-1.144757854064665e-16
517.28,-7.250427599348711e-14,-1.1432585737867978e-16
517.29,-7.250007793503239e-14,-1.1479790513953112e-16
517.3,-7.24903947320731e-14,-1.1434600099001539e-16
517.31,-7.248416019717826e-14,-1.143762691191713e-16
517.32,-7.247714881431076e-14,-1.1430436916152424e-16
517.33,-7.247031294870655e-14,-1.1434000062016924e-16
517.34,-7.246356415337567e-14,-1.1431747319635497e-16
517.35,-7.245659729080618e-14,-1.1433240856360714e-16
517.36,-7.244999755424629e-14,-1.1437200543272118e-16
517.37,-7.244315423794213e-14,-1.1432584027538521e-16
517.38,-7.243553988449432e-14,-1.1400478122620959e-16
517.39,-7.24292600536076e-14,-1.1424427604725168e-16
517.4,-7.24228407469506e-14,-1.1403115773847387e-16
517.41,-7.241582981051539e-14,-1.142679589071938e-16
517.42,-7.240919128302218e-14,-1.1421580289619183e-16
517.43,-7.24021386500282e-14,-1.142240058978661e-16
517.44,-7.239561199064341e-14,-1.1421411447893423e-16
517.45,-7.238866107563676e-14,-1.1416623177324944e-16
517.46,-7.238145061486344e-14,-1.140927380186705e-16
517.47,-7.237481470181059e-14,-1.1409031353480347e-16
517.48,-7.236817628957177e-14,-1.141469938683501e-16
517.49,-7.236132112882359e-14,-1.1407402918121313e-16
517.5,-7.235478081264385e-14,-1.1415235930937166e-16
517.51,-7.234792345300204e-14,-1.1416935829091454e-16
517.52,-7.234072404771742e-14,-1.1404849377123283e-16
517.53,-7.233454840174593e-14,-1.1409914082943991e-16
517.54,-7.232769670926676e-14,-1.141478222966998e-16
517.55,-7.232007166182412e-14,-1.139709612333604e-16
517.56,-7.231349898227258e-14,-1.139536909606397e-16
517.57,-7.230717870221592e-14,-1.1407351226676685e-16
517.58,-7.230017550185649e-14,-1.1402256872657168e-16
517.59,-7.229341953381879e-14,-1.1399229186916017e-16
517.6,-7.228851910987435e-14,-1.1444243320909718e-16
517.61,-7.227980679164121e-14,-1.1398803182296098e-16
517.62,-7.227300167177369e-14,-1.139576743513232e-16
517.63,-7.226634431729617e-14,-1.1394305171073318e-16
517.64,-7.225936402608684e-14,-1.1397817494935347e-16
517.65,-7.225252247813085e-14,-1.138385521879627e-16
517.66,-7.224600788529128e-14,-1.139903795253248e-16
517.67,-7.223906411812563e-14,-1.137947154928867e-16
517.68,-7.223236085609554e-14,-1.1386335766450671e-16
517.69,-7.222525962138233e-14,-1.1385852738829149e-16
517.7,-7.221867242959451e-14,-1.1387178728526216e-16
517.71,-7.22130671918527e-14,-1.141832374236488e-16
517.72,-7.220515514762262e-14,-1.138991783393162e-16
517.73,-7.219783790925806e-14,-1.1374868470400412e-16
517.74,-7.219168300111212e-14,-1.1380862160621135e-16
517.75,-7.21852388602923e-14,-1.1399860364232385e-16
517.76,-7.217805204818607e-14,-1.1382145545901447e-16
517.77,-7.217191142926968e-14,-1.140189474520572e-16
517.78,-7.216454410272464e-14,-1.138065997686414e-16
517.79,-7.2157434494053e-14,-1.1373834046187032e-16
517.8,-7.215105747445724e-14,-1.138538112637153e-16
517.81,-7.214431463782442e-14,-1.1384171526914485e-16
517.82,-7.213706336202816e-14,-1.1369681970441097e-16
517.83,-7.21308752701565e-14,-1.1377529554568832e-16
517.84,-7.212394185648498e-14,-1.138093612489582e-16
517.85,-7.211695106046948e-14,-1.136793540375917e-16
517.86,-7.211030571227639e-14,-1.136877444498523e-16
517.87,-7.210340796853517e-14,-1.1372660111341627e-16
517.88,-7.20967973803265e-14,-1.1368911841069995e-16
517.89,-7.208973671411266e-14,-1.1368072934232134e-16
517.9,-7.20827716634008e-14,-1.1364147023928228e-16
517.91,-7.207667961145254e-14,-1.137131586204271e-16
517.92,-7.206956676427939e-14,-1.1358853117332618e-16
517.93,-7.206281435909791e-14,-1.1363920511759902e-16
517.94,-7.205633866883486e-14,-1.1364138878183853e-16
517.95,-7.204927746402129e-14,-1.135353501638475e-16
517.96,-7.204190826966538e-14,-1.1336084130424472e-16
517.97,-7.203594469293904e-14,-1.1368089226866242e-16
517.98,-7.202861656897428e-14,-1.1337285636046691e-16
517.99,-7.202241646582315e-14,-1.1357974396239302e-16
518.0,-7.201601319530564e-14,-1.1367399868621717e-16
518.01,-7.200872471383483e-14,-1.1361023315171378e-16
518.02,-7.200075190398802e-14,-1.1309243252673207e-16
518.03,-7.199527811655243e-14,-1.1343974670158187e-16
518.04,-7.19888379532735e-14,-1.1363768954755438e-16
518.05,-7.198166805135629e-14,-1.1353623460632627e-16
518.06,-7.197586566099064e-14,-1.1376963616865576e-16
518.07,-7.19682527980154e-14,-1.1347310809680193e-16
518.08,-7.196136810059464e-14,-1.1344582239609364e-16
518.09,-7.195469640584546e-14,-1.1335544237359923e-16
518.1,-7.194779813279224e-14,-1.1344562930455154e-16
518.11,-7.194100989355327e-14,-1.134266258243866e-16
518.12,-7.193460512362282e-14,-1.134700019414243e-16
518.13,-7.192575438349518e-14,-1.1284549070399727e-16
518.14,-7.192084196106357e-14,-1.1340452246630546e-16
518.15,-7.191417763961093e-14,-1.1337989586351113e-16
518.16,-7.190725988557422e-14,-1.1335571215106672e-16
518.17,-7.19009264708919e-14,-1.1351547634564576e-16
518.18,-7.18948268507749e-14,-1.137001866646583e-16
518.19,-7.188688523492333e-14,-1.1322588428528307e-16
518.2,-7.188002836424143e-14,-1.1319374620289597e-16
518.21,-7.18732880859917e-14,-1.1314696691978664e-16
518.22,-7.186674255311446e-14,-1.1328609119613498e-16
518.23,-7.185995519916772e-14,-1.1319544956675976e-16
518.24,-7.185347331411901e-14,-1.1325986560966663e-16
518.25,-7.184665260858163e-14,-1.132651865688256e-16
518.26,-7.183984558677804e-14,-1.133500356315079e-16
518.27,-7.183307674411568e-14,-1.1315853932776307e-16
518.28,-7.182645965015473e-14,-1.1319232999704892e-16
518.29,-7.18194682314307e-14,-1.1313277638097026e-16
518.3,-7.181348744178837e-14,-1.135826606610818e-16
518.31,-7.180630900467906e-14,-1.1328454246269483e-16
518.32,-7.179935913099398e-14,-1.1318797123766083e-16
518.33,-7.179218669808221e-14,-1.1309413162000527e-16
518.34,-7.178603862049933e-14,-1.1320233627234167e-16
518.35,-7.177923958605964e-14,-1.1332883813560485e-16
518.36,-7.1772632319507e-14,-1.1309182788527961e-16
518.37,-7.176571128977834e-14,-1.131260995404421e-16
518.38,-7.175920908217853e-14,-1.1309631788748959e-16
518.39,-7.175230852391476e-14,-1.1304388794572958e-16
518.4,-7.174572137975046e-14,-1.1306885581503764e-16
518.41,-7.173877253891649e-14,-1.1307354189790032e-16
518.42,-7.173210116673146e-14,-1.130049452533113e-16
518.43,-7.172533884590092e-14,-1.1311265537141826e-16
518.44,-7.17170450047697e-14,-1.1183292487222487e-16
518.45,-7.171205875026794e-14,-1.1300807726893883e-16
518.46,-7.170481954234207e-14,-1.1276528492743357e-16
518.47,-7.169840202771763e-14,-1.1294843302152596e-16
518.48,-7.16928029020233e-14,-1.1348819817794378e-16
518.49,-7.168424350154546e-14,-1.126485220624219e-16
518.5,-7.167812967861104e-14,-1.1293837352861096e-16
518.51,-7.16717118935719e-14,-1.1309408824123708e-16
518.52,-7.166510976226389e-14,-1.1318295125620176e-16
518.53,-7.165816946693448e-14,-1.1280639339497858e-16
518.54,-7.165323729799054e-14,-1.1364535467256638e-16
518.55,-7.164523665890448e-14,-1.136236152665119e-16
518.56,-7.163779076572041e-14,-1.128216495911533e-16
518.57,-7.16311447573576e-14,-1.128520436856822e-16
518.58,-7.162449944855477e-14,-1.1287076190279878e-16
518.59,-7.161758332451818e-14,-1.127752223872259e-16
518.6,-7.161137149361262e-14,-1.12986488955744e-16
518.61,-7.160374483861846e-14,-1.126196585971045e-16
518.62,-7.159782457501977e-14,-1.1291668380011335e-16
518.63,-7.159111530207716e-14,-1.1284172266658779e-16
518.64,-7.158518890805256e-14,-1.1211396207803748e-16
518.65,-7.157741669985119e-14,-1.1270357336821135e-16
518.66,-7.157076032073791e-14,-1.128541753411087e-16
518.67,-7.156374780028841e-14,-1.1268733794756615e-16
518.68,-7.155754864779742e-14,-1.128045526936932e-16
518.69,-7.155085416003079e-14,-1.129267541016154e-16
518.7,-7.154394225908689e-14,-1.1273154130928943e-16
518.71,-7.153739543077148e-14,-1.1275927595466247e-16
518.72,-7.153044138834507e-14,-1.12712494136503e-16
518.73,-7.151920478060653e-14,-1.0990920843916905e-16
518.74,-7.151722073932534e-14,-1.1275379398322009e-16
518.75,-7.151010867397202e-14,-1.1239544083018634e-16
518.76,-7.150342117567292e-14,-1.1260917897189163e-16
518.77,-7.149711016981048e-14,-1.1264972781184393e-16
518.78,-7.14903345604464e-14,-1.1260013479868553e-16
518.79,-7.148271098469484e-14,-1.120394311256454e-16
518.8,-7.14769539457773e-14,-1.1255186075068924e-16
518.81,-7.147040432735918e-14,-1.1280594483670623e-16
518.82,-7.145990393813082e-14,-1.1328812307766944e-16
518.83,-7.145675546115795e-14,-1.1256715658703877e-16
518.84,-7.14501355925286e-14,-1.1258577868183612e-16
518.85,-7.144296420921051e-14,-1.1255120897515567e-16
518.86,-7.143779859924552e-14,-1.1229089934032937e-16
518.87,-7.142981066473224e-14,-1.1251973477298232e-16
518.88,-7.142320247453056e-14,-1.1252434015907428e-16
518.89,-7.141592991971981e-14,-1.1264472146496835e-16
518.9,-7.140987379675386e-14,-1.125511975429431e-16
518.91,-7.140277313013656e-14,-1.1253409606630514e-16
518.92,-7.139659712651911e-14,-1.124016159424772e-16
518.93,-7.138965269121289e-14,-1.1246916496231903e-16
518.94,-7.138317846612538e-14,-1.1251378015686826e-16
518.95,-7.137632132256418e-14,-1.1242572341989708e-16
518.96,-7.136957228007373e-14,-1.1230438732480407e-16
518.97,-7.13629682556412e-14,-1.1241739507186758e-16
518.98,-7.13563321506809e-14,-1.124786640548565e-16
518.99,-7.13498563879921e-14,-1.1247912495925488e-16
519.0,-7.134240738388152e-14,-1.122628438610311e-16
519.01,-7.133604867363972e-14,-1.123924413133206e-16
519.02,-7.132950666724711e-14,-1.1232193897295203e-16
519.03,-7.132286248631769e-14,-1.1225315264115524e-16
519.04,-7.131623936127272e-14,-1.1239935872136674e-16
519.05,-7.130932128202389e-14,-1.122995458461053e-16
519.06,-7.130302782648032e-14,-1.124544091873616e-16
519.07,-7.129607048496563e-14,-1.1230368431600693e-16
519.08,-7.128961574578008e-14,-1.1235916397892075e-16
519.09,-7.128267893598917e-14,-1.1246765173735377e-16
519.1,-7.127574341545932e-14,-1.1207624771299624e-16
519.11,-7.126924837782456e-14,-1.1219101132853004e-16
519.12,-7.126289234135039e-14,-1.1217509472467056e-16
519.13,-7.125569201766024e-14,-1.1221024863429073e-16
519.14,-7.124885043297797e-14,-1.1202498394275386e-16
519.15,-7.124238794419086e-14,-1.120485845806297e-16
519.16,-7.123576695863035e-14,-1.1209167508851153e-16
519.17,-7.122911795830508e-14,-1.1170936055401456e-16
519.18,-7.122222733210943e-14,-1.1207212528766084e-16
519.19,-7.121571643376315e-14,-1.1202203563361157e-16
519.2,-7.120960196094177e-14,-1.1224006444880816e-16
519.21,-7.120323643468455e-14,-1.1252960346664296e-16
519.22,-7.11957655139217e-14,-1.120733267092246e-16
519.23,-7.118904648410478e-14,-1.1186511084265195e-16
519.24,-7.118259958697013e-14,-1.1203435130128375e-16
519.25,-7.117636239643259e-14,-1.1262051966396162e-16
519.26,-7.116948737577288e-14,-1.1337438155767255e-16
519.27,-7.116204005265264e-14,-1.1181216954707343e-16
519.28,-7.115590768333762e-14,-1.1208345439941215e-16
519.29,-7.114916333508367e-14,-1.1225925948653074e-16
519.3,-7.114242920027012e-14,-1.1196777749704182e-16
519.31,-7.113576677647631e-14,-1.1147123687243148e-16
519.32,-7.112918400294032e-14,-1.1191128200559232e-16
519.33,-7.112238275219912e-14,-1.119077319140381e-16
519.34,-7.111554711042228e-14,-1.119517360338e-16
519.35,-7.111010667212876e-14,-1.1182684676891518e-16
519.36,-7.110244539424763e-14,-1.117808390657612e-16
519.37,-7.109636209648095e-14,-1.1215573923338668e-16
519.38,-7.108914717614486e-14,-1.118783993292379e-16
519.39,-7.10825107339625e-14,-1.1192817569763963e-16
519.4,-7.10760455743834e-14,-1.118596698676415e-16
519.41,-7.106937516945392e-14,-1.1180147609361875e-16
519.42,-7.10625617756377e-14,-1.11691207123323e-16
519.43,-7.105530617310434e-14,-1.1143642452422078e-16
519.44,-7.104972024277747e-14,-1.1186487740502836e-16
519.45,-7.104252913762684e-14,-1.118102860269268e-16
519.46,-7.10359891630169e-14,-1.1168709803688542e-16
519.47,-7.102920519582145e-14,-1.1177100459369784e-16
519.48,-7.102277175296351e-14,-1.1183464649540088e-16
519.49,-7.101616108669357e-14,-1.1170165307684018e-16
519.5,-7.10097594333326e-14,-1.1214360053962472e-16
519.51,-7.100255893824187e-14,-1.11602962205877e-16
519.52,-7.099608014870402e-14,-1.1150105708418668e-16
519.53,-7.098957557515658e-14,-1.1163673437256163e-16
519.54,-7.098285353582258e-14,-1.1179347802407708e-16
519.55,-7.097568954293632e-14,-1.1144253100268804e-16
519.56,-7.096923008324415e-14,-1.1110389400737872e-16
519.57,-7.096360713327489e-14,-1.123612516830337e-16
519.58,-7.095602018601009e-14,-1.116046540569585e-16
519.59,-7.094961224206074e-14,-1.1163258668901125e-16
519.6,-7.094267485809622e-14,-1.1159113108692226e-16
519.61,-7.093588251803944e-14,-1.1146111660203138e-16
519.62,-7.092979003362233e-14,-1.1155760135060145e-16
519.63,-7.092281527991006e-14,-1.1158958407375116e-16
519.64,-7.091619247941597e-14,-1.1153039515549574e-16
519.65,-7.090960077564778e-14,-1.1155578804210226e-16
519.66,-7.090301029223483e-14,-1.1147877508748254e-16
519.67,-7.089615880626664e-14,-1.113837681014803e-16
519.68,-7.088978482738481e-14,-1.1151768137581176e-16
519.69,-7.088298545831656e-14,-1.1101325711358147e-16
519.7,-7.087637526448646e-14,-1.1127374311607024e-16
519.71,-7.087007945732742e-14,-1.1154235569550127e-16
519.72,-7.086299784006302e-14,-1.1165310917475617e-16
519.73,-7.085662999897963e-14,-1.114932559845927e-16
519.74,-7.084984339797388e-14,-1.1152173778939436e-16
519.75,-7.084326354446445e-14,-1.114690738516836e-16
519.76,-7.083650699778597e-14,-1.1131563412197523e-16
519.77,-7.083004171720067e-14,-1.1149158977851352e-16
519.78,-7.082335214498512e-14,-1.1137056637032436e-16
519.79,-7.08167509208897e-14,-1.1133441896025196e-16
519.8,-7.081015818444656e-14,-1.11299563910875e-16
519.81,-7.080343201839642e-14,-1.1137957287691902e-16
519.82,-7.07968909004505e-14,-1.1127944264434245e-16
519.83,-7.079022786198082e-14,-1.112837734644657e-16
519.84,-7.078361936479809e-14,-1.1126773736819467e-16
519.85,-7.077695232026101e-14,-1.1127421754091164e-16
519.86,-7.077022620986577e-14,-1.1116968312368137e-16
519.87,-7.07634326417186e-14,-1.1106159858382747e-16
519.88,-7.075714860232301e-14,-1.1128592989692684e-16
519.89,-7.075043001954416e-14,-1.1119467448920234e-16
519.9,-7.074399862568866e-14,-1.1121195726181617e-16
519.91,-7.073718626117878e-14,-1.1123566152816098e-16
519.92,-7.073067194285065e-14,-1.1115526946767065e-16
519.93,-7.072392553545493e-14,-1.1114627939769557e-16
519.94,-7.071731140122632e-14,-1.112209360569003e-16
519.95,-7.071107920981687e-14,-1.1098005739666156e-16
519.96,-7.070399144280976e-14,-1.112329509226251e-16
519.97,-7.06975494598117e-14,-1.1124855508774076e-16
519.98,-7.069083682065441e-14,-1.1149508941419678e-16
519.99,-7.068442762858079e-14,-1.1107101083760054e-16
520.0,-7.067773404627469e-14,-1.1087885562184526e-16
520.01,-7.067101189224634e-14,-1.1102291100821403e-16
520.02,-7.06644911616181e-14,-1.115455357008025e-16
520.03,-7.065807868274952e-14,-1.1122496852797683e-16
520.04,-7.065120161866887e-14,-1.1088584845895534e-16
520.05,-7.064431934382221e-14,-1.1088703167031231e-16
520.06,-7.063778470201598e-14,-1.1118645818536056e-16
520.07,-7.063158389078785e-14,-1.109718090996601e-16
520.08,-7.062477424112486e-14,-1.1091862151690276e-16
520.09,-7.061809167686542e-14,-1.1099554090992513e-16
520.1,-7.06110393792333e-14,-1.1023674306819217e-16
520.11,-7.060496566155169e-14,-1.1093794241757473e-16
520.12,-7.059880821951414e-14,-1.1101911527430212e-16
520.13,-7.059133319055781e-14,-1.1082756396262829e-16
520.14,-7.058495572420937e-14,-1.1096981098381934e-16
520.15,-7.057861138064267e-14,-1.1114601383723714e-16
520.16,-7.057195637028917e-14,-1.1085647317930812e-16
520.17,-7.056543136612829e-14,-1.1076649817767972e-16
520.18,-7.05585835833684e-14,-1.1082541181537086e-16
520.19,-7.055209145307048e-14,-1.107150976475638e-16
520.2,-7.054554144973737e-14,-1.1087733577884036e-16
520.21,-7.05388149812353e-14,-1.1082492544922678e-16
520.22,-7.053234889883526e-14,-1.10825760567102e-16
520.23,-7.052505788628156e-14,-1.1086544124755974e-16
520.24,-7.051908243972635e-14,-1.1070903966562229e-16
520.25,-7.05125413528659e-14,-1.1077995316003e-16
520.26,-7.05058375454263e-14,-1.1066841332785976e-16
520.27,-7.049885513462386e-14,-1.1104997067476157e-16
520.28,-7.049273405510231e-14,-1.107522600363719e-16
520.29,-7.04866236757789e-14,-1.1047626358163053e-16
520.3,-7.047969623201689e-14,-1.1058169312367442e-16
520.31,-7.047325214998709e-14,-1.1081333800472728e-16
520.32,-7.046485790722551e-14,-1.1059671698189699e-16
520.33,-7.046016188347825e-14,-1.10491990704051e-16
520.34,-7.045310362595003e-14,-1.1058319672029382e-16
520.35,-7.044661004371616e-14,-1.1058749768748954e-16
520.36,-7.044012173003985e-14,-1.1056906740999505e-16
520.37,-7.043332436162535e-14,-1.1055847825668701e-16
520.38,-7.042687972634881e-14,-1.1055414834178834e-16
520.39,-7.042039964742067e-14,-1.1051480661699395e-16
520.4,-7.041399659437225e-14,-1.1061934814805735e-16
520.41,-7.040721111268059e-14,-1.107790489651977e-16
520.42,-7.04006109257876e-14,-1.1056208720706096e-16
520.43,-7.03939194627294e-14,-1.1046516771858524e-16
520.44,-7.038747177783562e-14,-1.1054305303522711e-16
520.45,-7.038093842730768e-14,-1.1048392401595716e-16
520.46,-7.037422967599911e-14,-1.1011039529861605e-16
520.47,-7.036749656822362e-14,-1.103609664746921e-16
520.48,-7.036112182817652e-14,-1.1047076639448958e-16
520.49,-7.035442803262928e-14,-1.1061942064356695e-16
520.5,-7.034832302759125e-14,-1.1030239230596717e-16
520.51,-7.03412899350125e-14,-1.1086200260697888e-16
520.52,-7.033468055191323e-14,-1.1039617684512939e-16
520.53,-7.032814342233634e-14,-1.1025305161824116e-16
520.54,-7.032169655264853e-14,-1.1024820470845812e-16
520.55,-7.03151061950554e-14,-1.1021000654299736e-16
520.56,-7.030847196531341e-14,-1.1029762359094884e-16
520.57,-7.030187587857549e-14,-1.1037904523817759e-16
520.58,-7.029557828072899e-14,-1.1013661571532513e-16
520.59,-7.02889032278855e-14,-1.1028696985402588e-16
520.6,-7.028202454922789e-14,-1.1024481551017579e-16
520.61,-7.027564434753427e-14,-1.1027117966117426e-16
520.62,-7.026903929145937e-14,-1.1016901540340816e-16
520.63,-7.026242030190187e-14,-1.1020087365369958e-16
520.64,-7.025602802959634e-14,-1.1018190261654202e-16
520.65,-7.024930529629332e-14,-1.1017873850519955e-16
520.66,-7.024297880068072e-14,-1.1015000367919592e-16
520.67,-7.023709038304035e-14,-1.1032410905468178e-16
520.68,-7.022956058643288e-14,-1.1003968918660859e-16
520.69,-7.022315594818023e-14,-1.1005666999441166e-16
520.7,-7.021648314049041e-14,-1.1010804115133222e-16
520.71,-7.02097999611524e-14,-1.1015019660485918e-16
520.72,-7.020399536542745e-14,-1.1007467509215175e-16
520.73,-7.019686777203899e-14,-1.1000863449745208e-16
520.74,-7.019038204212705e-14,-1.101286462313176e-16
520.75,-7.018472121550862e-14,-1.0950763961028384e-16
520.76,-7.017865333544563e-14,-1.1014255323169917e-16
520.77,-7.017085946480277e-14,-1.0990445369720602e-16
520.78,-7.016344697385421e-14,-1.0996539120171839e-16
520.79,-7.015688189383073e-14,-1.1026760155136527e-16
520.8,-7.015072301202827e-14,-1.0994685991690413e-16
520.81,-7.014424307800215e-14,-1.0982497418512804e-16
520.82,-7.013751140580983e-14,-1.0987980637377326e-16
520.83,-7.013119993975626e-14,-1.0990963077844557e-16
520.84,-7.0124435951639e-14,-1.0986990597447627e-16
520.85,-7.012263997489461e-14,-1.1111946930707258e-16
520.86,-7.011165165595993e-14,-1.0991023141682002e-16
520.87,-7.010466455187152e-14,-1.0978356906326526e-16
520.88,-7.009844605461268e-14,-1.0983562213551202e-16
520.89,-7.009210715984733e-14,-1.0987550903537492e-16
520.9,-7.008544233612114e-14,-1.0982593788952544e-16
520.91,-7.007875139875487e-14,-1.0982723317455972e-16
520.92,-7.00723563132728e-14,-1.0974169006435622e-16
520.93,-7.006586065054028e-14,-1.0977848723374423e-16
520.94,-7.005626564974852e-14,-1.1106737979479638e-16
520.95,-7.00527580806085e-14,-1.0978745347719681e-16
520.96,-7.004566035847003e-14,-1.0979823173147571e-16
520.97,-7.003961485172807e-14,-1.0968237586069945e-16
520.98,-7.003302896364901e-14,-1.0975418948301128e-16
520.99,-7.002654929145119e-14,-1.0974845881467062e-16
521.0,-7.002015888760257e-14,-1.0967149613582485e-16
521.01,-7.001340238414955e-14,-1.0962974377778437e-16
521.02,-7.000714086644664e-14,-1.0956639377928647e-16
521.03,-6.999989696771869e-14,-1.0931903837449372e-16
521.04,-6.999420888244017e-14,-1.0927123106364391e-16
521.05,-6.998664604194233e-14,-1.0956418796126791e-16
521.06,-6.998129677609097e-14,-1.0951326759895626e-16
521.07,-6.997433142327104e-14,-1.0952733227798285e-16
521.08,-6.99679233969287e-14,-1.0960023295352367e-16
521.09,-6.996120486734075e-14,-1.0958034524902386e-16
521.1,-6.99546917729693e-14,-1.094883726073374e-16
521.11,-6.994819294904764e-14,-1.0942364943894434e-16
521.12,-6.994119468312197e-14,-1.0957410464736691e-16
521.13,-6.993501899193757e-14,-1.094882203556955e-16
521.14,-6.992761128098215e-14,-1.0919488279243388e-16
521.15,-6.992215852322285e-14,-1.0952300966649313e-16
521.16,-6.991561097686084e-14,-1.0946895493755035e-16
521.17,-6.990897300258742e-14,-1.0947639358381992e-16
521.18,-6.990256387657481e-14,-1.0941148582135812e-16
521.19,-6.989660891973108e-14,-1.0922762147093582e-16
521.2,-6.988947621135084e-14,-1.0943317650444903e-16
521.21,-6.98821884827621e-14,-1.0945296521297598e-16
521.22,-6.987606321629925e-14,-1.0931331772378765e-16
521.23,-6.986706217517379e-14,-1.0963413080990646e-16
521.24,-6.986347140385493e-14,-1.0935138967992814e-16
521.25,-6.985651219980147e-14,-1.0935189364989967e-16
521.26,-6.98495410630927e-14,-1.0931266754635201e-16
521.27,-6.984359338394639e-14,-1.093347530258524e-16
521.28,-6.983813145107607e-14,-1.0924071656766102e-16
521.29,-6.983062730777841e-14,-1.0930757933813082e-16
521.3,-6.982393115679657e-14,-1.092103247522549e-16
521.31,-6.98178456278042e-14,-1.0923246780290751e-16
521.32,-6.981292399482571e-14,-1.0934917513128427e-16
521.33,-6.980463781834241e-14,-1.0918347319442e-16
521.34,-6.979846162136858e-14,-1.0954692345586529e-16
521.35,-6.979160680110133e-14,-1.0913002555430102e-16
521.36,-6.978487390074873e-14,-1.0922010754449832e-16
521.37,-6.977880279527808e-14,-1.0913590190613924e-16
521.38,-6.977230938886004e-14,-1.0922217888242438e-16
521.39,-6.976536530330068e-14,-1.091067963466918e-16
521.4,-6.975925273627817e-14,-1.0898862857060317e-16
521.41,-6.975288377535967e-14,-1.0915264486854896e-16
521.42,-6.974587528557407e-14,-1.0912877762175502e-16
521.43,-6.973945395266015e-14,-1.0906459531031429e-16
521.44,-6.973285293184549e-14,-1.0908761502188438e-16
521.45,-6.972666134855387e-14,-1.090843500023545e-16
521.46,-6.972016033822444e-14,-1.0902825099888382e-16
521.47,-6.971334478551184e-14,-1.0902473673005275e-16
521.48,-6.97069956286696e-14,-1.0901716538267555e-16
521.49,-6.970087536180941e-14,-1.0900936412773472e-16
521.5,-6.969422342532234e-14,-1.0901380095971642e-16
521.51,-6.96873000820524e-14,-1.089613474586832e-16
521.52,-6.968136191863371e-14,-1.089184913316964e-16
521.53,-6.967462814815722e-14,-1.0901513650394326e-16
521.54,-6.966801497696701e-14,-1.0892727581866184e-16
521.55,-6.966124057205881e-14,-1.088609210379611e-16
521.56,-6.96540491345493e-14,-1.0892668660960366e-16
521.57,-6.96484383257145e-14,-1.0896709885595625e-16
521.58,-6.964184458906054e-14,-1.0883666796340595e-16
521.59,-6.96356940220742e-14,-1.0891959652272476e-16
521.6,-6.962872919379636e-14,-1.0883016331987197e-16
521.61,-6.962235960987937e-14,-1.0892478214935825e-16
521.62,-6.961620814917704e-14,-1.0892237070830848e-16
521.63,-6.961001102105723e-14,-1.0908358699399141e-16
521.64,-6.960312195249709e-14,-1.0867891323315092e-16
521.65,-6.959622861079796e-14,-1.0871271781967253e-16
521.66,-6.95902726393753e-14,-1.0886297889270104e-16
521.67,-6.958350360395131e-14,-1.0875569704469787e-16
521.68,-6.957703449005208e-14,-1.0880574272702785e-16
521.69,-6.95699632509754e-14,-1.0871143136979357e-16
521.7,-6.956414013934993e-14,-1.0877034012327403e-16
521.71,-6.955686413149143e-14,-1.0867390258948644e-16
521.72,-6.95508902806258e-14,-1.0861458410339063e-16
521.73,-6.954477827312481e-14,-1.0863512537070283e-16
521.74,-6.953801807275428e-14,-1.0869591817922339e-16
521.75,-6.953148802962975e-14,-1.0862986315898777e-16
521.76,-6.952506636467756e-14,-1.0857270901658953e-16
521.77,-6.951884943610062e-14,-1.086300812750663e-16
521.78,-6.951222443391534e-14,-1.0863804147091127e-16
521.79,-6.950561123140746e-14,-1.0859321325408081e-16
521.8,-6.949931333082884e-14,-1.0853440726781575e-16
521.81,-6.949352144651307e-14,-1.0860849555642736e-16
521.82,-6.948638232707212e-14,-1.0855092296842954e-16
521.83,-6.947988675982327e-14,-1.0846295965469168e-16
521.84,-6.947344292030003e-14,-1.0842932974097195e-16
521.85,-6.946689713989051e-14,-1.0849991603078491e-16
521.86,-6.946039576185115e-14,-1.0851510353073401e-16
521.87,-6.945396946551614e-14,-1.0845889418438704e-16
521.88,-6.944724467367887e-14,-1.0840676651615679e-16
521.89,-6.944067045635522e-14,-1.0813180227114609e-16
521.9,-6.943434750468994e-14,-1.0836320195705592e-16
521.91,-6.942826632182726e-14,-1.0833652457767762e-16
521.92,-6.942153092534244e-14,-1.0840788357357904e-16
521.93,-6.941522937191317e-14,-1.0838265494916493e-16
521.94,-6.940848486186939e-14,-1.0838352252308083e-16
521.95,-6.940197042844413e-14,-1.083810096677815e-16
521.96,-6.939673756951568e-14,-1.0846133772970901e-16
521.97,-6.938910276035693e-14,-1.0828476007052154e-16
521.98,-6.938245253907069e-14,-1.0827897308512545e-16
521.99,-6.937635286312814e-14,-1.0836572581222961e-16
522.0,-6.936930743015243e-14,-1.0826072132711078e-16
522.01,-6.936350477402119e-14,-1.0825705959211106e-16
522.02,-6.935709433682108e-14,-1.0827412092211712e-16
522.03,-6.93498779782977e-14,-1.0823057728771201e-16
522.04,-6.934431714768503e-14,-1.082740292633872e-16
522.05,-6.93375871601806e-14,-1.0817645990882781e-16
522.06,-6.933128626752082e-14,-1.082446745399477e-16
522.07,-6.932554711437079e-14,-1.0827994115490133e-16
522.08,-6.93181276140707e-14,-1.0817151868375186e-16
522.09,-6.931166087075256e-14,-1.0819993977913133e-16
522.1,-6.930523788603007e-14,-1.0811452432666009e-16
522.11,-6.929835299771514e-14,-1.0804795570481584e-16
522.12,-6.929179234836296e-14,-1.0798796070011746e-16
522.13,-6.92861436758462e-14,-1.0815691271398656e-16
522.14,-6.927946833060168e-14,-1.0810915144373392e-16
522.15,-6.927265691388985e-14,-1.0807030472236915e-16
522.16,-6.926643911117548e-14,-1.080547386463294e-16
522.17,-6.925994735684739e-14,-1.0800241343823913e-16
522.18,-6.925340296426131e-14,-1.0787392217277769e-16
522.19,-6.924713698687222e-14,-1.0802841656431445e-16
522.2,-6.924013314473535e-14,-1.0794444668719941e-16
522.21,-6.923444668905843e-14,-1.080653188768033e-16
522.22,-6.922795547948458e-14,-1.0797044524949986e-16
522.23,-6.922147169299642e-14,-1.0799776516838253e-16
522.24,-6.92138567207473e-14,-1.0780888031292958e-16
522.25,-6.920816458612334e-14,-1.0789894792380006e-16
522.26,-6.920267747095577e-14,-1.080318126049678e-16
522.27,-6.919582301123276e-14,-1.0799530611167637e-16
522.28,-6.918925371054526e-14,-1.0797731687340279e-16
522.29,-6.918582750543156e-14,-1.0853662855430064e-16
522.3,-6.917630345962821e-14,-1.0787259143745779e-16
522.31,-6.917055330271177e-14,-1.0801460165881886e-16
522.32,-6.916327519397413e-14,-1.0789762985925482e-16
522.33,-6.915697243410744e-14,-1.0787836321860886e-16
522.34,-6.915051349594451e-14,-1.0789983618122913e-16
522.35,-6.91439617427764e-14,-1.0784935250724138e-16
522.36,-6.913774481508007e-14,-1.0785700527204078e-16
522.37,-6.913107139066826e-14,-1.0772326850821192e-16
522.38,-6.912502105194991e-14,-1.0778235780713226e-16
522.39,-6.911866176826738e-14,-1.0786389503782423e-16
522.4,-6.911237951446063e-14,-1.0773943101693894e-16
522.41,-6.91051336213954e-14,-1.0758755460734617e-16
522.42,-6.909892655837898e-14,-1.0767774550332966e-16
522.43,-6.909258319199271e-14,-1.0771875426399242e-16
522.44,-6.908606668279853e-14,-1.0769620015645828e-16
522.45,-6.908009314585866e-14,-1.0781899250805752e-16
522.46,-6.907266056436827e-14,-1.0752911652286758e-16
522.47,-6.90674291183942e-14,-1.0772552568074357e-16
522.48,-6.905921504262852e-14,-1.073393907061277e-16
522.49,-6.905426896647548e-14,-1.0758643461650123e-16
522.5,-6.90476161838218e-14,-1.0763870636604998e-16
522.51,-6.90411250500908e-14,-1.0754660147652643e-16
522.52,-6.903509542037281e-14,-1.0770431547483416e-16
522.53,-6.902817639869936e-14,-1.0759166282041842e-16
522.54,-6.902140316855107e-14,-1.074418603282995e-16
522.55,-6.901532089741256e-14,-1.0749226380802412e-16
522.56,-6.900915412918663e-14,-1.0755037458245638e-16
522.57,-6.900236777191032e-14,-1.0755202120627367e-16
522.58,-6.899732280222127e-14,-1.0886745213390613e-16
522.59,-6.89898771360733e-14,-1.0757618050622197e-16
522.6,-6.898322241230675e-14,-1.0736143910907146e-16
522.61,-6.897692878615069e-14,-1.0747562305160636e-16
522.62,-6.897044012872152e-14,-1.0749669721684554e-16
522.63,-6.896404956845832e-14,-1.0747865111674931e-16
522.64,-6.895758311910455e-14,-1.0742045282002646e-16
522.65,-6.895157893773538e-14,-1.0744181698507676e-16
522.66,-6.894468355776582e-14,-1.0740722544202509e-16
522.67,-6.893890694493483e-14,-1.054753568695692e-16
522.68,-6.893220515130875e-14,-1.0739788719641877e-16
522.69,-6.89261435119668e-14,-1.0752878610206619e-16
522.7,-6.891923469667678e-14,-1.0743098213938408e-16
522.71,-6.891277080201258e-14,-1.0735342515136366e-16
522.72,-6.890637772868354e-14,-1.072982471373009e-16
522.73,-6.89009864577233e-14,-1.0767607727050052e-16
522.74,-6.889414730891408e-14,-1.0745989622434493e-16
522.75,-6.888655086601313e-14,-1.071485031777733e-16
522.76,-6.887940379844802e-14,-1.0695494817027841e-16
522.77,-6.887238518899578e-14,-1.0663323554920657e-16
522.78,-6.886810096791876e-14,-1.0736032072448674e-16
522.79,-6.886129385379651e-14,-1.0716992370503495e-16
522.8,-6.885431250031406e-14,-1.0703040970171922e-16
522.81,-6.884881913467186e-14,-1.0727813557415464e-16
522.82,-6.884197390747056e-14,-1.0715766567236521e-16
522.83,-6.883564654128173e-14,-1.067063101185769e-16
522.84,-6.88292350554794e-14,-1.0708093636979418e-16
522.85,-6.882259168186072e-14,-1.0704531640787022e-16
522.86,-6.88164443088738e-14,-1.0725270357397284e-16
522.87,-6.881020210153679e-14,-1.0703772829922482e-16
522.88,-6.880360205007463e-14,-1.0703238942462311e-16
522.89,-6.879744654466557e-14,-1.0705815966192319e-16
522.9,-6.879114585212211e-14,-1.0722154568473611e-16
522.91,-6.878459802905797e-14,-1.0707987341454975e-16
522.92,-6.877812988752792e-14,-1.07013011085502e-16
522.93,-6.877138027071185e-14,-1.0702459672126376e-16
522.94,-6.876546454414538e-14,-1.070295706217091e-16
522.95,-6.875879403968907e-14,-1.0700506240454572e-16
522.96,-6.875266026739831e-14,-1.0700468669447303e-16
522.97,-6.874634572181262e-14,-1.069808683420508e-16
522.98,-6.873957701739919e-14,-1.0690236911317167e-16
522.99,-6.873362135870711e-14,-1.0705328209614831e-16
523.0,-6.872679628836896e-14,-1.068420800419973e-16
523.01,-6.872184412185825e-14,-1.0738132490662271e-16
523.02,-6.871374080125726e-14,-1.0678910134060577e-16
523.03,-6.870821167573164e-14,-1.0708732841133987e-16
523.04,-6.870158251777391e-14,-1.0696507774253269e-16
523.05,-6.869498544669042e-14,-1.0675636219092892e-16
523.06,-6.868802914227626e-14,-1.0657642793391973e-16
523.07,-6.868234951446587e-14,-1.067157368400139e-16
523.08,-6.867627076998175e-14,-1.0690401872359822e-16
523.09,-6.866962088671364e-14,-1.0688806599777541e-16
523.1,-6.866336697187572e-14,-1.0684102323335426e-16
523.11,-6.865615723725165e-14,-1.0697403451575092e-16
523.12,-6.865054495665676e-14,-1.067772623154173e-16
523.13,-6.864419562001555e-14,-1.068334701039512e-16
523.14,-6.863780754523869e-14,-1.0673100335701287e-16
523.15,-6.863137021092641e-14,-1.0674917765065638e-16
523.16,-6.86249133920666e-14,-1.0671996654881398e-16
523.17,-6.861854501675179e-14,-1.0678758020282427e-16
523.18,-6.861225409862262e-14,-1.0669156565181784e-16
523.19,-6.860487608874415e-14,-1.0627927163382541e-16
523.2,-6.859676662259124e-14,-1.0555988943210876e-16
523.21,-6.859334346305364e-14,-1.0679281330556529e-16
523.22,-6.858646925044231e-14,-1.0654154193641984e-16
523.23,-6.857974535942818e-14,-1.063971121491048e-16
523.24,-6.857384044589164e-14,-1.0667049642674053e-16
523.25,-6.85684634644231e-14,-1.0708434406462183e-16
523.26,-6.856109512765839e-14,-1.065739158212574e-16
523.27,-6.855487054603807e-14,-1.0667349939862582e-16
523.28,-6.854861592180942e-14,-1.0670922309644505e-16
523.29,-6.854210332432225e-14,-1.0662080929536911e-16
523.3,-6.85357668475194e-14,-1.0649668183912198e-16
523.31,-6.852954431154574e-14,-1.0664126451236807e-16
523.32,-6.852304441873605e-14,-1.0650414020957202e-16
523.33,-6.851643664757234e-14,-1.0646695727548312e-16
523.34,-6.851044397811967e-14,-1.0654902060701859e-16
523.35,-6.850374185603967e-14,-1.065890762129157e-16
523.36,-6.849730287202611e-14,-1.06507761145483e-16
523.37,-6.849181886802902e-14,-1.06734711164864e-16
523.38,-6.848462065780365e-14,-1.0661699127918785e-16
523.39,-6.847837759684867e-14,-1.0667358389599703e-16
523.4,-6.8472059396564e-14,-1.0639081590878426e-16
523.41,-6.846564656546224e-14,-1.0645391539927644e-16
523.42,-6.845829153241532e-14,-1.0577834087252543e-16
523.43,-6.845304410623382e-14,-1.0637063034063085e-16
523.44,-6.844588039110947e-14,-1.0604607155282178e-16
523.45,-6.844023320585699e-14,-1.0646707798881567e-16
523.46,-6.843420113617747e-14,-1.0656374471609792e-16
523.47,-6.842750968676107e-14,-1.0640118622825861e-16
523.48,-6.842104596931269e-14,-1.0622845760709925e-16
523.49,-6.841507381758517e-14,-1.0650789180588579e-16
523.5,-6.840934813598965e-14,-1.0681754458634143e-16
523.51,-6.840200838328614e-14,-1.0623253688787161e-16
523.52,-6.839545745524695e-14,-1.0612816295290227e-16
523.53,-6.838928263447808e-14,-1.0629615740647399e-16
523.54,-6.838381675377354e-14,-1.0670996456056802e-16
523.55,-6.837698516957223e-14,-1.064013850501252e-16
523.56,-6.837016337444924e-14,-1.06178475218347e-16
523.57,-6.836395718702097e-14,-1.0616284515045855e-16
523.58,-6.835748369786614e-14,-1.0621303775906101e-16
523.59,-6.835138715702331e-14,-1.0618502677584348e-16
523.6,-6.834508553334291e-14,-1.0623574779442841e-16
523.61,-6.833885004298042e-14,-1.0624119137715978e-16
523.62,-6.833205643438665e-14,-1.060939841504025e-16
523.63,-6.832611354157994e-14,-1.0618457639882801e-16
523.64,-6.831954616077912e-14,-1.0620481915687558e-16
523.65,-6.831298774989008e-14,-1.0598103804984498e-16
523.66,-6.830699691575938e-14,-1.0603092680156456e-16
523.67,-6.830052818426345e-14,-1.0613900831992199e-16
523.68,-6.82942487651916e-14,-1.0610304852633634e-16
523.69,-6.828807519517803e-14,-1.0623345357772599e-16
523.7,-6.828152140630321e-14,-1.0614165392385457e-16
523.71,-6.827494102922115e-14,-1.0594526173262058e-16
523.72,-6.826895016160979e-14,-1.0601545692683394e-16
523.73,-6.826250179992048e-14,-1.0604209719463674e-16
523.74,-6.825605768942533e-14,-1.060724083018186e-16
523.75,-6.8249785481992e-14,-1.0593544818011863e-16
523.76,-6.82434965909396e-14,-1.0594885163536283e-16
523.77,-6.823731471083586e-14,-1.0609578439857502e-16
523.78,-6.823091790572755e-14,-1.0612092896651337e-16
523.79,-6.822435852941143e-14,-1.0587435440930116e-16
523.8,-6.821840906981978e-14,-1.0614191017877264e-16
523.81,-6.821169637733016e-14,-1.0580199543300863e-16
523.82,-6.820552933240737e-14,-1.0587506271108183e-16
523.83,-6.819911718600656e-14,-1.0588695279338631e-16
523.84,-6.819282730861999e-14,-1.0593670964758913e-16
523.85,-6.818651745613691e-14,-1.0579512872794031e-16
523.86,-6.818013422687437e-14,-1.0591865613902736e-16
523.87,-6.817397629597673e-14,-1.0586762719913268e-16
523.88,-6.816764742265816e-14,-1.0592524282874336e-16
523.89,-6.816097780929634e-14,-1.0583886198043701e-16
523.9,-6.815510478839605e-14,-1.0587890937414605e-16
523.91,-6.814896760567555e-14,-1.0594470329093003e-16
523.92,-6.814202961703565e-14,-1.0583498216358772e-16
523.93,-6.813602220029278e-14,-1.0584668022005587e-16
523.94,-6.812971656706142e-14,-1.0589333168179215e-16
523.95,-6.812323947853827e-14,-1.0579937400315423e-16
523.96,-6.811622030685136e-14,-1.0521760733391936e-16
523.97,-6.811042038657113e-14,-1.0555317891870004e-16
523.98,-6.810420143034853e-14,-1.0573872108027039e-16
523.99,-6.809817962783694e-14,-1.0580958043129389e-16
524.0,-6.809136436521172e-14,-1.0545056324348945e-16
524.01,-6.808537604338624e-14,-1.0562217261683579e-16
524.02,-6.80795649292446e-14,-1.0609182915516313e-16
524.03,-6.807264027852502e-14,-1.0575329830704832e-16
524.04,-6.806644055427203e-14,-1.0574022714150725e-16
524.05,-6.806005190233717e-14,-1.0553967653883722e-16
524.06,-6.805359131692559e-14,-1.0556490319087277e-16
524.07,-6.804793803154901e-14,-1.0560430601687936e-16
524.08,-6.804103444475132e-14,-1.0549890947774977e-16
524.09,-6.803449690795604e-14,-1.052695410103856e-16
524.1,-6.80285828833939e-14,-1.0559883781101208e-16
524.11,-6.802222081155612e-14,-1.0567071033124365e-16
524.12,-6.801578191124709e-14,-1.055550353255532e-16
524.13,-6.80095702031966e-14,-1.0556187390178085e-16
524.14,-6.800343535608007e-14,-1.0554483967019185e-16
524.15,-6.799683679612593e-14,-1.056510436517582e-16
524.16,-6.79904450339535e-14,-1.0549005926339523e-16
524.17,-6.798364846354402e-14,-1.052005133451318e-16
524.18,-6.797839072734591e-14,-1.0567985556416615e-16
524.19,-6.797172762331024e-14,-1.0543463388064988e-16
524.2,-6.796542942111337e-14,-1.0552089610819858e-16
524.21,-6.79586530112506e-14,-1.0498519106340855e-16
524.22,-6.79529546219701e-14,-1.0549611794887372e-16
524.23,-6.794674906017666e-14,-1.0572468893087675e-16
524.24,-6.793991286897072e-14,-1.0527662605823357e-16
524.25,-6.793372168848191e-14,-1.0541261075909146e-16
524.26,-6.792886435096009e-14,-1.0673848645262748e-16
524.27,-6.792184141336538e-14,-1.0594657542099207e-16
524.28,-6.791497778639128e-14,-1.0541940990446762e-16
524.29,-6.790856397713024e-14,-1.0531497190537382e-16
524.3,-6.790248865842156e-14,-1.0536264770812724e-16
524.31,-6.789658528567917e-14,-1.0575462977776448e-16
524.32,-6.788982387695316e-14,-1.0530708251254755e-16
524.33,-6.788361545964714e-14,-1.0536859929984854e-16
524.34,-6.787700289883121e-14,-1.0528599334698901e-16
524.35,-6.7871466816418e-14,-1.0500247435511787e-16
524.36,-6.786513261433791e-14,-1.0540167495110325e-16
524.37,-6.78585816167257e-14,-1.0529939803895221e-16
524.38,-6.785202467682194e-14,-1.0519212464879577e-16
524.39,-6.784543040976873e-14,-1.0534163198595746e-16
524.4,-6.783965796408583e-14,-1.0524484881395845e-16
524.41,-6.78332186666441e-14,-1.0525721554730386e-16
524.42,-6.782688519089384e-14,-1.0511112758007644e-16
524.43,-6.782078881838348e-14,-1.0540717786685722e-16
524.44,-6.781460278231786e-14,-1.0537361371080608e-16
524.45,-6.780728004168862e-14,-1.0455378856222581e-16
524.46,-6.780168791221782e-14,-1.0512092323714646e-16
524.47,-6.779556131668238e-14,-1.052813886894475e-16
524.48,-6.778939645855066e-14,-1.0527625058776365e-16
524.49,-6.77828798367237e-14,-1.0526847012415724e-16
524.5,-6.777661565124358e-14,-1.0513310186229277e-16
524.51,-6.777044307538744e-14,-1.0507806514370535e-16
524.52,-6.776379667288361e-14,-1.0506051295447636e-16
524.53,-6.775787751828817e-14,-1.0508634959439777e-16
524.54,-6.77512808940739e-14,-1.049648616780263e-16
524.55,-6.774534886220078e-14,-1.0510954131983705e-16
524.56,-6.773882658748251e-14,-1.0499134104057706e-16
524.57,-6.773282325997209e-14,-1.0511023477335398e-16
524.58,-6.772640065911025e-14,-1.0506694176873073e-16
524.59,-6.772020583021847e-14,-1.0502143779462901e-16
524.6,-6.771373792699584e-14,-1.050666719249117e-16
524.61,-6.770716789201402e-14,-1.050427255275749e-16
524.62,-6.770166856292571e-14,-1.0505009810034783e-16
524.63,-6.769449093656139e-14,-1.0488678670629921e-16
524.64,-6.768875952224262e-14,-1.0501040837791282e-16
524.65,-6.76825481537091e-14,-1.0497154389197609e-16
524.66,-6.767825280451802e-14,-1.0499659271622032e-16
524.67,-6.767016165256876e-14,-1.0496071218442168e-16
524.68,-6.766358537677305e-14,-1.04922310360146e-16
524.69,-6.765788765869044e-14,-1.0579137349598335e-16
524.7,-6.765053938479724e-14,-1.0522545284257353e-16
524.71,-6.764511043105074e-14,-1.0510967701716438e-16
524.72,-6.763857864854752e-14,-1.0476985582101756e-16
524.73,-6.763202452723107e-14,-1.0439274204077888e-16
524.74,-6.762595510682238e-14,-1.0482576718799069e-16
524.75,-6.761998687173123e-14,-1.0499499196909611e-16
524.76,-6.761355660650299e-14,-1.0481632177556147e-16
524.77,-6.760714608057381e-14,-1.0459599869442541e-16
524.78,-6.760092400401763e-14,-1.0494122186075023e-16
524.79,-6.7593350489825e-14,-1.0240712348950755e-16
524.8,-6.758864979504279e-14,-1.0477542961219766e-16
524.81,-6.758189852169418e-14,-1.0457893127429577e-16
524.82,-6.757594739669161e-14,-1.0475596694829834e-16
524.83,-6.756956163225112e-14,-1.0476332021856537e-16
524.84,-6.756335979179506e-14,-1.0474113668412548e-16
524.85,-6.755717168765615e-14,-1.0466979036426473e-16
524.86,-6.755102965156193e-14,-1.0478978812718134e-16
524.87,-6.754460017063035e-14,-1.0482632917330115e-16
524.88,-6.753953005810992e-14,-1.051464885977385e-16
524.89,-6.753251651834503e-14,-1.0472002682689148e-16
524.9,-6.752553813342215e-14,-1.0455644638129282e-16
524.91,-6.751960051963902e-14,-1.045520756944253e-16
524.92,-6.751326100592936e-14,-1.0458504367845594e-16
524.93,-6.750714361405748e-14,-1.0472958551825268e-16
524.94,-6.750087157770012e-14,-1.0472480612563889e-16
524.95,-6.749446048450049e-14,-1.046251684071243e-16
524.96,-6.748846133586284e-14,-1.0481446004452376e-16
524.97,-6.748219712762509e-14,-1.0499461706498399e-16
524.98,-6.747626872635304e-14,-1.0522465135123808e-16
524.99,-6.746939040615532e-14,-1.0446971991860368e-16
525.0,-6.746335928470791e-14,-1.0482521123935398e-16
525.01,-6.745722361689345e-14,-1.0469450015977994e-16
525.02,-6.745081401150636e-14,-1.0446428000995727e-16
525.03,-6.744435412225892e-14,-1.0428696902155642e-16
525.04,-6.743855089775047e-14,-1.0499014797759604e-16
525.05,-6.743225314030928e-14,-1.0458189580665318e-16
525.06,-6.742574957243683e-14,-1.0430733749655366e-16
525.07,-6.741958036484425e-14,-1.0456680327221577e-16
525.08,-6.741354237222647e-14,-1.0467608158727657e-16
525.09,-6.740705106761565e-14,-1.0450076928107426e-16
525.1,-6.740096608707144e-14,-1.0453595764188911e-16
525.11,-6.739455515042749e-14,-1.0446213243397873e-16
525.12,-6.738830599410347e-14,-1.0449472851472468e-16
525.13,-6.73824620955878e-14,-1.0437482610989972e-16
525.14,-6.737614152654744e-14,-1.0452755306870881e-16
525.15,-6.736990464929457e-14,-1.0443738603360843e-16
525.16,-6.736341294750667e-14,-1.0438772956955072e-16
525.17,-6.735701525106691e-14,-1.0468694847655085e-16
525.18,-6.735100110384098e-14,-1.0439301761887189e-16
525.19,-6.734491029712184e-14,-1.0435130100166833e-16
525.2,-6.733854091894083e-14,-1.0417107124359437e-16
525.21,-6.73323215574958e-14,-1.0431742786123464e-16
525.22,-6.732602706893507e-14,-1.0468786606860189e-16
525.23,-6.731979563002788e-14,-1.0428717515841712e-16
525.24,-6.731335350897457e-14,-1.0421406748634186e-16
525.25,-6.730730517027612e-14,-1.0440432952556325e-16
525.26,-6.730085978547564e-14,-1.043079052531317e-16
525.27,-6.729492682170586e-14,-1.0431371614956951e-16
525.28,-6.728869914448039e-14,-1.0431427646608603e-16
525.29,-6.72824935464057e-14,-1.0422750109335884e-16
525.3,-6.727642509739083e-14,-1.0437842366123689e-16
525.31,-6.727003824607967e-14,-1.0432850420323522e-16
525.32,-6.726364443467395e-14,-1.0423729567511262e-16
525.33,-6.725742573696771e-14,-1.0421061869673987e-16
525.34,-6.725158576672847e-14,-1.0447646146860404e-16
525.35,-6.724495477174717e-14,-1.0424884148072878e-16
525.36,-6.723899672685082e-14,-1.0427467633942727e-16
525.37,-6.723280544940376e-14,-1.0426897412760383e-16
525.38,-6.722646272506768e-14,-1.0418098222899011e-16
525.39,-6.722020036792142e-14,-1.0378521779211694e-16
525.4,-6.721396876680634e-14,-1.0413828872383818e-16
525.41,-6.720781351190575e-14,-1.0421415317093172e-16
525.42,-6.720133910989657e-14,-1.0407303949988918e-16
525.43,-6.719534925697632e-14,-1.0419020359293375e-16
525.44,-6.718897651839619e-14,-1.041701953208378e-16
525.45,-6.718281069255226e-14,-1.040153847212894e-16
525.46,-6.717671772539004e-14,-1.0437229587813229e-16
525.47,-6.717048515814456e-14,-1.0413338636602058e-16
525.48,-6.716418102062778e-14,-1.0416556292334938e-16
525.49,-6.715798759524915e-14,-1.0397802930768569e-16
525.5,-6.715202709016659e-14,-1.0375586407527242e-16
525.51,-6.714541918243483e-14,-1.0410339282139602e-16
525.52,-6.713942621039295e-14,-1.0414924423217823e-16
525.53,-6.713316687409862e-14,-1.0398244998938629e-16
525.54,-6.712715911116801e-14,-1.0388157372246105e-16
525.55,-6.712090212228935e-14,-1.0402029251545728e-16
525.56,-6.711476930609574e-14,-1.0382334948281218e-16
525.57,-6.710744498527216e-14,-1.0378734394023385e-16
525.58,-6.710226857777826e-14,-1.0411242409804787e-16
525.59,-6.709613269688895e-14,-1.0395989461419541e-16
525.6,-6.708930531999534e-14,-1.0392131310915629e-16
525.61,-6.708356466893806e-14,-1.0397516704780343e-16
525.62,-6.707709716978762e-14,-1.0384884588282565e-16
525.63,-6.707122471748976e-14,-1.0393634752662105e-16
525.64,-6.706496544854711e-14,-1.0398869122243607e-16
525.65,-6.705866963101371e-14,-1.0389809084910637e-16
525.66,-6.705250581221027e-14,-1.0394363888181631e-16
525.67,-6.704625555449984e-14,-1.0386558681032312e-16
525.68,-6.704038606987923e-14,-1.0399983409317861e-16
525.69,-6.703371242256905e-14,-1.0383007950541711e-16
525.7,-6.702758793718846e-14,-1.0384355622132002e-16
525.71,-6.702165895593963e-14,-1.0392407250400726e-16
525.72,-6.701546526716339e-14,-1.0386834396238669e-16
525.73,-6.70091697189659e-14,-1.0381902480823713e-16
525.74,-6.700285917311755e-14,-1.0384033661481234e-16
525.75,-6.699642255140285e-14,-1.0398402466325109e-16
525.76,-6.699058467870276e-14,-1.0380547747230884e-16
525.77,-6.698413744577321e-14,-1.0390104331298732e-16
525.78,-6.697798625114048e-14,-1.0373126414171649e-16
525.79,-6.69719358483078e-14,-1.0370821293725628e-16
525.8,-6.696614041985112e-14,-1.0381627737206659e-16
525.81,-6.695921353124055e-14,-1.0401779204024967e-16
525.82,-6.69534647802332e-14,-1.0376292799002287e-16
525.83,-6.694773839536974e-14,-1.039879139315088e-16
525.84,-6.694102524614953e-14,-1.037606834044049e-16
525.85,-6.693474572187303e-14,-1.0383727472657631e-16
525.86,-6.692866403572105e-14,-1.0372102164927615e-16
525.87,-6.69223406977091e-14,-1.0373962202329094e-16
525.88,-6.691613096303207e-14,-1.0377771189263611e-16
525.89,-6.691019755405755e-14,-1.0378531521171407e-16
525.9,-6.690403786651132e-14,-1.0373075193243702e-16
525.91,-6.689772429958611e-14,-1.0366662343301776e-16
525.92,-6.689155187831916e-14,-1.0406774246651668e-16
525.93,-6.688524328418901e-14,-1.036554843823599e-16
525.94,-6.687917076209466e-14,-1.0347691434265886e-16
525.95,-6.687295612612828e-14,-1.0358022553855287e-16
525.96,-6.686672082359475e-14,-1.0370028000215267e-16
525.97,-6.686097985541628e-14,-1.0355902680632572e-16
525.98,-6.685446671469772e-14,-1.0367837570870048e-16
525.99,-6.684815976896683e-14,-1.0359793317219673e-16
526.0,-6.684187922346552e-14,-1.0362513233522394e-16
526.01,-6.683589048153937e-14,-1.0361591964411132e-16
526.02,-6.682973956223492e-14,-1.0351557164656647e-16
526.03,-6.682327291341412e-14,-1.0347645154658328e-16
526.04,-6.681725999134738e-14,-1.0353506430491695e-16
526.05,-6.681169091247324e-14,-1.035799353055898e-16
526.06,-6.68048792995294e-14,-1.0354849147333309e-16
526.07,-6.679915654395583e-14,-1.0355613821159577e-16
526.08,-6.679238877333647e-14,-1.034955399160411e-16
526.09,-6.678645406149917e-14,-1.0342649298224709e-16
526.1,-6.678021457659799e-14,-1.0347338830564471e-16
526.11,-6.677424487359917e-14,-1.0352308751944747e-16
526.12,-6.676807586409205e-14,-1.0364706054353567e-16
526.13,-6.676159672883596e-14,-1.0343922360771847e-16
526.14,-6.675675965766437e-14,-1.0326342807798647e-16
526.15,-6.674909398313282e-14,-1.0349959404326016e-16
526.16,-6.674328955173102e-14,-1.0351069664269831e-16
526.17,-6.673698741684464e-14,-1.0331679283831637e-16
526.18,-6.673086425418901e-14,-1.0350673733920403e-16
526.19,-6.672489652840333e-14,-1.033653823186432e-16
526.2,-6.671809295468585e-14,-1.0338743979608177e-16
526.21,-6.671230938081414e-14,-1.0330105934312e-16
526.22,-6.670616739157133e-14,-1.0340037674983278e-16
526.23,-6.6698253560965e-14,-1.0362708122612012e-16
526.24,-6.669380366806283e-14,-1.032867802123577e-16
526.25,-6.668745033850604e-14,-1.0340177642953833e-16
526.26,-6.668159110943861e-14,-1.0336785838767389e-16
526.27,-6.667579399537438e-14,-1.0319115261682537e-16
526.28,-6.666907714186244e-14,-1.0333456218929389e-16
526.29,-6.66631404512909e-14,-1.0329520070661666e-16
526.3,-6.665672439947415e-14,-1.0334904616977597e-16
526.31,-6.665108317568273e-14,-1.0323751977655746e-16
526.32,-6.664452848062605e-14,-1.0310010091636296e-16
526.33,-6.663824146930988e-14,-1.032530158710738e-16
526.34,-6.663201436824478e-14,-1.0324015038333028e-16
526.35,-6.662625160444147e-14,-1.0331012519524401e-16
526.36,-6.661993828012622e-14,-1.0326463306528731e-16
526.37,-6.661366639756457e-14,-1.0312634440326595e-16
526.38,-6.66078339047664e-14,-1.0319432599039538e-16
526.39,-6.660157360334565e-14,-1.0315684858948317e-16
526.4,-6.65954181076795e-14,-1.0325669903735802e-16
526.41,-6.65892163623546e-14,-1.0320957192630477e-16
526.42,-6.658295520259677e-14,-1.0306281308022415e-16
526.43,-6.657541040036884e-14,-1.0199704286993395e-16
526.44,-6.657069748922549e-14,-1.0315258883817972e-16
526.45,-6.656452687612615e-14,-1.0308515017016641e-16
526.46,-6.655818864878053e-14,-1.0313736839087259e-16
526.47,-6.655241064488601e-14,-1.03135117974218e-16
526.48,-6.65463815103961e-14,-1.0307991382752176e-16
526.49,-6.65400238523959e-14,-1.0304991879788651e-16
526.5,-6.653397736098445e-14,-1.0309302178130623e-16
526.51,-6.652770366324676e-14,-1.0308872299515412e-16
526.52,-6.651874450885785e-14,-1.0326881413932925e-16
526.53,-6.651552812585318e-14,-1.0299388726774569e-16
526.54,-6.650880805382231e-14,-1.0305086183693845e-16
526.55,-6.650318268891237e-14,-1.0308628184349034e-16
526.56,-6.649678264347271e-14,-1.0300072807478061e-16
526.57,-6.649079265686678e-14,-1.029754840730019e-16
526.58,-6.648471718090877e-14,-1.0303657612328704e-16
526.59,-6.647872835536131e-14,-1.0304916031393497e-16
526.6,-6.647221488610768e-14,-1.0294258539381428e-16
526.61,-6.646985731799055e-14,-1.0548305782981107e-16
526.62,-6.645982183893583e-14,-1.0300860858848051e-16
526.63,-6.64542134822261e-14,-1.0296182005538709e-16
526.64,-6.644811333103753e-14,-1.0304450710233669e-16
526.65,-6.644066646229825e-14,-1.0207030920328899e-16
526.66,-6.64355584001575e-14,-1.0300936157749758e-16
526.67,-6.642973168052361e-14,-1.0291232297931651e-16
526.68,-6.642407309360653e-14,-1.0339725636902701e-16
526.69,-6.641681235254399e-14,-1.0286257510798018e-16
526.7,-6.641382985732938e-14,-1.027624712326318e-16
526.71,-6.640610721549969e-14,-1.0291879146639489e-16
526.72,-6.639871294097288e-14,-1.0290831136908554e-16
526.73,-6.639271458231863e-14,-1.0285495426024686e-16
526.74,-6.638715902204401e-14,-1.0286337256832783e-16
526.75,-6.638025328637736e-14,-1.028293871533191e-16
526.76,-6.637429827290413e-14,-1.0288163353222389e-16
526.77,-6.636861198282285e-14,-1.0284835923472353e-16
526.78,-6.636183117183732e-14,-1.027437933232866e-16
526.79,-6.635635321502928e-14,-1.0283468171457008e-16
526.8,-6.635010850347764e-14,-1.0282930241845149e-16
526.81,-6.634365214290247e-14,-1.0277015431139662e-16
526.82,-6.633760858287043e-14,-1.0274366091957603e-16
526.83,-6.633154416316192e-14,-1.0286005866272018e-16
526.84,-6.632507990721028e-14,-1.0264620148279547e-16
526.85,-6.631903619841781e-14,-1.0272230595066503e-16
526.86,-6.631347070474553e-14,-1.0281765466382396e-16
526.87,-6.630692506727271e-14,-1.0270589529112344e-16
526.88,-6.630150475148296e-14,-1.028526278122301e-16
526.89,-6.62947989866206e-14,-1.0276847728080073e-16
526.9,-6.628857885973458e-14,-1.0275031534421021e-16
526.91,-6.628235729228896e-14,-1.026016550595123e-16
526.92,-6.627645895619022e-14,-1.028187386436864e-16
526.93,-6.62702478570754e-14,-1.0281382380243193e-16
526.94,-6.626426871605433e-14,-1.0267294031739252e-16
526.95,-6.625745173499387e-14,-1.025213862833451e-16
526.96,-6.625214237227247e-14,-1.0263740451199821e-16
526.97,-6.624585671729667e-14,-1.0267772579302082e-16
526.98,-6.623949622739431e-14,-1.0258311320242251e-16
526.99,-6.623348190297275e-14,-1.025606934898034e-16
527.0,-6.622775831741922e-14,-1.0264479431129002e-16
527.01,-6.622136165585258e-14,-1.0264403368697466e-16
527.02,-6.621487476965471e-14,-1.0253782871316315e-16
527.03,-6.62090816473217e-14,-1.0251607485682251e-16
527.04,-6.620366880039007e-14,-1.0266623045551908e-16
527.05,-6.61992478232211e-14,-1.0294383386480829e-16
527.06,-6.619078128486772e-14,-1.0255432304976552e-16
527.07,-6.618446688529589e-14,-1.0251368976786659e-16
527.08,-6.617848837919224e-14,-1.025850690095453e-16
527.09,-6.61723750545928e-14,-1.0252525070716343e-16
527.1,-6.616635712459948e-14,-1.0254711346323434e-16
527.11,-6.61601813705586e-14,-1.0244823024823708e-16
527.12,-6.61539983275415e-14,-1.0248729644101592e-16
527.13,-6.614865873565489e-14,-1.0245718894604496e-16
527.14,-6.61396844926472e-14,-1.0241340052237341e-16
527.15,-6.61357685817758e-14,-1.0235684423184817e-16
527.16,-6.612960089511141e-14,-1.02393364172122e-16
527.17,-6.612380071394114e-14,-1.0257273617867786e-16
527.18,-6.611767547148667e-14,-1.0241937862272027e-16
527.19,-6.611043068531755e-14,-1.0224013581327875e-16
527.2,-6.610522294621887e-14,-1.0236366784198547e-16
527.21,-6.609942204476873e-14,-1.0243311304208494e-16
527.22,-6.609232992075362e-14,-1.0234525094314707e-16
527.23,-6.608651747090594e-14,-1.022965708404382e-16
527.24,-6.608094518338222e-14,-1.0234894572792845e-16
527.25,-6.607466011213515e-14,-1.0232219353534433e-16
527.26,-6.606891239652815e-14,-1.0243442966150941e-16
527.27,-6.606223569071685e-14,-1.0223987518403e-16
527.28,-6.605615867929564e-14,-1.0225900157739701e-16
527.29,-6.605084979959514e-14,-1.024299309993701e-16
527.3,-6.604420372816482e-14,-1.0233027141815435e-16
527.31,-6.603806876290262e-14,-1.0226768105528118e-16
527.32,-6.603173076893582e-14,-1.0205289630082139e-16
527.33,-6.60256559522974e-14,-1.0201341143705837e-16
527.34,-6.601999289265499e-14,-1.0233139721739214e-16
527.35,-6.601380099547225e-14,-1.0221606489345167e-16
527.36,-6.600848075072834e-14,-1.0251444198989144e-16
527.37,-6.600171358990732e-14,-1.0230899237159939e-16
527.38,-6.599548107276488e-14,-1.0213779009918724e-16
527.39,-6.598941019385336e-14,-1.0227344463003678e-16
527.4,-6.598359361473302e-14,-1.0228619448231536e-16
527.41,-6.597711883429317e-14,-1.0215171647711512e-16
527.42,-6.597106396369225e-14,-1.021729876849727e-16
527.43,-6.59651961796558e-14,-1.0220806868794071e-16
527.44,-6.595822678286717e-14,-1.0193514858962588e-16
527.45,-6.595308017948933e-14,-1.021078564846175e-16
527.46,-6.59471456673315e-14,-1.0220875459265335e-16
527.47,-6.594081597227379e-14,-1.0219076073899815e-16
527.48,-6.593391430337228e-14,-1.019075772007718e-16
527.49,-6.592838180806608e-14,-1.0200289616263689e-16
527.5,-6.5922670444121e-14,-1.021037826287419e-16
527.51,-6.591684007380714e-14,-1.0223161388173152e-16
527.52,-6.591086963657108e-14,-1.0221589870587971e-16
527.53,-6.59046634802919e-14,-1.0210523266544937e-16
527.54,-6.589806534657259e-14,-1.0197985875073998e-16
527.55,-6.589209308320827e-14,-1.0206686390899138e-16
527.56,-6.588638447119266e-14,-1.0210196647897492e-16
527.57,-6.587997358980757e-14,-1.0206367196423056e-16
527.58,-6.587392031547115e-14,-1.0196035679856599e-16
527.59,-6.586814135845539e-14,-1.0210851407144023e-16
527.6,-6.586171448400901e-14,-1.0208028683156713e-16
527.61,-6.585575587434886e-14,-1.0196811625058772e-16
527.62,-6.584955335668573e-14,-1.0206627252665692e-16
527.63,-6.584355640399694e-14,-1.0199536299227769e-16
527.64,-6.583744978423491e-14,-1.0196170062633513e-16
527.65,-6.583158257016347e-14,-1.0198592037964657e-16
527.66,-6.582515588115338e-14,-1.0197422676386062e-16
527.67,-6.581927318463936e-14,-1.0197728690984208e-16
527.68,-6.581325468841548e-14,-1.0195368459988106e-16
527.69,-6.580722354869754e-14,-1.0194510007408029e-16
527.7,-6.580114527268664e-14,-1.0187065859160718e-16
527.71,-6.579485051682818e-14,-1.0183519415664256e-16
527.72,-6.57886216137017e-14,-1.0182426636376255e-16
527.73,-6.578305875784122e-14,-1.0191647104521416e-16
527.74,-6.577648719254465e-14,-1.0167721326742268e-16
527.75,-6.577091105006323e-14,-1.019345088383344e-16
527.76,-6.576491562431492e-14,-1.0194981675895836e-16
527.77,-6.57594172500863e-14,-1.0207743215498146e-16
527.78,-6.575241992149974e-14,-1.0173845204439908e-16
527.79,-6.574635630995024e-14,-1.0174549645508765e-16
527.8,-6.574055895483395e-14,-1.0185282074293206e-16
527.81,-6.573515113363161e-14,-1.0208245487633787e-16
527.82,-6.572818250078977e-14,-1.0173769185452833e-16
527.83,-6.572238322151565e-14,-1.0172608594573775e-16
527.84,-6.571603897036346e-14,-1.0174965743817254e-16
527.85,-6.570958162614142e-14,-1.0170513193892687e-16
527.86,-6.570417862698927e-14,-1.0167665692370467e-16
527.87,-6.569789478116598e-14,-1.0167929080513668e-16
527.88,-6.569210443963151e-14,-1.0179165325897523e-16
527.89,-6.568504982542134e-14,-1.0134010308045027e-16
527.9,-6.567983705564649e-14,-1.0171513097084304e-16
527.91,-6.567353244800756e-14,-1.0155737869677989e-16
527.92,-6.566763237144405e-14,-1.018708080542463e-16
527.93,-6.566202910651069e-14,-1.0173143147919056e-16
527.94,-6.565619436278568e-14,-1.0183759495985516e-16
527.95,-6.564954987312659e-14,-1.0162924151441505e-16
527.96,-6.56430561039122e-14,-1.0139466480652198e-16
527.97,-6.56375675908776e-14,-1.016238788234279e-16
527.98,-6.563141777367418e-14,-1.015784563795723e-16
527.99,-6.562567820193542e-14,-1.0162654529255048e-16
528.0,-6.561978335129613e-14,-1.0176776462815908e-16
528.01,-6.561341441783918e-14,-1.0163023448287008e-16
528.02,-6.560805115834622e-14,-1.0180258782247708e-16
528.03,-6.560157869511623e-14,-1.0153082537859066e-16
528.04,-6.559567553856187e-14,-1.0177580530460566e-16
528.05,-6.558912667292644e-14,-1.0156744228558602e-16
528.06,-6.558402288999938e-14,-1.0187033723898139e-16
528.07,-6.55770969987005e-14,-1.0153022388646672e-16
528.08,-6.557093307831696e-14,-1.0148266513783735e-16
528.09,-6.556523766308354e-14,-1.0142274327504951e-16
528.1,-6.555880756922101e-14,-1.0140725873807643e-16
528.11,-6.555530064416026e-14,-1.0173869983185995e-16
528.12,-6.554606476660042e-14,-1.0135880219622197e-16
528.13,-6.554059197649865e-14,-1.0145877289020395e-16
528.14,-6.553477592672479e-14,-1.014726837859739e-16
528.15,-6.55285917717517e-14,-1.0143217756227367e-16
528.16,-6.552246187004596e-14,-1.0139569719555982e-16
528.17,-6.551663203088423e-14,-1.0135621137391225e-16
528.18,-6.551046861401994e-14,-1.0138748437280427e-16
528.19,-6.550462041856891e-14,-1.0135779207128581e-16
528.2,-6.549620744965626e-14,-1.0034397572781457e-16
528.21,-6.549168574213845e-14,-1.0097530178248317e-16
528.22,-6.54863526801057e-14,-1.0137319881199839e-16
528.23,-6.548050371285108e-14,-1.0139415802016451e-16
528.24,-6.547450668734144e-14,-1.0131750661970051e-16
528.25,-6.546792106675953e-14,-1.0105016176756028e-16
528.26,-6.546228638741273e-14,-1.0131538460710137e-16
528.27,-6.54561677002251e-14,-1.0121398292759819e-16
528.28,-6.545078639724706e-14,-1.0141030281224014e-16
528.29,-6.544379367745392e-14,-1.011695546616651e-16
528.3,-6.543872306181368e-14,-1.0174444475235368e-16
528.31,-6.543227956429131e-14,-1.0130085443673114e-16
528.32,-6.542609047254963e-14,-1.0134138780729555e-16
528.33,-6.542025978470321e-14,-1.0109055936838994e-16
528.34,-6.541403562669185e-14,-1.0126677439086471e-16
528.35,-6.540807949044133e-14,-1.0121599314588106e-16
528.36,-6.540212357252273e-14,-1.013000979478019e-16
528.37,-6.539564992716455e-14,-1.0106750527079189e-16
528.38,-6.539001910874631e-14,-1.012378747617193e-16
528.39,-6.538375658910018e-14,-1.011959131224923e-16
528.4,-6.537798803056126e-14,-1.0122446602823632e-16
528.41,-6.537170716991852e-14,-1.0113584110169066e-16
528.42,-6.536587170212855e-14,-1.0115445863495123e-16
528.43,-6.53600354222713e-14,-1.0112852239886513e-16
528.44,-6.535390409588805e-14,-1.0112624435153304e-16
528.45,-6.534775504254404e-14,-1.0103834780205876e-16
528.46,-6.534109134951785e-14,-1.0079082452102101e-16
528.47,-6.533601333933272e-14,-1.0120601379641235e-16
528.48,-6.532970840332834e-14,-1.011487961376848e-16
528.49,-6.532397412135455e-14,-1.0104667811772743e-16
528.5,-6.531796681748494e-14,-1.0115445057139588e-16
528.51,-6.531103934449182e-14,-1.00890382365445e-16
528.52,-6.530568638630483e-14,-1.0098373859382361e-16
528.53,-6.529975209814086e-14,-1.010301914527587e-16
528.54,-6.529245320144679e-14,-1.0029808663120006e-16
528.55,-6.528511393018307e-14,-1.0036377467593778e-16
528.56,-6.528148827326349e-14,-1.0086399673998083e-16
528.57,-6.527539287169448e-14,-1.0077718151841377e-16
528.58,-6.526965490344165e-14,-1.0097801443622794e-16
528.59,-6.526383562209105e-14,-1.0100038499933787e-16
528.6,-6.525636167731302e-14,-1.0139801495823882e-16
528.61,-6.525172054291575e-14,-1.0101452597236814e-16
528.62,-6.524571027700407e-14,-1.0091621587117764e-16
528.63,-6.523994492771246e-14,-1.0094961630835543e-16
528.64,-6.52379846050837e-14,-9.966566779179314e-17
528.65,-6.522788369431344e-14,-1.0094751070946878e-16
528.66,-6.522143012245613e-14,-1.0093334609435752e-16
528.67,-6.521572706347237e-14,-1.0093736634516527e-16
528.68,-6.520967993451044e-14,-1.0086819787983468e-16
528.69,-6.52036774062806e-14,-1.0079708556935298e-16
528.7,-6.519776055612548e-14,-1.008701485994794e-16
528.71,-6.5192112053182e-14,-1.0106234080582395e-16
528.72,-6.518535572066933e-14,-1.0074760591740777e-16
528.73,-6.518294480752954e-14,-1.029525095703967e-16
528.74,-6.517406446632904e-14,-1.0089348582818756e-16
528.75,-6.516793183127978e-14,-1.0096345549482889e-16
528.76,-6.516156823500814e-14,-1.00782451018398e-16
528.77,-6.515577159948747e-14,-1.0083526903689415e-16
528.78,-6.51496952475217e-14,-1.007964128093546e-16
528.79,-6.514355015820697e-14,-1.0069414852150582e-16
528.8,-6.51376562492726e-14,-1.0074648369206936e-16
528.81,-6.513142513024756e-14,-1.0056141743126727e-16
528.82,-6.512596224319417e-14,-1.0114847565987249e-16
528.83,-6.511976545318155e-14,-1.0080545359139134e-16
528.84,-6.511392354557559e-14,-1.0081182303220658e-16
528.85,-6.510781719747919e-14,-1.00816701399071e-16
528.86,-6.510195489832938e-14,-1.0076272860717252e-16
528.87,-6.509530838301261e-14,-1.0061681137141275e-16
528.88,-6.50898963669184e-14,-1.0067493083381576e-16
528.89,-6.508382705286472e-14,-1.0066342980719599e-16
528.9,-6.50776421539045e-14,-1.0056555035831386e-16
528.91,-6.507234968261667e-14,-1.005449853729587e-16
528.92,-6.506567954058236e-14,-1.0052726840494315e-16
528.93,-6.506036642415413e-14,-1.0053353063483283e-16
528.94,-6.505343229292947e-14,-1.0036325211200004e-16
528.95,-6.504784179358173e-14,-1.0050831273711957e-16
528.96,-6.504197181936771e-14,-1.0067950570280652e-16
528.97,-6.503606497459391e-14,-1.008060665111201e-16
528.98,-6.502931100464758e-14,-1.0017959638964918e-16
528.99,-6.502393993139577e-14,-1.0046910230899185e-16
529.0,-6.501842511570715e-14,-1.0072740629036332e-16
529.01,-6.501178333392162e-14,-1.0051990137818485e-16
529.02,-6.500789394490515e-14,-1.0168084531023936e-16
529.03,-6.500013576995538e-14,-1.0051570152520862e-16
529.04,-6.499404452591011e-14,-1.0055523857630188e-16
529.05,-6.498830952510731e-14,-1.0071542296584416e-16
529.06,-6.498212278919772e-14,-1.0052765249321442e-16
529.07,-6.49759772150946e-14,-1.0056163760753483e-16
529.08,-6.496986196148646e-14,-1.0039081783161521e-16
529.09,-6.496407896350511e-14,-1.0049545675212794e-16
529.1,-6.49587959982444e-14,-1.0048670020482228e-16
529.11,-6.495021992988751e-14,-9.994903568330061e-17
529.12,-6.494612162638015e-14,-1.0040260403847554e-16
529.13,-6.494029816527879e-14,-1.0039410375095902e-16
529.14,-6.493419608416607e-14,-1.00354503636807e-16
529.15,-6.492856419140569e-14,-1.004487849557507e-16
529.16,-6.492206924632203e-14,-1.0028638335060124e-16
529.17,-6.491618826862027e-14,-1.0032002212212005e-16
529.18,-6.491051131666924e-14,-1.0035531167746081e-16
529.19,-6.490407202646665e-14,-1.0020553528019188e-16
529.2,-6.489841265074321e-14,-1.0022928846605351e-16
529.21,-6.489238384523878e-14,-1.0027512219546649e-16
529.22,-6.488638720003792e-14,-1.0038163343746017e-16
529.23,-6.48805636461663e-14,-1.0034124876543895e-16
529.24,-6.487454469093017e-14,-1.0021732482437675e-16
529.25,-6.486848478321964e-14,-1.0019228545180426e-16
529.26,-6.486262408519161e-14,-1.003134987717959e-16
529.27,-6.485669764589394e-14,-1.0015767358859309e-16
529.28,-6.48504759889426e-14,-1.0007355716014447e-16
529.29,-6.484484162053361e-14,-1.0014629339115776e-16
529.3,-6.483859003735133e-14,-1.0016677170257421e-16
529.31,-6.483247505626765e-14,-9.989076373162763e-17
529.32,-6.482679710492454e-14,-1.0017792330999794e-16
529.33,-6.482121325511273e-14,-1.0063898623012533e-16
529.34,-6.481516033341632e-14,-1.0025151070239951e-16
529.35,-6.48087284760563e-14,-1.0005815788477016e-16
529.36,-6.480304468920405e-14,-1.0015274937847466e-16
529.37,-6.479696869039357e-14,-1.0000534775341854e-16
529.38,-6.479109534077025e-14,-1.0013152490448256e-16
529.39,-6.478467443339997e-14,-1.0004106505989922e-16
529.4,-6.477905510403865e-14,-1.000407263280407e-16
529.41,-6.47730663108133e-14,-1.0009698387891401e-16
529.42,-6.476799046988598e-14,-1.0007681775084062e-16
529.43,-6.476093035548178e-14,-1.0001934959147973e-16
529.44,-6.47557345467225e-14,-1.0043209178398509e-16
529.45,-6.474937695558473e-14,-9.994328044224592e-17
529.46,-6.474321248412907e-14,-9.989371187620757e-17
529.47,-6.47375882883882e-14,-1.0006401842848536e-16
529.48,-6.473183354853733e-14,-1.0020984117728076e-16
529.49,-6.472561547091657e-14,-1.0000991906707255e-16
529.5,-6.471994090783379e-14,-1.0023110220583773e-16
529.51,-6.47136614913213e-14,-9.997371208068856e-17
529.52,-6.47076155478676e-14,-9.993119775089617e-17
529.53,-6.470192811814492e-14,-9.999039973803549e-17
529.54,-6.469581261499061e-14,-9.994508456303142e-17
529.55,-6.468966285576059e-14,-9.987549614563164e-17
529.56,-6.468388187948108e-14,-9.984818396789375e-17
529.57,-6.467799325664072e-14,-9.991707952262128e-17
529.58,-6.467192764550303e-14,-9.981609567378108e-17
529.59,-6.46662833357967e-14,-9.986397703861181e-17
529.6,-6.466029346137264e-14,-9.982482502459053e-17
529.61,-6.465423673714842e-14,-9.990233979670616e-17
529.62,-6.464784516191473e-14,-9.976244262943298e-17
529.63,-6.464191070307204e-14,-9.973332504877139e-17
529.64,-6.463643597885347e-14,-9.981727719962458e-17
529.65,-6.463040835461233e-14,-9.981497951039319e-17
529.66,-6.46244283993773e-14,-9.975067866297732e-17
529.67,-6.461856788588438e-14,-9.977823183570037e-17
529.68,-6.46118072120345e-14,-9.964252200610726e-17
529.69,-6.460636084625402e-14,-9.947773788167593e-17
529.7,-6.460087844873288e-14,-9.980872300437712e-17
529.71,-6.459454059053175e-14,-9.955916886195986e-17
529.72,-6.458861653466826e-14,-9.969813879053683e-17
529.73,-6.458307719429144e-14,-9.980550586209196e-17
529.74,-6.45770859304017e-14,-9.976888111495109e-17
529.75,-6.457072209888258e-14,-9.926147736125043e-17
529.76,-6.456510102890055e-14,-9.960524145942248e-17
529.77,-6.455929450366764e-14,-9.97798520691137e-17
529.78,-6.455337959374412e-14,-9.969262810164715e-17
529.79,-6.454747285575415e-14,-9.987868318301137e-17
529.8,-6.454136845206129e-14,-9.965142353771795e-17
529.81,-6.453507905435699e-14,-9.946640239293593e-17
529.82,-6.452931680463544e-14,-9.94847142005435e-17
529.83,-6.452348060851923e-14,-9.952419079827365e-17
529.84,-6.451752438768163e-14,-9.955570362230998e-17
529.85,-6.451170521395849e-14,-9.959453199563051e-17
529.86,-6.450524945368393e-14,-9.905475047144599e-17
529.87,-6.449991868471318e-14,-9.950782327460624e-17
529.88,-6.449375173979464e-14,-9.95178736394449e-17
529.89,-6.448808258190728e-14,-9.952540327592627e-17
529.9,-6.448185686644271e-14,-9.956147961836371e-17
529.91,-6.447641084085017e-14,-9.970357747115313e-17
529.92,-6.446990073612051e-14,-9.95173474721182e-17
529.93,-6.446426645571394e-14,-9.937572650194189e-17
529.94,-6.445839284064167e-14,-9.930544555994675e-17
529.95,-6.445265744243106e-14,-9.945793222072517e-17
529.96,-6.444663014717269e-14,-9.950531527600274e-17
529.97,-6.444063105996842e-14,-9.951036213286394e-17
529.98,-6.443474776383629e-14,-9.940580367807638e-17
529.99,-6.442876795805554e-14,-9.950620346879174e-17
530.0,-6.442298523398001e-14,-9.932320551270239e-17
530.01,-6.441670757709676e-14,-9.942490246393626e-17
530.02,-6.441099954454766e-14,-9.930589086080601e-17
530.03,-6.440562166908211e-14,-9.967088453729946e-17
530.04,-6.439929464156829e-14,-9.939947479082283e-17
530.05,-6.439311537609291e-14,-9.909731532359254e-17
530.06,-6.438756000714764e-14,-9.939781471646862e-17
530.07,-6.438143898746552e-14,-9.92642850666059e-17
530.08,-6.437647738919241e-14,-9.98603754845916e-17
530.09,-6.436941582586e-14,-9.907491041842571e-17
530.1,-6.436333105238437e-14,-9.913788757036752e-17
530.11,-6.435804319477716e-14,-9.932120251870686e-17
530.12,-6.435180832309972e-14,-9.912071137886623e-17
530.13,-6.434630710356157e-14,-9.921921956442067e-17
530.14,-6.434028058302607e-14,-9.920709662309385e-17
530.15,-6.433409918334578e-14,-9.920646728688793e-17
530.16,-6.432812106823637e-14,-9.914912379628035e-17
530.17,-6.432194347786259e-14,-9.936162670860016e-17
530.18,-6.431647078973591e-14,-9.906553845649437e-17
530.19,-6.431025754927962e-14,-9.897218877269474e-17
530.2,-6.430479615470515e-14,-9.915256467280282e-17
530.21,-6.429905729882734e-14,-9.946895915399794e-17
530.22,-6.429272990176094e-14,-9.889577147771419e-17
530.23,-6.428701279369279e-14,-9.911136468963133e-17
530.24,-6.428112780713865e-14,-9.898595543021953e-17
530.25,-6.427534271762271e-14,-9.923840741906232e-17
530.26,-6.426875570529843e-14,-9.893649783160451e-17
530.27,-6.426343224433342e-14,-9.946741919936696e-17
530.28,-6.425730779518828e-14,-9.9313898939425e-17
530.29,-6.425160387532107e-14,-9.899959634288488e-17
530.3,-6.424555326968204e-14,-9.901711246886638e-17
530.31,-6.423976364929514e-14,-9.887851070010967e-17
530.32,-6.423377713484704e-14,-9.90191263672901e-17
530.33,-6.422804431724058e-14,-9.899173510667739e-17
530.34,-6.422209635240954e-14,-9.896385661089975e-17
530.35,-6.421591821683545e-14,-9.894352610241235e-17
530.36,-6.421014515800617e-14,-9.903726499013443e-17
530.37,-6.420472110657035e-14,-9.932581522071449e-17
530.38,-6.419880357730396e-14,-9.894645252647298e-17
530.39,-6.41923191815063e-14,-9.88122998449856e-17
530.4,-6.418670658518234e-14,-9.892438371542762e-17
530.41,-6.41814372959847e-14,-9.899489884716215e-17
530.42,-6.417501631248149e-14,-9.891823227115278e-17
530.43,-6.416910963943439e-14,-9.884786239044596e-17
530.44,-6.416304864814394e-14,-9.89003902658959e-17
530.45,-6.415726973977128e-14,-9.889199367912413e-17
530.46,-6.415091746066328e-14,-9.735512857456667e-17
530.47,-6.414547187368785e-14,-9.889339803477023e-17
530.48,-6.413959470042492e-14,-9.866488701586616e-17
530.49,-6.413383296502297e-14,-9.879968625402244e-17
530.5,-6.412796075844899e-14,-9.876757708418779e-17
530.51,-6.41219142857283e-14,-9.870317955480906e-17
530.52,-6.411609056400274e-14,-9.84652467408066e-17
530.53,-6.411085637196564e-14,-9.845049028916877e-17
530.54,-6.410431602492227e-14,-9.863213399700573e-17
530.55,-6.409657038727734e-14,-9.970558312816249e-17
530.56,-6.409270778608006e-14,-9.920130154662758e-17
530.57,-6.408658847395879e-14,-9.873436083019943e-17
530.58,-6.40806813836674e-14,-9.86258551796257e-17
530.59,-6.407702397660441e-14,-9.940560675288967e-17
530.6,-6.40690594817474e-14,-9.857392791398219e-17
530.61,-6.406312260783091e-14,-9.872401014261897e-17
530.62,-6.405718067576791e-14,-9.845849194788118e-17
530.63,-6.405141818947698e-14,-9.864889763937408e-17
530.64,-6.404524197699148e-14,-9.887047642342722e-17
530.65,-6.403989728673142e-14,-9.871906415234386e-17
530.66,-6.403373294944082e-14,-9.857501735073231e-17
530.67,-6.402791707931265e-14,-9.865979644018513e-17
530.68,-6.402200176084522e-14,-9.854426790631175e-17
530.69,-6.401618232734584e-14,-9.850598842466759e-17
530.7,-6.401039014572443e-14,-9.857353964279917e-17
530.71,-6.400462631485296e-14,-9.864709222249549e-17
530.72,-6.399883490651002e-14,-9.849954595976844e-17
530.73,-6.399230732417135e-14,-9.853229194404901e-17
530.74,-6.398677115304348e-14,-9.864901562900221e-17
530.75,-6.398094999026784e-14,-9.851519581134311e-17
530.76,-6.397509843165933e-14,-9.836528660277556e-17
530.77,-6.396933247553637e-14,-9.851328462958125e-17
530.78,-6.396338701741005e-14,-9.844977200529898e-17
530.79,-6.395742079921385e-14,-9.851168758958612e-17
530.8,-6.395186610468842e-14,-9.815031540864734e-17
530.81,-6.394602291309519e-14,-9.834963605345654e-17
530.82,-6.393910009377445e-14,-9.840509754236724e-17
530.83,-6.393397432593491e-14,-9.837700076041941e-17
530.84,-6.39281093195462e-14,-9.837410151626708e-17
530.85,-6.392244378943875e-14,-9.843826467093833e-17
530.86,-6.391623581095095e-14,-9.831507807757056e-17
530.87,-6.391022547768208e-14,-9.817519707479664e-17
530.88,-6.390468110994428e-14,-9.832193419232734e-17
530.89,-6.389903482881667e-14,-9.813987137274237e-17
530.9,-6.38934625361211e-14,-9.846355458232262e-17
530.91,-6.388674298833413e-14,-9.825117242546334e-17
530.92,-6.388105279943914e-14,-9.827994397717667e-17
530.93,-6.387519305793818e-14,-9.81879569016603e-17
530.94,-6.386953634317035e-14,-9.840728285302017e-17
530.95,-6.386368460740958e-14,-9.830794078617786e-17
530.96,-6.385784527528872e-14,-9.815778014726551e-17
530.97,-6.38518841677743e-14,-9.819381212685186e-17
530.98,-6.384612772281162e-14,-9.83864919339531e-17
530.99,-6.384007484278389e-14,-9.871703621977928e-17
531.0,-6.383418880354226e-14,-9.820582024446697e-17
531.01,-6.382830819805055e-14,-9.816828273287628e-17
531.02,-6.382263131049829e-14,-9.827154091230908e-17
531.03,-6.381694827344536e-14,-9.820216695980995e-17
531.04,-6.381114519657613e-14,-9.796876160109277e-17
531.05,-6.380516519724282e-14,-9.806636586340864e-17
531.06,-6.379926332168534e-14,-9.818052181072749e-17
531.07,-6.379354714963652e-14,-9.832678669723042e-17
531.08,-6.378821101272039e-14,-9.758245018785514e-17
531.09,-6.378166005519757e-14,-9.81333128334576e-17
531.1,-6.377582642683975e-14,-9.813593636655055e-17
531.11,-6.376977161975452e-14,-9.796467559906727e-17
531.12,-6.376419094909034e-14,-9.80765977789657e-17
531.13,-6.375831632589651e-14,-9.795735594309661e-17
531.14,-6.375285777756359e-14,-9.813467657840595e-17
531.15,-6.374686152134913e-14,-9.810827158540087e-17
531.16,-6.374074491013654e-14,-9.783159114237423e-17
531.17,-6.373576157073111e-14,-9.81322704916886e-17
531.18,-6.372971769315343e-14,-9.817000160325323e-17
531.19,-6.372330580685954e-14,-9.7939773972031e-17
531.2,-6.371754119736057e-14,-9.80284648622773e-17
531.21,-6.371186498549567e-14,-9.788977713720537e-17
531.22,-6.370618170848388e-14,-9.778181619065688e-17
531.23,-6.369987915655769e-14,-9.799337834370579e-17
531.24,-6.369449451129918e-14,-9.792759599117921e-17
531.25,-6.368842038977499e-14,-9.788882425140044e-17
531.26,-6.368265485574146e-14,-9.787093694028435e-17
531.27,-6.367671709074486e-14,-9.781597892173387e-17
531.28,-6.36710631272378e-14,-9.78721229337983e-17
531.29,-6.366525363359264e-14,-9.772647410015971e-17
531.3,-6.365910507089988e-14,-9.780828848716346e-17
531.31,-6.365334722088851e-14,-9.785184162695344e-17
531.32,-6.364763991389034e-14,-9.786106355514847e-17
531.33,-6.364160495179492e-14,-9.772709150085554e-17
531.34,-6.363580774837405e-14,-9.769706171183326e-17
531.35,-6.363007391598377e-14,-9.777421169146937e-17
531.36,-6.3624131865742e-14,-9.7715205746541e-17
531.37,-6.361849486882311e-14,-9.77093489726202e-17
531.38,-6.361191208621702e-14,-9.758062808066764e-17
531.39,-6.360679033499086e-14,-9.768567662808086e-17
531.4,-6.360080785071853e-14,-9.76735700629463e-17
531.41,-6.35949929792156e-14,-9.76896708461774e-17
531.42,-6.358922802931881e-14,-9.764011557625065e-17
531.43,-6.358354175842544e-14,-9.772843812381503e-17
531.44,-6.357761039440076e-14,-9.768191329965608e-17
531.45,-6.35716970500756e-14,-9.773058539318099e-17
531.46,-6.356575615182914e-14,-9.767684620083543e-17
531.47,-6.356002403535823e-14,-9.758417723605953e-17
531.48,-6.355438433366119e-14,-9.759569869645266e-17
531.49,-6.35486189177175e-14,-9.763552646537553e-17
531.5,-6.354246011250227e-14,-9.761638744191365e-17
531.51,-6.353681635680056e-14,-9.753682172944158e-17
531.52,-6.353104424718134e-14,-9.756260892890755e-17
531.53,-6.352526885071644e-14,-9.759428794722998e-17
531.54,-6.351936828311273e-14,-9.755694790862117e-17
531.55,-6.351348293217372e-14,-9.749261796276325e-17
531.56,-6.350785934385938e-14,-9.750708026603884e-17
531.57,-6.350195525201575e-14,-9.746156712963183e-17
531.58,-6.349619092377393e-14,-9.747073796398053e-17
531.59,-6.349007908546362e-14,-9.745219507093781e-17
531.6,-6.348453131054152e-14,-9.736982739567819e-17
531.61,-6.347860643360201e-14,-9.739644808121908e-17
531.62,-6.34727927256642e-14,-9.739804884848572e-17
531.63,-6.346721519013244e-14,-9.749575228831962e-17
531.64,-6.346110984634752e-14,-9.73050769639108e-17
531.65,-6.345551423818009e-14,-9.745141072133874e-17
531.66,-6.344972444783008e-14,-9.734056627385756e-17
531.67,-6.344382189379162e-14,-9.741766740243478e-17
531.68,-6.343832530469052e-14,-9.741432302224883e-17
531.69,-6.343212683004192e-14,-9.735608657905074e-17
531.7,-6.342624059447806e-14,-9.742061317336732e-17
531.71,-6.342027096060406e-14,-9.734104454366548e-17
531.72,-6.341498132788327e-14,-9.727313027925842e-17
531.73,-6.340905696832426e-14,-9.73075649677933e-17
531.74,-6.340314263678023e-14,-9.735488055974644e-17
531.75,-6.339708631824602e-14,-9.72994522918939e-17
531.76,-6.339143368147304e-14,-9.721842586367076e-17
531.77,-6.338575017078304e-14,-9.727365337137549e-17
531.78,-6.33798201721793e-14,-9.725768904930436e-17
531.79,-6.337389777681036e-14,-9.722940216597822e-17
531.8,-6.336837506077814e-14,-9.715160347324812e-17
531.81,-6.336285939138663e-14,-9.722155315596376e-17
531.82,-6.33564671689577e-14,-9.717828100336554e-17
531.83,-6.33512713652295e-14,-9.717053216798536e-17
531.84,-6.334535318469829e-14,-9.728899719516068e-17
531.85,-6.333956125976195e-14,-9.72464260963588e-17
531.86,-6.333336089074842e-14,-9.693035598020211e-17
531.87,-6.33276980956907e-14,-9.716873040965701e-17
531.88,-6.332155309547577e-14,-9.699976654993143e-17
531.89,-6.331581994062855e-14,-9.710281679640416e-17
531.9,-6.331065342547777e-14,-9.71777494019266e-17
531.91,-6.330486953651598e-14,-9.717559546423075e-17
531.92,-6.329865964644782e-14,-9.709397436005639e-17
531.93,-6.329295876523683e-14,-9.706971947097091e-17
531.94,-6.328721370197324e-14,-9.705046214376429e-17
531.95,-6.32814312863181e-14,-9.71029557019075e-17
531.96,-6.327490646339062e-14,-9.698762682548253e-17
531.97,-6.32693293524879e-14,-9.701571873796448e-17
531.98,-6.326383296067557e-14,-9.697172358948385e-17
531.99,-6.325830407334939e-14,-9.705853836462616e-17
532.0,-6.325214145649761e-14,-9.694176168124779e-17
532.01,-6.324666071591298e-14,-9.693802464014511e-17
532.02,-6.324125237066728e-14,-9.699635669077972e-17
532.03,-6.323525667854078e-14,-9.699726348556556e-17
532.04,-6.322953117239369e-14,-9.69889568571338e-17
532.05,-6.322478039609208e-14,-9.705316163041432e-17
532.06,-6.321813555294031e-14,-9.697783326914967e-17
532.07,-6.321208133788604e-14,-9.685952146242775e-17
532.08,-6.320631134641651e-14,-9.688415187727611e-17
532.09,-6.320088842403021e-14,-9.688464630513244e-17
532.1,-6.31946923914062e-14,-9.681323265359712e-17
532.11,-6.318882782922284e-14,-9.686996555362567e-17
532.12,-6.318308284383683e-14,-9.684285061466451e-17
532.13,-6.317749950786589e-14,-9.68405059531497e-17
532.14,-6.317112706422791e-14,-9.653970748991721e-17
532.15,-6.316556454773907e-14,-9.662392169328604e-17
532.16,-6.315979555571497e-14,-9.674167113633575e-17
532.17,-6.315426040130171e-14,-9.673406491042837e-17
532.18,-6.314875311113223e-14,-9.69306422210141e-17
532.19,-6.314287181203099e-14,-9.683182548841802e-17
532.2,-6.313702234344868e-14,-9.68242835607086e-17
532.21,-6.313115313059557e-14,-9.676618678974277e-17
532.22,-6.312523822167889e-14,-9.670835275073761e-17
532.23,-6.311953382210681e-14,-9.669610277714712e-17
532.24,-6.311321406719278e-14,-9.65964838458608e-17
532.25,-6.31080249137092e-14,-9.669050797477731e-17
532.26,-6.310225927110397e-14,-9.665071250338866e-17
532.27,-6.309649748977265e-14,-9.666509749592852e-17
532.28,-6.30909393231369e-14,-9.672678564609004e-17
532.29,-6.308499381407614e-14,-9.665669431073294e-17
532.3,-6.307934298439577e-14,-9.658338887867907e-17
532.31,-6.30743120700547e-14,-9.675073965002546e-17
532.32,-6.306767060793855e-14,-9.661463799786206e-17
532.33,-6.306154900625076e-14,-9.645042195413079e-17
532.34,-6.305632595981259e-14,-9.654228567489134e-17
532.35,-6.305053840913425e-14,-9.662004259721988e-17
532.36,-6.304442979396058e-14,-9.652928855398406e-17
532.37,-6.303870320792614e-14,-9.657703585039146e-17
532.38,-6.303314571871387e-14,-9.657873370852548e-17
532.39,-6.302732457514809e-14,-9.66101055538361e-17
532.4,-6.302285379338535e-14,-9.651152091603481e-17
532.41,-6.301560539423972e-14,-9.645039572091679e-17
532.42,-6.301024763601673e-14,-9.670804242141987e-17
532.43,-6.30044680661471e-14,-9.648939624120456e-17
532.44,-6.299835791203594e-14,-9.642943790744953e-17
532.45,-6.299326446268845e-14,-9.656833316697732e-17
532.46,-6.298702959952905e-14,-9.646718415480127e-17
532.47,-6.298136175793976e-14,-9.637541088198665e-17
532.48,-6.297627852409724e-14,-9.667941006720933e-17
532.49,-6.297490258344642e-14,-9.679634926262656e-17
532.5,-6.296405335992593e-14,-9.643385737718133e-17
532.51,-6.295680438902013e-14,-9.625003488944716e-17
532.52,-6.295191093799021e-14,-9.620903149180568e-17
532.53,-6.294665099152718e-14,-9.638590228696778e-17
532.54,-6.294084044352825e-14,-9.636925761080641e-17
532.55,-6.293523293498804e-14,-9.628082008234034e-17
532.56,-6.292944467169589e-14,-9.63332771408167e-17
532.57,-6.292342371274733e-14,-9.629690129068192e-17
532.58,-6.291813575883823e-14,-9.888853981349757e-17
532.59,-6.291214635996697e-14,-9.626748370350157e-17
532.6,-6.290656218422564e-14,-9.615880323596936e-17
532.61,-6.290055137945776e-14,-9.62359575724267e-17
532.62,-6.289496373306656e-14,-9.628844128895124e-17
532.63,-6.288899859811951e-14,-9.626552098304845e-17
532.64,-6.28834534546075e-14,-9.616195357791889e-17
532.65,-6.287763670028325e-14,-9.61527422666287e-17
532.66,-6.287211133094731e-14,-9.634330281182347e-17
532.67,-6.286598288568657e-14,-9.553020878117516e-17
532.68,-6.286043560190374e-14,-9.617020405359427e-17
532.69,-6.28548274329269e-14,-9.614076253378163e-17
532.7,-6.28492983952839e-14,-9.622191031936855e-17
532.71,-6.284316643216135e-14,-9.61115951861729e-17
532.72,-6.28374341579325e-14,-9.606836558136883e-17
532.73,-6.283192012500902e-14,-9.615531931467444e-17
532.74,-6.282615789202975e-14,-9.616382247979411e-17
532.75,-6.282054096749126e-14,-9.618759403779192e-17
532.76,-6.281454058961971e-14,-9.608066303725439e-17
532.77,-6.280941805789141e-14,-9.635452731444584e-17
532.78,-6.280335609984138e-14,-9.624237971308521e-17
532.79,-6.279764972517932e-14,-9.617391935706317e-17
532.8,-6.279206592586185e-14,-9.608371508492493e-17
532.81,-6.278578009924595e-14,-9.599374689486152e-17
532.82,-6.278002265285835e-14,-9.605098570696065e-17
532.83,-6.277435369899802e-14,-9.59598972278653e-17
532.84,-6.276869362797049e-14,-9.60234821041049e-17
532.85,-6.276296208061527e-14,-9.62377982460656e-17
532.86,-6.27577091399654e-14,-9.607061580436642e-17
532.87,-6.275131787110588e-14,-9.603095004102535e-17
532.88,-6.274565840734202e-14,-9.585782392568709e-17
532.89,-6.274004504283246e-14,-9.594441379346e-17
532.9,-6.273429196601707e-14,-9.596164408160981e-17
532.91,-6.272870013412952e-14,-9.597345353797118e-17
532.92,-6.27227520621195e-14,-9.569152595858926e-17
532.93,-6.271726479184754e-14,-9.587527941741855e-17
532.94,-6.271124914676738e-14,-9.582532259007092e-17
532.95,-6.27057654325244e-14,-9.591839935944962e-17
532.96,-6.269845107257743e-14,-9.525137075835863e-17
532.97,-6.269412380949399e-14,-9.581047797737726e-17
532.98,-6.268818985728012e-14,-9.579205448906725e-17
532.99,-6.268234925323805e-14,-9.573336958607094e-17
533.0,-6.267695581560939e-14,-9.577410429722751e-17
533.01,-6.267203241269532e-14,-9.595158299388815e-17
533.02,-6.266552451084971e-14,-9.577197043561227e-17
533.03,-6.265978907024231e-14,-9.578543087590343e-17
533.04,-6.265426416784077e-14,-9.581712590522135e-17
533.05,-6.264941613032489e-14,-9.584415247604142e-17
533.06,-6.264272606210887e-14,-9.575700599190359e-17
533.07,-6.263682878844478e-14,-9.585051461871375e-17
533.08,-6.263107978237654e-14,-9.573210994089813e-17
533.09,-6.262530398304427e-14,-9.569181897805375e-17
533.1,-6.26201249437738e-14,-9.571907415573662e-17
533.11,-6.26142475007342e-14,-9.56895663920724e-17
533.12,-6.260854215525002e-14,-9.56275397292494e-17
533.13,-6.260268994853489e-14,-9.572436138566889e-17
533.14,-6.25974512637844e-14,-9.57725680528852e-17
533.15,-6.259129402459716e-14,-9.564708459823217e-17
533.16,-6.258564492486466e-14,-9.56354497854464e-17
533.17,-6.257999447437254e-14,-9.558036512655396e-17
533.18,-6.257381346284513e-14,-9.534556793406932e-17
533.19,-6.256854568378385e-14,-9.561801800227914e-17
533.2,-6.256264674387654e-14,-9.558589371324527e-17
533.21,-6.255724940397182e-14,-9.566251228180817e-17
533.22,-6.255143036929992e-14,-9.560738595375292e-17
533.23,-6.254577148800753e-14,-9.56528848470907e-17
533.24,-6.25398406451487e-14,-9.559222068380817e-17
533.25,-6.253447937755819e-14,-9.571897439632608e-17
533.26,-6.252855518412965e-14,-9.552956213445773e-17
533.27,-6.252270433970116e-14,-9.544154329514354e-17
533.28,-6.251693430084445e-14,-9.544011889145825e-17
533.29,-6.25110290655647e-14,-9.530100941518982e-17
533.3,-6.250601532821192e-14,-9.554653852119441e-17
533.31,-6.249992854230459e-14,-9.552080851820508e-17
533.32,-6.249415523822482e-14,-9.546124364711459e-17
533.33,-6.248879888464464e-14,-9.537910490481451e-17
533.34,-6.248291918573605e-14,-9.543666901561305e-17
533.35,-6.247695991531251e-14,-9.534313797304057e-17
533.36,-6.247120462671188e-14,-9.563174370352523e-17
533.37,-6.246588743550482e-14,-9.533637027842658e-17
533.38,-6.245982335119167e-14,-9.528994148337872e-17
533.39,-6.245449748571623e-14,-9.543586297603744e-17
533.4,-6.244850225620229e-14,-9.535350770246014e-17
533.41,-6.244261412422595e-14,-9.539435379349915e-17
533.42,-6.243718495972406e-14,-9.529687573155133e-17
533.43,-6.243155513027724e-14,-9.537306595325858e-17
533.44,-6.242553816604432e-14,-9.515011042685908e-17
533.45,-6.242003681904345e-14,-9.531054866133665e-17
533.46,-6.241453683471191e-14,-9.531341721961262e-17
533.47,-6.240896904776153e-14,-9.527804267150213e-17
533.48,-6.24032840004224e-14,-9.527950418491983e-17
533.49,-6.239728189942434e-14,-9.528800192027172e-17
533.5,-6.239156221800942e-14,-9.528963622442458e-17
533.51,-6.238601993254655e-14,-9.521039699457927e-17
533.52,-6.238027423021664e-14,-9.52524155660616e-17
533.53,-6.237435122017913e-14,-9.522987050419094e-17
533.54,-6.236930934005456e-14,-9.54155874072844e-17
533.55,-6.236339571668883e-14,-9.515671944689665e-17
533.56,-6.235742731271777e-14,-9.516681575820286e-17
533.57,-6.235220566922645e-14,-9.519076377851941e-17
533.58,-6.234637559034308e-14,-9.520201161819001e-17
533.59,-6.234024685126865e-14,-9.5224021413489e-17
533.6,-6.233491106315664e-14,-9.518612846051e-17
533.61,-6.232906030073322e-14,-9.514810844393465e-17
533.62,-6.232398696212839e-14,-9.503272835149226e-17
533.63,-6.231784141419773e-14,-9.512659807102529e-17
533.64,-6.231225437544424e-14,-9.512595795730167e-17
533.65,-6.230667537066709e-14,-9.51525300961582e-17
533.66,-6.230093501145065e-14,-9.509493197453387e-17
533.67,-6.229533611399297e-14,-9.517604061073673e-17
533.68,-6.228933288689718e-14,-9.507273307405124e-17
533.69,-6.228426775359186e-14,-9.538715640827915e-17
533.7,-6.227797402158533e-14,-9.513130854176556e-17
533.71,-6.227214264973458e-14,-9.491467116604502e-17
533.72,-6.226661182461386e-14,-9.497771442571244e-17
533.73,-6.226075013867476e-14,-9.479260509077996e-17
533.74,-6.225519576242627e-14,-9.498988123607163e-17
533.75,-6.22498292225379e-14,-9.505272014418243e-17
533.76,-6.224374820490137e-14,-9.480019707322318e-17
533.77,-6.223830202519344e-14,-9.500197348441302e-17
533.78,-6.223259903927636e-14,-9.504546849116907e-17
533.79,-6.222704493698486e-14,-9.503634966747647e-17
533.8,-6.222153882883738e-14,-9.503164073045733e-17
533.81,-6.221548274744222e-14,-9.486030575535774e-17
533.82,-6.220976543751764e-14,-9.485120552141856e-17
533.83,-6.220433580133837e-14,-9.491480732190889e-17
533.84,-6.219871769303297e-14,-9.490352885586769e-17
533.85,-6.219278408983277e-14,-9.471281529677819e-17
533.86,-6.218700402944964e-14,-9.472071527938943e-17
533.87,-6.21817624087822e-14,-9.498953763659032e-17
533.88,-6.217579910296676e-14,-9.483112122019849e-17
533.89,-6.217006200276593e-14,-9.477215097213598e-17
533.9,-6.216470250306313e-14,-9.474162035246527e-17
533.91,-6.215879528996893e-14,-9.476120633017731e-17
533.92,-6.215343800560604e-14,-9.48586661264937e-17
533.93,-6.214561162902272e-14,-9.407702795313411e-17
533.94,-6.214208627901921e-14,-9.488268609004861e-17
533.95,-6.213597606520995e-14,-9.465739724074379e-17
533.96,-6.213069182967589e-14,-9.482583814553149e-17
533.97,-6.212448968780608e-14,-9.448965518672331e-17
533.98,-6.211920773237672e-14,-9.467950370971169e-17
533.99,-6.211342799534702e-14,-9.462950260060931e-17
534.0,-6.210802071685718e-14,-9.4645682849948e-17
534.01,-6.210242167124561e-14,-9.473747461864967e-17
534.02,-6.209800391465834e-14,-9.55216205858972e-17
534.03,-6.209079838691059e-14,-9.469620952276238e-17
534.04,-6.208558010774169e-14,-9.480829808494293e-17
534.05,-6.207966258454971e-14,-9.460787996207709e-17
534.06,-6.207355876514562e-14,-9.434924701516203e-17
534.07,-6.206828367641804e-14,-9.469653914221094e-17
534.08,-6.206261728195887e-14,-9.468718698121194e-17
534.09,-6.205709101937397e-14,-9.459865081091121e-17
534.1,-6.205179383219957e-14,-9.463907735891722e-17
534.11,-6.204575481094259e-14,-9.439337945103727e-17
534.12,-6.204014362076712e-14,-9.471142782509798e-17
534.13,-6.203433278260642e-14,-9.4445579966019e-17
534.14,-6.202885796364646e-14,-9.455853597099218e-17
534.15,-6.202312009731195e-14,-9.461407274639002e-17
534.16,-6.201729819915261e-14,-9.451074607873842e-17
534.17,-6.201174136139558e-14,-9.452401920165134e-17
534.18,-6.200618148015983e-14,-9.454356317278191e-17
534.19,-6.200029314425785e-14,-9.43895687774966e-17
534.2,-6.199489033591132e-14,-9.455036903533005e-17
534.21,-6.198883622007328e-14,-9.409024400858725e-17
534.22,-6.198415625227095e-14,-9.435716797262761e-17
534.23,-6.197802606130068e-14,-9.45257223764659e-17
534.24,-6.197230571250744e-14,-9.445120000422332e-17
534.25,-6.196689018612309e-14,-9.459798039559726e-17
534.26,-6.196109139882765e-14,-9.44239843369085e-17
534.27,-6.195544073329828e-14,-9.44614377800433e-17
534.28,-6.194974479925583e-14,-9.449561236434916e-17
534.29,-6.194384752432421e-14,-9.435399079463928e-17
534.3,-6.193853520150239e-14,-9.43485334143419e-17
534.31,-6.193486779933172e-14,-9.605559796451827e-17
534.32,-6.192716968935593e-14,-9.446056828772527e-17
534.33,-6.192210301222464e-14,-9.444658682393166e-17
534.34,-6.191578707330083e-14,-9.427136686564643e-17
534.35,-6.190995697443269e-14,-9.44115825500702e-17
534.36,-6.190452575161224e-14,-9.429398690660174e-17
534.37,-6.189895437104443e-14,-9.436600195191853e-17
534.38,-6.189341757101444e-14,-9.428703464201093e-17
534.39,-6.188778205284628e-14,-9.437750077471928e-17
534.4,-6.188719060703445e-14,-9.46362305010181e-17
534.41,-6.187697752891759e-14,-9.440896071183786e-17
534.42,-6.187083173890795e-14,-9.425926851427973e-17
534.43,-6.186520524703112e-14,-9.428412139110092e-17
534.44,-6.185975123439632e-14,-9.430395298431407e-17
534.45,-6.185388906938621e-14,-9.428022752813064e-17
534.46,-6.184875740685738e-14,-9.459698326279312e-17
534.47,-6.184330061424325e-14,-9.49203021925385e-17
534.48,-6.183734978773701e-14,-9.435638126346767e-17
534.49,-6.182955370846819e-14,-9.233482879452693e-17
534.5,-6.182514965294075e-14,-9.365818868038334e-17
534.51,-6.182014195806819e-14,-9.414065182999337e-17
534.52,-6.181453656090216e-14,-9.414865174763607e-17
534.53,-6.180889072559313e-14,-9.44696583219581e-17
534.54,-6.180337140093321e-14,-9.424177224202219e-17
534.55,-6.179783203337099e-14,-9.419784328223184e-17
534.56,-6.179185675884952e-14,-9.407278836677494e-17
534.57,-6.178657876000545e-14,-9.410252512329941e-17
534.58,-6.177951405754882e-14,-9.386872639723222e-17
534.59,-6.177466933857919e-14,-9.403325873283609e-17
534.6,-6.176970175339594e-14,-9.417422928044469e-17
534.61,-6.176392478261431e-14,-9.402583870725767e-17
534.62,-6.175828808941787e-14,-9.407092107984883e-17
534.63,-6.175286324246831e-14,-9.4164557646122e-17
534.64,-6.174707362815856e-14,-9.412883064152099e-17
534.65,-6.174159679105786e-14,-9.402623123125854e-17
534.66,-6.173588647234619e-14,-9.412984924786925e-17
534.67,-6.173022490897004e-14,-9.384996683059872e-17
534.68,-6.172466257530795e-14,-9.40164797483853e-17
534.69,-6.1719011366868e-14,-9.403049609084075e-17
534.7,-6.171344639237006e-14,-9.412343580913637e-17
534.71,-6.170771552489122e-14,-9.39579834846637e-17
534.72,-6.170229986899807e-14,-9.40731289749076e-17
534.73,-6.169646610017818e-14,-9.389116599977899e-17
534.74,-6.169117476895183e-14,-9.434929510383645e-17
534.75,-6.168540583709418e-14,-9.412455549468525e-17
534.76,-6.167973513325684e-14,-9.388625193025612e-17
534.77,-6.167419432844857e-14,-9.398192026800446e-17
534.78,-6.166841456669678e-14,-9.393136996745894e-17
534.79,-6.166272932981115e-14,-9.370709245084632e-17
534.8,-6.165737368926797e-14,-9.38747811757371e-17
534.81,-6.165184159268889e-14,-9.403180211205465e-17
534.82,-6.164599263776537e-14,-9.39105761193136e-17
534.83,-6.164102965208589e-14,-9.41445019126633e-17
534.84,-6.163408134951208e-14,-9.378456340869595e-17
534.85,-6.162919750630909e-14,-9.382854375077749e-17
534.86,-6.162380578716986e-14,-9.384768411430352e-17
534.87,-6.161837059283139e-14,-9.3968095977452e-17
534.88,-6.161247486673248e-14,-9.387637533049341e-17
534.89,-6.160670189251059e-14,-9.376523273578478e-17
534.9,-6.160123712308026e-14,-9.384175106744302e-17
534.91,-6.159555738888978e-14,-9.377617476383503e-17
534.92,-6.158964319912655e-14,-9.348053688676995e-17
534.93,-6.158509835973055e-14,-9.471230541375215e-17
534.94,-6.157875637646468e-14,-9.370087864889281e-17
534.95,-6.157302115548439e-14,-9.364757268669204e-17
534.96,-6.156734157293829e-14,-9.360324582763611e-17
534.97,-6.156207862658795e-14,-9.376639378401554e-17
534.98,-6.155666080898973e-14,-9.39157407908402e-17
534.99,-6.155077812743995e-14,-9.374949875374714e-17
535.0,-6.154513211746699e-14,-9.3603131140182e-17
535.01,-6.153994065396663e-14,-9.407704897195953e-17
535.02,-6.153429798801364e-14,-9.379632433219618e-17
535.03,-6.152847340493404e-14,-9.365627238349691e-17
535.04,-6.152280650556369e-14,-9.370706559163712e-17
535.05,-6.151719701211701e-14,-9.362117511149964e-17
535.06,-6.151174789157027e-14,-9.378378504758677e-17
535.07,-6.150614426408254e-14,-9.373461898737505e-17
535.08,-6.150008823138058e-14,-9.353261471314428e-17
535.09,-6.149476207439584e-14,-9.357043850714832e-17
535.1,-6.148941572900619e-14,-9.377648829514122e-17
535.11,-6.148337332803322e-14,-9.36447632207827e-17
535.12,-6.147790667816111e-14,-9.35639165419126e-17
535.13,-6.147239139839958e-14,-9.358300051123636e-17
535.14,-6.146657714770664e-14,-9.357049107481508e-17
535.15,-6.146134362786822e-14,-9.333687198080088e-17
535.16,-6.145576402678862e-14,-9.35292002379527e-17
535.17,-6.145017507743594e-14,-9.356768634593183e-17
535.18,-6.144465899565165e-14,-9.35773461696802e-17
535.19,-6.143882465995998e-14,-9.34013135732639e-17
535.2,-6.143318516922169e-14,-9.347622993437559e-17
535.21,-6.142797903767126e-14,-9.359884570319643e-17
535.22,-6.142229151172572e-14,-9.363464158912278e-17
535.23,-6.141693306748139e-14,-9.376551615744618e-17
535.24,-6.141099755156284e-14,-9.340019010975832e-17
535.25,-6.140549436466961e-14,-9.340264395444562e-17
535.26,-6.140010831489452e-14,-9.352327800652506e-17
535.27,-6.139434499866156e-14,-9.357603860105355e-17
535.28,-6.13886037202552e-14,-9.357479104449962e-17
535.29,-6.138300505196746e-14,-9.338087659661956e-17
535.3,-6.137757778250651e-14,-9.334464197047423e-17
535.31,-6.137189793714016e-14,-9.335040372556512e-17
535.32,-6.136676978895873e-14,-9.337197708715108e-17
535.33,-6.136097789315085e-14,-9.344151044211883e-17
535.34,-6.135529356569349e-14,-9.340051857437411e-17
535.35,-6.134974317604286e-14,-9.334462076207297e-17
535.36,-6.134384469821941e-14,-9.329538498613896e-17
535.37,-6.133842375261603e-14,-9.332299674832608e-17
535.38,-6.133294768565255e-14,-9.331694635850169e-17
535.39,-6.132776690346525e-14,-9.33879943828972e-17
535.4,-6.132179438690398e-14,-9.331059624020308e-17
535.41,-6.131623884492951e-14,-9.344948204305648e-17
535.42,-6.131069455488436e-14,-9.336843735986556e-17
535.43,-6.13051440647257e-14,-9.333159366738355e-17
535.44,-6.129938256706858e-14,-9.31514693275587e-17
535.45,-6.129390283919461e-14,-9.323586633745415e-17
535.46,-6.128840376708335e-14,-9.32813732832887e-17
535.47,-6.128290385121804e-14,-9.3328485772516e-17
535.48,-6.127722449717233e-14,-9.322810170843241e-17
535.49,-6.127163030282802e-14,-9.318758240439471e-17
535.5,-6.126612989503179e-14,-9.329545891689559e-17
535.51,-6.126063111030357e-14,-9.326081236157048e-17
535.52,-6.12549907572501e-14,-9.3180081027614e-17
535.53,-6.124938714500795e-14,-9.317607280934226e-17
535.54,-6.124394935000432e-14,-9.316771345407903e-17
535.55,-6.123848853861891e-14,-9.31043284444795e-17
535.56,-6.123265849738116e-14,-9.299252656584953e-17
535.57,-6.12270437865084e-14,-9.310110624025633e-17
535.58,-6.122176176573878e-14,-9.329567280819771e-17
535.59,-6.12160974498387e-14,-9.314875904614483e-17
535.6,-6.121055036039815e-14,-9.321473337237438e-17
535.61,-6.120482677374581e-14,-9.31161816063641e-17
535.62,-6.119905309106004e-14,-9.314764698312421e-17
535.63,-6.119416319705785e-14,-9.314422614489883e-17
535.64,-6.118869206925275e-14,-9.333788183072045e-17
535.65,-6.118260153124933e-14,-9.307300166226571e-17
535.66,-6.11770260428544e-14,-9.308256239920279e-17
535.67,-6.117156638817452e-14,-9.299724397980463e-17
535.68,-6.116611083533664e-14,-9.332793333906282e-17
535.69,-6.11603604119353e-14,-9.284864439215377e-17
535.7,-6.115477896286966e-14,-9.296059656334376e-17
535.71,-6.114920875180697e-14,-9.301944235526754e-17
535.72,-6.11441729610877e-14,-9.308971488786308e-17
535.73,-6.113819035753469e-14,-9.290523452341316e-17
535.74,-6.113279429608206e-14,-9.299174443665738e-17
535.75,-6.112716339158532e-14,-9.312788043074603e-17
535.76,-6.112197618225666e-14,-9.296503234238969e-17
535.77,-6.11161302496026e-14,-9.312067219336286e-17
535.78,-6.111054425690527e-14,-9.286024767044804e-17
535.79,-6.110506797229838e-14,-9.296970440888424e-17
535.8,-6.109935468265128e-14,-9.296686187160267e-17
535.81,-6.109383338248294e-14,-9.277065503524211e-17
535.82,-6.10886313240204e-14,-9.289528708337481e-17
535.83,-6.108299612998338e-14,-9.285115788542845e-17
535.84,-6.107711711596153e-14,-9.291489356463461e-17
535.85,-6.107160946201889e-14,-9.299027045125634e-17
535.86,-6.106619592162518e-14,-9.283069151083855e-17
535.87,-6.106080061146197e-14,-9.287304821056471e-17
535.88,-6.105500973716e-14,-9.282910138219901e-17
535.89,-6.104929280262883e-14,-9.287096907672752e-17
535.9,-6.104484264108166e-14,-9.214106423254037e-17
535.91,-6.10379487490232e-14,-9.301229106778077e-17
535.92,-6.103287690740839e-14,-9.285618776630046e-17
535.93,-6.102734548145154e-14,-9.283435918456452e-17
535.94,-6.102165141676619e-14,-9.267016866326954e-17
535.95,-6.101626256759872e-14,-9.276621627814417e-17
535.96,-6.101073517794506e-14,-9.273066758356804e-17
535.97,-6.100522660103459e-14,-9.282484355245726e-17
535.98,-6.099941232422082e-14,-9.277035925863412e-17
535.99,-6.099454730791138e-14,-9.311673710804946e-17
536.0,-6.098842815656182e-14,-9.290404207299904e-17
536.01,-6.098307034530411e-14,-9.281262649949989e-17
536.02,-6.097751905735119e-14,-9.273450985031604e-17
536.03,-6.097195115820282e-14,-9.263068212162875e-17
536.04,-6.096642098263446e-14,-9.285139410784203e-17
536.05,-6.096101220953723e-14,-9.277666301524143e-17
536.06,-6.095537115113077e-14,-9.274627882802449e-17
536.07,-6.094963858021198e-14,-9.270287520050566e-17
536.08,-6.094516866819329e-14,-9.284311455294546e-17
536.09,-6.093879418031638e-14,-9.286290697505231e-17
536.1,-6.093347880524542e-14,-9.267321033824578e-17
536.11,-6.092789043321758e-14,-9.275866547868074e-17
536.12,-6.092173893361223e-14,-9.257737503711272e-17
536.13,-6.091660053464471e-14,-9.255495246282009e-17
536.14,-6.091108923806361e-14,-9.266230646417483e-17
536.15,-6.09057872419967e-14,-9.272790064320399e-17
536.16,-6.090014165586475e-14,-9.277015808471071e-17
536.17,-6.089445800625435e-14,-9.262071710619934e-17
536.18,-6.088922814022868e-14,-9.262384412057943e-17
536.19,-6.088354988814435e-14,-9.259676636770763e-17
536.2,-6.087788538105566e-14,-9.258022310145136e-17
536.21,-6.087248922688872e-14,-9.261044427530668e-17
536.22,-6.086693415578037e-14,-9.266871440652506e-17
536.23,-6.086144843140085e-14,-9.257088256934985e-17
536.24,-6.085567054957674e-14,-9.256504266017408e-17
536.25,-6.085034122589048e-14,-9.266217439906778e-17
536.26,-6.084497079714546e-14,-9.256802036225919e-17
536.27,-6.083947619497368e-14,-9.250493946349519e-17
536.28,-6.083367295478351e-14,-9.246399183577221e-17
536.29,-6.082836063724204e-14,-9.250237498564361e-17
536.3,-6.082290192673377e-14,-9.260732218634367e-17
536.31,-6.081723058605041e-14,-9.251139119983736e-17
536.32,-6.081167632500204e-14,-9.246072386399371e-17
536.33,-6.080627636691068e-14,-9.238464462669263e-17
536.34,-6.080095979594123e-14,-9.270124758153387e-17
536.35,-6.079511536062345e-14,-9.243920878868215e-17
536.36,-6.078986972999997e-14,-9.230080443550797e-17
536.37,-6.078422862398537e-14,-9.246492658469935e-17
536.38,-6.07784539974525e-14,-9.240047020913929e-17
536.39,-6.077448367839656e-14,-9.3285536849081e-17
536.4,-6.07677310082906e-14,-9.246900438454216e-17
536.41,-6.076210728466835e-14,-9.240826300452192e-17
536.42,-6.075649357566385e-14,-9.234583336970003e-17
536.43,-6.074720635716126e-14,-8.965590653638255e-17
536.44,-6.074547350056692e-14,-9.238861886784094e-17
536.45,-6.074179794210467e-14,-9.210779921754163e-17
536.46,-6.07346447411383e-14,-9.225933168022906e-17
536.47,-6.072906650685145e-14,-9.239088484656492e-17
536.48,-6.072355561850847e-14,-9.23412937886706e-17
536.49,-6.071797374719134e-14,-9.228558862411981e-17
536.5,-6.071250421096875e-14,-9.23161284562544e-17
536.51,-6.070790680011654e-14,-9.222126983242991e-17
536.52,-6.070165258990559e-14,-9.191464733844571e-17
536.53,-6.069619616438752e-14,-9.218403042212088e-17
536.54,-6.069067214205544e-14,-9.228905407704252e-17
536.55,-6.068477191860389e-14,-9.236001598924936e-17
536.56,-6.067958819735926e-14,-9.225921766458433e-17
536.57,-6.067399412002296e-14,-9.22174716597039e-17
536.58,-6.06685319532386e-14,-9.227421000371843e-17
536.59,-6.066319834012462e-14,-9.22949785075498e-17
536.6,-6.065750924179835e-14,-9.215222399817574e-17
536.61,-6.065167966448759e-14,-9.269465992419123e-17
536.62,-6.064655295087479e-14,-9.220521175944892e-17
536.63,-6.064083522967052e-14,-9.226937039931907e-17
536.64,-6.063571322224649e-14,-9.221841292951306e-17
536.65,-6.063001280452659e-14,-9.212744028283084e-17
536.66,-6.062453368698124e-14,-9.232093397149627e-17
536.67,-6.061911062385555e-14,-9.21041330922816e-17
536.68,-6.061356956005304e-14,-9.210045174131762e-17
536.69,-6.060807825128403e-14,-9.215793769039559e-17
536.7,-6.060188634261604e-14,-9.207959635567238e-17
536.71,-6.059695679738137e-14,-9.217262592211707e-17
536.72,-6.059164731922441e-14,-9.215713968949351e-17
536.73,-6.058610801502231e-14,-9.209497734316643e-17
536.74,-6.058016350867062e-14,-9.209578553258461e-17
536.75,-6.057502733196388e-14,-9.208251393128106e-17
536.76,-6.056981304886787e-14,-9.211309562202265e-17
536.77,-6.056403972514493e-14,-9.212417063185807e-17
536.78,-6.055881953622329e-14,-9.201142206207674e-17
536.79,-6.055284106945601e-14,-9.201389569913914e-17
536.8,-6.054775751937523e-14,-9.212267684249672e-17
536.81,-6.054221127705863e-14,-9.195194370312727e-17
536.82,-6.053681952782135e-14,-9.211705833827686e-17
536.83,-6.05313331222822e-14,-9.202701425403044e-17
536.84,-6.052555433181338e-14,-9.193040458617731e-17
536.85,-6.052011840995727e-14,-9.203085738295356e-17
536.86,-6.051493971880469e-14,-9.215843118722394e-17
536.87,-6.050924795445611e-14,-9.20386203023699e-17
536.88,-6.050383025705939e-14,-9.215521423517287e-17
536.89,-6.049890090265416e-14,-9.188852028520088e-17
536.9,-6.049099142230055e-14,-9.208488071708535e-17
536.91,-6.048736313114011e-14,-9.195438503357159e-17
536.92,-6.048212115126803e-14,-9.17657673096868e-17
536.93,-6.047656865367431e-14,-9.188881686934928e-17
536.94,-6.047088000961507e-14,-9.191862031759822e-17
536.95,-6.046508053011441e-14,-9.191262686371536e-17
536.96,-6.045992618276596e-14,-9.190993044345442e-17
536.97,-6.045438660980275e-14,-9.194088404116688e-17
536.98,-6.044906484180671e-14,-9.190051204913584e-17
536.99,-6.04426435495318e-14,-9.191125272724677e-17
537.0,-6.043802679794557e-14,-9.187863205364436e-17
537.01,-6.043300565747811e-14,-9.187261795390021e-17
537.02,-6.042714502666784e-14,-9.185772939476408e-17
537.03,-6.042185508493786e-14,-9.178506439436827e-17
537.04,-6.041600642243549e-14,-9.184623043570569e-17
537.05,-6.04105240234058e-14,-9.187188094757392e-17
537.06,-6.040504852191959e-14,-9.180260969317402e-17
537.07,-6.039983354401817e-14,-9.184858303228556e-17
537.08,-6.039359007954499e-14,-9.176766379339743e-17
537.09,-6.038872812026582e-14,-9.17885256812304e-17
537.1,-6.03833242798877e-14,-9.176548973433341e-17
537.11,-6.037775223681214e-14,-9.176955968455194e-17
537.12,-6.037230289066522e-14,-9.181671154973272e-17
537.13,-6.036696729090089e-14,-9.172809633144441e-17
537.14,-6.036122682513928e-14,-9.178247650561289e-17
537.15,-6.03560104617838e-14,-9.172273138266176e-17
537.16,-6.035046970097265e-14,-9.17101195243427e-17
537.17,-6.034494981363221e-14,-9.169800475702548e-17
537.18,-6.033964984461162e-14,-9.186080416731086e-17
537.19,-6.033400036351582e-14,-9.163982546646464e-17
537.2,-6.032866944412083e-14,-9.164821457275839e-17
537.21,-6.032326513415212e-14,-9.168902513478515e-17
537.22,-6.031780873845544e-14,-9.176539715102636e-17
537.23,-6.031231395899838e-14,-9.170634341877014e-17
537.24,-6.030651039639111e-14,-9.15987132462397e-17
537.25,-6.030126787262097e-14,-9.16257612064796e-17
537.26,-6.029607304665033e-14,-9.166455884573993e-17
537.27,-6.029036132741873e-14,-9.164576807005346e-17
537.28,-6.028494284360353e-14,-9.155380193805878e-17
537.29,-6.027955763123523e-14,-9.163876222001064e-17
537.3,-6.02740679594385e-14,-9.164128488177814e-17
537.31,-6.02684567375417e-14,-9.156388940459922e-17
537.32,-6.026305175315098e-14,-9.16017933660098e-17
537.33,-6.025762248021949e-14,-9.154473426561183e-17
537.34,-6.025222367091765e-14,-9.157952318659415e-17
537.35,-6.024657922874996e-14,-9.14176551341982e-17
537.36,-6.024153473032123e-14,-9.162554405723782e-17
537.37,-6.023583541691155e-14,-9.151502197964107e-17
537.38,-6.02300625409535e-14,-9.141316885136072e-17
537.39,-6.022458811659989e-14,-9.144374355452147e-17
537.4,-6.021939489631395e-14,-9.149383886609281e-17
537.41,-6.021431209654837e-14,-9.160252543546547e-17
537.42,-6.020847856912804e-14,-9.149981218057145e-17
537.43,-6.020300147986858e-14,-9.146912960152158e-17
537.44,-6.019764762020769e-14,-9.146769926832555e-17
537.45,-6.019217871052123e-14,-9.143882969326871e-17
537.46,-6.018679293077951e-14,-9.145767752351327e-17
537.47,-6.018166338303844e-14,-9.147621067867741e-17
537.48,-6.017582028444696e-14,-9.144042960099324e-17
537.49,-6.017022933406867e-14,-9.13735840253147e-17
537.5,-6.016511357726707e-14,-9.141415394886417e-17
537.51,-6.015963115355885e-14,-9.150105422099527e-17
537.52,-6.015404927401871e-14,-9.143265266863166e-17
537.53,-6.014859178547655e-14,-9.13389244790424e-17
537.54,-6.01429226068848e-14,-9.131133915715456e-17
537.55,-6.013753651065223e-14,-9.140137149480848e-17
537.56,-6.013233317204331e-14,-9.13897175710674e-17
537.57,-6.012673851407854e-14,-9.13979099782173e-17
537.58,-6.012127054621325e-14,-9.133586591786223e-17
537.59,-6.011561785726247e-14,-9.131621661734623e-17
537.6,-6.011084662480997e-14,-9.137997216502114e-17
537.61,-6.010498522355607e-14,-9.129255958118695e-17
537.62,-6.009952970136796e-14,-9.129415561103253e-17
537.63,-6.009436994172088e-14,-9.14813808052486e-17
537.64,-6.008889921786051e-14,-9.131304103034673e-17
537.65,-6.008317034681077e-14,-9.123812271291777e-17
537.66,-6.007776067385352e-14,-9.126590879258372e-17
537.67,-6.007261563783471e-14,-9.125286563305399e-17
537.68,-6.006697518290621e-14,-9.12541625161862e-17
537.69,-6.006179308945017e-14,-9.127249746007594e-17
537.7,-6.005638104759016e-14,-9.126949484311873e-17
537.71,-6.005062135869316e-14,-9.116688700278764e-17
537.72,-6.004517579022368e-14,-9.121838070771352e-17
537.73,-6.003983381527858e-14,-9.121445830199535e-17
537.74,-6.003425532783694e-14,-9.111540096106981e-17
537.75,-6.002897614943718e-14,-9.121983920542735e-17
537.76,-6.00240327271848e-14,-9.130661778422416e-17
537.77,-6.001804831497054e-14,-9.117203711146745e-17
537.78,-6.001332071201892e-14,-9.111707784829896e-17
537.79,-6.000705915545217e-14,-9.110934482894081e-17
537.8,-6.000206077680157e-14,-9.124012375770513e-17
537.81,-5.999632102350589e-14,-9.111146777085647e-17
537.82,-5.99907806473366e-14,-9.109338832213336e-17
537.83,-5.998561571643919e-14,-9.11438707354418e-17
537.84,-5.998034713510732e-14,-9.125190164468778e-17
537.85,-5.99747120080659e-14,-9.116827479964307e-17
537.86,-5.996928602587383e-14,-9.109363319591902e-17
537.87,-5.996607166297313e-14,-9.155551121932152e-17
537.88,-5.995771676677214e-14,-9.084483533890023e-17
537.89,-5.995312482437622e-14,-9.105903324136136e-17
537.9,-5.994755146989543e-14,-9.104028883473853e-17
537.91,-5.994150496243828e-14,-9.107959329524355e-17
537.92,-5.993650820204712e-14,-9.09232965511109e-17
537.93,-5.993125206501704e-14,-9.09697419951296e-17
537.94,-5.99256463304549e-14,-9.105841496624699e-17
537.95,-5.992033597013576e-14,-9.094689545476283e-17
537.96,-5.991449221296472e-14,-9.066109832643263e-17
537.97,-5.990913191269833e-14,-9.095494178623015e-17
537.98,-5.990440528389661e-14,-9.097323016029015e-17
537.99,-5.989883364560071e-14,-9.098231703268774e-17
538.0,-5.989351165590259e-14,-9.114345682439081e-17
538.01,-5.988775861678544e-14,-9.088194930293177e-17
538.02,-5.988263844126017e-14,-9.094883529920564e-17
538.03,-5.987700184035682e-14,-9.08245418827459e-17
538.04,-5.987179750223091e-14,-9.098406647308913e-17
538.05,-5.986671448099752e-14,-9.099822508891524e-17
538.06,-5.986101176740549e-14,-9.10711382821219e-17
538.07,-5.985600874786932e-14,-9.104203184325324e-17
538.08,-5.98500206215583e-14,-9.087073900348869e-17
538.09,-5.984428505341623e-14,-9.086145011526671e-17
538.1,-5.983937284527507e-14,-9.087865640403773e-17
538.11,-5.983404375874437e-14,-9.088428013212498e-17
538.12,-5.98283593008018e-14,-9.081391925798162e-17
538.13,-5.982307762007297e-14,-9.082934481514872e-17
538.14,-5.981742148305722e-14,-9.078126686992231e-17
538.15,-5.981243752362181e-14,-9.08814714819183e-17
538.16,-5.980638688446112e-14,-9.044888418339248e-17
538.17,-5.980133670417892e-14,-9.075808435326073e-17
538.18,-5.979580077279626e-14,-9.09305209299546e-17
538.19,-5.979033911842143e-14,-9.071800367174703e-17
538.2,-5.97852433534315e-14,-9.076594209653349e-17
538.21,-5.977971205696538e-14,-9.074818073578233e-17
538.22,-5.977410045632285e-14,-9.073099715832763e-17
538.23,-5.976890088296165e-14,-9.07465800365787e-17
538.24,-5.976384570940674e-14,-9.079387120142258e-17
538.25,-5.97569692461987e-14,-8.984274402103399e-17
538.26,-5.975291829477705e-14,-9.089281562150381e-17
538.27,-5.974731921550938e-14,-9.072017982720378e-17
538.28,-5.974189600896396e-14,-9.06728731948151e-17
538.29,-5.973624195348487e-14,-9.070021292160757e-17
538.3,-5.973133218257338e-14,-9.077247759537722e-17
538.31,-5.972536372828056e-14,-9.048950031210151e-17
538.32,-5.972001425921161e-14,-9.073781608396711e-17
538.33,-5.971503662262521e-14,-9.064253665695695e-17
538.34,-5.970835800120581e-14,-9.200591519221853e-17
538.35,-5.970325902485087e-14,-9.066117461464372e-17
538.36,-5.969869713497789e-14,-9.068464950673855e-17
538.37,-5.96933667312695e-14,-9.06586648369237e-17
538.38,-5.968826673404225e-14,-9.020053931703432e-17
538.39,-5.968246878767263e-14,-9.060436403052035e-17
538.4,-5.967728929074903e-14,-9.064873084307782e-17
538.41,-5.967138500710021e-14,-9.058671292483503e-17
538.42,-5.966639210734598e-14,-9.065347117490793e-17
538.43,-5.966302229335559e-14,-9.03350145166439e-17
538.44,-5.965593184365174e-14,-9.088819903213842e-17
538.45,-5.965021255162888e-14,-9.055896998486109e-17
538.46,-5.964476567862458e-14,-9.056053695918248e-17
538.47,-5.96385867835083e-14,-9.026124903078153e-17
538.48,-5.963393554072083e-14,-9.056180242946767e-17
538.49,-5.962835065607044e-14,-9.038997145540204e-17
538.5,-5.962297552738002e-14,-9.050574880465859e-17
538.51,-5.961730771719359e-14,-9.041419245306816e-17
538.52,-5.961319622443501e-14,-9.044642358835742e-17
538.53,-5.960751578888223e-14,-9.064835223973564e-17
538.54,-5.960161808236867e-14,-9.045738874334266e-17
538.55,-5.959590985948028e-14,-9.038055624292948e-17
538.56,-5.959082184420375e-14,-9.047257855466876e-17
538.57,-5.958532859732469e-14,-9.038892188026184e-17
538.58,-5.957997398389921e-14,-9.033116480009229e-17
538.59,-5.957452889235299e-14,-9.053415517526192e-17
538.6,-5.956894938136108e-14,-9.029791375656906e-17
538.61,-5.95645987822878e-14,-9.058797722343628e-17
538.62,-5.955853820789265e-14,-9.041857299182304e-17
538.63,-5.955334429021916e-14,-9.040426613651688e-17
538.64,-5.954793234847276e-14,-9.039136907939466e-17
538.65,-5.954249740436066e-14,-9.044142402869159e-17
538.66,-5.953695708681218e-14,-9.034299369074108e-17
538.67,-5.953167805051859e-14,-9.030225589160485e-17
538.68,-5.952587703816107e-14,-9.022062825048717e-17
538.69,-5.952062610378403e-14,-9.01712056492822e-17
538.7,-5.951635001866938e-14,-9.041635234449833e-17
538.71,-5.951010396549544e-14,-9.028042143328141e-17
538.72,-5.950478376471352e-14,-9.031234272504099e-17
538.73,-5.949933707273323e-14,-9.034881752441291e-17
538.74,-5.949420768730945e-14,-9.033255181507905e-17
538.75,-5.948843683446637e-14,-9.019220085934696e-17
538.76,-5.94832051240434e-14,-9.028581800660408e-17
538.77,-5.947829456322515e-14,-9.049349955645894e-17
538.78,-5.947335384007781e-14,-9.074012467196575e-17
538.79,-5.946745477701827e-14,-9.032027478914899e-17
538.8,-5.946217781941513e-14,-9.029669198667273e-17
538.81,-5.94567149229365e-14,-9.03225110618667e-17
538.82,-5.945090566889361e-14,-9.021423448972567e-17
538.83,-5.944583105343907e-14,-9.019711130836638e-17
538.84,-5.94403008391453e-14,-9.016224639104076e-17
538.85,-5.943499211731528e-14,-9.017262561347012e-17
538.86,-5.943026564657015e-14,-9.050399999209546e-17
538.87,-5.942296424119547e-14,-8.910916480819774e-17
538.88,-5.941890873131514e-14,-9.01971981189577e-17
538.89,-5.941375355930455e-14,-9.026816080210626e-17
538.9,-5.940819367245689e-14,-9.024952109426594e-17
538.91,-5.940258772776364e-14,-9.008705800888427e-17
538.92,-5.939721654535405e-14,-9.00268169964998e-17
538.93,-5.939216810032604e-14,-9.006288771998856e-17
538.94,-5.938672021243062e-14,-9.017618484415924e-17
538.95,-5.938085308766821e-14,-8.972532339937126e-17
538.96,-5.937497280107134e-14,-9.002832196938707e-17
538.97,-5.937052176099057e-14,-9.012232706607489e-17
538.98,-5.936525350863393e-14,-9.002033540025265e-17
538.99,-5.936000576473338e-14,-9.010668570236317e-17
539.0,-5.935421963612722e-14,-8.993478844547759e-17
539.01,-5.93485162329617e-14,-8.974129768891835e-17
539.02,-5.934367912447974e-14,-9.006175442368485e-17
539.03,-5.93383245655164e-14,-8.989105831690098e-17
539.04,-5.933323179284572e-14,-9.008736150675792e-17
539.05,-5.93273798462119e-14,-8.98772038528535e-17
539.06,-5.932205662716804e-14,-8.990513090360948e-17
539.07,-5.93168738369997e-14,-9.004115475635276e-17
539.08,-5.931173101371338e-14,-8.990690083913306e-17
539.09,-5.930627392102227e-14,-9.012490352827866e-17
539.1,-5.930086378024051e-14,-8.993874425077118e-17
539.11,-5.929550587746414e-14,-9.002611475838109e-17
539.12,-5.929026479959633e-14,-8.994393695253268e-17
539.13,-5.928444915657257e-14,-8.987024164830157e-17
539.14,-5.927974711666554e-14,-8.987775159272504e-17
539.15,-5.927390162217749e-14,-8.98721440545455e-17
539.16,-5.92688531104489e-14,-8.985653360854557e-17
539.17,-5.926355303111279e-14,-9.006420406294827e-17
539.18,-5.925802878004646e-14,-8.984550632679554e-17
539.19,-5.925272541584307e-14,-8.983481664497835e-17
539.2,-5.92474608170724e-14,-8.982689630560896e-17
539.21,-5.924208335123356e-14,-8.973304827618412e-17
539.22,-5.923652989072623e-14,-8.964937428481485e-17
539.23,-5.923155836813672e-14,-8.985663178157502e-17
539.24,-5.922611097128526e-14,-8.988756323169594e-17
539.25,-5.922083249212501e-14,-8.985416506416212e-17
539.26,-5.921530429836518e-14,-8.984382809844901e-17
539.27,-5.920997744676545e-14,-8.969687762780093e-17
539.28,-5.920467629697533e-14,-8.971099520006446e-17
539.29,-5.919959903981595e-14,-8.988854727626362e-17
539.3,-5.919385758496262e-14,-8.977874554180415e-17
539.31,-5.91885985486629e-14,-8.972421596568712e-17
539.32,-5.91834593702475e-14,-8.978722510828728e-17
539.33,-5.9177974750002e-14,-8.978761131506849e-17
539.34,-5.917257711942329e-14,-8.971705931228278e-17
539.35,-5.916731918895442e-14,-8.96381310727693e-17
539.36,-5.916186396296302e-14,-8.963069073848493e-17
539.37,-5.91565562193511e-14,-8.96594166020278e-17
539.38,-5.915137292934225e-14,-8.978066611323063e-17
539.39,-5.914592406536016e-14,-8.960954070802574e-17
539.4,-5.914052465214252e-14,-8.961502253491655e-17
539.41,-5.91353340770615e-14,-8.959139908935666e-17
539.42,-5.912995177828171e-14,-8.96932034454364e-17
539.43,-5.912441115407168e-14,-8.9498096438926e-17
539.44,-5.911918508037268e-14,-8.954614459586497e-17
539.45,-5.91140189080533e-14,-8.960983990568761e-17
539.46,-5.910860906279226e-14,-8.963624589330755e-17
539.47,-5.910331651735262e-14,-8.961507535666757e-17
539.48,-5.909783164050733e-14,-8.962092908736967e-17
539.49,-5.909266362489943e-14,-8.973667551588647e-17
539.5,-5.908736095566436e-14,-8.974613937404413e-17
539.51,-5.908167020366372e-14,-8.947926500448955e-17
539.52,-5.907640414301102e-14,-8.947517282452999e-17
539.53,-5.907125575361253e-14,-8.956627580249029e-17
539.54,-5.906614604677234e-14,-8.973929497362562e-17
539.55,-5.906049118876372e-14,-8.94588985758581e-17
539.56,-5.905545336934958e-14,-8.951312762241138e-17
539.57,-5.90498704970252e-14,-8.950727689345828e-17
539.58,-5.904424019228013e-14,-8.933215294282518e-17
539.59,-5.903921707944279e-14,-8.944831431084187e-17
539.6,-5.903394960532139e-14,-8.945245356656167e-17
539.61,-5.902870959623845e-14,-8.953192242039675e-17
539.62,-5.902343141715353e-14,-8.915063654029373e-17
539.63,-5.901819147632022e-14,-8.942203470566177e-17
539.64,-5.901277696600551e-14,-8.942590044703212e-17
539.65,-5.900712651247702e-14,-8.938582975906106e-17
539.66,-5.900244974415981e-14,-8.933472537904387e-17
539.67,-5.899649726593513e-14,-8.948118085271318e-17
539.68,-5.899182036029088e-14,-8.960723301511465e-17
539.69,-5.898595896130919e-14,-8.920437212029812e-17
539.7,-5.898084541583177e-14,-8.953172744297005e-17
539.71,-5.897521787781804e-14,-8.919098200948105e-17
539.72,-5.897012185441571e-14,-8.945115441931476e-17
539.73,-5.896487171130419e-14,-8.935309233834212e-17
539.74,-5.895975363307246e-14,-8.935097059904814e-17
539.75,-5.895522311176662e-14,-8.949823506809623e-17
539.76,-5.894852152321847e-14,-8.947711572246018e-17
539.77,-5.89436716876514e-14,-8.9414537327088e-17
539.78,-5.893832979611747e-14,-8.933609974353005e-17
539.79,-5.893311089732986e-14,-8.947131943310354e-17
539.8,-5.89275184238618e-14,-8.926346246846805e-17
539.81,-5.892240442371817e-14,-8.935574334070982e-17
539.82,-5.891715008614852e-14,-8.938542385100647e-17
539.83,-5.891167431342e-14,-8.920179806162629e-17
539.84,-5.890603645817022e-14,-9.04498324170855e-17
539.85,-5.890111400902873e-14,-8.88581838518491e-17
539.86,-5.889568051191454e-14,-8.91622257519296e-17
539.87,-5.889036139984295e-14,-8.919769429489719e-17
539.88,-5.88847576010325e-14,-8.899394342047957e-17
539.89,-5.887990980904796e-14,-8.909474951972848e-17
539.9,-5.887433851406685e-14,-8.914221707961802e-17
539.91,-5.886924694301802e-14,-8.914934695741084e-17
539.92,-5.886377247091589e-14,-8.909503311964381e-17
539.93,-5.885835466481707e-14,-8.923494517612387e-17
539.94,-5.88527806568512e-14,-8.890397629783342e-17
539.95,-5.884798024956698e-14,-8.912212366559304e-17
539.96,-5.884257494720129e-14,-8.913179592156648e-17
539.97,-5.883731353191394e-14,-8.920591382060656e-17
539.98,-5.883208801564709e-14,-8.902916673802465e-17
539.99,-5.882677037559564e-14,-8.907414865938514e-17
540.0,-5.882139636924452e-14,-8.901266305717685e-17
540.01,-5.881597655495286e-14,-8.917063345785054e-17
540.02,-5.881075915584944e-14,-8.897368483456148e-17
540.03,-5.880565234679457e-14,-8.913541045981973e-17
540.04,-5.880012008213585e-14,-8.905702889539354e-17
540.05,-5.879483732999818e-14,-8.868000341839254e-17
540.06,-5.878963607723903e-14,-8.897854209531661e-17
540.07,-5.878453070676714e-14,-8.908761363606796e-17
540.08,-5.877884813936717e-14,-8.901577303277081e-17
540.09,-5.877335019834836e-14,-8.891584660803685e-17
540.1,-5.876782118535151e-14,-8.8848757795244e-17
540.11,-5.87631854571978e-14,-8.893936876230818e-17
540.12,-5.875811819715135e-14,-8.898930825426247e-17
540.13,-5.875249072239928e-14,-8.874507300199462e-17
540.14,-5.874707526313268e-14,-8.891853070573707e-17
540.15,-5.874196464244703e-14,-8.892158354580826e-17
540.16,-5.873682060255318e-14,-8.892746738194235e-17
540.17,-5.873142848350306e-14,-8.888874633895386e-17
540.18,-5.872619766481256e-14,-8.898088383538885e-17
540.19,-5.871968830746804e-14,-8.86710789249358e-17
540.2,-5.87156710143183e-14,-8.892698558536573e-17
540.21,-5.871034936992664e-14,-8.894384974189338e-17
540.22,-5.870483122414504e-14,-8.881350091487767e-17
540.23,-5.869955176888782e-14,-8.887206324209053e-17
540.24,-5.869429681695416e-14,-8.875930613771057e-17
540.25,-5.868895329322112e-14,-8.87931129979573e-17
540.26,-5.868347474962511e-14,-8.887653674277753e-17
540.27,-5.867815696344187e-14,-8.850686932730942e-17
540.28,-5.86739194722196e-14,-8.641041014614024e-17
540.29,-5.866775764704365e-14,-8.871226235050147e-17
540.3,-5.866222850135285e-14,-8.948568138296432e-17
540.31,-5.865755351921013e-14,-8.895952977262399e-17
540.32,-5.865207300522993e-14,-8.873495637618987e-17
540.33,-5.864554991145344e-14,-8.830043440126905e-17
540.34,-5.864142124999646e-14,-8.872489801046119e-17
540.35,-5.863610863576765e-14,-8.874623387460443e-17
540.36,-5.863179047836321e-14,-8.881399887266233e-17
540.37,-5.862939386573973e-14,-9.024577205525115e-17
540.38,-5.862035829915584e-14,-8.866242206542314e-17
540.39,-5.861480060734528e-14,-8.866397481668607e-17
540.4,-5.860977411626587e-14,-8.872243575045006e-17
540.41,-5.860455747942527e-14,-8.866624170274106e-17
540.42,-5.859943539723745e-14,-8.861212092268213e-17
540.43,-5.859386331956236e-14,-8.864663724612481e-17
540.44,-5.858864443203806e-14,-8.865716498818519e-17
540.45,-5.858327355562737e-14,-8.905014210489746e-17
540.46,-5.857878251616818e-14,-8.948419444005516e-17
540.47,-5.857240641937915e-14,-8.869677890385274e-17
540.48,-5.856741753361621e-14,-8.865868536674181e-17
540.49,-5.856239987671885e-14,-8.851391265346625e-17
540.5,-5.855694231778716e-14,-8.8572907292171e-17
540.51,-5.855157250183299e-14,-8.855910361627882e-17
540.52,-5.854629567324445e-14,-8.855304441539106e-17
540.53,-5.854122100150142e-14,-8.854739006619919e-17
540.54,-5.853584657376195e-14,-8.854478049799928e-17
540.55,-5.85309920790426e-14,-8.839448344268794e-17
540.56,-5.852544507492329e-14,-8.837199625410598e-17
540.57,-5.851974616508353e-14,-8.836548434771124e-17
540.58,-5.851465996286432e-14,-8.854220683533028e-17
540.59,-5.850966767164621e-14,-8.851978674079486e-17
540.6,-5.850390498532598e-14,-8.841750660927756e-17
540.61,-5.849904656179465e-14,-8.853122775442039e-17
540.62,-5.849381160465075e-14,-8.856829834192176e-17
540.63,-5.848863244023057e-14,-8.838571436481475e-17
540.64,-5.848345024317439e-14,-8.850807854083483e-17
540.65,-5.847778163101351e-14,-8.827697188505314e-17
540.66,-5.847288203408812e-14,-8.846739041938711e-17
540.67,-5.84671875089253e-14,-8.837993045212693e-17
540.68,-5.846215127478174e-14,-8.839453879303828e-17
540.69,-5.845689390330245e-14,-8.842047929418564e-17
540.7,-5.845153158123351e-14,-8.849395465135167e-17
540.71,-5.844611151178387e-14,-8.825791316551875e-17
540.72,-5.844082906578925e-14,-8.840130623685924e-17
540.73,-5.843579033723447e-14,-8.836297061851998e-17
540.74,-5.84306850750525e-14,-8.843877306905046e-17
540.75,-5.842593119516502e-14,-8.873188416015215e-17
540.76,-5.841987578841038e-14,-8.834294243806537e-17
540.77,-5.841504845494867e-14,-8.834869206912358e-17
540.78,-5.840984113882894e-14,-8.842981621855375e-17
540.79,-5.840427552124604e-14,-8.825722019252388e-17
540.8,-5.839877246459524e-14,-8.809590360318981e-17
540.81,-5.839368943202286e-14,-8.828248764456973e-17
540.82,-5.838819073619679e-14,-8.811562811475755e-17
540.83,-5.838283380039678e-14,-8.84595962564255e-17
540.84,-5.837984196285388e-14,-8.752160199906484e-17
540.85,-5.83725707689699e-14,-8.819588920033352e-17
540.86,-5.836714893996502e-14,-8.838024311217422e-17
540.87,-5.836218178977585e-14,-8.829541196862084e-17
540.88,-5.835731612963828e-14,-8.829845921488848e-17
540.89,-5.835195718856008e-14,-8.816569749130189e-17
540.9,-5.834634162693825e-14,-8.820942969073116e-17
540.91,-5.834084542673547e-14,-8.808689822062186e-17
540.92,-5.83361216482179e-14,-8.820826277670822e-17
540.93,-5.833068550935197e-14,-8.801581455399517e-17
540.94,-5.832542924771075e-14,-8.812571917481322e-17
540.95,-5.832000360874366e-14,-8.837901764067812e-17
540.96,-5.831494196856346e-14,-8.812524121490913e-17
540.97,-5.830931955134291e-14,-8.811602342381169e-17
540.98,-5.830447192837814e-14,-8.810519385622613e-17
540.99,-5.829924755058687e-14,-8.807395283851366e-17
541.0,-5.829374427048351e-14,-8.801269935690355e-17
541.01,-5.828860996966029e-14,-8.804853837475457e-17
541.02,-5.828351119854647e-14,-8.801506478697734e-17
541.03,-5.82783745206491e-14,-8.805604817015036e-17
541.04,-5.827310971800652e-14,-8.802388221827289e-17
541.05,-5.826755154644167e-14,-8.799469145712736e-17
541.06,-5.826267348464321e-14,-8.805296366446438e-17
541.07,-5.825732473439441e-14,-8.810138857401148e-17
541.08,-5.825166800205511e-14,-8.793604289779278e-17
541.09,-5.824663175152114e-14,-8.800196311289232e-17
541.1,-5.824130035499367e-14,-8.795583915262268e-17
541.11,-5.823643579430926e-14,-8.797993468505371e-17
541.12,-5.823075636479215e-14,-8.784420213743012e-17
541.13,-5.822572508764091e-14,-8.78795260844598e-17
541.14,-5.822039721289247e-14,-8.80352690972031e-17
541.15,-5.82154797792044e-14,-8.810616780772386e-17
541.16,-5.821016042602712e-14,-8.790455473586074e-17
541.17,-5.820509144829824e-14,-8.800092318545052e-17
541.18,-5.819962026337402e-14,-8.792366146165674e-17
541.19,-5.819439949290989e-14,-8.786755580157302e-17
541.2,-5.818903490406552e-14,-8.800405277174273e-17
541.21,-5.818409370649841e-14,-8.792358269487331e-17
541.22,-5.817869952964929e-14,-8.781451817277218e-17
541.23,-5.817353039503481e-14,-8.791851758278106e-17
541.24,-5.816824323251962e-14,-8.79101822413781e-17
541.25,-5.816305011004102e-14,-8.783207297709445e-17
541.26,-5.815802286749053e-14,-8.77470385246515e-17
541.27,-5.815262552342565e-14,-8.785380707054954e-17
541.28,-5.814735979326383e-14,-8.782311745099556e-17
541.29,-5.814207175633989e-14,-8.780812444360664e-17
541.3,-5.813683489353406e-14,-8.77405755997807e-17
541.31,-5.813156118224678e-14,-8.772562322428517e-17
541.32,-5.81265127170595e-14,-8.776724943422261e-17
541.33,-5.812128882067003e-14,-8.779682069223061e-17
541.34,-5.811602238348694e-14,-8.771665226065766e-17
541.35,-5.811053662227352e-14,-8.769241085107209e-17
541.36,-5.810564012037955e-14,-8.77349956756908e-17
541.37,-5.81004259639364e-14,-8.770920699950807e-17
541.38,-5.809502657472825e-14,-8.771226010840832e-17
541.39,-5.808983306712928e-14,-8.772008841897997e-17
541.4,-5.808464039112997e-14,-8.757890621719572e-17
541.41,-5.807892830327523e-14,-8.738465610016001e-17
541.42,-5.807398695768633e-14,-8.757786269136766e-17
541.43,-5.806887928864473e-14,-8.75816105999049e-17
541.44,-5.806375218391728e-14,-8.765233888346416e-17
541.45,-5.80584040901774e-14,-8.766814617618748e-17
541.46,-5.805322341372979e-14,-8.761974354482859e-17
541.47,-5.804814703021406e-14,-8.75638980827086e-17
541.48,-5.80426039883831e-14,-8.749679727279353e-17
541.49,-5.803769599295253e-14,-8.75690542463615e-17
541.5,-5.80322955142882e-14,-8.758064048178848e-17
541.51,-5.802706124029908e-14,-8.754650732282983e-17
541.52,-5.802192687123166e-14,-8.753949319451072e-17
541.53,-5.801680815975985e-14,-8.758388051008936e-17
541.54,-5.801126109748457e-14,-8.749353130841244e-17
541.55,-5.8006329948778e-14,-8.753903870356803e-17
541.56,-5.800121586777878e-14,-8.750250116394287e-17
541.57,-5.799560233314227e-14,-8.734444307694285e-17
541.58,-5.799063018006091e-14,-8.752106600894539e-17
541.59,-5.798568621583113e-14,-8.739401954039441e-17
541.6,-5.798026309635887e-14,-8.745526797994563e-17
541.61,-5.797524650991487e-14,-8.751313873662984e-17
541.62,-5.796991870099997e-14,-8.75073786029389e-17
541.63,-5.796470638753252e-14,-8.741196954239503e-17
541.64,-5.795917324151934e-14,-8.745471534875434e-17
541.65,-5.795382669390355e-14,-8.746776210627538e-17
541.66,-5.79489948500579e-14,-8.748372399242873e-17
541.67,-5.794394162161591e-14,-8.745545588711536e-17
541.68,-5.793851467041347e-14,-8.740889366464745e-17
541.69,-5.793330343021364e-14,-8.738376742816545e-17
541.7,-5.792772818566929e-14,-8.743322929868751e-17
541.71,-5.792288696153955e-14,-8.736104052028569e-17
541.72,-5.791813508653357e-14,-8.750561160597235e-17
541.73,-5.791235845851901e-14,-8.730547009004334e-17
541.74,-5.790730030919304e-14,-8.745594940987873e-17
541.75,-5.790209905800906e-14,-8.732167153804121e-17
541.76,-5.789701404858276e-14,-8.732340779462834e-17
541.77,-5.789168706741994e-14,-8.731724591394068e-17
541.78,-5.788649132326249e-14,-8.735170886309778e-17
541.79,-5.788109743882253e-14,-8.721638076063529e-17
541.8,-5.787599835779606e-14,-8.722894978600655e-17
541.81,-5.787050492969498e-14,-8.71621228886818e-17
541.82,-5.786651104295866e-14,-8.730490212743324e-17
541.83,-5.78606720484045e-14,-8.729236395302727e-17
541.84,-5.785526424858134e-14,-8.727148796127898e-17
541.85,-5.7850422308466e-14,-8.712884143416718e-17
541.86,-5.784510068408578e-14,-8.72829869557512e-17
541.87,-5.783968405545165e-14,-8.725375061754771e-17
541.88,-5.783453031288201e-14,-8.717301226033325e-17
541.89,-5.782893181130705e-14,-8.703020316338828e-17
541.9,-5.78231711531469e-14,-8.719964797936928e-17
541.91,-5.781916628225996e-14,-8.723626468612518e-17
541.92,-5.781330041702212e-14,-8.716491023017001e-17
541.93,-5.780847553046404e-14,-8.719962866738459e-17
541.94,-5.780335795179355e-14,-8.715386864610829e-17
541.95,-5.779818163379084e-14,-8.718085041752628e-17
541.96,-5.779296697192137e-14,-8.712392981201564e-17
541.97,-5.778780376985305e-14,-8.704458265559602e-17
541.98,-5.778267837914339e-14,-8.711489223394212e-17
541.99,-5.777699661822057e-14,-8.712519168246644e-17
542.0,-5.77721644341633e-14,-8.70856606339496e-17
542.01,-5.776681160330078e-14,-8.700382092567057e-17
542.02,-5.776175243769244e-14,-8.70614713149316e-17
542.03,-5.775646190461213e-14,-8.708660034120629e-17
542.04,-5.775134172205489e-14,-8.701490702016288e-17
542.05,-5.774614462695115e-14,-8.699485202855128e-17
542.06,-5.774099515852231e-14,-8.699675498548669e-17
542.07,-5.773572644489902e-14,-8.697121848254906e-17
542.08,-5.773085921945993e-14,-8.702759854891017e-17
542.09,-5.772553836662841e-14,-8.700865684690117e-17
542.1,-5.772035334942226e-14,-8.722121497607832e-17
542.11,-5.77151880082766e-14,-8.701738794483621e-17
542.12,-5.77096736147531e-14,-8.679286587487374e-17
542.13,-5.770474572956363e-14,-8.69308293475968e-17
542.14,-5.769999803164072e-14,-8.71685222475913e-17
542.15,-5.769435537652695e-14,-8.69263737200929e-17
542.16,-5.768919699859335e-14,-8.699296059163894e-17
542.17,-5.768410463824732e-14,-8.679111797740898e-17
542.18,-5.767885395669793e-14,-8.69331297755407e-17
542.19,-5.767343371905795e-14,-8.693056015294333e-17
542.2,-5.766836236600748e-14,-8.68870315671731e-17
542.21,-5.766327904623104e-14,-8.688316621890927e-17
542.22,-5.765802259800773e-14,-8.680848747754303e-17
542.23,-5.765293373759739e-14,-8.679275883891086e-17
542.24,-5.764749813031486e-14,-8.684184010053641e-17
542.25,-5.76424947649307e-14,-8.680415732264664e-17
542.26,-5.763948710635099e-14,-8.694913714923008e-17
542.27,-5.763213470515019e-14,-8.678705810801696e-17
542.28,-5.762042056274061e-14,-8.619829720210211e-17
542.29,-5.762183641017284e-14,-8.67291293804915e-17
542.3,-5.76166400030196e-14,-8.673279129032226e-17
542.31,-5.761151772350732e-14,-8.67578413339077e-17
542.32,-5.760677227578568e-14,-8.729606968107356e-17
542.33,-5.760120802106806e-14,-8.673625201991045e-17
542.34,-5.759585876936842e-14,-8.672485821619637e-17
542.35,-5.759113128463886e-14,-8.665290652330476e-17
542.36,-5.758543052988777e-14,-8.665924761516076e-17
542.37,-5.75804937457159e-14,-8.784681871690787e-17
542.38,-5.757554895365733e-14,-8.68345455921948e-17
542.39,-5.757038360208988e-14,-8.673304935753263e-17
542.4,-5.756501775721767e-14,-8.663501221723545e-17
542.41,-5.75596852165297e-14,-8.664543485305692e-17
542.42,-5.755470401041487e-14,-8.665256605893377e-17
542.43,-5.754955232515477e-14,-8.66987942924935e-17
542.44,-5.754426435434592e-14,-8.662012438559655e-17
542.45,-5.753945764744156e-14,-8.668750118619538e-17
542.46,-5.753395036615763e-14,-8.683855894441705e-17
542.47,-5.752817397152522e-14,-8.646879491478576e-17
542.48,-5.752364139742537e-14,-8.659342200972325e-17
542.49,-5.75183770372814e-14,-8.659405204262035e-17
542.5,-5.75133087654004e-14,-8.654873641079118e-17
542.51,-5.75085317270134e-14,-8.660329257439204e-17
542.52,-5.750306790918218e-14,-8.656085944216654e-17
542.53,-5.749811049670119e-14,-8.671260862702353e-17
542.54,-5.749276769923191e-14,-8.656062467290435e-17
542.55,-5.748678014620568e-14,-8.64604554578758e-17
542.56,-5.748230445790965e-14,-8.650813994386058e-17
542.57,-5.747714878111415e-14,-8.651600396959742e-17
542.58,-5.747203503835615e-14,-8.653167215341833e-17
542.59,-5.746671594314251e-14,-8.646012863467076e-17
542.6,-5.746181579494166e-14,-8.642258390274223e-17
542.61,-5.7456622484527e-14,-8.65045856221323e-17
542.62,-5.745162298530447e-14,-8.643359167740244e-17
542.63,-5.744652146843686e-14,-8.655029435656356e-17
542.64,-5.744059457902038e-14,-8.646607212465824e-17
542.65,-5.743594069557118e-14,-8.641334256632645e-17
542.66,-5.743062428324476e-14,-8.627890674306532e-17
542.67,-5.742567740060755e-14,-8.635803110404298e-17
542.68,-5.742067611089246e-14,-8.64203471808351e-17
542.69,-5.741541126918284e-14,-8.64092362648105e-17
542.7,-5.741023539417459e-14,-8.640905989412007e-17
542.71,-5.740503240375333e-14,-8.630590386248999e-17
542.72,-5.740017967803091e-14,-8.622894368644016e-17
542.73,-5.739449078111296e-14,-8.629875227865937e-17
542.74,-5.738957039464087e-14,-8.640010938493493e-17
542.75,-5.73844920781611e-14,-8.632694418028088e-17
542.76,-5.737905312310387e-14,-8.624590657287626e-17
542.77,-5.737409206482848e-14,-8.633507322605338e-17
542.78,-5.736921701103342e-14,-8.636249528997413e-17
542.79,-5.736384384942985e-14,-8.626491459469884e-17
542.8,-5.73596511218206e-14,-8.645613646294001e-17
542.81,-5.735368322427032e-14,-8.611379781270014e-17
542.82,-5.734827120219631e-14,-8.623082233409295e-17
542.83,-5.734277061152503e-14,-8.617610766271608e-17
542.84,-5.733795042870507e-14,-8.609431126869683e-17
542.85,-5.733310260221447e-14,-8.623458726008907e-17
542.86,-5.732820713963734e-14,-8.624862999966261e-17
542.87,-5.7322707157009e-14,-8.628488500349844e-17
542.88,-5.731752205546053e-14,-8.618596062487391e-17
542.89,-5.731246699493636e-14,-8.618571763947417e-17
542.9,-5.730809988337866e-14,-8.624859118624906e-17
542.91,-5.730217724260113e-14,-8.621560218681589e-17
542.92,-5.729713762399978e-14,-8.605136152784771e-17
542.93,-5.729207260729402e-14,-8.633300523137612e-17
542.94,-5.728680921934052e-14,-8.616928688278799e-17
542.95,-5.728165919416536e-14,-8.618149697831233e-17
542.96,-5.727648098826374e-14,-8.606958827909868e-17
542.97,-5.727157927330394e-14,-8.615611757054747e-17
542.98,-5.726615270169011e-14,-8.606036937516477e-17
542.99,-5.726150055399592e-14,-8.620405458602194e-17
543.0,-5.725597252851467e-14,-8.610071300428167e-17
543.01,-5.725071187800995e-14,-8.604204012026144e-17
543.02,-5.724561332798384e-14,-8.611352065178059e-17
543.03,-5.724059210677313e-14,-8.607495921755606e-17
543.04,-5.723543307635056e-14,-8.605671269170272e-17
543.05,-5.723018638557377e-14,-8.599890296040037e-17
543.06,-5.72250793069639e-14,-8.608849354950382e-17
543.07,-5.72201030724945e-14,-8.589654806754735e-17
543.08,-5.721490534155455e-14,-8.60542461813751e-17
543.09,-5.720970703546659e-14,-8.591665913858632e-17
543.1,-5.720465351774314e-14,-8.600887934879992e-17
543.11,-5.71990251651937e-14,-8.573715114717979e-17
543.12,-5.719428350410851e-14,-8.595357660845287e-17
543.13,-5.718936829267101e-14,-8.593943051963976e-17
543.14,-5.718395438288025e-14,-8.591406688971846e-17
543.15,-5.717881440871155e-14,-8.601413512520536e-17
543.16,-5.717375921531106e-14,-8.591291529500253e-17
543.17,-5.716865960087957e-14,-8.605312249182668e-17
543.18,-5.716337959715951e-14,-8.580533702530693e-17
543.19,-5.715846656493849e-14,-8.588242527246964e-17
543.2,-5.715336880317079e-14,-8.591196364328358e-17
543.21,-5.714824975043465e-14,-8.593600126885518e-17
543.22,-5.71431912000229e-14,-8.589024174600534e-17
543.23,-5.713787102402831e-14,-8.583577731090883e-17
543.24,-5.713259013368321e-14,-8.576815838695371e-17
543.25,-5.712774430535986e-14,-8.584503458367464e-17
543.26,-5.712231433561928e-14,-8.570170234550717e-17
543.27,-5.711757185249486e-14,-8.582818468930543e-17
543.28,-5.711230571003297e-14,-8.58037506374988e-17
543.29,-5.710730100227474e-14,-8.584507729616277e-17
543.3,-5.710204966018356e-14,-8.576572050323499e-17
543.31,-5.70969737630231e-14,-8.57736929288275e-17
543.32,-5.709161400123239e-14,-8.5696926268759e-17
543.33,-5.708692068091263e-14,-8.586430732510784e-17
543.34,-5.708176867622673e-14,-8.57828940123699e-17
543.35,-5.707634330507549e-14,-8.581106107086855e-17
543.36,-5.707156782994775e-14,-8.570960794864687e-17
543.37,-5.706647097202356e-14,-8.578254498957165e-17
543.38,-5.70612527453548e-14,-8.574845952249469e-17
543.39,-5.705618328404652e-14,-8.573032426290992e-17
543.4,-5.705100124520948e-14,-8.574098947154041e-17
543.41,-5.704613345647546e-14,-8.576081303963996e-17
543.42,-5.704068160721687e-14,-8.564360406385893e-17
543.43,-5.703564305938355e-14,-8.559081600479508e-17
543.44,-5.703059314075665e-14,-8.559602031202042e-17
543.45,-5.702563005424112e-14,-8.57112638357449e-17
543.46,-5.702037569828672e-14,-8.563995467169402e-17
543.47,-5.701507627747714e-14,-8.556168654417968e-17
543.48,-5.701007241416802e-14,-8.550686798314049e-17
543.49,-5.70051162622052e-14,-8.569454327395777e-17
543.5,-5.699984296375759e-14,-8.560618877773135e-17
543.51,-5.699469465476391e-14,-8.555926778089504e-17
543.52,-5.69895900997627e-14,-8.554274772885765e-17
543.53,-5.698447064692361e-14,-8.559786828419719e-17
543.54,-5.697942417847555e-14,-8.560219232882755e-17
543.55,-5.697404729749206e-14,-8.535861046375114e-17
543.56,-5.69692794225367e-14,-8.560033137952683e-17
543.57,-5.696432705929735e-14,-8.562227279837776e-17
543.58,-5.695909792591157e-14,-8.55546466485555e-17
543.59,-5.695407045140946e-14,-8.546543016115814e-17
543.6,-5.69484124135124e-14,-8.570689346970814e-17
543.61,-5.694344667107613e-14,-8.531329725151517e-17
543.62,-5.693786120727953e-14,-8.534128580699022e-17
543.63,-5.69334534392676e-14,-8.550928888955356e-17
543.64,-5.69286817935633e-14,-8.551056846243757e-17
543.65,-5.692343977456282e-14,-8.540183262454423e-17
543.66,-5.691805649508756e-14,-8.539009003750303e-17
543.67,-5.691298984202992e-14,-8.535515720424064e-17
543.68,-5.690829955445431e-14,-8.53610969533967e-17
543.69,-5.690229786274737e-14,-8.542928502520583e-17
543.7,-5.68972577261951e-14,-8.5163537927393e-17
543.71,-5.689269809337223e-14,-8.533500203378201e-17
543.72,-5.688755700176921e-14,-8.529915815173107e-17
543.73,-5.688257902777468e-14,-8.527177609607823e-17
543.74,-5.687740584055731e-14,-8.536348447511082e-17
543.75,-5.687228528027467e-14,-8.532484844174321e-17
543.76,-5.6867545333753e-14,-8.525425383784517e-17
543.77,-5.686230548197429e-14,-8.537079913825966e-17
543.78,-5.685680029676002e-14,-8.554696186716273e-17
543.79,-5.685214740566414e-14,-8.542326131567843e-17
543.8,-5.684698441885525e-14,-8.53033759599083e-17
543.81,-5.684186488321371e-14,-8.525006695988648e-17
543.82,-5.683733078801659e-14,-8.5459451006559e-17
543.83,-5.6831542540643527e-14,-8.539574420041028e-17
543.84,-5.682662456870097e-14,-8.528226272743459e-17
543.85,-5.6821409166322717e-14,-8.527597695880907e-17
543.86,-5.681649468678285e-14,-8.52686895744376e-17
543.87,-5.681054879615645e-14,-8.487640932176414e-17
543.88,-5.680638873866173e-14,-8.533631595148756e-17
543.89,-5.680113875037443e-14,-8.525958985301142e-17
543.9,-5.679606705978777e-14,-8.518630630090486e-17
543.91,-5.679118162116061e-14,-8.535865122334492e-17
543.92,-5.6785848901181104e-14,-8.513766079868161e-17
543.93,-5.678083006525917e-14,-8.516404050477206e-17
543.94,-5.677565685769135e-14,-8.522335946928355e-17
543.95,-5.677086998050192e-14,-8.512326868914908e-17
543.96,-5.676535119813298e-14,-8.51970344599018e-17
543.97,-5.676086486988707e-14,-8.517618756883362e-17
543.98,-5.675539595915978e-14,-8.511808059934627e-17
543.99,-5.675087295702068e-14,-8.551257756867388e-17
544.0,-5.674521788636172e-14,-8.512706264631415e-17
544.01,-5.6740193041617035e-14,-8.505652405391216e-17
544.02,-5.673509187878841e-14,-8.511539762330306e-17
544.03,-5.672998850746655e-14,-8.507553745718702e-17
544.04,-5.6725947862467496e-14,-8.510886175689287e-17
544.05,-5.67199384126395e-14,-8.506914862855674e-17
544.06,-5.671485260810585e-14,-8.504114379602176e-17
544.07,-5.671016315909313e-14,-8.527330262939856e-17
544.08,-5.6704686617468595e-14,-8.50432166173787e-17
544.09,-5.669954644117207e-14,-8.5104379634455e-17
544.1,-5.669429645920414e-14,-8.501325493702859e-17
544.11,-5.668941469210463e-14,-8.509438230503513e-17
544.12,-5.6684041211311914e-14,-8.498591923437812e-17
544.13,-5.668358346674423e-14,-8.455973153331138e-17
544.14,-5.667442122338847e-14,-8.50334017628594e-17
544.15,-5.6669273489663267e-14,-8.504325005868713e-17
544.16,-5.666405132952224e-14,-8.492539600848323e-17
544.17,-5.6659123295748303e-14,-8.492024440057454e-17
544.18,-5.665422592199745e-14,-8.482631267763268e-17
544.19,-5.664887292065087e-14,-8.496778725985289e-17
544.2,-5.664357466285672e-14,-8.483213449390169e-17
544.21,-5.6638723242657605e-14,-8.515377362234774e-17
544.22,-5.6637589733967695e-14,-8.788387525565525e-17
544.23,-5.662876987936547e-14,-8.497841467153857e-17
544.24,-5.662226122443814e-14,-8.400812348080356e-17
544.25,-5.66182414394679e-14,-8.475811485728135e-17
544.26,-5.661340476218075e-14,-8.481082580440077e-17
544.27,-5.660795820799936e-14,-8.493382089589878e-17
544.28,-5.6603190179635556e-14,-8.488253274462461e-17
544.29,-5.659815115751071e-14,-8.486735261140803e-17
544.3,-5.659263207158295e-14,-8.433077136450039e-17
544.31,-5.658795796151386e-14,-8.413846941323329e-17
544.32,-5.658306945608541e-14,-8.488880237350103e-17
544.33,-5.657783016625171e-14,-8.471469706515659e-17
544.34,-5.657291718644987e-14,-8.484012902021839e-17
544.35,-5.656779637890473e-14,-8.47881891310625e-17
544.36,-5.656251153726523e-14,-8.488625882705934e-17
544.37,-5.6557652812683735e-14,-8.47589264136453e-17
544.38,-5.655268069427747e-14,-8.480620315756096e-17
544.39,-5.6547451679320205e-14,-8.478179782570297e-17
544.4,-5.65431218636245e-14,-8.474494596329249e-17
544.41,-5.653730926777473e-14,-8.465212784578128e-17
544.42,-5.6532916115109345e-14,-8.483753359279574e-17
544.43,-5.6527411148776193e-14,-8.462324244048421e-17
544.44,-5.6522338624539125e-14,-8.469520823531637e-17
544.45,-5.651703654790531e-14,-8.468205965622103e-17
544.46,-5.651225930039659e-14,-8.466618919538234e-17
544.47,-5.65073912681407e-14,-8.476378698868624e-17
544.48,-5.6502122879180237e-14,-8.466143318181308e-17
544.49,-5.649721281885903e-14,-8.484141138789776e-17
544.5,-5.649183360370387e-14,-8.481080019389073e-17
544.51,-5.6487143396033504e-14,-8.462699349584862e-17
544.52,-5.648172638750496e-14,-8.465800381188536e-17
544.53,-5.647699455077781e-14,-8.488609456091743e-17
544.54,-5.6471812700943866e-14,-8.459930377270701e-17
544.55,-5.6466787809621676e-14,-8.447703292500066e-17
544.56,-5.646182657438122e-14,-8.471351958372916e-17
544.57,-5.6456604464092796e-14,-8.468558604632014e-17
544.58,-5.64515781613593e-14,-8.463036260383216e-17
544.59,-5.644675235706863e-14,-8.470070588573326e-17
544.6,-5.644125006895239e-14,-8.441774135972619e-17
544.61,-5.643655825272012e-14,-8.450425278470602e-17
544.62,-5.6431278708030275e-14,-8.452337869834085e-17
544.63,-5.642636164704261e-14,-8.448265198662613e-17
544.64,-5.64214690526452e-14,-8.45424192471634e-17
544.65,-5.641628913065159e-14,-8.459058890759751e-17
544.66,-5.6411198913689815e-14,-8.453227683206807e-17
544.67,-5.640639207239496e-14,-8.452960188574618e-17
544.68,-5.6401086968227786e-14,-8.41641445024233e-17
544.69,-5.6395889371215033e-14,-8.415068423867464e-17
544.7,-5.6390854348960117e-14,-8.439649705136265e-17
544.71,-5.638568664841305e-14,-8.443636302007895e-17
544.72,-5.6380944824278004e-14,-8.439354090154826e-17
544.73,-5.637592063698767e-14,-8.446434311191465e-17
544.74,-5.637083755891844e-14,-8.462389192939096e-17
544.75,-5.6365873355818736e-14,-8.441805875034873e-17
544.76,-5.636109620143394e-14,-8.437597594925802e-17
544.77,-5.6355834802534905e-14,-8.44982672945879e-17
544.78,-5.635184669604657e-14,-8.449720611688018e-17
544.79,-5.634569279529877e-14,-8.439761237469262e-17
544.8,-5.634053124910009e-14,-8.401535712542937e-17
544.81,-5.6335575498940756e-14,-8.438633956064422e-17
544.82,-5.633047271133774e-14,-8.437604177209329e-17
544.83,-5.6325463119610727e-14,-8.446129349134134e-17
544.84,-5.6320599363102135e-14,-8.42951626363926e-17
544.85,-5.6315604567239695e-14,-8.432472849530723e-17
544.86,-5.631035484422976e-14,-8.432868845981559e-17
544.87,-5.630588786181862e-14,-8.448018113369549e-17
544.88,-5.6300274259754016e-14,-8.428865468528695e-17
544.89,-5.629525011677003e-14,-8.423819802388052e-17
544.9,-5.6290459142129264e-14,-8.434777387096887e-17
544.91,-5.6285154925314765e-14,-8.424711830704235e-17
544.92,-5.627999586150606e-14,-8.42047043531769e-17
544.93,-5.6275483576707304e-14,-8.421642746353941e-17
544.94,-5.6270315218788713e-14,-8.426878017026236e-17
544.95,-5.62648797345869e-14,-8.411356856740743e-17
544.96,-5.6260377574839275e-14,-8.429627506184535e-17
544.97,-5.6255290186199434e-14,-8.428445839357171e-17
544.98,-5.6250013182719324e-14,-8.422175693123036e-17
544.99,-5.624498774520175e-14,-8.423846052966671e-17
545.0,-5.624004737352982e-14,-8.41622548734588e-17
545.01,-5.6235014917545245e-14,-8.406418419021948e-17
545.02,-5.6230102124956455e-14,-8.409066860338637e-17
545.03,-5.622468890830665e-14,-8.423099555736999e-17
545.04,-5.621980922722189e-14,-8.419143569977752e-17
545.05,-5.621489230750426e-14,-8.400094396363233e-17
545.06,-5.6209911448356193e-14,-8.407608594618239e-17
545.07,-5.620516246677768e-14,-8.417379775960714e-17
545.08,-5.619974452405354e-14,-8.396127797898778e-17
545.09,-5.619492697452088e-14,-8.402743664638664e-17
545.1,-5.618988657650675e-14,-8.40799887596333e-17
545.11,-5.618451737876483e-14,-8.403945910528178e-17
545.12,-5.6179462765010115e-14,-8.396326995638943e-17
545.13,-5.617478729629733e-14,-8.403894793129699e-17
545.14,-5.6169761625184846e-14,-8.417204637605345e-17
545.15,-5.61646272640145e-14,-8.396213148084766e-17
545.16,-5.615974584937782e-14,-8.405540548439536e-17
545.17,-5.615466881038973e-14,-8.407683535814049e-17
545.18,-5.614962160498997e-14,-8.405099449857702e-17
545.19,-5.6144672591812696e-14,-8.401050047500311e-17
545.2,-5.613951905874388e-14,-8.406310063598109e-17
545.21,-5.6134438893135707e-14,-8.396623709159667e-17
545.22,-5.6129574701077465e-14,-8.403320661076932e-17
545.23,-5.612471458896313e-14,-8.397902159254477e-17
545.24,-5.611947549388307e-14,-8.397586218439438e-17
545.25,-5.611475954486713e-14,-8.401635293475723e-17
545.26,-5.61096121601872e-14,-8.390353972554143e-17
545.27,-5.610451850016563e-14,-8.397123971449202e-17
545.28,-5.609950708783667e-14,-8.399278008027275e-17
545.29,-5.6094369558511855e-14,-8.39190030161981e-17
545.3,-5.608966979231097e-14,-8.394080084649604e-17
545.31,-5.6084773040325545e-14,-8.390215980411368e-17
545.32,-5.607967718364735e-14,-8.392803207165311e-17
545.33,-5.607439267464945e-14,-8.384050385564527e-17
545.34,-5.606978581409053e-14,-8.407575450311965e-17
545.35,-5.6064936308483114e-14,-8.395205290817839e-17
545.36,-5.605983009454046e-14,-8.395058375340652e-17
545.37,-5.605460316396132e-14,-8.378321941395987e-17
545.38,-5.604952468794645e-14,-8.395294132121762e-17
545.39,-5.6044453202821156e-14,-8.384868248063218e-17
545.4,-5.603968731030822e-14,-8.387800021084943e-17
545.41,-5.6034707311993674e-14,-8.39088766203922e-17
545.42,-5.602960999804257e-14,-8.388292326731993e-17
545.43,-5.6024568341973804e-14,-8.382818212101987e-17
545.44,-5.601947109497127e-14,-8.375481569741817e-17
545.45,-5.601438563656641e-14,-8.373542926275078e-17
545.46,-5.6009669603306206e-14,-8.37953072587443e-17
545.47,-5.600449790091155e-14,-8.380096712077501e-17
545.48,-5.5999643425556994e-14,-8.378721423488122e-17
545.49,-5.5994383769400656e-14,-8.365940495162412e-17
545.5,-5.598954923477894e-14,-8.381893322158162e-17
545.51,-5.5984485625891e-14,-8.386088799882174e-17
545.52,-5.5979532830755466e-14,-8.379946526101253e-17
545.53,-5.597473540401494e-14,-8.377320545939776e-17
545.54,-5.596954053121429e-14,-8.37350316529833e-17
545.55,-5.596471420171283e-14,-8.356251356658063e-17
545.56,-5.595960313642482e-14,-8.370457308318733e-17
545.57,-5.595425002934854e-14,-8.38091420624615e-17
545.58,-5.594951675120057e-14,-8.357785948768011e-17
545.59,-5.5944735370073185e-14,-8.356716644721111e-17
545.6,-5.5939430367020604e-14,-8.362295342808322e-17
545.61,-5.593424660376026e-14,-8.370284120751336e-17
545.62,-5.592950381864003e-14,-8.361922364273223e-17
545.63,-5.592472107888682e-14,-8.363782961463168e-17
545.64,-5.592007609503565e-14,-8.365125182603476e-17
545.65,-5.59146178097818e-14,-8.356638893419047e-17
545.66,-5.591084639434955e-14,-8.263842748418181e-17
545.67,-5.59040924869648e-14,-8.379963552775612e-17
545.68,-5.589919919530882e-14,-8.35722196542044e-17
545.69,-5.5894681034072996e-14,-8.358788126803789e-17
545.7,-5.588929307332685e-14,-8.36230568235319e-17
545.71,-5.5884619745045556e-14,-8.354826837081384e-17
545.72,-5.58796857722942e-14,-8.354074780882727e-17
545.73,-5.587532597561127e-14,-8.355253014425948e-17
545.74,-5.586977027241684e-14,-8.341463498900534e-17
545.75,-5.58649896100649e-14,-8.378051338891839e-17
545.76,-5.585985578003651e-14,-8.36314710811409e-17
545.77,-5.5854579167235696e-14,-8.35054545900652e-17
545.78,-5.584983959763635e-14,-8.344679125724403e-17
545.79,-5.5844721804267246e-14,-8.340536765687196e-17
545.8,-5.583981297205998e-14,-8.355366631750809e-17
545.81,-5.583471639314612e-14,-8.346372952896978e-17
545.82,-5.582978254349889e-14,-8.3487570582308e-17
545.83,-5.582521446431415e-14,-8.350493442702638e-17
545.84,-5.582004008118752e-14,-8.320414602184497e-17
545.85,-5.5814852693414505e-14,-8.347564064523941e-17
545.86,-5.5809516463668645e-14,-8.332364816547379e-17
545.87,-5.580489520471673e-14,-8.335567095916178e-17
545.88,-5.5799951932765835e-14,-8.34255336655389e-17
545.89,-5.5795051291008397e-14,-8.337136997011935e-17
545.9,-5.5789680519065353e-14,-8.329041376433892e-17
545.91,-5.578519111181559e-14,-8.33856977755297e-17
545.92,-5.578001135717969e-14,-8.33226918840234e-17
545.93,-5.577501457099634e-14,-8.342835956227524e-17
545.94,-5.5770243752164906e-14,-8.329335703194894e-17
545.95,-5.576485583829572e-14,-8.334931096870173e-17
545.96,-5.5760193437717324e-14,-8.334861081249428e-17
545.97,-5.575526574138187e-14,-8.340368649826234e-17
545.98,-5.5750437178025073e-14,-8.338271188455851e-17
545.99,-5.574510278455293e-14,-8.326868994220774e-17
546.0,-5.574046280876191e-14,-8.329190137971569e-17
546.01,-5.573537974680937e-14,-8.339831362073382e-17
546.02,-5.5730243075392226e-14,-8.326924403879389e-17
546.03,-5.572556344427345e-14,-8.320266603360419e-17
546.04,-5.572070949502387e-14,-8.3655034543986e-17
546.05,-5.5715627313580445e-14,-8.32296678521398e-17
546.06,-5.57104097698706e-14,-8.323448293753829e-17
546.07,-5.570542824555099e-14,-8.325077485322959e-17
546.08,-5.570005278973609e-14,-8.303745531378726e-17
546.09,-5.569560274010392e-14,-8.321441927441219e-17
546.1,-5.569048724521301e-14,-8.315695970152e-17
546.11,-5.5686139254661126e-14,-8.341230489178547e-17
546.12,-5.568045781773864e-14,-8.324141399320125e-17
546.13,-5.5677999954983504e-14,-8.462366503871606e-17
546.14,-5.5672008112964934e-14,-8.354510957496705e-17
546.15,-5.566593162956267e-14,-8.317611784502102e-17
546.16,-5.5660792137863234e-14,-8.31852452823022e-17
546.17,-5.5655325411557925e-14,-8.273971097803016e-17
546.18,-5.5650843513170693e-14,-8.315048187243426e-17
546.19,-5.5646264335184334e-14,-8.324121820244158e-17
546.2,-5.564004386639772e-14,-8.350358702851744e-17
546.21,-5.563610600483953e-14,-8.314932043873265e-17
546.22,-5.56346095306961e-14,-8.204278991664956e-17
546.23,-5.56263249602688e-14,-8.30367880696557e-17
546.24,-5.562113122172596e-14,-8.302789175217028e-17
546.25,-5.561627623865408e-14,-8.309697552581445e-17
546.26,-5.561094627386497e-14,-8.326331208620723e-17
546.27,-5.560641667437425e-14,-8.305636150784799e-17
546.28,-5.5601175165930095e-14,-8.308362870819314e-17
546.29,-5.5596471305082756e-14,-8.304032441841026e-17
546.3,-5.55914101756041e-14,-8.314161841436477e-17
546.31,-5.5585184187762106e-14,-8.289403216294979e-17
546.32,-5.558138759328817e-14,-8.290220035573664e-17
546.33,-5.557661268304863e-14,-8.306621475015678e-17
546.34,-5.557174806258978e-14,-8.306761475990859e-17
546.35,-5.556657326032593e-14,-8.295748708206024e-17
546.36,-5.5561874337026385e-14,-8.30696900498325e-17
546.37,-5.5556674752948086e-14,-8.29475002174896e-17
546.38,-5.555199681239177e-14,-8.300171904616882e-17
546.39,-5.554688501827104e-14,-8.297920896433042e-17
546.4,-5.554171277050844e-14,-8.293463275512948e-17
546.41,-5.5537038376444505e-14,-8.298778069415746e-17
546.42,-5.553201504613292e-14,-8.290583042275189e-17
546.43,-5.552712714398323e-14,-8.28996125375456e-17
546.44,-5.5522297233455777e-14,-8.293461181042295e-17
546.45,-5.551683946852636e-14,-8.290677650410097e-17
546.46,-5.551214052795098e-14,-8.289420302896364e-17
546.47,-5.550677932251608e-14,-8.297259376227762e-17
546.48,-5.5502595321138254e-14,-8.295188911996157e-17
546.49,-5.549731571385854e-14,-8.275247345421607e-17
546.5,-5.5492410662141243e-14,-8.283876496556986e-17
546.51,-5.54877571385105e-14,-8.290975052499207e-17
546.52,-5.5482836980011017e-14,-8.285773899565588e-17
546.53,-5.5477749064290235e-14,-8.279140953886339e-17
546.54,-5.5472824508935335e-14,-8.286411754295687e-17
546.55,-5.546779974617326e-14,-8.287650340305556e-17
546.56,-5.546286101155574e-14,-8.280183863922074e-17
546.57,-5.545831578811133e-14,-8.285221896331069e-17
546.58,-5.5452844788143066e-14,-8.263641662660709e-17
546.59,-5.5447877011139224e-14,-8.280476641940682e-17
546.6,-5.5443295076682204e-14,-8.288404514132081e-17
546.61,-5.543825742328743e-14,-8.283705352524904e-17
546.62,-5.543304659598193e-14,-8.280024850939634e-17
546.63,-5.542816447938339e-14,-8.274160141743136e-17
546.64,-5.542320906616629e-14,-8.273035322599228e-17
546.65,-5.5419023717687594e-14,-8.265782836242118e-17
546.66,-5.541074723620821e-14,-8.279592367131213e-17
546.67,-5.5408719874425244e-14,-8.274875786085414e-17
546.68,-5.540394141275351e-14,-8.264574016270865e-17
546.69,-5.53983227588133e-14,-8.268826565509466e-17
546.7,-5.53938590249627e-14,-8.26516211330881e-17
546.71,-5.538891824085544e-14,-8.27159717558767e-17
546.72,-5.5383805113612394e-14,-8.274846339574227e-17
546.73,-5.5379044477072274e-14,-8.268784860603704e-17
546.74,-5.5373708145014826e-14,-8.268170896285775e-17
546.75,-5.5370656723694517e-14,-8.279496928404026e-17
546.76,-5.5364321391963055e-14,-8.269082029264404e-17
546.77,-5.535915007227742e-14,-8.263952303369931e-17
546.78,-5.535421838687573e-14,-8.258406269672507e-17
546.79,-5.534952620551898e-14,-8.265669164769661e-17
546.8,-5.534456929553861e-14,-8.26737020560544e-17
546.81,-5.533975519222238e-14,-8.266210715635365e-17
546.82,-5.533450640768426e-14,-8.258976199224029e-17
546.83,-5.532978762299789e-14,-8.263683054516213e-17
546.84,-5.532473607540922e-14,-8.273529120036931e-17
546.85,-5.53199690833101e-14,-8.253319755930143e-17
546.86,-5.531493903739138e-14,-8.270555267433877e-17
546.87,-5.5309621551521176e-14,-8.239114188397505e-17
546.88,-5.530474137697177e-14,-8.258477574527393e-17
546.89,-5.530022784064069e-14,-8.258575706956008e-17
546.9,-5.529553569439237e-14,-8.265918208236257e-17
546.91,-5.5290115146916845e-14,-8.246627001932707e-17
546.92,-5.528579756707721e-14,-8.27245729332813e-17
546.93,-5.528004811570999e-14,-8.247165328600615e-17
546.94,-5.527575302081225e-14,-8.253818277386938e-17
546.95,-5.5270361031710857e-14,-8.242455407761907e-17
546.96,-5.526564283363116e-14,-8.247369315039459e-17
546.97,-5.5260568698500474e-14,-8.253622761301587e-17
546.98,-5.525578018450325e-14,-8.247345898343064e-17
546.99,-5.525101791994103e-14,-8.243561431725914e-17
547.0,-5.524590064000595e-14,-8.24349137029101e-17
547.01,-5.524070618067082e-14,-8.246930776244791e-17
547.02,-5.523598979474546e-14,-8.241584428063514e-17
547.03,-5.5231231004023867e-14,-8.239805592994647e-17
547.04,-5.5226453516469995e-14,-8.243160386804848e-17
547.05,-5.522145147947639e-14,-8.243053660758957e-17
547.06,-5.521628319948079e-14,-8.239838066729074e-17
547.07,-5.5211543042038176e-14,-8.246224230976352e-17
547.08,-5.520667428931365e-14,-8.239638799201308e-17
547.09,-5.520154813233112e-14,-8.213884723056605e-17
547.1,-5.519698324802507e-14,-8.237902902005184e-17
547.11,-5.519164994171633e-14,-8.220333339125397e-17
547.12,-5.5187106495032924e-14,-8.240629222153176e-17
547.13,-5.518216862689256e-14,-8.236693859532463e-17
547.14,-5.5177113576309264e-14,-8.221305996359957e-17
547.15,-5.517211785005826e-14,-8.231338511804657e-17
547.16,-5.516734706793341e-14,-8.229520759950752e-17
547.17,-5.516269942113441e-14,-8.229077126160783e-17
547.18,-5.515729256532143e-14,-8.222082790519567e-17
547.19,-5.515270101424578e-14,-8.227989573596954e-17
547.2,-5.514799263722092e-14,-8.227463325766349e-17
547.21,-5.5142572915937653e-14,-8.226064682711472e-17
547.22,-5.5138140363144165e-14,-8.231819982916446e-17
547.23,-5.5132972409950466e-14,-8.222255236160883e-17
547.24,-5.512804690943725e-14,-8.220034826411542e-17
547.25,-5.5123125932320393e-14,-8.223260912213048e-17
547.26,-5.511840188686507e-14,-8.224956019101481e-17
547.27,-5.5113452668466293e-14,-8.223489434793577e-17
547.28,-5.510895107263292e-14,-8.222206721493762e-17
547.29,-5.5103652368550254e-14,-8.223443119377251e-17
547.3,-5.5098711045062466e-14,-8.222937464787487e-17
547.31,-5.5093915314278e-14,-8.219343592314163e-17
547.32,-5.508919156728341e-14,-8.217370380918807e-17
547.33,-5.5084077184384494e-14,-8.21786718525301e-17
547.34,-5.507919340135257e-14,-8.22793610522119e-17
547.35,-5.507412250834706e-14,-8.215781162625029e-17
547.36,-5.506934676325664e-14,-8.2171161884278e-17
547.37,-5.506474873163838e-14,-8.224862553160961e-17
547.38,-5.5059386607814094e-14,-8.212389929641098e-17
547.39,-5.505463406086101e-14,-8.213442193559022e-17
547.4,-5.504973387659504e-14,-8.220781322430034e-17
547.41,-5.5044557019400726e-14,-8.199981565311339e-17
547.42,-5.5039710483413224e-14,-8.200527048796026e-17
547.43,-5.503491157562587e-14,-8.20626313306807e-17
547.44,-5.502994594340486e-14,-8.204358296870089e-17
547.45,-5.5025470306378747e-14,-8.202673405209536e-17
547.46,-5.502013813172431e-14,-8.203196693221643e-17
547.47,-5.50154538797037e-14,-8.209515663921404e-17
547.48,-5.501051824270972e-14,-8.200469653580706e-17
547.49,-5.500613524936757e-14,-8.206582781696752e-17
547.5,-5.500112985288438e-14,-8.204344840645885e-17
547.51,-5.499636894197664e-14,-8.215857484986095e-17
547.52,-5.4990993183035154e-14,-8.199205884646439e-17
547.53,-5.498587630748146e-14,-8.193328155987391e-17
547.54,-5.497990388970176e-14,-8.181161643446555e-17
547.55,-5.4977032533944165e-14,-8.216029999598784e-17
547.56,-5.49713742331258e-14,-8.196751938206959e-17
547.57,-5.496650155495482e-14,-8.191038398161204e-17
547.58,-5.496164930379248e-14,-8.196851927491353e-17
547.59,-5.4956808053391836e-14,-8.198650393019138e-17
547.6,-5.495200992903443e-14,-8.195651218048131e-17
547.61,-5.494708169483181e-14,-8.188745693628843e-17
547.62,-5.494190167191925e-14,-8.206904367250675e-17
547.63,-5.4940233965063805e-14,-8.261330534122126e-17
547.64,-5.493140509310432e-14,-8.155326535034563e-17
547.65,-5.4927404397396285e-14,-8.18375768670103e-17
547.66,-5.4922754522863525e-14,-8.193928136757508e-17
547.67,-5.4917263385351315e-14,-8.181101052654123e-17
547.68,-5.491300653431453e-14,-8.170497090761616e-17
547.69,-5.4907926999383935e-14,-8.185489796738126e-17
547.7,-5.490342758033185e-14,-8.187116387524316e-17
547.71,-5.489791214982463e-14,-8.182810973327191e-17
547.72,-5.489366964153854e-14,-8.181901961741615e-17
547.73,-5.488856687330712e-14,-8.182048700742134e-17
547.74,-5.488368434814979e-14,-8.178022508825267e-17
547.75,-5.487882565856622e-14,-8.181701237705364e-17
547.76,-5.4873989489096777e-14,-8.190810339198904e-17
547.77,-5.4868776559990764e-14,-8.176267427107876e-17
547.78,-5.486411645355356e-14,-8.176739437714235e-17
547.79,-5.485918066225954e-14,-8.177038070479618e-17
547.8,-5.485428920964789e-14,-8.187719187800488e-17
547.81,-5.484936592711342e-14,-8.17174260018619e-17
547.82,-5.4844781956610454e-14,-8.18687589669239e-17
547.83,-5.483970504201099e-14,-8.170623888859627e-17
547.84,-5.483517782703552e-14,-8.180274299641336e-17
547.85,-5.482994248820637e-14,-8.169684621497868e-17
547.86,-5.4824920027388037e-14,-8.173180798712346e-17
547.87,-5.4820352027041615e-14,-8.175300833864416e-17
547.88,-5.4815133624140134e-14,-8.166751660612411e-17
547.89,-5.481066236720279e-14,-8.194159978547554e-17
547.9,-5.480509095373998e-14,-8.170674037578266e-17
547.91,-5.480065155911481e-14,-8.171138590784828e-17
547.92,-5.479533666176292e-14,-8.156016413124978e-17
547.93,-5.4791168237407434e-14,-8.171149562446608e-17
547.94,-5.478619901133658e-14,-8.166080151222102e-17
547.95,-5.47815144225904e-14,-8.166024060077867e-17
547.96,-5.477640019813542e-14,-8.162359141257365e-17
547.97,-5.477163896046029e-14,-8.169641561072249e-17
547.98,-5.4767483741824596e-14,-8.18057019776218e-17
547.99,-5.476156782190594e-14,-8.155126268389501e-17
548.0,-5.4756873613156704e-14,-8.16434291891185e-17
548.01,-5.4751670105805997e-14,-8.15102607297945e-17
548.02,-5.474717795876492e-14,-8.161203438446319e-17
548.03,-5.47421396955894e-14,-8.141561269931091e-17
548.04,-5.47374699537103e-14,-8.155346331912096e-17
548.05,-5.473284319166622e-14,-8.168218348555104e-17
548.06,-5.4727852773662155e-14,-8.14629657557929e-17
548.07,-5.472085705250695e-14,-8.321122795683145e-17
548.08,-5.471802744506459e-14,-8.155796540165589e-17
548.09,-5.4712788497337084e-14,-8.151021098364803e-17
548.1,-5.470833895696099e-14,-8.156751437383281e-17
548.11,-5.470341051927789e-14,-8.159221188944183e-17
548.12,-5.469892142950329e-14,-8.19244752157366e-17
548.13,-5.4693726893013986e-14,-8.149930622646967e-17
548.14,-5.4688902472053394e-14,-8.157916005576458e-17
548.15,-5.4684641132389355e-14,-8.093464779936027e-17
548.16,-5.467848013683824e-14,-8.039788902376981e-17
548.17,-5.467426349622943e-14,-8.142035632554769e-17
548.18,-5.4669559147332704e-14,-8.158660057501703e-17
548.19,-5.466445730753041e-14,-8.146331809366685e-17
548.2,-5.465997350764594e-14,-8.14580335396501e-17
548.21,-5.46546395208631e-14,-8.133505385948239e-17
548.22,-5.465006345478669e-14,-8.144680725040715e-17
548.23,-5.464506523111582e-14,-8.137511802959938e-17
548.24,-5.464124689674271e-14,-8.171438488560775e-17
548.25,-5.463534833143694e-14,-8.171284951950182e-17
548.26,-5.4631202515068756e-14,-8.160910200732648e-17
548.27,-5.462603254106006e-14,-8.139983733444894e-17
548.28,-5.46208745296292e-14,-8.129519976650712e-17
548.29,-5.461598000745741e-14,-8.135082321294738e-17
548.3,-5.4611391344968927e-14,-8.138392011894411e-17
548.31,-5.460662585790053e-14,-8.138914143112157e-17
548.32,-5.460134891845393e-14,-8.13137941029266e-17
548.33,-5.459684584652444e-14,-8.126454336103386e-17
548.34,-5.459122858831719e-14,-8.149904316525263e-17
548.35,-5.4587389943896207e-14,-8.134510022374442e-17
548.36,-5.4582049173916626e-14,-8.131442622892519e-17
548.37,-5.457728129900526e-14,-8.141503295996049e-17
548.38,-5.457230465531596e-14,-8.118128357508471e-17
548.39,-5.456752024824716e-14,-8.145768144559172e-17
548.4,-5.456272681882432e-14,-8.126903849127009e-17
548.41,-5.455820752449499e-14,-8.126149782687294e-17
548.42,-5.455285276703489e-14,-8.11283556869936e-17
548.43,-5.454824464344081e-14,-8.119151627659159e-17
548.44,-5.4543153425344246e-14,-8.110345213102324e-17
548.45,-5.453887574174498e-14,-8.124771972936823e-17
548.46,-5.453354313840545e-14,-8.117381180057017e-17
548.47,-5.4528307221091835e-14,-8.100170295138436e-17
548.48,-5.452399480777861e-14,-8.119969391525757e-17
548.49,-5.4519522996744354e-14,-8.128113497636801e-17
548.5,-5.4514421463710816e-14,-8.115771174641613e-17
548.51,-5.4509761393143005e-14,-8.133014876545362e-17
548.52,-5.4504612741049463e-14,-8.12069217129171e-17
548.53,-5.4499979177101184e-14,-8.117994492168257e-17
548.54,-5.449452059581723e-14,-8.124543740789102e-17
548.55,-5.4490252429298346e-14,-8.121035069105478e-17
548.56,-5.4485133555441074e-14,-8.106622285327912e-17
548.57,-5.44805280016923e-14,-8.115717273269381e-17
548.58,-5.447572407176716e-14,-8.114616498344203e-17
548.59,-5.447069593895888e-14,-8.11046630899628e-17
548.6,-5.446603856134415e-14,-8.110265300122343e-17
548.61,-5.4461212408163106e-14,-8.106202401821978e-17
548.62,-5.445712995142447e-14,-8.140342329980648e-17
548.63,-5.444918458199965e-14,-7.978893104968928e-17
548.64,-5.444685511492567e-14,-8.111337120222319e-17
548.65,-5.444227412670609e-14,-8.126554722351671e-17
548.66,-5.443712520305595e-14,-8.104739443612636e-17
548.67,-5.44320754429629e-14,-8.093875160769073e-17
548.68,-5.4427548737225725e-14,-8.102495846922275e-17
548.69,-5.4422656875471514e-14,-8.104374808375724e-17
548.7,-5.441791701569342e-14,-8.106884526998105e-17
548.71,-5.441294403261707e-14,-8.096107057918613e-17
548.72,-5.4408862572646414e-14,-8.131055150863783e-17
548.73,-5.4403304319793765e-14,-8.099981102196979e-17
548.74,-5.439908772739005e-14,-8.12506743312433e-17
548.75,-5.4393558782504566e-14,-8.094958468966992e-17
548.76,-5.438887162315493e-14,-8.107196794149479e-17
548.77,-5.438402460390507e-14,-8.099981294103015e-17
548.78,-5.4379199373425166e-14,-8.087482323426179e-17
548.79,-5.437441973233614e-14,-8.095517106671052e-17
548.8,-5.4369538919918205e-14,-8.100584836397425e-17
548.81,-5.4364364379896055e-14,-8.08913634014798e-17
548.82,-5.435983498628426e-14,-8.090198215534255e-17
548.83,-5.4355347393100464e-14,-8.091865350719319e-17
548.84,-5.4349999150541675e-14,-8.086109399624158e-17
548.85,-5.4345230325418853e-14,-8.08395603161685e-17
548.86,-5.434075170536852e-14,-8.089227524240567e-17
548.87,-5.4335878463920865e-14,-8.101903503438353e-17
548.88,-5.433063987423515e-14,-8.086362510321744e-17
548.89,-5.4326249288674107e-14,-8.088269925791075e-17
548.9,-5.4321009052907396e-14,-8.081768920243643e-17
548.91,-5.431673641329409e-14,-8.09420209739048e-17
548.92,-5.431170290700965e-14,-8.081055078161936e-17
548.93,-5.430706804080738e-14,-8.096979763415327e-17
548.94,-5.430159670998963e-14,-8.086021885258903e-17
548.95,-5.429733865736756e-14,-8.091898807404437e-17
548.96,-5.429239109205222e-14,-8.088856331786268e-17
548.97,-5.428758702078794e-14,-8.068305649256199e-17
548.98,-5.428262918033132e-14,-8.07095314090329e-17
548.99,-5.427827431549105e-14,-8.091160233141205e-17
549.0,-5.427311068486006e-14,-8.080419193848805e-17
549.01,-5.4268458174506987e-14,-8.085397920644692e-17
549.02,-5.426354359482414e-14,-8.077898808123486e-17
549.03,-5.4258854413351047e-14,-8.083706446266171e-17
549.04,-5.425384174556747e-14,-8.075214377757184e-17
549.05,-5.424881692384216e-14,-8.064559536963125e-17
549.06,-5.424416431092219e-14,-8.06992789322654e-17
549.07,-5.423951121691495e-14,-8.072954205332809e-17
549.08,-5.4234738806697996e-14,-8.062772231474941e-17
549.09,-5.423004001694646e-14,-8.075901693848715e-17
549.1,-5.422520903861611e-14,-8.070187980196258e-17
549.11,-5.4220073403658845e-14,-8.06564449282516e-17
549.12,-5.4215381222652217e-14,-8.057904385634759e-17
549.13,-5.421046205109768e-14,-8.065343741049584e-17
549.14,-5.4205934410507006e-14,-8.066910277911563e-17
549.15,-5.4200988746733844e-14,-8.046175549423876e-17
549.16,-5.4196167778223003e-14,-8.059368662265023e-17
549.17,-5.4191535634370646e-14,-8.058399909265732e-17
549.18,-5.418679052666044e-14,-8.060929033778656e-17
549.19,-5.4181852593314653e-14,-8.062060337535043e-17
549.2,-5.4177140373233066e-14,-8.064788683801071e-17
549.21,-5.417224647666981e-14,-8.053809615950843e-17
549.22,-5.416709923925713e-14,-8.053449358901945e-17
549.23,-5.4162587185879485e-14,-8.050507607042871e-17
549.24,-5.4157801562753754e-14,-8.055712905473336e-17
549.25,-5.415309921416732e-14,-8.060892424065669e-17
549.26,-5.414785100609484e-14,-8.047470694290523e-17
549.27,-5.4143471258984017e-14,-8.046273763778213e-17
549.28,-5.413866127225553e-14,-8.049426313167157e-17
549.29,-5.413429105162729e-14,-8.052004795801675e-17
549.3,-5.412904149879291e-14,-8.055281124096032e-17
549.31,-5.412405655537231e-14,-8.053573079828752e-17
549.32,-5.411923357767681e-14,-8.041076731064663e-17
549.33,-5.411459563378077e-14,-8.049135137538268e-17
549.34,-5.410984187564941e-14,-8.056229258788342e-17
549.35,-5.4104798605884794e-14,-8.040071887052924e-17
549.36,-5.410024516605412e-14,-8.044133645831392e-17
549.37,-5.4095236911875386e-14,-8.048378838908957e-17
549.38,-5.4090689837297055e-14,-8.029987098350099e-17
549.39,-5.408598329625478e-14,-8.04110723210458e-17
549.4,-5.408103978248444e-14,-8.040356690682647e-17
549.41,-5.407626568526041e-14,-8.043241178752478e-17
549.42,-5.40715650799284e-14,-8.023904148863403e-17
549.43,-5.40668053713005e-14,-8.050657266050968e-17
549.44,-5.4061890697233713e-14,-8.034220807542517e-17
549.45,-5.405714374726058e-14,-8.022226575962157e-17
549.46,-5.4052324952838145e-14,-8.030449286150547e-17
549.47,-5.404758144958235e-14,-8.037796620034713e-17
549.48,-5.4042821606815953e-14,-8.036267498372367e-17
549.49,-5.403825138549265e-14,-8.057475839421687e-17
549.5,-5.4033132400623505e-14,-8.032856742895588e-17
549.51,-5.402813876583513e-14,-8.015000784857476e-17
549.52,-5.402352243736052e-14,-8.032161012085806e-17
549.53,-5.401897389083766e-14,-8.040872898471871e-17
549.54,-5.401398590836809e-14,-8.026315585489737e-17
549.55,-5.400892553415092e-14,-8.013375151271261e-17
549.56,-5.400447830809527e-14,-8.027450190419606e-17
549.57,-5.3999318703305444e-14,-8.030938092017101e-17
549.58,-5.399423281013635e-14,-8.035026414477105e-17
549.59,-5.39900750856008e-14,-8.028693144888566e-17
549.6,-5.3986708535013467e-14,-8.154242015025798e-17
549.61,-5.3980173038592553e-14,-7.989012660918293e-17
549.62,-5.3976067179881783e-14,-8.018121514732921e-17
549.63,-5.3970979650244043e-14,-8.023244280258571e-17
549.64,-5.3966188339055176e-14,-7.9978829047757e-17
549.65,-5.396125913733339e-14,-8.023638535758184e-17
549.66,-5.3956554848932423e-14,-8.020546958340745e-17
549.67,-5.395181319325549e-14,-8.016900862372952e-17
549.68,-5.394727217885185e-14,-8.029290941165839e-17
549.69,-5.394267014628633e-14,-7.997656304046498e-17
549.7,-5.39375039627154e-14,-8.007858435752717e-17
549.71,-5.3932854571615334e-14,-8.0215254212825e-17
549.72,-5.392779682983796e-14,-8.003180161716026e-17
549.73,-5.392322525083923e-14,-8.021193012607362e-17
549.74,-5.3918644202063253e-14,-8.007877711165063e-17
549.75,-5.391361819841331e-14,-8.015284005041896e-17
549.76,-5.390885975019755e-14,-8.002424829094063e-17
549.77,-5.390413460649688e-14,-8.012405382632614e-17
549.78,-5.389955386568371e-14,-8.022784715318748e-17
549.79,-5.389454377898185e-14,-8.017741882625883e-17
549.8,-5.388996371526097e-14,-7.996821152903345e-17
549.81,-5.3885067062836504e-14,-8.007606791858635e-17
549.82,-5.388036124216497e-14,-8.003677346294587e-17
549.83,-5.3875404797674224e-14,-8.009055938718215e-17
549.84,-5.3871321246026365e-14,-8.013749825114569e-17
549.85,-5.386622329230988e-14,-7.999131331838154e-17
549.86,-5.386126314761228e-14,-8.009695396285643e-17
549.87,-5.385610087155839e-14,-7.989676680878392e-17
549.88,-5.3851111696825874e-14,-8.011204097550278e-17
549.89,-5.384674407457011e-14,-7.984721337458314e-17
549.9,-5.384207023357707e-14,-7.998923120004149e-17
549.91,-5.383742186712037e-14,-7.992424043877912e-17
549.92,-5.3832685641890905e-14,-7.991972540229061e-17
549.93,-5.3828082901624754e-14,-8.001079253080285e-17
549.94,-5.382324349490232e-14,-8.000517951914775e-17
549.95,-5.381839577308462e-14,-7.988469760720275e-17
549.96,-5.38132092400713e-14,-7.988967276516778e-17
549.97,-5.380857003210195e-14,-8.003103148772333e-17
549.98,-5.380416990727755e-14,-7.957525263398154e-17
549.99,-5.379929529331004e-14,-8.009853480096372e-17
550.0,-5.379471561348667e-14,-7.987328678932107e-17
550.01,-5.378962237324848e-14,-7.988571994990634e-17
550.02,-5.3784694711249595e-14,-7.993664724937695e-17
550.03,-5.3780492566018787e-14,-7.998891839188808e-17
550.04,-5.3775378540398054e-14,-7.985023453745438e-17
550.05,-5.377030885739732e-14,-7.916401897588775e-17
550.06,-5.376583931689543e-14,-7.984833136105862e-17
550.07,-5.376041625029878e-14,-7.949585912126828e-17
550.08,-5.375449403344322e-14,-7.968486170541927e-17
550.09,-5.375157185529694e-14,-7.98363996556688e-17
550.1,-5.37469603124869e-14,-7.983097409067213e-17
550.11,-5.3742254531415263e-14,-7.997020477804131e-17
550.12,-5.3737594034736263e-14,-7.980339043376035e-17
550.13,-5.373276966351021e-14,-7.983504750604721e-17
550.14,-5.3727376682125804e-14,-7.969384386665926e-17
550.15,-5.3723188549343326e-14,-7.983142098317848e-17
550.16,-5.372498927851055e-14,-8.060149956059666e-17
550.17,-5.3713624108337243e-14,-7.979711349239115e-17
550.18,-5.3708677808864087e-14,-7.965704960870841e-17
550.19,-5.370405169122357e-14,-7.977743400047575e-17
550.2,-5.369939035736302e-14,-7.945519011749001e-17
550.21,-5.3694642765755094e-14,-7.977587938978987e-17
550.22,-5.368984611277789e-14,-7.959490894998816e-17
550.23,-5.368531404989122e-14,-7.975211304749714e-17
550.24,-5.368056447308437e-14,-7.963521070930783e-17
550.25,-5.367682811860559e-14,-7.934826518403734e-17
550.26,-5.367081162586688e-14,-7.986666611774221e-17
550.27,-5.366610153464088e-14,-7.967127610927025e-17
550.28,-5.3661396017051484e-14,-7.974509600537115e-17
550.29,-5.3656706129275094e-14,-7.971736419771134e-17
550.3,-5.365167448732522e-14,-7.951953872169094e-17
550.31,-5.364713832397012e-14,-7.96705433042867e-17
550.32,-5.364298119338463e-14,-7.965210865562113e-17
550.33,-5.363785389553394e-14,-7.961860897457374e-17
550.34,-5.3633441492360175e-14,-7.957630095805289e-17
550.35,-5.362792023005766e-14,-7.952407638800447e-17
550.36,-5.362348496710141e-14,-7.964232472934561e-17
550.37,-5.3618734765808045e-14,-7.964906810717294e-17
550.38,-5.361412962753091e-14,-7.967355934439765e-17
550.39,-5.3609178805812536e-14,-7.94486232409498e-17
550.4,-5.360472102169814e-14,-7.961149083784409e-17
550.41,-5.359985200037641e-14,-7.955024366292165e-17
550.42,-5.3594621811040995e-14,-7.964377112448566e-17
550.43,-5.359142514865932e-14,-7.975113633029866e-17
550.44,-5.358562007499559e-14,-7.953372906698203e-17
550.45,-5.358077934712603e-14,-7.95665867401273e-17
550.46,-5.3575985472997175e-14,-7.958663803224552e-17
550.47,-5.357117906572813e-14,-7.95599309314579e-17
550.48,-5.356645751422747e-14,-7.948984316657727e-17
550.49,-5.356186926812711e-14,-7.961010777985787e-17
550.5,-5.355695157577022e-14,-7.957820115257878e-17
550.51,-5.355206991082609e-14,-7.963404161529445e-17
550.52,-5.354813406659751e-14,-7.951023344108375e-17
550.53,-5.354317661330203e-14,-7.937170963946908e-17
550.54,-5.3538166269298004e-14,-7.943499646247922e-17
550.55,-5.353328829065435e-14,-7.949980247630075e-17
550.56,-5.352895449413955e-14,-7.938388684398153e-17
550.57,-5.352391925018199e-14,-7.941559159511672e-17
550.58,-5.3519288845073376e-14,-7.939921667088277e-17
550.59,-5.35145215159328e-14,-7.968709916825194e-17
550.6,-5.351008331267756e-14,-7.85804792907853e-17
550.61,-5.350531783066474e-14,-7.94897444162631e-17
550.62,-5.350045038016115e-14,-7.96400405475239e-17
550.63,-5.349539245258499e-14,-7.935462963097759e-17
550.64,-5.349075694175811e-14,-7.933203091164242e-17
550.65,-5.348603306266291e-14,-7.935762644586114e-17
550.66,-5.348136920034018e-14,-7.942614694468423e-17
550.67,-5.3476620223270904e-14,-7.935907121222883e-17
550.68,-5.347194497011412e-14,-7.933097863294022e-17
550.69,-5.346622215442573e-14,-7.955247002766915e-17
550.7,-5.3462786521621245e-14,-7.940815426560929e-17
550.71,-5.3457791293287453e-14,-7.93211580841685e-17
550.72,-5.345305589886507e-14,-7.926901494273252e-17
550.73,-5.344813699015339e-14,-7.929741888966151e-17
550.74,-5.3443634912423236e-14,-7.931728846307609e-17
550.75,-5.343857542227438e-14,-7.935648484837404e-17
550.76,-5.343403284198288e-14,-7.904605032235403e-17
550.77,-5.342964399005636e-14,-7.924563420373792e-17
550.78,-5.342442428633429e-14,-7.923093684920612e-17
550.79,-5.341976117559217e-14,-7.925058563786738e-17
550.8,-5.341532046841116e-14,-7.917594848627907e-17
550.81,-5.341065572092435e-14,-7.919865651451235e-17
550.82,-5.340601848000234e-14,-7.920456817787724e-17
550.83,-5.3401107988639476e-14,-7.919416963793391e-17
550.84,-5.339614959901176e-14,-7.921617500848031e-17
550.85,-5.3391797481337446e-14,-7.920155068856437e-17
550.86,-5.3386255569213913e-14,-7.900263555830825e-17
550.87,-5.3382281620478685e-14,-7.916619460987931e-17
550.88,-5.337722675684073e-14,-7.915089654259086e-17
550.89,-5.337271498282204e-14,-7.911601685467493e-17
550.9,-5.336801476119683e-14,-7.914095991192949e-17
550.91,-5.336310518885583e-14,-7.922861365873407e-17
550.92,-5.335845788287885e-14,-7.904281838170041e-17
550.93,-5.335421104302377e-14,-7.925260312914805e-17
550.94,-5.334934678518939e-14,-7.913493954156973e-17
550.95,-5.3344497428078886e-14,-7.903474337517706e-17
550.96,-5.333996633981333e-14,-7.911319186698104e-17
550.97,-5.333471880609843e-14,-7.90541971596867e-17
550.98,-5.3330205528949115e-14,-7.908755471546957e-17
550.99,-5.3325838612331754e-14,-7.910531371034067e-17
551.0,-5.332099109724217e-14,-7.902381821898092e-17
551.01,-5.3316083900542776e-14,-7.897710514970701e-17
551.02,-5.3311848689336154e-14,-7.903543492016563e-17
551.03,-5.330666197999733e-14,-7.915824158144895e-17
551.04,-5.330227963072944e-14,-7.906789010907483e-17
551.05,-5.329709598581411e-14,-7.904146496034096e-17
551.06,-5.329254656615619e-14,-7.897938643641614e-17
551.07,-5.3287868144155374e-14,-7.898487190579592e-17
551.08,-5.3283264285543566e-14,-7.90420045225167e-17
551.09,-5.327864825852941e-14,-7.898382803043742e-17
551.1,-5.3273928781146164e-14,-7.900699803851699e-17
551.11,-5.326946322671425e-14,-7.907280921144109e-17
551.12,-5.3264523157901786e-14,-7.894018760874954e-17
551.13,-5.326003144544562e-14,-7.897335172451307e-17
551.14,-5.3255173057682364e-14,-7.908550348324534e-17
551.15,-5.3250349542261295e-14,-7.891397351518438e-17
551.16,-5.324582455450578e-14,-7.893353321044535e-17
551.17,-5.3241007949030375e-14,-7.899143854233841e-17
551.18,-5.323602434147335e-14,-7.893285891514603e-17
551.19,-5.323155875240725e-14,-7.891181878745758e-17
551.2,-5.3227256832974656e-14,-7.895351597748281e-17
551.21,-5.322211592272401e-14,-7.887418485812535e-17
551.22,-5.321734927978167e-14,-7.893206349458167e-17
551.23,-5.321243684159619e-14,-7.889557022775908e-17
551.24,-5.320792875565093e-14,-7.887380840225605e-17
551.25,-5.320334196857624e-14,-7.889410598958374e-17
551.26,-5.3198932271417294e-14,-7.881246096660032e-17
551.27,-5.3193781333075463e-14,-7.889035343235745e-17
551.28,-5.318930878028056e-14,-7.886054120134985e-17
551.29,-5.318473863875553e-14,-7.88214695885453e-17
551.3,-5.317969346436254e-14,-7.880573967909679e-17
551.31,-5.317538955323432e-14,-7.880492500473699e-17
551.32,-5.317055290375967e-14,-7.876068964458802e-17
551.33,-5.316569578447791e-14,-7.873724242108586e-17
551.34,-5.316083941764327e-14,-7.869369954156118e-17
551.35,-5.3156582313999925e-14,-7.871999664998823e-17
551.36,-5.315171111402387e-14,-7.879878992190967e-17
551.37,-5.314690551671716e-14,-7.874435538331682e-17
551.38,-5.314224172495979e-14,-7.859201301252197e-17
551.39,-5.313832182212505e-14,-7.889872314135742e-17
551.4,-5.313289004896551e-14,-7.866796830619731e-17
551.41,-5.312860997819082e-14,-7.908222373169856e-17
551.42,-5.312372535238987e-14,-7.867280531696232e-17
551.43,-5.311881207166385e-14,-7.866233897561762e-17
551.44,-5.311393408708774e-14,-7.867411414771638e-17
551.45,-5.310943673411586e-14,-7.880004920438707e-17
551.46,-5.3105169535080237e-14,-7.869168358663464e-17
551.47,-5.31002587726187e-14,-7.860306879910474e-17
551.48,-5.309690837024788e-14,-7.861321951314542e-17
551.49,-5.3090307641268405e-14,-7.87692205063418e-17
551.5,-5.308610513920674e-14,-7.866574450691107e-17
551.51,-5.30813968714322e-14,-7.862422008405567e-17
551.52,-5.3076658974179827e-14,-7.864262677041766e-17
551.53,-5.307191703883881e-14,-7.868438818136238e-17
551.54,-5.306762873777512e-14,-7.861498932992081e-17
551.55,-5.306221420537743e-14,-7.859658135720781e-17
551.56,-5.3057883273347365e-14,-7.851963136941078e-17
551.57,-5.3051873548084296e-14,-7.879596394828981e-17
551.58,-5.3049314346360256e-14,-7.869504737780598e-17
551.59,-5.304395295433439e-14,-7.859747468895e-17
551.6,-5.303915220706926e-14,-7.855058974983186e-17
551.61,-5.303454289083399e-14,-7.848602526325597e-17
551.62,-5.30301067320677e-14,-7.881348496072005e-17
551.63,-5.3025169487854e-14,-7.848701242634609e-17
551.64,-5.302046918586178e-14,-7.853221335610803e-17
551.65,-5.3015580937256065e-14,-7.862932828791938e-17
551.66,-5.301103977687907e-14,-7.853224713694148e-17
551.67,-5.3006427752148574e-14,-7.841202878608814e-17
551.68,-5.300178589530497e-14,-7.850783883177087e-17
551.69,-5.2997005721359325e-14,-7.853827409822098e-17
551.7,-5.299237002372841e-14,-7.853430909705138e-17
551.71,-5.298799110670942e-14,-7.845017468865159e-17
551.72,-5.2982955217402464e-14,-7.842558278073587e-17
551.73,-5.297843163604754e-14,-7.843552203583766e-17
551.74,-5.297285498688147e-14,-7.842679393688696e-17
551.75,-5.2969065746294745e-14,-7.845455627731431e-17
551.76,-5.2964404214481446e-14,-7.838429449827618e-17
551.77,-5.295968582006412e-14,-7.844331849200859e-17
551.78,-5.2955393339976405e-14,-7.848275491967316e-17
551.79,-5.2950119805298193e-14,-7.842277347030503e-17
551.8,-5.2945404369300176e-14,-7.835776472922314e-17
551.81,-5.294105931635489e-14,-7.841202861836618e-17
551.82,-5.2936386788998786e-14,-7.836491320835458e-17
551.83,-5.2930519587178804e-14,-7.818043480798925e-17
551.84,-5.292698652552359e-14,-7.820308560485867e-17
551.85,-5.292150850780347e-14,-7.831400135944594e-17
551.86,-5.2917968418252054e-14,-7.83952774799721e-17
551.87,-5.291274852353527e-14,-7.83278067929957e-17
551.88,-5.2908497073410517e-14,-7.837846184169245e-17
551.89,-5.2903835631278604e-14,-7.835103255572242e-17
551.9,-5.289904876658116e-14,-7.830582491629254e-17
551.91,-5.289444764477222e-14,-7.840484389878652e-17
551.92,-5.288667299023785e-14,-7.574022131115592e-17
551.93,-5.288471065623298e-14,-7.817152552483343e-17
551.94,-5.287993054180966e-14,-7.826091645846323e-17
551.95,-5.2875957133876795e-14,-7.836328857928331e-17
551.96,-5.2870890875411035e-14,-7.827327063017173e-17
551.97,-5.2866796597960885e-14,-7.823871663564153e-17
551.98,-5.286171193911318e-14,-7.827107248444506e-17
551.99,-5.2856839202975346e-14,-7.827309427633247e-17
552.0,-5.2852281089129206e-14,-7.822985499341887e-17
552.01,-5.285088780539186e-14,-7.852302489160189e-17
552.02,-5.284302801024959e-14,-7.823096222712683e-17
552.03,-5.283718386646338e-14,-7.813090329072942e-17
552.04,-5.2834107553837096e-14,-7.819601721532868e-17
552.05,-5.282871007876761e-14,-7.812391448131585e-17
552.06,-5.282536317334041e-14,-7.816244464895638e-17
552.07,-5.2819860532819036e-14,-7.815841774693322e-17
552.08,-5.281489784599082e-14,-7.80772789938448e-17
552.09,-5.281125212039008e-14,-7.89957315104872e-17
552.1,-5.2806731727668056e-14,-7.9288786750969e-17
552.11,-5.280126802498117e-14,-7.810012391570788e-17
552.12,-5.279671434272032e-14,-7.80421595986112e-17
552.13,-5.279185296832549e-14,-7.81237710245444e-17
552.14,-5.278692259893289e-14,-7.80685429262583e-17
552.15,-5.278292278757476e-14,-7.833479717562538e-17
552.16,-5.277780064162307e-14,-7.811201608742765e-17
552.17,-5.277314337169999e-14,-7.807141456224523e-17
552.18,-5.276850827850143e-14,-7.814066952233907e-17
552.19,-5.276380436789224e-14,-7.80908819128804e-17
552.2,-5.2759072168007384e-14,-7.810945511356937e-17
552.21,-5.275483053426066e-14,-7.812652270602871e-17
552.22,-5.2750017983492504e-14,-7.802671083393938e-17
552.23,-5.2745290927400757e-14,-7.801527628958912e-17
552.24,-5.274075735036367e-14,-7.811750957342961e-17
552.25,-5.273569663794258e-14,-7.804197998735891e-17
552.26,-5.273117835452792e-14,-7.79471110109167e-17
552.27,-5.272641758650493e-14,-7.800297305506358e-17
552.28,-5.2722185388623256e-14,-7.804070333828716e-17
552.29,-5.271765937168497e-14,-7.80076916165449e-17
552.3,-5.2712427649660784e-14,-7.791965736655867e-17
552.31,-5.2708479577030086e-14,-7.799008996750795e-17
552.32,-5.270368410038056e-14,-7.804841533282983e-17
552.33,-5.269851580640392e-14,-7.778192845370864e-17
552.34,-5.269408892794154e-14,-7.79580501537281e-17
552.35,-5.26894050077062e-14,-7.805018810093231e-17
552.36,-5.268506466869618e-14,-7.802197441994398e-17
552.37,-5.268015321191599e-14,-7.798859757521516e-17
552.38,-5.2675356975621187e-14,-7.792182374411528e-17
552.39,-5.2670627346740875e-14,-7.799229234024905e-17
552.4,-5.266620198086958e-14,-7.785274684654453e-17
552.41,-5.2661722727094086e-14,-7.789113759333826e-17
552.42,-5.265700265350104e-14,-7.791476629462479e-17
552.43,-5.265209066339414e-14,-7.785806277167528e-17
552.44,-5.264736157512543e-14,-7.785637153118593e-17
552.45,-5.264290218849675e-14,-7.786451693623372e-17
552.46,-5.2638243409208516e-14,-7.780785638578089e-17
552.47,-5.263367510451036e-14,-7.779219597996674e-17
552.48,-5.2629606050699075e-14,-7.783174127490988e-17
552.49,-5.262451669505529e-14,-7.788156494261332e-17
552.5,-5.2620543809314993e-14,-7.786404403484475e-17
552.51,-5.2615282529465717e-14,-7.777759937722227e-17
552.52,-5.261048282646861e-14,-7.780634791094089e-17
552.53,-5.260637138879976e-14,-7.792077067011614e-17
552.54,-5.2601202287283214e-14,-7.779622502268284e-17
552.55,-5.259608634335706e-14,-7.763375328461256e-17
552.56,-5.259204506818039e-14,-7.780989451331242e-17
552.57,-5.25898816018608e-14,-7.841891987877075e-17
552.58,-5.2582661233158906e-14,-7.776551963989842e-17
552.59,-5.257783870782434e-14,-7.763352258313431e-17
552.6,-5.2573549208432395e-14,-7.780484975797833e-17
552.61,-5.256905192426658e-14,-7.787330810838023e-17
552.62,-5.256413497528636e-14,-7.77776606688002e-17
552.63,-5.2559663527458594e-14,-7.775758401117237e-17
552.64,-5.255465260249943e-14,-7.763299234335013e-17
552.65,-5.2550552749505924e-14,-7.779089801177618e-17
552.66,-5.2545849899945266e-14,-7.771895879192113e-17
552.67,-5.25411811889441e-14,-7.774807684263863e-17
552.68,-5.253650455880586e-14,-7.77353456636453e-17
552.69,-5.253195867337443e-14,-7.771519006400803e-17
552.7,-5.252687272621765e-14,-7.767539856647112e-17
552.71,-5.252249891402921e-14,-7.764199675493436e-17
552.72,-5.251787257868567e-14,-7.763463671733673e-17
552.73,-5.2512987683129134e-14,-7.761745118698766e-17
552.74,-5.250928614979833e-14,-7.775434243131179e-17
552.75,-5.2503954448061545e-14,-7.760004122682913e-17
552.76,-5.249927850458568e-14,-7.752548084561961e-17
552.77,-5.2495060332735266e-14,-7.768779960652545e-17
552.78,-5.2490356714700714e-14,-7.769395011483542e-17
552.79,-5.2485469704611975e-14,-7.754168689655817e-17
552.8,-5.2480937260692354e-14,-7.750551124462369e-17
552.81,-5.2476057956935254e-14,-7.754077843982419e-17
552.82,-5.247165975793966e-14,-7.746244739946363e-17
552.83,-5.246688337121546e-14,-7.756873807813908e-17
552.84,-5.246260279103315e-14,-7.755626984767051e-17
552.85,-5.2457656241193474e-14,-7.749234818759572e-17
552.86,-5.24532056694451e-14,-7.760976608377675e-17
552.87,-5.244844020073322e-14,-7.75096164969559e-17
552.88,-5.244354248315148e-14,-7.749524562603825e-17
552.89,-5.2439490405794397e-14,-7.75445282666319e-17
552.9,-5.243483407547013e-14,-7.756206784715913e-17
552.91,-5.24301891580724e-14,-7.758398964491146e-17
552.92,-5.2425399687728867e-14,-7.74776932263669e-17
552.93,-5.242067739724763e-14,-7.75155716349301e-17
552.94,-5.241634732368981e-14,-7.747254190821961e-17
552.95,-5.241130418982231e-14,-7.748687152684381e-17
552.96,-5.240671601855097e-14,-7.744194637982462e-17
552.97,-5.240250672939491e-14,-7.734094640946883e-17
552.98,-5.239793828113193e-14,-7.750090593660012e-17
552.99,-5.2393364653876226e-14,-7.752150607727936e-17
553.0,-5.2389045939770116e-14,-7.747157230485423e-17
553.01,-5.2384438088272907e-14,-7.746667378772451e-17
553.02,-5.237915836982176e-14,-7.735842397612106e-17
553.03,-5.2374949561886274e-14,-7.746070618066324e-17
553.04,-5.236991900957206e-14,-7.73964888419938e-17
553.05,-5.236562230501557e-14,-7.727688164360118e-17
553.06,-5.2361134873364204e-14,-7.740774310262414e-17
553.07,-5.235642328203771e-14,-7.740051068253974e-17
553.08,-5.235160871454566e-14,-7.733264044461831e-17
553.09,-5.234763327297612e-14,-7.755444298061564e-17
553.1,-5.23425510491725e-14,-7.738266704344197e-17
553.11,-5.233756059315433e-14,-7.74163276552815e-17
553.12,-5.2333288072359596e-14,-7.738843281510501e-17
553.13,-5.2328828565728215e-14,-7.731187050093219e-17
553.14,-5.232389145055681e-14,-7.723686687003439e-17
553.15,-5.2319518540012154e-14,-7.720625906364216e-17
553.16,-5.2314931913450715e-14,-7.721112092200615e-17
553.17,-5.231040300790708e-14,-7.733488563674728e-17
553.18,-5.230567102138387e-14,-7.727368621452876e-17
553.19,-5.230080661000915e-14,-7.726299586583906e-17
553.2,-5.2296498077315684e-14,-7.733880464451615e-17
553.21,-5.2291455797625744e-14,-7.725858853639876e-17
553.22,-5.2287244326964987e-14,-7.723917932919785e-17
553.23,-5.2282852134855276e-14,-7.737161406323977e-17
553.24,-5.227796770675731e-14,-7.727030542788406e-17
553.25,-5.227322214803483e-14,-7.718289029754619e-17
553.26,-5.226899631728191e-14,-7.723735543348086e-17
553.27,-5.226384155651368e-14,-7.719959325655907e-17
553.28,-5.225944939553869e-14,-7.719589900377488e-17
553.29,-5.225505842416843e-14,-7.723860551744923e-17
553.3,-5.2250726933572913e-14,-7.730423465498591e-17
553.31,-5.224582630434889e-14,-7.722371370544195e-17
553.32,-5.224144244193552e-14,-7.730458336926265e-17
553.33,-5.223658868699854e-14,-7.723181299735347e-17
553.34,-5.2232028291858734e-14,-7.724238904070281e-17
553.35,-5.222742366645912e-14,-7.715655763094643e-17
553.36,-5.222321087854487e-14,-7.727840619552494e-17
553.37,-5.221800865056526e-14,-7.708995831697245e-17
553.38,-5.2213489224208805e-14,-7.694710228684408e-17
553.39,-5.2208960634236724e-14,-7.71280037821943e-17
553.4,-5.220455653228805e-14,-7.718784265434385e-17
553.41,-5.2199802717235344e-14,-7.711113104597793e-17
553.42,-5.219542970599102e-14,-7.700321398063943e-17
553.43,-5.2190823777761234e-14,-7.686338723506104e-17
553.44,-5.218607206732993e-14,-7.710660124054477e-17
553.45,-5.2183541780015595e-14,-7.74460987690026e-17
553.46,-5.2176396659740023e-14,-7.699374837792335e-17
553.47,-5.217255889880448e-14,-7.700114536780013e-17
553.48,-5.2167783827697135e-14,-7.70841581306476e-17
553.49,-5.216341670143554e-14,-7.718669156588755e-17
553.5,-5.215863608189647e-14,-7.706037303107696e-17
553.51,-5.215414145730652e-14,-7.704052810390288e-17
553.52,-5.2148511917838635e-14,-7.691844448306545e-17
553.53,-5.2144444379878614e-14,-7.696335751171288e-17
553.54,-5.21401271331876e-14,-7.716325006928693e-17
553.55,-5.213575522750333e-14,-7.704695582348848e-17
553.56,-5.213133669589107e-14,-7.702236024695128e-17
553.57,-5.212631104318819e-14,-7.697420478048098e-17
553.58,-5.21219525914535e-14,-7.718612677327498e-17
553.59,-5.2117169109456276e-14,-7.689354787689243e-17
553.6,-5.2112708757885086e-14,-7.69543470941293e-17
553.61,-5.2108135189165184e-14,-7.69713337165786e-17
553.62,-5.210323116633809e-14,-7.678432707900741e-17
553.63,-5.209840881906603e-14,-7.679140125224589e-17
553.64,-5.2094242981153206e-14,-7.698664392113056e-17
553.65,-5.208977781225272e-14,-7.706752243485137e-17
553.66,-5.2084748910475805e-14,-7.688608892948678e-17
553.67,-5.208038708102077e-14,-7.690231414226335e-17
553.68,-5.2076178121240365e-14,-7.687136250955704e-17
553.69,-5.2071475197518854e-14,-7.690695863192519e-17
553.7,-5.206671815212185e-14,-7.693524589887909e-17
553.71,-5.206238481654063e-14,-7.689997345558764e-17
553.72,-5.2057373951657557e-14,-7.671631967066228e-17
553.73,-5.2053155819258344e-14,-7.681078310345677e-17
553.74,-5.2048464723764244e-14,-7.705167069653503e-17
553.75,-5.2043830778033067e-14,-7.683896165584594e-17
553.76,-5.2039324251500134e-14,-7.682970788121502e-17
553.77,-5.203454916709875e-14,-7.684586981976641e-17
553.78,-5.203023328001005e-14,-7.689792186409089e-17
553.79,-5.2025288985972207e-14,-7.679500627181762e-17
553.8,-5.202113347692635e-14,-7.685563040458344e-17
553.81,-5.201665642157707e-14,-7.678952672628764e-17
553.82,-5.201178531238395e-14,-7.65431804824248e-17
553.83,-5.2007574577538036e-14,-7.687848885347205e-17
553.84,-5.200272449492094e-14,-7.679248220284454e-17
553.85,-5.1998047355069705e-14,-7.667774238322463e-17
553.86,-5.199349175551101e-14,-7.688795737006082e-17
553.87,-5.198885842996381e-14,-7.683266935297594e-17
553.88,-5.1984303553540054e-14,-7.67681014174364e-17
553.89,-5.197984270458004e-14,-7.67556494195301e-17
553.9,-5.197490336354342e-14,-7.661199405751932e-17
553.91,-5.197111127257193e-14,-7.679624611625556e-17
553.92,-5.1965766376803877e-14,-7.623911560200143e-17
553.93,-5.19630224907108e-14,-7.639105477883569e-17
553.94,-5.195718506070583e-14,-7.67546134445469e-17
553.95,-5.1952322938826046e-14,-7.673358081609657e-17
553.96,-5.194723308330312e-14,-7.646805027641757e-17
553.97,-5.1943188770037186e-14,-7.667534023231219e-17
553.98,-5.1938357237709694e-14,-7.659614978078923e-17
553.99,-5.193497021005664e-14,-7.731067056404998e-17
554.0,-5.192953991915064e-14,-7.661004644119149e-17
554.01,-5.1921899735171764e-14,-7.446883882321859e-17
554.02,-5.192027818358365e-14,-7.64847467194853e-17
554.03,-5.191590457366374e-14,-7.661983268404418e-17
554.04,-5.191129298517821e-14,-7.660706663777673e-17
554.05,-5.190726553885172e-14,-7.691724877694972e-17
554.06,-5.190202692112573e-14,-7.657971522613558e-17
554.07,-5.189766533117741e-14,-7.661377412389638e-17
554.08,-5.18939916769122e-14,-7.65956793022189e-17
554.09,-5.188856819669721e-14,-7.656356859938717e-17
554.1,-5.1878771462560875e-14,-7.732208241637062e-17
554.11,-5.1879425511144486e-14,-7.659374051354234e-17
554.12,-5.187462675144969e-14,-7.650995525498292e-17
554.13,-5.187041157487552e-14,-7.656046005219446e-17
554.14,-5.1865658603375545e-14,-7.655445223932464e-17
554.15,-5.186119705181744e-14,-7.656736629461903e-17
554.16,-5.1856582313933296e-14,-7.651721968975181e-17
554.17,-5.185190922083326e-14,-7.66589774924724e-17
554.18,-5.1847356215705297e-14,-7.658760920768434e-17
554.19,-5.184450658706238e-14,-7.745205047828724e-17
554.2,-5.183792002772879e-14,-7.630694156192014e-17
554.21,-5.183388455453496e-14,-7.65038838470572e-17
554.22,-5.182906034949115e-14,-7.637818599431581e-17
554.23,-5.182448652412133e-14,-7.643192962800181e-17
554.24,-5.182039505487273e-14,-7.653522067692174e-17
554.25,-5.181567733178747e-14,-7.640975603898652e-17
554.26,-5.1811525007306864e-14,-7.671375009506392e-17
554.27,-5.18062090077304e-14,-7.642596449562924e-17
554.28,-5.1801820693087245e-14,-7.653759491424109e-17
554.29,-5.179744136400427e-14,-7.647712058278374e-17
554.3,-5.17928135665816e-14,-7.638771170942181e-17
554.31,-5.178806091256277e-14,-7.633562054829662e-17
554.32,-5.1783586830252114e-14,-7.639117274818975e-17
554.33,-5.177951690418215e-14,-7.651845084424425e-17
554.34,-5.1774380555543816e-14,-7.641418270818967e-17
554.35,-5.176972526874711e-14,-7.637248612869076e-17
554.36,-5.176516692901942e-14,-7.618551999472015e-17
554.37,-5.175998673534414e-14,-7.635087611294683e-17
554.38,-5.1756628597658465e-14,-7.638113326177839e-17
554.39,-5.175185986805972e-14,-7.642410472900523e-17
554.4,-5.1747038302441847e-14,-7.628063499418568e-17
554.41,-5.174292645997243e-14,-7.640948323679715e-17
554.42,-5.1738168181752326e-14,-7.638172888560879e-17
554.43,-5.173380938290994e-14,-7.634618749832524e-17
554.44,-5.1729096568727644e-14,-7.620360569266578e-17
554.45,-5.172477872993821e-14,-7.617554455512133e-17
554.46,-5.171980939913884e-14,-7.635410976610212e-17
554.47,-5.1716106613361606e-14,-7.649439029895455e-17
554.48,-5.171123328801711e-14,-7.63629238304519e-17
554.49,-5.170617648276683e-14,-7.615345404185598e-17
554.5,-5.170184971336721e-14,-7.641704768578629e-17
554.51,-5.169745029665611e-14,-7.628774116216364e-17
554.52,-5.1692788411510896e-14,-7.626064421236914e-17
554.53,-5.168830589788725e-14,-7.639581834259158e-17
554.54,-5.168235576809583e-14,-7.570336003439646e-17
554.55,-5.167891826501017e-14,-7.622570109014178e-17
554.56,-5.167455766300458e-14,-7.622927072584526e-17
554.57,-5.1670183938665213e-14,-7.620837879070369e-17
554.58,-5.166564427306263e-14,-7.621661975822954e-17
554.59,-5.1660847362528725e-14,-7.619260444816889e-17
554.6,-5.1656451275528016e-14,-7.614219943643458e-17
554.61,-5.165192373843319e-14,-7.616058736532121e-17
554.62,-5.164722507180725e-14,-7.622563547761721e-17
554.63,-5.164345168795831e-14,-7.641575969975066e-17
554.64,-5.163825165866435e-14,-7.615058272525165e-17
554.65,-5.1634599885360406e-14,-7.62620644178713e-17
554.66,-5.162921355240199e-14,-7.615949575114784e-17
554.67,-5.162472118296002e-14,-7.61997635783025e-17
554.68,-5.162007633234863e-14,-7.613452185846266e-17
554.69,-5.1615367134282926e-14,-7.596515083757308e-17
554.7,-5.1611240770875765e-14,-7.631446374471422e-17
554.71,-5.1606760483451566e-14,-7.62932775564171e-17
554.72,-5.16023874937873e-14,-7.608362250042912e-17
554.73,-5.1597178911167874e-14,-7.600704637480123e-17
554.74,-5.159296186850705e-14,-7.61327634943714e-17
554.75,-5.1588437522039926e-14,-7.609415050921215e-17
554.76,-5.158437620956493e-14,-7.584356745930404e-17
554.77,-5.1579473654790637e-14,-7.600263692553447e-17
554.78,-5.157455348345124e-14,-7.602536216462031e-17
554.79,-5.1570197043862904e-14,-7.605000604080089e-17
554.8,-5.156591449088254e-14,-7.618642784310003e-17
554.81,-5.156114090336764e-14,-7.604237738478133e-17
554.82,-5.155654185383735e-14,-7.596346898622177e-17
554.83,-5.155228877839507e-14,-7.603522786647153e-17
554.84,-5.154763048247226e-14,-7.593989068998936e-17
554.85,-5.1543084064205295e-14,-7.58063697434346e-17
554.86,-5.1538906636846016e-14,-7.604738043527548e-17
554.87,-5.15340281153498e-14,-7.587490382727498e-17
554.88,-5.1528744957432095e-14,-7.588220199021735e-17
554.89,-5.152491883556167e-14,-7.591027316020698e-17
554.9,-5.151986194637182e-14,-7.596579109235953e-17
554.91,-5.1515976729993457e-14,-7.59278212498586e-17
554.92,-5.15114065928592e-14,-7.593126358045405e-17
554.93,-5.150698148235877e-14,-7.588981589532826e-17
554.94,-5.150253840710135e-14,-7.599462593014653e-17
554.95,-5.1497856333351315e-14,-7.593558723678307e-17
554.96,-5.149320324878283e-14,-7.599652071149252e-17
554.97,-5.14890630206212e-14,-7.575564156006806e-17
554.98,-5.148445450306813e-14,-7.591127504405792e-17
554.99,-5.147975755569808e-14,-7.57463003165964e-17
555.0,-5.147564125350526e-14,-7.593687354494094e-17
555.01,-5.1470783082112265e-14,-7.584613208763144e-17
555.02,-5.1466449611342825e-14,-7.594930935504594e-17
555.03,-5.146161871280845e-14,-7.599191035245787e-17
555.04,-5.145721922063561e-14,-7.58780813319525e-17
555.05,-5.145271055176922e-14,-7.593666453692793e-17
555.06,-5.144824373533183e-14,-7.578061834128333e-17
555.07,-5.144373191691813e-14,-7.586148217308002e-17
555.08,-5.143883540833809e-14,-7.573571712867371e-17
555.09,-5.143471146214345e-14,-7.58926873874877e-17
555.1,-5.1429876858486234e-14,-7.573965744193563e-17
555.11,-5.1425347694266114e-14,-7.57517060660476e-17
555.12,-5.142104076979805e-14,-7.57396727626908e-17
555.13,-5.141665724842311e-14,-7.577617794185309e-17
555.14,-5.14120483584699e-14,-7.580989362224638e-17
555.15,-5.140764274730052e-14,-7.575642439951133e-17
555.16,-5.140294291421081e-14,-7.563979673182072e-17
555.17,-5.139844605349635e-14,-7.584437439041265e-17
555.18,-5.1394374599516445e-14,-7.582074764504844e-17
555.19,-5.138945950689979e-14,-7.56969285644348e-17
555.2,-5.138421513964515e-14,-7.588692448098691e-17
555.21,-5.138070577245171e-14,-7.558570022207604e-17
555.22,-5.137604056855014e-14,-7.575092626778247e-17
555.23,-5.1371600077501345e-14,-7.562726756753277e-17
555.24,-5.1366659048881995e-14,-7.559498660842361e-17
555.25,-5.136246869444706e-14,-7.576072991902837e-17
555.26,-5.1357985955732286e-14,-7.568289480154019e-17
555.27,-5.135347261984471e-14,-7.572655764419056e-17
555.28,-5.134873885179115e-14,-7.561823504929088e-17
555.29,-5.134409540875632e-14,-7.563971181830423e-17
555.3,-5.133981281712833e-14,-7.55559370783072e-17
555.31,-5.133524075965249e-14,-7.574929045380294e-17
555.32,-5.133138826551445e-14,-7.573844928443976e-17
555.33,-5.132572757601516e-14,-7.564534028052129e-17
555.34,-5.13217969275747e-14,-7.559658374254842e-17
555.35,-5.131645405172816e-14,-7.525236931120033e-17
555.36,-5.1312807072683735e-14,-7.565447078517891e-17
555.37,-5.130859156055992e-14,-7.564449007017179e-17
555.38,-5.130372955245993e-14,-7.56119515593932e-17
555.39,-5.129944801099311e-14,-7.555411649496711e-17
555.4,-5.129458000023165e-14,-7.550639752085987e-17
555.41,-5.129136665162498e-14,-7.57058214037303e-17
555.42,-5.128506494872807e-14,-7.473484884994033e-17
555.43,-5.128142822206754e-14,-7.564169083029878e-17
555.44,-5.12770133950506e-14,-7.554472059796795e-17
555.45,-5.127214598573564e-14,-7.546940030638039e-17
555.46,-5.12678987955825e-14,-7.554027109514575e-17
555.47,-5.126359491611219e-14,-7.549196477212736e-17
555.48,-5.125863077596528e-14,-7.561472183912235e-17
555.49,-5.1254132776561854e-14,-7.532407261137068e-17
555.5,-5.125012015093646e-14,-7.561953382791812e-17
555.51,-5.1244954511798726e-14,-7.567032887217924e-17
555.52,-5.1241097479972834e-14,-7.538748439184234e-17
555.53,-5.1236400698212346e-14,-7.538369679422234e-17
555.54,-5.123187032495896e-14,-7.536885554070713e-17
555.55,-5.122748018093083e-14,-7.548598353351059e-17
555.56,-5.1222831126569895e-14,-7.554254084656045e-17
555.57,-5.121848132519505e-14,-7.548395404431779e-17
555.58,-5.121402100926835e-14,-7.541608283732156e-17
555.59,-5.120926687253808e-14,-7.526659788715673e-17
555.6,-5.120494241387103e-14,-7.530512071399977e-17
555.61,-5.120014988920904e-14,-7.544686997106313e-17
555.62,-5.119599724187512e-14,-7.540400546995891e-17
555.63,-5.119118263281149e-14,-7.52674992223561e-17
555.64,-5.118725522602135e-14,-7.535334266813724e-17
555.65,-5.118258318973457e-14,-7.540837706040541e-17
555.66,-5.117801996544465e-14,-7.523421487648093e-17
555.67,-5.117361127000517e-14,-7.540662894361194e-17
555.68,-5.116964743474384e-14,-7.530845201911427e-17
555.69,-5.1164834414316456e-14,-7.530625752318314e-17
555.7,-5.115986996142082e-14,-7.532940958942418e-17
555.71,-5.115537786970882e-14,-7.529023336479189e-17
555.72,-5.115121341239235e-14,-7.547669611529119e-17
555.73,-5.114676182823021e-14,-7.52397143642694e-17
555.74,-5.1141990133950164e-14,-7.519623657586993e-17
555.75,-5.113768108999989e-14,-7.525771760673349e-17
555.76,-5.113320687264717e-14,-7.527912595717085e-17
555.77,-5.113085960171274e-14,-7.429561987693989e-17
555.78,-5.11242670705579e-14,-7.526754183334218e-17
555.79,-5.1119781894345034e-14,-7.516206042374559e-17
555.8,-5.111534429863442e-14,-7.535292920021975e-17
555.81,-5.1111112663565324e-14,-7.520068655954332e-17
555.82,-5.110615742605296e-14,-7.517073578256821e-17
555.83,-5.110193285661735e-14,-7.528929713335541e-17
555.84,-5.109739741790147e-14,-7.521319504012064e-17
555.85,-5.1092575679719276e-14,-7.513120265385156e-17
555.86,-5.1094475955100444e-14,-7.744596750189131e-17
555.87,-5.108397713399175e-14,-7.525399102001388e-17
555.88,-5.107968966571479e-14,-7.534282601962012e-17
555.89,-5.107497345416473e-14,-7.509666554638101e-17
555.9,-5.107059003969689e-14,-7.52011694717869e-17
555.91,-5.106635870517383e-14,-7.529139118819292e-17
555.92,-5.1061309667015245e-14,-7.520846053083574e-17
555.93,-5.1057337019442934e-14,-7.512890238487488e-17
555.94,-5.105258602750751e-14,-7.50742196696641e-17
555.95,-5.10479553774313e-14,-7.616166355690822e-17
555.96,-5.1043510720066695e-14,-7.509201362350345e-17
555.97,-5.103956820812515e-14,-7.482468355169565e-17
555.98,-5.1035245534068325e-14,-7.493483492303426e-17
555.99,-5.103010344530143e-14,-7.500600900607674e-17
556.0,-5.1024782990494715e-14,-7.538291896267483e-17
556.01,-5.102131416759125e-14,-7.510690561100004e-17
556.02,-5.101649846485968e-14,-7.510347074725687e-17
556.03,-5.10119421069466e-14,-7.482452209318496e-17
556.04,-5.100862379408457e-14,-7.479644954824396e-17
556.05,-5.100336605182116e-14,-7.502933468599636e-17
556.06,-5.099860444877853e-14,-7.503681987247442e-17
556.07,-5.099431963174086e-14,-7.500725543893309e-17
556.08,-5.0990133650157026e-14,-7.500927206316764e-17
556.09,-5.098451680019734e-14,-7.464200015628295e-17
556.1,-5.09809090554339e-14,-7.499446346882887e-17
556.11,-5.0976414415950303e-14,-7.489395977021768e-17
556.12,-5.097168623524231e-14,-7.494329564982667e-17
556.13,-5.096821261547973e-14,-7.533684631834486e-17
556.14,-5.0962094763680566e-14,-7.511270983588252e-17
556.15,-5.0958600005298095e-14,-7.511048052744363e-17
556.16,-5.0954488371361017e-14,-7.50185048183149e-17
556.17,-5.094952706711321e-14,-7.486708119552287e-17
556.18,-5.0945659430825427e-14,-7.506858980708723e-17
556.19,-5.094093038155625e-14,-7.486173798272839e-17
556.2,-5.093641376303263e-14,-7.484379729140248e-17
556.21,-5.093225015345525e-14,-7.484589667582218e-17
556.22,-5.092801077617182e-14,-7.503772216963949e-17
556.23,-5.092270438875409e-14,-7.500517265898655e-17
556.24,-5.091856555758543e-14,-7.479816905982166e-17
556.25,-5.091375051317865e-14,-7.49770676435892e-17
556.26,-5.0909591836708486e-14,-7.500169445208647e-17
556.27,-5.090482491048406e-14,-7.494262959995703e-17
556.28,-5.0900461267433864e-14,-7.476719570080347e-17
556.29,-5.089637666368306e-14,-7.481074678981738e-17
556.3,-5.089169679234863e-14,-7.483893722130467e-17
556.31,-5.088772158065751e-14,-7.483350042538809e-17
556.32,-5.08827977378968e-14,-7.480695608058657e-17
556.33,-5.087834563998672e-14,-7.464927337907648e-17
556.34,-5.087384073933969e-14,-7.481511801592283e-17
556.35,-5.0869578465485214e-14,-7.48214764775986e-17
556.36,-5.086509439304456e-14,-7.491912066919242e-17
556.37,-5.0861048322087804e-14,-7.484822662539672e-17
556.38,-5.085575658851997e-14,-7.491661233317028e-17
556.39,-5.0851594292149445e-14,-7.477724561658439e-17
556.4,-5.0846943133136794e-14,-7.46476421557942e-17
556.41,-5.084280008169412e-14,-7.460896095236426e-17
556.42,-5.0837644699934965e-14,-7.496454483450188e-17
556.43,-5.0833765813805994e-14,-7.469573815877684e-17
556.44,-5.0828989944674536e-14,-7.482282816565568e-17
556.45,-5.0824874850191027e-14,-7.465112633722929e-17
556.46,-5.0820629560699396e-14,-7.468652242345815e-17
556.47,-5.081532516654884e-14,-7.479709955400815e-17
556.48,-5.081160964590818e-14,-7.46376797569062e-17
556.49,-5.080714145493027e-14,-7.458249143768553e-17
556.5,-5.080293677427387e-14,-7.467096188211115e-17
556.51,-5.079925906144335e-14,-7.430049482070984e-17
556.52,-5.07937231258522e-14,-7.4648839126802e-17
556.53,-5.078904392904643e-14,-7.452887652954399e-17
556.54,-5.078466720332707e-14,-7.466339078407883e-17
556.55,-5.078073983410805e-14,-7.462171987347671e-17
556.56,-5.0775926328761266e-14,-7.457623661237772e-17
556.57,-5.077149828287278e-14,-7.453414906004272e-17
556.58,-5.0767239724490593e-14,-7.46731571244971e-17
556.59,-5.076233234750411e-14,-7.462587919059815e-17
556.6,-5.0758713403964614e-14,-7.471213388448228e-17
556.61,-5.0753600740784876e-14,-7.459436010443766e-17
556.62,-5.074932060318013e-14,-7.458519365468831e-17
556.63,-5.0744830018078093e-14,-7.450953834692854e-17
556.64,-5.0740328120888205e-14,-7.452844613447945e-17
556.65,-5.073560927925721e-14,-7.442716700370568e-17
556.66,-5.073163079070436e-14,-7.452153650522996e-17
556.67,-5.072709038780216e-14,-7.469422202540236e-17
556.68,-5.072254057531355e-14,-7.450800706552352e-17
556.69,-5.0718553090586304e-14,-7.451188327589008e-17
556.7,-5.0713763146616025e-14,-7.442964704020308e-17
556.71,-5.0708973474037475e-14,-7.452211118224741e-17
556.72,-5.070488309466799e-14,-7.455154414429103e-17
556.73,-5.070159329401866e-14,-7.445700650769808e-17
556.74,-5.0695862381496404e-14,-7.439947131675854e-17
556.75,-5.069224104377343e-14,-7.436239511425799e-17
556.76,-5.068673442211424e-14,-7.445924037609398e-17
556.77,-5.06825616490906e-14,-7.447201362117452e-17
556.78,-5.067810932755457e-14,-7.433891246614191e-17
556.79,-5.0673752318625186e-14,-7.442488949594064e-17
556.8,-5.0669534300707885e-14,-7.445642204428905e-17
556.81,-5.0665257032182094e-14,-7.436649404364378e-17
556.82,-5.066112878795018e-14,-7.432207525485664e-17
556.83,-5.0655992360404305e-14,-7.439313331748995e-17
556.84,-5.065193804337676e-14,-7.427022070444637e-17
556.85,-5.0646746972581103e-14,-7.423689239870042e-17
556.86,-5.064265344550533e-14,-7.435365533460556e-17
556.87,-5.063848989334005e-14,-7.430965687170747e-17
556.88,-5.06339737156484e-14,-7.446040553851524e-17
556.89,-5.0629416502091354e-14,-7.433718611120578e-17
556.9,-5.062539590423598e-14,-7.444521549087762e-17
556.91,-5.0620731243852965e-14,-7.429448441150687e-17
556.92,-5.0616015613559213e-14,-7.433147413392313e-17
556.93,-5.061176031157782e-14,-7.433274412322224e-17
556.94,-5.060719429545502e-14,-7.427339730600572e-17
556.95,-5.0602485289126926e-14,-7.426049820034547e-17
556.96,-5.059903285143473e-14,-7.429161045795539e-17
556.97,-5.0594042407140586e-14,-7.43330939198585e-17
556.98,-5.058988613320838e-14,-7.427633855983327e-17
556.99,-5.058510552219546e-14,-7.425286529888048e-17
557.0,-5.058037792326768e-14,-7.424851879741302e-17
557.01,-5.057630070343389e-14,-7.428143969574386e-17
557.02,-5.057124046385836e-14,-7.426046605697326e-17
557.03,-5.0567466596533816e-14,-7.419798195392108e-17
557.04,-5.0563357065922944e-14,-7.418861249267925e-17
557.05,-5.0558720974145164e-14,-7.428673130283729e-17
557.06,-5.055453980911157e-14,-7.41778723998837e-17
557.07,-5.055002717337511e-14,-7.425716737542394e-17
557.08,-5.0545647729168385e-14,-7.425811158102548e-17
557.09,-5.054121333480745e-14,-7.432462868129295e-17
557.1,-5.0536745139901406e-14,-7.426838544036701e-17
557.11,-5.053207470177171e-14,-7.418800979556394e-17
557.12,-5.0528100639840904e-14,-7.417654429736398e-17
557.13,-5.0523554406586426e-14,-7.408837269949e-17
557.14,-5.0518990286677475e-14,-7.431463917793203e-17
557.15,-5.051433778472128e-14,-7.418355950810844e-17
557.16,-5.051028512326747e-14,-7.420549927692556e-17
557.17,-5.0505201268368546e-14,-7.407132381862605e-17
557.18,-5.050117782773454e-14,-7.405029122177168e-17
557.19,-5.049733178184285e-14,-7.410934510700508e-17
557.2,-5.049245627477594e-14,-7.404605730379572e-17
557.21,-5.048848996160955e-14,-7.404100063579282e-17
557.22,-5.048369606432763e-14,-7.410490646134876e-17
557.23,-5.047925650527213e-14,-7.406850314648116e-17
557.24,-5.047431971148823e-14,-7.395543277238329e-17
557.25,-5.047022432045171e-14,-7.406973806556783e-17
557.26,-5.046612675763119e-14,-7.403550641459209e-17
557.27,-5.0461603334729045e-14,-7.400639393266466e-17
557.28,-5.045711557308522e-14,-7.404232422397221e-17
557.29,-5.0452771290242376e-14,-7.399753095972499e-17
557.3,-5.0446532703246836e-14,-7.411132528436438e-17
557.31,-5.044455723575315e-14,-7.396687819706982e-17
557.32,-5.043960991546493e-14,-7.408322454054496e-17
557.33,-5.043497528573061e-14,-7.39547859661062e-17
557.34,-5.04306655323625e-14,-7.390744587384649e-17
557.35,-5.0426072346281204e-14,-7.396472994730717e-17
557.36,-5.042207356994258e-14,-7.409663378640928e-17
557.37,-5.04177259873051e-14,-7.431808810872854e-17
557.38,-5.041298295400761e-14,-7.387876891408831e-17
557.39,-5.0409709668357566e-14,-7.412210600122015e-17
557.4,-5.040419320018699e-14,-7.385366103361536e-17
557.41,-5.0399477662548874e-14,-7.377664324211311e-17
557.42,-5.039557923734357e-14,-7.38555161662951e-17
557.43,-5.03909897039171e-14,-7.376924798948818e-17
557.44,-5.038636893062439e-14,-7.38471706634959e-17
557.45,-5.038165989843595e-14,-7.380485569849421e-17
557.46,-5.0378502357371144e-14,-7.390465140628174e-17
557.47,-5.0373366675096356e-14,-7.388765908753949e-17
557.48,-5.036825482185466e-14,-7.376808834497431e-17
557.49,-5.036484261697441e-14,-7.37828651029484e-17
557.5,-5.035977939965685e-14,-7.37917837822197e-17
557.51,-5.0355797425825935e-14,-7.383567600899377e-17
557.52,-5.03519677985596e-14,-7.384329346351717e-17
557.53,-5.034645624514628e-14,-7.372268319622719e-17
557.54,-5.034245012898217e-14,-7.376625552899036e-17
557.55,-5.0338209401207005e-14,-7.38282880168599e-17
557.56,-5.033354468665558e-14,-7.374659423971191e-17
557.57,-5.032930354141088e-14,-7.373769631392568e-17
557.58,-5.0325082416750036e-14,-7.37344459013453e-17
557.59,-5.0320058741445426e-14,-7.35795381586645e-17
557.6,-5.031618779806071e-14,-7.368196342279046e-17
557.61,-5.0311900919742226e-14,-7.361026890425971e-17
557.62,-5.030721482606076e-14,-7.380424656883394e-17
557.63,-5.03029744043121e-14,-7.356531468374612e-17
557.64,-5.029853195359215e-14,-7.360525065992087e-17
557.65,-5.029398850599527e-14,-7.369228882286383e-17
557.66,-5.0289829445019874e-14,-7.373574502792317e-17
557.67,-5.028682269776345e-14,-7.384660750031393e-17
557.68,-5.028086507892731e-14,-7.373659657445317e-17
557.69,-5.027679903628092e-14,-7.365741256337416e-17
557.7,-5.027221544044858e-14,-7.355074490361219e-17
557.71,-5.026803308522693e-14,-7.364196814413585e-17
557.72,-5.0263376965242167e-14,-7.363672125021385e-17
557.73,-5.025905166111558e-14,-7.358839445241317e-17
557.74,-5.025477710022496e-14,-7.35876984804998e-17
557.75,-5.025017466155851e-14,-7.360296143380224e-17
557.76,-5.0246443638171493e-14,-7.370489057672521e-17
557.77,-5.0241943446309233e-14,-7.356175235322885e-17
557.78,-5.023762903844641e-14,-7.365139615528095e-17
557.79,-5.023211863520823e-14,-7.349395090605765e-17
557.8,-5.022830700283171e-14,-7.36023445456852e-17
557.81,-5.02255659469874e-14,-7.370782889291728e-17
557.82,-5.021948582262723e-14,-7.347131627112034e-17
557.83,-5.021522686232525e-14,-7.353930425577585e-17
557.84,-5.021096319375042e-14,-7.360983933253354e-17
557.85,-5.02063058224536e-14,-7.355862898324664e-17
557.86,-5.0202507114779236e-14,-7.417484708391944e-17
557.87,-5.0197514977246566e-14,-7.423400482820655e-17
557.88,-5.019349621619758e-14,-7.349667163810254e-17
557.89,-5.018874474101503e-14,-7.348260156011423e-17
557.9,-5.018472411919962e-14,-7.335094450168052e-17
557.91,-5.017994017335832e-14,-7.33761627000821e-17
557.92,-5.017559315849819e-14,-7.341993457115053e-17
557.93,-5.017102447905345e-14,-7.368111951524494e-17
557.94,-5.016764225226705e-14,-7.352210065029277e-17
557.95,-5.0164822036506274e-14,-7.435017594674018e-17
557.96,-5.015873744988747e-14,-7.348892710221006e-17
557.97,-5.015382372301002e-14,-7.34449028856985e-17
557.98,-5.014971061380485e-14,-7.343297884865107e-17
557.99,-5.014470071859044e-14,-7.32010054091819e-17
558.0,-5.014076019950732e-14,-7.334073165699138e-17
558.01,-5.01362093328542e-14,-7.331222523550467e-17
558.02,-5.013170242361849e-14,-7.333413748225542e-17
558.03,-5.0127338693781573e-14,-7.324982786662104e-17
558.04,-5.011822628764949e-14,-7.251968240627128e-17
558.05,-5.0119043176388554e-14,-7.347297735950779e-17
558.06,-5.011458857043339e-14,-7.333476957132623e-17
558.07,-5.011010342272386e-14,-7.336635787787634e-17
558.08,-5.0105951309860844e-14,-7.32430078416392e-17
558.09,-5.0101177057202897e-14,-7.329721732692875e-17
558.1,-5.0097131314712204e-14,-7.329663317855792e-17
558.11,-5.009149145426253e-14,-7.307205200622343e-17
558.12,-5.008794120206763e-14,-7.32190862592522e-17
558.13,-5.008262170209791e-14,-7.315763478958005e-17
558.14,-5.007941150101209e-14,-7.333446714771562e-17
558.15,-5.0075195172229585e-14,-7.326744916361318e-17
558.16,-5.007108921972998e-14,-7.333225006454819e-17
558.17,-5.006622122464024e-14,-7.320994234625144e-17
558.18,-5.0061713139010195e-14,-7.325013695744252e-17
558.19,-5.005792805872686e-14,-7.329534442098815e-17
558.2,-5.005281757111513e-14,-7.302695029018327e-17
558.21,-5.004911757459908e-14,-7.320664633140215e-17
558.22,-5.004353084294219e-14,-7.308027722546113e-17
558.23,-5.0039905291562674e-14,-7.313979950511553e-17
558.24,-5.0035845044637667e-14,-7.316635512599287e-17
558.25,-5.0031747049790607e-14,-7.322273053602926e-17
558.26,-5.002710514646962e-14,-7.32309456545613e-17
558.27,-5.002268635707893e-14,-7.316113583227141e-17
558.28,-5.00186446095435e-14,-7.319618166701368e-17
558.29,-5.001473258469192e-14,-7.330653647053195e-17
558.3,-5.000960142624976e-14,-7.322661626066706e-17
558.31,-5.0004484483015666e-14,-7.29673067187267e-17
558.32,-5.0001065627018693e-14,-7.313207789934148e-17
558.33,-4.999660827647835e-14,-7.310229014362698e-17
558.34,-4.9992637369716073e-14,-7.311922145706399e-17
558.35,-4.99876265524929e-14,-7.30149894858906e-17
558.36,-4.9983580975078e-14,-7.304827204349958e-17
558.37,-4.9978939275688263e-14,-7.308849612188404e-17
558.38,-4.9975207721956776e-14,-7.312080339326296e-17
558.39,-4.996916148424586e-14,-7.242084188875407e-17
558.4,-4.9965773424947806e-14,-7.296083987194005e-17
558.41,-4.996197119449673e-14,-7.313212808032751e-17
558.42,-4.9957459305706603e-14,-7.303138248565354e-17
558.43,-4.9952825185451026e-14,-7.296288497941674e-17
558.44,-4.994793522513988e-14,-7.280870429500464e-17
558.45,-4.994452323044255e-14,-7.301009672785085e-17
558.46,-4.993983250406318e-14,-7.297471280909914e-17
558.47,-4.9935743620400734e-14,-7.29521909035214e-17
558.48,-4.9933432740506694e-14,-7.347883990857983e-17
558.49,-4.9926820521789546e-14,-7.286198524208195e-17
558.5,-4.992238272162446e-14,-7.292582532899274e-17
558.51,-4.991796412265923e-14,-7.294728802423861e-17
558.52,-4.991420008228403e-14,-7.302016270932781e-17
558.53,-4.9909535132997e-14,-7.290662442699193e-17
558.54,-4.9905902619204053e-14,-7.312293141113736e-17
558.55,-4.990060466733025e-14,-7.282319169403923e-17
558.56,-4.98953963587177e-14,-7.263324806315982e-17
558.57,-4.989218346258488e-14,-7.282063308731167e-17
558.58,-4.9887787837033425e-14,-7.29046145683107e-17
558.59,-4.9882969978982524e-14,-7.298775463211927e-17
558.6,-4.9878905677708447e-14,-7.280087744679988e-17
558.61,-4.9874461496433656e-14,-7.276921082239243e-17
558.62,-4.987028377590206e-14,-7.284447931534603e-17
558.63,-4.986599032113788e-14,-7.296028898267417e-17
558.64,-4.986156147364303e-14,-7.27786925732832e-17
558.65,-4.985710668609869e-14,-7.28724674657344e-17
558.66,-4.985274009662599e-14,-7.284736207844693e-17
558.67,-4.984893911017743e-14,-7.288308211014604e-17
558.68,-4.984414117258036e-14,-7.292372563335269e-17
558.69,-4.983976424170715e-14,-7.27580946620289e-17
558.7,-4.983645604577578e-14,-7.310630096007499e-17
558.71,-4.983146226368557e-14,-7.286324640794256e-17
558.72,-4.9826864643172423e-14,-7.278539542855238e-17
558.73,-4.982256747526855e-14,-7.275112480644652e-17
558.74,-4.9818007468404346e-14,-7.260806599725355e-17
558.75,-4.9813491572680283e-14,-7.262151824977769e-17
558.76,-4.980972582916215e-14,-7.28319462723234e-17
558.77,-4.98054536107669e-14,-7.276302012657326e-17
558.78,-4.9800647420213213e-14,-7.255156517279891e-17
558.79,-4.97963173415239e-14,-7.265633193680188e-17
558.8,-4.979208398213964e-14,-7.269365281949695e-17
558.81,-4.978742044058766e-14,-7.253476826790269e-17
558.82,-4.978373964678162e-14,-7.25304171855459e-17
558.83,-4.9779078430403374e-14,-7.270959050866503e-17
558.84,-4.9774967407493914e-14,-7.24488479003454e-17
558.85,-4.9770687898406726e-14,-7.265145393460764e-17
558.86,-4.97661565562196e-14,-7.258547517513411e-17
558.87,-4.9762014542175976e-14,-7.266257029995005e-17
558.88,-4.9757735421652103e-14,-7.267833507318394e-17
558.89,-4.975302403038262e-14,-7.264000814288126e-17
558.9,-4.974874690236256e-14,-7.249477596657604e-17
558.91,-4.974429906240121e-14,-7.260710563577579e-17
558.92,-4.9740230298531915e-14,-7.258695974347432e-17
558.93,-4.973577946246985e-14,-7.256573478454986e-17
558.94,-4.973137623220403e-14,-7.257218235002625e-17
558.95,-4.972724985014368e-14,-7.259938545695484e-17
558.96,-4.9722417803720125e-14,-7.245589538584867e-17
558.97,-4.971796565217431e-14,-7.240021829997994e-17
558.98,-4.9714004634698434e-14,-7.25079583178818e-17
558.99,-4.970940681178678e-14,-7.237394825817648e-17
559.0,-4.970558984007585e-14,-7.259853595501336e-17
559.01,-4.970136002235201e-14,-7.268781366138373e-17
559.02,-4.969704395602948e-14,-7.270459916000241e-17
559.03,-4.9692315825769417e-14,-7.239379003681197e-17
559.04,-4.9688154374881834e-14,-7.253252927826051e-17
559.05,-4.9683391385475005e-14,-7.230609303709646e-17
559.06,-4.96798547711942e-14,-7.271048656937765e-17
559.07,-4.967517645470318e-14,-7.251774429098388e-17
559.08,-4.967063833559772e-14,-7.238323351865428e-17
559.09,-4.9666827728086065e-14,-7.248821382021614e-17
559.1,-4.966251255002675e-14,-7.256836573249337e-17
559.11,-4.965782131402285e-14,-7.234989364391151e-17
559.12,-4.965318451980912e-14,-7.243091033787646e-17
559.13,-4.9649100137741576e-14,-7.24479904528727e-17
559.14,-4.964456394578421e-14,-7.224403952191008e-17
559.15,-4.9640722371243647e-14,-7.236694744275434e-17
559.16,-4.963635354658779e-14,-7.240747858836991e-17
559.17,-4.9631504310894336e-14,-7.243383810265951e-17
559.18,-4.962736582275559e-14,-7.218094473908608e-17
559.19,-4.9622972863806713e-14,-7.223942629929299e-17
559.2,-4.961915580673242e-14,-7.238451727984767e-17
559.21,-4.961434413786993e-14,-7.22729196250081e-17
559.22,-4.961023370427474e-14,-7.236869625018311e-17
559.23,-4.960630846905999e-14,-7.240975771911473e-17
559.24,-4.96019205709755e-14,-7.243614983524724e-17
559.25,-4.959702230183775e-14,-7.213364321214571e-17
559.26,-4.959271232338732e-14,-7.23150604878443e-17
559.27,-4.958734749095696e-14,-7.162076860088582e-17
559.28,-4.958498629069541e-14,-7.259805477205683e-17
559.29,-4.9580225693249947e-14,-7.236470950591626e-17
559.3,-4.9575702520102595e-14,-7.228979225498302e-17
559.31,-4.957135901333055e-14,-7.224509266318232e-17
559.32,-4.956716481970581e-14,-7.222426470336737e-17
559.33,-4.956296716871848e-14,-7.231116053448712e-17
559.34,-4.9558764123852406e-14,-7.221720446928438e-17
559.35,-4.95534624160555e-14,-7.225711827607955e-17
559.36,-4.955094178456694e-14,-7.299360855371368e-17
559.37,-4.954518969529172e-14,-7.206841357835757e-17
559.38,-4.954129449795061e-14,-7.218774259995432e-17
559.39,-4.953695867311468e-14,-7.22584610701338e-17
559.4,-4.9532400398828953e-14,-7.203532265749368e-17
559.41,-4.952882151199199e-14,-7.222163082279107e-17
559.42,-4.952393395941539e-14,-7.211964451459247e-17
559.43,-4.9519768676848504e-14,-7.220355725546066e-17
559.44,-4.951537085717362e-14,-7.208175951056759e-17
559.45,-4.951098720076484e-14,-7.189709605029042e-17
559.46,-4.9507124345636113e-14,-7.236160699296177e-17
559.47,-4.9502479767164036e-14,-7.221141353011314e-17
559.48,-4.949845874427072e-14,-7.229155181557426e-17
559.49,-4.9494015430613744e-14,-7.211091925592217e-17
559.5,-4.9489378059789034e-14,-7.193011888828551e-17
559.51,-4.948528441652903e-14,-7.216026273028127e-17
559.52,-4.9481005223241593e-14,-7.205911294248991e-17
559.53,-4.9477465704538253e-14,-7.23212723454607e-17
559.54,-4.9472441423011065e-14,-7.220377952390816e-17
559.55,-4.94678114408283e-14,-7.196928628223861e-17
559.56,-4.946391157337513e-14,-7.206016745515898e-17
559.57,-4.945959337761371e-14,-7.210097485851009e-17
559.58,-4.9455195152113573e-14,-7.213013962722926e-17
559.59,-4.945065154198767e-14,-7.198125279401448e-17
559.6,-4.944673526820193e-14,-7.210682872079624e-17
559.61,-4.944206315255842e-14,-7.198787816378271e-17
559.62,-4.9438967880650234e-14,-7.212108897724387e-17
559.63,-4.943342309537596e-14,-7.18985221562087e-17
559.64,-4.94296747748941e-14,-7.24813502892265e-17
559.65,-4.942517174825381e-14,-7.195252195476427e-17
559.66,-4.942075265449731e-14,-7.203059202490289e-17
559.67,-4.941655731949372e-14,-7.201247211595783e-17
559.68,-4.941202543417518e-14,-7.196783309100246e-17
559.69,-4.940787204896819e-14,-7.197817608950564e-17
559.7,-4.940368740232703e-14,-7.199874113528812e-17
559.71,-4.940064734187446e-14,-7.380311087669985e-17
559.72,-4.939482397594669e-14,-7.190901546260909e-17
559.73,-4.9391041740082714e-14,-7.208776122837692e-17
559.74,-4.938631493558834e-14,-7.186605690161273e-17
559.75,-4.9382128938064184e-14,-7.203845789057851e-17
559.76,-4.9377603367530917e-14,-7.163456711399616e-17
559.77,-4.93735079139567e-14,-7.186831654534435e-17
559.78,-4.9369291082934414e-14,-7.187997542445286e-17
559.79,-4.93652259293375e-14,-7.202324461674187e-17
559.8,-4.93587800703907e-14,-7.028617435643851e-17
559.81,-4.935626114158566e-14,-7.186615059946769e-17
559.82,-4.935199752581627e-14,-7.172302335142462e-17
559.83,-4.934793761071838e-14,-7.193917180758576e-17
559.84,-4.9343513282222707e-14,-7.187403871153806e-17
559.85,-4.933929881049312e-14,-7.19240051955363e-17
559.86,-4.933492990356859e-14,-7.175315575086732e-17
559.87,-4.93305080447672e-14,-7.190078205968554e-17
559.88,-4.93280478283041e-14,-7.204115941905239e-17
559.89,-4.932166982148783e-14,-7.190863607397535e-17
559.9,-4.931753129541556e-14,-7.169968972557881e-17
559.91,-4.9313035145230217e-14,-7.177981600582122e-17
559.92,-4.9309266943798936e-14,-7.179624281011461e-17
559.93,-4.9304871377414416e-14,-7.181379088344165e-17
559.94,-4.9300457582434146e-14,-7.113263474386185e-17
559.95,-4.929646144145483e-14,-7.183432545168372e-17
559.96,-4.929203116579724e-14,-7.160650487408143e-17
559.97,-4.928778401437136e-14,-7.1969270647301e-17
559.98,-4.9283058182238555e-14,-7.218547118514335e-17
559.99,-4.927944065798444e-14,-7.18524276044166e-17
560.0,-4.927473512683297e-14,-7.152408797545702e-17
560.01,-4.927049372048382e-14,-7.169412803539268e-17
560.02,-4.9266215390085584e-14,-7.165776864761505e-17
560.03,-4.926220970267699e-14,-7.170655227979214e-17
560.04,-4.925784216488262e-14,-7.185650284735537e-17
560.05,-4.925348122153806e-14,-7.171424386300777e-17
560.06,-4.9249306989390865e-14,-7.184682882773426e-17
560.07,-4.9244157799612085e-14,-7.150846984215711e-17
560.08,-4.924099715939916e-14,-7.144264257747031e-17
560.09,-4.92361183522096e-14,-7.149660286447298e-17
560.1,-4.9232211185323295e-14,-7.17109530254218e-17
560.11,-4.9228076734900965e-14,-7.164689643204979e-17
560.12,-4.922328834959354e-14,-7.16032777395701e-17
560.13,-4.92193121908688e-14,-7.177528918403519e-17
560.14,-4.921532063180763e-14,-7.173903740943936e-17
560.15,-4.921084413375492e-14,-7.158150978207883e-17
560.16,-4.9206370349409356e-14,-7.162234920472212e-17
560.17,-4.920230540907775e-14,-7.164705227648284e-17
560.18,-4.91981402767761e-14,-7.17927916629265e-17
560.19,-4.9193590395590956e-14,-7.138329430525926e-17
560.2,-4.918922293316539e-14,-7.147508208753663e-17
560.21,-4.9185055018918125e-14,-7.140001786734721e-17
560.22,-4.918074400172272e-14,-7.155853833585732e-17
560.23,-4.9176657187782174e-14,-7.164704545043639e-17
560.24,-4.9172397083266936e-14,-7.162994333760036e-17
560.25,-4.9168016130197836e-14,-7.167116868470168e-17
560.26,-4.9163631682321944e-14,-7.14826811491232e-17
560.27,-4.9159087044511586e-14,-7.144922838546122e-17
560.28,-4.915533724837903e-14,-7.150579201612568e-17
560.29,-4.915085566795299e-14,-7.13317198873697e-17
560.3,-4.9146523608466376e-14,-7.150735971952411e-17
560.31,-4.9142397483457726e-14,-7.156338407856415e-17
560.32,-4.913802916837762e-14,-7.131383216603259e-17
560.33,-4.913372610915506e-14,-7.145519225248095e-17
560.34,-4.913039676390202e-14,-7.166402935576373e-17
560.35,-4.912510741873907e-14,-7.159323341140518e-17
560.36,-4.912016673493607e-14,-7.080723604618762e-17
560.37,-4.911686032349684e-14,-7.145737683853293e-17
560.38,-4.911264561798984e-14,-7.158483123734653e-17
560.39,-4.9108036169595526e-14,-7.148664159968291e-17
560.4,-4.910401388490651e-14,-7.13727736541249e-17
560.41,-4.909995520401493e-14,-7.155246335179416e-17
560.42,-4.9095596056305816e-14,-7.154525463546871e-17
560.43,-4.909142421347342e-14,-7.141889356313267e-17
560.44,-4.9086779811787445e-14,-7.149059551672222e-17
560.45,-4.9082563444630225e-14,-7.232910645961997e-17
560.46,-4.9078393648285756e-14,-7.142292580171552e-17
560.47,-4.90742252718601e-14,-7.149154452227852e-17
560.48,-4.9069910756709506e-14,-7.130693531333845e-17
560.49,-4.9065699272856824e-14,-7.158858805239332e-17
560.5,-4.906135242859721e-14,-7.145578677624491e-17
560.51,-4.905693772364811e-14,-7.133270825215996e-17
560.52,-4.9053047180630635e-14,-7.143983103412579e-17
560.53,-4.904889946271258e-14,-7.108345060410584e-17
560.54,-4.904397416295052e-14,-7.142438625054644e-17
560.55,-4.9040013261900656e-14,-7.136333547355292e-17
560.56,-4.9035876164228474e-14,-7.121054034807987e-17
560.57,-4.903162241193704e-14,-7.136796229356238e-17
560.58,-4.902721483661627e-14,-7.128834091030414e-17
560.59,-4.9023402465138254e-14,-7.136627395858596e-17
560.6,-4.901877653491073e-14,-7.129275565874199e-17
560.61,-4.90145118233199e-14,-7.111843818700015e-17
560.62,-4.901040104660179e-14,-7.123655077526022e-17
560.63,-4.9006081861043555e-14,-7.12764075269049e-17
560.64,-4.9001452961423764e-14,-7.116072487617407e-17
560.65,-4.8997375657123714e-14,-7.12793450532635e-17
560.66,-4.899322654178905e-14,-7.140143224760535e-17
560.67,-4.8988802057794275e-14,-7.153085975483776e-17
560.68,-4.89846513489793e-14,-7.129288476942818e-17
560.69,-4.898011999717976e-14,-7.151939590127398e-17
560.7,-4.897655342244466e-14,-7.121509637599756e-17
560.71,-4.897195868057195e-14,-7.11363662147263e-17
560.72,-4.8968203763255654e-14,-7.114706457898497e-17
560.73,-4.8963512969247916e-14,-7.119191075200379e-17
560.74,-4.895944251161483e-14,-7.117247189389209e-17
560.75,-4.895488625691797e-14,-7.131500618171103e-17
560.76,-4.895073315007539e-14,-7.113992170767778e-17
560.77,-4.89464732537763e-14,-7.116561641019903e-17
560.78,-4.894233289713089e-14,-7.11496285249052e-17
560.79,-4.8937606187161396e-14,-7.114455636204014e-17
560.8,-4.8933861377281884e-14,-7.096654268126266e-17
560.81,-4.892943871755783e-14,-7.125438975112164e-17
560.82,-4.892531749773795e-14,-7.106308045899818e-17
560.83,-4.892092687384733e-14,-7.099473107448062e-17
560.84,-4.891651821326262e-14,-7.109081090599062e-17
560.85,-4.891222275202032e-14,-7.120569901959362e-17
560.86,-4.8908270011060605e-14,-7.10895660137012e-17
560.87,-4.890415452440887e-14,-7.10907671838137e-17
560.88,-4.889963430773328e-14,-7.112256344083331e-17
560.89,-4.8895425616689377e-14,-7.11406113183346e-17
560.9,-4.889191292061082e-14,-7.121335308575211e-17
560.91,-4.888732421331784e-14,-7.105305730145099e-17
560.92,-4.888274151878773e-14,-7.105032888440998e-17
560.93,-4.8878452097312755e-14,-7.105080965187947e-17
560.94,-4.887465586851584e-14,-7.094168440653296e-17
560.95,-4.8870094162294783e-14,-7.106450733276441e-17
560.96,-4.886636493003774e-14,-7.079503458689563e-17
560.97,-4.886136705498117e-14,-7.094492176648819e-17
560.98,-4.8857349424281123e-14,-7.114326337416468e-17
560.99,-4.885307503237929e-14,-7.097857760871824e-17
561.0,-4.884884044178635e-14,-7.109111514702788e-17
561.01,-4.8844563329794026e-14,-7.096931312706813e-17
561.02,-4.8841720914270373e-14,-7.067218568153447e-17
561.03,-4.883632138436527e-14,-7.099920310312446e-17
561.04,-4.8831663873566336e-14,-7.109068911563036e-17
561.05,-4.8827669157199527e-14,-7.099040663562468e-17
561.06,-4.882333384275124e-14,-7.115174121392794e-17
561.07,-4.881909097016561e-14,-7.109965649818358e-17
561.08,-4.881454549193812e-14,-7.075406122023815e-17
561.09,-4.8810678667698345e-14,-7.088074228137299e-17
561.1,-4.8806250863883435e-14,-7.093982650729673e-17
561.11,-4.8802757047738536e-14,-7.086932202873658e-17
561.12,-4.87981559528269e-14,-7.099422577616177e-17
561.13,-4.879370984334931e-14,-7.095342460867071e-17
561.14,-4.878960043833343e-14,-7.097323432417457e-17
561.15,-4.8785717850830184e-14,-7.076943611918839e-17
561.16,-4.878103616619107e-14,-7.091757032127632e-17
561.17,-4.877663921803282e-14,-7.090503283882213e-17
561.18,-4.8772788149273707e-14,-7.09086403680356e-17
561.19,-4.876856601647981e-14,-7.0855614494187e-17
561.2,-4.8764217532191135e-14,-7.105665507244598e-17
561.21,-4.8760164076766043e-14,-7.083593792233186e-17
561.22,-4.8755695586957975e-14,-7.087018885474951e-17
561.23,-4.875147737729577e-14,-7.087434896881352e-17
561.24,-4.874860760091894e-14,-7.032011146890758e-17
561.25,-4.874269790620003e-14,-7.108031837823346e-17
561.26,-4.873856948829489e-14,-7.081035164751021e-17
561.27,-4.87346717345996e-14,-7.080727315150975e-17
561.28,-4.8730448770764707e-14,-7.082020871971158e-17
561.29,-4.872631795792507e-14,-7.079604191025645e-17
561.3,-4.8722393217942854e-14,-7.065239729113946e-17
561.31,-4.871730312797133e-14,-7.102168968453715e-17
561.32,-4.8713580292888845e-14,-7.082839503094529e-17
561.33,-4.870975902696046e-14,-7.119915846697417e-17
561.34,-4.870487022726518e-14,-7.078344151554848e-17
561.35,-4.870074530570828e-14,-7.082682796973498e-17
561.36,-4.86966176632876e-14,-7.083979740282871e-17
561.37,-4.8692306808531556e-14,-7.071835081589754e-17
561.38,-4.868820950849951e-14,-7.075171083649534e-17
561.39,-4.868368804487088e-14,-7.061715162971288e-17
561.4,-4.8679650192497674e-14,-7.077051464663928e-17
561.41,-4.8675566995834894e-14,-7.072887926807738e-17
561.42,-4.8671669204936595e-14,-7.085523666389295e-17
561.43,-4.86668322770236e-14,-7.074901425094798e-17
561.44,-4.866286907558554e-14,-7.071199893599186e-17
561.45,-4.865847704482203e-14,-7.077916240308911e-17
561.46,-4.8653875621211696e-14,-7.077819487854121e-17
561.47,-4.8650562432506446e-14,-7.057493569208257e-17
561.48,-4.8646080233593596e-14,-7.071496362896214e-17
561.49,-4.864191466132825e-14,-7.072831752118486e-17
561.5,-4.863772248743219e-14,-7.067091353975977e-17
561.51,-4.8632973706145095e-14,-7.077163979276201e-17
561.52,-4.8629488499250195e-14,-7.060815944478244e-17
561.53,-4.862543245162282e-14,-7.074149212765962e-17
561.54,-4.86205196430233e-14,-7.070613148776688e-17
561.55,-4.861665051165976e-14,-7.060468255661925e-17
561.56,-4.86126938125549e-14,-7.060549384955178e-17
561.57,-4.86083767236933e-14,-7.085608108125262e-17
561.58,-4.860412168389696e-14,-7.077331049659363e-17
561.59,-4.8600066008445655e-14,-7.059612496552887e-17
561.6,-4.8595282985660585e-14,-7.047985866064087e-17
561.61,-4.858963213091403e-14,-7.077896579590269e-17
561.62,-4.8586860810408775e-14,-7.04450917881177e-17
561.63,-4.858278837921449e-14,-7.064064466421487e-17
561.64,-4.857861131211031e-14,-7.060755935894256e-17
561.65,-4.857451170110667e-14,-7.072611516832288e-17
561.66,-4.857032312640857e-14,-7.085087862693358e-17
561.67,-4.856622144998147e-14,-7.0666453654567e-17
561.68,-4.856176890833362e-14,-7.058467465807984e-17
561.69,-4.855764914700088e-14,-7.057443005766156e-17
561.7,-4.8552864874760904e-14,-7.072696015302774e-17
561.71,-4.8549142069687873e-14,-7.061141600817703e-17
561.72,-4.854443899165571e-14,-7.058798170262217e-17
561.73,-4.8541592477695066e-14,-7.051304542624021e-17
561.74,-4.8536589476699446e-14,-7.058825190413394e-17
561.75,-4.8531079045387255e-14,-7.069268094965335e-17
561.76,-4.852819802480083e-14,-7.053895203471754e-17
561.77,-4.852371223120783e-14,-7.058336059878482e-17
561.78,-4.851953150964244e-14,-7.048858364205652e-17
561.79,-4.8514787428701204e-14,-7.057372870126796e-17
561.8,-4.85110728379182e-14,-7.074935134488448e-17
561.81,-4.85064407607931e-14,-7.057660630132373e-17
561.82,-4.8502607549192125e-14,-7.057211986149378e-17
561.83,-4.849883251192474e-14,-7.04601104662465e-17
561.84,-4.84940687656144e-14,-7.064809682855775e-17
561.85,-4.8490517180662437e-14,-7.052510612060591e-17
561.86,-4.848610945137491e-14,-7.046911995089316e-17
561.87,-4.848121371081169e-14,-7.011365829665416e-17
561.88,-4.847756742056045e-14,-7.04409811210258e-17
561.89,-4.8476312057971615e-14,-7.322080200518247e-17
561.9,-4.846912642427814e-14,-7.056775988348855e-17
561.91,-4.846511734825376e-14,-7.058210562803859e-17
561.92,-4.8460778166946376e-14,-7.039495010392815e-17
561.93,-4.8456600647171505e-14,-7.057961348719014e-17
561.94,-4.845248435769301e-14,-7.045091461637938e-17
561.95,-4.844833535853348e-14,-7.048956098748823e-17
561.96,-4.8444243784334964e-14,-7.041494381054431e-17
561.97,-4.843993280624015e-14,-7.035202882380905e-17
561.98,-4.8441246663579276e-14,-7.01523132410009e-17
561.99,-4.843162536905141e-14,-7.048433865745971e-17
562.0,-4.842715248827506e-14,-7.045828193072684e-17
562.01,-4.8422871469679665e-14,-7.038266448448613e-17
562.02,-4.841832893085541e-14,-7.043282766993209e-17
562.03,-4.8414489130435316e-14,-7.038252439841247e-17
562.04,-4.840993183686221e-14,-7.037915839071786e-17
562.05,-4.840684554617688e-14,-7.029292203882207e-17
562.06,-4.840215028107531e-14,-7.040512640096406e-17
562.07,-4.839809585005631e-14,-7.005919738325786e-17
562.08,-4.839376770221204e-14,-7.02615371762343e-17
562.09,-4.8389477642015914e-14,-7.047069491945623e-17
562.1,-4.838493403829411e-14,-7.032332040762775e-17
562.11,-4.838124465798845e-14,-7.03633187378608e-17
562.12,-4.8376938910200284e-14,-7.023538184150078e-17
562.13,-4.837303605904525e-14,-7.039583077384787e-17
562.14,-4.8368434764887515e-14,-7.036653397701527e-17
562.15,-4.8364422003811934e-14,-7.030346246501959e-17
562.16,-4.836111836272536e-14,-7.056179221830386e-17
562.17,-4.835576914812107e-14,-7.028861432509644e-17
562.18,-4.835164169843884e-14,-7.026813991742815e-17
562.19,-4.834778886319856e-14,-7.031914514257109e-17
562.2,-4.8343542567972845e-14,-7.031644402254097e-17
562.21,-4.833918022317312e-14,-7.0251856940369e-17
562.22,-4.833457472948843e-14,-7.020877160731498e-17
562.23,-4.832986049320622e-14,-7.02396763332995e-17
562.24,-4.832672829982434e-14,-7.028632786421778e-17
562.25,-4.8323751467800755e-14,-7.030588953686e-17
562.26,-4.83187932585595e-14,-7.021559406676645e-17
562.27,-4.831396960038981e-14,-7.019787400655843e-17
562.28,-4.8309847827743815e-14,-7.029529048703527e-17
562.29,-4.830689649018057e-14,-7.027414035994507e-17
562.3,-4.8301300904358604e-14,-7.017441486801775e-17
562.31,-4.829759438908447e-14,-7.021990664350712e-17
562.32,-4.8293042625059564e-14,-7.027383562041554e-17
562.33,-4.8289099040008804e-14,-7.024526032602906e-17
562.34,-4.828548006300926e-14,-7.025810016251687e-17
562.35,-4.828057532666723e-14,-7.021795408965042e-17
562.36,-4.8276335056977013e-14,-7.017567362830587e-17
562.37,-4.827261724769421e-14,-7.020017196448724e-17
562.38,-4.8268230151036914e-14,-7.02174504255674e-17
562.39,-4.826344558683265e-14,-7.015698934756708e-17
562.4,-4.825990540553725e-14,-7.022068725490777e-17
562.41,-4.825610143706338e-14,-7.026212988836422e-17
562.42,-4.825064143294558e-14,-7.017772531439307e-17
562.43,-4.824750065046069e-14,-7.015702366862584e-17
562.44,-4.8243217833744206e-14,-7.016428916047744e-17
562.45,-4.82390998072862e-14,-7.01563676747667e-17
562.46,-4.8234539315198554e-14,-7.012063272739912e-17
562.47,-4.823035309036168e-14,-7.007203423794164e-17
562.48,-4.822537180846827e-14,-7.006265240753505e-17
562.49,-4.82220331279401e-14,-7.014589435374015e-17
562.5,-4.821957590251987e-14,-7.024809000289432e-17
562.51,-4.8212911249510397e-14,-6.996822631420203e-17
562.52,-4.8209474136463846e-14,-7.010847485692272e-17
562.53,-4.820601016363033e-14,-7.01745130218263e-17
562.54,-4.82015220662532e-14,-7.010393550595146e-17
562.55,-4.819524441706896e-14,-6.986730647235025e-17
562.56,-4.819246777111591e-14,-7.002142493132599e-17
562.57,-4.8188945682485525e-14,-7.006996033192133e-17
562.58,-4.8184753478689884e-14,-7.011343510461691e-17
562.59,-4.818065726719902e-14,-6.997389195895386e-17
562.6,-4.81761782135735e-14,-7.000461935965466e-17
562.61,-4.817206423278628e-14,-7.008016759215407e-17
562.62,-4.816774192838246e-14,-6.987708893724624e-17
562.63,-4.8164068079483895e-14,-7.000019968626051e-17
562.64,-4.815874887434631e-14,-6.984723035646167e-17
562.65,-4.815525079937522e-14,-6.993892525500698e-17
562.66,-4.8151042944274806e-14,-7.000213285690994e-17
562.67,-4.814751217469478e-14,-7.030436312149797e-17
562.68,-4.8142875652313396e-14,-6.995822230756588e-17
562.69,-4.8139399880770684e-14,-7.005174959298235e-17
562.7,-4.8134309735485244e-14,-7.002868830091565e-17
562.71,-4.8130801033188035e-14,-7.004881175165142e-17
562.72,-4.812666860689886e-14,-7.003587023175585e-17
562.73,-4.812223253180381e-14,-6.996822511348926e-17
562.74,-4.811784849785578e-14,-7.000829578638641e-17
562.75,-4.8114660457905965e-14,-7.008889964448494e-17
562.76,-4.810904769833347e-14,-6.986033287284265e-17
562.77,-4.8105565100026464e-14,-6.995611280881475e-17
562.78,-4.8100728600582204e-14,-6.989102596848016e-17
562.79,-4.809684854148393e-14,-6.993128852509755e-17
562.8,-4.8092979408741406e-14,-6.989061624106497e-17
562.81,-4.808889243630403e-14,-6.998229210093075e-17
562.82,-4.808430664671659e-14,-6.988770512373879e-17
562.83,-4.808055061906602e-14,-6.989104637381711e-17
562.84,-4.8076886704182507e-14,-7.003960252135094e-17
562.85,-4.807211469114192e-14,-6.989396062283072e-17
562.86,-4.806797606245785e-14,-6.99392815652187e-17
562.87,-4.806421866750229e-14,-6.995681074698497e-17
562.88,-4.805981155682697e-14,-6.989154763970005e-17
562.89,-4.805546712168087e-14,-6.995332433118806e-17
562.9,-4.8051228742419775e-14,-6.99456049325243e-17
562.91,-4.8046940184882935e-14,-6.981510437177732e-17
562.92,-4.804283221105203e-14,-6.976284998204295e-17
562.93,-4.803901649253854e-14,-6.990584905990659e-17
562.94,-4.8034531092111757e-14,-6.982266232976896e-17
562.95,-4.803046507908494e-14,-6.981206617347702e-17
562.96,-4.802569677930671e-14,-6.969535253900504e-17
562.97,-4.8022549829964707e-14,-6.982556602921663e-17
562.98,-4.801803142876607e-14,-6.981337861663806e-17
562.99,-4.801519111658727e-14,-7.004296824988196e-17
563.0,-4.800884649254836e-14,-6.964036500501149e-17
563.01,-4.8005474511313994e-14,-6.972034153798773e-17
563.02,-4.8001061119674404e-14,-6.970021750233153e-17
563.03,-4.799693962814639e-14,-6.979533618575572e-17
563.04,-4.799371661343236e-14,-6.989779729728916e-17
563.05,-4.798900140161897e-14,-6.974885478479682e-17
563.06,-4.798514965286131e-14,-6.983258632572773e-17
563.07,-4.798054279039628e-14,-6.970869327532328e-17
563.08,-4.7977091079489337e-14,-6.987280281581291e-17
563.09,-4.7972242180855056e-14,-6.981007015040864e-17
563.1,-4.7968116858153704e-14,-6.97696456170408e-17
563.11,-4.7964021636967e-14,-6.960952253461116e-17
563.12,-4.7960983035587154e-14,-6.989418566481213e-17
563.13,-4.7955802546751816e-14,-6.973395672534431e-17
563.14,-4.795158930113956e-14,-6.990010903685435e-17
563.15,-4.794801576888541e-14,-6.979523778273394e-17
563.16,-4.7943178644940236e-14,-6.961070595588386e-17
563.17,-4.793947448614959e-14,-6.979373340635229e-17
563.18,-4.793488119962093e-14,-6.969738310950415e-17
563.19,-4.7931691123425306e-14,-6.987293114015435e-17
563.2,-4.79267343417738e-14,-6.966082989801358e-17
563.21,-4.7924711640787457e-14,-7.031584883420838e-17
563.22,-4.7917682569333506e-14,-6.943258085250356e-17
563.23,-4.791412881807461e-14,-6.965773178177023e-17
563.24,-4.791042376649032e-14,-6.97251562841903e-17
563.25,-4.790617747702922e-14,-6.969658954579557e-17
563.26,-4.7901782918083015e-14,-6.960533093917638e-17
563.27,-4.7898725831214007e-14,-6.994570121144104e-17
563.28,-4.789350554058429e-14,-6.95989317542422e-17
563.29,-4.788934386441138e-14,-6.96917151845105e-17
563.3,-4.7886182005603485e-14,-6.983735474506044e-17
563.31,-4.788040404704329e-14,-6.94425745801801e-17
563.32,-4.7877110150546256e-14,-6.96617081214835e-17
563.33,-4.787308994866985e-14,-6.957151103657318e-17
563.34,-4.786877635116996e-14,-6.976047346362609e-17
563.35,-4.78645696381326e-14,-6.974729810477223e-17
563.36,-4.7860654099948014e-14,-6.967853980242046e-17
563.37,-4.785625492018111e-14,-6.959174409261677e-17
563.38,-4.7851391603196636e-14,-6.967397947343524e-17
563.39,-4.784826338014907e-14,-6.946087491035339e-17
563.4,-4.784387206785135e-14,-6.953953312272537e-17
563.41,-4.783998724676462e-14,-6.962018932903031e-17
563.42,-4.783567084830598e-14,-6.958542312522272e-17
563.43,-4.783123783400288e-14,-6.951863191679901e-17
563.44,-4.782791547243345e-14,-6.972468695387025e-17
563.45,-4.782314943890876e-14,-6.957491344467061e-17
563.46,-4.781916674420255e-14,-6.960220761000564e-17
563.47,-4.781398864620381e-14,-6.949403296785257e-17
563.48,-4.7810287723556727e-14,-6.939355492675045e-17
563.49,-4.780710246220477e-14,-6.969558437234316e-17
563.5,-4.780271694328091e-14,-6.95533366636106e-17
563.51,-4.779847403144493e-14,-6.960786458087327e-17
563.52,-4.779386800463828e-14,-6.938328224040936e-17
563.53,-4.779040845216562e-14,-6.962658324362471e-17
563.54,-4.778618940651848e-14,-6.949381059079392e-17
563.55,-4.77820293591971e-14,-6.947968388874264e-17
563.56,-4.77723360994481e-14,-6.764529278363784e-17
563.57,-4.777369210377134e-14,-6.955300235143612e-17
563.58,-4.7767729126705166e-14,-6.897068649687983e-17
563.59,-4.776527767657057e-14,-6.950975335440676e-17
563.6,-4.776129348384441e-14,-6.941246919154144e-17
563.61,-4.775708861462067e-14,-6.947797797567633e-17
563.62,-4.775315406109511e-14,-6.942950111195094e-17
563.63,-4.774911776232524e-14,-6.949925427403996e-17
563.64,-4.774505292385504e-14,-6.945949410937276e-17
563.65,-4.774244103066141e-14,-6.843426591641133e-17
563.66,-4.773694160577336e-14,-6.938195076659943e-17
563.67,-4.773273772481863e-14,-6.957294321497396e-17
563.68,-4.7728046401722734e-14,-6.941336506070348e-17
563.69,-4.7723575437267036e-14,-6.929086651892881e-17
563.7,-4.772067495753243e-14,-6.970981870120201e-17
563.71,-4.771604750975379e-14,-6.945831910217323e-17
563.72,-4.771210500480624e-14,-6.938706900225007e-17
563.73,-4.770725231982378e-14,-6.925569734081846e-17
563.74,-4.770494989165419e-14,-7.046919062278858e-17
563.75,-4.7699414009447454e-14,-6.936104043095114e-17
563.76,-4.769434147628644e-14,-6.889793451718341e-17
563.77,-4.7690113470098977e-14,-6.892026960736392e-17
563.78,-4.7686968606539884e-14,-6.93573919006322e-17
563.79,-4.768453312543486e-14,-7.006105430143917e-17
563.8,-4.7678677989460493e-14,-6.928340791256219e-17
563.81,-4.7675079371800836e-14,-6.946742673174208e-17
563.82,-4.766989996924403e-14,-6.965428835018683e-17
563.83,-4.766646674485293e-14,-6.945547222274936e-17
563.84,-4.7662442536720504e-14,-6.943254374540414e-17
563.85,-4.7658845086792347e-14,-6.916869482089656e-17
563.86,-4.7653869729979824e-14,-6.926596260961017e-17
563.87,-4.7649710672862954e-14,-6.928124500444077e-17
563.88,-4.7645814907349934e-14,-6.942794553403336e-17
563.89,-4.764171630009504e-14,-6.927499179276557e-17
563.9,-4.763745293278554e-14,-6.93335348564409e-17
563.91,-4.7634007918485986e-14,-6.928388612372007e-17
563.92,-4.762946491702508e-14,-6.915446462900364e-17
563.93,-4.762637888216653e-14,-6.965478081876377e-17
563.94,-4.7622248933571243e-14,-6.971633224538713e-17
563.95,-4.761696817555198e-14,-6.925631994892543e-17
563.96,-4.761292636442626e-14,-6.927388165110916e-17
563.97,-4.7609122074453915e-14,-6.927376679751292e-17
563.98,-4.7604294706239e-14,-6.909399962526965e-17
563.99,-4.760023501414339e-14,-6.913986313507107e-17
564.0,-4.7595913190644537e-14,-6.905629817883398e-17
564.01,-4.7591860431651253e-14,-6.912236983553371e-17
564.02,-4.758856692984573e-14,-6.944459463916011e-17
564.03,-4.758375430953337e-14,-6.913194743504357e-17
564.04,-4.7580395187981984e-14,-6.946505516467733e-17
564.05,-4.7576106253386785e-14,-6.927875950842271e-17
564.06,-4.757205823101403e-14,-6.940638547737957e-17
564.07,-4.7567324532904226e-14,-6.907329291058696e-17
564.08,-4.7563356947391374e-14,-6.912397680476052e-17
564.09,-4.755935480999049e-14,-6.923999155410468e-17
564.1,-4.7555191504229575e-14,-6.915765881885574e-17
564.11,-4.7551148596713446e-14,-6.913216206536232e-17
564.12,-4.754693873208034e-14,-6.907271353801312e-17
564.13,-4.7543206776319016e-14,-6.9166687304925e-17
564.14,-4.753878689617313e-14,-6.915279217093734e-17
564.15,-4.753507650374715e-14,-6.91419076862612e-17
564.16,-4.7530455321502686e-14,-6.885470918902578e-17
564.17,-4.752730521817593e-14,-6.920208428571484e-17
564.18,-4.752262015962665e-14,-6.909389463593585e-17
564.19,-4.7517641080449775e-14,-6.895823328279189e-17
564.2,-4.7514214998815436e-14,-6.914139049001832e-17
564.21,-4.751013019228807e-14,-6.917617283759033e-17
564.22,-4.7505877588180126e-14,-6.896749549229667e-17
564.23,-4.750222743501568e-14,-6.936235153457462e-17
564.24,-4.7497666046408514e-14,-6.905090366023687e-17
564.25,-4.7493490851843924e-14,-6.897117413357693e-17
564.26,-4.749035781742751e-14,-6.942070496179321e-17
564.27,-4.7485317708015094e-14,-6.894845915890339e-17
564.28,-4.748102660232567e-14,-6.899188486990025e-17
564.29,-4.7476848958262186e-14,-6.89055675817626e-17
564.3,-4.7472270209186424e-14,-6.781387436382989e-17
564.31,-4.7469098857546466e-14,-6.901152516898714e-17
564.32,-4.746466930654492e-14,-6.886136260495856e-17
564.33,-4.74607971737175e-14,-6.901140601353348e-17
564.34,-4.745680507385747e-14,-6.909539309182478e-17
564.35,-4.7452595594222555e-14,-6.89779747996409e-17
564.36,-4.744842614486296e-14,-6.891880175388532e-17
564.37,-4.744437380466872e-14,-6.902004432680298e-17
564.38,-4.744050545627174e-14,-6.923034219487641e-17
564.39,-4.743566785136738e-14,-6.897842645589828e-17
564.4,-4.743219064658132e-14,-6.896736456879158e-17
564.41,-4.7427898331011734e-14,-6.900949784503997e-17
564.42,-4.7423914921950263e-14,-6.891694840927427e-17
564.43,-4.7420007732699865e-14,-6.905105473111098e-17
564.44,-4.741589339003075e-14,-6.886401056621394e-17
564.45,-4.741160249736226e-14,-6.891994253652546e-17
564.46,-4.740732795532025e-14,-6.86343044415176e-17
564.47,-4.740398261512971e-14,-6.931837109151762e-17
564.48,-4.739937870070637e-14,-6.87333614704329e-17
564.49,-4.739513892591893e-14,-6.885263259168688e-17
564.5,-4.739152247317486e-14,-6.911777252010621e-17
564.51,-4.738726399891694e-14,-6.895057693007241e-17
564.52,-4.738226986559857e-14,-6.835181022734628e-17
564.53,-4.7378973794171067e-14,-6.878237006737876e-17
564.54,-4.7374491415483746e-14,-6.841365837766689e-17
564.55,-4.737118922678919e-14,-6.897543162557091e-17
564.56,-4.736665191978775e-14,-6.895309842364467e-17
564.57,-4.73627133246226e-14,-6.89105865528088e-17
564.58,-4.735866342905789e-14,-6.885463823757185e-17
564.59,-4.735437616551101e-14,-6.881884790081972e-17
564.6,-4.735026520613123e-14,-6.875555328696696e-17
564.61,-4.7345624853971825e-14,-6.845910282890689e-17
564.62,-4.734229341469336e-14,-6.8726537971079e-17
564.63,-4.733755733774124e-14,-6.863459055686726e-17
564.64,-4.7334363520361584e-14,-6.883014726687232e-17
564.65,-4.7329856151609334e-14,-6.882440774922398e-17
564.66,-4.732568961687743e-14,-6.889729912784751e-17
564.67,-4.732175480466689e-14,-6.88656213621079e-17
564.68,-4.731777833147309e-14,-6.87947441569247e-17
564.69,-4.73134348915714e-14,-6.858144996047988e-17
564.7,-4.7309343610404085e-14,-6.884104396391824e-17
564.71,-4.730546941307031e-14,-6.87473388247754e-17
564.72,-4.7301306428879714e-14,-6.885806923850997e-17
564.73,-4.729739163658284e-14,-6.855224702277333e-17
564.74,-4.729339616756906e-14,-6.897464037791289e-17
564.75,-4.728857266082204e-14,-6.857550979853562e-17
564.76,-4.728504251177673e-14,-6.880497886227445e-17
564.77,-4.728075493189364e-14,-6.861049678367363e-17
564.78,-4.727669042112474e-14,-6.879667381502361e-17
564.79,-4.72728761490794e-14,-6.892937306231497e-17
564.8,-4.726870878402488e-14,-6.865603291279859e-17
564.81,-4.726479033724024e-14,-6.911259814841871e-17
564.82,-4.7260664266531423e-14,-6.868849715375629e-17
564.83,-4.7256388628475505e-14,-6.860162533814242e-17
564.84,-4.7251902504651656e-14,-6.869058479783688e-17
564.85,-4.724837051453939e-14,-6.871828545799002e-17
564.86,-4.724391268430854e-14,-6.863434953621038e-17
564.87,-4.72400777996611e-14,-6.856223573189052e-17
564.88,-4.723553065566231e-14,-6.852338099798472e-17
564.89,-4.7231937012184736e-14,-6.847834278352908e-17
564.9,-4.722794014691824e-14,-6.870267680453491e-17
564.91,-4.722336484432306e-14,-6.85433781848972e-17
564.92,-4.721950500066061e-14,-6.85049611316263e-17
564.93,-4.7215935520205135e-14,-6.876206190362859e-17
564.94,-4.7211475100467736e-14,-6.844856424745336e-17
564.95,-4.7207231951823546e-14,-6.852134211919312e-17
564.96,-4.720401327710268e-14,-6.930305565065737e-17
564.97,-4.719941523937121e-14,-6.86414486723073e-17
564.98,-4.719506063519502e-14,-6.832594937727463e-17
564.99,-4.719107526443369e-14,-6.85223497849753e-17
565.0,-4.718671222840097e-14,-6.829371367814469e-17
565.01,-4.718298066476459e-14,-6.85017017492786e-17
565.02,-4.7178815412390284e-14,-6.843963277622369e-17
565.03,-4.717496466275391e-14,-6.870358470366581e-17
565.04,-4.7170793009642656e-14,-6.857033927405267e-17
565.05,-4.716684293229806e-14,-6.830686739546915e-17
565.06,-4.7162684337804516e-14,-6.860561546377068e-17
565.07,-4.7158260595467775e-14,-6.843341809853516e-17
565.08,-4.715442510956252e-14,-6.842268679534405e-17
565.09,-4.7151172334862275e-14,-6.866317239793913e-17
565.1,-4.714630898360895e-14,-6.843843102138824e-17
565.11,-4.714235626341399e-14,-6.83954365409719e-17
565.12,-4.713840520241171e-14,-6.851888567916004e-17
565.13,-4.713403307147482e-14,-6.839616373977682e-17
565.14,-4.7130110521213706e-14,-6.851495017928115e-17
565.15,-4.712626139155677e-14,-6.849862859378731e-17
565.16,-4.712215237779143e-14,-6.849018477268302e-17
565.17,-4.7117822487312734e-14,-6.844189025668441e-17
565.18,-4.711334324871659e-14,-6.79151282305961e-17
565.19,-4.7109790534402726e-14,-6.80450733930029e-17
565.2,-4.710593946956014e-14,-6.834493160638372e-17
565.21,-4.710172213041854e-14,-6.844840429778202e-17
565.22,-4.709767567517068e-14,-6.849019005631944e-17
565.23,-4.709354762261811e-14,-6.847263936849153e-17
565.24,-4.708934267838856e-14,-6.862022760133302e-17
565.25,-4.708553205440671e-14,-6.82311745824349e-17
565.26,-4.708154543066749e-14,-6.833657359085553e-17
565.27,-4.707721099791373e-14,-6.87039726263716e-17
565.28,-4.707327750656139e-14,-6.818964169403122e-17
565.29,-4.706952971744193e-14,-6.841759938775164e-17
565.3,-4.706524444588874e-14,-6.832269393244329e-17
565.31,-4.706119700523554e-14,-6.805236448660984e-17
565.32,-4.705708778605121e-14,-6.842418587189635e-17
565.33,-4.7053385172879134e-14,-6.83940006614321e-17
565.34,-4.7048625788965906e-14,-6.831022395919355e-17
565.35,-4.7044753005328203e-14,-6.827684633733547e-17
565.36,-4.704051238689272e-14,-6.820246134339176e-17
565.37,-4.7036693711813665e-14,-6.821423923754934e-17
565.38,-4.703313314521131e-14,-6.832040448712759e-17
565.39,-4.702865476624767e-14,-6.831138410187059e-17
565.4,-4.7024157965930846e-14,-6.813878261967713e-17
565.41,-4.702046643586298e-14,-6.829559865315416e-17
565.42,-4.701614131597651e-14,-6.81133237612735e-17
565.43,-4.701225089751198e-14,-6.821770130496362e-17
565.44,-4.700821375192954e-14,-6.829782614390312e-17
565.45,-4.7004049743698005e-14,-6.795146411728977e-17
565.46,-4.700005589394805e-14,-6.839412648672962e-17
565.47,-4.699648810775854e-14,-6.83445932867868e-17
565.48,-4.699219719234585e-14,-6.811555329726922e-17
565.49,-4.698795709568924e-14,-6.819828230630264e-17
565.5,-4.6983919743076195e-14,-6.834180540178204e-17
565.51,-4.698018180449057e-14,-6.823150380950097e-17
565.52,-4.697578127981014e-14,-6.833804773581622e-17
565.53,-4.69715994205256e-14,-6.81181567654718e-17
565.54,-4.696763265921602e-14,-6.823607017588401e-17
565.55,-4.6963957261895216e-14,-6.787638127074827e-17
565.56,-4.695936235369923e-14,-6.804370466517228e-17
565.57,-4.695579814732392e-14,-6.813234839803544e-17
565.58,-4.6951464132230284e-14,-6.815290706709251e-17
565.59,-4.694743775413535e-14,-6.805915262394935e-17
565.6,-4.694305749199878e-14,-6.79164781520434e-17
565.61,-4.6939343902437304e-14,-6.808351618922361e-17
565.62,-4.693544721066372e-14,-6.813953890040206e-17
565.63,-4.693060437764884e-14,-6.804797717111138e-17
565.64,-4.692714804691434e-14,-6.822167318767009e-17
565.65,-4.692243701288977e-14,-6.811632399154998e-17
565.66,-4.6920112356544804e-14,-6.853154834801485e-17
565.67,-4.6915451764761465e-14,-6.797299986834715e-17
565.68,-4.6911064348156096e-14,-6.810821947234821e-17
565.69,-4.690753968148553e-14,-6.751751672874549e-17
565.7,-4.690300247293108e-14,-6.797456122023114e-17
565.71,-4.689904958236083e-14,-6.789312920221701e-17
565.72,-4.689549329396631e-14,-6.823122990329566e-17
565.73,-4.6891045515011045e-14,-6.775612592469791e-17
565.74,-4.6885747335921704e-14,-6.710908769191116e-17
565.75,-4.688323299510273e-14,-6.772818947980122e-17
565.76,-4.68788033262144e-14,-6.802883461317926e-17
565.77,-4.687475866482555e-14,-6.786770626152193e-17
565.78,-4.687056304069609e-14,-6.811867417360517e-17
565.79,-4.6866959404469066e-14,-6.785816003338936e-17
565.8,-4.6862807291514404e-14,-6.800285240324247e-17
565.81,-4.685826879192945e-14,-6.799840019053907e-17
565.82,-4.685442318657064e-14,-6.794700948367668e-17
565.83,-4.684683195741861e-14,-6.597071544666554e-17
565.84,-4.684642970642241e-14,-6.782413972082702e-17
565.85,-4.684233717469319e-14,-6.783272701825278e-17
565.86,-4.683847273471485e-14,-6.790992547690522e-17
565.87,-4.6833983282087405e-14,-6.778930451740666e-17
565.88,-4.683060505541654e-14,-6.792783995588364e-17
565.89,-4.682627649616214e-14,-6.782969992178967e-17
565.9,-4.6821693651451446e-14,-6.809007272420473e-17
565.91,-4.6818361228259416e-14,-6.792680181117873e-17
565.92,-4.681698859527568e-14,-6.837063940102511e-17
565.93,-4.6810404527311284e-14,-6.790052000033647e-17
565.94,-4.6806164746027854e-14,-6.781188932549613e-17
565.95,-4.680210320256233e-14,-6.771775283478653e-17
565.96,-4.67983067796784e-14,-6.760361427301962e-17
565.97,-4.679423444111265e-14,-6.783583631466498e-17
565.98,-4.6790274988568884e-14,-6.768325693537509e-17
565.99,-4.678562071527173e-14,-6.811626866989931e-17
566.0,-4.678193411652964e-14,-6.773936272125027e-17
566.01,-4.677859069383252e-14,-6.815728186900626e-17
566.02,-4.6773903964574267e-14,-6.782824490009354e-17
566.03,-4.676961591582461e-14,-6.773260828318713e-17
566.04,-4.676571539635287e-14,-6.776267645835327e-17
566.05,-4.6761877063311885e-14,-6.780151943506875e-17
566.06,-4.675776406175233e-14,-6.773567152715364e-17
566.07,-4.675358119155173e-14,-6.771093584453199e-17
566.08,-4.674984702916737e-14,-6.760158066430449e-17
566.09,-4.67450798133736e-14,-6.761269322977048e-17
566.1,-4.674165121510984e-14,-6.767016462817927e-17
566.11,-4.673732161780289e-14,-6.762592741802031e-17
566.12,-4.673363700236303e-14,-6.766006615656431e-17
566.13,-4.672972072564816e-14,-6.74684024124014e-17
566.14,-4.672554035721145e-14,-6.77380142680283e-17
566.15,-4.6721498284111464e-14,-6.755606239572425e-17
566.16,-4.6717533315498896e-14,-6.768097212867721e-17
566.17,-4.671340280097594e-14,-6.748534999230051e-17
566.18,-4.670989350777211e-14,-6.791601833717945e-17
566.19,-4.6705100902497804e-14,-6.783341078174588e-17
566.2,-4.6701105822431956e-14,-6.766440306891756e-17
566.21,-4.669733818230752e-14,-6.758046037770092e-17
566.22,-4.6693623145699913e-14,-6.765537412931444e-17
566.23,-4.668871892218982e-14,-6.778594144418796e-17
566.24,-4.668519837550492e-14,-6.747553300057699e-17
566.25,-4.6681250757318376e-14,-6.758500743453479e-17
566.26,-4.667720859297305e-14,-6.750846454503896e-17
566.27,-4.6675632316198215e-14,-6.69232226912562e-17
566.28,-4.6668965616414846e-14,-6.753817189986585e-17
566.29,-4.6665165166716416e-14,-6.755136879236197e-17
566.3,-4.6661129882773034e-14,-6.758886457390177e-17
566.31,-4.665744034464128e-14,-6.744126817007863e-17
566.32,-4.665300337063112e-14,-6.745360189550704e-17
566.33,-4.664890800699153e-14,-6.733916882366982e-17
566.34,-4.664500084684784e-14,-6.744292553145787e-17
566.35,-4.6640439896265e-14,-6.747254380868246e-17
566.36,-4.6637011719096444e-14,-6.740574242036571e-17
566.37,-4.663279244980862e-14,-6.750685037732818e-17
566.38,-4.662951472850684e-14,-6.771449215864959e-17
566.39,-4.6625154953155446e-14,-6.732816069671453e-17
566.4,-4.6620782285781573e-14,-6.755764256235131e-17
566.41,-4.6617111971901314e-14,-6.747139441317783e-17
566.42,-4.661272943052891e-14,-6.741098516836959e-17
566.43,-4.660894822078965e-14,-6.739986870330241e-17
566.44,-4.6603697255002924e-14,-6.763719390273728e-17
566.45,-4.660190146111277e-14,-6.721190911304812e-17
566.46,-4.659671057148802e-14,-6.728041763620793e-17
566.47,-4.6592758342205036e-14,-6.748602512048281e-17
566.48,-4.6588860183999557e-14,-6.737946718727823e-17
566.49,-4.6585768010711764e-14,-6.710549016321778e-17
566.5,-4.6581295839398953e-14,-6.728422095295566e-17
566.51,-4.657682249868238e-14,-6.735407307942156e-17
566.52,-4.65727613665602e-14,-6.729641056323155e-17
566.53,-4.656844388742654e-14,-6.729158976482054e-17
566.54,-4.656455295079242e-14,-6.736325721620108e-17
566.55,-4.656073084176497e-14,-6.723298791236321e-17
566.56,-4.655653218878254e-14,-6.732362260273635e-17
566.57,-4.655307425016959e-14,-6.739272914167328e-17
566.58,-4.654970437655441e-14,-6.714429178936315e-17
566.59,-4.6544824093509816e-14,-6.732040320555198e-17
566.6,-4.654087772662664e-14,-6.722266436539358e-17
566.61,-4.6536208278061325e-14,-6.692318538292994e-17
566.62,-4.6532643193131037e-14,-6.726051034549673e-17
566.63,-4.652838070611338e-14,-6.707059072386985e-17
566.64,-4.6524679508078056e-14,-6.710279432590253e-17
566.65,-4.6520708341817e-14,-6.725997445622109e-17
566.66,-4.6516767898452506e-14,-6.71174530056481e-17
566.67,-4.6512868448940416e-14,-6.703518634593637e-17
566.68,-4.6508880030258586e-14,-6.722899841997087e-17
566.69,-4.650410023729907e-14,-6.723293135807468e-17
566.7,-4.650124196886334e-14,-6.705044983939829e-17
566.71,-4.649706726378157e-14,-6.718862807738121e-17
566.72,-4.649327361759915e-14,-6.714489808532552e-17
566.73,-4.6488865674533473e-14,-6.715573103874862e-17
566.74,-4.64849501030432e-14,-6.708531313302008e-17
566.75,-4.648071726017914e-14,-6.714606813873742e-17
566.76,-4.64765960777413e-14,-6.722820499818087e-17
566.77,-4.647274749259543e-14,-6.712813275230938e-17
566.78,-4.6468290137432e-14,-6.714798455450368e-17
566.79,-4.646504533941572e-14,-6.707432060651012e-17
566.8,-4.646139144218745e-14,-6.713144756136436e-17
566.81,-4.645751937670271e-14,-6.703926411984416e-17
566.82,-4.645303646756658e-14,-6.711555978389246e-17
566.83,-4.6448875732054136e-14,-6.697732094266303e-17
566.84,-4.6444889064138266e-14,-6.698445329705347e-17
566.85,-4.6440813915838526e-14,-6.697327460246877e-17
566.86,-4.643710795038752e-14,-6.707965395872835e-17
566.87,-4.643311507098455e-14,-6.70440964979156e-17
566.88,-4.6428574272301085e-14,-6.694491705205242e-17
566.89,-4.64249850323208e-14,-6.686236609389107e-17
566.9,-4.642055152463758e-14,-6.692323378888058e-17
566.91,-4.6417415758182494e-14,-6.70927706647287e-17
566.92,-4.6413081822123214e-14,-6.704806355486394e-17
566.93,-4.6408016186670685e-14,-6.71072767590341e-17
566.94,-4.640580484934826e-14,-6.692976909814849e-17
566.95,-4.6400982547993464e-14,-6.688988457627744e-17
566.96,-4.639774625902297e-14,-6.69761075109437e-17
566.97,-4.639306852110488e-14,-6.69296030287323e-17
566.98,-4.638856799104946e-14,-6.695145929163348e-17
566.99,-4.6384918139597234e-14,-6.687711882128536e-17
567.0,-4.638106231097946e-14,-6.695114054008027e-17
567.01,-4.6377016090831383e-14,-6.695009426355955e-17
567.02,-4.637330683879436e-14,-6.689936064213129e-17
567.03,-4.6368767903953114e-14,-6.683593638480524e-17
567.04,-4.6364513166167276e-14,-6.689570235267231e-17
567.05,-4.6361483998006576e-14,-6.69767330406249e-17
567.06,-4.635436942186156e-14,-6.678205699645838e-17
567.07,-4.6353154221988576e-14,-6.684977320559613e-17
567.08,-4.6348863576188494e-14,-6.658722616902271e-17
567.09,-4.634508265880445e-14,-6.693851655871589e-17
567.1,-4.6341360277460804e-14,-6.691014942840084e-17
567.11,-4.633692159373753e-14,-6.676636333522545e-17
567.12,-4.633328913259725e-14,-6.685649827046392e-17
567.13,-4.632921800478982e-14,-6.674654476126423e-17
567.14,-4.6325922354207696e-14,-6.711234154108009e-17
567.15,-4.632095013753639e-14,-6.680723888450566e-17
567.16,-4.631774319381677e-14,-6.694436654180658e-17
567.17,-4.631320458686927e-14,-6.668899320611254e-17
567.18,-4.6309288822719556e-14,-6.682385691334833e-17
567.19,-4.6305184710578075e-14,-6.674478769168626e-17
567.2,-4.6301506475756265e-14,-6.671608085721248e-17
567.21,-4.6296480756523286e-14,-6.667965137061137e-17
567.22,-4.629394960111899e-14,-6.68348706389124e-17
567.23,-4.628925347257813e-14,-6.668418836735359e-17
567.24,-4.6284510505047825e-14,-6.66174224420925e-17
567.25,-4.6282547071977e-14,-6.674919639265506e-17
567.26,-4.627755152689728e-14,-6.672868552468325e-17
567.27,-4.6273831578298183e-14,-6.668514495232278e-17
567.28,-4.626926589677869e-14,-6.659492445236168e-17
567.29,-4.6265093660737406e-14,-6.662800493181005e-17
567.3,-4.626177495692781e-14,-6.670938964808692e-17
567.31,-4.62573526659464e-14,-6.660532342194442e-17
567.32,-4.625354683976146e-14,-6.631416372539057e-17
567.33,-4.624968968592797e-14,-6.672774980075709e-17
567.34,-4.624566970475531e-14,-6.669460914737249e-17
567.35,-4.624162232180584e-14,-6.659285622617809e-17
567.36,-4.623747209731879e-14,-6.654967438625555e-17
567.37,-4.6233727409943926e-14,-6.651765437656766e-17
567.38,-4.6229643036770325e-14,-6.650982356609638e-17
567.39,-4.6225882489504864e-14,-6.661189731897796e-17
567.4,-4.622190774929854e-14,-6.660459588677404e-17
567.41,-4.621716039427742e-14,-6.546533717644669e-17
567.42,-4.6213762520458774e-14,-6.653300012277027e-17
567.43,-4.621139940361174e-14,-6.660982973037476e-17
567.44,-4.6205930658206216e-14,-6.652839367452705e-17
567.45,-4.620177184679746e-14,-6.645595127176931e-17
567.46,-4.619855031856245e-14,-6.656148532578452e-17
567.47,-4.6193834255353676e-14,-6.650547391530041e-17
567.48,-4.619019578132152e-14,-6.651729096292319e-17
567.49,-4.61861358695901e-14,-6.643139601939389e-17
567.5,-4.618847687679733e-14,-6.719846936166779e-17
567.51,-4.617802205518791e-14,-6.649214475772106e-17
567.52,-4.617455218902673e-14,-6.651834927895739e-17
567.53,-4.617039427914678e-14,-6.641899242059242e-17
567.54,-4.6166594304528495e-14,-6.643827278981987e-17
567.55,-4.616162643835766e-14,-6.63632428159779e-17
567.56,-4.6158222812123025e-14,-6.641129072923292e-17
567.57,-4.615454887027949e-14,-6.645039012490225e-17
567.58,-4.6150574089414034e-14,-6.64573554727268e-17
567.59,-4.6147938079653586e-14,-6.826426380264561e-17
567.6,-4.6142510140349496e-14,-6.652640539793529e-17
567.61,-4.613806783455141e-14,-6.635721878213103e-17
567.62,-4.61347398400725e-14,-6.629641866704195e-17
567.63,-4.613056944259651e-14,-6.630661911794777e-17
567.64,-4.6127182315827397e-14,-6.640541841582069e-17
567.65,-4.6122491929032706e-14,-6.627962573672153e-17
567.66,-4.611912229316514e-14,-6.637663246411147e-17
567.67,-4.611434836596828e-14,-6.572045868263346e-17
567.68,-4.611144236878716e-14,-6.620129859451401e-17
567.69,-4.610743693255847e-14,-6.639285161697807e-17
567.7,-4.6103496815812075e-14,-6.640367409791624e-17
567.71,-4.6100545181143015e-14,-6.65370862515746e-17
567.72,-4.609497627690611e-14,-6.630363427313239e-17
567.73,-4.6088984260199713e-14,-6.5894914811192e-17
567.74,-4.6087289594852535e-14,-6.626175449926632e-17
567.75,-4.608266576721432e-14,-6.616541404548501e-17
567.76,-4.607933545174052e-14,-6.643505674654792e-17
567.77,-4.607689404259158e-14,-6.65352778341977e-17
567.78,-4.607127746581307e-14,-6.620840492659355e-17
567.79,-4.606614280914858e-14,-6.600098992884986e-17
567.8,-4.606353899877914e-14,-6.628553670464592e-17
567.81,-4.6059472665664266e-14,-6.61769395869587e-17
567.82,-4.6055191447063886e-14,-6.596303553078918e-17
567.83,-4.6051556846119655e-14,-6.621296774777687e-17
567.84,-4.6047547509832375e-14,-6.607464310597405e-17
567.85,-4.6043280444035265e-14,-6.635643179453159e-17
567.86,-4.604020778083507e-14,-6.641248888792016e-17
567.87,-4.6034464613906777e-14,-6.594353805280228e-17
567.88,-4.603155607959239e-14,-6.619424783612882e-17
567.89,-4.602790909817511e-14,-6.612361806203028e-17
567.9,-4.602415972821507e-14,-6.614566923324196e-17
567.91,-4.602008924791656e-14,-6.615162419322552e-17
567.92,-4.6016280424898435e-14,-6.612971115499566e-17
567.93,-4.6012032906730726e-14,-6.606559406349956e-17
567.94,-4.600861974673148e-14,-6.618590983447666e-17
567.95,-4.6004795924858166e-14,-6.611844240043722e-17
567.96,-4.5999216312851584e-14,-6.582000870389477e-17
567.97,-4.5996380043373025e-14,-6.615525869499873e-17
567.98,-4.599161473240483e-14,-6.585784913390215e-17
567.99,-4.598847312793049e-14,-6.603387390564182e-17
568.0,-4.5984376193509e-14,-6.603547145808411e-17
568.01,-4.598048113893581e-14,-6.608276030595588e-17
568.02,-4.5976757331866235e-14,-6.609916484667419e-17
568.03,-4.5972524499503815e-14,-6.599317927884676e-17
568.04,-4.596891305155115e-14,-6.604922049802404e-17
568.05,-4.596462098869718e-14,-6.601869746671845e-17
568.06,-4.596051723475311e-14,-6.589743689383165e-17
568.07,-4.5956774754664127e-14,-6.596513877281377e-17
568.08,-4.5953027337606195e-14,-6.603489110228311e-17
568.09,-4.594901221484229e-14,-6.604876337599262e-17
568.1,-4.594555526551038e-14,-6.624402232522847e-17
568.11,-4.594053719663658e-14,-6.613001345972643e-17
568.12,-4.5937078049990255e-14,-6.600330564832267e-17
568.13,-4.593285006775013e-14,-6.574591878210053e-17
568.14,-4.5929449947149605e-14,-6.607699584730297e-17
568.15,-4.592559518040706e-14,-6.573095797706296e-17
568.16,-4.592145298979684e-14,-6.58939459322301e-17
568.17,-4.591754361251436e-14,-6.59739274182699e-17
568.18,-4.59136397347743e-14,-6.591971906760487e-17
568.19,-4.590981260250586e-14,-6.596648978965393e-17
568.2,-4.5904435079532005e-14,-6.555416635686477e-17
568.21,-4.590191889711801e-14,-6.593289312457302e-17
568.22,-4.5897448800735083e-14,-6.584643187511574e-17
568.23,-4.589403642784947e-14,-6.592685237520629e-17
568.24,-4.589293638045578e-14,-6.687195337499917e-17
568.25,-4.5886021739545516e-14,-6.584845661688209e-17
568.26,-4.5881708994064804e-14,-6.589207397910553e-17
568.27,-4.587783784139821e-14,-6.573181277968952e-17
568.28,-4.5874393318322284e-14,-6.585596138509545e-17
568.29,-4.58703032385258e-14,-6.588007311395085e-17
568.3,-4.5866348051018164e-14,-6.585066966215013e-17
568.31,-4.586287265300395e-14,-6.604177873698406e-17
568.32,-4.585789199810507e-14,-6.560173680745733e-17
568.33,-4.585528931993042e-14,-6.574698811189815e-17
568.34,-4.585054983344409e-14,-6.577385808735423e-17
568.35,-4.584647549864648e-14,-6.566090784904089e-17
568.36,-4.58428151867671e-14,-6.579506589644587e-17
568.37,-4.5838397969550204e-14,-6.559575635669926e-17
568.38,-4.5834551104674534e-14,-6.566475172823668e-17
568.39,-4.5830977663738553e-14,-6.565114510411258e-17
568.4,-4.582678914733054e-14,-6.573281236664496e-17
568.41,-4.582295891476403e-14,-6.565795458703251e-17
568.42,-4.581907375108409e-14,-6.566421461626275e-17
568.43,-4.581531349540168e-14,-6.575218916671311e-17
568.44,-4.5810745837810716e-14,-6.550193101825085e-17
568.45,-4.5807417099810065e-14,-6.560671220950123e-17
568.46,-4.580488742467921e-14,-6.611518548830211e-17
568.47,-4.579958439630477e-14,-6.572983677286687e-17
568.48,-4.579670018823041e-14,-6.608172443826735e-17
568.49,-4.579134809782966e-14,-6.554648853106194e-17
568.5,-4.5787580710371826e-14,-6.553679916494811e-17
568.51,-4.578322941218645e-14,-6.551875769701884e-17
568.52,-4.57797209252444e-14,-6.555850125181522e-17
568.53,-4.5775756727409697e-14,-6.542376943446047e-17
568.54,-4.577249389014569e-14,-6.577854971550748e-17
568.55,-4.5767839846516364e-14,-6.552319661163586e-17
568.56,-4.5764077783461667e-14,-6.553618111837794e-17
568.57,-4.576033781510633e-14,-6.557337793310393e-17
568.58,-4.575613250130283e-14,-6.559621777005611e-17
568.59,-4.575234427026412e-14,-6.552353319299356e-17
568.6,-4.5748257579167646e-14,-6.542153868175654e-17
568.61,-4.574451241403988e-14,-6.551769408016791e-17
568.62,-4.574056672125422e-14,-6.545493776761412e-17
568.63,-4.573692275702777e-14,-6.557486785347268e-17
568.64,-4.5733162020777766e-14,-6.572020997540066e-17
568.65,-4.572889029978553e-14,-6.551859548645821e-17
568.66,-4.572496701555555e-14,-6.547792853970938e-17
568.67,-4.572141694049479e-14,-6.560967330954871e-17
568.68,-4.57174717594632e-14,-6.558388340889042e-17
568.69,-4.571362019658106e-14,-6.557599012804814e-17
568.7,-4.570927252525592e-14,-6.541345155607152e-17
568.71,-4.570585176913143e-14,-6.551822616028582e-17
568.72,-4.5701387398189665e-14,-6.539606270182482e-17
568.73,-4.5697207899647964e-14,-6.527300154038473e-17
568.74,-4.569389245916564e-14,-6.541697810085927e-17
568.75,-4.568900479258622e-14,-6.50281079418718e-17
568.76,-4.56861082941893e-14,-6.546268383505552e-17
568.77,-4.568227856604399e-14,-6.558410616016386e-17
568.78,-4.567808883039913e-14,-6.530379369419966e-17
568.79,-4.567450578819735e-14,-6.555035759330061e-17
568.8,-4.567043498365439e-14,-6.547158860834711e-17
568.81,-4.5664596323735437e-14,-6.474809985254421e-17
568.82,-4.5662571511100963e-14,-6.535160134227066e-17
568.83,-4.565885544716819e-14,-6.551649300306606e-17
568.84,-4.565463958388828e-14,-6.533866602505933e-17
568.85,-4.565112507886111e-14,-6.52884983431116e-17
568.86,-4.5647067970431055e-14,-6.542697248276991e-17
568.87,-4.5642858294724706e-14,-6.533498848377967e-17
568.88,-4.563871276070431e-14,-6.550727844509228e-17
568.89,-4.5635492104740905e-14,-6.542401604161433e-17
568.9,-4.563036800032624e-14,-6.47800378562691e-17
568.91,-4.5627308405606834e-14,-6.5341621156891e-17
568.92,-4.562375169886671e-14,-6.530918744791095e-17
568.93,-4.5619529320090134e-14,-6.533819495334044e-17
568.94,-4.561574364678049e-14,-6.552747411632102e-17
568.95,-4.56117545567265e-14,-6.530278163855212e-17
568.96,-4.560821406452859e-14,-6.540495036471273e-17
568.97,-4.560343046691342e-14,-6.513364081557998e-17
568.98,-4.5599920928168583e-14,-6.525504607662541e-17
568.99,-4.5596339371012926e-14,-6.547167487983214e-17
569.0,-4.5591916872615946e-14,-6.515292110061732e-17
569.01,-4.558827609720056e-14,-6.521949243155289e-17
569.02,-4.5584491531149425e-14,-6.527468709228261e-17
569.03,-4.557855026098293e-14,-6.389363630652134e-17
569.04,-4.557713741393699e-14,-6.563497360099969e-17
569.05,-4.557281224183017e-14,-6.532625890877046e-17
569.06,-4.556871882001246e-14,-6.516330280254059e-17
569.07,-4.556512352456024e-14,-6.528541597337915e-17
569.08,-4.5560864544667535e-14,-6.509884767173017e-17
569.09,-4.555714070439134e-14,-6.523631659942848e-17
569.1,-4.5553214595143275e-14,-6.53117660918824e-17
569.11,-4.5549379970309746e-14,-6.520594834527032e-17
569.12,-4.5544922102928367e-14,-6.546831816596105e-17
569.13,-4.554174049688018e-14,-6.525655285364269e-17
569.14,-4.553746204987717e-14,-6.516779239373961e-17
569.15,-4.553395908966277e-14,-6.518596886974326e-17
569.16,-4.5530370752224083e-14,-6.498815695892683e-17
569.17,-4.5525749885877397e-14,-6.50722289598843e-17
569.18,-4.5521730670788044e-14,-6.51781539795607e-17
569.19,-4.551826828503079e-14,-6.533658606103798e-17
569.2,-4.551442304576582e-14,-6.515758512165839e-17
569.21,-4.5509774055474784e-14,-6.470612856173514e-17
569.22,-4.5506760584929534e-14,-6.539157815294796e-17
569.23,-4.550230957121377e-14,-6.506063561115084e-17
569.24,-4.549863342166651e-14,-6.501834090357747e-17
569.25,-4.549543169698193e-14,-6.54187669771807e-17
569.26,-4.549048581654501e-14,-6.480298821737947e-17
569.27,-4.548682845283575e-14,-6.500166949340594e-17
569.28,-4.5483062285296226e-14,-6.497307275397755e-17
569.29,-4.547916928895781e-14,-6.492603565221283e-17
569.3,-4.5475609588173183e-14,-6.527321429416604e-17
569.31,-4.547107297553704e-14,-6.475008026259468e-17
569.32,-4.5466842373254897e-14,-6.504652439171826e-17
569.33,-4.546334699747518e-14,-6.497728904646966e-17
569.34,-4.545993508479236e-14,-6.502777222236007e-17
569.35,-4.5455822420916625e-14,-6.493352165544678e-17
569.36,-4.545224220968211e-14,-6.504902029985977e-17
569.37,-4.544796551827238e-14,-6.496588663759262e-17
569.38,-4.5444110214534117e-14,-6.475603694258397e-17
569.39,-4.544027018367608e-14,-6.492988960453362e-17
569.4,-4.543762032825565e-14,-6.55500765550287e-17
569.41,-4.543199818374086e-14,-6.493513548468571e-17
569.42,-4.542838858467086e-14,-6.498987550952623e-17
569.43,-4.542490693388181e-14,-6.499647012417026e-17
569.44,-4.542065834344497e-14,-6.471709968651599e-17
569.45,-4.5417034164022315e-14,-6.491977421847583e-17
569.46,-4.5412771518800034e-14,-6.472064811855762e-17
569.47,-4.540916343108499e-14,-6.491650634971334e-17
569.48,-4.540522007970793e-14,-6.479396564818257e-17
569.49,-4.540190080732973e-14,-6.526188570440651e-17
569.5,-4.539763637902106e-14,-6.498037536240736e-17
569.51,-4.5393932683405514e-14,-6.495923974859777e-17
569.52,-4.5389392170655313e-14,-6.462300028605463e-17
569.53,-4.5385994426865515e-14,-6.485376812545856e-17
569.54,-4.5382773550187035e-14,-6.557888419230417e-17
569.55,-4.537806386810948e-14,-6.487432193986037e-17
569.56,-4.5374376471042006e-14,-6.502158016034423e-17
569.57,-4.537160188357673e-14,-6.47483840991896e-17
569.58,-4.5366468241532244e-14,-6.466371848581448e-17
569.59,-4.5363071125284527e-14,-6.483707806030109e-17
569.6,-4.535832892679516e-14,-6.475068687320027e-17
569.61,-4.535501208321939e-14,-6.511004123393114e-17
569.62,-4.5350959298998763e-14,-6.473426163514554e-17
569.63,-4.534807842479204e-14,-6.490870184282292e-17
569.64,-4.5343385681416884e-14,-6.483950772649992e-17
569.65,-4.533855038786945e-14,-6.486706173230343e-17
569.66,-4.533533290516462e-14,-6.471390246878242e-17
569.67,-4.5331641446922787e-14,-6.472061336364666e-17
569.68,-4.5329681807829856e-14,-6.508563991923767e-17
569.69,-4.532424074752383e-14,-6.51278314644485e-17
569.7,-4.531998417226388e-14,-6.488745521189214e-17
569.71,-4.5316311074757796e-14,-6.48847256707586e-17
569.72,-4.531222532080289e-14,-6.453551476739518e-17
569.73,-4.530827658435449e-14,-6.486139430310324e-17
569.74,-4.530447912827224e-14,-6.474149395642673e-17
569.75,-4.530055918040812e-14,-6.45528580172666e-17
569.76,-4.529678573378743e-14,-6.469592558190088e-17
569.77,-4.529092276373442e-14,-6.188829816370169e-17
569.78,-4.528917712992422e-14,-6.475927420228782e-17
569.79,-4.528517424772656e-14,-6.474431814619067e-17
569.8,-4.528122160756802e-14,-6.467264315877585e-17
569.81,-4.52775495759306e-14,-6.501651100067631e-17
569.82,-4.527324555666134e-14,-6.469763609882944e-17
569.83,-4.526973325800785e-14,-6.471858716392369e-17
569.84,-4.526519340710432e-14,-6.421518101962056e-17
569.85,-4.52619029985183e-14,-6.460450442809232e-17
569.86,-4.5253408783580953e-14,-6.46224243531631e-17
569.87,-4.5254055416080316e-14,-6.468414247809413e-17
569.88,-4.525052117867305e-14,-6.468269718545603e-17
569.89,-4.524641228882901e-14,-6.477162475961459e-17
569.9,-4.524237985663137e-14,-6.466090756082948e-17
569.91,-4.5238399136336864e-14,-6.456366732716053e-17
569.92,-4.523485524452273e-14,-6.457120487928861e-17
569.93,-4.52317600037767e-14,-6.485246061890485e-17
569.94,-4.522708184114393e-14,-6.466632822048568e-17
569.95,-4.5222188753486116e-14,-6.432362261166492e-17
569.96,-4.521934869427667e-14,-6.453067575002266e-17
569.97,-4.521563369355204e-14,-6.460330825652842e-17
569.98,-4.521173440899702e-14,-6.45589078537007e-17
569.99,-4.5207940133358144e-14,-6.456097905313107e-17
570.0,-4.52041631355402e-14,-6.456357715989214e-17
570.01,-4.520033957255019e-14,-6.471201181591094e-17
570.02,-4.5196706907071465e-14,-6.504524497246968e-17
570.03,-4.519293424814806e-14,-6.451183389562959e-17
570.04,-4.518776918570247e-14,-6.423886499812592e-17
570.05,-4.51846309697212e-14,-6.437820158176496e-17
570.06,-4.5181098549837913e-14,-6.452824639247696e-17
570.07,-4.5177093166803764e-14,-6.482249823179235e-17
570.08,-4.517279502294726e-14,-6.443557546947487e-17
570.09,-4.516957335031949e-14,-6.457721948614811e-17
570.1,-4.5165527676061983e-14,-6.448209208815989e-17
570.11,-4.5161530815918155e-14,-6.466511944022004e-17
570.12,-4.5157756010657726e-14,-6.424593142232061e-17
570.13,-4.515255890973296e-14,-6.443450711559784e-17
570.14,-4.5150139638563966e-14,-6.465817382138117e-17
570.15,-4.514660117579437e-14,-6.44954433184878e-17
570.16,-4.51424866461509e-14,-6.445835511550798e-17
570.17,-4.5138475132958234e-14,-6.448186569321262e-17
570.18,-4.5135168480119903e-14,-6.457039111818406e-17
570.19,-4.513080723560447e-14,-6.443013977276899e-17
570.2,-4.512732990096528e-14,-6.454262250826014e-17
570.21,-4.512282506532912e-14,-6.561089095097052e-17
570.22,-4.511854654164889e-14,-6.43130387367273e-17
570.23,-4.511528064281124e-14,-6.440953060505473e-17
570.24,-4.511153369788672e-14,-6.442005241707776e-17
570.25,-4.510767800088946e-14,-6.453380867956366e-17
570.26,-4.510385513889308e-14,-6.448939583931069e-17
570.27,-4.510028510471479e-14,-6.482178316373425e-17
570.28,-4.509618728743894e-14,-6.454653820608764e-17
570.29,-4.509235748744408e-14,-6.375981527044257e-17
570.3,-4.508848902952163e-14,-6.478919860485444e-17
570.31,-4.5084776820420555e-14,-6.452517768313136e-17
570.32,-4.5080511269285626e-14,-6.423951436413751e-17
570.33,-4.5076789572374046e-14,-6.445871284115343e-17
570.34,-4.5072966680624254e-14,-6.422263525014253e-17
570.35,-4.5068826633043705e-14,-6.432451267421138e-17
570.36,-4.506529296269776e-14,-6.429051101584508e-17
570.37,-4.5061557083398226e-14,-6.437261467325378e-17
570.38,-4.505740523495352e-14,-6.4214789197906e-17
570.39,-4.505393226913394e-14,-6.437579599406648e-17
570.4,-4.505060826184364e-14,-6.441868921992457e-17
570.41,-4.504591898683335e-14,-6.431857163146358e-17
570.42,-4.5041558366363085e-14,-6.427898283630521e-17
570.43,-4.503826505013927e-14,-6.472019675508956e-17
570.44,-4.503462772899076e-14,-6.450327724715241e-17
570.45,-4.503077863736416e-14,-6.435459969703306e-17
570.46,-4.5026966490498794e-14,-6.431835476283351e-17
570.47,-4.5023053622392555e-14,-6.417235164125705e-17
570.48,-4.5019161584532204e-14,-6.41467005943637e-17
570.49,-4.501604518428153e-14,-6.443230059206755e-17
570.5,-4.5011576897540716e-14,-6.416974244338826e-17
570.51,-4.500725693636758e-14,-6.418107584685994e-17
570.52,-4.500404599547785e-14,-6.422665483078657e-17
570.53,-4.500014693840472e-14,-6.42965223383033e-17
570.54,-4.499606766730469e-14,-6.428274330898072e-17
570.55,-4.4992211629236617e-14,-6.447435832583562e-17
570.56,-4.498850683424478e-14,-6.430360515995174e-17
570.57,-4.498500397117017e-14,-6.426778637984738e-17
570.58,-4.4981453630117824e-14,-6.437968738412536e-17
570.59,-4.49768855562254e-14,-6.427060255542467e-17
570.6,-4.497336521673519e-14,-6.431169200397181e-17
570.61,-4.496960300403373e-14,-6.444466849216004e-17
570.62,-4.4965571638112444e-14,-6.421110333464227e-17
570.63,-4.496133444390197e-14,-6.419639434542037e-17
570.64,-4.495759702121991e-14,-6.42247636403228e-17
570.65,-4.4953969575615286e-14,-6.430980945401901e-17
570.66,-4.4950002930677365e-14,-6.40963310275832e-17
570.67,-4.494601301811892e-14,-6.42087958333476e-17
570.68,-4.494236649050186e-14,-6.423173565713549e-17
570.69,-4.493860673862677e-14,-6.413190917467375e-17
570.7,-4.4935005388192424e-14,-6.40578411826563e-17
570.71,-4.4930990279428514e-14,-6.413876587178379e-17
570.72,-4.4926874015558286e-14,-6.392355003373057e-17
570.73,-4.492326798296218e-14,-6.423964281631099e-17
570.74,-4.491935286847683e-14,-6.434518986252405e-17
570.75,-4.491549595884859e-14,-6.440923449030401e-17
570.76,-4.491144750176475e-14,-6.409613816392703e-17
570.77,-4.490777334321382e-14,-6.41914401166272e-17
570.78,-4.490384756897572e-14,-6.392471475927169e-17
570.79,-4.4900178858363914e-14,-6.441288001459535e-17
570.8,-4.4896370412187504e-14,-6.418697457410982e-17
570.81,-4.489227610464298e-14,-6.42485136730381e-17
570.82,-4.488926008699682e-14,-6.414019847337314e-17
570.83,-4.4885161523539176e-14,-6.421261154447105e-17
570.84,-4.4881160356547465e-14,-6.41095234044225e-17
570.85,-4.48770454078219e-14,-6.408744951471958e-17
570.86,-4.487355476467904e-14,-6.410494345025753e-17
570.87,-4.486986880717586e-14,-6.370325809213635e-17
570.88,-4.486609732213626e-14,-6.41639632533767e-17
570.89,-4.4862079772515103e-14,-6.410983847524246e-17
570.9,-4.48579994398075e-14,-6.41090240934087e-17
570.91,-4.485288442255345e-14,-6.386388609333823e-17
570.92,-4.485054401297259e-14,-6.411058692806532e-17
570.93,-4.4846974386431455e-14,-6.426139274402161e-17
570.94,-4.484269577204937e-14,-6.401286577368642e-17
570.95,-4.483902291981681e-14,-6.407720717453233e-17
570.96,-4.483496134981549e-14,-6.413629930511002e-17
570.97,-4.4831385471887626e-14,-6.39594010069708e-17
570.98,-4.4827839694183985e-14,-6.385058415167343e-17
570.99,-4.4823839671986e-14,-6.412451774483232e-17
571.0,-4.482133789766709e-14,-6.337563106049567e-17
571.01,-4.48156166088711e-14,-6.422544208799108e-17
571.02,-4.481213795578933e-14,-6.408460589942292e-17
571.03,-4.480834254163987e-14,-6.403630529731604e-17
571.04,-4.480486409156636e-14,-6.39900908546082e-17
571.05,-4.480067621164214e-14,-6.400307365628681e-17
571.06,-4.479724675596051e-14,-6.37854997092098e-17
571.07,-4.479310561302076e-14,-6.408021415541987e-17
571.08,-4.4789182705265965e-14,-6.383785494137247e-17
571.09,-4.478530668320668e-14,-6.411091377154444e-17
571.1,-4.478087953992588e-14,-6.383613635279209e-17
571.11,-4.477790119663587e-14,-6.400335929934251e-17
571.12,-4.477389262336188e-14,-6.394150038361599e-17
571.13,-4.477055703194169e-14,-6.399024063570839e-17
571.14,-4.476672259943143e-14,-6.400624535007013e-17
571.15,-4.476242999345488e-14,-6.398486266556743e-17
571.16,-4.475921056275971e-14,-6.400650201461682e-17
571.17,-4.475606444024802e-14,-6.419126416978356e-17
571.18,-4.475112988057631e-14,-6.386683004638335e-17
571.19,-4.474671778055529e-14,-6.417842780378415e-17
571.2,-4.4743710111816434e-14,-6.401025900047934e-17
571.21,-4.473985958511699e-14,-6.389506819858364e-17
571.22,-4.4736106429031976e-14,-6.38578490722962e-17
571.23,-4.473255139217037e-14,-6.379857097427818e-17
571.24,-4.4728424572077955e-14,-6.401469381999511e-17
571.25,-4.472467733753168e-14,-6.386892120492343e-17
571.26,-4.472223637240552e-14,-6.406712584386382e-17
571.27,-4.471688059640416e-14,-6.400659107444639e-17
571.28,-4.471338834633121e-14,-6.383249263743596e-17
571.29,-4.47091478143494e-14,-6.389684330347155e-17
571.3,-4.4705435588553055e-14,-6.378030172394352e-17
571.31,-4.470154145237641e-14,-6.398292154405494e-17
571.32,-4.4698114963213296e-14,-6.389871153814516e-17
571.33,-4.4693866006891755e-14,-6.39329359219157e-17
571.34,-4.469018407558764e-14,-6.38352183800096e-17
571.35,-4.469054081701388e-14,-6.534089390213487e-17
571.36,-4.468262193916695e-14,-6.383836878370291e-17
571.37,-4.4678965602247675e-14,-6.416468260110919e-17
571.38,-4.467484764018063e-14,-6.389139806274157e-17
571.39,-4.46711298234775e-14,-6.379899243630571e-17
571.4,-4.466740507477099e-14,-6.389602264977153e-17
571.41,-4.4663662599343484e-14,-6.38892188962545e-17
571.42,-4.465957080062292e-14,-6.387449300029129e-17
571.43,-4.465565874090983e-14,-6.374700347709134e-17
571.44,-4.464846236185495e-14,-6.476865478583836e-17
571.45,-4.4648366243175615e-14,-6.380261214879432e-17
571.46,-4.464434993357185e-14,-6.384793028170798e-17
571.47,-4.4640659303953876e-14,-6.376026803222986e-17
571.48,-4.463688339530636e-14,-6.385618762496535e-17
571.49,-4.463340285344023e-14,-6.370422890273117e-17
571.5,-4.462932197657685e-14,-6.379278951245042e-17
571.51,-4.462557047549693e-14,-6.379917024000512e-17
571.52,-4.4621439561566693e-14,-6.384954109372905e-17
571.53,-4.461751513473586e-14,-6.35137953861797e-17
571.54,-4.4613786285889274e-14,-6.380706484359959e-17
571.55,-4.4610206175302835e-14,-6.386777906372231e-17
571.56,-4.4605655662765357e-14,-6.394572189029922e-17
571.57,-4.460317079976553e-14,-6.388085470568853e-17
571.58,-4.4599191243908605e-14,-6.388101002720824e-17
571.59,-4.4595196181836573e-14,-6.374732901348458e-17
571.6,-4.4591560702972285e-14,-6.381377258268449e-17
571.61,-4.4588185186878606e-14,-6.41686861559471e-17
571.62,-4.458319473088301e-14,-6.382267113176708e-17
571.63,-4.4580062765023e-14,-6.372587608738413e-17
571.64,-4.457536233781089e-14,-6.32381805346864e-17
571.65,-4.457225765031983e-14,-6.375468854225543e-17
571.66,-4.456873872206434e-14,-6.379291199140538e-17
571.67,-4.456470151261415e-14,-6.395894569183402e-17
571.68,-4.456084530613545e-14,-6.36806020690957e-17
571.69,-4.45576574248436e-14,-6.367413660924058e-17
571.7,-4.455275968668421e-14,-6.373010147174883e-17
571.71,-4.4548647792445376e-14,-6.380392792881913e-17
571.72,-4.454566073681934e-14,-6.366399823948285e-17
571.73,-4.4542560088397114e-14,-6.358504352636269e-17
571.74,-4.4538030143902864e-14,-6.372234291810591e-17
571.75,-4.453448135311835e-14,-6.36914791505723e-17
571.76,-4.4530351056755564e-14,-6.357861520013441e-17
571.77,-4.452691413146335e-14,-6.364855750815273e-17
571.78,-4.452296215658393e-14,-6.36716813106778e-17
571.79,-4.4519079961086127e-14,-6.372117195163625e-17
571.8,-4.451577440155316e-14,-6.361441886071045e-17
571.81,-4.451234007371872e-14,-6.361627625342375e-17
571.82,-4.450758381545119e-14,-6.353430016929391e-17
571.83,-4.450416416907521e-14,-6.367246940262228e-17
571.84,-4.4500270409888543e-14,-6.363558696933162e-17
571.85,-4.44966910290782e-14,-6.370954604450431e-17
571.86,-4.4492512899283525e-14,-6.36629854107872e-17
571.87,-4.4489006990878026e-14,-6.367161264598233e-17
571.88,-4.44852952536891e-14,-6.36320745604501e-17
571.89,-4.4481666762498335e-14,-6.356066387577656e-17
571.9,-4.447718427956608e-14,-6.367807605249423e-17
571.91,-4.4473646709007916e-14,-6.356558545730758e-17
571.92,-4.4469961417423513e-14,-6.360006028970975e-17
571.93,-4.4466174787515714e-14,-6.351165680912894e-17
571.94,-4.4462483689386216e-14,-6.359594872173769e-17
571.95,-4.4458676395160855e-14,-6.362596806348602e-17
571.96,-4.4454624450093036e-14,-6.355333666514315e-17
571.97,-4.445088360880041e-14,-6.35115758418177e-17
571.98,-4.4448114194428075e-14,-6.362456789674172e-17
571.99,-4.444367574872687e-14,-6.360826600185763e-17
572.0,-4.4440253327680725e-14,-6.359863377844148e-17
572.01,-4.4435595269282733e-14,-6.349204161442413e-17
572.02,-4.443205660618583e-14,-6.353683559787466e-17
572.03,-4.4428316953542795e-14,-6.358728788106675e-17
572.04,-4.442430876597187e-14,-6.351686092605436e-17
572.05,-4.442125205404449e-14,-6.350716890739285e-17
572.06,-4.441681053528401e-14,-6.352506639491325e-17
572.07,-4.441381610794043e-14,-6.368970884228207e-17
572.08,-4.440902558230657e-14,-6.34433204992879e-17
572.09,-4.440533228835001e-14,-6.352435915732441e-17
572.1,-4.440179633479782e-14,-6.352741628220435e-17
572.11,-4.439815794927897e-14,-6.36381416347908e-17
572.12,-4.4394376824341794e-14,-6.350712866037789e-17
572.13,-4.439069623327667e-14,-6.364091999334669e-17
572.14,-4.438673544798272e-14,-6.353375960460431e-17
572.15,-4.4382767276528826e-14,-6.347628783329723e-17
572.16,-4.437952232244681e-14,-6.351007746972392e-17
572.17,-4.437586857588588e-14,-6.347231489620686e-17
572.18,-4.4372624226853064e-14,-6.360825594031782e-17
572.19,-4.4367787773467716e-14,-6.344781518586401e-17
572.2,-4.436406127369762e-14,-6.348501056244668e-17
572.21,-4.436053336235816e-14,-6.347432679618535e-17
572.22,-4.435621421107726e-14,-6.33845746695813e-17
572.23,-4.435247922218563e-14,-6.346157944946733e-17
572.24,-4.434891206359737e-14,-6.350052471722061e-17
572.25,-4.434440242866948e-14,-6.333346428303817e-17
572.26,-4.434220905477051e-14,-6.34941650493686e-17
572.27,-4.4336625259306536e-14,-6.334537323952563e-17
572.28,-4.433390675191535e-14,-6.347348996600591e-17
572.29,-4.4330239794120317e-14,-6.343766423794732e-17
572.3,-4.4326359122580993e-14,-6.3376111927295e-17
572.31,-4.432181576534292e-14,-6.332385899308174e-17
572.32,-4.431872249467822e-14,-6.346304563079494e-17
572.33,-4.431503955035977e-14,-6.353109916287416e-17
572.34,-4.431092115452113e-14,-6.328595269626805e-17
572.35,-4.430750000125447e-14,-6.340232851233422e-17
572.36,-4.430375624187251e-14,-6.345197555842257e-17
572.37,-4.429979923825935e-14,-6.332304976935624e-17
572.38,-4.4296039569670145e-14,-6.322551642268556e-17
572.39,-4.429231774531138e-14,-6.337180572701642e-17
572.4,-4.428774151794034e-14,-6.344998758725852e-17
572.41,-4.4284946748772686e-14,-6.334797218094697e-17
572.42,-4.428126195574584e-14,-6.34099618444918e-17
572.43,-4.427714800653128e-14,-6.329579368802858e-17
572.44,-4.427371145135124e-14,-6.339174307221113e-17
572.45,-4.427011596097656e-14,-6.341181882382447e-17
572.46,-4.426620712731945e-14,-6.338846366275657e-17
572.47,-4.4262458039082446e-14,-6.331740785969604e-17
572.48,-4.425803146056683e-14,-6.328458344401013e-17
572.49,-4.4255083044327723e-14,-6.343646694538466e-17
572.5,-4.425105771395468e-14,-6.329814777488514e-17
572.51,-4.4247075058379554e-14,-6.328876469360718e-17
572.52,-4.424263198603356e-14,-6.319831826756986e-17
572.53,-4.4239971273713966e-14,-6.342250457187733e-17
572.54,-4.4235836766606976e-14,-6.329180104518873e-17
572.55,-4.423185194300325e-14,-6.324112018607158e-17
572.56,-4.4228187485258e-14,-6.322946143946868e-17
572.57,-4.422457755793521e-14,-6.327846397216014e-17
572.58,-4.422046190565326e-14,-6.316836665198499e-17
572.59,-4.421706085388578e-14,-6.320640183785231e-17
572.6,-4.4213279625053697e-14,-6.330926699176401e-17
572.61,-4.420899855901962e-14,-6.318230658629631e-17
572.62,-4.4205681410432764e-14,-6.322718667403652e-17
572.63,-4.420256421373076e-14,-6.344340594236603e-17
572.64,-4.419816203495101e-14,-6.328399361962038e-17
572.65,-4.4194381215168595e-14,-6.332432615789287e-17
572.66,-4.419059183332669e-14,-6.314819029280673e-17
572.67,-4.418696816703699e-14,-6.336488792803595e-17
572.68,-4.4183047455383836e-14,-6.304837180228282e-17
572.69,-4.4180448439938124e-14,-6.345795819371295e-17
572.7,-4.417557502650584e-14,-6.330090088358584e-17
572.71,-4.41715815540499e-14,-6.313619263128615e-17
572.72,-4.4168527479409304e-14,-6.325487388233624e-17
572.73,-4.416404173477216e-14,-6.31357523628753e-17
572.74,-4.416086756496285e-14,-6.328515646651768e-17
572.75,-4.415789931341386e-14,-6.347745475153299e-17
572.76,-4.4153168916352374e-14,-6.317492714910099e-17
572.77,-4.414893635571427e-14,-6.303092825586937e-17
572.78,-4.414559132205802e-14,-6.321003663162495e-17
572.79,-4.414168185950761e-14,-6.304675579818783e-17
572.8,-4.413803870696202e-14,-6.312470936561794e-17
572.81,-4.413410564343244e-14,-6.311085244998634e-17
572.82,-4.413050250311924e-14,-6.289951729497282e-17
572.83,-4.412701948601172e-14,-6.323642153874152e-17
572.84,-4.412409520497579e-14,-6.347790080227e-17
572.85,-4.411933196009837e-14,-6.31860225680254e-17
572.86,-4.411539129040721e-14,-6.316340817524503e-17
572.87,-4.411177997197645e-14,-6.307324461919028e-17
572.88,-4.410720759472822e-14,-6.30489709723003e-17
572.89,-4.4104394134819466e-14,-6.316125881567387e-17
572.9,-4.410015783518039e-14,-6.310793565413992e-17
572.91,-4.4096759154400046e-14,-6.311609696874699e-17
572.92,-4.409305211201991e-14,-6.307709970363424e-17
572.93,-4.408968146003292e-14,-6.324845342936342e-17
572.94,-4.408577889680795e-14,-6.315060601260937e-17
572.95,-4.4081964467560364e-14,-6.317384684575899e-17
572.96,-4.40779977548609e-14,-6.307721585852377e-17
572.97,-4.407727474765464e-14,-6.383615651470841e-17
572.98,-4.406989363427599e-14,-6.281525190494451e-17
572.99,-4.4066388888271606e-14,-6.308997370306931e-17
573.0,-4.4063109996575895e-14,-6.310693918866905e-17
573.01,-4.4059288993702346e-14,-6.303330118524712e-17
573.02,-4.405571831283508e-14,-6.311243371411266e-17
573.03,-4.405241685849657e-14,-6.328653787697144e-17
573.04,-4.40474390026894e-14,-6.290235615922267e-17
573.05,-4.4044153012395634e-14,-6.298620717683297e-17
573.06,-4.4041205644263937e-14,-6.327243808382719e-17
573.07,-4.403657483279754e-14,-6.29723532459017e-17
573.08,-4.4032650813053785e-14,-6.300553015599329e-17
573.09,-4.4029228232886276e-14,-6.305274755214157e-17
573.1,-4.4025478993812714e-14,-6.321278958280656e-17
573.11,-4.402204290004114e-14,-6.30640368361828e-17
573.12,-4.4018082707129655e-14,-6.292482358498492e-17
573.13,-4.401448753080077e-14,-6.302506697550724e-17
573.14,-4.4010651137458145e-14,-6.302995814242651e-17
573.15,-4.400724726484156e-14,-6.300478899071554e-17
573.16,-4.4002867808336363e-14,-6.284522256506733e-17
573.17,-4.3999146144528814e-14,-6.279353132067638e-17
573.18,-4.399571267126501e-14,-6.295547814637244e-17
573.19,-4.39910461578184e-14,-6.271926783687613e-17
573.2,-4.398872578067723e-14,-6.317455560963076e-17
573.21,-4.398459357302294e-14,-6.299638691394615e-17
573.22,-4.398109669018789e-14,-6.30674168398398e-17
573.23,-4.397724105173862e-14,-6.305501048514551e-17
573.24,-4.39731676315938e-14,-6.288414730419353e-17
573.25,-4.397010988645754e-14,-6.315302482111573e-17
573.26,-4.396572448455267e-14,-6.284886301103025e-17
573.27,-4.396202856804182e-14,-6.29812079472792e-17
573.28,-4.395809470183513e-14,-6.29490681512714e-17
573.29,-4.395483406196599e-14,-6.305270601344378e-17
573.3,-4.395057404412871e-14,-6.288288978128265e-17
573.31,-4.394745582407897e-14,-6.306673480701607e-17
573.32,-4.394337804708636e-14,-6.2971384905322e-17
573.33,-4.393960373434446e-14,-6.287728519765563e-17
573.34,-4.3935006001433275e-14,-6.255536897687962e-17
573.35,-4.393224722345276e-14,-6.274763710498781e-17
573.36,-4.392843121183018e-14,-6.283463107174844e-17
573.37,-4.392457825807401e-14,-6.292044908303543e-17
573.38,-4.392083682859419e-14,-6.28824940412068e-17
573.39,-4.391712981465538e-14,-6.300496668218343e-17
573.4,-4.3913484852253543e-14,-6.28907617284588e-17
573.41,-4.3909848682569126e-14,-6.294204091687727e-17
573.42,-4.3905203771782166e-14,-6.329305807382012e-17
573.43,-4.390250323700285e-14,-6.297635932341468e-17
573.44,-4.3898708449963894e-14,-6.27596622229473e-17
573.45,-4.389504929140678e-14,-6.291245910528803e-17
573.46,-4.3891614560219823e-14,-6.308374597420376e-17
573.47,-4.388733283038034e-14,-6.280609357522831e-17
573.48,-4.388228926145127e-14,-6.225780656901784e-17
573.49,-4.3879854075420864e-14,-6.283069838858463e-17
573.5,-4.3875794943570316e-14,-6.266927398615842e-17
573.51,-4.3871933314263895e-14,-6.272811778575868e-17
573.52,-4.3868059874254116e-14,-6.253978417548707e-17
573.53,-4.386555504563164e-14,-6.259497612679637e-17
573.54,-4.386048079713555e-14,-6.250464354335004e-17
573.55,-4.3857397874243105e-14,-6.272389288533894e-17
573.56,-4.385360405639564e-14,-6.26888386069023e-17
573.57,-4.384928190884312e-14,-6.296855440485507e-17
573.58,-4.3846124563064965e-14,-6.270201549730506e-17
573.59,-4.384321238888093e-14,-6.24703184828984e-17
573.6,-4.38387261864093e-14,-6.263454580079654e-17
573.61,-4.383526187860554e-14,-6.278324241757101e-17
573.62,-4.383195355948777e-14,-6.359504419534516e-17
573.63,-4.3827844024511465e-14,-6.26952142253225e-17
573.64,-4.382392715396897e-14,-6.267564070912766e-17
573.65,-4.382017897455519e-14,-6.268122213955554e-17
573.66,-4.381668087822274e-14,-6.282312826114108e-17
573.67,-4.381283761048362e-14,-6.264370583636611e-17
573.68,-4.380898076002356e-14,-6.272799287990394e-17
573.69,-4.380570216654633e-14,-6.285544732262277e-17
573.7,-4.380160108193547e-14,-6.278463426410851e-17
573.71,-4.3802537371813234e-14,-6.520677008053997e-17
573.72,-4.379446661345736e-14,-6.266131311646353e-17
573.73,-4.3790405653208225e-14,-6.265574771375069e-17
573.74,-4.3786754622063435e-14,-6.274583034350314e-17
573.75,-4.378259307666786e-14,-6.235111791775375e-17
573.76,-4.377927406343282e-14,-6.262379479527886e-17
573.77,-4.377586450338444e-14,-6.278587781396406e-17
573.78,-4.377221476651044e-14,-6.3043064534975e-17
573.79,-4.3768129612638235e-14,-6.258098956117484e-17
573.8,-4.3764056040643e-14,-6.258822674356212e-17
573.81,-4.376063578578509e-14,-6.26964905689007e-17
573.82,-4.375696046216162e-14,-6.260797992057546e-17
573.83,-4.3753193083034226e-14,-6.246704066680239e-17
573.84,-4.374968102705191e-14,-6.254183596202313e-17
573.85,-4.374584844449979e-14,-6.249352402341314e-17
573.86,-4.374224360345675e-14,-6.267267609290927e-17
573.87,-4.3737476853208206e-14,-6.254287579961388e-17
573.88,-4.3734595753820076e-14,-6.268502026409769e-17
573.89,-4.3730764310985385e-14,-6.258120707146643e-17
573.9,-4.3726927356310496e-14,-6.266413503217321e-17
573.91,-4.3723296015474076e-14,-6.258013489362106e-17
573.92,-4.371939992205075e-14,-6.230308128004794e-17
573.93,-4.3716085209609866e-14,-6.252615839189467e-17
573.94,-4.37123624083197e-14,-6.258667157849858e-17
573.95,-4.3708430288293076e-14,-6.255321449658878e-17
573.96,-4.3704287259592425e-14,-6.2112137730982e-17
573.97,-4.3701761519953953e-14,-6.271269342318261e-17
573.98,-4.3698288912299e-14,-6.270033552486089e-17
573.99,-4.3693988249413713e-14,-6.269801991288021e-17
574.0,-4.369012459531886e-14,-6.251640062583328e-17
574.01,-4.36862578872804e-14,-6.245113553287318e-17
574.02,-4.368332582224007e-14,-6.290907114747674e-17
574.03,-4.367878208966721e-14,-6.250191634209571e-17
574.04,-4.367512191818145e-14,-6.24541756631355e-17
574.05,-4.367164908222078e-14,-6.245883394996842e-17
574.06,-4.366558476228714e-14,-6.126689108485268e-17
574.07,-4.366530050290989e-14,-6.232394313141391e-17
574.08,-4.366049932977555e-14,-6.246602338063916e-17
574.09,-4.3656508884170756e-14,-6.244967606812513e-17
574.1,-4.365292434835848e-14,-6.257160794614744e-17
574.11,-4.3649438902597295e-14,-6.243256002798212e-17
574.12,-4.364524251833824e-14,-6.252268840962357e-17
574.13,-4.3642197106626346e-14,-6.243242498166346e-17
574.14,-4.363863372365524e-14,-6.271204041896068e-17
574.15,-4.363481858504198e-14,-6.26155240586206e-17
574.16,-4.363078948409513e-14,-6.256479127428814e-17
574.17,-4.362706314229458e-14,-6.241560439940409e-17
574.18,-4.3623355559864906e-14,-6.240955825390611e-17
574.19,-4.361946643167539e-14,-6.22925749347798e-17
574.2,-4.3615733591248433e-14,-6.237622131719381e-17
574.21,-4.3611827994772593e-14,-6.207291220689128e-17
574.22,-4.360826131695713e-14,-6.220978539069451e-17
574.23,-4.360573420148648e-14,-6.299958130594663e-17
574.24,-4.360020558360667e-14,-6.19811113269645e-17
574.25,-4.359763217614739e-14,-6.225900692816705e-17
574.26,-4.359378048030778e-14,-6.237821086782733e-17
574.27,-4.3590175627409704e-14,-6.240490443257141e-17
574.28,-4.3585621300866854e-14,-6.191457354864732e-17
574.29,-4.3582375227022554e-14,-6.21594843091707e-17
574.3,-4.357910589440844e-14,-6.232701220951084e-17
574.31,-4.3575335148750884e-14,-6.233232770019697e-17
574.32,-4.3571828250825415e-14,-6.245307826828158e-17
574.33,-4.3567858915873176e-14,-6.235314848397425e-17
574.34,-4.3564131091636955e-14,-6.236929942929961e-17
574.35,-4.35604902440058e-14,-6.224264341481837e-17
574.36,-4.3557262973903415e-14,-6.223923660013603e-17
574.37,-4.355266729254117e-14,-6.186878875046803e-17
574.38,-4.35494166302406e-14,-6.232532906706912e-17
574.39,-4.354598058100904e-14,-6.23139510224385e-17
574.4,-4.3541902039240404e-14,-6.23168251134983e-17
574.41,-4.35381589552254e-14,-6.230129469186732e-17
574.42,-4.35346512232437e-14,-6.233074563267724e-17
574.43,-4.353042230175252e-14,-6.231686127903774e-17
574.44,-4.3527479385485563e-14,-6.248200059979112e-17
574.45,-4.35235397446388e-14,-6.227230033529903e-17
574.46,-4.3519820498266404e-14,-6.234549294155979e-17
574.47,-4.351609839330075e-14,-6.225149387180363e-17
574.48,-4.351273705196931e-14,-6.224771002265077e-17
574.49,-4.3508422586144373e-14,-6.199456186665781e-17
574.5,-4.3505003746884884e-14,-6.217963878359641e-17
574.51,-4.350108440989794e-14,-6.202879848708753e-17
574.52,-4.3497298152389567e-14,-6.225894106537605e-17
574.53,-4.349386053244106e-14,-6.212454921047712e-17
574.54,-4.349032387389261e-14,-6.225043035638894e-17
574.55,-4.3486708323459343e-14,-6.225963178702625e-17
574.56,-4.348284212957131e-14,-6.222604265363516e-17
574.57,-4.34793655436623e-14,-6.220235739016111e-17
574.58,-4.347527766151333e-14,-6.208631863334171e-17
574.59,-4.347184708568077e-14,-6.207321671925895e-17
574.6,-4.3468307818638977e-14,-6.230624972128925e-17
574.61,-4.346442152846769e-14,-6.206146979047042e-17
574.62,-4.346085536990159e-14,-6.209241495159759e-17
574.63,-4.3457090906245205e-14,-6.20265881992263e-17
574.64,-4.345285570438223e-14,-6.208627514260528e-17
574.65,-4.344946921902557e-14,-6.201626211510012e-17
574.66,-4.3445476624914027e-14,-6.213934703519718e-17
574.67,-4.3442227722587936e-14,-6.212901147958598e-17
574.68,-4.343854114137797e-14,-6.210613424564134e-17
574.69,-4.34346598722038e-14,-6.179430423928374e-17
574.7,-4.3431093804666475e-14,-6.210784614555191e-17
574.71,-4.342769284309284e-14,-6.221328704970481e-17
574.72,-4.342425736837938e-14,-6.232457745392499e-17
574.73,-4.341962558289283e-14,-6.169125581359472e-17
574.74,-4.341648581040147e-14,-6.19685928110457e-17
574.75,-4.3412394226173477e-14,-6.185771405474923e-17
574.76,-4.3409473400994515e-14,-6.184356578541911e-17
574.77,-4.340555258412591e-14,-6.223729182073153e-17
574.78,-4.3401605959304374e-14,-6.199578369151797e-17
574.79,-4.339786312089083e-14,-6.185414418964583e-17
574.8,-4.3394473161559365e-14,-6.200979896701694e-17
574.81,-4.339060345505164e-14,-6.1852776331626e-17
574.82,-4.338691706211925e-14,-6.19776194774503e-17
574.83,-4.33833444637529e-14,-6.19708271402162e-17
574.84,-4.337937709135332e-14,-6.188957471824882e-17
574.85,-4.337638523434092e-14,-6.19080443711044e-17
574.86,-4.337206813602663e-14,-6.191691768349677e-17
574.87,-4.336839350794896e-14,-6.190485659780179e-17
574.88,-4.3365665142132787e-14,-6.202182973078167e-17
574.89,-4.336123619465509e-14,-6.196727509603092e-17
574.9,-4.335765738710493e-14,-6.205547603320042e-17
574.91,-4.335382434950725e-14,-6.18851662676781e-17
574.92,-4.335032671841226e-14,-6.188671401150606e-17
574.93,-4.334662247591954e-14,-6.197906891087218e-17
574.94,-4.334410778310154e-14,-6.301085041997507e-17
574.95,-4.333895072488768e-14,-6.153112667658694e-17
574.96,-4.333544369197075e-14,-6.18198228527795e-17
574.97,-4.3332109364037783e-14,-6.188333268977044e-17
574.98,-4.3328131296226306e-14,-6.19665034023959e-17
574.99,-4.332429189331172e-14,-6.179189547855976e-17
575.0,-4.332107780828125e-14,-6.223325953554463e-17
575.01,-4.331699054564587e-14,-6.169318429698171e-17
575.02,-4.3312881380666956e-14,-6.209069261764386e-17
575.03,-4.330991392240613e-14,-6.22797878360504e-17
575.04,-4.330579391590236e-14,-6.136960481888644e-17
575.05,-4.330252225833584e-14,-6.180885753105968e-17
575.06,-4.3298827709473067e-14,-6.189848479972955e-17
575.07,-4.329518835775145e-14,-6.190219592930471e-17
575.08,-4.329148875738894e-14,-6.190616038781348e-17
575.09,-4.3287811130616655e-14,-6.180130239274524e-17
575.1,-4.3283668954792945e-14,-6.181568426287899e-17
575.11,-4.327991560570154e-14,-6.189214758996532e-17
575.12,-4.327666065731107e-14,-6.183232026614354e-17
575.13,-4.327364027211868e-14,-6.169439555779446e-17
575.14,-4.326938496310885e-14,-6.176466579435022e-17
575.15,-4.326599747383114e-14,-6.1752785344012e-17
575.16,-4.3261820178035466e-14,-6.172569296806357e-17
575.17,-4.325857438632917e-14,-6.182340330720709e-17
575.18,-4.3254864560675606e-14,-6.173793144914585e-17
575.19,-4.325127774977873e-14,-6.198876103834232e-17
575.2,-4.3246690916548167e-14,-6.209016140628352e-17
575.21,-4.3243747055459214e-14,-6.157963306622157e-17
575.22,-4.3240716035289634e-14,-6.189476583461662e-17
575.23,-4.323655250092132e-14,-6.169609466778723e-17
575.24,-4.323277565612026e-14,-6.177664003739715e-17
575.25,-4.322900080013404e-14,-6.152235563713049e-17
575.26,-4.322555834146792e-14,-6.181442520137594e-17
575.27,-4.322174233747126e-14,-6.167011644743432e-17
575.28,-4.321779733690658e-14,-6.170885671130578e-17
575.29,-4.3213884388727153e-14,-5.940998785141203e-17
575.3,-4.3210912729283144e-14,-6.173446743956666e-17
575.31,-4.320711285984029e-14,-6.153442806413379e-17
575.32,-4.320344835002305e-14,-6.158277469992626e-17
575.33,-4.3200061683435593e-14,-6.169578553286303e-17
575.34,-4.319608227957161e-14,-6.156343420771108e-17
575.35,-4.319236988413701e-14,-6.161231257922536e-17
575.36,-4.3188833426565395e-14,-6.163457129621479e-17
575.37,-4.318534794953493e-14,-6.16610091431065e-17
575.38,-4.318236897793971e-14,-6.215669974365193e-17
575.39,-4.317783153718494e-14,-6.168123266921251e-17
575.4,-4.317445544973415e-14,-6.177641646258785e-17
575.41,-4.316985540159836e-14,-6.151552642555397e-17
575.42,-4.316664364933413e-14,-6.152893371490356e-17
575.43,-4.316266340879188e-14,-6.13883633250143e-17
575.44,-4.31595696677402e-14,-6.159513301840859e-17
575.45,-4.315577461681214e-14,-6.151232292891086e-17
575.46,-4.315237063318526e-14,-6.13848062313319e-17
575.47,-4.3148240680308867e-14,-6.191098459128289e-17
575.48,-4.314479908934475e-14,-6.142318302784575e-17
575.49,-4.314108080940156e-14,-6.140235339232526e-17
575.5,-4.3137329156659674e-14,-6.105249589543098e-17
575.51,-4.313400101068511e-14,-6.152155202491544e-17
575.52,-4.3130218818735245e-14,-6.206705063940077e-17
575.53,-4.312654500762205e-14,-6.14342203411194e-17
575.54,-4.312292212537685e-14,-6.165927527201525e-17
575.55,-4.311988298920995e-14,-6.129093178787195e-17
575.56,-4.311516040803599e-14,-6.104798991434806e-17
575.57,-4.3111979057387784e-14,-6.15137228210335e-17
575.58,-4.310991504010815e-14,-6.182323925499623e-17
575.59,-4.310494645038173e-14,-6.142686625264835e-17
575.6,-4.310068722794774e-14,-6.140317068605695e-17
575.61,-4.309757747127541e-14,-6.127300603268607e-17
575.62,-4.309376714468417e-14,-6.143359049792979e-17
575.63,-4.3089796103794684e-14,-6.141786228518499e-17
575.64,-4.308750713043638e-14,-6.163976111714773e-17
575.65,-4.3082383259213904e-14,-6.138099248949323e-17
575.66,-4.307920382646231e-14,-6.168662617436882e-17
575.67,-4.307574699096983e-14,-6.140413193386754e-17
575.68,-4.3071659358104453e-14,-6.135992600826278e-17
575.69,-4.306797998774417e-14,-6.138967860305811e-17
575.7,-4.30649728187542e-14,-6.13333206393959e-17
575.71,-4.3060932411171076e-14,-6.138582772811917e-17
575.72,-4.305738703342363e-14,-6.134545394624212e-17
575.73,-4.305360928849438e-14,-6.121372135888804e-17
575.74,-4.304932102662735e-14,-6.13911848567671e-17
575.75,-4.304619271714394e-14,-6.159573048908937e-17
575.76,-4.3042623789163903e-14,-6.132694676981274e-17
575.77,-4.303877530368263e-14,-6.151002282344333e-17
575.78,-4.303523555843297e-14,-6.129178513017217e-17
575.79,-4.303162716303717e-14,-6.132426886696362e-17
575.8,-4.3028187357975125e-14,-6.131385558275995e-17
575.81,-4.3024375971931594e-14,-6.12334015455857e-17
575.82,-4.302044225229729e-14,-6.117093144422268e-17
575.83,-4.301714034547416e-14,-6.143941623539059e-17
575.84,-4.301350570553285e-14,-6.108971397582592e-17
575.85,-4.3010164803385444e-14,-6.131594308446121e-17
575.86,-4.300620953755913e-14,-6.118938161987296e-17
575.87,-4.300241055998821e-14,-6.130974647999777e-17
575.88,-4.2999239466876173e-14,-6.128487633894002e-17
575.89,-4.299572079574962e-14,-6.11979197225678e-17
575.9,-4.2992627163099253e-14,-6.138556374489216e-17
575.91,-4.298824384142623e-14,-6.129038402469839e-17
575.92,-4.298449312956834e-14,-6.12408387662845e-17
575.93,-4.298099343811702e-14,-6.111890888776061e-17
575.94,-4.297698278880284e-14,-6.128703787099104e-17
575.95,-4.2973374413513027e-14,-6.107660262758088e-17
575.96,-4.296993302385525e-14,-6.124237978379082e-17
575.97,-4.296641328499598e-14,-6.119857335554957e-17
575.98,-4.296267427948074e-14,-6.112387667853234e-17
575.99,-4.295907795196436e-14,-6.126534885090145e-17
576.0,-4.29552893446588e-14,-6.122414981060642e-17
576.01,-4.2951796276855273e-14,-6.125668950188951e-17
576.02,-4.294804897513869e-14,-6.107868837024221e-17
576.03,-4.294476648201212e-14,-6.041954417001137e-17
576.04,-4.294081722491787e-14,-6.109859300267896e-17
576.05,-4.2937254447406224e-14,-6.115485077353922e-17
576.06,-4.2933477613660564e-14,-6.115029312283923e-17
576.07,-4.2929420246653294e-14,-6.09760504537712e-17
576.08,-4.292634335898721e-14,-6.1051965830412e-17
576.09,-4.292259601241203e-14,-6.111511064670833e-17
576.1,-4.291884668263865e-14,-6.103053957809187e-17
576.11,-4.291512118606112e-14,-6.121452601771967e-17
576.12,-4.291046928136919e-14,-6.123171698336582e-17
576.13,-4.2908142434795074e-14,-6.105960493225737e-17
576.14,-4.2904302607127346e-14,-6.103022184129595e-17
576.15,-4.290075097153693e-14,-6.099664858915941e-17
576.16,-4.289684562925455e-14,-6.108174234757091e-17
576.17,-4.289375809905507e-14,-6.100880697214881e-17
576.18,-4.288946765024437e-14,-6.08707002347315e-17
576.19,-4.2886692941146694e-14,-6.087472894509747e-17
576.2,-4.2882355332782735e-14,-6.114340724013492e-17
576.21,-4.287901537439964e-14,-6.077291418255523e-17
576.22,-4.287534830204301e-14,-6.103682043479441e-17
576.23,-4.2871749778796023e-14,-6.096394534428941e-17
576.24,-4.28679180780863e-14,-6.092266386648305e-17
576.25,-4.286449707521744e-14,-6.075672585379737e-17
576.26,-4.286101590134122e-14,-6.09832955895229e-17
576.27,-4.285755765370142e-14,-6.075421472278238e-17
576.28,-4.285371340819137e-14,-6.08823363740215e-17
576.29,-4.284982413301951e-14,-6.095601051981249e-17
576.3,-4.284624676984047e-14,-6.106061467099861e-17
576.31,-4.284273124700657e-14,-6.093284522190244e-17
576.32,-4.283951894812816e-14,-6.103523161008113e-17
576.33,-4.2835496368644616e-14,-6.089059348893213e-17
576.34,-4.283159615314202e-14,-6.046906705781884e-17
576.35,-4.2828147290156065e-14,-6.088267463332276e-17
576.36,-4.282451842162412e-14,-6.085829990315102e-17
576.37,-4.2821076268841994e-14,-6.088502971801961e-17
576.38,-4.2817416016705656e-14,-6.084450666847691e-17
576.39,-4.281372299292979e-14,-6.095167433568056e-17
576.4,-4.280994017343213e-14,-6.084414418059441e-17
576.41,-4.28067123080521e-14,-6.08687646475168e-17
576.42,-4.2802647492211284e-14,-6.085546505909366e-17
576.43,-4.279926929066474e-14,-6.089470695733608e-17
576.44,-4.279565419812939e-14,-6.080209778964864e-17
576.45,-4.2791994826080304e-14,-6.073836363126191e-17
576.46,-4.278854104034668e-14,-6.071202415145157e-17
576.47,-4.278477086965069e-14,-6.09042110380218e-17
576.48,-4.2781090274472295e-14,-6.076095670406776e-17
576.49,-4.277748745064656e-14,-6.072795280871359e-17
576.5,-4.277410277030788e-14,-6.07638630370397e-17
576.51,-4.277016039906496e-14,-6.08462688699648e-17
576.52,-4.2766509383690756e-14,-6.082804912308004e-17
576.53,-4.2762995680310435e-14,-6.069074723170049e-17
576.54,-4.27589721294805e-14,-6.084168113634493e-17
576.55,-4.2755625566165716e-14,-6.076458988993455e-17
576.56,-4.275242277342704e-14,-6.069975954372587e-17
576.57,-4.274848333209841e-14,-6.076671639804809e-17
576.58,-4.274492151797949e-14,-6.068251318026959e-17
576.59,-4.27411805037674e-14,-6.064132913660771e-17
576.6,-4.273775449139007e-14,-6.070756770646773e-17
576.61,-4.2734115730977986e-14,-6.055532383361422e-17
576.62,-4.273052619652237e-14,-6.075779134547429e-17
576.63,-4.2726901329969795e-14,-6.067376079402181e-17
576.64,-4.2722541671665694e-14,-6.054260973955034e-17
576.65,-4.271940479594501e-14,-6.061091840363997e-17
576.66,-4.271616073404257e-14,-6.077302458822853e-17
576.67,-4.271290726926098e-14,-6.088317857959732e-17
576.68,-4.270849566713493e-14,-6.065045371116217e-17
576.69,-4.2705009655013315e-14,-6.078523949140914e-17
576.7,-4.2701641185444234e-14,-6.056258094726725e-17
576.71,-4.2698112771598524e-14,-6.054071304546319e-17
576.72,-4.2694324855654165e-14,-6.062390466692059e-17
576.73,-4.269122781588159e-14,-6.063099589875853e-17
576.74,-4.268702306664816e-14,-6.053287149130823e-17
576.75,-4.2683419016905735e-14,-6.053111500079227e-17
576.76,-4.2680639000419276e-14,-6.059185302084419e-17
576.77,-4.267609444407009e-14,-6.056090804856878e-17
576.78,-4.2673063977789905e-14,-6.051337905748661e-17
576.79,-4.266942489189833e-14,-6.054343165188908e-17
576.8,-4.2665271910763854e-14,-6.059224576516112e-17
576.81,-4.266198719451175e-14,-6.051621139295544e-17
576.82,-4.265993035201386e-14,-6.045103883577676e-17
576.83,-4.2654403818925735e-14,-6.04900278424265e-17
576.84,-4.2650869775708746e-14,-6.032480853482438e-17
576.85,-4.2647399777289074e-14,-6.050578326338433e-17
576.86,-4.264377484355832e-14,-6.052011460175094e-17
576.87,-4.2640044750385426e-14,-6.042862574376446e-17
576.88,-4.263690277313325e-14,-6.062402782044957e-17
576.89,-4.2633124164630926e-14,-6.063882266935567e-17
576.9,-4.2629458744417795e-14,-6.044075017470972e-17
576.91,-4.2626509804729765e-14,-6.048531635725806e-17
576.92,-4.262226131233743e-14,-6.044908626862341e-17
576.93,-4.2618782821265983e-14,-6.041987967960736e-17
576.94,-4.261500422296903e-14,-6.042830551404634e-17
576.95,-4.261131821467124e-14,-6.032827899379972e-17
576.96,-4.260786353977765e-14,-6.041385224333508e-17
576.97,-4.2603917027829906e-14,-6.045428290461004e-17
576.98,-4.260099770350066e-14,-6.039450925227347e-17
576.99,-4.25971098809276e-14,-6.034114566053375e-17
577.0,-4.2592708731684345e-14,-6.035696628313688e-17
577.01,-4.2590190161079296e-14,-6.042574504006268e-17
577.02,-4.258649496724782e-14,-6.035377584036959e-17
577.03,-4.258270554053967e-14,-6.030492546512455e-17
577.04,-4.257944676170936e-14,-6.036021897925031e-17
577.05,-4.25751851202882e-14,-6.037810894442802e-17
577.06,-4.257189058881841e-14,-6.034261942469716e-17
577.07,-4.25679682768707e-14,-6.036404149009023e-17
577.08,-4.256481177557912e-14,-6.034408072806748e-17
577.09,-4.256071812842055e-14,-6.034119092841195e-17
577.1,-4.2557782753007145e-14,-6.036937686398989e-17
577.11,-4.2554808780587936e-14,-6.052655466265739e-17
577.12,-4.255037989546144e-14,-6.035963382685163e-17
577.13,-4.2546678721211114e-14,-6.020053626344231e-17
577.14,-4.2542947398995724e-14,-6.02773521767601e-17
577.15,-4.2539552837873514e-14,-6.007748297973376e-17
577.16,-4.2535956222173514e-14,-6.026696722328221e-17
577.17,-4.253216203186982e-14,-6.026257866007199e-17
577.18,-4.252901572351472e-14,-6.035376327445405e-17
577.19,-4.252491064674007e-14,-6.019888948092109e-17
577.2,-4.252227826073935e-14,-6.027612151128116e-17
577.21,-4.2517940783914656e-14,-6.021608790334829e-17
577.22,-4.251451768236884e-14,-6.03716215767158e-17
577.23,-4.2510613341946076e-14,-6.018382514121512e-17
577.24,-4.25076445630988e-14,-6.012655435491386e-17
577.25,-4.250354302293494e-14,-6.018930665938696e-17
577.26,-4.2500145879164345e-14,-6.025481643925573e-17
577.27,-4.249628096834442e-14,-6.014195449127839e-17
577.28,-4.249318295100478e-14,-6.018423991667925e-17
577.29,-4.248965899920128e-14,-6.024477863381592e-17
577.3,-4.2484826732048356e-14,-6.021905560096384e-17
577.31,-4.248161918541769e-14,-6.019391752132416e-17
577.32,-4.247846289813111e-14,-6.0067539019136e-17
577.33,-4.247426840724623e-14,-5.984528260226154e-17
577.34,-4.247154266769851e-14,-6.011365760427256e-17
577.35,-4.246754878130458e-14,-6.009914125608688e-17
577.36,-4.246372114304225e-14,-5.94105008563834e-17
577.37,-4.2460240766345115e-14,-6.003142535606306e-17
577.38,-4.2456567149846365e-14,-5.994753863822983e-17
577.39,-4.2453452705743265e-14,-6.033077200307662e-17
577.4,-4.244988858389458e-14,-6.020527770350112e-17
577.41,-4.244609088309354e-14,-6.00493035651695e-17
577.42,-4.244236175968902e-14,-5.958707997839854e-17
577.43,-4.243909443834241e-14,-6.008988372522147e-17
577.44,-4.2435705559313657e-14,-6.010299007412804e-17
577.45,-4.2431860944155705e-14,-6.00267394118277e-17
577.46,-4.2428426213914384e-14,-6.003934493607591e-17
577.47,-4.242357474723608e-14,-6.010428727085026e-17
577.48,-4.2421587289250097e-14,-6.011021403498338e-17
577.49,-4.2417557732230993e-14,-5.997479621595587e-17
577.5,-4.241415866391483e-14,-6.002832969660401e-17
577.51,-4.241026675258583e-14,-5.997495048440816e-17
577.52,-4.24072429486933e-14,-6.007979312363655e-17
577.53,-4.240395107592251e-14,-5.999410240462173e-17
577.54,-4.2399299026952444e-14,-5.990527176038859e-17
577.55,-4.239597287968011e-14,-5.997939215241668e-17
577.56,-4.238852916734365e-14,-5.897565353905546e-17
577.57,-4.238888667858339e-14,-6.008017001263394e-17
577.58,-4.238543582261195e-14,-5.994393209823359e-17
577.59,-4.2381989165151735e-14,-5.998756383122663e-17
577.6,-4.237776931327441e-14,-5.984599997577237e-17
577.61,-4.237477150097977e-14,-5.998382290855878e-17
577.62,-4.237100240507926e-14,-5.988176669453543e-17
577.63,-4.236725563710459e-14,-5.9674835501819e-17
577.64,-4.2364062080639315e-14,-5.990797661809055e-17
577.65,-4.2360936301083e-14,-6.231734596677746e-17
577.66,-4.235684961856476e-14,-6.009939100842226e-17
577.67,-4.2353256513867065e-14,-5.975077530741215e-17
577.68,-4.234982725698574e-14,-6.00078661838193e-17
577.69,-4.234669399049669e-14,-6.004069572476683e-17
577.7,-4.234257087458264e-14,-5.980989007933424e-17
577.71,-4.233867431764859e-14,-5.981225885166946e-17
577.72,-4.233489786313998e-14,-5.972196805810888e-17
577.73,-4.233203744808194e-14,-5.989383767918262e-17
577.74,-4.233119099247716e-14,-5.984627634317226e-17
577.75,-4.2324605828394e-14,-5.979281046645065e-17
577.76,-4.2321117828345354e-14,-5.983547713181175e-17
577.77,-4.23174062860529e-14,-5.981083056602406e-17
577.78,-4.231399857885965e-14,-5.975077538653373e-17
577.79,-4.231021521573874e-14,-5.979508558773244e-17
577.8,-4.230676307753779e-14,-5.981101611093408e-17
577.81,-4.230389731163066e-14,-6.001850743250015e-17
577.82,-4.2299571440625354e-14,-5.96292233308657e-17
577.83,-4.2297402054811805e-14,-5.985960229316804e-17
577.84,-4.229229095541642e-14,-5.96101886450707e-17
577.85,-4.2288993068234437e-14,-5.975647844993442e-17
577.86,-4.22858453214916e-14,-5.991133730370697e-17
577.87,-4.228218610918513e-14,-5.979559016803283e-17
577.88,-4.227820811239111e-14,-5.968951082987718e-17
577.89,-4.22746865666887e-14,-5.971225309484746e-17
577.9,-4.227158238393646e-14,-5.977950389821401e-17
577.91,-4.22674535656742e-14,-5.963816154349096e-17
577.92,-4.2264379236312146e-14,-6.013802205225929e-17
577.93,-4.2260130409891915e-14,-5.965068681989456e-17
577.94,-4.225681471469893e-14,-5.96996085075117e-17
577.95,-4.225353059980737e-14,-5.971555325870864e-17
577.96,-4.22490932582145e-14,-5.945535972881075e-17
577.97,-4.2245898492975825e-14,-5.965566171607379e-17
577.98,-4.2242588739610286e-14,-5.966477989329964e-17
577.99,-4.2238636231172405e-14,-5.960176111247988e-17
578.0,-4.223750882484944e-14,-6.025079033417512e-17
578.01,-4.223254287764475e-14,-5.977532047507738e-17
578.02,-4.222844232754675e-14,-5.963891041364395e-17
578.03,-4.2224908134644283e-14,-5.960805361999962e-17
578.04,-4.222146775153446e-14,-5.970195869950645e-17
578.05,-4.2217470005976634e-14,-5.96566928021069e-17
578.06,-4.2214290642299626e-14,-5.975225257418652e-17
578.07,-4.2210377136576277e-14,-5.965845838989309e-17
578.08,-4.2206412369802966e-14,-5.942141038429024e-17
578.09,-4.22016698802446e-14,-5.941713573634172e-17
578.1,-4.2199786473727477e-14,-5.944969220567838e-17
578.11,-4.2196469400409126e-14,-5.973158403119003e-17
578.12,-4.2192669265233584e-14,-5.955972179567475e-17
578.13,-4.2189069430654294e-14,-5.947545597659947e-17
578.14,-4.218576613500773e-14,-5.961250570348865e-17
578.15,-4.218202026646846e-14,-5.957864439982762e-17
578.16,-4.2178586896539894e-14,-5.947310537412038e-17
578.17,-4.217481834957394e-14,-5.951187343217852e-17
578.18,-4.2171003887400153e-14,-5.951296720007815e-17
578.19,-4.216760166623939e-14,-5.962638626297852e-17
578.2,-4.216418272404873e-14,-5.943280733627962e-17
578.21,-4.216068446493848e-14,-5.947440214515272e-17
578.22,-4.21577484193885e-14,-5.978326854754788e-17
578.23,-4.215393921145489e-14,-5.96126329832541e-17
578.24,-4.2150057007649784e-14,-5.943351260438621e-17
578.25,-4.2146540741976504e-14,-5.947499736797757e-17
578.26,-4.214250374290532e-14,-5.938203380913874e-17
578.27,-4.2139073998973415e-14,-5.936269288188653e-17
578.28,-4.213518260468333e-14,-5.930709606275419e-17
578.29,-4.213200663933013e-14,-5.929849243692505e-17
578.3,-4.212920962512582e-14,-5.952805397608385e-17
578.31,-4.212494734433983e-14,-5.93357719342286e-17
578.32,-4.2121552999886795e-14,-5.943841788937315e-17
578.33,-4.21178730973064e-14,-5.949065922042646e-17
578.34,-4.211450809861808e-14,-5.925309399304066e-17
578.35,-4.211094399698051e-14,-5.932862729216467e-17
578.36,-4.210735538244064e-14,-5.935001503992187e-17
578.37,-4.210345081111175e-14,-5.923266188125445e-17
578.38,-4.2100587324120057e-14,-5.931927272664637e-17
578.39,-4.2096575208582765e-14,-5.929881314124098e-17
578.4,-4.209333638594614e-14,-5.931551863273684e-17
578.41,-4.2089850673076586e-14,-5.931290256570625e-17
578.42,-4.208648842588713e-14,-5.935235041307664e-17
578.43,-4.208303755247017e-14,-5.941260392943539e-17
578.44,-4.207936144394736e-14,-5.939574892685324e-17
578.45,-4.207584896695486e-14,-5.93929713121192e-17
578.46,-4.207183638578591e-14,-5.922897788801149e-17
578.47,-4.2068681197432865e-14,-5.941248147312419e-17
578.48,-4.2064847437221264e-14,-5.927830760508943e-17
578.49,-4.206141437191181e-14,-5.925020386610351e-17
578.5,-4.205780553171264e-14,-5.925437625421528e-17
578.51,-4.205408305187151e-14,-5.920486447206284e-17
578.52,-4.2050958762386676e-14,-5.930302220378481e-17
578.53,-4.2047825087330646e-14,-5.942716883549568e-17
578.54,-4.204398183012446e-14,-5.950118556008645e-17
578.55,-4.2040417841676125e-14,-5.927514333767602e-17
578.56,-4.203638467399764e-14,-5.914529034789447e-17
578.57,-4.203313043877251e-14,-5.942356164955928e-17
578.58,-4.202981097677091e-14,-5.916841018716564e-17
578.59,-4.202609847660529e-14,-5.931698934361033e-17
578.6,-4.202309798454675e-14,-5.915296008506264e-17
578.61,-4.201832234032586e-14,-5.910694637248644e-17
578.62,-4.2015056163183326e-14,-5.918323294084431e-17
578.63,-4.201194060044934e-14,-5.922391502370935e-17
578.64,-4.2008576561743105e-14,-5.929871114641542e-17
578.65,-4.200468856454713e-14,-5.918067738681423e-17
578.66,-4.2000568538198664e-14,-5.882694277972645e-17
578.67,-4.1997747134130745e-14,-5.910742519607958e-17
578.68,-4.1994144538082255e-14,-5.918596697591242e-17
578.69,-4.199135317312229e-14,-5.930434099622224e-17
578.7,-4.1987136644115043e-14,-5.936321125685662e-17
578.71,-4.1983294226562646e-14,-5.900252127837244e-17
578.72,-4.1980032673550666e-14,-5.923559103046768e-17
578.73,-4.19768852451593e-14,-5.931879336342037e-17
578.74,-4.197302212069347e-14,-5.91095190353404e-17
578.75,-4.196967371446206e-14,-5.922936034915603e-17
578.76,-4.196594523150426e-14,-5.921721910059642e-17
578.77,-4.196196246436367e-14,-5.890037220885592e-17
578.78,-4.195936752653797e-14,-5.921392152846067e-17
578.79,-4.195342133859588e-14,-5.827749483863576e-17
578.8,-4.195228944607181e-14,-5.946782247099316e-17
578.81,-4.194839310624388e-14,-5.916467014931666e-17
578.82,-4.19444818806765e-14,-5.923917673812056e-17
578.83,-4.1941078685903637e-14,-5.905563970979052e-17
578.84,-4.193748030168082e-14,-5.891177671011039e-17
578.85,-4.193417364602021e-14,-5.910244985814917e-17
578.86,-4.193071558523671e-14,-5.905735459729774e-17
578.87,-4.1926372355543353e-14,-5.913116912359736e-17
578.88,-4.192395311254207e-14,-5.930943946865822e-17
578.89,-4.191940315822081e-14,-5.928633973331162e-17
578.9,-4.191655614485255e-14,-5.896765711118785e-17
578.91,-4.1912948345129865e-14,-5.89247341886048e-17
578.92,-4.190925925328649e-14,-5.903414707525478e-17
578.93,-4.190567615963373e-14,-5.892515203789624e-17
578.94,-4.190188889147222e-14,-5.867458206029493e-17
578.95,-4.189933821954021e-14,-5.916227638344857e-17
578.96,-4.1894768029376e-14,-5.869039357483253e-17
578.97,-4.1891236466948325e-14,-5.863175159766299e-17
578.98,-4.188885210306935e-14,-5.938862649458539e-17
578.99,-4.1884780884661447e-14,-5.899812653814969e-17
579.0,-4.1881106458034e-14,-5.894004416777216e-17
579.01,-4.1877326136443025e-14,-5.886689428288591e-17
579.02,-4.187381772951584e-14,-5.875521363108885e-17
579.03,-4.187041600995004e-14,-5.888111133282922e-17
579.04,-4.1866800539696384e-14,-5.873073005549241e-17
579.05,-4.18612385873819e-14,-5.820666241284387e-17
579.06,-4.185986267759957e-14,-5.891454278974748e-17
579.07,-4.1856360441607575e-14,-5.915873892580706e-17
579.08,-4.185316650892264e-14,-5.891347465085471e-17
579.09,-4.1849346469720755e-14,-5.8984646510199e-17
579.1,-4.1846007228170336e-14,-5.885365109827549e-17
579.11,-4.184231256285447e-14,-5.892653324811054e-17
579.12,-4.183881317925076e-14,-5.89526802495381e-17
579.13,-4.183539631701454e-14,-5.891893221671259e-17
579.14,-4.183627920232691e-14,-5.78893887213313e-17
579.15,-4.182844044773328e-14,-5.884027914625594e-17
579.16,-4.182526139040718e-14,-5.915921470993352e-17
579.17,-4.1821553539363635e-14,-5.896056133130723e-17
579.18,-4.181769755478207e-14,-5.88216086058813e-17
579.19,-4.181444758336597e-14,-5.900006981174283e-17
579.2,-4.18106812338375e-14,-5.874501787435709e-17
579.21,-4.180722172665803e-14,-5.892331799164412e-17
579.22,-4.180351178802135e-14,-5.872999631467566e-17
579.23,-4.180319989826151e-14,-6.105760681667992e-17
579.24,-4.17969638620858e-14,-5.878100224427711e-17
579.25,-4.179334685152154e-14,-5.894824475775221e-17
579.26,-4.178971068759499e-14,-5.888747565726924e-17
579.27,-4.1786121902869547e-14,-5.889906674241461e-17
579.28,-4.178258295442675e-14,-5.861522043358555e-17
579.29,-4.1779126132059846e-14,-5.87527609601261e-17
579.3,-4.177571144694967e-14,-5.894035542298354e-17
579.31,-4.177219637717864e-14,-5.901474582260313e-17
579.32,-4.1769180332781955e-14,-5.905924802126759e-17
579.33,-4.1765015328340964e-14,-5.873470690594139e-17
579.34,-4.1761192095489155e-14,-5.873500431737765e-17
579.35,-4.175853968782575e-14,-5.868837440646398e-17
579.36,-4.175442285724316e-14,-5.871251508229825e-17
579.37,-4.1751328555153023e-14,-5.885390798109768e-17
579.38,-4.1747496275837795e-14,-5.866931306301576e-17
579.39,-4.174395305450549e-14,-5.878831510882526e-17
579.4,-4.1740444849088974e-14,-5.86497742025995e-17
579.41,-4.173774899615102e-14,-5.873146276147525e-17
579.42,-4.173337088650496e-14,-5.865026190722794e-17
579.43,-4.1728433880418097e-14,-5.878811509453985e-17
579.44,-4.1727184679994615e-14,-5.91841846444333e-17
579.45,-4.172288600461361e-14,-5.867273773304265e-17
579.46,-4.171875958781881e-14,-5.808884628603448e-17
579.47,-4.1715951320186286e-14,-5.874476931292654e-17
579.48,-4.171221565965778e-14,-5.857406406404564e-17
579.49,-4.170954707310882e-14,-5.908670282309142e-17
579.5,-4.170620322927188e-14,-5.90447709606325e-17
579.51,-4.170183180032606e-14,-5.86877299366432e-17
579.52,-4.169789159459012e-14,-5.827160298561618e-17
579.53,-4.169489909704954e-14,-5.86213704018677e-17
579.54,-4.169146520752149e-14,-5.860331869170917e-17
579.55,-4.1687839565542626e-14,-5.883878846764968e-17
579.56,-4.168430506452386e-14,-5.85873911865811e-17
579.57,-4.168099001560854e-14,-5.861694876011032e-17
579.58,-4.1676400700027964e-14,-5.860715158742102e-17
579.59,-4.167426698802194e-14,-5.869314693985554e-17
579.6,-4.167021866718656e-14,-5.828607072846748e-17
579.61,-4.166684571957196e-14,-5.871815294142066e-17
579.62,-4.166343445089352e-14,-5.851565263932668e-17
579.63,-4.166001903350561e-14,-5.858960151367399e-17
579.64,-4.165682093459317e-14,-5.852081839959783e-17
579.65,-4.1653022504734314e-14,-5.8651948048654e-17
579.66,-4.164954165698282e-14,-5.855095321876537e-17
579.67,-4.164607470676195e-14,-5.861959257742234e-17
579.68,-4.1641600301726045e-14,-5.844322993422195e-17
579.69,-4.163837427453121e-14,-5.822088797684843e-17
579.7,-4.163559719864915e-14,-5.859919068349716e-17
579.71,-4.163159972006608e-14,-5.828148729571764e-17
579.72,-4.162843734233297e-14,-5.850718206532047e-17
579.73,-4.1624868580705716e-14,-5.850283641905066e-17
579.74,-4.162142562109953e-14,-5.854603721135623e-17
579.75,-4.161799703263045e-14,-5.856554885355406e-17
579.76,-4.161454956547721e-14,-5.85897057870299e-17
579.77,-4.161030128148493e-14,-5.825871992465383e-17
579.78,-4.1607369606472224e-14,-5.84054390969231e-17
579.79,-4.160363814064196e-14,-5.836579889663226e-17
579.8,-4.1600373344627685e-14,-5.860871267106836e-17
579.81,-4.159692566099831e-14,-5.849300533440461e-17
579.82,-4.159343722989638e-14,-5.851403104695745e-17
579.83,-4.158994730398545e-14,-5.866035024450071e-17
579.84,-4.1585994255329686e-14,-5.851989855514895e-17
579.85,-4.158290856804894e-14,-5.843978665502328e-17
579.86,-4.157886895428286e-14,-5.842682985919932e-17
579.87,-4.1575988471935564e-14,-5.862706251864643e-17
579.88,-4.1572626680130604e-14,-5.839425259938398e-17
579.89,-4.1569041539127254e-14,-5.847887984274236e-17
579.9,-4.156578030747524e-14,-5.84801731596767e-17
579.91,-4.1561799933406463e-14,-5.831492457814324e-17
579.92,-4.1558920831995826e-14,-5.842416708937264e-17
579.93,-4.155479667627145e-14,-5.850002726146535e-17
579.94,-4.1551333644907974e-14,-5.831275286257879e-17
579.95,-4.154771803396196e-14,-5.834757270502494e-17
579.96,-4.154446810741886e-14,-5.848868101929957e-17
579.97,-4.154235628375361e-14,-5.938904958775497e-17
579.98,-4.15376082822801e-14,-5.843416223518172e-17
579.99,-4.153415740395423e-14,-5.838926635327336e-17
580.0,-4.1530445385984456e-14,-5.830600189842694e-17
580.01,-4.152709651273971e-14,-5.848844919445286e-17
580.02,-4.152348564716902e-14,-5.854571507060842e-17
580.03,-4.1520146388333285e-14,-5.835018926106903e-17
580.04,-4.151685813604249e-14,-5.864364516855771e-17
580.05,-4.151271645896947e-14,-5.807092502958843e-17
580.06,-4.1510288333887874e-14,-5.867777932943779e-17
580.07,-4.150616403008268e-14,-5.839801468463891e-17
580.08,-4.150272009875265e-14,-5.836684024174583e-17
580.09,-4.1499387549853264e-14,-5.837307431409517e-17
580.1,-4.149566330087786e-14,-5.819275298088897e-17
580.11,-4.1492158292201316e-14,-5.851568356171205e-17
580.12,-4.148910736726205e-14,-5.842912297405804e-17
580.13,-4.1485413530630596e-14,-5.838417019445243e-17
580.14,-4.148170731486854e-14,-5.824055016746781e-17
580.15,-4.1478579151756644e-14,-5.821799612266482e-17
580.16,-4.147476800524468e-14,-5.82588593541237e-17
580.17,-4.147071298555533e-14,-5.821350803444668e-17
580.18,-4.1467840861120876e-14,-5.832194376774212e-17
580.19,-4.146459056788668e-14,-5.866911856321486e-17
580.2,-4.146106023312833e-14,-5.844783292836718e-17
580.21,-4.145770879547721e-14,-5.86057658549674e-17
580.22,-4.145377317153743e-14,-5.83182451584658e-17
580.23,-4.14503227705147e-14,-5.819071386953785e-17
580.24,-4.1446713720054e-14,-5.807320692089964e-17
580.25,-4.144326965649182e-14,-5.820348925702276e-17
580.26,-4.143977327855812e-14,-5.820350863121202e-17
580.27,-4.1436599967424776e-14,-5.839815822112437e-17
580.28,-4.143306016075004e-14,-5.814568463919937e-17
580.29,-4.1429620128913086e-14,-5.827066451126066e-17
580.3,-4.142590153250429e-14,-5.829541347939611e-17
580.31,-4.142281215506104e-14,-5.840538179440245e-17
580.32,-4.1419073777632516e-14,-5.824670085725715e-17
580.33,-4.1415192889359774e-14,-5.818763100164224e-17
580.34,-4.141218206261948e-14,-5.811456517915598e-17
580.35,-4.140854496850255e-14,-5.819702541613207e-17
580.36,-4.140513782617674e-14,-5.816027348361872e-17
580.37,-4.140173422946306e-14,-5.816160927896772e-17
580.38,-4.1398306434276197e-14,-5.82280181099762e-17
580.39,-4.139493601350212e-14,-5.817796103413872e-17
580.4,-4.139139471939358e-14,-5.828492524059468e-17
580.41,-4.138793691396848e-14,-5.81988688153185e-17
580.42,-4.138414631371968e-14,-5.800853979599357e-17
580.43,-4.138105935831724e-14,-5.820092834885777e-17
580.44,-4.1377543789110693e-14,-5.820064722823886e-17
580.45,-4.137393306972762e-14,-5.808547318589989e-17
580.46,-4.1370389040970353e-14,-5.800969974646177e-17
580.47,-4.136712410634452e-14,-5.811392491923518e-17
580.48,-4.136332654248676e-14,-5.785627810432835e-17
580.49,-4.1360541592579776e-14,-5.814048837907316e-17
580.5,-4.135670453631688e-14,-5.824058933910069e-17
580.51,-4.135278088082165e-14,-5.806090957652153e-17
580.52,-4.134965527383486e-14,-5.822617834044289e-17
580.53,-4.134628776309032e-14,-5.803271264185914e-17
580.54,-4.1342480930295965e-14,-5.775206777817306e-17
580.55,-4.1339164115165794e-14,-5.814231510190557e-17
580.56,-4.1335934096068286e-14,-5.802072972288743e-17
580.57,-4.1332333887363324e-14,-5.810501654347617e-17
580.58,-4.132935342893348e-14,-5.801586487225324e-17
580.59,-4.132539859209389e-14,-5.80605378127199e-17
580.6,-4.132195230852165e-14,-5.803943281488057e-17
580.61,-4.1317833480077384e-14,-5.800183806764738e-17
580.62,-4.1315150570479244e-14,-5.801190588807574e-17
580.63,-4.1311436169320855e-14,-5.777033694319859e-17
580.64,-4.130801718118055e-14,-5.804672871818435e-17
580.65,-4.130479315250409e-14,-5.810476179160481e-17
580.66,-4.130110574303813e-14,-5.804218262845051e-17
580.67,-4.129765662919888e-14,-5.853083353650753e-17
580.68,-4.129422501792607e-14,-5.794919052034711e-17
580.69,-4.129084713965007e-14,-5.805512221447511e-17
580.7,-4.12869864367524e-14,-5.82941229708829e-17
580.71,-4.1283996836254433e-14,-5.802683085432887e-17
580.72,-4.12803397426255e-14,-5.811123188843213e-17
580.73,-4.127683563132886e-14,-5.811611962672766e-17
580.74,-4.127350619976897e-14,-5.794016818904152e-17
580.75,-4.1269979220704905e-14,-5.805378996011303e-17
580.76,-4.1265650716647856e-14,-5.730500740273762e-17
580.77,-4.126296946695001e-14,-5.821483287534054e-17
580.78,-4.126003986164163e-14,-5.804217008122926e-17
580.79,-4.125609262034339e-14,-5.796432528589486e-17
580.8,-4.125261966868456e-14,-5.795666847990483e-17
580.81,-4.124912487714231e-14,-5.794489862777785e-17
580.82,-4.124545206149142e-14,-5.792647266366013e-17
580.83,-4.124219167095838e-14,-5.786218300622107e-17
580.84,-4.1238763767430626e-14,-5.799702354116848e-17
580.85,-4.1234697893246935e-14,-5.811926333997391e-17
580.86,-4.123185852453368e-14,-5.797856306128183e-17
580.87,-4.122872644472738e-14,-5.797328200191122e-17
580.88,-4.122486672326022e-14,-5.790237503957578e-17
580.89,-4.1222028965135586e-14,-5.799371126788772e-17
580.9,-4.121795554889173e-14,-5.788280196783092e-17
580.91,-4.121446158321199e-14,-5.788450190833697e-17
580.92,-4.121121714921875e-14,-5.773167213722239e-17
580.93,-4.120753321153412e-14,-5.79249230796301e-17
580.94,-4.120430288946418e-14,-5.765150023009253e-17
580.95,-4.120096279834486e-14,-5.808250986768353e-17
580.96,-4.119772959566303e-14,-5.797029899236104e-17
580.97,-4.1193784946789034e-14,-5.785262063820774e-17
580.98,-4.1190678459137295e-14,-5.809622420642566e-17
580.99,-4.11870862403365e-14,-5.780134385838972e-17
581.0,-4.1183437399246134e-14,-5.786956402077946e-17
581.01,-4.117989695651161e-14,-5.776291635014335e-17
581.02,-4.117655831340709e-14,-5.791459343299225e-17
581.03,-4.117286198886165e-14,-5.791733483861074e-17
581.04,-4.1169695678253646e-14,-5.775910912754108e-17
581.05,-4.1165815942353616e-14,-5.785161165842809e-17
581.06,-4.1162828335187996e-14,-5.795065584588466e-17
581.07,-4.115942762376236e-14,-5.790886886431981e-17
581.08,-4.115603358821148e-14,-5.782433230633794e-17
581.09,-4.115276572024632e-14,-5.804492392368058e-17
581.1,-4.1149086010734656e-14,-5.789001894064464e-17
581.11,-4.1145732496940206e-14,-5.775395786284363e-17
581.12,-4.1141986532708105e-14,-5.777078148693938e-17
581.13,-4.1138660184185747e-14,-5.803589552785729e-17
581.14,-4.1134752354030866e-14,-5.776227248387147e-17
581.15,-4.1131467116838566e-14,-5.770367336209601e-17
581.16,-4.112845632080785e-14,-5.793285783630733e-17
581.17,-4.112497195975116e-14,-5.788220313378395e-17
581.18,-4.1121995011487335e-14,-5.804996387886245e-17
581.19,-4.1117823298922255e-14,-5.770494615244385e-17
581.2,-4.111439613220512e-14,-5.783745833249177e-17
581.21,-4.111130231968361e-14,-5.777247651901119e-17
581.22,-4.11074931825192e-14,-5.784239510832827e-17
581.23,-4.110350434090028e-14,-5.786010696108761e-17
581.24,-4.1101476570547205e-14,-5.758435098059027e-17
581.25,-4.1097230918581946e-14,-5.763394373703138e-17
581.26,-4.109381355164111e-14,-5.772036085099693e-17
581.27,-4.1090371529813456e-14,-5.80091934826885e-17
581.28,-4.108695604620636e-14,-5.773808716543013e-17
581.29,-4.1083526495484724e-14,-5.781467667853465e-17
581.3,-4.1080676598639895e-14,-5.76443220213895e-17
581.31,-4.1076752100737573e-14,-5.778114078777928e-17
581.32,-4.107310366837262e-14,-5.784773941644979e-17
581.33,-4.106997350817154e-14,-5.758191985656644e-17
581.34,-4.106612475264949e-14,-5.773036191552148e-17
581.35,-4.106294328356871e-14,-5.769137793842389e-17
581.36,-4.10605372841776e-14,-5.819617617860938e-17
581.37,-4.10561547417577e-14,-5.777884487384657e-17
581.38,-4.105140770981808e-14,-5.720659872540571e-17
581.39,-4.104915097571513e-14,-5.757218830021956e-17
581.4,-4.104555424894562e-14,-5.768616334039048e-17
581.41,-4.104245866051341e-14,-5.825800056428295e-17
581.42,-4.1038435075600275e-14,-5.75122234671731e-17
581.43,-4.103515734351174e-14,-5.766069865391235e-17
581.44,-4.103183398226461e-14,-5.771557328628246e-17
581.45,-4.102842103482756e-14,-5.770946150278566e-17
581.46,-4.102486957773789e-14,-5.773829663092646e-17
581.47,-4.102063619330929e-14,-5.772339614911611e-17
581.48,-4.101821176858263e-14,-5.762493331003486e-17
581.49,-4.1014771781401815e-14,-5.769570105735809e-17
581.5,-4.101229945042002e-14,-5.711854611460521e-17
581.51,-4.1007572179576096e-14,-5.758643442490794e-17
581.52,-4.1004391195567176e-14,-5.764429522589885e-17
581.53,-4.100093481476022e-14,-5.769117726918031e-17
581.54,-4.09972295781704e-14,-5.766553129126823e-17
581.55,-4.0994005030028264e-14,-5.765016716318737e-17
581.56,-4.099075312712541e-14,-5.759538486313379e-17
581.57,-4.098750081627268e-14,-5.767168991539858e-17
581.58,-4.098369764136359e-14,-5.766634816437856e-17
581.59,-4.097598293119468e-14,-5.495391200857919e-17
581.6,-4.0976714717302194e-14,-5.739891407869675e-17
581.61,-4.0973518907035644e-14,-5.76580067131045e-17
581.62,-4.0969954833422317e-14,-5.7539200700093e-17
581.63,-4.096640439875168e-14,-5.751094880930585e-17
581.64,-4.0963181522875106e-14,-5.753639525009752e-17
581.65,-4.095971124387892e-14,-5.752367142460591e-17
581.66,-4.095658161322609e-14,-5.793296933553039e-17
581.67,-4.095320958354507e-14,-5.772149866137766e-17
581.68,-4.09486074773525e-14,-5.769609654670674e-17
581.69,-4.094619111839639e-14,-5.755881175059113e-17
581.7,-4.0942769546374384e-14,-5.758859885970723e-17
581.71,-4.0939056760174376e-14,-5.754879300364415e-17
581.72,-4.093573328324309e-14,-5.754323460384939e-17
581.73,-4.093253746675944e-14,-5.757435424846591e-17
581.74,-4.092901466269084e-14,-5.760994848521278e-17
581.75,-4.0925364262480936e-14,-5.759507714469653e-17
581.76,-4.092197910915157e-14,-5.742744429576822e-17
581.77,-4.091796196917411e-14,-5.743536595058324e-17
581.78,-4.091514077847904e-14,-5.756370797852686e-17
581.79,-4.0911756724552584e-14,-5.751428949585683e-17
581.8,-4.090822326009839e-14,-5.746736709839741e-17
581.81,-4.090516357447879e-14,-5.745279365339403e-17
581.82,-4.0901601528393174e-14,-5.759805479919022e-17
581.83,-4.0898023577207105e-14,-5.752164903015697e-17
581.84,-4.089402997903965e-14,-5.756302057524361e-17
581.85,-4.089118783782953e-14,-5.744081718355516e-17
581.86,-4.08862775626232e-14,-5.7009390625331e-17
581.87,-4.0884674913234365e-14,-5.747576022067086e-17
581.88,-4.088129505324243e-14,-5.739146584680172e-17
581.89,-4.087757244204802e-14,-5.752377472618819e-17
581.9,-4.087383634772998e-14,-5.748557718863158e-17
581.91,-4.0871108213082485e-14,-5.768875797962527e-17
581.92,-4.08670068055311e-14,-5.732339411359952e-17
581.93,-4.086405211580006e-14,-5.739833823183842e-17
581.94,-4.0860235109988116e-14,-5.758820868157565e-17
581.95,-4.08553110512892e-14,-5.746913542825319e-17
581.96,-4.085357699355248e-14,-5.74594342029204e-17
581.97,-4.084992992081035e-14,-5.737905643605285e-17
581.98,-4.084669635201586e-14,-5.744749516733089e-17
581.99,-4.0843923869998846e-14,-5.747784061604306e-17
582.0,-4.0839819270904756e-14,-5.742343973617841e-17
582.01,-4.0836280540293434e-14,-5.73753175795641e-17
582.02,-4.0833171714344074e-14,-5.739315357658362e-17
582.03,-4.082965344016002e-14,-5.755087518576858e-17
582.04,-4.082597353561551e-14,-5.72855642121599e-17
582.05,-4.082282419824757e-14,-5.73481947982194e-17
582.06,-4.0819281214490245e-14,-5.738361218250311e-17
582.07,-4.081609332678775e-14,-5.73999018855548e-17
582.08,-4.081252203750766e-14,-5.736150406132918e-17
582.09,-4.080896563282964e-14,-5.730672687646599e-17
582.1,-4.080573454602593e-14,-5.745929234148223e-17
582.11,-4.080219003576299e-14,-5.729668107105772e-17
582.12,-4.079967777227962e-14,-5.733433116969444e-17
582.13,-4.079576788339444e-14,-5.755845703038087e-17
582.14,-4.079221076665829e-14,-5.732275922519143e-17
582.15,-4.078821744309108e-14,-5.716019666969984e-17
582.16,-4.078491603365041e-14,-5.725745342457341e-17
582.17,-4.078197680376978e-14,-5.738646906475093e-17
582.18,-4.077813446117764e-14,-5.71511332478985e-17
582.19,-4.077484895707768e-14,-5.731350190397847e-17
582.2,-4.077177277672623e-14,-5.735729899718978e-17
582.21,-4.076830780976763e-14,-5.732790012792403e-17
582.22,-4.076522731753981e-14,-5.727741414815441e-17
582.23,-4.076146317061011e-14,-5.734585025005516e-17
582.24,-4.0757067141399915e-14,-5.732463866669301e-17
582.25,-4.075483799462747e-14,-5.73398742984977e-17
582.26,-4.0751111904549994e-14,-5.726123661047417e-17
582.27,-4.074729857458814e-14,-5.725957768654246e-17
582.28,-4.0744269326243026e-14,-5.730613327859565e-17
582.29,-4.0740933158140145e-14,-5.730794588638833e-17
582.3,-4.073747814779389e-14,-5.724198926509335e-17
582.31,-4.0734570691833366e-14,-5.732881554031376e-17
582.32,-4.0730465581182864e-14,-5.73888627619636e-17
582.33,-4.0727567181491004e-14,-5.732448970781216e-17
582.34,-4.0723948114576106e-14,-5.736857419054653e-17
582.35,-4.072048370923564e-14,-5.732980244912214e-17
582.36,-4.071659063873072e-14,-5.7303190507569e-17
582.37,-4.071321439536875e-14,-5.725337037749537e-17
582.38,-4.071018604946573e-14,-5.719808709888475e-17
582.39,-4.0706949208707085e-14,-5.718238516312754e-17
582.4,-4.070363419774732e-14,-5.713337228538825e-17
582.41,-4.070011213278795e-14,-5.719693380746512e-17
582.42,-4.069643696377958e-14,-5.709352744318697e-17
582.43,-4.0693328353126814e-14,-5.743450058910945e-17
582.44,-4.0689828844350354e-14,-5.723508718069869e-17
582.45,-4.0686367889619356e-14,-5.724540167608058e-17
582.46,-4.068314631259025e-14,-5.722256006020936e-17
582.47,-4.0679243829937777e-14,-5.71493176845001e-17
582.48,-4.0675951531118616e-14,-5.713285689682991e-17
582.49,-4.067253159950458e-14,-5.729244251834762e-17
582.5,-4.066938190040448e-14,-5.720271560723813e-17
582.51,-4.0665969894289097e-14,-5.71852708524104e-17
582.52,-4.066233363873117e-14,-5.709503057527975e-17
582.53,-4.065919947389832e-14,-5.722188889528096e-17
582.54,-4.065552293636093e-14,-5.721018493523708e-17
582.55,-4.0651447263154374e-14,-5.697345457572338e-17
582.56,-4.064907277620153e-14,-5.721680495264765e-17
582.57,-4.064551089408031e-14,-5.714940269978194e-17
582.58,-4.064178281857365e-14,-5.70041494852988e-17
582.59,-4.063862528215149e-14,-5.712850039938429e-17
582.6,-4.0635688554515016e-14,-5.721814811565073e-17
582.61,-4.0631967134115604e-14,-5.724912659367715e-17
582.62,-4.0628440083188484e-14,-5.702373140812859e-17
582.63,-4.062504781722566e-14,-5.716719952385207e-17
582.64,-4.061958517075412e-14,-5.708547967607767e-17
582.65,-4.061851598508668e-14,-5.717981475240814e-17
582.66,-4.0614746559107534e-14,-5.720819006423683e-17
582.67,-4.061123121559705e-14,-5.690873707735914e-17
582.68,-4.060825110059177e-14,-5.714243632291609e-17
582.69,-4.0604545159291074e-14,-5.705486912175742e-17
582.7,-4.060119140437387e-14,-5.711137878400038e-17
582.71,-4.0598074198887496e-14,-5.716308343265333e-17
582.72,-4.059426526407004e-14,-5.707352140729593e-17
582.73,-4.059158529883122e-14,-5.733131703284584e-17
582.74,-4.0587242215620505e-14,-5.700760642258043e-17
582.75,-4.058432462134318e-14,-5.704686411558343e-17
582.76,-4.0580801326782516e-14,-5.704317791095155e-17
582.77,-4.0577748522321546e-14,-5.709318494232393e-17
582.78,-4.0574096413152266e-14,-5.70743634897133e-17
582.79,-4.057078548739425e-14,-5.70837815633986e-17
582.8,-4.056728439693902e-14,-5.701181991514283e-17
582.81,-4.0565036451988964e-14,-5.718751049161311e-17
582.82,-4.055954601908116e-14,-5.693091735563666e-17
582.83,-4.0557082988056476e-14,-5.660298577029025e-17
582.84,-4.055382290263454e-14,-5.714064478469984e-17
582.85,-4.0550333261756454e-14,-5.710252463153706e-17
582.86,-4.0547003960536714e-14,-5.696330214055795e-17
582.87,-4.054384070272931e-14,-5.710313528181931e-17
582.88,-4.0539918536509135e-14,-5.699945674430908e-17
582.89,-4.053772549705527e-14,-5.723485218796084e-17
582.9,-4.05345084504136e-14,-5.724743547647794e-17
582.91,-4.05306558205447e-14,-5.695203513588976e-17
582.92,-4.052648315218421e-14,-5.679696797382333e-17
582.93,-4.052346284805892e-14,-5.698853386756485e-17
582.94,-4.0519944676875806e-14,-5.696314798914239e-17
582.95,-4.0516694673095526e-14,-5.70341331429513e-17
582.96,-4.051349546452021e-14,-5.707769606274781e-17
582.97,-4.050992929515632e-14,-5.694315259569628e-17
582.98,-4.050658534359307e-14,-5.706985902958148e-17
582.99,-4.0507797637538313e-14,-5.760324361793843e-17
583.0,-4.049949711083314e-14,-5.693686854845881e-17
583.01,-4.049547247450506e-14,-5.684183221861913e-17
583.02,-4.0492696424506336e-14,-5.691737985257234e-17
583.03,-4.048915393556114e-14,-5.6920624901539e-17
583.04,-4.0486021552105525e-14,-5.685278480400263e-17
583.05,-4.048289879181998e-14,-5.694781161042141e-17
583.06,-4.047930784903758e-14,-5.692171700860953e-17
583.07,-4.047595725818484e-14,-5.68511560854252e-17
583.08,-4.047227442269329e-14,-5.929085414604295e-17
583.09,-4.046886628919416e-14,-5.689525813881124e-17
583.1,-4.0465834299195285e-14,-5.682568072424794e-17
583.11,-4.046214650223691e-14,-5.688164621373876e-17
583.12,-4.0458996214617236e-14,-5.686597147915131e-17
583.13,-4.045529390870831e-14,-5.689586058625257e-17
583.14,-4.045226104820801e-14,-5.6925777203835e-17
583.15,-4.044871995801621e-14,-5.680469389613377e-17
583.16,-4.044546507895361e-14,-5.681078117846825e-17
583.17,-4.0441556131700486e-14,-5.630145458132743e-17
583.18,-4.043896327679224e-14,-5.687432352264586e-17
583.19,-4.0435161239847027e-14,-5.677277036211336e-17
583.2,-4.043177088875724e-14,-5.685830069681473e-17
583.21,-4.0428632035607393e-14,-5.681282374832763e-17
583.22,-4.04250085534464e-14,-5.68202772174525e-17
583.23,-4.042182718493025e-14,-5.686506045807509e-17
583.24,-4.041828071498313e-14,-5.684781439484637e-17
583.25,-4.04147007216813e-14,-5.670726899651524e-17
583.26,-4.041244943314528e-14,-5.714210529152253e-17
583.27,-4.040811029544217e-14,-5.676973567787759e-17
583.28,-4.040529940255794e-14,-5.687512727605541e-17
583.29,-4.0401233211550245e-14,-5.658334098503612e-17
583.3,-4.0398679697121703e-14,-5.685824985185251e-17
583.31,-4.039538932829933e-14,-5.714119368901459e-17
583.32,-4.0391473273256065e-14,-5.683412518523648e-17
583.33,-4.038814649406909e-14,-5.681759942314871e-17
583.34,-4.038502186504481e-14,-5.694946759145162e-17
583.35,-4.0381274180842846e-14,-5.693194931786557e-17
583.36,-4.037777787614119e-14,-5.678574393302876e-17
583.37,-4.037497695062471e-14,-5.626567022740425e-17
583.38,-4.037095120629572e-14,-5.668387951215054e-17
583.39,-4.0368062836220736e-14,-5.683732115137462e-17
583.4,-4.036364673819624e-14,-5.67597791698611e-17
583.41,-4.0360991117453944e-14,-5.675340755873168e-17
583.42,-4.0358018488762555e-14,-5.681006098962466e-17
583.43,-4.0354288102994504e-14,-5.640378546097844e-17
583.44,-4.035102722619512e-14,-5.662184210208932e-17
583.45,-4.034754370887323e-14,-5.673835061544528e-17
583.46,-4.0344296174034294e-14,-5.695182687722789e-17
583.47,-4.03408942735017e-14,-5.672587450283489e-17
583.48,-4.0337631591523076e-14,-5.676948606917221e-17
583.49,-4.0333019245889625e-14,-5.64887872201476e-17
583.5,-4.0330805637481537e-14,-5.674120419282026e-17
583.51,-4.032713318069085e-14,-5.655189094463168e-17
583.52,-4.032398751155295e-14,-5.661010022826137e-17
583.53,-4.032100591646846e-14,-5.679341843506698e-17
583.54,-4.031762418320663e-14,-5.689077374416223e-17
583.55,-4.0314192553444796e-14,-5.665422380541597e-17
583.56,-4.0310458983078523e-14,-5.660378575903974e-17
583.57,-4.030716756313342e-14,-5.671158353674809e-17
583.58,-4.030391646955982e-14,-5.693307316019367e-17
583.59,-4.03002884797375e-14,-5.663592768191723e-17
583.6,-4.029713282461158e-14,-5.668741123571557e-17
583.61,-4.0293815740823516e-14,-5.667569739817841e-17
583.62,-4.029107220639761e-14,-5.661950191147038e-17
583.63,-4.028633092740724e-14,-5.654788427548413e-17
583.64,-4.0283917999325437e-14,-5.663284850515523e-17
583.65,-4.0280064846811796e-14,-5.658223794733907e-17
583.66,-4.0277065884876585e-14,-5.671299961180098e-17
583.67,-4.027344422787844e-14,-5.659414453261466e-17
583.68,-4.026994160469012e-14,-5.639736899410079e-17
583.69,-4.0266735799595e-14,-5.654187075730334e-17
583.7,-4.026315200240509e-14,-5.657404673096237e-17
583.71,-4.026059565560205e-14,-5.67322852093719e-17
583.72,-4.0256774453077796e-14,-5.663979498031077e-17
583.73,-4.0253525995389835e-14,-5.667760327122454e-17
583.74,-4.024978063748732e-14,-5.651890962736415e-17
583.75,-4.024636676776469e-14,-5.657377666399678e-17
583.76,-4.024364451729804e-14,-5.664883795589785e-17
583.77,-4.0239648082377836e-14,-5.649793355497963e-17
583.78,-4.0236190778403575e-14,-5.655574834835163e-17
583.79,-4.0233195520512995e-14,-5.665044753383291e-17
583.8,-4.022994652968968e-14,-5.658026308567293e-17
583.81,-4.022628939356274e-14,-5.646787551902673e-17
583.82,-4.022310693919191e-14,-5.647748960253711e-17
583.83,-4.02197206690439e-14,-5.656959929425345e-17
583.84,-4.021635397827093e-14,-5.665102214798755e-17
583.85,-4.021350640042408e-14,-5.663022450878635e-17
583.86,-4.020942638642346e-14,-5.667438742332103e-17
583.87,-4.0206222593068416e-14,-5.647193650132102e-17
583.88,-4.020290589976405e-14,-5.648701259604506e-17
583.89,-4.0199285121043415e-14,-5.654523812421716e-17
583.9,-4.0196507531317566e-14,-5.660678270906189e-17
583.91,-4.0194434133759135e-14,-5.71089460918948e-17
583.92,-4.0189578289976096e-14,-5.642580217493956e-17
583.93,-4.018592798596759e-14,-5.64278130510769e-17
583.94,-4.018288751300687e-14,-5.654656775617939e-17
583.95,-4.017923764219629e-14,-5.640242522338046e-17
583.96,-4.0176152225891315e-14,-5.6575937667671e-17
583.97,-4.017300836185992e-14,-5.649433947156369e-17
583.98,-4.0168986626673325e-14,-5.623530239189272e-17
583.99,-4.016631697391076e-14,-5.664881673762284e-17
584.0,-4.016228584169511e-14,-5.626305108404502e-17
584.01,-4.015930617081587e-14,-5.64121163485342e-17
584.02,-4.0155988793309133e-14,-5.642713035631756e-17
584.03,-4.0152563746958984e-14,-5.647917732962018e-17
584.04,-4.0148988770023554e-14,-5.618406358536451e-17
584.05,-4.0145564275315474e-14,-5.631076637992036e-17
584.06,-4.014225039264869e-14,-5.61705968750502e-17
584.07,-4.013885904635126e-14,-5.636505949342856e-17
584.08,-4.013593387815289e-14,-5.646084995921911e-17
584.09,-4.013285286351441e-14,-5.6687597778795e-17
584.1,-4.0129091597737176e-14,-5.642264767963369e-17
584.11,-4.012627836968455e-14,-5.630205224217647e-17
584.12,-4.0122373919274474e-14,-5.633162259811946e-17
584.13,-4.011823520013097e-14,-5.619541113645926e-17
584.14,-4.011557988087267e-14,-5.64469416396399e-17
584.15,-4.0112563346389705e-14,-5.639868754410496e-17
584.16,-4.010937847852392e-14,-5.635172915804354e-17
584.17,-4.010561799364996e-14,-5.630852460009053e-17
584.18,-4.010252282292419e-14,-5.628165771827506e-17
584.19,-4.0099115887690853e-14,-5.633191156540054e-17
584.2,-4.009561197365211e-14,-5.632570250626573e-17
584.21,-4.009223541533076e-14,-5.622874018128768e-17
584.22,-4.008933813053711e-14,-5.640119535155283e-17
584.23,-4.0085607173917846e-14,-5.633083677200111e-17
584.24,-4.008205653932292e-14,-5.621956361714109e-17
584.25,-4.0078577996467293e-14,-5.615258057634058e-17
584.26,-4.007570761658358e-14,-5.640203481328178e-17
584.27,-4.0072256807188956e-14,-5.624995995478653e-17
584.28,-4.006872201595372e-14,-5.622728970276319e-17
584.29,-4.006562350101639e-14,-5.631595116550856e-17
584.3,-4.00624752280532e-14,-5.634808929338067e-17
584.31,-4.005904134012573e-14,-5.641202850692684e-17
584.32,-4.0055440314917453e-14,-5.626017697982023e-17
584.33,-4.005199224050864e-14,-5.624535480138574e-17
584.34,-4.0048525655417855e-14,-5.616955485858806e-17
584.35,-4.004551476786682e-14,-5.626611857154806e-17
584.36,-4.0042509670603633e-14,-5.640874884904895e-17
584.37,-4.003896495936874e-14,-5.629657194841437e-17
584.38,-4.003542343936486e-14,-5.642873366969293e-17
584.39,-4.0032163888493365e-14,-5.616847630500466e-17
584.4,-4.002865080254531e-14,-5.620317394950252e-17
584.41,-4.002559145268709e-14,-5.624121944651781e-17
584.42,-4.0022114427487834e-14,-5.621771247792889e-17
584.43,-4.001928040269409e-14,-5.64769241724758e-17
584.44,-4.001528054162876e-14,-5.610793039892864e-17
584.45,-4.001212825355499e-14,-5.62221139502659e-17
584.46,-4.0008589058214205e-14,-5.608042051367461e-17
584.47,-4.00056883684244e-14,-5.643826793157518e-17
584.48,-4.0002195269392366e-14,-5.649934796347665e-17
584.49,-3.999859064275553e-14,-5.612032403802148e-17
584.5,-3.999564514924645e-14,-5.620079653185111e-17
584.51,-3.9992261043559295e-14,-5.619691174054516e-17
584.52,-3.9988788251183636e-14,-5.595353194796843e-17
584.53,-3.99853673308474e-14,-5.616097837508119e-17
584.54,-3.998205421334247e-14,-5.61008055888006e-17
584.55,-3.997835730884502e-14,-5.577218126854815e-17
584.56,-3.9975371137008937e-14,-5.61751465843001e-17
584.57,-3.9972416781227925e-14,-5.643356438127433e-17
584.58,-3.996856518657295e-14,-5.608077580471876e-17
584.59,-3.996542929940775e-14,-5.599105212357336e-17
584.6,-3.996202968400479e-14,-5.60777288035832e-17
584.61,-3.995751970516706e-14,-5.53087368671324e-17
584.62,-3.995564087820878e-14,-5.621308524105007e-17
584.63,-3.9951808378038925e-14,-5.60298736319449e-17
584.64,-3.994863327146335e-14,-5.611447327813066e-17
584.65,-3.994548967448351e-14,-5.605504843110672e-17
584.66,-3.994193656750519e-14,-5.619936136822339e-17
584.67,-3.993883635070973e-14,-5.598416063330809e-17
584.68,-3.9935531951733035e-14,-5.609789354827961e-17
584.69,-3.9932074870716337e-14,-5.606879049992205e-17
584.7,-3.9929528107451624e-14,-5.669309158200735e-17
584.71,-3.992506785109143e-14,-5.58342686873315e-17
584.72,-3.992227212416027e-14,-5.615591494461873e-17
584.73,-3.991873222143451e-14,-5.607606714199216e-17
584.74,-3.9915415783930815e-14,-5.592852310645203e-17
584.75,-3.9912093114311586e-14,-5.607667986036243e-17
584.76,-3.9909091840804073e-14,-5.617997639901668e-17
584.77,-3.99054560016238e-14,-5.605695134130642e-17
584.78,-3.9902013798817954e-14,-5.597740459754195e-17
584.79,-3.989936176516436e-14,-5.636513713295988e-17
584.8,-3.989527699139544e-14,-5.58777525049665e-17
584.81,-3.9891792733729594e-14,-5.599087370342336e-17
584.82,-3.988888028069278e-14,-5.599829524567426e-17
584.83,-3.988507184124123e-14,-5.597764578183963e-17
584.84,-3.988232396767607e-14,-5.604319535676931e-17
584.85,-3.9878845378470505e-14,-5.592776742006051e-17
584.86,-3.987597229993008e-14,-5.629928179163158e-17
584.87,-3.987207515201022e-14,-5.589299003786132e-17
584.88,-3.9869505245260546e-14,-5.607684667287639e-17
584.89,-3.986570390082769e-14,-5.586046006661823e-17
584.9,-3.986201293642016e-14,-5.601500752484063e-17
584.91,-3.985883931237645e-14,-5.595878362624467e-17
584.92,-3.985541361405922e-14,-5.598280022285381e-17
584.93,-3.985233492461895e-14,-5.595560218977756e-17
584.94,-3.984912805847725e-14,-5.601741698370393e-17
584.95,-3.984542862656908e-14,-5.592660900021968e-17
584.96,-3.984219685571749e-14,-5.583885119135725e-17
584.97,-3.983896717322414e-14,-5.5853128273779e-17
584.98,-3.983579247846048e-14,-5.591541860874031e-17
584.99,-3.983171495441277e-14,-5.573346326805426e-17
585.0,-3.982879020569432e-14,-5.575537230873542e-17
585.01,-3.982563129069882e-14,-5.593460338277469e-17
585.02,-3.982249357214621e-14,-5.597801386392062e-17
585.03,-3.981894808882867e-14,-5.552683583052117e-17
585.04,-3.981589442311926e-14,-5.594166015709875e-17
585.05,-3.981252006953749e-14,-5.581990080387883e-17
585.06,-3.980930604479005e-14,-5.595073427690126e-17
585.07,-3.9805636273585216e-14,-5.561185772205127e-17
585.08,-3.980188906348192e-14,-5.573594264491991e-17
585.09,-3.9799521450492957e-14,-5.59099341384515e-17
585.1,-3.979529189750225e-14,-5.568032093895693e-17
585.11,-3.979252199348154e-14,-5.583180165257658e-17
585.12,-3.978907550226909e-14,-5.572819080779073e-17
585.13,-3.9785778817801495e-14,-5.57539093621771e-17
585.14,-3.9782525314676636e-14,-5.583813534735476e-17
585.15,-3.9777674901413084e-14,-5.55767185954623e-17
585.16,-3.9776243278910106e-14,-5.589246283398926e-17
585.17,-3.977240719252453e-14,-5.568358643920637e-17
585.18,-3.976929705506214e-14,-5.57892743083375e-17
585.19,-3.976580883140409e-14,-5.577480882821859e-17
585.2,-3.9762580996830655e-14,-5.575528097820867e-17
585.21,-3.97588387925445e-14,-5.5411055991633686e-17
585.22,-3.9756030388888314e-14,-5.585840118737889e-17
585.23,-3.9752666789240215e-14,-5.574886772227167e-17
585.24,-3.974893492225606e-14,-5.594780716385095e-17
585.25,-3.9746043949424556e-14,-5.572147069480166e-17
585.26,-3.974362579508176e-14,-5.613090866152033e-17
585.27,-3.973905456092603e-14,-5.5374750375066045e-17
585.28,-3.973617161331164e-14,-5.5495895082034806e-17
585.29,-3.9732827635173484e-14,-5.565860203697684e-17
585.3,-3.9729874350299114e-14,-5.57218507493205e-17
585.31,-3.972599619848174e-14,-5.561903504251256e-17
585.32,-3.972419292127853e-14,-5.593865159364796e-17
585.33,-3.971965716548317e-14,-5.57890550355831e-17
585.34,-3.971624159767393e-14,-5.570984651162494e-17
585.35,-3.9713760676639396e-14,-5.555757086948237e-17
585.36,-3.971034696492749e-14,-5.578186795064997e-17
585.37,-3.970652750083939e-14,-5.5470138506043124e-17
585.38,-3.9703113339771036e-14,-5.564180389049058e-17
585.39,-3.9699855384515605e-14,-5.58110941443084e-17
585.4,-3.969631168544349e-14,-5.561471189770914e-17
585.41,-3.969312920919372e-14,-5.562169805279775e-17
585.42,-3.9689549040237483e-14,-5.575353747982473e-17
585.43,-3.9686661383343663e-14,-5.55990464002041e-17
585.44,-3.9684742020731895e-14,-5.69257648650155e-17
585.45,-3.967974531171143e-14,-5.566399595393399e-17
585.46,-3.96768174925165e-14,-5.554941833098566e-17
585.47,-3.967344282092586e-14,-5.572402353960877e-17
585.48,-3.966985491862294e-14,-5.5406379545542467e-17
585.49,-3.966655488278262e-14,-5.550355189013123e-17
585.5,-3.966341469723774e-14,-5.56629664055715e-17
585.51,-3.966023357392514e-14,-5.571886917712375e-17
585.52,-3.9656794341103274e-14,-5.55319757096101e-17
585.53,-3.965426844830935e-14,-5.376630480547194e-17
585.54,-3.9650133827786106e-14,-5.558723594159217e-17
585.55,-3.964711342872556e-14,-5.564204669197544e-17
585.56,-3.964361034940605e-14,-5.546952168743724e-17
585.57,-3.9640519473532025e-14,-5.559395683401438e-17
585.58,-3.963709331285234e-14,-5.565644896803858e-17
585.59,-3.963378315943065e-14,-5.557112662027372e-17
585.6,-3.9629442442686586e-14,-5.5173314621245926e-17
585.61,-3.962683888104972e-14,-5.550924796878155e-17
585.62,-3.962231010963148e-14,-5.526505282384812e-17
585.63,-3.962048052478975e-14,-5.550837449576602e-17
585.64,-3.96172365314183e-14,-5.55837954332286e-17
585.65,-3.961378592329135e-14,-5.5256793371954566e-17
585.66,-3.9610669118192575e-14,-5.545783172677866e-17
585.67,-3.960729638329032e-14,-5.546756620075026e-17
585.68,-3.9603970702301755e-14,-5.54567658486435e-17
585.69,-3.96006066572133e-14,-5.531746779260611e-17
585.7,-3.95977357099187e-14,-5.555228516629378e-17
585.71,-3.9593488213631556e-14,-5.539480992571309e-17
585.72,-3.9590857168475385e-14,-5.5478672699987095e-17
585.73,-3.958750427880494e-14,-5.549559748122019e-17
585.74,-3.958395051574352e-14,-5.534041476972206e-17
585.75,-3.958121721378394e-14,-5.568815887675542e-17
585.76,-3.957769054194645e-14,-5.554477768576372e-17
585.77,-3.9574213796031797e-14,-5.5412748759722453e-17
585.78,-3.957084699863872e-14,-5.558582585884701e-17
585.79,-3.956712340156884e-14,-5.489378816524912e-17
585.8,-3.95654976271856e-14,-5.5069070694946634e-17
585.81,-3.956112194002284e-14,-5.540993462708804e-17
585.82,-3.955783712847455e-14,-5.557642055789921e-17
585.83,-3.955444469925441e-14,-5.54012655960829e-17
585.84,-3.9551255149633914e-14,-5.5283274408499426e-17
585.85,-3.9547555874272173e-14,-5.523476769777074e-17
585.86,-3.954493857280454e-14,-5.5450249958589115e-17
585.87,-3.95416284634245e-14,-5.549141537412163e-17
585.88,-3.953729700659067e-14,-5.606487645239165e-17
585.89,-3.953492764760661e-14,-5.530099069864973e-17
585.9,-3.9531721796886646e-14,-5.538409280101695e-17
585.91,-3.952794251919476e-14,-5.5255171000744616e-17
585.92,-3.952486800382285e-14,-5.534787923055899e-17
585.93,-3.9521693082024554e-14,-5.5324977064496157e-17
585.94,-3.951842413098254e-14,-5.522168793081872e-17
585.95,-3.951511661259704e-14,-5.518757254801723e-17
585.96,-3.951214818237421e-14,-5.544614998331084e-17
585.97,-3.950796792822197e-14,-5.511466764394799e-17
585.98,-3.950573688687464e-14,-5.527449417310115e-17
585.99,-3.9501831584498537e-14,-5.527847308281761e-17
586.0,-3.9498720055344265e-14,-5.527501365649745e-17
586.01,-3.9495256056136287e-14,-5.518520936178404e-17
586.02,-3.949204409085941e-14,-5.530458336274827e-17
586.03,-3.948895369694732e-14,-5.5185703658319615e-17
586.04,-3.9485580612493333e-14,-5.522752334605992e-17
586.05,-3.948225283746755e-14,-5.537702776836152e-17
586.06,-3.9479195918118616e-14,-5.541978981426056e-17
586.07,-3.94758249327883e-14,-5.510878306925805e-17
586.08,-3.947230800188843e-14,-5.528146224963283e-17
586.09,-3.946948138873833e-14,-5.530285725689373e-17
586.1,-3.946584631449943e-14,-5.515771123141644e-17
586.11,-3.9462562458253114e-14,-5.525005636657401e-17
586.12,-3.945957992820878e-14,-5.538113100829361e-17
586.13,-3.945576113283338e-14,-5.517979132860884e-17
586.14,-3.945259598722611e-14,-5.512687436212622e-17
586.15,-3.944983168002725e-14,-5.51156855349766e-17
586.16,-3.944586842511547e-14,-5.529791174733815e-17
586.17,-3.9442679119507244e-14,-5.509994397016899e-17
586.18,-3.9439178202914466e-14,-5.518727926512132e-17
586.19,-3.9436275950138376e-14,-5.5232723225636375e-17
586.2,-3.943285171704543e-14,-5.513899449983714e-17
586.21,-3.9430026157871644e-14,-5.515024156211518e-17
586.22,-3.9426444323876814e-14,-5.510966677344426e-17
586.23,-3.942301591622398e-14,-5.513678816937141e-17
586.24,-3.94195420301071e-14,-5.50357369734536e-17
586.25,-3.94163725222061e-14,-5.5157620237255146e-17
586.26,-3.941339478301356e-14,-5.510357837537701e-17
586.27,-3.94100184321877e-14,-5.509601337405078e-17
586.28,-3.9406713572781343e-14,-5.506979791336739e-17
586.29,-3.940344109136912e-14,-5.510189238956111e-17
586.3,-3.939994395836862e-14,-5.516059030917634e-17
586.31,-3.939674041701999e-14,-5.506683448199796e-17
586.32,-3.939367062760685e-14,-5.511824798193126e-17
586.33,-3.9390207553981695e-14,-5.5203837330009314e-17
586.34,-3.9386777888293026e-14,-5.515701232752852e-17
586.35,-3.938376071952973e-14,-5.511764067549022e-17
586.36,-3.9380744924221596e-14,-5.5081007864399045e-17
586.37,-3.937680973206427e-14,-5.4837611724987954e-17
586.38,-3.937384353141303e-14,-5.497051857137528e-17
586.39,-3.936999172084503e-14,-5.478857161540447e-17
586.4,-3.936726766392055e-14,-5.5120313289634404e-17
586.41,-3.9364220005588353e-14,-5.5174092171655126e-17
586.42,-3.9360865206339076e-14,-5.499199153445633e-17
586.43,-3.93577756749161e-14,-5.508212865244986e-17
586.44,-3.935434128082573e-14,-5.501516866117422e-17
586.45,-3.935088402073085e-14,-5.494340905717922e-17
586.46,-3.934757714954129e-14,-5.4855050133369764e-17
586.47,-3.934466359573194e-14,-5.5047327498889496e-17
586.48,-3.9340701392474916e-14,-5.484749581358847e-17
586.49,-3.9338922834197004e-14,-5.4831623067702776e-17
586.5,-3.933469614034661e-14,-5.499821821321657e-17
586.51,-3.933157717628337e-14,-5.495831982611145e-17
586.52,-3.9328016348833994e-14,-5.4882980121827053e-17
586.53,-3.932482339527376e-14,-5.4898357108020374e-17
586.54,-3.9321735276908227e-14,-5.490467674693545e-17
586.55,-3.9318558177927076e-14,-5.494761182738522e-17
586.56,-3.931513698408001e-14,-5.4969400487281415e-17
586.57,-3.931134672256483e-14,-5.4803753753451285e-17
586.58,-3.931027344476362e-14,-5.444402065423961e-17
586.59,-3.93046858271898e-14,-5.483164228779583e-17
586.6,-3.930223949375279e-14,-5.4802367010453165e-17
586.61,-3.929907186391078e-14,-5.5049520437336673e-17
586.62,-3.9295428599098e-14,-5.4866910819835085e-17
586.63,-3.929230344231184e-14,-5.496997633650944e-17
586.64,-3.928906904485357e-14,-5.48419958684483e-17
586.65,-3.928550997361615e-14,-5.4795349899474293e-17
586.66,-3.9282502268257813e-14,-5.5346330809589844e-17
586.67,-3.9279949040298695e-14,-5.464673359459212e-17
586.68,-3.927639378278887e-14,-5.5223653369578634e-17
586.69,-3.9272577283397917e-14,-5.482325619641606e-17
586.7,-3.926929632840348e-14,-5.477877290991557e-17
586.71,-3.926612116842356e-14,-5.4851923020778845e-17
586.72,-3.9262911374170063e-14,-5.4873076220774817e-17
586.73,-3.92597809606541e-14,-5.481185239066792e-17
586.74,-3.925610322887897e-14,-5.472327665957725e-17
586.75,-3.925313008106924e-14,-5.5012641884492146e-17
586.76,-3.924958668626243e-14,-5.491265104807803e-17
586.77,-3.924647644736966e-14,-5.4686001197540084e-17
586.78,-3.9243075688048956e-14,-5.4742341530518267e-17
586.79,-3.924002558412209e-14,-5.4780824775046605e-17
586.8,-3.923688848036868e-14,-5.4831405251785975e-17
586.81,-3.923340636274009e-14,-5.480489296537666e-17
586.82,-3.9230313670019617e-14,-5.4612772038557565e-17
586.83,-3.922608480881139e-14,-5.475400893658972e-17
586.84,-3.92245524767827e-14,-5.489815310316371e-17
586.85,-3.922017028942666e-14,-5.488676285689278e-17
586.86,-3.921787804044955e-14,-5.490230838738845e-17
586.87,-3.921381409723863e-14,-5.4783246285469356e-17
586.88,-3.9210797275929755e-14,-5.479715925972767e-17
586.89,-3.9207198628930367e-14,-5.4682282161007096e-17
586.9,-3.9204347706976045e-14,-5.485206925345392e-17
586.91,-3.920064177565884e-14,-5.45647474173265e-17
586.92,-3.9197652137835614e-14,-5.4751433523833e-17
586.93,-3.9190748595797074e-14,-5.199379313754583e-17
586.94,-3.9191360783868674e-14,-5.468626663510335e-17
586.95,-3.918925503599637e-14,-5.4613450551063416e-17
586.96,-3.9184733421650215e-14,-5.466352781021034e-17
586.97,-3.918172619051969e-14,-5.4710188315635334e-17
586.98,-3.9178162232692825e-14,-5.4633277113737045e-17
586.99,-3.917488022335636e-14,-5.457595407763766e-17
587.0,-3.917142508383597e-14,-5.4567655903893054e-17
587.01,-3.916819315379334e-14,-5.468008103492455e-17
587.02,-3.9165310258053666e-14,-5.445565865242595e-17
587.03,-3.9161700321572986e-14,-5.4561904817906166e-17
587.04,-3.915876586857353e-14,-5.4626750395545575e-17
587.05,-3.9155546722616204e-14,-5.4639392534917594e-17
587.06,-3.915221317948121e-14,-5.4601801418785664e-17
587.07,-3.914909460626057e-14,-5.452532606410018e-17
587.08,-3.914559727973419e-14,-5.459635801154361e-17
587.09,-3.914216710211049e-14,-5.4595729176528803e-17
587.1,-3.9139042274261037e-14,-5.466337367801567e-17
587.11,-3.913531409971095e-14,-5.50051233961229e-17
587.12,-3.9132365582154284e-14,-5.4608326592460704e-17
587.13,-3.9129597917749925e-14,-5.4717608272821635e-17
587.14,-3.912563026544495e-14,-5.4382622943599824e-17
587.15,-3.912287506271697e-14,-5.449658059242621e-17
587.16,-3.911952810197258e-14,-5.434840373261651e-17
587.17,-3.9116228984336175e-14,-5.4559337751357106e-17
587.18,-3.911273999238759e-14,-5.4631658760086576e-17
587.19,-3.911011367707327e-14,-5.452158649894011e-17
587.2,-3.910459978097712e-14,-5.439238625363528e-17
587.21,-3.910344283098243e-14,-5.4497236365376845e-17
587.22,-3.909972873599727e-14,-5.456363662341075e-17
587.23,-3.9096712478324577e-14,-5.450261720430041e-17
587.24,-3.909310947588421e-14,-5.447161028397494e-17
587.25,-3.909018632303498e-14,-5.448360970400884e-17
587.26,-3.908713907323409e-14,-5.4512517200551285e-17
587.27,-3.9083741560216505e-14,-5.4566334083508296e-17
587.28,-3.9081900003694546e-14,-5.439592236489343e-17
587.29,-3.9076876203525984e-14,-5.4411676647145607e-17
587.3,-3.9074060173246753e-14,-5.4503023042448913e-17
587.31,-3.90709624564716e-14,-5.438661531076483e-17
587.32,-3.9067903468608864e-14,-5.446531562114912e-17
587.33,-3.906416244489362e-14,-5.4395496365881803e-17
587.34,-3.9061476813992997e-14,-5.4226915660108276e-17
587.35,-3.9058033682067346e-14,-5.4413327585129565e-17
587.36,-3.905446940981308e-14,-5.4534596370467726e-17
587.37,-3.9052125765461805e-14,-5.485584852718092e-17
587.38,-3.9047854567901246e-14,-5.438382893018912e-17
587.39,-3.904481453526432e-14,-5.4370423905875784e-17
587.4,-3.9042233238604895e-14,-5.434433584976193e-17
587.41,-3.9038379514877344e-14,-5.434253030274742e-17
587.42,-3.903504761033228e-14,-5.4350605696716386e-17
587.43,-3.9031570647760044e-14,-5.411886264204166e-17
587.44,-3.902874030686523e-14,-5.4361836631817885e-17
587.45,-3.9025792663572135e-14,-5.4377524577207826e-17
587.46,-3.9022453220128355e-14,-5.4359762592567875e-17
587.47,-3.9019291103279956e-14,-5.4428429587892404e-17
587.48,-3.9015762416918075e-14,-5.4316438323927826e-17
587.49,-3.901201133189579e-14,-5.429044464781279e-17
587.5,-3.9009511878710006e-14,-5.4341039529814036e-17
587.51,-3.900563369560724e-14,-5.432760292466844e-17
587.52,-3.900277520707315e-14,-5.428892508311574e-17
587.53,-3.8999876940777846e-14,-5.4293019455440814e-17
587.54,-3.89964215637166e-14,-5.4262776385708554e-17
587.55,-3.8993131134528253e-14,-5.43361818388271e-17
587.56,-3.8990121036864224e-14,-5.4333440204664406e-17
587.57,-3.8986905149246685e-14,-5.422611880219048e-17
587.58,-3.898303896328226e-14,-5.435654084194437e-17
587.59,-3.898020999754277e-14,-5.4187034967142424e-17
587.6,-3.897682021664145e-14,-5.421719460066736e-17
587.61,-3.8973740407310834e-14,-5.4278673809167405e-17
587.62,-3.897068797749181e-14,-5.434563542487096e-17
587.63,-3.8967622213099946e-14,-5.443803864487859e-17
587.64,-3.8964130407782346e-14,-5.41578280630882e-17
587.65,-3.896132370989901e-14,-5.432814917228854e-17
587.66,-3.8958557807875274e-14,-5.438179189785297e-17
587.67,-3.8954722842664756e-14,-5.43387924705606e-17
587.68,-3.89511801402145e-14,-5.4252835107411345e-17
587.69,-3.8947966749079894e-14,-5.418507906101891e-17
587.7,-3.8944152126156535e-14,-5.412063818604776e-17
587.71,-3.8941466368781824e-14,-5.423469323650109e-17
587.72,-3.89394118764066e-14,-5.4252187812384075e-17
587.73,-3.8934938443997756e-14,-5.4154682589222237e-17
587.74,-3.893157909352988e-14,-5.4145893782231706e-17
587.75,-3.8928572453370444e-14,-5.417894417671961e-17
587.76,-3.892542562695305e-14,-5.434908386092721e-17
587.77,-3.892198440519216e-14,-5.415824107865669e-17
587.78,-3.8918505079999676e-14,-5.4077911688513524e-17
587.79,-3.891553820107492e-14,-5.412667602753187e-17
587.8,-3.891246660735404e-14,-5.4215156649085884e-17
587.81,-3.890885224034096e-14,-5.413299533185876e-17
587.82,-3.890582904084389e-14,-5.414515475461894e-17
587.83,-3.890267048122684e-14,-5.400909360454215e-17
587.84,-3.889933270360732e-14,-5.4141332447112254e-17
587.85,-3.889375135618104e-14,-5.361229802068195e-17
587.86,-3.889294475932106e-14,-5.416314082256586e-17
587.87,-3.888985507077223e-14,-5.410751823395623e-17
587.88,-3.888631250317355e-14,-5.399160168568294e-17
587.89,-3.8883263815650445e-14,-5.406954839639218e-17
587.9,-3.887998959800157e-14,-5.424250920904316e-17
587.91,-3.88769492262774e-14,-5.3957156216931524e-17
587.92,-3.8873798997352406e-14,-5.410101232065913e-17
587.93,-3.8870303247001537e-14,-5.4003404700678827e-17
587.94,-3.8866802253867245e-14,-5.413969939843852e-17
587.95,-3.886391553442504e-14,-5.40189048904939e-17
587.96,-3.8860834266478336e-14,-5.4034142104730174e-17
587.97,-3.8857437065768973e-14,-5.4082120035869354e-17
587.98,-3.885432284555328e-14,-5.408699582423915e-17
587.99,-3.88513343959027e-14,-5.415909798379771e-17
588.0,-3.8847898433623795e-14,-5.408932778390991e-17
588.01,-3.884489843594321e-14,-5.4087147822520854e-17
588.02,-3.884135912083869e-14,-5.3987716814794636e-17
588.03,-3.883795414973601e-14,-5.389400171034806e-17
588.04,-3.8835149246065745e-14,-5.3990282745665974e-17
588.05,-3.8832071596016015e-14,-5.406518243424149e-17
588.06,-3.882858974212171e-14,-5.4051820270719896e-17
588.07,-3.882552721069536e-14,-5.37794634440007e-17
588.08,-3.882196633443649e-14,-5.3942017081595024e-17
588.09,-3.881876934009403e-14,-5.396297373950543e-17
588.1,-3.8815268588262525e-14,-5.3986920393625337e-17
588.11,-3.881245520858208e-14,-5.3981790865837603e-17
588.12,-3.880967727449905e-14,-5.4114167006531796e-17
588.13,-3.8805803113612384e-14,-5.3955590810033665e-17
588.14,-3.8802797179401445e-14,-5.3991140853757806e-17
588.15,-3.879924256439124e-14,-5.387243646695217e-17
588.16,-3.8796055544720584e-14,-5.3896600327120785e-17
588.17,-3.879323820704169e-14,-5.40134107028639e-17
588.18,-3.8790030358153787e-14,-5.3873149726864924e-17
588.19,-3.8786734354887726e-14,-5.3939240067645213e-17
588.2,-3.878343456701991e-14,-5.38228599068696e-17
588.21,-3.8780110978773494e-14,-5.3906350589270463e-17
588.22,-3.877717321930552e-14,-5.396196680642068e-17
588.23,-3.877383730009684e-14,-5.392287582107251e-17
588.24,-3.8770637999635616e-14,-5.380152272780732e-17
588.25,-3.8767379425655644e-14,-5.385514627757886e-17
588.26,-3.8764178946758e-14,-5.391519878885518e-17
588.27,-3.876105075431327e-14,-5.382126833613722e-17
588.28,-3.8757459129840074e-14,-5.3756441998733305e-17
588.29,-3.8754584869570293e-14,-5.388721619112977e-17
588.3,-3.8751624234742586e-14,-5.394821191813216e-17
588.31,-3.8748244939122934e-14,-5.389167113306689e-17
588.32,-3.8744681526775864e-14,-5.3719188475030174e-17
588.33,-3.874160873528561e-14,-5.391427548254096e-17
588.34,-3.873865832908486e-14,-5.3768763092816186e-17
588.35,-3.8735170410000364e-14,-5.381321129034415e-17
588.36,-3.873202315075613e-14,-5.3827217539005566e-17
588.37,-3.872795219380278e-14,-5.3594266224148056e-17
588.38,-3.8725635826104145e-14,-5.3789749860437234e-17
588.39,-3.87222124315101e-14,-5.372250742960833e-17
588.4,-3.8719308275009176e-14,-5.402052119422403e-17
588.41,-3.871564698661023e-14,-5.3712516006199695e-17
588.42,-3.8712646184095684e-14,-5.357285568542635e-17
588.43,-3.870986998424862e-14,-5.376610463472065e-17
588.44,-3.870614259267321e-14,-5.3695168785307026e-17
588.45,-3.870307460423145e-14,-5.365105629294096e-17
588.46,-3.870087561271785e-14,-5.3892675074605514e-17
588.47,-3.8696792239149525e-14,-5.3779171190541055e-17
588.48,-3.8693706747257566e-14,-5.3784858931475136e-17
588.49,-3.8691456406470824e-14,-5.398998889871614e-17
588.5,-3.86869369467668e-14,-5.370755930916868e-17
588.51,-3.868409720947241e-14,-5.386738705549083e-17
588.52,-3.868084833660082e-14,-5.370483143610499e-17
588.53,-3.86775398149854e-14,-5.363727835493009e-17
588.54,-3.867420802036816e-14,-5.37259451478501e-17
588.55,-3.867130976496282e-14,-5.342479647078285e-17
588.56,-3.8668200436427075e-14,-5.381073447722832e-17
588.57,-3.8664904883948384e-14,-5.3747246120627293e-17
588.58,-3.866122942486735e-14,-5.3619139304091984e-17
588.59,-3.86582827965284e-14,-5.374145508851126e-17
588.6,-3.8654996574722304e-14,-5.3543286631961486e-17
588.61,-3.865190943983571e-14,-5.382637332004225e-17
588.62,-3.864855399391356e-14,-5.362239541342612e-17
588.63,-3.8645374221093754e-14,-5.359461175085201e-17
588.64,-3.864335796033087e-14,-5.402221187520137e-17
588.65,-3.863901615739893e-14,-5.362898171543322e-17
588.66,-3.863570122238983e-14,-5.3581128176055996e-17
588.67,-3.863276435726678e-14,-5.3664204848602635e-17
588.68,-3.8629663208647145e-14,-5.3512942059576756e-17
588.69,-3.862636535550812e-14,-5.35886214170714e-17
588.7,-3.862297869545245e-14,-5.3490571462632813e-17
588.71,-3.8619782888192136e-14,-5.355259034540847e-17
588.72,-3.861660456247341e-14,-5.364203207779137e-17
588.73,-3.861306889040682e-14,-5.341375265927095e-17
588.74,-3.861034990317036e-14,-5.363310264022326e-17
588.75,-3.860683718107076e-14,-5.351563590884713e-17
588.76,-3.860397678501799e-14,-5.36176985962269e-17
588.77,-3.860062674555922e-14,-5.3733865451213247e-17
588.78,-3.859732700971956e-14,-5.339196161559031e-17
588.79,-3.859424734777632e-14,-5.3518338483279344e-17
588.8,-3.859126724148358e-14,-5.3561128555134656e-17
588.81,-3.8588137794050907e-14,-5.3608348359883364e-17
588.82,-3.858426083159354e-14,-5.3495583887125263e-17
588.83,-3.858182031930726e-14,-5.3680370210380106e-17
588.84,-3.8578263667086834e-14,-5.345343287263489e-17
588.85,-3.8575214880160696e-14,-5.349801395972729e-17
588.86,-3.8572037751232915e-14,-5.3496112383009275e-17
588.87,-3.8568763629511465e-14,-5.3484887212066266e-17
588.88,-3.856563000925345e-14,-5.340759555589424e-17
588.89,-3.856243465892952e-14,-5.3416411418976366e-17
588.9,-3.855888560016729e-14,-5.333743540694566e-17
588.91,-3.855636312812159e-14,-5.3497647296107965e-17
588.92,-3.8552655078553745e-14,-5.3546460603880214e-17
588.93,-3.8550403402177976e-14,-5.352515289931789e-17
588.94,-3.8546626354582954e-14,-5.351719606548182e-17
588.95,-3.85434545963279e-14,-5.3464545784274245e-17
588.96,-3.8539920863825904e-14,-5.338866922005962e-17
588.97,-3.8537645954601036e-14,-5.386805844422402e-17
588.98,-3.853372530110084e-14,-5.346631991179342e-17
588.99,-3.853072396523176e-14,-5.348591882667366e-17
589.0,-3.852672900042274e-14,-5.336703929503548e-17
589.01,-3.8524353002968933e-14,-5.3564208954726595e-17
589.02,-3.8521778549219185e-14,-5.3681066815858546e-17
589.03,-3.8516670568356734e-14,-5.284398408349994e-17
589.04,-3.8514869626719267e-14,-5.3413026366875474e-17
589.05,-3.851126651564297e-14,-5.343380756254547e-17
589.06,-3.850828560704856e-14,-5.3637905033059037e-17
589.07,-3.850511758499799e-14,-5.3439298008027535e-17
589.08,-3.8501836025618887e-14,-5.337300019736566e-17
589.09,-3.849936329873906e-14,-5.3119534981520494e-17
589.1,-3.8495179876551936e-14,-5.3359638232635384e-17
589.11,-3.8492956243767233e-14,-5.33795286027162e-17
589.12,-3.8488547640720216e-14,-5.3485933606676934e-17
589.13,-3.8485969518909796e-14,-5.341319818320401e-17
589.14,-3.848255738092395e-14,-5.3286274577499064e-17
589.15,-3.8479647324833165e-14,-5.318841870645281e-17
589.16,-3.847639997221846e-14,-5.335192480021269e-17
589.17,-3.8472528430347774e-14,-5.347968695254825e-17
589.18,-3.846974235261529e-14,-5.3264326750326764e-17
589.19,-3.846663703958462e-14,-5.331155675846803e-17
589.2,-3.846276034629798e-14,-5.289796198999641e-17
589.21,-3.8460626175697753e-14,-5.3578971515050664e-17
589.22,-3.8457444565139536e-14,-5.3453282224356906e-17
589.23,-3.845405156699821e-14,-5.336099134415683e-17
589.24,-3.8451259515626874e-14,-5.344495550569218e-17
589.25,-3.844796951005034e-14,-5.3345677163449266e-17
589.26,-3.8445359397004404e-14,-5.378256091759513e-17
589.27,-3.844103794148965e-14,-5.3213179583044284e-17
589.28,-3.843821822682151e-14,-5.3273327020403144e-17
589.29,-3.843328002635248e-14,-5.225040333567629e-17
589.3,-3.8431471413143906e-14,-5.316945179796724e-17
589.31,-3.8428498485014864e-14,-5.327940134786252e-17
589.32,-3.842546464305683e-14,-5.330718825889749e-17
589.33,-3.842212592966716e-14,-5.318662570639626e-17
589.34,-3.841918366295946e-14,-5.3277213388479754e-17
589.35,-3.8415752933134196e-14,-5.322610442336042e-17
589.36,-3.8412992646811096e-14,-5.3082950163394285e-17
589.37,-3.8409707372371554e-14,-5.3332112707506864e-17
589.38,-3.8403022245351504e-14,-5.335171838570238e-17
589.39,-3.8402993009588954e-14,-5.320523816402723e-17
589.4,-3.839998486756031e-14,-5.320077861204032e-17
589.41,-3.839681546663606e-14,-5.3188585938798246e-17
589.42,-3.8393528702065e-14,-5.32456266376363e-17
589.43,-3.839018778491354e-14,-5.3094643122642267e-17
589.44,-3.838730663591614e-14,-5.313799326153759e-17
589.45,-3.8384174361489914e-14,-5.3142789588736645e-17
589.46,-3.838116419888569e-14,-5.3233439072278055e-17
589.47,-3.8380976717972505e-14,-5.551315530947447e-17
589.48,-3.837455321565382e-14,-5.312654814728149e-17
589.49,-3.837142352152482e-14,-5.3140570398447e-17
589.5,-3.836838597968162e-14,-5.3217155348369104e-17
589.51,-3.8365181812318556e-14,-5.3299985071867134e-17
589.52,-3.83617226471015e-14,-5.310886716108798e-17
589.53,-3.83586194031073e-14,-5.3064714169136653e-17
589.54,-3.8355672628502576e-14,-5.329369165899114e-17
589.55,-3.835230087884272e-14,-5.3087163844874264e-17
589.56,-3.8350657655141034e-14,-5.311838686598186e-17
589.57,-3.834594963892713e-14,-5.313710438147039e-17
589.58,-3.834273259701111e-14,-5.309846740219837e-17
589.59,-3.834001984909529e-14,-5.3358538669047104e-17
589.6,-3.8336655796860043e-14,-5.325718985954465e-17
589.61,-3.833327842895802e-14,-5.3049213189290623e-17
589.62,-3.833031697589463e-14,-5.315022451787175e-17
589.63,-3.8327568594649745e-14,-5.35680943083092e-17
589.64,-3.832366703745732e-14,-5.32197208016805e-17
589.65,-3.832107704749363e-14,-5.330305150860663e-17
589.66,-3.831719026589533e-14,-5.297930419402462e-17
589.67,-3.83140626209519e-14,-5.287134522591058e-17
589.68,-3.831116109240629e-14,-5.303517773002145e-17
589.69,-3.8307708052313e-14,-5.285114589494671e-17
589.7,-3.830473157668482e-14,-5.2969214330798053e-17
589.71,-3.83016237036628e-14,-5.3065276569670837e-17
589.72,-3.8298120853018025e-14,-5.275676204141293e-17
589.73,-3.8295495682837724e-14,-5.348902630579087e-17
589.74,-3.829336091396761e-14,-5.3681278295927246e-17
589.75,-3.828895725731132e-14,-5.301848411946679e-17
589.76,-3.8285950337385305e-14,-5.3097480815866394e-17
589.77,-3.8282739452600016e-14,-5.30589493944582e-17
589.78,-3.8279338765466365e-14,-5.2778506577468416e-17
589.79,-3.827637110306263e-14,-5.3125983775619425e-17
589.8,-3.827317527117652e-14,-5.313335049063079e-17
589.81,-3.826994062241567e-14,-5.2870932499181934e-17
589.82,-3.8266231805396125e-14,-5.1832375682876376e-17
589.83,-3.826468789768662e-14,-5.3083901877515275e-17
589.84,-3.826033893969104e-14,-5.3024071751920674e-17
589.85,-3.8257554107552776e-14,-5.298215267944541e-17
589.86,-3.825430414548405e-14,-5.299534273003128e-17
589.87,-3.825103175870701e-14,-5.2991119177443044e-17
589.88,-3.824793691494831e-14,-5.30505738987218e-17
589.89,-3.824500703138609e-14,-5.302047918405819e-17
589.9,-3.824126538090751e-14,-5.291564134820747e-17
589.91,-3.8238250091844124e-14,-5.243799307987279e-17
589.92,-3.8234919794756286e-14,-5.3053858900663394e-17
589.93,-3.823221237962673e-14,-5.290158248718416e-17
589.94,-3.8229060906712525e-14,-5.295030015052627e-17
589.95,-3.8225866256316235e-14,-5.306035843506288e-17
589.96,-3.822254340958244e-14,-5.288425122495618e-17
589.97,-3.8219447103835576e-14,-5.30350332228814e-17
589.98,-3.821652923002894e-14,-5.295605596708842e-17
589.99,-3.821316381981456e-14,-5.2791490173324944e-17
590.0,-3.820956966170214e-14,-5.2736441519951506e-17
590.01,-3.8206232815033334e-14,-5.270721354362202e-17
590.02,-3.820376164568062e-14,-5.2943021005660216e-17
590.03,-3.8200998379071294e-14,-5.329936487677087e-17
590.04,-3.8197002435124784e-14,-5.280884354404443e-17
590.05,-3.819406511051512e-14,-5.28505257841722e-17
590.06,-3.819109395331456e-14,-5.2886938868711824e-17
590.07,-3.81877958988732e-14,-5.2745129243002033e-17
590.08,-3.818464264074857e-14,-5.2914371567639264e-17
590.09,-3.8181530690142445e-14,-5.306800704597932e-17
590.1,-3.817784300215659e-14,-5.2645564666661265e-17
590.11,-3.8175392285732644e-14,-5.2878434281312636e-17
590.12,-3.817203846541646e-14,-5.268214725174216e-17
590.13,-3.8168997978124073e-14,-5.2855157739514485e-17
590.14,-3.8165969523739216e-14,-5.288000507301985e-17
590.15,-3.816291909297444e-14,-5.2977848552455017e-17
590.16,-3.815969747150396e-14,-5.298639409810765e-17
590.17,-3.815653004088361e-14,-5.2803016294387245e-17
590.18,-3.815362162197718e-14,-5.26966467601305e-17
590.19,-3.8149720229419116e-14,-5.2747089355470966e-17
590.2,-3.814712662637662e-14,-5.287516221390625e-17
590.21,-3.8143847076194646e-14,-5.279497784927454e-17
590.22,-3.814052294069137e-14,-5.274712351650929e-17
590.23,-3.8137439487122615e-14,-5.2749719875025736e-17
590.24,-3.813488833255191e-14,-5.2677994112423146e-17
590.25,-3.813113752815442e-14,-5.278029114337518e-17
590.26,-3.8128031972464064e-14,-5.291506049016217e-17
590.27,-3.812483507907828e-14,-5.286651085202689e-17
590.28,-3.812190641372997e-14,-5.285215765708083e-17
590.29,-3.811865931084431e-14,-5.2743590539769017e-17
590.3,-3.811560447162236e-14,-5.2662007482015984e-17
590.31,-3.8112344383414334e-14,-5.2951248472029766e-17
590.32,-3.810937694330408e-14,-5.277426940352753e-17
590.33,-3.810670719876245e-14,-5.2850458184721765e-17
590.34,-3.810256225855844e-14,-5.25267695952032e-17
590.35,-3.8099529236965e-14,-5.263661320867543e-17
590.36,-3.809640143510792e-14,-5.2639735959837356e-17
590.37,-3.8093441154107497e-14,-5.2761612075971775e-17
590.38,-3.8090355895848674e-14,-5.2683105321787865e-17
590.39,-3.808673427556779e-14,-5.2497880261736914e-17
590.4,-3.808418163948777e-14,-5.281906468320281e-17
590.41,-3.808066258002368e-14,-5.2761409634457484e-17
590.42,-3.8077894249587425e-14,-5.276464536228328e-17
590.43,-3.8074056789335936e-14,-5.375372818614046e-17
590.44,-3.8071385429912285e-14,-5.263286943368121e-17
590.45,-3.806846786540808e-14,-5.279289787992135e-17
590.46,-3.8065192565227507e-14,-5.27495380951049e-17
590.47,-3.8061814554610066e-14,-5.265566107591499e-17
590.48,-3.8058882032290914e-14,-5.274707027749395e-17
590.49,-3.805590221541527e-14,-5.2755383486050184e-17
590.5,-3.805255790522691e-14,-5.258444687480862e-17
590.51,-3.804876272668674e-14,-5.3018405903374814e-17
590.52,-3.804643975238687e-14,-5.236708876040875e-17
590.53,-3.804335296254001e-14,-5.29175128074475e-17
590.54,-3.8039944646399604e-14,-5.266883222927913e-17
590.55,-3.803706144381421e-14,-5.247965284802373e-17
590.56,-3.803357042159876e-14,-5.258527623063175e-17
590.57,-3.8030390336550765e-14,-5.2535801591519145e-17
590.58,-3.802761319319158e-14,-5.263229312282287e-17
590.59,-3.8024408386806705e-14,-5.265159489035653e-17
590.6,-3.801971629312513e-14,-5.215697864251254e-17
590.61,-3.8017778456840944e-14,-5.3063358982813036e-17
590.62,-3.8014254536948283e-14,-5.2328522353570664e-17
590.63,-3.801181499631174e-14,-5.268728305560895e-17
590.64,-3.8008804997009044e-14,-5.2661374926970426e-17
590.65,-3.8005707409283407e-14,-5.256629779817364e-17
590.66,-3.800217943264476e-14,-5.259248593354143e-17
590.67,-3.799942007049253e-14,-5.264811370296891e-17
590.68,-3.799648527191765e-14,-5.230769164865817e-17
590.69,-3.799143328947686e-14,-5.2135166338231476e-17
590.7,-3.798950921049203e-14,-5.237298869515136e-17
590.71,-3.798701018165047e-14,-5.2771280193991925e-17
590.72,-3.798357246724062e-14,-5.25093452242535e-17
590.73,-3.7980412357072286e-14,-5.255478878948978e-17
590.74,-3.797707834477098e-14,-5.256500809443617e-17
590.75,-3.7973845020852014e-14,-5.242109020327136e-17
590.76,-3.797086064186864e-14,-5.246506811088326e-17
590.77,-3.7967854330427747e-14,-5.2452255381764663e-17
590.78,-3.7966334801877046e-14,-5.06365645687233e-17
590.79,-3.7961672567334064e-14,-5.2565018570738934e-17
590.8,-3.7957870956284454e-14,-5.290562427051519e-17
590.81,-3.795536909968229e-14,-5.252532110946301e-17
590.82,-3.7952171167879994e-14,-5.240614813023492e-17
590.83,-3.7948965829465225e-14,-5.23756434518446e-17
590.84,-3.794575491061549e-14,-5.241869687026808e-17
590.85,-3.7942913363792004e-14,-5.248077972198535e-17
590.86,-3.793966621464625e-14,-5.2457271547220194e-17
590.87,-3.794068341755062e-14,-5.412820397213894e-17
590.88,-3.793329349229779e-14,-5.252781409017189e-17
590.89,-3.793006977012424e-14,-5.2509709439843243e-17
590.9,-3.792706996849939e-14,-5.2500771519678195e-17
590.91,-3.7924139810795887e-14,-5.255315857852928e-17
590.92,-3.792043028942169e-14,-5.25385718118742e-17
590.93,-3.791782852692164e-14,-5.24357554504372e-17
590.94,-3.7914615209874306e-14,-5.2447727245191244e-17
590.95,-3.791152055352174e-14,-5.243672403239696e-17
590.96,-3.790960198902149e-14,-5.3259578513579413e-17
590.97,-3.790500692370415e-14,-5.2402971930076086e-17
590.98,-3.7902179361196526e-14,-5.248790693827831e-17
590.99,-3.789891732894385e-14,-5.255790917951105e-17
591.0,-3.789572542747154e-14,-5.246488988419277e-17
591.01,-3.789268277255392e-14,-5.243804898111207e-17
591.02,-3.788963734073623e-14,-5.243058562014409e-17
591.03,-3.7886653796858793e-14,-5.2461487615446734e-17
591.04,-3.7883471160230276e-14,-5.253705177481737e-17
591.05,-3.788120841624643e-14,-5.1945639933215474e-17
591.06,-3.787731563743005e-14,-5.246618036696844e-17
591.07,-3.7873521496427325e-14,-5.231670239813108e-17
591.08,-3.787117269599809e-14,-5.2459354268714187e-17
591.09,-3.786747013693802e-14,-5.246055741785355e-17
591.1,-3.786499436204197e-14,-5.257710878225915e-17
591.11,-3.786154736561723e-14,-5.2334578778818124e-17
591.12,-3.785841221572142e-14,-5.227944099774961e-17
591.13,-3.7854662489577583e-14,-5.231943371555067e-17
591.14,-3.785237960678841e-14,-5.240481237220866e-17
591.15,-3.7849057164103904e-14,-5.235908632555445e-17
591.16,-3.784534132769389e-14,-5.1780151383895066e-17
591.17,-3.784310549314867e-14,-5.2460496762802806e-17
591.18,-3.783949691906709e-14,-5.235046578212288e-17
591.19,-3.783626454670496e-14,-5.2163794830426873e-17
591.2,-3.78335773136901e-14,-5.239998811831734e-17
591.21,-3.783033588830177e-14,-5.232842720157692e-17
591.22,-3.782659980413553e-14,-5.2712390249791054e-17
591.23,-3.7823965072260204e-14,-5.2359497394481934e-17
591.24,-3.782085048281416e-14,-5.232868693883188e-17
591.25,-3.781818790922134e-14,-5.2291384476588495e-17
591.26,-3.781466855299196e-14,-5.2247572934934144e-17
591.27,-3.781149723045766e-14,-5.228429353141819e-17
591.28,-3.780780155611466e-14,-5.2662476627236304e-17
591.29,-3.780523196024589e-14,-5.22866520968063e-17
591.3,-3.7802206952528396e-14,-5.223364801094758e-17
591.31,-3.779893159159055e-14,-5.234278587427715e-17
591.32,-3.779590312268939e-14,-5.227176841457426e-17
591.33,-3.779310128314531e-14,-5.220717747756206e-17
591.34,-3.779016452720352e-14,-5.248981332528559e-17
591.35,-3.778673495490556e-14,-5.228741805985355e-17
591.36,-3.7783483003620545e-14,-5.223224103158512e-17
591.37,-3.7780393605683556e-14,-5.241488545988302e-17
591.38,-3.777761906480778e-14,-5.231185275825858e-17
591.39,-3.7774219749915124e-14,-5.230902292236027e-17
591.4,-3.777093253028726e-14,-5.2203729681982494e-17
591.41,-3.776742553490271e-14,-5.203687660577925e-17
591.42,-3.776493647601838e-14,-5.218289130833265e-17
591.43,-3.776197824630654e-14,-5.206642435552836e-17
591.44,-3.7758639084163785e-14,-5.226743424995154e-17
591.45,-3.775584116147251e-14,-5.217430290050595e-17
591.46,-3.7752330948735294e-14,-5.2193092041035057e-17
591.47,-3.774905294703481e-14,-5.2229304972398646e-17
591.48,-3.774611743040408e-14,-5.224325752278411e-17
591.49,-3.7743163472013014e-14,-5.228901206722779e-17
591.5,-3.7739620423422635e-14,-5.2109431311416773e-17
591.51,-3.7736609167509625e-14,-5.2123942313629826e-17
591.52,-3.7733743279082506e-14,-5.2181732077989307e-17
591.53,-3.773044139487484e-14,-5.2310263225993e-17
591.54,-3.7727849335687474e-14,-5.2195366307382505e-17
591.55,-3.772463465533274e-14,-5.207286905847551e-17
591.56,-3.772147083960311e-14,-5.2201456847195876e-17
591.57,-3.7717580590160345e-14,-5.204216753948353e-17
591.58,-3.7715292244519363e-14,-5.225079372332866e-17
591.59,-3.771161253155555e-14,-5.2092834587277244e-17
591.6,-3.7708112951898824e-14,-5.2243546792925755e-17
591.61,-3.770499389811087e-14,-5.2108491670972416e-17
591.62,-3.770268743268226e-14,-5.210190721495997e-17
591.63,-3.769946538387022e-14,-5.213850054550181e-17
591.64,-3.769670137322169e-14,-5.20196545577273e-17
591.65,-3.769349491632451e-14,-5.232692102034118e-17
591.66,-3.7690041716667644e-14,-5.2102059065530505e-17
591.67,-3.7687134159821414e-14,-5.2081402584033026e-17
591.68,-3.768423036152627e-14,-5.2289144984570357e-17
591.69,-3.7680827568153533e-14,-5.2102415188601927e-17
591.7,-3.7677969526111744e-14,-5.2375640923442766e-17
591.71,-3.767469534089459e-14,-5.211039393872067e-17
591.72,-3.7671944450066984e-14,-5.2058640953628206e-17
591.73,-3.7668371304039055e-14,-5.20696440104832e-17
591.74,-3.766541862327159e-14,-5.219639106711212e-17
591.75,-3.766230955803777e-14,-5.208099441996021e-17
591.76,-3.7659143736466156e-14,-5.203347673911699e-17
591.77,-3.765610391300213e-14,-5.2103273132065575e-17
591.78,-3.7652930238025284e-14,-5.2089086828886683e-17
591.79,-3.765016395663889e-14,-5.210149277395237e-17
591.8,-3.7646738343066144e-14,-5.199293822143707e-17
591.81,-3.764368927021693e-14,-5.2043005140407206e-17
591.82,-3.764051825158599e-14,-5.206261541338113e-17
591.83,-3.7637203042062975e-14,-5.1991616429686164e-17
591.84,-3.7634278193711724e-14,-5.2031219417491845e-17
591.85,-3.763148585416412e-14,-5.21927419654985e-17
591.86,-3.762809284548877e-14,-5.2035068371922287e-17
591.87,-3.7625094768024785e-14,-5.2043594190169024e-17
591.88,-3.762335694198498e-14,-5.2002560998908275e-17
591.89,-3.761881282094225e-14,-5.2034200803074897e-17
591.9,-3.761549433725001e-14,-5.1788089920569575e-17
591.91,-3.7612438222305667e-14,-5.1982720238255505e-17
591.92,-3.7610234239376603e-14,-5.2437732488802504e-17
591.93,-3.760664748054019e-14,-5.2090230935752206e-17
591.94,-3.7603380399895406e-14,-5.2063088582875084e-17
591.95,-3.760018471084451e-14,-5.213059211379855e-17
591.96,-3.759724759491676e-14,-5.198509624231629e-17
591.97,-3.759382239545562e-14,-5.182796811844101e-17
591.98,-3.759104096840985e-14,-5.2015629623474937e-17
591.99,-3.7587489847589055e-14,-5.205647834968384e-17
592.0,-3.758475162338193e-14,-5.1924069722406185e-17
592.01,-3.758166115118155e-14,-5.1837844420609184e-17
592.02,-3.757868980056836e-14,-5.1988878224213033e-17
592.03,-3.757528022938215e-14,-5.199926699915793e-17
592.04,-3.757269555665597e-14,-5.1970102507364285e-17
592.05,-3.756918143304842e-14,-5.18736923329238e-17
592.06,-3.7566212001642375e-14,-5.1914012451872885e-17
592.07,-3.756351865844009e-14,-5.183787359126121e-17
592.08,-3.756011381636679e-14,-5.2002787148262685e-17
592.09,-3.755731673899834e-14,-5.1883766400204945e-17
592.1,-3.755414751093044e-14,-5.199357279223982e-17
592.11,-3.755079760333263e-14,-5.1950534004067866e-17
592.12,-3.754767436760407e-14,-5.196148873745087e-17
592.13,-3.754441937803329e-14,-5.1880212300570025e-17
592.14,-3.7541671887090085e-14,-5.193001467949997e-17
592.15,-3.753859572386633e-14,-5.177144369699547e-17
592.16,-3.7535606000503425e-14,-5.185062176243661e-17
592.17,-3.753222421760855e-14,-5.1999588080321643e-17
592.18,-3.7528923760618565e-14,-5.185972031277127e-17
592.19,-3.752599719969216e-14,-5.190398773315555e-17
592.2,-3.752316220856468e-14,-5.1908647644942984e-17
592.21,-3.7519776433398525e-14,-5.1863504366442225e-17
592.22,-3.751679874388077e-14,-5.181056869599992e-17
592.23,-3.751365115057938e-14,-5.1851910463726055e-17
592.24,-3.751017872890136e-14,-5.186403174744921e-17
592.25,-3.750750994886584e-14,-5.184830896308987e-17
592.26,-3.7504591752793697e-14,-5.1847022089232467e-17
592.27,-3.7501565549999326e-14,-5.1886772229353477e-17
592.28,-3.749819747403238e-14,-5.189562128604475e-17
592.29,-3.74951117223307e-14,-5.1790979815671256e-17
592.3,-3.7492212181745625e-14,-5.1786187279133123e-17
592.31,-3.7488571102044754e-14,-5.1886724993506986e-17
592.32,-3.7485913446665765e-14,-5.179832483813893e-17
592.33,-3.74830269012935e-14,-5.1831474007954486e-17
592.34,-3.7479205062957846e-14,-5.1577862394542776e-17
592.35,-3.747654318881042e-14,-5.1724585979584484e-17
592.36,-3.747341627633122e-14,-5.181857245702931e-17
592.37,-3.747050219955154e-14,-5.1866409029962e-17
592.38,-3.7467191931952244e-14,-5.1715683552491286e-17
592.39,-3.746402283071271e-14,-5.179432275856961e-17
592.4,-3.7458256308707706e-14,-5.166591482662858e-17
592.41,-3.745842842110954e-14,-5.181217367547039e-17
592.42,-3.7454900707099513e-14,-5.184083051609846e-17
592.43,-3.745211658568081e-14,-5.178571415222791e-17
592.44,-3.744886118925339e-14,-5.168359488844244e-17
592.45,-3.744575965468239e-14,-5.180933729512471e-17
592.46,-3.7442872082571065e-14,-5.1793546078102835e-17
592.47,-3.7439650635790174e-14,-5.173076822920793e-17
592.48,-3.743651096701809e-14,-5.1750683306417304e-17
592.49,-3.743324800584259e-14,-5.1841461347715396e-17
592.5,-3.7430433888327533e-14,-5.1755878320082416e-17
592.51,-3.742769328551873e-14,-5.1725685234190485e-17
592.52,-3.7424277959746794e-14,-5.177243188392672e-17
592.53,-3.7421158815508235e-14,-5.165424214580708e-17
592.54,-3.7418165393050175e-14,-5.172349349507374e-17
592.55,-3.7415113776442136e-14,-5.1684046897850645e-17
592.56,-3.7411946935776207e-14,-5.1701505735924654e-17
592.57,-3.740898996595536e-14,-5.169703759075491e-17
592.58,-3.740456448227236e-14,-5.1544778098103527e-17
592.59,-3.740276214624248e-14,-5.1672472446273077e-17
592.6,-3.7399574576763046e-14,-5.171713562345275e-17
592.61,-3.739648672441843e-14,-5.1632296959663085e-17
592.62,-3.7394070248179634e-14,-5.1859116530663434e-17
592.63,-3.73902943725163e-14,-5.1632721624271504e-17
592.64,-3.7387302372570485e-14,-5.171374986202228e-17
592.65,-3.7385206277945065e-14,-5.182622822884369e-17
592.66,-3.738096414717646e-14,-5.163570832548188e-17
592.67,-3.737818697952337e-14,-5.1606134468178594e-17
592.68,-3.737477652799182e-14,-5.155115661446679e-17
592.69,-3.7372323612810105e-14,-5.169988273852203e-17
592.7,-3.7368849798021273e-14,-5.168823507795833e-17
592.71,-3.7365927662379476e-14,-5.1660978650918085e-17
592.72,-3.73628050759485e-14,-5.164587366029531e-17
592.73,-3.735960485532537e-14,-5.161912714452e-17
592.74,-3.73565414714256e-14,-5.168272766195057e-17
592.75,-3.7353427128525745e-14,-5.162151196616084e-17
592.76,-3.735051674611246e-14,-5.166451543385395e-17
592.77,-3.734717321218779e-14,-5.1617515177995276e-17
592.78,-3.734432977264061e-14,-5.169188144981161e-17
592.79,-3.734139687409314e-14,-5.1637517312310364e-17
592.8,-3.73380892736765e-14,-5.162710480095734e-17
592.81,-3.73350959435442e-14,-5.162627322018535e-17
592.82,-3.7332259391309366e-14,-5.172196925213226e-17
592.83,-3.732889734587191e-14,-5.164616140329831e-17
592.84,-3.7326331987054125e-14,-5.170110103477037e-17
592.85,-3.732284913237787e-14,-5.164271788291705e-17
592.86,-3.7319744438158534e-14,-5.155681297006869e-17
592.87,-3.731669984098692e-14,-5.17073949365282e-17
592.88,-3.7313483953354344e-14,-5.141237348259277e-17
592.89,-3.731000192672529e-14,-5.150037895253219e-17
592.9,-3.730752265922071e-14,-5.155862691470013e-17
592.91,-3.730462765395092e-14,-5.1491123121200964e-17
592.92,-3.730127080626689e-14,-5.15299529576783e-17
592.93,-3.7298157209170647e-14,-5.146041266515666e-17
592.94,-3.7295116280289706e-14,-5.148971335000526e-17
592.95,-3.7292256651172626e-14,-5.1575103289848145e-17
592.96,-3.728877110170503e-14,-5.1480395976829674e-17
592.97,-3.728763561731e-14,-5.181679471940704e-17
592.98,-3.728277741577552e-14,-5.1454953671358307e-17
592.99,-3.7279825700683093e-14,-5.157408561913561e-17
593.0,-3.7277050493644953e-14,-5.146850610049145e-17
593.01,-3.72740034560502e-14,-5.154084569568309e-17
593.02,-3.727080267468402e-14,-5.149618792055892e-17
593.03,-3.726911197135882e-14,-5.183780918201657e-17
593.04,-3.7264555956928697e-14,-5.149547315391324e-17
593.05,-3.726220419075307e-14,-5.1698195895138797e-17
593.06,-3.725845642969233e-14,-5.1419059146230284e-17
593.07,-3.725551745340079e-14,-5.1306238234179824e-17
593.08,-3.725238951444043e-14,-5.151182576171471e-17
593.09,-3.7249638615238004e-14,-5.180092362059303e-17
593.1,-3.724638073940038e-14,-5.149189850300746e-17
593.11,-3.724299628632416e-14,-5.1092795879285434e-17
593.12,-3.7240075445144055e-14,-5.1471645598110956e-17
593.13,-3.723749487552219e-14,-5.152923895308798e-17
593.14,-3.723303448492049e-14,-5.1440285844118056e-17
593.15,-3.7230817395245643e-14,-5.127579921452319e-17
593.16,-3.7227854976505776e-14,-5.1358184443451647e-17
593.17,-3.722468730337206e-14,-5.136367700764112e-17
593.18,-3.7221781066108613e-14,-5.14368747885322e-17
593.19,-3.7218720971090344e-14,-5.1471795961564416e-17
593.2,-3.721411794473347e-14,-5.112265043921926e-17
593.21,-3.721245194442041e-14,-5.140608437782755e-17
593.22,-3.720949620718815e-14,-5.1363060328715765e-17
593.23,-3.720640906556978e-14,-5.16764952366071e-17
593.24,-3.720369211959481e-14,-5.152621371222997e-17
593.25,-3.720041822422706e-14,-5.143996233421146e-17
593.26,-3.719743412650812e-14,-5.140654233873203e-17
593.27,-3.719408487949687e-14,-5.1382870086742557e-17
593.28,-3.719109110700623e-14,-5.13408608831368e-17
593.29,-3.718797473381175e-14,-5.1394782918278516e-17
593.3,-3.718474444387216e-14,-5.130402216070117e-17
593.31,-3.718181801460121e-14,-5.137463121054092e-17
593.32,-3.717886129294732e-14,-4.996713612092193e-17
593.33,-3.7175733409983644e-14,-5.127131058035297e-17
593.34,-3.7172849527508194e-14,-5.149980387385094e-17
593.35,-3.716967725027567e-14,-5.1398805843027053e-17
593.36,-3.716678613908417e-14,-5.13073118429936e-17
593.37,-3.716367528230327e-14,-5.135367632003019e-17
593.38,-3.716074016797489e-14,-5.1324052875679326e-17
593.39,-3.7157589295720585e-14,-5.141161328607371e-17
593.4,-3.715492877212412e-14,-5.146177345680317e-17
593.41,-3.714937764487705e-14,-5.241577014795464e-17
593.42,-3.714830907483969e-14,-5.127228097058971e-17
593.43,-3.714528344684564e-14,-5.135702235189558e-17
593.44,-3.7142145700466976e-14,-5.1302028637664076e-17
593.45,-3.713903752362699e-14,-5.124516321544008e-17
593.46,-3.713611073498413e-14,-5.1299580729925746e-17
593.47,-3.7133459958560654e-14,-5.134175129876824e-17
593.48,-3.712983235056217e-14,-5.119700587585525e-17
593.49,-3.712676936874936e-14,-5.133896246344881e-17
593.5,-3.712366683666977e-14,-5.1462201431418786e-17
593.51,-3.7120904297238585e-14,-5.1294868136133634e-17
593.52,-3.711774080911886e-14,-5.12741028919534e-17
593.53,-3.7114800288639724e-14,-5.1289521983004824e-17
593.54,-3.7111667551606976e-14,-5.1360997576336847e-17
593.55,-3.710885428356482e-14,-5.1294665168085633e-17
593.56,-3.7105758261546517e-14,-5.123390882638527e-17
593.57,-3.710171444928782e-14,-5.0881326944161835e-17
593.58,-3.709895532987101e-14,-5.1013025765361417e-17
593.59,-3.709622413058231e-14,-5.105048554487092e-17
593.6,-3.7093124154297345e-14,-5.1263112501002026e-17
593.61,-3.709084601036676e-14,-5.137914862192747e-17
593.62,-3.7087406675706e-14,-5.123099103776708e-17
593.63,-3.7084081245829356e-14,-5.123123734864287e-17
593.64,-3.70811879674322e-14,-5.130660250960444e-17
593.65,-3.707828990189476e-14,-5.11849485550178e-17
593.66,-3.7074986229408234e-14,-5.1229043815204046e-17
593.67,-3.707509461763999e-14,-5.2236912706421277e-17
593.68,-3.7067488927028755e-14,-5.131213041092646e-17
593.69,-3.706592152111538e-14,-5.114622786656243e-17
593.7,-3.7062800406466106e-14,-5.1145978048862874e-17
593.71,-3.706011066685419e-14,-5.1137168498590124e-17
593.72,-3.705761981673885e-14,-5.1370430836560273e-17
593.73,-3.705373050982832e-14,-5.109830962120173e-17
593.74,-3.705111796366951e-14,-5.1324835161995606e-17
593.75,-3.70475120062626e-14,-5.1185452596804344e-17
593.76,-3.7045389359290916e-14,-5.0930470607239664e-17
593.77,-3.7040847246296774e-14,-5.09892968621891e-17
593.78,-3.7038647679963166e-14,-5.120265994641012e-17
593.79,-3.703551338592413e-14,-5.1167565103879776e-17
593.8,-3.703245199645591e-14,-5.10377093526761e-17
593.81,-3.702953250571686e-14,-5.115812447001222e-17
593.82,-3.7026302136092994e-14,-5.1058743246940044e-17
593.83,-3.7023199098299946e-14,-5.109599341080651e-17
593.84,-3.702055892599849e-14,-5.107574999088915e-17
593.85,-3.70185113921506e-14,-5.168279718585901e-17
593.86,-3.701417709018633e-14,-5.1041608520280955e-17
593.87,-3.701125406359893e-14,-5.118321206172417e-17
593.88,-3.7008085813006684e-14,-5.0959881427089397e-17
593.89,-3.7004895394282326e-14,-5.0925512810076394e-17
593.9,-3.700250806257373e-14,-5.1061055517975807e-17
593.91,-3.699892527959092e-14,-5.112589178309742e-17
593.92,-3.699646853792718e-14,-5.119557691780807e-17
593.93,-3.6992828514869215e-14,-5.100429543955293e-17
593.94,-3.698997141294616e-14,-5.111221534477689e-17
593.95,-3.698711836219763e-14,-5.1198002688421037e-17
593.96,-3.6983939744441197e-14,-5.105580410372341e-17
593.97,-3.69797020856784e-14,-5.0530776194977464e-17
593.98,-3.697796442436437e-14,-5.1075826955451507e-17
593.99,-3.697481917953326e-14,-5.109467429845985e-17
594.0,-3.6971538176772716e-14,-5.103739935774904e-17
594.01,-3.69687855962607e-14,-5.0986386257836693e-17
594.02,-3.696563921292434e-14,-5.1032606799949455e-17
594.03,-3.6962912863227524e-14,-5.108708173576978e-17
594.04,-3.696009007509425e-14,-5.103683617449047e-17
594.05,-3.69566154497614e-14,-5.0954059723315194e-17
594.06,-3.695370021504951e-14,-5.1028235715762586e-17
594.07,-3.695066593304188e-14,-5.1043412900350886e-17
594.08,-3.6947496507410284e-14,-5.09939487645951e-17
594.09,-3.694433655582557e-14,-5.091312402629708e-17
594.1,-3.6941054147118884e-14,-5.083797495657303e-17
594.11,-3.693863887913544e-14,-5.105003664641528e-17
594.12,-3.693541276281668e-14,-5.119807953403773e-17
594.13,-3.6932813652123705e-14,-5.10694342458485e-17
594.14,-3.6929308393517e-14,-5.100958539786322e-17
594.15,-3.6926417036136205e-14,-5.089812431239981e-17
594.16,-3.692325167610216e-14,-5.100916141842662e-17
594.17,-3.692018834570073e-14,-5.0989545917701655e-17
594.18,-3.691717899637435e-14,-5.100207050702451e-17
594.19,-3.6914428103896164e-14,-5.097731687387544e-17
594.2,-3.6910921397222606e-14,-5.081413173160415e-17
594.21,-3.690808483723108e-14,-5.0868113427905814e-17
594.22,-3.6904937974489065e-14,-5.0794470622422734e-17
594.23,-3.690207487734004e-14,-5.093345094548206e-17
594.24,-3.6899073018263e-14,-5.1081711896918034e-17
594.25,-3.689615566665696e-14,-5.0755478822294133e-17
594.26,-3.6893013474948837e-14,-5.0936561783448573e-17
594.27,-3.689035285510311e-14,-5.100473911730079e-17
594.28,-3.688568833818047e-14,-5.082741616317622e-17
594.29,-3.688396417289024e-14,-5.097078143289183e-17
594.3,-3.6880670526931e-14,-5.079236193726788e-17
594.31,-3.687794544948379e-14,-5.086657185371797e-17
594.32,-3.6874668558038296e-14,-5.0903088312247325e-17
594.33,-3.687185968738733e-14,-5.108049007021478e-17
594.34,-3.686878746781481e-14,-5.092343795005519e-17
594.35,-3.686577690031636e-14,-5.077360627754216e-17
594.36,-3.6863059754923085e-14,-5.0996482719750364e-17
594.37,-3.685783380923459e-14,-4.956347066252246e-17
594.38,-3.6856544283297013e-14,-5.10199429808696e-17
594.39,-3.6853507627359376e-14,-5.0726951771204875e-17
594.4,-3.685066557372233e-14,-5.09085540974682e-17
594.41,-3.6847233194052016e-14,-5.091195311709512e-17
594.42,-3.68446463979978e-14,-5.077888962880558e-17
594.43,-3.6841212450980224e-14,-5.086343597989315e-17
594.44,-3.683856094265752e-14,-5.090226674114509e-17
594.45,-3.6835514943874254e-14,-5.025265638645375e-17
594.46,-3.683205724496378e-14,-5.109101145141356e-17
594.47,-3.6829118596301416e-14,-5.054791587976864e-17
594.48,-3.6826575392583165e-14,-5.078996537581452e-17
594.49,-3.682340555166814e-14,-5.099960484873494e-17
594.5,-3.6820452142423076e-14,-5.083056226343233e-17
594.51,-3.681740183535456e-14,-5.0740094936462075e-17
594.52,-3.6814188085509897e-14,-5.084122451533808e-17
594.53,-3.681156433514498e-14,-5.0877832694472797e-17
594.54,-3.680918701570162e-14,-5.0956114124549596e-17
594.55,-3.680565047628069e-14,-5.091180532074857e-17
594.56,-3.680243563755901e-14,-5.064215946061505e-17
594.57,-3.6799288399689625e-14,-5.0649810833677694e-17
594.58,-3.679620976067695e-14,-5.0727117289666296e-17
594.59,-3.6793390092007986e-14,-5.0816930914472765e-17
594.6,-3.679038568686979e-14,-5.073279690674938e-17
594.61,-3.6787146860285794e-14,-5.076623960044596e-17
594.62,-3.6784437560003936e-14,-5.116725071263653e-17
594.63,-3.6785400862479514e-14,-5.04017815736912e-17
594.64,-3.677843769528238e-14,-5.0942325806142896e-17
594.65,-3.677524780267677e-14,-5.060699827161203e-17
594.66,-3.6771993585288424e-14,-5.08032289504247e-17
594.67,-3.676903387152979e-14,-5.078086611608447e-17
594.68,-3.6766195816381884e-14,-5.0776060536992406e-17
594.69,-3.6763206517089037e-14,-5.0767500549018443e-17
594.7,-3.6760160543982516e-14,-5.073511639911036e-17
594.71,-3.675715238202428e-14,-5.0779233103482807e-17
594.72,-3.675658001193812e-14,-5.3384017426198946e-17
594.73,-3.675078218351011e-14,-5.0677740773622e-17
594.74,-3.674700834725339e-14,-5.007042126863585e-17
594.75,-3.674494877844951e-14,-5.06503779008053e-17
594.76,-3.6741756948025024e-14,-5.0548778892411045e-17
594.77,-3.6738909252018255e-14,-5.0618188633075224e-17
594.78,-3.6735795883346155e-14,-5.0670266099255473e-17
594.79,-3.67330980027155e-14,-5.0536775591470224e-17
594.8,-3.673020237998387e-14,-5.0688687792256017e-17
594.81,-3.6726551351585556e-14,-5.001538635904946e-17
594.82,-3.672415554928467e-14,-5.058151769110931e-17
594.83,-3.6720940079974954e-14,-5.062791928169616e-17
594.84,-3.6717850771270515e-14,-5.0589376367648103e-17
594.85,-3.6714507612215857e-14,-5.055928550229544e-17
594.86,-3.671202716252393e-14,-5.04527624902756e-17
594.87,-3.670864351447486e-14,-5.0668120475052276e-17
594.88,-3.670581758851956e-14,-5.050297872042168e-17
594.89,-3.670304781268305e-14,-5.06285525180957e-17
594.9,-3.6701133817037693e-14,-5.071485562523704e-17
594.91,-3.6696611527270914e-14,-5.066911845515506e-17
594.92,-3.6693699899260634e-14,-5.0521357527419537e-17
594.93,-3.6690836565458066e-14,-5.0613208738413217e-17
594.94,-3.668776158110634e-14,-5.0546144334825225e-17
594.95,-3.6684458109670655e-14,-5.05020156503134e-17
594.96,-3.6681766012220205e-14,-5.05722484499868e-17
594.97,-3.667878070722004e-14,-5.0458693535794564e-17
594.98,-3.667537295872599e-14,-5.046023248514703e-17
594.99,-3.667376397794828e-14,-5.127591968864791e-17
595.0,-3.666961604775779e-14,-5.0537276414022167e-17
595.01,-3.666660406871318e-14,-5.062787098929354e-17
595.02,-3.6663971998250126e-14,-5.039979261791768e-17
595.03,-3.6660841010927975e-14,-5.071905786759283e-17
595.04,-3.6657988938520966e-14,-5.07118942867058e-17
595.05,-3.6654795668383785e-14,-5.0535949772684504e-17
595.06,-3.6651439156905065e-14,-5.057096152551002e-17
595.07,-3.664938759635166e-14,-5.052746465149784e-17
595.08,-3.664625458593309e-14,-5.056261569819384e-17
595.09,-3.6642740018796815e-14,-5.048479091627471e-17
595.1,-3.664035388312927e-14,-5.085028742317828e-17
595.11,-3.663606920184228e-14,-5.043265210829211e-17
595.12,-3.6634018311515246e-14,-5.052412442532649e-17
595.13,-3.662967930889944e-14,-5.040998569386287e-17
595.14,-3.662770304069144e-14,-5.0453510938227424e-17
595.15,-3.662474790067644e-14,-5.065908723773871e-17
595.16,-3.6621806055114293e-14,-5.053203484770763e-17
595.17,-3.661853305906208e-14,-5.0394826614227296e-17
595.18,-3.6615445706235317e-14,-5.060033802963282e-17
595.19,-3.661253973231319e-14,-5.0566637421176423e-17
595.2,-3.660941751756705e-14,-5.0450821479217365e-17
595.21,-3.660680597607456e-14,-5.0479769709352724e-17
595.22,-3.660319346507257e-14,-4.985399372538571e-17
595.23,-3.660058965765646e-14,-5.03967204948906e-17
595.24,-3.659764891660812e-14,-5.052348329842537e-17
595.25,-3.6594651109284064e-14,-5.032120902595024e-17
595.26,-3.659194697709035e-14,-5.0313293301764984e-17
595.27,-3.658895449361497e-14,-5.055471482451038e-17
595.28,-3.658562073678083e-14,-5.0591500661410597e-17
595.29,-3.658247366361651e-14,-5.037854356179857e-17
595.3,-3.65799582365734e-14,-5.0578641624511374e-17
595.31,-3.657681243304002e-14,-5.042208771181045e-17
595.32,-3.6573568848973725e-14,-5.042208945051045e-17
595.33,-3.657091995723444e-14,-5.0397519665172765e-17
595.34,-3.656827809493516e-14,-5.039781033731984e-17
595.35,-3.656490394830382e-14,-5.042077391074668e-17
595.36,-3.6561668842659137e-14,-5.0381565976989305e-17
595.37,-3.655917012467916e-14,-5.0574775696264004e-17
595.38,-3.6555631045904796e-14,-5.028076971396145e-17
595.39,-3.6552654399584524e-14,-5.0284841206787473e-17
595.4,-3.65496899443026e-14,-5.036918204733866e-17
595.41,-3.6546793087935413e-14,-5.021025624187117e-17
595.42,-3.654407597718172e-14,-5.0175327506738e-17
595.43,-3.6540465070105166e-14,-5.028198721254314e-17
595.44,-3.6537887440143065e-14,-5.036398289302142e-17
595.45,-3.653456655382477e-14,-5.031658366455566e-17
595.46,-3.6531619942456127e-14,-5.03907096480176e-17
595.47,-3.652890578744222e-14,-5.01913300555908e-17
595.48,-3.652554736125667e-14,-5.0326878261123524e-17
595.49,-3.652275530375612e-14,-5.0454751880164617e-17
595.5,-3.6519739330799854e-14,-5.0340728110381804e-17
595.51,-3.6516868250912276e-14,-4.971492921624132e-17
595.52,-3.651379311886973e-14,-5.030335395852359e-17
595.53,-3.651068888073348e-14,-5.035188964591819e-17
595.54,-3.650792374157805e-14,-5.027670486050233e-17
595.55,-3.650519981477088e-14,-4.9911672562409234e-17
595.56,-3.650187381069517e-14,-5.025846820964091e-17
595.57,-3.6499025658823737e-14,-5.02552703771682e-17
595.58,-3.649583015503891e-14,-5.04495680607549e-17
595.59,-3.649289366021339e-14,-5.022260953896366e-17
595.6,-3.648997501468263e-14,-5.0066269851758084e-17
595.61,-3.648701522442318e-14,-5.0301237901567694e-17
595.62,-3.648362096104296e-14,-5.012874196288821e-17
595.63,-3.6481274593455146e-14,-5.028189203112565e-17
595.64,-3.647725059314979e-14,-5.11867427908718e-17
595.65,-3.64750571409815e-14,-5.018770510521411e-17
595.66,-3.647205071132816e-14,-5.025039850735718e-17
595.67,-3.6469108224780586e-14,-5.021555222810049e-17
595.68,-3.646620721284231e-14,-5.01168960907868e-17
595.69,-3.6462932767924706e-14,-5.0145366327644825e-17
595.7,-3.6460045421898666e-14,-5.016004071651274e-17
595.71,-3.6456955565977675e-14,-5.0104575829784364e-17
595.72,-3.645385199424386e-14,-5.025998943760258e-17
595.73,-3.645200828534281e-14,-5.0090226298654556e-17
595.74,-3.6448018736867514e-14,-5.014419050757309e-17
595.75,-3.644508167182329e-14,-5.015223980195268e-17
595.76,-3.644235447886769e-14,-5.019825821403477e-17
595.77,-3.643910871894645e-14,-5.008548018357673e-17
595.78,-3.6435993609234907e-14,-5.00228616245898e-17
595.79,-3.6433248142394705e-14,-5.0048550323283954e-17
595.8,-3.643003943656241e-14,-5.009265380158251e-17
595.81,-3.64272782217275e-14,-5.016258216070326e-17
595.82,-3.6423503510565234e-14,-5.049502935073905e-17
595.83,-3.642138791362904e-14,-5.014833274325382e-17
595.84,-3.641849014228874e-14,-5.0270949844305657e-17
595.85,-3.6415481890021036e-14,-5.00524313740876e-17
595.86,-3.6412061385605624e-14,-4.981732755592555e-17
595.87,-3.6409164516720773e-14,-5.013478437756015e-17
595.88,-3.640649012346339e-14,-5.018016010051779e-17
595.89,-3.640319395130582e-14,-5.021966560889144e-17
595.9,-3.64004637092429e-14,-5.0058947358864074e-17
595.91,-3.6397963479878505e-14,-4.997685261099288e-17
595.92,-3.6394438778956466e-14,-5.013132577352516e-17
595.93,-3.639128453249971e-14,-5.003619906274933e-17
595.94,-3.638865800564521e-14,-5.0106070362046006e-17
595.95,-3.6385778531569263e-14,-5.007835821669121e-17
595.96,-3.638247178683472e-14,-5.012312322005294e-17
595.97,-3.6379847730386844e-14,-4.9994028689077796e-17
595.98,-3.637657506551285e-14,-5.0047921935088853e-17
595.99,-3.6373572674645825e-14,-5.002028107610531e-17
596.0,-3.63707978381876e-14,-4.999698696444538e-17
596.01,-3.636788475812382e-14,-4.999977474255042e-17
596.02,-3.636477634280193e-14,-5.002594588994891e-17
596.03,-3.6361696503356316e-14,-4.9986750669686597e-17
596.04,-3.635858143921304e-14,-5.001170389577561e-17
596.05,-3.635594076169152e-14,-5.0071054681643707e-17
596.06,-3.6352707503292465e-14,-5.006327930768761e-17
596.07,-3.635015883183782e-14,-4.999803497077974e-17
596.08,-3.634679607354617e-14,-5.000294391648916e-17
596.09,-3.6343882459673006e-14,-5.0169593864163176e-17
596.1,-3.6340908080525647e-14,-5.0103275705761156e-17
596.11,-3.63379411178845e-14,-5.000094519130692e-17
596.12,-3.633510222029276e-14,-4.9954949302676763e-17
596.13,-3.6331844679369496e-14,-4.986363918738248e-17
596.14,-3.632903530288659e-14,-4.9961392483948743e-17
596.15,-3.6326077793563615e-14,-4.994356365585782e-17
596.16,-3.632310827893268e-14,-5.006813375686199e-17
596.17,-3.632009284591649e-14,-4.990089967819491e-17
596.18,-3.631717265554571e-14,-4.995662920225273e-17
596.19,-3.631417848079048e-14,-4.992896907821768e-17
596.2,-3.6311089383824645e-14,-4.991460426747329e-17
596.21,-3.6307841230357055e-14,-4.999255099470459e-17
596.22,-3.630544038155451e-14,-4.9928647334262624e-17
596.23,-3.630249798594348e-14,-4.996503170760832e-17
596.24,-3.629929647748818e-14,-4.99109173885307e-17
596.25,-3.629523049010756e-14,-4.976754034010003e-17
596.26,-3.629329852781722e-14,-4.997343770102757e-17
596.27,-3.62903020540248e-14,-4.991464342732351e-17
596.28,-3.628765627488599e-14,-4.9552429988885534e-17
596.29,-3.6284647237791076e-14,-4.992926339976536e-17
596.3,-3.628142194249273e-14,-4.9912433311199554e-17
596.31,-3.62783851876091e-14,-4.987938553950645e-17
596.32,-3.627586258176794e-14,-4.99353992245056e-17
596.33,-3.627253006864756e-14,-4.987631230897473e-17
596.34,-3.627057990926168e-14,-4.912774212293772e-17
596.35,-3.6266548508525125e-14,-4.99131123940127e-17
596.36,-3.62635928139938e-14,-4.978423338232215e-17
596.37,-3.62607590393115e-14,-4.984095142072449e-17
596.38,-3.625782346319853e-14,-4.989900049895292e-17
596.39,-3.6254876564586894e-14,-4.97883916097775e-17
596.4,-3.625227160576749e-14,-4.998127665601888e-17
596.41,-3.624904249162072e-14,-4.986642207897298e-17
596.42,-3.624600827344924e-14,-4.985648387996654e-17
596.43,-3.624392946469131e-14,-4.9604423549263317e-17
596.44,-3.623968279872326e-14,-4.972985080962444e-17
596.45,-3.6236908630728385e-14,-4.9794850863591313e-17
596.46,-3.623394524566673e-14,-4.9814041665742185e-17
596.47,-3.623140388811886e-14,-4.981643215760932e-17
596.48,-3.6228166409844097e-14,-4.981213833808072e-17
596.49,-3.6224709601285086e-14,-4.9767038824543106e-17
596.5,-3.622240968356699e-14,-4.982722210680812e-17
596.51,-3.621947380094656e-14,-4.9795131876323146e-17
596.52,-3.6216786362035236e-14,-4.9859882995632045e-17
596.53,-3.62134474397003e-14,-4.9669921950303544e-17
596.54,-3.621045610911088e-14,-4.977625367319984e-17
596.55,-3.62074677406722e-14,-4.980636811724407e-17
596.56,-3.620468014977048e-14,-4.970793482579426e-17
596.57,-3.620168391672039e-14,-4.975359750942546e-17
596.58,-3.619829534053478e-14,-4.971724760024194e-17
596.59,-3.619482984990024e-14,-4.976622399727197e-17
596.6,-3.61928186932359e-14,-4.968236648050188e-17
596.61,-3.618963467925157e-14,-4.9807427455934566e-17
596.62,-3.618692200394749e-14,-4.9731248556512234e-17
596.63,-3.618355379343072e-14,-4.9840892865884337e-17
596.64,-3.618065453643932e-14,-4.9771632114972906e-17
596.65,-3.617765783000574e-14,-4.977872708303453e-17
596.66,-3.617473069100902e-14,-4.9734657094689013e-17
596.67,-3.617155005163825e-14,-4.964250934049005e-17
596.68,-3.616882834843934e-14,-4.9623834656106213e-17
596.69,-3.6165939806576517e-14,-4.967112464353936e-17
596.7,-3.6162304389606034e-14,-4.959464158167476e-17
596.71,-3.616012352221189e-14,-4.9652488183040896e-17
596.72,-3.615699778996924e-14,-4.965174271057392e-17
596.73,-3.6153976002165335e-14,-4.963488594204024e-17
596.74,-3.615088225482722e-14,-4.961020876370518e-17
596.75,-3.6148317711584056e-14,-4.966754227590985e-17
596.76,-3.6146428987703926e-14,-4.9555106142831783e-17
596.77,-3.61423264737906e-14,-4.959828044757578e-17
596.78,-3.613908623229974e-14,-4.96022368863686e-17
596.79,-3.613696111204456e-14,-4.965129530028856e-17
596.8,-3.6133164826661496e-14,-4.962741022487498e-17
596.81,-3.612995850394323e-14,-4.952727512204262e-17
596.82,-3.6128099647796175e-14,-4.974410713316346e-17
596.83,-3.612472527744133e-14,-4.9635061131699565e-17
596.84,-3.612203145184539e-14,-4.9660099731948013e-17
596.85,-3.6119106179328933e-14,-4.979016271310138e-17
596.86,-3.611567493842537e-14,-4.960719459368082e-17
596.87,-3.611293479439324e-14,-4.963061086458397e-17
596.88,-3.610899157114903e-14,-4.924870006947308e-17
596.89,-3.6107456270373714e-14,-4.960402139803562e-17
596.9,-3.610323178585034e-14,-4.9281846113064683e-17
596.91,-3.610170515655296e-14,-5.002075125115683e-17
596.92,-3.6097802074557614e-14,-4.95612305739987e-17
596.93,-3.6095177600430796e-14,-4.954890417725599e-17
596.94,-3.6092199576696975e-14,-4.948194532317204e-17
596.95,-3.6088970192146186e-14,-4.9457978617129286e-17
596.96,-3.6086389348026096e-14,-4.9547341060605316e-17
596.97,-3.608229269319777e-14,-4.962886550743535e-17
596.98,-3.608016210584137e-14,-4.951026880536322e-17
596.99,-3.607650276790864e-14,-4.944850033896497e-17
597.0,-3.607430913501015e-14,-4.9450842831152995e-17
597.01,-3.607191457092603e-14,-4.9573875854602745e-17
597.02,-3.6068592739188996e-14,-4.9477847601805585e-17
597.03,-3.606592006260008e-14,-4.9468024954139785e-17
597.04,-3.606235566768914e-14,-4.947165429398689e-17
597.05,-3.6060591819236424e-14,-4.947217271009759e-17
597.06,-3.60571574312334e-14,-4.949429331523501e-17
597.07,-3.605355263482928e-14,-4.949606739838817e-17
597.08,-3.605208817841466e-14,-4.9519769498894925e-17
597.09,-3.604814450005683e-14,-4.9650649482372977e-17
597.1,-3.604501563985187e-14,-4.943465691547166e-17
597.11,-3.604212405863552e-14,-4.949540372756357e-17
597.12,-3.603898820830354e-14,-4.9517018560508383e-17
597.13,-3.603626794572703e-14,-4.945151176803876e-17
597.14,-3.6033567926031934e-14,-4.952705678656956e-17
597.15,-3.6029670323335406e-14,-4.93509225727021e-17
597.16,-3.6027529975199906e-14,-4.947157082993562e-17
597.17,-3.602661585293317e-14,-5.1013520481531e-17
597.18,-3.602156635641928e-14,-4.948513320146542e-17
597.19,-3.601859491929217e-14,-4.942152108462694e-17
597.2,-3.601563474210701e-14,-4.9377905617503574e-17
597.21,-3.60125026285957e-14,-4.936620361693656e-17
597.22,-3.6009946996123575e-14,-4.944491042483502e-17
597.23,-3.600676201790448e-14,-4.9402653609455144e-17
597.24,-3.6004158241402683e-14,-4.940893907304788e-17
597.25,-3.6000683003513664e-14,-4.934018794225767e-17
597.26,-3.600279652045494e-14,-4.9610598793730643e-17
597.27,-3.599501456276694e-14,-4.939404631474124e-17
597.28,-3.5992045213681364e-14,-4.935871710474417e-17
597.29,-3.598903640154898e-14,-4.9364357894919584e-17
597.3,-3.598646586484882e-14,-4.943302770505027e-17
597.31,-3.5983378282020815e-14,-4.942207004686764e-17
597.32,-3.598017353808589e-14,-4.939076407020644e-17
597.33,-3.597708027904661e-14,-4.929019383633665e-17
597.34,-3.5974265540397266e-14,-4.9329157943912304e-17
597.35,-3.596993253908828e-14,-4.744599035120376e-17
597.36,-3.5968901278970403e-14,-4.93548394644624e-17
597.37,-3.596582754644902e-14,-4.9393411742951114e-17
597.38,-3.596265545203815e-14,-4.930491915192135e-17
597.39,-3.595947133166134e-14,-4.9149566590351504e-17
597.4,-3.595702199780212e-14,-4.933633443675659e-17
597.41,-3.5954055497617905e-14,-4.92970006679596e-17
597.42,-3.5951658567613983e-14,-4.937003605332196e-17
597.43,-3.594869249067584e-14,-4.936658628681199e-17
597.44,-3.594317664367087e-14,-4.916522891779318e-17
597.45,-3.5941805577968604e-14,-4.917265559294138e-17
597.46,-3.59392469667381e-14,-4.930670076887074e-17
597.47,-3.5936065710693496e-14,-4.93129290649498e-17
597.48,-3.593343075699513e-14,-4.9297505155183516e-17
597.49,-3.593037272089309e-14,-4.921202846116129e-17
597.5,-3.592757762923534e-14,-4.9285441609807936e-17
597.51,-3.5924128112468336e-14,-4.9243834955999896e-17
597.52,-3.592163569779161e-14,-4.9280515135179867e-17
597.53,-3.591943568420519e-14,-4.912372817881761e-17
597.54,-3.5915711478216425e-14,-4.9228589528719823e-17
597.55,-3.5912927440872775e-14,-4.930412249898243e-17
597.56,-3.5909660534791394e-14,-4.9197872413429465e-17
597.57,-3.590686200823466e-14,-4.9143216173800106e-17
597.58,-3.590392467190953e-14,-4.912334823580621e-17
597.59,-3.590074638347124e-14,-4.915106380530864e-17
597.6,-3.589847352387158e-14,-4.9193305968846393e-17
597.61,-3.589236145757533e-14,-4.894906793580388e-17
597.62,-3.5892681233650726e-14,-4.875062746413354e-17
597.63,-3.588946776822315e-14,-4.9402866203018545e-17
597.64,-3.5886246473084006e-14,-4.9073996422743495e-17
597.65,-3.5883897200886174e-14,-4.9202959409221045e-17
597.66,-3.588067033862271e-14,-4.9205710634077735e-17
597.67,-3.5877684775842146e-14,-4.907899559647771e-17
597.68,-3.5874811676504596e-14,-4.913385665271691e-17
597.69,-3.5871556000145144e-14,-4.911766803742307e-17
597.7,-3.586963462573205e-14,-4.927168382008764e-17
597.71,-3.5866215916670536e-14,-4.9197549976403593e-17
597.72,-3.586299079146595e-14,-4.917582616434362e-17
597.73,-3.585994874711333e-14,-4.9139840808497625e-17
597.74,-3.585720387384059e-14,-4.908702803907981e-17
597.75,-3.585429651943856e-14,-4.9105161252496265e-17
597.76,-3.585161605369668e-14,-4.921184756480865e-17
597.77,-3.584835104822799e-14,-4.910842462870648e-17
597.78,-3.5845265796149596e-14,-4.902478053357756e-17
597.79,-3.58430422455422e-14,-4.915244031358153e-17
597.8,-3.5839834623348326e-14,-4.9101435493788586e-17
597.81,-3.5836659786469625e-14,-4.9092554617715456e-17
597.82,-3.583342367415963e-14,-4.9026467640721335e-17
597.83,-3.583065734083801e-14,-4.913334873818575e-17
597.84,-3.582797964263501e-14,-4.91458720351017e-17
597.85,-3.582498895816807e-14,-4.909277936776326e-17
597.86,-3.5821735087811606e-14,-4.901900684442473e-17
597.87,-3.58193000732858e-14,-4.90833021763029e-17
597.88,-3.5816735655914537e-14,-4.9258212357739135e-17
597.89,-3.581361442667548e-14,-4.923792843455032e-17
597.9,-3.581034290476801e-14,-4.9047292885389094e-17
597.91,-3.580696822582194e-14,-4.904540966257373e-17
597.92,-3.5804228119221e-14,-4.908072637735126e-17
597.93,-3.580166310405972e-14,-4.9034490857957864e-17
597.94,-3.579896087041762e-14,-4.9025001383629215e-17
597.95,-3.579581479275653e-14,-4.89629155685389e-17
597.96,-3.5792893112037637e-14,-4.9005682486470993e-17
597.97,-3.5789724436647155e-14,-4.9028704136124836e-17
597.98,-3.578707538752706e-14,-4.907966690332467e-17
597.99,-3.578388210322518e-14,-4.890957929092455e-17
598.0,-3.5781034354014164e-14,-4.898718557649446e-17
598.01,-3.5777912321474315e-14,-4.896081038112397e-17
598.02,-3.5775331190156443e-14,-4.899367313779783e-17
598.03,-3.5771437953380026e-14,-4.8757948685092206e-17
598.04,-3.576938172274695e-14,-4.9010468184192636e-17
598.05,-3.576675638851095e-14,-4.907623957818294e-17
598.06,-3.576391784603763e-14,-4.901089008500923e-17
598.07,-3.5760501311401336e-14,-4.89588058861223e-17
598.08,-3.575772719845057e-14,-4.892462187607973e-17
598.09,-3.575523200061509e-14,-4.903407322068857e-17
598.1,-3.5752092229134774e-14,-4.8903816748501526e-17
598.11,-3.574903064414738e-14,-4.8882122671279136e-17
598.12,-3.5745633920584574e-14,-4.884370603435101e-17
598.13,-3.574312908254464e-14,-4.8805337585558793e-17
598.14,-3.5740499923128003e-14,-4.8981234994593593e-17
598.15,-3.5737315288726056e-14,-4.894780391465477e-17
598.16,-3.5734307097076444e-14,-4.8762696184007783e-17
598.17,-3.5731617351219816e-14,-4.890050422159727e-17
598.18,-3.5729201657391715e-14,-4.888696321493461e-17
598.19,-3.572581186855324e-14,-4.897930101495562e-17
598.2,-3.57229926978062e-14,-4.888041208648507e-17
598.21,-3.571929559705042e-14,-4.881342678617761e-17
598.22,-3.571668190639597e-14,-4.881230193791276e-17
598.23,-3.5714041204177446e-14,-4.8873644750880324e-17
598.24,-3.571129550893555e-14,-4.8879352203751427e-17
598.25,-3.570817868555795e-14,-4.885583459331001e-17
598.26,-3.5705357772133365e-14,-4.894378831951348e-17
598.27,-3.570231540358305e-14,-4.8858900243046505e-17
598.28,-3.56996905000209e-14,-4.887171915766904e-17
598.29,-3.569661036734756e-14,-4.883555868351795e-17
598.3,-3.5694858250364155e-14,-4.943436968695641e-17
598.31,-3.569045655306765e-14,-4.8650458940793464e-17
598.32,-3.568768225164007e-14,-4.858912853457673e-17
598.33,-3.568521446672628e-14,-4.8867264519448196e-17
598.34,-3.5681716581099877e-14,-4.880477968903041e-17
598.35,-3.567940726465485e-14,-4.867618044979815e-17
598.36,-3.56764798485395e-14,-4.896562719699436e-17
598.37,-3.5673697161825984e-14,-4.8733988435225556e-17
598.38,-3.5670260456881495e-14,-4.877159389559964e-17
598.39,-3.5668192991925035e-14,-4.924039040111386e-17
598.4,-3.566569210928581e-14,-4.928554704069544e-17
598.41,-3.5661581211011926e-14,-4.8840981782975614e-17
598.42,-3.565892579542006e-14,-4.887086607669383e-17
598.43,-3.565576901766385e-14,-4.877099599883401e-17
598.44,-3.5653112523589355e-14,-4.879171267480512e-17
598.45,-3.5650320707728906e-14,-4.8791855354249834e-17
598.46,-3.564717611919414e-14,-4.871372176633375e-17
598.47,-3.564415452552598e-14,-4.874973941378973e-17
598.48,-3.5642961897880104e-14,-4.888837649025525e-17
598.49,-3.5638793565946424e-14,-4.8712037022107907e-17
598.5,-3.563538417774879e-14,-4.879098633152696e-17
598.51,-3.5632556942088265e-14,-4.87209730525047e-17
598.52,-3.562984374712956e-14,-4.872821402930494e-17
598.53,-3.562701738747899e-14,-4.8701461579937736e-17
598.54,-3.562423202855127e-14,-4.868674255991629e-17
598.55,-3.562103002842418e-14,-4.872794832100369e-17
598.56,-3.561810090720418e-14,-4.866007057568184e-17
598.57,-3.561329359760381e-14,-5.0198459832737293e-17
598.58,-3.561212510602614e-14,-4.859198927554845e-17
598.59,-3.560910807719092e-14,-4.864405994760735e-17
598.6,-3.560651984574956e-14,-4.860690310632785e-17
598.61,-3.5603537862721575e-14,-4.8724601158594924e-17
598.62,-3.5600831438872885e-14,-4.8715026753503657e-17
598.63,-3.559760832881141e-14,-4.8741957204110924e-17
598.64,-3.559488160297343e-14,-4.8619574682482116e-17
598.65,-3.559202729863123e-14,-4.8558113267780294e-17
598.66,-3.5588137603174045e-14,-4.7727387073561014e-17
598.67,-3.558620454611808e-14,-4.8796104032547424e-17
598.68,-3.5583492387649885e-14,-4.868936454763707e-17
598.69,-3.558038967364657e-14,-4.866588658355801e-17
598.7,-3.5577777456615097e-14,-4.872030975701391e-17
598.71,-3.557457919006295e-14,-4.869078443434903e-17
598.72,-3.557179155701412e-14,-4.8716744111815874e-17
598.73,-3.556886362327191e-14,-4.863207055462097e-17
598.74,-3.556593301184727e-14,-4.857371186660723e-17
598.75,-3.5562511661078494e-14,-4.8905442424715975e-17
598.76,-3.5560258975605763e-14,-4.8658467614667376e-17
598.77,-3.555712023624448e-14,-4.8669524944910845e-17
598.78,-3.5554756080771966e-14,-4.873261660427555e-17
598.79,-3.5551571233088454e-14,-4.8630409001180327e-17
598.8,-3.5548585768661686e-14,-4.8656446604911914e-17
598.81,-3.554564418761775e-14,-4.8581359875817887e-17
598.82,-3.554278445034575e-14,-4.858834460336098e-17
598.83,-3.553979413837659e-14,-4.8646448110258924e-17
598.84,-3.553519700142347e-14,-4.8805790829053e-17
598.85,-3.553394644917121e-14,-4.844312541109134e-17
598.86,-3.55316006201763e-14,-4.867592039882151e-17
598.87,-3.552811945755782e-14,-4.8394078618235714e-17
598.88,-3.552545353683964e-14,-4.869305529274178e-17
598.89,-3.552253582674387e-14,-4.8421404848479615e-17
598.9,-3.5519488449639754e-14,-4.8525081054338757e-17
598.91,-3.5516882747449636e-14,-4.862147936159546e-17
598.92,-3.551367940985519e-14,-4.858278678822335e-17
598.93,-3.551055724598016e-14,-4.822642044434596e-17
598.94,-3.5507805134643526e-14,-4.8518980915405783e-17
598.95,-3.5505124167265193e-14,-4.838478929398932e-17
598.96,-3.550230568687136e-14,-4.862467643602814e-17
598.97,-3.54989637439822e-14,-4.833568795180706e-17
598.98,-3.5496722167924073e-14,-4.842574273806996e-17
598.99,-3.549359711065244e-14,-4.8483249537790613e-17
599.0,-3.549073130493864e-14,-4.85037650389826e-17
599.01,-3.5488514402795715e-14,-4.9031994584619587e-17
599.02,-3.54849597409172e-14,-4.859123549103697e-17
599.03,-3.548236608831788e-14,-4.847893327919765e-17
599.04,-3.5478804448620304e-14,-4.832428838386867e-17
599.05,-3.547626119283709e-14,-4.84420343060739e-17
599.06,-3.547341077535274e-14,-4.849451708775261e-17
599.07,-3.547127067689367e-14,-4.8234400965089806e-17
599.08,-3.5467594855054473e-14,-4.8503180357363906e-17
599.09,-3.546443663334066e-14,-4.84543078296563e-17
599.1,-3.546197486568022e-14,-4.855812209964437e-17
599.11,-3.545959550472113e-14,-4.8463551330067026e-17
599.12,-3.5455794444242615e-14,-4.824980219414837e-17
599.13,-3.545438874691426e-14,-4.832678801638537e-17
599.14,-3.545028925234055e-14,-4.839442172929596e-17
599.15,-3.544735743581206e-14,-4.843171274504276e-17
599.16,-3.5443938964109987e-14,-4.845664880247302e-17
599.17,-3.544155066754754e-14,-4.8407260258566265e-17
599.18,-3.5438667482717814e-14,-4.8418746730501553e-17
599.19,-3.543603793330275e-14,-4.8412112890577307e-17
599.2,-3.5433565081940846e-14,-4.85902265476585e-17
599.21,-3.5430331206016595e-14,-4.834323321763092e-17
599.22,-3.542687417369772e-14,-4.817986950019191e-17
599.23,-3.5424344929615365e-14,-4.838955289500212e-17
599.24,-3.54212108743027e-14,-4.818409672475869e-17
599.25,-3.54183984538391e-14,-4.836794804473884e-17
599.26,-3.541585393237816e-14,-4.848165761601383e-17
599.27,-3.541275997592521e-14,-4.840194299837405e-17
599.28,-3.541003372483567e-14,-4.8537893521342435e-17
599.29,-3.54073454071011e-14,-4.835334949199631e-17
599.3,-3.540414194041306e-14,-4.8370343796742884e-17
599.31,-3.5401083825210644e-14,-4.828867706949893e-17
599.32,-3.5398537942392666e-14,-4.840001294914334e-17
599.33,-3.539592266254156e-14,-4.840770245057937e-17
599.34,-3.5392702504613224e-14,-4.8322674248017166e-17
599.35,-3.538950875297514e-14,-4.840771148103729e-17
599.36,-3.538685571926901e-14,-4.825122476408243e-17
599.37,-3.5383978800410876e-14,-4.833704541376473e-17
599.38,-3.538117512778485e-14,-4.841707928678182e-17
599.39,-3.537868842887552e-14,-4.873935323985158e-17
599.4,-3.537570168267276e-14,-4.8566551898587944e-17
599.41,-3.537245026248418e-14,-4.8260068474669425e-17
599.42,-3.5369570053495984e-14,-4.831579941468756e-17
599.43,-3.536663223041966e-14,-4.812189791299373e-17
599.44,-3.536364616120299e-14,-4.8248415829051245e-17
599.45,-3.536205456553533e-14,-4.8799306555771295e-17
599.46,-3.5358093004922886e-14,-4.823338127513137e-17
599.47,-3.535523193613411e-14,-4.8152832216691717e-17
599.48,-3.5352532277563234e-14,-4.828785952484255e-17
599.49,-3.534942346147224e-14,-4.8621912989125404e-17
599.5,-3.534661952334326e-14,-4.826366142056454e-17
599.51,-3.534346330050142e-14,-4.815448346319718e-17
599.52,-3.5340963749105504e-14,-4.823471973974758e-17
599.53,-3.5337985527411835e-14,-4.827890239755196e-17
599.54,-3.5335036629294843e-14,-4.8185665194688564e-17
599.55,-3.533208977633229e-14,-4.8214575183824067e-17
599.56,-3.5329543777930934e-14,-4.82571235353692e-17
599.57,-3.5326739720813643e-14,-4.8233382877112975e-17
599.58,-3.5321851447084535e-14,-4.707915113022322e-17
599.59,-3.532068738181517e-14,-4.8285934426108236e-17
599.6,-3.531777998135194e-14,-4.8232121999960544e-17
599.61,-3.5314982042579906e-14,-4.819394018014932e-17
599.62,-3.531248968037806e-14,-4.832505329733722e-17
599.63,-3.530907512206159e-14,-4.821705029371953e-17
599.64,-3.5306177424652424e-14,-4.8278407718112696e-17
599.65,-3.530364605398023e-14,-4.817924554385848e-17
599.66,-3.530065004465049e-14,-4.811254434715882e-17
599.67,-3.529727841805632e-14,-4.7592176724020154e-17
599.68,-3.529458191036582e-14,-4.8211134417690025e-17
599.69,-3.529209518751751e-14,-4.8163677397821787e-17
599.7,-3.5289176454173045e-14,-4.8177522713782165e-17
599.71,-3.52861946911863e-14,-4.818222652731696e-17
599.72,-3.528344896957719e-14,-4.8304487680918324e-17
599.73,-3.528047150166658e-14,-4.822530950851164e-17
599.74,-3.5277724076226804e-14,-4.823519989840218e-17
599.75,-3.5274864955632505e-14,-4.810727406122477e-17
599.76,-3.527202689452658e-14,-4.806174258454086e-17
599.77,-3.52691279578779e-14,-4.815810563470814e-17
599.78,-3.5266459459215337e-14,-4.832693396351184e-17
599.79,-3.526331950065859e-14,-4.8129488003693936e-17
599.8,-3.5260325295153814e-14,-4.811586462778043e-17
599.81,-3.5257582452943875e-14,-4.810350875601117e-17
599.82,-3.5254431056086065e-14,-4.803027450698339e-17
599.83,-3.5251315146248076e-14,-4.797418023013848e-17
599.84,-3.5249013064795876e-14,-4.8137115730396975e-17
599.85,-3.5246188326640864e-14,-4.834969892505366e-17
599.86,-3.524308382673667e-14,-4.8011310848670134e-17
599.87,-3.52406824759624e-14,-4.815195080643889e-17
599.88,-3.5237219866384405e-14,-4.7892780636437403e-17
599.89,-3.523472193571117e-14,-4.803159784594955e-17
599.9,-3.523186026910464e-14,-4.810353852619676e-17
599.91,-3.522895925557796e-14,-4.813450836265903e-17
599.92,-3.522569919620362e-14,-4.819956604405845e-17
599.93,-3.5223133566806044e-14,-4.8031870425124035e-17
599.94,-3.522041597845813e-14,-4.8104715168422016e-17
599.95,-3.5217592602705993e-14,-4.815258925874097e-17
599.96,-3.5214633107889844e-14,-4.8025344458192625e-17
599.97,-3.521166495387258e-14,-4.803168525337561e-17
599.98,-3.520886984369056e-14,-4.7994433610554347e-17
599.99,-3.520603155760503e-14,-4.801632110034708e-17
600.0,-3.5203273332980525e-14,-4.800036659336718e-17
