t/M,Re(Psi_4),Im(Psi_4)
-100.0,-9.709843181808358e-11,-3.7898262770542265e-13
-99.99,-9.715216274892862e-11,-3.792342815392298e-13
-99.98,-9.720592920604833e-11,-3.7948613162136524e-13
-99.97,-9.725973083187084e-11,-3.7973826777157753e-13
-99.96,-9.731356803871982e-11,-3.799904992622225e-13
-99.95,-9.736744066718189e-11,-3.8024307392533023e-13
-99.94,-9.742134884726716e-11,-3.804956438175641e-13
-99.93,-9.747529234436569e-11,-3.8074844651943485e-13
-99.92,-9.752927147035411e-11,-3.810015021802751e-13
-99.91,-9.758328618949689e-11,-3.8125477714884125e-13
-99.9,-9.763733647796008e-11,-3.815081192689417e-13
-99.89,-9.769142236580507e-11,-3.8176178205101795e-13
-99.88,-9.774554389209031e-11,-3.8201559403975535e-13
-99.87,-9.779970103220015e-11,-3.822696336537951e-13
-99.86,-9.785389399147398e-11,-3.8252385179286195e-13
-99.85,-9.79081226686368e-11,-3.8277821147976e-13
-99.84,-9.796238823164146e-11,-3.830323859463182e-13
-99.83,-9.801668693635229e-11,-3.8328771972503483e-13
-99.82,-9.807102300527984e-11,-3.8354262998362506e-13
-99.81,-9.812539475098831e-11,-3.837978169109369e-13
-99.8,-9.81798025056587e-11,-3.840532047648031e-13
-99.79,-9.8234245935123e-11,-3.843087747578375e-13
-99.78,-9.828872552033604e-11,-3.845645653188641e-13
-99.77,-9.834324082153813e-11,-3.8482045702430965e-13
-99.76,-9.839779213692443e-11,-3.850766963498861e-13
-99.75,-9.845237926269968e-11,-3.8533312178092766e-13
-99.74,-9.85070028465667e-11,-3.8558962065263563e-13
-99.73,-9.856166216239822e-11,-3.85846389893553e-13
-99.72,-9.861635773629377e-11,-3.861033352424308e-13
-99.71,-9.867108933265133e-11,-3.8636051612311957e-13
-99.7,-9.872585703466895e-11,-3.8661787637351786e-13
-99.69,-9.878066093728054e-11,-3.868754523692678e-13
-99.68,-9.883550108095663e-11,-3.871332048464342e-13
-99.67,-9.889037729784601e-11,-3.8739120381565816e-13
-99.66,-9.894528974612328e-11,-3.8764936806302414e-13
-99.65,-9.900023853897765e-11,-3.8790772828401034e-13
-99.64,-9.905522373553568e-11,-3.88166203870198e-13
-99.63,-9.911024540938386e-11,-3.8842494243095803e-13
-99.62,-9.916530299127994e-11,-3.8868392053606586e-13
-99.61,-9.922039720746692e-11,-3.8894304913705165e-13
-99.6,-9.927552746453274e-11,-3.8920255058348243e-13
-99.59,-9.933069487904932e-11,-3.894619716560965e-13
-99.58,-9.938589832807916e-11,-3.8972173369946493e-13
-99.57,-9.944113827593062e-11,-3.899817024204612e-13
-99.56,-9.949641484599413e-11,-3.902418209250021e-13
-99.55,-9.955172779919083e-11,-3.905022305694222e-13
-99.54,-9.960707745273113e-11,-3.9076272218660046e-13
-99.53,-9.966246374790577e-11,-3.910235394627038e-13
-99.52,-9.971788660058273e-11,-3.9128448166260746e-13
-99.51,-9.977334617601291e-11,-3.9154566042702995e-13
-99.5,-9.982884241432537e-11,-3.91806998942035e-13
-99.49,-9.988437533347664e-11,-3.92068588251913e-13
-99.48,-9.99399452637248e-11,-3.9233033911922493e-13
-99.47,-9.999555154704031e-11,-3.9259230317916994e-13
-99.46,-1.0005119483672348e-10,-3.9285449159555696e-13
-99.45,-1.0010687489454412e-10,-3.9311685103546377e-13
-99.44,-1.0016259175560284e-10,-3.9337939963184393e-13
-99.43,-1.0021834576619093e-10,-3.9364220566620495e-13
-99.42,-1.0027413654210027e-10,-3.939051626591774e-13
-99.41,-1.0032996416267617e-10,-3.941683683460508e-13
-99.4,-1.0038582894295736e-10,-3.944317861401387e-13
-99.39,-1.004417305668831e-10,-3.9469535837395593e-13
-99.38,-1.0049766916905295e-10,-3.94959137027679e-13
-99.37,-1.0055364484766004e-10,-3.952232468153782e-13
-99.36,-1.0060965803372296e-10,-3.9548736007816254e-13
-99.35,-1.0066570787951488e-10,-3.957517845572941e-13
-99.34,-1.0072179508027869e-10,-3.960163961520858e-13
-99.33,-1.0077791927720776e-10,-3.962812052931515e-13
-99.32,-1.008340808152516e-10,-3.96546225629277e-13
-99.31,-1.0089027950840935e-10,-3.968114625448541e-13
-99.3,-1.009465155091059e-10,-3.970769113932697e-13
-99.29,-1.0100278874101876e-10,-3.973425428526192e-13
-99.28,-1.0105909923107407e-10,-3.9760850061302495e-13
-99.27,-1.0111544726158187e-10,-3.97874435639261e-13
-99.26,-1.0117183258711264e-10,-3.981407009031925e-13
-99.25,-1.0122825524726126e-10,-3.9840719641463917e-13
-99.24,-1.0128471537336371e-10,-3.9867383628445885e-13
-99.23,-1.0134121295878811e-10,-3.9894068099620576e-13
-99.22,-1.0139774803115262e-10,-3.992078025732603e-13
-99.21,-1.0145432071731842e-10,-3.994750533237817e-13
-99.2,-1.0151093070747159e-10,-3.9974258653605777e-13
-99.19,-1.0156757846610355e-10,-4.000102825535981e-13
-99.18,-1.0162426376907064e-10,-4.0027819912895267e-13
-99.17,-1.016809867472604e-10,-4.0054629423297404e-13
-99.16,-1.0173774721701969e-10,-4.008146752016785e-13
-99.15,-1.0179454558276532e-10,-4.0108318754784997e-13
-99.14,-1.0185138154476735e-10,-4.0135193391219155e-13
-99.13,-1.0190825522932965e-10,-4.016209033472298e-13
-99.12,-1.0196516677558613e-10,-4.018900612559313e-13
-99.11,-1.0202211606188271e-10,-4.021594277797426e-13
-99.1,-1.0207910333145847e-10,-4.0242890656041937e-13
-99.09,-1.0213612832755353e-10,-4.026987638875667e-13
-99.08,-1.021931911857761e-10,-4.0296878244294313e-13
-99.07,-1.0225029206876972e-10,-4.032389879578366e-13
-99.06,-1.023074308142026e-10,-4.0350942747027436e-13
-99.05,-1.0236460757451081e-10,-4.0378003169094693e-13
-99.04,-1.0242182239416084e-10,-4.040508739181281e-13
-99.03,-1.0247907508276699e-10,-4.0432195136773244e-13
-99.02,-1.0253636604434581e-10,-4.045932196189914e-13
-99.01,-1.0259369486776105e-10,-4.0486482271148726e-13
-99.0,-1.026510619869117e-10,-4.0513639844372503e-13
-98.99,-1.0270846733658743e-10,-4.0540823762809776e-13
-98.98,-1.0276591084217006e-10,-4.0568029259674843e-13
-98.97,-1.0282339247797354e-10,-4.059526433321755e-13
-98.96,-1.028809122862547e-10,-4.062251832160885e-13
-98.95,-1.029384704694177e-10,-4.0649789868186794e-13
-98.94,-1.0299606710145309e-10,-4.067708840777824e-13
-98.93,-1.0305370183066257e-10,-4.0704401849432096e-13
-98.92,-1.0311137505568322e-10,-4.0731739425359945e-13
-98.91,-1.0316908646533899e-10,-4.0759097017307406e-13
-98.9,-1.0322683670482986e-10,-4.078647013833639e-13
-98.89,-1.0328462493016986e-10,-4.081388109798021e-13
-98.88,-1.0334245184876178e-10,-4.0841303145457777e-13
-98.87,-1.0340031728858674e-10,-4.0868741718491473e-13
-98.86,-1.0345822115949164e-10,-4.089621456320922e-13
-98.85,-1.0351616367726587e-10,-4.0923698361234327e-13
-98.84,-1.0357414475767354e-10,-4.0951207154420033e-13
-98.83,-1.0363216458033258e-10,-4.097873282173874e-13
-98.82,-1.0369022288830428e-10,-4.100629457676338e-13
-98.81,-1.037483201829325e-10,-4.1033859425048844e-13
-98.8,-1.0380645593471667e-10,-4.106145329976683e-13
-98.79,-1.0386463048489008e-10,-4.1089067316443444e-13
-98.78,-1.0392284388668144e-10,-4.1116705014639786e-13
-98.77,-1.0398109596329099e-10,-4.114436193856211e-13
-98.76,-1.0403938697293243e-10,-4.117204324725467e-13
-98.75,-1.0409771665663328e-10,-4.1199747972984224e-13
-98.74,-1.0415608554277405e-10,-4.1227464627866536e-13
-98.73,-1.0421449318528729e-10,-4.1255209602614547e-13
-98.72,-1.04272940041078e-10,-4.1282974869043973e-13
-98.71,-1.0433142546142244e-10,-4.13107615829641e-13
-98.7,-1.0438995013853521e-10,-4.133857339688953e-13
-98.69,-1.0444851382441334e-10,-4.13664029140566e-13
-98.68,-1.0450711654933011e-10,-4.139425629907031e-13
-98.67,-1.0456575849399354e-10,-4.142213484144739e-13
-98.66,-1.0462443950140257e-10,-4.1450028445292347e-13
-98.65,-1.0468315971813307e-10,-4.1477944645599107e-13
-98.64,-1.0474191908332731e-10,-4.150588124979932e-13
-98.63,-1.048007172224147e-10,-4.153386119659898e-13
-98.62,-1.0485955553124777e-10,-4.156182818218495e-13
-98.61,-1.049184326764099e-10,-4.158983913409003e-13
-98.6,-1.0497734917800256e-10,-4.1617861849709656e-13
-98.59,-1.0503630498104143e-10,-4.164591152634239e-13
-98.58,-1.0509530031016438e-10,-4.167398212958222e-13
-98.57,-1.0515433481252927e-10,-4.170207607901668e-13
-98.56,-1.0521340892808705e-10,-4.1730188020286167e-13
-98.55,-1.05272522426939e-10,-4.1758327343430477e-13
-98.54,-1.0533167561668635e-10,-4.178648720323536e-13
-98.53,-1.0539086831415537e-10,-4.181465540252658e-13
-98.52,-1.0545010014292081e-10,-4.1842870047852825e-13
-98.51,-1.0550937196107915e-10,-4.187108944049493e-13
-98.5,-1.0556868335128967e-10,-4.189933447130852e-13
-98.49,-1.0562803427893628e-10,-4.1927604247140333e-13
-98.48,-1.0568742496035741e-10,-4.195589612064898e-13
-98.47,-1.0574685549044155e-10,-4.198420494122257e-13
-98.46,-1.0580632579932779e-10,-4.2012544044491266e-13
-98.45,-1.0586583537604336e-10,-4.204090809238385e-13
-98.44,-1.059253852614367e-10,-4.206927737711922e-13
-98.43,-1.0598497483381705e-10,-4.2097683963246903e-13
-98.42,-1.0604460429496575e-10,-4.2126105100800905e-13
-98.41,-1.0610427361846762e-10,-4.2154550696448017e-13
-98.4,-1.061639830105164e-10,-4.2183019357771433e-13
-98.39,-1.0622373226688749e-10,-4.221150705409576e-13
-98.38,-1.0628352155826297e-10,-4.2240017481907065e-13
-98.37,-1.0634335083216976e-10,-4.226855351173059e-13
-98.36,-1.0640322013069655e-10,-4.2297104707698183e-13
-98.35,-1.0646312939487207e-10,-4.2325691330997344e-13
-98.34,-1.0652307880588136e-10,-4.235428776758751e-13
-98.33,-1.06583068848031e-10,-4.2382916080711787e-13
-98.32,-1.0664309874051709e-10,-4.241156283403733e-13
-98.31,-1.0670316883595638e-10,-4.2440231997433713e-13
-98.3,-1.0676327906070712e-10,-4.246892432959522e-13
-98.29,-1.0682342984193411e-10,-4.249763680581501e-13
-98.28,-1.0688362068871142e-10,-4.25263728149237e-13
-98.27,-1.0694385195436204e-10,-4.2555133559091577e-13
-98.26,-1.0700412357572065e-10,-4.2583912523812253e-13
-98.25,-1.0706443599186486e-10,-4.2612697603066315e-13
-98.24,-1.0712478822846413e-10,-4.264153952473784e-13
-98.23,-1.0718518108250754e-10,-4.2670392375097145e-13
-98.22,-1.0724561439137112e-10,-4.2699264435359183e-13
-98.21,-1.0730608835299004e-10,-4.2728159291065183e-13
-98.2,-1.0736660286508422e-10,-4.2757069500131935e-13
-98.19,-1.0742715794908278e-10,-4.2786006589797924e-13
-98.18,-1.0748775364961555e-10,-4.281497417778679e-13
-98.17,-1.0754839001364756e-10,-4.284395395945494e-13
-98.16,-1.076090669415341e-10,-4.2872971103553763e-13
-98.15,-1.0766978486581568e-10,-4.2901994830042273e-13
-98.14,-1.0773054339794173e-10,-4.2931045624420845e-13
-98.13,-1.0779134265020316e-10,-4.2960117763275456e-13
-98.12,-1.0785218271657536e-10,-4.2989225104936457e-13
-98.11,-1.0791306363653972e-10,-4.3018340718045474e-13
-98.1,-1.0797398543653371e-10,-4.304748766911123e-13
-98.09,-1.0803494823354863e-10,-4.3076659216520595e-13
-98.08,-1.0809595189116923e-10,-4.3105846493139533e-13
-98.07,-1.0815699641574655e-10,-4.313505910652965e-13
-98.06,-1.0821808212472382e-10,-4.316428548361386e-13
-98.05,-1.0827920877204345e-10,-4.3193550612950447e-13
-98.04,-1.0834037646882472e-10,-4.322283563056792e-13
-98.03,-1.0840158526068853e-10,-4.3252132746089293e-13
-98.02,-1.084628352584423e-10,-4.3281464507198917e-13
-98.01,-1.0852412612773859e-10,-4.3310819420441536e-13
-98.0,-1.0858545863342619e-10,-4.334018510454037e-13
-97.99,-1.0864683208287366e-10,-4.336958908826875e-13
-97.98,-1.0870824690842181e-10,-4.339899733819144e-13
-97.97,-1.0876970306402447e-10,-4.3428443963294285e-13
-97.96,-1.0883120021256118e-10,-4.345791557131702e-13
-97.95,-1.0889273906110031e-10,-4.3487399721215075e-13
-97.94,-1.0895431910140177e-10,-4.3516913658558653e-13
-97.93,-1.0901594073550284e-10,-4.354644542282483e-13
-97.92,-1.0907760375601407e-10,-4.3576008708799837e-13
-97.91,-1.0913930821756149e-10,-4.3605591559219765e-13
-97.9,-1.0920105420931566e-10,-4.363519745520581e-13
-97.89,-1.09262841724628e-10,-4.36648213300481e-13
-97.88,-1.093246707172379e-10,-4.3694470563696187e-13
-97.87,-1.093865410106735e-10,-4.372415498153348e-13
-97.86,-1.0944845386218942e-10,-4.37538440985192e-13
-97.85,-1.0951040791224085e-10,-4.3783568423582354e-13
-97.84,-1.0957240363926985e-10,-4.3813312207254885e-13
-97.83,-1.0963444109775443e-10,-4.384308593271968e-13
-97.82,-1.096965204164533e-10,-4.387287916628915e-13
-97.81,-1.0975864149267822e-10,-4.390269575924434e-13
-97.8,-1.0982080435976313e-10,-4.3932521215622933e-13
-97.79,-1.0988300911144453e-10,-4.3962393190078727e-13
-97.78,-1.0994525575228454e-10,-4.3992278155109717e-13
-97.77,-1.100075444426802e-10,-4.402218119706412e-13
-97.76,-1.1006987498092215e-10,-4.405211610934467e-13
-97.75,-1.1013224737201632e-10,-4.4082076599560455e-13
-97.74,-1.1019466219704865e-10,-4.4112051798572403e-13
-97.73,-1.1025711871718378e-10,-4.414205923997792e-13
-97.72,-1.1031961771767726e-10,-4.4172085766078496e-13
-97.71,-1.1038215861184543e-10,-4.42021306259314e-13
-97.7,-1.1044474166595162e-10,-4.423220863872828e-13
-97.69,-1.1050736691799209e-10,-4.426229962674556e-13
-97.68,-1.1057003446098538e-10,-4.4292423695499493e-13
-97.67,-1.1063274428590467e-10,-4.4322574115503025e-13
-97.66,-1.1069549630760999e-10,-4.435274437178806e-13
-97.65,-1.1075829071571166e-10,-4.438293972118962e-13
-97.64,-1.1082112755917198e-10,-4.4413152725783363e-13
-97.63,-1.1088400668370979e-10,-4.444339156136996e-13
-97.62,-1.1094692832641365e-10,-4.447365144278579e-13
-97.61,-1.110098923223721e-10,-4.4503936518496034e-13
-97.6,-1.1107289897527107e-10,-4.453424963746652e-13
-97.59,-1.111359480111181e-10,-4.4564591074651295e-13
-97.58,-1.1119903968030003e-10,-4.459495418636279e-13
-97.57,-1.1126217392082288e-10,-4.462533236148006e-13
-97.56,-1.1132535083097583e-10,-4.4655741027421423e-13
-97.55,-1.1138857033274982e-10,-4.468617520540989e-13
-97.54,-1.114518325233727e-10,-4.471662896383843e-13
-97.53,-1.11515137571386e-10,-4.474710399415485e-13
-97.52,-1.115784851745215e-10,-4.4777613065735576e-13
-97.51,-1.116418760365947e-10,-4.4808134407897667e-13
-97.5,-1.1170530922327394e-10,-4.4838690855338216e-13
-97.49,-1.1176878534211061e-10,-4.486927016531404e-13
-97.48,-1.1183230443647085e-10,-4.4899871766775556e-13
-97.47,-1.1189586649904171e-10,-4.493048801420191e-13
-97.46,-1.1195947146635658e-10,-4.4961142093344223e-13
-97.45,-1.120231195194102e-10,-4.49918154970144e-13
-97.44,-1.1208681047727143e-10,-4.502251300578916e-13
-97.43,-1.1215054464438561e-10,-4.505323083801656e-13
-97.42,-1.1221432184738839e-10,-4.508398180934974e-13
-97.41,-1.1227814213780971e-10,-4.5114748633812745e-13
-97.4,-1.1234200572228651e-10,-4.514555366395657e-13
-97.39,-1.1240591236583395e-10,-4.517636125667022e-13
-97.38,-1.1246986226689109e-10,-4.520720327499675e-13
-97.37,-1.1253385550276219e-10,-4.5238069641202896e-13
-97.36,-1.125978920143654e-10,-4.526895500281977e-13
-97.35,-1.126619715638503e-10,-4.52998818401405e-13
-97.34,-1.1272609511848532e-10,-4.5330814983033125e-13
-97.33,-1.12790261646851e-10,-4.5361787257346646e-13
-97.32,-1.1285447173410946e-10,-4.539277287839527e-13
-97.31,-1.1291872530053143e-10,-4.542378766696802e-13
-97.3,-1.1298302217847986e-10,-4.545482183841081e-13
-97.29,-1.1304736274261932e-10,-4.548588433383773e-13
-97.28,-1.1311174674938398e-10,-4.551697846400448e-13
-97.27,-1.1317617457305361e-10,-4.554808816880489e-13
-97.26,-1.132406460201459e-10,-4.557921884875054e-13
-97.25,-1.1330516114011375e-10,-4.561038377457771e-13
-97.24,-1.1336971977127011e-10,-4.564157495536006e-13
-97.23,-1.1343432235224987e-10,-4.56727831836202e-13
-97.22,-1.1349896863619556e-10,-4.570401546976454e-13
-97.21,-1.1356365864681946e-10,-4.57352766304448e-13
-97.2,-1.1362839268591784e-10,-4.576656252156367e-13
-97.19,-1.1369317051026032e-10,-4.579786514338162e-13
-97.18,-1.1375799226868669e-10,-4.582920574585977e-13
-97.17,-1.138228580263384e-10,-4.586056253171728e-13
-97.16,-1.1388776763848565e-10,-4.589193901477334e-13
-97.15,-1.139527212577431e-10,-4.592335691316219e-13
-97.14,-1.140177191232651e-10,-4.595478760785567e-13
-97.13,-1.1408276079194291e-10,-4.598625331479222e-13
-97.12,-1.1414784688479859e-10,-4.601772768038667e-13
-97.11,-1.142129771455304e-10,-4.60492382349829e-13
-97.1,-1.1427815134429589e-10,-4.608077369109094e-13
-97.09,-1.143433698905557e-10,-4.611232905290399e-13
-97.08,-1.1440863267709601e-10,-4.614392145318706e-13
-97.07,-1.1447393986578969e-10,-4.617552614054879e-13
-97.06,-1.1453929129002146e-10,-4.620715415486783e-13
-97.05,-1.1460468709936837e-10,-4.623881581409108e-13
-97.04,-1.1467012744342058e-10,-4.627047901728732e-13
-97.03,-1.1473561197442166e-10,-4.630220624023189e-13
-97.02,-1.1480114116136548e-10,-4.633394212445643e-13
-97.01,-1.1486671463429048e-10,-4.636570361873791e-13
-97.0,-1.1493233293685799e-10,-4.639748223222931e-13
-96.99,-1.1499799552686847e-10,-4.642929086639675e-13
-96.98,-1.1506370297643514e-10,-4.646112894724166e-13
-96.97,-1.1512945490208674e-10,-4.649299120336625e-13
-96.96,-1.151952516273849e-10,-4.652487183205817e-13
-96.95,-1.1526109299130151e-10,-4.655678227707518e-13
-96.94,-1.153269791096177e-10,-4.658872375781958e-13
-96.93,-1.1539290976724314e-10,-4.662070963586899e-13
-96.92,-1.1545888589695559e-10,-4.665266998060173e-13
-96.91,-1.1552490650842184e-10,-4.668467786847601e-13
-96.9,-1.1559097203235189e-10,-4.671671089313835e-13
-96.89,-1.1565708241163948e-10,-4.67487814575766e-13
-96.88,-1.1572323784115229e-10,-4.678086854091478e-13
-96.87,-1.1578943825452525e-10,-4.681298368250401e-13
-96.86,-1.1585568367401774e-10,-4.684511994298583e-13
-96.85,-1.1592197420570954e-10,-4.687728439489026e-13
-96.84,-1.1598830962320527e-10,-4.690947731226137e-13
-96.83,-1.160546904775743e-10,-4.694169591694876e-13
-96.82,-1.1612111646109835e-10,-4.697393496229215e-13
-96.81,-1.1618758750336954e-10,-4.70062037015772e-13
-96.8,-1.1625410396619303e-10,-4.703849695431824e-13
-96.79,-1.1632066563923001e-10,-4.707081204310461e-13
-96.78,-1.1638727217555423e-10,-4.710316974454428e-13
-96.77,-1.1645392484660846e-10,-4.713553113715179e-13
-96.76,-1.165206226905985e-10,-4.716792652317972e-13
-96.75,-1.1658736580426084e-10,-4.720034440999853e-13
-96.74,-1.166541544904184e-10,-4.72327896023563e-13
-96.73,-1.1672098860207299e-10,-4.726526523935581e-13
-96.72,-1.1678786827637198e-10,-4.729776623787752e-13
-96.71,-1.1685479342546333e-10,-4.733028833780704e-13
-96.7,-1.169217642719735e-10,-4.736284026889743e-13
-96.69,-1.169887807226635e-10,-4.739541784374379e-13
-96.68,-1.1705584288460987e-10,-4.742802114572578e-13
-96.67,-1.171229507371798e-10,-4.746064667114498e-13
-96.66,-1.1719010434699518e-10,-4.74933017993241e-13
-96.65,-1.172573037689185e-10,-4.752598250568111e-13
-96.64,-1.1732454902022653e-10,-4.755869062671545e-13
-96.63,-1.1739184000710367e-10,-4.75914210982517e-13
-96.62,-1.1745917698162507e-10,-4.762418189310454e-13
-96.61,-1.1752655991306824e-10,-4.765696669888742e-13
-96.6,-1.175939887686422e-10,-4.768977652207109e-13
-96.59,-1.1766146362525536e-10,-4.77226159478394e-13
-96.58,-1.1772898455827365e-10,-4.775547515058317e-13
-96.57,-1.1779655162703638e-10,-4.778833939592272e-13
-96.56,-1.1786416482905394e-10,-4.78212762243515e-13
-96.55,-1.1793182393348115e-10,-4.785422505133968e-13
-96.54,-1.1799952921326085e-10,-4.788719254584488e-13
-96.53,-1.1806728091303903e-10,-4.792018840732157e-13
-96.52,-1.181350788709489e-10,-4.79532045725822e-13
-96.51,-1.1820292305349693e-10,-4.798625165353585e-13
-96.5,-1.182708134911936e-10,-4.801932659356629e-13
-96.49,-1.1833875052936948e-10,-4.805242175212715e-13
-96.48,-1.1840673389614036e-10,-4.808554791642366e-13
-96.47,-1.184747635682105e-10,-4.811870856084999e-13
-96.46,-1.1854283988790423e-10,-4.815187692453796e-13
-96.45,-1.1861096244166445e-10,-4.818508793775636e-13
-96.44,-1.1867913181044635e-10,-4.821832053288737e-13
-96.43,-1.187473476884965e-10,-4.825157739985197e-13
-96.42,-1.1881561007063933e-10,-4.828486621446942e-13
-96.41,-1.1888391927346325e-10,-4.83181756499427e-13
-96.4,-1.1895227513329622e-10,-4.835151640587111e-13
-96.39,-1.1902067779292542e-10,-4.838487741425473e-13
-96.38,-1.190891272841278e-10,-4.841826626441572e-13
-96.37,-1.1915762321195806e-10,-4.845169085858248e-13
-96.36,-1.1922616637896402e-10,-4.848513405496794e-13
-96.35,-1.19294756199748e-10,-4.851860856545222e-13
-96.34,-1.1936339303228939e-10,-4.855210066263199e-13
-96.33,-1.1943207686447486e-10,-4.858562645959355e-13
-96.32,-1.195008076788655e-10,-4.861918366530033e-13
-96.31,-1.1956958557740838e-10,-4.865275974508594e-13
-96.3,-1.1963841040437354e-10,-4.868636367877167e-13
-96.29,-1.1970728239150302e-10,-4.871999588589807e-13
-96.28,-1.1977620132070348e-10,-4.875364904077307e-13
-96.27,-1.1984516779672032e-10,-4.878734452775948e-13
-96.26,-1.199141812405378e-10,-4.882105851090993e-13
-96.25,-1.1998324209323805e-10,-4.885479292302502e-13
-96.24,-1.2005235021596426e-10,-4.888856042394511e-13
-96.23,-1.2012150565162006e-10,-4.892235428945421e-13
-96.22,-1.2019070844292538e-10,-4.895617496592334e-13
-96.21,-1.2025995863767632e-10,-4.89900235411302e-13
-96.2,-1.2032925627134688e-10,-4.902389994268886e-13
-96.19,-1.203986015434802e-10,-4.905780002135896e-13
-96.18,-1.2046799400062407e-10,-4.909173336483795e-13
-96.17,-1.2053743416919572e-10,-4.912568610881332e-13
-96.16,-1.2060692192760112e-10,-4.915967385554118e-13
-96.15,-1.2067645744525187e-10,-4.919368168430148e-13
-96.14,-1.2074604038148441e-10,-4.922772035028557e-13
-96.13,-1.2081567128796082e-10,-4.926178672329485e-13
-96.12,-1.2088534983301103e-10,-4.929587933342401e-13
-96.11,-1.2095507616478815e-10,-4.93300016268786e-13
-96.1,-1.210248504998907e-10,-4.936414193522064e-13
-96.09,-1.2109467219418628e-10,-4.939831651442103e-13
-96.08,-1.2116454225490873e-10,-4.943252484406123e-13
-96.07,-1.212344601796883e-10,-4.946675233855422e-13
-96.06,-1.2130442596398158e-10,-4.950100653574512e-13
-96.05,-1.2137443974179265e-10,-4.953529360241946e-13
-96.04,-1.2144450162725266e-10,-4.956960654376494e-13
-96.03,-1.215146115096599e-10,-4.960394675911743e-13
-96.02,-1.2158476978364893e-10,-4.963831280775452e-13
-96.01,-1.216549758560089e-10,-4.967270958441974e-13
-96.0,-1.217252304003337e-10,-4.970712822639743e-13
-95.99,-1.2179553306016724e-10,-4.97415806191823e-13
-95.98,-1.2186588402466895e-10,-4.977605393080925e-13
-95.97,-1.2193628348004176e-10,-4.981055841176315e-13
-95.96,-1.2200673101061995e-10,-4.984509318938516e-13
-95.95,-1.2207722708652086e-10,-4.987965147751094e-13
-95.94,-1.2214777160852087e-10,-4.991423868736948e-13
-95.93,-1.222183645216442e-10,-4.994885323756129e-13
-95.92,-1.222890059684525e-10,-4.998350482529966e-13
-95.91,-1.2235969617406693e-10,-5.001817213467131e-13
-95.9,-1.2243043450408223e-10,-5.005287259042847e-13
-95.89,-1.2250122180017789e-10,-5.008759599804565e-13
-95.88,-1.225720577227922e-10,-5.012235214521692e-13
-95.87,-1.2264294234649485e-10,-5.015713426422999e-13
-95.86,-1.2271387577496523e-10,-5.019194594606564e-13
-95.85,-1.2278485774012574e-10,-5.022678335210819e-13
-95.84,-1.2285588867516085e-10,-5.026165115729765e-13
-95.83,-1.2292696849766783e-10,-5.029654667230959e-13
-95.82,-1.229980972485835e-10,-5.033146550456918e-13
-95.81,-1.230692745675453e-10,-5.036642604917043e-13
-95.8,-1.231405013507483e-10,-5.040139971427962e-13
-95.79,-1.2321177717379537e-10,-5.043640231160973e-13
-95.78,-1.2328310174449738e-10,-5.047144216506987e-13
-95.77,-1.233544754964843e-10,-5.050650118228071e-13
-95.76,-1.2342589838487533e-10,-5.054159457867267e-13
-95.75,-1.234973705106127e-10,-5.057671325096262e-13
-95.74,-1.2356889165341706e-10,-5.061186452833081e-13
-95.73,-1.2364046229419254e-10,-5.064703697504404e-13
-95.72,-1.237120822979587e-10,-5.068224307422767e-13
-95.71,-1.23783751254967e-10,-5.071747482201032e-13
-95.7,-1.238554697477541e-10,-5.075273136647017e-13
-95.69,-1.2392723765004886e-10,-5.078802150108138e-13
-95.68,-1.2399905498361548e-10,-5.082334346279543e-13
-95.67,-1.2407092186531116e-10,-5.085868939519217e-13
-95.66,-1.2414283821121483e-10,-5.089406904295804e-13
-95.65,-1.2421480411661516e-10,-5.092946897772407e-13
-95.64,-1.2428681964393226e-10,-5.096489620384709e-13
-95.63,-1.243588837302006e-10,-5.100036698710199e-13
-95.62,-1.2443099964088369e-10,-5.103585412965587e-13
-95.61,-1.245031643415683e-10,-5.107135940063375e-13
-95.6,-1.2457537870062498e-10,-5.110690853615633e-13
-95.59,-1.2464764287073873e-10,-5.114248290818553e-13
-95.58,-1.2471995682263992e-10,-5.117808962085072e-13
-95.57,-1.24792320686904e-10,-5.121371984917277e-13
-95.56,-1.2486473441784636e-10,-5.124938250087687e-13
-95.55,-1.2493719826806572e-10,-5.128506710445122e-13
-95.54,-1.250097122159737e-10,-5.132078219222717e-13
-95.53,-1.25082275603028e-10,-5.135653436668436e-13
-95.52,-1.251548896872782e-10,-5.139230850794536e-13
-95.51,-1.2522755368748805e-10,-5.142811725724004e-13
-95.5,-1.2530026792336978e-10,-5.146394947824371e-13
-95.49,-1.2537303227278074e-10,-5.149980795952755e-13
-95.48,-1.2544584679278232e-10,-5.153570236829962e-13
-95.47,-1.2551871166737633e-10,-5.157162356562976e-13
-95.46,-1.2559162690254635e-10,-5.160756776207403e-13
-95.45,-1.2566459237925305e-10,-5.164354968607371e-13
-95.44,-1.2573760833494387e-10,-5.167956672661856e-13
-95.43,-1.2581067512712475e-10,-5.171558023913528e-13
-95.42,-1.258837916450495e-10,-5.175165977619593e-13
-95.41,-1.2595695902422823e-10,-5.178775556904211e-13
-95.4,-1.260301770972088e-10,-5.18238740163249e-13
-95.39,-1.2610344565556917e-10,-5.186002879041171e-13
-95.38,-1.2617676497249587e-10,-5.189620565881187e-13
-95.37,-1.2625013481946738e-10,-5.193241889133469e-13
-95.36,-1.2632355543466997e-10,-5.196865844984381e-13
-95.35,-1.263970268693261e-10,-5.200493009880946e-13
-95.34,-1.264705490166756e-10,-5.204122915932824e-13
-95.33,-1.265441220010242e-10,-5.207755708473735e-13
-95.32,-1.2661774603883954e-10,-5.211390854873779e-13
-95.31,-1.266914208579798e-10,-5.215030410025106e-13
-95.3,-1.267651467202192e-10,-5.218671794355384e-13
-95.29,-1.2683892356270257e-10,-5.222316243649639e-13
-95.28,-1.2691275129859506e-10,-5.225963858593029e-13
-95.27,-1.2698663043745625e-10,-5.229614386798275e-13
-95.26,-1.2706056058467913e-10,-5.23326697884601e-13
-95.25,-1.2713454196287265e-10,-5.236924680126884e-13
-95.24,-1.2720857432286853e-10,-5.240583537229194e-13
-95.23,-1.2728265814322707e-10,-5.244245570510605e-13
-95.22,-1.2735679304582375e-10,-5.247911035377792e-13
-95.21,-1.2743097962177608e-10,-5.251579058619869e-13
-95.2,-1.275052173391197e-10,-5.255250200105662e-13
-95.19,-1.2757950655311275e-10,-5.258924512762386e-13
-95.18,-1.276538472010846e-10,-5.262601622185018e-13
-95.17,-1.2772823937007852e-10,-5.266281804316771e-13
-95.16,-1.2780268314301613e-10,-5.269965032792277e-13
-95.15,-1.278771783075694e-10,-5.273651389130831e-13
-95.14,-1.2795172533016556e-10,-5.277340050206641e-13
-95.13,-1.2802632386896494e-10,-5.281031817322878e-13
-95.12,-1.281009741354924e-10,-5.28472665589046e-13
-95.11,-1.281756761871538e-10,-5.288425069639506e-13
-95.1,-1.28250430125695e-10,-5.292125910578651e-13
-95.09,-1.2832523565656187e-10,-5.29582951484556e-13
-95.08,-1.2840009322664644e-10,-5.299536860577382e-13
-95.07,-1.2847500245762912e-10,-5.303247652477994e-13
-95.06,-1.2854996375339786e-10,-5.30695968569217e-13
-95.05,-1.286249776005309e-10,-5.310675734386019e-13
-95.04,-1.2870004298088405e-10,-5.314394735170564e-13
-95.03,-1.2877516047766585e-10,-5.318116823808388e-13
-95.02,-1.2885033020861084e-10,-5.321841651482994e-13
-95.01,-1.2892555206601109e-10,-5.325569765381682e-13
-95.0,-1.2900082611393024e-10,-5.329301405267156e-13
-94.99,-1.2907615239544262e-10,-5.333034853422631e-13
-94.98,-1.2915153099304778e-10,-5.336772554656793e-13
-94.97,-1.2922696195291222e-10,-5.34051208582012e-13
-94.96,-1.2930244528770998e-10,-5.344255569906467e-13
-94.95,-1.293779806941188e-10,-5.348001919628505e-13
-94.94,-1.2945356918041521e-10,-5.351750077316547e-13
-94.93,-1.2952920981397087e-10,-5.355503445317875e-13
-94.92,-1.2960490288456296e-10,-5.359258582597249e-13
-94.91,-1.2968064893185016e-10,-5.363016589055443e-13
-94.9,-1.2975644729574535e-10,-5.366778249101304e-13
-94.89,-1.2983229847842413e-10,-5.370543139373411e-13
-94.88,-1.2990820229588147e-10,-5.374310387550284e-13
-94.87,-1.2998415908126939e-10,-5.378080287349091e-13
-94.86,-1.3006016837128837e-10,-5.381854539850791e-13
-94.85,-1.301362305697628e-10,-5.385631112487685e-13
-94.84,-1.3021234568119263e-10,-5.389410927923494e-13
-94.83,-1.3028851379839843e-10,-5.393193892955661e-13
-94.82,-1.3036473473932903e-10,-5.396979911485247e-13
-94.81,-1.304410088079016e-10,-5.400768973523883e-13
-94.8,-1.3051733587516934e-10,-5.404561331499961e-13
-94.79,-1.3059371611155442e-10,-5.408356350967373e-13
-94.78,-1.3067014934888255e-10,-5.412155071863306e-13
-94.77,-1.3074663595130714e-10,-5.415955702892629e-13
-94.76,-1.308231756666545e-10,-5.419760061261191e-13
-94.75,-1.3089976872381194e-10,-5.423567491064248e-13
-94.74,-1.3097641502789486e-10,-5.427378226690326e-13
-94.73,-1.3105311472900563e-10,-5.431191911278172e-13
-94.72,-1.3112986753911982e-10,-5.435009465390502e-13
-94.71,-1.31206674341684e-10,-5.43882900790728e-13
-94.7,-1.3128353424649452e-10,-5.442652262527803e-13
-94.69,-1.313604480126717e-10,-5.446478259044081e-13
-94.68,-1.3143741496347933e-10,-5.450307135353066e-13
-94.67,-1.3151443566021185e-10,-5.454139429746319e-13
-94.66,-1.3159151001801482e-10,-5.457974288223642e-13
-94.65,-1.3166863799003813e-10,-5.461813831714959e-13
-94.64,-1.3174582013567778e-10,-5.465655241284602e-13
-94.63,-1.318230554838055e-10,-5.469500269454472e-13
-94.62,-1.3190034477813865e-10,-5.473348395713031e-13
-94.61,-1.3197768822287635e-10,-5.477199193002044e-13
-94.6,-1.320550855566844e-10,-5.481054530060977e-13
-94.59,-1.3213253665144142e-10,-5.484910792313332e-13
-94.58,-1.322100418267771e-10,-5.488771514121269e-13
-94.57,-1.3228760104906424e-10,-5.492635409666235e-13
-94.56,-1.3236521428656625e-10,-5.49650239799042e-13
-94.55,-1.324428818279208e-10,-5.500371968874988e-13
-94.54,-1.3252060343179168e-10,-5.504244900876708e-13
-94.53,-1.3259837938292513e-10,-5.508121175679353e-13
-94.52,-1.3267620943316096e-10,-5.512000771353801e-13
-94.51,-1.3275409401932292e-10,-5.515882740700669e-13
-94.5,-1.3283203301331967e-10,-5.519768903693106e-13
-94.49,-1.3291002575019312e-10,-5.523657157492622e-13
-94.48,-1.329880734291785e-10,-5.527549959730983e-13
-94.47,-1.3306617559570426e-10,-5.531445473285251e-13
-94.46,-1.3314433222703969e-10,-5.535343720315747e-13
-94.45,-1.3322254345532874e-10,-5.539245912848338e-13
-94.44,-1.33300809308243e-10,-5.543150030830026e-13
-94.43,-1.3337912977435817e-10,-5.547058430013343e-13
-94.42,-1.3345750493456345e-10,-5.550969650010895e-13
-94.41,-1.3353593489543186e-10,-5.554883369172316e-13
-94.4,-1.3361441968438984e-10,-5.55880098032085e-13
-94.39,-1.3369295923050982e-10,-5.562721622684819e-13
-94.38,-1.3377155375897107e-10,-5.566646271672152e-13
-94.37,-1.3385020309786454e-10,-5.570572890786804e-13
-94.36,-1.3392890744188075e-10,-5.574503828231975e-13
-94.35,-1.3400766686010702e-10,-5.57843754090387e-13
-94.34,-1.340864812851425e-10,-5.582374397608536e-13
-94.33,-1.341653508720725e-10,-5.586313404028317e-13
-94.32,-1.342442755164875e-10,-5.59025726598294e-13
-94.31,-1.343232552919241e-10,-5.594203295726585e-13
-94.3,-1.344022905158456e-10,-5.598153469496809e-13
-94.29,-1.344813809290753e-10,-5.602105934497391e-13
-94.28,-1.345605267813638e-10,-5.60606147176559e-13
-94.27,-1.3463972773601238e-10,-5.610021702578525e-13
-94.26,-1.3471898435723274e-10,-5.613984416843959e-13
-94.25,-1.347982962560247e-10,-5.617950160188098e-13
-94.24,-1.3487766379498685e-10,-5.621918987294385e-13
-94.23,-1.3495708686014162e-10,-5.625891363029722e-13
-94.22,-1.350365656562465e-10,-5.629866497765441e-13
-94.21,-1.35116099843498e-10,-5.633845627223542e-13
-94.2,-1.351956897682941e-10,-5.637827548245256e-13
-94.19,-1.352753355151158e-10,-5.64181313121889e-13
-94.18,-1.3535503710324515e-10,-5.645801526726761e-13
-94.17,-1.354347943087233e-10,-5.649793748617722e-13
-94.16,-1.3551460750351216e-10,-5.653788891335037e-13
-94.15,-1.355944766184637e-10,-5.657786587482767e-13
-94.14,-1.3567440160294093e-10,-5.661788263013248e-13
-94.13,-1.3575438249578355e-10,-5.665793369639133e-13
-94.12,-1.358344196123778e-10,-5.66980163840978e-13
-94.11,-1.3591451328141588e-10,-5.673812940030765e-13
-94.1,-1.3599466249147577e-10,-5.677827800437682e-13
-94.09,-1.3607486795674106e-10,-5.681845921746743e-13
-94.08,-1.3615512988705264e-10,-5.685866773096749e-13
-94.07,-1.3623544774801925e-10,-5.689892185814164e-13
-94.06,-1.3631582204051575e-10,-5.69391994281722e-13
-94.05,-1.3639625285798913e-10,-5.697950991131729e-13
-94.04,-1.364767400044689e-10,-5.701985927035528e-13
-94.03,-1.365572838282225e-10,-5.70602312287636e-13
-94.02,-1.366378839263959e-10,-5.710064349470779e-13
-94.01,-1.3671854053224823e-10,-5.714109009767143e-13
-94.0,-1.3679925369181365e-10,-5.718156608733583e-13
-93.99,-1.3688002362004062e-10,-5.722207576095538e-13
-93.98,-1.369608502925586e-10,-5.726261547534095e-13
-93.97,-1.3704173357486926e-10,-5.730319786320923e-13
-93.96,-1.3712267382488413e-10,-5.734380724321475e-13
-93.95,-1.3720367068168465e-10,-5.738445143800788e-13
-93.94,-1.3728472443847568e-10,-5.742512524663891e-13
-93.93,-1.3736583530333268e-10,-5.746583907985755e-13
-93.92,-1.3744700291895598e-10,-5.750658222709105e-13
-93.91,-1.3752822761552084e-10,-5.754735902394372e-13
-93.9,-1.376095093338658e-10,-5.75881721374122e-13
-93.89,-1.3769084838540587e-10,-5.762901415267845e-13
-93.88,-1.3777224443723563e-10,-5.766988690247065e-13
-93.87,-1.378536976412451e-10,-5.771080083210705e-13
-93.86,-1.3793520806359604e-10,-5.775175153243129e-13
-93.85,-1.380167758687713e-10,-5.779272579021346e-13
-93.84,-1.380984008207884e-10,-5.783374223716179e-13
-93.83,-1.381800835337187e-10,-5.787478226112216e-13
-93.82,-1.3826182347108018e-10,-5.791586021473084e-13
-93.81,-1.383436208337214e-10,-5.795697450289846e-13
-93.8,-1.3842547583038603e-10,-5.79981217698025e-13
-93.79,-1.3850738833397873e-10,-5.803930262622428e-13
-93.78,-1.3858935835882344e-10,-5.808052211954533e-13
-93.77,-1.3867138626204026e-10,-5.812176783171625e-13
-93.76,-1.3875347174928443e-10,-5.816304567118712e-13
-93.75,-1.388356148155514e-10,-5.820436303572932e-13
-93.74,-1.3891781615360597e-10,-5.824571345942181e-13
-93.73,-1.3900007499033701e-10,-5.828709841631188e-13
-93.72,-1.3908239189641898e-10,-5.832851670651091e-13
-93.71,-1.391647666268285e-10,-5.836997101038187e-13
-93.7,-1.3924719922306833e-10,-5.841145936476844e-13
-93.69,-1.3932969017457038e-10,-5.845297651924579e-13
-93.68,-1.3941223912446927e-10,-5.849452826493262e-13
-93.67,-1.3949484613689792e-10,-5.85361135675908e-13
-93.66,-1.3957751050000738e-10,-5.857778295213865e-13
-93.65,-1.3966023485434849e-10,-5.861940616010191e-13
-93.64,-1.3974301652555885e-10,-5.86610893312783e-13
-93.63,-1.39825856559171e-10,-5.870281421336064e-13
-93.62,-1.3990875509984406e-10,-5.874457360751929e-13
-93.61,-1.399917119781494e-10,-5.878636970202554e-13
-93.6,-1.4007472727114059e-10,-5.882819720973247e-13
-93.59,-1.401578010987883e-10,-5.887006178067055e-13
-93.58,-1.4024093336949585e-10,-5.891196742514208e-13
-93.57,-1.4032412440742506e-10,-5.895389381797225e-13
-93.56,-1.4040737410827536e-10,-5.899585945150325e-13
-93.55,-1.4049068248501432e-10,-5.903786003436848e-13
-93.54,-1.405740498432631e-10,-5.90798878743491e-13
-93.53,-1.4065747567863278e-10,-5.912196554215156e-13
-93.52,-1.4074096055778622e-10,-5.916407166976881e-13
-93.51,-1.4082450424339335e-10,-5.920620890832366e-13
-93.5,-1.4090810684987888e-10,-5.92483830115218e-13
-93.49,-1.4099176854192085e-10,-5.929059254308956e-13
-93.48,-1.410754893306718e-10,-5.93328362747373e-13
-93.47,-1.4115926893629858e-10,-5.937511220767519e-13
-93.46,-1.412431078334242e-10,-5.941741428843856e-13
-93.45,-1.4132700602559357e-10,-5.945977861059078e-13
-93.44,-1.4141096344283566e-10,-5.950215899976493e-13
-93.43,-1.4149498006892115e-10,-5.954458012685757e-13
-93.42,-1.4157905605401703e-10,-5.958702816999763e-13
-93.41,-1.4166319138984877e-10,-5.962952275192837e-13
-93.4,-1.4174738614405583e-10,-5.967204215488629e-13
-93.39,-1.4183164047358133e-10,-5.971459921272046e-13
-93.38,-1.4191595421006566e-10,-5.975719581562831e-13
-93.37,-1.420003278858492e-10,-5.979982587549237e-13
-93.36,-1.4208476046678699e-10,-5.984249532740787e-13
-93.35,-1.4216925331702037e-10,-5.988518831667447e-13
-93.34,-1.4225380570995513e-10,-5.992792871291491e-13
-93.33,-1.4233841784236287e-10,-5.997069078253957e-13
-93.32,-1.4242308990331166e-10,-6.001350004077369e-13
-93.31,-1.4250782173960848e-10,-6.005633885807258e-13
-93.3,-1.4259261347670615e-10,-6.009921843713777e-13
-93.29,-1.4267746520167454e-10,-6.014212814326392e-13
-93.28,-1.4276237708759365e-10,-6.018506654717055e-13
-93.27,-1.4284734884233383e-10,-6.022805510996076e-13
-93.26,-1.4293238076389325e-10,-6.027107338094201e-13
-93.25,-1.4301747303678195e-10,-6.031412130668255e-13
-93.24,-1.4310262529097214e-10,-6.035721314263448e-13
-93.23,-1.4318783791488953e-10,-6.040034123230686e-13
-93.22,-1.4327311078506276e-10,-6.044349570201065e-13
-93.21,-1.4335844409934242e-10,-6.048669531040083e-13
-93.2,-1.4344383773778163e-10,-6.052992754406034e-13
-93.19,-1.4352929181599714e-10,-6.057319077275837e-13
-93.18,-1.4361480661543605e-10,-6.061649331575984e-13
-93.17,-1.437003818519063e-10,-6.065983327048844e-13
-93.16,-1.4378601754187593e-10,-6.07032066635965e-13
-93.15,-1.4387171398061514e-10,-6.074661742854494e-13
-93.14,-1.4395747125737405e-10,-6.079006379021982e-13
-93.13,-1.4404328914134674e-10,-6.083354842276265e-13
-93.12,-1.4412916797012038e-10,-6.087706777577364e-13
-93.11,-1.4421510751685607e-10,-6.092061948818946e-13
-93.1,-1.4430110816526327e-10,-6.096420739650257e-13
-93.09,-1.4438716951882404e-10,-6.100784268927634e-13
-93.08,-1.4447329200468107e-10,-6.105150127938977e-13
-93.07,-1.4455947560691793e-10,-6.109519526814732e-13
-93.06,-1.446457202581977e-10,-6.113893136447086e-13
-93.05,-1.4473202609180634e-10,-6.118270312233049e-13
-93.04,-1.448183931057226e-10,-6.122651205866314e-13
-93.03,-1.449048213585026e-10,-6.127035679460713e-13
-93.02,-1.449913108830149e-10,-6.131423596509513e-13
-93.01,-1.450778620236981e-10,-6.135814739534014e-13
-93.0,-1.451644744755871e-10,-6.140208965771653e-13
-92.99,-1.4525114867389224e-10,-6.144605304660562e-13
-92.98,-1.4533788334080685e-10,-6.149011839082636e-13
-92.97,-1.454246803612515e-10,-6.153417718145608e-13
-92.96,-1.4551153882626373e-10,-6.157827542861661e-13
-92.95,-1.4559845899272543e-10,-6.162241469591257e-13
-92.94,-1.4568544092694474e-10,-6.166658081458782e-13
-92.93,-1.4577248455425445e-10,-6.171078983199894e-13
-92.92,-1.4585959003785702e-10,-6.175503613076631e-13
-92.91,-1.4594675727865482e-10,-6.179931829882803e-13
-92.9,-1.4603398657690652e-10,-6.18436409253381e-13
-92.89,-1.461212777797419e-10,-6.188799112466715e-13
-92.88,-1.462086309802147e-10,-6.193238450743956e-13
-92.87,-1.4629604613833004e-10,-6.197680787070466e-13
-92.86,-1.463835237200689e-10,-6.202127554986672e-13
-92.85,-1.4647106325438775e-10,-6.206578321737624e-13
-92.84,-1.4655866522061626e-10,-6.21103188690253e-13
-92.83,-1.4664632915962192e-10,-6.215489479314969e-13
-92.82,-1.4673405555694493e-10,-6.219951150215345e-13
-92.81,-1.468218443780704e-10,-6.22441584812982e-13
-92.8,-1.4690969552352157e-10,-6.228884909417695e-13
-92.79,-1.4699760921475355e-10,-6.233357555635106e-13
-92.78,-1.4708558550792835e-10,-6.237833256442232e-13
-92.77,-1.4717362426067562e-10,-6.242313408600099e-13
-92.76,-1.4726172560150814e-10,-6.246797051805169e-13
-92.75,-1.4734988979299964e-10,-6.251284540930592e-13
-92.74,-1.4743811666423927e-10,-6.255774905539876e-13
-92.73,-1.4752640628228287e-10,-6.260270209158368e-13
-92.72,-1.4761475911210974e-10,-6.264767216783185e-13
-92.71,-1.4770317415198922e-10,-6.269270795407975e-13
-92.7,-1.4779165238379432e-10,-6.273777324458902e-13
-92.69,-1.478801937435837e-10,-6.278286486126657e-13
-92.68,-1.4796879813800231e-10,-6.282800040728162e-13
-92.67,-1.4805746561413865e-10,-6.287317302243247e-13
-92.66,-1.4814619611118406e-10,-6.29183872378983e-13
-92.65,-1.4823499003072915e-10,-6.29636302337525e-13
-92.64,-1.483238470259241e-10,-6.300891537702912e-13
-92.63,-1.484127675891672e-10,-6.305423461417269e-13
-92.62,-1.4850175123727837e-10,-6.309960778677288e-13
-92.61,-1.4859079817531786e-10,-6.314500536817645e-13
-92.6,-1.4867990880337306e-10,-6.319043964153236e-13
-92.59,-1.4876908296907222e-10,-6.323591079007031e-13
-92.58,-1.488583205438365e-10,-6.32814218316926e-13
-92.57,-1.489476218749311e-10,-6.332697409903142e-13
-92.56,-1.4903698694594355e-10,-6.33725590520814e-13
-92.55,-1.4912641555810893e-10,-6.341818766508921e-13
-92.54,-1.4921590801108326e-10,-6.346385079549493e-13
-92.53,-1.4930546432509474e-10,-6.35095520837814e-13
-92.52,-1.493950842781946e-10,-6.355530553391702e-13
-92.51,-1.494847686251717e-10,-6.360106918327622e-13
-92.5,-1.4957451682659544e-10,-6.364688387668141e-13
-92.49,-1.4966432888363602e-10,-6.369274026224057e-13
-92.48,-1.4975420527308162e-10,-6.373863377859062e-13
-92.47,-1.49844145658309e-10,-6.378455987051588e-13
-92.46,-1.49934150096657e-10,-6.383053743138978e-13
-92.45,-1.500242190291819e-10,-6.387654255074228e-13
-92.44,-1.501143521432252e-10,-6.392259149734106e-13
-92.43,-1.502045497222304e-10,-6.396867050839525e-13
-92.42,-1.5029481165781866e-10,-6.401479257871307e-13
-92.41,-1.503851379814632e-10,-6.406095407298836e-13
-92.4,-1.5047552886162075e-10,-6.410715272316957e-13
-92.39,-1.5056598442067724e-10,-6.415339339755058e-13
-92.38,-1.5065650445882804e-10,-6.419967136275147e-13
-92.37,-1.5074708936809616e-10,-6.424598770980222e-13
-92.36,-1.5083773884928665e-10,-6.429234006919028e-13
-92.35,-1.5092845303582793e-10,-6.433872986333768e-13
-92.34,-1.510192321746339e-10,-6.438516207303343e-13
-92.33,-1.5111007628628326e-10,-6.443163183498846e-13
-92.32,-1.512009852869831e-10,-6.44781379956077e-13
-92.31,-1.5129195914487872e-10,-6.452468555243026e-13
-92.3,-1.5138299833782605e-10,-6.457127577897435e-13
-92.29,-1.5147410249656086e-10,-6.461790056659125e-13
-92.28,-1.5156527184611335e-10,-6.466456106846484e-13
-92.27,-1.5165650623162438e-10,-6.471127033878021e-13
-92.26,-1.5174780603993574e-10,-6.475801282042892e-13
-92.25,-1.5183917095830225e-10,-6.480478736114377e-13
-92.24,-1.519306016700447e-10,-6.485161262263824e-13
-92.23,-1.5202209765992423e-10,-6.489847393910352e-13
-92.22,-1.5211365905290808e-10,-6.494537544131442e-13
-92.21,-1.5220528604777357e-10,-6.499230668071725e-13
-92.2,-1.5229697841375492e-10,-6.503928834243824e-13
-92.19,-1.5238873677732098e-10,-6.508630111984887e-13
-92.18,-1.5248056059903576e-10,-6.513336272562069e-13
-92.17,-1.5257245026838377e-10,-6.518045153541318e-13
-92.16,-1.5266440616014547e-10,-6.522758942393503e-13
-92.15,-1.5275642704433813e-10,-6.527476802960127e-13
-92.14,-1.5284851439953788e-10,-6.532197987576349e-13
-92.13,-1.5294066752408157e-10,-6.536922497376932e-13
-92.12,-1.5303288687515873e-10,-6.541653048208389e-13
-92.11,-1.5312517227627928e-10,-6.54638529976255e-13
-92.1,-1.5321752375222904e-10,-6.551122584751199e-13
-92.09,-1.5330994141554036e-10,-6.555863964772955e-13
-92.08,-1.534024253154823e-10,-6.56060896193967e-13
-92.07,-1.5349497567132095e-10,-6.565357050200482e-13
-92.06,-1.5358759187303113e-10,-6.570110835236952e-13
-92.05,-1.536802753658478e-10,-6.574867710479127e-13
-92.04,-1.5377302469909355e-10,-6.579629409421895e-13
-92.03,-1.5386584073038676e-10,-6.584393913387989e-13
-92.02,-1.5395872336667417e-10,-6.589162718629183e-13
-92.01,-1.540516725488433e-10,-6.59393561927623e-13
-92.0,-1.5414468830256092e-10,-6.598712757685588e-13
-91.99,-1.542377711374339e-10,-6.60349413582547e-13
-91.98,-1.5433092061442098e-10,-6.608278818527904e-13
-91.97,-1.5442413690748065e-10,-6.613068572153995e-13
-91.96,-1.5451742029035902e-10,-6.617861035560176e-13
-91.95,-1.5461077040488642e-10,-6.622657950841171e-13
-91.94,-1.5470418759345257e-10,-6.627459481216883e-13
-91.93,-1.5479767198412366e-10,-6.632263964866245e-13
-91.92,-1.548912233576661e-10,-6.637073358740632e-13
-91.91,-1.5498484205697233e-10,-6.641886670056857e-13
-91.9,-1.550785277461959e-10,-6.646704456699353e-13
-91.89,-1.5517228108408837e-10,-6.651524479789339e-13
-91.88,-1.5526610152519668e-10,-6.65635033651559e-13
-91.87,-1.5535998981430687e-10,-6.661179103381848e-13
-91.86,-1.5545394491953235e-10,-6.66601263952072e-13
-91.85,-1.5554796792798063e-10,-6.670850518615421e-13
-91.84,-1.556420583706011e-10,-6.675691928138209e-13
-91.83,-1.557362166050628e-10,-6.680537254245447e-13
-91.82,-1.5583044249958235e-10,-6.685387011520424e-13
-91.81,-1.55924736189077e-10,-6.690241276444605e-13
-91.8,-1.5601909759988912e-10,-6.695098498538091e-13
-91.79,-1.5611352687998164e-10,-6.69995984667154e-13
-91.78,-1.5620802401951608e-10,-6.704825783126881e-13
-91.77,-1.5630258928571587e-10,-6.709696219139149e-13
-91.76,-1.5639722246538795e-10,-6.714570668395274e-13
-91.75,-1.564919237946653e-10,-6.71944853721756e-13
-91.74,-1.5658669326896933e-10,-6.724331092715029e-13
-91.73,-1.566815309576397e-10,-6.729217019570451e-13
-91.72,-1.5677643691519347e-10,-6.73410756306753e-13
-91.71,-1.5687141110936087e-10,-6.73900185518858e-13
-91.7,-1.5696645375961393e-10,-6.743900806307078e-13
-91.69,-1.570615649939438e-10,-6.74880281553651e-13
-91.68,-1.5715674450388747e-10,-6.753711891259848e-13
-91.67,-1.5725199237448445e-10,-6.758622301418083e-13
-91.66,-1.5734730908114846e-10,-6.763537087399711e-13
-91.65,-1.5744269446186102e-10,-6.768456240053529e-13
-91.64,-1.5753814848765797e-10,-6.773379949493255e-13
-91.63,-1.576336712745855e-10,-6.778308067365442e-13
-91.62,-1.5772926309744038e-10,-6.783239315711597e-13
-91.61,-1.5782492352154576e-10,-6.788175665690333e-13
-91.6,-1.5792065307221477e-10,-6.793116205028371e-13
-91.59,-1.5801645132679446e-10,-6.798060660247828e-13
-91.58,-1.581123192076965e-10,-6.803008107314307e-13
-91.57,-1.5820825586163072e-10,-6.807960457434283e-13
-91.56,-1.5830426166087415e-10,-6.812917764303385e-13
-91.55,-1.5840033673194765e-10,-6.817878837735552e-13
-91.54,-1.584964811326871e-10,-6.822844050453389e-13
-91.53,-1.585926948689168e-10,-6.827813126739152e-13
-91.52,-1.5868897794153703e-10,-6.832786605513622e-13
-91.51,-1.5878533072005678e-10,-6.837764031754025e-13
-91.5,-1.5888175282723304e-10,-6.842746210088943e-13
-91.49,-1.5897824405221893e-10,-6.847733426493433e-13
-91.48,-1.5907480579069202e-10,-6.852722134389237e-13
-91.47,-1.5917143686165978e-10,-6.857716947549602e-13
-91.46,-1.5926813770658987e-10,-6.862715787279742e-13
-91.45,-1.5936490834355478e-10,-6.867718200809549e-13
-91.44,-1.594617486695838e-10,-6.872725764051399e-13
-91.43,-1.5955865917837837e-10,-6.877736955117814e-13
-91.42,-1.5965563959643599e-10,-6.882752998034054e-13
-91.41,-1.597526900694144e-10,-6.88777260181162e-13
-91.4,-1.598498111274355e-10,-6.892796158406715e-13
-91.39,-1.5994700138245057e-10,-6.897824579957813e-13
-91.38,-1.6004426235030997e-10,-6.902857072292153e-13
-91.37,-1.6014159368997558e-10,-6.907893366830489e-13
-91.36,-1.6023899513242123e-10,-6.912934724549362e-13
-91.35,-1.6033646711833015e-10,-6.91798073098747e-13
-91.34,-1.6043400953586853e-10,-6.923029458821865e-13
-91.33,-1.6053162251247252e-10,-6.928083527847985e-13
-91.32,-1.606293059727743e-10,-6.933141456003089e-13
-91.31,-1.6072705989063693e-10,-6.938204594451598e-13
-91.3,-1.6082488514426044e-10,-6.943269907303558e-13
-91.29,-1.6092278066910924e-10,-6.948341473688936e-13
-91.28,-1.6102074705772234e-10,-6.953416328306046e-13
-91.27,-1.611187842523741e-10,-6.958496038702001e-13
-91.26,-1.6121689275268473e-10,-6.963579447583922e-13
-91.25,-1.6131507179332137e-10,-6.968667691009164e-13
-91.24,-1.614133220456751e-10,-6.973760112927051e-13
-91.23,-1.6151164340185167e-10,-6.978856128984657e-13
-91.22,-1.6161003597741752e-10,-6.983958634098968e-13
-91.21,-1.617084997604171e-10,-6.989062256805778e-13
-91.2,-1.618070347957031e-10,-6.994172324931128e-13
-91.19,-1.6190564119290746e-10,-6.999286028933884e-13
-91.18,-1.6200431895984537e-10,-7.004404751234721e-13
-91.17,-1.62103068296902e-10,-7.009527247081419e-13
-91.16,-1.622018891267422e-10,-7.014653540207525e-13
-91.15,-1.6230078144301654e-10,-7.019784447986172e-13
-91.14,-1.6239974548590733e-10,-7.024920723736111e-13
-91.13,-1.6249878129735328e-10,-7.030060182593686e-13
-91.12,-1.6259788878963893e-10,-7.035204230500113e-13
-91.11,-1.6269706829211119e-10,-7.040352990902456e-13
-91.1,-1.627963193091663e-10,-7.045506247174012e-13
-91.09,-1.6289564249645083e-10,-7.05066369638069e-13
-91.08,-1.6299503770052089e-10,-7.055824934827076e-13
-91.07,-1.6309450493837004e-10,-7.060990733511169e-13
-91.06,-1.631940443527874e-10,-7.066161528660607e-13
-91.05,-1.632936559023555e-10,-7.07133677266378e-13
-91.04,-1.6339333973209208e-10,-7.076515344867334e-13
-91.03,-1.634930958388173e-10,-7.081700214248542e-13
-91.02,-1.6359292416253193e-10,-7.086887973429703e-13
-91.01,-1.6369282528279674e-10,-7.092079246514002e-13
-91.0,-1.6379279866139292e-10,-7.0972767523259e-13
-90.99,-1.638928447262704e-10,-7.102477881885388e-13
-90.98,-1.6399296317398907e-10,-7.107683358630015e-13
-90.97,-1.640931545994033e-10,-7.112892815945403e-13
-90.96,-1.641934186280544e-10,-7.118107933207509e-13
-90.95,-1.6429375548919302e-10,-7.123326432777131e-13
-90.94,-1.64394165062291e-10,-7.128549577935038e-13
-90.93,-1.6449464791455065e-10,-7.133776999224392e-13
-90.92,-1.645952032339592e-10,-7.139009434549147e-13
-90.91,-1.6469583177729466e-10,-7.144246120744074e-13
-90.9,-1.64796533629836e-10,-7.149486499813858e-13
-90.89,-1.648973084430864e-10,-7.154732430549364e-13
-90.88,-1.649981564341908e-10,-7.159982623356022e-13
-90.87,-1.6509907788835218e-10,-7.165236758529782e-13
-90.86,-1.6520007267420894e-10,-7.170495671797076e-13
-90.85,-1.6530114077934277e-10,-7.175759153739127e-13
-90.84,-1.654022819957958e-10,-7.181027061938822e-13
-90.83,-1.6550349760865505e-10,-7.186298588918376e-13
-90.82,-1.6560478639439458e-10,-7.191575418049166e-13
-90.81,-1.6570614884829728e-10,-7.196855846679025e-13
-90.8,-1.6580758479641947e-10,-7.202142184969608e-13
-90.79,-1.6590909488046144e-10,-7.207431856208565e-13
-90.78,-1.6601067861434197e-10,-7.212727173792975e-13
-90.77,-1.6611233628661424e-10,-7.218025926955878e-13
-90.76,-1.6621406794014194e-10,-7.223329340795618e-13
-90.75,-1.6631587464121713e-10,-7.228634490018928e-13
-90.74,-1.6641775339705584e-10,-7.233950183733785e-13
-90.73,-1.6651970735480842e-10,-7.239267497860958e-13
-90.72,-1.6662173544184288e-10,-7.24458918492559e-13
-90.71,-1.6672383782209806e-10,-7.249915421738066e-13
-90.7,-1.6682601458775315e-10,-7.255246690120277e-13
-90.69,-1.6692826579060309e-10,-7.260581792140687e-13
-90.68,-1.6703059138843895e-10,-7.265921414209403e-13
-90.67,-1.671329915654784e-10,-7.271266141285316e-13
-90.66,-1.6723546653193055e-10,-7.276614454444061e-13
-90.65,-1.6733801600112122e-10,-7.28196762505228e-13
-90.64,-1.6744064005838424e-10,-7.287326221474828e-13
-90.63,-1.675433389407943e-10,-7.292688024207746e-13
-90.62,-1.676461125122676e-10,-7.298056084812254e-13
-90.61,-1.6774896127942893e-10,-7.303427420550066e-13
-90.6,-1.6785188495857145e-10,-7.308803901649621e-13
-90.59,-1.6795488360231465e-10,-7.314184326535822e-13
-90.58,-1.6805795757874647e-10,-7.319569932316511e-13
-90.57,-1.6816110639487715e-10,-7.324959917182982e-13
-90.56,-1.6826433034594782e-10,-7.330355351163581e-13
-90.55,-1.683676302370004e-10,-7.335753982435121e-13
-90.54,-1.6847100477372052e-10,-7.341157573257128e-13
-90.53,-1.6857445505051198e-10,-7.346566067389781e-13
-90.52,-1.6867798081931601e-10,-7.351979129864888e-13
-90.51,-1.6878158207396394e-10,-7.357396246311818e-13
-90.5,-1.6888525882374237e-10,-7.362819213946198e-13
-90.49,-1.68989011439472e-10,-7.36824524055362e-13
-90.48,-1.6909283970413812e-10,-7.373677111925155e-13
-90.47,-1.6919674382794974e-10,-7.379113000771545e-13
-90.46,-1.6930072343761606e-10,-7.384554326738063e-13
-90.45,-1.6940477954951353e-10,-7.389999408930119e-13
-90.44,-1.6950891138663026e-10,-7.395449503843524e-13
-90.43,-1.696131192491622e-10,-7.400903948582651e-13
-90.42,-1.6971740332507603e-10,-7.406363492569242e-13
-90.41,-1.6982176346946688e-10,-7.411827372426414e-13
-90.4,-1.6992620003390053e-10,-7.417295681474344e-13
-90.39,-1.7003071272265857e-10,-7.422769468825688e-13
-90.38,-1.7013530188454964e-10,-7.428247231314296e-13
-90.37,-1.702399672652114e-10,-7.433730498425845e-13
-90.36,-1.7034470949327331e-10,-7.439217063081429e-13
-90.35,-1.7044952808237814e-10,-7.444709831442489e-13
-90.34,-1.7055442349959566e-10,-7.450205620713473e-13
-90.33,-1.7065939546873314e-10,-7.455707107069164e-13
-90.32,-1.7076444420435078e-10,-7.461213461855573e-13
-90.31,-1.7086956984211453e-10,-7.466724065485965e-13
-90.3,-1.7097477222238065e-10,-7.47223994820506e-13
-90.29,-1.710800517664231e-10,-7.477759991777655e-13
-90.28,-1.7118540818859417e-10,-7.483286099780008e-13
-90.27,-1.7129084162977145e-10,-7.488814795623907e-13
-90.26,-1.71396352383328e-10,-7.494349196267323e-13
-90.25,-1.7150194042070875e-10,-7.49988807019768e-13
-90.24,-1.7160760570786255e-10,-7.505431570264326e-13
-90.23,-1.7171334817282594e-10,-7.510980516044865e-13
-90.22,-1.718191681450574e-10,-7.516534216683179e-13
-90.21,-1.7192506571217605e-10,-7.52209177574138e-13
-90.2,-1.7203104063023271e-10,-7.527654779404333e-13
-90.19,-1.7213709314039668e-10,-7.533222024608977e-13
-90.18,-1.7224322387596762e-10,-7.538793713211277e-13
-90.17,-1.7234943173660485e-10,-7.544371765766746e-13
-90.16,-1.7245571753485632e-10,-7.549953570435055e-13
-90.15,-1.7256208142609656e-10,-7.555540182752193e-13
-90.14,-1.726685230185955e-10,-7.561131891063165e-13
-90.13,-1.7277504280042276e-10,-7.566727982985815e-13
-90.12,-1.728816404497431e-10,-7.572329282339187e-13
-90.11,-1.7298831642054974e-10,-7.577934847357733e-13
-90.1,-1.7309507045047702e-10,-7.58354585812927e-13
-90.09,-1.7320190281287293e-10,-7.589161096566557e-13
-90.08,-1.7330881354121086e-10,-7.594783258859545e-13
-90.07,-1.7341580279425417e-10,-7.600406370282725e-13
-90.06,-1.7352287045252989e-10,-7.606036074337069e-13
-90.05,-1.7363001656953604e-10,-7.611670509585742e-13
-90.04,-1.7373724140434006e-10,-7.617310147016668e-13
-90.03,-1.7384454488207367e-10,-7.622954218885138e-13
-90.02,-1.739519270571191e-10,-7.628603519744413e-13
-90.01,-1.740593878804973e-10,-7.634257939373923e-13
-90.0,-1.7416692789924554e-10,-7.639916364797382e-13
-89.99,-1.7427454658687287e-10,-7.645579950045959e-13
-89.98,-1.7438224441084988e-10,-7.651248659174387e-13
-89.97,-1.74490021401392e-10,-7.65692180879499e-13
-89.96,-1.7459787733908179e-10,-7.662600547893015e-13
-89.95,-1.7470581254200857e-10,-7.668283661064942e-13
-89.94,-1.7481382706466914e-10,-7.673971807483296e-13
-89.93,-1.749219209468971e-10,-7.679664550805852e-13
-89.92,-1.7503009414783277e-10,-7.685362792161863e-13
-89.91,-1.7513834704395479e-10,-7.691065033974716e-13
-89.9,-1.7524667931887801e-10,-7.69677243876116e-13
-89.89,-1.7535509113443447e-10,-7.702485049455654e-13
-89.88,-1.7546358276412553e-10,-7.70820254552136e-13
-89.87,-1.7557215412679062e-10,-7.713925418906048e-13
-89.86,-1.7568080527952429e-10,-7.719651981161413e-13
-89.85,-1.7578953622652004e-10,-7.725383945109649e-13
-89.84,-1.7589834740988548e-10,-7.731119666075768e-13
-89.83,-1.760072382308308e-10,-7.736863099359143e-13
-89.82,-1.7611620937253106e-10,-7.742609954363608e-13
-89.81,-1.7622526055471443e-10,-7.748363365268372e-13
-89.8,-1.7633439209425747e-10,-7.754118431391238e-13
-89.79,-1.764436039437537e-10,-7.75987984213593e-13
-89.78,-1.7655289603131183e-10,-7.765646761955647e-13
-89.77,-1.7666226861159962e-10,-7.771418469434644e-13
-89.76,-1.7677172164855717e-10,-7.777195407708193e-13
-89.75,-1.7688125530034511e-10,-7.782976374116659e-13
-89.74,-1.7699086950097023e-10,-7.788763421911218e-13
-89.73,-1.7710056454354664e-10,-7.794554440370398e-13
-89.72,-1.7721033987772323e-10,-7.800351755791198e-13
-89.71,-1.7732019698201647e-10,-7.806151887769624e-13
-89.7,-1.7743013432099945e-10,-7.811958900845215e-13
-89.69,-1.7754015281899695e-10,-7.817771024888941e-13
-89.68,-1.7765025229309854e-10,-7.823587009136762e-13
-89.67,-1.7776043303650214e-10,-7.829408062827692e-13
-89.66,-1.7787069485242717e-10,-7.835234779164562e-13
-89.65,-1.7798103787541076e-10,-7.84106635308875e-13
-89.64,-1.7809146224117852e-10,-7.846902804368378e-13
-89.63,-1.7820196815440912e-10,-7.852744456714373e-13
-89.62,-1.7831255532729e-10,-7.858591461086056e-13
-89.61,-1.784232242216701e-10,-7.864440982313331e-13
-89.6,-1.7853397452486066e-10,-7.870298939374951e-13
-89.59,-1.786448066790123e-10,-7.876160511971905e-13
-89.58,-1.787557203888842e-10,-7.882027651123949e-13
-89.57,-1.7886671608578255e-10,-7.887898902026488e-13
-89.56,-1.789777935077744e-10,-7.893775978309222e-13
-89.55,-1.7908895309455882e-10,-7.899657641738983e-13
-89.54,-1.7920019473471268e-10,-7.905544033974586e-13
-89.53,-1.7931151807067716e-10,-7.91143617001548e-13
-89.52,-1.7942292385662948e-10,-7.917334214644688e-13
-89.51,-1.7953441174082884e-10,-7.923235955012444e-13
-89.5,-1.7964598198748433e-10,-7.929143243245642e-13
-89.49,-1.797576346719957e-10,-7.9350554916255e-13
-89.48,-1.7986936982935226e-10,-7.940972693806201e-13
-89.47,-1.7998118732751457e-10,-7.946895610464729e-13
-89.46,-1.8009308759210948e-10,-7.95282294214655e-13
-89.45,-1.8020507034968882e-10,-7.958755773074101e-13
-89.44,-1.8031713592945703e-10,-7.96469362268933e-13
-89.43,-1.8042928425752567e-10,-7.970636292281713e-13
-89.42,-1.805415153779919e-10,-7.976585137206559e-13
-89.41,-1.8065382956029645e-10,-7.982538218205561e-13
-89.4,-1.8076622681723376e-10,-7.988496003394194e-13
-89.39,-1.8087870700740255e-10,-7.994460052532974e-13
-89.38,-1.809912703485974e-10,-8.000428661308209e-13
-89.37,-1.8110391690198577e-10,-8.006402647254472e-13
-89.36,-1.8121664692312393e-10,-8.012381188273555e-13
-89.35,-1.8132946016583364e-10,-8.01836607036931e-13
-89.34,-1.8144235677718e-10,-8.02435537409099e-13
-89.33,-1.815553369507476e-10,-8.030349956262041e-13
-89.32,-1.8166840080797238e-10,-8.03634928985356e-13
-89.31,-1.8178154817507092e-10,-8.042353964801607e-13
-89.3,-1.8189477940504654e-10,-8.048364138489173e-13
-89.29,-1.8200809422645155e-10,-8.054379315710484e-13
-89.28,-1.8212149305062794e-10,-8.060400062753994e-13
-89.27,-1.822349759255648e-10,-8.066425310004549e-13
-89.26,-1.823485425907463e-10,-8.072455826360493e-13
-89.25,-1.8246219329935098e-10,-8.078490467528619e-13
-89.24,-1.8257592809844386e-10,-8.08453362189185e-13
-89.23,-1.8268974748150448e-10,-8.090580760004309e-13
-89.22,-1.828036509995927e-10,-8.096631913675981e-13
-89.21,-1.8291763885030483e-10,-8.102688637950062e-13
-89.2,-1.8303171111154368e-10,-8.108751293907679e-13
-89.19,-1.8314586794295396e-10,-8.114818655139131e-13
-89.18,-1.8326010929936067e-10,-8.12089143411151e-13
-89.17,-1.8337443526493643e-10,-8.126969286440183e-13
-89.16,-1.834888459422074e-10,-8.133052918449311e-13
-89.15,-1.8360334172743083e-10,-8.139141011417387e-13
-89.14,-1.8371792174032067e-10,-8.14523569227538e-13
-89.13,-1.8383258757524857e-10,-8.151333492552965e-13
-89.12,-1.839473378283738e-10,-8.157438180143782e-13
-89.11,-1.8406217338173847e-10,-8.163547597231674e-13
-89.1,-1.8417709405274522e-10,-8.169662619527233e-13
-89.09,-1.8429209995404814e-10,-8.175782755189527e-13
-89.08,-1.8440719112530776e-10,-8.181908653620426e-13
-89.07,-1.845223677083584e-10,-8.188039170362596e-13
-89.06,-1.8463762985843666e-10,-8.19417436570048e-13
-89.05,-1.8475297717269537e-10,-8.20031707472868e-13
-89.04,-1.848684106606994e-10,-8.206462999304057e-13
-89.03,-1.8498392945017423e-10,-8.21261510840287e-13
-89.02,-1.8509953406544249e-10,-8.218772526493825e-13
-89.01,-1.8521522450163403e-10,-8.224936187387028e-13
-89.0,-1.8533100099954818e-10,-8.23110338787907e-13
-88.99,-1.854468631842415e-10,-8.237276630329813e-13
-88.98,-1.8556281154628267e-10,-8.243455716112318e-13
-88.97,-1.8567884605189226e-10,-8.249639854143321e-13
-88.96,-1.8579496665820152e-10,-8.255830262087095e-13
-88.95,-1.8591117369273365e-10,-8.262024375851821e-13
-88.94,-1.860274670401088e-10,-8.268224273425876e-13
-88.93,-1.861438466372633e-10,-8.274430437124557e-13
-88.92,-1.862603129275967e-10,-8.280640514513327e-13
-88.91,-1.8637686569689214e-10,-8.286857307891353e-13
-88.9,-1.864935050656702e-10,-8.293079556810885e-13
-88.89,-1.8661023114809948e-10,-8.299306455144933e-13
-88.88,-1.8672704413440218e-10,-8.305538843296808e-13
-88.87,-1.8684394401040624e-10,-8.311775805627714e-13
-88.86,-1.8696093055909481e-10,-8.318020157572984e-13
-88.85,-1.870780043210364e-10,-8.324269421261572e-13
-88.84,-1.8719516508019338e-10,-8.330523592838263e-13
-88.83,-1.8731241300146482e-10,-8.336783578156708e-13
-88.82,-1.874297482796274e-10,-8.343048149099845e-13
-88.81,-1.875471707794847e-10,-8.349319078338197e-13
-88.8,-1.876646807471938e-10,-8.355595551651486e-13
-88.79,-1.8778227813771348e-10,-8.361876488867963e-13
-88.78,-1.8789996288632166e-10,-8.368164704857104e-13
-88.77,-1.8801773549462098e-10,-8.374456743565887e-13
-88.76,-1.8813559583272624e-10,-8.380753707918866e-13
-88.75,-1.882535436903954e-10,-8.387057067489019e-13
-88.74,-1.8837157955855865e-10,-8.39336597102289e-13
-88.73,-1.8848970331100076e-10,-8.399680360064393e-13
-88.72,-1.8860791499596002e-10,-8.406000187779365e-13
-88.71,-1.887262147983281e-10,-8.412325978234946e-13
-88.7,-1.8884460267435126e-10,-8.418656866557204e-13
-88.69,-1.889630789922938e-10,-8.424991647808893e-13
-88.68,-1.8908164332368545e-10,-8.431334662953695e-13
-88.67,-1.8920029631113597e-10,-8.437681088483123e-13
-88.66,-1.8931903744920643e-10,-8.444034236932023e-13
-88.65,-1.894378672592692e-10,-8.450392808809463e-13
-88.64,-1.895567855844341e-10,-8.456757124636105e-13
-88.63,-1.8967579268753982e-10,-8.463126684597374e-13
-88.62,-1.897948885260281e-10,-8.469501927371409e-13
-88.61,-1.8991407313739518e-10,-8.475882303673948e-13
-88.6,-1.9003334659349663e-10,-8.482268865002761e-13
-88.59,-1.901527093343072e-10,-8.48865928632806e-13
-88.58,-1.9027216101691603e-10,-8.495055334199006e-13
-88.57,-1.9039170151974337e-10,-8.501460721670088e-13
-88.56,-1.905113315376063e-10,-8.507868985686993e-13
-88.55,-1.9063105078310123e-10,-8.514282447886017e-13
-88.54,-1.9075085948670077e-10,-8.520701933925687e-13
-88.53,-1.908707573650895e-10,-8.527127632440864e-13
-88.52,-1.9099074498179312e-10,-8.533558505081409e-13
-88.51,-1.9111082208679104e-10,-8.539994543785378e-13
-88.5,-1.912309889729312e-10,-8.546436089324174e-13
-88.49,-1.9135124557746205e-10,-8.552884982670559e-13
-88.48,-1.914715917969439e-10,-8.559338317200354e-13
-88.47,-1.91592028330547e-10,-8.565797211052038e-13
-88.46,-1.917125545779778e-10,-8.572261279635058e-13
-88.45,-1.9183317100202416e-10,-8.5787312494249e-13
-88.44,-1.9195387749328257e-10,-8.585207146159049e-13
-88.43,-1.9207467425488605e-10,-8.591688861240382e-13
-88.42,-1.9219556131573637e-10,-8.598176070672176e-13
-88.41,-1.923165386765549e-10,-8.604668358142195e-13
-88.4,-1.9243760691584092e-10,-8.611166823586605e-13
-88.39,-1.9255876488202702e-10,-8.617671932478276e-13
-88.38,-1.9268001393658792e-10,-8.62418108545889e-13
-88.37,-1.9280135361455905e-10,-8.630696786654651e-13
-88.36,-1.9292278408152053e-10,-8.637217427230685e-13
-88.35,-1.930443054644895e-10,-8.643745140994249e-13
-88.34,-1.9316591768499298e-10,-8.650277403037918e-13
-88.33,-1.9328762091723296e-10,-8.656815226966205e-13
-88.32,-1.93409415215761e-10,-8.663359171075385e-13
-88.31,-1.9353130068827378e-10,-8.669908360914663e-13
-88.3,-1.9365327735572082e-10,-8.676465279038367e-13
-88.29,-1.9377534546027356e-10,-8.683026234715113e-13
-88.28,-1.938975049099982e-10,-8.689592753848019e-13
-88.27,-1.9401975583661622e-10,-8.696164840569331e-13
-88.26,-1.941420982806014e-10,-8.7027438520863e-13
-88.25,-1.9426453234161142e-10,-8.70932782624222e-13
-88.24,-1.9438705821671706e-10,-8.715917804816111e-13
-88.23,-1.945096757527922e-10,-8.722513242601359e-13
-88.22,-1.946323852106564e-10,-8.729115774329069e-13
-88.21,-1.947551867130194e-10,-8.735721881511905e-13
-88.2,-1.9487808021255143e-10,-8.742335249365523e-13
-88.19,-1.9500106569382815e-10,-8.748954099130057e-13
-88.18,-1.9512414355787825e-10,-8.755578322802553e-13
-88.17,-1.9524731349445827e-10,-8.762208999408204e-13
-88.16,-1.9537057589017902e-10,-8.768845186428888e-13
-88.15,-1.9549393070654772e-10,-8.775486976263695e-13
-88.14,-1.9561737795665599e-10,-8.782134835268497e-13
-88.13,-1.9574091800645037e-10,-8.78878823025832e-13
-88.12,-1.9586455078676373e-10,-8.795447595875779e-13
-88.11,-1.959882767085761e-10,-8.802111228606266e-13
-88.1,-1.9611209409442048e-10,-8.808784822389047e-13
-88.09,-1.9623600520380066e-10,-8.815461503780429e-13
-88.08,-1.963600092729869e-10,-8.822144118050094e-13
-88.07,-1.964841062716009e-10,-8.828833389501075e-13
-88.06,-1.966082967487946e-10,-8.835527456194368e-13
-88.05,-1.9673258036161135e-10,-8.842227843466554e-13
-88.04,-1.968569572358144e-10,-8.848934163315724e-13
-88.03,-1.9698142747729325e-10,-8.855646545977951e-13
-88.02,-1.9710599143605658e-10,-8.862363822703905e-13
-88.01,-1.972306485572207e-10,-8.869088592011032e-13
-88.0,-1.9735539946788318e-10,-8.875817756825422e-13
-87.99,-1.9748024420007786e-10,-8.88255307769418e-13
-87.98,-1.9760518265892355e-10,-8.889295751580238e-13
-87.97,-1.9773021503675854e-10,-8.896043559191959e-13
-87.96,-1.9785534123693595e-10,-8.90279699811754e-13
-87.95,-1.979805617117577e-10,-8.909556721391626e-13
-87.94,-1.981058762180178e-10,-8.91632140436447e-13
-87.93,-1.9823128511172448e-10,-8.923092468099877e-13
-87.92,-1.9835678796700106e-10,-8.929869977715544e-13
-87.91,-1.9848238543675172e-10,-8.936652880794973e-13
-87.9,-1.9860807729470824e-10,-8.943442316158105e-13
-87.89,-1.9873386368352308e-10,-8.950237126860875e-13
-87.88,-1.9885974468612293e-10,-8.957038629682186e-13
-87.87,-1.9898572040976469e-10,-8.963845679437403e-13
-87.86,-1.9911179103985974e-10,-8.970658659614341e-13
-87.85,-1.9923795636838947e-10,-8.977477535293973e-13
-87.84,-1.9936421681960765e-10,-8.984303322756441e-13
-87.83,-1.9949057207808794e-10,-8.991133766074623e-13
-87.82,-1.9961702249660502e-10,-8.997970648237019e-13
-87.81,-1.9974356819768117e-10,-9.004813955379827e-13
-87.8,-1.9987020920682616e-10,-9.011662828398285e-13
-87.79,-1.9999694553382452e-10,-9.018517990840493e-13
-87.78,-2.0012377733423562e-10,-9.025378695687009e-13
-87.77,-2.0025070472444563e-10,-9.032245931388583e-13
-87.76,-2.0037772763312445e-10,-9.039119275586437e-13
-87.75,-2.005048459954071e-10,-9.045998915609806e-13
-87.74,-2.0063206065092255e-10,-9.05288333886059e-13
-87.73,-2.0075937092793535e-10,-9.059775029158647e-13
-87.72,-2.0088677722200298e-10,-9.066672159630264e-13
-87.71,-2.010142795117241e-10,-9.073575559343304e-13
-87.7,-2.011418778392045e-10,-9.080485343903296e-13
-87.69,-2.0126957251457417e-10,-9.087400827209186e-13
-87.68,-2.0139736338768953e-10,-9.094322577460356e-13
-87.67,-2.0152525060158655e-10,-9.101250123983655e-13
-87.66,-2.0165323439714773e-10,-9.108183366274236e-13
-87.65,-2.0178131459469925e-10,-9.11512439445637e-13
-87.64,-2.01909491194211e-10,-9.122069959207375e-13
-87.63,-2.0203776507556078e-10,-9.12902211190458e-13
-87.62,-2.0216613534791828e-10,-9.135980704282826e-13
-87.61,-2.0229460254985866e-10,-9.142945113647694e-13
-87.6,-2.024231666139336e-10,-9.149916171641902e-13
-87.59,-2.0255182798521736e-10,-9.156892399369382e-13
-87.58,-2.0268058634649446e-10,-9.163875425004109e-13
-87.57,-2.0280944177219738e-10,-9.170864308081105e-13
-87.56,-2.02938394685202e-10,-9.17785963204974e-13
-87.55,-2.0306744502467366e-10,-9.184861230675426e-13
-87.54,-2.0319659267574732e-10,-9.191868626346041e-13
-87.53,-2.0332583782730687e-10,-9.198882280947846e-13
-87.52,-2.034551808629497e-10,-9.20590219190834e-13
-87.51,-2.0358462146229846e-10,-9.212928416549525e-13
-87.5,-2.0371415991333493e-10,-9.219960697861847e-13
-87.49,-2.038437962038056e-10,-9.226999466775605e-13
-87.48,-2.0397353047444402e-10,-9.234044079714717e-13
-87.47,-2.041033628763782e-10,-9.241094796205637e-13
-87.46,-2.0423329325553905e-10,-9.248152455857648e-13
-87.45,-2.0436332217599275e-10,-9.255215633834299e-13
-87.44,-2.044934492688068e-10,-9.262284728246862e-13
-87.43,-2.0462367492614908e-10,-9.269359959151588e-13
-87.42,-2.0475399862670986e-10,-9.276443350842248e-13
-87.41,-2.0488442123908702e-10,-9.283531655070927e-13
-87.4,-2.0501494246028793e-10,-9.29062614550041e-13
-87.39,-2.0514556244714736e-10,-9.297727212791713e-13
-87.38,-2.0527628121863876e-10,-9.304834268214994e-13
-87.37,-2.0540709942824842e-10,-9.311945511299988e-13
-87.36,-2.0553801576991492e-10,-9.31906762212034e-13
-87.35,-2.0566903151126864e-10,-9.326193567101955e-13
-87.34,-2.0580014666336788e-10,-9.333325922850004e-13
-87.33,-2.0593136084525938e-10,-9.340464834468021e-13
-87.32,-2.060626746714691e-10,-9.347609697191577e-13
-87.31,-2.061940876685524e-10,-9.354760646092354e-13
-87.3,-2.0632560036021464e-10,-9.361918374011547e-13
-87.29,-2.0645721261166534e-10,-9.369081493232835e-13
-87.28,-2.0658892463190938e-10,-9.376254262575087e-13
-87.27,-2.0672073615812736e-10,-9.383429494593677e-13
-87.26,-2.0685264799333682e-10,-9.390612363102224e-13
-87.25,-2.0698465967878896e-10,-9.39780125702161e-13
-87.24,-2.0711677129397687e-10,-9.40499684476184e-13
-87.23,-2.0724898313030762e-10,-9.412199393593496e-13
-87.22,-2.0738129512035278e-10,-9.419407971274982e-13
-87.21,-2.0751370751915878e-10,-9.426622159066816e-13
-87.2,-2.076462204075114e-10,-9.433843084407986e-13
-87.19,-2.0777883366548606e-10,-9.44107121068788e-13
-87.18,-2.0791154777472798e-10,-9.448304108429355e-13
-87.17,-2.0804436232908966e-10,-9.455544610809352e-13
-87.16,-2.0817727721897009e-10,-9.46279246165514e-13
-87.15,-2.083102934556572e-10,-9.470045971529935e-13
-87.14,-2.0844341056066488e-10,-9.477304945813328e-13
-87.13,-2.0857662873766957e-10,-9.484571366967034e-13
-87.12,-2.0870994781824737e-10,-9.491843943311991e-13
-87.11,-2.088433683249179e-10,-9.499122575717395e-13
-87.1,-2.0897689005354153e-10,-9.506408230270787e-13
-87.09,-2.0911051314636916e-10,-9.51370018245277e-13
-87.08,-2.0924423779826874e-10,-9.520998097797312e-13
-87.07,-2.09378063844089e-10,-9.528303332453077e-13
-87.06,-2.0951199159439072e-10,-9.535614329556265e-13
-87.05,-2.0964602116640045e-10,-9.54293202969048e-13
-87.04,-2.097801524515985e-10,-9.550256382933417e-13
-87.03,-2.0991438574146562e-10,-9.557587882494322e-13
-87.02,-2.1004872096727748e-10,-9.564924317916632e-13
-87.01,-2.1018315840651273e-10,-9.572268053966918e-13
-87.0,-2.103176979321098e-10,-9.579618478401857e-13
-86.99,-2.104523397212136e-10,-9.586976083906626e-13
-86.98,-2.1058708402694527e-10,-9.594338106470987e-13
-86.97,-2.1072193055603428e-10,-9.601708657161948e-13
-86.96,-2.108568798034824e-10,-9.609085138327204e-13
-86.95,-2.109919315138089e-10,-9.616468083453368e-13
-86.94,-2.1112708611868303e-10,-9.623857755237272e-13
-86.93,-2.112623434723237e-10,-9.6312535500361e-13
-86.92,-2.1139770382558207e-10,-9.638656851804656e-13
-86.91,-2.115331670376053e-10,-9.646065238783973e-13
-86.9,-2.1166873363634978e-10,-9.653481322652275e-13
-86.89,-2.1180440297696953e-10,-9.660903659839989e-13
-86.88,-2.1194017572832301e-10,-9.66833282092891e-13
-86.87,-2.1207605189910845e-10,-9.675768797960229e-13
-86.86,-2.122120315454894e-10,-9.683210683329789e-13
-86.85,-2.1234811455227104e-10,-9.690659984680764e-13
-86.84,-2.1248430144453327e-10,-9.698115000815921e-13
-86.83,-2.126205919044797e-10,-9.705577171549041e-13
-86.82,-2.1275698627120634e-10,-9.713045625796538e-13
-86.81,-2.1289348460981975e-10,-9.72052114911482e-13
-86.8,-2.130300868341125e-10,-9.72800377996436e-13
-86.79,-2.1316679304126034e-10,-9.735491875837906e-13
-86.78,-2.1330360363333975e-10,-9.742987089679657e-13
-86.77,-2.1344051837526045e-10,-9.750489279495465e-13
-86.76,-2.135775374559047e-10,-9.757998157291835e-13
-86.75,-2.1371466113665399e-10,-9.76551301002705e-13
-86.74,-2.1385188928155482e-10,-9.77303544665293e-13
-86.73,-2.1398922199826337e-10,-9.780564303247342e-13
-86.72,-2.1412665941733666e-10,-9.788100288537423e-13
-86.71,-2.1426420188422716e-10,-9.795641193313943e-13
-86.7,-2.1440184915262121e-10,-9.803191121426882e-13
-86.69,-2.1453960150888504e-10,-9.810745945034216e-13
-86.68,-2.1467745886294252e-10,-9.818308361293485e-13
-86.67,-2.1481542148858493e-10,-9.825876990957434e-13
-86.66,-2.1495348929993818e-10,-9.833453050068244e-13
-86.65,-2.1509166257183603e-10,-9.841035987302322e-13
-86.64,-2.1522994124595675e-10,-9.8486250586084e-13
-86.63,-2.1536832549409122e-10,-9.856221263883895e-13
-86.62,-2.1550681538610097e-10,-9.863824744595856e-13
-86.61,-2.1564541102529642e-10,-9.87143211954928e-13
-86.6,-2.1578411275796638e-10,-9.879050240360522e-13
-86.59,-2.1592292031625312e-10,-9.886673318256565e-13
-86.58,-2.1606183373688567e-10,-9.89430360874561e-13
-86.57,-2.1620085346597543e-10,-9.901940255776e-13
-86.56,-2.1633997925447012e-10,-9.909583315794486e-13
-86.55,-2.1647921143885657e-10,-9.91723455654026e-13
-86.54,-2.1661855010346042e-10,-9.924891655760943e-13
-86.53,-2.1675799528164936e-10,-9.932555644856239e-13
-86.52,-2.1689754715000195e-10,-9.940226565770091e-13
-86.51,-2.1703720525901268e-10,-9.947904397633995e-13
-86.5,-2.1717697047665108e-10,-9.955589122879577e-13
-86.49,-2.1731684256574153e-10,-9.963280821085549e-13
-86.48,-2.1745682161152171e-10,-9.970979000212137e-13
-86.47,-2.1759690775431516e-10,-9.97868438920588e-13
-86.46,-2.177371009831175e-10,-9.986396167190956e-13
-86.45,-2.1787740148702491e-10,-9.994115434971707e-13
-86.44,-2.1801780936393903e-10,-1.0001841471326168e-12
-86.43,-2.1815832474553395e-10,-1.0009574301492029e-12
-86.42,-2.1829894762279548e-10,-1.0017313715610019e-12
-86.41,-2.1843967801694645e-10,-1.0025060420604203e-12
-86.4,-2.1858051634218717e-10,-1.0032814101430893e-12
-86.39,-2.1872146242949735e-10,-1.004057457529585e-12
-86.38,-2.1886251643611866e-10,-1.0048342929178696e-12
-86.37,-2.1900367845787408e-10,-1.0056116439158838e-12
-86.36,-2.1914494865095887e-10,-1.0063897748428236e-12
-86.35,-2.1928632691220652e-10,-1.0071686284800854e-12
-86.34,-2.1942781337785213e-10,-1.0079483176359733e-12
-86.33,-2.1956940868932147e-10,-1.0087283311551322e-12
-86.32,-2.1971111225119553e-10,-1.0095092461010026e-12
-86.31,-2.1985292436092716e-10,-1.0102909339641551e-12
-86.3,-2.199948452261801e-10,-1.0110732392278338e-12
-86.29,-2.2013687492268148e-10,-1.01185626830033e-12
-86.28,-2.202790133582406e-10,-1.0126399671163011e-12
-86.27,-2.204212608821759e-10,-1.0134243829413669e-12
-86.26,-2.2056361751250555e-10,-1.0142095119377707e-12
-86.25,-2.2070608335281169e-10,-1.0149952707778855e-12
-86.24,-2.2084865827595762e-10,-1.015781840444315e-12
-86.23,-2.2099134261616675e-10,-1.0165690978134713e-12
-86.22,-2.2113413661422725e-10,-1.017357038587898e-12
-86.21,-2.2127703993319137e-10,-1.0181456848867294e-12
-86.2,-2.2142005303907368e-10,-1.0189350361331839e-12
-86.19,-2.2156317590309352e-10,-1.0197251124531707e-12
-86.18,-2.2170640858742223e-10,-1.020515873164222e-12
-86.17,-2.218497511257677e-10,-1.021307373535596e-12
-86.16,-2.2199320394432414e-10,-1.0220994672978604e-12
-86.15,-2.2213676652044865e-10,-1.0228925387207208e-12
-86.14,-2.2228043928387942e-10,-1.0236859353980108e-12
-86.13,-2.2242422320874172e-10,-1.0244803788419328e-12
-86.12,-2.2256811704106324e-10,-1.025275427956743e-12
-86.11,-2.2271212143716552e-10,-1.0260711443170759e-12
-86.1,-2.2285623646120778e-10,-1.0268675947974664e-12
-86.09,-2.2300046229600925e-10,-1.027664771269644e-12
-86.08,-2.231447988677441e-10,-1.028462645508413e-12
-86.07,-2.2328924647161406e-10,-1.0292612452895817e-12
-86.06,-2.23433804998646e-10,-1.030060574775865e-12
-86.05,-2.2357847449347414e-10,-1.030860696341924e-12
-86.04,-2.2372325554654269e-10,-1.0316613876092079e-12
-86.03,-2.2386814771616708e-10,-1.0324628607562452e-12
-86.02,-2.2401315143800757e-10,-1.033265051574359e-12
-86.01,-2.2415826668972757e-10,-1.0340679428595678e-12
-86.0,-2.2430349345873732e-10,-1.0348715935665512e-12
-85.99,-2.244488319720177e-10,-1.0356759256019976e-12
-85.98,-2.2459428236660621e-10,-1.0364809986332563e-12
-85.97,-2.247398447050729e-10,-1.03728683487201e-12
-85.96,-2.24885518724046e-10,-1.038093359519959e-12
-85.95,-2.250313053908108e-10,-1.038900616849616e-12
-85.94,-2.251772040282246e-10,-1.0397085843818369e-12
-85.93,-2.2532321506742564e-10,-1.0405172723248671e-12
-85.92,-2.254693383289222e-10,-1.041326698137748e-12
-85.91,-2.2561557424987437e-10,-1.0421368484270899e-12
-85.9,-2.2576192280628297e-10,-1.0429478170144948e-12
-85.89,-2.2590838404602844e-10,-1.0437593436325329e-12
-85.88,-2.2605495809349322e-10,-1.04457175433074e-12
-85.87,-2.262016457576617e-10,-1.0453847171880205e-12
-85.86,-2.2634844517928313e-10,-1.0461986134248927e-12
-85.85,-2.2649535817125905e-10,-1.047013191772055e-12
-85.84,-2.266423845725265e-10,-1.04782837717197e-12
-85.83,-2.2678952415696603e-10,-1.0486444287276506e-12
-85.82,-2.269367772623313e-10,-1.0494611147567366e-12
-85.81,-2.2708414387853049e-10,-1.0502786760891528e-12
-85.8,-2.2723162424096294e-10,-1.0510968528614936e-12
-85.79,-2.2737921814360907e-10,-1.0519158182852703e-12
-85.78,-2.2752692563113016e-10,-1.0527356093880638e-12
-85.77,-2.276747476087661e-10,-1.053555924720103e-12
-85.76,-2.2782268336281853e-10,-1.0543771741544471e-12
-85.75,-2.2797073341346444e-10,-1.0551989867861326e-12
-85.74,-2.2811889753968912e-10,-1.0560216407718747e-12
-85.73,-2.2826717588571815e-10,-1.0568449705991986e-12
-85.72,-2.284155689058963e-10,-1.057669139461519e-12
-85.71,-2.2856407634449995e-10,-1.0584939956914296e-12
-85.7,-2.2871269849283333e-10,-1.0593196565518114e-12
-85.69,-2.2886143532375366e-10,-1.0601459980572393e-12
-85.68,-2.290102868232402e-10,-1.0609730237823885e-12
-85.67,-2.2915925344000452e-10,-1.0618011209612234e-12
-85.66,-2.293083354504089e-10,-1.0626294143173087e-12
-85.65,-2.2945753223364254e-10,-1.063458856468424e-12
-85.64,-2.2960684430637522e-10,-1.0642889445712984e-12
-85.63,-2.2975627190143743e-10,-1.0651198036617922e-12
-85.62,-2.2990581463273654e-10,-1.0659514340941843e-12
-85.61,-2.3005547330099773e-10,-1.0667837354809107e-12
-85.6,-2.302052473808618e-10,-1.0676168361673365e-12
-85.59,-2.3035513743942013e-10,-1.0684505962956363e-12
-85.58,-2.3050514332987418e-10,-1.0692851751686903e-12
-85.57,-2.306552651740528e-10,-1.0701205873230046e-12
-85.56,-2.308055030078594e-10,-1.070956669198011e-12
-85.55,-2.3095585706860864e-10,-1.0717935354133138e-12
-85.54,-2.3110632745639752e-10,-1.072631144268768e-12
-85.53,-2.312569142556158e-10,-1.0734695456401065e-12
-85.52,-2.314076175571799e-10,-1.0743086357627875e-12
-85.51,-2.315584373157576e-10,-1.0751485199788934e-12
-85.5,-2.3170937406678536e-10,-1.075989135076259e-12
-85.49,-2.3186042740108774e-10,-1.0768305630931262e-12
-85.48,-2.320115977702337e-10,-1.0776726677653527e-12
-85.47,-2.32162885210126e-10,-1.0785156489273677e-12
-85.46,-2.3231428963158782e-10,-1.0793593387941457e-12
-85.45,-2.3246581137811092e-10,-1.0802037398827147e-12
-85.44,-2.326174504179261e-10,-1.0810489625626074e-12
-85.43,-2.3276920688048006e-10,-1.081894998540277e-12
-85.42,-2.329210808859517e-10,-1.0827417140573526e-12
-85.41,-2.330730727058875e-10,-1.0835892114594393e-12
-85.4,-2.33225181842466e-10,-1.0844375453478817e-12
-85.39,-2.333774094893687e-10,-1.0852865300032754e-12
-85.38,-2.335297547158007e-10,-1.0861363184565568e-12
-85.37,-2.3368221807846676e-10,-1.0869869111515187e-12
-85.36,-2.338347996096434e-10,-1.08783823428752e-12
-85.35,-2.339874993941666e-10,-1.088690354982224e-12
-85.34,-2.341403176961558e-10,-1.0895432457998792e-12
-85.33,-2.342932543764884e-10,-1.0903969148392328e-12
-85.32,-2.344463096846888e-10,-1.0912513625460321e-12
-85.31,-2.345994838382741e-10,-1.0921063984212026e-12
-85.3,-2.34752776515168e-10,-1.092962587721907e-12
-85.29,-2.3490618840113365e-10,-1.09381929513636e-12
-85.28,-2.3505971919681316e-10,-1.094676789538767e-12
-85.27,-2.3521336903831344e-10,-1.0955351499144078e-12
-85.26,-2.353671383069692e-10,-1.0963942198288103e-12
-85.25,-2.3552102678344756e-10,-1.0972540616874402e-12
-85.24,-2.3567503482812553e-10,-1.0981146883478865e-12
-85.23,-2.358291623863348e-10,-1.0989761466672286e-12
-85.22,-2.359834096549663e-10,-1.0998383037234533e-12
-85.21,-2.3613777659516946e-10,-1.100701377217425e-12
-85.2,-2.362922634822442e-10,-1.1015651857921737e-12
-85.19,-2.3644687033441735e-10,-1.102429702503329e-12
-85.18,-2.3660159739762913e-10,-1.1032949998481262e-12
-85.17,-2.3675644467342873e-10,-1.1041611043655643e-12
-85.16,-2.369114122746456e-10,-1.105028046955122e-12
-85.15,-2.3706650014462913e-10,-1.1058957301656548e-12
-85.14,-2.372217086034497e-10,-1.106764222154342e-12
-85.13,-2.373770377940743e-10,-1.1076334514674404e-12
-85.12,-2.3753248768406555e-10,-1.1085035395789422e-12
-85.11,-2.376880580934276e-10,-1.1093744592945395e-12
-85.1,-2.378437500710497e-10,-1.1102460682874382e-12
-85.09,-2.379995628976168e-10,-1.1111184625635581e-12
-85.08,-2.381554968121234e-10,-1.1119916947204357e-12
-85.07,-2.383115520379857e-10,-1.1128657107426756e-12
-85.06,-2.384677288070178e-10,-1.113740540741593e-12
-85.05,-2.3862402646776643e-10,-1.1146161948629495e-12
-85.04,-2.387804468408834e-10,-1.115492495281716e-12
-85.03,-2.3893698828323264e-10,-1.1163697333246181e-12
-85.02,-2.3909365195967273e-10,-1.117247647180455e-12
-85.01,-2.392504370382491e-10,-1.118126535791744e-12
-85.0,-2.394073443582381e-10,-1.1190061214096362e-12
-84.99,-2.3956437410320376e-10,-1.1198864535601683e-12
-84.98,-2.3972152580156396e-10,-1.120767705939762e-12
-84.97,-2.3987880005067436e-10,-1.12164962724784e-12
-84.96,-2.400361973179306e-10,-1.1225323434487633e-12
-84.95,-2.4019371612538944e-10,-1.123416034440189e-12
-84.94,-2.403513582099426e-10,-1.1243004802547012e-12
-84.93,-2.4050912234331307e-10,-1.1251857391695618e-12
-84.92,-2.406670109383398e-10,-1.1260716562873972e-12
-84.91,-2.4082502182936233e-10,-1.126958476584467e-12
-84.9,-2.409831558263589e-10,-1.1278461472437652e-12
-84.89,-2.411414132053457e-10,-1.1287345258061818e-12
-84.88,-2.4129979387227763e-10,-1.1296238349397714e-12
-84.87,-2.414582981839425e-10,-1.1305138177696522e-12
-84.86,-2.4161692590306124e-10,-1.1314046695033896e-12
-84.85,-2.41775677506908e-10,-1.1322962943192814e-12
-84.84,-2.4193455278601814e-10,-1.1331887600086338e-12
-84.83,-2.420935522322727e-10,-1.1340821680188838e-12
-84.82,-2.422526755002952e-10,-1.134976236067607e-12
-84.81,-2.4241192296486493e-10,-1.1358711659794924e-12
-84.8,-2.425712948405069e-10,-1.136766886841113e-12
-84.79,-2.4273079104726866e-10,-1.1376634786480775e-12
-84.78,-2.428904118122218e-10,-1.1385608327909262e-12
-84.77,-2.430501570358741e-10,-1.1394590205145145e-12
-84.76,-2.432100271002216e-10,-1.140358024270018e-12
-84.75,-2.4337002191675087e-10,-1.1412579264644507e-12
-84.74,-2.4353014164496346e-10,-1.1421585595569266e-12
-84.73,-2.436903868481544e-10,-1.1430599471937027e-12
-84.72,-2.4385075684146037e-10,-1.1439622531946535e-12
-84.71,-2.4401125212402626e-10,-1.1448653765153548e-12
-84.7,-2.4417187292466554e-10,-1.1457693694699057e-12
-84.69,-2.443326192250141e-10,-1.1466740525726277e-12
-84.68,-2.444934911838434e-10,-1.147579649364803e-12
-84.67,-2.446544888016246e-10,-1.1484860945024567e-12
-84.66,-2.4481561235672413e-10,-1.1493933531210937e-12
-84.65,-2.4497686184051573e-10,-1.1503013997722562e-12
-84.64,-2.451382368575764e-10,-1.151210404777073e-12
-84.63,-2.452997391164539e-10,-1.1521200568078778e-12
-84.62,-2.454613672609523e-10,-1.15303060265277e-12
-84.61,-2.456231217776845e-10,-1.1539419940500902e-12
-84.6,-2.457850026851972e-10,-1.1548542758408421e-12
-84.59,-2.459470106322768e-10,-1.1557672331466674e-12
-84.58,-2.461091450449736e-10,-1.156681094414701e-12
-84.57,-2.4627140642010313e-10,-1.1575958376193649e-12
-84.56,-2.464337946985193e-10,-1.1585114088539206e-12
-84.55,-2.465963101926794e-10,-1.1594278958961914e-12
-84.54,-2.467589529604025e-10,-1.1603450847332283e-12
-84.53,-2.469217230425567e-10,-1.161263115256829e-12
-84.52,-2.470846206009077e-10,-1.162182094821917e-12
-84.51,-2.472476456913024e-10,-1.1631018370185264e-12
-84.5,-2.474107984755743e-10,-1.1640224015539104e-12
-84.49,-2.475740790023942e-10,-1.1649439090730502e-12
-84.48,-2.4773748754515495e-10,-1.1658660804172595e-12
-84.47,-2.479010240774536e-10,-1.166789259590202e-12
-84.46,-2.4806468863939876e-10,-1.1677132639589371e-12
-84.45,-2.4822848181126455e-10,-1.1686380771395962e-12
-84.44,-2.483924031049264e-10,-1.1695637120660705e-12
-84.43,-2.485564529919345e-10,-1.1704902050595394e-12
-84.42,-2.4872063145330356e-10,-1.1714176017703348e-12
-84.41,-2.4888493883321445e-10,-1.1723456832311247e-12
-84.4,-2.4904937477043483e-10,-1.1732748036481576e-12
-84.39,-2.492139398297483e-10,-1.1742047367133879e-12
-84.38,-2.493786338640515e-10,-1.1751355028295565e-12
-84.37,-2.4954345757320977e-10,-1.1760668730290296e-12
-84.36,-2.497084099048968e-10,-1.1769994783577485e-12
-84.35,-2.498734919376539e-10,-1.1779329261929434e-12
-84.34,-2.5003870363470026e-10,-1.1788669820178163e-12
-84.33,-2.502040449766309e-10,-1.1798020751007374e-12
-84.32,-2.5036951599188566e-10,-1.1807379431065685e-12
-84.31,-2.5053511696805975e-10,-1.181674721546474e-12
-84.3,-2.5070084808962176e-10,-1.1826122936552893e-12
-84.29,-2.5086670916449496e-10,-1.1835507344904847e-12
-84.28,-2.510327006399953e-10,-1.1844900789615143e-12
-84.27,-2.511988224240308e-10,-1.1854302950766728e-12
-84.26,-2.5136507489894956e-10,-1.186371291221864e-12
-84.25,-2.5153145745423565e-10,-1.1873133671992852e-12
-84.24,-2.5169797138408e-10,-1.188255972078044e-12
-84.23,-2.5186461588045914e-10,-1.1891996677878682e-12
-84.22,-2.520313913708186e-10,-1.1901441554634871e-12
-84.21,-2.5219829796362463e-10,-1.1910894699642056e-12
-84.2,-2.5236533569590677e-10,-1.1920357616893442e-12
-84.19,-2.5253250481647705e-10,-1.1929828561697539e-12
-84.18,-2.526998054337548e-10,-1.1939307808121349e-12
-84.17,-2.5286723777284483e-10,-1.1948796773523438e-12
-84.16,-2.5303480137996084e-10,-1.195829356196619e-12
-84.15,-2.532024969677375e-10,-1.1967799636462755e-12
-84.14,-2.5337032446368605e-10,-1.1977314174357148e-12
-84.13,-2.535382839438015e-10,-1.1986838038016182e-12
-84.12,-2.5370637585557873e-10,-1.1996369967149156e-12
-84.11,-2.538746000103731e-10,-1.2005910707421692e-12
-84.1,-2.5404295640978244e-10,-1.2015460243519428e-12
-84.09,-2.5421144537657673e-10,-1.2025018760381426e-12
-84.08,-2.543800669239705e-10,-1.2034586682990525e-12
-84.07,-2.545488214792912e-10,-1.2044162093472916e-12
-84.06,-2.547177087870452e-10,-1.2053746668477696e-12
-84.05,-2.54886729146604e-10,-1.2063339970661342e-12
-84.04,-2.5505588253291394e-10,-1.2072942888949477e-12
-84.03,-2.5522516916624025e-10,-1.2082553816760908e-12
-84.02,-2.5539458927758394e-10,-1.2092173790352512e-12
-84.01,-2.5556414278929416e-10,-1.210180265250274e-12
-84.0,-2.557338301787446e-10,-1.2111439581569372e-12
-83.99,-2.55903650649932e-10,-1.2121087565780473e-12
-83.98,-2.56073605679825e-10,-1.2130743197420647e-12
-83.97,-2.5624369448566613e-10,-1.214040719771859e-12
-83.96,-2.5641391726634285e-10,-1.2150081039080302e-12
-83.95,-2.565842744073002e-10,-1.2159762966351051e-12
-83.94,-2.5675476590467647e-10,-1.2169453427635531e-12
-83.93,-2.5692539184306713e-10,-1.2179154160203976e-12
-83.92,-2.570961522350406e-10,-1.2188863868960568e-12
-83.91,-2.572670474957972e-10,-1.2198581142514763e-12
-83.9,-2.5743807781526863e-10,-1.2208306163790218e-12
-83.89,-2.5760924258009775e-10,-1.2218043826279401e-12
-83.88,-2.5778054279086157e-10,-1.2227788327137887e-12
-83.87,-2.579519780272926e-10,-1.2237542262449134e-12
-83.86,-2.581235486572525e-10,-1.2247305337359193e-12
-83.85,-2.5829525479697605e-10,-1.2257077179541805e-12
-83.84,-2.5846709638919697e-10,-1.2266858192498597e-12
-83.83,-2.586390738161065e-10,-1.2276647846230812e-12
-83.82,-2.588111869963434e-10,-1.2286446969837657e-12
-83.81,-2.589834364215702e-10,-1.229625395177289e-12
-83.8,-2.591558215429255e-10,-1.2306070816010114e-12
-83.79,-2.5932834303302643e-10,-1.231589727109258e-12
-83.78,-2.5950100063087627e-10,-1.232573240041692e-12
-83.77,-2.596737948987582e-10,-1.2335576659364846e-12
-83.76,-2.5984672573267893e-10,-1.2345429626793564e-12
-83.75,-2.6001979321327774e-10,-1.2355291640228264e-12
-83.74,-2.601929974256124e-10,-1.236516355230184e-12
-83.73,-2.6036633875966907e-10,-1.2375044110843172e-12
-83.72,-2.6053981703395194e-10,-1.2384933671023336e-12
-83.71,-2.60713432649184e-10,-1.2394832572494823e-12
-83.7,-2.608871856815719e-10,-1.2404740315687398e-12
-83.69,-2.610610756776107e-10,-1.2414657451829615e-12
-83.68,-2.612351035120905e-10,-1.2424583649205894e-12
-83.67,-2.6140926910167196e-10,-1.2434519002954652e-12
-83.66,-2.6158357250684e-10,-1.2444463562120258e-12
-83.65,-2.6175801380378975e-10,-1.2454417031126182e-12
-83.64,-2.619325932701008e-10,-1.246438013954381e-12
-83.63,-2.6210731085821327e-10,-1.2474352544200106e-12
-83.62,-2.6228216681090363e-10,-1.2484333703857922e-12
-83.61,-2.624571613613008e-10,-1.2494323852542469e-12
-83.6,-2.626322941601254e-10,-1.250432446836893e-12
-83.59,-2.6280756597015894e-10,-1.2514333364102014e-12
-83.58,-2.629829764854527e-10,-1.2524351631455182e-12
-83.57,-2.6315852596596047e-10,-1.253437917675135e-12
-83.56,-2.6333421451532605e-10,-1.2544416121105373e-12
-83.55,-2.6351004238550547e-10,-1.2554462147864614e-12
-83.54,-2.636860095677044e-10,-1.2564517301277588e-12
-83.53,-2.638621161428096e-10,-1.2574582529728314e-12
-83.52,-2.64038362282455e-10,-1.2584657145037317e-12
-83.51,-2.6421474833470663e-10,-1.2594739823531198e-12
-83.5,-2.643912741284715e-10,-1.2604832722698861e-12
-83.49,-2.6456793996702085e-10,-1.2614934742288693e-12
-83.48,-2.64744745950003e-10,-1.2625045994373873e-12
-83.47,-2.649216919430441e-10,-1.2635167192119476e-12
-83.46,-2.650987785559659e-10,-1.2645297412840885e-12
-83.45,-2.6527600558459323e-10,-1.2655436789256683e-12
-83.44,-2.654533732070453e-10,-1.2665585756795432e-12
-83.43,-2.6563088188031945e-10,-1.2675743354603226e-12
-83.42,-2.658085308532123e-10,-1.2685912042594495e-12
-83.41,-2.6598632105024307e-10,-1.2696089408527487e-12
-83.4,-2.661642527352179e-10,-1.2706275445223601e-12
-83.39,-2.663423254805043e-10,-1.2716471282868901e-12
-83.38,-2.665205395706157e-10,-1.2726677879237558e-12
-83.37,-2.6669889520779465e-10,-1.2736892248689185e-12
-83.36,-2.668773926393126e-10,-1.2747116546351492e-12
-83.35,-2.670560316967229e-10,-1.275735010055512e-12
-83.34,-2.672348125747341e-10,-1.2767594299005942e-12
-83.33,-2.6741373586284223e-10,-1.2777846826948332e-12
-83.32,-2.6759280120896476e-10,-1.2788109066419435e-12
-83.31,-2.6777200871551957e-10,-1.2798381067966731e-12
-83.3,-2.679513587574937e-10,-1.2808662420770464e-12
-83.29,-2.68130851375366e-10,-1.2818953802212555e-12
-83.28,-2.683104866652325e-10,-1.2829254457599193e-12
-83.27,-2.6849026486504425e-10,-1.2839564457561784e-12
-83.26,-2.6867018602647423e-10,-1.2849883949732887e-12
-83.25,-2.688502501513641e-10,-1.2860213815762464e-12
-83.24,-2.690304575364024e-10,-1.287055334557325e-12
-83.23,-2.692108080659297e-10,-1.288090266736502e-12
-83.22,-2.693913027723972e-10,-1.2891258623632147e-12
-83.21,-2.695719408162741e-10,-1.2901626660087846e-12
-83.2,-2.69752722490466e-10,-1.2912003575224e-12
-83.19,-2.6993364817185024e-10,-1.2922390262572002e-12
-83.18,-2.7011471771121776e-10,-1.2932787780114635e-12
-83.17,-2.702959315349086e-10,-1.2943193817186393e-12
-83.16,-2.7047728947341605e-10,-1.2953610101544676e-12
-83.15,-2.706587920767036e-10,-1.2964035649783305e-12
-83.14,-2.7084043922782846e-10,-1.2974470700047272e-12
-83.13,-2.7102223082664183e-10,-1.2984915619538731e-12
-83.12,-2.712041674264827e-10,-1.299537028746771e-12
-83.11,-2.713862489783054e-10,-1.300583536080395e-12
-83.1,-2.71568475516462e-10,-1.3016309305271987e-12
-83.09,-2.7175084737303534e-10,-1.3026793493787751e-12
-83.08,-2.719333645925902e-10,-1.3037286608576438e-12
-83.07,-2.7211602721699594e-10,-1.3047790488622697e-12
-83.06,-2.72298835492707e-10,-1.3058303526643652e-12
-83.05,-2.7248178933443573e-10,-1.3068827266220656e-12
-83.04,-2.7266488944152667e-10,-1.3079359965278204e-12
-83.03,-2.7284813542316023e-10,-1.3089902265566039e-12
-83.02,-2.7303152750421487e-10,-1.3100454916302676e-12
-83.01,-2.732150659774253e-10,-1.311101714195277e-12
-83.0,-2.73398750778252e-10,-1.3121589520839553e-12
-82.99,-2.735825822005519e-10,-1.3132171449806534e-12
-82.98,-2.7376656024829574e-10,-1.3142763157780435e-12
-82.97,-2.739506851886002e-10,-1.3153365115955444e-12
-82.96,-2.741349564092144e-10,-1.3163978654365258e-12
-82.95,-2.7431937613254214e-10,-1.3174597878977626e-12
-82.94,-2.7450394235717803e-10,-1.3185228805743124e-12
-82.93,-2.746886560018794e-10,-1.3195870650257968e-12
-82.92,-2.7487351715095895e-10,-1.320652238042953e-12
-82.91,-2.7505852591713787e-10,-1.3217183395390392e-12
-82.9,-2.752436825601494e-10,-1.3227853802267576e-12
-82.89,-2.7542898696144006e-10,-1.3238535516635726e-12
-82.88,-2.7561443961496404e-10,-1.3249226210769876e-12
-82.87,-2.758000403460426e-10,-1.3259927224044e-12
-82.86,-2.7598578958309596e-10,-1.3270637224454156e-12
-82.85,-2.761716869993616e-10,-1.328135888471962e-12
-82.84,-2.7635773315894944e-10,-1.3292089104979975e-12
-82.83,-2.7654392799265567e-10,-1.3302830969368765e-12
-82.82,-2.767302718780644e-10,-1.331358230086859e-12
-82.81,-2.7691676466239143e-10,-1.3324342873914197e-12
-82.8,-2.77103406580425e-10,-1.333511443423242e-12
-82.79,-2.772901978625902e-10,-1.3345895459748727e-12
-82.78,-2.774771385029735e-10,-1.3356685699632555e-12
-82.77,-2.7766422879343954e-10,-1.3367488035636745e-12
-82.76,-2.7785146885569846e-10,-1.337829728862775e-12
-82.75,-2.78038858476552e-10,-1.3389121044790027e-12
-82.74,-2.782263983803684e-10,-1.3399951714710435e-12
-82.73,-2.784140882374681e-10,-1.341079381170119e-12
-82.72,-2.786019283326226e-10,-1.3421645298385932e-12
-82.71,-2.787899189642461e-10,-1.3432507476668353e-12
-82.7,-2.7897806009767984e-10,-1.344337987070873e-12
-82.69,-2.791663519361604e-10,-1.3454261345219806e-12
-82.68,-2.7935479451208015e-10,-1.3465153974923533e-12
-82.67,-2.795433882001816e-10,-1.3476057042249941e-12
-82.66,-2.7973213269645386e-10,-1.3486970614050379e-12
-82.65,-2.7992102868905805e-10,-1.3497892896598427e-12
-82.64,-2.801100759406768e-10,-1.3508826214376212e-12
-82.63,-2.8029927477057544e-10,-1.3519769553279417e-12
-82.62,-2.8048862517486806e-10,-1.3530723783534926e-12
-82.61,-2.806781274667101e-10,-1.3541686978416646e-12
-82.6,-2.8086778160584364e-10,-1.3552662065217417e-12
-82.59,-2.810575879209104e-10,-1.3563646339315288e-12
-82.58,-2.812475464524936e-10,-1.3574640997132944e-12
-82.57,-2.814376572359495e-10,-1.3585646696138244e-12
-82.56,-2.816279206934995e-10,-1.3596662331297201e-12
-82.55,-2.8181833667662654e-10,-1.360768742037406e-12
-82.54,-2.8200890547729363e-10,-1.3618723393794471e-12
-82.53,-2.821996271768056e-10,-1.362977018897246e-12
-82.52,-2.823905020003413e-10,-1.3640826725005612e-12
-82.51,-2.8258152996755763e-10,-1.3651893921468487e-12
-82.5,-2.827727113201459e-10,-1.3662970714683953e-12
-82.49,-2.829640464418795e-10,-1.3674058902707832e-12
-82.48,-2.8315553472004666e-10,-1.3685157691861438e-12
-82.47,-2.833471770383978e-10,-1.3696265830279003e-12
-82.46,-2.8353897311636997e-10,-1.370738473039719e-12
-82.45,-2.8373092341731976e-10,-1.3718514800489892e-12
-82.44,-2.83923027867584e-10,-1.372965425120323e-12
-82.43,-2.8411528664304455e-10,-1.374080524796302e-12
-82.42,-2.843077000513475e-10,-1.3751965592718207e-12
-82.41,-2.845002680011354e-10,-1.3763136835888361e-12
-82.4,-2.846929903746601e-10,-1.3774320607762948e-12
-82.39,-2.84885868344594e-10,-1.378551062442721e-12
-82.38,-2.8507890108777634e-10,-1.3796714239528014e-12
-82.37,-2.8527208914268633e-10,-1.3807927683742395e-12
-82.36,-2.854654323702877e-10,-1.3819151414158078e-12
-82.35,-2.8565893126973487e-10,-1.383038540335549e-12
-82.34,-2.858525856588426e-10,-1.3841630574816646e-12
-82.33,-2.8604639584905006e-10,-1.385288615907127e-12
-82.32,-2.862403620277097e-10,-1.3864151817182043e-12
-82.31,-2.8643448430268487e-10,-1.3875428844464513e-12
-82.3,-2.866287628763633e-10,-1.3886715982513292e-12
-82.29,-2.8682319752521714e-10,-1.3898014324019886e-12
-82.28,-2.87017788985106e-10,-1.3909322525462226e-12
-82.27,-2.8721253709543094e-10,-1.3920641036547889e-12
-82.26,-2.8740744197931025e-10,-1.3931971133743359e-12
-82.25,-2.876025036672854e-10,-1.3943311773464855e-12
-82.24,-2.877977226046201e-10,-1.3954662371788483e-12
-82.23,-2.879930987636261e-10,-1.39660245426311e-12
-82.22,-2.8818863225331734e-10,-1.3977396423035554e-12
-82.21,-2.8838432338664607e-10,-1.3988779763075607e-12
-82.2,-2.885801720421437e-10,-1.4000173541216912e-12
-82.19,-2.8877617871007786e-10,-1.4011578468267397e-12
-82.18,-2.8897234331426034e-10,-1.4022993142709283e-12
-82.17,-2.8916866597844707e-10,-1.4034419030714303e-12
-82.16,-2.8936514708856036e-10,-1.404585554204341e-12
-82.15,-2.8956178633638987e-10,-1.4057303512525497e-12
-82.14,-2.897585843690346e-10,-1.4068761666106595e-12
-82.13,-2.8995554093892107e-10,-1.4080231253412232e-12
-82.12,-2.901526565788959e-10,-1.4091710590170508e-12
-82.11,-2.903499308682184e-10,-1.4103201594634051e-12
-82.1,-2.90547364853129e-10,-1.411470258240693e-12
-82.09,-2.9074495784502926e-10,-1.4126215148931042e-12
-82.08,-2.90942710352159e-10,-1.4137738415230375e-12
-82.07,-2.9114062241853736e-10,-1.4149272426790319e-12
-82.06,-2.913386942629055e-10,-1.4160817321303925e-12
-82.05,-2.915369259474299e-10,-1.4172372981884645e-12
-82.04,-2.917353177179501e-10,-1.4183939673715522e-12
-82.03,-2.9193386978793645e-10,-1.4195517245952168e-12
-82.02,-2.9213258210392507e-10,-1.4207107262549024e-12
-82.01,-2.923314549802564e-10,-1.4218705229693394e-12
-82.0,-2.9253048858115326e-10,-1.423031540007976e-12
-81.99,-2.9272968275971834e-10,-1.4241936703004718e-12
-81.98,-2.929290379631729e-10,-1.4253569000004771e-12
-81.97,-2.9312855429023036e-10,-1.4265212080024227e-12
-81.96,-2.9332823197128605e-10,-1.427686681561003e-12
-81.95,-2.935280709639877e-10,-1.4288531898389662e-12
-81.94,-2.937280715110479e-10,-1.4300208435520357e-12
-81.93,-2.939282338086332e-10,-1.4311896836650385e-12
-81.92,-2.941285578549321e-10,-1.4323594550549414e-12
-81.91,-2.9432904399362605e-10,-1.4335302560060799e-12
-81.9,-2.9452969226496866e-10,-1.4347023197991145e-12
-81.89,-2.94730502869897e-10,-1.4358755171152203e-12
-81.88,-2.9493147592311256e-10,-1.4370497278961745e-12
-81.87,-2.9513261156285596e-10,-1.4382250876860345e-12
-81.86,-2.9533391000688933e-10,-1.4394015309773012e-12
-81.85,-2.955353710589282e-10,-1.4405792075854357e-12
-81.84,-2.957369958585007e-10,-1.4417577654790034e-12
-81.83,-2.959387834176924e-10,-1.4429376476010431e-12
-81.82,-2.961407343556625e-10,-1.4441184950038546e-12
-81.81,-2.9634284890887056e-10,-1.4453006154659753e-12
-81.8,-2.9654512707024853e-10,-1.4464837463411274e-12
-81.79,-2.9674756905393483e-10,-1.4476680150442891e-12
-81.78,-2.96950175070233e-10,-1.4488533932476077e-12
-81.77,-2.971529452364004e-10,-1.4500400391386165e-12
-81.76,-2.973558797249266e-10,-1.4512276139389345e-12
-81.75,-2.975589785906118e-10,-1.4524163425140103e-12
-81.74,-2.9776224205899566e-10,-1.4536062201683623e-12
-81.73,-2.9796567054565615e-10,-1.454796986324095e-12
-81.72,-2.981692634319123e-10,-1.4559894593172199e-12
-81.71,-2.983730216726646e-10,-1.4571826509869654e-12
-81.7,-2.985769451398482e-10,-1.4583770663686052e-12
-81.69,-2.98781034065746e-10,-1.459572503365472e-12
-81.68,-2.989852883055258e-10,-1.4607692403752536e-12
-81.67,-2.9918970828513013e-10,-1.4619670569814155e-12
-81.66,-2.9939429415237856e-10,-1.463165923273172e-12
-81.65,-2.995990459952103e-10,-1.4643660464066568e-12
-81.64,-2.998039637489505e-10,-1.4655673065219524e-12
-81.63,-3.0000904815248485e-10,-1.466769610543358e-12
-81.62,-3.002142989753871e-10,-1.4679730992964288e-12
-81.61,-3.0041971626487864e-10,-1.4691777464154642e-12
-81.6,-3.0062530050702297e-10,-1.4703834523704224e-12
-81.59,-3.008310515939943e-10,-1.471590334385696e-12
-81.58,-3.0103696979164046e-10,-1.472798420498624e-12
-81.57,-3.0124305505812143e-10,-1.4740075529240105e-12
-81.56,-3.0144930790584686e-10,-1.47521794029011e-12
-81.55,-3.016557282938795e-10,-1.4764293765167698e-12
-81.54,-3.018623163651316e-10,-1.4776420441100085e-12
-81.53,-3.0206907236510615e-10,-1.4788558406368642e-12
-81.52,-3.0227599624499524e-10,-1.4800707640811941e-12
-81.51,-3.0248308839094143e-10,-1.4812868275746546e-12
-81.5,-3.02690348824712e-10,-1.48250419821508e-12
-81.49,-3.028977778890482e-10,-1.4837224468530702e-12
-81.48,-3.031053754245258e-10,-1.4849420850104601e-12
-81.47,-3.033131419450362e-10,-1.4861627854873843e-12
-81.46,-3.0352107732460813e-10,-1.4873845550609853e-12
-81.45,-3.037291820208121e-10,-1.4886076671577156e-12
-81.44,-3.0393745595568247e-10,-1.4898318504312331e-12
-81.43,-3.0414589917456506e-10,-1.4910572158825852e-12
-81.42,-3.0435451213063954e-10,-1.4922837729437176e-12
-81.41,-3.0456329486489993e-10,-1.49351142413349e-12
-81.4,-3.0477224751774324e-10,-1.494740270459861e-12
-81.39,-3.049813701861326e-10,-1.4959702734525184e-12
-81.38,-3.0519066322666717e-10,-1.4972014908768531e-12
-81.37,-3.054001266812534e-10,-1.4984338049970723e-12
-81.36,-3.0560976040997264e-10,-1.4996674322129939e-12
-81.35,-3.058195653650882e-10,-1.5009020506733872e-12
-81.34,-3.0602954093517085e-10,-1.5021378965352079e-12
-81.33,-3.06239687514938e-10,-1.503375001180553e-12
-81.32,-3.0645000543681354e-10,-1.504613223207691e-12
-81.31,-3.066604946282438e-10,-1.5058526412197836e-12
-81.3,-3.068711553475949e-10,-1.507093195335942e-12
-81.29,-3.07081987848186e-10,-1.5083350021019279e-12
-81.28,-3.072929922011081e-10,-1.5095779181752257e-12
-81.27,-3.0750416850983267e-10,-1.5108219950122091e-12
-81.26,-3.077155178881403e-10,-1.5120670951541225e-12
-81.25,-3.0792703797679774e-10,-1.513313840179911e-12
-81.24,-3.081387312788752e-10,-1.514561516008138e-12
-81.23,-3.083505973333219e-10,-1.5158103899656665e-12
-81.22,-3.0856263622879543e-10,-1.5170604728086752e-12
-81.21,-3.0877484812536265e-10,-1.5183117152008713e-12
-81.2,-3.089872331738315e-10,-1.519564169862198e-12
-81.19,-3.091997915766359e-10,-1.5208177847814728e-12
-81.18,-3.094125233666042e-10,-1.5220726237466328e-12
-81.17,-3.0962542866705087e-10,-1.5233287256898462e-12
-81.16,-3.098385081680428e-10,-1.5245858689939667e-12
-81.15,-3.1005176148979583e-10,-1.5258442954447852e-12
-81.14,-3.102651889189563e-10,-1.5271039299923136e-12
-81.13,-3.1047879069598846e-10,-1.528364741271913e-12
-81.12,-3.106925669663493e-10,-1.5296267078174656e-12
-81.11,-3.109065177525853e-10,-1.5308899520916558e-12
-81.1,-3.1112064338752936e-10,-1.5321544106295504e-12
-81.09,-3.113349439026006e-10,-1.5334201214581403e-12
-81.08,-3.1154941977633975e-10,-1.534686791411023e-12
-81.07,-3.117640707037054e-10,-1.5359549227159301e-12
-81.06,-3.119788970609407e-10,-1.537224263635839e-12
-81.05,-3.1219389912163395e-10,-1.5384948244387157e-12
-81.04,-3.1240907724438417e-10,-1.539766336099907e-12
-81.03,-3.126244310061684e-10,-1.5410392715475176e-12
-81.02,-3.128399609071705e-10,-1.542313410660246e-12
-81.01,-3.1305566724346476e-10,-1.5435887529674723e-12
-81.0,-3.132715499643393e-10,-1.5448652981890625e-12
-80.99,-3.134876087727656e-10,-1.5461432881849534e-12
-80.98,-3.137038454138427e-10,-1.5474220372953205e-12
-80.97,-3.139202585958399e-10,-1.5487022279004778e-12
-80.96,-3.141368487769029e-10,-1.5499837131454482e-12
-80.95,-3.1435361621673866e-10,-1.5512663751134573e-12
-80.94,-3.145705612618658e-10,-1.5525501455404217e-12
-80.93,-3.147876837734131e-10,-1.5538353607570552e-12
-80.92,-3.150049842386304e-10,-1.5551216750324463e-12
-80.91,-3.1522246259493876e-10,-1.5564092462160271e-12
-80.9,-3.1544011874500795e-10,-1.557698072203961e-12
-80.89,-3.1565795377563845e-10,-1.5589880524223757e-12
-80.88,-3.158759670009002e-10,-1.5602793557514225e-12
-80.87,-3.16094158954894e-10,-1.561571856853806e-12
-80.86,-3.1631252953796965e-10,-1.562865613258394e-12
-80.85,-3.165310793020979e-10,-1.5641605885493035e-12
-80.84,-3.1674980806925286e-10,-1.5654567812173424e-12
-80.83,-3.1696871623403416e-10,-1.566754247237092e-12
-80.82,-3.171878037881467e-10,-1.5680529390111671e-12
-80.81,-3.1740707109823614e-10,-1.5693528769373875e-12
-80.8,-3.1762651828361044e-10,-1.5706540080290224e-12
-80.79,-3.1784614496918384e-10,-1.5719565654528859e-12
-80.78,-3.1806595247546684e-10,-1.5732601553364557e-12
-80.77,-3.182859399907078e-10,-1.5745651069262743e-12
-80.76,-3.1850610805536064e-10,-1.5758712682947536e-12
-80.75,-3.187264567614872e-10,-1.5771787665644023e-12
-80.74,-3.1894698641144964e-10,-1.5784873791845177e-12
-80.73,-3.191676970991954e-10,-1.5797973268242667e-12
-80.72,-3.19388588869606e-10,-1.5811084767653337e-12
-80.71,-3.1960966205171416e-10,-1.5824209357266108e-12
-80.7,-3.198309169022256e-10,-1.5837346654416173e-12
-80.69,-3.2005235313691323e-10,-1.5850496863348666e-12
-80.68,-3.2027397151887553e-10,-1.5863658802609473e-12
-80.67,-3.2049577183389065e-10,-1.587683362732037e-12
-80.66,-3.2071775443671506e-10,-1.5890020932113291e-12
-80.65,-3.2093991946444867e-10,-1.5903220961578473e-12
-80.64,-3.211622669803322e-10,-1.591643391301026e-12
-80.63,-3.213847972605892e-10,-1.5929659168836987e-12
-80.62,-3.2160751045786387e-10,-1.5942897354312442e-12
-80.61,-3.2183040686600734e-10,-1.595614812150009e-12
-80.6,-3.22053486399111e-10,-1.59694117396293e-12
-80.59,-3.22276749411791e-10,-1.598268783074753e-12
-80.58,-3.225001960037227e-10,-1.5995977148418891e-12
-80.57,-3.2272382641580707e-10,-1.600927912764336e-12
-80.56,-3.229476408205592e-10,-1.6022593774017558e-12
-80.55,-3.2317163932833203e-10,-1.6035920985422626e-12
-80.54,-3.233958221850706e-10,-1.6049261102272052e-12
-80.53,-3.2362018948569765e-10,-1.6062613942849395e-12
-80.52,-3.238447415185049e-10,-1.607597892018272e-12
-80.51,-3.24069478299345e-10,-1.6089358690555334e-12
-80.5,-3.242944000371581e-10,-1.6102750430783724e-12
-80.49,-3.2451950708630134e-10,-1.6116154589297477e-12
-80.48,-3.24744799473991e-10,-1.6129572259539655e-12
-80.47,-3.2497027746169116e-10,-1.6143000874654167e-12
-80.46,-3.251959410675038e-10,-1.6156444999009622e-12
-80.45,-3.254217905915029e-10,-1.6169900930733638e-12
-80.44,-3.256478261682591e-10,-1.6183370027195916e-12
-80.43,-3.2587404819960777e-10,-1.6196851537275775e-12
-80.42,-3.2610045620382164e-10,-1.6210347226698356e-12
-80.41,-3.2632705116445884e-10,-1.6223854218229631e-12
-80.4,-3.265538328598427e-10,-1.623737555352064e-12
-80.39,-3.267808015192983e-10,-1.6250909276256646e-12
-80.38,-3.2700795727930086e-10,-1.6264456196919656e-12
-80.37,-3.272353003561289e-10,-1.6278016293264084e-12
-80.36,-3.274628309873981e-10,-1.62915888557263e-12
-80.35,-3.276905492152866e-10,-1.6305175233797056e-12
-80.34,-3.2791845528004963e-10,-1.6318774088913931e-12
-80.33,-3.281465494752063e-10,-1.6332386198632393e-12
-80.32,-3.2837483196900277e-10,-1.6346010550437525e-12
-80.31,-3.2860330249382387e-10,-1.635965025026494e-12
-80.3,-3.288319616859065e-10,-1.637330188091877e-12
-80.29,-3.2906080979364055e-10,-1.6386966473118593e-12
-80.28,-3.29289846804132e-10,-1.640064498791783e-12
-80.27,-3.2951907282829896e-10,-1.6414335652949953e-12
-80.26,-3.2974848816358373e-10,-1.6428040037831397e-12
-80.25,-3.299780930253348e-10,-1.6441757403805544e-12
-80.24,-3.302078874481386e-10,-1.6455488265347152e-12
-80.23,-3.3043787201856546e-10,-1.6469231630333271e-12
-80.22,-3.3066804607201463e-10,-1.6482989462676498e-12
-80.21,-3.308984105628318e-10,-1.6496760034134798e-12
-80.2,-3.311289654839598e-10,-1.6510543273414848e-12
-80.19,-3.31359710891766e-10,-1.6524340679307563e-12
-80.18,-3.315906471251187e-10,-1.6538151138523891e-12
-80.17,-3.318217742186672e-10,-1.6551973680576455e-12
-80.16,-3.320530924726095e-10,-1.6565811331619937e-12
-80.15,-3.3228460191938197e-10,-1.657966213548587e-12
-80.14,-3.325163027324203e-10,-1.6593526656108602e-12
-80.13,-3.327481954228164e-10,-1.6607403180753222e-12
-80.12,-3.329802798387167e-10,-1.662129395871659e-12
-80.11,-3.332125562671639e-10,-1.663519816203056e-12
-80.1,-3.3344502495962696e-10,-1.6649114976914333e-12
-80.09,-3.3367768609993386e-10,-1.6663045638325874e-12
-80.08,-3.339105396567648e-10,-1.6676991121253859e-12
-80.07,-3.341435859455372e-10,-1.669094773237957e-12
-80.06,-3.3437682528724447e-10,-1.670491924059794e-12
-80.05,-3.346102577160802e-10,-1.6718902591316899e-12
-80.04,-3.3484388324480493e-10,-1.673290284961038e-12
-80.03,-3.3507770240069753e-10,-1.6746914837650476e-12
-80.02,-3.3531171537642647e-10,-1.6760939496277936e-12
-80.01,-3.355459221668837e-10,-1.6774977944349441e-12
-80.0,-3.357803228790143e-10,-1.6789030774707883e-12
-79.99,-3.360149178909216e-10,-1.6803096804863137e-12
-79.98,-3.3624970734776257e-10,-1.6817176582724074e-12
-79.97,-3.3648469133276443e-10,-1.683127023674121e-12
-79.96,-3.3671987057408345e-10,-1.6845376059761429e-12
-79.95,-3.36955243845347e-10,-1.6859498865370905e-12
-79.94,-3.371908128692294e-10,-1.6873631879213944e-12
-79.93,-3.374265772175882e-10,-1.6887779886593696e-12
-79.92,-3.376625370611834e-10,-1.690194121647183e-12
-79.91,-3.378986924380654e-10,-1.691611707654312e-12
-79.9,-3.3813504400906853e-10,-1.693030600934385e-12
-79.89,-3.3837159161392217e-10,-1.6944508637573166e-12
-79.88,-3.3860833544283534e-10,-1.695872550185888e-12
-79.87,-3.3884527563243646e-10,-1.6972956153139822e-12
-79.86,-3.390824126680303e-10,-1.6987199672752073e-12
-79.85,-3.393197463843909e-10,-1.7001458890327752e-12
-79.84,-3.3955727752418494e-10,-1.701572935164367e-12
-79.83,-3.397950054363744e-10,-1.7030015292444705e-12
-79.82,-3.400329310586458e-10,-1.7044314668251395e-12
-79.81,-3.402710541964232e-10,-1.7058627848395207e-12
-79.8,-3.405093751105039e-10,-1.7072954924837776e-12
-79.79,-3.407478940067497e-10,-1.708729611789891e-12
-79.78,-3.409866109468329e-10,-1.7101651442087482e-12
-79.77,-3.412255264459818e-10,-1.7116020163247907e-12
-79.76,-3.414646401425472e-10,-1.713040140654283e-12
-79.75,-3.417039532211745e-10,-1.7144799589897988e-12
-79.74,-3.4194346491855816e-10,-1.715920993316468e-12
-79.73,-3.4218317570029744e-10,-1.7173635440410404e-12
-79.72,-3.424230856741825e-10,-1.7188073994038402e-12
-79.71,-3.426631954832449e-10,-1.7202527198078608e-12
-79.7,-3.4290350489001437e-10,-1.7216993657095846e-12
-79.69,-3.4314401406231185e-10,-1.7231474332415845e-12
-79.68,-3.433847234566339e-10,-1.7245969111374952e-12
-79.67,-3.4362563290758747e-10,-1.726047823245114e-12
-79.66,-3.438667431114602e-10,-1.7275001417980017e-12
-79.65,-3.441080539511597e-10,-1.7289538019204438e-12
-79.64,-3.443495653840677e-10,-1.7304090017729398e-12
-79.63,-3.4459127808097945e-10,-1.7318655267332704e-12
-79.62,-3.448331920490783e-10,-1.7333234901916432e-12
-79.61,-3.450753073128034e-10,-1.7347828170324188e-12
-79.6,-3.4531762422288126e-10,-1.7362436381844517e-12
-79.59,-3.455601429185881e-10,-1.737705920940468e-12
-79.58,-3.458028640314519e-10,-1.7391695106166992e-12
-79.57,-3.4604578683459054e-10,-1.7406345857653367e-12
-79.56,-3.4628891223682516e-10,-1.7421011103219463e-12
-79.55,-3.4653224024930644e-10,-1.743568969591026e-12
-79.54,-3.4677577100014986e-10,-1.7450383279106576e-12
-79.53,-3.4701950488733725e-10,-1.7465090721495343e-12
-79.52,-3.4726344187633077e-10,-1.7479812676134794e-12
-79.51,-3.4750758213011255e-10,-1.7494548974857526e-12
-79.5,-3.477519261217078e-10,-1.7509299843708023e-12
-79.49,-3.4799647416615076e-10,-1.7524066113578456e-12
-79.48,-3.4824122566668535e-10,-1.7538843738023413e-12
-79.47,-3.4848618152733363e-10,-1.7553637240257535e-12
-79.46,-3.487313416268142e-10,-1.756844668911859e-12
-79.45,-3.4897670634215666e-10,-1.7583268866857286e-12
-79.44,-3.4922227594079533e-10,-1.7598106057849253e-12
-79.43,-3.494680504418141e-10,-1.7612957212957906e-12
-79.42,-3.497140301053332e-10,-1.762782302466248e-12
-79.41,-3.4996021506895034e-10,-1.764270405187229e-12
-79.4,-3.50206605750205e-10,-1.7657597604243746e-12
-79.39,-3.5045320187801603e-10,-1.7672507649094479e-12
-79.38,-3.507000042115628e-10,-1.7687431971030873e-12
-79.37,-3.509470123612171e-10,-1.7702371360842645e-12
-79.36,-3.5119422719958875e-10,-1.771732397595179e-12
-79.35,-3.5144164845345255e-10,-1.7732292145079521e-12
-79.34,-3.51689276486972e-10,-1.7747274422487177e-12
-79.33,-3.519371113617592e-10,-1.7762271224585067e-12
-79.32,-3.521851534055983e-10,-1.7777282492274736e-12
-79.31,-3.5243340280056983e-10,-1.7792308770806607e-12
-79.3,-3.5268185980618877e-10,-1.7807349942860713e-12
-79.29,-3.529305239620408e-10,-1.7822405298434607e-12
-79.28,-3.5317939711363145e-10,-1.7837474897645238e-12
-79.27,-3.5342847784834486e-10,-1.7852560217230022e-12
-79.26,-3.536777670499074e-10,-1.7867659917566938e-12
-79.25,-3.5392726458292137e-10,-1.7882774435936145e-12
-79.24,-3.5417697104942616e-10,-1.7897903194672956e-12
-79.23,-3.5442688633916696e-10,-1.7913047936336171e-12
-79.22,-3.546770108989668e-10,-1.792820551075447e-12
-79.21,-3.549273446792128e-10,-1.794338016427416e-12
-79.2,-3.551778882880508e-10,-1.795856851216081e-12
-79.19,-3.554286412301528e-10,-1.7973771485297478e-12
-79.18,-3.556796043387558e-10,-1.7988989447392726e-12
-79.17,-3.5593077762076587e-10,-1.8004221962831964e-12
-79.16,-3.5618216109630575e-10,-1.8019470128963012e-12
-79.15,-3.5643375543944524e-10,-1.8034733124182752e-12
-79.14,-3.5668556040297205e-10,-1.8050011021135298e-12
-79.13,-3.569375763634454e-10,-1.8065302998962346e-12
-79.12,-3.57189803373627e-10,-1.808061037523784e-12
-79.11,-3.5744224210821673e-10,-1.80959333374211e-12
-79.1,-3.5769489195746946e-10,-1.8111270728726806e-12
-79.09,-3.579477538009599e-10,-1.8126623507176507e-12
-79.08,-3.5820082770833565e-10,-1.81419906584812e-12
-79.07,-3.5845411375561096e-10,-1.8157373135055028e-12
-79.06,-3.587076123261422e-10,-1.8172771089519183e-12
-79.05,-3.589613232999259e-10,-1.8188184033559344e-12
-79.04,-3.592152473416073e-10,-1.820361171437606e-12
-79.03,-3.594693841475045e-10,-1.82190545605772e-12
-79.02,-3.5972373447688547e-10,-1.8234512218895858e-12
-79.01,-3.5997829792348964e-10,-1.824998558251968e-12
-79.0,-3.602330751967449e-10,-1.8265474294212964e-12
-78.99,-3.6048806628863063e-10,-1.8280977577387506e-12
-78.98,-3.6074327142663553e-10,-1.8296496319225168e-12
-78.97,-3.609986908335713e-10,-1.8312030498668036e-12
-78.96,-3.612543247936596e-10,-1.8327579580252182e-12
-78.95,-3.615101733408281e-10,-1.8343143908626126e-12
-78.94,-3.617662367967281e-10,-1.8358723857853153e-12
-78.93,-3.620225152622052e-10,-1.8374319861921375e-12
-78.92,-3.622790093281258e-10,-1.83899285781448e-12
-78.91,-3.625357186148179e-10,-1.840555530619079e-12
-78.9,-3.6279264373174817e-10,-1.8421195208958355e-12
-78.89,-3.630497848094962e-10,-1.843685143104647e-12
-78.88,-3.6330714188437036e-10,-1.8452522473889355e-12
-78.87,-3.635647156277866e-10,-1.846820961760885e-12
-78.86,-3.638225056557427e-10,-1.8483912121213866e-12
-78.85,-3.640805125370701e-10,-1.849962973834682e-12
-78.84,-3.6433873654332273e-10,-1.8515362422166124e-12
-78.83,-3.6459717740580817e-10,-1.853111288572202e-12
-78.82,-3.648558358716509e-10,-1.854687750769753e-12
-78.81,-3.651147120301038e-10,-1.856265529127631e-12
-78.8,-3.6537380594406774e-10,-1.857845041566683e-12
-78.79,-3.6563311790083853e-10,-1.8594260993190596e-12
-78.78,-3.658926480686815e-10,-1.8610087163153645e-12
-78.77,-3.6615239677856657e-10,-1.862592888298382e-12
-78.76,-3.664123641088947e-10,-1.8641786183392746e-12
-78.75,-3.666725503660684e-10,-1.8657658940077317e-12
-78.74,-3.6693295569871587e-10,-1.867354701333919e-12
-78.73,-3.6719358010347556e-10,-1.868945028134159e-12
-78.72,-3.6745442447842604e-10,-1.87053711963957e-12
-78.71,-3.6771548839240914e-10,-1.872130599464172e-12
-78.7,-3.6797677224006775e-10,-1.8737257292836137e-12
-78.69,-3.6823827630894676e-10,-1.8753223998373725e-12
-78.68,-3.685000007571017e-10,-1.876920597134584e-12
-78.67,-3.6876194569671873e-10,-1.8785204090700182e-12
-78.66,-3.690241115705328e-10,-1.8801218166615567e-12
-78.65,-3.692864984610755e-10,-1.881724731560256e-12
-78.64,-3.6954910652666183e-10,-1.883329372721517e-12
-78.63,-3.698119361053789e-10,-1.884935414134361e-12
-78.62,-3.7007498726019e-10,-1.8865431295086085e-12
-78.61,-3.703382604516158e-10,-1.8881524589219854e-12
-78.6,-3.706017556688896e-10,-1.8897632388416272e-12
-78.59,-3.708654731902546e-10,-1.891375683350112e-12
-78.58,-3.711294133010821e-10,-1.89298971967964e-12
-78.57,-3.7139357613005853e-10,-1.8946053625617884e-12
-78.56,-3.716579619287555e-10,-1.896222599021548e-12
-78.55,-3.719225709128549e-10,-1.8978413844781653e-12
-78.54,-3.7218740327395763e-10,-1.8994617778567974e-12
-78.53,-3.7245245931177295e-10,-1.9010837519328044e-12
-78.52,-3.72717739232688e-10,-1.9027074255568523e-12
-78.51,-3.729832431987254e-10,-1.9043325759262126e-12
-78.5,-3.7324897123577975e-10,-1.90595951709905e-12
-78.49,-3.7351492403330923e-10,-1.9075878484582572e-12
-78.48,-3.7378110138044555e-10,-1.9092178616719633e-12
-78.47,-3.740475038441153e-10,-1.9108494289959182e-12
-78.46,-3.743141313033527e-10,-1.912482655718618e-12
-78.45,-3.745809840695649e-10,-1.9141175425168065e-12
-78.44,-3.748480626881645e-10,-1.9157539841441154e-12
-78.43,-3.751153669564808e-10,-1.9173921144764024e-12
-78.42,-3.753828972894299e-10,-1.919031777630297e-12
-78.41,-3.7565065387849055e-10,-1.9206731031704487e-12
-78.4,-3.759186368697215e-10,-1.922316024210596e-12
-78.39,-3.761868466195203e-10,-1.9239605352774054e-12
-78.38,-3.764552834444637e-10,-1.9256067016098357e-12
-78.37,-3.767239471835082e-10,-1.9272545447317037e-12
-78.36,-3.769928381689051e-10,-1.9289040020469233e-12
-78.35,-3.7726195702854493e-10,-1.9305550775893982e-12
-78.34,-3.775313038823405e-10,-1.932207648357004e-12
-78.33,-3.7780087824877207e-10,-1.9338620151887574e-12
-78.32,-3.78070681045039e-10,-1.9355179917470174e-12
-78.31,-3.783407125046088e-10,-1.9371755266591937e-12
-78.3,-3.7861097252928683e-10,-1.9388348069853715e-12
-78.29,-3.788814613774647e-10,-1.9404956641634836e-12
-78.28,-3.7915217946782624e-10,-1.942158209567798e-12
-78.27,-3.7942312699486426e-10,-1.943822352996347e-12
-78.26,-3.7969430364713634e-10,-1.9454882306044817e-12
-78.25,-3.799657109487666e-10,-1.9471555600224214e-12
-78.24,-3.802373478562272e-10,-1.948824693538682e-12
-78.23,-3.8050921504579616e-10,-1.950495477626026e-12
-78.22,-3.807813127129534e-10,-1.9521678337902845e-12
-78.21,-3.810536411211916e-10,-1.953841866461555e-12
-78.2,-3.813262003823156e-10,-1.955517643686405e-12
-78.19,-3.815989908937232e-10,-1.957195008510875e-12
-78.18,-3.8187201292981376e-10,-1.9588740704377407e-12
-78.17,-3.821452665439496e-10,-1.9605547215503944e-12
-78.16,-3.8241875176405796e-10,-1.9622371331681625e-12
-78.15,-3.8269246924115665e-10,-1.9639211480200792e-12
-78.14,-3.8296641889859557e-10,-1.965606904796185e-12
-78.13,-3.8324060132943884e-10,-1.9672942533596997e-12
-78.12,-3.835150163892176e-10,-1.9689833074154777e-12
-78.11,-3.8378966446788317e-10,-1.970673982246882e-12
-78.1,-3.840645457208007e-10,-1.972366370676509e-12
-78.09,-3.8433966050497027e-10,-1.9740604807170972e-12
-78.08,-3.84615008875968e-10,-1.9757561853125304e-12
-78.07,-3.8489059120314784e-10,-1.977453597304209e-12
-78.06,-3.8516640762930415e-10,-1.9791527443060345e-12
-78.05,-3.854424584572108e-10,-1.9808535241699655e-12
-78.04,-3.8571874373372874e-10,-1.9825560503749827e-12
-78.03,-3.859952639749459e-10,-1.9842602388303698e-12
-78.02,-3.8627201939254953e-10,-1.9859660452444716e-12
-78.01,-3.8654900996134865e-10,-1.987673577814232e-12
-78.0,-3.868262357687148e-10,-1.9893829770108594e-12
-77.99,-3.8710369801713736e-10,-1.991093747713239e-12
-77.98,-3.873813957086813e-10,-1.992806419446809e-12
-77.97,-3.876593296138712e-10,-1.9945208108294574e-12
-77.96,-3.8793749997712084e-10,-1.9962368783262154e-12
-77.95,-3.88215907096509e-10,-1.9979545512899726e-12
-77.94,-3.884945511703663e-10,-1.9996740342610196e-12
-77.93,-3.8877343236604806e-10,-2.001395190499809e-12
-77.92,-3.8905255087295906e-10,-2.0031180719297614e-12
-77.91,-3.8933190700624365e-10,-2.004842638529583e-12
-77.9,-3.8961150101661973e-10,-2.0065689670022954e-12
-77.89,-3.8989133312165836e-10,-2.0082969934301407e-12
-77.88,-3.9017140352780185e-10,-2.0100266093263347e-12
-77.87,-3.904517122322269e-10,-2.0117581817489182e-12
-77.86,-3.9073226002048724e-10,-2.0134913903363043e-12
-77.85,-3.910130466224298e-10,-2.015226250907442e-12
-77.84,-3.912940726211816e-10,-2.016962808223663e-12
-77.83,-3.9157533799545825e-10,-2.0187012273139467e-12
-77.82,-3.9185684303355846e-10,-2.0204413368867383e-12
-77.81,-3.921385882938499e-10,-2.022183105753326e-12
-77.8,-3.924205734633104e-10,-2.0239266651547828e-12
-77.79,-3.927027987911733e-10,-2.0256719675026212e-12
-77.78,-3.929852654085903e-10,-2.0274189329774276e-12
-77.77,-3.9326797275034134e-10,-2.0291677217019273e-12
-77.76,-3.9355092115092656e-10,-2.0309181927486473e-12
-77.75,-3.9383411087522743e-10,-2.032670422943152e-12
-77.74,-3.941175422646246e-10,-2.034424364915412e-12
-77.73,-3.944012154348479e-10,-2.036180149628254e-12
-77.72,-3.9468513060955133e-10,-2.0379376064838527e-12
-77.71,-3.9496928833981157e-10,-2.039696792229046e-12
-77.7,-3.952536883583521e-10,-2.0414577749037966e-12
-77.69,-3.955383313959789e-10,-2.0432205441147652e-12
-77.68,-3.958232173954244e-10,-2.044985072414337e-12
-77.67,-3.9610834689068503e-10,-2.0467513002688925e-12
-77.66,-3.9639371961930273e-10,-2.0485193051457563e-12
-77.65,-3.9667933611967153e-10,-2.050289104178001e-12
-77.64,-3.969651968054143e-10,-2.052060636436458e-12
-77.63,-3.9725130151852953e-10,-2.053833924190442e-12
-77.62,-3.9753765090421964e-10,-2.055609014440873e-12
-77.61,-3.9782424492054937e-10,-2.0573860308607545e-12
-77.6,-3.9811108391088076e-10,-2.059164498959272e-12
-77.59,-3.983981681408326e-10,-2.0609448411645606e-12
-77.58,-3.9868549772247777e-10,-2.062727004215552e-12
-77.57,-3.989730729766042e-10,-2.0645109879489913e-12
-77.56,-3.9926089434293775e-10,-2.0662966923555897e-12
-77.55,-3.995489617190769e-10,-2.0680842169885084e-12
-77.54,-3.998372756930774e-10,-2.0698735044182345e-12
-77.53,-4.0012583614073e-10,-2.07166458777649e-12
-77.52,-4.0041464334156954e-10,-2.0734573494992294e-12
-77.51,-4.0070369828510163e-10,-2.0752520201169336e-12
-77.5,-4.009929999960537e-10,-2.077048589003649e-12
-77.49,-4.0128254973950544e-10,-2.0788468053515277e-12
-77.48,-4.015723472378818e-10,-2.0806468383358178e-12
-77.47,-4.0186239280591533e-10,-2.0824487200816184e-12
-77.46,-4.021526868304144e-10,-2.084252329192655e-12
-77.45,-4.0244322941647353e-10,-2.0860577866910384e-12
-77.44,-4.0273402088592913e-10,-2.0878650221452188e-12
-77.43,-4.0302506141405897e-10,-2.0896741353629452e-12
-77.42,-4.033163513970135e-10,-2.091485006119774e-12
-77.41,-4.0360789079402843e-10,-2.0932976604418226e-12
-77.4,-4.0389968032343816e-10,-2.095112128717439e-12
-77.39,-4.0419171987971355e-10,-2.0969283956053715e-12
-77.38,-4.044840096071179e-10,-2.0987465291420105e-12
-77.37,-4.0477655006731566e-10,-2.1005665244525775e-12
-77.36,-4.050693413076291e-10,-2.1023882724221446e-12
-77.35,-4.0536238372442335e-10,-2.1042118451722333e-12
-77.34,-4.056556773787088e-10,-2.106037274142976e-12
-77.33,-4.059492226882468e-10,-2.107864476718674e-12
-77.32,-4.062430199980715e-10,-2.1096935674873863e-12
-77.31,-4.065370688951739e-10,-2.1115244626325985e-12
-77.3,-4.068313705980989e-10,-2.1133571772684756e-12
-77.29,-4.071259246295367e-10,-2.115191749802643e-12
-77.28,-4.074207315466031e-10,-2.1170282194521902e-12
-77.27,-4.077157915575469e-10,-2.11886643311709e-12
-77.26,-4.08011104877976e-10,-2.120706505842271e-12
-77.25,-4.083066718121799e-10,-2.1225484413859515e-12
-77.24,-4.0860249259701e-10,-2.124392238844368e-12
-77.23,-4.088985675748404e-10,-2.126237807615036e-12
-77.22,-4.0919489674907175e-10,-2.128085330563712e-12
-77.21,-4.094914805178019e-10,-2.129934638795012e-12
-77.2,-4.097883190963887e-10,-2.131785846992036e-12
-77.19,-4.1008541292147097e-10,-2.1336388638048462e-12
-77.18,-4.103827618894841e-10,-2.135493768886097e-12
-77.17,-4.1068036666761607e-10,-2.1373505565352332e-12
-77.16,-4.1097822711629663e-10,-2.1392091800911222e-12
-77.15,-4.1127634390157105e-10,-2.1410696918922637e-12
-77.14,-4.1157471658608e-10,-2.1429321010109315e-12
-77.13,-4.118733465894442e-10,-2.1447962197588287e-12
-77.12,-4.121722330721827e-10,-2.1466623586741093e-12
-77.11,-4.124713767545763e-10,-2.1485303127118234e-12
-77.1,-4.1277077772565726e-10,-2.1504001741618672e-12
-77.09,-4.1307043657740125e-10,-2.1522718314244367e-12
-77.08,-4.13370352989929e-10,-2.1541455063810404e-12
-77.07,-4.1367052779409487e-10,-2.1560209663760614e-12
-77.06,-4.1397096095316095e-10,-2.157898333435873e-12
-77.05,-4.142716525600682e-10,-2.15977763254202e-12
-77.04,-4.145726034443177e-10,-2.161658733738838e-12
-77.03,-4.1487381341053365e-10,-2.1635417233691703e-12
-77.02,-4.151752827308013e-10,-2.1654267374290225e-12
-77.01,-4.154770116980709e-10,-2.1673135607115063e-12
-77.0,-4.157790007639264e-10,-2.169202231266934e-12
-76.99,-4.1608124986028553e-10,-2.1710928615781123e-12
-76.98,-4.163837595852341e-10,-2.172985434539133e-12
-76.97,-4.166865299580157e-10,-2.174879723781355e-12
-76.96,-4.169895616740094e-10,-2.17677608534794e-12
-76.95,-4.172928540871272e-10,-2.178674372468503e-12
-76.94,-4.175964083192783e-10,-2.1805744736078147e-12
-76.93,-4.1790022414944093e-10,-2.1824766006966903e-12
-76.92,-4.182043022151321e-10,-2.1843805704738425e-12
-76.91,-4.1850864232786494e-10,-2.1862864645016353e-12
-76.9,-4.1881324513499423e-10,-2.188194325199219e-12
-76.89,-4.191181106960097e-10,-2.1901040656026843e-12
-76.88,-4.194232394397192e-10,-2.19201568028487e-12
-76.87,-4.1972863159391873e-10,-2.1939292358529167e-12
-76.86,-4.2003428711721444e-10,-2.195844704997254e-12
-76.85,-4.2034020697106113e-10,-2.19776208546643e-12
-76.84,-4.206463901593438e-10,-2.1996815698163736e-12
-76.83,-4.2095283813555006e-10,-2.2016029233462066e-12
-76.82,-4.212595509484799e-10,-2.2035261271617063e-12
-76.81,-4.2156652835113366e-10,-2.2054513026211972e-12
-76.8,-4.2187377111062253e-10,-2.2073784776756063e-12
-76.79,-4.221812793494344e-10,-2.2093074665747246e-12
-76.78,-4.2248905319684603e-10,-2.211238461049044e-12
-76.77,-4.2279709309538134e-10,-2.2131714383537784e-12
-76.76,-4.231053990720369e-10,-2.215106233097917e-12
-76.75,-4.234139717615271e-10,-2.2170432341617166e-12
-76.74,-4.2372281116372806e-10,-2.2189820406929627e-12
-76.73,-4.2403191751734897e-10,-2.2209227688234833e-12
-76.72,-4.2434129127035665e-10,-2.2228655281324914e-12
-76.71,-4.246509325291024e-10,-2.2248102309303965e-12
-76.7,-4.249608416812762e-10,-2.2267568458361132e-12
-76.69,-4.252710189705576e-10,-2.2287054224253554e-12
-76.68,-4.255814644772464e-10,-2.2306560421930838e-12
-76.67,-4.2589217874998726e-10,-2.2326085873508624e-12
-76.66,-4.262031617968326e-10,-2.234563167787358e-12
-76.65,-4.2651441409321797e-10,-2.236519662256408e-12
-76.64,-4.2682593586181834e-10,-2.2384781324016684e-12
-76.63,-4.2713772741042854e-10,-2.240438583925918e-12
-76.62,-4.2744978870339176e-10,-2.242401007462324e-12
-76.61,-4.2776212054521497e-10,-2.244365412973779e-12
-76.6,-4.2807472268269255e-10,-2.2463318807788276e-12
-76.59,-4.2838759569457906e-10,-2.2483002455165213e-12
-76.58,-4.2870073998839033e-10,-2.25027043675194e-12
-76.57,-4.290141551984975e-10,-2.25224299601079e-12
-76.56,-4.293278420947401e-10,-2.2542174242748835e-12
-76.55,-4.296418011759634e-10,-2.2561937331903442e-12
-76.54,-4.2995603234583467e-10,-2.25817210801573e-12
-76.53,-4.3027053570626625e-10,-2.2601524977412913e-12
-76.52,-4.305853118834738e-10,-2.262134874891979e-12
-76.51,-4.3090036098766165e-10,-2.2641192696347178e-12
-76.5,-4.3121568341326776e-10,-2.266105656183487e-12
-76.49,-4.3153127920850284e-10,-2.2680940814472672e-12
-76.48,-4.3184714889870345e-10,-2.270084461381043e-12
-76.47,-4.3216329287214987e-10,-2.2720768412679922e-12
-76.46,-4.324797107318561e-10,-2.2740713325065144e-12
-76.45,-4.3279640345918974e-10,-2.276067777542882e-12
-76.44,-4.3311337099551335e-10,-2.27806629616125e-12
-76.43,-4.334306137088291e-10,-2.2800667915369336e-12
-76.42,-4.3374813198172924e-10,-2.2820692628331027e-12
-76.41,-4.3406592581997124e-10,-2.2840738575179156e-12
-76.4,-4.343839956710283e-10,-2.28608049306121e-12
-76.39,-4.347023419422734e-10,-2.2880890521560237e-12
-76.38,-4.3502096453839503e-10,-2.2900998676502656e-12
-76.37,-4.3533986406677017e-10,-2.2921124787022438e-12
-76.36,-4.35659040616845e-10,-2.2941272556170185e-12
-76.35,-4.359784946246881e-10,-2.2961440223338812e-12
-76.34,-4.362982262467549e-10,-2.2981629035011817e-12
-76.33,-4.3661823575295675e-10,-2.3001837247145473e-12
-76.32,-4.369385235916057e-10,-2.3022067378842984e-12
-76.31,-4.372590898136462e-10,-2.304231711506226e-12
-76.3,-4.3757993481188556e-10,-2.3062586945249335e-12
-76.29,-4.379010592746253e-10,-2.3082878143918655e-12
-76.28,-4.3822246242379254e-10,-2.3103189464464034e-12
-76.27,-4.385441453855468e-10,-2.3123522121231078e-12
-76.26,-4.388661084410319e-10,-2.3143874910085326e-12
-76.25,-4.391883513465328e-10,-2.316424886572392e-12
-76.24,-4.395108749614931e-10,-2.318464293052739e-12
-76.23,-4.3983367914958665e-10,-2.320505794606481e-12
-76.22,-4.4015676443256213e-10,-2.322549360039581e-12
-76.21,-4.4048013101911797e-10,-2.324594993854877e-12
-76.2,-4.4080377914248073e-10,-2.326642708070635e-12
-76.19,-4.4112770919585155e-10,-2.328692518624504e-12
-76.18,-4.414519213343313e-10,-2.3307443995860817e-12
-76.17,-4.417764158585844e-10,-2.332798449216853e-12
-76.16,-4.4210119329346405e-10,-2.3348544772181374e-12
-76.15,-4.4242625357845476e-10,-2.336912615618565e-12
-76.14,-4.4275159728096777e-10,-2.3389728236055775e-12
-76.13,-4.430772243663943e-10,-2.3410352272701212e-12
-76.12,-4.4340313539400215e-10,-2.3430996399615285e-12
-76.11,-4.437293300756854e-10,-2.3451663334473527e-12
-76.1,-4.440558101334446e-10,-2.347234813122598e-12
-76.09,-4.443825744406824e-10,-2.3493055768492573e-12
-76.08,-4.4470962372718756e-10,-2.351378427934165e-12
-76.07,-4.450369583547076e-10,-2.353453409652851e-12
-76.06,-4.4536457854902003e-10,-2.355530444192472e-12
-76.05,-4.456924843894295e-10,-2.3576096794053946e-12
-76.04,-4.460206765225102e-10,-2.3596909885058635e-12
-76.03,-4.4634915504458635e-10,-2.3617744626014957e-12
-76.02,-4.4667792061033743e-10,-2.363859896178743e-12
-76.01,-4.470069728702261e-10,-2.3659476686551813e-12
-76.0,-4.4733631255752373e-10,-2.3680373600282347e-12
-75.99,-4.4766593964624693e-10,-2.370129389472883e-12
-75.98,-4.4799585467110347e-10,-2.3722234627292847e-12
-75.97,-4.4832605791287925e-10,-2.3743196670662895e-12
-75.96,-4.486565496569204e-10,-2.3764179831580822e-12
-75.95,-4.4898733023394944e-10,-2.3785185065384796e-12
-75.94,-4.4931839969660955e-10,-2.3806211065092186e-12
-75.93,-4.496497583517883e-10,-2.3827258997379283e-12
-75.92,-4.499814071083998e-10,-2.384832817978186e-12
-75.91,-4.5031334541037845e-10,-2.3869417764003163e-12
-75.9,-4.506455740119234e-10,-2.38905308805775e-12
-75.89,-4.509780930886365e-10,-2.391166442662808e-12
-75.88,-4.513109029673185e-10,-2.3932819251687856e-12
-75.87,-4.5164400396845957e-10,-2.395399602123034e-12
-75.86,-4.51977396360493e-10,-2.397519446165026e-12
-75.85,-4.5231108045827084e-10,-2.3996414662533236e-12
-75.84,-4.5264505654095386e-10,-2.401765617388252e-12
-75.83,-4.5297932479474786e-10,-2.403891987998293e-12
-75.82,-4.5331388563948366e-10,-2.4060205627259494e-12
-75.81,-4.5364873937967653e-10,-2.4081511835168797e-12
-75.8,-4.5398388616179994e-10,-2.4102841420308556e-12
-75.79,-4.543193264310875e-10,-2.412419053409189e-12
-75.78,-4.5465506050182367e-10,-2.4145563869013027e-12
-75.77,-4.549910885988073e-10,-2.4166957783179696e-12
-75.76,-4.553274111203305e-10,-2.4188373761192763e-12
-75.75,-4.556640280925204e-10,-2.420981240595797e-12
-75.74,-4.5600094012659806e-10,-2.423127199334834e-12
-75.73,-4.5633814734557594e-10,-2.425275405297493e-12
-75.72,-4.566756501920318e-10,-2.4274257400846505e-12
-75.71,-4.570134486115729e-10,-2.4295782811637655e-12
-75.7,-4.5735154350558535e-10,-2.4317330153311273e-12
-75.69,-4.5768993460133024e-10,-2.433890068537008e-12
-75.68,-4.5802862249510633e-10,-2.4360492826713214e-12
-75.67,-4.5836760742346654e-10,-2.4382106655731722e-12
-75.66,-4.587068896508917e-10,-2.4403742511439763e-12
-75.65,-4.590464696258313e-10,-2.4425400752942156e-12
-75.64,-4.593863473444259e-10,-2.44470800389176e-12
-75.63,-4.5972652337425256e-10,-2.446878338279679e-12
-75.62,-4.6006699793376587e-10,-2.4490508306716766e-12
-75.61,-4.6040777139803575e-10,-2.4512255705993795e-12
-75.6,-4.6074884367373935e-10,-2.4534025189004314e-12
-75.59,-4.6109021597545107e-10,-2.4555815865889147e-12
-75.58,-4.6143188764666213e-10,-2.457763062147343e-12
-75.57,-4.617738595363501e-10,-2.4599466314171197e-12
-75.56,-4.621161316208609e-10,-2.462132539555283e-12
-75.55,-4.6245870438471607e-10,-2.4643207924730266e-12
-75.54,-4.628015781625608e-10,-2.4665110085782312e-12
-75.53,-4.631447532771915e-10,-2.468703637575304e-12
-75.52,-4.6348822981312294e-10,-2.470898507860134e-12
-75.51,-4.638320082278519e-10,-2.473095637906407e-12
-75.5,-4.6417608897264757e-10,-2.4752949445742845e-12
-75.49,-4.645204720606006e-10,-2.4774966430320337e-12
-75.48,-4.6486515809606754e-10,-2.479700454305857e-12
-75.47,-4.652101471278654e-10,-2.481906546013416e-12
-75.46,-4.655554395582467e-10,-2.4841149617752153e-12
-75.45,-4.659010357554529e-10,-2.486325598995376e-12
-75.44,-4.662469359176858e-10,-2.4885386003696663e-12
-75.43,-4.665931405713634e-10,-2.4907537390367834e-12
-75.42,-4.669396498378196e-10,-2.492971218154748e-12
-75.41,-4.672864639678415e-10,-2.4951909938333012e-12
-75.4,-4.676335833693785e-10,-2.4974131040608786e-12
-75.39,-4.679810084223147e-10,-2.4996373759013835e-12
-75.38,-4.683287393192671e-10,-2.5018639180144943e-12
-75.37,-4.686767764708524e-10,-2.5040928458128975e-12
-75.36,-4.690251200252627e-10,-2.506324049961589e-12
-75.35,-4.693737704713567e-10,-2.5085575295646255e-12
-75.34,-4.697227279747328e-10,-2.5107932608255036e-12
-75.33,-4.70071993018119e-10,-2.5130313279455516e-12
-75.32,-4.70421565804849e-10,-2.5152717310350437e-12
-75.31,-4.707714465891943e-10,-2.517514417744628e-12
-75.3,-4.711216357432105e-10,-2.51975941170472e-12
-75.29,-4.7147213392772e-10,-2.522006576235021e-12
-75.28,-4.718229405842259e-10,-2.5242562723315277e-12
-75.27,-4.721740568015087e-10,-2.5265082340745163e-12
-75.26,-4.725254824805123e-10,-2.5287625090837522e-12
-75.25,-4.728772185062364e-10,-2.531018987575112e-12
-75.24,-4.732292645411052e-10,-2.5332778723849625e-12
-75.23,-4.735816210728171e-10,-2.5355391043626784e-12
-75.22,-4.739342887400253e-10,-2.5378026703223416e-12
-75.21,-4.742872675711574e-10,-2.5400684727989904e-12
-75.2,-4.746405576298074e-10,-2.5423368483521763e-12
-75.19,-4.749941600291165e-10,-2.5446072518807086e-12
-75.18,-4.753480743129561e-10,-2.546880104243474e-12
-75.17,-4.757023015114438e-10,-2.5491552046720834e-12
-75.16,-4.760568408184522e-10,-2.55143292339233e-12
-75.15,-4.764116936228296e-10,-2.553712750978194e-12
-75.14,-4.767668598115479e-10,-2.5559950288886108e-12
-75.13,-4.771223398199405e-10,-2.558279660269572e-12
-75.12,-4.774781338061737e-10,-2.560566616060604e-12
-75.11,-4.778342422075454e-10,-2.5628559603746014e-12
-75.1,-4.781906653362693e-10,-2.56514764479602e-12
-75.09,-4.785474036024294e-10,-2.567441671280203e-12
-75.08,-4.789044570278368e-10,-2.5697382305718487e-12
-75.07,-4.792618263849357e-10,-2.572036899550103e-12
-75.06,-4.79619511689021e-10,-2.574337949992091e-12
-75.05,-4.799775132720734e-10,-2.5766414816645133e-12
-75.04,-4.803358315877453e-10,-2.578947492985043e-12
-75.03,-4.806944667295884e-10,-2.581255737411945e-12
-75.02,-4.8105341926156e-10,-2.5835663959926e-12
-75.01,-4.81412689412091e-10,-2.5858794766274496e-12
-75.0,-4.817722775393735e-10,-2.5881949533383024e-12
-74.99,-4.821321838636711e-10,-2.5905127201171173e-12
-74.98,-4.824924088571195e-10,-2.5928328982964704e-12
-74.97,-4.828529526224759e-10,-2.5951556747241893e-12
-74.96,-4.832138158461353e-10,-2.597480628800424e-12
-74.95,-4.835749985876406e-10,-2.599808079579581e-12
-74.94,-4.839365010841789e-10,-2.6021379129412565e-12
-74.93,-4.842983239469435e-10,-2.6044701715469885e-12
-74.92,-4.846604673668898e-10,-2.6068048013128985e-12
-74.91,-4.850229316746369e-10,-2.6091418133715533e-12
-74.9,-4.853857171195683e-10,-2.6114813734209935e-12
-74.89,-4.857488240880319e-10,-2.6138232629571584e-12
-74.88,-4.861122530984446e-10,-2.6161672960676656e-12
-74.87,-4.864760041672299e-10,-2.618514351626138e-12
-74.86,-4.868400777773741e-10,-2.620863533908576e-12
-74.85,-4.87204474179982e-10,-2.62321518106225e-12
-74.84,-4.87569193872642e-10,-2.6255691306496218e-12
-74.83,-4.879342370650428e-10,-2.6279256536064723e-12
-74.82,-4.882996040278964e-10,-2.630284600519275e-12
-74.81,-4.886652952211318e-10,-2.6326459650721377e-12
-74.8,-4.890313110109884e-10,-2.635009731023889e-12
-74.79,-4.893976518126863e-10,-2.637375932582704e-12
-74.78,-4.897643172528655e-10,-2.6397447503635606e-12
-74.77,-4.90131308467348e-10,-2.6421158842078936e-12
-74.76,-4.904986256640606e-10,-2.6444895087708213e-12
-74.75,-4.908662687899678e-10,-2.646865633498309e-12
-74.74,-4.91234238521349e-10,-2.649244119865595e-12
-74.73,-4.916025352621852e-10,-2.651625105175999e-12
-74.72,-4.919711590049898e-10,-2.6540085904893947e-12
-74.71,-4.923401102452199e-10,-2.656394512351566e-12
-74.7,-4.927093893629332e-10,-2.658783069715624e-12
-74.69,-4.93078996762211e-10,-2.6611738946419427e-12
-74.68,-4.934489326624509e-10,-2.6635672561326623e-12
-74.67,-4.938191974410412e-10,-2.6659630916833664e-12
-74.66,-4.941897912177965e-10,-2.668361458979571e-12
-74.65,-4.945607146419629e-10,-2.670762288449812e-12
-74.64,-4.949319680723986e-10,-2.673165621613453e-12
-74.63,-4.95303551565144e-10,-2.675571429598618e-12
-74.62,-4.956754656766947e-10,-2.677979741782719e-12
-74.61,-4.960477105435997e-10,-2.680390860327658e-12
-74.6,-4.964202868524587e-10,-2.6828039167644073e-12
-74.59,-4.967931946584115e-10,-2.6852196722982023e-12
-74.58,-4.971664343221898e-10,-2.687638077543546e-12
-74.57,-4.975400062880677e-10,-2.6900589251163406e-12
-74.56,-4.979139108175819e-10,-2.6924822378075443e-12
-74.55,-4.982881482649594e-10,-2.694908121702377e-12
-74.54,-4.986627190682419e-10,-2.6973365480110615e-12
-74.53,-4.990376232683934e-10,-2.699767455634233e-12
-74.52,-4.994128617574495e-10,-2.702200882817275e-12
-74.51,-4.997884343059894e-10,-2.7046369141693796e-12
-74.5,-5.001643416002159e-10,-2.7070753673299217e-12
-74.49,-5.005405837205216e-10,-2.7095164555370993e-12
-74.48,-5.009171613000783e-10,-2.7119600478201324e-12
-74.47,-5.01294074598185e-10,-2.7144061551165848e-12
-74.46,-5.01671323967129e-10,-2.7168548261113515e-12
-74.45,-5.020489095613033e-10,-2.7193060347609253e-12
-74.44,-5.024268318744523e-10,-2.721759821149557e-12
-74.43,-5.028050913248498e-10,-2.724216141691926e-12
-74.42,-5.031836881142609e-10,-2.7266750929298206e-12
-74.41,-5.035626230686027e-10,-2.7291362890320347e-12
-74.4,-5.039418954735794e-10,-2.7316004873784534e-12
-74.39,-5.043215065756183e-10,-2.7340670375313293e-12
-74.38,-5.047014565736798e-10,-2.7365361987549076e-12
-74.37,-5.050817457059762e-10,-2.739007868295986e-12
-74.36,-5.054623743107176e-10,-2.741482179467795e-12
-74.35,-5.058433427145283e-10,-2.7439590287946896e-12
-74.34,-5.062246513980296e-10,-2.746438483585223e-12
-74.33,-5.066063006136057e-10,-2.7489204977691983e-12
-74.32,-5.069882903819235e-10,-2.7514053017269867e-12
-74.31,-5.073706219704286e-10,-2.7538923318756907e-12
-74.3,-5.077532948715182e-10,-2.756382131302448e-12
-74.29,-5.081363100069866e-10,-2.758874525598571e-12
-74.28,-5.085196670284663e-10,-2.7613695368521226e-12
-74.27,-5.08903366856819e-10,-2.763867075418302e-12
-74.26,-5.09287409726629e-10,-2.7663673341196926e-12
-74.25,-5.096717960632099e-10,-2.7688701410548626e-12
-74.24,-5.100565259038433e-10,-2.7713756076464084e-12
-74.23,-5.104416001222142e-10,-2.7738835914507915e-12
-74.22,-5.108270183670975e-10,-2.776394261950692e-12
-74.21,-5.112127816777007e-10,-2.7789075484745316e-12
-74.2,-5.11598890109166e-10,-2.7814234143899244e-12
-74.19,-5.119853439678348e-10,-2.7839419711808727e-12
-74.18,-5.123721437407273e-10,-2.786463132635433e-12
-74.17,-5.127592895850157e-10,-2.7889869239048747e-12
-74.16,-5.131467822194945e-10,-2.7915132962936553e-12
-74.15,-5.135346216144976e-10,-2.794042339503463e-12
-74.14,-5.139228081648912e-10,-2.796574196226965e-12
-74.13,-5.143113427071965e-10,-2.799108428982526e-12
-74.12,-5.147002251422973e-10,-2.8016454294079975e-12
-74.11,-5.150894557961334e-10,-2.804185045227982e-12
-74.1,-5.154790352665441e-10,-2.806727344839015e-12
-74.09,-5.158689637943273e-10,-2.8092723799065595e-12
-74.08,-5.16259241787336e-10,-2.8118199682128195e-12
-74.07,-5.166498695560853e-10,-2.8143702517464194e-12
-74.06,-5.170408475120619e-10,-2.816923177150172e-12
-74.05,-5.174321756878397e-10,-2.8194789384231427e-12
-74.04,-5.178238553486398e-10,-2.822037177474414e-12
-74.03,-5.182158858747856e-10,-2.8245981409755407e-12
-74.02,-5.186082681418288e-10,-2.827161808010969e-12
-74.01,-5.190010023033476e-10,-2.8297281149020905e-12
-74.0,-5.193940888984835e-10,-2.8322971539890873e-12
-73.99,-5.197875282039985e-10,-2.8348688779749956e-12
-73.98,-5.20181320451482e-10,-2.837443275011276e-12
-73.97,-5.205754662646456e-10,-2.8400203655878907e-12
-73.96,-5.209699658853281e-10,-2.842600203337309e-12
-73.95,-5.213648194973972e-10,-2.845182742211443e-12
-73.94,-5.217600275473578e-10,-2.847768049198337e-12
-73.93,-5.221555910052414e-10,-2.8503558265963273e-12
-73.92,-5.22551509599966e-10,-2.8529464823150416e-12
-73.91,-5.22947783586136e-10,-2.8555398292645346e-12
-73.9,-5.233444136330763e-10,-2.8581359250741056e-12
-73.89,-5.237414001667361e-10,-2.860734685401283e-12
-73.88,-5.241387434442764e-10,-2.863336198386931e-12
-73.87,-5.24536443700875e-10,-2.865940475705281e-12
-73.86,-5.249345015563552e-10,-2.8685474214428932e-12
-73.85,-5.253329173629004e-10,-2.87115710594241e-12
-73.84,-5.257316911624757e-10,-2.8737695908372436e-12
-73.83,-5.261308236580063e-10,-2.876384804345255e-12
-73.82,-5.265303151369052e-10,-2.8790027466708155e-12
-73.81,-5.269301659779956e-10,-2.8816233752820726e-12
-73.8,-5.273303766478335e-10,-2.8842468336710473e-12
-73.79,-5.277309472381868e-10,-2.886873000048966e-12
-73.78,-5.281318782674106e-10,-2.8895019854048804e-12
-73.77,-5.285331702750759e-10,-2.8921336738584465e-12
-73.76,-5.289348232854312e-10,-2.894768119721035e-12
-73.75,-5.293368381561166e-10,-2.8974053608191072e-12
-73.74,-5.297392149406408e-10,-2.9000453591926053e-12
-73.73,-5.301419537985007e-10,-2.9026882217976185e-12
-73.72,-5.305450556322506e-10,-2.9053336920210653e-12
-73.71,-5.309485205684382e-10,-2.907982015998904e-12
-73.7,-5.313523487351046e-10,-2.910633160507473e-12
-73.69,-5.317565410110254e-10,-2.913287071189837e-12
-73.68,-5.321610973854069e-10,-2.9159437863278446e-12
-73.67,-5.325660181405498e-10,-2.9186033194271138e-12
-73.66,-5.329713043564674e-10,-2.9212655072461704e-12
-73.65,-5.333769557285317e-10,-2.9239306118528923e-12
-73.64,-5.337829728564919e-10,-2.9265985337967076e-12
-73.63,-5.341893559207499e-10,-2.929269273229817e-12
-73.62,-5.345961055779644e-10,-2.931942763337136e-12
-73.61,-5.350032222017301e-10,-2.9346190535673215e-12
-73.6,-5.35410706026951e-10,-2.9372982249095964e-12
-73.59,-5.358185575341377e-10,-2.9399802017367843e-12
-73.58,-5.362267771987993e-10,-2.9426648967153953e-12
-73.57,-5.366353648796397e-10,-2.945352622690511e-12
-73.56,-5.370443216439709e-10,-2.9480430266213113e-12
-73.55,-5.374536476568566e-10,-2.9507363283763965e-12
-73.54,-5.378633431134378e-10,-2.9534324337794814e-12
-73.53,-5.382734085854206e-10,-2.956131390917108e-12
-73.52,-5.386838443662772e-10,-2.958833148601172e-12
-73.51,-5.390946507223279e-10,-2.961537779978625e-12
-73.5,-5.395058283184563e-10,-2.9642453237761856e-12
-73.49,-5.39917377497487e-10,-2.9669556274352218e-12
-73.48,-5.403292984263902e-10,-2.9696688155938396e-12
-73.47,-5.407415919843728e-10,-2.972384781605202e-12
-73.46,-5.411542575075472e-10,-2.9751038476703043e-12
-73.45,-5.415672964635311e-10,-2.9778256779659227e-12
-73.44,-5.419807088289063e-10,-2.980550353418863e-12
-73.43,-5.423944949081567e-10,-2.9832779688716388e-12
-73.42,-5.428086553196288e-10,-2.986008348233006e-12
-73.41,-5.432231904039443e-10,-2.9887416641298748e-12
-73.4,-5.436381004396833e-10,-2.991477803194213e-12
-73.39,-5.440533857197474e-10,-2.994216925847684e-12
-73.38,-5.444690470360141e-10,-2.9969588608358733e-12
-73.37,-5.448850842508465e-10,-2.9997037976410546e-12
-73.36,-5.453014981060408e-10,-3.002451550622755e-12
-73.35,-5.457182889234196e-10,-3.0052021834034997e-12
-73.34,-5.461354571467362e-10,-3.0079557546591154e-12
-73.33,-5.465530029461769e-10,-3.0107123073390933e-12
-73.32,-5.469709269294927e-10,-3.0134716664665243e-12
-73.31,-5.473892296449482e-10,-3.0162339897352034e-12
-73.3,-5.478079110951685e-10,-3.0189992084069895e-12
-73.29,-5.482269721733803e-10,-3.0217673609697196e-12
-73.28,-5.486464125587418e-10,-3.0245384697729176e-12
-73.27,-5.490662331798847e-10,-3.027312473870701e-12
-73.26,-5.494864344481814e-10,-3.030089384581944e-12
-73.25,-5.499070164880921e-10,-3.032869286610003e-12
-73.24,-5.503279798713771e-10,-3.0356521041294e-12
-73.23,-5.507493250406344e-10,-3.0384378129532906e-12
-73.22,-5.511710522298852e-10,-3.041226578361604e-12
-73.21,-5.515931619185285e-10,-3.0440183001164806e-12
-73.2,-5.520156549792843e-10,-3.0468128015469966e-12
-73.19,-5.52438530364311e-10,-3.049610492110121e-12
-73.18,-5.528617899759425e-10,-3.0524110567308883e-12
-73.17,-5.532854337093612e-10,-3.0552145573537165e-12
-73.16,-5.537094620342007e-10,-3.0580210069284035e-12
-73.15,-5.541338751796711e-10,-3.060830461127356e-12
-73.14,-5.54558673724858e-10,-3.0636428790566566e-12
-73.13,-5.549838578287695e-10,-3.066458263220931e-12
-73.12,-5.554094280564586e-10,-3.069276645293127e-12
-73.11,-5.558353850722365e-10,-3.072098029814438e-12
-73.1,-5.562617287410327e-10,-3.0749224504883114e-12
-73.09,-5.566884598614736e-10,-3.077749802245182e-12
-73.08,-5.571155787094978e-10,-3.0805801426716154e-12
-73.07,-5.575430858236833e-10,-3.0834134241909205e-12
-73.06,-5.579709812299135e-10,-3.086249844216616e-12
-73.05,-5.583992657927661e-10,-3.0890892291124743e-12
-73.04,-5.588279396455094e-10,-3.0919315608017572e-12
-73.03,-5.592570033651558e-10,-3.0947769928076583e-12
-73.02,-5.596864572607675e-10,-3.0976253839730567e-12
-73.01,-5.601163015602072e-10,-3.1004768214363758e-12
-73.0,-5.60546537181598e-10,-3.103331337790098e-12
-72.99,-5.609771641297692e-10,-3.10618876450687e-12
-72.98,-5.614081827478798e-10,-3.1090493870330945e-12
-72.97,-5.618395937247964e-10,-3.1119128765116946e-12
-72.96,-5.622713973783089e-10,-3.1147794788548433e-12
-72.95,-5.627035940402213e-10,-3.11764913653691e-12
-72.94,-5.631361841418347e-10,-3.1205218104245897e-12
-72.93,-5.635691680185399e-10,-3.1233976687578217e-12
-72.92,-5.64002546468857e-10,-3.1262763912455928e-12
-72.91,-5.644363188806588e-10,-3.1291582940537465e-12
-72.9,-5.64870487675537e-10,-3.132043197333494e-12
-72.89,-5.653050513760889e-10,-3.134931189945718e-12
-72.88,-5.657400110453749e-10,-3.137822253405072e-12
-72.87,-5.661753671145781e-10,-3.1407163717773462e-12
-72.86,-5.666111199665707e-10,-3.1436135599912075e-12
-72.85,-5.67047270051188e-10,-3.1465139520089926e-12
-72.84,-5.674838177453351e-10,-3.149417326032843e-12
-72.83,-5.679207633996651e-10,-3.1523237896508354e-12
-72.82,-5.683581076065928e-10,-3.1552332186055654e-12
-72.81,-5.687958507150462e-10,-3.1581459605465527e-12
-72.8,-5.692339931929995e-10,-3.1610617083488176e-12
-72.79,-5.696725350520172e-10,-3.1639806579280116e-12
-72.78,-5.701114774235529e-10,-3.1669025817502664e-12
-72.77,-5.705508202740328e-10,-3.169827681221082e-12
-72.76,-5.709905640212729e-10,-3.17275591374484e-12
-72.75,-5.714307092791911e-10,-3.1756872241472574e-12
-72.74,-5.718712561057772e-10,-3.178621697691284e-12
-72.73,-5.72312204956532e-10,-3.181559282435503e-12
-72.72,-5.727535574981676e-10,-3.184499852995638e-12
-72.71,-5.731953124978066e-10,-3.1874436986380537e-12
-72.7,-5.736374712031791e-10,-3.190390643382588e-12
-72.69,-5.740800337216151e-10,-3.1933407700534905e-12
-72.68,-5.745230006082869e-10,-3.1962940581691568e-12
-72.67,-5.749663723572027e-10,-3.1992504067202128e-12
-72.66,-5.754101492674059e-10,-3.2022099713017392e-12
-72.65,-5.758543318096083e-10,-3.205172724544176e-12
-72.64,-5.762989207084611e-10,-3.2081382802540856e-12
-72.63,-5.767439157557996e-10,-3.211107570551131e-12
-72.62,-5.771893177560132e-10,-3.214079818379041e-12
-72.61,-5.776351272973907e-10,-3.2170552129731187e-12
-72.6,-5.780813446016403e-10,-3.220033740120671e-12
-72.59,-5.785279701125891e-10,-3.223015433949122e-12
-72.58,-5.789750043424482e-10,-3.2260003474438544e-12
-72.57,-5.794224476921602e-10,-3.2289884262328354e-12
-72.56,-5.798703003896514e-10,-3.231979729649627e-12
-72.55,-5.803185631682039e-10,-3.234974187487203e-12
-72.54,-5.807672361446129e-10,-3.2379719626833127e-12
-72.53,-5.81216320349359e-10,-3.2409727104333208e-12
-72.52,-5.816658153023676e-10,-3.243976855915275e-12
-72.51,-5.821157222293239e-10,-3.2469842137083057e-12
-72.5,-5.825660412602012e-10,-3.249994662428609e-12
-72.49,-5.830167728171192e-10,-3.253008404247401e-12
-72.48,-5.834679173856904e-10,-3.2560253653985523e-12
-72.47,-5.839194754355442e-10,-3.2590455610858756e-12
-72.46,-5.843714472996187e-10,-3.2620689892426065e-12
-72.45,-5.848238334181314e-10,-3.265095630778914e-12
-72.44,-5.852766339434532e-10,-3.2681255829379996e-12
-72.43,-5.857298504420612e-10,-3.271158635657709e-12
-72.42,-5.861834821060904e-10,-3.2741949740156844e-12
-72.41,-5.866375298517524e-10,-3.277234582860285e-12
-72.4,-5.870919940578775e-10,-3.2802775535413808e-12
-72.39,-5.875468752737563e-10,-3.2833236054065287e-12
-72.38,-5.880021738953235e-10,-3.2863729513770574e-12
-72.37,-5.884578903000569e-10,-3.2894256087100636e-12
-72.36,-5.889140249106404e-10,-3.2924815460159684e-12
-72.35,-5.893705785276329e-10,-3.2955408008014657e-12
-72.34,-5.89827550786016e-10,-3.2986031998622558e-12
-72.33,-5.902849428963828e-10,-3.3016689548441015e-12
-72.32,-5.907427551060744e-10,-3.3047380160369496e-12
-72.31,-5.912009876461619e-10,-3.307810372181782e-12
-72.3,-5.916596412698826e-10,-3.310885960128716e-12
-72.29,-5.92118716137517e-10,-3.3139648559086797e-12
-72.28,-5.925782129345375e-10,-3.3170470327312555e-12
-72.27,-5.930381319217464e-10,-3.3201326104078302e-12
-72.26,-5.934984733647111e-10,-3.323221330643708e-12
-72.25,-5.939592385243172e-10,-3.3263135067757557e-12
-72.24,-5.944204270034454e-10,-3.3294090124017516e-12
-72.23,-5.948820394669527e-10,-3.3325077711123564e-12
-72.22,-5.95344076674383e-10,-3.33560992192351e-12
-72.21,-5.958065386582268e-10,-3.3387152938605284e-12
-72.2,-5.962694260577537e-10,-3.3418240395445933e-12
-72.19,-5.96732739322535e-10,-3.3449361451601613e-12
-72.18,-5.971964789318632e-10,-3.348051635795006e-12
-72.17,-5.97660645456466e-10,-3.3511702746267516e-12
-72.16,-5.981252388464937e-10,-3.3542925462613735e-12
-72.15,-5.985902601462711e-10,-3.3574180247622527e-12
-72.14,-5.990557094761365e-10,-3.3605468128075686e-12
-72.13,-5.995215874468826e-10,-3.363679059245187e-12
-72.12,-5.999878943762944e-10,-3.3668146158410295e-12
-72.11,-6.00454630883873e-10,-3.369953540078398e-12
-72.1,-6.009217972493217e-10,-3.373095853821368e-12
-72.09,-6.013893942992313e-10,-3.3762414811255578e-12
-72.08,-6.018574216198923e-10,-3.3793907230917176e-12
-72.07,-6.023258807820554e-10,-3.3825430920307776e-12
-72.06,-6.027947715304003e-10,-3.3856989875944765e-12
-72.05,-6.032640945125054e-10,-3.3888581983717547e-12
-72.04,-6.037338501352847e-10,-3.3920208590672114e-12
-72.03,-6.042040390655026e-10,-3.3951869361751637e-12
-72.02,-6.046746614992551e-10,-3.3983563813933747e-12
-72.01,-6.051457180366355e-10,-3.4015292272364075e-12
-72.0,-6.056172090639031e-10,-3.404705486866387e-12
-71.99,-6.060891351608134e-10,-3.4078851365056158e-12
-71.98,-6.065614967721799e-10,-3.4110682688143124e-12
-71.97,-6.070342942206877e-10,-3.414254926945666e-12
-71.96,-6.07507527979297e-10,-3.41744480155654e-12
-71.95,-6.079811986000065e-10,-3.4206382176560103e-12
-71.94,-6.084553066486303e-10,-3.4238350396935497e-12
-71.93,-6.089298524075676e-10,-3.4270353790052066e-12
-71.92,-6.094048364033886e-10,-3.430239110810652e-12
-71.91,-6.098802591819942e-10,-3.4334463388572398e-12
-71.9,-6.10356121164758e-10,-3.436656954625091e-12
-71.89,-6.108324226980127e-10,-3.439871063622711e-12
-71.88,-6.113091647010547e-10,-3.4430884511053374e-12
-71.87,-6.11786346762426e-10,-3.4463096228345973e-12
-71.86,-6.122639699765202e-10,-3.449534179086361e-12
-71.85,-6.127420346756977e-10,-3.4527622756297486e-12
-71.84,-6.132205416870595e-10,-3.455993658750351e-12
-71.83,-6.136994910560588e-10,-3.4592286376633702e-12
-71.82,-6.141788831756646e-10,-3.462467058400202e-12
-71.81,-6.146587189445746e-10,-3.465709072661147e-12
-71.8,-6.151389985247578e-10,-3.4689545144768593e-12
-71.79,-6.156197225054824e-10,-3.4722034423866063e-12
-71.78,-6.161008911765428e-10,-3.4754558604027198e-12
-71.77,-6.165825052013349e-10,-3.4787118701231524e-12
-71.76,-6.170645650396411e-10,-3.4819713528441134e-12
-71.75,-6.175470710741678e-10,-3.485234451682581e-12
-71.74,-6.180300239688514e-10,-3.4885008758270058e-12
-71.73,-6.185134240094425e-10,-3.491770957878528e-12
-71.72,-6.189972718016823e-10,-3.4950445680985274e-12
-71.71,-6.194815675944966e-10,-3.4983216901019884e-12
-71.7,-6.199663126382432e-10,-3.501602197455954e-12
-71.69,-6.20451505832732e-10,-3.5048865794126076e-12
-71.68,-6.209371489793004e-10,-3.508174349032287e-12
-71.67,-6.2142324240651e-10,-3.5114656687934434e-12
-71.66,-6.219097862456933e-10,-3.5147605658117922e-12
-71.65,-6.223967811935156e-10,-3.518059006700282e-12
-71.64,-6.228842276617417e-10,-3.5213610081964536e-12
-71.63,-6.233721261740676e-10,-3.5246666079316986e-12
-71.62,-6.238604771530937e-10,-3.527975758303847e-12
-71.61,-6.243492810114146e-10,-3.5312885133690727e-12
-71.6,-6.248385384790402e-10,-3.5346047390029983e-12
-71.59,-6.253282498076881e-10,-3.5379247576814935e-12
-71.58,-6.258184156290512e-10,-3.541248265247005e-12
-71.57,-6.263090363378653e-10,-3.54457537052098e-12
-71.56,-6.268001124659128e-10,-3.5479060614625064e-12
-71.55,-6.27291644364558e-10,-3.551240400423394e-12
-71.54,-6.277836328127033e-10,-3.5545783496166816e-12
-71.53,-6.282760780278419e-10,-3.5579198728465623e-12
-71.52,-6.287689805728787e-10,-3.561265073778426e-12
-71.51,-6.29262341151029e-10,-3.5646138748818577e-12
-71.5,-6.297561595191539e-10,-3.5679664396573e-12
-71.49,-6.302504375019221e-10,-3.5713222729159648e-12
-71.48,-6.307451744243883e-10,-3.5746819991050704e-12
-71.47,-6.31240371098858e-10,-3.578045419951147e-12
-71.46,-6.317360281916682e-10,-3.5814123505249773e-12
-71.45,-6.322321459605124e-10,-3.584783034364065e-12
-71.44,-6.327287250978957e-10,-3.5881572651601615e-12
-71.43,-6.332257659778663e-10,-3.5915352530279968e-12
-71.42,-6.337232692585518e-10,-3.5949168328065445e-12
-71.41,-6.342212351498303e-10,-3.598302219158199e-12
-71.4,-6.347196643798082e-10,-3.6016911245514577e-12
-71.39,-6.35218557506261e-10,-3.6050837596791146e-12
-71.38,-6.357179146244007e-10,-3.6084801712178743e-12
-71.37,-6.362177367244764e-10,-3.611880119001411e-12
-71.36,-6.367180240796969e-10,-3.615283832121047e-12
-71.35,-6.372187771697715e-10,-3.6186911932919955e-12
-71.34,-6.377199964338451e-10,-3.6221023133521832e-12
-71.33,-6.382216825292926e-10,-3.625517161735045e-12
-71.32,-6.387238363001657e-10,-3.6289355234119097e-12
-71.31,-6.392264569765666e-10,-3.63235790124236e-12
-71.3,-6.397295463697329e-10,-3.6357838551087635e-12
-71.29,-6.402331045073979e-10,-3.639213478437594e-12
-71.28,-6.407371318336525e-10,-3.642646904423181e-12
-71.27,-6.412416291229722e-10,-3.646084051639789e-12
-71.26,-6.417465966490275e-10,-3.649524964069145e-12
-71.25,-6.422520348490132e-10,-3.65296960850336e-12
-71.24,-6.427579443896526e-10,-3.6564179431430034e-12
-71.23,-6.432643259109673e-10,-3.659869915267457e-12
-71.22,-6.437711793881795e-10,-3.663325954966551e-12
-71.21,-6.44278505944427e-10,-3.666785523924864e-12
-71.2,-6.447863056195567e-10,-3.670249000804703e-12
-71.19,-6.45294579265038e-10,-3.673716170405379e-12
-71.18,-6.458033272629587e-10,-3.677187106639562e-12
-71.17,-6.463125500928334e-10,-3.680661855989559e-12
-71.16,-6.468222481907151e-10,-3.684140352953466e-12
-71.15,-6.473324223452096e-10,-3.687622604578043e-12
-71.14,-6.478430731085664e-10,-3.691108625753135e-12
-71.13,-6.483542001814066e-10,-3.6945986155521685e-12
-71.12,-6.488658048687898e-10,-3.698092272703727e-12
-71.11,-6.493778875479888e-10,-3.701589820985077e-12
-71.1,-6.498904487033938e-10,-3.7050911257969055e-12
-71.09,-6.504034887477579e-10,-3.708596229563756e-12
-71.08,-6.509170082388012e-10,-3.712105194287339e-12
-71.07,-6.514310077600341e-10,-3.7156179841164245e-12
-71.06,-6.519454878191663e-10,-3.719134625074361e-12
-71.05,-6.524604488778122e-10,-3.722655041024935e-12
-71.04,-6.529758914439528e-10,-3.726179375079329e-12
-71.03,-6.5349181628457e-10,-3.729707352384199e-12
-71.02,-6.540082234275983e-10,-3.733239449890231e-12
-71.01,-6.545251137091214e-10,-3.73677528759309e-12
-71.0,-6.55042487720511e-10,-3.74031492849774e-12
-70.99,-6.555603458793489e-10,-3.743858503417773e-12
-70.98,-6.560786885672222e-10,-3.747405971003211e-12
-70.97,-6.565975165827954e-10,-3.750957232647258e-12
-70.96,-6.571168302701067e-10,-3.754512389843655e-12
-70.95,-6.576366301480948e-10,-3.758071476344652e-12
-70.94,-6.581569164681369e-10,-3.761634564784521e-12
-70.93,-6.586776907033256e-10,-3.76520128850129e-12
-70.92,-6.59198952446057e-10,-3.768771979520194e-12
-70.91,-6.597207026490984e-10,-3.7723466378642865e-12
-70.9,-6.602429415878857e-10,-3.775925203733025e-12
-70.89,-6.607656699204709e-10,-3.779507685696788e-12
-70.88,-6.612888883171659e-10,-3.783094033810954e-12
-70.87,-6.618125969718072e-10,-3.786684324671844e-12
-70.86,-6.623367966333944e-10,-3.7902785421267195e-12
-70.85,-6.628614882303469e-10,-3.793876643185244e-12
-70.84,-6.633866711237661e-10,-3.7974788373007705e-12
-70.83,-6.639123469613938e-10,-3.801084898881093e-12
-70.82,-6.644385159593795e-10,-3.804694817174751e-12
-70.81,-6.649651785360866e-10,-3.808308766352087e-12
-70.8,-6.654923352398752e-10,-3.811926661265818e-12
-70.79,-6.660199866272597e-10,-3.8155485190941746e-12
-70.78,-6.665481334635826e-10,-3.8191742734294686e-12
-70.77,-6.670767759815081e-10,-3.8228041140930196e-12
-70.76,-6.676059146655597e-10,-3.82643788549042e-12
-70.75,-6.681355503770208e-10,-3.830075564378901e-12
-70.74,-6.686656834005137e-10,-3.833717316095952e-12
-70.73,-6.691963143564227e-10,-3.837363014361219e-12
-70.72,-6.697274438415231e-10,-3.841012717064724e-12
-70.71,-6.702590722775284e-10,-3.844666462387343e-12
-70.7,-6.707912002259009e-10,-3.848324205187447e-12
-70.69,-6.713238283626e-10,-3.851985911760376e-12
-70.68,-6.71856957166736e-10,-3.855651592002356e-12
-70.67,-6.723905867913174e-10,-3.859321558276797e-12
-70.66,-6.729247185846974e-10,-3.862995119288366e-12
-70.65,-6.734593523322333e-10,-3.866673041064166e-12
-70.64,-6.739944890887918e-10,-3.870354861086214e-12
-70.63,-6.745301290409406e-10,-3.874040747898447e-12
-70.62,-6.750662729752162e-10,-3.8777306825202276e-12
-70.61,-6.756029212750158e-10,-3.8814246691767564e-12
-70.6,-6.761400746392129e-10,-3.885122683987342e-12
-70.59,-6.766777334644473e-10,-3.888824791704078e-12
-70.58,-6.772158983591719e-10,-3.892531012966296e-12
-70.57,-6.777545700179058e-10,-3.896241215305887e-12
-70.56,-6.782937484578246e-10,-3.899955625047344e-12
-70.55,-6.788334352077867e-10,-3.903673887395299e-12
-70.54,-6.79373630037749e-10,-3.907396373278984e-12
-70.53,-6.799143336365184e-10,-3.911122961240312e-12
-70.52,-6.804555465899424e-10,-3.9148536479310215e-12
-70.51,-6.809972695727728e-10,-3.918588373847151e-12
-70.5,-6.815395030135569e-10,-3.922327233051073e-12
-70.49,-6.820822473279262e-10,-3.9260702523407525e-12
-70.48,-6.826255034054433e-10,-3.929817286348434e-12
-70.47,-6.831692717893974e-10,-3.933568571348085e-12
-70.46,-6.837135526332935e-10,-3.937323855170352e-12
-70.45,-6.842583469154621e-10,-3.9410833108570855e-12
-70.44,-6.848036549425525e-10,-3.944846920704164e-12
-70.43,-6.853494772968895e-10,-3.948614683507601e-12
-70.42,-6.858958147996953e-10,-3.952386595835823e-12
-70.41,-6.864426675849322e-10,-3.956162660360214e-12
-70.4,-6.869900366011857e-10,-3.959942838102096e-12
-70.39,-6.875379221963293e-10,-3.963727176387012e-12
-70.38,-6.880863249388441e-10,-3.967515717269991e-12
-70.37,-6.886352455746728e-10,-3.971308431846533e-12
-70.36,-6.891846843944288e-10,-3.975105327058517e-12
-70.35,-6.897346422548451e-10,-3.978906332918389e-12
-70.34,-6.902851191550129e-10,-3.982711659675823e-12
-70.33,-6.908361164102872e-10,-3.9865210835495075e-12
-70.32,-6.913876341796613e-10,-3.990334773808114e-12
-70.31,-6.919396730157463e-10,-3.994152663378534e-12
-70.3,-6.92492233742016e-10,-3.9979746629279166e-12
-70.29,-6.93045316898448e-10,-4.001800967401151e-12
-70.28,-6.935989224468349e-10,-4.005631379302483e-12
-70.27,-6.941530516416698e-10,-4.009466146867395e-12
-70.26,-6.94707704666777e-10,-4.01330512275101e-12
-70.25,-6.952628824814736e-10,-4.0171482693073765e-12
-70.24,-6.958185852924548e-10,-4.02099567800028e-12
-70.23,-6.963748138721946e-10,-4.0248473870552174e-12
-70.22,-6.969315686701522e-10,-4.028703282520565e-12
-70.21,-6.974888503278918e-10,-4.032563464278422e-12
-70.2,-6.980466593020762e-10,-4.036427842608358e-12
-70.19,-6.986049964626532e-10,-4.040296550034833e-12
-70.18,-6.991638622961368e-10,-4.044169515508264e-12
-70.17,-6.99723257017614e-10,-4.0480467989195156e-12
-70.16,-7.002831814598683e-10,-4.051928362927439e-12
-70.15,-7.008436364767227e-10,-4.055814146515241e-12
-70.14,-7.014046223171196e-10,-4.0597042823769734e-12
-70.13,-7.019661393601791e-10,-4.063598719028354e-12
-70.12,-7.02528188729125e-10,-4.06749742461795e-12
-70.11,-7.03090770692275e-10,-4.071400392494124e-12
-70.1,-7.036538857278284e-10,-4.075307774320374e-12
-70.09,-7.042175346874959e-10,-4.079219430093683e-12
-70.08,-7.047817179362767e-10,-4.083135442830404e-12
-70.07,-7.053464361429959e-10,-4.087055833191304e-12
-70.06,-7.05911689848017e-10,-4.090980476778776e-12
-70.05,-7.064774797262576e-10,-4.0949094279167285e-12
-70.04,-7.070438063957689e-10,-4.0988428503610675e-12
-70.03,-7.076106703118483e-10,-4.102780443965765e-12
-70.02,-7.081780721849703e-10,-4.106722555635248e-12
-70.01,-7.087460123653385e-10,-4.110669031460093e-12
-70.0,-7.09314492155836e-10,-4.1146195952492435e-12
-69.99,-7.098835107485001e-10,-4.118574973841629e-12
-69.98,-7.104530698517555e-10,-4.122534571511189e-12
-69.97,-7.110231700558968e-10,-4.126498467677829e-12
-69.96,-7.115938115473433e-10,-4.130466816370951e-12
-69.95,-7.121649950579142e-10,-4.134439545867058e-12
-69.94,-7.127367212367505e-10,-4.1384166026114675e-12
-69.93,-7.133089904227255e-10,-4.142398203856803e-12
-69.92,-7.138818036819981e-10,-4.1463841040160466e-12
-69.91,-7.144551615589837e-10,-4.1503743093533935e-12
-69.9,-7.150290637764838e-10,-4.1543693282949805e-12
-69.89,-7.15603511890403e-10,-4.1583685112483826e-12
-69.88,-7.161785061303706e-10,-4.162372205000339e-12
-69.87,-7.167540473085801e-10,-4.166380257348925e-12
-69.86,-7.173301358365565e-10,-4.1703928278499215e-12
-69.85,-7.17906772177764e-10,-4.174409800720186e-12
-69.84,-7.18483957380981e-10,-4.178431218478493e-12
-69.83,-7.19061691632528e-10,-4.182457119060769e-12
-69.82,-7.196399757847702e-10,-4.186487416454523e-12
-69.81,-7.202188100215623e-10,-4.19052236161434e-12
-69.8,-7.207981955644852e-10,-4.194561727298758e-12
-69.79,-7.21378132445249e-10,-4.1986055827223315e-12
-69.78,-7.21958621740683e-10,-4.2026539402318584e-12
-69.77,-7.225396637700037e-10,-4.206706761672614e-12
-69.76,-7.231212592653667e-10,-4.2107640086518035e-12
-69.75,-7.237034087387681e-10,-4.2148258096572865e-12
-69.74,-7.242861128370681e-10,-4.218892196356887e-12
-69.73,-7.24869371810487e-10,-4.2229632572816094e-12
-69.72,-7.254531873982227e-10,-4.227038449994638e-12
-69.71,-7.260375589175182e-10,-4.23111839598318e-12
-69.7,-7.266224877830424e-10,-4.235202867859231e-12
-69.69,-7.272079742451583e-10,-4.239291778472105e-12
-69.68,-7.27794018999693e-10,-4.243385379640785e-12
-69.67,-7.283806227078795e-10,-4.247483422069245e-12
-69.66,-7.289677857591451e-10,-4.251586097117521e-12
-69.65,-7.295555091097099e-10,-4.255693302709088e-12
-69.64,-7.301437930893263e-10,-4.259805141263291e-12
-69.63,-7.307326385599198e-10,-4.2639215017813726e-12
-69.62,-7.31322045986326e-10,-4.268042486456201e-12
-69.61,-7.319120160141137e-10,-4.272167965791811e-12
-69.6,-7.325025493615194e-10,-4.276298077854006e-12
-69.59,-7.330936464258252e-10,-4.280432903649532e-12
-69.58,-7.336853079563598e-10,-4.284572214381087e-12
-69.57,-7.342775347372804e-10,-4.2887161178421995e-12
-69.56,-7.348703270349623e-10,-4.292864703414652e-12
-69.55,-7.354636856411405e-10,-4.297017918235066e-12
-69.54,-7.360576113686219e-10,-4.301175749756453e-12
-69.53,-7.366521048904989e-10,-4.3053381603359615e-12
-69.52,-7.372471660757142e-10,-4.309505250016516e-12
-69.51,-7.378427962581228e-10,-4.313676955082033e-12
-69.5,-7.384389960189485e-10,-4.317853399032017e-12
-69.49,-7.390357658550176e-10,-4.322034411822104e-12
-69.48,-7.396331062749961e-10,-4.326220189822927e-12
-69.47,-7.402310182401524e-10,-4.330410570937006e-12
-69.46,-7.408295020150191e-10,-4.334605630678949e-12
-69.45,-7.414285584596456e-10,-4.3388053397576226e-12
-69.44,-7.420281877113424e-10,-4.34300991220586e-12
-69.43,-7.426283915913633e-10,-4.347218858549041e-12
-69.42,-7.432291697417323e-10,-4.35143270869735e-12
-69.41,-7.43830522931156e-10,-4.355651200448908e-12
-69.4,-7.444324517089685e-10,-4.35987451341187e-12
-69.39,-7.45034957076153e-10,-4.36410242424683e-12
-69.38,-7.456380393800461e-10,-4.368335126024287e-12
-69.37,-7.462416993860987e-10,-4.372572492546388e-12
-69.36,-7.468459376388894e-10,-4.376814731980272e-12
-69.35,-7.474507546248903e-10,-4.381061808172598e-12
-69.34,-7.4805615185716e-10,-4.385313179127241e-12
-69.33,-7.486621288991473e-10,-4.3895695976404285e-12
-69.32,-7.492686868484384e-10,-4.393830794244319e-12
-69.31,-7.498758263003681e-10,-4.39809661950247e-12
-69.3,-7.504835480130262e-10,-4.402367252654466e-12
-69.29,-7.510918523919424e-10,-4.406642752814128e-12
-69.28,-7.51700740233468e-10,-4.4109230195789964e-12
-69.27,-7.523102121704223e-10,-4.415208058303298e-12
-69.26,-7.52920268499227e-10,-4.419497952618656e-12
-69.25,-7.535309108513684e-10,-4.423792518926153e-12
-69.24,-7.541421389572653e-10,-4.428091896422642e-12
-69.23,-7.547539535997532e-10,-4.432396171014117e-12
-69.22,-7.553663557219972e-10,-4.436705213798044e-12
-69.21,-7.559793456005074e-10,-4.441019154981913e-12
-69.2,-7.56592924329023e-10,-4.445337794801396e-12
-69.19,-7.572070921937674e-10,-4.449661405437643e-12
-69.18,-7.578218500329615e-10,-4.453989744589621e-12
-69.17,-7.584371985160388e-10,-4.4583229328759546e-12
-69.16,-7.59053137980543e-10,-4.462661222273089e-12
-69.15,-7.596696695357377e-10,-4.467004122783614e-12
-69.14,-7.602867935247562e-10,-4.471352017198238e-12
-69.13,-7.609045108098037e-10,-4.475704702506693e-12
-69.12,-7.615228219417954e-10,-4.480062228512992e-12
-69.11,-7.62141727509424e-10,-4.484424751608805e-12
-69.1,-7.627612282481627e-10,-4.488792069733998e-12
-69.09,-7.633813247886265e-10,-4.493164463089808e-12
-69.08,-7.640020177818758e-10,-4.497541575129827e-12
-69.07,-7.646233080928769e-10,-4.50192366189541e-12
-69.06,-7.652451960682746e-10,-4.506310664221643e-12
-69.05,-7.658676826033612e-10,-4.510702661148134e-12
-69.04,-7.66490768207752e-10,-4.515099508070413e-12
-69.03,-7.671144537158718e-10,-4.519501294112377e-12
-69.02,-7.677387395718013e-10,-4.523908033003966e-12
-69.01,-7.683636266907455e-10,-4.528319718349146e-12
-69.0,-7.689891154365039e-10,-4.532736352446417e-12
-68.99,-7.696152067277975e-10,-4.537157957583158e-12
-68.98,-7.702419010943608e-10,-4.541584598557431e-12
-68.97,-7.708691994063141e-10,-4.5460162630188025e-12
-68.96,-7.714971019703961e-10,-4.550452701307257e-12
-68.95,-7.72125609914566e-10,-4.554894166742618e-12
-68.94,-7.727547235087566e-10,-4.5593406655273334e-12
-68.93,-7.733844436685901e-10,-4.563792179041248e-12
-68.92,-7.74014771007422e-10,-4.56824873765249e-12
-68.91,-7.74645706136682e-10,-4.572710245641743e-12
-68.9,-7.752772497664828e-10,-4.577176761859818e-12
-68.89,-7.759094025965266e-10,-4.581648399074979e-12
-68.88,-7.765421653527392e-10,-4.586124916089609e-12
-68.87,-7.771755385639639e-10,-4.590606688998972e-12
-68.86,-7.778095230531389e-10,-4.595093387476431e-12
-68.85,-7.784441193739597e-10,-4.599585046342197e-12
-68.84,-7.790793282623655e-10,-4.604081942190812e-12
-68.83,-7.797151505510933e-10,-4.608583761051132e-12
-68.82,-7.80351586708407e-10,-4.613090689929519e-12
-68.81,-7.809886373782713e-10,-4.617602633268701e-12
-68.8,-7.816263034150104e-10,-4.62211987186941e-12
-68.79,-7.822645853907511e-10,-4.6266419064771365e-12
-68.78,-7.829034843244981e-10,-4.631169276747849e-12
-68.77,-7.835430004726205e-10,-4.635701680932767e-12
-68.76,-7.841831346946396e-10,-4.640239141695657e-12
-68.75,-7.848238876376832e-10,-4.64478171898225e-12
-68.74,-7.854652600131309e-10,-4.649329416552384e-12
-68.73,-7.861072525462364e-10,-4.653882338529125e-12
-68.72,-7.86749865778277e-10,-4.658440308600817e-12
-68.71,-7.87393100534482e-10,-4.6630033632624074e-12
-68.7,-7.880369575805949e-10,-4.6675717044403e-12
-68.69,-7.886814373854137e-10,-4.672145115951853e-12
-68.68,-7.893265409360322e-10,-4.676723722321664e-12
-68.67,-7.89972268593852e-10,-4.681307489221711e-12
-68.66,-7.906186212753843e-10,-4.6858964445625444e-12
-68.65,-7.912655997099877e-10,-4.690490594296543e-12
-68.64,-7.919132044635371e-10,-4.695089816769743e-12
-68.63,-7.925614362585474e-10,-4.699694330894003e-12
-68.62,-7.932102958895603e-10,-4.704304069448732e-12
-68.61,-7.938597839865694e-10,-4.7089189762948134e-12
-68.6,-7.945099011592065e-10,-4.7135390105090784e-12
-68.59,-7.951606483232562e-10,-4.718164407403361e-12
-68.58,-7.958120259277576e-10,-4.722795012563108e-12
-68.57,-7.964640347934918e-10,-4.72743080265455e-12
-68.56,-7.971166757329957e-10,-4.7320718723925384e-12
-68.55,-7.977699492904602e-10,-4.736718178124549e-12
-68.54,-7.98423856275029e-10,-4.741369699529669e-12
-68.53,-7.990783973862884e-10,-4.746026487127483e-12
-68.52,-7.997335733269304e-10,-4.750688571283557e-12
-68.51,-8.003893847063539e-10,-4.7553559403264904e-12
-68.5,-8.010458326392392e-10,-4.760028455236028e-12
-68.49,-8.017029168653047e-10,-4.7647065700131586e-12
-68.48,-8.023606391699624e-10,-4.7693897290739065e-12
-68.47,-8.030189998106128e-10,-4.77407819534839e-12
-68.46,-8.036779994494908e-10,-4.778772076058542e-12
-68.45,-8.043376389410229e-10,-4.7834711817150796e-12
-68.44,-8.049979190317763e-10,-4.788175585768275e-12
-68.43,-8.05658840147609e-10,-4.7928854260284646e-12
-68.42,-8.063204032779978e-10,-4.7976004856653865e-12
-68.41,-8.069826089759195e-10,-4.802321003745049e-12
-68.4,-8.076454582242842e-10,-4.807046842869497e-12
-68.39,-8.083089515185655e-10,-4.81177805195354e-12
-68.38,-8.08973089715134e-10,-4.816514553531875e-12
-68.37,-8.09637873172685e-10,-4.821256461921865e-12
-68.36,-8.103033031095475e-10,-4.82600371248762e-12
-68.35,-8.109693799356565e-10,-4.830756435396188e-12
-68.34,-8.11636104634335e-10,-4.83551446590809e-12
-68.33,-8.123034775976159e-10,-4.84027787738112e-12
-68.32,-8.129714999991063e-10,-4.845046638535569e-12
-68.31,-8.136401719529326e-10,-4.849821060330263e-12
-68.3,-8.143094945869296e-10,-4.854600672362485e-12
-68.29,-8.149794686817385e-10,-4.859385811437139e-12
-68.28,-8.156500947571045e-10,-4.864176349675841e-12
-68.27,-8.163213737523644e-10,-4.868972304199123e-12
-68.26,-8.169933061498302e-10,-4.873773751871984e-12
-68.25,-8.1766589302651e-10,-4.878580589081606e-12
-68.24,-8.183391347128573e-10,-4.8833929238705115e-12
-68.23,-8.190130319884302e-10,-4.888210823753712e-12
-68.22,-8.196875861071865e-10,-4.8930340430982244e-12
-68.21,-8.203627973697336e-10,-4.897862801218987e-12
-68.2,-8.210386664943591e-10,-4.902696998229049e-12
-68.19,-8.217151944102717e-10,-4.9075367548010965e-12
-68.18,-8.223923816636316e-10,-4.912382008512678e-12
-68.17,-8.230702290166882e-10,-4.917232821615844e-12
-68.16,-8.237487374731037e-10,-4.922089045608112e-12
-68.15,-8.244279074202603e-10,-4.926950804196997e-12
-68.14,-8.25107739799648e-10,-4.9318181540333525e-12
-68.13,-8.257882353705368e-10,-4.936690978887274e-12
-68.12,-8.264693946809539e-10,-4.941569417599586e-12
-68.11,-8.271512188199714e-10,-4.946453354720124e-12
-68.1,-8.278337082389994e-10,-4.951342866013163e-12
-68.09,-8.285168638707023e-10,-4.956237951537345e-12
-68.08,-8.292006862075916e-10,-4.961138623218996e-12
-68.07,-8.298851763657011e-10,-4.966044835263201e-12
-68.06,-8.30570334740193e-10,-4.970956634194058e-12
-68.05,-8.312561622810419e-10,-4.975874062385154e-12
-68.04,-8.319426597272758e-10,-4.980797069245861e-12
-68.03,-8.326298277914944e-10,-4.985725375636163e-12
-68.02,-8.333176674089099e-10,-4.990659897642562e-12
-68.01,-8.340061789543329e-10,-4.995599782020399e-12
-68.0,-8.346953634142985e-10,-5.000545327990506e-12
-67.99,-8.353852215121616e-10,-5.005496397892723e-12
-67.98,-8.36075754096989e-10,-5.010453197471526e-12
-67.97,-8.367669618415052e-10,-5.0154156291426424e-12
-67.96,-8.374588455102309e-10,-5.0203837094902046e-12
-67.95,-8.381514059264509e-10,-5.025357448892248e-12
-67.94,-8.388446439670681e-10,-5.030336858579213e-12
-67.93,-8.395385598144538e-10,-5.0353220026492304e-12
-67.92,-8.402331549351669e-10,-5.04031276607099e-12
-67.91,-8.4092842972751e-10,-5.045309270215489e-12
-67.9,-8.416243850112596e-10,-5.050311491772415e-12
-67.89,-8.423210216665412e-10,-5.0553194006481146e-12
-67.88,-8.430183402329287e-10,-5.060332985979368e-12
-67.87,-8.437163417144525e-10,-5.065352395666061e-12
-67.86,-8.444150268394909e-10,-5.070377434536423e-12
-67.85,-8.451143967384589e-10,-5.075408076185992e-12
-67.84,-8.458144507764345e-10,-5.080444886133933e-12
-67.83,-8.465151912678369e-10,-5.085487180036502e-12
-67.82,-8.472166183751622e-10,-5.090535265522057e-12
-67.81,-8.479187330271278e-10,-5.095589129002611e-12
-67.8,-8.486215359003607e-10,-5.100648771916581e-12
-67.79,-8.493250277720616e-10,-5.105714191576675e-12
-67.78,-8.50029209326463e-10,-5.110785433697867e-12
-67.77,-8.507340814806416e-10,-5.115862421564934e-12
-67.76,-8.514396454079999e-10,-5.120945158427459e-12
-67.75,-8.521459007386254e-10,-5.126033898515093e-12
-67.74,-8.528528494206392e-10,-5.13112831473312e-12
-67.73,-8.535604915683255e-10,-5.136228646377267e-12
-67.72,-8.542688283802564e-10,-5.1413347500257494e-12
-67.71,-8.549778603912724e-10,-5.146446738720362e-12
-67.7,-8.556875884663062e-10,-5.151564545663679e-12
-67.69,-8.563980132984964e-10,-5.156688262113227e-12
-67.68,-8.571091358189807e-10,-5.161817817549494e-12
-67.67,-8.578209567844669e-10,-5.166953161642841e-12
-67.66,-8.585334768444442e-10,-5.172094509981804e-12
-67.65,-8.592466970592999e-10,-5.177241699353891e-12
-67.64,-8.599606178459688e-10,-5.182394837416744e-12
-67.63,-8.606752402306507e-10,-5.187553891617644e-12
-67.62,-8.613905651136386e-10,-5.192718733571728e-12
-67.61,-8.621065930861618e-10,-5.1978896028963765e-12
-67.6,-8.62823325003402e-10,-5.20306639569217e-12
-67.59,-8.635407617918094e-10,-5.208249069708873e-12
-67.58,-8.642589041333077e-10,-5.213437719371631e-12
-67.57,-8.649777526899619e-10,-5.218632353137715e-12
-67.56,-8.656973086371257e-10,-5.2238327563299034e-12
-67.55,-8.664175721570373e-10,-5.229039448736075e-12
-67.54,-8.67138544642017e-10,-5.234251975951894e-12
-67.53,-8.678602268413473e-10,-5.239470395273005e-12
-67.52,-8.685826191813138e-10,-5.244694854670204e-12
-67.51,-8.693057227343322e-10,-5.2499253509431145e-12
-67.5,-8.700295383775911e-10,-5.255161832603142e-12
-67.49,-8.707540666689332e-10,-5.260404297852199e-12
-67.48,-8.714793085878695e-10,-5.265652865514595e-12
-67.47,-8.722052642260756e-10,-5.270907568689025e-12
-67.46,-8.729319364641517e-10,-5.276167948325479e-12
-67.45,-8.736593239538047e-10,-5.281434644079713e-12
-67.44,-8.743874284499106e-10,-5.286707290474188e-12
-67.43,-8.751162505431853e-10,-5.2919860349357475e-12
-67.42,-8.758457909297275e-10,-5.2972708414039296e-12
-67.41,-8.765760509080017e-10,-5.302561721847933e-12
-67.4,-8.773070307039742e-10,-5.307858672016269e-12
-67.39,-8.780387314773318e-10,-5.313161770620552e-12
-67.38,-8.787711541196233e-10,-5.318470822858119e-12
-67.37,-8.795042990562545e-10,-5.323786210585047e-12
-67.36,-8.802381675535569e-10,-5.329107548579471e-12
-67.35,-8.809727602259526e-10,-5.3344350681359014e-12
-67.34,-8.817080778916618e-10,-5.3397687069631935e-12
-67.33,-8.824441212936204e-10,-5.345108505670682e-12
-67.32,-8.831808915319345e-10,-5.350454433562514e-12
-67.31,-8.839183892685184e-10,-5.355806474799658e-12
-67.3,-8.846566152194776e-10,-5.361164779395136e-12
-67.29,-8.853955702718979e-10,-5.366529230940019e-12
-67.28,-8.861352554966394e-10,-5.371899774979095e-12
-67.27,-8.868756713412808e-10,-5.377276561632158e-12
-67.26,-8.876168189561903e-10,-5.3826595310946204e-12
-67.25,-8.88358698924698e-10,-5.388048718628869e-12
-67.24,-8.891013122872832e-10,-5.3934441082105055e-12
-67.23,-8.898446596675535e-10,-5.398845788474201e-12
-67.22,-8.905887421265494e-10,-5.404253573568235e-12
-67.21,-8.913335605425693e-10,-5.409667672971712e-12
-67.2,-8.920791151552909e-10,-5.415088097476536e-12
-67.19,-8.92825407765458e-10,-5.4205146491484165e-12
-67.18,-8.935724383956059e-10,-5.425947487963337e-12
-67.17,-8.943202082836339e-10,-5.431386575226934e-12
-67.16,-8.950687182294455e-10,-5.4368319253111115e-12
-67.15,-8.958179688699438e-10,-5.442283630431079e-12
-67.14,-8.965679614156366e-10,-5.447741580843968e-12
-67.13,-8.973186964455859e-10,-5.45320591687566e-12
-67.12,-8.980701747915391e-10,-5.458676460150972e-12
-67.11,-8.988223973791089e-10,-5.464153428234205e-12
-67.1,-8.995753651147445e-10,-5.46963660233146e-12
-67.09,-9.003290785401097e-10,-5.4751262976975365e-12
-67.08,-9.010835392371393e-10,-5.4806220464609e-12
-67.07,-9.018387473381279e-10,-5.486124267811226e-12
-67.06,-9.025947038254628e-10,-5.491632909008889e-12
-67.05,-9.033514097301839e-10,-5.497147920240841e-12
-67.04,-9.041088659741105e-10,-5.5026692226157666e-12
-67.03,-9.048670730150521e-10,-5.508196952586068e-12
-67.02,-9.056260321435967e-10,-5.513731126054548e-12
-67.01,-9.063857439731184e-10,-5.519271626932445e-12
-67.0,-9.071462097970588e-10,-5.524818484250311e-12
-66.99,-9.079074294809337e-10,-5.530371905796062e-12
-66.98,-9.086694047879319e-10,-5.535931718484436e-12
-66.97,-9.094321361865742e-10,-5.5414979172735585e-12
-66.96,-9.10195624930445e-10,-5.547070641814999e-12
-66.95,-9.109598716159128e-10,-5.552649745936182e-12
-66.94,-9.117248770939993e-10,-5.558235247659925e-12
-66.93,-9.124906420653695e-10,-5.563827320736639e-12
-66.92,-9.132571677283564e-10,-5.56942588126751e-12
-66.91,-9.140244549376038e-10,-5.575030829071566e-12
-66.9,-9.147925041769758e-10,-5.580642352433842e-12
-66.89,-9.155613167640487e-10,-5.5862603382165576e-12
-66.88,-9.163308933799646e-10,-5.591884818905292e-12
-66.87,-9.171012346942934e-10,-5.597515908829542e-12
-66.86,-9.178723419688511e-10,-5.6031534444025835e-12
-66.85,-9.186442159032009e-10,-5.6087975559090175e-12
-66.84,-9.194168572259096e-10,-5.614448271909581e-12
-66.83,-9.201902671297526e-10,-5.620105447865458e-12
-66.82,-9.209644465546301e-10,-5.625769326577288e-12
-66.81,-9.217393957361351e-10,-5.631439511257223e-12
-66.8,-9.225151161356327e-10,-5.637116335269562e-12
-66.79,-9.232916085386327e-10,-5.6427998003115555e-12
-66.78,-9.240688736239845e-10,-5.648489959375466e-12
-66.77,-9.248469125907634e-10,-5.654186699288595e-12
-66.76,-9.256257261001236e-10,-5.659889950457978e-12
-66.75,-9.264053151090564e-10,-5.665599916924772e-12
-66.74,-9.271856804872083e-10,-5.6713164885868395e-12
-66.73,-9.279668231284668e-10,-5.677039636828173e-12
-66.72,-9.287487439421183e-10,-5.682769439674206e-12
-66.71,-9.295314437897694e-10,-5.688505908836378e-12
-66.7,-9.303149234949958e-10,-5.694249174703229e-12
-66.69,-9.31099184141003e-10,-5.699999032140295e-12
-66.68,-9.318842265507812e-10,-5.7057556030853106e-12
-66.67,-9.326700515554617e-10,-5.711518765906963e-12
-66.66,-9.334566601220393e-10,-5.717288725998548e-12
-66.65,-9.342440530395007e-10,-5.723065313513468e-12
-66.64,-9.350322313880465e-10,-5.728848666517663e-12
-66.63,-9.3582119592389e-10,-5.734638797165687e-12
-66.62,-9.366109475596191e-10,-5.740435506432105e-12
-66.61,-9.374014873172228e-10,-5.7462391543822525e-12
-66.6,-9.38192815910576e-10,-5.7520494843169085e-12
-66.59,-9.389849344625993e-10,-5.757866564879304e-12
-66.58,-9.397778437590716e-10,-5.763690356025094e-12
-66.57,-9.405715446878646e-10,-5.769521082267334e-12
-66.56,-9.413660382302566e-10,-5.775358412149551e-12
-66.55,-9.421613252831483e-10,-5.7812026367440175e-12
-66.54,-9.429574066114532e-10,-5.787053684954368e-12
-66.53,-9.43754283244297e-10,-5.7929114808873165e-12
-66.52,-9.445519563575373e-10,-5.798776198943595e-12
-66.51,-9.453504264377453e-10,-5.804647734167821e-12
-66.5,-9.461496946202381e-10,-5.8105260235225436e-12
-66.49,-9.46949761845861e-10,-5.816411181204064e-12
-66.48,-9.477506287705152e-10,-5.8223032812900565e-12
-66.47,-9.485522966328646e-10,-5.8282021776726595e-12
-66.46,-9.493547663375575e-10,-5.834107980935145e-12
-66.45,-9.501580385825083e-10,-5.840020752136365e-12
-66.44,-9.509621145820378e-10,-5.845940320304605e-12
-66.43,-9.517669948783042e-10,-5.851866740594464e-12
-66.42,-9.525726806769724e-10,-5.857800212584772e-12
-66.41,-9.533791729454536e-10,-5.863740480974955e-12
-66.4,-9.541864724296313e-10,-5.869687794916118e-12
-66.39,-9.549945801411796e-10,-5.875642048961096e-12
-66.38,-9.558034970251639e-10,-5.881603180299993e-12
-66.37,-9.566132240273072e-10,-5.8875713634726676e-12
-66.36,-9.574237620484313e-10,-5.8935464692801394e-12
-66.35,-9.582351121371629e-10,-5.899528440135977e-12
-66.34,-9.590472749285015e-10,-5.9055175990380345e-12
-66.33,-9.598602516288831e-10,-5.91151365871661e-12
-66.32,-9.606740431582293e-10,-5.917516701087741e-12
-66.31,-9.6148865035287e-10,-5.923526740007417e-12
-66.3,-9.623040742371212e-10,-5.929543946957338e-12
-66.29,-9.63120315694227e-10,-5.935568089761474e-12
-66.28,-9.639373757236084e-10,-5.9415992274580205e-12
-66.27,-9.647552551876117e-10,-5.947637521235031e-12
-66.26,-9.65573955198673e-10,-5.953682779934012e-12
-66.25,-9.663934764956944e-10,-5.959735225600332e-12
-66.24,-9.672138201352276e-10,-5.96579468297924e-12
-66.23,-9.680349870905429e-10,-5.971861164841778e-12
-66.22,-9.688569783125506e-10,-5.97793487758072e-12
-66.21,-9.696797945866871e-10,-5.984015628412307e-12
-66.2,-9.70503437049481e-10,-5.9901035315542796e-12
-66.19,-9.713279066525595e-10,-5.996198502179926e-12
-66.18,-9.721532042531129e-10,-6.00230065975606e-12
-66.17,-9.72979330912318e-10,-6.008410053850511e-12
-66.16,-9.738062874272582e-10,-6.014526502191557e-12
-66.15,-9.74634075050569e-10,-6.02065008328038e-12
-66.14,-9.754626944100593e-10,-6.026780793877775e-12
-66.13,-9.76292146699133e-10,-6.032918779597125e-12
-66.12,-9.771224327349452e-10,-6.039063916068596e-12
-66.11,-9.779535536011802e-10,-6.045216372004229e-12
-66.1,-9.787855101847908e-10,-6.051375911296005e-12
-66.09,-9.796183034234307e-10,-6.057542795614113e-12
-66.08,-9.804519343995609e-10,-6.063716827666902e-12
-66.07,-9.812864040527604e-10,-6.0698981498154724e-12
-66.06,-9.82121712822837e-10,-6.076086701475907e-12
-66.05,-9.829578630703808e-10,-6.082282455803593e-12
-66.04,-9.83794854495218e-10,-6.088485501483891e-12
-66.03,-9.846326884313454e-10,-6.094695988460397e-12
-66.02,-9.85471365859508e-10,-6.100913536867632e-12
-66.01,-9.863108878520184e-10,-6.107138497948732e-12
-66.0,-9.871512551793739e-10,-6.113370832959722e-12
-65.99,-9.879924690887864e-10,-6.119610328549904e-12
-65.98,-9.888345303662314e-10,-6.125857265192559e-12
-65.97,-9.896774400344626e-10,-6.132111478036723e-12
-65.96,-9.905211991703134e-10,-6.138373063738906e-12
-65.95,-9.913658086497521e-10,-6.144642034271404e-12
-65.94,-9.922112695113552e-10,-6.150918382198125e-12
-65.93,-9.930575828066719e-10,-6.157202028536083e-12
-65.92,-9.939047493881185e-10,-6.163493108241026e-12
-65.91,-9.94752770422311e-10,-6.1697915652990736e-12
-65.9,-9.956016466109648e-10,-6.17609753288892e-12
-65.89,-9.96451379174736e-10,-6.18241077370476e-12
-65.88,-9.97301968961312e-10,-6.188731755914037e-12
-65.87,-9.981534172308355e-10,-6.1950597551895905e-12
-65.86,-9.990057247185052e-10,-6.201395413052262e-12
-65.85,-9.998588925305741e-10,-6.207738452908991e-12
-65.84,-1.0007129216882954e-9,-6.21408899334952e-12
-65.83,-1.0015678131054658e-9,-6.220447049633879e-12
-65.82,-1.0024235678438897e-9,-6.2268125072822615e-12
-65.81,-1.003280186928743e-9,-6.233185521425868e-12
-65.8,-1.004137671368539e-9,-6.239566063153862e-12
-65.79,-1.0049960220032935e-9,-6.245953977929147e-12
-65.78,-1.0058552400513296e-9,-6.2523496510912785e-12
-65.77,-1.0067153264616655e-9,-6.258752713988227e-12
-65.76,-1.007576282238425e-9,-6.265163358459547e-12
-65.75,-1.008438108334599e-9,-6.271581519771748e-12
-65.74,-1.0093008057209659e-9,-6.278007314087327e-12
-65.73,-1.0101643756674536e-9,-6.2844406211612165e-12
-65.72,-1.011028818932769e-9,-6.29088153072045e-12
-65.71,-1.011894136673141e-9,-6.297330091028978e-12
-65.7,-1.0127603297367898e-9,-6.303786236534746e-12
-65.69,-1.01362739935359e-9,-6.310249976377972e-12
-65.68,-1.0144953463051208e-9,-6.316721333618359e-12
-65.67,-1.0153641721058592e-9,-6.323200342202415e-12
-65.66,-1.0162338770556688e-9,-6.329687026666544e-12
-65.65,-1.0171044627023943e-9,-6.336181333658951e-12
-65.64,-1.0179759300105452e-9,-6.3426832605141826e-12
-65.63,-1.0188482798192838e-9,-6.349192922500277e-12
-65.62,-1.0197215132819193e-9,-6.3557102672140905e-12
-65.61,-1.0205956313821462e-9,-6.362235273278483e-12
-65.6,-1.0214706352188125e-9,-6.3687680767708154e-12
-65.59,-1.0223465256299136e-9,-6.375308577060395e-12
-65.58,-1.0232233040797802e-9,-6.381856712555332e-12
-65.57,-1.0241009711336336e-9,-6.388412677554373e-12
-65.56,-1.0249795280429023e-9,-6.394976410944606e-12
-65.55,-1.0258589759310012e-9,-6.401547810138309e-12
-65.54,-1.026739315576412e-9,-6.408126970089616e-12
-65.53,-1.027620548228533e-9,-6.414714120538284e-12
-65.52,-1.0285026749019894e-9,-6.4213088351942215e-12
-65.51,-1.029385696608063e-9,-6.427911446077003e-12
-65.5,-1.0302696145672911e-9,-6.434521739786995e-12
-65.49,-1.0311544293296946e-9,-6.441140082024031e-12
-65.48,-1.032040142470279e-9,-6.447766122240594e-12
-65.47,-1.0329267547346508e-9,-6.454400041418141e-12
-65.46,-1.0338142673888788e-9,-6.461041793019092e-12
-65.45,-1.034702681355143e-9,-6.4676914182761395e-12
-65.44,-1.035591997717522e-9,-6.474348914015733e-12
-65.43,-1.036482217326954e-9,-6.481014328882661e-12
-65.42,-1.0373733417218758e-9,-6.487687613085312e-12
-65.41,-1.0382653715939121e-9,-6.494368765014058e-12
-65.4,-1.0391583078025125e-9,-6.5010579135796595e-12
-65.39,-1.0400521519254438e-9,-6.5077549376082084e-12
-65.38,-1.0409469047544423e-9,-6.5144598878692255e-12
-65.37,-1.041842567293788e-9,-6.521172836794766e-12
-65.36,-1.0427391408671363e-9,-6.527893662777915e-12
-65.35,-1.0436366262764142e-9,-6.53462254981501e-12
-65.34,-1.0445350245992586e-9,-6.541359376965366e-12
-65.33,-1.0454343371248518e-9,-6.548104228414674e-12
-65.32,-1.0463345647993498e-9,-6.554856999823628e-12
-65.31,-1.0472357084956977e-9,-6.561617848035513e-12
-65.3,-1.0481377696397069e-9,-6.568386756898937e-12
-65.29,-1.0490407489964971e-9,-6.575163602928148e-12
-65.28,-1.049944647777466e-9,-6.581948569490866e-12
-65.27,-1.0508494672462997e-9,-6.588741570979564e-12
-65.26,-1.0517552082304808e-9,-6.595542595286872e-12
-65.25,-1.0526618717426907e-9,-6.60235178398013e-12
-65.24,-1.053569459173292e-9,-6.60916902703863e-12
-65.23,-1.0544779715105988e-9,-6.615994284724847e-12
-65.22,-1.0553874094272344e-9,-6.622827839181005e-12
-65.21,-1.0562977746523235e-9,-6.629669369132923e-12
-65.2,-1.0572090678504596e-9,-6.63651913203301e-12
-65.19,-1.0581212901411373e-9,-6.643376910144944e-12
-65.18,-1.0590344428578684e-9,-6.6502428927652326e-12
-65.17,-1.0599485267877602e-9,-6.657117035711417e-12
-65.16,-1.060863543242848e-9,-6.6639993662318624e-12
-65.15,-1.061779493247034e-9,-6.670889904752902e-12
-65.14,-1.0626963779436262e-9,-6.6777886418415116e-12
-65.13,-1.0636141983063602e-9,-6.6846955194898464e-12
-65.12,-1.06453295580055e-9,-6.691610752425413e-12
-65.11,-1.06545265065484e-9,-6.6985340647345905e-12
-65.1,-1.0663732848987725e-9,-6.705465690980617e-12
-65.09,-1.0672948592374365e-9,-6.712405527186695e-12
-65.08,-1.0682173747383976e-9,-6.719353717094239e-12
-65.07,-1.0691408327191404e-9,-6.726310091047676e-12
-65.06,-1.0700652341039636e-9,-6.733274803681704e-12
-65.05,-1.0709905801211525e-9,-6.740247773312563e-12
-65.04,-1.0719168717485323e-9,-6.747229080299643e-12
-65.03,-1.0728441103060886e-9,-6.754218606517083e-12
-65.02,-1.0737722966103909e-9,-6.76121667007562e-12
-65.01,-1.0747014319807158e-9,-6.768222933022044e-12
-65.0,-1.075631517485636e-9,-6.775237597902206e-12
-64.99,-1.0765625543566549e-9,-6.7822605949407406e-12
-64.98,-1.0774945434971107e-9,-6.789291957444893e-12
-64.97,-1.0784274861625577e-9,-6.796331796163885e-12
-64.96,-1.0793613835310378e-9,-6.803379871394867e-12
-64.95,-1.080296236468585e-9,-6.810436543004604e-12
-64.94,-1.0812320463381186e-9,-6.817501525110717e-12
-64.93,-1.0821688143393116e-9,-6.824574925973713e-12
-64.92,-1.0831065412965929e-9,-6.831656838657833e-12
-64.91,-1.084045228595436e-9,-6.83874715598078e-12
-64.9,-1.0849848772862668e-9,-6.845845949834963e-12
-64.89,-1.0859254884525998e-9,-6.852953241393293e-12
-64.88,-1.0868670633447579e-9,-6.860068995320182e-12
-64.87,-1.0878096029644367e-9,-6.867193261452672e-12
-64.86,-1.088753108503714e-9,-6.874326020711446e-12
-64.85,-1.0896975809554369e-9,-6.881467150219957e-12
-64.84,-1.0906430220528942e-9,-6.888617188143042e-12
-64.83,-1.0915894320638488e-9,-6.89577563862676e-12
-64.82,-1.0925368128640865e-9,-6.902942515023994e-12
-64.81,-1.0934851652379912e-9,-6.910118044659384e-12
-64.8,-1.0944344902746772e-9,-6.917302115491559e-12
-64.79,-1.0953847892859163e-9,-6.924494802135544e-12
-64.78,-1.0963360635246935e-9,-6.9316960750091505e-12
-64.77,-1.097288313781606e-9,-6.938906017389048e-12
-64.76,-1.0982415414957543e-9,-6.946124605824185e-12
-64.75,-1.0991957478571435e-9,-6.953351681916655e-12
-64.74,-1.1001509337862238e-9,-6.9605875370016105e-12
-64.73,-1.101107100719854e-9,-6.967832041130666e-12
-64.72,-1.1020642496138857e-9,-6.9750851957054345e-12
-64.71,-1.1030223816244647e-9,-6.9823470455894325e-12
-64.7,-1.103981497918033e-9,-6.989617589918129e-12
-64.69,-1.1049415997662247e-9,-6.9968967675414024e-12
-64.68,-1.1059026883667413e-9,-7.004184768762921e-12
-64.67,-1.106864764608855e-9,-7.011481525066172e-12
-64.66,-1.1078278300777084e-9,-7.0187869594772325e-12
-64.65,-1.1087918855381295e-9,-7.026101169240383e-12
-64.64,-1.109756932488145e-9,-7.0334241309629436e-12
-64.63,-1.1107229718892066e-9,-7.040755848856496e-12
-64.62,-1.111690004868221e-9,-7.048096449601375e-12
-64.61,-1.1126580328225215e-9,-7.055445815092746e-12
-64.6,-1.1136270567951596e-9,-7.062803993686233e-12
-64.59,-1.114597078022154e-9,-7.070170997833646e-12
-64.58,-1.1155680976339193e-9,-7.077546831716237e-12
-64.57,-1.116540116817216e-9,-7.084931520686545e-12
-64.56,-1.1175131364403098e-9,-7.0923251684210186e-12
-64.55,-1.118487158560882e-9,-7.099727524250995e-12
-64.54,-1.1194621836884618e-9,-7.1071388203514304e-12
-64.53,-1.120438212988493e-9,-7.114559048257098e-12
-64.52,-1.1214152478894995e-9,-7.1219881643220816e-12
-64.51,-1.1223932895770076e-9,-7.129426190381606e-12
-64.5,-1.1233723390896924e-9,-7.13687318134465e-12
-64.49,-1.124352397622265e-9,-7.144329145719447e-12
-64.48,-1.1253334665292228e-9,-7.151794081363874e-12
-64.47,-1.126315546937656e-9,-7.15926796509353e-12
-64.46,-1.1272986400534466e-9,-7.1667507518031854e-12
-64.45,-1.12828274708072e-9,-7.174242561391448e-12
-64.44,-1.129267869042637e-9,-7.181743454810268e-12
-64.43,-1.130254007434341e-9,-7.189253361789397e-12
-64.42,-1.1312411633468879e-9,-7.196772268422695e-12
-64.41,-1.1322293380083634e-9,-7.20430024920615e-12
-64.4,-1.133218532440655e-9,-7.211837262887793e-12
-64.39,-1.1342087480936506e-9,-7.219383361905008e-12
-64.38,-1.135199986247994e-9,-7.226938469381607e-12
-64.37,-1.1361922477832148e-9,-7.234502794562533e-12
-64.36,-1.1371855341879228e-9,-7.242076152749628e-12
-64.35,-1.138179846445826e-9,-7.249658647368188e-12
-64.34,-1.139175186029373e-9,-7.257250315180083e-12
-64.33,-1.1401715541179446e-9,-7.264851060861934e-12
-64.32,-1.1411689517019115e-9,-7.272461001509257e-12
-64.31,-1.1421673802610486e-9,-7.280080119956355e-12
-64.3,-1.1431668410624218e-9,-7.28770839330503e-12
-64.29,-1.1441673350168135e-9,-7.295345870876948e-12
-64.28,-1.1451688635552564e-9,-7.30299252845035e-12
-64.27,-1.1461714280472304e-9,-7.310648421288897e-12
-64.26,-1.1471750293529691e-9,-7.318313576012613e-12
-64.25,-1.148179669018214e-9,-7.32598800126467e-12
-64.24,-1.1491853482703143e-9,-7.33367158902439e-12
-64.23,-1.150192068068994e-9,-7.341364553827444e-12
-64.22,-1.1511998299951668e-9,-7.34906667663741e-12
-64.21,-1.1522086351349937e-9,-7.35677819993125e-12
-64.2,-1.153218484753672e-9,-7.364498964919301e-12
-64.19,-1.1542293799868298e-9,-7.372229051040341e-12
-64.18,-1.155241322289812e-9,-7.379968443668621e-12
-64.17,-1.156254312555357e-9,-7.38771730146452e-12
-64.16,-1.157268352459815e-9,-7.395475465098464e-12
-64.15,-1.1582834430749348e-9,-7.403242964944647e-12
-64.14,-1.159299585568791e-9,-7.41101986050703e-12
-64.13,-1.160316781259115e-9,-7.418806222135133e-12
-64.12,-1.161335031367904e-9,-7.426601904613663e-12
-64.11,-1.1623543372590075e-9,-7.434407000456305e-12
-64.1,-1.1633747001977273e-9,-7.442221613041839e-12
-64.09,-1.1643961209459686e-9,-7.450045776339156e-12
-64.08,-1.1654186018321838e-9,-7.457879056073938e-12
-64.07,-1.1664421431656452e-9,-7.46572200471485e-12
-64.06,-1.1674667465757933e-9,-7.473574462731859e-12
-64.05,-1.1684924132566677e-9,-7.481436388279156e-12
-64.04,-1.1695191444403155e-9,-7.489307817032319e-12
-64.03,-1.1705469414906492e-9,-7.497188832963363e-12
-64.02,-1.1715758058118468e-9,-7.505079266590483e-12
-64.01,-1.1726057382311055e-9,-7.512979357087406e-12
-64.0,-1.173636740634127e-9,-7.520889010330552e-12
-63.99,-1.174668813803488e-9,-7.528808219385188e-12
-63.98,-1.1757019591262808e-9,-7.536737062658126e-12
-63.97,-1.1767361781763434e-9,-7.54467534332739e-12
-63.96,-1.1777714717104801e-9,-7.552623417925367e-12
-63.95,-1.1788078414489835e-9,-7.560581112323906e-12
-63.94,-1.179845288511167e-9,-7.56854842361328e-12
-63.93,-1.1808838143411623e-9,-7.576525359039903e-12
-63.92,-1.181923419951634e-9,-7.58451189018971e-12
-63.91,-1.1829641071207563e-9,-7.592508019917432e-12
-63.9,-1.1840058763077083e-9,-7.600514258254509e-12
-63.89,-1.1850487295670234e-9,-7.608529963126983e-12
-63.88,-1.1860926678222604e-9,-7.616555373584818e-12
-63.87,-1.187137692535291e-9,-7.624590517218935e-12
-63.86,-1.1881838050145952e-9,-7.632635454217718e-12
-63.85,-1.1892310064811747e-9,-7.640690132217394e-12
-63.84,-1.1902792982624386e-9,-7.648754599612003e-12
-63.83,-1.1913286817583661e-9,-7.656828775003448e-12
-63.82,-1.1923791580892462e-9,-7.664912773916575e-12
-63.81,-1.1934307285778592e-9,-7.673006710499024e-12
-63.8,-1.1944833946898901e-9,-7.68111042758262e-12
-63.79,-1.1955371576147564e-9,-7.689223964595226e-12
-63.78,-1.1965920187732548e-9,-7.69734746407819e-12
-63.77,-1.1976479794220208e-9,-7.705480633333972e-12
-63.76,-1.1987050409040994e-9,-7.713623767292689e-12
-63.75,-1.199763204438957e-9,-7.721776821315281e-12
-63.74,-1.2008224715120153e-9,-7.729939811144397e-12
-63.73,-1.2018828433638812e-9,-7.738112641088087e-12
-63.72,-1.2029443213174303e-9,-7.746295396351333e-12
-63.71,-1.2040069066406292e-9,-7.754488193431908e-12
-63.7,-1.2050706006981392e-9,-7.762690949724496e-12
-63.69,-1.2061354048494004e-9,-7.770903684200559e-12
-63.68,-1.2072013205480795e-9,-7.779126387303187e-12
-63.67,-1.2082683489106252e-9,-7.787359119943213e-12
-63.66,-1.2093364913882708e-9,-7.795601812662073e-12
-63.65,-1.2104057492210594e-9,-7.803854562906802e-12
-63.64,-1.211476123865959e-9,-7.812117376894135e-12
-63.63,-1.2125476166430565e-9,-7.820390314157968e-12
-63.62,-1.2136202288863266e-9,-7.828673297661415e-12
-63.61,-1.2146939619628145e-9,-7.836966203010922e-12
-63.6,-1.2157688170640611e-9,-7.845269383624367e-12
-63.59,-1.2168447957757846e-9,-7.853582663968485e-12
-63.58,-1.2179218993208502e-9,-7.8619059737284e-12
-63.57,-1.2190001289856613e-9,-7.870239534637537e-12
-63.56,-1.2200794862169608e-9,-7.878583216808981e-12
-63.55,-1.2211599724066402e-9,-7.886937115437233e-12
-63.54,-1.2222415888647854e-9,-7.895301177866114e-12
-63.53,-1.2233243370151437e-9,-7.903675394054882e-12
-63.52,-1.224408217957092e-9,-7.912059895646338e-12
-63.51,-1.2254932334315929e-9,-7.920454579366045e-12
-63.5,-1.2265793844898442e-9,-7.928859524866451e-12
-63.49,-1.2276666727408909e-9,-7.937274721696047e-12
-63.48,-1.228755099388544e-9,-7.945700157953852e-12
-63.47,-1.2298446658422183e-9,-7.954135910668924e-12
-63.46,-1.2309353735687011e-9,-7.962582004959777e-12
-63.45,-1.232027223887762e-9,-7.971038299390773e-12
-63.44,-1.2331202181521944e-9,-7.979504937614894e-12
-63.43,-1.234214357578997e-9,-7.987982054429759e-12
-63.42,-1.2353096438029014e-9,-7.996469503842088e-12
-63.41,-1.2364060781273832e-9,-8.004967250872872e-12
-63.4,-1.2375036620093089e-9,-8.01347535044093e-12
-63.39,-1.2386023965889278e-9,-8.021993892195103e-12
-63.38,-1.2397022836031278e-9,-8.030522842934244e-12
-63.37,-1.2408033241295092e-9,-8.039062248314147e-12
-63.36,-1.2419055196941177e-9,-8.047612057338404e-12
-63.35,-1.2430088717464394e-9,-8.056172373682247e-12
-63.34,-1.2441133815621326e-9,-8.064743119063835e-12
-63.33,-1.2452190506135305e-9,-8.073324290400478e-12
-63.32,-1.2463258802812075e-9,-8.08191604775282e-12
-63.31,-1.2474338719485972e-9,-8.090518290785402e-12
-63.3,-1.248543027046759e-9,-8.099131092160396e-12
-63.29,-1.249653346952011e-9,-8.107754376702646e-12
-63.28,-1.2507648330826562e-9,-8.116388256685126e-12
-63.27,-1.2518774869290378e-9,-8.125032776544818e-12
-63.26,-1.2529913097473109e-9,-8.133687800398748e-12
-63.25,-1.2541063030795183e-9,-8.142353425702177e-12
-63.24,-1.2552224682749237e-9,-8.151029658629108e-12
-63.23,-1.2563398066407085e-9,-8.159716614702774e-12
-63.22,-1.2574583199180348e-9,-8.168414153654584e-12
-63.21,-1.2585780092268387e-9,-8.177122323539937e-12
-63.2,-1.2596988761304068e-9,-8.185841166419393e-12
-63.19,-1.2608209218957662e-9,-8.194570722806436e-12
-63.18,-1.2619441482649756e-9,-8.203310987619825e-12
-63.17,-1.2630685563588418e-9,-8.212061912705618e-12
-63.16,-1.2641941477082277e-9,-8.220823720008477e-12
-63.15,-1.2653209235504998e-9,-8.229596374737045e-12
-63.14,-1.2664488859520607e-9,-8.23837937489721e-12
-63.13,-1.2675780357063896e-9,-8.247173369187613e-12
-63.12,-1.2687083744390292e-9,-8.255978169897645e-12
-63.11,-1.269839903678595e-9,-8.264793833477966e-12
-63.1,-1.2709726247409022e-9,-8.273620274370664e-12
-63.09,-1.2721065391803213e-9,-8.282457599970089e-12
-63.08,-1.2732416483492897e-9,-8.291305577632287e-12
-63.07,-1.2743779537408371e-9,-8.300164643567307e-12
-63.06,-1.2755154569640157e-9,-8.30903453655077e-12
-63.05,-1.276654159013569e-9,-8.317915269978966e-12
-63.04,-1.2777940618510522e-9,-8.326807016659586e-12
-63.03,-1.2789351666873192e-9,-8.3357096518704e-12
-63.02,-1.280077474886445e-9,-8.344623208265502e-12
-63.01,-1.281220988204565e-9,-8.353547724231083e-12
-63.0,-1.282365707864041e-9,-8.362483177135597e-12
-62.99,-1.2835116353713696e-9,-8.371429719131223e-12
-62.98,-1.2846587723092197e-9,-8.38038716869538e-12
-62.97,-1.2858071196615234e-9,-8.389355797769794e-12
-62.96,-1.2869566799185163e-9,-8.398335271579388e-12
-62.95,-1.2881074536626172e-9,-8.407325818559365e-12
-62.94,-1.2892594426164376e-9,-8.416327587420221e-12
-62.93,-1.2904126482618602e-9,-8.425340294163136e-12
-62.92,-1.2915670720451721e-9,-8.434364199445745e-12
-62.91,-1.2927227156018862e-9,-8.443399084568517e-12
-62.9,-1.2938795801316556e-9,-8.452445285801298e-12
-62.89,-1.295037667402697e-9,-8.461502377433544e-12
-62.88,-1.2961969787078077e-9,-8.470570693060479e-12
-62.87,-1.2973575156886874e-9,-8.479650408554824e-12
-62.86,-1.2985192797874184e-9,-8.488741084675744e-12
-62.85,-1.2996822723423364e-9,-8.497843005678466e-12
-62.84,-1.3008464949722873e-9,-8.506956221280997e-12
-62.83,-1.3020119492869425e-9,-8.516080629444692e-12
-62.82,-1.30317863661023e-9,-8.525216333651465e-12
-62.81,-1.304346558495583e-9,-8.534363221203557e-12
-62.8,-1.3055157163727568e-9,-8.54352149427852e-12
-62.79,-1.3066861118948146e-9,-8.552691024639104e-12
-62.78,-1.3078577465737726e-9,-8.561871773909906e-12
-62.77,-1.3090306217033928e-9,-8.57106396094468e-12
-62.76,-1.3102047389778944e-9,-8.580267417529502e-12
-62.75,-1.3113800999036238e-9,-8.589482411939016e-12
-62.74,-1.3125567060057592e-9,-8.598708554438203e-12
-62.73,-1.3137345586173527e-9,-8.607946244239994e-12
-62.72,-1.3149136593916555e-9,-8.617195297433796e-12
-62.71,-1.316094009880209e-9,-8.626455791834063e-12
-62.7,-1.317275611535806e-9,-8.6357277097546e-12
-62.69,-1.3184584660465771e-9,-8.645011064023071e-12
-62.68,-1.3196425747810472e-9,-8.654305902130428e-12
-62.67,-1.3208279392471108e-9,-8.663612283562162e-12
-62.66,-1.3220145609494304e-9,-8.672930113329627e-12
-62.65,-1.323202441625787e-9,-8.682259408248689e-12
-62.64,-1.3243915826667809e-9,-8.691600328988251e-12
-62.63,-1.325581985674066e-9,-8.700952805706217e-12
-62.62,-1.326773652043143e-9,-8.710316799826047e-12
-62.61,-1.3279665834975984e-9,-8.719692393650547e-12
-62.6,-1.3291607814806888e-9,-8.729079670311866e-12
-62.59,-1.3303562479994083e-9,-8.738478386340853e-12
-62.58,-1.3315529833489746e-9,-8.747888890247242e-12
-62.57,-1.3327509902009193e-9,-8.757311084525765e-12
-62.56,-1.3339502698993277e-9,-8.766744806066655e-12
-62.55,-1.3351508237350332e-9,-8.776190350598505e-12
-62.54,-1.3363526536161181e-9,-8.78564741399463e-12
-62.53,-1.3375557607548714e-9,-8.795116406306648e-12
-62.52,-1.338760147054028e-9,-8.804596928211347e-12
-62.51,-1.339965813750336e-9,-8.814089351364992e-12
-62.5,-1.3411727626960967e-9,-8.82359350162662e-12
-62.49,-1.3423809951523897e-9,-8.833109355170546e-12
-62.48,-1.3435905129319126e-9,-8.84263705730737e-12
-62.47,-1.3448013175333617e-9,-8.85217652910641e-12
-62.46,-1.346013410439386e-9,-8.861728000324812e-12
-62.45,-1.3472267935064127e-9,-8.871291085489156e-12
-62.44,-1.3484414679500867e-9,-8.880866173423147e-12
-62.43,-1.349657435601365e-9,-8.890453114272296e-12
-62.42,-1.3508746979038759e-9,-8.900051959401986e-12
-62.41,-1.3520932565156207e-9,-8.909662803370544e-12
-62.4,-1.3533131129795428e-9,-8.919285390592953e-12
-62.39,-1.3545342690236953e-9,-8.928920054927043e-12
-62.38,-1.3557567260181016e-9,-8.938566604008317e-12
-62.37,-1.35698048568781e-9,-8.948225163818388e-12
-62.36,-1.3582055496496816e-9,-8.957895794095923e-12
-62.35,-1.3594319193947726e-9,-8.967578350037475e-12
-62.34,-1.3606595966342073e-9,-8.977273001116087e-12
-62.33,-1.3618885830061733e-9,-8.986979655508975e-12
-62.32,-1.3631188798907358e-9,-8.996698346464204e-12
-62.31,-1.3643504890512469e-9,-9.006429206776928e-12
-62.3,-1.3655834121773348e-9,-9.016172066729563e-12
-62.29,-1.3668176507114189e-9,-9.025927104517325e-12
-62.28,-1.3680532063972914e-9,-9.035694243273465e-12
-62.27,-1.36929008074117e-9,-9.045473554192216e-12
-62.26,-1.370528275438302e-9,-9.055265082101237e-12
-62.25,-1.3717677921518144e-9,-9.065068747245354e-12
-62.24,-1.373008632351785e-9,-9.074884610411506e-12
-62.23,-1.374250797781785e-9,-9.084712600216727e-12
-62.22,-1.3754942900477408e-9,-9.094552943846536e-12
-62.21,-1.376739110889692e-9,-9.104405465774137e-12
-62.2,-1.3779852615971037e-9,-9.114270328714306e-12
-62.19,-1.379232744100098e-9,-9.124147484580497e-12
-62.18,-1.380481559988026e-9,-9.134036897285291e-12
-62.17,-1.3817317108314486e-9,-9.143938640599405e-12
-62.16,-1.382983198353788e-9,-9.153852713119469e-12
-62.15,-1.3842360241490387e-9,-9.16377914458203e-12
-62.14,-1.385490189828558e-9,-9.173717949539769e-12
-62.13,-1.3867456971718824e-9,-9.183669120512109e-12
-62.12,-1.3880025477554162e-9,-9.193632591012634e-12
-62.11,-1.3892607431540618e-9,-9.203608782417761e-12
-62.1,-1.390520284980388e-9,-9.213597242116793e-12
-62.09,-1.3917811750722812e-9,-9.223598154756926e-12
-62.08,-1.3930434150312817e-9,-9.23361161667221e-12
-62.07,-1.3943070064871654e-9,-9.243637532638618e-12
-62.06,-1.3955719510463158e-9,-9.253675932799546e-12
-62.05,-1.3968382504916294e-9,-9.263726944394929e-12
-62.04,-1.3981059064824955e-9,-9.273790438110115e-12
-62.03,-1.3993749204158815e-9,-9.283866517408149e-12
-62.02,-1.4006452946341276e-9,-9.293955123562784e-12
-62.01,-1.4019170300573793e-9,-9.30405640514728e-12
-62.0,-1.4031901289475034e-9,-9.314170264937578e-12
-61.99,-1.4044645923739491e-9,-9.324296782695865e-12
-61.98,-1.4057404225395435e-9,-9.334435860515944e-12
-61.97,-1.4070176208486556e-9,-9.344587725127143e-12
-61.96,-1.4082961891998287e-9,-9.354752246237985e-12
-61.95,-1.4095761291754994e-9,-9.364929455143953e-12
-61.94,-1.4108574420664318e-9,-9.375119692034882e-12
-61.93,-1.4121401306475443e-9,-9.385322160500037e-12
-61.92,-1.4134241955489039e-9,-9.395537621891335e-12
-61.91,-1.4147096389518805e-9,-9.40576587166693e-12
-61.9,-1.4159964623592922e-9,-9.416006883315459e-12
-61.89,-1.4172846676565361e-9,-9.426260723613179e-12
-61.88,-1.4185742564477514e-9,-9.436527419117563e-12
-61.87,-1.4198652304853478e-9,-9.44680699249547e-12
-61.86,-1.421157591233797e-9,-9.457099451582303e-12
-61.85,-1.42245134093323e-9,-9.46740473330286e-12
-61.84,-1.4237464808404074e-9,-9.477722952439325e-12
-61.83,-1.4250430128027514e-9,-9.488054057310597e-12
-61.82,-1.4263409386370472e-9,-9.498398158980274e-12
-61.81,-1.4276402599411794e-9,-9.508755161184954e-12
-61.8,-1.4289409784636953e-9,-9.519125191968565e-12
-61.79,-1.430243095996418e-9,-9.529508210779337e-12
-61.78,-1.4315466141700024e-9,-9.539904214449788e-12
-61.77,-1.432851534829387e-9,-9.550313292089795e-12
-61.76,-1.4341578597069836e-9,-9.560735385794099e-12
-61.75,-1.4354655903841933e-9,-9.571170619552643e-12
-61.74,-1.4367747287190343e-9,-9.581618872165503e-12
-61.73,-1.4380852765250602e-9,-9.592080250836951e-12
-61.72,-1.4393972353298304e-9,-9.602554803589362e-12
-61.71,-1.4407106070444652e-9,-9.613042458653401e-12
-61.7,-1.4420253934040258e-9,-9.623543319445199e-12
-61.69,-1.443341596144443e-9,-9.634057326048948e-12
-61.68,-1.4446592170125755e-9,-9.644584482834364e-12
-61.67,-1.4459782577739376e-9,-9.655124909133992e-12
-61.66,-1.447298720208082e-9,-9.665678594019365e-12
-61.65,-1.4486206059701398e-9,-9.67624550655629e-12
-61.64,-1.4499439169733399e-9,-9.686825740857963e-12
-61.63,-1.4512686548236606e-9,-9.697419251758356e-12
-61.62,-1.4525948214103643e-9,-9.708026067074862e-12
-61.61,-1.4539224183685437e-9,-9.718646229532384e-12
-61.6,-1.45525144770075e-9,-9.729279715239445e-12
-61.59,-1.4565819110938045e-9,-9.739926552630869e-12
-61.58,-1.4579138102565199e-9,-9.75058682904891e-12
-61.57,-1.4592471468933845e-9,-9.76126050752854e-12
-61.56,-1.4605819230595926e-9,-9.7719475803325e-12
-61.55,-1.4619181402043546e-9,-9.782648127025622e-12
-61.54,-1.4632558003038268e-9,-9.793362185871952e-12
-61.53,-1.4645949052768863e-9,-9.804089640556255e-12
-61.52,-1.4659354567012917e-9,-9.814830651905166e-12
-61.51,-1.4672774564320546e-9,-9.825585155229813e-12
-61.5,-1.4686209062930829e-9,-9.83635323071757e-12
-61.49,-1.469965808078921e-9,-9.847134850380106e-12
-61.48,-1.4713121636467002e-9,-9.857930059667358e-12
-61.47,-1.4726599746089753e-9,-9.868738892933358e-12
-61.46,-1.4740092429691676e-9,-9.879561276654643e-12
-61.45,-1.4753599705813126e-9,-9.890397331642073e-12
-61.44,-1.4767121589978246e-9,-9.901247063657941e-12
-61.43,-1.478065810225289e-9,-9.912110482078791e-12
-61.42,-1.4794209260679435e-9,-9.92298756671043e-12
-61.41,-1.480777508322658e-9,-9.933878363688436e-12
-61.4,-1.4821355589738346e-9,-9.9447828862387e-12
-61.39,-1.4834950794350752e-9,-9.955701225485957e-12
-61.38,-1.4848560718667269e-9,-9.966633339446763e-12
-61.37,-1.48621853807005e-9,-9.97757917553733e-12
-61.36,-1.4875824798695065e-9,-9.988538829970105e-12
-61.35,-1.4889478990294633e-9,-9.999512344156947e-12
-61.34,-1.4903147973876413e-9,-1.0010499779635953e-11
-61.33,-1.4916831769158766e-9,-1.0021501000467133e-11
-61.32,-1.4930530393458025e-9,-1.0032516127652237e-11
-61.31,-1.4944243864902201e-9,-1.0043545196126339e-11
-61.3,-1.4957972202881554e-9,-1.0054588161634986e-11
-61.29,-1.4971715426220723e-9,-1.006564512819529e-11
-61.28,-1.4985473552163442e-9,-1.007671603680006e-11
-61.27,-1.4999246598840663e-9,-1.0087800995800263e-11
-61.26,-1.5013034587885827e-9,-1.0098899901156677e-11
-61.25,-1.502683753498143e-9,-1.0110012816897607e-11
-61.24,-1.5040655460671381e-9,-1.0121139824155173e-11
-61.23,-1.5054488382431439e-9,-1.0132280861581356e-11
-61.22,-1.5068336318807968e-9,-1.0143436051533822e-11
-61.21,-1.5082199289500258e-9,-1.0154605348503318e-11
-61.2,-1.5096077312687447e-9,-1.0165788754561055e-11
-61.19,-1.5109970407660953e-9,-1.0176986261063592e-11
-61.18,-1.5123878593240941e-9,-1.0188198235711335e-11
-61.17,-1.5137801885973477e-9,-1.0199423928310014e-11
-61.16,-1.5151740306852896e-9,-1.0210664060560566e-11
-61.15,-1.5165693875452921e-9,-1.0221918506491352e-11
-61.14,-1.517966260926715e-9,-1.0233187080256987e-11
-61.13,-1.5193646528433906e-9,-1.024446994529024e-11
-61.12,-1.5207645650405136e-9,-1.0255767079327326e-11
-61.11,-1.5221659995893903e-9,-1.0267078714297438e-11
-61.1,-1.5235689582487892e-9,-1.0278404501588386e-11
-61.09,-1.524973443039964e-9,-1.0289744745059117e-11
-61.08,-1.5263794556652714e-9,-1.0301099282669449e-11
-61.07,-1.527786998308009e-9,-1.0312468297525975e-11
-61.06,-1.5291960726681384e-9,-1.0323851692640282e-11
-61.05,-1.5306066807411417e-9,-1.0335249472002193e-11
-61.04,-1.5320188245149172e-9,-1.0346661767005116e-11
-61.03,-1.5334325058369184e-9,-1.0358088542460272e-11
-61.02,-1.5348477265441016e-9,-1.0369529813503259e-11
-61.01,-1.536264488734083e-9,-1.0380985577026722e-11
-61.0,-1.5376827940729526e-9,-1.0392455998234283e-11
-60.99,-1.5391026449999114e-9,-1.0403940784463457e-11
-60.98,-1.5405240429362356e-9,-1.0415440324443587e-11
-60.97,-1.541946990005288e-9,-1.0426954455518402e-11
-60.96,-1.5433714882292363e-9,-1.0438483106269888e-11
-60.95,-1.5447975395573207e-9,-1.0450026418256623e-11
-60.94,-1.5462251456079268e-9,-1.0461584438418192e-11
-60.93,-1.5476543087366581e-9,-1.0473157166307837e-11
-60.92,-1.5490850306754464e-9,-1.0484744585128294e-11
-60.91,-1.5505173133322425e-9,-1.0496346650161914e-11
-60.9,-1.5519511589063022e-9,-1.0507963605207865e-11
-60.89,-1.5533865693012687e-9,-1.051959528250357e-11
-60.88,-1.5548235461809728e-9,-1.0531241741275682e-11
-60.87,-1.5562620918908987e-9,-1.054290298295615e-11
-60.86,-1.5577022081529502e-9,-1.0554579109399204e-11
-60.85,-1.559143897070082e-9,-1.0566270067095446e-11
-60.84,-1.5605871604494761e-9,-1.0577975928888647e-11
-60.83,-1.5620320004612389e-9,-1.0589696647889101e-11
-60.82,-1.563478418975365e-9,-1.0601432335878674e-11
-60.81,-1.5649264179313434e-9,-1.0613182943321888e-11
-60.8,-1.5663759996093638e-9,-1.062494846493853e-11
-60.79,-1.5678271656146976e-9,-1.0636729040778662e-11
-60.78,-1.5692799180936267e-9,-1.0648524551357948e-11
-60.77,-1.5707342590172989e-9,-1.0660335185302616e-11
-60.76,-1.5721901904798346e-9,-1.0672160843108985e-11
-60.75,-1.5736477142987703e-9,-1.0684001531902542e-11
-60.74,-1.5751068326316847e-9,-1.0695857362728825e-11
-60.73,-1.5765675474553554e-9,-1.0707728216362865e-11
-60.72,-1.5780298607184605e-9,-1.0719614297961777e-11
-60.71,-1.5794937744940633e-9,-1.0731515538866818e-11
-60.7,-1.580959290751805e-9,-1.0743431892783609e-11
-60.69,-1.582426411540441e-9,-1.0755363508663682e-11
-60.68,-1.5838951388826061e-9,-1.0767310332499127e-11
-60.67,-1.5853654746335084e-9,-1.0779272349505112e-11
-60.66,-1.58683742106983e-9,-1.0791249700850085e-11
-60.65,-1.588310980092772e-9,-1.0803242348048634e-11
-60.64,-1.5897861537066393e-9,-1.0815250287249522e-11
-60.63,-1.59126294405335e-9,-1.0827273515535742e-11
-60.62,-1.5927413530237428e-9,-1.0839312166712176e-11
-60.61,-1.5942213828204955e-9,-1.0851366152336254e-11
-60.6,-1.5957030354107251e-9,-1.086343555814869e-11
-60.59,-1.5971863127587934e-9,-1.0875520388985914e-11
-60.58,-1.5986712169391915e-9,-1.0887620685397535e-11
-60.57,-1.6001577501006665e-9,-1.0899736322329697e-11
-60.56,-1.6016459142925555e-9,-1.09118676025467e-11
-60.55,-1.6031357113784965e-9,-1.0924014335628803e-11
-60.54,-1.6046271436536735e-9,-1.0936176559390603e-11
-60.53,-1.6061202132549527e-9,-1.094835429250079e-11
-60.52,-1.607614921648194e-9,-1.0960547776669254e-11
-60.51,-1.6091112716664158e-9,-1.0972756766698853e-11
-60.5,-1.6106092648430868e-9,-1.0984981425043367e-11
-60.49,-1.6121089035467978e-9,-1.099722163927142e-11
-60.48,-1.6136101897504843e-9,-1.1009477616143549e-11
-60.47,-1.6151131255185018e-9,-1.1021749287999144e-11
-60.46,-1.6166177129740492e-9,-1.1034036590012101e-11
-60.45,-1.618123954165414e-9,-1.1046339613373485e-11
-60.44,-1.6196318512583711e-9,-1.1058658469892391e-11
-60.43,-1.6211414061833212e-9,-1.107099312320369e-11
-60.42,-1.6226526212026078e-9,-1.1083343549964585e-11
-60.41,-1.624165498337204e-9,-1.1095709769499742e-11
-60.4,-1.625680039614064e-9,-1.1108091836943005e-11
-60.39,-1.6271962473290187e-9,-1.1120489808755821e-11
-60.38,-1.628714123435038e-9,-1.1132903675208717e-11
-60.37,-1.630233670117656e-9,-1.1145333517188463e-11
-60.36,-1.6317548893996153e-9,-1.1157779230336343e-11
-60.35,-1.6332777835167948e-9,-1.1170240894425055e-11
-60.34,-1.6348023545435915e-9,-1.118271847720629e-11
-60.33,-1.636328604431166e-9,-1.1195212213482835e-11
-60.32,-1.6378565355695018e-9,-1.1207722026159853e-11
-60.31,-1.6393861499411834e-9,-1.1220247713237194e-11
-60.3,-1.6409174496575821e-9,-1.1232789599370604e-11
-60.29,-1.6424504369541882e-9,-1.1245347558209084e-11
-60.28,-1.6439851139565014e-9,-1.125792159277021e-11
-60.27,-1.645521482729992e-9,-1.1270511854697932e-11
-60.26,-1.6470595453673007e-9,-1.1283118301266542e-11
-60.25,-1.6485993042446395e-9,-1.1295740884763192e-11
-60.24,-1.6501407610470588e-9,-1.1308379685708233e-11
-60.23,-1.6516839187094513e-9,-1.1321034793448268e-11
-60.22,-1.6532287786228537e-9,-1.1333706159507965e-11
-60.21,-1.6547753433163861e-9,-1.1346393776069182e-11
-60.2,-1.656323614891801e-9,-1.1359097702622535e-11
-60.19,-1.6578735954038982e-9,-1.1371818004927012e-11
-60.18,-1.6594252871202776e-9,-1.1384554664920834e-11
-60.17,-1.6609786923515137e-9,-1.1397307580941748e-11
-60.16,-1.6625338129583412e-9,-1.1410077095708616e-11
-60.15,-1.6640906511476926e-9,-1.1422862937310716e-11
-60.14,-1.6656492096389199e-9,-1.1435665315976693e-11
-60.13,-1.6672094899619074e-9,-1.1448484160189308e-11
-60.12,-1.6687714946079013e-9,-1.1461319508253596e-11
-60.11,-1.6703352257005045e-9,-1.1474171265260987e-11
-60.1,-1.6719006853571886e-9,-1.1487039646365255e-11
-60.09,-1.6734678759744251e-9,-1.1499924619032559e-11
-60.08,-1.6750367995848884e-9,-1.1512826238343357e-11
-60.07,-1.676607458394576e-9,-1.1525744398935947e-11
-60.06,-1.678179854934515e-9,-1.1538679240570827e-11
-60.05,-1.6797539906396448e-9,-1.1551630815959044e-11
-60.04,-1.6813298683932735e-9,-1.1564599011561355e-11
-60.03,-1.6829074903074667e-9,-1.1577583942341396e-11
-60.02,-1.684486858446283e-9,-1.1590585661026394e-11
-60.01,-1.6860679751528484e-9,-1.1603604053307614e-11
-60.0,-1.687650842536838e-9,-1.1616639360863405e-11
-59.99,-1.6892354630179005e-9,-1.1629691384197841e-11
-59.98,-1.6908218385801715e-9,-1.1642760311872452e-11
-59.97,-1.6924099716040118e-9,-1.1655846052001633e-11
-59.96,-1.693999864310967e-9,-1.1668948831426332e-11
-59.95,-1.6955915188294779e-9,-1.1682068424395673e-11
-59.94,-1.6971849375857495e-9,-1.1695204921945145e-11
-59.93,-1.6987801226639783e-9,-1.1708358417029665e-11
-59.92,-1.7003770764814134e-9,-1.1721528898724806e-11
-59.91,-1.7019758011704213e-9,-1.1734716372189194e-11
-59.9,-1.7035762989790594e-9,-1.1747920973689055e-11
-59.89,-1.7051785722115225e-9,-1.1761142496575752e-11
-59.88,-1.706782623090692e-9,-1.177438124884149e-11
-59.87,-1.7083884540481177e-9,-1.1787637086084552e-11
-59.86,-1.7099960670329484e-9,-1.1800909973954951e-11
-59.85,-1.7116054645582816e-9,-1.1814200136498758e-11
-59.84,-1.7132166488268837e-9,-1.1827507438250512e-11
-59.83,-1.7148296221406679e-9,-1.184083197365989e-11
-59.82,-1.7164443868475279e-9,-1.1854173675131804e-11
-59.81,-1.718060945034344e-9,-1.1867532753135127e-11
-59.8,-1.719679299175036e-9,-1.1880909038097057e-11
-59.79,-1.721299451416824e-9,-1.1894302671434086e-11
-59.78,-1.722921404228166e-9,-1.1907713634513391e-11
-59.77,-1.7245451598027908e-9,-1.1921141970997066e-11
-59.76,-1.7261707204275485e-9,-1.1934587715359395e-11
-59.75,-1.727798088456968e-9,-1.1948050881095352e-11
-59.74,-1.729427266114408e-9,-1.1961531513128575e-11
-59.73,-1.7310582558399982e-9,-1.1975029535073857e-11
-59.72,-1.7326910598271417e-9,-1.1988545071746443e-11
-59.71,-1.7343256804660835e-9,-1.2002078193438422e-11
-59.7,-1.7359621200100172e-9,-1.201562874692426e-11
-59.69,-1.7376003808984121e-9,-1.2029196960178654e-11
-59.68,-1.7392404652661615e-9,-1.204278272264785e-11
-59.67,-1.7408823757342004e-9,-1.2056386072338689e-11
-59.66,-1.7425261144596856e-9,-1.2070007142752458e-11
-59.65,-1.7441716837617155e-9,-1.208364589885325e-11
-59.64,-1.7458190859919753e-9,-1.2097302298253732e-11
-59.63,-1.7474683236181802e-9,-1.2110976360913524e-11
-59.62,-1.7491193985077528e-9,-1.2124668368277616e-11
-59.61,-1.7507723139256938e-9,-1.2138377990425149e-11
-59.6,-1.7524270715046758e-9,-1.2152105462226048e-11
-59.59,-1.7540836738092672e-9,-1.2165850771066734e-11
-59.58,-1.7557421230659513e-9,-1.2179613915293901e-11
-59.57,-1.7574024218727454e-9,-1.219339492592182e-11
-59.56,-1.7590645724236204e-9,-1.2207193834976908e-11
-59.55,-1.7607285771576238e-9,-1.2221010714285929e-11
-59.54,-1.7623944383847645e-9,-1.2234845530766632e-11
-59.53,-1.7640621586694416e-9,-1.2248698359430251e-11
-59.52,-1.765731740242604e-9,-1.2262569159052853e-11
-59.51,-1.7674031855337366e-9,-1.2276457996271308e-11
-59.5,-1.7690764968131998e-9,-1.2290365000354958e-11
-59.49,-1.7707516766986427e-9,-1.2304289938275919e-11
-59.48,-1.772428727420361e-9,-1.2318233119709086e-11
-59.47,-1.7741076514041344e-9,-1.233219437858563e-11
-59.46,-1.7757884510642963e-9,-1.2346173863987305e-11
-59.45,-1.7774711287711665e-9,-1.2360171464327998e-11
-59.44,-1.7791556871032471e-9,-1.237418736734905e-11
-59.43,-1.7808421283187473e-9,-1.2388221481017377e-11
-59.42,-1.7825304548288128e-9,-1.2402273833534312e-11
-59.41,-1.78422066904449e-9,-1.2416344583120083e-11
-59.4,-1.7859127735158725e-9,-1.2430433564734181e-11
-59.39,-1.7876067705589465e-9,-1.2444540884542578e-11
-59.38,-1.7893026626277943e-9,-1.2458666693613588e-11
-59.37,-1.7910004521804171e-9,-1.247281090289692e-11
-59.36,-1.7927001415929e-9,-1.2486973546317918e-11
-59.35,-1.794401733350253e-9,-1.2501154603745753e-11
-59.34,-1.7961052300290764e-9,-1.2515354220366192e-11
-59.33,-1.797810633840036e-9,-1.2529572366133435e-11
-59.32,-1.7995179474302745e-9,-1.254380898447307e-11
-59.31,-1.8012271730668265e-9,-1.2558064195151452e-11
-59.3,-1.8029383132999908e-9,-1.2572338034509444e-11
-59.29,-1.8046513707155843e-9,-1.2586630499522733e-11
-59.28,-1.8063663476414875e-9,-1.2600941615182835e-11
-59.27,-1.8080832464911576e-9,-1.2615271346359483e-11
-59.26,-1.8098020699123755e-9,-1.2629619844466638e-11
-59.25,-1.8115228202895872e-9,-1.2643987072601552e-11
-59.24,-1.8132455000952485e-9,-1.2658373079175661e-11
-59.23,-1.8149701117554796e-9,-1.2672777952648517e-11
-59.22,-1.8166966579569786e-9,-1.268720154350562e-11
-59.21,-1.8184251412139518e-9,-1.2701644086574304e-11
-59.2,-1.820155563405599e-9,-1.2716105362567534e-11
-59.19,-1.8218879277274165e-9,-1.2730585696471874e-11
-59.18,-1.8236222364935109e-9,-1.2745084828145198e-11
-59.17,-1.8253584921851402e-9,-1.2759602970957482e-11
-59.16,-1.8270966972923008e-9,-1.2774140093825705e-11
-59.15,-1.8288368543551637e-9,-1.2788696211834777e-11
-59.14,-1.8305789657121166e-9,-1.2803271472861802e-11
-59.13,-1.832323034108066e-9,-1.2817865722125811e-11
-59.12,-1.8340690620891261e-9,-1.2832479053227457e-11
-59.11,-1.8358170519281785e-9,-1.2847111569843587e-11
-59.1,-1.8375670064635068e-9,-1.286176322167894e-11
-59.09,-1.8393189280190923e-9,-1.2876434149777396e-11
-59.08,-1.8410728192548032e-9,-1.2891124156303077e-11
-59.07,-1.842828682578321e-9,-1.2905833388226088e-11
-59.06,-1.8445865206672115e-9,-1.292056203057945e-11
-59.05,-1.8463463360377893e-9,-1.2935309887241254e-11
-59.04,-1.8481081312097273e-9,-1.2950077018714264e-11
-59.03,-1.8498719088271075e-9,-1.2964863743908099e-11
-59.02,-1.8516376712595034e-9,-1.2979669523273967e-11
-59.01,-1.8534054212469444e-9,-1.2994494884492034e-11
-59.0,-1.8551751612642303e-9,-1.3009339710396417e-11
-58.99,-1.8569468940248558e-9,-1.3024203965300887e-11
-58.98,-1.8587206218784114e-9,-1.3039087721074537e-11
-58.97,-1.8604963476647618e-9,-1.3053990930202684e-11
-58.96,-1.8622740737987035e-9,-1.3068913842531247e-11
-58.95,-1.8640538029236876e-9,-1.3083856193744398e-11
-58.94,-1.8658355375896774e-9,-1.3098818205840187e-11
-58.93,-1.8676192804875464e-9,-1.3113799962774729e-11
-58.92,-1.869405033988295e-9,-1.3128801322473115e-11
-58.91,-1.871192800939667e-9,-1.314382238831076e-11
-58.9,-1.8729825838842753e-9,-1.3158863160692367e-11
-58.89,-1.874774385330959e-9,-1.3173923729229031e-11
-58.88,-1.8765682080711943e-9,-1.3189004056794486e-11
-58.87,-1.8783640545621573e-9,-1.3204104199151601e-11
-58.86,-1.8801619274405352e-9,-1.321922420136287e-11
-58.85,-1.881961829368171e-9,-1.3234364057466478e-11
-58.84,-1.8837637631228805e-9,-1.324952387026948e-11
-58.83,-1.885567731079752e-9,-1.326470356846198e-11
-58.82,-1.8873737360707903e-9,-1.3279903235630977e-11
-58.81,-1.8891817806158235e-9,-1.329512295117413e-11
-58.8,-1.890991867424739e-9,-1.33103626002219e-11
-58.79,-1.8928039990761298e-9,-1.3325622406774262e-11
-58.78,-1.894618178276037e-9,-1.334090228054229e-11
-58.77,-1.8964344077260857e-9,-1.3356202221457776e-11
-58.76,-1.8982526900008312e-9,-1.3371522299169766e-11
-58.75,-1.9000730278164463e-9,-1.3386862569671378e-11
-58.74,-1.901895423832703e-9,-1.340222306260614e-11
-58.73,-1.9037198806707475e-9,-1.341760376957299e-11
-58.72,-1.9055464010252325e-9,-1.3433004729429151e-11
-58.71,-1.9073749876907838e-9,-1.344842600785784e-11
-58.7,-1.909205643164914e-9,-1.3463867609738891e-11
-58.69,-1.9110383703259816e-9,-1.3479329539045144e-11
-58.68,-1.9128731717290185e-9,-1.3494811879702234e-11
-58.67,-1.9147100499998163e-9,-1.3510314654931369e-11
-58.66,-1.9165490081665913e-9,-1.3525837823865053e-11
-58.65,-1.9183900484648418e-9,-1.35413814600761e-11
-58.64,-1.9202331741211817e-9,-1.355694562407752e-11
-58.63,-1.92207838730445e-9,-1.3572530296870612e-11
-58.62,-1.9239256912506934e-9,-1.3588135630385392e-11
-58.61,-1.925775088210826e-9,-1.3603761444299889e-11
-58.6,-1.927626581181195e-9,-1.361940788273056e-11
-58.59,-1.929480172949874e-9,-1.3635075070805681e-11
-58.58,-1.931335866013608e-9,-1.3650762919435325e-11
-58.57,-1.933193663299109e-9,-1.3666471482210573e-11
-58.56,-1.9350535674700286e-9,-1.3682200673425762e-11
-58.55,-1.9369155812513474e-9,-1.3697950861100258e-11
-58.54,-1.938779707343217e-9,-1.3713721755268842e-11
-58.53,-1.940645948594575e-9,-1.3729513475493236e-11
-58.52,-1.9425143077848787e-9,-1.3745326091445944e-11
-58.51,-1.944384787708592e-9,-1.3761159612194521e-11
-58.5,-1.9462573909416848e-9,-1.377701407105794e-11
-58.49,-1.94813212031166e-9,-1.3792889497058525e-11
-58.48,-1.950008978560251e-9,-1.3808785898641822e-11
-58.47,-1.951887968707314e-9,-1.3824703352865465e-11
-58.46,-1.9537690932649222e-9,-1.384064187988725e-11
-58.45,-1.955652355027168e-9,-1.3856601496804793e-11
-58.44,-1.957537756930904e-9,-1.3872582196953378e-11
-58.43,-1.9594253017913335e-9,-1.3888584068773695e-11
-58.42,-1.961314992255826e-9,-1.3904607124279958e-11
-58.41,-1.963206831007903e-9,-1.3920651419676939e-11
-58.4,-1.9651008212897815e-9,-1.3936716993692973e-11
-58.39,-1.9669969654882938e-9,-1.3952803817619843e-11
-58.38,-1.9688952666256035e-9,-1.3968911894674913e-11
-58.37,-1.970795727320074e-9,-1.39850414641504e-11
-58.36,-1.972698350750586e-9,-1.4001192240911584e-11
-58.35,-1.974603139453064e-9,-1.4017364528074887e-11
-58.34,-1.976510096303568e-9,-1.4033558232000021e-11
-58.33,-1.9784192242345474e-9,-1.4049773349894547e-11
-58.32,-1.980330525883466e-9,-1.4066010056897276e-11
-58.31,-1.9822440043586872e-9,-1.4082268303098508e-11
-58.3,-1.984159662310798e-9,-1.409854806778018e-11
-58.29,-1.986077502633373e-9,-1.4114849473976433e-11
-58.28,-1.9879975281647213e-9,-1.4131172510353565e-11
-58.27,-1.9899197417598695e-9,-1.4147517234915782e-11
-58.26,-1.9918441464919362e-9,-1.416388354107462e-11
-58.25,-1.9937707449004767e-9,-1.4180271678090651e-11
-58.24,-1.995699540025528e-9,-1.4196681512011245e-11
-58.23,-1.9976305346976546e-9,-1.4213113248095967e-11
-58.22,-1.99956373195742e-9,-1.4229566671517015e-11
-58.21,-2.0014991343579173e-9,-1.424604208016074e-11
-58.2,-2.003436745089978e-9,-1.4262539340102548e-11
-58.19,-2.0053765669211475e-9,-1.4279058523075109e-11
-58.18,-2.007318602939416e-9,-1.4295599712777848e-11
-58.17,-2.0092628555035823e-9,-1.431216275298815e-11
-58.16,-2.0112093281068804e-9,-1.4328747937893195e-11
-58.15,-2.0131580232934386e-9,-1.4345355165820214e-11
-58.14,-2.015108944243114e-9,-1.436198447507262e-11
-58.13,-2.017062093698763e-9,-1.4378635910972015e-11
-58.12,-2.0190174747349696e-9,-1.4395309467237895e-11
-58.11,-2.020975090072674e-9,-1.4412005237432623e-11
-58.1,-2.0229349427159212e-9,-1.4428723273351617e-11
-58.09,-2.02489703581006e-9,-1.4445463453381092e-11
-58.08,-2.026861371849381e-9,-1.4462226090172807e-11
-58.07,-2.0288279541296236e-9,-1.4479010993988356e-11
-58.06,-2.0307967856412963e-9,-1.4495818155339034e-11
-58.05,-2.03276786917166e-9,-1.451264779006399e-11
-58.04,-2.034741207482186e-9,-1.4529499846684874e-11
-58.03,-2.0367168039831904e-9,-1.4546374324401996e-11
-58.02,-2.0386946613941565e-9,-1.4563271308284186e-11
-58.01,-2.040674782736356e-9,-1.4580190885868085e-11
-58.0,-2.042657170949156e-9,-1.4597132983715152e-11
-57.99,-2.0446418289277685e-9,-1.4614097564494224e-11
-57.98,-2.0466287598232264e-9,-1.463108487830519e-11
-57.97,-2.0486179665243642e-9,-1.4648094809590175e-11
-57.96,-2.0506094521129287e-9,-1.466512751446152e-11
-57.95,-2.052603219436302e-9,-1.4682182855695306e-11
-57.94,-2.0545992715558334e-9,-1.4699261049293533e-11
-57.93,-2.056597611604006e-9,-1.4716361983077186e-11
-57.92,-2.0585982425119196e-9,-1.4733485695631972e-11
-57.91,-2.060601167128151e-9,-1.4750632356092294e-11
-57.9,-2.062606388598522e-9,-1.476780195825152e-11
-57.89,-2.0646139100745486e-9,-1.4784994398732084e-11
-57.88,-2.0666237344350653e-9,-1.4802209831670557e-11
-57.87,-2.068635864758608e-9,-1.48194482233182e-11
-57.86,-2.070650304137196e-9,-1.4836709778595666e-11
-57.85,-2.072667055357053e-9,-1.485399431233593e-11
-57.84,-2.0746861217779193e-9,-1.4871301996604693e-11
-57.83,-2.076707506265604e-9,-1.488863272405101e-11
-57.82,-2.0787312119456625e-9,-1.4905986703661386e-11
-57.81,-2.0807572417962887e-9,-1.4923363920364662e-11
-57.8,-2.0827855991608383e-9,-1.494076436014335e-11
-57.79,-2.0848162867104856e-9,-1.49581880765365e-11
-57.78,-2.086849307697826e-9,-1.4975635084435967e-11
-57.77,-2.0888846652317755e-9,-1.499310547950526e-11
-57.76,-2.090922362389742e-9,-1.5010599230991635e-11
-57.75,-2.0929624022524832e-9,-1.5028116455465133e-11
-57.74,-2.0950047878305943e-9,-1.504565714114824e-11
-57.73,-2.0970495223595028e-9,-1.506322122913327e-11
-57.72,-2.099096608767928e-9,-1.5080808909133828e-11
-57.71,-2.1011460503074956e-9,-1.5098420315832134e-11
-57.7,-2.103197850090423e-9,-1.511605500279311e-11
-57.69,-2.10525201109893e-9,-1.513371348670995e-11
-57.68,-2.1073085365314575e-9,-1.5151395694382185e-11
-57.67,-2.1093674294783903e-9,-1.5169101476682492e-11
-57.66,-2.111428693212581e-9,-1.5186831068820785e-11
-57.65,-2.113492330652246e-9,-1.520458443977714e-11
-57.64,-2.115558345076694e-9,-1.5222361658964685e-11
-57.63,-2.117626739534829e-9,-1.524016268791526e-11
-57.62,-2.1196975173184506e-9,-1.5257987540375127e-11
-57.61,-2.121770681388657e-9,-1.5275836431465164e-11
-57.6,-2.1238462350456816e-9,-1.5293709283644302e-11
-57.59,-2.1259241813593775e-9,-1.53116060455868e-11
-57.58,-2.1280045235314176e-9,-1.5329526893822168e-11
-57.57,-2.130087264824056e-9,-1.534747173541922e-11
-57.56,-2.132172408207747e-9,-1.5365440690906796e-11
-57.55,-2.1342599570526867e-9,-1.5383433870522392e-11
-57.54,-2.136349914430151e-9,-1.5401451236186904e-11
-57.53,-2.138442283680603e-9,-1.5419492743581718e-11
-57.52,-2.1405370678033657e-9,-1.5437558447394728e-11
-57.51,-2.1426342700156112e-9,-1.5455648568645806e-11
-57.5,-2.1447338936340617e-9,-1.547376286537512e-11
-57.49,-2.146835941860173e-9,-1.5491901685491703e-11
-57.48,-2.148940417813228e-9,-1.551006480729354e-11
-57.47,-2.151047324793565e-9,-1.5528252379111237e-11
-57.46,-2.153156665985115e-9,-1.5546464420274043e-11
-57.45,-2.155268444521462e-9,-1.5564700999960523e-11
-57.44,-2.1573826638303025e-9,-1.5582962067990815e-11
-57.43,-2.1594993268547524e-9,-1.5601247698529276e-11
-57.42,-2.1616184374479244e-9,-1.561955799630184e-11
-57.41,-2.163739998224495e-9,-1.563789292435723e-11
-57.4,-2.165864012690244e-9,-1.5656252619399268e-11
-57.39,-2.1679904840216667e-9,-1.567463691422106e-11
-57.38,-2.170119415444187e-9,-1.5693046082757362e-11
-57.37,-2.1722508104452315e-9,-1.5711480067889118e-11
-57.36,-2.1743846720898764e-9,-1.5729938811589483e-11
-57.35,-2.1765210036896844e-9,-1.574842248978671e-11
-57.34,-2.1786598086070756e-9,-1.576693102859901e-11
-57.33,-2.1808010900609883e-9,-1.5785464682222593e-11
-57.32,-2.1829448513997854e-9,-1.5804023162328834e-11
-57.31,-2.1850910957690066e-9,-1.5822606693947916e-11
-57.3,-2.187239826682453e-9,-1.584121539328777e-11
-57.29,-2.1893910472049778e-9,-1.5859849119947287e-11
-57.28,-2.1915447608303195e-9,-1.5878507957095828e-11
-57.27,-2.1937009708644968e-9,-1.589719204857592e-11
-57.26,-2.1958596805786734e-9,-1.591590137279674e-11
-57.25,-2.1980208933020387e-9,-1.593463588308348e-11
-57.24,-2.2001846124635165e-9,-1.5953395745090558e-11
-57.23,-2.202350841038892e-9,-1.5972181012071773e-11
-57.22,-2.2045195828593983e-9,-1.599099164696638e-11
-57.21,-2.206690840963448e-9,-1.600982765614682e-11
-57.2,-2.2088646187589276e-9,-1.6028688977119727e-11
-57.19,-2.2110409196062432e-9,-1.6047575930851383e-11
-57.18,-2.2132197470997996e-9,-1.6066488442019684e-11
-57.17,-2.2154011040760656e-9,-1.6085426388395844e-11
-57.16,-2.2175849943354825e-9,-1.6104390126394014e-11
-57.15,-2.2197714212135044e-9,-1.6123379435842545e-11
-57.14,-2.221960387847776e-9,-1.614239437936152e-11
-57.13,-2.2241518979073247e-9,-1.6161435081431043e-11
-57.12,-2.226345954590487e-9,-1.6180501512824425e-11
-57.11,-2.2285425613587067e-9,-1.619959386471984e-11
-57.1,-2.230741721746349e-9,-1.6218711953219366e-11
-57.09,-2.2329434388887163e-9,-1.6237856056378873e-11
-57.08,-2.2351477163839475e-9,-1.6257025916034702e-11
-57.07,-2.237354557552865e-9,-1.6276221745508573e-11
-57.06,-2.239563965813228e-9,-1.629544364306392e-11
-57.05,-2.241775944887912e-9,-1.631469164536272e-11
-57.04,-2.2439904978232676e-9,-1.6333965655692654e-11
-57.03,-2.246207628171087e-9,-1.635326578048284e-11
-57.02,-2.2484273394199367e-9,-1.6372592059316845e-11
-57.01,-2.2506496349755498e-9,-1.6391944624433874e-11
-57.0,-2.2528745183306037e-9,-1.6411323332364556e-11
-56.99,-2.255101992900686e-9,-1.6430728386281877e-11
-56.98,-2.2573320621500606e-9,-1.645015963005758e-11
-56.97,-2.2595647296690427e-9,-1.6469617398709137e-11
-56.96,-2.261799998868673e-9,-1.648910138586987e-11
-56.95,-2.264037872917325e-9,-1.6508612007703652e-11
-56.94,-2.2662783556728287e-9,-1.652814897679344e-11
-56.93,-2.2685214506055582e-9,-1.6547712463260167e-11
-56.92,-2.270767161016593e-9,-1.6567302694132434e-11
-56.91,-2.2730154905830366e-9,-1.6586919329592483e-11
-56.9,-2.2752664426582946e-9,-1.660656264932873e-11
-56.89,-2.277520020960769e-9,-1.6626232704836242e-11
-56.88,-2.2797762287415482e-9,-1.664592950681107e-11
-56.87,-2.282035069729388e-9,-1.6665653028536678e-11
-56.86,-2.2842965473236735e-9,-1.6685403344551378e-11
-56.85,-2.2865606650554484e-9,-1.670518048173052e-11
-56.84,-2.288827426621123e-9,-1.6724984645541007e-11
-56.83,-2.2910968354088867e-9,-1.6744815539416277e-11
-56.82,-2.2933688949099474e-9,-1.6764673593490776e-11
-56.81,-2.295643608887693e-9,-1.6784558472234226e-11
-56.8,-2.2979209806883703e-9,-1.680447055076802e-11
-56.79,-2.300201014153876e-9,-1.682440962285119e-11
-56.78,-2.3024837124680793e-9,-1.684437595711858e-11
-56.77,-2.304769079487856e-9,-1.6864369356085084e-11
-56.76,-2.3070571186942173e-9,-1.688439006668501e-11
-56.75,-2.309347833697389e-9,-1.6904437951129847e-11
-56.74,-2.3116412281092955e-9,-1.692451322019881e-11
-56.73,-2.3139373054704923e-9,-1.6944615749556843e-11
-56.72,-2.3162360693244283e-9,-1.69647457180147e-11
-56.71,-2.3185375234297483e-9,-1.698490313383324e-11
-56.7,-2.3208416713090177e-9,-1.7005088016184793e-11
-56.69,-2.323148516637002e-9,-1.702530040581634e-11
-56.68,-2.3254580629683773e-9,-1.7045540311058558e-11
-56.67,-2.32777031387399e-9,-1.7065807883042318e-11
-56.66,-2.3300852731252505e-9,-1.7086103011869045e-11
-56.65,-2.3324029443950304e-9,-1.7106425883318062e-11
-56.64,-2.334723331029575e-9,-1.7126776477421123e-11
-56.63,-2.3370464370528235e-9,-1.7147154787071073e-11
-56.62,-2.3393722658566138e-9,-1.716756092184887e-11
-56.61,-2.341700821311301e-9,-1.7187994920509817e-11
-56.6,-2.3440321069032268e-9,-1.7208456824392166e-11
-56.59,-2.3463661263056037e-9,-1.722894664524375e-11
-56.58,-2.3487028833879212e-9,-1.7249464472719884e-11
-56.57,-2.35104238172145e-9,-1.7270010253421726e-11
-56.56,-2.3533846248653526e-9,-1.7290584206788914e-11
-56.55,-2.3557296167367246e-9,-1.7311186281053793e-11
-56.54,-2.3580773608261673e-9,-1.7331816378790906e-11
-56.53,-2.360427860932684e-9,-1.7352474788925277e-11
-56.52,-2.3627811208543204e-9,-1.7373161385243954e-11
-56.51,-2.3651371441848643e-9,-1.7393876299375727e-11
-56.5,-2.36749593472645e-9,-1.7414619457656646e-11
-56.49,-2.3698574960560243e-9,-1.7435391106738997e-11
-56.48,-2.372221832180712e-9,-1.7456191039837973e-11
-56.47,-2.3745889466273376e-9,-1.7477019549641673e-11
-56.46,-2.376958843165587e-9,-1.749787651658838e-11
-56.45,-2.379331525580256e-9,-1.751876207823769e-11
-56.44,-2.381706997669132e-9,-1.75396761100588e-11
-56.43,-2.38408526304263e-9,-1.756061888550061e-11
-56.42,-2.3864663256883255e-9,-1.7581590258311014e-11
-56.41,-2.3888501892373534e-9,-1.7602590375501368e-11
-56.4,-2.391236857517873e-9,-1.762361925730037e-11
-56.39,-2.3936263342329828e-9,-1.7644676982444308e-11
-56.38,-2.3960186231720575e-9,-1.7665763568903556e-11
-56.37,-2.398413728303506e-9,-1.768687900511038e-11
-56.36,-2.4008116532948496e-9,-1.7708023462689656e-11
-56.35,-2.4032124020011136e-9,-1.772919682273672e-11
-56.34,-2.405615978157531e-9,-1.775039928049345e-11
-56.33,-2.4080223855834935e-9,-1.7771630702694474e-11
-56.32,-2.4104316283004316e-9,-1.7792891341753553e-11
-56.31,-2.4128437099179064e-9,-1.78141811304741e-11
-56.3,-2.415258634334575e-9,-1.7835500148196073e-11
-56.29,-2.4176764054824716e-9,-1.785684841636173e-11
-56.28,-2.420097027081182e-9,-1.7878225968887786e-11
-56.27,-2.4225205030545793e-9,-1.78996328572685e-11
-56.26,-2.4249468372020785e-9,-1.7921069139058355e-11
-56.25,-2.427376033533409e-9,-1.7942534922666815e-11
-56.24,-2.429808095743284e-9,-1.7964030159303097e-11
-56.23,-2.4322430278556223e-9,-1.7985554915419106e-11
-56.22,-2.434680833664746e-9,-1.8007109268705014e-11
-56.21,-2.437121516963344e-9,-1.8028693306986758e-11
-56.2,-2.439565082058547e-9,-1.8050306878867908e-11
-56.19,-2.442011532351692e-9,-1.8071950235873027e-11
-56.18,-2.4444608719983774e-9,-1.80936232734668e-11
-56.17,-2.4469131049758615e-9,-1.8115326215816357e-11
-56.16,-2.4493682350071736e-9,-1.8137058921598494e-11
-56.15,-2.4518262660766517e-9,-1.815882150992548e-11
-56.14,-2.4542872022595615e-9,-1.818061421255746e-11
-56.13,-2.4567510472867687e-9,-1.820243667993075e-11
-56.12,-2.459217805134072e-9,-1.822428946878424e-11
-56.11,-2.4616874800523075e-9,-1.8246172019552093e-11
-56.1,-2.464160075708972e-9,-1.826808486507659e-11
-56.09,-2.4666355959708453e-9,-1.8290027821127103e-11
-56.08,-2.4691140450419555e-9,-1.8312001122802197e-11
-56.07,-2.47159542676575e-9,-1.833400460127348e-11
-56.06,-2.474079745251726e-9,-1.8356038392867053e-11
-56.05,-2.4765670043225565e-9,-1.8378102518981755e-11
-56.04,-2.479057208071469e-9,-1.8400197145784563e-11
-56.03,-2.4815503603894812e-9,-1.8422322218341156e-11
-56.02,-2.4840464654714993e-9,-1.8444477706058674e-11
-56.01,-2.486545527160039e-9,-1.8466663856462155e-11
-56.0,-2.4890475495811784e-9,-1.8488880525212435e-11
-55.99,-2.491552536742653e-9,-1.8511127848511578e-11
-55.98,-2.4940604925602893e-9,-1.853340587688348e-11
-55.97,-2.496571421129594e-9,-1.855571464795077e-11
-55.96,-2.4990853265186913e-9,-1.8578054168101806e-11
-55.95,-2.5016022127553306e-9,-1.8600424645375107e-11
-55.94,-2.504122083879969e-9,-1.862282597521514e-11
-55.93,-2.506644944193715e-9,-1.8645258056083412e-11
-55.92,-2.509170797224175e-9,-1.8667721325313735e-11
-55.91,-2.5116996474419024e-9,-1.869021551627506e-11
-55.9,-2.5142314988888057e-9,-1.8712740837813164e-11
-55.89,-2.5167663556043255e-9,-1.8735297284383603e-11
-55.88,-2.519304221671704e-9,-1.875788491837269e-11
-55.87,-2.521845101147282e-9,-1.8780503731959327e-11
-55.86,-2.5243889982456664e-9,-1.8803153795276525e-11
-55.85,-2.5269359169807523e-9,-1.8825835196080674e-11
-55.84,-2.52948586146923e-9,-1.8848548032612026e-11
-55.83,-2.532038835888386e-9,-1.8871292192345104e-11
-55.82,-2.5345948443853767e-9,-1.889406789725963e-11
-55.81,-2.5371538910203337e-9,-1.8916875074111993e-11
-55.8,-2.5397159798339632e-9,-1.893971382353127e-11
-55.79,-2.5422811152837798e-9,-1.89625841413931e-11
-55.78,-2.544849301066739e-9,-1.8985486175692408e-11
-55.77,-2.547420541888264e-9,-1.9008419879138566e-11
-55.76,-2.5499948416675186e-9,-1.9031385424623118e-11
-55.75,-2.552572204447383e-9,-1.9054382670624417e-11
-55.74,-2.555152634350428e-9,-1.9077411756007555e-11
-55.73,-2.5577361360332253e-9,-1.9100472957763414e-11
-55.72,-2.560322713136547e-9,-1.9123565978390118e-11
-55.71,-2.5629123702743355e-9,-1.9146691026177206e-11
-55.7,-2.5655051113753967e-9,-1.916984814993192e-11
-55.69,-2.568100940707003e-9,-1.91930373051736e-11
-55.68,-2.570699862669886e-9,-1.921625877290263e-11
-55.67,-2.5733018813332045e-9,-1.9239512222437018e-11
-55.66,-2.5759070008503594e-9,-1.9262798061507224e-11
-55.65,-2.5785152251631755e-9,-1.9286116448462628e-11
-55.64,-2.5811265599034094e-9,-1.9309466764974202e-11
-55.63,-2.5837410076412603e-9,-1.9332849601568942e-11
-55.62,-2.5863585734328452e-9,-1.9356265026238548e-11
-55.61,-2.5889792614309417e-9,-1.9379712890279805e-11
-55.6,-2.5916030759979642e-9,-1.94031933573862e-11
-55.59,-2.594230021138994e-9,-1.9426706423954284e-11
-55.58,-2.5968601014210976e-9,-1.9450252127387483e-11
-55.57,-2.599493320941057e-9,-1.9473830576452785e-11
-55.56,-2.6021296840731778e-9,-1.949744179479172e-11
-55.55,-2.6047691952119685e-9,-1.9521085829134918e-11
-55.54,-2.607411858658251e-9,-1.954476270800133e-11
-55.53,-2.610057678347201e-9,-1.956847251693485e-11
-55.52,-2.6127066592239575e-9,-1.959221530136573e-11
-55.51,-2.6153588051447697e-9,-1.961599108248818e-11
-55.5,-2.6180141205670384e-9,-1.9639799979400712e-11
-55.49,-2.6206726099045955e-9,-1.9663641976908955e-11
-55.48,-2.6233342775498264e-9,-1.9687517169055455e-11
-55.47,-2.6259991276581573e-9,-1.971142557629783e-11
-55.46,-2.6286671648997514e-9,-1.9735367269798488e-11
-55.45,-2.631338393181146e-9,-1.9759342299105585e-11
-55.44,-2.634012817245685e-9,-1.97833507315241e-11
-55.43,-2.6366904414232885e-9,-1.9807392614062094e-11
-55.42,-2.639371270033127e-9,-1.9831467974507846e-11
-55.41,-2.6420553075285914e-9,-1.9855576831257468e-11
-55.4,-2.6447425582155584e-9,-1.9879719279200107e-11
-55.39,-2.647433026636136e-9,-1.990389542200884e-11
-55.38,-2.650126717177724e-9,-1.9928105258752675e-11
-55.37,-2.6528236343065887e-9,-1.9952348841235385e-11
-55.36,-2.6555237821337734e-9,-1.9976626204028595e-11
-55.35,-2.6582271655728266e-9,-2.000093752917148e-11
-55.34,-2.6609337885856928e-9,-2.0025282697412923e-11
-55.33,-2.6636436560467747e-9,-2.004966183125483e-11
-55.32,-2.666356772288641e-9,-2.0074074963363704e-11
-55.31,-2.6690731416313045e-9,-2.0098522218625965e-11
-55.3,-2.671792768688513e-9,-2.0123003565760687e-11
-55.29,-2.674515657895462e-9,-2.014751910578278e-11
-55.28,-2.6772418137730456e-9,-2.0172068846007e-11
-55.27,-2.679971240851797e-9,-2.019665273331194e-11
-55.26,-2.6827039431527357e-9,-2.022127129554601e-11
-55.25,-2.685439925967146e-9,-2.024592413196269e-11
-55.24,-2.6881791932140744e-9,-2.0270611345898018e-11
-55.23,-2.6909217497967255e-9,-2.029533309596237e-11
-55.22,-2.6936675999703885e-9,-2.0320089365583613e-11
-55.21,-2.6964167483766654e-9,-2.0344880298105473e-11
-55.2,-2.6991691996665842e-9,-2.0369705838875115e-11
-55.19,-2.701924958207821e-9,-2.039456612872207e-11
-55.18,-2.704684028595921e-9,-2.0419461216328996e-11
-55.17,-2.707446415401261e-9,-2.0444391126392733e-11
-55.16,-2.7102121232206263e-9,-2.0469355910701414e-11
-55.15,-2.7129811567328964e-9,-2.0494355645020942e-11
-55.14,-2.7157535202904945e-9,-2.0519390355672322e-11
-55.13,-2.7185292186124392e-9,-2.054446016167399e-11
-55.12,-2.7213082564408297e-9,-2.0569564994589648e-11
-55.11,-2.7240906380595946e-9,-2.0594705037294283e-11
-55.1,-2.7268763682921596e-9,-2.0619880293496507e-11
-55.09,-2.7296654517156064e-9,-2.06450908063607e-11
-55.08,-2.732457892973576e-9,-2.0670336680193808e-11
-55.07,-2.735253696590871e-9,-2.0695617901199157e-11
-55.06,-2.738052867491175e-9,-2.0720934529812918e-11
-55.05,-2.7408554100421238e-9,-2.0746286729966655e-11
-55.04,-2.743661328916401e-9,-2.0771674419829394e-11
-55.03,-2.746470628921667e-9,-2.0797097748222982e-11
-55.02,-2.7492833146207917e-9,-2.082255674556772e-11
-55.01,-2.752099390729573e-9,-2.084805141208631e-11
-55.0,-2.754918862039416e-9,-2.0873581818525154e-11
-54.99,-2.7577417330061994e-9,-2.0899148187270824e-11
-54.98,-2.760568008447462e-9,-2.0924750341921607e-11
-54.97,-2.763397693057279e-9,-2.0950388493725306e-11
-54.96,-2.7662307916338193e-9,-2.0976062566354952e-11
-54.95,-2.769067308820015e-9,-2.1001772755733476e-11
-54.94,-2.7719072493732404e-9,-2.1027519039350933e-11
-54.93,-2.7747506180494027e-9,-2.1053301525070814e-11
-54.92,-2.777597419503291e-9,-2.107912025337182e-11
-54.91,-2.7804476585053808e-9,-2.1104975185371934e-11
-54.9,-2.7833013398454408e-9,-2.1130866583336523e-11
-54.89,-2.786158468205526e-9,-2.11567942623264e-11
-54.88,-2.789019048485851e-9,-2.1182758439820802e-11
-54.87,-2.791883085593894e-9,-2.120875913823207e-11
-54.86,-2.7947505839858974e-9,-2.1234796430655256e-11
-54.85,-2.797621548597265e-9,-2.1260870331554337e-11
-54.84,-2.8004959843278663e-9,-2.1286980895489136e-11
-54.83,-2.803373895842462e-9,-2.1313128228683594e-11
-54.82,-2.806255288061522e-9,-2.133931237633771e-11
-54.81,-2.8091401658315385e-9,-2.1365533380346767e-11
-54.8,-2.8120285337950485e-9,-2.139179125787336e-11
-54.79,-2.814920397010175e-9,-2.1418086199446153e-11
-54.78,-2.817815760135116e-9,-2.1444418140558546e-11
-54.77,-2.820714628194458e-9,-2.1470787201861777e-11
-54.76,-2.8236170058526603e-9,-2.149719336577104e-11
-54.75,-2.8265228982535595e-9,-2.1523636754057574e-11
-54.74,-2.8294323101701146e-9,-2.1550117407562718e-11
-54.73,-2.8323452462471566e-9,-2.15766354767069e-11
-54.72,-2.8352617117560924e-9,-2.160319089666913e-11
-54.71,-2.838181711239662e-9,-2.1629783766969003e-11
-54.7,-2.84110525000509e-9,-2.1656414092956302e-11
-54.69,-2.84403233257928e-9,-2.1683082016910032e-11
-54.68,-2.8469629640871563e-9,-2.1709787593877214e-11
-54.67,-2.8498971493713785e-9,-2.1736530841301653e-11
-54.66,-2.8528348935108317e-9,-2.1763311851729252e-11
-54.65,-2.8557762013744353e-9,-2.179013066262465e-11
-54.64,-2.858721077742937e-9,-2.1816987379012513e-11
-54.63,-2.861669527983041e-9,-2.1843881992928027e-11
-54.62,-2.8646215566652266e-9,-2.187081457212024e-11
-54.61,-2.8675771689157645e-9,-2.189778519952906e-11
-54.6,-2.870536369820325e-9,-2.1924793933652643e-11
-54.59,-2.8734991642091545e-9,-2.195184085437262e-11
-54.58,-2.876465557208012e-9,-2.1978926029801736e-11
-54.57,-2.879435553781052e-9,-2.20060493584228e-11
-54.56,-2.8824091588646654e-9,-2.2033211229068952e-11
-54.55,-2.8853863776039143e-9,-2.2060411491131035e-11
-54.54,-2.8883672150133653e-9,-2.2087650121768022e-11
-54.53,-2.8913516760008654e-9,-2.2114927365087785e-11
-54.52,-2.8943397655309944e-9,-2.214224327481595e-11
-54.51,-2.897331489252731e-9,-2.216959758616432e-11
-54.5,-2.9003268516646215e-9,-2.2196990887068588e-11
-54.49,-2.9033258579487078e-9,-2.2224422797242257e-11
-54.48,-2.906328513253292e-9,-2.2251893631837812e-11
-54.47,-2.9093348226756124e-9,-2.2279403280802725e-11
-54.46,-2.9123447912596206e-9,-2.2306952093827934e-11
-54.45,-2.9153584240992136e-9,-2.233453973885558e-11
-54.44,-2.9183757263568594e-9,-2.236216656231475e-11
-54.43,-2.9213967030870207e-9,-2.2389832555449306e-11
-54.42,-2.9244213595710365e-9,-2.241753769428445e-11
-54.41,-2.9274497006989264e-9,-2.2445282157375345e-11
-54.4,-2.9304817318872077e-9,-2.2473065948141033e-11
-54.39,-2.9335174580141113e-9,-2.2500889118917507e-11
-54.38,-2.936556884506769e-9,-2.2528751706639073e-11
-54.37,-2.9396000162467475e-9,-2.255665394836739e-11
-54.36,-2.942646858682509e-9,-2.2584595733606673e-11
-54.35,-2.9456974168549397e-9,-2.261257715153582e-11
-54.34,-2.9487516959028895e-9,-2.264059829717287e-11
-54.33,-2.951809701202118e-9,-2.266865928681149e-11
-54.32,-2.954871437837133e-9,-2.269676002776045e-11
-54.31,-2.9579369110579523e-9,-2.2724900691078432e-11
-54.3,-2.9610061259756437e-9,-2.2753081367723006e-11
-54.29,-2.964079088044874e-9,-2.278130200315214e-11
-54.28,-2.9671558023963073e-9,-2.2809562819667476e-11
-54.27,-2.9702362742661063e-9,-2.283786377655359e-11
-54.26,-2.9733205089365835e-9,-2.2866204990167237e-11
-54.25,-2.976408511667197e-9,-2.2894586389591624e-11
-54.24,-2.9795002877913762e-9,-2.2923008271610087e-11
-54.23,-2.98259584235403e-9,-2.2951470509902914e-11
-54.22,-2.9856951808235888e-9,-2.297997334672786e-11
-54.21,-2.988798308603522e-9,-2.3008516546822426e-11
-54.2,-2.9919052309014936e-9,-2.3037100417740696e-11
-54.19,-2.9950159529560732e-9,-2.3065724955100286e-11
-54.18,-2.9981304802112106e-9,-2.30943902492017e-11
-54.17,-3.0012488178729608e-9,-2.3123096387194153e-11
-54.16,-3.0043709714276348e-9,-2.3151843509085374e-11
-54.15,-3.0074969462593326e-9,-2.3180631282143187e-11
-54.14,-3.0106267473751084e-9,-2.3209460334898467e-11
-54.13,-3.0137603805518587e-9,-2.3238330333334837e-11
-54.12,-3.0168978509126386e-9,-2.3267241571780218e-11
-54.11,-3.0200391640554695e-9,-2.329619389857691e-11
-54.1,-3.0231843251603205e-9,-2.3325187500062894e-11
-54.09,-3.026333339696527e-9,-2.335422253799903e-11
-54.08,-3.0294862131508082e-9,-2.3383298891764802e-11
-54.07,-3.0326429508526012e-9,-2.3412416676854733e-11
-54.06,-3.0358035582655176e-9,-2.3441576130600097e-11
-54.05,-3.038968040765891e-9,-2.3470777041919992e-11
-54.04,-3.0421364039066984e-9,-2.3500019656707714e-11
-54.03,-3.0453086530608546e-9,-2.352930402968702e-11
-54.02,-3.0484847936657785e-9,-2.3558630187275976e-11
-54.01,-3.0516648313287776e-9,-2.3587998208128372e-11
-54.0,-3.054848771361962e-9,-2.3617408262315533e-11
-53.99,-3.0580366193027266e-9,-2.3646860264675346e-11
-53.98,-3.0612283806704754e-9,-2.367635426558719e-11
-53.97,-3.0644240609971426e-9,-2.3705890426315017e-11
-53.96,-3.0676236657527007e-9,-2.3735468927991542e-11
-53.95,-3.0708272004671442e-9,-2.3765089520614202e-11
-53.94,-3.0740346706853654e-9,-2.379475254537717e-11
-53.93,-3.077246081917238e-9,-2.3824457963880764e-11
-53.92,-3.0804614396920094e-9,-2.3854205796843862e-11
-53.91,-3.083680749565415e-9,-2.3883996314805892e-11
-53.9,-3.086904017182261e-9,-2.391382923106593e-11
-53.89,-3.090131248021209e-9,-2.3943704996896816e-11
-53.88,-3.0933624477849444e-9,-2.3973623504542902e-11
-53.87,-3.096597621898741e-9,-2.4003584741431596e-11
-53.86,-3.099836776031207e-9,-2.40335889827085e-11
-53.85,-3.1030799159843964e-9,-2.406363612572941e-11
-53.84,-3.1063270470988996e-9,-2.4093726319046554e-11
-53.83,-3.1095781751060274e-9,-2.41238595756739e-11
-53.82,-3.1128333056453738e-9,-2.4154035963257227e-11
-53.81,-3.116092444366394e-9,-2.4184255692058073e-11
-53.8,-3.1193555969616673e-9,-2.4214518623832554e-11
-53.79,-3.122622768952088e-9,-2.4244824964255443e-11
-53.78,-3.1258939661533793e-9,-2.4275174836428836e-11
-53.77,-3.1291691945543044e-9,-2.4305568039865952e-11
-53.76,-3.132448458700103e-9,-2.4336004966886652e-11
-53.75,-3.135731765499079e-9,-2.4366485478355953e-11
-53.74,-3.1390191202340433e-9,-2.4397009712332782e-11
-53.73,-3.1423105285591152e-9,-2.442757776010258e-11
-53.72,-3.1456059963517905e-9,-2.4458189742545218e-11
-53.71,-3.1489055292519415e-9,-2.4488845555866037e-11
-53.7,-3.1522091329757846e-9,-2.4519545430973725e-11
-53.69,-3.1555168133209477e-9,-2.455028938389982e-11
-53.68,-3.1588285760684616e-9,-2.458107739286935e-11
-53.67,-3.162144426808767e-9,-2.4611909703552654e-11
-53.66,-3.1654643716858265e-9,-2.4642786295234895e-11
-53.65,-3.168788416215677e-9,-2.4673707266165775e-11
-53.64,-3.172116566216518e-9,-2.4704672603133953e-11
-53.63,-3.175448827619654e-9,-2.4735682483965006e-11
-53.62,-3.178785205933346e-9,-2.4766737070522513e-11
-53.61,-3.182125707372376e-9,-2.479783614575513e-11
-53.6,-3.1854703375419096e-9,-2.482897993337972e-11
-53.59,-3.188819102504593e-9,-2.486016863763157e-11
-53.58,-3.192172007885912e-9,-2.489140209688005e-11
-53.57,-3.1955290596269692e-9,-2.4922680604822708e-11
-53.56,-3.1988902635377748e-9,-2.4954004028018106e-11
-53.55,-3.2022556256655387e-9,-2.4985372585993247e-11
-53.54,-3.2056251517701983e-9,-2.501678626810195e-11
-53.53,-3.2089988478051544e-9,-2.5048245137914975e-11
-53.52,-3.212376719618169e-9,-2.5079749248671817e-11
-53.51,-3.215758773179012e-9,-2.5111298889903884e-11
-53.5,-3.2191450143792847e-9,-2.5142894021291274e-11
-53.49,-3.2225354491124473e-9,-2.5174534554765647e-11
-53.48,-3.225930083659066e-9,-2.5206220734073875e-11
-53.47,-3.2293289235171246e-9,-2.5237952536240106e-11
-53.46,-3.2327319749420147e-9,-2.5269730118228944e-11
-53.45,-3.2361392438319736e-9,-2.5301553519882528e-11
-53.44,-3.239550736075038e-9,-2.533342284244385e-11
-53.43,-3.2429664578275917e-9,-2.5365338076730772e-11
-53.42,-3.2463864149847375e-9,-2.539729938723351e-11
-53.41,-3.2498106136516145e-9,-2.542930677442605e-11
-53.4,-3.2532390598074094e-9,-2.5461360356672197e-11
-53.39,-3.2566717593273364e-9,-2.5493460300013013e-11
-53.38,-3.26010871861564e-9,-2.5525606400354494e-11
-53.37,-3.2635499433931657e-9,-2.5557799098395298e-11
-53.36,-3.2669954398875485e-9,-2.5590038181410924e-11
-53.35,-3.2704452139447122e-9,-2.5622323914100862e-11
-53.34,-3.2738992722115003e-9,-2.5654656212113743e-11
-53.33,-3.2773576201557355e-9,-2.568703523545548e-11
-53.32,-3.280820264185918e-9,-2.571946105402694e-11
-53.31,-3.2842872103552416e-9,-2.5751933774659794e-11
-53.3,-3.287758463945285e-9,-2.5784453577573818e-11
-53.29,-3.291234033521173e-9,-2.581702014330451e-11
-53.28,-3.2947139228526864e-9,-2.5849633930688354e-11
-53.27,-3.298198138845284e-9,-2.5882294859860423e-11
-53.26,-3.3016866876662633e-9,-2.591500298564559e-11
-53.25,-3.3051795754886042e-9,-2.594775848447171e-11
-53.24,-3.3086768085935744e-9,-2.5980561376725756e-11
-53.23,-3.3121783930319177e-9,-2.6013411837239443e-11
-53.22,-3.3156843350311022e-9,-2.6046309821740797e-11
-53.21,-3.3191946414631427e-9,-2.6079255168917343e-11
-53.2,-3.322709316735848e-9,-2.6112248732582754e-11
-53.19,-3.3262283686874124e-9,-2.614528987255486e-11
-53.18,-3.329751803288108e-9,-2.6178378803488096e-11
-53.17,-3.3332796265210865e-9,-2.6211515779642305e-11
-53.16,-3.336811844722853e-9,-2.6244700656246134e-11
-53.15,-3.340348464263181e-9,-2.6277933783900747e-11
-53.14,-3.343889491331158e-9,-2.6311215006914142e-11
-53.13,-3.3474349321774605e-9,-2.6344544438762465e-11
-53.12,-3.3509847932325374e-9,-2.6377922304601815e-11
-53.11,-3.354539080693188e-9,-2.6411348540039098e-11
-53.1,-3.3580978007845927e-9,-2.6444823314610175e-11
-53.09,-3.361660960095639e-9,-2.647834663794314e-11
-53.08,-3.3652285648967713e-9,-2.6511918484340608e-11
-53.07,-3.3688006213936377e-9,-2.654553922819116e-11
-53.06,-3.372377135978154e-9,-2.6579208804397986e-11
-53.05,-3.375958115178062e-9,-2.661292716924292e-11
-53.04,-3.3795435651739827e-9,-2.664669456641188e-11
-53.03,-3.3831334925259024e-9,-2.6680510999656897e-11
-53.02,-3.3867279036563746e-9,-2.671437651566626e-11
-53.01,-3.3903268046569835e-9,-2.67482913098722e-11
-53.0,-3.393930202338463e-9,-2.678225541226659e-11
-52.99,-3.3975381028585555e-9,-2.681626874618651e-11
-52.98,-3.4011505128139125e-9,-2.6850331765498814e-11
-52.97,-3.4047674387020574e-9,-2.6884444105886813e-11
-52.96,-3.4083888868239593e-9,-2.6918606188955836e-11
-52.95,-3.4120148637632386e-9,-2.6952817954778213e-11
-52.94,-3.4156453759283556e-9,-2.6987079392129166e-11
-52.93,-3.4192804299669002e-9,-2.7021390796849724e-11
-52.92,-3.422920032182152e-9,-2.7055752142122497e-11
-52.91,-3.426564189220461e-9,-2.7090163387260376e-11
-52.9,-3.430212907480458e-9,-2.7124624910022166e-11
-52.89,-3.4338661937279285e-9,-2.715913646552429e-11
-52.88,-3.437524054382306e-9,-2.7193698369163238e-11
-52.87,-3.4411864958840803e-9,-2.7228310638496055e-11
-52.86,-3.4448535249765218e-9,-2.7262973272432938e-11
-52.85,-3.4485251480973162e-9,-2.7297686455125805e-11
-52.84,-3.452201372022206e-9,-2.733245020748413e-11
-52.83,-3.4558822030445612e-9,-2.736726479163579e-11
-52.82,-3.4595676481802754e-9,-2.740212989372329e-11
-52.81,-3.4632577138133525e-9,-2.743704591358075e-11
-52.8,-3.4669524065901734e-9,-2.747201293053709e-11
-52.79,-3.470651733018113e-9,-2.7507030908024423e-11
-52.78,-3.474355700042512e-9,-2.7542099997247224e-11
-52.77,-3.4780643141427453e-9,-2.7577220314810295e-11
-52.76,-3.4817775819596268e-9,-2.7612391867951294e-11
-52.75,-3.4854955104051502e-9,-2.764761470683714e-11
-52.74,-3.4892181059846574e-9,-2.7682889036647864e-11
-52.73,-3.492945375371313e-9,-2.7718214920549253e-11
-52.72,-3.4966773253600018e-9,-2.7753592273660948e-11
-52.71,-3.5004139627253246e-9,-2.7789021424094126e-11
-52.7,-3.504155294090933e-9,-2.782450238345426e-11
-52.69,-3.507901326318306e-9,-2.786003510948074e-11
-52.68,-3.5116520660743856e-9,-2.7895619774579793e-11
-52.67,-3.5154075203583893e-9,-2.7931256443845522e-11
-52.66,-3.5191676957322378e-9,-2.7966945318762022e-11
-52.65,-3.5229325988300824e-9,-2.8002686287576542e-11
-52.64,-3.5267022369664254e-9,-2.8038479571338895e-11
-52.63,-3.530476616422191e-9,-2.8074325200493903e-11
-52.62,-3.534255744378981e-9,-2.8110223346266328e-11
-52.61,-3.538039627427085e-9,-2.8146174014764663e-11
-52.6,-3.541828272670477e-9,-2.818217729977801e-11
-52.59,-3.5456216867320467e-9,-2.821823325546311e-11
-52.58,-3.5494198765906546e-9,-2.8254342086818824e-11
-52.57,-3.5532228492914862e-9,-2.829050376443564e-11
-52.56,-3.5570306113967004e-9,-2.8326718382057922e-11
-52.55,-3.560843170119006e-9,-2.8362986057532878e-11
-52.54,-3.564660532056488e-9,-2.8399306950227425e-11
-52.53,-3.568482704450892e-9,-2.8435681033712976e-11
-52.52,-3.572309694100272e-9,-2.8472108454093346e-11
-52.51,-3.5761415078531747e-9,-2.8508589248068525e-11
-52.5,-3.5799781529019383e-9,-2.8545123576879824e-11
-52.49,-3.5838196361871447e-9,-2.858171147222095e-11
-52.48,-3.5876659643654987e-9,-2.8618353045933087e-11
-52.47,-3.591517144830375e-9,-2.8655048365525047e-11
-52.46,-3.595373184389173e-9,-2.869179747856139e-11
-52.45,-3.5992340900182513e-9,-2.8728600672514156e-11
-52.44,-3.603099868917995e-9,-2.8765457809841555e-11
-52.43,-3.606970528088896e-9,-2.8802369081101105e-11
-52.42,-3.610846074399417e-9,-2.8839334556443342e-11
-52.41,-3.6147265150705195e-9,-2.887635432334775e-11
-52.4,-3.6186118571511546e-9,-2.8913428523003003e-11
-52.39,-3.622502107805809e-9,-2.895055710636433e-11
-52.38,-3.6263972740380495e-9,-2.8987740269413978e-11
-52.37,-3.6302973628263467e-9,-2.902497820642481e-11
-52.36,-3.6342023814943377e-9,-2.906227074155997e-11
-52.35,-3.6381123372255316e-9,-2.9099618186027683e-11
-52.34,-3.642027236915137e-9,-2.913702057637318e-11
-52.33,-3.645947088103343e-9,-2.917447786973729e-11
-52.32,-3.6498718974925055e-9,-2.9211990374242184e-11
-52.31,-3.653801672576658e-9,-2.9249558039199494e-11
-52.3,-3.657736420272862e-9,-2.92871810464683e-11
-52.29,-3.661676148104916e-9,-2.9324859371404323e-11
-52.28,-3.665620863149733e-9,-2.936259318573599e-11
-52.27,-3.6695705724901607e-9,-2.940038249716901e-11
-52.26,-3.6735252837506523e-9,-2.943822757577151e-11
-52.25,-3.67748500380521e-9,-2.947612833151127e-11
-52.24,-3.681449740041857e-9,-2.951408499423845e-11
-52.23,-3.6854194996833082e-9,-2.9552097524406956e-11
-52.22,-3.68939429010801e-9,-2.9590166120917925e-11
-52.21,-3.6933741185292937e-9,-2.962829079757747e-11
-52.2,-3.697358992335737e-9,-2.966647171063733e-11
-52.19,-3.7013489187895068e-9,-2.970470891177268e-11
-52.18,-3.705343905154924e-9,-2.974300249051318e-11
-52.17,-3.709343959003225e-9,-2.9781352610621075e-11
-52.16,-3.7133490874145354e-9,-2.981975930044519e-11
-52.15,-3.717359297981454e-9,-2.9858222649645147e-11
-52.14,-3.721374597969806e-9,-2.989674273301541e-11
-52.13,-3.7253949946866596e-9,-2.993531982886259e-11
-52.12,-3.729420495794384e-9,-2.997395369552884e-11
-52.11,-3.7334511084684635e-9,-3.001264467175209e-11
-52.1,-3.737486840219548e-9,-3.005139282220855e-11
-52.09,-3.741527698545787e-9,-3.009019821530701e-11
-52.08,-3.7455736909791734e-9,-3.0129060893598735e-11
-52.07,-3.749624824567171e-9,-3.0167981101528363e-11
-52.06,-3.753681107250034e-9,-3.020695877263321e-11
-52.05,-3.75774254621269e-9,-3.024599407669287e-11
-52.04,-3.761809149119356e-9,-3.0285087101813966e-11
-52.03,-3.765880923495334e-9,-3.032423791703836e-11
-52.02,-3.769957876800232e-9,-3.036344666746744e-11
-52.01,-3.774040016474725e-9,-3.040271342623534e-11
-52.0,-3.778127350294172e-9,-3.044203829795691e-11
-51.99,-3.782219885765641e-9,-3.048142133178531e-11
-51.98,-3.786317630308622e-9,-3.0520862730964174e-11
-51.97,-3.7904205917289685e-9,-3.056036237751686e-11
-51.96,-3.794528777351518e-9,-3.059992061455129e-11
-51.95,-3.798642194958602e-9,-3.063953752345087e-11
-51.94,-3.802760852322889e-9,-3.0679213011152316e-11
-51.93,-3.806884756836296e-9,-3.0718947260098133e-11
-51.92,-3.811013916147065e-9,-3.075874042591833e-11
-51.91,-3.815148338099677e-9,-3.0798592562804694e-11
-51.9,-3.819288030193929e-9,-3.083850379082663e-11
-51.89,-3.823433000285831e-9,-3.087847416285211e-11
-51.88,-3.827583255780284e-9,-3.091850387806161e-11
-51.87,-3.831738804807377e-9,-3.095859288450116e-11
-51.86,-3.83589965477917e-9,-3.099874135755251e-11
-51.85,-3.840065813627738e-9,-3.103894945344798e-11
-51.84,-3.844237288867317e-9,-3.107921718364908e-11
-51.83,-3.848414088482593e-9,-3.1119544707054116e-11
-51.82,-3.852596220263628e-9,-3.1159932076356886e-11
-51.81,-3.856783691807029e-9,-3.120037941196275e-11
-51.8,-3.860976510845216e-9,-3.124088675567989e-11
-51.79,-3.865174685583394e-9,-3.1281454393149116e-11
-51.78,-3.86937822365696e-9,-3.132208218882111e-11
-51.77,-3.873587132556204e-9,-3.1362770365435094e-11
-51.76,-3.877801420725216e-9,-3.140351908158581e-11
-51.75,-3.8820210957434085e-9,-3.144432828131708e-11
-51.74,-3.886246165429383e-9,-3.148519819113308e-11
-51.73,-3.890476637752071e-9,-3.152612883815157e-11
-51.72,-3.894712520527428e-9,-3.156712042723063e-11
-51.71,-3.898953821956324e-9,-3.160817289837196e-11
-51.7,-3.90320054958042e-9,-3.1649286511868944e-11
-51.69,-3.907452711503455e-9,-3.1690461291071665e-11
-51.68,-3.911710315809315e-9,-3.173169735606355e-11
-51.67,-3.915973370321363e-9,-3.1772994796722084e-11
-51.66,-3.920241883182111e-9,-3.1814353667054095e-11
-51.65,-3.9245158621150295e-9,-3.185577415679207e-11
-51.64,-3.92879531528604e-9,-3.189725638356267e-11
-51.63,-3.933080250798158e-9,-3.193880036863559e-11
-51.62,-3.937370676577275e-9,-3.198040617926891e-11
-51.61,-3.941666600699663e-9,-3.202207403416998e-11
-51.6,-3.945968031109711e-9,-3.20638040787567e-11
-51.59,-3.9502749762118975e-9,-3.2105596216186254e-11
-51.58,-3.954587443637833e-9,-3.2147450775558786e-11
-51.57,-3.958905441881641e-9,-3.218936770676399e-11
-51.56,-3.963228978859911e-9,-3.2231347083041176e-11
-51.55,-3.967558062701297e-9,-3.227338918911172e-11
-51.54,-3.971892701666788e-9,-3.231549397135974e-11
-51.53,-3.976232903827757e-9,-3.2357661597192736e-11
-51.52,-3.980578677415974e-9,-3.23998921395189e-11
-51.51,-3.984930030453928e-9,-3.2442185718659474e-11
-51.5,-3.989286971268797e-9,-3.248454242811886e-11
-51.49,-3.993649508001451e-9,-3.252696245669179e-11
-51.48,-3.998017648985475e-9,-3.256944582643903e-11
-51.47,-4.002391402348341e-9,-3.26119926558042e-11
-51.46,-4.006770776398348e-9,-3.265460311818463e-11
-51.45,-4.01115577933714e-9,-3.2697277103783947e-11
-51.44,-4.015546419512461e-9,-3.2740015019969966e-11
-51.43,-4.019942705115418e-9,-3.278281682743494e-11
-51.42,-4.02434464467384e-9,-3.282568259691449e-11
-51.41,-4.028752246183623e-9,-3.2868612480146375e-11
-51.4,-4.03316551821304e-9,-3.291160653430871e-11
-51.39,-4.037584469081501e-9,-3.295466502056465e-11
-51.38,-4.042009107074443e-9,-3.299778785864864e-11
-51.37,-4.046439440525792e-9,-3.304097526894344e-11
-51.36,-4.050875477858371e-9,-3.308422725803638e-11
-51.35,-4.055317227639549e-9,-3.312754402284044e-11
-51.34,-4.059764697967226e-9,-3.317092574648836e-11
-51.33,-4.064217897602363e-9,-3.3214372417699815e-11
-51.32,-4.068676834810337e-9,-3.3257884057374065e-11
-51.31,-4.073141518016998e-9,-3.330146103685298e-11
-51.3,-4.077611955940212e-9,-3.334510316978942e-11
-51.29,-4.082088156518685e-9,-3.338881080734537e-11
-51.28,-4.086570128785875e-9,-3.3432583967641367e-11
-51.27,-4.091057881075961e-9,-3.3476422793238445e-11
-51.26,-4.095551421788063e-9,-3.3520327282003376e-11
-51.25,-4.1000507596738375e-9,-3.35642976966599e-11
-51.24,-4.104555903255124e-9,-3.360833408708049e-11
-51.23,-4.109066860955164e-9,-3.365243640351562e-11
-51.22,-4.113583641466175e-9,-3.3696605056677985e-11
-51.21,-4.118106253405607e-9,-3.3740839939052193e-11
-51.2,-4.122634705173147e-9,-3.378514125480072e-11
-51.19,-4.127169005675385e-9,-3.3829509048399916e-11
-51.18,-4.1317091635281685e-9,-3.387394358389571e-11
-51.17,-4.136255187128583e-9,-3.391844477968523e-11
-51.16,-4.140807085419734e-9,-3.396301284517721e-11
-51.15,-4.145364866991501e-9,-3.400764797251399e-11
-51.14,-4.149928540367525e-9,-3.4052349987854424e-11
-51.13,-4.154498114541792e-9,-3.409711939574025e-11
-51.12,-4.159073598138022e-9,-3.414195593421346e-11
-51.11,-4.163654999738363e-9,-3.418685990908775e-11
-51.1,-4.168242328343247e-9,-3.423183171107765e-11
-51.09,-4.172835592593954e-9,-3.427687078145611e-11
-51.08,-4.177434801239334e-9,-3.432197783301316e-11
-51.07,-4.182039963183382e-9,-3.436715268642577e-11
-51.06,-4.186651087197561e-9,-3.441239560502375e-11
-51.05,-4.1912681820487054e-9,-3.445770657419378e-11
-51.04,-4.19589125666255e-9,-3.4503085794392686e-11
-51.03,-4.2005203198258426e-9,-3.454853337902221e-11
-51.02,-4.205155380494874e-9,-3.459404947533367e-11
-51.01,-4.209796447560716e-9,-3.463963396251458e-11
-51.0,-4.21444352967851e-9,-3.468528721128885e-11
-50.99,-4.219096636114887e-9,-3.4731009294400223e-11
-50.98,-4.223755775631712e-9,-3.4776800253256236e-11
-50.97,-4.2284209571454335e-9,-3.482266033854645e-11
-50.96,-4.233092189665052e-9,-3.486858952253192e-11
-50.95,-4.237769482139224e-9,-3.4914587877817796e-11
-50.94,-4.242452843606729e-9,-3.4960655749236487e-11
-50.93,-4.247142283079291e-9,-3.500679310162536e-11
-50.92,-4.251837809469257e-9,-3.5052999951890075e-11
-50.91,-4.256539431876843e-9,-3.509927675021609e-11
-50.9,-4.261247159446731e-9,-3.51456232836519e-11
-50.89,-4.265961001085009e-9,-3.519203977639321e-11
-50.88,-4.2706809660303325e-9,-3.5238526284063485e-11
-50.87,-4.275407063171091e-9,-3.528508314518605e-11
-50.86,-4.28013930250444e-9,-3.5331710273528674e-11
-50.85,-4.284877690991222e-9,-3.537840783253384e-11
-50.84,-4.2896222399624555e-9,-3.542517602692267e-11
-50.83,-4.2943729577510794e-9,-3.547201481775519e-11
-50.82,-4.299129853434617e-9,-3.5518924572661154e-11
-50.81,-4.3038929364320135e-9,-3.556590510910099e-11
-50.8,-4.308662215774655e-9,-3.561295680168812e-11
-50.79,-4.313437700805827e-9,-3.5660079594658355e-11
-50.78,-4.318219400776081e-9,-3.5707273784850286e-11
-50.77,-4.323007324357697e-9,-3.575453933405029e-11
-50.76,-4.327801482156673e-9,-3.5801876151429123e-11
-50.75,-4.332601882208765e-9,-3.5849284885692175e-11
-50.74,-4.337408534192168e-9,-3.589676538553251e-11
-50.73,-4.34222144748957e-9,-3.5944317808083524e-11
-50.72,-4.347040631290663e-9,-3.5991942214265615e-11
-50.71,-4.351866095152717e-9,-3.6039638637882e-11
-50.7,-4.3566978481932905e-9,-3.6087407407736237e-11
-50.69,-4.361535899901213e-9,-3.613524869804314e-11
-50.68,-4.366380259665999e-9,-3.6183162237143836e-11
-50.67,-4.371230936883872e-9,-3.6231148583786935e-11
-50.66,-4.376087941072934e-9,-3.627920766083554e-11
-50.65,-4.380951281411707e-9,-3.6327339555869974e-11
-50.64,-4.385820967602968e-9,-3.637554452864815e-11
-50.63,-4.390697009001328e-9,-3.642382262754511e-11
-50.62,-4.395579415124372e-9,-3.647217398743828e-11
-50.61,-4.40046819546581e-9,-3.652059864738141e-11
-50.6,-4.405363359479347e-9,-3.6569096921872105e-11
-50.59,-4.410264916758838e-9,-3.6617668709087665e-11
-50.58,-4.415172877053279e-9,-3.666631426076484e-11
-50.57,-4.4200872493549825e-9,-3.6715033763412024e-11
-50.56,-4.425008043778576e-9,-3.67638272262766e-11
-50.55,-4.429935269609754e-9,-3.68126947844409e-11
-50.54,-4.434868936791929e-9,-3.686163664412838e-11
-50.53,-4.43980905467973e-9,-3.691065295968565e-11
-50.52,-4.444755632966962e-9,-3.695974365785131e-11
-50.51,-4.449708681321428e-9,-3.7008908984694716e-11
-50.5,-4.454668209450664e-9,-3.705814911883196e-11
-50.49,-4.459634226994015e-9,-3.7107464204979955e-11
-50.48,-4.46460674365591e-9,-3.715685412550608e-11
-50.47,-4.46958576927619e-9,-3.7206319324289446e-11
-50.46,-4.474571313461544e-9,-3.725585981389374e-11
-50.45,-4.47956338601568e-9,-3.730547569473586e-11
-50.44,-4.484561996673001e-9,-3.735516716097759e-11
-50.43,-4.489567155388859e-9,-3.740493408163533e-11
-50.42,-4.494578871744185e-9,-3.745477696153392e-11
-50.41,-4.499597155730817e-9,-3.750469575936774e-11
-50.4,-4.504622017124742e-9,-3.755469061155481e-11
-50.39,-4.509653465803502e-9,-3.760476150232889e-11
-50.38,-4.514691511464076e-9,-3.7654908896772994e-11
-50.37,-4.5197361642449265e-9,-3.770513261357269e-11
-50.36,-4.524787433957532e-9,-3.775543296408824e-11
-50.35,-4.5298453304581775e-9,-3.7805809910530944e-11
-50.34,-4.534909863808981e-9,-3.785626368895706e-11
-50.33,-4.539981044010223e-9,-3.7906794536081795e-11
-50.32,-4.545058880587376e-9,-3.795740242342312e-11
-50.31,-4.55014338408215e-9,-3.800808758074063e-11
-50.3,-4.555234563899975e-9,-3.805885001325144e-11
-50.29,-4.560332431149065e-9,-3.810968992988166e-11
-50.28,-4.565436994809191e-9,-3.816060758074279e-11
-50.27,-4.570548265336885e-9,-3.8211602769008674e-11
-50.26,-4.575666252673016e-9,-3.826267609582876e-11
-50.25,-4.5807909670980046e-9,-3.8313827348679124e-11
-50.24,-4.5859224185532035e-9,-3.836505670743876e-11
-50.23,-4.591060617175292e-9,-3.8416364308944685e-11
-50.22,-4.596205573253032e-9,-3.8467750489247816e-11
-50.21,-4.601357296897073e-9,-3.851921506040325e-11
-50.2,-4.606515798025672e-9,-3.857075852418049e-11
-50.19,-4.611681087153532e-9,-3.862238072801673e-11
-50.18,-4.616853174368006e-9,-3.867408189321468e-11
-50.17,-4.62203206995802e-9,-3.872586214356825e-11
-50.16,-4.627217783991087e-9,-3.877772164387073e-11
-50.15,-4.632410327025219e-9,-3.8829660374346636e-11
-50.14,-4.637609709000627e-9,-3.888167882656525e-11
-50.13,-4.6428159403851535e-9,-3.8933776809254585e-11
-50.12,-4.6480290315628305e-9,-3.898595459378288e-11
-50.11,-4.65324899278079e-9,-3.90382122580727e-11
-50.1,-4.658475834336905e-9,-3.9090550007570485e-11
-50.09,-4.663709566669636e-9,-3.914296798250881e-11
-50.08,-4.668950200091398e-9,-3.919546613903631e-11
-50.07,-4.6741977451259064e-9,-3.924804495749427e-11
-50.06,-4.679452212111601e-9,-3.93007042457026e-11
-50.05,-4.6847136114527754e-9,-3.935344430461053e-11
-50.04,-4.689981953685647e-9,-3.940626527084962e-11
-50.03,-4.6952572491628305e-9,-3.945916728449771e-11
-50.02,-4.70053950842457e-9,-3.951215050591715e-11
-50.01,-4.70582874219692e-9,-3.956521480498444e-11
-50.0,-4.711124960710923e-9,-3.9618360598241445e-11
-49.99,-4.716428174547325e-9,-3.96715881702931e-11
-49.98,-4.721738394330539e-9,-3.972489723104019e-11
-49.97,-4.7270556307112916e-9,-3.977828828140291e-11
-49.96,-4.732379894195458e-9,-3.983176125310406e-11
-49.95,-4.737711195358139e-9,-3.988531642971483e-11
-49.94,-4.74304954488577e-9,-3.9938953905249734e-11
-49.93,-4.74839495347819e-9,-3.999267370293483e-11
-49.92,-4.753747431596971e-9,-4.0046476178708133e-11
-49.91,-4.759106990250015e-9,-4.010036133125174e-11
-49.9,-4.764473639894414e-9,-4.015432933777539e-11
-49.89,-4.769847391286822e-9,-4.0208380312238966e-11
-49.88,-4.775228255271055e-9,-4.026251442358838e-11
-49.87,-4.780616242548238e-9,-4.031673185936682e-11
-49.86,-4.786011363861767e-9,-4.037103267230205e-11
-49.85,-4.791413630017734e-9,-4.042541703335242e-11
-49.84,-4.796823051858344e-9,-4.047988512924256e-11
-49.83,-4.8022396398806695e-9,-4.053443714402139e-11
-49.82,-4.8076634057800264e-9,-4.0589073117076986e-11
-49.81,-4.813094359780393e-9,-4.064379317676093e-11
-49.8,-4.81853251276941e-9,-4.069859754005069e-11
-49.79,-4.8239778757942306e-9,-4.075348638206918e-11
-49.78,-4.82943045979988e-9,-4.080845981842145e-11
-49.77,-4.834890275647618e-9,-4.086351794293437e-11
-49.76,-4.840357334294729e-9,-4.091866091196752e-11
-49.75,-4.8458316467852636e-9,-4.097388903111513e-11
-49.74,-4.851313224024831e-9,-4.102920221923967e-11
-49.73,-4.856802077186669e-9,-4.108460072944001e-11
-49.72,-4.862298217235608e-9,-4.114008470178591e-11
-49.71,-4.867801655168636e-9,-4.119565424850949e-11
-49.7,-4.8733124020533935e-9,-4.125130961886109e-11
-49.69,-4.878830469168465e-9,-4.130705087818392e-11
-49.68,-4.884355867307986e-9,-4.136287815252376e-11
-49.67,-4.889888607752102e-9,-4.14187916723504e-11
-49.66,-4.895428701873599e-9,-4.147479156012906e-11
-49.65,-4.900976160507858e-9,-4.15308778785607e-11
-49.64,-4.906530994789174e-9,-4.158705084670427e-11
-49.63,-4.912093216444764e-9,-4.164331075127418e-11
-49.62,-4.9176628360706e-9,-4.169965750006291e-11
-49.61,-4.923239865426191e-9,-4.175609141437214e-11
-49.6,-4.928824315549104e-9,-4.181261251054995e-11
-49.59,-4.93441619761978e-9,-4.186922101380797e-11
-49.58,-4.940015522959957e-9,-4.192591716503833e-11
-49.57,-4.945622303047788e-9,-4.198270087495512e-11
-49.56,-4.951236549156566e-9,-4.203957259824321e-11
-49.55,-4.956858272675192e-9,-4.209653218855826e-11
-49.54,-4.962487484822792e-9,-4.215358003691573e-11
-49.53,-4.9681241970728395e-9,-4.221071628359943e-11
-49.52,-4.973768421030207e-9,-4.226794084122748e-11
-49.51,-4.979420167880424e-9,-4.232525405883564e-11
-49.5,-4.985079449329575e-9,-4.238265605785275e-11
-49.49,-4.990746276486571e-9,-4.244014705573782e-11
-49.48,-4.996420661257768e-9,-4.2497727094662486e-11
-49.47,-5.002102614958567e-9,-4.2555396338038496e-11
-49.46,-5.007792149068653e-9,-4.2613154995045945e-11
-49.45,-5.013489275106101e-9,-4.267100324962589e-11
-49.44,-5.019194004870544e-9,-4.272894115192692e-11
-49.43,-5.024906349852848e-9,-4.278696901875564e-11
-49.42,-5.03062632154076e-9,-4.284508675490796e-11
-49.41,-5.036353931711733e-9,-4.2903294765603934e-11
-49.4,-5.0420891920149866e-9,-4.2961593062947296e-11
-49.39,-5.047832114111822e-9,-4.301998184185098e-11
-49.38,-5.05358270963759e-9,-4.307846127132941e-11
-49.37,-5.059340990371902e-9,-4.3137031580025945e-11
-49.36,-5.065106967882725e-9,-4.3195692744543574e-11
-49.35,-5.070880654134193e-9,-4.3254445105736216e-11
-49.34,-5.076662060762171e-9,-4.33132887703665e-11
-49.33,-5.082451199708983e-9,-4.337222379528683e-11
-49.32,-5.088248082666205e-9,-4.343125041963735e-11
-49.31,-5.094052721437116e-9,-4.349036878393269e-11
-49.3,-5.099865127956536e-9,-4.3549579165754726e-11
-49.29,-5.105685314258514e-9,-4.3608881518232905e-11
-49.28,-5.111513291884971e-9,-4.366827607599989e-11
-49.27,-5.117349072828074e-9,-4.3727763163762104e-11
-49.26,-5.123192669299563e-9,-4.378734276620035e-11
-49.25,-5.1290440930293895e-9,-4.384701503743044e-11
-49.24,-5.1349033559004166e-9,-4.390678020159684e-11
-49.23,-5.1407704702836035e-9,-4.3966638419841674e-11
-49.22,-5.1466454476711185e-9,-4.4026589864285884e-11
-49.21,-5.152528300741557e-9,-4.408663469521796e-11
-49.2,-5.15841904100081e-9,-4.414677298412897e-11
-49.19,-5.164317680931737e-9,-4.420700499662973e-11
-49.18,-5.170224232084983e-9,-4.426733086741917e-11
-49.17,-5.17613870699163e-9,-4.4327750817932117e-11
-49.16,-5.182061118013081e-9,-4.438826484211292e-11
-49.15,-5.1879914768442604e-9,-4.444887329297261e-11
-49.14,-5.193929795841888e-9,-4.450957620947167e-11
-49.13,-5.199876087310246e-9,-4.457037383259066e-11
-49.12,-5.20583036334961e-9,-4.4631266283326504e-11
-49.11,-5.211792636210957e-9,-4.4692253803873046e-11
-49.1,-5.217762918206046e-9,-4.475333641531395e-11
-49.09,-5.223741221738233e-9,-4.4814514360678354e-11
-49.08,-5.229727558847664e-9,-4.487578783073516e-11
-49.07,-5.2357219420753066e-9,-4.493715701791034e-11
-49.06,-5.241724383502744e-9,-4.499862207627873e-11
-49.05,-5.247734896022851e-9,-4.5060183107204656e-11
-49.04,-5.253753491476293e-9,-4.51218403460563e-11
-49.03,-5.259780182768073e-9,-4.518359384847061e-11
-49.02,-5.2658149818558085e-9,-4.5245443889971756e-11
-49.01,-5.271857901437351e-9,-4.5307390682215455e-11
-49.0,-5.277908954139998e-9,-4.5369434305777347e-11
-48.99,-5.283968152106832e-9,-4.543157490159374e-11
-48.98,-5.290035508300889e-9,-4.549381268218853e-11
-48.97,-5.296111034767271e-9,-4.555614789260492e-11
-48.96,-5.3021947444461184e-9,-4.561858064746709e-11
-48.95,-5.308286649768822e-9,-4.568111107415814e-11
-48.94,-5.314386763283069e-9,-4.574373939093677e-11
-48.93,-5.320495098013933e-9,-4.580646567356268e-11
-48.92,-5.326611666191534e-9,-4.586929024293906e-11
-48.91,-5.33273648046213e-9,-4.59322132285752e-11
-48.9,-5.3388695539691026e-9,-4.5995234734547814e-11
-48.89,-5.345010898983436e-9,-4.605835502972901e-11
-48.88,-5.3511605282800835e-9,-4.6121574163536705e-11
-48.87,-5.357318455010575e-9,-4.6184892363819956e-11
-48.86,-5.3634846915862815e-9,-4.62483098936751e-11
-48.85,-5.369659250841195e-9,-4.631182687455847e-11
-48.84,-5.375842145798674e-9,-4.637544341235806e-11
-48.83,-5.382033389053676e-9,-4.6439159722595944e-11
-48.82,-5.38823299369408e-9,-4.650297601057617e-11
-48.81,-5.394440972556124e-9,-4.656689244538165e-11
-48.8,-5.400657338532712e-9,-4.663090919831102e-11
-48.79,-5.40688210459596e-9,-4.6695026394890766e-11
-48.78,-5.4131152837723895e-9,-4.675924423764949e-11
-48.77,-5.4193568887635405e-9,-4.682356295054403e-11
-48.76,-5.425606932815432e-9,-4.688798272270993e-11
-48.75,-5.431865429002862e-9,-4.695250362380323e-11
-48.74,-5.438132390278505e-9,-4.701712588286149e-11
-48.73,-5.444407829718972e-9,-4.7081849669153096e-11
-48.72,-5.450691760351419e-9,-4.714667527217386e-11
-48.71,-5.4569841953711564e-9,-4.721160271714826e-11
-48.7,-5.46328514800131e-9,-4.727663234375843e-11
-48.69,-5.469594631294753e-9,-4.734176407854993e-11
-48.68,-5.47591265855839e-9,-4.7406998369394356e-11
-48.67,-5.482239242740921e-9,-4.74723352982246e-11
-48.66,-5.488574397279693e-9,-4.7537774969061816e-11
-48.65,-5.494918135559429e-9,-4.760331765606642e-11
-48.64,-5.5012704706105435e-9,-4.766896346910222e-11
-48.63,-5.507631415859549e-9,-4.773471271392574e-11
-48.62,-5.514000984523975e-9,-4.780056545657851e-11
-48.61,-5.5203791898933775e-9,-4.786652194758402e-11
-48.6,-5.526766045789523e-9,-4.793258225069097e-11
-48.59,-5.533161565175684e-9,-4.799874667405173e-11
-48.58,-5.539565761566471e-9,-4.806501541679715e-11
-48.57,-5.545978648392024e-9,-4.8131388546283434e-11
-48.56,-5.552400239207648e-9,-4.819786632886177e-11
-48.55,-5.558830547341679e-9,-4.8264448944700714e-11
-48.54,-5.565269586549609e-9,-4.833113654046165e-11
-48.53,-5.571717370145299e-9,-4.839792931385456e-11
-48.52,-5.578173911747654e-9,-4.8464827501150296e-11
-48.51,-5.5846392249346805e-9,-4.8531831230192477e-11
-48.5,-5.591113323324318e-9,-4.859894070635255e-11
-48.49,-5.597596220609222e-9,-4.866615612066364e-11
-48.48,-5.6040879303089e-9,-4.873347765143826e-11
-48.47,-5.610588466319135e-9,-4.8800905470131404e-11
-48.46,-5.6170978420850715e-9,-4.8868439837242456e-11
-48.45,-5.623616071494413e-9,-4.8936080822127644e-11
-48.44,-5.630143168097932e-9,-4.900382875216048e-11
-48.43,-5.636679146014365e-9,-4.907168367711099e-11
-48.42,-5.643224018660828e-9,-4.9139645824124005e-11
-48.41,-5.64977780019208e-9,-4.9207715574112326e-11
-48.4,-5.656340504203892e-9,-4.927589287602306e-11
-48.39,-5.662912144632461e-9,-4.934417798620938e-11
-48.38,-5.669492735406215e-9,-4.941257105746112e-11
-48.37,-5.676082290420261e-9,-4.9481072372074724e-11
-48.36,-5.6826808237316425e-9,-4.954968206774351e-11
-48.35,-5.689288349040985e-9,-4.96184003766326e-11
-48.34,-5.695904880613754e-9,-4.9687227488713344e-11
-48.33,-5.702530432533357e-9,-4.9756163533989546e-11
-48.32,-5.709165018061617e-9,-4.982520879734815e-11
-48.31,-5.715808652238502e-9,-4.989436332763817e-11
-48.3,-5.722461348523702e-9,-4.996362749132301e-11
-48.29,-5.72912312145782e-9,-5.003300139076459e-11
-48.28,-5.735793984966446e-9,-5.010248515220442e-11
-48.27,-5.742473953198049e-9,-5.0172079091985913e-11
-48.26,-5.749163040191584e-9,-5.0241783496490755e-11
-48.25,-5.755861260593316e-9,-5.0311598323070106e-11
-48.24,-5.76256862810524e-9,-5.0381523826637354e-11
-48.23,-5.7692851574164e-9,-5.045156034189855e-11
-48.22,-5.776010862637368e-9,-5.0521707871672306e-11
-48.21,-5.782745758123983e-9,-5.0591966820613006e-11
-48.2,-5.789489858065641e-9,-5.066233723131935e-11
-48.19,-5.796243176927411e-9,-5.073281931711656e-11
-48.18,-5.803005729159979e-9,-5.080341336719632e-11
-48.17,-5.809777529102682e-9,-5.0874119469696003e-11
-48.16,-5.816558591234094e-9,-5.094493796880576e-11
-48.15,-5.823348929924042e-9,-5.1015868905500136e-11
-48.14,-5.83014855948649e-9,-5.1086912597614046e-11
-48.13,-5.836957494977047e-9,-5.115806915717903e-11
-48.12,-5.84377575045281e-9,-5.1229338806445753e-11
-48.11,-5.8506033407020985e-9,-5.130072186505075e-11
-48.1,-5.857440280140274e-9,-5.1372218305653034e-11
-48.09,-5.864286583503131e-9,-5.1443828629574556e-11
-48.08,-5.871142265389132e-9,-5.15155526400614e-11
-48.07,-5.878007340503412e-9,-5.158739084538901e-11
-48.06,-5.884881823549919e-9,-5.165934351171118e-11
-48.05,-5.89176572916243e-9,-5.173141057554399e-11
-48.04,-5.89865907203116e-9,-5.180359232257514e-11
-48.03,-5.905561867085721e-9,-5.187588925969314e-11
-48.02,-5.912474129034077e-9,-5.194830109525115e-11
-48.01,-5.919395872688673e-9,-5.202082828148321e-11
-48.0,-5.926327112871417e-9,-5.209347114344302e-11
-47.99,-5.933267864524716e-9,-5.216622959229275e-11
-47.98,-5.940218142523704e-9,-5.2239104140839046e-11
-47.97,-5.9471779616700005e-9,-5.2312094834295366e-11
-47.96,-5.9541473372070204e-9,-5.238520183348729e-11
-47.95,-5.96112628371425e-9,-5.245842551694311e-11
-47.94,-5.9681148164776085e-9,-5.253176592081712e-11
-47.93,-5.975112950393749e-9,-5.260522341510632e-11
-47.92,-5.982120700568363e-9,-5.2678797882946554e-11
-47.91,-5.989138082114736e-9,-5.275248999332715e-11
-47.9,-5.996165110053619e-9,-5.282629968382541e-11
-47.89,-6.003201799400502e-9,-5.2900227216209504e-11
-47.88,-6.010248165866487e-9,-5.2974272748671915e-11
-47.87,-6.017304223943507e-9,-5.304843662576948e-11
-47.86,-6.024369989514641e-9,-5.312271891735885e-11
-47.85,-6.0314454768603e-9,-5.319711985209741e-11
-47.84,-6.0385307021650175e-9,-5.327163970883964e-11
-47.83,-6.04562568042498e-9,-5.334627872482596e-11
-47.82,-6.052730426901345e-9,-5.342103697988948e-11
-47.81,-6.059844956902931e-9,-5.349591477250915e-11
-47.8,-6.066969285873873e-9,-5.3570912306155635e-11
-47.79,-6.074103429248411e-9,-5.3646029891985385e-11
-47.78,-6.081247402452675e-9,-5.3721267556984564e-11
-47.77,-6.088401220840255e-9,-5.379662568441166e-11
-47.76,-6.0955648999149525e-9,-5.3872104445882937e-11
-47.75,-6.102738455275795e-9,-5.394770379881314e-11
-47.74,-6.109921902418475e-9,-5.4023424467877127e-11
-47.73,-6.117115256870254e-9,-5.4099266276146585e-11
-47.72,-6.124318534213304e-9,-5.4175229606253996e-11
-47.71,-6.131531750194646e-9,-5.4251314489744214e-11
-47.7,-6.138754920296574e-9,-5.432752136893632e-11
-47.69,-6.145988060228567e-9,-5.440385037732191e-11
-47.68,-6.153231185783037e-9,-5.448030172727928e-11
-47.67,-6.160484312432585e-9,-5.455687580374935e-11
-47.66,-6.167747456571017e-9,-5.463357244166926e-11
-47.65,-6.175020633254911e-9,-5.47103920598241e-11
-47.64,-6.182303858714576e-9,-5.4787335091882484e-11
-47.63,-6.189597148542547e-9,-5.4864401468480654e-11
-47.62,-6.196900518799262e-9,-5.494159145361921e-11
-47.61,-6.2042139851660055e-9,-5.5018905401499306e-11
-47.6,-6.21153756382665e-9,-5.509634337483053e-11
-47.59,-6.2188712706377514e-9,-5.517390589587289e-11
-47.58,-6.226215121716683e-9,-5.525159283311003e-11
-47.57,-6.233569132555958e-9,-5.5329404563930864e-11
-47.56,-6.240933319669562e-9,-5.540734136375869e-11
-47.55,-6.24830769902479e-9,-5.5485403273568594e-11
-47.54,-6.255692286687291e-9,-5.5563590627041e-11
-47.53,-6.263087098861454e-9,-5.564190384266011e-11
-47.52,-6.270492151527571e-9,-5.5720342962435816e-11
-47.51,-6.277907460945136e-9,-5.57989080196159e-11
-47.5,-6.285333043386527e-9,-5.587759949344428e-11
-47.49,-6.292768915076454e-9,-5.595641755674943e-11
-47.48,-6.300215092106398e-9,-5.603536249753668e-11
-47.47,-6.307671590990356e-9,-5.6114434492520786e-11
-47.46,-6.3151384279355115e-9,-5.6193633697942694e-11
-47.45,-6.322615619364464e-9,-5.627296040602946e-11
-47.44,-6.330103181548358e-9,-5.635241492488383e-11
-47.43,-6.337601131015081e-9,-5.643199737852136e-11
-47.42,-6.345109484030593e-9,-5.651170789765009e-11
-47.41,-6.352628257296182e-9,-5.659154696942512e-11
-47.4,-6.36015746712436e-9,-5.667151480663187e-11
-47.39,-6.367697130022235e-9,-5.6751611205207074e-11
-47.38,-6.375247262863065e-9,-5.6831837142619773e-11
-47.37,-6.382807881837164e-9,-5.6912192043256136e-11
-47.36,-6.390379003752687e-9,-5.699267675400765e-11
-47.35,-6.397960645278868e-9,-5.7073291065107525e-11
-47.34,-6.4055528229248435e-9,-5.715403567587401e-11
-47.33,-6.413155553504544e-9,-5.7234910492834516e-11
-47.32,-6.420768853798476e-9,-5.7315915778346114e-11
-47.31,-6.42839274048485e-9,-5.739705189801317e-11
-47.3,-6.436027230408678e-9,-5.747831899012649e-11
-47.29,-6.4436723402800945e-9,-5.7559717215422115e-11
-47.28,-6.45132808708253e-9,-5.7641247021864946e-11
-47.27,-6.4589944875708205e-9,-5.772290856101695e-11
-47.26,-6.466671558806373e-9,-5.780470195239268e-11
-47.25,-6.474359317588736e-9,-5.788662753676785e-11
-47.24,-6.482057780991366e-9,-5.796868558404722e-11
-47.23,-6.489766966043681e-9,-5.805087632167163e-11
-47.22,-6.497486889608765e-9,-5.8133199897145296e-11
-47.21,-6.505217568941084e-9,-5.821565651558571e-11
-47.2,-6.512959020887425e-9,-5.82982468451766e-11
-47.19,-6.520711262916757e-9,-5.838097036490467e-11
-47.18,-6.528474311819042e-9,-5.846382801357774e-11
-47.17,-6.536248185005241e-9,-5.854681979075794e-11
-47.16,-6.544032899666033e-9,-5.86299457934364e-11
-47.15,-6.55182847288494e-9,-5.871320632193628e-11
-47.14,-6.5596349222388764e-9,-5.87966018657454e-11
-47.13,-6.567452264703556e-9,-5.888013234878433e-11
-47.12,-6.575280517763427e-9,-5.896379825375402e-11
-47.11,-6.583119698809164e-9,-5.904759978914273e-11
-47.1,-6.590969825276206e-9,-5.913153698801168e-11
-47.09,-6.5988309145306566e-9,-5.921561029914597e-11
-47.08,-6.606702983954933e-9,-5.929981992580104e-11
-47.07,-6.6145860512029915e-9,-5.938416618050682e-11
-47.06,-6.622480133682758e-9,-5.94686490493073e-11
-47.05,-6.630385248846295e-9,-5.95532690991777e-11
-47.04,-6.6383014145338965e-9,-5.963802648411844e-11
-47.03,-6.64622864836623e-9,-5.972292132996124e-11
-47.02,-6.654166967663199e-9,-5.98079540181835e-11
-47.01,-6.662116390385277e-9,-5.98931247812814e-11
-47.0,-6.6700769340155735e-9,-5.997843384229456e-11
-46.99,-6.6780486166215625e-9,-6.006388134096541e-11
-46.98,-6.686031455726798e-9,-6.014946774681053e-11
-46.97,-6.69402546917196e-9,-6.023519317113621e-11
-46.96,-6.702030674876643e-9,-6.032105791488303e-11
-46.95,-6.7100470906638104e-9,-6.040706212984754e-11
-46.94,-6.718074734401061e-9,-6.049320634264845e-11
-46.93,-6.726113624040519e-9,-6.057949043624681e-11
-46.92,-6.734163777435108e-9,-6.066591493887851e-11
-46.91,-6.742225212980253e-9,-6.075248003519749e-11
-46.9,-6.75029794822885e-9,-6.083918595955706e-11
-46.89,-6.7583820014527965e-9,-6.092603290952917e-11
-46.88,-6.766477390833713e-9,-6.101302127270292e-11
-46.87,-6.774584134280606e-9,-6.110015125017902e-11
-46.86,-6.782702250111784e-9,-6.118742297459274e-11
-46.85,-6.790831756487383e-9,-6.127483683998948e-11
-46.84,-6.79897267156913e-9,-6.136239321094641e-11
-46.83,-6.8071250138689844e-9,-6.145009210955932e-11
-46.82,-6.815288801175536e-9,-6.153793388531208e-11
-46.81,-6.8234640522159035e-9,-6.162591885575868e-11
-46.8,-6.8316507852277544e-9,-6.171404730070483e-11
-46.79,-6.839849018619515e-9,-6.18023193174231e-11
-46.78,-6.848058770716304e-9,-6.189073528346308e-11
-46.77,-6.856280060212277e-9,-6.197929552681086e-11
-46.76,-6.864512905193249e-9,-6.206800021058105e-11
-46.75,-6.872757324567144e-9,-6.215684956703745e-11
-46.74,-6.881013336700394e-9,-6.22458439817907e-11
-46.73,-6.889280960227008e-9,-6.233498356598907e-11
-46.72,-6.897560213641611e-9,-6.24242687670512e-11
-46.71,-6.905851115740413e-9,-6.251369976506532e-11
-46.7,-6.914153685131435e-9,-6.260327675538758e-11
-46.69,-6.922467940732223e-9,-6.269300011248534e-11
-46.68,-6.930793900902066e-9,-6.278286997342043e-11
-46.67,-6.9391315848894855e-9,-6.287288676280229e-11
-46.66,-6.947481011175815e-9,-6.296305063162348e-11
-46.65,-6.955842198644613e-9,-6.305336193696842e-11
-46.64,-6.96421516637998e-9,-6.314382094484802e-11
-46.63,-6.9725999330635875e-9,-6.323442774566121e-11
-46.62,-6.980996517830041e-9,-6.33251828394827e-11
-46.61,-6.989404939552078e-9,-6.341608635034042e-11
-46.6,-6.997825217519268e-9,-6.350713868778504e-11
-46.59,-7.006257370333736e-9,-6.359833998982374e-11
-46.58,-7.014701417412333e-9,-6.368969061778796e-11
-46.57,-7.023157377807759e-9,-6.378119073955164e-11
-46.56,-7.031625270626484e-9,-6.387284068634708e-11
-46.55,-7.040105115153036e-9,-6.39646407557193e-11
-46.54,-7.048596930622783e-9,-6.40565912954929e-11
-46.53,-7.057100736224802e-9,-6.414869243482402e-11
-46.52,-7.0656165511969795e-9,-6.424094445623827e-11
-46.51,-7.074144394977553e-9,-6.433334784782417e-11
-46.5,-7.082684286937301e-9,-6.442590254522474e-11
-46.49,-7.091236246525711e-9,-6.451860915078384e-11
-46.48,-7.099800292950595e-9,-6.46114676925041e-11
-46.47,-7.108376446075386e-9,-6.470447855223877e-11
-46.46,-7.116964724990382e-9,-6.479764211527387e-11
-46.45,-7.125565149546842e-9,-6.489095838696783e-11
-46.44,-7.134177738995979e-9,-6.498442803193836e-11
-46.43,-7.142802513421532e-9,-6.507805100583858e-11
-46.42,-7.151439492021252e-9,-6.517182774043896e-11
-46.41,-7.16008869469906e-9,-6.526575846011263e-11
-46.4,-7.168750141090556e-9,-6.535984343693425e-11
-46.39,-7.1774238511147506e-9,-6.545408300488242e-11
-46.38,-7.1861098444082864e-9,-6.554847745124588e-11
-46.37,-7.194808140809033e-9,-6.564302703253957e-11
-46.36,-7.203518760214884e-9,-6.573773205190469e-11
-46.35,-7.212241722575506e-9,-6.583259275277376e-11
-46.34,-7.220977047682462e-9,-6.592760947044434e-11
-46.33,-7.229724755634676e-9,-6.60227824837909e-11
-46.32,-7.238484866455313e-9,-6.611811199111494e-11
-46.31,-7.247257400085979e-9,-6.621359843201886e-11
-46.3,-7.256042376444674e-9,-6.630924204312836e-11
-46.29,-7.2648398159970695e-9,-6.640504304128122e-11
-46.28,-7.273649738709734e-9,-6.650100171294545e-11
-46.27,-7.2824721648983585e-9,-6.659711850915691e-11
-46.26,-7.291307114577326e-9,-6.669339353298338e-11
-46.25,-7.30015460824942e-9,-6.67898271609655e-11
-46.24,-7.3090146660335206e-9,-6.688641973331014e-11
-46.23,-7.317887308066871e-9,-6.698317145793609e-11
-46.22,-7.326772555301777e-9,-6.708008262987875e-11
-46.21,-7.335670427543824e-9,-6.717715369107489e-11
-46.2,-7.344580945761997e-9,-6.72743846676894e-11
-46.19,-7.3535041299794366e-9,-6.7371775972723e-11
-46.18,-7.362440001010985e-9,-6.746932806965119e-11
-46.17,-7.371388578975223e-9,-6.756704108368614e-11
-46.16,-7.380349885274552e-9,-6.766491529205165e-11
-46.15,-7.389323939898668e-9,-6.776295103043899e-11
-46.14,-7.39831076371902e-9,-6.786114868257414e-11
-46.13,-7.407310377230909e-9,-6.795950836732621e-11
-46.12,-7.4163228015003e-9,-6.805803059658457e-11
-46.11,-7.425348057127553e-9,-6.815671552497032e-11
-46.1,-7.4343861650425876e-9,-6.825556348593036e-11
-46.09,-7.443437145660435e-9,-6.835457479913144e-11
-46.08,-7.452501020521931e-9,-6.845374971847749e-11
-46.07,-7.461577810242917e-9,-6.855308865036194e-11
-46.06,-7.470667535741425e-9,-6.865259177759021e-11
-46.05,-7.479770218095824e-9,-6.875225948448258e-11
-46.04,-7.488885878413102e-9,-6.885209196401072e-11
-46.03,-7.49801453756266e-9,-6.895208971641379e-11
-46.02,-7.507156216958337e-9,-6.90522528201455e-11
-46.01,-7.516310937722663e-9,-6.91525818244019e-11
-46.0,-7.525478720697187e-9,-6.925307678602191e-11
-45.99,-7.534659587458876e-9,-6.935373818375225e-11
-45.98,-7.543853558978721e-9,-6.94545664709529e-11
-45.97,-7.553060657280819e-9,-6.955556133581764e-11
-45.96,-7.562280902958857e-9,-6.96567236794443e-11
-45.95,-7.571514317689638e-9,-6.97580537387077e-11
-45.94,-7.580760922837999e-9,-6.985955167014266e-11
-45.93,-7.590020739818414e-9,-6.996121782204566e-11
-45.92,-7.599293790408712e-9,-7.006305252258073e-11
-45.91,-7.608580095865037e-9,-7.016505610324438e-11
-45.9,-7.61787967794565e-9,-7.026722882707579e-11
-45.89,-7.62719255828748e-9,-7.036957096078257e-11
-45.88,-7.63651875825563e-9,-7.047208308365077e-11
-45.87,-7.645858299999112e-9,-7.057476526895473e-11
-45.86,-7.65521120481426e-9,-7.06776178065262e-11
-45.85,-7.66457749492727e-9,-7.078064115935434e-11
-45.84,-7.673957191926043e-9,-7.088383558970396e-11
-45.83,-7.683350317767187e-9,-7.098720135000045e-11
-45.82,-7.692756894130588e-9,-7.10907388182021e-11
-45.81,-7.702176943125301e-9,-7.119444834342614e-11
-45.8,-7.711610486576877e-9,-7.129833016664288e-11
-45.79,-7.7210575470324e-9,-7.140238460734647e-11
-45.78,-7.73051814598837e-9,-7.15066120671651e-11
-45.77,-7.739992305631705e-9,-7.161101283365926e-11
-45.76,-7.749480048395255e-9,-7.171558726728898e-11
-45.75,-7.758981396118937e-9,-7.182033553373677e-11
-45.74,-7.768496371287959e-9,-7.192525816582466e-11
-45.73,-7.778024996032054e-9,-7.203035531075223e-11
-45.72,-7.787567292594127e-9,-7.2135627394697e-11
-45.71,-7.797123283532023e-9,-7.22410747342051e-11
-45.7,-7.806692991041508e-9,-7.234669762042511e-11
-45.69,-7.816276437666403e-9,-7.245249644314893e-11
-45.68,-7.825873645886631e-9,-7.25584714646797e-11
-45.67,-7.83548463785848e-9,-7.266462302527597e-11
-45.66,-7.845109436707159e-9,-7.277095140200471e-11
-45.65,-7.854748064708959e-9,-7.287745711986739e-11
-45.64,-7.864400544586968e-9,-7.298414019603064e-11
-45.63,-7.874066898813649e-9,-7.30910012479812e-11
-45.62,-7.883747150266264e-9,-7.319804047100195e-11
-45.61,-7.893441321681732e-9,-7.330525827777112e-11
-45.6,-7.903149436042148e-9,-7.34126548335193e-11
-45.59,-7.912871515849907e-9,-7.352023058600699e-11
-45.58,-7.922607584170226e-9,-7.36279859906363e-11
-45.57,-7.93235766399306e-9,-7.373592113956186e-11
-45.56,-7.94212177790209e-9,-7.384403657906839e-11
-45.55,-7.951899949651884e-9,-7.395233241169626e-11
-45.54,-7.961692201574664e-9,-7.406080917388587e-11
-45.53,-7.971498557084289e-9,-7.41694672388993e-11
-45.52,-7.9813190392303e-9,-7.427830669960303e-11
-45.51,-7.99115367117487e-9,-7.438732815175251e-11
-45.5,-8.001002476335083e-9,-7.44965317481845e-11
-45.49,-8.010865477786247e-9,-7.460591795284741e-11
-45.48,-8.020742698834255e-9,-7.471548706689107e-11
-45.47,-8.03063416280879e-9,-7.482523940769315e-11
-45.46,-8.040539893238946e-9,-7.493517529618484e-11
-45.45,-8.05045991336628e-9,-7.504529519165238e-11
-45.44,-8.060394246863745e-9,-7.515559932760085e-11
-45.43,-8.070342917043514e-9,-7.526608803630381e-11
-45.42,-8.080305947866605e-9,-7.537676171308738e-11
-45.41,-8.090283362201905e-9,-7.5487620759824e-11
-45.4,-8.10027518459445e-9,-7.559866540070617e-11
-45.39,-8.110281438018237e-9,-7.570989607173576e-11
-45.38,-8.120302146493994e-9,-7.582131306566398e-11
-45.37,-8.130337333935132e-9,-7.593291682514906e-11
-45.36,-8.140387023870953e-9,-7.604470755329717e-11
-45.35,-8.150451240493141e-9,-7.615668572046608e-11
-45.34,-8.16053000742724e-9,-7.626885160597245e-11
-45.33,-8.1706233487701e-9,-7.638120565314856e-11
-45.32,-8.18073128846815e-9,-7.649374807014133e-11
-45.31,-8.190853850589602e-9,-7.660647933119e-11
-45.3,-8.200991059288781e-9,-7.671939968784909e-11
-45.29,-8.21114293842708e-9,-7.683250964382612e-11
-45.28,-8.221309512564275e-9,-7.694580938474514e-11
-45.27,-8.23149080562703e-9,-7.705929944722875e-11
-45.26,-8.241686842014123e-9,-7.717298005191368e-11
-45.25,-8.251897646122802e-9,-7.72868515338673e-11
-45.24,-8.26212324205859e-9,-7.740091431813312e-11
-45.23,-8.272363654608376e-9,-7.751516871636798e-11
-45.22,-8.282618907523006e-9,-7.762961528431375e-11
-45.21,-8.29288902595621e-9,-7.774425412887109e-11
-45.2,-8.303174034193811e-9,-7.785908567802344e-11
-45.19,-8.31347395679897e-9,-7.797411030860647e-11
-45.18,-8.323788818477423e-9,-7.808932855096386e-11
-45.17,-8.334118643926014e-9,-7.820474052256214e-11
-45.16,-8.344463457650994e-9,-7.832034665873779e-11
-45.15,-8.354823284716684e-9,-7.84361472677257e-11
-45.14,-8.365198149506645e-9,-7.855214278352286e-11
-45.13,-8.375588077404871e-9,-7.866833370520044e-11
-45.12,-8.385993092903211e-9,-7.878472022074757e-11
-45.11,-8.39641322112321e-9,-7.890130284090775e-11
-45.1,-8.406848486929996e-9,-7.901808173130145e-11
-45.09,-8.417298915534205e-9,-7.913505733753223e-11
-45.08,-8.427764531772272e-9,-7.925223024773503e-11
-45.07,-8.438245361013531e-9,-7.93696004789638e-11
-45.06,-8.448741428440525e-9,-7.948716866115304e-11
-45.05,-8.459252758999386e-9,-7.960493512197282e-11
-45.04,-8.469779378340396e-9,-7.972290004488268e-11
-45.03,-8.480321311302934e-9,-7.984106407307158e-11
-45.02,-8.490878583702786e-9,-7.995942738085037e-11
-45.01,-8.501451220762339e-9,-8.007799042731645e-11
-45.0,-8.512039247842255e-9,-8.01967536324715e-11
-44.99,-8.522642690649486e-9,-8.031571725468488e-11
-44.98,-8.533261574484153e-9,-8.043488181297527e-11
-44.97,-8.543895925184432e-9,-8.055424762562782e-11
-44.96,-8.554545768283917e-9,-8.067381503007391e-11
-44.95,-8.565211129042831e-9,-8.079358441545459e-11
-44.94,-8.575892034539001e-9,-8.091355631198957e-11
-44.93,-8.586588509213289e-9,-8.103373072602243e-11
-44.92,-8.597300579233186e-9,-8.115410837012914e-11
-44.91,-8.60802827071256e-9,-8.12746897237515e-11
-44.9,-8.618771609451661e-9,-8.139547467423628e-11
-44.89,-8.629530621393317e-9,-8.151646423033691e-11
-44.88,-8.640305332673111e-9,-8.163765832423561e-11
-44.87,-8.651095769126493e-9,-8.17590575049855e-11
-44.86,-8.661901957403997e-9,-8.18806621800218e-11
-44.85,-8.672723923087065e-9,-8.200247255438544e-11
-44.84,-8.683561692615991e-9,-8.212448942456316e-11
-44.83,-8.694415292355215e-9,-8.224671268621892e-11
-44.82,-8.705284748588137e-9,-8.2369143128453e-11
-44.81,-8.716170087587736e-9,-8.249178088962197e-11
-44.8,-8.727071335717573e-9,-8.26146264842095e-11
-44.79,-8.737988519673548e-9,-8.273768020096133e-11
-44.78,-8.748921665739818e-9,-8.286094258352526e-11
-44.77,-8.759870800639752e-9,-8.298441386119821e-11
-44.76,-8.77083595099112e-9,-8.310809452088289e-11
-44.75,-8.781817143236344e-9,-8.323198507336921e-11
-44.74,-8.792814404314844e-9,-8.335608566226266e-11
-44.73,-8.803827760994729e-9,-8.348039685968499e-11
-44.72,-8.814857239829386e-9,-8.360491900497864e-11
-44.71,-8.825902867956555e-9,-8.372965249733172e-11
-44.7,-8.836964672119113e-9,-8.385459782209717e-11
-44.69,-8.848042679353173e-9,-8.397975537939603e-11
-44.68,-8.85913691659239e-9,-8.410512524317937e-11
-44.67,-8.870247411137741e-9,-8.423070829426754e-11
-44.66,-8.881374189713204e-9,-8.43565045783987e-11
-44.65,-8.892517279675562e-9,-8.44825147722981e-11
-44.64,-8.903676708398169e-9,-8.46087390141239e-11
-44.63,-8.914852502838528e-9,-8.473517793326272e-11
-44.62,-8.926044690534325e-9,-8.486183189398599e-11
-44.61,-8.937253298885954e-9,-8.498870111014246e-11
-44.6,-8.948478354974538e-9,-8.511578621135827e-11
-44.59,-8.959719886606221e-9,-8.524308753696179e-11
-44.58,-8.970977921076358e-9,-8.537060559066377e-11
-44.57,-8.982252486191411e-9,-8.549834047498631e-11
-44.56,-8.993543609345926e-9,-8.562629287651839e-11
-44.55,-9.004851318308866e-9,-8.575446325926026e-11
-44.54,-9.016175640806606e-9,-8.588285194199962e-11
-44.53,-9.02751660455414e-9,-8.601145917969573e-11
-44.52,-9.038874237543449e-9,-8.614028561677243e-11
-44.51,-9.050248567332325e-9,-8.626933161049101e-11
-44.5,-9.061639622179537e-9,-8.639859755487153e-11
-44.49,-9.073047429862181e-9,-8.652808370334828e-11
-44.48,-9.084472018527992e-9,-8.665779076253649e-11
-44.47,-9.095913416187385e-9,-8.678771902644158e-11
-44.46,-9.107371650992589e-9,-8.691786873591635e-11
-44.45,-9.118846751268255e-9,-8.704824063208725e-11
-44.44,-9.130338745032227e-9,-8.717883506055939e-11
-44.43,-9.141847660669517e-9,-8.730965230795284e-11
-44.42,-9.153373526617497e-9,-8.744069294726611e-11
-44.41,-9.164916371154708e-9,-8.757195724468217e-11
-44.4,-9.176476222862195e-9,-8.77034456666213e-11
-44.39,-9.188053110099928e-9,-8.783515871133828e-11
-44.38,-9.19964706163901e-9,-8.796709680296854e-11
-44.37,-9.21125810587063e-9,-8.809926035857163e-11
-44.36,-9.22288627157536e-9,-8.823164981852696e-11
-44.35,-9.234531587397186e-9,-8.836426548576656e-11
-44.34,-9.246194082023186e-9,-8.849710800011565e-11
-44.33,-9.257873784859055e-9,-8.863017758591118e-11
-44.32,-9.269570724208756e-9,-8.876347483835431e-11
-44.31,-9.281284929110951e-9,-8.889700015313239e-11
-44.3,-9.293016428516044e-9,-8.90307538447441e-11
-44.29,-9.30476525168729e-9,-8.916473653620875e-11
-44.28,-9.316531427625666e-9,-8.929894849067447e-11
-44.27,-9.328314985488736e-9,-8.94333903367546e-11
-44.26,-9.340115954340813e-9,-8.956806241359098e-11
-44.25,-9.351934363601673e-9,-8.97029649754386e-11
-44.24,-9.363770242576642e-9,-8.983809886718407e-11
-44.23,-9.375623620636355e-9,-8.997346419939381e-11
-44.22,-9.387494527166187e-9,-9.01090614382843e-11
-44.21,-9.399382991651504e-9,-9.024489127740072e-11
-44.2,-9.411289043816677e-9,-9.03809538808957e-11
-44.19,-9.423212712856618e-9,-9.051724989943853e-11
-44.18,-9.435154028837727e-9,-9.065377957697074e-11
-44.17,-9.447113021243017e-9,-9.079054352655947e-11
-44.16,-9.459089719966344e-9,-9.092754207227377e-11
-44.15,-9.471084154619568e-9,-9.106477589163374e-11
-44.14,-9.483096355304537e-9,-9.120224514040582e-11
-44.13,-9.49512635180879e-9,-9.133995045032877e-11
-44.12,-9.507174174107385e-9,-9.147789219304538e-11
-44.11,-9.519239852436171e-9,-9.161607080885312e-11
-44.1,-9.531323416710193e-9,-9.175448687073973e-11
-44.09,-9.54342489705998e-9,-9.189314057245127e-11
-44.08,-9.555544323777944e-9,-9.203203280084211e-11
-44.07,-9.567681727195759e-9,-9.217116366897105e-11
-44.06,-9.579837137511195e-9,-9.231053371382631e-11
-44.05,-9.592010585178514e-9,-9.245014354237733e-11
-44.04,-9.604202100658395e-9,-9.258999325133211e-11
-44.03,-9.616411714382287e-9,-9.273008371676786e-11
-44.02,-9.628639456940785e-9,-9.287041517957403e-11
-44.01,-9.640885358793864e-9,-9.30109881405851e-11
-44.0,-9.65314945101887e-9,-9.315180298302235e-11
-43.99,-9.665431764031324e-9,-9.329286030577095e-11
-43.98,-9.677732328883908e-9,-9.343416047677669e-11
-43.97,-9.690051175687207e-9,-9.35757041029637e-11
-43.96,-9.702388336105978e-9,-9.371749145544356e-11
-43.95,-9.714743840825177e-9,-9.385952314282174e-11
-43.94,-9.72711772094671e-9,-9.400179956113509e-11
-43.93,-9.739510007496583e-9,-9.41443212409387e-11
-43.92,-9.751920731777592e-9,-9.428708860516444e-11
-43.91,-9.7643499244408e-9,-9.44301020324177e-11
-43.9,-9.77679761738612e-9,-9.457336234510427e-11
-43.89,-9.78926384158943e-9,-9.471686956012496e-11
-43.88,-9.80174862848176e-9,-9.486062445447521e-11
-43.87,-9.8142520094139e-9,-9.500462760953656e-11
-43.86,-9.826774016213843e-9,-9.514887907279862e-11
-43.85,-9.839314679968062e-9,-9.529337957800027e-11
-43.84,-9.851874032584375e-9,-9.543812961978769e-11
-43.83,-9.864452105539907e-9,-9.558312962979495e-11
-43.82,-9.87704893072242e-9,-9.572838016977099e-11
-43.81,-9.88966453991556e-9,-9.58738815410657e-11
-43.8,-9.902298964867203e-9,-9.601963452012344e-11
-43.79,-9.914952237441193e-9,-9.616563934653629e-11
-43.78,-9.927624389779018e-9,-9.631189655288359e-11
-43.77,-9.940315453905709e-9,-9.645840659508351e-11
-43.76,-9.953025461777643e-9,-9.660517001050711e-11
-43.75,-9.965754445511076e-9,-9.675218742810101e-11
-43.74,-9.978502437410571e-9,-9.689945909706754e-11
-43.73,-9.991269469746335e-9,-9.704698563046091e-11
-43.72,-1.0004055574978881e-8,-9.719476745027793e-11
-43.71,-1.0016860785262278e-8,-9.734280518034247e-11
-43.7,-1.0029685133197557e-8,-9.749109913175705e-11
-43.69,-1.0042528651225755e-8,-9.763965005876456e-11
-43.68,-1.00553913720405e-8,-9.778845815250971e-11
-43.67,-1.0068273328108766e-8,-9.793752417115564e-11
-43.66,-1.0081174552367667e-8,-9.808684839719617e-11
-43.65,-1.0094095077259395e-8,-9.823643146837827e-11
-43.64,-1.0107034935824291e-8,-9.838627381339933e-11
-43.63,-1.011999416102904e-8,-9.853637598947115e-11
-43.62,-1.0132972785536277e-8,-9.868673847731461e-11
-43.61,-1.0145970842694267e-8,-9.883736171548333e-11
-43.6,-1.0158988365355217e-8,-9.898824631445175e-11
-43.59,-1.0172025386939076e-8,-9.913939267300143e-11
-43.58,-1.018508194002622e-8,-9.929080146354589e-11
-43.57,-1.0198158058498134e-8,-9.944247312004979e-11
-43.56,-1.0211253775431524e-8,-9.959440803590228e-11
-43.55,-1.0224369124304485e-8,-9.974660680694185e-11
-43.54,-1.0237504138750863e-8,-9.989906984159595e-11
-43.53,-1.0250658851488131e-8,-1.000517979747688e-10
-43.52,-1.0263833296929694e-8,-1.00204791335692e-10
-43.51,-1.0277027508524138e-8,-1.0035805064416513e-10
-43.5,-1.0290241519913165e-8,-1.0051157638749966e-10
-43.49,-1.0303475364820972e-8,-1.006653690078761e-10
-43.48,-1.0316729077211922e-8,-1.0081942913493772e-10
-43.47,-1.033000269073936e-8,-1.0097375710821464e-10
-43.46,-1.0343296239695558e-8,-1.011283536977289e-10
-43.45,-1.0356609757497787e-8,-1.0128321937227452e-10
-43.44,-1.0369943279504117e-8,-1.0143835428437173e-10
-43.43,-1.0383296838589916e-8,-1.015937594003144e-10
-43.42,-1.039667046958392e-8,-1.0174943506248837e-10
-43.41,-1.0410064206525528e-8,-1.0190538192923093e-10
-43.4,-1.0423478083986897e-8,-1.0206160032535094e-10
-43.39,-1.0436912136220963e-8,-1.0221809086800731e-10
-43.38,-1.0450366397711425e-8,-1.0237485413708567e-10
-43.37,-1.046384090323477e-8,-1.0253189063578778e-10
-43.36,-1.0477335687245626e-8,-1.0268920074759808e-10
-43.35,-1.0490850784307285e-8,-1.0284678524622702e-10
-43.34,-1.0504386229413499e-8,-1.0300464450755359e-10
-43.33,-1.051794205725303e-8,-1.0316277910050617e-10
-43.32,-1.053151830272744e-8,-1.0332118960109656e-10
-43.31,-1.0545115000779639e-8,-1.0347987645788225e-10
-43.3,-1.0558732186387053e-8,-1.0363884031955033e-10
-43.29,-1.0572369894625631e-8,-1.0379808157007267e-10
-43.28,-1.058602816083461e-8,-1.0395760092446259e-10
-43.27,-1.0599707019959e-8,-1.0411739887193939e-10
-43.26,-1.0613406507705915e-8,-1.0427747582396423e-10
-43.25,-1.0627126658686672e-8,-1.0443783241710535e-10
-43.24,-1.0640867508893134e-8,-1.045984693632819e-10
-43.23,-1.0654629093670243e-8,-1.047593868495048e-10
-43.22,-1.0668411448698889e-8,-1.0492058571341227e-10
-43.21,-1.0682214609344277e-8,-1.0508206639126606e-10
-43.2,-1.0696038611556e-8,-1.052438295421832e-10
-43.19,-1.0709883490994596e-8,-1.0540587551587348e-10
-43.18,-1.0723749283119193e-8,-1.0556820505692203e-10
-43.17,-1.0737636024506759e-8,-1.0573081847690483e-10
-43.16,-1.0751543750562741e-8,-1.0589371661396908e-10
-43.15,-1.0765472497778798e-8,-1.0605689990663063e-10
-43.14,-1.07794223018508e-8,-1.0622036878219345e-10
-43.13,-1.0793393199086254e-8,-1.0638412403661586e-10
-43.12,-1.0807385225637852e-8,-1.0654816600862341e-10
-43.11,-1.082139841809283e-8,-1.0671249541596761e-10
-43.1,-1.0835432812622986e-8,-1.0687711277479304e-10
-43.09,-1.0849488445603205e-8,-1.070420185378147e-10
-43.08,-1.086356535385759e-8,-1.0720721341227227e-10
-43.07,-1.0877663573682877e-8,-1.0737269786583275e-10
-43.06,-1.0891783141610994e-8,-1.0753847266461953e-10
-43.05,-1.090592409477399e-8,-1.0770453805339913e-10
-43.04,-1.0920086469666364e-8,-1.0787089481467377e-10
-43.03,-1.0934270303380023e-8,-1.0803754343798948e-10
-43.02,-1.0948475632654717e-8,-1.0820448458808428e-10
-43.01,-1.096270249465676e-8,-1.0837171872054087e-10
-43.0,-1.0976950926256862e-8,-1.085392464654167e-10
-42.99,-1.0991220964865103e-8,-1.0870706842920992e-10
-42.98,-1.1005512647450274e-8,-1.0887518510802481e-10
-42.97,-1.1019826011395746e-8,-1.0904359716356563e-10
-42.96,-1.1034161094314955e-8,-1.0921230504973479e-10
-42.95,-1.1048517933243994e-8,-1.093813094926701e-10
-42.94,-1.106289656595008e-8,-1.0955061099310896e-10
-42.93,-1.1077297030030057e-8,-1.0972021003780744e-10
-42.92,-1.1091719362992802e-8,-1.0989010743709021e-10
-42.91,-1.1106163602571163e-8,-1.1006030366549204e-10
-42.9,-1.1120629786611829e-8,-1.1023079920675035e-10
-42.89,-1.1135117953055541e-8,-1.104015947193997e-10
-42.88,-1.114962813979996e-8,-1.1057269092426104e-10
-42.87,-1.1164160384725656e-8,-1.1074408824265924e-10
-42.86,-1.1178714726148023e-8,-1.109157872563156e-10
-42.85,-1.1193291201954537e-8,-1.1108778868365136e-10
-42.84,-1.1207889850570386e-8,-1.1126009308727614e-10
-42.83,-1.1222510710487846e-8,-1.1143270091597282e-10
-42.82,-1.1237153819691232e-8,-1.1160561294004171e-10
-42.81,-1.1251819216737684e-8,-1.1177882966746323e-10
-42.8,-1.1266506940540675e-8,-1.1195235172033898e-10
-42.79,-1.1281217028990847e-8,-1.1212617966350447e-10
-42.78,-1.1295949521637756e-8,-1.1230031417984305e-10
-42.77,-1.1310704456594772e-8,-1.1247475580918799e-10
-42.76,-1.1325481872834355e-8,-1.1264950518314215e-10
-42.75,-1.1340281809325796e-8,-1.1282456283830445e-10
-42.74,-1.1355104305026469e-8,-1.1299992943247507e-10
-42.73,-1.1369949398988648e-8,-1.1317560560672913e-10
-42.72,-1.1384817130354392e-8,-1.1335159187700734e-10
-42.71,-1.139970753822284e-8,-1.1352788896892445e-10
-42.7,-1.1414620662156272e-8,-1.1370449748904652e-10
-42.69,-1.1429556541069709e-8,-1.1388141783088674e-10
-42.68,-1.1444515214782173e-8,-1.1405865084530215e-10
-42.67,-1.1459496722619404e-8,-1.1423619705810365e-10
-42.66,-1.1474501104280411e-8,-1.1441405711225915e-10
-42.65,-1.1489528399263729e-8,-1.145922316570499e-10
-42.64,-1.150457864728947e-8,-1.1477072116445687e-10
-42.63,-1.151965188840944e-8,-1.1494952646937454e-10
-42.62,-1.1534748162400996e-8,-1.1512864794959951e-10
-42.61,-1.1549867509074507e-8,-1.1530808645308878e-10
-42.6,-1.1565009968661627e-8,-1.1548784246325408e-10
-42.59,-1.1580175581283594e-8,-1.1566791670641218e-10
-42.58,-1.1595364387103026e-8,-1.1584830972915514e-10
-42.57,-1.1610576426301957e-8,-1.1602902217046267e-10
-42.56,-1.1625811739212952e-8,-1.1621005464618434e-10
-42.55,-1.1641070366379958e-8,-1.1639140783652783e-10
-42.54,-1.1656352348358805e-8,-1.165730823677986e-10
-42.53,-1.1671657725738721e-8,-1.1675507883946415e-10
-42.52,-1.1686986539084226e-8,-1.169373979797869e-10
-42.51,-1.170233882893642e-8,-1.1712004028329334e-10
-42.5,-1.1717714636661991e-8,-1.173030064501936e-10
-42.49,-1.173311400277483e-8,-1.1748629708263521e-10
-42.48,-1.1748536968256285e-8,-1.1766991294239536e-10
-42.47,-1.1763983574354792e-8,-1.1785385455842756e-10
-42.46,-1.177945386197795e-8,-1.1803812262972867e-10
-42.45,-1.1794947872638137e-8,-1.182227177247558e-10
-42.44,-1.1810465647298243e-8,-1.184076405842676e-10
-42.43,-1.182600722775568e-8,-1.1859289175579115e-10
-42.42,-1.1841572654929983e-8,-1.1877847207421454e-10
-42.41,-1.1857161970933979e-8,-1.1896438196793316e-10
-42.4,-1.1872775217105003e-8,-1.1915062219504865e-10
-42.39,-1.1888412435035213e-8,-1.193371933209574e-10
-42.38,-1.190407366663828e-8,-1.1952409620330975e-10
-42.37,-1.1919758953872918e-8,-1.1971133127717255e-10
-42.36,-1.193546833858248e-8,-1.198988993073006e-10
-42.35,-1.1951201862680088e-8,-1.2008680100828013e-10
-42.34,-1.1966959568526672e-8,-1.202750369200533e-10
-42.33,-1.1982741498114666e-8,-1.2046360771346873e-10
-42.32,-1.1998547693612591e-8,-1.206525142645109e-10
-42.31,-1.2014378197834672e-8,-1.2084175678147984e-10
-42.3,-1.2030233052839544e-8,-1.2103133640381333e-10
-42.29,-1.2046112301024501e-8,-1.2122125356648985e-10
-42.28,-1.2062015985485921e-8,-1.2141150895931112e-10
-42.27,-1.207794414846836e-8,-1.2160210332524564e-10
-42.26,-1.2093896832856268e-8,-1.2179303727503105e-10
-42.25,-1.2109874081577283e-8,-1.219843114547337e-10
-42.24,-1.2125875937622514e-8,-1.2217592660457082e-10
-42.23,-1.2141902443853136e-8,-1.2236788323223715e-10
-42.22,-1.2157953643337382e-8,-1.2256018234571176e-10
-42.21,-1.2174029579420428e-8,-1.227528243321524e-10
-42.2,-1.2190130295131498e-8,-1.2294580997781217e-10
-42.19,-1.2206255834225106e-8,-1.2313914008513748e-10
-42.18,-1.2222406239845104e-8,-1.2333281501883868e-10
-42.17,-1.2238581555513777e-8,-1.2352683580078996e-10
-42.16,-1.2254781824898459e-8,-1.2372120291308836e-10
-42.15,-1.2271007091722663e-8,-1.239159170710459e-10
-42.14,-1.2287257399660342e-8,-1.241109789587787e-10
-42.13,-1.2303532792533218e-8,-1.243063894400024e-10
-42.12,-1.231983331460783e-8,-1.2450214911720108e-10
-42.11,-1.2336159009587258e-8,-1.2469825851480845e-10
-42.1,-1.235250992172757e-8,-1.2489471840904344e-10
-42.09,-1.236888609518245e-8,-1.250915295658623e-10
-42.08,-1.238528757429257e-8,-1.252886927017914e-10
-42.07,-1.2401714403359585e-8,-1.2548620843838544e-10
-42.06,-1.2418166626887312e-8,-1.2568407752558965e-10
-42.05,-1.2434644289490372e-8,-1.2588230072587887e-10
-42.04,-1.2451147435978106e-8,-1.2608087850019797e-10
-42.03,-1.2467676110381036e-8,-1.262798119196277e-10
-42.02,-1.248423035822008e-8,-1.2647910142530564e-10
-42.01,-1.2500810224133156e-8,-1.2667874776057673e-10
-42.0,-1.2517415753117377e-8,-1.2687875166340308e-10
-41.99,-1.2534046990311013e-8,-1.2707911388087512e-10
-41.98,-1.2550703980708654e-8,-1.2727983504387646e-10
-41.97,-1.2567386769748177e-8,-1.2748091601234163e-10
-41.96,-1.25840954025848e-8,-1.276823573713654e-10
-41.95,-1.2600829924700316e-8,-1.2788415995060514e-10
-41.94,-1.261759038191471e-8,-1.2808632434293362e-10
-41.93,-1.2634376819495074e-8,-1.2828885125836425e-10
-41.92,-1.2651189283180082e-8,-1.2849174163259566e-10
-41.91,-1.2668027818711664e-8,-1.2869499603907178e-10
-41.9,-1.2684892472117784e-8,-1.2889861508593543e-10
-41.89,-1.2701783289319378e-8,-1.291025996846853e-10
-41.88,-1.271870031630023e-8,-1.293069505864798e-10
-41.87,-1.2735643599360427e-8,-1.2951166833073908e-10
-41.86,-1.2752613184397394e-8,-1.2971675382144378e-10
-41.85,-1.2769609117984083e-8,-1.2992220779231336e-10
-41.84,-1.278663144667485e-8,-1.3012803081522587e-10
-41.83,-1.280368021656865e-8,-1.3033422385190343e-10
-41.82,-1.2820755474708666e-8,-1.3054078748308916e-10
-41.81,-1.2837857267573845e-8,-1.307477224927293e-10
-41.8,-1.2854985641854855e-8,-1.3095502944833398e-10
-41.79,-1.2872140644406698e-8,-1.3116270950889056e-10
-41.78,-1.2889322322464507e-8,-1.3137076303185766e-10
-41.77,-1.2906530722828006e-8,-1.315791909600108e-10
-41.76,-1.2923765892711398e-8,-1.3178799406156996e-10
-41.75,-1.2941027879407086e-8,-1.3199717301764007e-10
-41.74,-1.2958316730260536e-8,-1.322067284315097e-10
-41.73,-1.2975632492580736e-8,-1.3241666145564786e-10
-41.72,-1.2992975214018382e-8,-1.3262697243127783e-10
-41.71,-1.3010344941949477e-8,-1.3283766224622144e-10
-41.7,-1.3027741724402099e-8,-1.3304873182694227e-10
-41.69,-1.3045165609009876e-8,-1.3326018163449197e-10
-41.68,-1.3062616643636454e-8,-1.3347201271718682e-10
-41.67,-1.3080094876380411e-8,-1.3368422564255315e-10
-41.66,-1.30976003551792e-8,-1.3389682122138374e-10
-41.65,-1.31151331282676e-8,-1.341098003966892e-10
-41.64,-1.313269324387718e-8,-1.3432316376590957e-10
-41.63,-1.3150280750512906e-8,-1.3453691205944692e-10
-41.62,-1.3167895696509217e-8,-1.347510462184106e-10
-41.61,-1.3185538130527494e-8,-1.3496556672814485e-10
-41.6,-1.3203208101090958e-8,-1.3518047476427145e-10
-41.59,-1.3220905656980217e-8,-1.3539577074493598e-10
-41.58,-1.3238630847150883e-8,-1.356114556222913e-10
-41.57,-1.3256383720196382e-8,-1.3582753022866513e-10
-41.56,-1.3274164325797652e-8,-1.360439951711014e-10
-41.55,-1.3291972712419156e-8,-1.3626085130647392e-10
-41.54,-1.3309808929441171e-8,-1.3647809959568528e-10
-41.53,-1.3327673026728754e-8,-1.366957405402947e-10
-41.52,-1.3345565053018986e-8,-1.3691377501391828e-10
-41.51,-1.3363485058195418e-8,-1.3713220393857628e-10
-41.5,-1.3381433091594358e-8,-1.3735102802751334e-10
-41.49,-1.3399409203291624e-8,-1.3757024811034267e-10
-41.48,-1.3417413442885473e-8,-1.3778986488989408e-10
-41.47,-1.3435445860232844e-8,-1.38009879324733e-10
-41.46,-1.3453506505488485e-8,-1.3823029198418796e-10
-41.45,-1.347159542868986e-8,-1.3845110394040954e-10
-41.44,-1.3489712680114237e-8,-1.3867231565806227e-10
-41.43,-1.3507858309935816e-8,-1.3889392820317424e-10
-41.42,-1.3526032368664435e-8,-1.3911594239025896e-10
-41.41,-1.354423490682466e-8,-1.3933835878448194e-10
-41.4,-1.3562465974917287e-8,-1.395611785733573e-10
-41.39,-1.358072562361904e-8,-1.3978440231307763e-10
-41.38,-1.3599013903847241e-8,-1.4000803080030983e-10
-41.37,-1.3617330866583473e-8,-1.4023206489899286e-10
-41.36,-1.3635676562627879e-8,-1.4045650556025182e-10
-41.35,-1.3654051043211395e-8,-1.406813532823889e-10
-41.34,-1.3672454359477966e-8,-1.4090660926845044e-10
-41.33,-1.369088656277971e-8,-1.411322740517761e-10
-41.32,-1.370934770449265e-8,-1.41358348676392e-10
-41.31,-1.372783783621944e-8,-1.4158483383381794e-10
-41.3,-1.3746357009400432e-8,-1.4181173028058747e-10
-41.29,-1.3764905275985268e-8,-1.4203903905456856e-10
-41.28,-1.378348268750636e-8,-1.4226676087620898e-10
-41.27,-1.3802089296068007e-8,-1.4249489652836896e-10
-41.26,-1.3820725153706487e-8,-1.4272344692053796e-10
-41.25,-1.383939031247992e-8,-1.4295241285974804e-10
-41.24,-1.385808482461479e-8,-1.4318179519971102e-10
-41.23,-1.3876808742479148e-8,-1.4341159486040344e-10
-41.22,-1.3895562118312978e-8,-1.436418124465472e-10
-41.21,-1.3914345005146602e-8,-1.438724490907598e-10
-41.2,-1.3933157455248528e-8,-1.4410350536971737e-10
-41.19,-1.3951999521345169e-8,-1.4433498243702346e-10
-41.18,-1.3970871256403072e-8,-1.4456688089367813e-10
-41.17,-1.3989772713266644e-8,-1.4479920160831602e-10
-41.16,-1.4008703945219193e-8,-1.4503194555422065e-10
-41.15,-1.4027665005127771e-8,-1.4526511364393565e-10
-41.14,-1.4046655946535803e-8,-1.4549870650860563e-10
-41.13,-1.4065676822752562e-8,-1.4573272518967157e-10
-41.12,-1.40847276870903e-8,-1.459671703841254e-10
-41.11,-1.4103808593344987e-8,-1.4620204308172652e-10
-41.1,-1.4122919595029908e-8,-1.4643734431489877e-10
-41.09,-1.4142060746270605e-8,-1.4667307456487637e-10
-41.08,-1.4161232100646206e-8,-1.4690923488272033e-10
-41.07,-1.4180433712305855e-8,-1.4714582626435347e-10
-41.06,-1.4199665635316747e-8,-1.47382849406743e-10
-41.05,-1.4218927923978915e-8,-1.476203053401471e-10
-41.04,-1.423822063265299e-8,-1.478581947632284e-10
-41.03,-1.4257543815715668e-8,-1.4809651864768607e-10
-41.02,-1.4276897527792196e-8,-1.4833527783319223e-10
-41.01,-1.4296281823670705e-8,-1.4857447319424525e-10
-41.0,-1.4315696757487845e-8,-1.488141059174306e-10
-40.99,-1.433514238469871e-8,-1.4905417637631938e-10
-40.98,-1.4354618760432748e-8,-1.4929468587579078e-10
-40.97,-1.4374125939400797e-8,-1.495356350881699e-10
-40.96,-1.4393663976991217e-8,-1.4977702506532548e-10
-40.95,-1.441323292855923e-8,-1.5001885652655454e-10
-40.94,-1.4432832849295033e-8,-1.5026113048363568e-10
-40.93,-1.4452463795039712e-8,-1.5050384764997847e-10
-40.92,-1.447212582129435e-8,-1.507470092181454e-10
-40.91,-1.4491818983849365e-8,-1.5099061599328115e-10
-40.9,-1.4511543338545579e-8,-1.5123466866774032e-10
-40.89,-1.4531298941371503e-8,-1.5147916847724805e-10
-40.88,-1.4551085848527685e-8,-1.5172411605878994e-10
-40.87,-1.4570904116066767e-8,-1.5196951245728395e-10
-40.86,-1.4590753800351953e-8,-1.5221535864788685e-10
-40.85,-1.4610634957869023e-8,-1.524616553564636e-10
-40.84,-1.4630547645096294e-8,-1.5270840364002086e-10
-40.83,-1.4650491918816915e-8,-1.5295560434978984e-10
-40.82,-1.4670467835522105e-8,-1.5320325845172685e-10
-40.81,-1.4690475452595074e-8,-1.5345136694111957e-10
-40.8,-1.471051482655871e-8,-1.5369993069605322e-10
-40.79,-1.4730586014657736e-8,-1.539489504884761e-10
-40.78,-1.4750689074293492e-8,-1.5419842725681316e-10
-40.77,-1.4770824062546296e-8,-1.544483622471224e-10
-40.76,-1.4790991036876973e-8,-1.5469875609520526e-10
-40.75,-1.4811190055093892e-8,-1.5494960991554898e-10
-40.74,-1.4831421174768812e-8,-1.5520092447005684e-10
-40.73,-1.4851684453531897e-8,-1.5545270073642543e-10
-40.72,-1.4871979949542966e-8,-1.5570493978020397e-10
-40.71,-1.4892307720708969e-8,-1.559576426219337e-10
-40.7,-1.4912667825183086e-8,-1.5621080976380683e-10
-40.69,-1.493306032127537e-8,-1.5646444262438256e-10
-40.68,-1.4953485267271616e-8,-1.5671854187652205e-10
-40.67,-1.4973942721840786e-8,-1.5697310874052381e-10
-40.66,-1.4994432743311662e-8,-1.5722814388084342e-10
-40.65,-1.5014955390689283e-8,-1.5748364848514802e-10
-40.64,-1.5035510722668988e-8,-1.5773962322764138e-10
-40.63,-1.505609879823877e-8,-1.5799606930226854e-10
-40.62,-1.507671967657045e-8,-1.5825298774676808e-10
-40.61,-1.50973734166095e-8,-1.585103793900641e-10
-40.6,-1.51180600781618e-8,-1.5876824501444407e-10
-40.59,-1.5138779720264097e-8,-1.590265858695855e-10
-40.58,-1.5159532402479958e-8,-1.5928540288191634e-10
-40.57,-1.5180318184660015e-8,-1.595446969514646e-10
-40.56,-1.520113712649478e-8,-1.5980446900879644e-10
-40.55,-1.522198928786277e-8,-1.6006472025839457e-10
-40.54,-1.5242874729180637e-8,-1.6032545130322308e-10
-40.53,-1.5263793509855446e-8,-1.6058666359386962e-10
-40.52,-1.5284745690771438e-8,-1.6084835779322376e-10
-40.51,-1.5305731332116257e-8,-1.611105350224582e-10
-40.5,-1.5326750494521954e-8,-1.6137319614246187e-10
-40.49,-1.5347803238513092e-8,-1.6163634218724522e-10
-40.48,-1.5368889624969547e-8,-1.6189997421113473e-10
-40.47,-1.539000971461971e-8,-1.621640932344581e-10
-40.46,-1.541116356856446e-8,-1.6242870006251436e-10
-40.45,-1.543235124777651e-8,-1.6269379601371215e-10
-40.44,-1.5453572813936385e-8,-1.6295938169664724e-10
-40.43,-1.547482832798239e-8,-1.6322545852744039e-10
-40.42,-1.5496117851631293e-8,-1.6349202725134538e-10
-40.41,-1.55174414463114e-8,-1.6375908896832562e-10
-40.4,-1.5538799174150394e-8,-1.6402664464278544e-10
-40.39,-1.5560191096584963e-8,-1.6429469522223064e-10
-40.38,-1.5581617275655733e-8,-1.6456324194963912e-10
-40.37,-1.5603077773847546e-8,-1.6483228560616706e-10
-40.36,-1.562457265316132e-8,-1.6510182728607383e-10
-40.35,-1.564610197591498e-8,-1.6537186825657073e-10
-40.34,-1.5667665804674197e-8,-1.656424090705201e-10
-40.33,-1.5689264201996533e-8,-1.6591345108595475e-10
-40.32,-1.5710897230701683e-8,-1.661849952660325e-10
-40.31,-1.5732564953653474e-8,-1.6645704255534174e-10
-40.3,-1.5754267434022447e-8,-1.6672959415393383e-10
-40.29,-1.5776004734428417e-8,-1.6700265101096669e-10
-40.28,-1.579777691871517e-8,-1.6727621412603326e-10
-40.27,-1.5819584049859e-8,-1.675502845581936e-10
-40.26,-1.584142619183775e-8,-1.6782486325531572e-10
-40.25,-1.586330340737609e-8,-1.6809995168661491e-10
-40.24,-1.588521576127016e-8,-1.6837555047322315e-10
-40.23,-1.590716331675769e-8,-1.6865166080532364e-10
-40.22,-1.592914613818071e-8,-1.6892828356126927e-10
-40.21,-1.595116428953115e-8,-1.6920542004476903e-10
-40.2,-1.5973217835249574e-8,-1.6948307126327901e-10
-40.19,-1.5995306839561998e-8,-1.6976123814628035e-10
-40.18,-1.6017431367061856e-8,-1.7003992189936889e-10
-40.17,-1.6039591482475306e-8,-1.7031912352893077e-10
-40.16,-1.6061787250528887e-8,-1.7059884407677696e-10
-40.15,-1.6084018736319504e-8,-1.7087908465914068e-10
-40.14,-1.6106286004556664e-8,-1.711598462966926e-10
-40.13,-1.6128589120992595e-8,-1.7144113016500692e-10
-40.12,-1.615092815038034e-8,-1.7172293723612908e-10
-40.11,-1.6173303158600056e-8,-1.7200526859002102e-10
-40.1,-1.6195714210878394e-8,-1.722881254372428e-10
-40.09,-1.62181613733779e-8,-1.7257150862746832e-10
-40.08,-1.6240644711566593e-8,-1.7285541958303038e-10
-40.07,-1.6263164291620964e-8,-1.7313985902294885e-10
-40.06,-1.6285720179588916e-8,-1.7342482829568732e-10
-40.05,-1.6308312441712174e-8,-1.737103284061308e-10
-40.04,-1.6330941144468037e-8,-1.739963604992399e-10
-40.03,-1.635360635433837e-8,-1.7428292559491093e-10
-40.02,-1.6376308138020352e-8,-1.7457002476771133e-10
-40.01,-1.6399046562337026e-8,-1.7485765931420415e-10
-40.0,-1.6421821694005542e-8,-1.7514583011151702e-10
-39.99,-1.6444633600267148e-8,-1.754345384342855e-10
-39.98,-1.6467482348610745e-8,-1.7572378526577967e-10
-39.97,-1.6490368005655426e-8,-1.7601357190039705e-10
-39.96,-1.6513290639377378e-8,-1.7630389930518434e-10
-39.95,-1.6536250317475397e-8,-1.7659476856265727e-10
-39.94,-1.655924710727751e-8,-1.768861809293826e-10
-39.93,-1.6582281076964563e-8,-1.7717813752560336e-10
-39.92,-1.660535229465092e-8,-1.7747063927427706e-10
-39.91,-1.6628460828256473e-8,-1.7776368751011458e-10
-39.9,-1.6651606746109348e-8,-1.7805728332589026e-10
-39.89,-1.6674790116750877e-8,-1.7835142785245603e-10
-39.88,-1.6698011008842834e-8,-1.7864612211505854e-10
-39.87,-1.672126949072537e-8,-1.7894136745203996e-10
-39.86,-1.674456563171832e-8,-1.7923716486792715e-10
-39.85,-1.6767899500456985e-8,-1.795335155240013e-10
-39.84,-1.6791271166184977e-8,-1.7983042055448263e-10
-39.83,-1.6814680698449805e-8,-1.8012788115573077e-10
-39.82,-1.6838128166143196e-8,-1.8042589851652165e-10
-39.81,-1.6861613639196964e-8,-1.8072447367152984e-10
-39.8,-1.6885137187311102e-8,-1.8102360792831464e-10
-39.79,-1.690869888003639e-8,-1.8132330229452723e-10
-39.78,-1.6932298787946604e-8,-1.816235579065576e-10
-39.77,-1.6955936980465024e-8,-1.819243761262156e-10
-39.76,-1.6979613528142158e-8,-1.8222575801072997e-10
-39.75,-1.700332850162299e-8,-1.8252770469838565e-10
-39.74,-1.7027081971071953e-8,-1.828302174817973e-10
-39.73,-1.7050874007455833e-8,-1.8313329741439655e-10
-39.72,-1.7074704681423895e-8,-1.834369457604708e-10
-39.71,-1.7098574064218123e-8,-1.8374116362074917e-10
-39.7,-1.7122482226582552e-8,-1.840459522071075e-10
-39.69,-1.714642924020616e-8,-1.8435131272403067e-10
-39.68,-1.7170415176294464e-8,-1.846572463473184e-10
-39.67,-1.7194440106420504e-8,-1.8496375429307297e-10
-39.66,-1.72185041022559e-8,-1.8527083773271217e-10
-39.65,-1.7242607235701457e-8,-1.8557849786300022e-10
-39.64,-1.7266749578829812e-8,-1.8588673582608935e-10
-39.63,-1.7290931203710534e-8,-1.8619555301126568e-10
-39.62,-1.731515218272071e-8,-1.865049504198714e-10
-39.61,-1.733941258817461e-8,-1.868149293752492e-10
-39.6,-1.7363712492367907e-8,-1.871254910587249e-10
-39.59,-1.7388051969105284e-8,-1.874366366435928e-10
-39.58,-1.7412431090281813e-8,-1.877483674276142e-10
-39.57,-1.7436849929283722e-8,-1.8806068456073119e-10
-39.56,-1.746130855907385e-8,-1.8837358929468e-10
-39.55,-1.748580705330386e-8,-1.8868708281535811e-10
-39.54,-1.751034548535764e-8,-1.890011664722116e-10
-39.53,-1.7534923928627776e-8,-1.8931584134876467e-10
-39.52,-1.7559542457066323e-8,-1.8963110870029526e-10
-39.51,-1.758420114493414e-8,-1.899469699178183e-10
-39.5,-1.7608900065741963e-8,-1.9026342603699195e-10
-39.49,-1.763363929406726e-8,-1.9058047843341328e-10
-39.48,-1.765841890437806e-8,-1.9089812824967347e-10
-39.47,-1.7683238970978494e-8,-1.9121637680250746e-10
-39.46,-1.7708099568726942e-8,-1.9153522536855556e-10
-39.45,-1.7733000772295677e-8,-1.9185467511828877e-10
-39.44,-1.7757942656876483e-8,-1.921747273470514e-10
-39.43,-1.7782925297639434e-8,-1.9249538332825816e-10
-39.42,-1.780794876976483e-8,-1.928166442734559e-10
-39.41,-1.7833013148652653e-8,-1.931385115381787e-10
-39.4,-1.7858118510015542e-8,-1.9346098629489484e-10
-39.39,-1.7883264929773538e-8,-1.9378406990425688e-10
-39.38,-1.7908452483584585e-8,-1.9410776358192929e-10
-39.37,-1.7933681247636317e-8,-1.9443206858229374e-10
-39.36,-1.7958951298275912e-8,-1.947569862483849e-10
-39.35,-1.798426271180088e-8,-1.950825177341082e-10
-39.34,-1.8009615564688838e-8,-1.9540866451617436e-10
-39.33,-1.803500993373601e-8,-1.957354278005501e-10
-39.32,-1.8060445895889967e-8,-1.9606280880667986e-10
-39.31,-1.8085923527873622e-8,-1.96390808855358e-10
-39.3,-1.8111442907340665e-8,-1.967194293064832e-10
-39.29,-1.813700411123324e-8,-1.970486714663594e-10
-39.28,-1.816260721723221e-8,-1.973785364837725e-10
-39.27,-1.8188252302804513e-8,-1.9770902588621208e-10
-39.26,-1.8213939445940212e-8,-1.9804014083511358e-10
-39.25,-1.8239668724674462e-8,-1.9837188264717313e-10
-39.24,-1.826544021686522e-8,-1.9870425266498197e-10
-39.23,-1.829125400117182e-8,-1.9903725227807112e-10
-39.22,-1.8317110155744358e-8,-1.993708826889076e-10
-39.21,-1.834300875948291e-8,-1.9970514522332551e-10
-39.2,-1.8368949890764124e-8,-2.000400412619486e-10
-39.19,-1.839493362891389e-8,-2.0037557222546277e-10
-39.18,-1.842096005289732e-8,-2.007117392245321e-10
-39.17,-1.844702924192169e-8,-2.0104854377547527e-10
-39.16,-1.847314127546269e-8,-2.0138598723363983e-10
-39.15,-1.8499296233164504e-8,-2.017240707478334e-10
-39.14,-1.852549419455817e-8,-2.0206279586405861e-10
-39.13,-1.8551735240223607e-8,-2.0240216376547137e-10
-39.12,-1.8578019449200176e-8,-2.027421759049448e-10
-39.11,-1.860434690248318e-8,-2.030828336049469e-10
-39.1,-1.8630717680265927e-8,-2.034241383337902e-10
-39.09,-1.8657131863301504e-8,-2.0376609122369643e-10
-39.08,-1.8683589532018435e-8,-2.0410869378462984e-10
-39.07,-1.8710090767522566e-8,-2.044519474134691e-10
-39.06,-1.8736635651026026e-8,-2.0479585339122446e-10
-39.05,-1.8763224263430273e-8,-2.0514041308179268e-10
-39.04,-1.8789856686297654e-8,-2.0548562801601834e-10
-39.03,-1.8816533001558546e-8,-2.058314994076646e-10
-39.02,-1.884325329044642e-8,-2.0617802872035047e-10
-39.01,-1.8870017635077443e-8,-2.0652521724068245e-10
-39.0,-1.8896826117691517e-8,-2.0687306646949994e-10
-38.99,-1.8923678820193952e-8,-2.0722157774361147e-10
-38.98,-1.8950575825320557e-8,-2.075707525148796e-10
-38.97,-1.8977517215512e-8,-2.0792059216318492e-10
-38.96,-1.9004503073568e-8,-2.082710980217049e-10
-38.95,-1.9031533482534293e-8,-2.0862227152912844e-10
-38.94,-1.9058608525257455e-8,-2.089741141118563e-10
-38.93,-1.908572828516867e-8,-2.093266272106977e-10
-38.92,-1.9112892845897816e-8,-2.0967981211678233e-10
-38.91,-1.9140102290812934e-8,-2.100336704838149e-10
-38.9,-1.916735670382123e-8,-2.1038820333830378e-10
-38.89,-1.919465616882732e-8,-2.1074341255969157e-10
-38.88,-1.922200076997986e-8,-2.1109929925856683e-10
-38.87,-1.924939059159757e-8,-2.1145586505266054e-10
-38.86,-1.9276825718249292e-8,-2.1181311120772378e-10
-38.85,-1.9304306234402637e-8,-2.121710393379361e-10
-38.84,-1.9331832225326093e-8,-2.125296507312263e-10
-38.83,-1.9359403775569255e-8,-2.128889468787491e-10
-38.82,-1.9387020970357063e-8,-2.1324892923389073e-10
-38.81,-1.941468389555783e-8,-2.1360959926208321e-10
-38.8,-1.9442392636147458e-8,-2.1397095842914237e-10
-38.79,-1.947014727793391e-8,-2.143330081651088e-10
-38.78,-1.9497947907039736e-8,-2.1469574991071085e-10
-38.77,-1.9525794609638388e-8,-2.1505918511726104e-10
-38.76,-1.9553687471502343e-8,-2.1542331533635387e-10
-38.75,-1.9581626579595806e-8,-2.157881419521377e-10
-38.74,-1.9609612020143698e-8,-2.161536666130185e-10
-38.73,-1.9637643880094442e-8,-2.1651989048155777e-10
-38.72,-1.966572224645002e-8,-2.1688681529979266e-10
-38.71,-1.969384720624189e-8,-2.172544425113494e-10
-38.7,-1.9722018846935934e-8,-2.176227734171276e-10
-38.69,-1.975023725585722e-8,-2.1799180978760712e-10
-38.68,-1.9778502520900488e-8,-2.183615529025236e-10
-38.67,-1.980681472987353e-8,-2.18732004290156e-10
-38.66,-1.9835173970697512e-8,-2.1910316568867313e-10
-38.65,-1.9863580332075274e-8,-2.1947503831181966e-10
-38.64,-1.989203390194832e-8,-2.198476237232519e-10
-38.63,-1.9920534769049873e-8,-2.202209235310646e-10
-38.62,-1.9949083022199915e-8,-2.2059493909306004e-10
-38.61,-1.997767875030615e-8,-2.2096967210194588e-10
-38.6,-2.0006322042553917e-8,-2.21345124080337e-10
-38.59,-2.0035012988561824e-8,-2.217212964598529e-10
-38.58,-2.00637516774737e-8,-2.220981907849465e-10
-38.57,-2.0092538199041382e-8,-2.224758084915577e-10
-38.56,-2.012137264362592e-8,-2.2285415133522945e-10
-38.55,-2.015025510077686e-8,-2.2323322070285693e-10
-38.54,-2.017918566104111e-8,-2.2361301820686395e-10
-38.53,-2.0208164414750537e-8,-2.2399354533323924e-10
-38.52,-2.0237191452685e-8,-2.2437480363222279e-10
-38.51,-2.026626686561118e-8,-2.2475679474935954e-10
-38.5,-2.0295390744691587e-8,-2.2513952013687222e-10
-38.49,-2.0324563180874163e-8,-2.2552298150782261e-10
-38.48,-2.035378426586194e-8,-2.259071801491592e-10
-38.47,-2.0383054091105605e-8,-2.2629211794627885e-10
-38.46,-2.0412372748394773e-8,-2.2667779623738675e-10
-38.45,-2.044174032970216e-8,-2.2706421677053582e-10
-38.44,-2.047115692731329e-8,-2.2745138091696825e-10
-38.43,-2.050062263347734e-8,-2.2783929041970478e-10
-38.42,-2.0530137540735335e-8,-2.2822794689118765e-10
-38.41,-2.0559701742025622e-8,-2.2861735169346923e-10
-38.4,-2.0589315330064008e-8,-2.2900750678082548e-10
-38.39,-2.061897839813994e-8,-2.293984133155308e-10
-38.38,-2.064869103952358e-8,-2.2979007346939943e-10
-38.37,-2.0678453347677995e-8,-2.3018248835101716e-10
-38.36,-2.0708265416572052e-8,-2.3057565953203066e-10
-38.35,-2.0738127339995985e-8,-2.3096958913449535e-10
-38.34,-2.076803921171644e-8,-2.313642784109779e-10
-38.33,-2.079800112650047e-8,-2.3175972895997904e-10
-38.32,-2.0828013178695722e-8,-2.3215594243879259e-10
-38.31,-2.0858075463002626e-8,-2.3255292063034835e-10
-38.3,-2.0888188074467433e-8,-2.3295066490341335e-10
-38.29,-2.0918351107824715e-8,-2.3334917723965243e-10
-38.28,-2.0948564658801733e-8,-2.3374845882438823e-10
-38.27,-2.0978828822630868e-8,-2.3414851167002207e-10
-38.26,-2.1009143695105398e-8,-2.345493373882003e-10
-38.25,-2.103950937212389e-8,-2.349509375813558e-10
-38.24,-2.106992594957362e-8,-2.3535331375546345e-10
-38.23,-2.110039352405607e-8,-2.357564676995218e-10
-38.22,-2.1130912191922566e-8,-2.3616040111048445e-10
-38.21,-2.1161482049907345e-8,-2.3656511555047086e-10
-38.2,-2.1192103194906303e-8,-2.3697061276073524e-10
-38.19,-2.122277572399637e-8,-2.373768943430418e-10
-38.18,-2.1253499734613526e-8,-2.377839621294104e-10
-38.17,-2.128427532394104e-8,-2.3819181764347723e-10
-38.16,-2.131510259020859e-8,-2.386004625885277e-10
-38.15,-2.1345981630839552e-8,-2.390098987676127e-10
-38.14,-2.1376912544285523e-8,-2.3942012774734457e-10
-38.13,-2.1407895428715954e-8,-2.3983115121755485e-10
-38.12,-2.1438930382726264e-8,-2.4024297109274833e-10
-38.11,-2.1470017505162653e-8,-2.4065558889172757e-10
-38.1,-2.15011568943958e-8,-2.4106900643860495e-10
-38.09,-2.1532348650836015e-8,-2.4148322509356935e-10
-38.08,-2.1563592872647054e-8,-2.418982468001248e-10
-38.07,-2.159488965983734e-8,-2.42314073536539e-10
-38.06,-2.1626239112161097e-8,-2.4273070663600323e-10
-38.05,-2.1657641329728614e-8,-2.4314814816898305e-10
-38.04,-2.1689096412536062e-8,-2.435663994757219e-10
-38.03,-2.172060446114275e-8,-2.439854628611783e-10
-38.02,-2.1752165576136417e-8,-2.4440533944876277e-10
-38.01,-2.1783779858470143e-8,-2.4482603120185023e-10
-38.0,-2.1815447408848084e-8,-2.452475401314564e-10
-37.99,-2.1847168328807004e-8,-2.456698678023579e-10
-37.98,-2.1878942719777905e-8,-2.4609301575407694e-10
-37.97,-2.1910770683396716e-8,-2.465169859622054e-10
-37.96,-2.1942652321642933e-8,-2.469417801807096e-10
-37.95,-2.197458773653967e-8,-2.4736740033874555e-10
-37.94,-2.200657703049806e-8,-2.4779384784526855e-10
-37.93,-2.2038620305884873e-8,-2.4822112465974416e-10
-37.92,-2.2070717665684846e-8,-2.4864923278506485e-10
-37.91,-2.2102869212794083e-8,-2.4907817351914613e-10
-37.9,-2.2135075050237898e-8,-2.4950794915563643e-10
-37.89,-2.2167335281622974e-8,-2.4993856120340765e-10
-37.88,-2.2199650010486762e-8,-2.503700115281583e-10
-37.87,-2.2232019340683374e-8,-2.508023018287293e-10
-37.86,-2.2264443376301983e-8,-2.512354341341653e-10
-37.85,-2.2296922221527702e-8,-2.516694100930005e-10
-37.84,-2.232945598097852e-8,-2.521042315663242e-10
-37.83,-2.23620447593578e-8,-2.525399002078345e-10
-37.82,-2.2394688661190014e-8,-2.529764182905142e-10
-37.81,-2.242738779260359e-8,-2.534137870275364e-10
-37.8,-2.2460142258085307e-8,-2.5385200878396625e-10
-37.79,-2.2492952163538388e-8,-2.5429108504696595e-10
-37.78,-2.2525817614831624e-8,-2.547310180330708e-10
-37.77,-2.2558738717936414e-8,-2.5517180911229883e-10
-37.76,-2.2591715579211853e-8,-2.5561346043232684e-10
-37.75,-2.2624748304992098e-8,-2.5605597379044564e-10
-37.74,-2.2657837002295712e-8,-2.5649935088377067e-10
-37.73,-2.2690981777625144e-8,-2.5694359402558515e-10
-37.72,-2.2724182738514276e-8,-2.5738870468201016e-10
-37.71,-2.275743999226094e-8,-2.5783468468603834e-10
-37.7,-2.279075364644439e-8,-2.582815361666953e-10
-37.69,-2.2824123809043516e-8,-2.587292608692936e-10
-37.68,-2.2857550587892588e-8,-2.591778607841389e-10
-37.67,-2.2891034091525067e-8,-2.596273376055792e-10
-37.66,-2.292457442844544e-8,-2.6007769336063154e-10
-37.65,-2.2958171707199886e-8,-2.605289299102145e-10
-37.64,-2.2991826037102335e-8,-2.609810492469266e-10
-37.63,-2.3025537527082883e-8,-2.614340530301215e-10
-37.62,-2.3059306287001057e-8,-2.6188794351859356e-10
-37.61,-2.3093132426131317e-8,-2.623427223780163e-10
-37.6,-2.3127016054482153e-8,-2.6279839159301625e-10
-37.59,-2.3160957282252935e-8,-2.63254953091358e-10
-37.58,-2.3194956219940608e-8,-2.6371240882089193e-10
-37.57,-2.3229012978002697e-8,-2.6417076078234603e-10
-37.56,-2.3263127667270578e-8,-2.646300107177414e-10
-37.55,-2.329730039912878e-8,-2.650901605633045e-10
-37.54,-2.3331531284503676e-8,-2.655512126332871e-10
-37.53,-2.33658204351172e-8,-2.6601316851659457e-10
-37.52,-2.340016796282625e-8,-2.6647603026224483e-10
-37.51,-2.3434573979650534e-8,-2.669397998007399e-10
-37.5,-2.3469038597693015e-8,-2.674044792497188e-10
-37.49,-2.3503561929670758e-8,-2.6787007039219753e-10
-37.48,-2.353814408810352e-8,-2.683365753352484e-10
-37.47,-2.3572785186130745e-8,-2.688039960322564e-10
-37.46,-2.3607485336918555e-8,-2.692723344180849e-10
-37.45,-2.364224465405729e-8,-2.6974159255213523e-10
-37.44,-2.367706325096948e-8,-2.702117723032507e-10
-37.43,-2.371194124186595e-8,-2.706828758090676e-10
-37.42,-2.374687874080228e-8,-2.7115490496273373e-10
-37.41,-2.3781875862221135e-8,-2.7162786186860354e-10
-37.4,-2.3816932720824332e-8,-2.7210174830111057e-10
-37.39,-2.385204943138698e-8,-2.725765667357214e-10
-37.38,-2.3887226109311974e-8,-2.7305231877746696e-10
-37.37,-2.3922462869695816e-8,-2.7352900665916533e-10
-37.36,-2.3957759828500883e-8,-2.7400663228091197e-10
-37.35,-2.399311710146909e-8,-2.7448519761200166e-10
-37.34,-2.402853480458684e-8,-2.749647051565819e-10
-37.33,-2.406401305440457e-8,-2.754451564996498e-10
-37.32,-2.4099551967523682e-8,-2.7592655373300426e-10
-37.31,-2.4135151660882332e-8,-2.764088991449164e-10
-37.3,-2.4170812251583782e-8,-2.7689219454080233e-10
-37.29,-2.4206533856802883e-8,-2.773764420789164e-10
-37.28,-2.4242316594386886e-8,-2.778616439198363e-10
-37.27,-2.427816058220712e-8,-2.783478019730724e-10
-37.26,-2.4314065938299873e-8,-2.7883491850936646e-10
-37.25,-2.43500327811059e-8,-2.79322995447726e-10
-37.24,-2.4386061229119967e-8,-2.7981203494995155e-10
-37.23,-2.442215140147018e-8,-2.803020391029198e-10
-37.22,-2.4458303417080625e-8,-2.8079301002929107e-10
-37.21,-2.4494517395290504e-8,-2.812849497729088e-10
-37.2,-2.45307934558443e-8,-2.817778604823039e-10
-37.19,-2.4567131718681297e-8,-2.82271744351189e-10
-37.18,-2.460353230408051e-8,-2.827666032253647e-10
-37.17,-2.4639995332043208e-8,-2.832624395524427e-10
-37.16,-2.467652092349014e-8,-2.837592552088761e-10
-37.15,-2.4713109199454338e-8,-2.842570525709505e-10
-37.14,-2.4749760280907346e-8,-2.847558335911127e-10
-37.13,-2.4786474289454908e-8,-2.852556004776973e-10
-37.12,-2.4823251346438445e-8,-2.857563553627971e-10
-37.11,-2.4860091574153208e-8,-2.8625810043375957e-10
-37.1,-2.489699509485295e-8,-2.867608378148004e-10
-37.09,-2.4933962030788282e-8,-2.872645697199419e-10
-37.08,-2.497099250473375e-8,-2.877692981704917e-10
-37.07,-2.5008086639750435e-8,-2.882750255690437e-10
-37.06,-2.5045244559330476e-8,-2.8878175386387314e-10
-37.05,-2.5082466386607366e-8,-2.8928948540908576e-10
-37.04,-2.5119752245375376e-8,-2.897982223685915e-10
-37.03,-2.515710226009435e-8,-2.9030796678209884e-10
-37.02,-2.5194516554558757e-8,-2.9081872110963055e-10
-37.01,-2.5231995253660638e-8,-2.913304873859881e-10
-37.0,-2.5269538482255438e-8,-2.918432678519616e-10
-36.99,-2.5307146365486574e-8,-2.923570646304704e-10
-36.98,-2.5344819028482523e-8,-2.928718801835153e-10
-36.97,-2.5382556597083292e-8,-2.933877165532851e-10
-36.96,-2.5420359197277127e-8,-2.939045759603962e-10
-36.95,-2.5458226954912474e-8,-2.9442246068746417e-10
-36.94,-2.549615999695091e-8,-2.9494137298558524e-10
-36.93,-2.5534158449789615e-8,-2.954613151538542e-10
-36.92,-2.5572222440355254e-8,-2.9598228932133766e-10
-36.91,-2.5610352096094186e-8,-2.9650429787234514e-10
-36.9,-2.5648547544664223e-8,-2.970273429709635e-10
-36.89,-2.568680891370009e-8,-2.9755142694845853e-10
-36.88,-2.572513633129661e-8,-2.980765520194199e-10
-36.87,-2.5763529925716564e-8,-2.986027204684995e-10
-36.86,-2.5801989825722493e-8,-2.991299347841164e-10
-36.85,-2.5840516160260345e-8,-2.9965819689312955e-10
-36.84,-2.5879109058567314e-8,-3.001875092980234e-10
-36.83,-2.5917768649972873e-8,-3.0071787436839277e-10
-36.82,-2.595649506419152e-8,-3.0124929427575957e-10
-36.81,-2.5995288431504257e-8,-3.017817714247367e-10
-36.8,-2.6034148881683673e-8,-3.0231530803638675e-10
-36.79,-2.607307654594536e-8,-3.0284990648830703e-10
-36.78,-2.6112071554842303e-8,-3.0338556907941326e-10
-36.77,-2.6151134039392263e-8,-3.0392229827728825e-10
-36.76,-2.6190264131386076e-8,-3.0446009627952284e-10
-36.75,-2.622946196203341e-8,-3.04998965500171e-10
-36.74,-2.6268727663702235e-8,-3.0553890816121644e-10
-36.73,-2.630806136850817e-8,-3.060799268099393e-10
-36.72,-2.6347463209224513e-8,-3.0662202359754505e-10
-36.71,-2.6386933318290052e-8,-3.07165201146033e-10
-36.7,-2.6426471829027203e-8,-3.0770946152001126e-10
-36.69,-2.6466078875094744e-8,-3.08254807367343e-10
-36.68,-2.6505754589613093e-8,-3.088012410374231e-10
-36.67,-2.654549910717348e-8,-3.0934876474319997e-10
-36.66,-2.658531256174491e-8,-3.098973810478137e-10
-36.65,-2.6625195087734453e-8,-3.1044709231733244e-10
-36.64,-2.6665146820187616e-8,-3.1099790091694446e-10
-36.63,-2.6705167894338573e-8,-3.1154980935630594e-10
-36.62,-2.6745258445727228e-8,-3.121028199044138e-10
-36.61,-2.6785418609544522e-8,-3.1265693503736874e-10
-36.6,-2.6825648522156887e-8,-3.132121573301805e-10
-36.59,-2.6865948319789187e-8,-3.1376848895957376e-10
-36.58,-2.690631813906425e-8,-3.1432593250417335e-10
-36.57,-2.6946758116869737e-8,-3.1488449053139886e-10
-36.56,-2.698726839034752e-8,-3.154441652984744e-10
-36.55,-2.702784909726165e-8,-3.1600495935477024e-10
-36.54,-2.7068500374905036e-8,-3.1656687510550524e-10
-36.53,-2.7109222361814083e-8,-3.1712991513725284e-10
-36.52,-2.7150015196014124e-8,-3.176940818235054e-10
-36.51,-2.7190879016207376e-8,-3.1825937770482405e-10
-36.5,-2.723181396165161e-8,-3.188258053072452e-10
-36.49,-2.727282017142065e-8,-3.193933669070193e-10
-36.48,-2.731389778490203e-8,-3.1996206532807513e-10
-36.47,-2.7355046942272604e-8,-3.205319027717974e-10
-36.46,-2.73962677835893e-8,-3.2110288196234933e-10
-36.45,-2.7437560449187252e-8,-3.216750052780807e-10
-36.44,-2.7478925080086495e-8,-3.2224827540754555e-10
-36.43,-2.752036181714146e-8,-3.2282269467566816e-10
-36.42,-2.7561870801899446e-8,-3.233982658436594e-10
-36.41,-2.7603452176038177e-8,-3.239749913628044e-10
-36.4,-2.7645106081381186e-8,-3.2455287356462545e-10
-36.39,-2.768683266030752e-8,-3.251319153454558e-10
-36.38,-2.7728632055789205e-8,-3.2571211909733325e-10
-36.37,-2.777050440992768e-8,-3.262934874206378e-10
-36.36,-2.781244986663445e-8,-3.268760228071468e-10
-36.35,-2.7854468569294073e-8,-3.274597279614902e-10
-36.34,-2.789656066158821e-8,-3.2804460535492193e-10
-36.33,-2.793872628792443e-8,-3.2863065762200755e-10
-36.32,-2.7980965592592872e-8,-3.292178873532956e-10
-36.31,-2.8023278720269975e-8,-3.2980629725894625e-10
-36.3,-2.8065665816186105e-8,-3.3039588984178926e-10
-36.29,-2.8108127025914973e-8,-3.3098666773915095e-10
-36.28,-2.8150662494881755e-8,-3.3157863352515483e-10
-36.27,-2.819327236921309e-8,-3.321717899065033e-10
-36.26,-2.8235956795329283e-8,-3.327661394810551e-10
-36.25,-2.827871591979119e-8,-3.3336168494588185e-10
-36.24,-2.8321549889768515e-8,-3.339584287938201e-10
-36.23,-2.8364458852198646e-8,-3.34556373839021e-10
-36.22,-2.840744295521194e-8,-3.3515552266635617e-10
-36.21,-2.845050234602295e-8,-3.357558780265816e-10
-36.2,-2.8493637173645285e-8,-3.3635744247469716e-10
-36.19,-2.8536847586393478e-8,-3.369602187428447e-10
-36.18,-2.8580133733123498e-8,-3.3756420951895044e-10
-36.17,-2.8623495762970334e-8,-3.3816941753664004e-10
-36.16,-2.8666933825687624e-8,-3.387758453621532e-10
-36.15,-2.8710448070943153e-8,-3.3938349582953687e-10
-36.14,-2.8754038649112638e-8,-3.3999237167453915e-10
-36.13,-2.8797705710560785e-8,-3.406024755342987e-10
-36.12,-2.8841449406309632e-8,-3.412138100697542e-10
-36.11,-2.8885269887414588e-8,-3.4182637815099284e-10
-36.1,-2.892916730545337e-8,-3.4244018239971417e-10
-36.09,-2.897314181236934e-8,-3.430552256872002e-10
-36.08,-2.901719355981924e-8,-3.436715107091813e-10
-36.07,-2.906132270099141e-8,-3.4428904011835856e-10
-36.06,-2.9105529388164215e-8,-3.44907816862213e-10
-36.05,-2.914981377473552e-8,-3.4552784361658547e-10
-36.04,-2.91941760143017e-8,-3.4614912310316507e-10
-36.03,-2.923861626048989e-8,-3.467716581480396e-10
-36.02,-2.9283134667565355e-8,-3.4739545160453684e-10
-36.01,-2.932773138976843e-8,-3.4802050624880246e-10
-36.0,-2.9372406582247715e-8,-3.4864682481859045e-10
-35.99,-2.9417160400059722e-8,-3.4927441016863294e-10
-35.98,-2.9461992998695712e-8,-3.4990326514218694e-10
-35.97,-2.9506904534017474e-8,-3.505333924658853e-10
-35.96,-2.9551895162178035e-8,-3.511647950793361e-10
-35.95,-2.959696503959355e-8,-3.5179747581390725e-10
-35.94,-2.964211432323753e-8,-3.524314372612797e-10
-35.93,-2.968734317042911e-8,-3.530666828203608e-10
-35.92,-2.9732651738508105e-8,-3.5370321495185693e-10
-35.91,-2.977804018541707e-8,-3.5434103647434754e-10
-35.9,-2.982350866940985e-8,-3.5498015034145017e-10
-35.89,-2.986905734907476e-8,-3.556205595729748e-10
-35.88,-2.9914686383159515e-8,-3.5626226691611423e-10
-35.87,-2.9960395931156436e-8,-3.5690527536133757e-10
-35.86,-3.0006186152447683e-8,-3.575495876575395e-10
-35.85,-3.005205720741169e-8,-3.581952067438579e-10
-35.84,-3.009800925575289e-8,-3.5884213578997633e-10
-35.83,-3.014404245860552e-8,-3.594903773083037e-10
-35.82,-3.0190156976833035e-8,-3.601399344941286e-10
-35.81,-3.023635297157282e-8,-3.6079081034353467e-10
-35.8,-3.028263060489419e-8,-3.614430075456928e-10
-35.79,-3.032899003868567e-8,-3.6209652918159275e-10
-35.78,-3.037543143542446e-8,-3.6275137820104286e-10
-35.77,-3.042195495777075e-8,-3.634075575921331e-10
-35.76,-3.04685607688358e-8,-3.640650703013024e-10
-35.75,-3.05152490321158e-8,-3.647239193054246e-10
-35.74,-3.056201991155564e-8,-3.653841076122525e-10
-35.73,-3.0608873571244964e-8,-3.6604563822592564e-10
-35.72,-3.0655810175884e-8,-3.667085140620108e-10
-35.71,-3.0702829890293873e-8,-3.6737273818149636e-10
-35.7,-3.074993287962763e-8,-3.680383135855714e-10
-35.69,-3.079711930972966e-8,-3.6870524325199823e-10
-35.68,-3.084438934638427e-8,-3.6937353025652106e-10
-35.67,-3.089174315608159e-8,-3.700431777813704e-10
-35.66,-3.093918090550205e-8,-3.7071418862211103e-10
-35.65,-3.098670276167407e-8,-3.713865659338218e-10
-35.64,-3.103430889223698e-8,-3.7206031278099837e-10
-35.63,-3.1081999464839356e-8,-3.7273543230617697e-10
-35.62,-3.112977464761631e-8,-3.7341192747751285e-10
-35.61,-3.11776346092832e-8,-3.7408980120496903e-10
-35.6,-3.1225579518715426e-8,-3.7476905696484633e-10
-35.59,-3.127360954506751e-8,-3.754496974627149e-10
-35.58,-3.132172485820164e-8,-3.761317261051391e-10
-35.57,-3.136992562796541e-8,-3.7681514586711615e-10
-35.56,-3.141821202491189e-8,-3.7749996003572186e-10
-35.55,-3.146658421984182e-8,-3.7818617131311615e-10
-35.54,-3.151504238363923e-8,-3.7887378309728096e-10
-35.53,-3.156358668809572e-8,-3.795627987439974e-10
-35.52,-3.161221730495365e-8,-3.802532211325178e-10
-35.51,-3.1660934406708594e-8,-3.80945053366618e-10
-35.5,-3.170973816572746e-8,-3.816382987170864e-10
-35.49,-3.175862875521398e-8,-3.8233296048377246e-10
-35.48,-3.180760634851375e-8,-3.830290415309892e-10
-35.47,-3.185667111936735e-8,-3.8372654545327734e-10
-35.46,-3.1905823242331654e-8,-3.8442547494750147e-10
-35.45,-3.195506289133931e-8,-3.851258335934574e-10
-35.44,-3.2004390241763504e-8,-3.8582762443565853e-10
-35.43,-3.2053805468860256e-8,-3.8653085079764837e-10
-35.42,-3.2103308748297756e-8,-3.872355158247606e-10
-35.41,-3.2152900256082324e-8,-3.879416228062064e-10
-35.4,-3.22025801688482e-8,-3.8864917487848256e-10
-35.39,-3.225234866328321e-8,-3.893581753448398e-10
-35.38,-3.23022059170378e-8,-3.9006862744029153e-10
-35.37,-3.2352152106925415e-8,-3.9078053458255785e-10
-35.36,-3.2402187411775596e-8,-3.9149389993072317e-10
-35.35,-3.2452312009748706e-8,-3.922087266365404e-10
-35.34,-3.2502526079649576e-8,-3.9292501802980804e-10
-35.33,-3.2552829800732256e-8,-3.936427776374267e-10
-35.32,-3.260322335254767e-8,-3.9436200859123437e-10
-35.31,-3.265370691510011e-8,-3.9508271415737985e-10
-35.3,-3.270428066875701e-8,-3.958048976933549e-10
-35.29,-3.275494479439788e-8,-3.9652856252534056e-10
-35.28,-3.280569947305906e-8,-3.9725371200100587e-10
-35.27,-3.285654488657833e-8,-3.9798034954796266e-10
-35.26,-3.2907481216678435e-8,-3.987084783690146e-10
-35.25,-3.295850864581352e-8,-3.9943810183128837e-10
-35.24,-3.300962735691909e-8,-4.001692233985873e-10
-35.23,-3.3060837533015545e-8,-4.0090184644950677e-10
-35.22,-3.311213935772284e-8,-4.01635974338113e-10
-35.21,-3.316353301514487e-8,-4.0237161028872094e-10
-35.2,-3.321501868949993e-8,-4.031087580879521e-10
-35.19,-3.326659656578941e-8,-4.038474208673982e-10
-35.18,-3.33182668290619e-8,-4.045876019417009e-10
-35.17,-3.3370029665185865e-8,-4.053293049081639e-10
-35.16,-3.342188525986492e-8,-4.0607253320904685e-10
-35.15,-3.347383379968125e-8,-4.0681729026551037e-10
-35.14,-3.352587547157929e-8,-4.075635794875333e-10
-35.13,-3.3578010462775214e-8,-4.083114043257098e-10
-35.12,-3.363023896086033e-8,-4.0906076833411165e-10
-35.11,-3.3682561153997955e-8,-4.098116748932151e-10
-35.1,-3.373497723065383e-8,-4.1056412765322514e-10
-35.09,-3.3787487379884996e-8,-4.1131812975871196e-10
-35.08,-3.384009179095413e-8,-4.1207368495579157e-10
-35.07,-3.3892790653396666e-8,-4.1283079688902005e-10
-35.06,-3.3945584157702194e-8,-4.1358946879246384e-10
-35.05,-3.399847249413955e-8,-4.143497043261119e-10
-35.04,-3.4051455854315936e-8,-4.151115071547071e-10
-35.03,-3.4104534429106954e-8,-4.1587488043757323e-10
-35.02,-3.415770841048215e-8,-4.166398280716923e-10
-35.01,-3.4210977990902384e-8,-4.174063535181627e-10
-35.0,-3.42643433628142e-8,-4.181744603667928e-10
-34.99,-3.431780471964134e-8,-4.189441519929812e-10
-34.98,-3.437136225471406e-8,-4.197154323700075e-10
-34.97,-3.442501616211687e-8,-4.2048830483646847e-10
-34.96,-3.4478766636309115e-8,-4.2126277299795704e-10
-34.95,-3.453261387207298e-8,-4.2203884044565945e-10
-34.94,-3.458655806454489e-8,-4.228165110369346e-10
-34.93,-3.46405994099164e-8,-4.235957879976179e-10
-34.92,-3.469473810379055e-8,-4.2437667547513287e-10
-34.91,-3.4748974342963436e-8,-4.251591766254383e-10
-34.9,-3.4803308324651406e-8,-4.2594329531297213e-10
-34.89,-3.485774024590307e-8,-4.2672903529011197e-10
-34.88,-3.4912270304824243e-8,-4.275164002202785e-10
-34.87,-3.496689869977139e-8,-4.2830539346696823e-10
-34.86,-3.502162562941665e-8,-4.290960191331778e-10
-34.85,-3.507645129295203e-8,-4.298882807997922e-10
-34.84,-3.5131375890140534e-8,-4.3068218217290726e-10
-34.83,-3.518639962089996e-8,-4.3147772685295007e-10
-34.82,-3.524152268588646e-8,-4.3227491858403915e-10
-34.81,-3.529674528596291e-8,-4.3307376125055547e-10
-34.8,-3.53520676227727e-8,-4.3387425859676453e-10
-34.79,-3.540748989798178e-8,-4.346764141026555e-10
-34.78,-3.546301231397159e-8,-4.354802318840803e-10
-34.77,-3.551863507340039e-8,-4.3628571549660785e-10
-34.76,-3.55743583795506e-8,-4.3709286888389854e-10
-34.75,-3.563018243609154e-8,-4.379016956806835e-10
-34.74,-3.56861074472353e-8,-4.387121996976557e-10
-34.73,-3.5742133617320705e-8,-4.39524384848013e-10
-34.72,-3.5798261151387136e-8,-4.4033825510996584e-10
-34.71,-3.5854490255382136e-8,-4.4115381370371374e-10
-34.7,-3.591082113471668e-8,-4.4197106517610873e-10
-34.69,-3.596725399587264e-8,-4.427900129696262e-10
-34.68,-3.602378904571003e-8,-4.436106610633352e-10
-34.67,-3.608042649163805e-8,-4.4443301328958666e-10
-34.66,-3.613716654141014e-8,-4.452570735690048e-10
-34.65,-3.619400940320355e-8,-4.4608284562606507e-10
-34.64,-3.6250955285619245e-8,-4.469103336630506e-10
-34.63,-3.630800439798451e-8,-4.477395414635955e-10
-34.62,-3.636515694985745e-8,-4.485704726581515e-10
-34.61,-3.6422413151226056e-8,-4.4940313157948665e-10
-34.6,-3.6479773212865e-8,-4.5023752193421235e-10
-34.59,-3.6537237345563586e-8,-4.5107364781178825e-10
-34.58,-3.6594805760929896e-8,-4.5191151289638496e-10
-34.57,-3.665247867077729e-8,-4.5275112138264365e-10
-34.56,-3.6710256287781645e-8,-4.5359247722049066e-10
-34.55,-3.6768138824662926e-8,-4.5443558431318895e-10
-34.54,-3.682612649484229e-8,-4.552804467366525e-10
-34.53,-3.6884219512227017e-8,-4.5612706840150586e-10
-34.52,-3.694241809107946e-8,-4.569754534390664e-10
-34.51,-3.700072244619822e-8,-4.578256058382261e-10
-34.5,-3.7059132793033555e-8,-4.586775295613696e-10
-34.49,-3.711764934707257e-8,-4.595312286425295e-10
-34.48,-3.717627232466332e-8,-4.6038670719501485e-10
-34.47,-3.723500194277447e-8,-4.6124396917627106e-10
-34.46,-3.7293838418178245e-8,-4.621030187582224e-10
-34.45,-3.7352781968914785e-8,-4.6296386008399993e-10
-34.44,-3.741183281286058e-8,-4.6382649723287593e-10
-34.43,-3.747099116918081e-8,-4.646909339738151e-10
-34.42,-3.753025725658083e-8,-4.655571748737614e-10
-34.41,-3.758963129486077e-8,-4.664252238005714e-10
-34.4,-3.764911350408972e-8,-4.672950849559244e-10
-34.39,-3.770870410491472e-8,-4.681667623500249e-10
-34.38,-3.7768403318414743e-8,-4.690402604349249e-10
-34.37,-3.7828211366361904e-8,-4.699155831334206e-10
-34.36,-3.788812847063266e-8,-4.707927346143215e-10
-34.35,-3.794815485385801e-8,-4.716717191702699e-10
-34.34,-3.800829073924478e-8,-4.725525408454489e-10
-34.33,-3.806853635046773e-8,-4.734352039860084e-10
-34.32,-3.8128891911326075e-8,-4.743197127630808e-10
-34.31,-3.818935764677945e-8,-4.75206071439797e-10
-34.3,-3.824993378149753e-8,-4.760942841102068e-10
-34.29,-3.831062054138805e-8,-4.769843550918306e-10
-34.28,-3.837141815253152e-8,-4.778762887195438e-10
-34.27,-3.843232684136233e-8,-4.787700892366809e-10
-34.26,-3.8493346835112756e-8,-4.79665760778925e-10
-34.25,-3.855447836129304e-8,-4.80563307826601e-10
-34.24,-3.861572164833509e-8,-4.81462734349566e-10
-34.23,-3.8677076924612815e-8,-4.823640451853704e-10
-34.22,-3.873854441921515e-8,-4.832672441002051e-10
-34.21,-3.8800124361928314e-8,-4.841723358722727e-10
-34.2,-3.886181698302033e-8,-4.850793244771648e-10
-34.19,-3.892362251305501e-8,-4.859882142951523e-10
-34.18,-3.898554118331906e-8,-4.868990100556341e-10
-34.17,-3.904757322535635e-8,-4.878117158101509e-10
-34.16,-3.910971887167061e-8,-4.887263359137475e-10
-34.15,-3.917197835490346e-8,-4.896428749510507e-10
-34.14,-3.923435190816447e-8,-4.905613372322711e-10
-34.13,-3.929683976560724e-8,-4.914817271754909e-10
-34.12,-3.935944216128837e-8,-4.92404049108655e-10
-34.11,-3.942215933017854e-8,-4.933283076862368e-10
-34.1,-3.948499150766059e-8,-4.942545071601894e-10
-34.09,-3.954793892964052e-8,-4.951826519878258e-10
-34.08,-3.961100183259554e-8,-4.961127468130521e-10
-34.07,-3.9674180453492175e-8,-4.970447959556926e-10
-34.06,-3.973747502963855e-8,-4.979788039063953e-10
-34.05,-3.980088579919252e-8,-4.989147752434976e-10
-34.04,-3.986441300086485e-8,-4.998527144731409e-10
-34.03,-3.992805687368516e-8,-5.007926260135843e-10
-34.02,-3.999181765703304e-8,-5.017345145731771e-10
-34.01,-4.005569559155152e-8,-5.026783845371898e-10
-34.0,-4.0119690917467686e-8,-5.03624240530144e-10
-33.99,-4.0183803876407856e-8,-5.045720870730752e-10
-33.98,-4.024803471011654e-8,-5.055219289303123e-10
-33.97,-4.0312383660752876e-8,-5.064737703589163e-10
-33.96,-4.0376850971129623e-8,-5.074276162822634e-10
-33.95,-4.04414368850454e-8,-5.083834711182629e-10
-33.94,-4.05061416462113e-8,-5.093413395360012e-10
-33.93,-4.0570965499373805e-8,-5.103012262429716e-10
-33.92,-4.063590868926168e-8,-5.112631358960931e-10
-33.91,-4.070097146157919e-8,-5.122270729377004e-10
-33.9,-4.076615406283866e-8,-5.131930422244508e-10
-33.89,-4.083145673934496e-8,-5.141610484038135e-10
-33.88,-4.0896879738694115e-8,-5.151310962732722e-10
-33.87,-4.096242330866249e-8,-5.161031902138542e-10
-33.86,-4.102808769749722e-8,-5.1707733541019e-10
-33.85,-4.109387315429009e-8,-5.180535361414172e-10
-33.84,-4.11597799286057e-8,-5.190317974222113e-10
-33.83,-4.1225808270041495e-8,-5.200121239861752e-10
-33.82,-4.1291958430097625e-8,-5.209945203861206e-10
-33.81,-4.135823065950964e-8,-5.219789915773269e-10
-33.8,-4.1424625209871714e-8,-5.229655423314868e-10
-33.79,-4.149114233358058e-8,-5.239541774646981e-10
-33.78,-4.155778228387279e-8,-5.249449017197955e-10
-33.77,-4.162454531392609e-8,-5.259377199567126e-10
-33.76,-4.1691431677962604e-8,-5.269326369903351e-10
-33.75,-4.175844163051962e-8,-5.279296576510958e-10
-33.74,-4.1825575426659965e-8,-5.289287868440474e-10
-33.73,-4.18928333224528e-8,-5.299300294482751e-10
-33.72,-4.1960215573872954e-8,-5.30933390302917e-10
-33.71,-4.202772243804267e-8,-5.319388742828545e-10
-33.7,-4.2095354172519715e-8,-5.32946486298386e-10
-33.69,-4.216311103548357e-8,-5.339562312816229e-10
-33.68,-4.223099328506369e-8,-5.349681141882268e-10
-33.67,-4.229900118111534e-8,-5.359821400209577e-10
-33.66,-4.2367134983062966e-8,-5.369983135480035e-10
-33.65,-4.243539495164132e-8,-5.380166398225044e-10
-33.64,-4.250378134756678e-8,-5.390371239526224e-10
-33.63,-4.25722944326916e-8,-5.400597707437309e-10
-33.62,-4.2640934469000756e-8,-5.410845853357338e-10
-33.61,-4.270970171925469e-8,-5.421115726564242e-10
-33.6,-4.277859644698965e-8,-5.431407377261118e-10
-33.59,-4.284761891622926e-8,-5.441720856084303e-10
-33.58,-4.291676939120535e-8,-5.452056213611832e-10
-33.57,-4.298604813726746e-8,-5.462413501543146e-10
-33.56,-4.3055455420392464e-8,-5.472792769607257e-10
-33.55,-4.312499150633458e-8,-5.483194068114871e-10
-33.54,-4.319465666260074e-8,-5.493617447869751e-10
-33.53,-4.326445115675104e-8,-5.504062962617437e-10
-33.52,-4.333437525654585e-8,-5.51453066039596e-10
-33.51,-4.3404429231029914e-8,-5.525020595316425e-10
-33.5,-4.3474613349608815e-8,-5.535532819006934e-10
-33.49,-4.354492788225661e-8,-5.546067379705384e-10
-33.48,-4.3615373099487123e-8,-5.556624330876762e-10
-33.47,-4.3685949272482246e-8,-5.567203726296461e-10
-33.46,-4.375665667325785e-8,-5.577805616130584e-10
-33.45,-4.38274955741204e-8,-5.588430053255419e-10
-33.44,-4.3898466248064627e-8,-5.599077089893552e-10
-33.43,-4.396956896891679e-8,-5.609746778455089e-10
-33.42,-4.404080401098515e-8,-5.620439170772616e-10
-33.41,-4.41121716487056e-8,-5.63115432129596e-10
-33.4,-4.4183672158588326e-8,-5.641892281017274e-10
-33.39,-4.425530581592914e-8,-5.652653103332109e-10
-33.38,-4.432707289781719e-8,-5.663436842649209e-10
-33.37,-4.439897368164937e-8,-5.674243549583836e-10
-33.36,-4.44710084455453e-8,-5.685073280654037e-10
-33.35,-4.454317746815852e-8,-5.695926086724138e-10
-33.34,-4.461548102862768e-8,-5.706802023302387e-10
-33.33,-4.468791940720446e-8,-5.717701141966804e-10
-33.32,-4.476049288395633e-8,-5.72862349928334e-10
-33.31,-4.483320174052894e-8,-5.739569147375529e-10
-33.3,-4.49060462587924e-8,-5.750538140163282e-10
-33.29,-4.4979026721124666e-8,-5.761530533336331e-10
-33.28,-4.505214341039885e-8,-5.772546380302503e-10
-33.27,-4.512539661087861e-8,-5.783585736742253e-10
-33.26,-4.519878660642283e-8,-5.79464865588842e-10
-33.25,-4.5272313682526636e-8,-5.80573519350176e-10
-33.24,-4.5345978124713175e-8,-5.816845404109021e-10
-33.23,-4.541978021938935e-8,-5.827979343294288e-10
-33.22,-4.5493720253554496e-8,-5.839137064876135e-10
-33.21,-4.556779851473991e-8,-5.850318626840651e-10
-33.2,-4.564201529150582e-8,-5.86152408188018e-10
-33.19,-4.571637087262277e-8,-5.872753487213842e-10
-33.18,-4.579086554762502e-8,-5.884006898325659e-10
-33.17,-4.5865499607041995e-8,-5.895284371577554e-10
-33.16,-4.594027334171751e-8,-5.906585963138147e-10
-33.15,-4.601518704320678e-8,-5.917911727527843e-10
-33.14,-4.609024100383304e-8,-5.929261722868639e-10
-33.13,-4.6165435516410094e-8,-5.940636003951463e-10
-33.12,-4.624077087458028e-8,-5.952034629216139e-10
-33.11,-4.631624737272093e-8,-5.963457654264375e-10
-33.1,-4.639186530550487e-8,-5.974905136598065e-10
-33.09,-4.646762496880257e-8,-5.98637713278415e-10
-33.08,-4.654352665892372e-8,-5.997873700458279e-10
-33.07,-4.661957067249754e-8,-6.009394897312503e-10
-33.06,-4.6695757307424324e-8,-6.020940778711523e-10
-33.05,-4.6772086861799264e-8,-6.032511405238524e-10
-33.04,-4.684855963470647e-8,-6.044106832223049e-10
-33.03,-4.692517592595899e-8,-6.055727117825921e-10
-33.02,-4.7001936035369455e-8,-6.067372322821302e-10
-33.01,-4.70788402647275e-8,-6.079042501704165e-10
-33.0,-4.715588891508218e-8,-6.090737714900932e-10
-32.99,-4.723308228914262e-8,-6.102458021021588e-10
-32.98,-4.7310420690047626e-8,-6.114203477212992e-10
-32.97,-4.7387904421427415e-8,-6.125974143520732e-10
-32.96,-4.746553378782959e-8,-6.137770078160179e-10
-32.95,-4.7543309094327263e-8,-6.149591339813039e-10
-32.94,-4.762123064673375e-8,-6.161437989030207e-10
-32.93,-4.769929875198632e-8,-6.173310084867921e-10
-32.92,-4.7777513716991274e-8,-6.185207686547078e-10
-32.91,-4.7855875849742346e-8,-6.197130852684181e-10
-32.9,-4.79343854589221e-8,-6.209079644415779e-10
-32.89,-4.801304285397594e-8,-6.221054120603792e-10
-32.88,-4.809184834483034e-8,-6.233054342859082e-10
-32.87,-4.8170802242310654e-8,-6.245080370517195e-10
-32.86,-4.82499048580634e-8,-6.257132263508427e-10
-32.85,-4.832915650391866e-8,-6.269210082706937e-10
-32.84,-4.84085574931219e-8,-6.281313890122952e-10
-32.83,-4.8488108139269315e-8,-6.293443743569613e-10
-32.82,-4.8567808756542095e-8,-6.305599707248998e-10
-32.81,-4.864765966007776e-8,-6.317781839983726e-10
-32.8,-4.872766116561896e-8,-6.329990204313487e-10
-32.79,-4.8807813589850675e-8,-6.342224861221367e-10
-32.78,-4.888811724958833e-8,-6.35448587364916e-10
-32.77,-4.8968572463146726e-8,-6.36677330122249e-10
-32.76,-4.904917954896897e-8,-6.379087208088222e-10
-32.75,-4.912993882646673e-8,-6.391427653158245e-10
-32.74,-4.921085061625569e-8,-6.403794701210436e-10
-32.73,-4.929191523856424e-8,-6.41618841415067e-10
-32.72,-4.93731330152819e-8,-6.428608854234348e-10
-32.71,-4.945450426860571e-8,-6.441056083600081e-10
-32.7,-4.953602932181067e-8,-6.453530166968412e-10
-32.69,-4.961770849837991e-8,-6.466031166051519e-10
-32.68,-4.969954212311726e-8,-6.47855914268871e-10
-32.67,-4.978153052128099e-8,-6.491114163507942e-10
-32.66,-4.9863674019032206e-8,-6.503696288684308e-10
-32.65,-4.994597294274351e-8,-6.51630558211172e-10
-32.64,-5.002842762028413e-8,-6.528942110460259e-10
-32.63,-5.011103837978001e-8,-6.541605933636629e-10
-32.62,-5.019380555038297e-8,-6.554297120747124e-10
-32.61,-5.027672946183951e-8,-6.567015731565448e-10
-32.6,-5.035981044466346e-8,-6.579761832218626e-10
-32.59,-5.044304883014581e-8,-6.592535487923324e-10
-32.58,-5.0526444950334e-8,-6.60533676216219e-10
-32.57,-5.060999913786768e-8,-6.618165721272833e-10
-32.56,-5.069371172681505e-8,-6.631022427828807e-10
-32.55,-5.0777583050851526e-8,-6.643906950967837e-10
-32.54,-5.086161344585095e-8,-6.656819352348089e-10
-32.53,-5.094580324702696e-8,-6.669759700232858e-10
-32.52,-5.10301527914117e-8,-6.682728057618614e-10
-32.51,-5.111466241632881e-8,-6.695724492743412e-10
-32.5,-5.119933245982839e-8,-6.708749071451741e-10
-32.49,-5.128416326085727e-8,-6.721801857533874e-10
-32.48,-5.136915515952665e-8,-6.734882921238467e-10
-32.47,-5.145430849611637e-8,-6.747992325550497e-10
-32.46,-5.1539623611691115e-8,-6.761130139648797e-10
-32.45,-5.162510084877811e-8,-6.774296428969455e-10
-32.44,-5.171074055006948e-8,-6.787491260296571e-10
-32.43,-5.179654305912695e-8,-6.800714702851622e-10
-32.42,-5.188250872056419e-8,-6.813966821754876e-10
-32.41,-5.196863787956308e-8,-6.8272476866416e-10
-32.4,-5.205493088212831e-8,-6.840557362280997e-10
-32.39,-5.214138807507297e-8,-6.853895919939356e-10
-32.38,-5.2228009805989055e-8,-6.867263425390286e-10
-32.37,-5.231479642347213e-8,-6.880659947659325e-10
-32.36,-5.2401748276634595e-8,-6.894085554798344e-10
-32.35,-5.248886571546917e-8,-6.907540316214812e-10
-32.34,-5.25761490908696e-8,-6.921024299586431e-10
-32.33,-5.266359875444973e-8,-6.93453757468552e-10
-32.32,-5.2751215058633665e-8,-6.948080209802073e-10
-32.31,-5.2838998356645373e-8,-6.961652275476028e-10
-32.3,-5.2926949002714014e-8,-6.975253839769217e-10
-32.29,-5.301506735157539e-8,-6.988884972560533e-10
-32.28,-5.310335375880057e-8,-7.002545743657151e-10
-32.27,-5.319180858118471e-8,-7.016236223249386e-10
-32.26,-5.328043217602547e-8,-7.02995648105412e-10
-32.25,-5.336922490127231e-8,-7.043706589437861e-10
-32.24,-5.345818711611985e-8,-7.057486614860862e-10
-32.23,-5.3547319180256495e-8,-7.071296630917238e-10
-32.22,-5.363662145437642e-8,-7.085136709096627e-10
-32.21,-5.372609429988335e-8,-7.099006917693146e-10
-32.2,-5.38157380791484e-8,-7.112907329746354e-10
-32.19,-5.390555315524658e-8,-7.126838015543287e-10
-32.18,-5.399553989233578e-8,-7.140799047191806e-10
-32.17,-5.408569865486569e-8,-7.154790497994537e-10
-32.16,-5.417602980872678e-8,-7.16881243524466e-10
-32.15,-5.42665337203843e-8,-7.18286493606323e-10
-32.14,-5.435721075716906e-8,-7.196948070818659e-10
-32.13,-5.444806128720527e-8,-7.211061911545607e-10
-32.12,-5.453908567959722e-8,-7.225206531593198e-10
-32.11,-5.4630284304171184e-8,-7.23938200303082e-10
-32.1,-5.4721657531721205e-8,-7.253588398416926e-10
-32.09,-5.4813205733793395e-8,-7.267825791267243e-10
-32.08,-5.4904929282832786e-8,-7.282094255797995e-10
-32.07,-5.4996828552143566e-8,-7.296393865172831e-10
-32.06,-5.5088903915787727e-8,-7.310724693666035e-10
-32.05,-5.5181155749074556e-8,-7.325086813599919e-10
-32.04,-5.5273584427594655e-8,-7.339480300089399e-10
-32.03,-5.5366190328305e-8,-7.353905225594075e-10
-32.02,-5.545897382865699e-8,-7.368361668310712e-10
-32.01,-5.555193530735967e-8,-7.382849699819177e-10
-32.0,-5.564507514368145e-8,-7.397369395517181e-10
-31.99,-5.573839371782143e-8,-7.411920831070721e-10
-31.98,-5.5831891410945156e-8,-7.426504082507404e-10
-31.97,-5.592556860505175e-8,-7.441119221848343e-10
-31.96,-5.601942568313071e-8,-7.4557663291752e-10
-31.95,-5.611346302883243e-8,-7.4704454764515e-10
-31.94,-5.6207681026916567e-8,-7.485156741807961e-10
-31.93,-5.630208006278414e-8,-7.499900200378805e-10
-31.92,-5.639666052301313e-8,-7.514675929614883e-10
-31.91,-5.649142279498271e-8,-7.529484003652414e-10
-31.9,-5.658636726672345e-8,-7.544324502140549e-10
-31.89,-5.6681494327556305e-8,-7.559197500751453e-10
-31.88,-5.677680436734547e-8,-7.574103077853151e-10
-31.87,-5.687229777708847e-8,-7.589041307154209e-10
-31.86,-5.696797494863794e-8,-7.604012268745629e-10
-31.85,-5.70638362747916e-8,-7.619016040552636e-10
-31.84,-5.715988214898062e-8,-7.634052699573342e-10
-31.83,-5.7256112965939256e-8,-7.649122325243248e-10
-31.82,-5.735252912112553e-8,-7.664224994699952e-10
-31.81,-5.744913101086101e-8,-7.679360786184977e-10
-31.8,-5.754591903246946e-8,-7.694529777972699e-10
-31.79,-5.764289358417959e-8,-7.70973204954267e-10
-31.78,-5.774005506511329e-8,-7.724967682214683e-10
-31.77,-5.7837403875392996e-8,-7.740236750634408e-10
-31.76,-5.793494041593171e-8,-7.755539337712224e-10
-31.75,-5.803266508867104e-8,-7.77087552078136e-10
-31.74,-5.81305782964605e-8,-7.786245383753342e-10
-31.73,-5.82286804431123e-8,-7.801649002263472e-10
-31.72,-5.832697193333703e-8,-7.817086458484296e-10
-31.71,-5.8425453172734057e-8,-7.832557833107829e-10
-31.7,-5.8524124568048764e-8,-7.848063204669246e-10
-31.69,-5.86229865265976e-8,-7.863602657274905e-10
-31.68,-5.872203945693097e-8,-7.879176271380035e-10
-31.67,-5.882128376863609e-8,-7.894784124432315e-10
-31.66,-5.892071987198072e-8,-7.910426302023491e-10
-31.65,-5.902034817821161e-8,-7.926102884609651e-10
-31.64,-5.912016909973683e-8,-7.941813954329458e-10
-31.63,-5.9220183049743564e-8,-7.957559593187001e-10
-31.62,-5.932039044243224e-8,-7.97333988240801e-10
-31.61,-5.94207916928533e-8,-7.989154905356923e-10
-31.6,-5.9521387217348735e-8,-8.005004745579099e-10
-31.59,-5.962217743287424e-8,-8.020889483062786e-10
-31.58,-5.972316275744466e-8,-8.036809205000726e-10
-31.57,-5.982434361023355e-8,-8.05276399173814e-10
-31.56,-5.992572041094769e-8,-8.068753928798012e-10
-31.55,-6.002729358090045e-8,-8.084779098668689e-10
-31.54,-6.012906354181443e-8,-8.100839583984521e-10
-31.53,-6.02310307166492e-8,-8.116935472692173e-10
-31.52,-6.03331955294012e-8,-8.133066843205918e-10
-31.51,-6.043555840489953e-8,-8.149233787730824e-10
-31.5,-6.053811976884644e-8,-8.165436386224834e-10
-31.49,-6.064088004847717e-8,-8.181674722640842e-10
-31.48,-6.074383967151921e-8,-8.197948886332965e-10
-31.47,-6.084699906660768e-8,-8.214258959490706e-10
-31.46,-6.09503586637393e-8,-8.230605029718483e-10
-31.45,-6.105391889392435e-8,-8.24698718129142e-10
-31.44,-6.115768018876828e-8,-8.263405502614723e-10
-31.43,-6.126164298117174e-8,-8.279860076603304e-10
-31.42,-6.136580770506514e-8,-8.296350991597531e-10
-31.41,-6.147017479541924e-8,-8.312878336041613e-10
-31.4,-6.157474468788126e-8,-8.329442193138472e-10
-31.39,-6.167951781924221e-8,-8.346042654543348e-10
-31.38,-6.178449462784743e-8,-8.362679802562931e-10
-31.37,-6.188967555239335e-8,-8.379353728624384e-10
-31.36,-6.19950610327964e-8,-8.396064519965597e-10
-31.35,-6.210065150996701e-8,-8.41281226373598e-10
-31.34,-6.220644742599905e-8,-8.429597047195318e-10
-31.33,-6.231244922387998e-8,-8.446418962493502e-10
-31.32,-6.241865734772711e-8,-8.463278094210348e-10
-31.31,-6.252507224257369e-8,-8.480174533809082e-10
-31.3,-6.263169435450947e-8,-8.49710837022669e-10
-31.29,-6.273852413080184e-8,-8.514079691146279e-10
-31.28,-6.28455620195404e-8,-8.531088587487761e-10
-31.27,-6.295280846997218e-8,-8.54813514938924e-10
-31.26,-6.306026393255052e-8,-8.565219467021654e-10
-31.25,-6.316792885841096e-8,-8.582341629389908e-10
-31.24,-6.327580370005742e-8,-8.599501728521856e-10
-31.23,-6.338388891101042e-8,-8.61669985455599e-10
-31.22,-6.349218494561598e-8,-8.633936096506279e-10
-31.21,-6.360069225955176e-8,-8.651210548748159e-10
-31.2,-6.370941130931849e-8,-8.668523301361583e-10
-31.19,-6.381834255268199e-8,-8.685874445761291e-10
-31.18,-6.39274864483461e-8,-8.703264072092528e-10
-31.17,-6.403684345627626e-8,-8.720692278382299e-10
-31.16,-6.4146414037214e-8,-8.738159150033317e-10
-31.15,-6.425619865313222e-8,-8.755664784006641e-10
-31.14,-6.436619776718255e-8,-8.773209270604629e-10
-31.13,-6.44764118433608e-8,-8.790792704637623e-10
-31.12,-6.458684134698148e-8,-8.808415178156882e-10
-31.11,-6.469748674426419e-8,-8.826076786205999e-10
-31.1,-6.480834850274345e-8,-8.843777620346323e-10
-31.09,-6.491942709066119e-8,-8.86151777579832e-10
-31.08,-6.503072297776144e-8,-8.879297348324002e-10
-31.07,-6.514223663449774e-8,-8.897116429044374e-10
-31.06,-6.525396853274587e-8,-8.914975115790289e-10
-31.05,-6.536591914566913e-8,-8.932873501053452e-10
-31.04,-6.547808894667998e-8,-8.95081168225826e-10
-31.03,-6.559047841121738e-8,-8.968789751726602e-10
-31.02,-6.570308801523833e-8,-8.98680780781569e-10
-31.01,-6.581591823616352e-8,-9.004865945837682e-10
-31.0,-6.592896955241362e-8,-9.022964260390311e-10
-30.99,-6.60422424434105e-8,-9.041102851633051e-10
-30.98,-6.615573738989019e-8,-9.059281811566557e-10
-30.97,-6.626945487362322e-8,-9.07750124051954e-10
-30.96,-6.63833953773e-8,-9.09576123339058e-10
-30.95,-6.649755938522579e-8,-9.114061888742343e-10
-30.94,-6.661194738235244e-8,-9.132403303421096e-10
-30.93,-6.672655985507138e-8,-9.150785575583369e-10
-30.92,-6.684139729053886e-8,-9.169208802479987e-10
-30.91,-6.695646017774933e-8,-9.187673085322178e-10
-30.9,-6.707174900602848e-8,-9.206178520113444e-10
-30.89,-6.718726426641604e-8,-9.224725204663393e-10
-30.88,-6.730300645078457e-8,-9.24331324015868e-10
-30.87,-6.741897605236476e-8,-9.261942725988321e-10
-30.86,-6.753517356543407e-8,-9.280613760191637e-10
-30.85,-6.765159948543317e-8,-9.299326444490358e-10
-30.84,-6.776825430898175e-8,-9.318080877073997e-10
-30.83,-6.788513853366648e-8,-9.33687715911215e-10
-30.82,-6.800225265863983e-8,-9.355715391206168e-10
-30.81,-6.811959718406943e-8,-9.37459567413541e-10
-30.8,-6.823717261107275e-8,-9.393518109369935e-10
-30.79,-6.835497944208743e-8,-9.412482797250944e-10
-30.78,-6.847301818079086e-8,-9.43148984116456e-10
-30.77,-6.859128933184419e-8,-9.450539340039224e-10
-30.76,-6.870979340148858e-8,-9.469631398187682e-10
-30.75,-6.882853089669097e-8,-9.48876611744122e-10
-30.74,-6.894750232594667e-8,-9.50794360072947e-10
-30.73,-6.906670819865775e-8,-9.527163949546407e-10
-30.72,-6.918614902554927e-8,-9.546427269061653e-10
-30.71,-6.930582531864683e-8,-9.565733661174008e-10
-30.7,-6.942573759083983e-8,-9.585083230089735e-10
-30.69,-6.954588635702958e-8,-9.6044760797508e-10
-30.68,-6.966627213205055e-8,-9.6239123134706e-10
-30.67,-6.978689543319065e-8,-9.643392037941258e-10
-30.66,-6.990775677819483e-8,-9.662915354537194e-10
-30.65,-7.002885668623682e-8,-9.682482370603298e-10
-30.64,-7.01501956775685e-8,-9.702093191919324e-10
-30.63,-7.027177427416488e-8,-9.721747921385803e-10
-30.62,-7.039359299845294e-8,-9.741446666492678e-10
-30.61,-7.051565237462213e-8,-9.761189532708949e-10
-30.6,-7.063795292797142e-8,-9.780976626711995e-10
-30.59,-7.076049518505463e-8,-9.800808054735135e-10
-30.58,-7.088327967360178e-8,-9.82068392394908e-10
-30.57,-7.10063069225764e-8,-9.840604340858002e-10
-30.56,-7.112957746230806e-8,-9.860569413046981e-10
-30.55,-7.125309182406763e-8,-9.880579248106885e-10
-30.54,-7.137685054071728e-8,-9.900633954482923e-10
-30.53,-7.150085414590205e-8,-9.92073363935379e-10
-30.52,-7.162510317552676e-8,-9.94087841260601e-10
-30.51,-7.174959816547964e-8,-9.961068381176355e-10
-30.5,-7.187433965364466e-8,-9.98130365650984e-10
-30.49,-7.19993281790905e-8,-1.000158434369144e-9
-30.48,-7.212456428178471e-8,-1.002191055569401e-9
-30.47,-7.225004850371188e-8,-1.0042282401124548e-9
-30.46,-7.237578138750881e-8,-1.00626999910203e-9
-30.45,-7.250176347701174e-8,-1.008316343550594e-9
-30.44,-7.262799531783172e-8,-1.0103672843097925e-9
-30.43,-7.275447745648732e-8,-1.0124228328026888e-9
-30.42,-7.288121044081075e-8,-1.0144829999005757e-9
-30.41,-7.300819482025435e-8,-1.0165477968231869e-9
-30.4,-7.313543114521334e-8,-1.0186172348645135e-9
-30.39,-7.326291996728887e-8,-1.0206913250063297e-9
-30.38,-7.339066183979537e-8,-1.0227700785706585e-9
-30.37,-7.3518657316878e-8,-1.0248535068523407e-9
-30.36,-7.364690695445351e-8,-1.0269416211747298e-9
-30.35,-7.377541130923536e-8,-1.0290344327053486e-9
-30.34,-7.390417093991567e-8,-1.0311319529993295e-9
-30.33,-7.403318640566701e-8,-1.0332341932842474e-9
-30.32,-7.4162458267753e-8,-1.0353411649560025e-9
-30.31,-7.429198708837444e-8,-1.0374528795103622e-9
-30.3,-7.442177343064959e-8,-1.0395693483206393e-9
-30.29,-7.455181785996022e-8,-1.0416905829838529e-9
-30.28,-7.468212094241367e-8,-1.043816594979015e-9
-30.27,-7.481268324552984e-8,-1.0459473958117938e-9
-30.26,-7.494350533809593e-8,-1.0480829970650626e-9
-30.25,-7.507458779049867e-8,-1.0502234103485882e-9
-30.24,-7.520593117402308e-8,-1.0523686472449852e-9
-30.23,-7.533753606199787e-8,-1.0545187195421891e-9
-30.22,-7.546940302839857e-8,-1.0566736388874151e-9
-30.21,-7.560153264872778e-8,-1.058833416860358e-9
-30.2,-7.573392550003586e-8,-1.0609980654321335e-9
-30.19,-7.58665821608285e-8,-1.0631675962324219e-9
-30.18,-7.59995032105607e-8,-1.0653420210623022e-9
-30.17,-7.61326892301483e-8,-1.067521351903085e-9
-30.16,-7.626614080245409e-8,-1.0697056004934315e-9
-30.15,-7.639985851092649e-8,-1.0718947787440897e-9
-30.14,-7.653384294082318e-8,-1.0740888985582017e-9
-30.13,-7.666809467843914e-8,-1.0762879719829724e-9
-30.12,-7.680261431194497e-8,-1.0784920110033917e-9
-30.11,-7.693740243059587e-8,-1.0807010275608706e-9
-30.1,-7.707245962508037e-8,-1.0829150337121436e-9
-30.09,-7.720778648717542e-8,-1.0851340416040494e-9
-30.08,-7.734338361096311e-8,-1.087358063265131e-9
-30.07,-7.747925159056336e-8,-1.089587110912859e-9
-30.06,-7.761539102287794e-8,-1.0918211965990846e-9
-30.05,-7.77518025050744e-8,-1.094060332657831e-9
-30.04,-7.788848663674489e-8,-1.0963045313086958e-9
-30.03,-7.802544401763735e-8,-1.098553804720907e-9
-30.02,-7.81626752506331e-8,-1.100808165205555e-9
-30.01,-7.830018093833489e-8,-1.1030676250199279e-9
-30.0,-7.843796168566522e-8,-1.1053321967855104e-9
-29.99,-7.857601809889752e-8,-1.1076018926949637e-9
-29.98,-7.871435078525227e-8,-1.1098767250623468e-9
-29.97,-7.885296035434145e-8,-1.1121567065686284e-9
-29.96,-7.89918474161025e-8,-1.114441849422617e-9
-29.95,-7.913101258280623e-8,-1.1167321663824876e-9
-29.94,-7.92704564675582e-8,-1.1190276699226253e-9
-29.93,-7.941017968533196e-8,-1.1213283725107499e-9
-29.92,-7.955018285220901e-8,-1.1236342868975045e-9
-29.91,-7.969046658600404e-8,-1.1259454254939203e-9
-29.9,-7.9831031505825e-8,-1.1282618012970328e-9
-29.89,-7.997187823223583e-8,-1.1305834267484632e-9
-29.88,-8.011300738722221e-8,-1.1329103146560226e-9
-29.87,-8.025441959469004e-8,-1.1352424777816817e-9
-29.86,-8.0396115479159e-8,-1.137579928926859e-9
-29.85,-8.053809566757477e-8,-1.1399226808901846e-9
-29.84,-8.068036078753709e-8,-1.1422707466152713e-9
-29.83,-8.08229114686732e-8,-1.1446241388826491e-9
-29.82,-8.096574834181526e-8,-1.146982870666736e-9
-29.81,-8.110887203967955e-8,-1.1493469549025426e-9
-29.8,-8.125228319573331e-8,-1.1517164046564337e-9
-29.79,-8.139598244561631e-8,-1.154091232852618e-9
-29.78,-8.153997042628353e-8,-1.1564714525707335e-9
-29.77,-8.168424777604729e-8,-1.1588570768740267e-9
-29.76,-8.1828815134812e-8,-1.161248119011961e-9
-29.75,-8.197367314412517e-8,-1.1636445919248924e-9
-29.74,-8.211882244673566e-8,-1.1660465089809256e-9
-29.73,-8.226426368733926e-8,-1.168453883269932e-9
-29.72,-8.240999751173342e-8,-1.1708667282289565e-9
-29.71,-8.255602456759125e-8,-1.1732850568721835e-9
-29.7,-8.270234550364415e-8,-1.175708882710749e-9
-29.69,-8.28489609707109e-8,-1.1781382191445912e-9
-29.68,-8.299587162095322e-8,-1.180573079287954e-9
-29.67,-8.31430781078068e-8,-1.1830134768521783e-9
-29.66,-8.329058108662519e-8,-1.1854594250842134e-9
-29.65,-8.343838121406802e-8,-1.1879109375569017e-9
-29.64,-8.358647914834528e-8,-1.1903680278482758e-9
-29.63,-8.373487554942641e-8,-1.1928307092994748e-9
-29.62,-8.388357107863621e-8,-1.1952989957741926e-9
-29.61,-8.403256639907205e-8,-1.197772900699144e-9
-29.6,-8.418186217512653e-8,-1.2002524377974759e-9
-29.59,-8.433145907297684e-8,-1.202737620738922e-9
-29.58,-8.448135776013688e-8,-1.205228463413453e-9
-29.57,-8.463155890622726e-8,-1.2077249792587007e-9
-29.56,-8.478206318173842e-8,-1.2102271821388348e-9
-29.55,-8.493287125906704e-8,-1.212735086160962e-9
-29.54,-8.50839838125297e-8,-1.2152487049420997e-9
-29.53,-8.523540151738277e-8,-1.2177680524293126e-9
-29.52,-8.538712505116292e-8,-1.2202931426115331e-9
-29.51,-8.553915509236569e-8,-1.222823989269072e-9
-29.5,-8.569149232171584e-8,-1.2253606066503561e-9
-29.49,-8.584413742080356e-8,-1.2279030086041317e-9
-29.48,-8.599709107359742e-8,-1.2304512093088193e-9
-29.47,-8.615035396528665e-8,-1.2330052229291934e-9
-29.46,-8.630392678270116e-8,-1.2355650631925394e-9
-29.45,-8.645781021427598e-8,-1.2381307448736139e-9
-29.44,-8.661200495018954e-8,-1.2407022818041974e-9
-29.43,-8.676651168224102e-8,-1.2432796883215477e-9
-29.42,-8.692133110370837e-8,-1.2458629787789231e-9
-29.41,-8.707646390958546e-8,-1.2484521673281869e-9
-29.4,-8.723191079672674e-8,-1.251047268474684e-9
-29.39,-8.73876724631839e-8,-1.2536482966484085e-9
-29.38,-8.754374960931428e-8,-1.2562552660980106e-9
-29.37,-8.770014293644152e-8,-1.2588681913075155e-9
-29.36,-8.785685314782414e-8,-1.2614870869273965e-9
-29.35,-8.801388094855875e-8,-1.2641119674200751e-9
-29.34,-8.817122704526829e-8,-1.2667428472579037e-9
-29.33,-8.83288921462484e-8,-1.2693797411342912e-9
-29.32,-8.848687696137382e-8,-1.2720226637252145e-9
-29.31,-8.864518220246279e-8,-1.2746716296858928e-9
-29.3,-8.880380858247769e-8,-1.2773266537219384e-9
-29.29,-8.896275681685735e-8,-1.2799877505649744e-9
-29.28,-8.912202762206838e-8,-1.2826549351012584e-9
-29.27,-8.928162171667875e-8,-1.2853282220127764e-9
-29.26,-8.944153982061297e-8,-1.2880076262694336e-9
-29.25,-8.960178265580246e-8,-1.2906931628279426e-9
-29.24,-8.976235094590091e-8,-1.2933848464430564e-9
-29.23,-8.992324541593875e-8,-1.2960826921146834e-9
-29.22,-9.008446679292606e-8,-1.2987867149672304e-9
-29.21,-9.024601580554416e-8,-1.3014969300747483e-9
-29.2,-9.040789318427941e-8,-1.3042133524340179e-9
-29.19,-9.057009966115528e-8,-1.3069359971431874e-9
-29.18,-9.073263597007016e-8,-1.309664879613681e-9
-29.17,-9.089550284668629e-8,-1.3124000148282067e-9
-29.16,-9.105870102818887e-8,-1.315141417823833e-9
-29.15,-9.122223125383506e-8,-1.317889104248446e-9
-29.14,-9.138609426444712e-8,-1.3206430892070752e-9
-29.13,-9.155029080251668e-8,-1.3234033883275512e-9
-29.12,-9.17148216125181e-8,-1.3261700164592142e-9
-29.11,-9.1879687440492e-8,-1.3289429896634376e-9
-29.1,-9.204488903447852e-8,-1.3317223230064738e-9
-29.09,-9.221042714386013e-8,-1.33450803203415e-9
-29.08,-9.23763025203776e-8,-1.3373001324091715e-9
-29.07,-9.254251591708622e-8,-1.3400986398600215e-9
-29.06,-9.270906808898247e-8,-1.342903569578166e-9
-29.05,-9.28759597929003e-8,-1.3457149375439994e-9
-29.04,-9.304319178740784e-8,-1.3485327594624716e-9
-29.03,-9.321076483281305e-8,-1.3513570508879615e-9
-29.02,-9.337867969151421e-8,-1.354187827748647e-9
-29.01,-9.35469371273557e-8,-1.3570251057401344e-9
-29.0,-9.37155379060862e-8,-1.3598689009572095e-9
-28.99,-9.388448279537967e-8,-1.362719229137708e-9
-28.98,-9.40537725646293e-8,-1.3655761059924903e-9
-28.97,-9.422340798525116e-8,-1.3684395479038072e-9
-28.96,-9.439338983015037e-8,-1.3713095707967222e-9
-28.95,-9.456371887429651e-8,-1.3741861905654027e-9
-28.94,-9.473439589452635e-8,-1.377069423271904e-9
-28.93,-9.490542166938177e-8,-1.379959285314253e-9
-28.92,-9.507679697936382e-8,-1.3828557925104896e-9
-28.91,-9.524852260670859e-8,-1.3857589615178153e-9
-28.9,-9.542059933554623e-8,-1.3886688081868658e-9
-28.89,-9.559302795187532e-8,-1.3915853491923788e-9
-28.88,-9.576580924359893e-8,-1.3945086005706175e-9
-28.87,-9.593894400052894e-8,-1.397438578822391e-9
-28.86,-9.611243301426315e-8,-1.400375300219683e-9
-28.85,-9.62862770781924e-8,-1.403318781531986e-9
-28.84,-9.64604769877227e-8,-1.4062690389035748e-9
-28.83,-9.663503354013754e-8,-1.4092260891823552e-9
-28.82,-9.680994753460987e-8,-1.4121899488059388e-9
-28.81,-9.698521977226208e-8,-1.4151606342208272e-9
-28.8,-9.716085105570244e-8,-1.4181381624478718e-9
-28.79,-9.733684219015578e-8,-1.4211225500403955e-9
-28.78,-9.751319398219306e-8,-1.4241138137683048e-9
-28.77,-9.768990724056762e-8,-1.4271119702651057e-9
-28.76,-9.786698277581861e-8,-1.430117036484658e-9
-28.75,-9.804442140054254e-8,-1.4331290293797351e-9
-28.74,-9.82222239290336e-8,-1.4361479657324998e-9
-28.73,-9.84003911778189e-8,-1.4391738627290638e-9
-28.72,-9.85789239649723e-8,-1.4422067369127379e-9
-28.71,-9.875782311114114e-8,-1.4452466056355427e-9
-28.7,-9.89370894380986e-8,-1.4482934861930985e-9
-28.69,-9.91167237702995e-8,-1.4513473950683518e-9
-28.68,-9.929672693366612e-8,-1.4544083502771204e-9
-28.67,-9.9477099756246e-8,-1.4574763682900688e-9
-28.66,-9.965784306822487e-8,-1.4605514668001755e-9
-28.65,-9.983895770152447e-8,-1.4636336627649718e-9
-28.64,-1.0002044448998074e-7,-1.4667229738629892e-9
-28.63,-1.0020230426975306e-7,-1.469819417195524e-9
-28.62,-1.0038453787863118e-7,-1.4729230104025632e-9
-28.61,-1.0056714615663135e-7,-1.476033770861536e-9
-28.6,-1.0075012994561162e-7,-1.4791517160615332e-9
-28.59,-1.0093349008953822e-7,-1.4822768635915637e-9
-28.58,-1.0111722743423334e-7,-1.4854092309285491e-9
-28.57,-1.013013428275975e-7,-1.488548836039189e-9
-28.56,-1.0148583711967836e-7,-1.4916956962094238e-9
-28.55,-1.0167071116237939e-7,-1.494849829490476e-9
-28.54,-1.0185596580977667e-7,-1.4980112533745938e-9
-28.53,-1.0204160191758714e-7,-1.5011799860061108e-9
-28.52,-1.0222762034408099e-7,-1.5043560449671945e-9
-28.51,-1.0241402194923395e-7,-1.5075394481619891e-9
-28.5,-1.0260080759522221e-7,-1.5107302137933249e-9
-28.49,-1.0278797814613298e-7,-1.5139283595028106e-9
-28.48,-1.0297553446814097e-7,-1.517133903590153e-9
-28.47,-1.031634774295607e-7,-1.5203468640136194e-9
-28.46,-1.0335180790072842e-7,-1.5235672590681289e-9
-28.45,-1.0354052675406032e-7,-1.526795106754961e-9
-28.44,-1.0372963486391299e-7,-1.5300304253081923e-9
-28.43,-1.0391913310684017e-7,-1.5332732330957242e-9
-28.42,-1.0410902236150912e-7,-1.5365235481666566e-9
-28.41,-1.0429930350852313e-7,-1.5397813892167094e-9
-28.4,-1.0448997743083538e-7,-1.5430467744047666e-9
-28.39,-1.0468104501313281e-7,-1.5463197221775322e-9
-28.38,-1.0487250714260922e-7,-1.5496002512599528e-9
-28.37,-1.0506436470817132e-7,-1.5528883799020734e-9
-28.36,-1.0525661860108181e-7,-1.5561841269203994e-9
-28.35,-1.0544926971463125e-7,-1.559487510600204e-9
-28.34,-1.0564231894438078e-7,-1.562798550046501e-9
-28.33,-1.0583576718773762e-7,-1.5661172636608271e-9
-28.32,-1.0602961534447226e-7,-1.5694436703100181e-9
-28.31,-1.0622386431632024e-7,-1.5727777887476726e-9
-28.3,-1.0641851500736909e-7,-1.576119637934423e-9
-28.29,-1.0661356832374122e-7,-1.5794692365455451e-9
-28.28,-1.0680902517346233e-7,-1.5828266039211649e-9
-28.27,-1.0700488646732886e-7,-1.5861917585033445e-9
-28.26,-1.0720115311752202e-7,-1.5895647200021666e-9
-28.25,-1.0739782603920099e-7,-1.5929455069574064e-9
-28.24,-1.0759490614893974e-7,-1.5963341387870915e-9
-28.23,-1.0779239436586646e-7,-1.5997306344710979e-9
-28.22,-1.079902916115135e-7,-1.6031350134690292e-9
-28.21,-1.0818859880916545e-7,-1.6065472948460956e-9
-28.2,-1.083873168844326e-7,-1.6099674981653138e-9
-28.19,-1.0858644676531785e-7,-1.613395642468754e-9
-28.18,-1.0878598938168316e-7,-1.6168317475510506e-9
-28.17,-1.0898594566603764e-7,-1.6202758324917999e-9
-28.16,-1.0918631655255946e-7,-1.623727917081293e-9
-28.15,-1.0938710297818049e-7,-1.6271880208123593e-9
-28.14,-1.0958830588168138e-7,-1.6306561631579416e-9
-28.13,-1.0978992620431163e-7,-1.6341323639572411e-9
-28.12,-1.0999196488932727e-7,-1.6376166427620761e-9
-28.11,-1.1019442288254457e-7,-1.6411090196194877e-9
-28.1,-1.1039730113159952e-7,-1.644609513999796e-9
-28.09,-1.1060060058675144e-7,-1.648118145872361e-9
-28.08,-1.1080432220021952e-7,-1.6516349351213443e-9
-28.07,-1.1100846692682821e-7,-1.65515990172014e-9
-28.06,-1.1121303572343092e-7,-1.658693065838485e-9
-28.05,-1.1141802954903733e-7,-1.662234447241887e-9
-28.04,-1.1162344936518958e-7,-1.665784065931448e-9
-28.03,-1.1182929613561571e-7,-1.6693419424273626e-9
-28.02,-1.1203557082639623e-7,-1.6729080966978226e-9
-28.01,-1.1224227440561354e-7,-1.6764825488321663e-9
-28.0,-1.1244940784406293e-7,-1.6800653196716556e-9
-27.99,-1.1265697211454229e-7,-1.6836564290432442e-9
-27.98,-1.1286496819250714e-7,-1.6872558975203952e-9
-27.97,-1.1307339705515922e-7,-1.690863745484533e-9
-27.96,-1.1328225968247141e-7,-1.6944799933767217e-9
-27.95,-1.1349155705671156e-7,-1.6981046619138877e-9
-27.94,-1.137012901622033e-7,-1.7017377715428496e-9
-27.93,-1.1391145998595e-7,-1.7053793430207822e-9
-27.92,-1.1412206751698841e-7,-1.7090293969994495e-9
-27.91,-1.1433311374701883e-7,-1.7126879540556872e-9
-27.9,-1.1454459966975794e-7,-1.7163550352740135e-9
-27.89,-1.1475652628152223e-7,-1.7200306611640401e-9
-27.88,-1.1496889458083601e-7,-1.7237148528153369e-9
-27.87,-1.1518170556869671e-7,-1.7274076314732305e-9
-27.86,-1.1539496024868721e-7,-1.7311090173438891e-9
-27.85,-1.1560865962631623e-7,-1.7348190322272397e-9
-27.84,-1.1582280470960043e-7,-1.7385376967387533e-9
-27.83,-1.1603739650920266e-7,-1.7422650323595768e-9
-27.82,-1.1625243603813518e-7,-1.746001060156122e-9
-27.81,-1.1646792431139456e-7,-1.749745801357371e-9
-27.8,-1.1668386234692282e-7,-1.7534992771724393e-9
-27.79,-1.1690025116470965e-7,-1.7572615093306486e-9
-27.78,-1.1711709178751493e-7,-1.7610325187508238e-9
-27.77,-1.1733438524014016e-7,-1.7648123271438914e-9
-27.76,-1.175521325498967e-7,-1.7686009560932374e-9
-27.75,-1.1777033474695395e-7,-1.7723984270207182e-9
-27.74,-1.1798899286318868e-7,-1.776204761395656e-9
-27.73,-1.1820810793367732e-7,-1.7800199813479995e-9
-27.72,-1.1842768099547992e-7,-1.7838441082272353e-9
-27.71,-1.1864771308815414e-7,-1.7876771638580737e-9
-27.7,-1.1886820525398332e-7,-1.7915191701945337e-9
-27.69,-1.1908915853752723e-7,-1.7953701489649921e-9
-27.68,-1.193105739857754e-7,-1.7992301221738841e-9
-27.67,-1.1953245264806656e-7,-1.8030991118321476e-9
-27.66,-1.197547955768526e-7,-1.806977140014112e-9
-27.65,-1.199776038264182e-7,-1.8108642286201148e-9
-27.64,-1.2020087845379135e-7,-1.8147603999313758e-9
-27.63,-1.2042462051860727e-7,-1.818665676104026e-9
-27.62,-1.206488310826975e-7,-1.8225800794442063e-9
-27.61,-1.2087351121088473e-7,-1.8265036323377322e-9
-27.6,-1.2109866197017654e-7,-1.8304363569932298e-9
-27.59,-1.2132428443038613e-7,-1.8343782756966258e-9
-27.58,-1.2155037966274388e-7,-1.8383294113890772e-9
-27.57,-1.2177694874309898e-7,-1.842289786127723e-9
-27.56,-1.2200399274808397e-7,-1.8462594225819404e-9
-27.55,-1.222315127577581e-7,-1.8502383435822122e-9
-27.54,-1.224595098543637e-7,-1.8542265716408293e-9
-27.53,-1.2268798512272003e-7,-1.8582241294757863e-9
-27.52,-1.2291693965041651e-7,-1.8622310400136931e-9
-27.51,-1.231463745274774e-7,-1.866247326015179e-9
-27.5,-1.2337629084661636e-7,-1.8702730104115215e-9
-27.49,-1.2360668970307328e-7,-1.874308116104449e-9
-27.48,-1.2383757219441638e-7,-1.878352666185333e-9
-27.47,-1.2406893942157723e-7,-1.8824066836415365e-9
-27.46,-1.243007924871098e-7,-1.8864701917226564e-9
-27.45,-1.2453313249712485e-7,-1.8905432135992105e-9
-27.44,-1.247659605594216e-7,-1.8946257724136395e-9
-27.43,-1.2499927778524432e-7,-1.8987178915224116e-9
-27.42,-1.2523308528793205e-7,-1.9028195941428173e-9
-27.41,-1.254673841837308e-7,-1.9069309038685864e-9
-27.4,-1.2570217559142966e-7,-1.9110518441823524e-9
-27.39,-1.2593746063253194e-7,-1.9151824382148732e-9
-27.38,-1.2617324043109353e-7,-1.9193227100043007e-9
-27.37,-1.2640951611396632e-7,-1.923472683016768e-9
-27.36,-1.2664628881050787e-7,-1.927632380818224e-9
-27.35,-1.2688355965272926e-7,-1.931801827336341e-9
-27.34,-1.2712132977590764e-7,-1.935981046178874e-9
-27.33,-1.2735960031685607e-7,-1.940170061422412e-9
-27.32,-1.275983724163248e-7,-1.9443688967438052e-9
-27.31,-1.2783764721680645e-7,-1.948577576394874e-9
-27.3,-1.280774258640026e-7,-1.952796124128418e-9
-27.29,-1.2831770950646408e-7,-1.957024564181388e-9
-27.28,-1.2855849929465332e-7,-1.9612629206379917e-9
-27.27,-1.28799796382846e-7,-1.9655112177927043e-9
-27.26,-1.2904160192718983e-7,-1.9697694798060304e-9
-27.25,-1.2928391708699783e-7,-1.9740377310368034e-9
-27.24,-1.295267430243015e-7,-1.978315995777818e-9
-27.23,-1.2977008090359246e-7,-1.982604298645402e-9
-27.22,-1.3001393189245446e-7,-1.9869026639020427e-9
-27.21,-1.3025829716102757e-7,-1.991211116314097e-9
-27.2,-1.3050317788220133e-7,-1.9955296802982667e-9
-27.19,-1.3074857523190774e-7,-1.9998583807249903e-9
-27.18,-1.3099449038872276e-7,-2.0041972420685768e-9
-27.17,-1.3124092453383708e-7,-2.0085462893306246e-9
-27.16,-1.3148787885126705e-7,-2.01290554724401e-9
-27.15,-1.3173535452792673e-7,-2.0172750407578783e-9
-27.14,-1.3198335275394236e-7,-2.0216547947004774e-9
-27.13,-1.3223187472148647e-7,-2.026044834300606e-9
-27.12,-1.324809216257828e-7,-2.030445184559072e-9
-27.11,-1.3273049466525337e-7,-2.034855870540854e-9
-27.1,-1.3298059504096673e-7,-2.039276917607709e-9
-27.09,-1.3323122395654703e-7,-2.0437083507493153e-9
-27.08,-1.33482382618689e-7,-2.0481501955521806e-9
-27.07,-1.3373407223707774e-7,-2.052602477250487e-9
-27.06,-1.3398629402407278e-7,-2.0570652213013673e-9
-27.05,-1.3423904919492728e-7,-2.0615384532040934e-9
-27.04,-1.3449233896771362e-7,-2.066022198607526e-9
-27.03,-1.34746164563466e-7,-2.0705164829714462e-9
-27.02,-1.3500052720617905e-7,-2.0750213321246697e-9
-27.01,-1.352554281225548e-7,-2.079536771673146e-9
-27.0,-1.3551086854215757e-7,-2.0840628274995367e-9
-26.99,-1.357668496978159e-7,-2.08859952541273e-9
-26.98,-1.3602337282492359e-7,-2.093146891446637e-9
-26.97,-1.3628043916186824e-7,-2.0977049514807305e-9
-26.96,-1.3653804994986023e-7,-2.102273731562972e-9
-26.95,-1.3679620643321056e-7,-2.1068532578638032e-9
-26.94,-1.3705490985932667e-7,-2.1114435564872357e-9
-26.93,-1.3731416147839252e-7,-2.1160446537474325e-9
-26.92,-1.3757396254326518e-7,-2.120656575821604e-9
-26.91,-1.3783431430998303e-7,-2.1252793490588994e-9
-26.9,-1.3809521803761312e-7,-2.1299129999954326e-9
-26.89,-1.3835667498824354e-7,-2.1345575551060645e-9
-26.88,-1.38618686426798e-7,-2.1392130407720263e-9
-26.87,-1.3888125362096417e-7,-2.143879483667352e-9
-26.86,-1.3914437784209888e-7,-2.1485569105126443e-9
-26.85,-1.394080603639162e-7,-2.1532453479931866e-9
-26.84,-1.396723024633226e-7,-2.1579448228301683e-9
-26.83,-1.3993710542036824e-7,-2.1626553620678726e-9
-26.82,-1.4020247051791772e-7,-2.167376992429015e-9
-26.81,-1.4046839904201564e-7,-2.1721097410175624e-9
-26.8,-1.407348922816746e-7,-2.176853634717207e-9
-26.79,-1.4100195152898903e-7,-2.1816087007877124e-9
-26.78,-1.4126957807889394e-7,-2.1863749663178508e-9
-26.77,-1.4153777322965062e-7,-2.1911524585941305e-9
-26.76,-1.418065382824556e-7,-2.1959412047763093e-9
-26.75,-1.4207587454165444e-7,-2.200741232520386e-9
-26.74,-1.423457833144911e-7,-2.2055525688333674e-9
-26.73,-1.42616265911433e-7,-2.210375241459407e-9
-26.72,-1.4288732364592047e-7,-2.2152092779765768e-9
-26.71,-1.4315895783480605e-7,-2.2200547057979945e-9
-26.7,-1.4343116979747552e-7,-2.224911552736275e-9
-26.69,-1.437039608567825e-7,-2.2297798464669946e-9
-26.68,-1.4397733233890898e-7,-2.2346596150433536e-9
-26.67,-1.4425128557257195e-7,-2.239550886001822e-9
-26.66,-1.4452582189006182e-7,-2.244453687422084e-9
-26.65,-1.448009426266656e-7,-2.2493680473401886e-9
-26.64,-1.4507664912109053e-7,-2.2542939936473986e-9
-26.63,-1.453529427145171e-7,-2.25923155469202e-9
-26.62,-1.4562982475181401e-7,-2.26418075855269e-9
-26.61,-1.4590729658105208e-7,-2.269141633556068e-9
-26.6,-1.4618535955320512e-7,-2.274114207902123e-9
-26.59,-1.4646401502249075e-7,-2.2790985100126065e-9
-26.58,-1.4674326434649255e-7,-2.2840945685538852e-9
-26.57,-1.4702310888550413e-7,-2.289102411862981e-9
-26.56,-1.4730355000372757e-7,-2.294122068570658e-9
-26.55,-1.4758458906787966e-7,-2.2991535671498684e-9
-26.54,-1.4786622744844954e-7,-2.304196936522747e-9
-26.53,-1.4814846651887754e-7,-2.3092522055066765e-9
-26.52,-1.4843130765553231e-7,-2.3143194028723828e-9
-26.51,-1.4871475223875545e-7,-2.3193985575293925e-9
-26.5,-1.489988016515319e-7,-2.3244896983945177e-9
-26.49,-1.492834572801024e-7,-2.3295928546889913e-9
-26.48,-1.495687205144292e-7,-2.3347080553428467e-9
-26.47,-1.4985459274705372e-7,-2.3398353298619747e-9
-26.46,-1.5014107537458563e-7,-2.3449747070619034e-9
-26.45,-1.5042816979610544e-7,-2.350126216694499e-9
-26.44,-1.507158774147567e-7,-2.3552898876651146e-9
-26.43,-1.510041996361118e-7,-2.3604657499346065e-9
-26.42,-1.5129313787006033e-7,-2.3656538326253475e-9
-26.41,-1.515826935288387e-7,-2.3708541655727587e-9
-26.4,-1.5187286802841168e-7,-2.376066778265019e-9
-26.39,-1.521636627881699e-7,-2.3812917005981557e-9
-26.38,-1.524550792306656e-7,-2.3865289621984094e-9
-26.37,-1.5274711878192797e-7,-2.3917785929308034e-9
-26.36,-1.530397828710229e-7,-2.397040622855609e-9
-26.35,-1.533330729307371e-7,-2.402315081996515e-9
-26.34,-1.536269903970448e-7,-2.4076020001519134e-9
-26.33,-1.5392153670922503e-7,-2.412901407675704e-9
-26.32,-1.5421671331008222e-7,-2.418213334661751e-9
-26.31,-1.545125216456237e-7,-2.423537811516891e-9
-26.3,-1.5480896316524408e-7,-2.4288748684361783e-9
-26.29,-1.5510603932193408e-7,-2.4342245359767638e-9
-26.28,-1.5540375157179542e-7,-2.4395868443732735e-9
-26.27,-1.5570210137494768e-7,-2.444961824351066e-9
-26.26,-1.5600109019395117e-7,-2.4503495066748547e-9
-26.25,-1.5630071949549194e-7,-2.4557499215144585e-9
-26.24,-1.566009907496993e-7,-2.4611631002256e-9
-26.23,-1.569019054296153e-7,-2.466589073249895e-9
-26.22,-1.57203465012444e-7,-2.472027871516094e-9
-26.21,-1.5750567097811143e-7,-2.4774795261306242e-9
-26.2,-1.5780852481058838e-7,-2.4829440681022837e-9
-26.19,-1.5811202799688946e-7,-2.488421528403757e-9
-26.18,-1.5841618202788028e-7,-2.4939119382015883e-9
-26.17,-1.5872098839747663e-7,-2.4994153289067064e-9
-26.16,-1.5902644860358217e-7,-2.5049317317408707e-9
-26.15,-1.5933256414701114e-7,-2.510461178097779e-9
-26.14,-1.5963933653273326e-7,-2.5160036994323493e-9
-26.13,-1.59946767268828e-7,-2.521559327079006e-9
-26.12,-1.602548578668623e-7,-2.5271280929764627e-9
-26.11,-1.605636098421441e-7,-2.5327100285126974e-9
-26.1,-1.6087302471335095e-7,-2.538305165523436e-9
-26.09,-1.611831040027346e-7,-2.543913535853794e-9
-26.08,-1.6149384923626318e-7,-2.5495351712226938e-9
-26.07,-1.618052619431109e-7,-2.5551701037279202e-9
-26.06,-1.621173436563597e-7,-2.56081836537304e-9
-26.05,-1.6243009591250884e-7,-2.5664799882738475e-9
-26.04,-1.6274352025178525e-7,-2.572155004518541e-9
-26.03,-1.6305761821770546e-7,-2.5778434463166947e-9
-26.02,-1.633723913576524e-7,-2.5835453461058765e-9
-26.01,-1.636878412223983e-7,-2.5892607360902855e-9
-26.0,-1.6400396936657372e-7,-2.594989648819565e-9
-25.99,-1.6432077734828374e-7,-2.6007321167791244e-9
-25.98,-1.6463826672913727e-7,-2.606488172713807e-9
-25.97,-1.6495643907475946e-7,-2.612257848987693e-9
-25.96,-1.652752959538621e-7,-2.6180411786493473e-9
-25.95,-1.6559483893949505e-7,-2.6238381944533612e-9
-25.94,-1.6591506960756535e-7,-2.6296489289548402e-9
-25.93,-1.6623598953839012e-7,-2.6354734153788204e-9
-25.92,-1.6655760031553855e-7,-2.64131168684401e-9
-25.91,-1.6687990352615528e-7,-2.6471637761386333e-9
-25.9,-1.6720290076164668e-7,-2.6530297167796733e-9
-25.89,-1.6752659361645805e-7,-2.658909541879165e-9
-25.88,-1.6785098368895458e-7,-2.6648032847712475e-9
-25.87,-1.6817607258157616e-7,-2.670710978776209e-9
-25.86,-1.685018619000262e-7,-2.676632657270181e-9
-25.85,-1.6882835325386625e-7,-2.6825683539964756e-9
-25.84,-1.6915554825646883e-7,-2.6885181024327663e-9
-25.83,-1.694834485249629e-7,-2.694481936425157e-9
-25.82,-1.6981205567990932e-7,-2.7004598895935666e-9
-25.81,-1.7014137134613603e-7,-2.706451995776784e-9
-25.8,-1.7047139715175866e-7,-2.712458288825754e-9
-25.79,-1.7080213472919984e-7,-2.7184788029068673e-9
-25.78,-1.7113358571417719e-7,-2.7245135719196357e-9
-25.77,-1.714657517463701e-7,-2.7305626300543446e-9
-25.76,-1.7179863446922384e-7,-2.736626011513052e-9
-25.75,-1.721322355300963e-7,-2.742703750730443e-9
-25.74,-1.7246655657998472e-7,-2.748795881566299e-9
-25.73,-1.7280159927394667e-7,-2.7549024390699837e-9
-25.72,-1.7313736527073042e-7,-2.761023457308116e-9
-25.71,-1.7347385623268081e-7,-2.7671589710258656e-9
-25.7,-1.7381107382668594e-7,-2.773309014780991e-9
-25.69,-1.741490197226279e-7,-2.779473623442638e-9
-25.68,-1.7448769559479667e-7,-2.7856528317270652e-9
-25.67,-1.748271031212437e-7,-2.7918466742835526e-9
-25.66,-1.7516724398370947e-7,-2.798055186489681e-9
-25.65,-1.755081198682185e-7,-2.8042784031821734e-9
-25.64,-1.7584973246417028e-7,-2.8105163593719146e-9
-25.63,-1.761920834653018e-7,-2.8167690904566007e-9
-25.62,-1.7653517456909384e-7,-2.8230366313015392e-9
-25.61,-1.7687900747681158e-7,-2.829319017654481e-9
-25.6,-1.7722358389397665e-7,-2.8356162847946798e-9
-25.59,-1.7756890552971968e-7,-2.8419284678648267e-9
-25.58,-1.779149740972338e-7,-2.8482556028170828e-9
-25.57,-1.782617913136998e-7,-2.854597725192599e-9
-25.56,-1.7860935890013165e-7,-2.860954870692881e-9
-25.55,-1.7895767858175743e-7,-2.867327075179861e-9
-25.54,-1.793067520874478e-7,-2.8737143741843906e-9
-25.53,-1.796565811503414e-7,-2.8801168037743867e-9
-25.52,-1.8000716750730005e-7,-2.8865344003156795e-9
-25.51,-1.8035851289949286e-7,-2.892967199624969e-9
-25.5,-1.807106190718242e-7,-2.8994152375935655e-9
-25.49,-1.8106348777344972e-7,-2.905878550928179e-9
-25.48,-1.8141712075726794e-7,-2.912357175835659e-9
-25.47,-1.8177151978042238e-7,-2.918851148355908e-9
-25.46,-1.8212668660400583e-7,-2.9253605055922737e-9
-25.45,-1.8248262299316398e-7,-2.9318852833824693e-9
-25.44,-1.828393307171923e-7,-2.938425518834265e-9
-25.43,-1.8319681154932021e-7,-2.944981248414328e-9
-25.42,-1.8355506726677518e-7,-2.95155250923916e-9
-25.41,-1.8391409965123258e-7,-2.958139337697623e-9
-25.4,-1.8427391048796829e-7,-2.9647417710154714e-9
-25.39,-1.8463450156668614e-7,-2.9713598461254214e-9
-25.38,-1.8499587468114344e-7,-2.977993600139022e-9
-25.37,-1.853580316290962e-7,-2.9846430699820655e-9
-25.36,-1.8572097421240279e-7,-2.9913082932722236e-9
-25.35,-1.8608470423734967e-7,-2.997989307046572e-9
-25.34,-1.8644922351395433e-7,-3.0046861490570004e-9
-25.33,-1.868145338565527e-7,-3.0113988563394616e-9
-25.32,-1.8718063708384366e-7,-3.018127466722725e-9
-25.31,-1.8754753501828716e-7,-3.024872017712959e-9
-25.3,-1.8791522948668267e-7,-3.031632547196255e-9
-25.29,-1.882837223202632e-7,-3.03840909267929e-9
-25.28,-1.886530153539842e-7,-3.0452016923239706e-9
-25.27,-1.8902311042732345e-7,-3.0520103838139467e-9
-25.26,-1.8939400938400375e-7,-3.0588352052055298e-9
-25.25,-1.8976571407155285e-7,-3.0656761947527315e-9
-25.24,-1.9013822634212855e-7,-3.0725333904665286e-9
-25.23,-1.9051154805194997e-7,-3.079406830826481e-9
-25.22,-1.908856810615848e-7,-3.086296553802313e-9
-25.21,-1.912606272355585e-7,-3.093202598210007e-9
-25.2,-1.916363884429135e-7,-3.100125002377694e-9
-25.19,-1.9201296655696325e-7,-3.1070638047113447e-9
-25.18,-1.9239036345499353e-7,-3.1140190439516563e-9
-25.17,-1.927685810190773e-7,-3.120990759034131e-9
-25.16,-1.931476211349458e-7,-3.1279789885368644e-9
-25.15,-1.935274856927527e-7,-3.1349837715762087e-9
-25.14,-1.939081765883039e-7,-3.1420051465390582e-9
-25.13,-1.942896957192481e-7,-3.149043153078925e-9
-25.12,-1.946720449894786e-7,-3.1560978299766143e-9
-25.11,-1.9505522630642615e-7,-3.1631692166626263e-9
-25.1,-1.95439241581954e-7,-3.1702573523406016e-9
-25.09,-1.9582409273250907e-7,-3.177362276307866e-9
-25.08,-1.9620978167862496e-7,-3.1844840279624417e-9
-25.07,-1.9659631034526964e-7,-3.191622646841248e-9
-25.06,-1.969836806617127e-7,-3.1987781727382837e-9
-25.05,-1.9737189456187662e-7,-3.2059506450547705e-9
-25.04,-1.9776095398379675e-7,-3.2131401037182314e-9
-25.03,-1.9815086086995594e-7,-3.220346588410628e-9
-25.02,-1.9854161716719757e-7,-3.2275701393215655e-9
-25.01,-1.9893322482683742e-7,-3.2348107959943623e-9
-25.0,-1.9932568580470887e-7,-3.242068598837217e-9
-24.99,-1.9971900206087377e-7,-3.2493435878837307e-9
-24.98,-2.0011317555987397e-7,-3.2566358035120483e-9
-24.97,-2.00508208270968e-7,-3.2639452858228e-9
-24.96,-2.009041021674029e-7,-3.2712720752248627e-9
-24.95,-2.0130085922703207e-7,-3.2786162124709695e-9
-24.94,-2.0169848143239347e-7,-3.2859777376926563e-9
-24.93,-2.0209697077056941e-7,-3.2933566917653827e-9
-24.92,-2.024963292325981e-7,-3.3007531153745467e-9
-24.91,-2.0289655881447367e-7,-3.3081670493472615e-9
-24.9,-2.0329766151661073e-7,-3.315598534293164e-9
-24.89,-2.0369963934386885e-7,-3.323047611603963e-9
-24.88,-2.0410249430542428e-7,-3.3305143219466233e-9
-24.87,-2.0450622841544732e-7,-3.3379987064671725e-9
-24.86,-2.049108436920489e-7,-3.3455008063276814e-9
-24.85,-2.0531634215859764e-7,-3.3530206630368167e-9
-24.84,-2.0572272584244365e-7,-3.3605583177100437e-9
-24.83,-2.061299967755744e-7,-3.368113811892239e-9
-24.82,-2.0653815699483647e-7,-3.375687187031693e-9
-24.81,-2.06947208541389e-7,-3.383278484646478e-9
-24.8,-2.0735715346109596e-7,-3.3908877464233605e-9
-24.79,-2.0776799380411496e-7,-3.398515014452517e-9
-24.78,-2.081797316259334e-7,-3.4061603299813787e-9
-24.77,-2.0859236898572038e-7,-3.4138237353788743e-9
-24.76,-2.0900590794799111e-7,-3.421505272295235e-9
-24.75,-2.0942035058146173e-7,-3.4292049830456045e-9
-24.74,-2.098356989596638e-7,-3.4369229096867104e-9
-24.73,-2.102519551608033e-7,-3.4446590945636678e-9
-24.72,-2.106691212676836e-7,-3.4524135796674998e-9
-24.71,-2.1108719936754385e-7,-3.4601864076041183e-9
-24.7,-2.115061915528283e-7,-3.4679776209942157e-9
-24.69,-2.1192609992022742e-7,-3.475787261898696e-9
-24.68,-2.12346926571158e-7,-3.4836153734342077e-9
-24.67,-2.127686736116107e-7,-3.4914619980084614e-9
-24.66,-2.131913431526977e-7,-3.499327178708525e-9
-24.65,-2.1361493730996798e-7,-3.5072109580598496e-9
-24.64,-2.1403945820378334e-7,-3.5151133792358936e-9
-24.63,-2.1446490795890627e-7,-3.5230344850491403e-9
-24.62,-2.1489128870551174e-7,-3.530974318920098e-9
-24.61,-2.1531860257779914e-7,-3.5389329236650947e-9
-24.6,-2.15746851715028e-7,-3.5469103428847733e-9
-24.59,-2.161760382614022e-7,-3.5549066197870687e-9
-24.58,-2.166061643655302e-7,-3.5629217977383014e-9
-24.57,-2.1703723218095658e-7,-3.570955920229766e-9
-24.56,-2.1746924386625674e-7,-3.5790090310594443e-9
-24.55,-2.17902201584234e-7,-3.5870811736706177e-9
-24.54,-2.1833610750294566e-7,-3.595172391933474e-9
-24.53,-2.1877096379530278e-7,-3.603282729646151e-9
-24.52,-2.1920677263876785e-7,-3.6114122305619876e-9
-24.51,-2.1964353621562993e-7,-3.6195609389891583e-9
-24.5,-2.2008125671320645e-7,-3.6277288987097913e-9
-24.49,-2.2051993632350284e-7,-3.635916154001951e-9
-24.48,-2.2095957724350624e-7,-3.644122749069187e-9
-24.47,-2.214001816750571e-7,-3.6523487280752926e-9
-24.46,-2.218417518244033e-7,-3.660594135658141e-9
-24.45,-2.2228428990374326e-7,-3.668859016210861e-9
-24.44,-2.2272779812884492e-7,-3.6771434141167196e-9
-24.43,-2.231722787214141e-7,-3.6854473740276797e-9
-24.42,-2.236177339072452e-7,-3.693770940950199e-9
-24.41,-2.2406416591774308e-7,-3.702114159362735e-9
-24.4,-2.24511576988762e-7,-3.71047707422969e-9
-24.39,-2.249599693615278e-7,-3.718859730399645e-9
-24.38,-2.2540934528167854e-7,-3.727262173005197e-9
-24.37,-2.2585970699995895e-7,-3.735684447139111e-9
-24.36,-2.2631105677233294e-7,-3.744126597891204e-9
-24.35,-2.2676339685953098e-7,-3.752588670622049e-9
-24.34,-2.2721672952697862e-7,-3.761070710581091e-9
-24.33,-2.276710570455531e-7,-3.769572763300146e-9
-24.32,-2.2812638169090256e-7,-3.778094874141003e-9
-24.31,-2.2858270574358356e-7,-3.7866370887617e-9
-24.3,-2.2904003148933654e-7,-3.795199452891071e-9
-24.29,-2.294983612187333e-7,-3.803782012094013e-9
-24.28,-2.299576972273663e-7,-3.812384812231676e-9
-24.27,-2.3041804181603332e-7,-3.8210078992979875e-9
-24.26,-2.3087939729048722e-7,-3.829651319140177e-9
-24.25,-2.3134176596131016e-7,-3.838315117842811e-9
-24.24,-2.3180515014434375e-7,-3.8469993416465464e-9
-24.23,-2.3226955216047348e-7,-3.855704036614441e-9
-24.22,-2.3273497433554936e-7,-3.8644292490054305e-9
-24.21,-2.332014190008685e-7,-3.87317502520164e-9
-24.2,-2.3366888849207002e-7,-3.881941411826718e-9
-24.19,-2.3413738515054102e-7,-3.89072845523983e-9
-24.18,-2.3460691132246669e-7,-3.899536202051759e-9
-24.17,-2.3507746935943334e-7,-3.908364698898061e-9
-24.16,-2.3554906161734172e-7,-3.917213992592317e-9
-24.15,-2.3602169045835998e-7,-3.926084129936825e-9
-24.14,-2.3649535824913542e-7,-3.934975157869851e-9
-24.13,-2.3697006736118593e-7,-3.943887123382573e-9
-24.12,-2.3744582017177548e-7,-3.9528200734346625e-9
-24.11,-2.3792261906293428e-7,-3.961774055320534e-9
-24.1,-2.3840046642181077e-7,-3.9707491162270385e-9
-24.09,-2.388793646413921e-7,-3.97974530328713e-9
-24.08,-2.3935931611884354e-7,-3.988762664018911e-9
-24.07,-2.398403232572446e-7,-3.997801245827513e-9
-24.06,-2.40322388464323e-7,-4.006861096265704e-9
-24.05,-2.4080551415352263e-7,-4.015942263075531e-9
-24.04,-2.4128970274342355e-7,-4.025044793541883e-9
-24.03,-2.41774956657346e-7,-4.034168735795247e-9
-24.02,-2.422612783244188e-7,-4.043314137545527e-9
-24.01,-2.4274867017862714e-7,-4.0524810466255555e-9
-24.0,-2.432371346592645e-7,-4.0616695111389654e-9
-23.99,-2.4372667421102527e-7,-4.070879579009388e-9
-23.98,-2.4421729128362064e-7,-4.080111298582649e-9
-23.97,-2.447089883322327e-7,-4.089364717783341e-9
-23.96,-2.452017678172509e-7,-4.098639885146763e-9
-23.95,-2.4569563220416334e-7,-4.107936848933628e-9
-23.94,-2.461905839641877e-7,-4.117255657635729e-9
-23.93,-2.4668662557290824e-7,-4.126596359797865e-9
-23.92,-2.471837595129535e-7,-4.13595900362795e-9
-23.91,-2.47681988270086e-7,-4.145343638310776e-9
-23.9,-2.4818131433704245e-7,-4.154750312306913e-9
-23.89,-2.4868174021101543e-7,-4.164179074493296e-9
-23.88,-2.4918326839494024e-7,-4.17362997383703e-9
-23.87,-2.4968590139674786e-7,-4.183103059138448e-9
-23.86,-2.501896417302865e-7,-4.1925983795614615e-9
-23.85,-2.506944919140209e-7,-4.202115984128775e-9
-23.84,-2.5120045447229216e-7,-4.211655922132051e-9
-23.83,-2.517075319348983e-7,-4.221218242597549e-9
-23.82,-2.522157268364146e-7,-4.23080299517363e-9
-23.81,-2.5272504171716646e-7,-4.240410228982142e-9
-23.8,-2.5323547912317523e-7,-4.250039993701768e-9
-23.79,-2.537470416053732e-7,-4.259692338735185e-9
-23.78,-2.5425973172020287e-7,-4.269367313862155e-9
-23.77,-2.547735520296877e-7,-4.279064968682804e-9
-23.76,-2.552885051011286e-7,-4.2887853529113166e-9
-23.75,-2.5580459350724106e-7,-4.2985285163726055e-9
-23.74,-2.5632181982648736e-7,-4.308294509177533e-9
-23.73,-2.5684018664237724e-7,-4.318083381062717e-9
-23.72,-2.5735969654373245e-7,-4.327895182174105e-9
-23.71,-2.578803521257521e-7,-4.337729962747353e-9
-23.7,-2.5840215598772943e-7,-4.3475877728874634e-9
-23.69,-2.589251107355628e-7,-4.357468662819666e-9
-23.68,-2.594492189802591e-7,-4.367372682948608e-9
-23.67,-2.5997448333812457e-7,-4.3772998835998115e-9
-23.66,-2.6050090643109217e-7,-4.387250315278007e-9
-23.65,-2.610284908867203e-7,-4.397224028673549e-9
-23.64,-2.6155723933787717e-7,-4.407221074309504e-9
-23.63,-2.6208715442299294e-7,-4.417241502733735e-9
-23.62,-2.626182387861775e-7,-4.427285364881357e-9
-23.61,-2.631504950767703e-7,-4.437352711499632e-9
-23.6,-2.63683925950036e-7,-4.447443593511556e-9
-23.59,-2.642185340665361e-7,-4.457558061906889e-9
-23.58,-2.647543220921645e-7,-4.467696167658724e-9
-23.57,-2.652912926988238e-7,-4.4778579619109565e-9
-23.56,-2.6582944856355193e-7,-4.488043495795431e-9
-23.55,-2.6636879236959153e-7,-4.498252820522446e-9
-23.54,-2.669093268049595e-7,-4.508485987423574e-9
-23.53,-2.674510545636037e-7,-4.5187430479443914e-9
-23.52,-2.6799397834544993e-7,-4.5290240533749744e-9
-23.51,-2.685381008552905e-7,-4.539329055362598e-9
-23.5,-2.6908342480413476e-7,-4.549658105389358e-9
-23.49,-2.6962995290811117e-7,-4.560011255110099e-9
-23.48,-2.7017768788957473e-7,-4.57038855622084e-9
-23.47,-2.707266324757867e-7,-4.580790060455889e-9
-23.46,-2.71276789400206e-7,-4.591215819734375e-9
-23.45,-2.7182816140133794e-7,-4.601665885893471e-9
-23.44,-2.7238075122407974e-7,-4.612140310802665e-9
-23.43,-2.7293456161858766e-7,-4.6226391467399855e-9
-23.42,-2.734895953405437e-7,-4.633162445397376e-9
-23.41,-2.740458551512938e-7,-4.643710259430992e-9
-23.4,-2.7460334381822736e-7,-4.654282640562243e-9
-23.39,-2.7516206411406025e-7,-4.664879641354651e-9
-23.38,-2.757220188170296e-7,-4.675501314124459e-9
-23.37,-2.7628321071188236e-7,-4.686147711112145e-9
-23.36,-2.7684564258802844e-7,-4.6968188850157894e-9
-23.35,-2.7740931724112445e-7,-4.707514888291667e-9
-23.34,-2.7797423747263825e-7,-4.718235773347782e-9
-23.33,-2.7854040608911554e-7,-4.728981592945872e-9
-23.32,-2.7910782590349443e-7,-4.739752399862744e-9
-23.31,-2.796764997345045e-7,-4.750548246905481e-9
-23.3,-2.8024643040592726e-7,-4.7613691867232075e-9
-23.29,-2.8081762074759265e-7,-4.772215272241905e-9
-23.28,-2.8139007359528264e-7,-4.783086556449929e-9
-23.27,-2.8196379179043506e-7,-4.793983092362355e-9
-23.26,-2.8253877817990705e-7,-4.804904933129834e-9
-23.25,-2.831150356165977e-7,-4.815852131720894e-9
-23.24,-2.83692566959366e-7,-4.826824741346126e-9
-23.23,-2.842713750723492e-7,-4.837822815284562e-9
-23.22,-2.8485146282588166e-7,-4.848846406787828e-9
-23.21,-2.854328330960492e-7,-4.859895569192821e-9
-23.2,-2.8601548876411605e-7,-4.870970356007247e-9
-23.19,-2.8659943271811235e-7,-4.8820708205630645e-9
-23.18,-2.8718466785108547e-7,-4.893197016567587e-9
-23.17,-2.877711970621786e-7,-4.904348997278299e-9
-23.16,-2.88359023256454e-7,-4.915526816703368e-9
-23.15,-2.889481493444493e-7,-4.926730528192822e-9
-23.14,-2.8953857824282424e-7,-4.937960185666681e-9
-23.13,-2.9013031287392273e-7,-4.949215842827379e-9
-23.12,-2.907233561658766e-7,-4.960497553456348e-9
-23.11,-2.9131771105286544e-7,-4.9718053716176835e-9
-23.1,-2.9191338047479553e-7,-4.983139351137575e-9
-23.09,-2.9251036737713874e-7,-4.994499546036132e-9
-23.08,-2.931086747115724e-7,-5.005886010309594e-9
-23.07,-2.9370830543564794e-7,-5.017298798164687e-9
-23.06,-2.943092625125222e-7,-5.028737963562078e-9
-23.05,-2.949115489112849e-7,-5.04020356104359e-9
-23.04,-2.955151676069418e-7,-5.0516956444252494e-9
-23.03,-2.9612012158044187e-7,-5.06321426818002e-9
-23.02,-2.96726413818412e-7,-5.074759486706383e-9
-23.01,-2.973340473134036e-7,-5.086331354396059e-9
-23.0,-2.979430250640894e-7,-5.097929925684876e-9
-22.99,-2.9855335007490255e-7,-5.109555254736756e-9
-22.98,-2.991650253558505e-7,-5.121207396843712e-9
-22.97,-2.9977805392329935e-7,-5.1328864055728975e-9
-22.96,-3.0039243879940424e-7,-5.144592336208522e-9
-22.95,-3.0100818301219785e-7,-5.156325243287756e-9
-22.94,-3.0162528959528347e-7,-5.168085181479815e-9
-22.93,-3.0224376158879523e-7,-5.179872205442613e-9
-22.92,-3.0286360203840573e-7,-5.191686370133874e-9
-22.91,-3.034848139954825e-7,-5.203527730217117e-9
-22.9,-3.0410740051795353e-7,-5.215396340813473e-9
-22.89,-3.0473136466919184e-7,-5.22729225657455e-9
-22.88,-3.053567095184584e-7,-5.239215532561842e-9
-22.87,-3.059834381415929e-7,-5.2511662236584154e-9
-22.86,-3.066115536195779e-7,-5.263144385227481e-9
-22.85,-3.072410590396525e-7,-5.275150072040704e-9
-22.84,-3.0787195749522424e-7,-5.287183339156051e-9
-22.83,-3.0850425208544557e-7,-5.29924424222195e-9
-22.82,-3.0913794591530257e-7,-5.311332835840617e-9
-22.81,-3.0977304209597484e-7,-5.323449175433112e-9
-22.8,-3.1040954374446464e-7,-5.335593316386438e-9
-22.79,-3.1104745398389166e-7,-5.34776531379599e-9
-22.78,-3.116867759431829e-7,-5.359965223205492e-9
-22.77,-3.1232751275729125e-7,-5.372193099835465e-9
-22.76,-3.129696675670315e-7,-5.384448999143126e-9
-22.75,-3.1361324351954743e-7,-5.396732976564679e-9
-22.74,-3.1425824376737716e-7,-5.409045087504921e-9
-22.73,-3.149046714698548e-7,-5.421385387589728e-9
-22.72,-3.1555252979143784e-7,-5.433753932152391e-9
-22.71,-3.162018219031669e-7,-5.44615077670552e-9
-22.7,-3.16852550981808e-7,-5.458575977170662e-9
-22.69,-3.1750472021012823e-7,-5.471029588896194e-9
-22.68,-3.1815833277717705e-7,-5.483511667529453e-9
-22.67,-3.1881339187756123e-7,-5.49602226881008e-9
-22.66,-3.194699007122432e-7,-5.5085614483648996e-9
-22.65,-3.2012786248790503e-7,-5.521129262045672e-9
-22.64,-3.2078728041748537e-7,-5.533725765542139e-9
-22.63,-3.214481577199518e-7,-5.546351014483191e-9
-22.62,-3.2211049761995794e-7,-5.559005064889408e-9
-22.61,-3.227743033483412e-7,-5.571687972336169e-9
-22.6,-3.2343957814214896e-7,-5.584399792822563e-9
-22.59,-3.24106325244135e-7,-5.5971405822718e-9
-22.58,-3.2477454790335004e-7,-5.609910396262494e-9
-22.57,-3.2544424937454996e-7,-5.6227092911483974e-9
-22.56,-3.261154329187963e-7,-5.6355373223415715e-9
-22.55,-3.267881018029549e-7,-5.648394546241855e-9
-22.54,-3.2746225930021186e-7,-5.661281018479859e-9
-22.53,-3.2813790868936015e-7,-5.6741967953186225e-9
-22.52,-3.2881505325557435e-7,-5.687141932301439e-9
-22.51,-3.294936962899288e-7,-5.70011648601241e-9
-22.5,-3.301738410893517e-7,-5.7131205119241104e-9
-22.49,-3.3085549095713456e-7,-5.7261540664142815e-9
-22.48,-3.3153864920234176e-7,-5.739217205431149e-9
-22.47,-3.3222331914017926e-7,-5.752309984929629e-9
-22.46,-3.3290950409182264e-7,-5.765432461218944e-9
-22.45,-3.335972073845399e-7,-5.778584690194873e-9
-22.44,-3.342864323516713e-7,-5.791766727981427e-9
-22.43,-3.349771823323216e-7,-5.8049786305769815e-9
-22.42,-3.356694606720067e-7,-5.818220454013606e-9
-22.41,-3.363632707220494e-7,-5.831492255067495e-9
-22.4,-3.3705861583981425e-7,-5.844794088962426e-9
-22.39,-3.3775549938874684e-7,-5.858126012336047e-9
-22.38,-3.384539247382232e-7,-5.871488081174342e-9
-22.37,-3.3915389526379005e-7,-5.884880351551148e-9
-22.36,-3.398554143470565e-7,-5.89830287974057e-9
-22.35,-3.4055848537550483e-7,-5.9117557216849725e-9
-22.34,-3.412631117426302e-7,-5.925238933793332e-9
-22.33,-3.419692968483379e-7,-5.938752571909604e-9
-22.32,-3.4267704409782004e-7,-5.952296692422612e-9
-22.31,-3.43386356903225e-7,-5.965871351193061e-9
-22.3,-3.4409723868182135e-7,-5.979476604381885e-9
-22.29,-3.448096928576428e-7,-5.993112508185136e-9
-22.28,-3.455237228603146e-7,-6.00677911904613e-9
-22.27,-3.4623933212565773e-7,-6.0204764924985406e-9
-22.26,-3.4695652409530854e-7,-6.034204684872743e-9
-22.25,-3.4767530221729863e-7,-6.047963752416604e-9
-22.24,-3.4839566994544286e-7,-6.061753750980754e-9
-22.23,-3.4911763073930674e-7,-6.075574736756635e-9
-22.22,-3.4984118806512686e-7,-6.089426765763927e-9
-22.21,-3.505663453946615e-7,-6.103309893936325e-9
-22.2,-3.512931062057672e-7,-6.117224177525375e-9
-22.19,-3.5202147398229383e-7,-6.1311696723958215e-9
-22.18,-3.527514522142284e-7,-6.145146434611374e-9
-22.17,-3.534830443975644e-7,-6.159154520106866e-9
-22.16,-3.542162540340235e-7,-6.1731939849312705e-9
-22.15,-3.549510846316946e-7,-6.1872648849089255e-9
-22.14,-3.5568753970446634e-7,-6.201367276004635e-9
-22.13,-3.564256227722483e-7,-6.215501214089776e-9
-22.12,-3.5716533736093656e-7,-6.229666755280281e-9
-22.11,-3.579066870023533e-7,-6.2438639550797145e-9
-22.1,-3.5864967523444547e-7,-6.258092869495052e-9
-22.09,-3.5939430560113546e-7,-6.272353554388157e-9
-22.08,-3.6014058165221604e-7,-6.286646065435439e-9
-22.07,-3.608885069434236e-7,-6.300970458382208e-9
-22.06,-3.6163808503662723e-7,-6.315326788933795e-9
-22.05,-3.623893194997018e-7,-6.3297151128844246e-9
-22.04,-3.6314221390602783e-7,-6.344135485984882e-9
-22.03,-3.638967718355612e-7,-6.358587963398979e-9
-22.02,-3.64652996873943e-7,-6.3730726012184265e-9
-22.01,-3.6541089261259974e-7,-6.387589454797199e-9
-22.0,-3.661704626491388e-7,-6.402138579498072e-9
-21.99,-3.6693171058702213e-7,-6.416720031068592e-9
-21.98,-3.6769464003569527e-7,-6.4313338645820224e-9
-21.97,-3.684592546104519e-7,-6.445980135817573e-9
-21.96,-3.6922555793253675e-7,-6.46065889999566e-9
-21.95,-3.699935536292348e-7,-6.475370212197412e-9
-21.94,-3.7076324533354287e-7,-6.490114128059508e-9
-21.93,-3.7153463668466184e-7,-6.5048907025401725e-9
-21.92,-3.723077313272576e-7,-6.519699990798495e-9
-21.91,-3.7308253291242546e-7,-6.53454204819218e-9
-21.9,-3.738590450966754e-7,-6.549416929517654e-9
-21.89,-3.7463727154271055e-7,-6.564324689979606e-9
-21.88,-3.7541721591891684e-7,-6.579265384426938e-9
-21.87,-3.761988818998955e-7,-6.594239067677991e-9
-21.86,-3.7698227316560856e-7,-6.609245794901485e-9
-21.85,-3.7776739340227283e-7,-6.624285620489592e-9
-21.84,-3.7855424630185455e-7,-6.639358599429861e-9
-21.83,-3.7934283556220903e-7,-6.654464786387654e-9
-21.82,-3.8013316488677525e-7,-6.669604235966881e-9
-21.81,-3.8092523798528396e-7,-6.684777002501482e-9
-21.8,-3.8171905857276143e-7,-6.699983140795766e-9
-21.79,-3.8251463037052425e-7,-6.715222704990966e-9
-21.78,-3.833119571054874e-7,-6.730495749666364e-9
-21.77,-3.8411104251043083e-7,-6.7458023288238665e-9
-21.76,-3.849118903237328e-7,-6.761142496890932e-9
-21.75,-3.8571450428982456e-7,-6.7765163079075155e-9
-21.74,-3.865188881587332e-7,-6.7919238159805655e-9
-21.73,-3.873250456864635e-7,-6.807365075234724e-9
-21.72,-3.8813298063447917e-7,-6.822840139069385e-9
-21.71,-3.8894269677022757e-7,-6.8383490619822275e-9
-21.7,-3.8975419786691306e-7,-6.8538918971166916e-9
-21.69,-3.9056748770340064e-7,-6.869468698606917e-9
-21.68,-3.9138257006412723e-7,-6.885079519505336e-9
-21.67,-3.9219944873953985e-7,-6.9007244139556775e-9
-21.66,-3.930181275257513e-7,-6.91640343482063e-9
-21.65,-3.938386102241666e-7,-6.932116635903967e-9
-21.64,-3.94660900642404e-7,-6.947864069821791e-9
-21.63,-3.9548500259347695e-7,-6.96364579038435e-9
-21.62,-3.9631091989602796e-7,-6.9794618498231e-9
-21.61,-3.971386563747014e-7,-6.995312301813805e-9
-21.6,-3.9796821585940693e-7,-7.011197198691178e-9
-21.59,-3.9879960218565806e-7,-7.027116593766028e-9
-21.58,-3.996328191949189e-7,-7.043070539225442e-9
-21.57,-4.004678707341417e-7,-7.059059087540812e-9
-21.56,-4.013047606555239e-7,-7.075082291467124e-9
-21.55,-4.021434928175202e-7,-7.091140203203337e-9
-21.54,-4.0298407108370324e-7,-7.107232874993214e-9
-21.53,-4.038264993231656e-7,-7.123360358728211e-9
-21.52,-4.0467078141086764e-7,-7.139522706853792e-9
-21.51,-4.055169212268598e-7,-7.155719970802295e-9
-21.5,-4.0636492265729075e-7,-7.171952202465263e-9
-21.49,-4.072147895937987e-7,-7.188219453466054e-9
-21.48,-4.0806652593192923e-7,-7.204521775682779e-9
-21.47,-4.089201355753658e-7,-7.2208592201721976e-9
-21.46,-4.0977562243139256e-7,-7.2372318382405415e-9
-21.45,-4.106329904135254e-7,-7.253639681012345e-9
-21.44,-4.1149224344031136e-7,-7.270082799538112e-9
-21.43,-4.123533854359015e-7,-7.286561244835533e-9
-21.42,-4.1321642032971935e-7,-7.303075067789053e-9
-21.41,-4.14081352057005e-7,-7.319624318594097e-9
-21.4,-4.149481845581939e-7,-7.336209048011963e-9
-21.39,-4.1581692177866275e-7,-7.352829306402205e-9
-21.38,-4.1668756766966284e-7,-7.3694851438984474e-9
-21.37,-4.1756012618776007e-7,-7.386176610647485e-9
-21.36,-4.1843460129442557e-7,-7.402903756574822e-9
-21.35,-4.1931099695701967e-7,-7.4196666314075996e-9
-21.34,-4.201893171477823e-7,-7.436465284846601e-9
-21.33,-4.210695658443548e-7,-7.45329976633056e-9
-21.32,-4.2195174702953474e-7,-7.470170125057471e-9
-21.31,-4.228358646916773e-7,-7.487076410512393e-9
-21.3,-4.2372192282388033e-7,-7.504018671546792e-9
-21.29,-4.2460992542523874e-7,-7.520996956858614e-9
-21.28,-4.2549987649891105e-7,-7.538011315145645e-9
-21.27,-4.263917800543186e-7,-7.555061795311953e-9
-21.26,-4.272856401050807e-7,-7.572148445342316e-9
-21.25,-4.2818146067112243e-7,-7.58927131355519e-9
-21.24,-4.290792457762075e-7,-7.606430448072738e-9
-21.23,-4.299789994501347e-7,-7.623625896513322e-9
-21.22,-4.308807257272648e-7,-7.640857706712441e-9
-21.21,-4.3178442864731437e-7,-7.658125926124017e-9
-21.2,-4.3269011225503503e-7,-7.675430601982521e-9
-21.19,-4.335977806000678e-7,-7.69277178152994e-9
-21.18,-4.3450743773707887e-7,-7.710149511856844e-9
-21.17,-4.3541908772572956e-7,-7.727563839315355e-9
-21.16,-4.363327346307397e-7,-7.7450148105734e-9
-21.15,-4.372483825214915e-7,-7.76250247218691e-9
-21.14,-4.3816603547293685e-7,-7.780026870361723e-9
-21.13,-4.390856975639064e-7,-7.79758805086306e-9
-21.12,-4.400073728790934e-7,-7.815186059525062e-9
-21.11,-4.4093106550765397e-7,-7.832820941916847e-9
-21.1,-4.418567795434487e-7,-7.850492743430399e-9
-21.09,-4.4278451908534617e-7,-7.868201509307465e-9
-21.08,-4.4371428823682457e-7,-7.885947284377743e-9
-21.07,-4.446460911063635e-7,-7.903730113248005e-9
-21.06,-4.455799318070592e-7,-7.92155004069461e-9
-21.05,-4.4651581445687746e-7,-7.939407110879701e-9
-21.04,-4.4745374317830893e-7,-7.957301367910026e-9
-21.03,-4.483937220983506e-7,-7.975232855587804e-9
-21.02,-4.4933575534915686e-7,-7.993201617514185e-9
-21.01,-4.502798470667134e-7,-8.011207697131923e-9
-21.0,-4.512260013929661e-7,-8.029251137553569e-9
-20.99,-4.5217422247276733e-7,-8.047331981702215e-9
-20.98,-4.5312451445668405e-7,-8.065450272289659e-9
-20.97,-4.5407688149952997e-7,-8.083606051674277e-9
-20.96,-4.550313277605111e-7,-8.101799362151546e-9
-20.95,-4.559878574033559e-7,-8.120030245651096e-9
-20.94,-4.569464745959893e-7,-8.13829874382558e-9
-20.93,-4.579071835114565e-7,-8.156604898113967e-9
-20.92,-4.5886998832648423e-7,-8.174948749747205e-9
-20.91,-4.598348932224509e-7,-8.19333033958972e-9
-20.9,-4.608019023848074e-7,-8.211749708425209e-9
-20.89,-4.617710200039673e-7,-8.230206896481903e-9
-20.88,-4.627422502742056e-7,-8.248701943965367e-9
-20.87,-4.637155973936204e-7,-8.267234890801073e-9
-20.86,-4.646910655652456e-7,-8.285805776500455e-9
-20.85,-4.6566865899631945e-7,-8.304414640343174e-9
-20.84,-4.666483818975868e-7,-8.323061521529072e-9
-20.83,-4.676302384842652e-7,-8.34174645853033e-9
-20.82,-4.686142329760979e-7,-8.360469489953666e-9
-20.81,-4.696003695960906e-7,-8.379230653902818e-9
-20.8,-4.7058865257224753e-7,-8.398029988334707e-9
-20.79,-4.715790861355602e-7,-8.41686753072504e-9
-20.78,-4.7257167452181654e-7,-8.435743318453105e-9
-20.77,-4.735664219701605e-7,-8.454657388380144e-9
-20.76,-4.7456333272446257e-7,-8.473609777228393e-9
-20.75,-4.7556241103144146e-7,-8.492600521451015e-9
-20.74,-4.765636611424098e-7,-8.51162965673511e-9
-20.73,-4.775670873120838e-7,-8.53069721910824e-9
-20.72,-4.785726937995623e-7,-8.549803243956876e-9
-20.71,-4.795804848668747e-7,-8.568947766316508e-9
-20.7,-4.805904647803785e-7,-8.588130820777663e-9
-20.69,-4.81602637809858e-7,-8.607352441982763e-9
-20.68,-4.826170082286241e-7,-8.626612663874752e-9
-20.67,-4.836335803142472e-7,-8.645911520140041e-9
-20.66,-4.846523583468294e-7,-8.665249044433069e-9
-20.65,-4.856733466109819e-7,-8.684625269543967e-9
-20.64,-4.866965493941355e-7,-8.704040228399151e-9
-20.63,-4.877219709878542e-7,-8.723493953188395e-9
-20.62,-4.887496156864205e-7,-8.742986475844984e-9
-20.61,-4.89779487787833e-7,-8.762517828284055e-9
-20.6,-4.908115915936778e-7,-8.782088041576048e-9
-20.59,-4.918459314083757e-7,-8.8016971467685e-9
-20.58,-4.928825115401182e-7,-8.821345174018435e-9
-20.57,-4.939213362996227e-7,-8.841032153960111e-9
-20.56,-4.949624100019456e-7,-8.8607581160179e-9
-20.55,-4.960057369640499e-7,-8.880523089987628e-9
-20.54,-4.970513215069731e-7,-8.90032710444774e-9
-20.53,-4.980991679540445e-7,-8.92017018823855e-9
-20.52,-4.991492806323404e-7,-8.940052369590226e-9
-20.51,-5.002016638716599e-7,-8.959973676235573e-9
-20.5,-5.012563220044228e-7,-8.97993413570226e-9
-20.49,-5.023132593662604e-7,-8.999933774843394e-9
-20.48,-5.033724802959129e-7,-9.019972620401821e-9
-20.47,-5.044339891345785e-7,-9.040050698558335e-9
-20.46,-5.054977902263144e-7,-9.060168034984165e-9
-20.45,-5.065638879178524e-7,-9.080324655044226e-9
-20.44,-5.076322865588116e-7,-9.10052058385212e-9
-20.43,-5.087029905012454e-7,-9.120755845616777e-9
-20.42,-5.097760041001115e-7,-9.141030464563808e-9
-20.41,-5.108513317127651e-7,-9.16134446419395e-9
-20.4,-5.119289776984552e-7,-9.181697867754058e-9
-20.39,-5.130089464198753e-7,-9.202090697872564e-9
-20.38,-5.140912422418968e-7,-9.222522977083516e-9
-20.37,-5.151758695312865e-7,-9.242994726801276e-9
-20.36,-5.162628326577417e-7,-9.263505968416427e-9
-20.35,-5.173521359923041e-7,-9.284056722982784e-9
-20.34,-5.18443783909431e-7,-9.304647010874286e-9
-20.33,-5.195377807848801e-7,-9.325276851944782e-9
-20.32,-5.206341309970363e-7,-9.345946265544181e-9
-20.31,-5.217328389260026e-7,-9.366655271042728e-9
-20.3,-5.228339089539179e-7,-9.387403886384683e-9
-20.29,-5.239373454651561e-7,-9.408192129859616e-9
-20.28,-5.250431528460762e-7,-9.42902001866543e-9
-20.27,-5.261513354843568e-7,-9.44988757008528e-9
-20.26,-5.272618977698065e-7,-9.470794800499685e-9
-20.25,-5.283748440942586e-7,-9.491741725673643e-9
-20.24,-5.294901788508353e-7,-9.512728361321943e-9
-20.23,-5.30607906434666e-7,-9.533754722206346e-9
-20.22,-5.3172803124202e-7,-9.554820822498893e-9
-20.21,-5.328505576713483e-7,-9.575926676341753e-9
-20.2,-5.339754901221072e-7,-9.5970722968685e-9
-20.19,-5.351028329950922e-7,-9.618257696841947e-9
-20.18,-5.362325906928236e-7,-9.639482888623606e-9
-20.17,-5.373647676191889e-7,-9.660747883801453e-9
-20.16,-5.384993681789903e-7,-9.682052693460266e-9
-20.15,-5.396363967781519e-7,-9.703397328058645e-9
-20.14,-5.407758578245001e-7,-9.724781797584771e-9
-20.13,-5.419177557261587e-7,-9.746206111583508e-9
-20.12,-5.430620948925818e-7,-9.76767027871015e-9
-20.11,-5.44208879733844e-7,-9.789174307227742e-9
-20.1,-5.453581146617051e-7,-9.81071820482085e-9
-20.09,-5.465098040883032e-7,-9.83230197848531e-9
-20.08,-5.476639524261055e-7,-9.853925634588312e-9
-20.07,-5.488205640889333e-7,-9.875589179196274e-9
-20.06,-5.499796434912997e-7,-9.897292617383306e-9
-20.05,-5.511411950477752e-7,-9.919035953653359e-9
-20.04,-5.523052231740061e-7,-9.940819192146373e-9
-20.03,-5.534717322856358e-7,-9.962642336018828e-9
-20.02,-5.546407267990512e-7,-9.984505388255376e-9
-20.01,-5.558122111306504e-7,-1.0006408350794678e-8
-20.0,-5.569861896976383e-7,-1.0028351225107228e-8
-19.99,-5.581626669169455e-7,-1.0050334011904672e-8
-19.98,-5.593416472054666e-7,-1.0072356711429292e-8
-19.97,-5.605231349806927e-7,-1.00944193229666e-8
-19.96,-5.61707134660089e-7,-1.0116521845523017e-8
-19.95,-5.628936506603168e-7,-1.0138664276909986e-8
-19.94,-5.640826873986494e-7,-1.0160846614896636e-8
-19.93,-5.652742492920072e-7,-1.0183068856032407e-8
-19.92,-5.664683407568511e-7,-1.0205330996374834e-8
-19.91,-5.676649662093215e-7,-1.0227633031468867e-8
-19.9,-5.688641300649743e-7,-1.024997495563736e-8
-19.89,-5.700658367392285e-7,-1.0272356763239922e-8
-19.88,-5.712700906466945e-7,-1.029477844709735e-8
-19.87,-5.72476896201205e-7,-1.0317239999905032e-8
-19.86,-5.736862578164317e-7,-1.0339741413343244e-8
-19.85,-5.748981799044425e-7,-1.036228267849248e-8
-19.84,-5.761126668770524e-7,-1.0384863785638905e-8
-19.83,-5.773297231447006e-7,-1.0407484724335843e-8
-19.82,-5.785493531172442e-7,-1.0430145483463038e-8
-19.81,-5.797715612030341e-7,-1.045284605075806e-8
-19.8,-5.809963518092368e-7,-1.0475586413730642e-8
-19.79,-5.82223729342098e-7,-1.0498366558647916e-8
-19.78,-5.834536982063097e-7,-1.0521186471406477e-8
-19.77,-5.846862628049655e-7,-1.054404613671971e-8
-19.76,-5.859214275400133e-7,-1.0566945538956889e-8
-19.75,-5.871591968113513e-7,-1.0589884660898175e-8
-19.74,-5.883995750178303e-7,-1.061286348568225e-8
-19.73,-5.89642566555902e-7,-1.0635881994527628e-8
-19.72,-5.908881758206088e-7,-1.0658940168601174e-8
-19.71,-5.921364072047832e-7,-1.068203798752423e-8
-19.7,-5.933872650993778e-7,-1.0705175431036776e-8
-19.69,-5.946407538933463e-7,-1.0728352476853404e-8
-19.68,-5.958968779733255e-7,-1.0751569102850488e-8
-19.67,-5.971556417237449e-7,-1.0774825285721664e-8
-19.66,-5.984170495265986e-7,-1.0798121000799807e-8
-19.65,-5.99681105761264e-7,-1.0821456223511639e-8
-19.64,-6.009478148050479e-7,-1.0844830927464816e-8
-19.63,-6.022171810323363e-7,-1.0868245086166862e-8
-19.62,-6.03489208814684e-7,-1.0891698671500738e-8
-19.61,-6.047639025210351e-7,-1.0915191654783573e-8
-19.6,-6.060412665175261e-7,-1.0938724006585664e-8
-19.59,-6.073213051668696e-7,-1.0962295696261894e-8
-19.58,-6.086040228290977e-7,-1.0985906692686592e-8
-19.57,-6.098894238609255e-7,-1.1009556963122078e-8
-19.56,-6.111775126156523e-7,-1.1033246474468433e-8
-19.55,-6.124682934433367e-7,-1.1056975192333655e-8
-19.54,-6.137617706905809e-7,-1.108074308176118e-8
-19.53,-6.150579487004706e-7,-1.1104550106359113e-8
-19.52,-6.163568318118802e-7,-1.1128396228846578e-8
-19.51,-6.176584243608998e-7,-1.1152281411395991e-8
-19.5,-6.189627306788179e-7,-1.117620561470276e-8
-19.49,-6.202697550933177e-7,-1.1200168798814922e-8
-19.48,-6.215795019282239e-7,-1.1224170922401432e-8
-19.47,-6.228919755026655e-7,-1.12482119433436e-8
-19.46,-6.24207180132065e-7,-1.1272291818633622e-8
-19.45,-6.255251201268842e-7,-1.1296410504152515e-8
-19.44,-6.268457997935091e-7,-1.1320567954376185e-8
-19.43,-6.281692234337341e-7,-1.1344764123306471e-8
-19.42,-6.294953953442564e-7,-1.136899896324608e-8
-19.41,-6.308243198173114e-7,-1.1393272426614514e-8
-19.4,-6.321560011400904e-7,-1.1417584462818726e-8
-19.39,-6.334904435948825e-7,-1.144193502206391e-8
-19.38,-6.348276514584007e-7,-1.1466324052691012e-8
-19.37,-6.361676290027767e-7,-1.1490751501779789e-8
-19.36,-6.375103804942889e-7,-1.1515217315344123e-8
-19.35,-6.388559101937312e-7,-1.1539721438712435e-8
-19.34,-6.402042223565454e-7,-1.156426381573894e-8
-19.33,-6.415553212323039e-7,-1.1588844389331324e-8
-19.32,-6.429092110650207e-7,-1.1613463100620074e-8
-19.31,-6.442658960923327e-7,-1.163811989075441e-8
-19.3,-6.456253805459894e-7,-1.1662814698619444e-8
-19.29,-6.469876686518011e-7,-1.1687547462406428e-8
-19.28,-6.483527646290351e-7,-1.171231811921395e-8
-19.27,-6.497206726905354e-7,-1.1737126604796731e-8
-19.26,-6.510913970427561e-7,-1.1761972853839665e-8
-19.25,-6.524649418854656e-7,-1.1786856799688537e-8
-19.24,-6.538413114114299e-7,-1.181177837430422e-8
-19.23,-6.552205098068086e-7,-1.1836737508745158e-8
-19.22,-6.566025412503404e-7,-1.1861734132820547e-8
-19.21,-6.579874099144333e-7,-1.1886768174753298e-8
-19.2,-6.593751199629778e-7,-1.191183956180768e-8
-19.19,-6.60765675553606e-7,-1.1936948219907074e-8
-19.18,-6.621590808355994e-7,-1.1962094073912097e-8
-19.17,-6.63555339951127e-7,-1.1987277046862987e-8
-19.16,-6.649544570342058e-7,-1.2012497061137448e-8
-19.15,-6.66356436211101e-7,-1.2037754037371852e-8
-19.14,-6.677612815998522e-7,-1.2063047894481275e-8
-19.13,-6.691689973103645e-7,-1.2088378551419144e-8
-19.12,-6.705795874443795e-7,-1.2113745924346652e-8
-19.11,-6.719930560949811e-7,-1.21391499288687e-8
-19.1,-6.734094073465928e-7,-1.2164590479314686e-8
-19.09,-6.748286452752626e-7,-1.2190067487780996e-8
-19.08,-6.76250773947503e-7,-1.2215580866385635e-8
-19.07,-6.776757974214622e-7,-1.2241130524434944e-8
-19.06,-6.791037197457777e-7,-1.2266716370278296e-8
-19.05,-6.805345449598187e-7,-1.229233831170215e-8
-19.04,-6.819682770935835e-7,-1.2317996253975807e-8
-19.03,-6.834049201673845e-7,-1.2343690101331488e-8
-19.02,-6.84844478191785e-7,-1.2369419756419165e-8
-19.01,-6.862869551677635e-7,-1.2395185121195146e-8
-19.0,-6.877323550856684e-7,-1.2420986094995292e-8
-18.99,-6.891806819262528e-7,-1.2446822576313061e-8
-18.98,-6.906319396596309e-7,-1.2472694462142536e-8
-18.97,-6.920861322455237e-7,-1.2498601647612187e-8
-18.96,-6.935432636329538e-7,-1.2524544027186459e-8
-18.95,-6.950033377602065e-7,-1.2550521492659767e-8
-18.94,-6.964663585547976e-7,-1.2576533935192665e-8
-18.93,-6.979323299326993e-7,-1.2602581244008564e-8
-18.92,-6.994012557991651e-7,-1.2628663306544233e-8
-18.91,-7.00873140047588e-7,-1.2654780009542029e-8
-18.9,-7.023479865598793e-7,-1.2680931236874043e-8
-18.89,-7.038257992066241e-7,-1.2707116871860153e-8
-18.88,-7.053065818460548e-7,-1.273333679578384e-8
-18.87,-7.067903383244014e-7,-1.2759590888508197e-8
-18.86,-7.082770724759567e-7,-1.2785879028103986e-8
-18.85,-7.097667881223027e-7,-1.2812201090913062e-8
-18.84,-7.112594890725421e-7,-1.2838556951702038e-8
-18.83,-7.127551791235026e-7,-1.2864946483761405e-8
-18.82,-7.142538620586061e-7,-1.2891369558229501e-8
-18.81,-7.157555416483181e-7,-1.2917826045248577e-8
-18.8,-7.172602216498855e-7,-1.2944315812641131e-8
-18.79,-7.187679058074493e-7,-1.2970838726815974e-8
-18.78,-7.202785978510905e-7,-1.2997394652343694e-8
-18.77,-7.217923014977248e-7,-1.3023983451924616e-8
-18.76,-7.233090204497671e-7,-1.305060498689933e-8
-18.75,-7.248287583958741e-7,-1.3077259116221727e-8
-18.74,-7.263515190103191e-7,-1.310394569781707e-8
-18.73,-7.278773059529962e-7,-1.3130664587046652e-8
-18.72,-7.294061228692267e-7,-1.3157415637915574e-8
-18.71,-7.309379733891363e-7,-1.318419870271725e-8
-18.7,-7.324728611282998e-7,-1.3211013631351142e-8
-18.69,-7.340107896869194e-7,-1.3237860272430065e-8
-18.68,-7.355517626498273e-7,-1.3264738472245863e-8
-18.67,-7.370957835861458e-7,-1.3291648075767652e-8
-18.66,-7.386428560494892e-7,-1.3318588925419093e-8
-18.65,-7.401929835776349e-7,-1.3345560862162504e-8
-18.64,-7.417461696916334e-7,-1.3372563725060125e-8
-18.63,-7.43302417896714e-7,-1.3399597350540553e-8
-18.62,-7.448617316815707e-7,-1.3426661574219889e-8
-18.61,-7.464241145180674e-7,-1.3453756228836809e-8
-18.6,-7.479895698609771e-7,-1.3480881145418309e-8
-18.59,-7.495581011482677e-7,-1.3508036153192588e-8
-18.58,-7.511297118006184e-7,-1.3535221078929211e-8
-18.57,-7.527044052205743e-7,-1.3562435748118655e-8
-18.56,-7.542821847937966e-7,-1.3589679983339691e-8
-18.55,-7.558630538877328e-7,-1.3616953605853475e-8
-18.54,-7.57447015851265e-7,-1.3644256434111647e-8
-18.53,-7.590340740154756e-7,-1.3671588285031695e-8
-18.52,-7.60624231692701e-7,-1.3698948973516126e-8
-18.51,-7.622174921764587e-7,-1.3726338311938389e-8
-18.5,-7.638138587414799e-7,-1.3753756110430326e-8
-18.49,-7.654133346430514e-7,-1.3781202178068445e-8
-18.48,-7.670159231174536e-7,-1.380867632013519e-8
-18.47,-7.686216273805898e-7,-1.3836178340974734e-8
-18.46,-7.702304506296548e-7,-1.3863708042345012e-8
-18.45,-7.718423960409974e-7,-1.3891265223569901e-8
-18.44,-7.734574667706888e-7,-1.3918849682134949e-8
-18.43,-7.750756659545652e-7,-1.3946461212765929e-8
-18.42,-7.766969967078529e-7,-1.3974099608770715e-8
-18.41,-7.783214621244596e-7,-1.4001764660202921e-8
-18.4,-7.799490652774179e-7,-1.4029456155658521e-8
-18.39,-7.815798092180339e-7,-1.405717388056254e-8
-18.38,-7.832136969763066e-7,-1.4084917619053384e-8
-18.37,-7.848507315605545e-7,-1.411268715218929e-8
-18.36,-7.864909159562659e-7,-1.4140482258842369e-8
-18.35,-7.881342531272336e-7,-1.4168302715242479e-8
-18.34,-7.897807460144956e-7,-1.4196148295958608e-8
-18.33,-7.914303975361698e-7,-1.4224018772500554e-8
-18.32,-7.930832105874184e-7,-1.4251913914113255e-8
-18.31,-7.947391880400938e-7,-1.4279833487675637e-8
-18.3,-7.963983327424574e-7,-1.4307777257733486e-8
-18.29,-7.980606475192032e-7,-1.4335744985879334e-8
-18.28,-7.997261351707801e-7,-1.4363736431578241e-8
-18.27,-8.013947984732971e-7,-1.4391751351788365e-8
-18.26,-8.0306664017848e-7,-1.4419789500878337e-8
-18.25,-8.047416630133782e-7,-1.4447850630536587e-8
-18.24,-8.064198696794139e-7,-1.4475934490122925e-8
-18.23,-8.081012628537501e-7,-1.4504040825960286e-8
-18.22,-8.097858451869554e-7,-1.45321693825042e-8
-18.21,-8.114736193046993e-7,-1.4560319900817877e-8
-18.2,-8.131645878055862e-7,-1.4588492119799174e-8
-18.19,-8.148587532625419e-7,-1.4616685775439431e-8
-18.18,-8.16556118222481e-7,-1.4644900601210722e-8
-18.17,-8.182566852033962e-7,-1.4673136327825063e-8
-18.16,-8.199604566985658e-7,-1.4701392683362162e-8
-18.15,-8.216674351723244e-7,-1.4729669392841432e-8
-18.14,-8.233776230617868e-7,-1.4757966178720979e-8
-18.13,-8.250910227763272e-7,-1.4786282760979933e-8
-18.12,-8.26807636696587e-7,-1.4814618856152307e-8
-18.11,-8.28527467175216e-7,-1.4842974178830892e-8
-18.1,-8.302505165358358e-7,-1.4871348439730264e-8
-18.09,-8.319767870727183e-7,-1.4899741347559894e-8
-18.08,-8.337062810512345e-7,-1.4928152607745424e-8
-18.07,-8.354390007070956e-7,-1.4956581922920953e-8
-18.06,-8.371749482456432e-7,-1.4985028992760417e-8
-18.05,-8.389141258426655e-7,-1.5013493513843506e-8
-18.04,-8.406565356425834e-7,-1.5041975180260524e-8
-18.03,-8.424021797598969e-7,-1.50704736826302e-8
-18.02,-8.441510602775214e-7,-1.5098988708838683e-8
-18.01,-8.459031792469913e-7,-1.512751994368587e-8
-18.0,-8.476585386881389e-7,-1.5156067068774693e-8
-17.99,-8.494171405890631e-7,-1.518462976293738e-8
-17.98,-8.511789869054016e-7,-1.521320770160985e-8
-17.97,-8.529440795599736e-7,-1.5241800557393946e-8
-17.96,-8.547124204430143e-7,-1.5270407999650246e-8
-17.95,-8.56484011411223e-7,-1.5299029694337414e-8
-17.94,-8.582588542882232e-7,-1.532766530480393e-8
-17.93,-8.600369508633116e-7,-1.535631449076635e-8
-17.92,-8.618183028920507e-7,-1.5384976908597427e-8
-17.91,-8.636029120948401e-7,-1.541365221204265e-8
-17.9,-8.653907801579586e-7,-1.5442340050851778e-8
-17.89,-8.671819087323e-7,-1.547104007195833e-8
-17.88,-8.689762994333559e-7,-1.5499751919100175e-8
-17.87,-8.707739538405758e-7,-1.552847523213533e-8
-17.86,-8.725748734976571e-7,-1.5557209647948486e-8
-17.85,-8.743790599117178e-7,-1.558595480017622e-8
-17.84,-8.761865145530553e-7,-1.5614710318573136e-8
-17.83,-8.779972388548496e-7,-1.56434758299649e-8
-17.82,-8.79811234213127e-7,-1.5672250957429587e-8
-17.81,-8.816285019857334e-7,-1.570103532066302e-8
-17.8,-8.834490434921967e-7,-1.5729828535850503e-8
-17.79,-8.852728600146512e-7,-1.575863021563692e-8
-17.78,-8.870999527946245e-7,-1.5787439969371294e-8
-17.77,-8.889303230362705e-7,-1.5816257402133845e-8
-17.76,-8.907639719029712e-7,-1.58450821165302e-8
-17.75,-8.926009005191017e-7,-1.5873913710322196e-8
-17.74,-8.944411099680106e-7,-1.590275177852174e-8
-17.73,-8.962846012931985e-7,-1.5931595912105807e-8
-17.72,-8.981313754965168e-7,-1.596044569840362e-8
-17.71,-8.999814335388646e-7,-1.5989300721070514e-8
-17.7,-9.01834776339477e-7,-1.6018160560052483e-8
-17.69,-9.036914047755271e-7,-1.6047024791275398e-8
-17.68,-9.055513196812882e-7,-1.6075892987137596e-8
-17.67,-9.074145218490514e-7,-1.6104764716160688e-8
-17.66,-9.092810120271986e-7,-1.6133639542914554e-8
-17.65,-9.111507909209155e-7,-1.6162517028261945e-8
-17.64,-9.130238591917417e-7,-1.619139672901219e-8
-17.63,-9.149002174562445e-7,-1.622027819810494e-8
-17.62,-9.16779866286527e-7,-1.6249160984508238e-8
-17.61,-9.186628062095056e-7,-1.6278044633267516e-8
-17.6,-9.205490377072694e-7,-1.630692868543531e-8
-17.59,-9.224385612150522e-7,-1.63358126779072e-8
-17.58,-9.243313771224077e-7,-1.6364696143519006e-8
-17.57,-9.262274857717857e-7,-1.639357861119219e-8
-17.56,-9.281268874590173e-7,-1.6422459605562463e-8
-17.55,-9.300295824327535e-7,-1.6451338647338152e-8
-17.54,-9.319355708925006e-7,-1.6480215252592883e-8
-17.53,-9.33844852990783e-7,-1.6509088933705707e-8
-17.52,-9.35757428830335e-7,-1.6537959198500503e-8
-17.51,-9.376732984653333e-7,-1.656682555085171e-8
-17.5,-9.395924619008243e-7,-1.659568749002929e-8
-17.49,-9.415149190912606e-7,-1.6624544511111954e-8
-17.48,-9.434406699405765e-7,-1.6653396104828266e-8
-17.47,-9.453697143018526e-7,-1.668224175756312e-8
-17.46,-9.473020519784453e-7,-1.6711080951369164e-8
-17.45,-9.492376827197499e-7,-1.673991316358176e-8
-17.44,-9.511766062246371e-7,-1.6768737867169582e-8
-17.43,-9.531188221384555e-7,-1.6797554531066132e-8
-17.42,-9.550643300544161e-7,-1.6826362619018124e-8
-17.41,-9.570131295119766e-7,-1.6855161590644418e-8
-17.4,-9.589652199961757e-7,-1.688395090077937e-8
-17.39,-9.609206009386196e-7,-1.6912729999728404e-8
-17.38,-9.628792717154722e-7,-1.694149833320553e-8
-17.37,-9.648412316479504e-7,-1.6970255341995337e-8
-17.36,-9.668064800017248e-7,-1.6999000462450984e-8
-17.35,-9.687750159859324e-7,-1.702773312625387e-8
-17.34,-9.707468387534688e-7,-1.7056452759790915e-8
-17.33,-9.727219473995536e-7,-1.7085158785273652e-8
-17.32,-9.747003409627124e-7,-1.7113850619769894e-8
-17.31,-9.76682018422445e-7,-1.714252767544609e-8
-17.3,-9.786669787013834e-7,-1.7171189359586996e-8
-17.29,-9.806552206607882e-7,-1.719983507467862e-8
-17.28,-9.826467431047674e-7,-1.722846421807148e-8
-17.27,-9.8464154477593e-7,-1.725707618234573e-8
-17.26,-9.86639624357161e-7,-1.728567035478449e-8
-17.25,-9.886409804701968e-7,-1.7314246117928378e-8
-17.24,-9.906456116757242e-7,-1.7342802848571412e-8
-17.23,-9.926535164718926e-7,-1.7371339919277647e-8
-17.22,-9.946646932951814e-7,-1.7399856696601028e-8
-17.21,-9.966791405180554e-7,-1.742835254267027e-8
-17.2,-9.986968564508959e-7,-1.7456826813860625e-8
-17.19,-1.000717839339223e-6,-1.7485278861317946e-8
-17.18,-1.0027420873643566e-6,-1.751370803089049e-8
-17.17,-1.0047695986426786e-6,-1.7542113663291303e-8
-17.16,-1.0068003712249868e-6,-1.7570495093762577e-8
-17.15,-1.0088344030961805e-6,-1.75988516521573e-8
-17.14,-1.0108716921745673e-6,-1.7627182662656197e-8
-17.13,-1.0129122363115501e-6,-1.765548744431586e-8
-17.12,-1.0149560332905502e-6,-1.7683765310274216e-8
-17.11,-1.0170030808270638e-6,-1.7712015568455267e-8
-17.1,-1.0190533765680044e-6,-1.774023752109984e-8
-17.09,-1.0211069180911962e-6,-1.7768430464863334e-8
-17.08,-1.0231637029042522e-6,-1.7796593690495273e-8
-17.07,-1.025223728444457e-6,-1.782472648321272e-8
-17.06,-1.0272869920788193e-6,-1.7852828122675427e-8
-17.05,-1.0293534911022839e-6,-1.788089788244647e-8
-17.04,-1.0314232227382487e-6,-1.7908935030487982e-8
-17.03,-1.0334961841373877e-6,-1.793693882880068e-8
-17.02,-1.0355723723771124e-6,-1.796490853349395e-8
-17.01,-1.0376517844608702e-6,-1.7992843394946364e-8
-17.0,-1.0397344173189532e-6,-1.8020742657341964e-8
-16.99,-1.0418202678051544e-6,-1.804860555874592e-8
-16.98,-1.0439093326995478e-6,-1.807643133142285e-8
-16.97,-1.0460016087048478e-6,-1.8104219201485932e-8
-16.96,-1.0480970924477486e-6,-1.813196838915485e-8
-16.95,-1.0501957804776098e-6,-1.8159678108063482e-8
-16.94,-1.0522976692661638e-6,-1.818734756574495e-8
-16.93,-1.0544027552065326e-6,-1.821497596371844e-8
-16.92,-1.0565110346126233e-6,-1.8242562497138006e-8
-16.91,-1.058622503719217e-6,-1.8270106354546582e-8
-16.9,-1.0607371586803644e-6,-1.8297606718393977e-8
-16.89,-1.0628549955698358e-6,-1.832506276471602e-8
-16.88,-1.0649760103792334e-6,-1.8352473663222245e-8
-16.87,-1.067100199018788e-6,-1.8379838576641748e-8
-16.86,-1.0692275573152968e-6,-1.84071566614946e-8
-16.85,-1.071358081012653e-6,-1.843442706806601e-8
-16.84,-1.073491765770533e-6,-1.846164893934717e-8
-16.83,-1.0756286071642401e-6,-1.848882141211997e-8
-16.82,-1.0777686006836971e-6,-1.8515943616208462e-8
-16.81,-1.079911741732495e-6,-1.8543014674983616e-8
-16.8,-1.0820580256280619e-6,-1.8570033704752615e-8
-16.79,-1.0842074476007115e-6,-1.8596999815016843e-8
-16.78,-1.0863600027924746e-6,-1.86239121084677e-8
-16.77,-1.088515686257012e-6,-1.8650769681316886e-8
-16.76,-1.0906744929585215e-6,-1.867757162165862e-8
-16.75,-1.092836417771768e-6,-1.8704317012001674e-8
-16.74,-1.0950014554807337e-6,-1.873100492635624e-8
-16.73,-1.0971696007776608e-6,-1.8757634433098475e-8
-16.72,-1.0993408482634954e-6,-1.878420459202911e-8
-16.71,-1.1015151924463555e-6,-1.8810714457032525e-8
-16.7,-1.1036926277407377e-6,-1.8837163073590885e-8
-16.69,-1.105873148467319e-6,-1.8863549480751047e-8
-16.68,-1.1080567488521453e-6,-1.8889872710160117e-8
-16.67,-1.1102434230257672e-6,-1.891613178550366e-8
-16.66,-1.1124331650225038e-6,-1.8942325723648443e-8
-16.65,-1.114625968779543e-6,-1.896845353358626e-8
-16.64,-1.1168218281370102e-6,-1.8994514216974123e-8
-16.63,-1.119020736836507e-6,-1.9020506767922588e-8
-16.62,-1.1212226885204927e-6,-1.9046430172879188e-8
-16.61,-1.1234276767314599e-6,-1.9072283410714455e-8
-16.6,-1.1256356949118532e-6,-1.9098065452176254e-8
-16.59,-1.1278467364025678e-6,-1.91237752606344e-8
-16.58,-1.1300607944427347e-6,-1.9149411791875826e-8
-16.57,-1.1322778621681192e-6,-1.9174973993257376e-8
-16.56,-1.1344979326117162e-6,-1.9200460804423634e-8
-16.55,-1.1367209987016558e-6,-1.9225871157194808e-8
-16.54,-1.138947053261588e-6,-1.925120397545189e-8
-16.53,-1.1411760890087384e-6,-1.9276458174664937e-8
-16.52,-1.1434080985543393e-6,-1.9301632662364563e-8
-16.51,-1.1456430744015282e-6,-1.9326726338279158e-8
-16.5,-1.1478810089461593e-6,-1.9351738092990344e-8
-16.49,-1.1501218944746157e-6,-1.9376666809890614e-8
-16.48,-1.152365723163438e-6,-1.9401511363050646e-8
-16.47,-1.1546124870788973e-6,-1.942627061900612e-8
-16.46,-1.1568621781757315e-6,-1.945094343574876e-8
-16.45,-1.1591147882966929e-6,-1.947552866191997e-8
-16.44,-1.1613703091716567e-6,-1.9500025138894935e-8
-16.43,-1.1636287324164116e-6,-1.9524431698340444e-8
-16.42,-1.165890049532401e-6,-1.9548747163907603e-8
-16.41,-1.1681542519053245e-6,-1.957297035058994e-8
-16.4,-1.1704213308051636e-6,-1.959710006416803e-8
-16.39,-1.1726912773840335e-6,-1.962113510228048e-8
-16.38,-1.1749640826766897e-6,-1.9645074252825778e-8
-16.37,-1.17723973759888e-6,-1.9668916295914602e-8
-16.36,-1.1795182329467494e-6,-1.9692660001494785e-8
-16.35,-1.1817995593956225e-6,-1.9716304131095204e-8
-16.34,-1.1840837074999943e-6,-1.9739847437758652e-8
-16.33,-1.1863706676918112e-6,-1.9763288663971454e-8
-16.32,-1.1886604302796496e-6,-1.978662654395416e-8
-16.31,-1.1909529854485704e-6,-1.9809859802568765e-8
-16.3,-1.1932483232581711e-6,-1.9832987155303602e-8
-16.29,-1.1955464336428768e-6,-1.9856007308259335e-8
-16.28,-1.197847306410046e-6,-1.9878918958227352e-8
-16.27,-1.2001509312394127e-6,-1.990172079221201e-8
-16.26,-1.2024572976825636e-6,-1.9924411488145467e-8
-16.25,-1.2047663951612946e-6,-1.9946989713586744e-8
-16.24,-1.207078212967413e-6,-1.9969454127220816e-8
-16.23,-1.2093927402611866e-6,-1.99918033776852e-8
-16.22,-1.2117099660708352e-6,-2.0014036103384803e-8
-16.21,-1.214029879291498e-6,-2.0036150933871294e-8
-16.2,-1.2163524686842407e-6,-2.0058146488040717e-8
-16.19,-1.218677722875172e-6,-2.0080021374771596e-8
-16.18,-1.2210056303543892e-6,-2.010177419348673e-8
-16.17,-1.2233361794750193e-6,-2.0123403532929672e-8
-16.16,-1.2256693584525004e-6,-2.0144907972024775e-8
-16.15,-1.2280051553632885e-6,-2.0166286079182303e-8
-16.14,-1.2303435581440222e-6,-2.0187536413061357e-8
-16.13,-1.2326845545908454e-6,-2.020865752127454e-8
-16.12,-1.2350281323575102e-6,-2.0229647941310126e-8
-16.11,-1.2373742789554797e-6,-2.0250506201005992e-8
-16.1,-1.2397229817524725e-6,-2.0271230815851498e-8
-16.09,-1.2420742279711819e-6,-2.0291820292490078e-8
-16.08,-1.2444280046886156e-6,-2.031227312602972e-8
-16.07,-1.246784298834929e-6,-2.033258780094737e-8
-16.06,-1.2491430971926045e-6,-2.035276279087883e-8
-16.05,-1.251504386395061e-6,-2.0372796558856722e-8
-16.04,-1.2538681529261158e-6,-2.0392687556387083e-8
-16.03,-1.2562343831182653e-6,-2.0412434224975538e-8
-16.02,-1.2586030631523716e-6,-2.043203499408476e-8
-16.01,-1.2609741790561756e-6,-2.0451488282730938e-8
-16.0,-1.2633477167032865e-6,-2.0470792497940638e-8
-15.99,-1.2657236618121938e-6,-2.0489946036591237e-8
-15.98,-1.2681019999451962e-6,-2.0508947282857357e-8
-15.97,-1.2704827165072062e-6,-2.0527794610968237e-8
-15.96,-1.2728657967447848e-6,-2.0546486382122305e-8
-15.95,-1.2752512257449897e-6,-2.0565020947446644e-8
-15.94,-1.2776389884345578e-6,-2.0583396645291236e-8
-15.93,-1.2800290695782456e-6,-2.0601611803172797e-8
-15.92,-1.2824214537779964e-6,-2.061966473622748e-8
-15.91,-1.284816125472237e-6,-2.0637553747755603e-8
-15.9,-1.2872130689339077e-6,-2.06552771299252e-8
-15.89,-1.2896122682701691e-6,-2.0672833161903435e-8
-15.88,-1.2920137074206287e-6,-2.0690220111517445e-8
-15.87,-1.294417370156475e-6,-2.070743623427329e-8
-15.86,-1.2968232400796995e-6,-2.072447977329434e-8
-15.85,-1.2992313006208508e-6,-2.074134895950287e-8
-15.84,-1.3016415350392563e-6,-2.07580420114314e-8
-15.83,-1.3040539264209282e-6,-2.0774557135918897e-8
-15.82,-1.3064684576774548e-6,-2.0790892526148977e-8
-15.81,-1.308885111545254e-6,-2.0807046363223438e-8
-15.8,-1.311303870583926e-6,-2.082301681588311e-8
-15.79,-1.313724717175315e-6,-2.0838802039982697e-8
-15.78,-1.3161476335222628e-6,-2.085440017812346e-8
-15.77,-1.3185726016474675e-6,-2.0869809360794557e-8
-15.76,-1.3209996033920779e-6,-2.0885027704950933e-8
-15.75,-1.32342862041448e-6,-2.090005331464006e-8
-15.74,-1.325859634189292e-6,-2.0914884280761245e-8
-15.73,-1.3282926260059089e-6,-2.0929518681355422e-8
-15.72,-1.3307275769672853e-6,-2.094395458084626e-8
-15.71,-1.3331644679886617e-6,-2.0958190030373456e-8
-15.7,-1.3356032797969766e-6,-2.097222306790446e-8
-15.69,-1.3380439929280687e-6,-2.0986051717511657e-8
-15.68,-1.340486587726857e-6,-2.0999673989502583e-8
-15.67,-1.3429310443455137e-6,-2.1013087881271004e-8
-15.66,-1.3453773427419105e-6,-2.1026291376037345e-8
-15.65,-1.3478254626789897e-6,-2.1039282442866764e-8
-15.64,-1.3502753837224733e-6,-2.1052059037249086e-8
-15.63,-1.3527270852407751e-6,-2.1064619101182243e-8
-15.62,-1.35518054640274e-6,-2.1076960561338913e-8
-15.61,-1.3576357461765126e-6,-2.10890813313655e-8
-15.6,-1.3600926633284907e-6,-2.110097930983323e-8
-15.59,-1.3625512764216426e-6,-2.1112652381643962e-8
-15.58,-1.3650115638147434e-6,-2.1124098417102706e-8
-15.57,-1.367473503659682e-6,-2.1135315271049846e-8
-15.56,-1.3699370739019905e-6,-2.114630078563564e-8
-15.55,-1.3724022522779533e-6,-2.1157052786665904e-8
-15.54,-1.374869016313507e-6,-2.11675690856539e-8
-15.53,-1.377337343323742e-6,-2.1177847479877494e-8
-15.52,-1.3798072104104893e-6,-2.1187885750364452e-8
-15.51,-1.38227859446112e-6,-2.1197681664699606e-8
-15.5,-1.3847514721476957e-6,-2.1207232973973815e-8
-15.49,-1.387225819924617e-6,-2.1216537414750178e-8
-15.48,-1.389701614028133e-6,-2.1225592708338786e-8
-15.47,-1.3921788304744378e-6,-2.1234396560119982e-8
-15.46,-1.3946574450582575e-6,-2.124294666088047e-8
-15.45,-1.3971374333509593e-6,-2.1251240684991213e-8
-15.44,-1.3996187707002818e-6,-2.1259276291494875e-8
-15.43,-1.4021014322275065e-6,-2.1267051123603274e-8
-15.42,-1.4045853928269454e-6,-2.1274562808596236e-8
-15.41,-1.4070706271640996e-6,-2.1281808958421936e-8
-15.4,-1.4095571096736677e-6,-2.128878716814632e-8
-15.39,-1.4120448145592354e-6,-2.1295495016968127e-8
-15.38,-1.4145337157906212e-6,-2.1301930068200286e-8
-15.37,-1.4170237871028924e-6,-2.1308089868349464e-8
-15.36,-1.4195150019946467e-6,-2.1313971948011532e-8
-15.35,-1.4220073337269422e-6,-2.1319573820902038e-8
-15.34,-1.4245007553207159e-6,-2.1324892984163054e-8
-15.33,-1.426995239556564e-6,-2.1329926918268358e-8
-15.32,-1.429490758972046e-6,-2.1334673087112942e-8
-15.31,-1.431987285860773e-6,-2.1339128937254815e-8
-15.3,-1.4344847922699224e-6,-2.1343291898604798e-8
-15.29,-1.436983250000794e-6,-2.134715938385289e-8
-15.28,-1.4394826306046556e-6,-2.135072878840642e-8
-15.27,-1.4419829053820354e-6,-2.1353997490680965e-8
-15.26,-1.4444840453823542e-6,-2.1356962851238223e-8
-15.25,-1.4469860213999428e-6,-2.1359622213680852e-8
-15.24,-1.449488803974812e-6,-2.1361972903130276e-8
-15.23,-1.451992363389141e-6,-2.136401222829112e-8
-15.22,-1.4544966696668264e-6,-2.1365737478792282e-8
-15.21,-1.4570016925715073e-6,-2.1367145927209015e-8
-15.2,-1.4595074016039665e-6,-2.1368234827727526e-8
-15.19,-1.4620137660016203e-6,-2.136900141650405e-8
-15.18,-1.4645207547372605e-6,-2.1369442911426453e-8
-15.17,-1.467028336515112e-6,-2.1369556512059947e-8
-15.16,-1.4695364797716055e-6,-2.1369339399909146e-8
-15.15,-1.4720451526721439e-6,-2.1368788737159125e-8
-15.14,-1.474554323109849e-6,-2.136790166805154e-8
-15.13,-1.477063958703913e-6,-2.1366675317833554e-8
-15.12,-1.479574026797484e-6,-2.1365106792672385e-8
-15.11,-1.4820844944568716e-6,-2.1363193180189808e-8
-15.1,-1.4845953284678613e-6,-2.1360931548634453e-8
-15.09,-1.4871064953361747e-6,-2.1358318947158916e-8
-15.08,-1.489617961284276e-6,-2.135535240554326e-8
-15.07,-1.4921296922497563e-6,-2.1352028934502103e-8
-15.06,-1.494641653883879e-6,-2.134834552464575e-8
-15.05,-1.4971538115495815e-6,-2.134429914765986e-8
-15.04,-1.4996661303200202e-6,-2.1339886754751892e-8
-15.03,-1.502178574975584e-6,-2.133510527756655e-8
-15.02,-1.5046911100036682e-6,-2.1329951628285296e-8
-15.01,-1.5072036995950499e-6,-2.1324422698132944e-8
-15.0,-1.5097163076440708e-6,-2.1318515358901503e-8
-14.99,-1.512228897744763e-6,-2.1312226461701386e-8
-14.98,-1.5147414331898702e-6,-2.1305552837108608e-8
-14.97,-1.5172538769699423e-6,-2.129849129536082e-8
-14.96,-1.5197661917691175e-6,-2.1291038626206846e-8
-14.95,-1.5222783399649943e-6,-2.1283191598199404e-8
-14.94,-1.5247902836261592e-6,-2.127494695920594e-8
-14.93,-1.5273019845105268e-6,-2.126630143643161e-8
-14.92,-1.5298134040628298e-6,-2.1257251735262748e-8
-14.91,-1.5323245034130967e-6,-2.124779454037613e-8
-14.9,-1.534835243374769e-6,-2.1237926514699267e-8
-14.89,-1.5373455844417593e-6,-2.122764430009196e-8
-14.88,-1.5398554867881599e-6,-2.1216944516732723e-8
-14.87,-1.5423649102647743e-6,-2.120582376265666e-8
-14.86,-1.5448738143973441e-6,-2.1194278614304633e-8
-14.85,-1.547382158385549e-6,-2.1182305626249874e-8
-14.84,-1.549889901099376e-6,-2.1169901331073553e-8
-14.83,-1.5523970010784945e-6,-2.1157062238779113e-8
-14.82,-1.5549034165293878e-6,-2.1143784837157732e-8
-14.81,-1.5574091053237896e-6,-2.1130065591591907e-8
-14.8,-1.5599140249954093e-6,-2.1115900944878732e-8
-14.79,-1.5624181327398034e-6,-2.1101287316958333e-8
-14.78,-1.5649213854105124e-6,-2.10862211051732e-8
-14.77,-1.5674237395181638e-6,-2.107069868366347e-8
-14.76,-1.5699251512274807e-6,-2.1054716403563588e-8
-14.75,-1.5724255763557085e-6,-2.1038270592660545e-8
-14.74,-1.5749249703700044e-6,-2.1021357555482494e-8
-14.73,-1.5774232883854628e-6,-2.1003973573093743e-8
-14.72,-1.5799204851634212e-6,-2.0986114902993784e-8
-14.71,-1.5824165151086171e-6,-2.096777777867313e-8
-14.7,-1.5849113322672208e-6,-2.0948958410053826e-8
-14.69,-1.5874048903247492e-6,-2.092965298273708e-8
-14.68,-1.5898971426034805e-6,-2.090985765833357e-8
-14.67,-1.5923880420607615e-6,-2.088956857430811e-8
-14.66,-1.5948775412862342e-6,-2.0868781843297045e-8
-14.65,-1.5973655925003664e-6,-2.0847493553918827e-8
-14.64,-1.5998521475509819e-6,-2.0825699769714404e-8
-14.63,-1.60233715791223e-6,-2.0803396529524343e-8
-14.62,-1.6048205746807832e-6,-2.078057984725443e-8
-14.61,-1.607302348576063e-6,-2.075724571162556e-8
-14.6,-1.6097824299345763e-6,-2.0733390086303168e-8
-14.59,-1.6122607687109207e-6,-2.0709008909290722e-8
-14.58,-1.614737314472664e-6,-2.068409809361894e-8
-14.57,-1.6172120163998554e-6,-2.0658653525903363e-8
-14.56,-1.619684823281854e-6,-2.063267106748394e-8
-14.55,-1.6221556835152999e-6,-2.0606146553853218e-8
-14.54,-1.624624545100828e-6,-2.057907579407022e-8
-14.53,-1.6270913556426089e-6,-2.0551454571137987e-8
-14.52,-1.6295560623435012e-6,-2.0523278641702652e-8
-14.51,-1.6320186120045678e-6,-2.049454373607041e-8
-14.5,-1.6344789510215874e-6,-2.0465245557678668e-8
-14.49,-1.6369370253830763e-6,-2.0435379783121597e-8
-14.48,-1.6393927806678889e-6,-2.0404942062181586e-8
-14.47,-1.6418461620414977e-6,-2.0373928018034246e-8
-14.46,-1.6442971142560854e-6,-2.0342333245519135e-8
-14.45,-1.6467455816452256e-6,-2.0310153313075547e-8
-14.44,-1.64919150812343e-6,-2.027738376121587e-8
-14.43,-1.6516348371818688e-6,-2.0244020102934212e-8
-14.42,-1.6540755118881394e-6,-2.0210057823276934e-8
-14.41,-1.656513474881099e-6,-2.0175492379369575e-8
-14.4,-1.6589486683701223e-6,-2.01403192001957e-8
-14.39,-1.6613810341320568e-6,-2.0104533686512283e-8
-14.38,-1.6638105135084478e-6,-2.0068131210843898e-8
-14.37,-1.666237047402392e-6,-2.0031107116550923e-8
-14.36,-1.6686605762776148e-6,-1.9993456718894983e-8
-14.35,-1.6710810401541996e-6,-1.9955175304032582e-8
-14.34,-1.673498378606511e-6,-1.9916258128854838e-8
-14.33,-1.6759125307603794e-6,-1.9876700421465546e-8
-14.32,-1.6783234352905707e-6,-1.9836497380451452e-8
-14.31,-1.6807310304185554e-6,-1.9795644174843618e-8
-14.3,-1.683135253908682e-6,-1.9754135943990413e-8
-14.29,-1.685536043066825e-6,-1.971196779764324e-8
-14.28,-1.687933334736495e-6,-1.9669134815031495e-8
-14.27,-1.6903270652967751e-6,-1.9625632046017174e-8
-14.26,-1.692717170659314e-6,-1.9581454509856756e-8
-14.25,-1.6951035862653633e-6,-1.9536597195087175e-8
-14.24,-1.697486247083513e-6,-1.949105505974143e-8
-14.23,-1.699865087606531e-6,-1.9444823031365173e-8
-14.22,-1.7022400418486727e-6,-1.939789600627568e-8
-14.21,-1.7046110433421034e-6,-1.9350268850020284e-8
-14.2,-1.7069780251363966e-6,-1.9301936396345608e-8
-14.19,-1.709340919792246e-6,-1.9252893448069172e-8
-14.18,-1.7116996593817626e-6,-1.9203134776034126e-8
-14.17,-1.714054175482813e-6,-1.9152655119565614e-8
-14.16,-1.716404399179188e-6,-1.91014491862633e-8
-14.15,-1.7187502610545896e-6,-1.904951165106529e-8
-14.14,-1.721091691191912e-6,-1.8996837157397345e-8
-14.13,-1.7234286191691476e-6,-1.894342031543656e-8
-14.12,-1.7257609740572617e-6,-1.888925570317403e-8
-14.11,-1.728088684416472e-6,-1.883433786596262e-8
-14.1,-1.7304116782936822e-6,-1.8778661316197664e-8
-14.09,-1.7327298832187e-6,-1.8722220532717564e-8
-14.08,-1.7350432262033872e-6,-1.866500996173741e-8
-14.07,-1.7373516337353767e-6,-1.860702401562767e-8
-14.06,-1.7396550317778935e-6,-1.8548257072943206e-8
-14.05,-1.7419533457655595e-6,-1.8488703479106302e-8
-14.04,-1.744246500600381e-6,-1.8428357544969897e-8
-14.03,-1.746534420650556e-6,-1.8367213547328358e-8
-14.02,-1.7488170297462489e-6,-1.8305265729062962e-8
-14.01,-1.751094251176689e-6,-1.8242508298045426e-8
-14.0,-1.7533660076863318e-6,-1.817893542770333e-8
-13.99,-1.7556322214731116e-6,-1.8114541256713382e-8
-13.98,-1.7578928141841245e-6,-1.804931988839691e-8
-13.97,-1.7601477069131633e-6,-1.7983265391389253e-8
-13.96,-1.7623968201967496e-6,-1.7916371798416825e-8
-13.95,-1.764640074011612e-6,-1.7848633106886835e-8
-13.94,-1.7668773877714105e-6,-1.778004327823971e-8
-13.93,-1.7691086803230538e-6,-1.7710596238487075e-8
-13.92,-1.7713338699433908e-6,-1.764028587701558e-8
-13.91,-1.7735528743367517e-6,-1.756910604700132e-8
-13.9,-1.7757656106312094e-6,-1.7497050565348525e-8
-13.89,-1.7779719953744526e-6,-1.7424113212162262e-8
-13.88,-1.7801719445320294e-6,-1.7350287730677856e-8
-13.87,-1.7823653734826338e-6,-1.7275567827084914e-8
-13.86,-1.784552197014993e-6,-1.7199947170453302e-8
-13.85,-1.78673232932587e-6,-1.712341939237275e-8
-13.84,-1.7889056840144802e-6,-1.704597808691043e-8
-13.83,-1.7910721740808272e-6,-1.696761681007965e-8
-13.82,-1.793231711921609e-6,-1.6888329080176672e-8
-13.81,-1.7953842093266252e-6,-1.6808108377315778e-8
-13.8,-1.7975295774753847e-6,-1.6726948143345617e-8
-13.79,-1.799667726934174e-6,-1.6644841781066766e-8
-13.78,-1.8017985676518605e-6,-1.6561782655088432e-8
-13.77,-1.8039220089572548e-6,-1.647776409118351e-8
-13.76,-1.806037959553848e-6,-1.6392779375273827e-8
-13.75,-1.8081463275186636e-6,-1.630682175433637e-8
-13.74,-1.8102470202971844e-6,-1.6219884436464767e-8
-13.73,-1.8123399446996067e-6,-1.6131960589017648e-8
-13.72,-1.8144250068981736e-6,-1.604304333998904e-8
-13.71,-1.8165021124230238e-6,-1.5953125777174706e-8
-13.7,-1.8185711661588933e-6,-1.5862200948225562e-8
-13.69,-1.8206320723410272e-6,-1.5770261859911913e-8
-13.68,-1.822684734551745e-6,-1.5677301478739957e-8
-13.67,-1.824729055716983e-6,-1.558331273019294e-8
-13.66,-1.826764938102501e-6,-1.5488288498292594e-8
-13.65,-1.8287922833097098e-6,-1.5392221626313116e-8
-13.64,-1.8308109922724608e-6,-1.5295104915816227e-8
-13.63,-1.8328209652536423e-6,-1.5196931126470597e-8
-13.62,-1.834822101840308e-6,-1.5097692976232006e-8
-13.61,-1.8368143009406918e-6,-1.4997383141106605e-8
-13.6,-1.8387974607807935e-6,-1.489599425471136e-8
-13.59,-1.8407714788993602e-6,-1.4793518907303754e-8
-13.58,-1.8427362521452098e-6,-1.4689949647981379e-8
-13.57,-1.8446916766727366e-6,-1.4585278981916908e-8
-13.56,-1.8466376479380078e-6,-1.4479499371074959e-8
-13.55,-1.848574060696001e-6,-1.4372603234654934e-8
-13.54,-1.850500808994667e-6,-1.4264582947969562e-8
-13.53,-1.8524177861726272e-6,-1.4155430842330159e-8
-13.52,-1.8543248848551581e-6,-1.4045139205557693e-8
-13.51,-1.8562219969494937e-6,-1.3933700281348869e-8
-13.5,-1.8581090136412798e-6,-1.382110626843847e-8
-13.49,-1.8599858253904156e-6,-1.3707349321434128e-8
-13.48,-1.8618523219271998e-6,-1.359242155013837e-8
-13.47,-1.863708392248507e-6,-1.3476315018959867e-8
-13.46,-1.8655539246131135e-6,-1.3359021747711885e-8
-13.45,-1.867388806538761e-6,-1.3240533709979482e-8
-13.44,-1.8692129247965327e-6,-1.3120842834448059e-8
-13.43,-1.8710261654078613e-6,-1.2999941003101739e-8
-13.42,-1.872828413640237e-6,-1.28778200529884e-8
-13.41,-1.8746195540029475e-6,-1.2754471773527525e-8
-13.4,-1.87639947024281e-6,-1.2629887908546513e-8
-13.39,-1.8781680453405033e-6,-1.2504060154936661e-8
-13.38,-1.8799251615053798e-6,-1.2376980162526032e-8
-13.37,-1.8816707001728402e-6,-1.2248639533660759e-8
-13.36,-1.8834045419981802e-6,-1.2119029824238177e-8
-13.35,-1.8851265668539324e-6,-1.19881425414197e-8
-13.34,-1.8868366538248413e-6,-1.1855969145587871e-8
-13.33,-1.8885346812036688e-6,-1.1722501047759964e-8
-13.32,-1.8902205264872128e-6,-1.158772961222243e-8
-13.31,-1.8918940663714848e-6,-1.1451646153579903e-8
-13.3,-1.8935551767477852e-6,-1.1314241938130833e-8
-13.29,-1.8952037326983108e-6,-1.1175508183599249e-8
-13.28,-1.8968396084914478e-6,-1.1035436057600814e-8
-13.27,-1.8984626775775928e-6,-1.0894016679566758e-8
-13.26,-1.9000728125851592e-6,-1.0751241118314547e-8
-13.25,-1.901669885315195e-6,-1.0607100393182363e-8
-13.24,-1.9032537667379714e-6,-1.04615854736282e-8
-13.23,-1.9048243269873468e-6,-1.0314687278690393e-8
-13.22,-1.906381435357887e-6,-1.0166396676740514e-8
-13.21,-1.9079249602986963e-6,-1.001670448544528e-8
-13.2,-1.9094547694096897e-6,-9.865601471691169e-9
-13.19,-1.9109707294373185e-6,-9.713078350929956e-9
-13.18,-1.912472706269475e-6,-9.559125787623492e-9
-13.17,-1.913960564931058e-6,-9.403734393955883e-9
-13.16,-1.915434169579298e-6,-9.246894730332665e-9
-13.15,-1.9168933834995665e-6,-9.088597305340205e-9
-13.14,-1.918338069100124e-6,-8.928832575339593e-9
-13.13,-1.919768087907868e-6,-8.767590943570576e-9
-13.12,-1.9211833005634407e-6,-8.604862760930964e-9
-13.11,-1.922583566816638e-6,-8.440638324941161e-9
-13.1,-1.9239687455217136e-6,-8.274907879950813e-9
-13.09,-1.925338694632551e-6,-8.10766161697881e-9
-13.08,-1.9266932711981256e-6,-7.938889672871085e-9
-13.07,-1.928032331357171e-6,-7.768582130738482e-9
-13.06,-1.9293557303339608e-6,-7.59672901971684e-9
-13.05,-1.930663322433148e-6,-7.423320314055342e-9
-13.04,-1.931954961035363e-6,-7.2483459336281105e-9
-13.03,-1.9332304985917345e-6,-7.0717957432793195e-9
-13.02,-1.9344897866195134e-6,-6.893659552514808e-9
-13.01,-1.9357326756969747e-6,-6.713927115732058e-9
-13.0,-1.9369590154584294e-6,-6.532588131475306e-9
-12.99,-1.9381686545892244e-6,-6.34963224253521e-9
-12.98,-1.9393614408211822e-6,-6.165049035421243e-9
-12.97,-1.940537220927387e-6,-5.978828040526796e-9
-12.96,-1.941695840717123e-6,-5.7909587312945575e-9
-12.95,-1.942837145030582e-6,-5.6014305248992795e-9
-12.94,-1.9439609777347284e-6,-5.410232780780644e-9
-12.93,-1.9450671817170656e-6,-5.21735480165623e-9
-12.92,-1.9461555988816272e-6,-5.0227858323881685e-9
-12.91,-1.9472260701431876e-6,-4.826515059877399e-9
-12.9,-1.9482784354223847e-6,-4.628531613259693e-9
-12.89,-1.9493125336405574e-6,-4.428824563465012e-9
-12.88,-1.95032820271476e-6,-4.227382922526187e-9
-12.87,-1.95132527955197e-6,-4.02419564399387e-9
-12.86,-1.9523036000449417e-6,-3.819251622395408e-9
-12.85,-1.9532629990658248e-6,-3.612539692986632e-9
-12.84,-1.954203310461799e-6,-3.4040486315528e-9
-12.83,-1.955124367049496e-6,-3.1937671537534323e-9
-12.82,-1.956026000609689e-6,-2.9816839162131453e-9
-12.81,-1.9569080418815153e-6,-2.76778751420222e-9
-12.8,-1.9577703205590316e-6,-2.5520664831335606e-9
-12.79,-1.9586126652826844e-6,-2.334509297766452e-9
-12.78,-1.9594349036373257e-6,-2.115104371661006e-9
-12.77,-1.960236862144359e-6,-1.8938400570028442e-9
-12.76,-1.961018366257768e-6,-1.6707046454672592e-9
-12.75,-1.96177924035768e-6,-1.4456863655963625e-9
-12.74,-1.962519307746109e-6,-1.2187733850696447e-9
-12.73,-1.9632383906401547e-6,-9.899538087939883e-10
-12.72,-1.963936310167523e-6,-7.592156796571158e-10
-12.71,-1.9646128863607146e-6,-5.26546977970717e-10
-12.7,-1.965267938151401e-6,-2.919356203798938e-10
-12.69,-1.965901283364834e-6,-5.536946119529399e-11
-12.68,-1.96651273871447e-6,1.8316370977281379e-10
-12.67,-1.9671021197965357e-6,4.2367616494949877e-10
-12.66,-1.9676692410837757e-6,6.661802422342542e-10
-12.65,-1.9682139159207107e-6,9.106883418875321e-10
-12.64,-1.968735956517004e-6,1.1572129302996454e-9
-12.63,-1.9692351739430057e-6,1.4057665376807252e-9
-12.62,-1.969711378122813e-6,1.6563617590505007e-9
-12.61,-1.970164377829423e-6,1.9090112553318943e-9
-12.6,-1.970593980678444e-6,2.163727751720156e-9
-12.59,-1.970999993123126e-6,2.420524040335811e-9
-12.58,-1.971382220447709e-6,2.679412977915999e-9
-12.57,-1.971740466761692e-6,2.9404074881996103e-9
-12.56,-1.9720745349954796e-6,3.203520561454348e-9
-12.55,-1.972384226892121e-6,3.468765253703949e-9
-12.54,-1.9726693430037837e-6,3.73615468891537e-9
-12.53,-1.9729296826842363e-6,4.005702057096804e-9
-12.52,-1.973165044083751e-6,4.277420616973266e-9
-12.51,-1.973375224143117e-6,4.551323693731768e-9
-12.5,-1.973560018587779e-6,4.827424681002817e-9
-12.49,-1.9737192219213567e-6,5.105737040087635e-9
-12.48,-1.9738526274203063e-6,5.386274301368159e-9
-12.47,-1.9739600271278313e-6,5.6690500635342535e-9
-12.46,-1.974041211847234e-6,5.9540779939683114e-9
-12.45,-1.974095971136619e-6,6.241371829432166e-9
-12.44,-1.9741240933029036e-6,6.530945375620374e-9
-12.43,-1.974125365395161e-6,6.822812508531553e-9
-12.42,-1.9740995731983293e-6,7.116987173491582e-9
-12.41,-1.9740465012285524e-6,7.413483386240559e-9
-12.4,-1.973965932725603e-6,7.712315232474774e-9
-12.39,-1.9738576496468654e-6,8.013496869045763e-9
-12.38,-1.973721432661978e-6,8.317042523128178e-9
-12.37,-1.9735570611460226e-6,8.6229664934851e-9
-12.36,-1.9733643131733157e-6,8.93128314946667e-9
-12.35,-1.973142965511829e-6,9.242006932904882e-9
-12.34,-1.9728927936154467e-6,9.555152356916469e-9
-12.33,-1.9726135716197356e-6,9.870734006636191e-9
-12.32,-1.9723050723341044e-6,1.0188766540018878e-8
-12.31,-1.971967067235732e-6,1.0509264687068308e-8
-12.3,-1.971599326464095e-6,1.0832243250683707e-8
-12.29,-1.9712016188138797e-6,1.1157717106913462e-8
-12.28,-1.970773711727951e-6,1.1485701205251378e-8
-12.27,-1.9703153712929844e-6,1.181621056839371e-8
-12.26,-1.9698263622311196e-6,1.2149260292879975e-8
-12.25,-1.969306447894296e-6,1.2484865549077763e-8
-12.24,-1.9687553902582433e-6,1.282304158224789e-8
-12.23,-1.9681729499142815e-6,1.3163803711274938e-8
-12.22,-1.967558886066205e-6,1.3507167330973715e-8
-12.21,-1.9669129565196134e-6,1.385314790954287e-8
-12.2,-1.9662349176786435e-6,1.4201760991723635e-8
-12.19,-1.965524524538116e-6,1.4553022196965228e-8
-12.18,-1.9647815306758107e-6,1.490694722050213e-8
-12.17,-1.964005688249736e-6,1.526355183382621e-8
-12.16,-1.9631967479862977e-6,1.5622851884069118e-8
-12.15,-1.962354459177857e-6,1.5984863295339653e-8
-12.14,-1.9614785696745252e-6,1.634960206798799e-8
-12.13,-1.9605688258766594e-6,1.67170842788028e-8
-12.12,-1.9596249727299664e-6,1.708732608245688e-8
-12.11,-1.9586467537177074e-6,1.7460343710547705e-8
-12.1,-1.9576339108544607e-6,1.783615347221617e-8
-12.09,-1.9565861846787113e-6,1.8214771754468513e-8
-12.08,-1.9555033142462762e-6,1.859621502219838e-8
-12.07,-1.954385037124851e-6,1.898049981839806e-8
-12.06,-1.953231089385475e-6,1.936764276490695e-8
-12.05,-1.9520412055966487e-6,1.9757660562267427e-8
-12.04,-1.9508151188167155e-6,2.0150569989196162e-8
-12.03,-1.9495525605889867e-6,2.0546387904426724e-8
-12.02,-1.948253260931906e-6,2.094513124511985e-8
-12.01,-1.9469169483354937e-6,2.1346817029272073e-8
-12.0,-1.9455433497510208e-6,2.1751462353455363e-8
-11.99,-1.944132190587318e-6,2.2159084394870402e-8
-11.98,-1.9426831947012436e-6,2.2569700410812637e-8
-11.97,-1.9411960843928432e-6,2.2983327739260627e-8
-11.96,-1.9396705803965273e-6,2.33999837987446e-8
-11.95,-1.9381064018756537e-6,2.3819686088164007e-8
-11.94,-1.9365032664147114e-6,2.4242452188158246e-8
-11.93,-1.9348608900127158e-6,2.4668299760687615e-8
-11.92,-1.9331789870750544e-6,2.5097246548623007e-8
-11.91,-1.931457270408344e-6,2.5529310377219687e-8
-11.9,-1.9296954512121716e-6,2.5964509153536683e-8
-11.89,-1.9278932390713603e-6,2.6402860866419374e-8
-11.88,-1.9260503419510522e-6,2.6844383587385484e-8
-11.87,-1.924166466187638e-6,2.7289095470729426e-8
-11.86,-1.922241316481853e-6,2.7737014752912985e-8
-11.85,-1.9202745958927904e-6,2.8188159753590157e-8
-11.84,-1.9182660058298227e-6,2.864254887597517e-8
-11.83,-1.9162152460454454e-6,2.910020060617133e-8
-11.82,-1.914122014628748e-6,2.956113351414504e-8
-11.81,-1.9119860079971406e-6,3.002536625309965e-8
-11.8,-1.9098069208902105e-6,3.049291756111376e-8
-11.79,-1.9075844463614835e-6,3.0963806259588225e-8
-11.78,-1.9053182757725535e-6,3.143805125471494e-8
-11.77,-1.9030080987846341e-6,3.1915671536656594e-8
-11.76,-1.9006536033513482e-6,3.239668618091413e-8
-11.75,-1.898254475712371e-6,3.288111434763762e-8
-11.74,-1.8958104003850867e-6,3.3368975282034073e-8
-11.73,-1.8933210601573384e-6,3.386028831421723e-8
-11.72,-1.890786136081698e-6,3.435507286067743e-8
-11.71,-1.8882053074654917e-6,3.485334842256248e-8
-11.7,-1.885578251865798e-6,3.535513458694262e-8
-11.69,-1.8829046450806808e-6,3.586045102769818e-8
-11.68,-1.8801841611423452e-6,3.636931750364965e-8
-11.67,-1.8774164723096884e-6,3.688175386084174e-8
-11.66,-1.8746012490611753e-6,3.739778003122365e-8
-11.65,-1.8717381600862461e-6,3.791741603329987e-8
-11.64,-1.8688268722798058e-6,3.844068197322927e-8
-11.63,-1.8658670507325297e-6,3.896759804327815e-8
-11.62,-1.8628583587260135e-6,3.949818452279761e-8
-11.61,-1.8598004577228084e-6,4.003246177912498e-8
-11.6,-1.856693007360034e-6,4.057045026629838e-8
-11.59,-1.8535356654426567e-6,4.1112170526258485e-8
-11.58,-1.8503280879347453e-6,4.165764318858074e-8
-11.57,-1.8470699289520153e-6,4.220688897093617e-8
-11.56,-1.843760840755864e-6,4.2759928678442835e-8
-11.55,-1.8404004737432379e-6,4.3316783204840026e-8
-11.54,-1.8369884764418787e-6,4.3877473532172145e-8
-11.53,-1.8335244955003986e-6,4.444202073046711e-8
-11.52,-1.8300081756827214e-6,4.501044595873734e-8
-11.51,-1.826439159858495e-6,4.558277046449068e-8
-11.5,-1.8228170889977687e-6,4.6159015584103264e-8
-11.49,-1.8191416021614555e-6,4.673920274273566e-8
-11.48,-1.8154123364941854e-6,4.732335345486789e-8
-11.47,-1.8116289272176262e-6,4.791148932372604e-8
-11.46,-1.8077910076224807e-6,4.850363204213947e-8
-11.45,-1.8038982090597403e-6,4.909980339230173e-8
-11.44,-1.7999501609346204e-6,4.9700025245974066e-8
-11.43,-1.7959464906978818e-6,5.030431956421068e-8
-11.42,-1.7918868238389494e-6,5.091270839805948e-8
-11.41,-1.7877707838775986e-6,5.152521388828013e-8
-11.4,-1.7835979923566503e-6,5.214185826545237e-8
-11.39,-1.7793680688339512e-6,5.276266385040026e-8
-11.38,-1.7750806308758714e-6,5.338765305371686e-8
-11.37,-1.7707352940475357e-6,5.401684837654794e-8
-11.36,-1.7663316719068817e-6,5.465027240978093e-8
-11.35,-1.7618693759966973e-6,5.528794783506584e-8
-11.34,-1.7573480158367568e-6,5.592989742424487e-8
-11.33,-1.752767198915147e-6,5.657614403963347e-8
-11.32,-1.748126530682451e-6,5.722671063417523e-8
-11.31,-1.7434256145425992e-6,5.7881620251429455e-8
-11.3,-1.7386640518458155e-6,5.854089602554937e-8
-11.29,-1.7338414418802952e-6,5.920456118147036e-8
-11.28,-1.7289573818657619e-6,5.987263903481838e-8
-11.27,-1.724011466943915e-6,6.054515299208771e-8
-11.26,-1.7190032901729119e-6,6.122212655049243e-8
-11.25,-1.7139324425168302e-6,6.190358329844846e-8
-11.24,-1.7087985128412858e-6,6.258954691511529e-8
-11.23,-1.7036010879027054e-6,6.328004117058698e-8
-11.22,-1.6983397523427668e-6,6.39750899261004e-8
-11.21,-1.693014088679489e-6,6.467471713375352e-8
-11.2,-1.6876236772990132e-6,6.537894683669217e-8
-11.19,-1.6821680964503357e-6,6.608780316933854e-8
-11.18,-1.6766469222347763e-6,6.680131035695497e-8
-11.17,-1.6710597285996748e-6,6.751949271568934e-8
-11.16,-1.6654060873304722e-6,6.824237465321376e-8
-11.15,-1.6596855680435508e-6,6.896998066809359e-8
-11.14,-1.6538977381764596e-6,6.970233534971225e-8
-11.13,-1.6480421629835486e-6,7.043946337862298e-8
-11.12,-1.6421184055248007e-6,7.11813895264528e-8
-11.11,-1.6361260266604738e-6,7.192813865583067e-8
-11.1,-1.630064585042629e-6,7.267973572020032e-8
-11.09,-1.6239336371074997e-6,7.343620576407814e-8
-11.08,-1.6177327370670662e-6,7.419757392299353e-8
-11.07,-1.611461436903011e-6,7.496386542277821e-8
-11.06,-1.6051192863574858e-6,7.573510558066183e-8
-11.05,-1.5987058329261465e-6,7.651131980430667e-8
-11.04,-1.5922206218508714e-6,7.729253359211246e-8
-11.03,-1.5856631961102676e-6,7.807877253287577e-8
-11.02,-1.579033096415214e-6,7.887006230658834e-8
-11.01,-1.5723298611976407e-6,7.966642868278285e-8
-11.0,-1.565553026605835e-6,8.046789752172997e-8
-10.99,-1.558702126494865e-6,8.127449477470565e-8
-10.98,-1.5517766924198548e-6,8.208624648185198e-8
-10.97,-1.5447762536286674e-6,8.290317877454824e-8
-10.96,-1.537700337053248e-6,8.37253178732337e-8
-10.95,-1.5305484673029275e-6,8.455269008901986e-8
-10.94,-1.5233201666560314e-6,8.538532182223285e-8
-10.93,-1.5160149550542992e-6,8.622323956322336e-8
-10.92,-1.5086323500919379e-6,8.706646989123917e-8
-10.91,-1.50117186701137e-6,8.791503947553389e-8
-10.9,-1.4936330186938251e-6,8.876897507387494e-8
-10.89,-1.4860153156527295e-6,8.962830353391524e-8
-10.88,-1.478318266025547e-6,9.049305179159124e-8
-10.87,-1.4705413755664357e-6,9.136324687141183e-8
-10.86,-1.46268414763962e-6,9.223891588710813e-8
-10.85,-1.4547460832105044e-6,9.312008604029236e-8
-10.84,-1.4467266808394853e-6,9.400678462099114e-8
-10.83,-1.4386254366740043e-6,9.489903900692828e-8
-10.82,-1.4304418444408172e-6,9.579687666396429e-8
-10.81,-1.422175395439241e-6,9.670032514538741e-8
-10.8,-1.4138255785341472e-6,9.760941209190858e-8
-10.79,-1.405391880146841e-6,9.85241652312319e-8
-10.78,-1.3968737842496567e-6,9.9444612378318e-8
-10.77,-1.3882707723586284e-6,1.0037078143433875e-7
-10.76,-1.3795823235236915e-6,1.0130270038756464e-7
-10.75,-1.3708079143251317e-6,1.0224039731174028e-7
-10.74,-1.361947018863144e-6,1.0318390036670216e-7
-10.73,-1.352999108752191e-6,1.0413323779837062e-7
-10.72,-1.3439636531147388e-6,1.0508843793778715e-7
-10.71,-1.3348401185713175e-6,1.0604952920088424e-7
-10.7,-1.3256279692360158e-6,1.0701654008879572e-7
-10.69,-1.316326666707976e-6,1.0798949918646194e-7
-10.68,-1.3069356700646931e-6,1.0896843516387048e-7
-10.67,-1.2974544358557706e-6,1.0995337677453273e-7
-10.66,-1.2878824180936178e-6,1.109443528554458e-7
-10.65,-1.2782190682490637e-6,1.1194139232669045e-7
-10.64,-1.268463835243026e-6,1.1294452419126167e-7
-10.63,-1.258616165439654e-6,1.139537775351167e-7
-10.62,-1.2486755026394776e-6,1.149691815253754e-7
-10.61,-1.2386412880731281e-6,1.1599076541236673e-7
-10.6,-1.2285129603932102e-6,1.1701855852623937e-7
-10.59,-1.2182899556690412e-6,1.180525902795709e-7
-10.58,-1.2079717073783564e-6,1.190928901645278e-7
-10.57,-1.1975576464024881e-6,1.201394877538694e-7
-10.56,-1.1870472010174792e-6,1.2119241270016376e-7
-10.55,-1.1764397968883442e-6,1.2225169473500138e-7
-10.54,-1.1657348570634352e-6,1.2331736366936015e-7
-10.53,-1.1549318019663255e-6,1.2438944939260922e-7
-10.52,-1.1440300493895357e-6,1.2546798187176645e-7
-10.51,-1.1330290144891916e-6,1.2655299115172626e-7
-10.5,-1.1219281097773738e-6,1.2764450735422776e-7
-10.49,-1.1107267451158272e-6,1.287425606775128e-7
-10.48,-1.0994243277100119e-6,1.2984718139630626e-7
-10.47,-1.0880202621021505e-6,1.3095839986062607e-7
-10.46,-1.0765139501657813e-6,1.320762464952695e-7
-10.45,-1.0649047910984541e-6,1.3320075180000337e-7
-10.44,-1.0531921814163733e-6,1.3433194634811331e-7
-10.43,-1.041375514948131e-6,1.354698607869532e-7
-10.42,-1.029454182827961e-6,1.366145258360888e-7
-10.41,-1.0174275734899067e-6,1.3776597228752409e-7
-10.4,-1.005295072662653e-6,1.3892423100498235e-7
-10.39,-9.930560633622777e-7,1.4008933292323745e-7
-10.38,-9.807099258868546e-7,1.4126130904772246e-7
-10.37,-9.68256037811067e-7,1.4244019045345763e-7
-10.36,-9.556937739795137e-7,1.436260082849524e-7
-10.35,-9.430225065016008e-7,1.448187937547044e-7
-10.34,-9.302416047454972e-7,1.4601857814392004e-7
-10.33,-9.173504353327755e-7,1.4722539280064923e-7
-10.32,-9.043483621322739e-7,1.4843926913926928e-7
-10.31,-8.912347462549628e-7,1.4966023864024832e-7
-10.3,-8.780089460486841e-7,1.508883328493443e-7
-10.29,-8.646703170922968e-7,1.5212358337663406e-7
-10.28,-8.512182121903806e-7,1.5336602189595632e-7
-10.27,-8.376519813677333e-7,1.5461568014370736e-7
-10.26,-8.239709718650453e-7,1.5587258991866425e-7
-10.25,-8.101745281321571e-7,1.5713678308129358e-7
-10.24,-7.962619918248973e-7,1.5840829155286467e-7
-10.23,-7.822327017981029e-7,1.5968714731327728e-7
-10.22,-7.680859941019615e-7,1.6097338240293678e-7
-10.21,-7.538212019766847e-7,1.6226702891965755e-7
-10.2,-7.394376558473893e-7,1.6356811901845095e-7
-10.19,-7.249346833199833e-7,1.6487668491121723e-7
-10.18,-7.103116091755642e-7,1.6619275886532693e-7
-10.17,-6.955677553665417e-7,1.675163732026948e-7
-10.16,-6.807024410119476e-7,1.6884756029932177e-7
-10.15,-6.657149823925871e-7,1.7018635258394459e-7
-10.14,-6.506046929468627e-7,1.7153278253742013e-7
-10.13,-6.353708832668147e-7,1.7288688269167382e-7
-10.12,-6.200128610929925e-7,1.7424868562791186e-7
-10.11,-6.045299313110008e-7,1.7561822397819456e-7
-10.1,-5.889213959474219e-7,1.7699553042115425e-7
-10.09,-5.731865541653158e-7,1.7838063768312098e-7
-10.08,-5.573247022604784e-7,1.7977357853595537e-7
-10.07,-5.413351336580114e-7,1.8117438579751516e-7
-10.06,-5.252171389078726e-7,1.8258309232919084e-7
-10.05,-5.089700056819108e-7,1.8399973103506355e-7
-10.04,-4.925930187696144e-7,1.8542433486132962e-7
-10.03,-4.7608546007504465e-7,1.868569367945831e-7
-10.02,-4.5944660861342177e-7,1.8829756986199412e-7
-10.01,-4.4267574050752874e-7,1.897462671274894e-7
-10.0,-4.2577212898488155e-7,1.9120306169453547e-7
-9.99,-4.0873504437419365e-7,1.9266798670067613e-7
-9.98,-3.915637541025563e-7,1.9414107532017684e-7
-9.97,-3.7425752269240955e-7,1.9562236075918018e-7
-9.96,-3.5681561175926647e-7,1.9711187625843412e-7
-9.95,-3.39237280007852e-7,1.9860965508877905e-7
-9.94,-3.215217832308677e-7,2.0011573055119575e-7
-9.93,-3.0366837430476954e-7,2.0163013597547641e-7
-9.92,-2.8567630318901644e-7,2.0315290471934155e-7
-9.91,-2.675448169229294e-7,2.046840701659914e-7
-9.9,-2.4927315962298615e-7,2.0622366572415783e-7
-9.89,-2.3086057248210376e-7,2.0777172482585876e-7
-9.88,-2.1230629376653731e-7,2.093282809247138e-7
-9.87,-1.936095588137046e-7,2.1089336749550833e-7
-9.86,-1.7476960003178062e-7,2.124670180325488e-7
-9.85,-1.5578564689687885e-7,2.1404926604787997e-7
-9.84,-1.3665692595201135e-7,2.1564014506957297e-7
-9.83,-1.1738266080509085e-7,2.172396886414427e-7
-9.82,-9.796207212889548e-8,2.1884793032018874e-7
-9.81,-7.839437765840337e-8,2.204649036750698e-7
-9.8,-5.867879219042001e-8,2.2209064228498688e-7
-9.79,-3.8814527582584416e-8,2.237251797387526e-7
-9.78,-1.8800792752871207e-8,2.2536854963179522e-7
-9.77,1.3632063218505892e-9,2.2702078556615806e-7
-9.76,2.167826660566332e-8,2.2868192114675917e-7
-9.75,4.2145188004311184e-8,2.3035198998192793e-7
-9.74,6.276477336576743e-8,2.3203102568108316e-7
-9.73,8.353782847998464e-8,2.3371906185233944e-7
-9.72,1.0446516207910448e-7,2.3541613210120402e-7
-9.71,1.2554758583744693e-7,2.3712227002968983e-7
-9.7,1.467859143709825e-7,2.38837509233636e-7
-9.69,1.6818096523730763e-7,2.405618833002532e-7
-9.68,1.897335589349626e-7,2.422954258084772e-7
-9.67,2.1144451890270755e-7,2.4403817032555085e-7
-9.66,2.3331467151855372e-7,2.457901504051653e-7
-9.65,2.553448460997849e-7,2.4755139958698585e-7
-9.64,2.775358749000091e-7,2.493219513926149e-7
-9.63,2.998885931097245e-7,2.5110183932581786e-7
-9.62,3.224038388540763e-7,2.528910968694991e-7
-9.61,3.4508245319138426e-7,2.5468975748385384e-7
-9.6,3.679252801111278e-7,2.5649785460432836e-7
-9.59,3.909331665328116e-7,2.583154216397943e-7
-9.58,4.141069623032754e-7,2.6014249197108403e-7
-9.57,4.3744752019485e-7,2.6197909894762216e-7
-9.56,4.6095569590262125e-7,2.6382527588687967e-7
-9.55,4.846323480427409e-7,2.6568105607070803e-7
-9.54,5.08478338148316e-7,2.675464727443266e-7
-9.53,5.324945306681808e-7,2.694215591144596e-7
-9.52,5.566817929625838e-7,2.7130634834552316e-7
-9.51,5.810409953012308e-7,2.73200873559627e-7
-9.5,6.055730108579462e-7,2.751051678322805e-7
-9.49,6.302787157093977e-7,2.7701926419140637e-7
-9.48,6.551589888298214e-7,2.789431956148885e-7
-9.47,6.802147120877727e-7,2.8087699502758597e-7
-9.46,7.05446770241855e-7,2.828206953011178e-7
-9.45,7.308560509362124e-7,2.8477432924728657e-7
-9.44,7.564434446965427e-7,2.8673792962068175e-7
-9.43,7.822098449251807e-7,2.88711529112643e-7
-9.42,8.081561478964207e-7,2.9069516035097884e-7
-9.41,8.342832527504986e-7,2.926888558950275e-7
-9.4,8.605920614904049e-7,2.9469264823677194e-7
-9.39,8.870834789742447e-7,2.9670656979501126e-7
-9.38,9.137584129110342e-7,2.987306529141936e-7
-9.37,9.406177738544823e-7,3.0076492986227206e-7
-9.36,9.676624751965e-7,3.028094328270863e-7
-9.35,9.948934331616518e-7,3.0486419391397344e-7
-9.34,1.0223115668004285e-6,3.0692924514412697e-7
-9.33,1.0499177979822194e-6,3.090046184501464e-7
-9.32,1.0777130513893648e-6,3.1109034567481855e-7
-9.31,1.1056982545087586e-6,3.1318645856770867e-7
-9.3,1.1338743376259603e-6,3.152929887819349e-7
-9.29,1.1622422338160227e-6,3.174099678726422e-7
-9.28,1.190802878937902e-6,3.1953742729268154e-7
-9.27,1.2195572116241583e-6,3.2167539839089023e-7
-9.26,1.2485061732744959e-6,3.2382391240830313e-7
-9.25,1.2776507080467575e-6,3.2598300047505577e-7
-9.24,1.3069917628474413e-6,3.2815269360975346e-7
-9.23,1.3365302873246075e-6,3.3033302271215854e-7
-9.22,1.3662672338568325e-6,3.3252401856511326e-7
-9.21,1.39620355754481e-6,3.347257118270692e-7
-9.2,1.426340216202349e-6,3.3693813303208847e-7
-9.19,1.4566781703452445e-6,3.3916131258415794e-7
-9.18,1.4872183831819088e-6,3.41395280756919e-7
-9.17,1.5179618206024044e-6,3.4364006768770547e-7
-9.16,1.5489094511690697e-6,3.4589570337608885e-7
-9.15,1.580062246104166e-6,3.481622176795339e-7
-9.14,1.6114211792800234e-6,3.504396403108841e-7
-9.13,1.642987227207056e-6,3.527280008349479e-7
-9.12,1.674761369021781e-6,3.5502732866383753e-7
-9.11,1.7067445864756717e-6,3.5733765305601975e-7
-9.1,1.7389378639227683e-6,3.5965900310977866e-7
-9.09,1.771342188307142e-6,3.619914077623254e-7
-9.08,1.8039585491501464e-6,3.643348957851067e-7
-9.07,1.8367879385373785e-6,3.666894957803946e-7
-9.06,1.8698313511056997e-6,3.690552361778213e-7
-9.05,1.9030897840296966e-6,3.714321452305996e-7
-9.04,1.9365642370072527e-6,3.738202510119077e-7
-9.03,1.9702557122462395e-6,3.762195814106634e-7
-9.02,2.0041652144502883e-6,3.7863016412946815e-7
-9.01,2.03829375080256e-6,3.810520266784767e-7
-9.0,2.072642330952758e-6,3.8348519637303473e-7
-8.99,2.107211967000433e-6,3.8592970033026766e-7
-8.98,2.1420036734805727e-6,3.883855654635754e-7
-8.97,2.1770184673459895e-6,3.908528184798933e-7
-8.96,2.212257367952995e-6,3.933314858756183e-7
-8.95,2.2477213970441106e-6,3.958215939318231e-7
-8.94,2.2834115787314857e-6,3.983231687112416e-7
-8.93,2.319328939478895e-6,4.0083623605354576e-7
-8.92,2.3554745080856973e-6,4.0336082157122805e-7
-8.91,2.3918493156684547e-6,4.058969506459109e-7
-8.9,2.428454395642257e-6,4.084446484232596e-7
-8.89,2.465290783703626e-6,4.110039398096137e-7
-8.88,2.502359517810436e-6,4.1357484946723267e-7
-8.87,2.5396616381641312e-6,4.161574018100741e-7
-8.86,2.5771981871893817e-6,4.1875162099941377e-7
-8.85,2.6149702095145393e-6,4.213575309391069e-7
-8.84,2.6529787519523115e-6,4.239751552720045e-7
-8.83,2.6912248634779886e-6,4.266045173743517e-7
-8.82,2.7297095952100918e-6,4.292456403518392e-7
-8.81,2.76843400038811e-6,4.318985470350826e-7
-8.8,2.8073991343522654e-6,4.345632599750395e-7
-8.79,2.8466060545204146e-6,4.372398014376877e-7
-8.78,2.8860558203669974e-6,4.3992819339994223e-7
-8.77,2.9257494933991927e-6,4.4262845754465696e-7
-8.76,2.965688137135277e-6,4.453406152559822e-7
-8.75,3.0058728170814162e-6,4.480646876140291e-7
-8.74,3.046304600706657e-6,4.5080069539102357e-7
-8.73,3.0869845574195964e-6,4.5354865904489946e-7
-8.72,3.12791375854469e-6,4.563085987158921e-7
-8.71,3.169093277297012e-6,4.5908053421971747e-7
-8.7,3.210524188756659e-6,4.6186448504424593e-7
-8.69,3.25220756984286e-6,4.6466047034333865e-7
-8.68,3.2941444992902944e-6,4.674685089319569e-7
-8.67,3.336336057619323e-6,4.7028861928076324e-7
-8.66,3.378783327111862e-6,4.7312081951130154e-7
-8.65,3.4214873917839954e-6,4.7596512739016455e-7
-8.64,3.4644493373571633e-6,4.78821560324327e-7
-8.63,3.507670251230653e-6,4.816901353543519e-7
-8.62,3.551151222454192e-6,4.845708691508511e-7
-8.61,3.5948933416980686e-6,4.874637780074059e-7
-8.6,3.6388977012240686e-6,4.903688778360471e-7
-8.59,3.6831653948564983e-6,4.932861841604793e-7
-8.58,3.727697517951272e-6,4.962157121122264e-7
-8.57,3.7724951673665296e-6,4.991574764226584e-7
-8.56,3.817559441430537e-6,5.021114914194417e-7
-8.55,3.862891439910143e-6,5.050777710193086e-7
-8.54,3.908492263980975e-6,5.080563287224251e-7
-8.53,3.95436301619292e-6,5.110471776074739e-7
-8.52,4.000504800439447e-6,5.140503303242775e-7
-8.51,4.046918721921379e-6,5.170657990883235e-7
-8.5,4.093605887117536e-6,5.200935956756159e-7
-8.49,4.14056740374711e-6,5.231337314150342e-7
-8.48,4.187804380737403e-6,5.261862171836987e-7
-8.47,4.235317928186583e-6,5.292510633989996e-7
-8.46,4.283109157330921e-6,5.323282800145213e-7
-8.45,4.331179180506236e-6,5.354178765115426e-7
-8.44,4.37952911111367e-6,5.385198618943741e-7
-8.43,4.428160063582046e-6,5.416342446829761e-7
-8.42,4.477073153329044e-6,5.447610329066987e-7
-8.41,4.52626949672528e-6,5.479002340979117e-7
-8.4,4.575750211055444e-6,5.510518552853603e-7
-8.39,4.625516414479386e-6,5.542159029873727e-7
-8.38,4.67556922599195e-6,5.57392383205397e-7
-8.37,4.725909765383756e-6,5.605813014175158e-7
-8.36,4.776539153201199e-6,5.637826625702625e-7
-8.35,4.827458510705283e-6,5.669964710739389e-7
-8.34,4.8786689598295495e-6,5.702227307940962e-7
-8.33,4.93017162313929e-6,5.734614450446181e-7
-8.32,4.981967623787904e-6,5.76712616582115e-7
-8.31,5.034058085474616e-6,5.799762475967419e-7
-8.3,5.086444132402144e-6,5.832523397071241e-7
-8.29,5.139126889229027e-6,5.865408939514862e-7
-8.28,5.192107481029914e-6,5.898419107817167e-7
-8.27,5.245387033245602e-6,5.931553900551852e-7
-8.26,5.298966671640929e-6,5.964813310272522e-7
-8.25,5.352847522257275e-6,5.998197323452642e-7
-8.24,5.407030711364901e-6,6.031705920395059e-7
-8.23,5.461517365417355e-6,6.065339075162018e-7
-8.22,5.516308611001818e-6,6.099096755501183e-7
-8.21,5.571405574792616e-6,6.132978922767742e-7
-8.2,5.626809383499157e-6,6.166985531843405e-7
-8.19,5.682521163819686e-6,6.201116531068579e-7
-8.18,5.7385420423880885e-6,6.235371862154484e-7
-8.17,5.79487314572573e-6,6.26975146010886e-7
-8.16,5.8515156001882756e-6,6.304255253149748e-7
-8.15,5.908470531913709e-6,6.338883162643044e-7
-8.14,5.9657390667708164e-6,6.373635102997318e-7
-8.13,6.023322330304913e-6,6.408510981600183e-7
-8.12,6.08122144768502e-6,6.443510698729822e-7
-8.11,6.139437543647988e-6,6.478634147476646e-7
-8.1,6.197971742445882e-6,6.513881213654581e-7
-8.09,6.2568251677876e-6,6.549251775717834e-7
-8.08,6.315998942783833e-6,6.584745704681617e-7
-8.07,6.375494189891031e-6,6.620362864034944e-7
-8.06,6.435312030852274e-6,6.656103109648206e-7
-8.05,6.495453586640037e-6,6.691966289702962e-7
-8.04,6.555919977397103e-6,6.727952244582487e-7
-8.03,6.6167123223770475e-6,6.764060806809145e-7
-8.02,6.677831739884111e-6,6.800291800933056e-7
-8.01,6.73927934721273e-6,6.836645043463008e-7
-8.0,6.801056260585819e-6,6.873120342759307e-7
-7.99,6.863163595092416e-6,6.909717498959981e-7
-7.98,6.925602464625794e-6,6.946436303879759e-7
-7.97,6.988373981818807e-6,6.983276540923617e-7
-7.96,7.051479257980637e-6,7.020237984989192e-7
-7.95,7.114919403031891e-6,7.057320402378247e-7
-7.94,7.178695525438891e-6,7.094523550706883e-7
-7.93,7.24280873214779e-6,7.131847178806057e-7
-7.92,7.307260128516581e-6,7.169291026624573e-7
-7.91,7.3720508182496005e-6,7.206854825149074e-7
-7.9,7.437181903327536e-6,7.244538296283542e-7
-7.89,7.5026544839384764e-6,7.282341152773528e-7
-7.88,7.568469658409546e-6,7.320263098104814e-7
-7.87,7.63462852313523e-6,7.358303826398639e-7
-7.86,7.701132172506822e-6,7.396463022316303e-7
-7.85,7.767981698839745e-6,7.434740360963569e-7
-7.84,7.835178192302414e-6,7.473135507784972e-7
-7.83,7.902722740841247e-6,7.511648118473075e-7
-7.82,7.970616430108236e-6,7.550277838856539e-7
-7.81,8.038860343384505e-6,7.589024304799963e-7
-7.8,8.107455561505573e-6,7.627887142112404e-7
-7.79,8.17640316278537e-6,7.666865966426094e-7
-7.78,8.245704222937936e-6,7.705960383111918e-7
-7.77,8.315359815001718e-6,7.745169987159139e-7
-7.76,8.385371009257686e-6,7.784494363081992e-7
-7.75,8.455738873152704e-6,7.823933084799568e-7
-7.74,8.526464471219325e-6,7.863485715548489e-7
-7.73,8.597548864992551e-6,7.903151807763367e-7
-7.72,8.668993112929433e-6,7.942930902964834e-7
-7.71,8.740798270328101e-6,7.982822531664776e-7
-7.7,8.812965389241168e-6,8.022826213241536e-7
-7.69,8.885495518394367e-6,8.062941455851277e-7
-7.68,8.958389703100097e-6,8.103167756289641e-7
-7.67,9.031648985172416e-6,8.14350459990371e-7
-7.66,9.105274402839682e-6,8.183951460470214e-7
-7.65,9.17926699065773e-6,8.224507800084402e-7
-7.64,9.253627779422252e-6,8.265173069041843e-7
-7.63,9.328357796078265e-6,8.30594670573318e-7
-7.62,9.403458063631535e-6,8.346828136529085e-7
-7.61,9.478929601056715e-6,8.387816775650348e-7
-7.6,9.554773423207288e-6,8.428912025076266e-7
-7.59,9.630990540721441e-6,8.470113274403831e-7
-7.58,9.70758195993034e-6,8.511419900745261e-7
-7.57,9.784548682762543e-6,8.552831268604652e-7
-7.56,9.861891706650543e-6,8.594346729760008e-7
-7.55,9.939612024433826e-6,8.63596562314033e-7
-7.54,1.0017710624261488e-5,8.677687274713589e-7
-7.53,1.0096188489497559e-5,8.719510997360063e-7
-7.52,1.017504659861916e-5,8.761436090750141e-7
-7.51,1.0254285925118782e-5,8.803461841226527e-7
-7.5,1.0333907437404399e-5,8.845587521678072e-7
-7.49,1.0413912098696518e-5,8.887812391410638e-7
-7.48,1.049430086692844e-5,8.930135696037718e-7
-7.47,1.0575074694642188e-5,8.972556667337904e-7
-7.46,1.065623452888366e-5,9.015074523145592e-7
-7.45,1.073778131109956e-5,9.057688467214305e-7
-7.44,1.0819715977030804e-5,9.100397689089457e-7
-7.43,1.0902039456606332e-5,9.143201363988136e-7
-7.42,1.0984752673834653e-5,9.186098652661766e-7
-7.41,1.1067856546696663e-5,9.229088701270098e-7
-7.4,1.1151351987035781e-5,9.272170641261873e-7
-7.39,1.123523990044672e-5,9.315343589223382e-7
-7.38,1.1319521186165134e-5,9.358606646770007e-7
-7.37,1.1404196736955108e-5,9.401958900396808e-7
-7.36,1.1489267438996004e-5,9.44539942134732e-7
-7.35,1.1574734171768625e-5,9.488927265499355e-7
-7.34,1.16605978079388e-5,9.532541473210993e-7
-7.33,1.1746859213243433e-5,9.576241069190885e-7
-7.32,1.1833519246371072e-5,9.620025062366827e-7
-7.31,1.192057875884591e-5,9.663892445745502e-7
-7.3,1.2008038594907353e-5,9.707842196287745e-7
-7.29,1.2095899591390595e-5,9.751873274748628e-7
-7.28,1.2184162577605943e-5,9.795984625567224e-7
-7.27,1.227282837521606e-5,9.840175176705512e-7
-7.26,1.2361897798113462e-5,9.88444383951094e-7
-7.25,1.2451371652296105e-5,9.928789508604507e-7
-7.24,1.2541250735743512e-5,9.973211061695115e-7
-7.23,1.2631535838289323e-5,1.00177073594821e-6
-7.22,1.2722227741494907e-5,1.0062277245482378e-6
-7.21,1.2813327218521482e-5,1.0106919545907336e-6
-7.2,1.2904835034000868e-5,1.0151633069498002e-6
-7.19,1.2996751943905229e-5,1.019641660741607e-6
-7.18,1.3089078695416268e-5,1.0241268933064613e-6
-7.17,1.3181816026792836e-5,1.028618880196161e-6
-7.16,1.3274964667237421e-5,1.0331174951586846e-6
-7.15,1.3368525336762791e-5,1.0376226101245224e-6
-7.14,1.3462498746055964e-5,1.0421340951908455e-6
-7.13,1.3556885596341594e-5,1.0466518186069838e-6
-7.12,1.3651686579245428e-5,1.0511756467614584e-6
-7.11,1.374690237665495e-5,1.0557054441634597e-6
-7.1,1.3842533660580692e-5,1.0602410734314272e-6
-7.09,1.393858109301495e-5,1.0647823952758443e-6
-7.08,1.4035045325790286e-5,1.0693292684859385e-6
-7.07,1.4131927000436806e-5,1.0738815499129095e-6
-7.06,1.4229226748038283e-5,1.0784390944549436e-6
-7.05,1.4326945189087447e-5,1.0830017550438606e-6
-7.04,1.4425082933339497e-5,1.0875693826274656e-6
-7.03,1.4523640579665231e-5,1.0921418261552863e-6
-7.02,1.4622618715902954e-5,1.0967189325631067e-6
-7.01,1.4722017918709284e-5,1.1013005467577144e-6
-7.0,1.4821838753407837e-5,1.1058865116014452e-6
-6.99,1.492208177383924e-5,1.1104766678949248e-6
-6.98,1.5022747522207265e-5,1.1150708543639388e-6
-6.97,1.5123836528924946e-5,1.1196689076429937e-6
-6.96,1.5225349312461349e-5,1.1242706622575851e-6
-6.95,1.5327286379183226e-5,1.1288759506111373e-6
-6.94,1.542964822320011e-5,1.1334846029680213e-6
-6.93,1.5532435326204764e-5,1.13809644743719e-6
-6.92,1.5635648157313708e-5,1.1427113099569434e-6
-6.91,1.5739287172908052e-5,1.147329014278678e-6
-6.9,1.584335281647029e-5,1.1519493819502007e-6
-6.89,1.594784551842239e-5,1.1565722323011528e-6
-6.88,1.6052765695961657e-5,1.161197382425254e-6
-6.87,1.6158113752895734e-5,1.16582464716487e-6
-6.86,1.626389007947606e-5,1.1704538390947152e-6
-6.85,1.637009505223098e-5,1.1750847685050364e-6
-6.84,1.6476729033797035e-5,1.1797172433868352e-6
-6.83,1.6583792372748968e-5,1.1843510694128071e-6
-6.82,1.6691285403429046e-5,1.188986049923669e-6
-6.81,1.679920844577547e-5,1.1936219859098287e-6
-6.8,1.690756180514845e-5,1.1982586759949191e-6
-6.79,1.7016345772156242e-5,1.202895916420984e-6
-6.78,1.712556062247983e-5,1.2075335010295966e-6
-6.77,1.7235206616695375e-5,1.2121712212469282e-6
-6.76,1.734528400009784e-5,1.2168088660653038e-6
-6.75,1.7455793002520015e-5,1.2214462220288102e-6
-6.74,1.7566733838154208e-5,1.2260830732147158e-6
-6.73,1.767810670536908e-5,1.2307192012162977e-6
-6.72,1.7789911786528053e-5,1.2353543851280965e-6
-6.71,1.790214924780566e-5,1.2399884015266713e-6
-6.7,1.8014819239001728e-5,1.2446210244560042e-6
-6.69,1.8127921893355164e-5,1.249252025407847e-6
-6.68,1.82414573273583e-5,1.2538811733076834e-6
-6.67,1.8355425640565714e-5,1.2585082344948147e-6
-6.66,1.8469826915406526e-5,1.2631329727078002e-6
-6.65,1.858466121699222e-5,1.2677551490653338e-6
-6.64,1.8699928592925117e-5,1.2723745220509372e-6
-6.63,1.8815629073104794e-5,1.2769908474943781e-6
-6.62,1.8931762669533053e-5,1.2816038785555334e-6
-6.61,1.9048329376118964e-5,1.2862133657059155e-6
-6.6,1.9165329168481105e-5,1.2908190567128533e-6
-6.59,1.928276200374989e-5,1.295420696622113e-6
-6.58,1.9400627820367302e-5,1.3000180277389783e-6
-6.57,1.951892653788748e-5,1.304610789612666e-6
-6.56,1.963765805677409e-5,1.3091987190195584e-6
-6.55,1.975682225819668e-5,1.313781549943451e-6
-6.54,1.987641900382848e-5,1.3183590135598081e-6
-6.53,1.999644813563817e-5,1.3229308382185825e-6
-6.52,2.0116909475685048e-5,1.3274967494263847e-6
-6.51,2.0237802825910527e-5,1.3320564698292038e-6
-6.5,2.0359127967929482e-5,1.3366097191948424e-6
-6.49,2.0480884662818418e-5,1.341156214395707e-6
-6.48,2.0603072650905622e-5,1.3456956693907684e-6
-6.47,2.072569165155818e-5,1.3502277952093494e-6
-6.46,2.084874136296588e-5,1.3547522999330096e-6
-6.45,2.097222146192891e-5,1.3592688886773234e-6
-6.44,2.109613160363898e-5,1.363777263576599e-6
-6.43,2.1220471421463756e-5,1.3682771237637997e-6
-6.42,2.1345240526725852e-5,1.372768165354489e-6
-6.41,2.14704385084844e-5,1.377250081430274e-6
-6.4,2.1596064933313014e-5,1.3817225620187912e-6
-6.39,2.1722119345076864e-5,1.3861852940789532e-6
-6.38,2.1848601264710033e-5,1.3906379614824156e-6
-6.37,2.197551018998956e-5,1.3950802449952113e-6
-6.36,2.210284559530945e-5,1.3995118222620398e-6
-6.35,2.223060693145381e-5,1.4039323677878258e-6
-6.34,2.2358793625367933e-5,1.4083415529202449e-6
-6.33,2.2487405079927524e-5,1.412739045833687e-6
-6.32,2.2616440673709683e-5,1.4171245115086825e-6
-6.31,2.2745899760758487e-5,1.4214976117198899e-6
-6.3,2.28757816703535e-5,1.4258580050123925e-6
-6.29,2.3006085706774166e-5,1.4302053466896866e-6
-6.28,2.3136811149063255e-5,1.4345392887940104e-6
-6.27,2.3267957250791918e-5,1.4388594800884562e-6
-6.26,2.339952323981862e-5,1.4431655660417499e-6
-6.25,2.35315083180521e-5,1.4474571888093476e-6
-6.24,2.3663911661210296e-5,1.4517339872171119e-6
-6.23,2.3796732418576963e-5,1.4559955967438667e-6
-6.22,2.392996971276101e-5,1.4602416495044928e-6
-6.21,2.406362263945028e-5,1.4644717742327037e-6
-6.2,2.4197690267167246e-5,1.4686855962641827e-6
-6.19,2.433217163702221e-5,1.4728827375190091e-6
-6.18,2.4467065762465756e-5,1.477062816485649e-6
-6.17,2.4602371629039542e-5,1.481225448203359e-6
-6.16,2.4738088194126518e-5,1.485370244245513e-6
-6.15,2.487421438669921e-5,1.4894968127032686e-6
-6.14,2.5010749107068175e-5,1.4936047581676525e-6
-6.13,2.5147691226627106e-5,1.4976936817140354e-6
-6.12,2.5285039587599864e-5,1.5017631808851033e-6
-6.11,2.5422793002783978e-5,1.5058128496739125e-6
-6.1,2.5560950255291906e-5,1.5098422785080169e-6
-6.09,2.5699510098295606e-5,1.5138510542324213e-6
-6.08,2.5838471254765637e-5,1.517838760093449e-6
-6.07,2.5977832417211528e-5,1.5218049757224665e-6
-6.06,2.6117592247419923e-5,1.5257492771195593e-6
-6.05,2.6257749376190268e-5,1.5296712366369527e-6
-6.04,2.6398302403075054e-5,1.5335704229643344e-6
-6.03,2.6539249896111445e-5,1.5374464011101746e-6
-6.02,2.668059039155612e-5,1.541298732388912e-6
-6.01,2.6822322393618717e-5,1.5451269744028756e-6
-6.0,2.6964444374193985e-5,1.5489306810272693e-6
-5.99,2.7106954772590803e-5,1.5527094023939764e-6
-5.98,2.7249851995264703e-5,1.5564626848773436e-6
-5.97,2.7393134415543024e-5,1.5601900710767602e-6
-5.96,2.7536800373355444e-5,1.5638910998027168e-6
-5.95,2.7680848174958557e-5,1.5675653060606772e-6
-5.94,2.7825276092662196e-5,1.5712122210364557e-6
-5.93,2.7970082364553927e-5,1.5748313720807038e-6
-5.92,2.8115265194221256e-5,1.578422282693691e-6
-5.91,2.8260822750475276e-5,1.5819844725114932e-6
-5.9,2.8406753167071034e-5,1.5855174572902534e-6
-5.89,2.855305454242842e-5,1.589020748890652e-6
-5.88,2.869972493935084e-5,1.5924938552661156e-6
-5.87,2.88467623847441e-5,1.5959362804459719e-6
-5.86,2.8994164869333067e-5,1.5993475245218796e-6
-5.85,2.914193034737897e-5,1.60272708363386e-6
-5.84,2.929005673639243e-5,1.6060744499560939e-6
-5.83,2.9438541916851862e-5,1.6093891116830232e-6
-5.82,2.958738373191234e-5,1.6126705530162485e-6
-5.81,2.9736579987121306e-5,1.6159182541493675e-6
-5.8,2.9886128450128827e-5,1.6191316912560292e-6
-5.79,3.0036026850397944e-5,1.622310336476352e-6
-5.78,3.018627287891592e-5,1.625453657902355e-6
-5.77,3.033686418790035e-5,1.6285611195674982e-6
-5.76,3.0487798390510033e-5,1.6316321814311081e-6
-5.75,3.0639073060550254e-5,1.6346662993675194e-6
-5.74,3.0790685732179266e-5,1.6376629251527117e-6
-5.73,3.094263389961377e-5,1.6406215064529114e-6
-5.72,3.109491501683275e-5,1.6435414868107746e-6
-5.71,3.12475264972829e-5,1.6464223056343302e-6
-5.7,3.14004657135788e-5,1.6492633981861522e-6
-5.69,3.1553729997207554e-5,1.652064195569216e-6
-5.68,3.1707316638227424e-5,1.6548241247183685e-6
-5.67,3.186122288497052e-5,1.6575426083861437e-6
-5.66,3.2015445943741275e-5,1.660219065134009e-6
-5.65,3.216998297851507e-5,1.662852909320423e-6
-5.64,3.2324831110637794e-5,1.6654435510900314e-6
-5.63,3.247998741852096e-5,1.6679903963633122e-6
-5.62,3.263544893734038e-5,1.6704928468273964e-6
-5.61,3.279121265873239e-5,1.6729502999238977e-6
-5.6,3.2947275530486706e-5,1.6753621488405284e-6
-5.59,3.310363445624346e-5,1.677727782502138e-6
-5.58,3.326028629518583e-5,1.6800465855591778e-6
-5.57,3.3417227861734224e-5,1.682317938380175e-6
-5.56,3.357445592523912e-5,1.6845412170423697e-6
-5.55,3.373196720967145e-5,1.6867157933232325e-6
-5.54,3.38897583933154e-5,1.6888410346914421e-6
-5.53,3.40478261084602e-5,1.6909163042988574e-6
-5.52,3.420616694108876e-5,1.6929409609738017e-6
-5.51,3.4364777430567376e-5,1.6949143592106744e-6
-5.5,3.4523654069337484e-5,1.6968358491651034e-6
-5.49,3.468279330260101e-5,1.6987047766458754e-6
-5.48,3.48421915280115e-5,1.7005204831075354e-6
-5.47,3.5001845095359603e-5,1.702282305643976e-6
-5.46,3.5161750306262254e-5,1.7039895769828922e-6
-5.45,3.5321903413848514e-5,1.7056416254783078e-6
-5.44,3.548230062244629e-5,1.7072377751054345e-6
-5.43,3.5642938087268356e-5,1.7087773454561418e-6
-5.42,3.580381191409836e-5,1.7102596517316942e-6
-5.41,3.5964918158975156e-5,1.7116840047396847e-6
-5.4,3.612625282787847e-5,1.7130497108882143e-6
-5.39,3.628781187641443e-5,1.7143560721819928e-6
-5.38,3.644959120949754e-5,1.7156023862188218e-6
-5.37,3.661158668103775e-5,1.716787946184924e-6
-5.36,3.677379409362079e-5,1.7179120408526644e-6
-5.35,3.6936209198194995e-5,1.7189739545761513e-6
-5.34,3.70988276937524e-5,1.7199729672903596e-6
-5.33,3.726164522701335e-5,1.7209083545069758e-6
-5.32,3.742465739210765e-5,1.7217793873136538e-6
-5.31,3.758785973025942e-5,1.7225853323714144e-6
-5.3,3.775124772946858e-5,1.723325451914219e-6
-5.29,3.7914816824193106e-5,1.7239990037468137e-6
-5.28,3.807856239503261e-5,1.7246052412458638e-6
-5.27,3.82424797684106e-5,1.725143413357796e-6
-5.26,3.840656421625491e-5,1.7256127646002725e-6
-5.25,3.857081095568362e-5,1.7260125350619638e-6
-5.24,3.8735215148683206e-5,1.7263419604038135e-6
-5.23,3.88997719017953e-5,1.726600271860492e-6
-5.22,3.906447626579563e-5,1.7267866962418024e-6
-5.21,3.922932323537845e-5,1.7269004559338862e-6
-5.2,3.93943077488398e-5,1.7269407689039735e-6
-5.19,3.9559424687757446e-5,1.7269068487004545e-6
-5.18,3.9724668876677435e-5,1.7267979044589722e-6
-5.17,3.98900350827948e-5,1.7266131409031984e-6
-5.16,4.0055518015638416e-5,1.7263517583519337e-6
-5.15,4.022111232675403e-5,1.7260129527213653e-6
-5.14,4.038681260938734e-5,1.7255959155312685e-6
-5.13,4.0552613398170304e-5,1.7250998339105254e-6
-5.12,4.071850916880491e-5,1.7245238906018214e-6
-5.11,4.08844943377474e-5,1.72386726396963e-6
-5.1,4.1050563261893096e-5,1.723129128005814e-6
-5.09,4.121671023826493e-5,1.7223086523374891e-6
-5.08,4.1382929503697445e-5,1.7214050022345948e-6
-5.07,4.1549215234522714e-5,1.7204173386180904e-6
-5.06,4.171556154626174e-5,1.719344818068759e-6
-5.05,4.188196249330619e-5,1.7181865928363084e-6
-5.04,4.204841206861217e-5,1.7169418108488544e-6
-5.03,4.2214904203385986e-5,1.7156096157237318e-6
-5.02,4.238143276677534e-5,1.714189146777753e-6
-5.01,4.254799156555873e-5,1.7126795390379567e-6
-5.0,4.2714574343836635e-5,1.711079923254768e-6
-4.99,4.288117478272453e-5,1.7093894259120592e-6
-4.98,4.304778650004239e-5,1.7076071692422813e-6
-4.97,4.321440305001154e-5,1.7057322712382141e-6
-4.96,4.338101792294687e-5,1.7037638456672326e-6
-4.95,4.3547624544951835e-5,1.7017010020858294e-6
-4.94,4.3714216277614485e-5,1.6995428458543453e-6
-4.93,4.38807864177052e-5,1.6972884781530342e-6
-4.92,4.4047328196874984e-5,1.6949369959971874e-6
-4.91,4.421383478135235e-5,1.6924874922549792e-6
-4.9,4.4380299271643774e-5,1.6899390556633232e-6
-4.89,4.454671470223734e-5,1.6872907708470576e-6
-4.88,4.471307404130216e-5,1.6845417183367168e-6
-4.87,4.487937019039157e-5,1.681690974587272e-6
-4.86,4.504559598415169e-5,1.6787376119980114e-6
-4.85,4.521174419002021e-5,1.6756806989332033e-6
-4.84,4.537780750794165e-5,1.6725192997423504e-6
-4.83,4.554377857006938e-5,1.6692524747817079e-6
-4.82,4.570964994047872e-5,1.6658792804370095e-6
-4.81,4.5875414114877755e-5,1.6623987691450832e-6
-4.8,4.604106352031807e-5,1.658809989418618e-6
-4.79,4.620659051491244e-5,1.6551119858688133e-6
-4.78,4.637198738754694e-5,1.6513037992311594e-6
-4.77,4.653724635759997e-5,1.6473844663904242e-6
-4.76,4.67023595746613e-5,1.6433530204062754e-6
-4.75,4.686731911825201e-5,1.639208490540695e-6
-4.74,4.7032116997546965e-5,1.6349499022846676e-6
-4.73,4.7196745151098146e-5,1.6305762773873733e-6
-4.72,4.736119544656161e-5,1.6260866338829072e-6
-4.71,4.752545968042441e-5,1.621479986122122e-6
-4.7,4.768952957773254e-5,1.6167553448016402e-6
-4.69,4.785339679182581e-5,1.6119117169943435e-6
-4.68,4.801705290406812e-5,1.6069481061821365e-6
-4.67,4.818048942358339e-5,1.601863512287097e-6
-4.66,4.834369778699433e-5,1.5966569317059285e-6
-4.65,4.850666935815989e-5,1.5913273573422624e-6
-4.64,4.866939542791888e-5,1.5858737786429227e-6
-4.63,4.883186721383273e-5,1.5802951816318854e-6
-4.62,4.89940758599312e-5,1.5745905489472064e-6
-4.61,4.915601243646138e-5,1.5687588598771842e-6
-4.6,4.931766793963905e-5,1.5627990903993165e-6
-4.59,4.947903329140041e-5,1.5567102132173613e-6
-4.58,4.964009933915847e-5,1.5504911978013016e-6
-4.57,4.980085685556088e-5,1.5441410104276973e-6
-4.56,4.996129653824982e-5,1.537658614219891e-6
-4.55,5.0121409009627074e-5,1.5310429691895575e-6
-4.54,5.028118481661787e-5,1.5242930322803949e-6
-4.53,5.0440614430439604e-5,1.5174077574103946e-6
-4.52,5.059968824637425e-5,1.510386095515502e-6
-4.51,5.0758396583541456e-5,1.5032269945969077e-6
-4.5,5.0916729684676056e-5,1.495929399764139e-6
-4.49,5.1074677715906234e-5,1.488492253283121e-6
-4.48,5.1232230766538724e-5,1.4809144946244417e-6
-4.47,5.138937884884249e-5,1.473195060510564e-6
-4.46,5.154611189783905e-5,1.4653328849655937e-6
-4.45,5.170241977109247e-5,1.4573268993652335e-6
-4.44,5.1858292248506195e-5,1.449176032488459e-6
-4.43,5.201371903212168e-5,1.4408792105697262e-6
-4.42,5.216868974591762e-5,1.4324353573501116e-6
-4.41,5.2323193935617626e-5,1.4238433941334891e-6
-4.4,5.247722106849635e-5,1.4151022398400868e-6
-4.39,5.2630760533192293e-5,1.4062108110613367e-6
-4.38,5.278380163952444e-5,1.3971680221183514e-6
-4.37,5.293633361830741e-5,1.3879727851176808e-6
-4.36,5.308834562117819e-5,1.3786240100112637e-6
-4.35,5.3239826720419095e-5,1.3691206046547858e-6
-4.34,5.3390765908790324e-5,1.3594614748687224e-6
-4.33,5.354115209936044e-5,1.3496455244991105e-6
-4.32,5.369097412534797e-5,1.3396716554809244e-6
-4.31,5.384022073995898e-5,1.3295387679000314e-6
-4.3,5.398888061623559e-5,1.3192457600580029e-6
-4.29,5.4136942346903606e-5,1.3087915285389447e-6
-4.28,5.428439444422724e-5,1.2981749682736422e-6
-4.27,5.44312253398664e-5,1.287394972607454e-6
-4.26,5.457742338473897e-5,1.2764504333694477e-6
-4.25,5.472297684888701e-5,1.2653402409413126e-6
-4.24,5.486787392134782e-5,1.2540632843276558e-6
-4.23,5.501210271002792e-5,1.242618451227488e-6
-4.22,5.515565124158409e-5,1.2310046281065523e-6
-4.21,5.529850746130744e-5,1.2192207002713407e-6
-4.2,5.544065923301056e-5,1.2072655519429736e-6
-4.19,5.558209433892255e-5,1.1951380663335974e-6
-4.18,5.572280047958669e-5,1.1828371257230028e-6
-4.17,5.58627652737632e-5,1.170361611535874e-6
-4.16,5.6001976258337633e-5,1.1577104044207075e-6
-4.15,5.6140420888232986e-5,1.1448823843304655e-6
-4.14,5.627808653632815e-5,1.1318764306032625e-6
-4.13,5.641496049338059e-5,1.1186914220442856e-6
-4.12,5.65510299679536e-5,1.1053262370099802e-6
-4.11,5.668628208635103e-5,1.0917797534910576e-6
-4.1,5.6820703892554407e-5,1.0780508491992543e-6
-4.09,5.6954282348167664e-5,1.0641384016531858e-6
-4.08,5.7087004332366033e-5,1.0500412882669068e-6
-4.07,5.7218856641850466e-5,1.0357583864381527e-6
-4.06,5.7349825990809044e-5,1.021288573638821e-6
-4.05,5.747989901088152e-5,1.00663072750607e-6
-4.04,5.760906225113175e-5,9.917837259341762e-7
-4.03,5.773730217802506e-5,9.767464471700666e-7
-4.02,5.786460517541136e-5,9.615177699053738e-7
-4.01,5.799095754451375e-5,9.460965733740456e-7
-4.0,5.811634550392502e-5,9.304817374494568e-7
-3.99,5.824075518960666e-5,9.146721427417525e-7
-3.98,5.8364172654897776e-5,8.986666706971311e-7
-3.97,5.8486583870529055e-5,8.824642037021714e-7
-3.96,5.860797472464043e-5,8.660636251791564e-7
-3.95,5.872833102280834e-5,8.494638196955988e-7
-3.94,5.884763848807856e-5,8.326636730648636e-7
-3.93,5.896588276100496e-5,8.156620724526092e-7
-3.92,5.90830493996941e-5,7.984579064847608e-7
-3.91,5.919912387985872e-5,7.810500653524596e-7
-3.9,5.931409159487565e-5,7.634374409252715e-7
-3.89,5.942793785585261e-5,7.456189268596851e-7
-3.88,5.9540647891698755e-5,7.275934187085904e-7
-3.87,5.965220684920619e-5,7.093598140407168e-7
-3.86,5.97625997931353e-5,6.909170125476606e-7
-3.85,5.987181170630939e-5,6.722639161639426e-7
-3.84,5.9979827489713046e-5,6.533994291815663e-7
-3.83,6.008663196260354e-5,6.343224583711478e-7
-3.82,6.019220986262265e-5,6.150319130974323e-7
-3.81,6.0296545845921644e-5,5.955267054420853e-7
-3.8,6.03996244872906e-5,5.758057503260534e-7
-3.79,6.050143028029645e-5,5.558679656313069e-7
-3.78,6.060194763742756e-5,5.357122723273172e-7
-3.77,6.0701160890247536e-5,5.153375945944121e-7
-3.76,6.079905428955557e-5,4.947428599533054e-7
-3.75,6.089561200555565e-5,4.7392699939155784e-7
-3.74,6.099081812803148e-5,4.528889474958303e-7
-3.73,6.108465666653449e-5,4.316276425803979e-7
-3.72,6.117711155057226e-5,4.101420268207382e-7
-3.71,6.126816662981284e-5,3.8843104638760913e-7
-3.7,6.135780567429226e-5,3.6649365158247846e-7
-3.69,6.144601237463259e-5,3.443287969718253e-7
-3.68,6.153277034226728e-5,3.2193544152665117e-7
-3.67,6.16180631096758e-5,2.9931254876243614e-7
-3.66,6.17018741306272e-5,2.7645908687623986e-7
-3.65,6.178418678043067e-5,2.533740288935951e-7
-3.64,6.186498435619646e-5,2.3005635280529337e-7
-3.63,6.194425007710552e-5,2.065050417180198e-7
-3.62,6.202196708468623e-5,1.8271908399591854e-7
-3.61,6.209811844310272e-5,1.5869747340875383e-7
-3.6,6.217268713945025e-5,1.3443920928320903e-7
-3.59,6.224565608406076e-5,1.0994329664856309e-7
-3.58,6.231700811081692e-5,8.520874639047671e-8
-3.57,6.238672597747621e-5,6.023457540510136e-8
-3.56,6.245479236600397e-5,3.501980674707448e-8
-3.55,6.25211898829161e-5,9.563469792706183e-9
-3.54,6.258590105963061e-5,-1.6135399608586575e-8
-3.53,6.264890835282983e-5,-4.2077758975033566e-8
-3.52,6.271019414483226e-5,-6.826455903059238e-8
-3.51,6.276974074397267e-5,-9.469674354811833e-8
-3.5,6.282753038499446e-5,-1.2137524918426722e-7
-3.49,6.288354522944921e-5,-1.4830100531609868e-7
-3.48,6.293776736610997e-5,-1.7547493387754934e-7
-3.47,6.299017881138942e-5,-2.0289794919119473e-7
-3.46,6.304076150977401e-5,-2.305709578017185e-7
-3.45,6.308949733426495e-5,-2.584948583060841e-7
-3.44,6.313636808682827e-5,-2.866705411859923e-7
-3.43,6.318135549886017e-5,-3.1509888862818446e-7
-3.42,6.322444123165769e-5,-3.437807743616578e-7
-3.41,6.326560687690361e-5,-3.727170634746506e-7
-3.4,6.330483395716009e-5,-4.0190861224330786e-7
-3.39,6.334210392637409e-5,-4.3135626795086455e-7
-3.38,6.337739817039208e-5,-4.610608687124609e-7
-3.37,6.34106980074888e-5,-4.910232432918696e-7
-3.36,6.344198468890267e-5,-5.21244210923217e-7
-3.35,6.347123939938689e-5,-5.517245811238275e-7
-3.34,6.349844325776759e-5,-5.824651535141084e-7
-3.33,6.352357731751643e-5,-6.134667176291782e-7
-3.32,6.35466225673327e-5,-6.44730052733475e-7
-3.31,6.35675599317365e-5,-6.762559276317894e-7
-3.3,6.358637027167522e-5,-7.080451004790768e-7
-3.29,6.360303438514128e-5,-7.400983185889034e-7
-3.28,6.36175330077986e-5,-7.724163182453303e-7
-3.27,6.362984681362489e-5,-8.049998245017473e-7
-3.26,6.363995641556333e-5,-8.37849550992138e-7
-3.25,6.364784236618554e-5,-8.709661997318802e-7
-3.24,6.365348515837054e-5,-9.043504609201668e-7
-3.23,6.365686522598869e-5,-9.380030127404131e-7
-3.22,6.365796294460591e-5,-9.719245211615866e-7
-3.21,6.365675863219352e-5,-1.0061156397346125e-6
-3.2,6.365323254985408e-5,-1.0405770093888567e-6
-3.19,6.364736490255737e-5,-1.0753092582300332e-6
-3.18,6.363913583989107e-5,-1.1103130013315738e-6
-3.17,6.362852545682239e-5,-1.1455888405317023e-6
-3.16,6.361551379447187e-5,-1.1811373642188598e-6
-3.15,6.360008084090122e-5,-1.2169591471279571e-6
-3.14,6.358220653191306e-5,-1.2530547501264795e-6
-3.13,6.356187075186347e-5,-1.2894247200019543e-6
-3.12,6.353905333448866e-5,-1.3260695892498572e-6
-3.11,6.351373406374094e-5,-1.362989875858627e-6
-3.1,6.34858926746446e-5,-1.4001860830927327e-6
-3.09,6.345550885415507e-5,-1.437658699275293e-6
-3.08,6.342256224204237e-5,-1.475408197570965e-6
-3.07,6.338703243177822e-5,-1.5134350357641583e-6
-3.06,6.334889897144198e-5,-1.5517396560397699e-6
-3.05,6.330814136463874e-5,-1.5903224847601973e-6
-3.04,6.326473907143038e-5,-1.6291839322407428e-6
-3.03,6.32186715092794e-5,-1.668324392527336e-6
-3.02,6.316991805400936e-5,-1.7077442431684406e-6
-3.01,6.311845804077541e-5,-1.7474438449891462e-6
-3.0,6.306427076505013e-5,-1.7874235418621808e-6
-2.99,6.300733548362446e-5,-1.827683660479292e-6
-2.98,6.294763141561995e-5,-1.86822451011942e-6
-2.97,6.288513774351724e-5,-1.909046382418993e-6
-2.96,6.281983361419626e-5,-1.950149551136998e-6
-2.95,6.275169813999374e-5,-1.9915342719212384e-6
-2.94,6.268071039977067e-5,-2.033200782075161e-6
-2.93,6.260684943999885e-5,-2.075149300318205e-6
-2.92,6.253009427585604e-5,-2.117380026552485e-6
-2.91,6.245042389234104e-5,-2.159893141620639e-6
-2.9,6.23678172454001e-5,-2.2026888070695734e-6
-2.89,6.228225326306717e-5,-2.2457671649064816e-6
-2.88,6.219371084662097e-5,-2.2891283373608936e-6
-2.87,6.210216887175505e-5,-2.3327724266394612e-6
-2.86,6.200760618976359e-5,-2.3766995146834812e-6
-2.85,6.191000162874024e-5,-2.4209096629235214e-6
-2.84,6.180933399479375e-5,-2.4654029120351478e-6
-2.83,6.170558207327549e-5,-2.5101792816901788e-6
-2.82,6.159872463002694e-5,-2.5552387703122396e-6
-2.81,6.14887404126362e-5,-2.6005813548236972e-6
-2.8,6.137560815171421e-5,-2.64620699040191e-6
-2.79,6.125930656218088e-5,-2.6921156102241212e-6
-2.78,6.113981434457398e-5,-2.7383071252185968e-6
-2.77,6.10171101863642e-5,-2.7847814238122784e-6
-2.76,6.089117276329336e-5,-2.8315383716770185e-6
-2.75,6.076198074072109e-5,-2.8785778114764136e-6
-2.74,6.062951277499338e-5,-2.9258995626109887e-6
-2.73,6.0493747514820806e-5,-2.9735034209639693e-6
-2.72,6.035466360267425e-5,-3.0213891586416506e-6
-2.71,6.021223967619816e-5,-3.0695565237200434e-6
-2.7,6.0066454369636436e-5,-3.1180052399856936e-6
-2.69,5.991728631527405e-5,-3.1667350066771285e-6
-2.68,5.97647141448961e-5,-3.215745498224652e-6
-2.67,5.960871649126081e-5,-3.2650363639935836e-6
-2.66,5.944927198958796e-5,-3.314607228018771e-6
-2.65,5.928635927906531e-5,-3.36445768874905e-6
-2.64,5.911995700436859e-5,-3.414587318779542e-6
-2.63,5.895004381719655e-5,-3.464995664594599e-6
-2.62,5.8776598377825114e-5,-3.5156822463014394e-6
-2.61,5.859959935667363e-5,-3.5666465573666874e-6
-2.6,5.8419025435889815e-5,-3.6178880643534283e-6
-2.59,5.8234855310948916e-5,-3.6694062066558117e-6
-2.58,5.804706769226917e-5,-3.7212003962338592e-6
-2.57,5.785564130684382e-5,-3.7732700173478306e-6
-2.56,5.766055489988868e-5,-3.825614426292415e-6
-2.55,5.746178723650425e-5,-3.878232951129748e-6
-2.54,5.725931710335912e-5,-3.931124891422535e-6
-2.53,5.705312331038018e-5,-3.984289517966998e-6
-2.52,5.684318469246888e-5,-4.037726072524922e-6
-2.51,5.66294801112267e-5,-4.0914337675558295e-6
-2.5,5.641198845670024e-5,-4.1454117859484914e-6
-2.49,5.619068864913973e-5,-4.199659280752037e-6
-2.48,5.596555964077801e-5,-4.254175374908348e-6
-2.47,5.573658041761939e-5,-4.308959160981388e-6
-2.46,5.5503730001252075e-5,-4.364009700889749e-6
-2.45,5.52669874506695e-5,-4.419326025635063e-6
-2.44,5.502633186411273e-5,-4.4749071350351666e-6
-2.43,5.4781742380928707e-5,-4.530751997451348e-6
-2.42,5.453319818344167e-5,-4.586859549521396e-6
-2.41,5.428067849884411e-5,-4.643228695888931e-6
-2.4,5.402416260110273e-5,-4.699858308932315e-6
-2.39,5.3763629812879956e-5,-4.7567472284973146e-6
-2.38,5.349905950747078e-5,-4.813894261625129e-6
-2.37,5.3230431110762036e-5,-4.87129818228411e-6
-2.36,5.295772410319699e-5,-4.9289577311002165e-6
-2.35,5.268091802176897e-5,-4.98687161508654e-6
-2.34,5.239999246201768e-5,-5.045038507375425e-6
-2.33,5.211492708005444e-5,-5.103457046948551e-6
-2.32,5.1825701594594466e-5,-5.162125838369014e-6
-2.31,5.1532295789009565e-5,-5.221043451511956e-6
-2.3,5.1234689513398896e-5,-5.280208421296333e-6
-2.29,5.093286268666712e-5,-5.33961924741822e-6
-2.28,5.062679529862997e-5,-5.399274394082671e-6
-2.27,5.031646741213009e-5,-5.459172289736042e-6
-2.26,5.000185916516644e-5,-5.519311326800737e-6
-2.25,4.968295077304611e-5,-5.5796898614076605e-6
-2.24,4.93597225305476e-5,-5.640306213131649e-6
-2.23,4.903215481410328e-5,-5.70115866472641e-6
-2.22,4.870022808399165e-5,-5.762245461859188e-6
-2.21,4.83639228865558e-5,-5.823564812847958e-6
-2.2,4.8023219856428396e-5,-5.885114888398003e-6
-2.19,4.767809971877702e-5,-5.946893821339375e-6
-2.18,4.732854329156516e-5,-6.008899706364804e-6
-2.17,4.697453148782685e-5,-6.071130599769773e-6
-2.16,4.661604531796114e-5,-6.133584519191642e-6
-2.15,4.625306589203815e-5,-6.196259443351343e-6
-2.14,4.5885574422121304e-5,-6.25915331179383e-6
-2.13,4.5513552224610565e-5,-6.322264024631911e-6
-2.12,4.513698072259186e-5,-6.385589442289753e-6
-2.11,4.475584144821181e-5,-6.4491273852465225e-6
-2.1,4.437011604506004e-5,-6.51287563378332e-6
-2.09,4.397978627057374e-5,-6.5768319277308325e-6
-2.08,4.358483399845001e-5,-6.640993966214598e-6
-2.07,4.318524122108021e-5,-6.7053594074068325e-6
-2.06,4.2780990051999016e-5,-6.769925868276501e-6
-2.05,4.237206272834189e-5,-6.834690924339849e-6
-2.04,4.1958441613324624e-5,-6.899652109415688e-6
-2.03,4.154010919873795e-5,-6.96480691537743e-6
-2.02,4.111704810745222e-5,-7.030152791911118e-6
-2.01,4.068924109593886e-5,-7.095687146271834e-6
-2.0,4.0256671056810985e-5,-7.161407343043717e-6
-1.99,3.9819321021371655e-5,-7.227310703898375e-6
-1.98,3.937717416218244e-5,-7.293394507359792e-6
-1.97,3.8930213795643795e-5,-7.359655988566006e-6
-1.96,3.8478423384589255e-5,-7.4260923390357086e-6
-1.95,3.8021786540899096e-5,-7.4927007064345526e-6
-1.94,3.75602870281179e-5,-7.559478194346262e-6
-1.93,3.709390876410088e-5,-7.6264218620415955e-6
-1.92,3.662263582366015e-5,-7.69352872425208e-6
-1.91,3.6146452441233136e-5,-7.760795750944036e-6
-1.9,3.5665343013563494e-5,-7.828219867097043e-6
-1.89,3.517929210239537e-5,-7.895797952481861e-6
-1.88,3.468828443717894e-5,-7.963526841440453e-6
-1.87,3.419230491779415e-5,-8.031403322670775e-6
-1.86,3.369133861728506e-5,-8.099424139011566e-6
-1.85,3.3185370784606254e-5,-8.167585987230532e-6
-1.84,3.26743868473861e-5,-8.235885517812275e-6
-1.83,3.215837241470095e-5,-8.304319334753826e-6
-1.82,3.1637313279860294e-5,-8.372883995356544e-6
-1.81,3.1111195423210154e-5,-8.441576010024747e-6
-1.8,3.058000501494283e-5,-8.510391842065146e-6
-1.79,3.0043728417925004e-5,-8.579327907490259e-6
-1.78,2.950235219053395e-5,-8.648380574820789e-6
-1.77,2.895586308950812e-5,-8.717546164896176e-6
-1.76,2.8404248072809573e-5,-8.786820950683661e-6
-1.75,2.7847494302497852e-5,-8.856201157091177e-6
-1.74,2.7285589147616753e-5,-8.92568296078508e-6
-1.73,2.6718520187091058e-5,-8.995262490006576e-6
-1.72,2.6146275212637666e-5,-9.064935824396965e-6
-1.71,2.5568842231684805e-5,-9.13469899481908e-6
-1.7,2.49862094703047e-5,-9.204547983189031e-6
-1.69,2.4398365376154895e-5,-9.274478722304593e-6
-1.68,2.380529862143736e-5,-9.344487095681693e-6
-1.67,2.3206998105854437e-5,-9.41456893739089e-6
-1.66,2.260345295959422e-5,-9.484720031898868e-6
-1.65,2.199465254630741e-5,-9.554936113913006e-6
-1.64,2.138058646610857e-5,-9.625212868228519e-6
-1.63,2.0761244558578578e-5,-9.695545929582632e-6
-1.62,2.013661690578457e-5,-9.76593088250466e-6
-1.61,1.9506693835298517e-5,-9.836363261178305e-6
-1.6,1.8871465923238975e-5,-9.906838549304734e-6
-1.59,1.823092399730939e-5,-9.977352179963463e-6
-1.58,1.758505913985571e-5,-1.0047899535488698e-5
-1.57,1.6933862690926198e-5,-1.01184759473378e-5
-1.56,1.6277326251339567e-5,-1.0189076695971016e-5
-1.55,1.5615441685768274e-5,-1.0259697010733321e-5
-1.54,1.4948201125823957e-5,-1.0330332069739676e-5
-1.53,1.427559697315227e-5,-1.0400976999764987e-5
-1.52,1.3597621902534858e-5,-1.047162687613612e-5
-1.51,1.2914268865003487e-5,-1.0542276722633858e-5
-1.5,1.2225531090954769e-5,-1.0612921511390855e-5
-1.49,1.1531402093276e-5,-1.0683556162802599e-5
-1.48,1.0831875670479506e-5,-1.0754175545435378e-5
-1.47,1.0126945909837434e-5,-1.0824774475943128e-5
-1.46,9.416607190529605e-6,-1.0895347718989488e-5
-1.45,8.700854186795147e-6,-1.096588998716948e-5
-1.44,7.979681871087543e-6,-1.1036395940941303e-5
-1.43,7.253085517240707e-6,-1.1106860188559864e-5
-1.42,6.521060703634044e-6,-1.1177277286016032e-5
-1.41,5.783603316368831e-6,-1.1247641736980304e-5
-1.4,5.040709552446196e-6,-1.1317947992752076e-5
-1.39,4.2923759229497445e-6,-1.1388190452213633e-5
-1.38,3.5385992562331803e-6,-1.1458363461788425e-5
-1.37,2.7793767011136397e-6,-1.1528461315406638e-5
-1.36,2.014705730066887e-6,-1.1598478254472322e-5
-1.35,1.244584142425727e-6,-1.1668408467839448e-5
-1.34,4.690100675841297e-7,-1.173824609179296e-5
-1.33,-3.1201803179692636e-7,-1.1807985210030252e-5
-1.32,-1.098501356582278e-6,-1.187761985365624e-5
-1.31,-1.8904407679497868e-6,-1.1947144001175876e-5
-1.3,-2.6878367841777197e-6,-1.2016551578499734e-5
-1.29,-3.490689577429134e-6,-1.2085836458948432e-5
-1.28,-4.298998970536185e-6,-1.21549924632662e-5
-1.27,-5.112764433779773e-6,-1.222401335964357e-5
-1.26,-5.931985081672288e-6,-1.2292892863735861e-5
-1.25,-6.756659669735966e-6,-1.2361624638698705e-5
-1.24,-7.5867865912846015e-6,-1.2430202295224832e-5
-1.23,-8.422363874201439e-6,-1.2498619391584195e-5
-1.22,-9.263389177718676e-6,-1.2566869433675082e-5
-1.21,-1.0109859789200074e-5,-1.2634945875078669e-5
-1.2,-1.0961772620919547e-5,-1.2702842117117736e-5
-1.19,-1.1819124206845504e-5,-1.2770551508931015e-5
-1.18,-1.2681910699422837e-5,-1.2838067347539326e-5
-1.17,-1.355012786636124e-5,-1.2905382877931966e-5
-1.16,-1.4423771087420517e-5,-1.2972491293150714e-5
-1.15,-1.5302835351202927e-5,-1.3039385734384587e-5
-1.14,-1.618731525194573e-5,-1.3106059291070139e-5
-1.13,-1.7077204986318148e-5,-1.3172505000996465e-5
-1.12,-1.7972498350221926e-5,-1.3238715850421967e-5
-1.11,-1.8873188735593936e-5,-1.330468477419393e-5
-1.1,-1.9779269127215618e-5,-1.337040465587275e-5
-1.09,-2.069073209952703e-5,-1.343586832787216e-5
-1.08,-2.160756981344196e-5,-1.3501068571596221e-5
-1.07,-2.252977401317553e-5,-1.3565998117589894e-5
-1.06,-2.345733602306864e-5,-1.363064964569194e-5
-1.05,-2.4390246744425868e-5,-1.3695015785203377e-5
-1.04,-2.5328496652358696e-5,-1.3759089115052826e-5
-1.03,-2.627207579262972e-5,-1.3822862163975847e-5
-1.02,-2.7220973778512693e-5,-1.3886327410699332e-5
-1.01,-2.8175179787652628e-5,-1.3949477284134757e-5
-1.0,-2.9134682558941248e-5,-1.4012304163579766e-5
-0.99,-3.0099470389391773e-5,-1.4074800378921288e-5
-0.98,-3.106953113103354e-5,-1.4136958210854538e-5
-0.97,-3.204485218780431e-5,-1.4198769891106893e-5
-0.96,-3.302542051246208e-5,-1.4260227602664789e-5
-0.95,-3.4011222603499093e-5,-1.4321323480015932e-5
-0.94,-3.500224450207376e-5,-1.4382049609394548e-5
-0.93,-3.5998471788945425e-5,-1.4442398029035693e-5
-0.92,-3.699988958142709e-5,-1.4502360729439522e-5
-0.91,-3.800648253034634e-5,-1.4561929653639153e-5
-0.9,-3.901823481701936e-5,-1.4621096697483374e-5
-0.89,-4.0035130150235755e-5,-1.467985370992014e-5
-0.88,-4.1057151763260863e-5,-1.4738192493294982e-5
-0.87,-4.208428241084429e-5,-1.4796104803652648e-5
-0.86,-4.3116504366249834e-5,-1.4853582351050527e-5
-0.85,-4.415379941829524e-5,-1.4910616799879432e-5
-0.84,-4.519614886840448e-5,-1.496719976919109e-5
-0.83,-4.6243533527682765e-5,-1.5023322833036855e-5
-0.82,-4.729593371399967e-5,-1.5078977520816388e-5
-0.81,-4.835332924909093e-5,-1.5134155317628495e-5
-0.8,-4.941569945567768e-5,-1.5188847664637146e-5
-0.79,-5.0483023154601836e-5,-1.524304595944528e-5
-0.78,-5.155527866197795e-5,-1.5296741556473698e-5
-0.77,-5.2632443786364137e-5,-1.534992576735262e-5
-0.76,-5.3714495825949804e-5,-1.540258986132108e-5
-0.75,-5.480141156576435e-5,-1.545472506563585e-5
-0.74,-5.589316727490314e-5,-1.550632256598689e-5
-0.73,-5.698973870377333e-5,-1.555737350692645e-5
-0.72,-5.809110108136068e-5,-1.560786899230209e-5
-0.71,-5.919722911251666e-5,-1.5657800085703892e-5
-0.7,-6.030809697526622e-5,-1.570715781091696e-5
-0.69,-6.142367831813758e-5,-1.5755933152385543e-5
-0.68,-6.254394625751359e-5,-1.5804117055687605e-5
-0.67,-6.366887337500613e-5,-1.5851700428011924e-5
-0.66,-6.479843171485322e-5,-1.5898674138656474e-5
-0.65,-6.593259278133963e-5,-1.594502901952553e-5
-0.64,-6.707132753624218e-5,-1.5990755865641055e-5
-0.63,-6.821460639629786e-5,-1.603584543566337e-5
-0.62,-6.936239923069807e-5,-1.6080288452422164e-5
-0.61,-7.051467535860904e-5,-1.6124075603455557e-5
-0.6,-7.167140354671704e-5,-1.616719754155719e-5
-0.59,-7.283255200679976e-5,-1.6209644885340238e-5
-0.58,-7.399808839332607e-5,-1.6251408219803173e-5
-0.57,-7.516797980108177e-5,-1.6292478096908453e-5
-0.56,-7.634219276282504e-5,-1.6332845036173325e-5
-0.55,-7.752069324696801e-5,-1.6372499525267005e-5
-0.54,-7.870344665529079e-5,-1.6411432020619426e-5
-0.53,-7.98904178206798e-5,-1.6449632948041165e-5
-0.52,-8.108157100490275e-5,-1.648709270335084e-5
-0.51,-8.227686989640775e-5,-1.652380165301603e-5
-0.5,-8.347627760815875e-5,-1.6559750134797237e-5
-0.49,-8.467975667549854e-5,-1.6594928458413454e-5
-0.48,-8.588726905404638e-5,-1.662932690620714e-5
-0.47,-8.709877611762683e-5,-1.6662935733825315e-5
-0.46,-8.831423865623393e-5,-1.6695745170908436e-5
-0.45,-8.953361687402485e-5,-1.6727745421790307e-5
-0.44,-9.075687038735272e-5,-1.6758926666208653e-5
-0.43,-9.198395822283103e-5,-1.6789279060027925e-5
-0.42,-9.321483881543416e-5,-1.681879273596393e-5
-0.41,-9.444947000663263e-5,-1.684745780433378e-5
-0.4,-9.568780904256742e-5,-1.687526435379895e-5
-0.39,-9.692981257225885e-5,-1.6902202452132737e-5
-0.38,-9.817543664585394e-5,-1.692826214699276e-5
-0.37,-9.942463671290887e-5,-1.695343346669955e-5
-0.36,-0.00010067736762071544,-1.69777064210365e-5
-0.35,-0.00010193358361266217,-1.7001071002046702e-5
-0.34,-0.0001031932383266361,-1.702351718485245e-5
-0.33,-0.00010445628479346373,-1.7045034928478306e-5
-0.32,-0.00010572267543539589,-1.7065614176687596e-5
-0.31,-0.00010699236206463025,-1.708524485882591e-5
-0.3,-0.00010826529588187597,-1.71039168906816e-5
-0.29,-0.00010954142747496325,-1.7121620175347723e-5
-0.28,-0.00011082070681749322,-1.7138344604104747e-5
-0.27,-0.00011210308326753133,-1.7154080057307302e-5
-0.26,-0.00011338850556634468,-1.7168816405281397e-5
-0.25,-0.00011467692183718676,-1.7182543509235498e-5
-0.24,-0.00011596827958412286,-1.719525122217792e-5
-0.23,-0.00011726252569090186,-1.7206929389853327e-5
-0.22,-0.00011855960641987845,-1.721756785167799e-5
-0.21,-0.00011985946741097338,-1.7227156441694126e-5
-0.2,-0.00012116205368069177,-1.7235684989532815e-5
-0.19,-0.0001224673096211784,-1.7243143321386057e-5
-0.18,-0.0001237751789993319,-1.7249521260990196e-5
-0.17,-0.00012508560495595497,-1.7254808630620913e-5
-0.16,-0.00012639853000496765,-1.7258995252097183e-5
-0.15,-0.00012771389603266007,-1.726207094779733e-5
-0.14,-0.0001290316442970012,-1.7264025541684652e-5
-0.13,-0.0001303517154269958,-1.7264848860342246e-5
-0.12,-0.00013167404942209513,-1.726453073402385e-5
-0.11,-0.00013299858565165594,-1.7263060997706303e-5
-0.1,-0.00013432526285445833,-1.7260429492158984e-5
-0.09,-0.00013565401913826966,-1.7256626065025304e-5
-0.08,-0.00013698479197946843,-1.7251640571907724e-5
-0.07,-0.00013831751822271707,-1.7245462877467382e-5
-0.06,-0.00013965213408069288,-1.723808285653552e-5
-0.05,-0.00014098857513387316,-1.7229490395230738e-5
-0.04,-0.0001423267763303768,-1.7219675392092112e-5
-0.03,-0.00014366667198586068,-1.7208627759218013e-5
-0.02,-0.00014500819578347414,-1.7196337423416332e-5
-0.01,-0.00014635128077387195,-1.718279432736748e-5
0.0,-0.00014769585937528254,-1.716798843079334e-5
0.01,-0.0001490418633736365,-1.7151909711641028e-5
0.02,-0.00015038922392275413,-1.7134548167272684e-5
0.03,-0.00015173787154459218,-1.711589381566775e-5
0.04,-0.00015308773612955005,-1.7095936696634646e-5
0.05,-0.00015443874693683672,-1.7074666873032e-5
0.06,-0.00015579083259490166,-1.7052074432000045e-5
0.07,-0.0001571439211019208,-1.7028149486205417e-5
0.08,-0.00015849793982635252,-1.700288217508653e-5
0.09,-0.000159852815507551,-1.6976262666120443e-5
0.1,-0.00016120847425644255,-1.6948281156089144e-5
0.11,-0.00016256484155626984,-1.691892787236493e-5
0.12,-0.0001639218422633971,-1.688819307419595e-5
0.13,-0.0001652794006081785,-1.685606705400927e-5
0.14,-0.00016663744019589687,-1.6822540138717993e-5
0.15,-0.00016799588400775984,-1.6787602691043757e-5
0.16,-0.00016935465440197638,-1.6751245110840217e-5
0.17,-0.00017071367311488077,-1.6713457836433117e-5
0.18,-0.00017207286126213981,-1.6674231345966306e-5
0.19,-0.00017343213934002002,-1.6633556158758714e-5
0.2,-0.0001747914272267248,-1.6591422836668373e-5
0.21,-0.00017615064418379943,-1.65478219854661e-5
0.22,-0.00017750970885760622,-1.6502744256220027e-5
0.23,-0.00017886853928086846,-1.645618034668621e-5
0.24,-0.00018022705287428327,-1.640812100270883e-5
0.25,-0.00018158516644820928,-1.63585570196315e-5
0.26,-0.00018294279620441887,-1.6307479243712994e-5
0.27,-0.00018429985773792663,-1.625487857355642e-5
0.28,-0.00018565626603888713,-1.6200745961540267e-5
0.29,-0.00018701193549456672,-1.6145072415266877e-5
0.3,-0.00018836677989138718,-1.6087848999009076e-5
0.31,-0.00018972071241704232,-1.6029066835171402e-5
0.32,-0.0001910736456626863,-1.5968717105761064e-5
0.33,-0.00019242549162520395,-1.5906791053858912e-5
0.34,-0.00019377616170954145,-1.5843279985106152e-5
0.35,-0.000195125566731129,-1.5778175269194347e-5
0.36,-0.00019647361691836247,-1.5711468341364028e-5
0.37,-0.0001978202219151702,-1.5643150703913073e-5
0.38,-0.00019916529078365804,-1.5573213927709628e-5
0.39,-0.0002005087320068228,-1.5501649653711685e-5
0.4,-0.00020185045349134365,-1.5428449594497528e-5
0.41,-0.00020319036257046338,-1.5353605535801982e-5
0.42,-0.0002045283660069265,-1.5277109338055973e-5
0.43,-0.00020586436999601567,-1.5198952937938656e-5
0.44,-0.00020719828016865072,-1.5119128349930258e-5
0.45,-0.000208530001594579,-1.5037627667879552e-5
0.46,-0.00020985943878563406,-1.4954443066567248e-5
0.47,-0.0002111864956990839,-1.4869566803284584e-5
0.48,-0.00021251107574104977,-1.478299121941532e-5
0.49,-0.00021383308177001337,-1.4694708742020698e-5
0.5,-0.00021515241610039712,-1.4604711885435584e-5
0.51,-0.0002164689805062337,-1.4512993252865426e-5
0.52,-0.0002177826762249088,-1.4419545537992913e-5
0.53,-0.00021909340396098804,-1.4324361526586793e-5
0.54,-0.00022040106389013134,-1.4227434098119543e-5
0.55,-0.00022170555566308005,-1.412875622738535e-5
0.56,-0.00022300677840973404,-1.4028320986130178e-5
0.57,-0.00022430463074330642,-1.3926121544676788e-5
0.58,-0.00022559901076456515,-1.3822151173565107e-5
0.59,-0.000226889816066157,-1.3716403245191077e-5
0.6,-0.00022817694373701314,-1.3608871235448793e-5
0.61,-0.00022946029036684145,-1.3499548725382536e-5
0.62,-0.00023073975205069978,-1.3388429402837599e-5
0.63,-0.00023201522439365762,-1.327550706411587e-5
0.64,-0.00023328660251553839,-1.3160775615638812e-5
0.65,-0.0002345537810557491,-1.3044229075610068e-5
0.66,-0.00023581665417819408,-1.2925861575681719e-5
0.67,-0.0002370751155762758,-1.2805667362627054e-5
0.68,-0.00023832905847797614,-1.2683640800013196e-5
0.69,-0.00023957837565103052,-1.2559776369875285e-5
0.7,-0.0002408229594081838,-1.2434068674400061e-5
0.71,-0.00024206270161252893,-1.230651243760253e-5
0.72,-0.00024329749368294382,-1.2177102507013598e-5
0.73,-0.000244527226599598,-1.2045833855363665e-5
0.74,-0.0002457517909095591,-1.1912701582271623e-5
0.75,-0.00024697107673248237,-1.1777700915933874e-5
0.76,-0.00024818497376638245,-1.1640827214815771e-5
0.77,-0.0002493933712935002,-1.1502075969343573e-5
0.78,-0.00025059615818624975,-1.1361442803598207e-5
0.79,-0.00025179322291325593,-1.1218923477008967e-5
0.8,-0.00025298445354547943,-1.1074513886050198e-5
0.81,-0.00025416973776242884,-1.0928210065935124e-5
0.82,-0.0002553489628584604,-1.0780008192313144e-5
0.83,-0.00025652201574916496,-1.0629904582964213e-5
0.84,-0.00025768878297784115,-1.047789569949636e-5
0.85,-0.00025884915072206153,-1.0323978149039929e-5
0.86,-0.00026000300480032027,-1.0168148685943006e-5
0.87,-0.0002611502306787734,-1.0010404213465834e-5
0.88,-0.0002622907134780649,-9.85074178547235e-6
0.89,-0.00026342433798023983,-9.689158608124393e-6
0.9,-0.0002645509886357481,-9.525652041569456e-6
0.91,-0.00026567054957053494,-9.360219601630778e-6
0.92,-0.00026678290459321644,-9.19285896149505e-6
0.93,-0.0002678879372023492,-9.023567953394738e-6
0.94,-0.0002689855305937817,-8.852344570291004e-6
0.95,-0.00027007556766809704,-8.679186967554238e-6
0.96,-0.0002711579310381434,-8.504093464638781e-6
0.97,-0.0002722325030366498,-8.327062546760074e-6
0.98,-0.0002732991657239327,-8.148092866559375e-6
0.99,-0.00027435780089568433,-7.967183245774164e-6
1.0,-0.0002754082900908625,-7.784332676901415e-6
1.01,-0.00027645051459964775,-7.599540324852568e-6
1.02,-0.00027748435547150107,-7.412805528610911e-6
1.03,-0.00027850969352330966,-7.224127802879805e-6
1.04,-0.00027952640934761146,-7.033506839728575e-6
1.05,-0.00028053438332091373,-6.840942510230402e-6
1.06,-0.00028153349561209107,-6.646434866097533e-6
1.07,-0.0002825236261908796,-6.449984141311237e-6
1.08,-0.0002835046548364485,-6.251590753741376e-6
1.09,-0.00028447646114606294,-6.051255306767556e-6
1.1,-0.0002854389245438329,-5.848978590882705e-6
1.11,-0.00028639192428953823,-5.644761585304507e-6
1.12,-0.0002873353394875608,-5.438605459565171e-6
1.13,-0.00028826904909587197,-5.230511575104905e-6
1.14,-0.0002891929319351353,-5.020481486851152e-6
1.15,-0.00029010686669787036,-4.808516944793994e-6
1.16,-0.00029101073195771413,-4.594619895551407e-6
1.17,-0.0002919044061787626,-4.378792483927572e-6
1.18,-0.0002927877677249969,-4.16103705446144e-6
1.19,-0.0002936606948697892,-3.941356152966829e-6
1.2,-0.0002945230658054976,-3.71975252806274e-6
1.21,-0.000295374758653141,-3.4962291326970055e-6
1.22,-0.0002962156514721551,-3.270789125655317e-6
1.23,-0.0002970456222702337,-3.0434358730650894e-6
1.24,-0.000297864549013247,-2.8141729498857954e-6
1.25,-0.0002986723096352499,-2.5830041413905675e-6
1.26,-0.000299468782048555,-2.349933444634441e-6
1.27,-0.000300253844153911,-2.1149650699169973e-6
1.28,-0.0003010273738507304,-1.8781034422250065e-6
1.29,-0.0003017892490474291,-1.6393532026719883e-6
1.3,-0.00030253934767181446,-1.3987192099180841e-6
1.31,-0.0003032775476815798,-1.1562065415849497e-6
1.32,-0.0003040037270748506,-9.118204956518705e-7
1.33,-0.00030471776390083476,-6.655665918420611e-7
1.34,-0.00030541953627052763,-4.1745057299575137e-7
1.35,-0.0003061089223675071,-1.6747840642729731e-7
1.36,-0.00030678580045880006,8.434371472773201e-8
1.37,-0.00030745004890582656,3.380093701828461e-7
1.38,-0.00030810154617541286,5.935119111845911e-7
1.39,-0.0003087401708508888,8.508444592089915e-7
1.4,-0.0003093658016432522,1.1099999046780258e-6
1.41,-0.0003099783174024047,1.3709709056841626e-6
1.42,-0.00031057759712846894,1.6337498867387468e-6
1.43,-0.0003111635199831688,1.89832903752867e-6
1.44,-0.00031173596530128503,2.1647003116976703e-6
1.45,-0.00031229481260218087,2.432855425633234e-6
1.46,-0.00031283994160139877,2.7027858572826477e-6
1.47,-0.00031337123222232324,2.97448284497593e-6
1.48,-0.00031388856460791756,3.2479373862730217e-6
1.49,-0.00031439181913252106,3.5231402368238556e-6
1.5,-0.0003148808764137234,3.800081909253466e-6
1.51,-0.0003153556173242908,4.078752672055402e-6
1.52,-0.0003158159230041799,4.35914254851305e-6
1.53,-0.0003162616748725855,4.641241315636564e-6
1.54,-0.0003166927546400893,4.925038503116968e-6
1.55,-0.00031710904432083784,5.2105233923042784e-6
1.56,-0.000317510426244806,5.49768501520086e-6
1.57,-0.0003178967830701117,5.786512153480559e-6
1.58,-0.00031826799779539173,6.076993337522899e-6
1.59,-0.0003186239537722435,6.3691168454718335e-6
1.6,-0.00031896453471772065,6.662870702315023e-6
1.61,-0.0003192896247268842,6.958242678982598e-6
1.62,-0.0003195991082854222,7.255220291471572e-6
1.63,-0.000319892870282313,7.5537907999884135e-6
1.64,-0.0003201707960225493,7.853941208117057e-6
1.65,-0.0003204327712399241,8.155658262008931e-6
1.66,-0.00032067868210985387,8.458928449592088e-6
1.67,-0.00032090841526226914,8.7637379998128e-6
1.68,-0.00032112185779455154,9.07007288189174e-6
1.69,-0.00032131889728451743,9.377918804608997e-6
1.7,-0.0003214994218034603,9.68726121561049e-6
1.71,-0.0003216633199292309,9.998085300745425e-6
1.72,-0.0003218104807593744,1.0310375983416709e-5
1.73,-0.0003219407939243108,1.062411792397206e-5
1.74,-0.00032205414960055634,1.093929551910464e-5
1.75,-0.0003221504385239959,1.125589290129343e-5
1.76,-0.0003222295520031986,1.1573893938260571e-5
1.77,-0.0003222913819327673,1.189328223245909e-5
1.78,-0.0003223358208067414,1.221404112058692e-5
1.79,-0.0003223627617320275,1.2536153673126262e-5
1.8,-0.0003223720984418783,1.285960269391499e-5
1.81,-0.00032236372530940584,1.31843707197379e-5
1.82,-0.00032233753736112864,1.3510440019952023e-5
1.83,-0.0003222934302905613,1.3837792596142076e-5
1.84,-0.00032223130047182426,1.4166410181795964e-5
1.85,-0.000322151044973306,1.4496274242016093e-5
1.86,-0.0003220525615713403,1.4827365973256849e-5
1.87,-0.0003219357487639237,1.5159666303096288e-5
1.88,-0.0003218005057844558,1.5493155890028556e-5
1.89,-0.0003216467326155123,1.5827815123292766e-5
1.9,-0.0003214743300026451,1.6163624122733994e-5
1.91,-0.0003212831994681994,1.6500562738687173e-5
1.92,-0.00032107324332516867,1.6838610551900657e-5
1.93,-0.00032084436469105896,1.7177746873480588e-5
1.94,-0.0003205964675017838,1.751795074488071e-5
1.95,-0.0003203294565255744,1.785920093790682e-5
1.96,-0.00032004323737691234,1.8201475954769816e-5
1.97,-0.00031973771653047607,1.854475402815937e-5
1.98,-0.00031941280133510253,1.8889013121352127e-5
1.99,-0.00031906840002777104,1.923423092836098e-5
2.0,-0.00031870442174759096,1.9580384874102612e-5
2.01,-0.00031832077654980653,1.9927452114614543e-5
2.02,-0.00031791737541981234,2.0275409537291423e-5
2.03,-0.00031749413028717426,2.0624233761165113e-5
2.04,-0.0003170509540396613,2.0973901137215392e-5
2.05,-0.0003165877605372827,2.1324387748711013e-5
2.06,-0.00031610446462632867,2.1675669411594717e-5
2.07,-0.00031560098215341033,2.2027721674891942e-5
2.08,-0.000315077229979516,2.2380519821163476e-5
2.09,-0.0003145331259940452,2.2734038866989935e-5
2.1,-0.00031396858912886383,2.308825356349032e-5
2.11,-0.0003133835393723365,2.3443138396879134e-5
2.12,-0.0003127778977833722,2.3798667589057834e-5
2.13,-0.00031215158650544733,2.415481509824293e-5
2.14,-0.00031150452878063494,2.4511554619632e-5
2.15,-0.00031083664896361835,2.4868859586100853e-5
2.16,-0.00031014787253569174,2.5226703168948607e-5
2.17,-0.00030943812611875475,2.558505827866595e-5
2.18,-0.00030870733748928654,2.5943897565752458e-5
2.19,-0.0003079554355923103,2.6303193421565977e-5
2.2,-0.00030718235055533636,2.6662917979210953e-5
2.21,-0.00030638801370228914,2.70230431144622e-5
2.22,-0.00030557235756740954,2.7383540446731284e-5
2.23,-0.0003047353159091413,2.7744381340069403e-5
2.24,-0.00030387682372398856,2.810553690420771e-5
2.25,-0.0003029968172603505,2.8466977995637645e-5
2.26,-0.00030209523403232705,2.882867521872836e-5
2.27,-0.0003011720128334967,2.9190598926887777e-5
2.28,-0.000300227093750667,2.955271922375705e-5
2.29,-0.0002992604181775862,2.991500596444799e-5
2.3,-0.00029827192882862433,3.027742875682141e-5
2.31,-0.00029726156975242335,3.063995696280077e-5
2.32,-0.0002962292863454995,3.100255969972953e-5
2.33,-0.00029517502536581595,3.1365205841769664e-5
2.34,-0.00029409873494631004,3.172786402133431e-5
2.35,-0.00029300036460837926,3.2090502630566115e-5
2.36,-0.0002918798652753214,3.245308982285824e-5
2.37,-0.0002907371892857299,3.28155935144083e-5
2.38,-0.00028957229040684184,3.3177981385820615e-5
2.39,-0.0002883851238478342,3.3540220883744706e-5
2.4,-0.0002871756462730685,3.390227922255814e-5
2.41,-0.0002859438158152876,3.426412338608827e-5
2.42,-0.0002846895920887471,3.462572012937503e-5
2.43,-0.0002834129362022996,3.498703598047891e-5
2.44,-0.00028211381077241596,3.5348037242327516e-5
2.45,-0.00028079217993614517,3.570868999460109e-5
2.46,-0.00027944800936401316,3.6068960095668055e-5
2.47,-0.0002780812662728587,3.642881318455138e-5
2.48,-0.00027669191943859993,3.678821468295067e-5
2.49,-0.00027527993920893574,3.714712979728844e-5
2.5,-0.0002738452975159761,3.7505523520818386e-5
2.51,-0.0002723879678888014,3.786336063575897e-5
2.52,-0.0002709079254659478,3.8220605715479066e-5
2.53,-0.00026940514700781593,3.8577223126723735e-5
2.54,-0.00026787961090900774,3.893317703188175e-5
2.55,-0.00026633129721057654,3.928843139129126e-5
2.56,-0.0002647601876122024,3.964294996559866e-5
2.57,-0.0002631662654842804,3.9996696318147376e-5
2.58,-0.00026154951587992805,4.0349633817420554e-5
2.59,-0.00025990992554690274,4.0701725639518995e-5
2.6,-0.00025824748293943185,4.105293477067936e-5
2.61,-0.00025656217822995434,4.1403224009846984e-5
2.62,-0.00025485400332076716,4.1752555971277e-5
2.63,-0.0002531229518555795,4.210089308718907e-5
2.64,-0.00025136901923097005,4.2448197610458654e-5
2.65,-0.000249592202607747,4.279443161734985e-5
2.66,-0.00024779250092220594,4.3139557010298726e-5
2.67,-0.00024596991489729254,4.348353552072963e-5
2.68,-0.00024412444705365063,4.382632871191955e-5
2.69,-0.00024225610172057727,4.416789798190604e-5
2.7,-0.00024036488504685963,4.450820456642959e-5
2.71,-0.00023845080501150914,4.484720954193269e-5
2.72,-0.0002365138714343823,4.518487382858356e-5
2.73,-0.00023455409598668867,4.552115819335701e-5
2.74,-0.00023257149220138235,4.58560232531537e-5
2.75,-0.00023056607548343976,4.618942947794991e-5
2.76,-0.0002285378631200139,4.6521337194012564e-5
2.77,-0.00022648687429047332,4.685170658713191e-5
2.78,-0.00022441313007631546,4.7180497705912066e-5
2.79,-0.00022231665347095166,4.7507670465098856e-5
2.8,-0.0002201974693893788,4.7833184648948415e-5
2.81,-0.00021805560467770218,4.8156999914633824e-5
2.82,-0.0002158910881225492,4.8479075795706064e-5
2.83,-0.00021370395046033756,4.879937170557706e-5
2.84,-0.00021149422438641454,4.911784694106413e-5
2.85,-0.00020926194456405826,4.943446068595859e-5
2.86,-0.00020700714763334405,4.974917201464872e-5
2.87,-0.00020472987221986858,5.006193989577218e-5
2.88,-0.0002024301589433346,5.037272319591739e-5
2.89,-0.00020010805042599043,5.0681480683360755e-5
2.9,-0.00019776359130092727,5.098817103184963e-5
2.91,-0.0001953968282202255,5.1292752824412316e-5
2.92,-0.00019300780986295605,5.159518455723012e-5
2.93,-0.00019059658694302805,5.189542464352676e-5
2.94,-0.00018816321221688668,5.2193431417510053e-5
2.95,-0.00018570774049105515,5.2489163138348545e-5
2.96,-0.00018323022862951928,5.278257799419161e-5
2.97,-0.00018073073556095824,5.307363410621882e-5
2.98,-0.00017820932228581167,5.3362289532745274e-5
2.99,-0.0001756660518831844,5.364850227334223e-5
3.0,-0.0001731009895175952,5.393223027301764e-5
3.01,-0.00017051420244554964,5.42134314264198e-5
3.02,-0.00016790576002195462,5.449206358208824e-5
3.03,-0.0001652757337063626,5.476808454673407e-5
3.04,-0.0001626241970690389,5.5041452089564044e-5
3.05,-0.0001599512257968678,5.531212394663786e-5
3.06,-0.00015725689769907503,5.558005782526469e-5
3.07,-0.000154541292712781,5.584521140843264e-5
3.08,-0.0001518044929083717,5.6107542359273476e-5
3.09,-0.0001490465824946948,5.63670083255714e-5
3.1,-0.00014626764782407347,5.662356694429857e-5
3.11,-0.00014346777739713623,5.6877175846185585e-5
3.12,-0.000140647061867465,5.712779266033375e-5
3.13,-0.00013780559404605417,5.7375375018854965e-5
3.14,-0.0001349434689055884,5.761988056154808e-5
3.15,-0.0001320607835845236,5.7861266940611915e-5
3.16,-0.0001291576373909815,5.8099491825384144e-5
3.17,-0.0001262341318064538,5.833451290711981e-5
3.18,-0.00012329037048930565,5.856628790380379e-5
3.19,-0.0001203264592780919,5.879477456498416e-5
3.2,-0.00011734250619466953,5.901993067665454e-5
3.21,-0.00011433862144711445,5.924171406614862e-5
3.22,-0.00011131491743243776,5.946008260708286e-5
3.23,-0.00010827150873910054,5.9674994224320295e-5
3.24,-0.00010520851214932439,5.988640689896489e-5
3.25,-0.00010212604664119788,6.0094278673390995e-5
3.26,-9.90242333905758e-5,6.0298567656294065e-5
3.27,-9.590319577277254e-5,6.0499232027777415e-5
3.28,-9.276305936404419e-5,6.069623004446618e-5
3.29,-8.960395194286028e-5,6.088952004464323e-5
3.3,-8.642600349096547e-5,6.107906045342326e-5
3.31,-8.322934619422694e-5,6.126480978793974e-5
3.32,-8.001411444326115e-5,6.144672666257388e-5
3.33,-7.678044483385476e-5,6.162476979420088e-5
3.34,-7.35284761671617e-5,6.179889800745737e-5
3.35,-7.025834944967756e-5,6.196907024004687e-5
3.36,-6.697020789300312e-5,6.213524554805841e-5
3.37,-6.366419691337953e-5,6.229738311131729e-5
3.38,-6.0340464131000616e-5,6.245544223874795e-5
3.39,-5.699915936910432e-5,6.260938237377686e-5
3.4,-5.3640434652837866e-5,6.27591630997419e-5
3.41,-5.0264444207891626e-5,6.290474414533276e-5
3.42,-4.687134445891323e-5,6.304608539004919e-5
3.43,-4.3461294027685116e-5,6.318314686968275e-5
3.44,-4.0034453731076335e-5,6.33158887818149e-5
3.45,-3.659098657876159e-5,6.34442714913377e-5
3.46,-3.313105777070663e-5,6.3568255535996e-5
3.47,-2.9654834694421726e-5,6.368780163193745e-5
3.48,-2.616248692197983e-5,6.380287067929831e-5
3.49,-2.265418620679924e-5,6.39134237677913e-5
3.5,-1.9130106480187082e-5,6.401942218231103e-5
3.51,-1.5590423847648976e-5,6.412082740856724e-5
3.52,-1.2035316584956874e-5,6.421760113872331e-5
3.53,-8.464965133977636e-6,6.430970527705095e-5
3.54,-4.879552098260206e-6,6.439710194560403e-5
3.55,-1.2792622383854472e-6,6.447975348989928e-5
3.56,2.335717532935725e-6,6.455762248461514e-5
3.57,5.965198155997383e-6,6.463067173930368e-5
3.58,9.6089884294867e-6,6.469886430410581e-5
3.59,1.3266895016110036e-5,6.476216347549058e-5
3.6,1.6938722448471644e-5,6.482053280199032e-5
3.61,2.0624273135194547e-5,6.487393608996157e-5
3.62,2.432334736729019e-5,6.492233740933589e-5
3.63,2.8035743324779453e-5,6.496570109939825e-5
3.64,3.176125708355625e-5,6.500399177456166e-5
3.65,3.5499682622507544e-5,6.503717433014702e-5
3.66,3.925081183087952e-5,6.506521394817988e-5
3.67,4.301443451589819e-5,6.508807610318289e-5
3.68,4.679033841063725e-5,6.51057265679743e-5
3.69,5.057830918214175e-5,6.511813141947706e-5
3.7,5.4378130439804676e-5,6.512525704452354e-5
3.71,5.8189583743992205e-5,6.512707014566716e-5
3.72,6.20124486149298e-5,6.51235377469969e-5
3.73,6.584650254183572e-5,6.511462719994651e-5
3.74,6.969152099231599e-5,6.510030618910927e-5
3.75,7.354727742200749e-5,6.508054273805794e-5
3.76,7.741354328448402e-5,6.505530521514728e-5
3.77,8.129008804140791e-5,6.502456233933245e-5
3.78,8.517667917295313e-5,6.49882831859738e-5
3.79,8.907308218846963e-5,6.494643719263908e-5
3.8,9.297906063741167e-5,6.489899416490914e-5
3.81,9.689437612052624e-5,6.484592428216826e-5
3.82,0.00010081878830129053,6.478719810339351e-5
3.83,0.00010475205491761455,6.472278657294227e-5
3.84,0.00010869393179379704,6.46526610263237e-5
3.85,0.0001126441728527401,6.457679319596476e-5
3.86,0.00011660253012842403,6.449515521697287e-5
3.87,0.00012056875377863368,6.440771963287973e-5
3.88,0.00012454259209795235,6.431445940138234e-5
3.89,0.00012852379153100308,6.42153479000692e-5
3.9,0.0001325120966859583,6.411035893213206e-5
3.91,0.0001365072503482971,6.399946673206627e-5
3.92,0.00014050899349483047,6.388264597136396e-5
3.93,0.00014451706530797475,6.375987176417986e-5
3.94,0.0001485312031902907,6.363111967299035e-5
3.95,0.00015255114277927252,6.349636571423405e-5
3.96,0.0001565766179624015,6.335558636393418e-5
3.97,0.00016060736089244958,6.320875856330476e-5
3.98,0.00016464310200304454,6.305585972433565e-5
3.99,0.00016868357002448964,6.289686773535646e-5
4.0,0.00017272849199983871,6.2731760966587e-5
4.01,0.00017677759330122678,6.256051827565564e-5
4.02,0.00018083059764645797,6.238311901310597e-5
4.03,0.00018488722711584537,6.219954302787082e-5
4.04,0.00018894720216930662,6.20097706727285e-5
4.05,0.0001930102416637128,6.181378280972996e-5
4.06,0.0001970760628704936,6.161156081560736e-5
4.07,0.00020114438149348643,6.140308658714088e-5
4.08,0.00020521491168704975,6.118834254651753e-5
4.09,0.00020928736607441745,6.0967311646647434e-5
4.1,0.00021336145576630915,6.0739977376449646e-5
4.11,0.00021743689037979065,6.0506323766123415e-5
4.12,0.00022151337805738084,6.026633539236943e-5
4.13,0.0002255906254864066,6.0019997383587974e-5
4.14,0.0002296683379186146,5.976729542505008e-5
4.15,0.00023374621919001388,5.950821576401992e-5
4.16,0.0002378239717409815,5.924274521485555e-5
4.17,0.00024190129663659705,5.897087116406866e-5
4.18,0.0002459778935872377,5.86925815753495e-5
4.19,0.0002500534609694002,5.840786499455198e-5
4.2,0.000254127695846779,5.811671055464289e-5
4.21,0.00025820029399157684,5.7819107980611143e-5
4.22,0.0002622709499060577,5.7515047594335815e-5
4.23,0.0002663393568443358,5.720452031941876e-5
4.24,0.0002704052068344133,5.688751768596528e-5
4.25,0.00027446819070043986,5.6564031835333736e-5
4.26,0.00027852799808521467,5.623405552483022e-5
4.27,0.00028258431747292496,5.589758213236999e-5
4.28,0.00028663683621211274,5.5554605661083566e-5
4.29,0.0002906852405388741,5.520512074388155e-5
4.3,0.00029472921560029036,5.484912264797552e-5
4.31,0.0002987684454780881,5.448660727934084e-5
4.32,0.0003028026132125217,5.411757118714349e-5
4.33,0.00030683140082648797,5.374201156810371e-5
4.34,0.00031085448934986006,5.3359926270820064e-5
4.35,0.00031487155884405023,5.297131380003604e-5
4.36,0.0003188822884267863,5.2576173320855754e-5
4.37,0.00032288635629711284,5.217450466290566e-5
4.38,0.00032688343976060817,5.176630832444295e-5
4.39,0.00033087321525482,5.1351585476408975e-5
4.4,0.0003348553583749143,5.093033796642365e-5
4.41,0.0003388295438995355,5.050256832273039e-5
4.42,0.0003427954458168781,5.00682797580733e-5
4.43,0.00034675273735097393,4.962747617352569e-5
4.44,0.0003507010909881759,4.9180162162250404e-5
4.45,0.0003546401785038546,4.8726343013205636e-5
4.46,0.00035856967098930013,4.8266024714788025e-5
4.47,0.0003624892388788192,4.779921395841703e-5
4.48,0.00036639855197703806,4.73259181420444e-5
4.49,0.00037029727948639476,4.684614537361836e-5
4.5,0.00037418509003484115,4.635990447446672e-5
4.51,0.0003780616517037248,4.586720498262553e-5
4.52,0.0003819266320558699,4.5368057156092545e-5
4.53,0.000385779698163842,4.486247197602529e-5
4.54,0.0003896205166384088,4.4350461149860486e-5
4.55,0.000393448753657176,4.3832037114367545e-5
4.56,0.0003972640749934127,4.3307213038634115e-5
4.57,0.00040106614604505224,4.2776002826986744e-5
4.58,0.00040485463186387796,4.223842112182736e-5
4.59,0.0004086291971848766,4.169448330640729e-5
4.6,0.0004123895064557708,4.114420550752894e-5
4.61,0.00041613522386672283,4.058760459816838e-5
4.62,0.00041986601338019747,4.0024698200027404e-5
4.63,0.00042358153876100746,3.9455504686009686e-5
4.64,0.00042728146360651115,3.8880043182622483e-5
4.65,0.0004309654513769672,3.8298333572298416e-5
4.66,0.0004346331654260609,3.77103964956408e-5
4.67,0.0004382842690315787,3.7116253353596154e-5
4.68,0.00044191842542623083,3.6515926309538214e-5
4.69,0.00044553529782864006,3.590943829128048e-5
4.7,0.00044913454947445857,3.5296812993003135e-5
4.71,0.0004527158436476481,3.4678074877103164e-5
4.72,0.0004562788437118866,3.405324917596062e-5
4.73,0.0004598232131421321,3.342236189361804e-5
4.74,0.00046334861555630285,3.278543980738521e-5
4.75,0.00046685471474711013,3.214251046935404e-5
4.76,0.00047034117471400947,3.149360220782922e-5
4.77,0.00047380765969528665,3.083874412867283e-5
4.78,0.00047725383420026666,3.0177966116569174e-5
4.79,0.0004806793630416426,2.9511298836193075e-5
4.8,0.00048408391136793046,2.8838773733299474e-5
4.81,0.00048746714469603136,2.8160423035718558e-5
4.82,0.0004908287289439181,2.7476279754266437e-5
4.83,0.0004941683304634153,2.6786377683563658e-5
4.84,0.0004974856160731079,2.6090751402767673e-5
4.85,0.0005007802530913324,2.538943627620826e-5
4.86,0.000504051909369286,2.4682468453938907e-5
4.87,0.0005073002533242198,2.3969884872190116e-5
4.88,0.0005105249539727345,2.3251723253736952e-5
4.89,0.0005137256809641684,2.2528022108164243e-5
4.9,0.0005169021046140649,2.179882073205027e-5
4.91,0.0005200538959377292,2.106415920904455e-5
4.92,0.0005231807266838715,2.0324078409858573e-5
4.93,0.0005262822693683169,1.957861999215784e-5
4.94,0.0005293581973078016,1.882782640036136e-5
4.95,0.0005324081846538262,1.8071740865339394e-5
4.96,0.0005354319064265919,1.73104074040212e-5
4.97,0.0005384290385489959,1.654387081889856e-5
4.98,0.0005413992578806724,1.577217669743545e-5
4.99,0.0005443422422521189,1.4995371411381245e-5
5.0,0.0005472576704988501,1.4213502115981232e-5
5.01,0.0005501452224956241,1.3426616749086247e-5
5.02,0.0005530045791906922,1.2634764030170818e-5
5.03,0.0005558354226401144,1.1837993459242514e-5
5.04,0.0005586374360420969,1.1036355315654583e-5
5.05,0.0005614103037713745,1.0229900656818687e-5
5.06,0.0005641537114136268,9.418681316812728e-6
5.07,0.0005668673457999161,8.60274990489055e-6
5.08,0.0005695508950411505,7.782159803886262e-6
5.09,0.0005722040485625799,6.956965168520565e-6
5.1,0.0005748264971382932,6.127220923596613e-6
5.11,0.0005774179329257391,5.29298276210096e-6
5.12,0.0005799780495002563,4.4543071431956375e-6
5.13,0.0005825065418896088,3.6112512901083907e-6
5.14,0.0005850031066085173,2.7638731879171357e-6
5.15,0.0005874674416932033,1.912231581231372e-6
5.16,0.0005898992467359131,1.056385971768582e-6
5.17,0.0005922982229194439,1.9639661582641438e-7
5.18,0.00059466407305165,-6.67675478353359e-7
5.19,0.0005969965015999345,-1.5357685533245916e-6
5.2,0.0005992952147257228,-2.4078201052815203e-6
5.21,0.0006015599203189072,-3.2837668870097198e-6
5.22,0.0006037903280322657,-4.163544910946148e-6
5.23,0.0006059861493158476,-5.047089452341152e-6
5.24,0.0006081470974513252,-5.934335052531022e-6
5.25,0.0006102728875862962,-6.8252155223134484e-6
5.26,0.0006123632367685583,-7.719663945435366e-6
5.27,0.0006144178639803169,-8.617612682181037e-6
5.28,0.0006164364901723539,-9.51899337307258e-6
5.29,0.0006184188382981353,-1.0423736942675964e-5
5.3,0.0006203646333478568,-1.1331773603514224e-5
5.31,0.0006222736023824296,-1.2243032860086766e-5
5.32,0.0006241454745673961,-1.315744351300054e-5
5.33,0.0006259799812067654,-1.4074933663203255e-5
5.34,0.0006277768557767908,-1.4995430716328393e-5
5.35,0.0006295358339596466,-1.5918861387145422e-5
5.36,0.0006312566536770317,-1.684515170411927e-5
5.37,0.0006329390551236839,-1.7774227014074256e-5
5.38,0.0006345827808007966,-1.8706011986973416e-5
5.39,0.0006361875755493458,-1.9640430620792956e-5
5.4,0.0006377531865833051,-2.0577406246516593e-5
5.41,0.0006392793635227712,-2.1516861533229514e-5
5.42,0.0006407658584269657,-2.2458718493321873e-5
5.43,0.0006422124258271308,-2.3402898487802226e-5
5.44,0.0006436188227593091,-2.4349322231711983e-5
5.45,0.0006449848087969951,-2.5297909799653355e-5
5.46,0.0006463101460836686,-2.6248580631421134e-5
5.47,0.0006475945993651959,-2.7201253537739627e-5
5.48,0.000648837936022092,-2.8155846706108594e-5
5.49,0.0006500399261016534,-2.911227770675659e-5
5.5,0.0006512003423499434,-3.0070463498696663e-5
5.51,0.0006523189602436337,-3.103032043589013e-5
5.52,0.0006533955580216901,-3.1991764273516895e-5
5.53,0.0006544299167169133,-3.2954710174349595e-5
5.54,0.0006554218201873137,-3.39190727152326e-5
5.55,0.0006563710551473243,-3.4884765893668046e-5
5.56,0.000657277411198852,-3.58517031345049e-5
5.57,0.0006581406808621505,-3.681979729673141e-5
5.58,0.0006589606596065228,-3.778896068037429e-5
5.59,0.0006597371458808442,-3.875910503349747e-5
5.6,0.000660469941143902,-3.9730141559308926e-5
5.61,0.0006611588498945444,-4.070198092336599e-5
5.62,0.000661803679701645,-4.1674533260883775e-5
5.63,0.0006624042412338634,-4.26477081841501e-5
5.64,0.0006629603482892129,-4.3621414790034264e-5
5.65,0.0006634718178244211,-4.459556166760483e-5
5.66,0.0006639384699840843,-4.557005690584373e-5
5.67,0.000664360128129606,-4.6544808101458586e-5
5.68,0.000664736618867931,-4.751972236680076e-5
5.69,0.0006650677720800393,-4.849470633787673e-5
5.7,0.0006653534209492402,-4.946966618246273e-5
5.71,0.00066559340198922,-5.044450760831538e-5
5.72,0.0006657875550718634,-5.141913587147765e-5
5.73,0.0006659357234548458,-5.239345578468663e-5
5.74,0.0006660377538089744,-5.336737172587418e-5
5.75,0.0006660934962452913,-5.434078764676436e-5
5.76,0.0006661028043419305,-5.5313607081566086e-5
5.77,0.0006660655351707187,-5.62857331557609e-5
5.78,0.000665981549323524,-5.725706859498244e-5
5.79,0.0006658507109383411,-5.822751573399281e-5
5.8,0.0006656728877251198,-5.919697652574873e-5
5.81,0.000665447950991315,-6.016535255055705e-5
5.82,0.0006651757756671777,-6.113254502533106e-5
5.83,0.0006648562403307629,-6.209845481292266e-5
5.84,0.0006644892272326592,-6.306298243155909e-5
5.85,0.0006640746223204417,-6.402602806435576e-5
5.86,0.0006636123152628287,-6.498749156892534e-5
5.87,0.0006631021994735574,-6.59472724870742e-5
5.88,0.0006625441721349589,-6.690527005457672e-5
5.89,0.0006619381342212393,-6.786138321104512e-5
5.9,0.0006612839905214553,-6.881551060987995e-5
5.91,0.0006605816496621908,-6.97675506283036e-5
5.92,0.0006598310241299204,-7.071740137747831e-5
5.93,0.0006590320302930561,-7.166496071270469e-5
5.94,0.0006581845884236901,-7.261012624370422e-5
5.95,0.0006572886227190037,-7.355279534498053e-5
5.96,0.0006563440613223639,-7.449286516625787e-5
5.97,0.0006553508363440863,-7.543023264300359e-5
5.98,0.0006543088838818743,-7.636479450701822e-5
5.99,0.0006532181440409143,-7.729644729711613e-5
6.0,0.0006520785609536417,-7.822508736986991e-5
6.01,0.0006508900827991685,-7.91506109104317e-5
6.02,0.0006496526618223568,-8.00729139434306e-5
6.03,0.0006483662543525492,-8.099189234394307e-5
6.04,0.0006470308208219539,-8.19074418485301e-5
6.05,0.0006456463257836695,-8.28194580663469e-5
6.06,0.0006442127379293469,-8.37278364903248e-5
6.07,0.0006427300301065072,-8.463247250841709e-5
6.08,0.0006411981793354788,-8.553326141491071e-5
6.09,0.0006396171668259715,-8.643009842180743e-5
6.1,0.0006379869779932897,-8.732287867027169e-5
6.11,0.0006363076024741571,-8.821149724213354e-5
6.12,0.0006345790341421736,-8.909584917145922e-5
6.13,0.0006328012711228981,-8.997582945618885e-5
6.14,0.0006309743158085274,-9.085133306981546e-5
6.15,0.0006290981748722165,-9.172225497314835e-5
6.16,0.0006271728592819879,-9.258849012610996e-5
6.17,0.0006251983843142607,-9.344993349960412e-5
6.18,0.0006231747695669823,-9.430648008743513e-5
6.19,0.000621102038972362,-9.515802491827353e-5
6.2,0.0006189802208092048,-9.600446306768986e-5
6.21,0.0006168093477148413,-9.684568967022331e-5
6.22,0.0006145894566966523,-9.768159993150873e-5
6.23,0.0006123205891431834,-9.851208914045048e-5
6.24,0.0006100027908348536,-9.933705268144308e-5
6.25,0.000607636111954241,-0.0001001563860466385
6.26,0.0006052206070959574,-0.00010096998484825563
6.27,0.00060275633527611,-0.00010177774483093721
6.28,0.0006002433599413233,-0.00010257956188414045
6.29,0.0005976817489773576,-0.00010337533205457835
6.3,0.0005950715747172887,-0.00010416495155868948
6.31,0.0005924129139492605,-0.00010494831679515462
6.32,0.0005897058479238067,-0.0001057253243574419
6.33,0.0005869504623607435,-0.00010649587104638971
6.34,0.0005841468474556178,-0.0001072598538828237
6.35,0.000581295097885727,-0.0001080171701202026
6.36,0.0005783953128156887,-0.00010876771725729781
6.37,0.000575447595902577,-0.0001095113930508972
6.38,0.000572452055300607,-0.00011024809552853749
6.39,0.000569408803665378,-0.00011097772300126874
6.4,0.0005663179581576668,-0.00011170017407643151
6.41,0.0005631796404467673,-0.00011241534767046392
6.42,0.0005599939767133826,-0.00011312314302173173
6.43,0.000556761097652062,-0.00011382345970336906
6.44,0.0005534811384731739,-0.00011451619763614732
6.45,0.0005501542389044368,-0.00011520125710135313
6.46,0.0005467805431919753,-0.00011587853875368372
6.47,0.0005433602001009238,-0.0001165479436341599
6.48,0.0005398933629155622,-0.00011720937318303757
6.49,0.0005363801894389959,-0.00011786272925274617
6.5,0.0005328208419923547,-0.0001185079141208245
6.51,0.0005292154874135442,-0.00011914483050286437
6.52,0.0005255642970555065,-0.00011977338156546482
6.53,0.000521867446784033,-0.00012039347093918271
6.54,0.0005181251169750871,-0.00012100500273149215
6.55,0.0005143374925116645,-0.00012160788153973816
6.56,0.0005105047627801792,-0.00012220201246409355
6.57,0.0005066271216663675,-0.00012278730112050975
6.58,0.0005027047675507254,-0.00012336365365366554
6.59,0.0004987379033034617,-0.00012393097674990265
6.6,0.0004947267362789729,-0.00012448917765016737
6.61,0.0004906714783098462,-0.0001250381641629251
6.62,0.0004865723457003735,-0.00012557784467707542
6.63,0.00048242955921958826,-0.00012610812817485034
6.64,0.00047824334409382195,-0.00012662892424469797
6.65,0.00047401392999877885,-0.00012714014309414613
6.66,0.0004697415510511198,-0.0001276416955626544
6.67,0.0004654264457995748,-0.00012813349313444008
6.68,0.00046106885721555784,-0.00012861544795128704
6.69,0.00045666903268330825,-0.0001290874728253264
6.7,0.0004522272239895421,-0.0001295494812517954
6.71,0.00044774368731261384,-0.00013000138742176853
6.72,0.00044321868321120283,-0.0001304431062348593
6.73,0.0004386524766124943,-0.00013087455331189487
6.74,0.0004340453367999038,-0.00013129564500754637
6.75,0.00042939753740028,-0.00013170629842294764
6.76,0.0004247093563706482,-0.00013210643141825566
6.77,0.00041998107598445125,-0.00013249596262518548
6.78,0.0004152129828173121,-0.00013287481145950343
6.79,0.0004104053677323048,-0.0001332428981334814
6.8,0.0004055585258647401,-0.00013360014366830256
6.81,0.00040067275660646317,-0.0001339464699064311
6.82,0.0003957483635896667,-0.00013428179952392288
6.83,0.00039078565467021793,-0.0001346060560427062
6.84,0.0003857849419104998,-0.00013491916384279502
6.85,0.00038074654156176126,-0.00013522104817446202
6.86,0.0003756707740459948,-0.00013551163517035286
6.87,0.0003705579639373182,-0.00013579085185754674
6.88,0.00036540843994287587,-0.00013605862616956338
6.89,0.00036022253488325953,-0.00013631488695830325
6.9,0.00035500058567244084,-0.00013655956400593721
6.91,0.0003497429332972343,-0.00013679258803672663
6.92,0.00034444992279625915,-0.00013701389072878358
6.93,0.0003391219032384418,-0.00013722340472576038
6.94,0.0003337592277010248,-0.00013742106364848073
6.95,0.00032836225324710955,-0.0001376068021064927
6.96,0.00032293134090270346,-0.00013778055570955373
6.97,0.0003174668556333165,-0.00013794226107904513
6.98,0.00031196916632005803,-0.00013809185585930909
6.99,0.0003064386457352796,-0.00013822927872891147
7.0,0.0003008756705177277,-0.00013835446941182493
7.01,0.00029528062114724424,-0.00013846736868853315
7.02,0.0002896538819189835,-0.0001385679184070576
7.03,0.0002839958409171593,-0.00013865606149388634
7.04,0.000278306889988346,-0.0001387317419648443
7.05,0.0002725874247142834,-0.00013879490493584577
7.06,0.00026683784438424706,-0.0001388454966335892
7.07,0.0002610585519669368,-0.000138883464406132
7.08,0.00025524995408191735,-0.0001389087567333999
7.09,0.00024941246097059407,-0.00013892132323758464
7.1,0.00024354648646673476,-0.00013892111469345666
7.11,0.00023765244796653684,-0.0001389080830385774
7.12,0.00023173076639824376,-0.0001388821813834084
7.13,0.0002257818661913084,-0.00013884336402133295
7.14,0.00021980617524510837,-0.0001387915864385576
7.15,0.00021380412489721762,-0.00013872680532392925
7.16,0.0002077761498912334,-0.0001386489785786353
7.17,0.00020172268834415868,-0.00013855806532579411
7.18,0.00019564418171335023,-0.00013845402591995023
7.19,0.0001895410747630255,-0.00013833682195644748
7.2,0.0001834138155303405,-0.00013820641628069447
7.21,0.0001772628552910269,-0.0001380627729973189
7.22,0.00017108864852461046,-0.0001379058574792021
7.23,0.00016489165287919406,-0.00013773563637639632
7.24,0.00015867232913582434,-0.0001375520776249403
7.25,0.00015243114117242923,-0.00013735515045552418
7.26,0.00014616855592734343,-0.000137144825402063
7.27,0.00013988504336241614,-0.00013692107431012947
7.28,0.00013358107642570392,-0.00013668387034527018
7.29,0.00012725713101376,-0.00013643318800119343
7.3,0.00012091368593350867,-0.00013616900310782753
7.31,0.00011455122286372295,-0.00013589129283925346
7.32,0.00010817022631609735,-0.00013560003572150663
7.33,0.0001017711835959293,-0.0001352952116402429
7.34,9.535458476239936e-5,-0.0001349768018482802
7.35,8.892092258846387e-5,-0.0001346447889729897
7.36,8.247069252036201e-5,-0.00013429915702356808
7.37,7.600439263673981e-5,-0.0001339398913981588
7.38,6.952252360738593e-5,-0.00013356697889084103
7.39,6.30255886516011e-5,-0.0001331804076984772
7.4,5.6514093496185425e-5,-0.0001327801674274116
7.41,4.9988546333065013e-5,-0.00013236624910003894
7.42,4.34494577765421e-5,-0.00013193864516121312
7.43,3.689734082019061e-5,-0.0001314973494845217
7.44,3.0332710793390167e-5,-0.0001310423573784055
7.45,2.3756085317508644e-5,-0.00013057366559213342
7.46,1.716798426172755e-5,-0.0001300912723216232
7.47,1.0568929698527566e-5,-0.00012959517721511488
7.48,3.959445858825127e-6,-0.00012908538137868937
7.49,-2.6599409132211262e-6,-0.00012856188738163187
7.5,-9.28870220575127e-6,-0.00012802469926164622
7.51,-1.592630758506341e-5,-0.00012747382252989832
7.52,-2.2572224641806645e-5,-0.00012690926417591986
7.53,-2.922591903749274e-5,-0.0001263310326723434
7.54,-3.5886854551326506e-5,-0.00012573913797947332
7.55,-4.255449312735162e-5,-0.00012513359154970677
7.56,-4.922829492190386e-5,-0.00012451440633178232
7.57,-5.590771835136699e-5,-0.00012388159677486973
7.58,-6.259222014023203e-5,-0.0001232351788324966
7.59,-6.928125536945204e-5,-0.0001225751699663002
7.6,-7.597427752508579e-5,-0.00012190158914962817
7.61,-8.267073854722977e-5,-0.00012121445687095176
7.62,-8.937008887923032e-5,-0.00012051379513713009
7.63,-9.607177751717499e-5,-0.00011979962747648682
7.64,-0.00010277525205965625,-0.00011907197894172795
7.65,-0.00010947995875780168,-0.00011833087611268533
7.66,-0.00011618534256556184,-0.00011757634709887667
7.67,-0.00012289084719026898,-0.0001168084215419108
7.68,-0.00012959591514343562,-0.00011602713061770119
7.69,-0.00013629998779180952,-0.0001152325070385097
7.7,-0.0001430025054086651,-0.00011442458505481865
7.71,-0.00014970290722533827,-0.00011360340045701742
7.72,-0.00015640063148299378,-0.00011276899057691254
7.73,-0.00016309511548461334,-0.00011192139428906548
7.74,-0.0001697857956472155,-0.00011106065201193968
7.75,-0.00017647210755428994,-0.00011018680570887575
7.76,-0.00018315348600843746,-0.00010929989888888163
7.77,-0.00018982936508422745,-0.0001083999766072393
7.78,-0.00019649917818124826,-0.00010748708546592814
7.79,-0.00020316235807735873,-0.0001065612736138723
7.8,-0.0002098183369821275,-0.0001056225907469921
7.81,-0.00021646654659046054,-0.00010467108810807863
7.82,-0.00022310641813640605,-0.00010370681848647654
7.83,-0.00022973738244713346,-0.00010272983621759286
7.84,-0.00023635886999708676,-0.00010174019718220162
7.85,-0.0002429703109622907,-0.0001007379588055729
7.86,-0.00024957113527482864,-9.972318005641424e-5
7.87,-0.0002561607726774577,-9.869592144561332e-5
7.88,-0.0002627386527783839,-9.765624502480654e-5
7.89,-0.00026930420510616723,-9.660421438474418e-5
7.9,-0.0002758568591647696,-9.553989465347622e-5
7.91,-0.0002823960444887258,-9.446335249434064e-5
7.92,-0.00028892119069844584,-9.337465610376636e-5
7.93,-0.00029543172755562775,-9.227387520888051e-5
7.94,-0.00030192708501878434,-9.116108106493095e-5
7.95,-0.0003084066932988783,-9.003634645250578e-5
7.96,-0.0003148699829150568,-8.889974567457525e-5
7.97,-0.0003213163847504789,-8.775135455332722e-5
7.98,-0.00032774533010823323,-8.659125042682249e-5
7.99,-0.0003341562507673361,-8.54195121454503e-5
8.0,-0.000340548579038807,-8.423622006818851e-5
8.01,-0.0003469217478218179,-8.304145605868007e-5
8.02,-0.00035327519065990215,-8.183530348110325e-5
8.03,-0.00035960834179722245,-8.061784719586407e-5
8.04,-0.00036592063623489484,-7.938917355508032e-5
8.05,-0.0003722115097873611,-7.814937039788005e-5
8.06,-0.0003784803991387836,-7.689852704550707e-5
8.07,-0.0003847267418995045,-7.563673429622859e-5
8.08,-0.0003909499766625055,-7.436408442004744e-5
8.09,-0.000397149543059907,-7.30806711532308e-5
8.1,-0.0004033248818194693,-7.178658969263491e-5
8.11,-0.0004094754348211197,-7.048193668983983e-5
8.12,-0.0004156006451534646,-6.916681024509112e-5
8.13,-0.00042169995717031446,-6.784130990104653e-5
8.14,-0.00042777281654719123,-6.650553663633558e-5
8.15,-0.00043381867033781926,-6.515959285891419e-5
8.16,-0.00043983696703060634,-6.380358239924076e-5
8.17,-0.0004458271566050777,-6.243761050324587e-5
8.18,-0.0004517886905882965,-6.106178382512514e-5
8.19,-0.0004577210221112273,-5.967621041991986e-5
8.2,-0.00046362360596506597,-5.828099973592888e-5
8.21,-0.00046949589865750605,-5.687626260690681e-5
8.22,-0.0004753373584689511,-5.546211124408958e-5
8.23,-0.00048114744550866497,-5.4038659228023115e-5
8.24,-0.00048692562177084334,-5.2606021500189206e-5
8.25,-0.0004926713511906117,-5.116431435446545e-5
8.26,-0.000498384099699936,-4.9713655428373735e-5
8.27,-0.0005040633352834462,-4.8254163694154744e-5
8.28,-0.0005097085280341585,-4.6785959449647e-5
8.29,-0.0005153191502091008,-4.5309164308980114e-5
8.3,-0.0005208946762848183,-4.382390119307715e-5
8.31,-0.000526434583012773,-4.233029431997922e-5
8.32,-0.0005319383494746152,-4.082846919497512e-5
8.33,-0.0005374054571373303,-3.931855260054725e-5
8.34,-0.0005428353899082459,-3.7800672586139815e-5
8.35,-0.0005482276341898997,-3.6274958457733046e-5
8.36,-0.0005535816789347647,-3.474154076724444e-5
8.37,-0.0005588970156998087,-3.320055130173269e-5
8.38,-0.0005641731387009089,-3.165212307243857e-5
8.39,-0.0005694095448670838,-3.0096390303632656e-5
8.4,-0.000574605733894567,-2.8533488421287023e-5
8.41,-0.0005797612083006939,-2.6963554041560174e-5
8.42,-0.0005848754734776021,-2.5386724959120266e-5
8.43,-0.0005899480377457443,-2.3803140135273156e-5
8.44,-0.0005949784124072035,-2.2212939685925643e-5
8.45,-0.0005999661117987978,-2.0616264869366115e-5
8.46,-0.0006049106533449846,-1.901325807387809e-5
8.47,-0.0006098115576105367,-1.740406280517139e-5
8.48,-0.000614668348353008,-1.5788823673648976e-5
8.49,-0.0006194805525749608,-1.416768638149381e-5
8.5,-0.0006242477005759617,-1.2540797709600935e-5
8.51,-0.000628969326004336,-1.090830550431319e-5
8.52,-0.0006336449659086735,-9.270358664023189e-6
8.53,-0.0006382741607890822,-7.627107125576948e-6
8.54,-0.0006428564546481821,-5.978701850535862e-6
8.55,-0.000647391395041832,-4.325294811255888e-6
8.56,-0.0006518785331295838,-2.667038976818809e-6
8.57,-0.0006563174237248607,-1.0040882987859697e-6
8.58,-0.0006607076253448575,6.634023031922148e-7
8.59,-0.0006650487002601299,2.3352769559384276e-6
8.6,-0.0006693402145439167,4.011378847462086e-6
8.61,-0.0006735817381211383,5.6915502418369525e-6
8.62,-0.0006777728448170959,7.3756324942211235e-6
8.63,-0.0006819131124058527,9.063466066044039e-6
8.64,-0.0006860021226583031,1.0754890540339483e-5
8.65,-0.0006900394613899103,1.2449744637231444e-5
8.66,-0.0006940247185081089,1.414786622956316e-5
8.67,-0.000697957488059381,1.5849092358689666e-5
8.68,-0.0007018373682759823,1.755325925039441e-5
8.69,-0.0007056639616223133,1.9260202330971003e-5
8.7,-0.0007094368748409559,2.0969756243438316e-5
8.71,-0.0007131557189983223,2.268175486389707e-5
8.72,-0.0007168201095299646,2.4396031318029684e-5
8.73,-0.0007204296662854933,2.6112417997735823e-5
8.74,-0.0007239840135731335,2.7830746577907995e-5
8.75,-0.0007274827802038836,2.955084803333912e-5
8.76,-0.0007309255995352981,3.1272552655763426e-5
8.77,-0.0007343121095148697,3.2995690071029526e-5
8.78,-0.0007376419527230199,3.472008925640621e-5
8.79,-0.0007409147764156727,3.644557855801059e-5
8.8,-0.0007441302325664289,3.817198570836627e-5
8.81,-0.000747287977908323,3.989913784408625e-5
8.82,-0.0007503876739751565,4.162686152367499e-5
8.83,-0.0007534289871424042,4.3354982745455914e-5
8.84,-0.0007564115886676996,4.5083326965611536e-5
8.85,-0.0007593351547308669,4.681171911634717e-5
8.86,-0.0007621993664735299,4.853998362416489e-5
8.87,-0.0007650039100382581,5.0267944428250616e-5
8.88,-0.0007677484766072769,5.1995424998977044e-5
8.89,-0.0007704327624407018,5.372224835650748e-5
8.9,-0.0007730564689143347,5.5448237089514154e-5
8.91,-0.0007756193025569698,5.717321337399749e-5
8.92,-0.0007781209750872463,5.889699899221112e-5
8.93,-0.0007805612034500151,6.0619415351681804e-5
8.94,-0.0007829397098522292,6.234028350433676e-5
8.95,-0.0007852562217983421,6.40594241657211e-5
8.96,-0.0007875104721252234,6.577665773431162e-5
8.97,-0.0007897021990365743,6.749180431092387e-5
8.98,-0.0007918311461368447,6.920468371820862e-5
8.99,-0.0007938970624646458,7.091511552023744e-5
9.0,-0.0007958997025256554,7.262291904217103e-5
9.01,-0.0007978388263250065,7.432791339001736e-5
9.02,-0.0007997141993991611,7.602991747046394e-5
9.03,-0.0008015255928472612,7.77287500107938e-5
9.04,-0.000803272783361956,7.942422957887768e-5
9.05,-0.0008049555532596911,8.111617460324281e-5
9.06,-0.0008065736905104732,8.280440339320668e-5
9.07,-0.000808126988767087,8.448873415908995e-5
9.08,-0.000809615247393776,8.6168985032493e-5
9.09,-0.0008110382714943725,8.784497408663787e-5
9.1,-0.0008123958719398768,8.951651935677085e-5
9.11,-0.0008136878653954823,9.11834388606333e-5
9.12,-0.0008149140743470445,9.284555061898184e-5
9.13,-0.000816074327126987,9.450267267617092e-5
9.14,-0.0008171684579396301,9.615462312078467e-5
9.15,-0.0008181963068859712,9.780122010632445e-5
9.16,-0.0008191577199878758,9.944228187194006e-5
9.17,-0.000820052549211691,0.00010107762676321007
9.18,-0.0008208806524912916,0.0001027070732529668
9.19,-0.0008216418937505249,0.00010433043996215984
9.2,-0.0008223361429250882,0.00010594754568075992
9.21,-0.0008229632759837925,0.00010755820938869978
9.22,-0.0008235231749492585,0.00010916225027684747
9.23,-0.0008240157279179917,0.00011075948776801242
9.24,-0.0008244408290798723,0.00011234974153797873
9.25,-0.0008247983787370408,0.00011393283153656634
9.26,-0.0008250882833221695,0.00011550857800871518
9.27,-0.0008253104554161294,0.00011707680151559013
9.28,-0.0008254648137650552,0.00011863732295570597
9.29,-0.0008255512832967746,0.00012018996358606596
9.3,-0.0008255697951366433,0.00012173454504331748
9.31,-0.0008255202866227382,0.00012327088936491426
9.32,-0.0008254027013204526,0.00012479881901029176
9.33,-0.0008252169890364371,0.00012631815688204438
9.34,-0.0008249631058319423,0.00012782872634710686
9.35,-0.0008246410140355097,0.00012933035125793738
9.36,-0.0008242506822550445,0.0001308228559736972
9.37,-0.0008237920853892405,0.0001323060653814262
9.38,-0.0008232652046383871,0.00013377980491721098
9.39,-0.000822670027514518,0.00013524390058734228
9.4,-0.0008220065478509303,0.00013669817898946104
9.41,-0.0008212747658110616,0.00013814246733368863
9.42,-0.0008204746878967173,0.00013957659346373777
9.43,-0.0008196063269556535,0.0001410003858780048
9.44,-0.0008186697021885116,0.0001424136737506386
9.45,-0.0008176648391551078,0.00014381628695258139
9.46,-0.0008165917697800614,0.0001452080560725839
9.47,-0.0008154505323577832,0.00014658881243818708
9.48,-0.0008142411715567945,0.00014795838813667057
9.49,-0.0008129637384234049,0.00014931661603596525
9.5,-0.0008116182903847216,0.00015066332980552576
9.51,-0.0008102048912510092,0.00015199836393716041
9.52,-0.0008087236112173815,0.00015332155376581924
9.53,-0.0008071745268648454,0.00015463273549033105
9.54,-0.0008055577211606636,0.0001559317461940925
9.55,-0.000803873283458078,0.00015721842386570638
9.56,-0.0008021213094953545,0.00015849260741955933
9.57,-0.0008003019013941603,0.00015975413671634724
9.58,-0.0007984151676572983,0.00016100285258353693
9.59,-0.0007964612231657475,0.00016223859683576477
9.6,-0.0007944401891750566,0.00016346121229517008
9.61,-0.0007923521933110692,0.00016467054281165867
9.62,-0.0007901973695649748,0.00016586643328309693
9.63,-0.0007879758582876947,0.00016704872967543007
9.64,-0.0007856878061836094,0.00016821727904272368
9.65,-0.0007833333663036,0.00016937192954712875
9.66,-0.0007809126980374436,0.00017051253047876136
9.67,-0.0007784259671055235,0.0001716389322754988
9.68,-0.0007758733455498799,0.00017275098654269028
9.69,-0.0007732550117245916,0.00017384854607277434
9.7,-0.0007705711502854915,0.00017493146486480807
9.71,-0.0007678219521792093,0.000175999598143897
9.72,-0.0007650076146315546,0.00017705280238052958
9.73,-0.000762128341135229,0.00017809093530981094
9.74,-0.0007591843414368745,0.0001791138559505933
9.75,-0.0007561758315234561,0.0001801214246245035
9.76,-0.0007531030336079756,0.00018111350297485588
9.77,-0.0007499661761145326,0.00018208995398546113
9.78,-0.0007467654936627078,0.0001830506419993198
9.79,-0.0007435012270512927,0.00018399543273719816
9.8,-0.000740173623241363,0.0001849241933160876
9.81,-0.0007367829353386809,0.000185836792267543
9.82,-0.0007333294225754357,0.00018673309955589528
9.83,-0.0007298133502913493,0.00018761298659634334
9.84,-0.0007262349899140972,0.00018847632627290925
9.85,-0.0007225946189390913,0.0001893229929562721
9.86,-0.000718892520908603,0.0001901528625214599
9.87,-0.0007151289853902352,0.00019096581236540934
9.88,-0.0007113043079547457,0.00019176172142438912
9.89,-0.0007074187901532153,0.0001925404701912776
9.9,-0.0007034727394935749,0.00019330194073270067
9.91,-0.0006994664694164855,0.00019404601670602393
9.92,-0.0006954002992705714,0.00019477258337619136
9.93,-0.0006912745542870134,0.00019548152763242374
9.94,-0.0006870895655535058,0.00019617273800475281
9.95,-0.0006828456699875708,0.00019684610468040725
9.96,-0.0006785432103092403,0.0001975015195200393
9.97,-0.0006741825350131032,0.00019813887607379133
9.98,-0.0006697639983397243,0.00019875806959719733
9.99,-0.0006652879602464294,0.00019935899706692505
10.0,-0.0006607547863774698,0.0001999415571963476
10.01,-0.0006561648480335658,0.00020050565045094578
10.02,-0.0006515185221408183,0.00020105117906353955
10.03,-0.0006468161912190155,0.00020157804704934535
10.04,-0.0006420582433493106,0.00020208616022086116
10.05,-0.0006372450721413072,0.00020257542620256765
10.06,-0.0006323770766995134,0.00020304575444544918
10.07,-0.0006274546615891995,0.00020349705624133978
10.08,-0.0006224782368016551,0.0002039292447370781
10.09,-0.000617448217718842,0.0002043422349484715
10.1,-0.0006123650250774476,0.00020473594377408218
10.11,-0.0006072290849323482,0.0002051102900088161
10.12,-0.0006020408286194904,0.0002054651943573162
10.13,-0.0005968006927181573,0.00020580057944716588
10.14,-0.000591509119012691,0.0002061163698418924
10.15,-0.0005861665544536008,0.00020641249205377067
10.16,-0.0005807734511181144,0.00020668887455642767
10.17,-0.0005753302661701473,0.0002069454477972447
10.18,-0.0005698374618197087,0.00020718214420954915
10.19,-0.0005642955052817454,0.00020739889822460442
10.2,-0.0005587048687344108,0.0002075956462833904
10.21,-0.0005530660292767909,0.00020777232684816892
10.22,-0.0005473794688860745,0.00020792888041384496
10.23,-0.0005416456743741689,0.00020806524951910217
10.24,-0.0005358651373437731,0.00020818137875733113
10.25,-0.0005300383541439142,0.0002082772147873373
10.26,-0.0005241658258249438,0.00020835270634382455
10.27,-0.0005182480580930048,0.00020840780424766507
10.28,-0.0005122855612639696,0.0002084424614159379
10.29,-0.0005062788502168541,0.00020845663287175008
10.3,-0.0005002284443467135,0.00020845027575382266
10.31,-0.0004941348675170356,0.00020842334932585677
10.32,-0.0004879986480115996,0.00020837581498566618
10.33,-0.00048182031848585807,0.0002083076362740749
10.34,-0.00047560041591780536,0.0002082187788835905
10.35,-0.000469339481558352,0.0002081092106668306
10.36,-0.00046303806088121124,0.00020797890164472795
10.37,-0.00045669670353230477,0.00020782782401448544
10.38,-0.00045031596327867944,0.00020765595215729613
10.39,-0.00044389639795696517,0.00020746326264583004
10.4,-0.0004374385694213411,0.00020724973425146348
10.41,-0.00043094304349106024,0.00020701534795128352
10.42,-0.00042441038989750156,0.00020676008693483163
10.43,-0.00041784118223077486,0.00020648393661061552
10.44,-0.00041123599788587444,0.00020618688461236214
10.45,-0.0004045954180083896,0.00020586892080502942
10.46,-0.0003979200274397837,0.00020553003729056586
10.47,-0.00039121041466223864,0.00020517022841342117
10.48,-0.00038446717174306697,0.00020478949076580224
10.49,-0.0003776908942787154,0.0002043878231926772
10.5,-0.00037088218133834755,0.0002039652267965291
10.51,-0.0003640416354070165,0.00020352170494184423
10.52,-0.00035716986232844076,0.00020305726325935806
10.53,-0.0003502674712473761,0.00020257190965003406
10.54,-0.00034333507455160296,0.00020206565428878257
10.55,-0.00033637328781352193,0.00020153850962793297
10.56,-0.00032938272973138,0.00020099049040043086
10.57,-0.00032236402207011256,0.00020042161362277897
10.58,-0.00031531778960182665,0.0001998318985977289
10.59,-0.00030824466004592037,0.0001992213669166861
10.6,-0.0003011452640088512,0.00019859004246187192
10.61,-0.00029402023492354864,0.0001979379514082133
10.62,-0.00028687020898849675,0.00019726512222496703
10.63,-0.0002796958251064669,0.00019657158567707965
10.64,-0.0002724977248229393,0.00019585737482627445
10.65,-0.00026527655226418143,0.00019512252503189385
10.66,-0.00025803295407502563,0.00019436707395143805
10.67,-0.0002507675793563338,0.00019359106154086887
10.68,-0.0002434810796021541,0.0001927945300546292
10.69,-0.00023617410863658496,0.00019197752404538805
10.7,-0.00022884732255035084,0.0001911400903635326
10.71,-0.00022150137963708962,0.00019028227815637608
10.72,-0.00021413694032937152,0.00018940413886710136
10.73,-0.00020675466713443737,0.00018850572623342978
10.74,-0.00019935522456968394,0.00018758709628602423
10.75,-0.00019193927909788813,0.00018664830734661556
10.76,-0.00018450749906218347,0.0001856894200258585
10.77,-0.00017706055462079188,0.00018471049722091848
10.78,-0.00016959911768152591,0.00018371160411278272
10.79,-0.00016212386183605336,0.00018269280816329917
10.8,-0.00015463546229394892,0.00018165417911194729
10.81,-0.0001471345958165294,0.00018059578897232617
10.82,-0.00013962194065047346,0.0001795177120283827
10.83,-0.00013209817646125295,0.00017842002483036025
10.84,-0.00012456398426636362,0.0001773028061904689
10.85,-0.00011702004636837046,0.00017616613717830006
10.86,-0.00010946704628777609,0.00017501010111594506
10.87,-0.0001019056686957148,0.00017383478357286514
10.88,-9.433659934648265e-5,0.00017264027236046974
10.89,-8.67605250099154e-5,0.00017142665752643304
10.9,-7.917813340360325e-5,0.00017019403134873958
10.91,-7.159011312497507e-5,0.00016894248832944738
10.92,-6.399715358324366e-5,0.00016767212518819445
10.93,-5.6399944931217894e-5,0.00016638304085541964
10.94,-4.8799177997000824e-5,0.00016507533646532285
10.95,-4.1195544215568e-5,0.0001637491153485535
10.96,-3.3589735560241486e-5,0.00016240448302462244
10.97,-2.5982444474070687e-5,0.00016104154719405152
10.98,-1.8374363801108336e-5,0.00015966041773024785
10.99,-1.07661867176155e-5,0.0001582612066711209
11.0,-3.1586066631826866e-6,0.00015684402821041323
11.01,4.447682728216565e-6,0.00015540899868878504
11.02,1.2051987697233627e-5,0.00015395623658460793
11.03,1.9653614428208016e-5,0.00015248586250452082
11.04,2.7251869118277767e-5,0.00015099799917369345
11.05,3.484605804652865e-5,0.00014949277142584414
11.06,4.243548764317205e-5,0.00014797030619298035
11.07,5.0019464558757636e-5,0.00014643073249489064
11.08,5.759729573339158e-5,0.000144874181428356
11.09,6.516828846597028e-5,0.00014330078615611778
11.1,7.273175048341531e-5,0.00014171068189557383
11.11,8.028699000990108e-5,0.00014010400590721718
11.12,8.783331583607286e-5,0.00013848089748281635
11.13,9.53700373882425e-5,0.00013684149793334385
11.14,0.00010289646479754996,0.0001351859505766379
11.15,0.00011041190896910471,0.00013351440072481222
11.16,0.00011791568165106799,0.0001318269956714198
11.17,0.0001254070955036925,0.0001301238846783478
11.18,0.0001328854641683026,0.0001284052189624744
11.19,0.00014035010233620843,0.00012667115168206637
11.2,0.00014780032581754716,0.00012492183792293235
11.21,0.00015523545161004462,0.00012315743468431777
11.22,0.00016265479796768222,0.00012137810086457353
11.23,0.0001700576844692806,0.00011958399724654744
11.24,0.00017744343208697026,0.000117775286482763
11.25,0.0001848113632545519,0.00011595213308033502
11.26,0.00019216080193574345,0.00011411470338564882
11.27,0.00019949107369229813,0.00011226316556880378
11.28,0.00020680150575198974,0.00011039768960780968
11.29,0.0002140914270764581,0.00010851844727255551
11.3,0.0002213601684289089,0.00010662561210853342
11.31,0.00022860706244164815,0.00010471935942033697
11.32,0.0002358314436834716,0.00010279986625492096
11.33,0.00024303264872686502,0.00010086731138463407
11.34,0.000250210016215041,9.892187529001947e-5
11.35,0.00025736288692878196,9.696374014239129e-5
11.36,0.00026449060385309696,9.499308978618427e-5
11.37,0.0002715925122436741,9.301010972107838e-5
11.38,0.0002786679596931314,9.101498708390365e-5
11.39,0.00028571629619704463,8.900791063032318e-5
11.4,0.00029273687421976704,8.69890707163013e-5
11.41,0.0002997290487600085,8.495865927934437e-5
11.42,0.00030669217741618267,8.291686981954494e-5
11.43,0.00031362562045151514,8.086389738040073e-5
11.44,0.00032052874085889316,7.879993852942131e-5
11.45,0.000327400904425468,7.672519133854e-5
11.46,0.0003342414797969839,7.463985536430166e-5
11.47,0.00034104983854183683,7.254413162786288e-5
11.48,0.00034782535521486437,7.043822259477481e-5
11.49,0.00035456740742083516,6.832233215458352e-5
11.5,0.0003612753758776568,6.619666560020477e-5
11.51,0.00036794864447927804,6.406142960714033e-5
11.52,0.0003745866003582889,6.191683221246723e-5
11.53,0.0003811886339482017,5.97630827936533e-5
11.54,0.00038775413904541703,5.7600392047179244e-5
11.55,0.00039428251287086197,5.5428971966972767e-5
11.56,0.00040077315613128476,5.3249035822664006e-5
11.57,0.0004072254730802282,5.10607981376486e-5
11.58,0.0004136388715786343,4.88644746669813e-5
11.59,0.0004200127631551097,4.6660282375086994e-5
11.6,0.00042634656306582083,4.4448439413295076e-5
11.61,0.00043263969035402754,4.2229165097207435e-5
11.62,0.0004388915679092394,4.000267988389262e-5
11.63,0.0004451016225259938,3.776920534890727e-5
11.64,0.0004512692849622396,3.5528964163168524e-5
11.65,0.0004573939899973427,3.3282180069643784e-5
11.66,0.00046347517648967187,3.1029077859897624e-5
11.67,0.00046951228743379427,2.876988335046989e-5
11.68,0.0004755047700172471,2.650482335910433e-5
11.69,0.0004814520756768989,2.423412568082825e-5
11.7,0.00048735366015487716,2.195801906386997e-5
11.71,0.0004932089835540741,1.967673318545077e-5
11.72,0.0004990175103931999,1.7390498627412842e-5
11.73,0.0005047787096614118,1.5099546851712251e-5
11.74,0.000510492054872476,1.2804110175782919e-5
11.75,0.0005161570241184836,1.050442174774879e-5
11.76,0.0005217731001231007,8.200715521516675e-6
11.77,0.0005273397702943506,5.893226231732083e-6
11.78,0.0005328565267769248,3.5821893686064203e-6
11.79,0.0005383228665040134,1.2678411526268357e-6
11.8,0.0005437382912486489,-1.04958149086252e-6
11.81,0.0005491023076745589,-3.369840957195933e-6
11.82,0.0005544144273865275,-5.692698988035039e-6
11.83,0.0005596741669802479,-8.017916697134669e-6
11.84,0.0005648810480916719,-1.0345254596211828e-5
11.85,0.0005700345974458421,-1.267447262093396e-5
11.86,0.0005751343469052063,-1.5005330156994921e-5
11.87,0.0005801798335174173,-1.733758606631064e-5
11.88,0.0005851705995625861,-1.9670998713291015e-5
11.89,0.0005901061926000153,-2.200532599122932e-5
11.9,0.0005949861655143857,-2.4340325348768198e-5
11.91,0.0005998100765613997,-2.6675753816457654e-5
11.92,0.0006045774894128771,-2.901136803340506e-5
11.93,0.0006092879732012911,-3.134692427400326e-5
11.94,0.0006139411025637433,-3.36821784747321e-5
11.95,0.0006185364576853887,-3.601688626105337e-5
11.96,0.0006230736243422683,-3.8350802974361065e-5
11.97,0.0006275521939435811,-4.0683683699012535e-5
11.98,0.0006319717635733823,-4.301528328942603e-5
11.99,0.0006363319360316762,-4.534535639723631e-5
12.0,0.000640632319874951,-4.7673657498523524e-5
12.01,0.0006448725294560899,-4.9999940921080986e-5
12.02,0.0006490521849637074,-5.232396087175491e-5
12.03,0.0006531709124608735,-5.464547146382882e-5
12.04,0.0006572283439232325,-5.696422674445202e-5
12.05,0.0006612241172765153,-5.9279980722121114e-5
12.06,0.0006651578764334355,-6.159248739419348e-5
12.07,0.0006690292713299649,-6.390150077445013e-5
12.08,0.0006728379579609896,-6.620677492068653e-5
12.09,0.0006765835984153359,-6.850806396233475e-5
12.1,0.0006802658609101688,-7.080512212811669e-5
12.11,0.000683884419824759,-7.309770377372583e-5
12.12,0.0006874389557336028,-7.538556340952213e-5
12.13,0.0006909291554389052,-7.766845572825863e-5
12.14,0.0006943547120024228,-7.994613563280754e-5
12.15,0.0006977153247766525,-8.221835826391222e-5
12.16,0.0007010106994353619,-8.448487902794466e-5
12.17,0.0007042405480034751,-8.674545362466065e-5
12.18,0.0007074045888862991,-8.89998380749703e-5
12.19,0.0007105025468980723,-9.124778874869456e-5
12.2,0.0007135341532898677,-9.348906239232759e-5
12.21,0.0007164991457768136,-9.572341615678745e-5
12.22,0.000719397268564644,-9.795060762515201e-5
12.23,0.0007222282723755909,-0.00010017039484039023
12.24,0.0007249919144735672,-0.00010238253633306228
12.25,0.0007276879586886998,-0.00010458679114901421
12.26,0.0007303161754411647,-0.00010678291887703416
12.27,0.0007328763417643375,-0.00010897067967649148
12.28,0.0007353682413272569,-0.00011114983430493575
12.29,0.0007377916644563993,-0.0001133201441456715
12.3,0.0007401464081567605,-0.00011548137123528786
12.31,0.0007424322761322304,-0.00011763327829114736
12.32,0.0007446490788052877,-0.00011977562873883623
12.33,0.0007467966333359887,-0.00012190818673956122
12.34,0.0007488747636402387,-0.00012403071721749846
12.35,0.0007508833004073822,-0.00012614298588708544
12.36,0.0007528220811170703,-0.00012824475928026034
12.37,0.0007546909500554327,-0.00013033580477363503
12.38,0.0007564897583305259,-0.00013241589061560748
12.39,0.0007582183638870777,-0.00013448478595340344
12.4,0.0007598766315205247,-0.00013654226086005146
12.41,0.0007614644328903183,-0.0001385880863612806
12.42,0.0007629816465325336,-0.00014062203446234145
12.43,0.0007644281578717458,-0.00014264387817474657
12.44,0.0007658038592321918,-0.00014465339154292806
12.45,0.0007671086498482196,-0.00014665034967080594
12.46,0.0007683424358739991,-0.00014863452874826753
12.47,0.0007695051303925308,-0.00015060570607755208
12.48,0.0007705966534239175,-0.0001525636600995394
12.49,0.0007716169319329117,-0.00015450817041993728
12.5,0.0007725658998357468,-0.00015643901783536567
12.51,0.0007734434980062295,-0.00015835598435933663
12.52,0.0007742496742811268,-0.00016025885324811792
12.53,0.0007749843834647897,-0.00016214740902649084
12.54,0.0007756475873330938,-0.00016402143751338775
12.55,0.0007762392546366142,-0.00016588072584741083
12.56,0.0007767593611030922,-0.00016772506251222798
12.57,0.0007772078894391673,-0.00016955423736184517
12.58,0.0007775848293313782,-0.0001713680416457438
12.59,0.0007778901774464405,-0.0001731662680338944
12.6,0.0007781239374307919,-0.00017494871064162963
12.61,0.0007782861199094004,-0.00017671516505437873
12.62,0.0007783767424838639,-0.0001784654283522634
12.63,0.0007783958297297593,-0.00018019929913454762
12.64,0.000778343413193274,-0.0001819165775439402
12.65,0.0007782195313871115,-0.0001836170652907466
12.66,0.0007780242297856612,-0.00018530056567686747
12.67,0.0007777575608194471,-0.00018696688361964056
12.68,0.0007774195838688519,-0.0001886158256755228
12.69,0.0007770103652571046,-0.0001902472000636098
12.7,0.0007765299782425616,-0.00019186081668898984
12.71,0.0007759785030102435,-0.0001934564871659294
12.72,0.0007753560266626595,-0.00019503402484088674
12.73,0.0007746626432099143,-0.0001965932448153539
12.74,0.0007738984535590821,-0.0001981339639685156
12.75,0.0007730635655028723,-0.0001996560009797347
12.76,0.000772158093707562,-0.0002011591763508502
12.77,0.0007711821597002332,-0.00020264331242829124
12.78,0.0007701358918552741,-0.00020410823342500162
12.79,0.0007690194253801754,-0.00020555376544217473
12.8,0.0007678329023006089,-0.00020697973649079157
12.81,0.0007665764714448067,-0.00020838597651296349
12.82,0.00076525028842722,-0.0002097723174030759
12.83,0.0007638545156314688,-0.00021113859302872894
12.84,0.0007623893221925965,-0.00021248463925147113
12.85,0.0007608548839786159,-0.00021381029394732865
12.86,0.0007592513835713507,-0.00021511539702712235
12.87,0.0007575790102465832,-0.0002163997904565723
12.88,0.0007558379599535001,-0.0002176633182761863
12.89,0.000754028435293447,-0.00021890582662093067
12.9,0.0007521506454979905,-0.0002201271637396805
12.91,0.0007502048064062888,-0.00022132718001444617
12.92,0.0007481911404417699,-0.00022250572797937474
12.93,0.0007461098765881406,-0.00022366266233952257
12.94,0.0007439612503646972,-0.00022479783998939932
12.95,0.0007417455038009586,-0.00022591112003127363
12.96,0.0007394628854106357,-0.0002270023637932518
12.97,0.000737113650164918,-0.00022807143484710886
12.98,0.0007346980594650805,-0.0002291181990258887
12.99,0.0007322163811144426,-0.00023014252444125685
13.0,0.0007296688892896476,-0.00023114428150060722
13.01,0.0007270558645112894,-0.00023212334292392543
13.02,0.0007243775936138727,-0.00023307958376040302
13.03,0.0007216343697151311,-0.00023401288140479574
13.04,0.0007188264921846769,-0.00023492311561353356
13.05,0.0007159542666120184,-0.00023581016852057193
13.06,0.0007130180047739289,-0.00023667392465298478
13.07,0.0007100180246011698,-0.00023751427094630177
13.08,0.0007069546501445815,-0.00023833109675957785
13.09,0.0007038282115405402,-0.0002391242938902031
13.1,0.0007006390449757875,-0.00023989375658844522
13.11,0.0006973874926516296,-0.00024063938157172223
13.12,0.000694073902747521,-0.0002413610680386096
13.13,0.0006906986293840261,-0.00024205871768257157
13.14,0.0006872620325851741,-0.00024273223470542004
13.15,0.0006837644782401931,-0.00024338152583050095
13.16,0.0006802063380646562,-0.00024400650031559641
13.17,0.0006765879895610079,-0.00024460706996555677
13.18,0.0006729098159785144,-0.00024518314914464455
13.19,0.0006691722062726016,-0.0002457346547885994
13.2,0.0006653755550636335,-0.0002462615064164182
13.21,0.0006615202625950686,-0.0002467636261418501
13.22,0.0006576067346910831,-0.00024724093868460094
13.23,0.0006536353827135868,-0.0002476933713812543
13.24,0.0006496066235186848,-0.00024812085419589756
13.25,0.0006455208794125788,-0.0002485233197304579
13.26,0.0006413785781068984,-0.0002489007032347419
13.27,0.0006371801526734892,-0.0002492529426161856
13.28,0.0006329260414986467,-0.0002495799784493042
13.29,0.0006286166882368084,-0.00024988175398484366
13.3,0.0006242525417637073,-0.0002501582151586368
13.31,0.0006198340561289929,-0.00025040931060015654
13.32,0.0006153616905083218,-0.000250634991640766
13.33,0.0006108359091549247,-0.00025083521232166956
13.34,0.0006062571813506625,-0.0002510099294015582
13.35,0.0006016259813565642,-0.0002511591023639511
13.36,0.0005969427883628578,-0.00025128269342422545
13.37,0.0005922080864385097,-0.00025138066753634575
13.38,0.000587422364480253,-0.000251452992399282
13.39,0.0005825861161611412,-0.00025149963846311915
13.4,0.0005776998398786088,-0.0002515205789348537
13.41,0.000572764038702055,-0.0002515157897838814
13.42,0.0005677792203199598,-0.00025148524974717283
13.43,0.0005627458969865247,-0.00025142894033413466
13.44,0.0005576645854678637,-0.0002513468458311586
13.45,0.0005525358069877271,-0.0002512389533058529
13.46,0.0005473600871727857,-0.00025110525261096324
13.47,0.0005421379559974706,-0.0002509457363879711
13.48,0.0005368699477283715,-0.00025076040007038046
13.49,0.0005315566008682103,-0.000250549241886685
13.5,0.0005261984580993859,-0.00025031226286302105
13.51,0.0005207960662271023,-0.00025004946682549234
13.52,0.0005153499761220879,-0.00024976086040218523
13.53,0.0005098607426629038,-0.0002494464530248619
13.54,0.0005043289246778541,-0.0002491062569303305
13.55,0.000498755084886506,-0.0002487402871615002
13.56,0.0004931397898408262,-0.0002483485615681057
13.57,0.0004874836098659231,-0.0002479311008071245
13.58,0.0004817871190004354,-0.0002474879283428608
13.59,0.00047605089493653666,-0.00024701907044671597
13.6,0.00047027551895959446,-0.00024652455619662736
13.61,0.0004644615758874587,-0.0002460044174761958
13.62,0.00045860965400942063,-0.0002454586889734866
13.63,0.000452720345024818,-0.0002448874081795054
13.64,0.0004467942439813184,-0.0002442906153863536
13.65,0.0004408319492128605,-0.00024366835368506745
13.66,0.00043483406227729063,-0.00024302066896312043
13.67,0.0004288011878936809,-0.00024234760990161913
13.68,0.0004227339338793337,-0.00024164922797216838
13.69,0.0004166329110865016,-0.00024092557743341376
13.7,0.00041049873333879667,-0.00024017671532726662
13.71,0.0004043320173673306,-0.0002394027014748046
13.72,0.0003981333827465741,-0.00023860359847185025
13.73,0.00039190345182992854,-0.00023777947168423095
13.74,0.00038564284968505377,-0.000236930389242716
13.75,0.0003793522040289302,-0.00023605642203763198
13.76,0.0003730321451626653,-0.00023515764371316694
13.77,0.00036668330590606895,-0.00023423413066133607
13.78,0.0003603063215319828,-0.00023328596201565354
13.79,0.0003539018297003817,-0.0002323132196444634
13.8,0.0003474704703922618,-0.00023131598814396428
13.81,0.00034101288584330764,-0.00023029435483091555
13.82,0.00033452972047734767,-0.00022924840973502283
13.83,0.00032802162083962164,-0.00022817824559101288
13.84,0.0003214892355298471,-0.00022708395783038529
13.85,0.0003149332151351025,-0.0002259656445728589
13.86,0.0003083542121625335,-0.00022482340661749654
13.87,0.00030175288097188634,-0.00022365734743352427
13.88,0.00029512987770787826,-0.00022246757315082743
13.89,0.0002884858602324201,-0.00022125419255015097
13.9,0.00028182148805667415,-0.00022001731705297188
13.91,0.0002751374222729844,-0.00021875706071107804
13.92,0.00026843432548667023,-0.00021747354019583173
13.93,0.00026171286174768714,-0.00021616687478712076
13.94,0.00025497369648217844,-0.0002148371863620173
13.95,0.0002482174964239092,-0.00021348459938311476
13.96,0.00024144492954559395,-0.00021210924088657695
13.97,0.00023465666499013942,-0.00021071124046987446
13.98,0.0002278533730017803,-0.000209290730279222
13.99,0.00022103572485714898,-0.00020784784499671582
14.0,0.00021420439279626346,-0.00020638272182717807
14.01,0.0002073600499534497,-0.00020489550048469023
14.02,0.00020050337028820685,-0.00020338632317884472
14.03,0.00019363502851601632,-0.00020185533460069716
14.04,0.00018675570003911054,-0.00020030268190841856
14.05,0.0001798660608772026,-0.00019872851471266882
14.06,0.00017296678759819064,-0.00019713298506166587
14.07,0.0001660585572488312,-0.00019551624742598307
14.08,0.00015914204728540883,-0.0001938784586830394
14.09,0.0001522179355043917,-0.00019221977810132432
14.1,0.00014528689997309123,-0.00019054036732432442
14.11,0.00013834961896032693,-0.00018884039035418042
14.12,0.00013140677086711022,-0.00018712001353504923
14.13,0.00012445903415734643,-0.0001853794055362001
14.14,0.00011750708728857654,-0.0001836187373348338
14.15,0.00011055160864274129,-0.00018183818219861546
14.16,0.00010359327645700546,-0.00018003791566795175
14.17,9.663276875462794e-5,-0.00017821811553797787
14.18,8.967076327589178e-5,-0.0001763789618402965
14.19,8.270793740910477e-5,-0.00017452063682443263
14.2,7.574496812167123e-5,-0.00017264332493903184
14.21,6.878253189124873e-5,-0.00017074721281279222
14.22,6.182130463699685e-5,-0.00016883248923514117
14.23,5.4861961650914426e-5,-0.00016689934513664876
14.24,4.7905177529290215e-5,-0.00016494797356917916
14.25,4.0951626104262065e-5,-0.00016297856968580418
14.26,3.400198037549278e-5,-0.00016099133072044466
14.27,2.705691244197772e-5,-0.00015898645596727984
14.28,2.0117093433979548e-5,-0.00015696414675989603
14.29,1.318319344510851e-5,-0.00015492460645019824
14.3,6.255881464548416e-6,-0.00015286804038707095
14.31,-6.641746905566425e-7,-0.0001507946558948102
14.32,-7.576308442564061e-6,-0.00014870466225130175
14.33,-1.4479854520615129e-5,-0.00014659827066597938
14.34,-2.137414902774298e-5,-0.00014447569425753452
14.35,-2.8258529507797712e-5,-0.00014233714803141365
14.36,-3.5132335012180135e-5,-0.0001401828488570613
14.37,-4.19949061663774e-5,-0.0001380130154449669
14.38,-4.88455852362938e-5,-0.00013582786832346794
14.39,-5.568371619436425e-5,-0.00013362762981533556
14.4,-6.250864478545987e-5,-0.00013141252401414544
14.41,-6.931971859255596e-5,-0.00012918277676043894
14.42,-7.611628710217222e-5,-0.00012693861561765735
14.43,-8.289770176957198e-5,-0.00012468026984787948
14.44,-8.966331608371462e-5,-0.00012240797038734103
14.45,-9.641248563195458e-5,-0.00012012194982176206
14.46,-0.0001031445681644782,-0.0001178224423614553
14.47,-0.00010985892365847287,-0.00011550968381625745
14.48,-0.00011655491438202772,-0.00011318391157024212
14.49,-0.00012323190495774512,-0.00011084536455625605
14.5,-0.0001298892624260711,-0.00010849428323025378
14.51,-0.000136526356308328,-0.0001061309095454559
14.52,-0.00014314255866944517,-0.00010375548692630804
14.53,-0.0001497372441803898,-0.00010136826024227605
14.54,-0.00015630979018027422,-9.896947578144418e-5
14.55,-0.00016285957673815044,-9.655938122395177e-5
14.56,-0.00016938598671446781,-9.413822561525277e-5
14.57,-0.0001758884058222149,-9.170625933919692e-5
14.58,-0.00018236622268770323,-8.926373409096316e-5
14.59,-0.00018881882891101556,-8.681090284980947e-5
14.6,-0.0001952456191260981,-8.434801985167663e-5
14.61,-0.0002016459910604975,-8.18753405616244e-5
14.62,-0.0002080193455947286,-7.939312164612636e-5
14.63,-0.0002143650868212763,-7.690162094519724e-5
14.64,-0.00022068262210321292,-7.44010974443869e-5
14.65,-0.0002269713621324451,-7.18918112466212e-5
14.66,-0.00023323072098755898,-6.937402354390609e-5
14.67,-0.00023946011619127496,-6.684799658888977e-5
14.68,-0.000245658968767506,-6.431399366629214e-5
14.69,-0.0002518267032979998,-6.177227906420331e-5
14.7,-0.0002579627479785791,-5.922311804525135e-5
14.71,-0.0002640665346749535,-5.666677681764901e-5
14.72,-0.0002701374989781126,-5.410352250610949e-5
14.73,-0.00027617508025929046,-5.1533623122660346e-5
14.74,-0.00028217872172449024,-4.895734753732037e-5
14.75,-0.0002881478704685716,-4.6374965448687636e-5
14.76,-0.00029408197752888636,-4.378674735439975e-5
14.77,-0.00029998049793847017,-4.1192964521501975e-5
14.78,-0.00030584289077876874,-3.85938889567099e-5
14.79,-0.0003116686192319062,-3.598979337657182e-5
14.8,-0.00031745715063248396,-3.3380951177534674e-5
14.81,-0.00032320795651890114,-3.076763640593235e-5
14.82,-0.0003289205126842106,-2.8150123727863434e-5
14.83,-0.00033459429922647223,-2.5528688399006517e-5
14.84,-0.00034022880059863305,-2.2903606234342112e-5
14.85,-0.00034582350565790393,-2.0275153577798968e-5
14.86,-0.0003513779077146438,-1.764360727183063e-5
14.87,-0.00035689150458073475,-1.5009244626918738e-5
14.88,-0.0003623637986174531,-1.2372343391004431e-5
14.89,-0.00036779429678282006,-9.733181718873349e-6
14.9,-0.0003731825106784485,-7.092038141454668e-6
14.91,-0.0003785279565958488,-4.4491915350920835e-6
14.92,-0.0003838301555622211,-1.8049210907379977e-6
14.93,-0.0003890886333857095,8.404937168871592e-7
14.94,-0.000394302920700122,3.486773160178328e-6
14.95,-0.0003994725530091035,6.1336372895923675e-6
14.96,-0.00040459707072977916,8.780805964604006e-6
14.97,-0.0004096760192358262,1.1427998884719817e-5
14.98,-0.0004147089489000101,1.4074935620509837e-5
14.99,-0.0004196954151361593,1.6721335644677723e-5
15.0,-0.00042463497844056757,1.9366918363141885e-5
15.01,-0.00042952720443284063,2.2011403146148263e-5
15.02,-0.000434371663896172,2.4654509359397815e-5
15.03,-0.0004391679328170428,2.7295956395178973e-5
15.04,-0.0004439155924243409,2.9935463703522354e-5
15.05,-0.00044861422922790186,3.257275082334998e-5
15.06,-0.0004532634350564656,3.520753741363975e-5
15.07,-0.0004578628070950424,3.7839543284568085e-5
15.08,-0.0004624119479216875,4.046848842867797e-5
15.09,-0.0004669104655436762,4.3094093052007144e-5
15.1,-0.00047135797343308505,4.5716077605223904e-5
15.11,-0.0004757540905617644,4.833416281474264e-5
15.12,-0.00048009844143571246,5.0948069713818384e-5
15.13,-0.000484390656128833,5.355751967361905e-5
15.14,-0.000488630370316079,5.6162234434272405e-5
15.15,-0.0004928172253059928,5.87619361358789e-5
15.16,-0.0004969508680726139,6.135634734949872e-5
15.17,-0.0005010309512867717,6.394519110809644e-5
15.18,-0.000505057133346755,6.652819093743792e-5
15.19,-0.0005090290784083502,6.910507088696032e-5
15.2,-0.0005129464564142527,7.167555556057627e-5
15.21,-0.0005168089431228466,7.423937014743373e-5
15.22,-0.0005206162201363398,7.679624045262662e-5
15.23,-0.0005243679749282791,7.93458929278335e-5
15.24,-0.0005280639008704042,8.188805470190476e-5
15.25,-0.0005317036972588807,8.44224536113798e-5
15.26,-0.0005352870693398656,8.69488182309343e-5
15.27,-0.0005388137283344448,8.946687790375233e-5
15.28,-0.000542283391462911,9.19763627718303e-5
15.29,-0.0005456957819683933,9.447700380619028e-5
15.3,-0.0005490506291398348,9.696853283701901e-5
15.31,-0.0005523476683343066,9.945068258370527e-5
15.32,-0.0005555866409986804,0.00010192318668480896
15.33,-0.0005587672946906248,0.00010438577972791637
15.34,-0.0005618893830989552,0.00010683819727940755
15.35,-0.000564952666063309,0.00010928017591411692
15.36,-0.000567956909593168,0.00011171145324489562
15.37,-0.0005709018858862088,0.00011413176795206053
15.38,-0.0005737873733459866,0.00011654085981273698
15.39,-0.0005766131565989495,0.00011893846973007837
15.4,-0.0005793790265107969,0.00012132433976237621
15.41,-0.0005820847802021416,0.00012369821315204725
15.42,-0.000584730221063528,0.00012605983435448576
15.43,-0.0005873151587697544,0.00012840894906680311
15.44,-0.00058983940929354,0.00013074530425642047
15.45,-0.0005923027949184995,0.00013306864818953893
15.46,-0.0005947051442514601,0.0001353787304594604
15.47,-0.0005970462922340894,0.0001376753020147743
15.48,-0.0005993260801538513,0.0001399581151873969
15.49,-0.0006015443556542813,0.0001422269237204619
15.5,-0.0006037009727445891,0.000144481482796058
15.51,-0.0006057957918085816,0.00014672154906281571
15.52,-0.0006078286796128996,0.00014894688066333087
15.53,-0.0006097995093145862,0.00015115723726143155
15.54,-0.0006117081604679659,0.00015335238006927978
15.55,-0.0006135545190308524,0.00015553207187430078
15.56,-0.000615338477370071,0.0001576960770659473
15.57,-0.0006170599342663069,0.00015984416166228932
15.58,-0.0006187187949182677,0.00016197609333642272
15.59,-0.0006203149709461678,0.00016409164144270353
15.6,-0.0006218483803945412,0.00016619057704279065
15.61,-0.0006233189477343669,0.0001682726729315141
15.62,-0.0006247266038645149,0.00017033770366254396
15.63,-0.0006260712861125244,0.00017238544557387199
15.64,-0.0006273529382346928,0.0001744156768130939
15.65,-0.0006285715104154979,0.00017642817736250135
15.66,-0.0006297269592663344,0.00017842272906396414
15.67,-0.0006308192478235817,0.00018039911564361372
15.68,-0.000631848345545997,0.0001823571227363181
15.69,-0.0006328142283114246,0.00018429653790994502
15.7,-0.0006337168784128534,0.00018621715068941754
15.71,-0.0006345562845537785,0.00018811875258055067
15.72,-0.0006353324418429067,0.00019000113709366712
15.73,-0.0006360453517881894,0.00019186409976699952
15.74,-0.0006366950222901886,0.00019370743818986275
15.75,-0.000637281467634771,0.00019553095202560195
15.76,-0.0006378047084851443,0.00019733444303431168
15.77,-0.0006382647718732222,0.0001991177150953218
15.78,-0.0006386616911903248,0.00020088057422945147
15.79,-0.0006389955061772365,0.00020262282862102486
15.8,-0.0006392662629135816,0.0002043442886396442
15.81,-0.0006394740138065519,0.00020604476686172788
15.82,-0.0006396188175789862,0.0002077240780917965
15.83,-0.0006397007392567825,0.0002093820393835156
15.84,-0.0006397198501556698,0.00021101847006049022
15.85,-0.0006396762278673211,0.00021263319173680294
15.86,-0.0006395699562448269,0.0002142260283372994
15.87,-0.0006394011253875212,0.0002157968061176184
15.88,-0.0006391698316251551,0.00021734535368396357
15.89,-0.0006388761775014482,0.0002188715020126083
15.9,-0.0006385202717569817,0.00022037508446914278
15.91,-0.0006381022293114688,0.00022185593682745236
15.92,-0.000637622171245385,0.00022331389728842755
15.93,-0.0006370802247809755,0.00022474880649840312
15.94,-0.0006364765232626184,0.00022616050756732721
15.95,-0.0006358112061365841,0.00022754884608665294
15.96,-0.0006350844189301535,0.00022891367014695341
15.97,-0.000634296313230122,0.00023025483035526048
15.98,-0.0006334470466606949,0.0002315721798521187
15.99,-0.0006325367828607559,0.00023286557432836
16.0,-0.0006315656914605311,0.00023413487204159038
16.01,-0.0006305339480576467,0.0002353799338323939
16.02,-0.0006294417341925783,0.00023660062314023996
16.03,-0.0006282892373235013,0.00023779680601911218
16.04,-0.0006270766508005405,0.0002389683511528326
16.05,-0.0006258041738394262,0.00024011512987010032
16.06,-0.0006244720114945636,0.00024123701615922733
16.07,-0.0006230803746315053,0.00024233388668258652
16.08,-0.0006216294798988458,0.00024340562079074688
16.09,-0.0006201195496995317,0.0002444521005363205
16.1,-0.0006185508121616021,0.00024547321068749703
16.11,-0.000616923501108343,0.00024646883874128054
16.12,-0.0006152378560278876,0.0002474388749364189
16.13,-0.0006134941220422332,0.00024838321226602173
16.14,-0.0006116925498757147,0.00024930174648987545
16.15,-0.000609833395822905,0.0002501943761464465
16.16,-0.0006079169217159721,0.00025106100256456874
16.17,-0.0006059433948914786,0.0002519015298748236
16.18,-0.0006039130881566453,0.0002527158650206012
16.19,-0.0006018262797550546,0.0002535039177688509
16.2,-0.0005996832533318468,0.00025426560072050876
16.21,-0.0005974842978983506,0.00025500082932061356
16.22,-0.0005952297077962088,0.0002557095218680959
16.23,-0.0005929197826609688,0.0002563915995252547
16.24,-0.0005905548273851574,0.00025704698632690674
16.25,-0.0005881351520808348,0.0002576756091892148
16.26,-0.0005856610720416484,0.00025827739791819287
16.27,-0.0005831329077043713,0.0002588522852178887
16.28,-0.0005805509846099362,0.0002594002066982345
16.29,-0.000577915633363994,0.0002599211008825756
16.3,-0.0005752271895969478,0.0002604149092148747
16.31,-0.0005724859939235302,0.00026088157606658037
16.32,-0.0005696923919018783,0.0002613210487431722
16.33,-0.0005668467339921436,0.00026173327749037204
16.34,-0.0005639493755146192,0.00026211821550002786
16.35,-0.0005610006766074074,0.0002624758189156678
16.36,-0.0005580010021836254,0.0002628060468377155
16.37,-0.000554950721888143,0.00026310886132837886
16.38,-0.0005518502100538849,0.0002633842274162034
16.39,-0.0005486998456576697,0.0002636321131002939
16.4,-0.00054550001227562,0.0002638524893541992
16.41,-0.0005422510980381258,0.0002640453301294651
16.42,-0.0005389534955843854,0.0002642106123588464
16.43,-0.0005356076020165172,0.0002643483159591927
16.44,-0.0005322138188532433,0.0002644584238339939
16.45,-0.0005287725519831762,0.0002645409218755836
16.46,-0.0005252842116176767,0.0002645957989670174
16.47,-0.0005217492122433217,0.00026462304698361
16.48,-0.0005181679725739613,0.00026462266079412987
16.49,-0.0005145409155024018,0.0002645946382616633
16.5,-0.0005108684680516752,0.00026453898024414663
16.51,-0.0005071510613259534,0.0002644556905945446
16.52,-0.0005033891304610698,0.00026434477616071053
16.53,-0.0004995831145746709,0.00026420624678489695
16.54,-0.0004957334567160202,0.00026404011530293403
16.55,-0.0004918406038154188,0.00026384639754307244
16.56,-0.0004879050066332957,0.00026362511232448193
16.57,-0.0004839271197089327,0.00026337628145542587
16.58,-0.0004799074013088686,0.00026309992973108827
16.59,-0.0004758463133749421,0.00026279608493106867
16.6,-0.00047174432147203596,0.0002624647778165404
16.61,-0.0004676018947354714,0.00026210604212708043
16.62,-0.00046341950581809776,0.00026171991457714594
16.63,-0.0004591976308370772,0.00026130643485224264
16.64,-0.0004549367493203454,0.0002608656456047305
16.65,-0.000450637344152796,0.0002603975924493205
16.66,-0.0004462999015221518,0.00025990232395821866
16.67,-0.00044192491086456634,0.0002593798916559478
16.68,-0.0004375128648099336,0.0002588303500138394
16.69,-0.00043306425912692314,0.00025825375644418264
16.7,-0.0004285795926677633,0.0002576501712940575
16.71,-0.0004240593673127335,0.00025701965783881737
16.72,-0.0004195040879144356,0.00025636228227527135
16.73,-0.0004149142622417844,0.0002556781137145063
16.74,-0.0004102904009237771,0.000254967224174404
16.75,-0.0004056330173930145,0.00025422968857182203
16.76,-0.0004009426278289975,0.00025346558471445066
16.77,-0.00039621975110119996,0.0002526749932923448
16.78,-0.00039146490871191274,0.0002518579978691274
16.79,-0.00038667862473889874,0.0002510146848728803
16.8,-0.0003818614257778151,0.0002501451435867032
16.81,-0.0003770138408844713,0.000249249466138954
16.82,-0.0003721364015168537,0.00024832774749317544
16.83,-0.0003672296414770079,0.00024738008543769376
16.84,-0.0003622940968527023,0.0002464065805749079
16.85,-0.00035733030595895646,0.00024540733631025515
16.86,-0.0003523388092793738,0.00024438245884087547
16.87,-0.0003473201494073247,0.00024333205714394
16.88,-0.00034227487098698994,0.000242256242964693
16.89,-0.00033720352065422975,0.0002411551308041621
16.9,-0.0003321066469773444,0.00024002883790657224
16.91,-0.00032698480039767153,0.00023887748424644115
16.92,-0.00032183853317008796,0.00023770119251538538
16.93,-0.00031666839930335865,0.00023650008810859892
16.94,-0.0003114749545003944,0.00023527429911104507
16.95,-0.00030625875609839636,0.00023402395628334277
16.96,-0.0003010203630088941,0.0002327491930473492
16.97,-0.00029576033565770503,0.00023145014547144862
16.98,-0.00029047923592477994,0.000230126952255538
16.99,-0.0002851776270840007,0.00022877975471572928
17.0,-0.00027985607374286857,0.0002274086967687441
17.01,-0.0002745151417821624,0.000226013924916028
17.02,-0.00026915539829550176,0.000224595588227571
17.03,-0.00026377741152886673,0.00022315383832543874
17.04,-0.0002583817508200891,0.00022168882936702368
17.05,-0.0002529689865382662,0.0002202007180280048
17.06,-0.0002475396900231754,0.0002186896634850339
17.07,-0.0002420944335246262,0.00021715582739812995
17.08,-0.00023663379014182985,0.00021559937389281392
17.09,-0.0002311583337627082,0.00021402046954194622
17.1,-0.00022566863900323576,0.0002124192833473105
17.11,-0.00022016528114675576,0.00021079598672091272
17.12,-0.00021464883608329877,0.00020915075346601095
17.13,-0.0002091198802489302,0.00020748375975789194
17.14,-0.00020357899056509736,0.00020579518412436302
17.15,-0.0001980267443780148,0.00020408520742600057
17.16,-0.00019246371939805762,0.00020235401283611853
17.17,-0.00018689049363922612,0.00020060178582049688
17.18,-0.00018130764535862338,0.00019882871411684605
17.19,-0.00017571575299598968,0.00019703498771401118
17.2,-0.00017011539511330918,0.00019522079883094122
17.21,-0.0001645071503344528,0.00019338634189539636
17.22,-0.0001588915972849193,0.00019153181352241783
17.23,-0.00015326931453162079,0.00018965741249254192
17.24,-0.00014764088052278374,0.00018776333972979285
17.25,-0.0001420068735279012,0.00018584979827941471
17.26,-0.00013636787157781754,0.00018391699328538488
17.27,-0.00013072445240488428,0.0001819651319676869
17.28,-0.00012507719338323135,0.00017999442359934866
17.29,-0.00011942667146917001,0.00017800507948326287
17.3,-0.00011377346314168136,0.00017599731292876783
17.31,-0.00010811814434306492,0.0001739713392280272
17.32,-0.00010246129041969308,0.0001719273756321607
17.33,-9.680347606292525e-5,0.00016986564132718401
17.34,-9.114527525014613e-5,0.00016778635740971896
17.35,-8.548726118597429e-5,0.0001656897468624985
17.36,-7.983000624361531e-5,0.00016357603452965872
17.37,-7.417408190637307e-5,0.00016144544709182732
17.38,-6.852005870935494e-5,0.00015929821304101017
17.39,-6.286850618131765e-5,0.0001571345626552738
17.4,-5.7219992786727883e-5,0.0001549547279732332
17.41,-5.157508586797872e-5,0.00015275894276834512
17.42,-4.593435158782989e-5,0.00015054744252300878
17.43,-4.0298354872023334e-5,0.00014832046440248217
17.44,-3.466765935210848e-5,0.00014607824722859998
17.45,-2.9042827308500038e-5,0.00014382103145333232
17.46,-2.342441961371078e-5,0.00014154905913213784
17.47,-1.7812995675855398e-5,0.00013926257389716213
17.48,-1.2209113382338106e-5,0.00013696182093024452
17.49,-6.613329043812704e-6,0.00013464704693577615
17.5,-1.0261973383488909e-6,0.00013231850011336416
17.51,4.551728744125319e-6,0.00012997643013036003
17.52,1.0119897957152842e-5,0.00012762108809420567
17.53,1.567776085281388e-5,0.000125252726524629
17.54,2.122476983651504e-5,0.00012287159932569387
17.55,2.6760379221538826e-5,0.00012047796175768263
17.56,3.228404528328661e-5,0.00011807207040884458
17.57,3.779522631327534e-5,0.00011565418316698963
17.58,4.329338267281688e-5,0.00011322455919095161
17.59,4.877797684644152e-5,0.00011078345888189955
17.6,5.4248473494994474e-5,0.00010833114385452802
17.61,5.9704339508450084e-5,0.0001058678769081051
17.62,6.514504405842473e-5,0.00010339392199739585
17.63,7.057005865035487e-5,0.00010090954420346597
17.64,7.597885717538754e-5,9.84150097043534e-5
17.65,8.13709159619231e-5,9.591058574563215e-5
17.66,8.674571382685763e-5,9.339654061085294e-5
17.67,9.210273212646428e-5,9.087314359187953e-5
17.68,9.74414548069613e-5,8.834066495911156e-5
17.69,0.00010276136845473585,8.579937593160016e-5
17.7,0.00010806196234619924,8.324954864707741e-5
17.71,0.00011334272849732506,8.069145613186609e-5
17.72,0.00011860316171279309,7.812537227071474e-5
17.73,0.0001238427596348094,7.555157177652428e-5
17.74,0.0001290610227915246,7.29703301600061e-5
17.75,0.00013425745464511527,7.038192369923939e-5
17.76,0.00013943156163945838,6.778662940915578e-5
17.77,0.00014458285324744452,6.518472501094884e-5
17.78,0.00014971084201791026,6.257648890139999e-5
17.79,0.00015481504362216048,5.996220012215009e-5
17.8,0.00015989497690011784,5.734213832888798e-5
17.81,0.0001649501639060613,5.471658376049064e-5
17.82,0.00016998012995396704,5.208581720808906e-5
17.83,0.00017498440366244184,4.945011998409176e-5
17.84,0.00017996251699924713,4.680977389114707e-5
17.85,0.0001849140053253983,4.416506119106192e-5
17.86,0.00018983840743885843,4.151626457366858e-5
17.87,0.00019473526561779905,3.8863667125656804e-5
17.88,0.00019960412566343081,3.620755229936331e-5
17.89,0.000204444536942415,3.3548203881527354e-5
17.9,0.00020925605242881813,3.08859059620164e-5
17.91,0.00021403822874565274,2.822094290251975e-5
17.92,0.00021879062620594795,2.555359930522591e-5
17.93,0.00022351280885339028,2.2884159981475285e-5
17.94,0.00022820434450251435,2.0212909920385955e-5
17.95,0.00023286480477841903,1.7540134257490106e-5
17.96,0.00023749376515604982,1.4866118243333905e-5
17.97,0.00024209080499899775,1.2191147212091329e-5
17.98,0.00024665550759784936,9.515506550161493e-6
17.99,0.0002511874602080529,6.839481664776137e-6
18.0,0.00025568625408732413,4.163357952606538e-6
18.01,0.00026015148453256795,1.4874207683820346e-6
18.02,0.00026458275091631613,-1.1880446064867832e-6
18.03,0.0002689796567227055,-3.86275299526085e-6
18.04,0.00027334180958293354,-6.536419357211973e-6
18.05,0.00027766882131026336,-9.20875881894345e-6
18.06,0.00028196030793449907,-1.1879486705673154e-5
18.07,0.00028621588973600567,-1.4548318572502991e-5
18.08,0.0002904351912791882,-1.7214970235638327e-5
18.09,0.0002946178414455118,-1.9879157803590687e-5
18.1,0.0002987634734659797,-2.2540597708322595e-5
18.11,0.0003028717249531311,-2.519900673635795e-5
18.12,0.0003069422379325225,-2.7854102059848485e-5
18.13,0.00031097465887368407,-3.050560126757716e-5
18.14,0.00031496863872058483,-3.315322239592829e-5
18.15,0.00031892383292155273,-3.579668395977488e-5
18.16,0.00032283990145870315,-3.843570498332938e-5
18.17,0.0003267165088768221,-4.107000503090873e-5
18.18,0.00033055332431173033,-4.3699304237651825e-5
18.19,0.0003343500215181386,-4.6323323340152135e-5
18.2,0.0003381062788969395,-4.894178370701407e-5
18.21,0.0003418217795220027,-5.155440736934493e-5
18.22,0.0003454962111664078,-5.416091705115037e-5
18.23,0.00034912926632816373,-5.676103619965542e-5
18.24,0.0003527206422553735,-5.935448901553015e-5
18.25,0.0003562700409708722,-6.194100048302782e-5
18.26,0.0003597771692963118,-6.452029640002784e-5
18.27,0.00036324173887571,-6.709210340796912e-5
18.28,0.0003666634661984553,-6.965614902171168e-5
18.29,0.00037004207262175605,-7.221216165924749e-5
18.3,0.00037337728439255057,-7.475987067134853e-5
18.31,0.0003766688326688599,-7.729900637106475e-5
18.32,0.0003799164535405947,-7.98293000631405e-5
18.33,0.00038311988804980325,-8.235048407328274e-5
18.34,0.0003862788822103717,-8.486229177733019e-5
18.35,0.00038939318702715746,-8.736445763028012e-5
18.36,0.0003924625585145779,-8.985671719520011e-5
18.37,0.0003954867577146382,-9.233880717200378e-5
18.38,0.0003984655507143823,-9.48104654260841e-5
18.39,0.00040139870866281763,-9.72714310168246e-5
18.4,0.00040428600778723685,-9.972144422595182e-5
18.41,0.0004071272294090175,-0.00010216024658576034
18.42,0.0004099221599588208,-0.00010458758090717458
18.43,0.0004126705909912584,-0.00010700319130767203
18.44,0.0004153723191989701,-0.00010940682323905127
18.45,0.000418027146426149,-0.00011179822351503098
18.46,0.0004206348796814973,-0.00011417714033871123
18.47,0.0004231953311506098,-0.00011654332332984491
18.48,0.0004257083182077995,-0.00011889652355197336
18.49,0.0004281736634273426,-0.00012123649353936152
18.5,0.0004305911945941697,-0.00012356298732379254
18.51,0.00043296074471397677,-0.00012587576046115936
18.52,0.0004352821520227693,-0.00012817457005789813
18.53,0.0004375552599958431,-0.00013045917479723274
18.54,0.0004397799173561873,-0.0001327293349652345
18.55,0.0004419559780823258,-0.0001349848124767034
18.56,0.00044408330141558223,-0.00013722537090084572
18.57,0.00044616175186678073,-0.00013945077548677964
18.58,0.00044819119922237484,-0.0001416607931888206
18.59,0.0004501715185500057,-0.0001438551926915959
18.6,0.00045210259020349807,-0.00014603374443493555
18.61,0.00045398429982727574,-0.00014819622063857364
18.62,0.000455816538360226,-0.00015034239532664032
18.63,0.0004575992020389726,-0.0001524720443519407
18.64,0.00045933219240060886,-0.00015458494542003394
18.65,0.0004610154162848359,-0.00015668087811308056
18.66,0.0004626487858355629,-0.000158759623913489
18.67,0.000464232218501913,-0.00016082096622733558
18.68,0.000465765637038687,-0.00016286469040756313
18.69,0.00046724896950625584,-0.00016489058377695823
18.7,0.00046868214926987976,-0.00016689843565089623
18.71,0.00047006511499848245,-0.00016888803735986513
18.72,0.00047139781066284927,-0.00017085918227174564
18.73,0.0004726801855332745,-0.0001728116658138723
18.74,0.00047391219417664134,-0.00017474528549484174
18.75,0.0004750937964529522,-0.0001766598409260982
18.76,0.0004762249575112955,-0.00017855513384326246
18.77,0.0004773056477852574,-0.0001804309681272246
18.78,0.000478335842987785,-0.00018228714982500087
18.79,0.00047931552410548575,-0.0001841234871703139
18.8,0.0004802446773923876,-0.0001859397906039582
18.81,0.0004811232943631379,-0.00018773587279388194
18.82,0.0004819513717856634,-0.00018951154865503686
18.83,0.00048272891167327586,-0.00019126663536895577
18.84,0.00048345592127623253,-0.000193000952403078
18.85,0.00048413241307276335,-0.000194714321529815
18.86,0.0004847584047595391,-0.00019640656684534683
18.87,0.0004853339192416166,-0.00019807751478816124
18.88,0.00048585898462183544,-0.00019972699415731632
18.89,0.0004863336341896801,-0.00020135483613044656
18.9,0.00048675790640961066,-0.00020296087428147937
18.91,0.0004871318449088607,-0.0002045449445981018
18.92,0.0004874554984647013,-0.00020610688549893113
18.93,0.0004877289209911844,-0.0002076465378504222
18.94,0.0004879521715253544,-0.00020916374498349338
18.95,0.00048812531421293904,-0.00021065835270986624
18.96,0.00048824841829351863,-0.0002121302093381344
18.97,0.0004883215580851765,-0.00021357916568953692
18.98,0.0004883448129686339,-0.0002150050751134563
18.99,0.0004883182673708734,-0.00021640779350262404
19.0,0.0004882420107482447,-0.00021778717930803957
19.01,0.0004881161375690688,-0.00021914309355359566
19.02,0.00048794074729573107,-0.00022047539985042057
19.03,0.0004877159443662757,-0.00022178396441091745
19.04,0.0004874418381754978,-0.00022306865606251645
19.05,0.00048711854305553276,-0.00022432934626112584
19.06,0.0004867461782559625,-0.00022556590910428932
19.07,0.00048632486792341624,-0.00022677822134404424
19.08,0.0004858547410806914,-0.0002279661623994763
19.09,0.0004853359316053886,-0.0002291296143689777
19.1,0.00048476857820805447,-0.00023026846204220034
19.11,0.0004841528244098587,-0.00023138259291170224
19.12,0.00048348881851977964,-0.00023247189718430026
19.13,0.00048277671361132913,-0.00023353626779209883
19.14,0.0004820166674987972,-0.00023457560040322892
19.15,0.0004812088427130371,-0.00023558979343226712
19.16,0.0004803534064767807,-0.0002365787480503514
19.17,0.0004794505306794986,-0.00023754236819498395
19.18,0.00047850039185179984,-0.00023848056057952302
19.19,0.00047750317113937795,-0.00023939323470236447
19.2,0.0004764590542765123,-0.00024028030285580692
19.21,0.00047536823155911384,-0.00024114168013460443
19.22,0.0004742308978173382,-0.00024197728444420857
19.23,0.00047304725238775115,-0.0002427870365086856
19.24,0.00047181749908506605,-0.00024357085987832515
19.25,0.0004705418461734376,-0.00024432868093693204
19.26,0.0004692205063373464,-0.00024506042890879126
19.27,0.00046785369665204146,-0.00024576603586532895
19.28,0.0004664416385535675,-0.00024644543673144005
19.29,0.00046498455780838487,-0.0002470985692915067
19.3,0.0004634826844825621,-0.0002477253741950903
19.31,0.0004619362529105716,-0.0002483257949623073
19.32,0.0004603455016636736,-0.00024889977798888356
19.33,0.0004587106735179052,-0.0002494472725508822
19.34,0.00045703201542166434,-0.0002499682308091151
19.35,0.0004553097784629159,-0.0002504626078132318
19.36,0.0004535442178359913,-0.0002509303615054809
19.37,0.0004517355928080178,-0.00025137145272415956
19.38,0.0004498841666849629,-0.00025178584520672197
19.39,0.0004479902067773015,-0.0002521735055925874
19.4,0.000446053984365317,-0.00025253440342560445
19.41,0.0004440757746640291,-0.0002528685111562044
19.42,0.00044205585678776325,-0.0002531758041432257
19.43,0.0004399945137143626,-0.00025345626065541657
19.44,0.00043789203224903634,-0.00025370986187261296
19.45,0.00043574870298787745,-0.0002539365918865961
19.46,0.0004335648202810134,-0.0002541364377016206
19.47,0.0004313406821954361,-0.0002543093892346231
19.48,0.0004290765904774809,-0.0002544554393151105
19.49,0.00042677285051498457,-0.00025457458368471653
19.5,0.0004244297712991102,-0.0002546668209964407
19.51,0.0004220476653858527,-0.0002547321528135721
19.52,0.0004196268488572289,-0.0002547705836082709
19.53,0.0004171676412821491,-0.00025478212075984955
19.54,0.0004146703656769869,-0.0002547667745527158
19.55,0.0004121353484658401,-0.0002547245581740064
19.56,0.00040956291944049974,-0.0002546554877108899
19.57,0.00040695341172011676,-0.0002545595821475563
19.58,0.00040430716171058857,-0.00025443686336188267
19.59,0.0004016245090636559,-0.00025428735612178247
19.6,0.0003989057966357196,-0.0002541110880812308
19.61,0.0003961513704463922,-0.0002539080897759772
19.62,0.00039336157963676345,-0.0002536783946189385
19.63,0.0003905367764274202,-0.00025342203889527356
19.64,0.00038767731607619165,-0.0002531390617571407
19.65,0.0003847835568356492,-0.0002528295052181472
19.66,0.0003818558599103522,-0.00025249341414747544
19.67,0.0003788945894138491,-0.0002521308362636934
19.68,0.0003759001123254455,-0.00025174182212826785
19.69,0.0003728727984467229,-0.00025132642513874405
19.7,0.0003698130203578484,-0.00025088470152163114
19.71,0.0003667211533736381,-0.00025041671032496947
19.72,0.0003635975754994233,-0.00024992251341058734
19.73,0.0003604426673866795,-0.0002494021754460561
19.74,0.000357256812288471,-0.00024885576389633294
19.75,0.00035404039601466357,-0.0002482833490150952
19.76,0.00035079380688696947,-0.00024768500383578026
19.77,0.00034751743569377114,-0.0002470608041623086
19.78,0.00034421167564477047,-0.00024641082855951274
19.79,0.0003408769223254579,-0.00024573515834326387
19.8,0.0003375135736513872,-0.00024503387757029516
19.81,0.00033412202982230387,-0.0002443070730277274
19.82,0.0003307026932760723,-0.00024355483422230193
19.83,0.00032725596864247497,-0.00024277725336930745
19.84,0.00032378226269682496,-0.0002419744253812226
19.85,0.0003202819843134472,-0.00024114644785606134
19.86,0.0003167555444190062,-0.00024029342106542172
19.87,0.00031320335594568484,-0.0002394154479422521
19.88,0.0003096258337842423,-0.00023851263406832437
19.89,0.0003060233947369258,-0.0002375850876614213
19.9,0.0003023964574702715,-0.00023663291956223484
19.91,0.00029874544246776837,-0.00023565624322098604
19.92,0.0002950707719824239,-0.00023465517468376082
19.93,0.00029137286998921465,-0.0002336298325785603
19.94,0.00028765216213741797,-0.0002325803381010781
19.95,0.00028390907570287474,-0.0002315068150001988
19.96,0.00028014403954012255,-0.00023040938956321824
19.97,0.0002763574840344773,-0.00022928819060079805
19.98,0.00027254984105399795,-0.00022814334943163222
19.99,0.00026872154390140073,-0.00022697499986686624
20.0,0.00026487302726587613,-0.00022578327819422703
20.01,0.0002610047271748683,-0.00022456832316190232
20.02,0.00025711708094576285,-0.00022333027596214497
20.03,0.0002532105271375339,-0.00022206928021462237
20.04,0.00024928550550234264,-0.00022078548194950248
20.05,0.00024534245693707895,-0.00021947902959028076
20.06,0.00024138182343487097,-0.00021815007393635602
20.07,0.00023740404803655477,-0.00021679876814534432
20.08,0.00023340957478212035,-0.00021542526771515199
20.09,0.00022939884866211873,-0.00021402973046578394
20.1,0.00022537231556907093,-0.0002126123165209217
20.11,0.00022133042224884377,-0.00021117318828924386
20.12,0.00021727361625202224,-0.00020971251044550385
20.13,0.00021320234588528746,-0.00020823044991137777
20.14,0.00020911706016277915,-0.00020672717583605842
20.15,0.00020501820875748543,-0.00020520285957662971
20.16,0.0002009062419526214,-0.0002036576746781865
20.17,0.00019678161059304725,-0.00020209179685374648
20.18,0.00019264476603669565,-0.00020050540396391635
20.19,0.00018849616010602473,-0.00019889867599633145
20.2,0.00018433624503951963,-0.0001972717950448869
20.21,0.00018016547344320953,-0.00019562494528872307
20.22,0.0001759842982422531,-0.0001939583129710125
20.23,0.00017179317263254351,-0.0001922720863775217
20.24,0.00016759255003240034,-0.00019056645581495482
20.25,0.00016338288403428545,-0.00018884161358909065
20.26,0.0001591646283566114,-0.0001870977539827125
20.27,0.000154938236795605,-0.00018533507323332412
20.28,0.00015070416317723527,-0.000183553769510663
20.29,0.00014646286130924965,-0.00018175404289402737
20.3,0.00014221478493325882,-0.00017993609534937535
20.31,0.00013796038767694175,-0.0001781001307062572
20.32,0.00013370012300631843,-0.00017624635463453527
20.33,0.00012943444417814573,-0.00017437497462092385
20.34,0.0001251638041923929,-0.00017248619994533109
20.35,0.00012088865574485014,-0.0001705802416570303
20.36,0.00011660945117983428,-0.00016865731255063317
20.37,0.0001123266424430119,-0.00016671762714189122
20.38,0.00010804068103436715,-0.00016476140164332502
20.39,0.00010375201796126627,-0.00016278885393966808
20.4,9.946110369168825e-5,-0.00016080020356315026
20.41,9.516838810756222e-5,-0.00015879567166860576
20.42,9.08743204582807e-5,-0.00015677548100842108
20.43,8.657934931432969e-5,-0.00015473985590731628
20.44,8.228392252108602e-5,-0.00015268902223696868
20.45,7.798848715278171e-5,-0.00015062320739048194
20.46,7.369348946660391e-5,-0.0001485426402566959
20.47,6.939937485699067e-5,-0.00014644755119435423
20.48,6.510658781007156e-5,-0.0001443381720061118
20.49,6.081557185830936e-5,-0.0001422147359124163
20.5,5.6526769535296035e-5,-0.00014007747752522458
20.51,5.2240622330757024e-5,-0.00013792663282160352
20.52,4.795757064573248e-5,-0.00013576243911717767
20.53,4.36780537479504e-5,-0.00013358513503945204
20.54,3.9402509727410976e-5,-0.00013139496050100968
20.55,3.513137545215734e-5,-0.00012919215667256872
20.56,3.086508652427111e-5,-0.00012697696595593535
20.57,2.660407723606153e-5,-0.00012474963195681596
20.58,2.234878052649067e-5,-0.00012251039945753198
20.59,1.8099627937797046e-5,-0.00012025951438960361
20.6,1.385704957236536e-5,-0.00011799722380623536
20.61,9.621474049812334e-6,-0.00011572377585468672
20.62,5.393328464304335e-6,-0.0001134394197485379
20.63,1.1730383421252908e-6,-0.00011114440573986359
20.64,-3.038972400531493e-6,-0.00010883898509129309
20.65,-7.2422814995041794e-6,-0.00010652341004798994
20.66,-1.1436468384378448e-5,-0.00010419793380952919
20.67,-1.5621114219925136e-5,-0.00010186281050169638
20.68,-1.9795801947295608e-5,-9.951829514818799e-5
20.69,-2.3960116324957033e-5,-9.716464364223916e-5
20.7,-2.811364396934048e-5,-9.480211271817382e-5
20.71,-3.225597339525263e-5,-9.243095992286909e-5
20.72,-3.638669505597537e-5,-9.005144358715809e-5
20.73,-4.050540138312711e-5,-8.766382279715406e-5
20.74,-4.461168682620541e-5,-8.526835736551723e-5
20.75,-4.8705147891874774e-5,-8.286530780265183e-5
20.76,-5.2785383182945576e-5,-8.045493528784458e-5
20.77,-5.685199343706756e-5,-7.803750164035532e-5
20.78,-6.090458156513598e-5,-7.561326929043749e-5
20.79,-6.494275268937276e-5,-7.318250125032872e-5
20.8,-6.896611418113669e-5,-7.074546108517815e-5
20.81,-7.297427569839463e-5,-6.830241288394373e-5
20.82,-7.696684922291087e-5,-6.585362123023711e-5
20.83,-8.094344909709662e-5,-6.339935117314347e-5
20.84,-8.490369206056488e-5,-6.093986819799895e-5
20.85,-8.88471972863446e-5,-5.847543819714453e-5
20.86,-9.277358641678269e-5,-5.6006327440649795e-5
20.87,-9.668248359912168e-5,-5.353280254701003e-5
20.88,-0.00010057351552072917,-5.10551304538332e-5
20.89,-0.000104446311444014,-4.857357838849484e-5
20.9,-0.0001083005032409865,-4.608841383879815e-5
20.91,-0.00011213572542749902,-4.359990452360161e-5
20.92,-0.00011595161519711598,-4.110831836346215e-5
20.93,-0.00011974781245466509,-3.861392345125659e-5
20.94,-0.00012352395984942518,-3.611698802281016e-5
20.95,-0.00012727970280795387,-3.361778042753071e-5
20.96,-0.00013101468956658235,-3.11165690990385e-5
20.97,-0.00013472857120352453,-2.861362252582138e-5
20.98,-0.00013842100167065077,-2.6109209221881567e-5
20.99,-0.0001420916378248752,-2.3603597697420244e-5
21.0,-0.00014574013945919633,-2.109705642952312e-5
21.01,-0.00014936616933335222,-1.8589853832879468e-5
21.02,-0.0001529693932041114,-1.6082258230522373e-5
21.03,-0.00015654947985519287,-1.3574537824596125e-5
21.04,-0.00016010610112679506,-1.106696066716191e-5
21.05,-0.0001636389319447599,-8.55979463102923e-6
21.06,-0.00016714765034934854,-6.053307380640128e-6
21.07,-0.0001706319375236296,-3.5477663429735316e-6
21.08,-0.00017409147782148225,-1.0434386785207897e-6
21.09,-0.0001775259587952166,1.4594087477148742e-6
21.1,-0.00018093507122279154,3.960509395149465e-6
21.11,-0.00018431850913464318,6.45959707650698e-6
21.12,-0.00018767596984012137,8.956405986644107e-6
21.13,-0.00019100715395352027,1.1450670731314101e-5
21.14,-0.0001943117654197195,1.3942126355872635e-5
21.15,-0.00019758951153940266,1.6430508373903592e-5
21.16,-0.00020084010299389904,1.8915552795796366e-5
21.17,-0.00020406325386959607,2.1396996157221117e-5
21.18,-0.0002072586816819502,2.3874575547552175e-5
21.19,-0.0002104261073991003,2.6348028638201242e-5
21.2,-0.00021356525546504292,2.8817093710865113e-5
21.21,-0.00021667585382242067,3.128150968569649e-5
21.22,-0.00021975763393487584,3.374101614937256e-5
21.23,-0.00022281033080899968,3.6195353383089e-5
21.24,-0.00022583368301585133,3.864426239043981e-5
21.25,-0.00022882743271207038,4.108748492521708e-5
21.26,-0.00023179132566054892,4.352476351909555e-5
21.27,-0.00023472511125070271,4.59558415092172e-5
21.28,-0.00023762854251829828,4.8380463065679186e-5
21.29,-0.00024050137616485958,5.079837321888918e-5
21.3,-0.0002433433725766579,5.3209317886832774e-5
21.31,-0.00024615429584325284,5.561304390220446e-5
21.32,-0.0002489339137756228,5.8009299039433555e-5
21.33,-0.00025168199792385105,6.039783204157855e-5
21.34,-0.0002543983235943854,6.277839264710342e-5
21.35,-0.0002570826698668639,6.515073161652253e-5
21.36,-0.0002597348196105026,6.751460075891364e-5
21.37,-0.0002623545595000537,6.986975295830541e-5
21.38,-0.0002649416800313227,7.22159421999149e-5
21.39,-0.00026749597553624936,7.455292359626342e-5
21.4,-0.00027001724419754944,7.688045341312826e-5
21.41,-0.00027250528806292435,7.919828909537703e-5
21.42,-0.00027495991305881597,8.150618929262684e-5
21.43,-0.00027738092900373926,8.380391388477121e-5
21.44,-0.00027976814962116274,8.609122400735426e-5
21.45,-0.000282121392551947,8.836788207677298e-5
21.46,-0.0002844404793663497,9.063365181534086e-5
21.47,-0.00028672523557557564,9.28882982761762e-5
21.48,-0.00028897549064289504,9.513158786793682e-5
21.49,-0.0002911910779943101,9.736328837937642e-5
21.5,-0.000293371835028785,9.958316900375008e-5
21.51,-0.00029551760312802655,0.00010179100036302473
21.52,-0.0002976282276658145,0.00010398655453193554
21.53,-0.0002997035580169111,0.00010616960506186021
21.54,-0.0003017434475654905,0.00010833992700450314
21.55,-0.0003037477537131539,0.0001104972969354171
21.56,-0.00030571633788648624,0.00011264149297732115
21.57,-0.0003076490655441659,0.00011477229482324881
21.58,-0.00030954580618363715,0.0001168894837594922
21.59,-0.00031140643334733324,0.0001189928426883696
21.6,-0.0003132308246284523,0.00012108215615078297
21.61,-0.00031501886167629555,0.00012315721034859457
21.62,-0.0003167704302011589,0.0001252177931667965
21.63,-0.0003184854199787737,0.0001272636941954763
21.64,-0.000320163724854318,0.0001292947047515902
21.65,-0.00032180524274596616,0.00013131061790052113
21.66,-0.0003234098756480144,0.00013331122847743326
21.67,-0.0003249775296335516,0.00013529633310841406
21.68,-0.00032650811485668903,0.00013726573023140979
21.69,-0.0003280015455543593,0.00013921922011693916
21.7,-0.00032945774004765837,0.00014115660488859521
21.71,-0.0003308766207427646,0.00014307768854332983
21.72,-0.00033225811413140175,0.00014498227697150968
21.73,-0.0003336021507908805,0.00014687017797676428
21.74,-0.00033490866538368546,0.0001487412012955886
21.75,-0.000336177596656641,0.0001505951586167416
21.76,-0.0003374088874396276,0.00015243186360039594
21.77,-0.00033860248464387285,0.00015425113189706957
21.78,-0.000339758339259803,0.0001560527811663246
21.79,-0.0003408764063544643,0.00015783663109521855
21.8,-0.00034195664506851036,0.00015960250341653904
21.81,-0.0003429990186127604,0.00016135022192678206
21.82,-0.0003440034942643265,0.00016307961250390166
21.83,-0.00034497004336231173,0.00016479050312481034
21.84,-0.00034589864130308765,0.00016648272388264428
21.85,-0.00034678926753513274,0.00016815610700377437
21.86,-0.00034764190555345843,0.0001698104868645761
21.87,-0.00034845654289360987,0.00017144570000794733
21.88,-0.00034923317112523834,0.0001730615851595759
21.89,-0.0003499717858452595,0.00017465798324396175
21.9,-0.0003506723866705916,0.000176234737400172
21.91,-0.0003513349772304768,0.00017779169299735636
21.92,-0.00035195956515838406,0.00017932869764999198
21.93,-0.00035254616208350316,0.00018084560123288082
21.94,-0.0003530947836218194,0.00018234225589588122
21.95,-0.00035360544936678716,0.00018381851607838183
21.96,-0.0003540781828795859,0.0001852742385235089
21.97,-0.0003545130116789734,0.00018670928229207287
21.98,-0.0003549099672307343,0.00018812350877625228
21.99,-0.0003552690849367249,0.00018951678171300255
22.0,-0.00035559040412351365,0.0001908889671972075
22.01,-0.0003558739680306286,0.00019223993369455256
22.02,-0.000356119823798402,0.0001935695520541356
22.03,-0.0003563280224554217,0.00019487769552079925
22.04,-0.00035649861890559,0.0001961642397471954
22.05,-0.00035663167191479073,0.00019742906280557514
22.06,-0.00035672724409716836,0.00019867204519930155
22.07,-0.0003567854019010192,0.00019989306987408892
22.08,-0.00035680621559429793,0.00020109202222896372
22.09,-0.00035678975924974764,0.00020226879012695046
22.1,-0.000356736110729639,0.0002034232639054721
22.11,-0.0003566453516701422,0.0002045553363864785
22.12,-0.0003565175674653224,0.00020566490288628916
22.13,-0.00035635284725075555,0.00020675186122515638
22.14,-0.00035615128388678254,0.00020781611173654343
22.15,-0.000355912973941392,0.0002088575572761229
22.16,-0.00035563801767273727,0.00020987610323048854
22.17,-0.0003553265190112927,0.00021087165752558463
22.18,-0.00035497858554164863,0.00021184413063484567
22.19,-0.0003545943284839507,0.00021279343558705578
22.2,-0.0003541738626749857,0.0002137194879739152
22.21,-0.00035371730654890803,0.00021462220595732377
22.22,-0.0003532247821176292,0.00021550151027637532
22.23,-0.00035269641495085064,0.00021635732425406178
22.24,-0.00035213233415575836,0.00021718957380369093
22.25,-0.0003515326723563761,0.00021799818743501164
22.26,-0.00035089756567257836,0.0002187830962600524
22.27,-0.0003502271536987713,0.0002195442339986641
22.28,-0.00034952157948224343,0.00022028153698378381
22.29,-0.00034878098950117867,0.00022099494416638873
22.3,-0.00034800553364235586,0.000221684397120178
22.31,-0.00034719536517851537,0.0002223498400459457
22.32,-0.00034635064074540914,0.00022299121977568083
22.33,-0.0003454715203185367,0.00022360848577635177
22.34,-0.00034455816718956256,0.00022420159015342208
22.35,-0.0003436107479424274,0.00022477048765405579
22.36,-0.0003426294324291488,0.00022531513567003935
22.37,-0.0003416143937453197,0.00022583549424040863
22.38,-0.0003405658082053039,0.0002263315260537806
22.39,-0.0003394838553171364,0.00022680319645039838
22.4,-0.00033836871775713023,0.0002272504734238731
22.41,-0.00033722058134418476,0.00022767332762264843
22.42,-0.00033603963501381817,0.00022807173235115253
22.43,-0.0003348260707919023,0.00022844566357067887
22.44,-0.00033358008376812865,0.00022879509989995447
22.45,-0.0003323018720691892,0.00022912002261543348
22.46,-0.00033099163683168265,0.00022942041565128432
22.47,-0.00032964958217475713,0.0002296962655990948
22.48,-0.0003282759151724775,0.00022994756170728053
22.49,-0.000326870845825933,0.00023017429588020573
22.5,-0.0003254345870350836,0.00023037646267700767
22.51,-0.00032396735457035136,0.00023055405931013667
22.52,-0.00032246936704395624,0.0002307070856436024
22.53,-0.0003209408458810027,0.00023083554419093213
22.54,-0.00031938201529032223,0.00023093944011283644
22.55,-0.0003177931022350716,0.00023101878121459195
22.56,-0.0003161743364030945,0.00023107357794313274
22.57,-0.00031452595017704443,0.00023110384338384816
22.58,-0.0003128481786042811,0.00023110959325710434
22.59,-0.00031114125936653386,0.0002310908459144777
22.6,-0.00030940543274934846,0.00023104762233469068
22.61,-0.00030764094161130583,0.00023097994611927705
22.62,-0.0003058480313530273,0.0002308878434879519
22.63,-0.00030402694988597206,0.00023077134327371165
22.64,-0.000302177947601015,0.0002306304769176313
22.65,-0.00030030127733683416,0.0002304652784633992
22.66,-0.000298397194348079,0.0002302757845515577
22.67,-0.00029646595627335986,0.00023006203441346923
22.68,-0.0002945078231030289,0.00022982406986500278
22.69,-0.0002925230571467799,0.0002295619352999372
22.7,-0.00029051192300106016,0.00022927567768309682
22.71,-0.0002884746875162951,0.0002289653465431967
22.72,-0.0002864116197639485,0.00022863099396542582
22.73,-0.0002843229910033898,0.0002282726745837473
22.74,-0.00028220907464860854,0.0002278904455729293
22.75,-0.0002800701462347497,0.00022748436664029887
22.76,-0.00027790648338449635,0.00022705450001723245
22.77,-0.0002757183657742867,0.00022660091045037083
22.78,-0.00027350607510037836,0.00022612366519256393
22.79,-0.00027126989504476734,0.0002256228339935536
22.8,-0.00026901011124095034,0.00022509848909038496
22.81,-0.0002667270112395594,0.00022455070519755997
22.82,-0.0002644208844738397,0.0002239795594969137
22.83,-0.000262092022225009,0.00022338513162724604
22.84,-0.00025974071758747626,0.0002227675036736789
22.85,-0.0002573672654339397,0.00022212676015675737
22.86,-0.00025497196238035986,0.00022146298802129714
22.87,-0.00025255510675081284,0.0002207762766249697
22.88,-0.00025011699854223375,0.00022006671772663685
22.89,-0.00024765793938904185,0.00021933440547442534
22.9,-0.00024517823252767195,0.00021857943639355833
22.91,-0.00024267818276098869,0.00021780190937392566
22.92,-0.00024015809642261474,0.00021700192565741682
22.93,-0.00023761828134115796,0.00021617958882499575
22.94,-0.00023505904680434987,0.00021533500478353702
22.95,-0.00023248070352310145,0.00021446828175241588
22.96,-0.0002298835635954702,0.00021357953024985288
22.97,-0.0002272679404705591,0.00021266886307902421
22.98,-0.00022463414891232784,0.00021173639531392758
22.99,-0.00022198250496335134,0.00021078224428501365
23.0,-0.00021931332590849402,0.0002098065295645803
23.01,-0.00021662693023854115,0.0002088093729519361
23.02,-0.0002139236376137586,0.00020779089845832972
23.03,-0.00021120376882739859,0.00020675123229165146
23.04,-0.0002084676457691735,0.00020569050284090318
23.05,-0.00020571559138865905,0.00020460884066044637
23.06,-0.00020294792965867958,0.00020350637845402644
23.07,-0.00020016498553863322,0.00020238325105856946
23.08,-0.00019736708493780944,0.00020123959542776433
23.09,-0.0001945545546786506,0.0002000755506154254
23.1,-0.00019172772246001072,0.00019889125775863847
23.11,-0.00018888691682037998,0.00019768686006069145
23.12,-0.0001860324671010926,0.0001964625027737931
23.13,-0.00018316470340953142,0.0001952183331815897
23.14,-0.0001802839565823082,0.00019395450058145767
23.15,-0.00017739055814845633,0.0001926711562666115
23.16,-0.00017448484029260216,0.00019136845350798686
23.17,-0.00017156713581816053,0.00019004654753593942
23.18,-0.00016863777811052322,0.0001887055955217365
23.19,-0.0001656971011002541,0.0001873457565588508
23.2,-0.00016274543922632114,0.00018596719164406505
23.21,-0.00015978312739931566,0.00018457006365837943
23.22,-0.00015681050096472924,0.00018315453734773363
23.23,-0.00015382789566622154,0.00018172077930353223
23.24,-0.00015083564760894863,0.00018026895794299883
23.25,-0.00014783409322290903,0.00017879924348933245
23.26,-0.0001448235692263315,0.0001773118079516918
23.27,-0.00014180441258910835,0.0001758068251050015
23.28,-0.00013877696049626774,0.00017428447046957397
23.29,-0.00013574155031150875,0.00017274492129057024
23.3,-0.0001326985195407727,0.00017118835651727814
23.31,-0.0001296482057958899,0.0001696149567822298
23.32,-0.00012659094675827247,0.00016802490438014558
23.33,-0.00012352708014268628,0.00016641838324672352
23.34,-0.00012045694366108014,0.00016479557893725688
23.35,-0.00011738087498649585,0.00016315667860510323
23.36,-0.00011429921171705126,0.00016150187097998883
23.37,-0.00011121229134000197,0.0001598313463461626
23.38,-0.00010812045119589715,0.00015814529652040182
23.39,-0.00010502402844280454,0.00015644391482986267
23.4,-0.00010192336002065,0.0001547273960897929
23.41,-9.881878261562991e-5,0.0001529959365810904
23.42,-9.571063262474319e-5,0.0001512497340277329
23.43,-9.259924612040747e-5,0.0001494889875740622
23.44,-8.94849588151927e-5,0.00014771389776192939
23.45,-8.636810602666383e-5,0.00014592466650771997
23.46,-8.324902264232947e-5,0.00014412149707923326
23.47,-8.012804308472141e-5,0.00014230459407244567
23.48,-7.700550127657273e-5,0.0001404741633881432
23.49,-7.38817306061466e-5,0.00013863041220843543
23.5,-7.07570638926694e-5,0.00013677354897314328
23.51,-6.763183335191005e-5,0.00013490378335608008
23.52,-6.450637056188919e-5,0.0001330213262412105
23.53,-6.138100642871685e-5,0.00013112638969869808
23.54,-5.825607115259295e-5,0.00012921918696085066
23.55,-5.51318941939274e-5,0.00012729993239795205
23.56,-5.2008804239633495e-5,0.00012536884149399967
23.57,-4.888712916954649e-5,0.00012342613082232898
23.58,-4.5767196023023914e-5,0.0001214720180211569
23.59,-4.26493309656794e-5,0.00011950672176901115
23.6,-3.953385925629895e-5,0.00011753046176008723
23.61,-3.642110521390773e-5,0.00011554345867950242
23.62,-3.331139218500716e-5,0.00011354593417846603
23.63,-3.020504251099323e-5,0.00011153811084937391
23.64,-2.7102377495732555e-5,0.00010952021220080776
23.65,-2.40037173733344e-5,0.00010749246263247517
23.66,-2.0909381276083902e-5,0.00010545508741005485
23.67,-1.7819687202579204e-5,0.00010340831263998515
23.68,-1.4734951986039317e-5,0.00010135236524417602
23.69,-1.1655491262807141e-5,9.928747293465494e-5
23.7,-8.581619441054677e-6,9.721386418814904e-5
23.71,-5.513649669663099e-6,9.513176822061006e-5
23.72,-2.45189380732775e-6,9.304141496167707e-5
23.73,6.033376081576698e-7,9.094303502908457e-5
23.74,3.6517353903947575e-6,8.883685970302317e-5
23.75,6.6929917346827865e-6,8.672312090044222e-5
23.76,9.72680024809225e-6,8.460205114931558e-5
23.77,1.2752855979338397e-5,8.247388356285795e-5
23.78,1.577085544843978e-5,8.033885181369914e-5
23.79,1.8780496676141346e-5,7.819719010802902e-5
23.8,2.178147921313681e-5,7.60491331596953e-5
23.81,2.4773504169050775e-5,7.38949161642834e-5
23.82,2.7756274241202497e-5,7.173477477315056e-5
23.83,3.072949374313248e-5,6.956894506745205e-5
23.84,3.369286863290738e-5,6.739766353212756e-5
23.85,3.664610654117735e-5,6.522116702987903e-5
23.86,3.9588916799002696e-5,6.303969277512438e-5
23.87,4.2521010465442276e-5,6.0853478307937075e-5
23.88,4.544210035489241e-5,5.8662761467979486e-5
23.89,4.835190106418835e-5,5.646778036841648e-5
23.9,5.1250128999447164e-5,5.4268773369837215e-5
23.91,5.413650240267834e-5,5.206597905415864e-5
23.92,5.701074137811876e-5,4.985963619854346e-5
23.93,5.9872567918333216e-5,4.764998374930806e-5
23.94,6.272170593005193e-5,4.5437260795841464e-5
23.95,6.555788125973563e-5,4.3221706544537495e-5
23.96,6.838082171890327e-5,4.100356029272585e-5
23.97,7.119025710917225e-5,3.878306140263216e-5
23.98,7.398591924705024e-5,3.656044927533916e-5
23.99,7.676754198844794e-5,3.433596332478405e-5
24.0,7.953486125292659e-5,3.210984295176234e-5
24.01,8.228761504767005e-5,2.9882327517971117e-5
24.02,8.502554349118707e-5,2.7653656320072862e-5
24.03,8.774838883673114e-5,2.5424068563787456e-5
24.04,9.045589549544786e-5,2.3193803338031198e-5
24.05,9.314781005924046e-5,2.096309958907499e-5
24.06,9.582388132334591e-5,1.873219609475922e-5
24.07,9.84838603086367e-5,1.6501331438735757e-5
24.08,0.00010112750028363468,1.427074398477045e-5
24.09,0.00010375455678623242,1.2040671851075062e-5
24.1,0.00010636478764512601,9.81135288471164e-6
24.11,0.00010895795300096035,7.583024636031813e-6
24.12,0.00011153381532718465,5.35592433317977e-6
24.13,0.00011409213945059741,3.1302888566594623e-6
24.14,0.00011663269257161485,9.063547139509741e-7
24.15,0.00011915524428422609,-1.315641985793791e-6
24.16,0.00012165956659566058,-3.535465557002221e-6
24.17,0.00012414543394574304,-5.752880762850019e-6
24.18,0.0001266126232259583,-7.967652840367396e-6
24.19,0.00012906091379820105,-1.0179547525464734e-5
24.2,0.00013149008751322936,-1.2388331077879148e-5
24.21,0.00013389992872880373,-1.4593770306044603e-5
24.22,0.00013629022432752212,-1.6795632591874683e-5
24.23,0.0001386607637343506,-1.899368591546448e-5
24.24,0.00014101133893382667,-2.118769887969411e-5
24.25,0.00014334174448697563,-2.3377440734755935e-5
24.26,0.00014565177754789015,-2.556268140257169e-5
24.27,0.0001479412378800113,-2.7743191501122877e-5
24.28,0.00015020992787208434,-2.991874236868461e-5
24.29,0.00015245765255380805,-3.2089106087946076e-5
24.3,0.00015468421961115878,-3.42540555100394e-5
24.31,0.00015688943940139375,-3.641336427845236e-5
24.32,0.00015907312496774863,-3.856680685283992e-5
24.33,0.00016123509205379668,-4.071415853271461e-5
24.34,0.00016337515911750132,-4.285519548103434e-5
24.35,0.00016549314734493932,-4.49896947476619e-5
24.36,0.00016758888066369904,-4.7117434292710494e-5
24.37,0.00016966218575596714,-4.9238193009773744e-5
24.38,0.00017171289207126833,-5.135175074901541e-5
24.39,0.00017374083183890795,-5.345788834015251e-5
24.4,0.00017574584008006285,-5.5556387615291e-5
24.41,0.0001777277546195661,-5.7647031431645846e-5
24.42,0.00017968641609734395,-5.972960369411363e-5
24.43,0.0001816216679795512,-6.180388937772083e-5
24.44,0.00018353335656934953,-6.386967454992722e-5
24.45,0.00018542133101738086,-6.592674639278743e-5
24.46,0.0001872854433318964,-6.797489322497632e-5
24.47,0.0001891255483885656,-7.001390452366006e-5
24.48,0.00019094150393994595,-7.204357094622918e-5
24.49,0.0001927331706246313,-7.40636843518733e-5
24.5,0.00019450041197606414,-7.607403782300958e-5
24.51,0.0001962430944310175,-7.80744256865549e-5
24.52,0.00019796108733774676,-8.006464353504047e-5
24.53,0.00019965426296381209,-8.204448824757161e-5
24.54,0.0002013224965035614,-8.401375801061854e-5
24.55,0.00020296566608529404,-8.597225233866252e-5
24.56,0.00020458365277808006,-8.79197720946479e-5
24.57,0.00020617634059825647,-8.985611951029859e-5
24.58,0.00020774361651558764,-9.17810982062409e-5
24.59,0.00020928537045909436,-9.369451321197158e-5
24.6,0.0002108014953225519,-9.55961709856427e-5
24.61,0.00021229188696965466,-9.748587943367304e-5
24.62,0.00021375644423885388,-9.936344793019138e-5
24.63,0.00021519506894785676,-0.00010122868733628526
24.64,0.0002166076658978016,-0.00010308141001908222
24.65,0.00021799414287709373,-0.0001049214298706383
24.66,0.00021935441066492167,-0.00010674856232665139
24.67,0.00022068838303443167,-0.00010856262438497677
24.68,0.0002219959767555796,-0.00011036343462396522
24.69,0.00022327711159765128,-0.0001121508132206016
24.7,0.0002245317103314511,-0.0001139245819684544
24.71,0.000225759698731166,-0.00011568456429543673
24.72,0.00022696100557589643,-0.00011743058528135884
24.73,0.00022813556265086535,-0.0001191624716753005
24.74,0.0002292833047482925,-0.00012088005191276382
24.75,0.00023040416966795015,-0.00012258315613264688
24.76,0.0002314980982173833,-0.00012427161619399434
24.77,0.0002325650342118163,-0.00012594526569255991
24.78,0.0002336049244737231,-0.00012760393997715357
24.79,0.00023461771883208054,-0.0001292474761657846
24.8,0.0002356033701212981,-0.00013087571316159754
24.81,0.00023656183417981836,-0.00013248849166859212
24.82,0.00023749306984840868,-0.00013408565420713845
24.83,0.00023839703896811696,-0.00013566704512926834
24.84,0.00023927370637792035,-0.00013723251063376906
24.85,0.00024012303991204615,-0.00013878189878103938
24.86,0.00024094501039698045,-0.00014031505950774103
24.87,0.00024173959164815767,-0.0001418318446412329
24.88,0.00024250676046633096,-0.00014333210791377495
24.89,0.00024324649663363506,-0.00014481570497651612
24.9,0.00024395878290932598,-0.00014628249341325808
24.91,0.00024464360502521825,-0.00014773233275399802
24.92,0.00024530095168080035,-0.00014916508448823652
24.93,0.0002459308145380472,-0.00015058061207806647
24.94,0.00024653318821592104,-0.00015197878097103457
24.95,0.0002471080702845629,-0.0001533594586127639
24.96,0.0002476554612591794,-0.00015472251445935905
24.97,0.0002481753645936239,-0.0001560678199895664
24.98,0.0002486677866736729,-0.0001573952487167153
24.99,0.0002491327368099983,-0.00015870467620041065
25.0,0.000249570227230845,-0.00015999598005800455
25.01,0.00024998027307439915,-0.00016126903997582125
25.02,0.00025036289238086475,-0.00016252373772015206
25.03,0.00025071810608424234,-0.00016375995714800994
25.04,0.0002510459380038093,-0.00016497758421764352
25.05,0.0002513464148353108,-0.0001661765069988175
25.06,0.0002516195661418552,-0.00016735661568284148
25.07,0.00025186542434451926,-0.0001685178025923714
25.08,0.0002520840247126658,-0.00016965996219095575
25.09,0.00025227540535397407,-0.00017078299109234816
25.1,0.00025243960720418003,-0.0001718867880695715
25.11,0.0002525766740165412,-0.00017297125406373566
25.12,0.0002526866523510121,-0.00017403629219261702
25.13,0.0002527695915631389,-0.00017508180775898462
25.14,0.00025282554379268317,-0.0001761077082586837
25.15,0.0002528545639519612,-0.000177113903388471
25.16,0.0002528567097139102,-0.00017810030505360186
25.17,0.0002528320414998843,-0.00017906682737517008
25.18,0.00025278062246717516,-0.00018001338669719488
25.19,0.00025270251849626886,-0.00018093990159346742
25.2,0.0002525977981778281,-0.00018184629287413306
25.21,0.0002524665327994168,-0.00018273248359203785
25.22,0.0002523087963319558,-0.0001835983990488153
25.23,0.0002521246654159198,-0.00018444396680072282
25.24,0.00025191421934727537,-0.0001852691166642301
25.25,0.0002516775400631606,-0.00018607378072135153
25.26,0.00025141471212730975,-0.00018685789332472703
25.27,0.0002511258227152274,-0.00018762139110245236
25.28,0.0002508109615991076,-0.0001883642129626561
25.29,0.00025047022113250844,-0.00018908630009781879
25.3,0.0002501036962347783,-0.00018978759598884635
25.31,0.00024971148437523833,-0.00019046804640888244
25.32,0.00024929368555712283,-0.00019112759942687392
25.33,0.0002488504023012802,-0.000191766205410876
25.34,0.00024838173962963585,-0.0001923838170311078
25.35,0.0002478878050484223,-0.00019298038926275464
25.36,0.0002473687085311728,-0.00019355587938851037
25.37,0.00024682456250148764,-0.0001941102470008724
25.38,0.00024625548181557146,-0.00019464345400417886
25.39,0.0002456615837445442,-0.00019515546461639337
25.4,0.0002450429879565295,-0.0001956462453706337
25.41,0.0002443998164985233,-0.00019611576511645157
25.42,0.00024373219377804014,-0.00019656399502084845
25.43,0.00024304024654455065,-0.00019699090856905354
25.44,0.0002423241038706961,-0.00019739648156503166
25.45,0.0002415838971333016,-0.00019778069213175102
25.46,0.00024081975999417306,-0.00019814352071118924
25.47,0.0002400318283806949,-0.00019848495006409336
25.48,0.00023922024046621712,-0.00019880496526948304
25.49,0.0002383851366502493,-0.00019910355372390089
25.5,0.00023752665953845055,-0.00019938070514041647
25.51,0.00023664495392242612,-0.00019963641154737647
25.52,0.0002357401667593325,-0.00019987066728689829
25.53,0.0002348124471512878,-0.00020008346901312263
25.54,0.00023386194632460058,-0.00020027481569021133
25.55,0.00023288881760880628,-0.00020044470859009318
25.56,0.00023189321641552954,-0.00020059315128996525
25.57,0.00023087530021715863,-0.00020072014966954343
25.58,0.00022983522852535046,-0.00020082571190806789
25.59,0.00022877316286935395,-0.00020090984848105135
25.6,0.00022768926677416954,-0.0002009725721567987
25.61,0.00022658370573853267,-0.00020101389799266116
25.62,0.00022545664721273682,-0.0002010338433310571
25.63,0.0002243082605762909,-0.00020103242779524467
25.64,0.00022313871711541453,-0.0002010096732848517
25.65,0.0002219481900003803,-0.0002009656039711585
25.66,0.00022073685426269516,-0.00020090024629214467
25.67,0.00021950488677213682,-0.00020081362894728495
25.68,0.0002182524662136341,-0.0002007057828921161
25.69,0.00021697977306400388,-0.000200576741332554
25.7,0.00021568698956854677,-0.00020042653971897608
25.71,0.0002143742997174983,-0.0002002552157400625
25.72,0.00021304188922234335,-0.0002000628093164072
25.73,0.0002116899454919963,-0.00019984936259388167
25.74,0.0002103186576088517,-0.00019961491993677476
25.75,0.00020892821630469837,-0.00019935952792068883
25.76,0.000207518813936515,-0.00019908323532520717
25.77,0.00020609064446214,-0.00019878609312633428
25.78,0.00020464390341581634,-0.00019846815448868827
25.79,0.00020317878788362695,-0.00019812947475748667
25.8,0.00020169549647880823,-0.00019777011145027804
25.81,0.00020019422931695838,-0.0001973901242484718
25.82,0.0001986751879911275,-0.0001969895749886171
25.83,0.00019713857554681653,-0.00019656852765347456
25.84,0.0001955845964568566,-0.00019612704836285424
25.85,0.00019401345659620267,-0.000195665205364232
25.86,0.00019242536321662204,-0.00019518306902314812
25.87,0.00019082052492129037,-0.00019468071181338008
25.88,0.0001891991516392993,-0.0001941582083069015
25.89,0.0001875614546000745,-0.00019361563516361743
25.9,0.00018590764630770676,-0.00019305307112089075
25.91,0.00018423794051520558,-0.00019247059698284682
25.92,0.00018255255219866767,-0.00019186829560946658
25.93,0.0001808516975313778,-0.00019124625190547215
25.94,0.00017913559385782454,-0.0001906045528089923
25.95,0.00017740445966766023,-0.00018994328728002776
25.96,0.0001756585145695811,-0.00018926254628870456
25.97,0.00017389797926515186,-0.0001885624228033212
25.98,0.00017212307552256313,-0.00018784301177819
25.99,0.00017033402615033817,-0.00018710441014128126
26.0,0.00016853105497097355,-0.0001863467167816566
26.01,0.00016671438679454107,-0.00018557003253670922
26.02,0.00016488424739222808,-0.00018477446017920655
26.03,0.00016304086346983782,-0.00018396010440412808
26.04,0.0001611844626412503,-0.0001831270718153165
26.05,0.00015931527340183146,-0.00018227547091193325
26.06,0.00015743352510181986,-0.00018140541207471933
26.07,0.00015553944791966298,-0.00018051700755206902
26.08,0.00015363327283533882,-0.00017961037144591566
26.09,0.0001517152316036346,-0.0001786856196974277
26.1,0.00014978555672741167,-0.00017774287007252403
26.11,0.00014784448143084154,-0.00017678224214720488
26.12,0.00014589223963262042,-0.00017580385729269908
26.13,0.00014392906591917823,-0.0001748078386604355
26.14,0.000141955195517859,-0.00017379431116683512
26.15,0.00013997086427010696,-0.00017276340147792896
26.16,0.00013797630860462885,-0.0001717152379938
26.17,0.00013597176551056583,-0.0001706499508328554
26.18,0.00013395747251065615,-0.00016956767181592822
26.19,0.00013193366763439646,-0.0001684685344502089
26.2,0.0001299005893912182,-0.00016735267391301616
26.21,0.0001278584767436556,-0.000166220227035396
26.22,0.00012580756908054362,-0.00016507133228556677
26.23,0.0001237481061902054,-0.00016390612975219598
26.24,0.00012168032823367688,-0.00016272476112752838
26.25,0.00011960447571793442,-0.00016152736969034687
26.26,0.00011752078946915552,-0.0001603141002887902
26.27,0.00011542951060599619,-0.00015908509932301105
26.28,0.00011333088051289636,-0.0001578405147276862
26.29,0.00011122514081342264,-0.00015658049595438113
26.3,0.00010911253334363242,-0.00015530519395376484
26.31,0.00010699330012548689,-0.00015401476115768585
26.32,0.0001048676833402893,-0.0001527093514611014
26.33,0.00010273592530217743,-0.0001513891202038714
26.34,0.00010059826843164764,-0.00015005422415241185
26.35,9.845495522913809e-5,-0.00014870482148121678
26.36,9.630622824865714e-5,-0.0001473410717542447
26.37,9.41523300714548e-5,-0.00014596313590617277
26.38,9.199350327976897e-5,-0.0001445711762235271
26.39,8.982999043061007e-5,-0.00014316535632568188
26.4,8.766203402962259e-5,-0.0001417458411457392
26.41,8.548987650499572e-5,-0.00014031279691127985
26.42,8.331376018145619e-5,-0.00013886639112500358
26.43,8.113392725431293e-5,-0.00013740679254524554
26.44,7.895061976358542e-5,-0.0001359341711663769
26.45,7.67640795682055e-5,-0.00013444869819909827
26.46,7.457454832028548e-5,-0.00013295054605061687
26.47,7.23822674394839e-5,-0.00013143988830471886
26.48,7.018747808743223e-5,-0.00012991689970173428
26.49,6.799042114226885e-5,-0.00012838175611839883
26.5,6.579133717323766e-5,-0.00012683463454761176
26.51,6.359046641539602e-5,-0.00012527571307809906
26.52,6.138804874440573e-5,-0.00012370517087397816
26.53,5.9184323651414725e-5,-0.0001221231881542249
26.54,5.697953021805136e-5,-0.00012052994617205547
26.55,5.477390709150071e-5,-0.00011892562719420866
26.56,5.256769245970198e-5,-0.00011731041448015416
26.57,5.036112402662986e-5,-0.0001156844922612009
26.58,4.815443898770739e-5,-0.0001140480457195387
26.59,4.594787400530692e-5,-0.00011240126096718108
26.6,4.3741665184377354e-5,-0.00011074432502485055
26.61,4.15360480481847e-5,-0.00010907742580077367
26.62,3.933125751415975e-5,-0.00010740075206940657
26.63,3.712752786988204e-5,-0.00010571449345009715
26.64,3.492509274916662e-5,-0.00010401884038566666
26.65,3.272418510829693e-5,-0.00010231398412093792
26.66,3.052503720236174e-5,-0.00010060011668118967
26.67,2.8327880561739137e-5,-9.887743085055961e-5
26.68,2.6132945968703638e-5,-9.714612015038123e-5
26.69,2.3940463434161192e-5,-9.540637881746633e-5
26.7,2.17506621745374e-5,-9.365840178234091e-5
26.71,1.9563770588784506e-5,-9.190238464741655e-5
26.72,1.738001623554023e-5,-9.013852366512829e-5
26.73,1.5199625810424726e-5,-8.836701571601268e-5
26.74,1.302282512348585e-5,-8.658805828675264e-5
26.75,1.0849839076781937e-5,-8.480184944817191e-5
26.76,8.680891642127036e-6,-8.30085878331993e-5
26.77,6.5162058389767245e-6,-8.120847261479048e-5
26.78,4.356003712466331e-6,-7.940170348381509e-5
26.79,2.2005063116157375e-6,-7.758848062691997e-5
26.8,4.9933667675298114e-8,-7.57690047043516e-5
26.81,-2.0954952273542697e-6,-7.394347682776483e-5
26.82,-4.235562442054533e-6,-7.211209853799472e-5
26.83,-6.370051126745019e-6,-7.027507178281811e-5
26.84,-8.498745534486975e-6,-6.843259889468569e-5
26.85,-1.0621431041908637e-5,-6.658488256844756e-5
26.86,-1.2737894169871962e-5,-6.473212583905415e-5
26.87,-1.48479226039622e-5,-6.28745320592519e-5
26.88,-1.69513052148054e-5,-6.1012304877269546e-5
26.89,-1.904783207821262e-5,-5.914564821449079e-5
26.9,-2.1137294495149686e-5,-5.7274766243133214e-5
26.91,-2.3219485011526457e-5,-5.539986336391287e-5
26.92,-2.5294197437803742e-5,-5.352114418371986e-5
26.93,-2.7361226868426685e-5,-5.163881349329056e-5
26.94,-2.942036970106773e-5,-4.975307624488359e-5
26.95,-3.1471423655685e-5,-4.786413752997253e-5
26.96,-3.3514187793402266e-5,-4.597220255693576e-5
26.97,-3.554846253518409e-5,-4.4077476628770873e-5
26.98,-3.7574049680341854e-5,-4.2180165120814265e-5
26.99,-3.959075242483072e-5,-4.0280473458486745e-5
27.0,-4.1598375379364654e-5,-3.8378607095049536e-5
27.01,-4.35967245873298e-5,-3.647477148939226e-5
27.02,-4.558560754250528e-5,-3.456917208383781e-5
27.03,-4.756483320658848e-5,-3.266201428197534e-5
27.04,-4.9534212026512806e-5,-3.075350342652872e-5
27.05,-5.149355595157736e-5,-2.8843844777246835e-5
27.06,-5.3442678450361207e-5,-2.693324348883755e-5
27.07,-5.538139452744535e-5,-2.5021904588929963e-5
27.08,-5.730952073992146e-5,-2.3110032956083775e-5
27.09,-5.922687521370536e-5,-2.119783329782899e-5
27.1,-6.113327765962614e-5,-1.9285510128761908e-5
27.11,-6.302854938932255e-5,-1.7373267748676998e-5
27.12,-6.491251333092448e-5,-1.546131022074917e-5
27.13,-6.67849940445178e-5,-1.3549841349772087e-5
27.14,-6.86458177374043e-5,-1.1639064660440207e-5
27.15,-7.049481227914083e-5,-9.729183375695758e-6
27.16,-7.23318072163737e-5,-7.82040039512258e-6
27.17,-7.415663378744164e-5,-5.9129182734110315e-6
27.18,-7.59691249367777e-5,-4.006939198875938e-6
27.19,-7.776911532908651e-5,-2.1026649720404655e-6
27.2,-7.95564413632952e-5,-2.0029698429343903e-7
27.21,-8.13309411862982e-5,1.6999638033950762e-6
27.22,-8.309245470646706e-5,3.5979168816781588e-6
27.23,-8.484082360694932e-5,5.493362213970493e-6
27.24,-8.657589135873205e-5,7.386100257502688e-6
27.25,-8.829750323349811e-5,9.275931984309031e-6
27.26,-9.000550631623734e-5,1.1162658902123256e-5
27.27,-9.169974951764634e-5,1.3046083075201037e-5
27.28,-9.338008358629985e-5,1.4926007145058136e-5
27.29,-9.50463611205834e-5,1.6802234351111446e-5
27.3,-9.669843658041422e-5,1.867456855124843e-5
27.31,-9.833616629872056e-5,2.0542814242289683e-5
27.32,-9.995940849269496e-5,2.2406776580369277e-5
27.33,-0.0001015680232748148,2.4266261401214745e-5
27.34,-0.00010316187266364005,2.6121075240333403e-5
27.35,-0.0001047408205943664,2.7971025353096237e-5
27.36,-0.00010630473292915264,2.9815919734721043e-5
27.37,-0.00010785347746722015,3.1655567140158276e-5
27.38,-0.00010938692395470314,3.348977710386032e-5
27.39,-0.000110904944094284,3.531835995945496e-5
27.4,-0.00011240741155457184,3.714112685929911e-5
27.41,-0.00011389420197927158,3.8957889793931386e-5
27.42,-0.00011536519299608986,4.076846161140103e-5
27.43,-0.00011682026422542605,4.257265603649e-5
27.44,-0.00011825929728881644,4.437028768981375e-5
27.45,-0.00011968217581714103,4.6161172106800675e-5
27.46,-0.00012108878545859853,4.794512575655587e-5
27.47,-0.00012247901388643504,4.972196606059612e-5
27.48,-0.00012385275080644613,5.1491511411464255e-5
27.49,-0.000125209887964227,5.325358119121303e-5
27.5,-0.00012655031915219676,5.5007995789764445e-5
27.51,-0.00012787394021637297,5.675457662313312e-5
27.52,-0.00012918064906291475,5.849314615152003e-5
27.53,-0.00013047034566442353,6.022352789727596e-5
27.54,-0.00013174293206600469,6.194554646271902e-5
27.55,-0.00013299831239108788,6.365902754782486e-5
27.56,-0.00013423639284701152,6.536379796776824e-5
27.57,-0.00013545708173036414,6.705968567033221e-5
27.58,-0.0001366602894320864,6.874651975316443e-5
27.59,-0.00013784592844233716,7.042413048089835e-5
27.6,-0.0001390139133551129,7.20923493021176e-5
27.61,-0.0001401641608726332,7.375100886618279e-5
27.62,-0.0001412965898094846,7.539994303990147e-5
27.63,-0.0001424111210965231,7.703898692404664e-5
27.64,-0.00014350767778454078,7.866797686972839e-5
27.65,-0.00014458618504768907,8.028675049459974e-5
27.66,-0.00014564657018666734,8.189514669892058e-5
27.67,-0.00014668876263166682,8.349300568144745e-5
27.68,-0.0001477126939450797,8.508016895518084e-5
27.69,-0.00014871829782397137,8.665647936293656e-5
27.7,-0.00014970551010230873,8.822178109276422e-5
27.71,-0.0001506742687529554,8.977591969319867e-5
27.72,-0.00015162451388942512,9.131874208834352e-5
27.73,-0.00015255618776740406,9.285009659279494e-5
27.74,-0.00015346923478602845,9.436983292638631e-5
27.75,-0.0001543636014889319,9.587780222877545e-5
27.76,-0.0001552392365650534,9.737385707385235e-5
27.77,-0.00015609609084920987,9.885785148397269e-5
27.78,-0.00015693411732243542,0.00010032964094403019
27.79,-0.00015775327111208274,0.0001017890824153365
27.8,-0.00015855350949169316,0.00010323603434934024
27.81,-0.00015933479188063286,0.00010467035670115658
27.82,-0.00016009707984349222,0.0001060919109429267
27.83,-0.0001608403370892577,0.00010750056007698895
27.84,-0.00016156452947025003,0.00010889616864887818
27.85,-0.00016226962498083002,0.00011027860276013033
27.86,-0.00016295559375587232,0.00011164773008091545
27.87,-0.0001636224080690156,0.00011300341986247773
27.88,-0.00016427004233067754,0.00011434554294938966
27.89,-0.0001648984730858429,0.00011567397179162698
27.9,-0.0001655076790116245,0.00011698858045644324
27.91,-0.00016609764091459888,0.00011828924464006426
27.92,-0.00016666834172791094,0.00011957584167918945
27.93,-0.00016721976650816,0.00012084825056229806
27.94,-0.00016775190243205573,0.0001221063519407719
27.95,-0.0001682647387928541,0.00012335002813981143
27.96,-0.00016875826699656795,0.00012457916316917163
27.97,-0.00016923248055795872,0.00012579364273369162
27.98,-0.00016968737509630703,0.00012699335424363534
27.99,-0.00017012294833095956,0.00012817818682482772
28.0,-0.0001705392000766621,0.00012934803132860212
28.01,-0.0001709361322386722,0.00013050278034154012
28.02,-0.00017131374880765578,0.00013164232819501626
28.03,-0.00017167205585436802,0.00013276657097454326
28.04,-0.00017201106152411834,0.00013387540652891046
28.05,-0.0001723307760310247,0.00013496873447912976
28.06,-0.00017263121165205203,0.00013604645622716623
28.07,-0.00017291238272084221,0.0001371084749644767
28.08,-0.0001731743056213314,0.00013815469568033832
28.09,-0.000173416998781161,0.00013918502516997386
28.1,-0.0001736404826648797,0.00014019937204247027
28.11,-0.00017384477976693726,0.0001411976467284937
28.12,-0.00017402991460447557,0.00014217976148779498
28.13,-0.00017419591370991552,0.0001431456304165112
28.14,-0.00017434280562333927,0.00014409516945425652
28.15,-0.00017447062088467085,0.00014502829639100623
28.16,-0.00017457939202566116,0.00014594493087377106
28.17,-0.00017466915356166633,0.0001468449944130635
28.18,-0.0001747399419832372,0.00014772841038915462
28.19,-0.00017479179574750667,0.0001485951040581199
28.2,-0.00017482475526938335,0.00014944500255767155
28.21,-0.00017483886291255418,0.00015027803491278835
28.22,-0.00017483416298029353,0.0001510941320411252
28.23,-0.0001748107017060819,0.0001518932267582151
28.24,-0.00017476852724403628,0.0001526752537824614
28.25,-0.0001747076896591517,0.00015344014973991184
28.26,-0.00017462824091735922,0.00015418785316882676
28.27,-0.000174530234875397,0.00015491830452403003
28.28,-0.00017441372727049965,0.0001556314461810491
28.29,-0.00017427877570990602,0.00015632722244004294
28.3,-0.0001741254396601876,0.00015700557952951204
28.31,-0.00017395378043639733,0.0001576664656098
28.32,-0.00017376386119104332,0.00015830983077638253
28.33,-0.00017355574690288694,0.0001589356270629349
28.34,-0.00017332950436556728,0.00015954380844419614
28.35,-0.0001730852021760544,0.00016013433083860993
28.36,-0.00017282291072293123,0.00016070715211075927
28.37,-0.0001725427021745089,0.00016126223207358305
28.38,-0.00017224465046677446,0.0001617995324903801
28.39,-0.00017192883129117303,0.00016231901707659937
28.4,-0.00017159532208222715,0.0001628206515014167
28.41,-0.00017124420200499523,0.00016330440338909778
28.42,-0.00017087555194236865,0.0001637702423201495
28.43,-0.00017048945448221246,0.00016421813983225322
28.44,-0.0001700859939043482,0.00016464806942099048
28.45,-0.00016966525616738388,0.00016506000654035097
28.46,-0.0001692273288953894,0.00016545392860303266
28.47,-0.0001687723013644229,0.00016582981498052478
28.48,-0.00016830026448890688,0.00016618764700298283
28.49,-0.00016781131080785701,0.00016652740795888548
28.5,-0.00016730553447096667,0.00016684908309448764
28.51,-0.00016678303122454643,0.00016715265961305474
28.52,-0.00016624389839732396,0.00016743812667389165
28.53,-0.00016568823488610077,0.0001677054753911576
28.54,-0.00016511614114127595,0.00016795469883247122
28.55,-0.00016452771915222828,0.00016818579201730792
28.56,-0.00016392307243256993,0.00016839875191518465
28.57,-0.00016330230600526314,0.00016859357744363764
28.58,-0.0001626655263876109,0.00016877026946599116
28.59,-0.00016201284157611477,0.00016892883078892018
28.6,-0.00016134436103121188,0.00016906926615979938
28.61,-0.000160660195661883,0.00016919158226385344
28.62,-0.00015996045781013993,0.00016929578772109538
28.63,-0.00015924526123539413,0.00016938189308306185
28.64,-0.00015851472109870322,0.00016944991082933934
28.65,-0.0001577689539469063,0.0001694998553638926
28.66,-0.00015700807769663874,0.00016953174301118275
28.67,-0.0001562322116182403,0.0001695455920120841
28.68,-0.00015544147631955005,0.00016954142251960144
28.69,-0.00015463599372959208,0.0001695192565943803
28.7,-0.00015381588708215826,0.00016947911820002146
28.71,-0.00015298128089928374,0.0001694210331981899
28.72,-0.0001521323009746222,0.00016934502934352994
28.73,-0.0001512690743567193,0.00016925113627837485
28.74,-0.00015039172933219107,0.00016913938552726716
28.75,-0.00014950039540880165,0.00016900981049127175
28.76,-0.00014859520329845284,0.00016886244644210319
28.77,-0.00014767628490007707,0.00016869733051604787
28.78,-0.00014674377328244314,0.00016851450170769934
28.79,-0.00014579780266687389,0.0001683140008634983
28.8,-0.000144838508409879,0.00016809587067507516
28.81,-0.00014386602698570255,0.00016786015567240952
28.82,-0.00014288049596879117,0.00016760690221678763
28.83,-0.00014188205401618272,0.00016733615849358688
28.84,-0.00014087084084981634,0.00016704797450485192
28.85,-0.0001398469972387703,0.00016674240206170044
28.86,-0.00013881066498142548,0.0001664194947765316
28.87,-0.00013776198688755553,0.00016607930805505243
28.88,-0.00013670110676035593,0.00016572189908812312
28.89,-0.00013562816937839764,0.0001653473268434124
28.9,-0.00013454332047752303,0.00016495565205687773
28.91,-0.00013344670673267722,0.00016454693722406003
28.92,-0.00013233847573967836,0.000164121246591201
28.93,-0.0001312187759969336,0.00016367864614618062
28.94,-0.00013008775688709413,0.000163219203609277
28.95,-0.00012894556865866296,0.00016274298842375263
28.96,-0.0001277923624075439,0.0001622500717462627
28.97,-0.00012662829005854947,0.000161740526437093
28.98,-0.00012545350434685335,0.00016121442705022195
28.99,-0.00012426815879940686,0.00016067184982321362
29.0,-0.00012307240771630153,0.00016011287266694263
29.01,-0.00012186640615210299,0.00015953757515514564
29.02,-0.00012065030989713777,0.00015894603851381446
29.03,-0.00011942427545874507,0.0001583383456104107
29.04,-0.000118188460042499,0.00015771458094293104
29.05,-0.00011694302153339114,0.00015707483062879637
29.06,-0.00011568811847699196,0.00015641918239359042
29.07,-0.00011442391006057658,0.00015574772555962751
29.08,-0.00011315055609422798,0.00015506055103437267
29.09,-0.00011186821699191784,0.0001543577512986958
29.1,-0.00011057705375256495,0.00015363942039497497
29.11,-0.00010927722794107376,0.00015290565391504565
29.12,-0.00010796890166935498,0.00015215654898799197
29.13,-0.00010665223757733408,0.0001513922042677954
29.14,-0.00010532739881394449,0.00015061271992082624
29.15,-0.00010399454901810972,0.00014981819761318994
29.16,-0.0001026538522997192,0.0001490087404979291
29.17,-0.00010130547322059551,0.00014818445320207726
29.18,-9.994957677545718e-5,0.00014734544181356816
29.19,-9.858632837287974e-5,0.00014649181386801023
29.2,-9.721589381625785e-5,0.0001456236783353123
29.21,-9.583843928476462e-5,0.00014474114560617576
29.22,-9.445413131432216e-5,0.00014384432747845073
29.23,-9.306313677857032e-5,0.00014293333714335317
29.24,-9.166562286985008e-5,0.00014200828917155207
29.25,-9.026175708019154e-5,0.00014106929949912164
29.26,-8.885170718231961e-5,0.00014011648541336613
29.27,-8.743564121066894e-5,0.00013914996553851593
29.28,-8.601372744241798e-5,0.00013816985982129345
29.29,-8.458613437854188e-5,0.00013717628951635883
29.3,-8.31530307248827e-5,0.00013616937717162933
29.31,-8.171458537324751e-5,0.00013514924661347917
29.32,-8.027096738252309e-5,0.0001341160229318173
29.33,-7.882234595982621e-5,0.00013306983246504802
29.34,-7.736889044167376e-5,0.0001320108027849175
29.35,-7.591077027519066e-5,0.00013093906268124325
29.36,-7.444815499934791e-5,0.00012985474214653286
29.37,-7.298121422622703e-5,0.00012875797236049
29.38,-7.151011762233945e-5,0.00012764888567441264
29.39,-7.003503488996288e-5,0.00012652761559548475
29.4,-6.855613574853553e-5,0.00012539429677096417
29.41,-6.70735899160803e-5,0.00012424906497225926
29.42,-6.558756709068346e-5,0.000123092057078915
29.43,-6.409823693201215e-5,0.00012192341106249358
29.44,-6.260576904287983e-5,0.0001207432659703543
29.45,-6.111033295087053e-5,0.00011955176190934563
29.46,-5.9612098090002434e-5,0.0001183490400293946
29.47,-5.8111233782459035e-5,0.00011713524250701013
29.48,-5.6607909220360604e-5,0.00011591051252869335
29.49,-5.5102293447609706e-5,0.00011467499427426276
29.5,-5.3594555341783114e-5,0.00011342883290008596
29.51,-5.208486359609172e-5,0.00011217217452223601
29.52,-5.057338670140207e-5,0.00011090516619955891
29.53,-4.906029292832245e-5,0.0001096279559166619
29.54,-4.754575030935657e-5,0.00010834069256682596
29.55,-4.6029926621125285e-5,0.00010704352593483602
29.56,-4.451298936665957e-5,0.00010573660667974532
29.57,-4.299510575776357e-5,0.00010442008631755413
29.58,-4.147644269745712e-5,0.00010309411720383369
29.59,-3.995716676248345e-5,0.00010175885251626568
29.6,-3.843744418590829e-5,0.00010041444623712615
29.61,-3.6917440839785994e-5,9.906105313570091e-5
29.62,-3.5397322217915734e-5,9.769882875063462e-5
29.63,-3.38772534186714e-5,9.632792937222618e-5
29.64,-3.2357399127923314e-5,9.494851202465863e-5
29.65,-3.083792360204518e-5,9.356073444817747e-5
29.66,-2.931899065100295e-5,9.216475508120884e-5
29.67,-2.7800763621539656e-5,9.076073304243116e-5
29.68,-2.628340538045114e-5,8.934882811279164e-5
29.69,-2.476707829794276e-5,8.792920071747291e-5
29.7,-2.3251944231100557e-5,8.650201190781941e-5
29.71,-2.1738164507438973e-5,8.506742334320999e-5
29.72,-2.0225899908560048e-5,8.362559727289831e-5
29.73,-1.8715310653900305e-5,8.2176696517801e-5
29.74,-1.7206556384588847e-5,8.072088445225895e-5
29.75,-1.5699796147396903e-5,7.925832498575136e-5
29.76,-1.4195188378803335e-5,7.778918254458334e-5
29.77,-1.2692890889150967e-5,7.631362205353744e-5
29.78,-1.1193060846921556e-5,7.483180891749251e-5
29.79,-9.695854763114133e-6,7.334390900302103e-5
29.8,-8.201428475730133e-6,7.185008861994982e-5
29.81,-6.70993713437553e-6,7.035051450290954e-5
29.82,-5.221535184970925e-6,6.884535379284669e-5
29.83,-3.7363763545774083e-6,6.733477401853014e-5
29.84,-2.254613636336202e-6,6.581894307802679e-5
29.85,-7.763992745269733e-7,6.429802922017043e-5
29.86,6.981152502559546e-7,6.277220102601073e-5
29.87,2.1687792358117147e-6,6.124162739025172e-5
29.88,3.635442772913973e-6,5.970647750268156e-5
29.89,5.097956759776292e-6,5.816692082959089e-5
29.9,6.556172916390148e-6,5.6623127095189614e-5
29.91,8.009943798739007e-6,5.507526626301453e-5
29.92,9.459122812886173e-6,5.3523508517339866e-5
29.93,1.0903564228938928e-5,5.196802424458437e-5
29.94,1.2343123194879711e-5,5.0408984014719814e-5
29.95,1.377765575026775e-5,4.884655856268956e-5
29.96,1.5207018839817168e-5,4.7280918769823135e-5
29.97,1.663107032683095e-5,4.571223564526991e-5
29.98,1.8049669006512107e-5,4.414068030743273e-5
29.99,1.9462674619137213e-5,4.256642396542235e-5
30.0,2.0869947863092025e-5,4.098963790051805e-5
30.01,2.227135040777358e-5,3.941049344765121e-5
30.02,2.3666744906350257e-5,3.782916197690239e-5
30.03,2.50559950083945e-5,3.6245814875018485e-5
30.04,2.6438965372358543e-5,3.46606235269562e-5
30.05,2.7815521677923953e-5,3.3073759297443225e-5
30.06,2.9185530638199853e-5,3.148539351257196e-5
30.07,3.054886001178731e-5,2.9895697441413427e-5
30.08,3.190537861468733e-5,2.8304842277670555e-5
30.09,3.3254956332077375e-5,2.6712999121352984e-5
30.1,3.459746412993463e-5,2.5120338960495065e-5
30.11,3.5932774066508896e-5,2.352703265290301e-5
30.12,3.7260759303661524e-5,2.193325090794072e-5
30.13,3.858129411803703e-5,2.0339164268359873e-5
30.14,3.989425391210465e-5,1.8744943092164217e-5
30.15,4.119951522503173e-5,1.7150757534524405e-5
30.16,4.2496955743422054e-5,1.5556777529730848e-5
30.17,4.378645431188703e-5,1.3963172773202027e-5
30.18,4.506789094347758e-5,1.2370112703534714e-5
30.19,4.634114682995365e-5,1.0777766484607226e-5
30.2,4.7606104351902876e-5,9.18630298773962e-6
30.21,4.8862647088703286e-5,7.595890773901271e-6
30.22,5.01106598283289e-5,6.006698075982829e-6
30.23,5.135002857700429e-5,4.41889278111902e-6
30.24,5.2580640568693224e-5,2.832642413079206e-6
30.25,5.3802384274438175e-5,1.2481141147121988e-6
30.26,5.5015149411534104e-5,-3.3452536953707305e-7
30.27,5.6218826952546556e-5,-1.9151097110503987e-6
30.28,5.74133091341743e-5,-3.4934730143923425e-6
30.29,5.859848946593887e-5,-5.0694498345910455e-6
30.3,5.977426273872761e-5,-6.642875194355405e-6
30.31,6.094052503316577e-5,-8.21358460121179e-6
30.32,6.209717372783081e-5,-9.781414064574393e-6
30.33,6.32441075073012e-5,-1.1346200112730441e-5
30.34,6.438122637004746e-5,-1.2907779809755249e-5
30.35,6.550843163614952e-5,-1.4465990772340827e-5
30.36,6.662562595486214e-5,-1.6020671186547102e-5
30.37,6.773271331200984e-5,-1.7571659824469624e-5
30.38,6.88295990372117e-5,-1.911879606081817e-5
30.39,6.991618981095465e-5,-2.0661919889415923e-5
30.4,7.099239367148537e-5,-2.2200871939600587e-5
30.41,7.20581200215488e-5,-2.3735493492546773e-5
30.42,7.311327963495193e-5,-2.526562649748563e-5
30.43,7.415778466296616e-5,-2.6791113587838945e-5
30.44,7.519154864055885e-5,-2.8311798097257417e-5
30.45,7.621448649245964e-5,-2.9827524075555015e-5
30.46,7.722651453906066e-5,-3.1338136304557915e-5
30.47,7.822755050214263e-5,-3.284348031384006e-5
30.48,7.921751351044178e-5,-3.4343402396369474e-5
30.49,8.01963241050408e-5,-3.5837749624040876e-5
30.5,8.116390424459703e-5,-3.7326369863114184e-5
30.51,8.212017731039676e-5,-3.880911178953775e-5
30.52,8.306506811124381e-5,-4.028582490416958e-5
30.53,8.399850288818058e-5,-4.1756359547891214e-5
30.54,8.492040931903752e-5,-4.32205669166022e-5
30.55,8.58307165228125e-5,-4.467829907611544e-5
30.56,8.672935506388353e-5,-4.6129408976926006e-5
30.57,8.761625695605123e-5,-4.7573750468875506e-5
30.58,8.849135566641425e-5,-4.9011178315693e-5
30.59,8.935458611906765e-5,-5.044154820942425e-5
30.6,9.020588469864112e-5,-5.186471678473475e-5
30.61,9.104518925366357e-5,-5.32805416330984e-5
30.62,9.187243909975951e-5,-5.468888131686199e-5
30.63,9.26875750226723e-5,-5.6089595383184206e-5
30.64,9.349053928112517e-5,-5.748254437785496e-5
30.65,9.42812756095063e-5,-5.8867589858982693e-5
30.66,9.505972922039086e-5,-6.024459441056109e-5
30.67,9.582584680688897e-5,-6.161342165589857e-5
30.68,9.657957654482791e-5,-6.297393627092771e-5
30.69,9.732086809476653e-5,-6.432600399737743e-5
30.7,9.804967260383661e-5,-6.566949165581022e-5
30.71,9.876594270742348e-5,-6.700426715853634e-5
30.72,9.946963253067067e-5,-6.833019952238037e-5
30.73,0.00010016069768982409,-6.964715888132164e-5
30.74,0.00010083909529340298,-7.095501649899019e-5
30.75,0.00010150478394320657,-7.225364478103076e-5
30.76,0.0001021577237351536,-7.354291728732034e-5
30.77,0.00010279787625995538,-7.482270874405155e-5
30.78,0.00010342520460362162,-7.609289505567147e-5
30.79,0.00010403967334780024,-7.735335331667281e-5
30.8,0.0001046412485699537,-7.860396182325198e-5
30.81,0.00010522989784336706,-7.984460008480933e-5
30.82,0.00010580559023699523,-8.107514883531566e-5
30.83,0.00010636829631514002,-8.229549004451846e-5
30.84,0.00010691798813697058,-8.35055069290129e-5
30.85,0.00010745463925587372,-8.470508396315321e-5
30.86,0.00010797822471864509,-8.589410688981952e-5
30.87,0.00010848872106451677,-8.707246273103434e-5
30.88,0.00010898610632402207,-8.824003979841948e-5
30.89,0.00010947036001769984,-8.939672770351128e-5
30.9,0.00010994146315463751,-9.054241736791027e-5
30.91,0.00011039939823085447,-9.167700103328588e-5
30.92,0.00011084414922752184,-9.280037227121631e-5
30.93,0.00011127570160902894,-9.391242599288062e-5
30.94,0.00011169404232088492,-9.501305845858725e-5
30.95,0.000112099159787469,-9.610216728714531e-5
30.96,0.00011249104390961508,-9.71796514650812e-5
30.97,0.00011286968606204696,-9.824541135568697e-5
30.98,0.00011323507909065393,-9.929934870791684e-5
30.99,0.00011358721730960951,-0.00010034136666511642
31.0,0.00011392609649833983,-0.00010137136977359346
31.01,0.00011425171389833356,-0.00010238926399102347
31.02,0.00011456406820979987,-0.0001033949566946917
31.03,0.00011486315958817587,-0.00010438835668957374
31.04,0.00011514898964047907,-0.00010536937421624771
31.05,0.00011542156142151113,-0.00010633792095864456
31.06,0.00011568087942990886,-0.0001072939100516283
31.07,0.00011592694960404922,-0.00010823725608841382
31.08,0.00011615977931780111,-0.00010916787512781302
31.09,0.00011637937737613387,-0.00011008568470131747
31.1,0.0001165857540105763,-0.00011099060382001036
31.11,0.00011677892087452812,-0.00011188255298130828
31.12,0.00011695889103843045,-0.00011276145417553778
31.13,0.00011712567898478764,-0.00011362723089233652
31.14,0.00011727930060304728,-0.00011447980812689049
31.15,0.00011741977318433913,-0.00011531911238599345
31.16,0.00011754711541606905,-0.00011614507169394293
31.17,0.00011766134737637521,-0.00011695761559825497
31.18,0.00011776249052844236,-0.0001177566751752175
31.19,0.00011785056771467974,-0.0001185421830352638
31.2,0.0001179256031507583,-0.00011931407332817559
31.21,0.00011798762241951364,-0.00012007228174811477
31.22,0.00011803665246471139,-0.00012081674553847594
31.23,0.00011807272158467748,-0.00012154740349657656
31.24,0.00011809585942579855,-0.00012226419597815666
31.25,0.00011810609697588267,-0.00012296706490172557
31.26,0.0001181034665573955,-0.0001236559537527093
31.27,0.00011808800182056158,-0.00012433080758744806
31.28,0.0001180597377363359,-0.0001249915730370002
31.29,0.0001180187105892517,-0.00012563819831078123
31.3,0.00011796495797013398,-0.0001262706332000235
31.31,0.00011789851876869243,-0.00012688882908106318
31.32,0.00011781943316598703,-0.00012749273891845056
31.33,0.0001177277426267696,-0.00012808231726788204
31.34,0.00011762348989170238,-0.0001286575202789629
31.35,0.0001175067189694569,-0.0001292183056977881
31.36,0.00011737747512868952,-0.00012976463286935326
31.37,0.00011723580488989995,-0.0001302964627397822
31.38,0.00011708175601716997,-0.00013081375785838715
31.39,0.00011691537750978731,-0.00013131648237954817
31.4,0.00011673671959375157,-0.00013180460206441724
31.41,0.00011654583371316703,-0.0001322780842824494
31.42,0.00011634277252152226,-0.00013273689801275563
31.43,0.00011612758987285679,-0.00013318101384528013
31.44,0.00011590034081281838,-0.00013361040398180652
31.45,0.00011566108156960943,-0.0001340250422367825
31.46,0.00011540986954482581,-0.00013442490403797416
31.47,0.00011514676330418949,-0.00013480996642694382
31.48,0.000114871822568174,-0.00013518020805935253
31.49,0.00011458510820252673,-0.0001355356092050904
31.5,0.00011428668220868761,-0.00013587615174822938
31.51,0.00011397660771410629,-0.00013620181918680367
31.52,0.00011365494896245891,-0.00013651259663241742
31.53,0.00011332177130376521,-0.00013680847080967785
31.54,0.00011297714118440958,-0.00013708943005545377
31.55,0.00011262112613706242,-0.00013735546431796385
31.56,0.00011225379477051074,-0.00013760656515569101
31.57,0.0001118752167593911,-0.0001378427257361247
31.58,0.0001114854628338335,-0.00013806394083432989
31.59,0.00011108460476901091,-0.00013827020683134913
31.6,0.0001106727153746028,-0.00013846152171242867
31.61,0.00011024986848416767,-0.0001386378850650755
31.62,0.00010981613894443007,-0.00013879929807694585
31.63,0.00010937160260448224,-0.00013894576353356137
31.64,0.00010891633630490099,-0.00013907728581585916
31.65,0.00010845041786678316,-0.00013919387089757126
31.66,0.00010797392608069836,-0.0001392955263424334
31.67,0.00010748694069556392,-0.0001393822613012335
31.68,0.0001069895424074395,-0.0001394540865086836
31.69,0.00010648181284824608,-0.00013951101428013316
31.7,0.00010596383457440951,-0.0001395530585081121
31.71,0.00010543569105542864,-0.00013958023465870896
31.72,0.00010489746666237372,-0.00013959255976778577
31.73,0.00010434924665631008,-0.00013959005243702842
31.74,0.0001037911171766553,-0.00013957273282983197
31.75,0.00010322316522946604,-0.00013954062266702472
31.76,0.00010264547867565999,-0.00013949374522242926
31.77,0.00010205814621917059,-0.00013943212531826435
31.78,0.00010146125739503946,-0.000139355789320382
31.79,0.00010085490255744654,-0.00013926476513334904
31.8,0.00010023917286767727,-0.00013915908219536626
31.81,9.961416028203394e-5,-0.00013903877147303006
31.82,9.89799575396864e-5,-0.0001389038654559382
31.83,9.833665815046744e-5,-0.00013875439815113543
31.84,9.768435638261264e-5,-0.0001385904050774061
31.85,9.702314725044819e-5,-0.0001384119232594097
31.86,9.635312650202639e-5,-0.00013821899122166322
31.87,9.567439060670814e-5,-0.00013801164898236815
31.88,9.498703674270193e-5,-0.00013778993804708888
31.89,9.429116278454898e-5,-0.00013755390140227403
31.9,9.358686729056931e-5,-0.00013730358350863095
31.91,9.287424949025682e-5,-0.00013703903029434967
31.92,9.215340927163608e-5,-0.00013676028914817547
31.93,9.142444716857761e-5,-0.00013646740891233797
31.94,9.06874643480686e-5,-0.00013616043987532702
31.95,8.994256259745227e-5,-0.00013583943376453098
31.96,8.918984431162477e-5,-0.00013550444373872068
31.97,8.84294124801991e-5,-0.00013515552438039564
31.98,8.766137067463561e-5,-0.0001347927316879851
31.99,8.688582303533935e-5,-0.00013441612306790965
32.0,8.610287425872632e-5,-0.00013402575732649556
32.01,8.531262958426176e-5,-0.00013362169466175778
32.02,8.451519478146881e-5,-0.00013320399665503628
32.03,8.371067613691428e-5,-0.0001327727262625017
32.04,8.28991804411635e-5,-0.0001323279478065193
32.05,8.208081497571984e-5,-0.00013186972696687993
32.06,8.125568749993572e-5,-0.00013139813077189574
32.07,8.042390623790907e-5,-0.00013091322758936386
32.08,7.958557986535436e-5,-0.00013041508711739751
32.09,7.874081749646297e-5,-0.00012990378037512458
32.1,7.788972867074547e-5,-0.00012937937969326272
32.11,7.703242333985696e-5,-0.00012884195870455548
32.12,7.616901185441427e-5,-0.0001282915923340926
32.13,7.529960495079748e-5,-0.00012772835678949567
32.14,7.442431373794859e-5,-0.00012715232955098647
32.15,7.354324968415104e-5,-0.0001265635893613226
32.16,7.265652460381333e-5,-0.00012596221621562144
32.17,7.176425064424103e-5,-0.00012534829135105364
32.18,7.086654027240872e-5,-0.0001247218972364254
32.19,6.996350626172511e-5,-0.0001240831175616336
32.2,6.905526167880075e-5,-0.00012343203722701274
32.21,6.814191987021813e-5,-0.0001227687423325598
32.22,6.722359444929752e-5,-0.00012209332016704596
32.23,6.630039928287204e-5,-0.0001214058591970167
32.24,6.537244847806643e-5,-0.000120706449055681
32.25,6.443985636908326e-5,-0.00011999518053168675
32.26,6.350273750399065e-5,-0.00011927214555778983
32.27,6.256120663152805e-5,-0.00011853743719941258
32.28,6.161537868792366e-5,-0.00011779114964310369
32.29,6.0665368783709065e-5,-0.00011703337818488028
32.3,5.971129219056657e-5,-0.00011626421921848069
32.31,5.875326432818027e-5,-0.00011548377022350198
32.32,5.7791400751109614e-5,-0.00011469212975345107
32.33,5.6825817135671985e-5,-0.00011388939742368225
32.34,5.585662926685745e-5,-0.00011307567389924532
32.35,5.488395302525447e-5,-0.00011225106088263938
32.36,5.390790437400175e-5,-0.00011141566110146409
32.37,5.292859934576114e-5,-0.0001105695782959823
32.38,5.1946154029719427e-5,-0.00010971291720659172
32.39,5.096068455861481e-5,-0.00010884578356120392
32.4,4.997230709578999e-5,-0.00010796828406253579
32.41,4.898113782227172e-5,-0.00010708052637531173
32.42,4.798729292389092e-5,-0.00010618261911338059
32.43,4.699088857842353e-5,-0.00010527467182675156
32.44,4.599204094276887e-5,-0.00010435679498854365
32.45,4.499086614016391e-5,-0.00010342909998185015
32.46,4.3987480247433656e-5,-0.00010249169908653548
32.47,4.298199928227398e-5,-0.00010154470546594028
32.48,4.197453919057682e-5,-0.00010058823315351587
32.49,4.096521583379764e-5,-9.962239703938617e-5
32.5,3.995414497636072e-5,-9.864731285683162e-5
32.51,3.894144227310048e-5,-9.76630971687001e-5
32.52,3.792722325676229e-5,-9.666986735375337e-5
32.53,3.691160332553518e-5,-9.566774159294011e-5
32.54,3.5894697730633326e-5,-9.465683885560001e-5
32.55,3.487662156393073e-5,-9.36372788856073e-5
32.56,3.385748974563635e-5,-9.260918218744602e-5
32.57,3.283741701202873e-5,-9.157267001222627e-5
32.58,3.181651790323307e-5,-9.052786434363445e-5
32.59,3.079490675105341e-5,-8.947488788382713e-5
32.6,2.977269766686677e-5,-8.841386403927246e-5
32.61,2.8750004529556852e-5,-8.73449169065236e-5
32.62,2.7726940973518002e-5,-8.626817125794608e-5
32.63,2.6703620376708377e-5,-8.518375252739286e-5
32.64,2.568015584876766e-5,-8.409178679582426e-5
32.65,2.465666021918635e-5,-8.299240077687801e-5
32.66,2.363324602554416e-5,-8.188572180239489e-5
32.67,2.2610025501805778e-5,-8.07718778078945e-5
32.68,2.1587110566682493e-5,-7.965099731801139e-5
32.69,2.0564612812054995e-5,-7.852320943187941e-5
32.7,1.9542643491464114e-5,-7.738864380848231e-5
32.71,1.8521313508670353e-5,-7.624743065196399e-5
32.72,1.7500733406273153e-5,-7.509970069689373e-5
32.73,1.6481013354409504e-5,-7.394558519350356e-5
32.74,1.5462263139512637e-5,-7.278521589288429e-5
32.75,1.4444592153151008e-5,-7.16187250321548e-5
32.76,1.3428109380930351e-5,-7.044624531959032e-5
32.77,1.241292339147407e-5,-6.926790991972916e-5
32.78,1.1399142325480501e-5,-6.808385243845101e-5
32.79,1.0386873884844927e-5,-6.68942069080198e-5
32.8,9.376225321870813e-6,-6.569910777211229e-5
32.81,8.367303428547174e-6,-6.449868987081602e-5
32.82,7.360214525913695e-6,-6.329308842561245e-5
32.83,6.355064453495501e-6,-6.208243902432973e-5
32.84,5.3519585588265606e-6,-6.086687760608737e-5
32.85,4.351001687049568e-6,-5.9646540446221126e-5
32.86,3.3522981705978697e-6,-5.8421564141188146e-5
32.87,2.355951818962042e-6,-5.719208559346468e-5
32.88,1.362065908542515e-6,-5.595824199642854e-5
32.89,3.7074317258236487e-7,-5.472017081923636e-5
32.9,-6.179142088126815e-7,-5.347800979168334e-5
32.91,-1.6038046185638205e-6,-5.2231896889064856e-5
32.92,-2.586827012427462e-6,-5.098197031702813e-5
32.93,-3.5668809287066673e-6,-4.9728368496425616e-5
32.94,-4.5438664978822896e-6,-4.847123004815735e-5
32.95,-5.517684452148665e-6,-4.72106937780208e-5
32.96,-6.488236134856448e-6,-4.594689866156335e-5
32.97,-7.455423509870118e-6,-4.467998382892841e-5
32.98,-8.419149170828884e-6,-4.3410088549715716e-5
32.99,-9.379316350311611e-6,-4.213735221784306e-5
33.0,-1.0335828928909358e-5,-4.086191433642023e-5
33.01,-1.1288591444210177e-5,-3.9583914502624456e-5
33.02,-1.223750909967417e-5,-3.830349239259486e-5
33.03,-1.3182487773422908e-5,-3.7020787746339704e-5
33.04,-1.4123434026928716e-5,-3.5735940352649375e-5
33.05,-1.5060255113602762e-5,-3.444909003403595e-5
33.06,-1.599285898729051e-5,-3.316037663168263e-5
33.07,-1.6921154310657784e-5,-3.186993999042013e-5
33.08,-1.7845050463490702e-5,-3.057791994371354e-5
33.09,-1.8764457550882858e-5,-2.928445629867969e-5
33.1,-1.9679286411324778e-5,-2.7989688821129627e-5
33.11,-2.058944862469295e-5,-2.6693757220626988e-5
33.12,-2.149485652013677e-5,-2.5396801135583625e-5
33.13,-2.2395423183857363e-5,-2.4098960118378694e-5
33.14,-2.3291062466785198e-5,-2.2800373620512443e-5
33.15,-2.4181688992156433e-5,-2.1501180977783225e-5
33.16,-2.5067218162978238e-5,-2.020152139550831e-5
33.17,-2.5947566169392372e-5,-1.8901533933771874e-5
33.18,-2.682264999592878e-5,-1.7601357492716565e-5
33.19,-2.7692387428658635e-5,-1.6301130797863902e-5
33.2,-2.8556697062234806e-5,-1.5000992385481383e-5
33.21,-2.9415498306820983e-5,-1.3701080587992327e-5
33.22,-3.0268711394924328e-5,-1.2401533519418918e-5
33.23,-3.111625738810955e-5,-1.1102489060877983e-5
33.24,-3.1958058183604285e-5,-9.804084846119325e-6
33.25,-3.279403652079665e-5,-8.50645824711408e-6
33.26,-3.362411598762575e-5,-7.209746359683615e-6
33.27,-3.444822102685514e-5,-5.914085989187553e-6
33.28,-3.526627694223894e-5,-4.6196136362609985e-6
33.29,-3.607820990457576e-5,-3.3264654825999185e-6
33.3,-3.688394695764982e-5,-2.03477737680715e-6
33.31,-3.768341602406316e-5,-7.446848202904964e-7
33.32,-3.847654591094851e-5,5.436770467764279e-7
33.33,-3.926326631557487e-5,1.8301734594443129e-6
33.34,-4.004350783084034e-5,3.114670041909073e-6
33.35,-4.081720195064446e-5,4.397032821371831e-6
33.36,-4.158428107515316e-5,5.677128241843139e-6
33.37,-4.234467851594841e-5,6.954823177873631e-6
33.38,-4.3098328501059416e-5,8.229984948226215e-6
33.39,-4.38451661798809e-5,9.502481329472552e-6
33.4,-4.4585127627980606e-5,1.0772180569531998e-5
33.41,-4.5318149851783884e-5,1.2038951401130769e-5
33.42,-4.604417079314792e-5,1.3302663055196166e-5
33.43,-4.676312933381751e-5,1.456318527417036e-5
33.44,-4.7474965299766694e-5,1.5820388325261467e-5
33.45,-4.817961946542411e-5,1.7074143013611126e-5
33.46,-4.8877033557775014e-5,1.8324320695383666e-5
33.47,-4.9567150260362226e-5,1.9570793290786387e-5
33.48,-5.024991321715301e-5,2.081343329700226e-5
33.49,-5.09252670362988e-5,2.2052113801046042e-5
33.5,-5.159315729377816e-5,2.328670849253492e-5
33.51,-5.225353053691633e-5,2.451709167638294e-5
33.52,-5.290633428779544e-5,2.5743138285405165e-5
33.53,-5.3551517046539816e-5,2.6964723892834772e-5
33.54,-5.418902829449001e-5,2.8181724724761702e-5
33.55,-5.4818818497255944e-5,2.9394017672474646e-5
33.56,-5.544083910765338e-5,3.060148030471993e-5
33.57,-5.6055042568523445e-5,3.180399087986237e-5
33.58,-5.6661382315431814e-5,3.300142835796575e-5
33.59,-5.725981277925677e-5,3.419367241277142e-5
33.6,-5.78502893886519e-5,3.53806034435825e-5
33.61,-5.843276857239536e-5,3.6562102587063085e-5
33.62,-5.9007207761622684e-5,3.773805172892905e-5
33.63,-5.957356539193946e-5,3.8908333515549516e-5
33.64,-6.0131800905417796e-5,4.007283136544433e-5
33.65,-6.068187475247461e-5,4.123142948068919e-5
33.66,-6.122374839363608e-5,4.2384012858212995e-5
33.67,-6.175738430117899e-5,4.3530467300996664e-5
33.68,-6.22827459606591e-5,4.467067942916776e-5
33.69,-6.279979787232511e-5,4.580453669099543e-5
33.7,-6.330850555240715e-5,4.693192737377498e-5
33.71,-6.380883553429858e-5,4.8052740614608365e-5
33.72,-6.430075536961377e-5,4.916686641108047e-5
33.73,-6.478423362913536e-5,5.02741956318244e-5
33.74,-6.525923990364039e-5,5.1374620026979405e-5
33.75,-6.572574480461302e-5,5.2468032238535226e-5
33.76,-6.618371996484294e-5,5.3554325810574174e-5
33.77,-6.663313803890532e-5,5.463339519939284e-5
33.78,-6.707397270352718e-5,5.570513578351308e-5
33.79,-6.75061986578378e-5,5.676944387358271e-5
33.8,-6.792979162350791e-5,5.782621672216137e-5
33.81,-6.834472834476809e-5,5.887535253338596e-5
33.82,-6.875098658831784e-5,5.991675047252239e-5
33.83,-6.914854514311974e-5,6.09503106754046e-5
33.84,-6.95373838200816e-5,6.19759342577511e-5
33.85,-6.991748345161927e-5,6.299352332435867e-5
33.86,-7.028882589111503e-5,6.400298097818703e-5
33.87,-7.065139401225686e-5,6.50042113293142e-5
33.88,-7.100517170826865e-5,6.599711950377677e-5
33.89,-7.135014389102794e-5,6.698161165227709e-5
33.9,-7.168629649007218e-5,6.795759495878464e-5
33.91,-7.201361645149338e-5,6.892497764900165e-5
33.92,-7.23320917367235e-5,6.988366899870507e-5
33.93,-7.264171132120722e-5,7.083357934196679e-5
33.94,-7.294246519296841e-5,7.177462007925141e-5
33.95,-7.323434435106312e-5,7.270670368537956e-5
33.96,-7.351734080392746e-5,7.362974371736727e-5
33.97,-7.379144756761402e-5,7.4543654822142e-5
33.98,-7.405665866392247e-5,7.544835274412582e-5
33.99,-7.431296911842237e-5,7.634375433268994e-5
34.0,-7.456037495836525e-5,7.722977754947819e-5
34.01,-7.479887321049714e-5,7.810634147560649e-5
34.02,-7.502846189875935e-5,7.897336631872566e-5
34.03,-7.524914004188558e-5,7.983077341995213e-5
34.04,-7.546090765089491e-5,8.067848526067225e-5
34.05,-7.566376572647886e-5,8.151642546920972e-5
34.06,-7.585771625628635e-5,8.234451882736171e-5
34.07,-7.604276221210343e-5,8.316269127679884e-5
34.08,-7.621890754693227e-5,8.397086992533622e-5
34.09,-7.638615719196757e-5,8.476898305306607e-5
34.1,-7.654451705346877e-5,8.555696011835454e-5
34.11,-7.669399400953643e-5,8.633473176370702e-5
34.12,-7.683459590678386e-5,8.710222982149476e-5
34.13,-7.696633155691132e-5,8.785938731954685e-5
34.14,-7.708921073318003e-5,8.86061384866016e-5
34.15,-7.720324416678991e-5,8.934241875762657e-5
34.16,-7.730844354315618e-5,9.006816477899884e-5
34.17,-7.740482149809158e-5,9.078331441354484e-5
34.18,-7.749239161389291e-5,9.148780674544443e-5
34.19,-7.757116841532795e-5,9.21815820849989e-5
34.2,-7.764116736553153e-5,9.286458197325562e-5
34.21,-7.770240486180497e-5,9.353674918649362e-5
34.22,-7.775489823132323e-5,9.419802774057599e-5
34.23,-7.779866572674736e-5,9.484836289515614e-5
34.24,-7.783372652174722e-5,9.548770115774608e-5
34.25,-7.786010070643042e-5,9.611599028764595e-5
34.26,-7.787780928268211e-5,9.673317929973186e-5
34.27,-7.788687415941493e-5,9.733921846810337e-5
34.28,-7.788731814772901e-5,9.793405932958943e-5
34.29,-7.787916495598307e-5,9.851765468711843e-5
34.3,-7.786243918477982e-5,9.908995861293792e-5
34.31,-7.783716632186274e-5,9.965092645170258e-5
34.32,-7.780337273692749e-5,0.00010020051482341298
34.33,-7.776108567634908e-5,0.00010073868162621986
34.34,-7.771033325782199e-5,0.00010126538603908334
34.35,-7.765114446491974e-5,0.00010178058852428816
34.36,-7.758354914156911e-5,0.00010228425082982125
34.37,-7.750757798644442e-5,0.00010277633599160962
34.38,-7.74232625472793e-5,0.00010325680833560764
34.39,-7.733063521509892e-5,0.00010372563347975016
34.4,-7.722972921837228e-5,0.00010418277833576388
34.41,-7.712057861708616e-5,0.00010462821111083193
34.42,-7.700321829674177e-5,0.00010506190130912132
34.43,-7.687768396227381e-5,0.00010548381973316517
34.44,-7.674401213189405e-5,0.00010589393848510671
34.45,-7.66022401308597e-5,0.00010629223096780141
34.46,-7.645240608516756e-5,0.00010667867188577107
34.47,-7.629454891517542e-5,0.00010705323724602836
34.48,-7.612870832914949e-5,0.00010741590435875023
34.49,-7.595492481674242e-5,0.00010776665183781187
34.5,-7.577323964239964e-5,0.00010810545960118564
34.51,-7.558369483869583e-5,0.00010843230887119092
34.52,-7.538633319960304e-5,0.00010874718217461106
34.53,-7.518119827369161e-5,0.00010905006334266296
34.54,-7.496833435726273e-5,0.00010934093751083153
34.55,-7.474778648741703e-5,0.00010961979111856265
34.56,-7.451960043505553e-5,0.00010988661190881475
34.57,-7.428382269782045e-5,0.00011014138892747225
34.58,-7.404050049296878e-5,0.00011038411252262157
34.59,-7.378968175018615e-5,0.00011061477434368433
34.6,-7.353141510434013e-5,0.00011083336734041538
34.61,-7.326574988817064e-5,0.0001110398857617601
34.62,-7.299273612492426e-5,0.00011123432515457506
34.63,-7.271242452092768e-5,0.00011141668236221131
34.64,-7.242486645810665e-5,0.00011158695552295728
34.65,-7.213011398644568e-5,0.00011174514406835026
34.66,-7.18282198163944e-5,0.00011189124872134726
34.67,-7.151923731122002e-5,0.0001120252714943586
34.68,-7.120322047930494e-5,0.00011214721568714997
34.69,-7.088022396639282e-5,0.00011225708588460728
34.7,-7.055030304778367e-5,0.00011235488795436519
34.71,-7.021351362047917e-5,0.00011244062904430135
34.72,-6.986991219527615e-5,0.0001125143175799011
34.73,-6.951955588881653e-5,0.00011257596326148346
34.74,-6.916250241558391e-5,0.00011262557706129416
34.75,-6.879881007986087e-5,0.00011266317122047149
34.76,-6.842853776763457e-5,0.00011268875924587533
34.77,-6.805174493846195e-5,0.00011270235590678568
34.78,-6.766849161729313e-5,0.00011270397723147132
34.79,-6.727883838624698e-5,0.00011269364050362888
34.8,-6.688284637635248e-5,0.00011267136425868945
34.81,-6.648057725924476e-5,0.00011263716827999829
34.82,-6.607209323882542e-5,0.00011259107359486697
34.83,-6.565745704288317e-5,0.00011253310247049281
34.84,-6.523673191467796e-5,0.00011246327840975819
34.85,-6.480998160449012e-5,0.00011238162614689596
34.86,-6.43772703611325e-5,0.00011228817164303542
34.87,-6.393866292343202e-5,0.00011218294208161662
34.88,-6.349422451167477e-5,0.00011206596586368591
34.89,-6.304402081902335e-5,0.00011193727260306432
34.9,-6.258811800289975e-5,0.00011179689312139273
34.91,-6.212658267634152e-5,0.0001116448594430539
34.92,-6.165948189932632e-5,0.00011148120478997793
34.93,-6.118688317007516e-5,0.00011130596357631906
34.94,-6.0708854416320066e-5,0.00011111917140301678
34.95,-6.022546398655386e-5,0.00011092086505223547
34.96,-5.9736780641252194e-5,0.00011071108248168915
34.97,-5.924287354407343e-5,0.0001104898628188435
34.98,-5.874381225303485e-5,0.0001102572463550013
34.99,-5.8239666711669694e-5,0.0001100132745392746
35.0,-5.7730507240162346e-5,0.00010975798997244126
35.01,-5.721640452646502e-5,0.0001094914364006803
35.02,-5.6697429617395576e-5,0.00010921365870920151
35.03,-5.617365390972199e-5,0.00010892470291576013
35.04,-5.5645149141223575e-5,0.00010862461616405486
35.05,-5.5111987381745126e-5,0.00010831344671701912
35.06,-5.4574241024232544e-5,0.00010799124395000166
35.07,-5.4031982775756315e-5,0.00010765805834383469
35.08,-5.348528564852517e-5,0.00010731394147779851
35.09,-5.293422295088366e-5,0.00010695894602247204
35.1,-5.2378868278310605e-5,0.00010659312573248288
35.11,-5.18192955043955e-5,0.0001062165354391475
35.12,-5.12555787718167e-5,0.00010582923104300873
35.13,-5.068779248331005e-5,0.00010543126950626778
35.14,-5.01160112926338e-5,0.00010502270884511519
35.15,-4.9540310095523156e-5,0.00010460360812195938
35.16,-4.896076402064935e-5,0.00010417402743755208
35.17,-4.8377448420569795e-5,0.00010373402792301705
35.18,-4.779043886268152e-5,0.00010328367173177983
35.19,-4.7199811120170175e-5,0.00010282302203139579
35.2,-4.660564116296154e-5,0.00010235214299528469
35.21,-4.600800514867666e-5,0.00010187109979436983
35.22,-4.54069794135842e-5,0.00010137995858862014
35.23,-4.480264046356265e-5,0.00010087878651849956
35.24,-4.419506496506133e-5,0.00010036765169632558
35.25,-4.358432973607394e-5,9.984662319753168e-5
35.26,-4.297051173711124e-5,9.931577105184446e-5
35.27,-4.2353688062184884e-5,9.877516623436684e-5
35.28,-4.173393592980363e-5,9.822488065657907e-5
35.29,-4.111133267397128e-5,9.766498715724216e-5
35.3,-4.048595573520162e-5,9.709555949322835e-5
35.31,-3.985788265154217e-5,9.65166723302532e-5
35.32,-3.9227191049612195e-5,9.592840123353883e-5
35.33,-3.8593958635652055e-5,9.533082265837566e-5
35.34,-3.7958263186587376e-5,9.472401394062147e-5
35.35,-3.732018254111381e-5,9.41080532871076e-5
35.36,-3.6679794590789554e-5,9.34830197659703e-5
35.37,-3.6037177271151846e-5,9.284899329690288e-5
35.38,-3.539240855284938e-5,9.220605464133223e-5
35.39,-3.47455664327964e-5,9.155428539251927e-5
35.4,-3.4096728925343886e-5,9.089376796558284e-5
35.41,-3.3445974053471543e-5,9.022458558745145e-5
35.42,-3.279337984000746e-5,8.95468222867437e-5
35.43,-3.213902429886642e-5,8.88605628835779e-5
35.44,-3.148298542631011e-5,8.816589297930859e-5
35.45,-3.082534119223836e-5,8.746289894619733e-5
35.46,-3.0166169531503614e-5,8.675166791701778e-5
35.47,-2.950554833524813e-5,8.60322877745888e-5
35.48,-2.8843555442276827e-5,8.530484714124787e-5
35.49,-2.8180268630450662e-5,8.45694353682593e-5
35.5,-2.751576560811768e-5,8.382614252515949e-5
35.51,-2.6850124005565045e-5,8.307505938904079e-5
35.52,-2.618342136651047e-5,8.231627743377467e-5
35.53,-2.5515735139623955e-5,8.154988881918104e-5
35.54,-2.484714267007762e-5,8.077598638013038e-5
35.55,-2.417772119113458e-5,7.999466361560105e-5
35.56,-2.350754781577331e-5,7.920601467767269e-5
35.57,-2.283669952834313e-5,7.841013436047116e-5
35.58,-2.2165253176259632e-5,7.760711808905833e-5
35.59,-2.1493285461733528e-5,7.679706190827074e-5
35.6,-2.082087293354686e-5,7.598006247151345e-5
35.61,-2.0148091978854072e-5,7.515621702949519e-5
35.62,-1.9475018815035114e-5,7.432562341892634e-5
35.63,-1.8801729481583726e-5,7.348838005116515e-5
35.64,-1.8128299832039296e-5,7.264458590082301e-5
35.65,-1.7454805525955813e-5,7.179434049432124e-5
35.66,-1.6781322020923135e-5,7.093774389840977e-5
35.67,-1.6107924564619096e-5,7.007489670864407e-5
35.68,-1.543468818692525e-5,6.920590003782407e-5
35.69,-1.4761687692064896e-5,6.833085550439061e-5
35.7,-1.4088997650805102e-5,6.744986522078782e-5
35.71,-1.3416692392699424e-5,6.656303178179247e-5
35.72,-1.274484599837654e-5,6.567045825280319e-5
35.73,-1.2073532291879363e-5,6.477224815810098e-5
35.74,-1.1402824833052891e-5,6.386850546907639e-5
35.75,-1.0732796909986117e-5,6.295933459242995e-5
35.76,-1.0063521531492995e-5,6.204484035833491e-5
35.77,-9.395071419657911e-6,6.112512800858207e-5
35.78,-8.727519002428577e-6,6.020030318469408e-5
35.79,-8.060936406254807e-6,5.927047191601212e-5
35.8,-7.3953954487917445e-6,5.833574060776295e-5
35.81,-6.730967631649804e-6,5.739621602910127e-5
35.82,-6.067724133204697e-6,5.6452005301134105e-5
35.83,-5.405735801454053e-6,5.55032158849196e-5
35.84,-4.745073146942018e-6,5.454995556945128e-5
35.85,-4.085806335732559e-6,5.359233245962871e-5
35.86,-3.42800518243964e-6,5.263045496420219e-5
35.87,-2.7717391433235114e-6,5.1664431783713864e-5
35.88,-2.11707730943672e-6,5.0694371898417714e-5
35.89,-1.4640883998338875e-6,4.972038455619492e-5
35.9,-8.128407548407166e-7,4.874257926044979e-5
35.91,-1.6340232938444263e-7,4.776106575800455e-5
35.92,4.841593136171239e-7,4.677595402698173e-5
35.93,1.1297770098009407e-6,4.578735426468394e-5
35.94,1.7733839998464113e-6,4.4795376875461313e-5
35.95,2.4149139358952734e-6,4.3800132458582725e-5
35.96,3.054300887912398e-6,4.280173179610179e-5
35.97,3.691479349980214e-6,4.18002858407178e-5
35.98,4.3263842465283195e-6,4.0795905703642426e-5
35.99,4.9589509384991e-6,3.9788702642463106e-5
36.0,5.589115229446728e-6,3.877878804901493e-5
36.01,6.216813371571955e-6,3.776627343724721e-5
36.02,6.841982071686981e-6,3.6751270431103415e-5
36.03,7.464558497117167e-6,3.573389075240669e-5
36.04,8.084480281530854e-6,3.47142462087471e-5
36.05,8.701685530705021e-6,3.369244868138535e-5
36.06,9.316112828219293e-6,3.2668610113161374e-5
36.07,9.927701241081551e-6,3.164284249642122e-5
36.08,1.0536390325286995e-5,3.061525786094713e-5
36.09,1.1142120131301675e-5,2.9585968261910163e-5
36.1,1.1744831209480048e-5,2.8555085767837182e-5
36.11,1.2344464615411402e-5,2.7522722448589425e-5
36.12,1.2940961915190573e-5,2.64889903633652e-5
36.13,1.3534265190625779e-5,2.545400154871739e-5
36.14,1.4124317044360882e-5,2.4417868006597554e-5
36.15,1.4711060604941769e-5,2.3380701692412955e-5
36.16,1.5294439531794952e-5,2.234261450311395e-5
36.17,1.587439802014284e-5,2.130371826530341e-5
36.18,1.645088080583766e-5,2.026412472337287e-5
36.19,1.702383317013186e-5,1.9223945527661154e-5
36.2,1.759320094436038e-5,1.8183292222646046e-5
36.21,1.8158930514562204e-5,1.7142276235165553e-5
36.22,1.8720968826015602e-5,1.6101008862663333e-5
36.23,1.9279263387706457e-5,1.5059601261472837e-5
36.24,1.9833762276715963e-5,1.401816443513019e-5
36.25,2.0384414142531148e-5,1.297680922272601e-5
36.26,2.0931168211288292e-5,1.1935646287284179e-5
36.27,2.1473974289927628e-5,1.0894786104185045e-5
36.28,2.201278277027911e-5,9.854338949625282e-6
36.29,2.2547544633069658e-5,8.814414889111123e-6
36.3,2.307821145185345e-5,7.775123765997767e-6
36.31,2.360473539686052e-5,6.736575190066967e-6
36.32,2.4127069238774302e-5,5.6988785261506855e-6
36.33,2.4645166352426953e-5,4.662142882791085e-6
36.34,2.515898072041645e-5,3.6264771009523677e-6
36.35,2.5668466936646767e-5,2.5919897427777166e-6
36.36,2.6173580209789036e-5,1.558789080387243e-6
36.37,2.667427636666353e-5,5.26983084732081e-7
36.38,2.7170511855543718e-5,-5.033205855087526e-7
36.39,2.766224374937827e-5,-1.532014594973698e-6
36.4,2.8149429748938768e-5,-2.5589919426223733e-6
36.41,2.86320281858813e-5,-3.5841459726781935e-6
36.42,2.9109998025736136e-5,-4.607370385520247e-6
36.43,2.958329887081169e-5,-5.62855924852017e-6
36.44,3.005189096302052e-5,-6.647607006825111e-6
36.45,3.0515735186626412e-5,-7.66440849408054e-6
36.46,3.097479307090948e-5,-8.678858943094387e-6
36.47,3.142902679275324e-5,-9.690853996448513e-6
36.48,3.187839917915004e-5,-1.0700289717041018e-5
36.49,3.232287370962807e-5,-1.1707062598575063e-5
36.5,3.276241451858981e-5,-1.2711069575978572e-5
36.51,3.319698639758704e-5,-1.3712208035768032e-5
36.52,3.362655479749727e-5,-1.4710375826342284e-5
36.53,3.40510858306281e-5,-1.5705471268211466e-5
36.54,3.447054627274541e-5,-1.669739316416471e-5
36.55,3.488490356500895e-5,-1.768604080936322e-5
36.56,3.529412581584056e-5,-1.8671314001372322e-5
36.57,3.5698181802698875e-5,-1.9653113050115286e-5
36.58,3.609704097378669e-5,-2.0631338787768865e-5
36.59,3.649067344966679e-5,-2.1605892578577246e-5
36.6,3.687905002480379e-5,-2.2576676328596482e-5
36.61,3.726214216902094e-5,-2.354359249537052e-5
36.62,3.763992202888146e-5,-2.4506544097528482e-5
36.63,3.8012362428987044e-5,-2.5465434724308114e-5
36.64,3.8379436873190516e-5,-2.6420168545001192e-5
36.65,3.8741119545741044e-5,-2.737065031832928e-5
36.66,3.90973853123367e-5,-2.831678540173426e-5
36.67,3.944820972110381e-5,-2.9258479760594577e-5
36.68,3.979356900349225e-5,-3.0195639977357863e-5
36.69,4.013344007509591e-5,-3.112817326060076e-5
36.7,4.046780053638924e-5,-3.2055987454000685e-5
36.71,4.07966286733827e-5,-3.2978991045226876e-5
36.72,4.111990345820616e-5,-3.389709317475301e-5
36.73,4.1437604549604255e-5,-3.48102036445817e-5
36.74,4.174971229335782e-5,-3.571823292688622e-5
36.75,4.2056207722624405e-5,-3.662109217256474e-5
36.76,4.2357072558200565e-5,-3.751869321971541e-5
36.77,4.265228920870478e-5,-3.8410948602016876e-5
36.78,4.29418407706817e-5,-3.9297771557022956e-5
36.79,4.322571102863016e-5,-4.017907603437456e-5
36.8,4.3503884454948374e-5,-4.105477670391581e-5
36.81,4.377634620980866e-5,-4.192478896372416e-5
36.82,4.4043082140944835e-5,-4.278902894804647e-5
36.83,4.430407878337072e-5,-4.364741353514997e-5
36.84,4.4559323359017864e-5,-4.4499860355075996e-5
36.85,4.480880377629428e-5,-4.534628779730186e-5
36.86,4.505250862956891e-5,-4.6186615018310965e-5
36.87,4.5290427198581755e-5,-4.702076194906967e-5
36.88,4.552254944777169e-5,-4.784864930240725e-5
36.89,4.5748866025534376e-5,-4.867019858029923e-5
36.9,4.59693682633989e-5,-4.94853320810617e-5
36.91,4.618404817513595e-5,-5.0293972906439915e-5
36.92,4.6392898455783945e-5,-5.109604496860908e-5
36.93,4.659591248060318e-5,-5.189147299706689e-5
36.94,4.679308430395884e-5,-5.268018254543875e-5
36.95,4.698440865812365e-5,-5.3462099998176756e-5
36.96,4.716988095201047e-5,-5.423715257715838e-5
36.97,4.734949726983215e-5,-5.5005268348194915e-5
36.98,4.752325436968487e-5,-5.5766376227424975e-5
36.99,4.7691149682062875e-5,-5.6520405987618924e-5
37.0,4.785318130829582e-5,-5.726728826437403e-5
37.01,4.8009348018919076e-5,-5.8006954562212965e-5
37.02,4.815964925196975e-5,-5.873933726057667e-5
37.03,4.830408511121052e-5,-5.946436961971233e-5
37.04,4.844265636428525e-5,-6.018198578646194e-5
37.05,4.8575364440801716e-5,-6.089212079994538e-5
37.06,4.870221143034553e-5,-6.15947105971357e-5
37.07,4.88232000804238e-5,-6.228969201833441e-5
37.08,4.893833379433935e-5,-6.297700281253863e-5
37.09,4.9047616628997835e-5,-6.365658164270175e-5
37.1,4.9151053292642425e-5,-6.43283680908906e-5
37.11,4.9248649142525635e-5,-6.49923026633325e-5
37.12,4.934041018250904e-5,-6.56483267953591e-5
37.13,4.9426343060600067e-5,-6.629638285624085e-5
37.14,4.950645506641628e-5,-6.69364141539118e-5
37.15,4.958075412859186e-5,-6.756836493959097e-5
37.16,4.9649248812108976e-5,-6.819218041229207e-5
37.17,4.971194831557333e-5,-6.880780672322518e-5
37.18,4.976886246841524e-5,-6.94151909800886e-5
37.19,4.9820001728034546e-5,-7.001428125125503e-5
37.2,4.986537717687854e-5,-7.060502656984361e-5
37.21,4.990500051945508e-5,-7.118737693768328e-5
37.22,4.993888407928627e-5,-7.176128332917049e-5
37.23,4.99670407957966e-5,-7.232669769500835e-5
37.24,4.998948422114236e-5,-7.288357296584312e-5
37.25,5.000622851697683e-5,-7.343186305578637e-5
37.26,5.001728845115774e-5,-7.39715228658232e-5
37.27,5.002267939439251e-5,-7.450250828711789e-5
37.28,5.0022417316823455e-5,-7.502477620419717e-5
37.29,5.0016518784557566e-5,-7.553828449803191e-5
37.3,5.0005000956133e-5,-7.604299204900002e-5
37.31,4.9987881578930476e-5,-7.653885873974307e-5
37.32,4.996517898552659e-5,-7.702584545790344e-5
37.33,4.993691208999019e-5,-7.750391409875975e-5
37.34,4.990310038412349e-5,-7.797302756774006e-5
37.35,4.986376393364487e-5,-7.843314978282971e-5
37.36,4.981892337431941e-5,-7.888424567686232e-5
37.37,4.976859990803469e-5,-7.93262811997014e-5
37.38,4.971281529881963e-5,-7.975922332030927e-5
37.39,4.9651591868813606e-5,-8.018304002869938e-5
37.4,4.958495249418133e-5,-8.059770033778015e-5
37.41,4.951292060097505e-5,-8.100317428508927e-5
37.42,4.943552016094619e-5,-8.139943293440462e-5
37.43,4.935277568730546e-5,-8.178644837725337e-5
37.44,4.926471223043329e-5,-8.216419373430308e-5
37.45,4.9171355373540186e-5,-8.253264315664223e-5
37.46,4.907273122827731e-5,-8.289177182694492e-5
37.47,4.8968866430300806e-5,-8.324155596052966e-5
37.48,4.885978813478555e-5,-8.358197280629719e-5
37.49,4.874552401189431e-5,-8.39130006475641e-5
37.5,4.8626102242198735e-5,-8.423461880277749e-5
37.51,4.8501551512054804e-5,-8.454680762612169e-5
37.52,4.837190100893359e-5,-8.484954850801254e-5
37.53,4.823718041670729e-5,-8.514282387547708e-5
37.54,4.8097419910890785e-5,-8.5426617192424e-5
37.55,4.795265015384134e-5,-8.570091295980165e-5
37.56,4.780290228991301e-5,-8.596569671564441e-5
37.57,4.7648207940572986e-5,-8.622095503500767e-5
37.58,4.7488599199473225e-5,-8.646667552979121e-5
37.59,4.7324108627482887e-5,-8.670284684845365e-5
37.6,4.715476924768207e-5,-8.692945867561334e-5
37.61,4.698061454031356e-5,-8.71465017315408e-5
37.62,4.6801678437698817e-5,-8.735396777153941e-5
37.63,4.661799531911442e-5,-8.75518495852184e-5
37.64,4.642960000563069e-5,-8.774014099565041e-5
37.65,4.623652775491766e-5,-8.79188368584285e-5
37.66,4.603881425600949e-5,-8.808793306060568e-5
37.67,4.5836495624038534e-5,-8.824742651952877e-5
37.68,4.5629608394933085e-5,-8.839731518156492e-5
37.69,4.541818952008089e-5,-8.853759802071399e-5
37.7,4.520227636096052e-5,-8.866827503712362e-5
37.71,4.498190668374106e-5,-8.878934725548434e-5
37.72,4.475711865384786e-5,-8.890081672332449e-5
37.73,4.4527950830500214e-5,-8.900268650919742e-5
37.74,4.429444216121587e-5,-8.909496070076106e-5
37.75,4.405663197629031e-5,-8.917764440274792e-5
37.76,4.381455998324109e-5,-8.925074373483782e-5
37.77,4.356826626123018e-5,-8.931426582941449e-5
37.78,4.3317791255455266e-5,-8.93682188292253e-5
37.79,4.306317577151593e-5,-8.94126118849326e-5
37.8,4.280446096975231e-5,-8.944745515255964e-5
37.81,4.2541688359561244e-5,-8.947275979083778e-5
37.82,4.2274899793685045e-5,-8.948853795844084e-5
37.83,4.200413746247827e-5,-8.949480281113145e-5
37.84,4.172944388815038e-5,-8.949156849878711e-5
37.85,4.145086191898768e-5,-8.947885016233841e-5
37.86,4.116843472355092e-5,-8.945666393059922e-5
37.87,4.088220578485469e-5,-8.9425026916996e-5
37.88,4.0592218894524895e-5,-8.938395721620006e-5
37.89,4.029851814693816e-5,-8.933347390065503e-5
37.9,4.0001147933340605e-5,-8.927359701700922e-5
37.91,3.9700152935950074e-5,-8.920434758244733e-5
37.92,3.9395578122040926e-5,-8.912574758092121e-5
37.93,3.908746873801193e-5,-8.903781995929014e-5
37.94,3.877587030343775e-5,-8.894058862335367e-5
37.95,3.846082860510656e-5,-8.883407843379819e-5
37.96,3.8142389691042464e-5,-8.871831520203835e-5
37.97,3.7820599864514114e-5,-8.859332568597008e-5
37.98,3.74955056780301e-5,-8.845913758562618e-5
37.99,3.7167153927323915e-5,-8.83157795387339e-5
38.0,3.683559164532476e-5,-8.816328111618648e-5
38.01,3.650086609611954e-5,-8.800167281741605e-5
38.02,3.6163024768903616e-5,-8.78309860656748e-5
38.03,3.58221153719232e-5,-8.765125320322857e-5
38.04,3.547818582640785e-5,-8.746250748645151e-5
38.05,3.513128426049656e-5,-8.726478308084024e-5
38.06,3.4781459003154805e-5,-8.705811505593194e-5
38.07,3.4428758578086966e-5,-8.684253938013126e-5
38.08,3.407323169764136e-5,-8.661809291545913e-5
38.09,3.371492725671188e-5,-8.638481341220122e-5
38.1,3.335389432663333e-5,-8.614273950348113e-5
38.11,3.299018214907552e-5,-8.589191069973772e-5
38.12,3.2623840129930314e-5,-8.563236738312355e-5
38.13,3.225491783320217e-5,-8.536415080181791e-5
38.14,3.1883464974892945e-5,-8.508730306425159e-5
38.15,3.1509531416886617e-5,-8.48018671332527e-5
38.16,3.113316716083463e-5,-8.450788682011167e-5
38.17,3.075442234204218e-5,-8.420540677855544e-5
38.18,3.0373347223354092e-5,-8.38944724986534e-5
38.19,2.9989992189045435e-5,-8.357513030063481e-5
38.2,2.9604407738710444e-5,-8.324742732862742e-5
38.21,2.921664448116063e-5,-8.291141154432196e-5
38.22,2.882675312832167e-5,-8.256713172055368e-5
38.23,2.8434784489136977e-5,-8.221463743481306e-5
38.24,2.8040789463479028e-5,-8.185397906267328e-5
38.25,2.7644819036063277e-5,-8.148520777114859e-5
38.26,2.7246924270370078e-5,-8.110837551197648e-5
38.27,2.684715630257487e-5,-8.072353501482294e-5
38.28,2.6445566335486244e-5,-8.033073978042061e-5
38.29,2.6042205632492048e-5,-7.993004407363168e-5
38.3,2.5637125511515578e-5,-7.952150291643866e-5
38.31,2.5230377338982266e-5,-7.910517208086972e-5
38.32,2.4822012523796528e-5,-7.868110808184994e-5
38.33,2.441208251133064e-5,-7.824936816998628e-5
38.34,2.4000638777425222e-5,-7.781001032428552e-5
38.35,2.3587732822403766e-5,-7.736309324480486e-5
38.36,2.3173416165098937e-5,-7.690867634523644e-5
38.37,2.275774033689317e-5,-7.64468197454284e-5
38.38,2.2340756875775622e-5,-7.597758426384029e-5
38.39,2.1922517320415344e-5,-7.550103140993728e-5
38.4,2.1503073204244387e-5,-7.501722337652174e-5
38.41,2.1082476049565777e-5,-7.452622303200145e-5
38.42,2.0660777361673403e-5,-7.402809391260183e-5
38.43,2.023802862299195e-5,-7.352290021451595e-5
38.44,1.981428128723434e-5,-7.301070678599618e-5
38.45,1.9389586773578673e-5,-7.249157911938933e-5
38.46,1.8963996460867383e-5,-7.1965583343117e-5
38.47,1.8537561681821804e-5,-7.143278621359571e-5
38.48,1.8110333717282254e-5,-7.089325510710653e-5
38.49,1.7682363790467475e-5,-7.034705801161088e-5
38.5,1.7253703061259058e-5,-6.979426351851249e-5
38.51,1.6824402620502398e-5,-6.923494081436803e-5
38.52,1.6394513484339917e-5,-6.86691596725443e-5
38.53,1.596408658856141e-5,-6.809699044483455e-5
38.54,1.5533172782981053e-5,-6.751850405301367e-5
38.55,1.5101822825841323e-5,-6.69337719803567e-5
38.56,1.4670087378239698e-5,-6.634286626310218e-5
38.57,1.4238016998585483e-5,-6.574585948187823e-5
38.58,1.3805662137078047e-5,-6.51428247530745e-5
38.59,1.337307313021881e-5,-6.453383572017678e-5
38.6,1.2940300195347757e-5,-6.391896654505883e-5
38.61,1.2507393425207859e-5,-6.329829189922856e-5
38.62,1.2074402782539713e-5,-6.267188695503584e-5
38.63,1.164137809470744e-5,-6.203982737684074e-5
38.64,1.1208369048353555e-5,-6.140218931214489e-5
38.65,1.0775425184081776e-5,-6.075904938267968e-5
38.66,1.0342595891176726e-5,-6.011048467546168e-5
38.67,9.909930402349624e-6,-5.945657273381286e-5
38.68,9.477477788523756e-6,-5.87973915483474e-5
38.69,9.045286953640505e-6,-5.813301954791616e-5
38.7,8.613406629515143e-6,-5.746353559053132e-5
38.71,8.181885370711058e-6,-5.6789018954250056e-5
38.72,7.750771549458383e-6,-5.610954932803149e-5
38.73,7.320113350603698e-6,-5.5425206802562886e-5
38.74,6.8899587665933794e-6,-5.473607186105853e-5
38.75,6.460355592498198e-6,-5.4042225370030786e-5
38.76,6.031351421068648e-6,-5.334374857003441e-5
38.77,5.602993637828823e-6,-5.2640723066383777e-5
38.78,5.1753294162106455e-6,-5.19332308198517e-5
38.79,4.74840571272117e-6,-5.12213541373366e-5
38.8,4.3222692621489564e-6,-5.050517566251447e-5
38.81,3.896966572813907e-6,-4.9784778366465516e-5
38.82,3.472543921848472e-6,-4.906024553828411e-5
38.83,3.04904735052474e-6,-4.833166077566502e-5
38.84,2.626522659617196e-6,-4.75991079754749e-5
38.85,2.205015404810342e-6,-4.686267132430754e-5
38.86,1.7845708921412145e-6,-4.61224352890203e-5
38.87,1.3652341734877307e-6,-4.537848460725609e-5
38.88,9.470500420978584e-7,-4.4630904277952585e-5
38.89,5.300630281590557e-7,-4.387977955184151e-5
38.9,1.1431739441178575e-7,-4.3125195921927185e-5
38.91,-3.0014286819550904e-7,-4.236723911396432e-5
38.92,-7.132740448076832e-7,-4.1605995076919076e-5
38.93,-1.1250327009167656e-6,-4.084154997342678e-5
38.94,-1.5353756865815788e-6,-4.007399017023655e-5
38.95,-1.9442601405935236e-6,-3.9303402228652586e-5
38.96,-2.3516434945992416e-6,-3.8529872894971436e-5
38.97,-2.7574834771856768e-6,-3.775348909090993e-5
38.98,-3.1617381179086464e-6,-3.697433790403349e-5
38.99,-3.564365751284899e-6,-3.619250657817996e-5
39.0,-3.965325020732559e-6,-3.5408082503885475e-5
39.01,-4.364574882467502e-6,-3.4621153208803384e-5
39.02,-4.762074609355044e-6,-3.383180634812993e-5
39.03,-5.1577837947067874e-6,-3.304012969503009e-5
39.04,-5.551662356041565e-6,-3.224621113106284e-5
39.05,-5.9436705387864345e-6,-3.145013863661469e-5
39.06,-6.3337689199422876e-6,-3.0652000281334564e-5
39.07,-6.721918411690354e-6,-2.9851884214577756e-5
39.08,-7.108080264954507e-6,-2.9049878655852096e-5
39.09,-7.49221607291858e-6,-2.8246071885275463e-5
39.1,-7.874287774485791e-6,-2.744055223404278e-5
39.11,-8.25425765769752e-6,-2.6633408074898136e-5
39.12,-8.63208836309743e-6,-2.5824727812622716e-5
39.13,-9.00774288704768e-6,-2.5014599874531387e-5
39.14,-9.381184584992203e-6,-2.4203112700985617e-5
39.15,-9.75237717467443e-6,-2.3390354735914584e-5
39.16,-1.0121284739299312e-5,-2.2576414417356397e-5
39.17,-1.048787173064808e-5,-2.1761380168011848e-5
39.18,-1.0852102972141075e-5,-2.0945340385819344e-5
39.19,-1.1213943661847263e-5,-2.0128383434540386e-5
39.2,-1.1573359375445268e-5,-1.9310597634369127e-5
39.21,-1.1930316069129317e-5,-1.849207125256363e-5
39.22,-1.2284780082468349e-5,-1.76728924940904e-5
39.23,-1.26367181412065e-5,-1.6853149492297406e-5
39.24,-1.2986097360016764e-5,-1.603293029960585e-5
39.25,-1.3332885245199151e-5,-1.5212322878229928e-5
39.26,-1.3677049697327813e-5,-1.4391415090914276e-5
39.27,-1.4018559013843332e-5,-1.3570294691703112e-5
39.28,-1.4357381891594677e-5,-1.2749049316734708e-5
39.29,-1.4693487429325805e-5,-1.1927766475060041e-5
39.3,-1.5026845130111147e-5,-1.1106533539493156e-5
39.31,-1.5357424903734904e-5,-1.02854377374895e-5
39.32,-1.5685197069019157e-5,-9.464566142056549e-6
39.33,-1.6010132356096942e-5,-8.644005662690715e-6
39.34,-1.6332201908633244e-5,-7.823843036351334e-6
39.35,-1.6651377285989153e-5,-7.004164818467087e-6
39.36,-1.6967630465335624e-5,-6.185057373972229e-6
39.37,-1.7280933843710186e-5,-5.366606868382586e-6
39.38,-1.7591260240020083e-5,-4.5488992589038284e-6
39.39,-1.7898582896993016e-5,-3.7320202855810983e-6
39.4,-1.8202875483071157e-5,-2.916055462478464e-6
39.41,-1.8504112094251047e-5,-2.1010900689036394e-6
39.42,-1.8802267255870613e-5,-1.2872091406692435e-6
39.43,-1.9097315924340752e-5,-4.7449746139615013e-7
39.44,-1.9389233488821393e-5,3.3696044614684136e-7
39.45,-1.9677995772842958e-5,1.1470803286562098e-6
39.46,-1.996357903587413e-5,1.9557782108650967e-6
39.47,-2.0245959974835938e-5,2.762970404074813e-6
39.48,-2.052511572555728e-5,3.5685735146375404e-6
39.49,-2.080102386418066e-5,4.372504452395719e-6
39.5,-2.1073662408506742e-5,5.174680439073558e-6
39.51,-2.1343009819289467e-5,5.9750190166259784e-6
39.52,-2.160904500147672e-5,6.773438055534578e-6
39.53,-2.1871747305389074e-5,7.5698557630562064e-6
39.54,-2.2131096527853536e-5,8.364190691425827e-6
39.55,-2.2387072913274987e-5,9.156361746004623e-6
39.56,-2.2639657154654872e-5,9.946288193379272e-6
39.57,-2.2888830394556548e-5,1.0733889669407982e-5
39.58,-2.313457422601563e-5,1.1519086187217017e-5
39.59,-2.337687069339471e-5,1.2301798145140989e-5
39.6,-2.361570229318084e-5,1.3081946334607984e-5
39.61,-2.385105197473642e-5,1.3859451947974656e-5
39.62,-2.4082903140986467e-5,1.4634236586301213e-5
39.63,-2.431123964905665e-5,1.5406222267072282e-5
39.64,-2.4536045810854737e-5,1.617533143185738e-5
39.65,-2.4757306393602015e-5,1.6941486953919868e-5
39.66,-2.4975006620301127e-5,1.7704612145761237e-5
39.67,-2.5189132170162604e-5,1.8464630766609044e-5
39.68,-2.539966917896396e-5,1.9221467029843063e-5
39.69,-2.5606604239365836e-5,1.9975045610363686e-5
39.7,-2.5809924401168547e-5,2.0725291651897137e-5
39.71,-2.600961717151459e-5,2.147213077423551e-5
39.72,-2.62056705150423e-5,2.2215489080421754e-5
39.73,-2.6398072853979584e-5,2.2955293163863007e-5
39.74,-2.6586813068189093e-5,2.3691470115385884e-5
39.75,-2.677188049515869e-5,2.4423947530222015e-5
39.76,-2.6953264929938096e-5,2.5152653514933936e-5
39.77,-2.713095662502426e-5,2.587751669426974e-5
39.78,-2.7304946290191976e-5,2.659846621795311e-5
39.79,-2.7475225092273356e-5,2.7315431767407196e-5
39.8,-2.7641784654885048e-5,2.8028343562409923e-5
39.81,-2.780461705810049e-5,2.873713236767903e-5
39.82,-2.796371483807474e-5,2.9441729499388914e-5
39.83,-2.8119070986612648e-5,3.0142066831621418e-5
39.84,-2.8270678950689146e-5,3.083807680274073e-5
39.85,-2.8418532631913816e-5,3.152969242169972e-5
39.86,-2.8562626385949967e-5,3.2216847274277124e-5
39.87,-2.870295502187551e-5,3.289947552923966e-5
39.88,-2.8839513801500457e-5,3.35775119444334e-5
39.89,-2.897229843862503e-5,3.425089187279988e-5
39.9,-2.910130509825794e-5,3.4919551268322964e-5
39.91,-2.9226530395772923e-5,3.558342669189716e-5
39.92,-2.934797139602506e-5,3.624245531712498e-5
39.93,-2.9465625612410597e-5,3.689657493603379e-5
39.94,-2.9579491005881592e-5,3.754572396472582e-5
39.95,-2.9689565983907575e-5,3.8189841448943946e-5
39.96,-2.979584939939152e-5,3.8828867069563767e-5
39.97,-2.989834054953456e-5,3.946274114801058e-5
39.98,-2.9997039174654427e-5,4.0091404651596776e-5
39.99,-3.0091945456952478e-5,4.071479919878227e-5
40.0,-3.018306001923471e-5,4.133286706435414e-5
40.01,-3.027038392358803e-5,4.194555118453252e-5
40.02,-3.035391867000186e-5,4.25527951619935e-5
40.03,-3.043366619494842e-5,4.315454327081078e-5
40.04,-3.0509628869915434e-5,4.375074046132345e-5
40.05,-3.058180949988935e-5,4.4341332364918297e-5
40.06,-3.065021132179568e-5,4.492626529873273e-5
40.07,-3.071483800289088e-5,4.550548627027499e-5
40.08,-3.077569363911097e-5,4.607894298196823e-5
40.09,-3.0832782753372054e-5,4.6646583835606956e-5
40.1,-3.088611029382725e-5,4.720835793673109e-5
40.11,-3.09356816320802e-5,4.776421509892543e-5
40.12,-3.098150256135168e-5,4.831410584802439e-5
40.13,-3.102357929460434e-5,4.8857981426244536e-5
40.14,-3.1061918462621346e-5,4.9395793796224706e-5
40.15,-3.10965271120448e-5,4.992749564498981e-5
40.16,-3.112741270336857e-5,5.045304038782544e-5
40.17,-3.115458310888947e-5,5.0972382172071156e-5
40.18,-3.1178046610615194e-5,5.148547588082554e-5
40.19,-3.119781189813312e-5,5.19922771365708e-5
40.2,-3.121388806643346e-5,5.249274230470909e-5
40.21,-3.122628461369376e-5,5.298682849701531e-5
40.22,-3.123501143902257e-5,5.347449357500229e-5
40.23,-3.1240078840160846e-5,5.3955696153202095e-5
40.24,-3.1241497511145604e-5,5.4430395602361707e-5
40.25,-3.123927853993196e-5,5.489855205254684e-5
40.26,-3.123343340597615e-5,5.536012639616953e-5
40.27,-3.122397397778005e-5,5.581508029091973e-5
40.28,-3.121091251039759e-5,5.626337616261376e-5
40.29,-3.1194261642901484e-5,5.670497720795773e-5
40.3,-3.1174034395813295e-5,5.713984739721982e-5
40.31,-3.115024416849553e-5,5.756795147681777e-5
40.32,-3.112290473650759e-5,5.7989254971819553e-5
40.33,-3.1092030248923754e-5,5.8403724188354666e-5
40.34,-3.1057635225616626e-5,5.88113262159393e-5
40.35,-3.101973455450346e-5,5.9212028929711486e-5
40.36,-3.097834348875676e-5,5.960580099258195e-5
40.37,-3.093347764398325e-5,5.999261185729392e-5
40.38,-3.0885152995363686e-5,6.03724317683975e-5
40.39,-3.083338587476126e-5,6.0745231764133244e-5
40.4,-3.077819296779657e-5,6.11109836782286e-5
40.41,-3.0719591310888304e-5,6.146966014160887e-5
40.42,-3.06575982882612e-5,6.18212345840151e-5
40.43,-3.0592231628923223e-5,6.216568123553804e-5
40.44,-3.052350940360751e-5,6.250297512806131e-5
40.45,-3.0451450021686474e-5,6.283309209661789e-5
40.46,-3.0376072228053283e-5,6.315600878065588e-5
40.47,-3.0297395099972092e-5,6.347170262521835e-5
40.48,-3.021543804389913e-5,6.378015188203614e-5
40.49,-3.0130220792273822e-5,6.408133561052762e-5
40.5,-3.0041763400280523e-5,6.437523367871588e-5
40.51,-2.9950086242581818e-5,6.466182676405229e-5
40.52,-2.985521001002324e-5,6.494109635415748e-5
40.53,-2.975715570631036e-5,6.521302474746955e-5
40.54,-2.9655944644657646e-5,6.547759505380892e-5
40.55,-2.955159844441122e-5,6.573479119484898e-5
40.56,-2.9444139027646073e-5,6.598459790450795e-5
40.57,-2.9333588615734853e-5,6.622700072924262e-5
40.58,-2.9219969725892948e-5,6.646198602826444e-5
40.59,-2.9103305167697697e-5,6.668954097366112e-5
40.6,-2.898361803958456e-5,6.690965355043387e-5
40.61,-2.8860931725315863e-5,6.712231255644802e-5
40.62,-2.873526989042971e-5,6.732750760229454e-5
40.63,-2.8606656478663317e-5,6.752522911106613e-5
40.64,-2.8475115708354903e-5,6.77154683180481e-5
40.65,-2.83406720688217e-5,6.789821727031874e-5
40.66,-2.820335031671844e-5,6.807346882626707e-5
40.67,-2.8063175472373467e-5,6.824121665502217e-5
40.68,-2.7920172816104187e-5,6.840145523579924e-5
40.69,-2.7774367884510766e-5,6.85541798571554e-5
40.7,-2.7625786466754386e-5,6.86993866161667e-5
40.71,-2.7474454600811366e-5,6.883707241751231e-5
40.72,-2.73203985697105e-5,6.896723497247906e-5
40.73,-2.7163644897753425e-5,6.908987279788093e-5
40.74,-2.700422034671385e-5,6.920498521488972e-5
40.75,-2.6842151912023483e-5,6.931257234778645e-5
40.76,-2.6677466818937756e-5,6.941263512262683e-5
40.77,-2.651019251868693e-5,6.950517526582213e-5
40.78,-2.6340356684611136e-5,6.959019530263657e-5
40.79,-2.6167987208279193e-5,6.966769855560577e-5
40.8,-2.5993112195594344e-5,6.973768914286596e-5
40.81,-2.5815759962883418e-5,6.980017197640552e-5
40.82,-2.5635959032973845e-5,6.985515276023152e-5
40.83,-2.5453738131256782e-5,6.990263798845816e-5
40.84,-2.5269126181736665e-5,6.994263494330796e-5
40.85,-2.5082152303069517e-5,6.997515169303791e-5
40.86,-2.4892845804588505e-5,7.00001970897799e-5
40.87,-2.4701236182319127e-5,7.001778076730417e-5
40.88,-2.4507353114981223e-5,7.00279131387025e-5
40.89,-2.4311226459984284e-5,7.003060539398705e-5
40.9,-2.4112886249408847e-5,7.002586949761834e-5
40.91,-2.3912362685981793e-5,7.001371818594478e-5
40.92,-2.3709686139040054e-5,6.99941649645727e-5
40.93,-2.3504887140488976e-5,6.996722410565184e-5
40.94,-2.3297996380748976e-5,6.9932910645086e-5
40.95,-2.3089044704697676e-5,6.989124037966555e-5
40.96,-2.2878063107605035e-5,6.98422298641263e-5
40.97,-2.266508273105972e-5,6.978589640812492e-5
40.98,-2.2450134858891825e-5,6.972225807314743e-5
40.99,-2.2233250913089546e-5,6.965133366933488e-5
41.0,-2.2014462449710785e-5,6.957314275223854e-5
41.01,-2.179380115478911e-5,6.948770561949772e-5
41.02,-2.15712988402384e-5,6.939504330744717e-5
41.03,-2.1346987439751766e-5,6.92951775876466e-5
41.04,-2.1120899004697896e-5,6.918813096334041e-5
41.05,-2.0893065700015704e-5,6.90739266658444e-5
41.06,-2.0663519800106216e-5,6.895258865085821e-5
41.07,-2.0432293684723743e-5,6.882414159471045e-5
41.08,-2.0199419834864408e-5,6.86886108905269e-5
41.09,-1.9964930828655945e-5,6.85460226443366e-5
41.1,-1.9728859337246894e-5,6.839640367109864e-5
41.11,-1.949123812069468e-5,6.823978149066681e-5
41.12,-1.925210002385719e-5,6.807618432368211e-5
41.13,-1.9011477972283563e-5,6.790564108739805e-5
41.14,-1.8769404968108993e-5,6.772818139143724e-5
41.15,-1.8525914085947915e-5,6.754383553348193e-5
41.16,-1.8281038468795766e-5,6.735263449489792e-5
41.17,-1.803481132392742e-5,6.715460993629063e-5
41.18,-1.7787265918806232e-5,6.694979419300063e-5
41.19,-1.753843557699165e-5,6.673822027052683e-5
41.2,-1.728835367405367e-5,6.651992183989377e-5
41.21,-1.703705363349428e-5,6.629493323294767e-5
41.22,-1.6784568922670415e-5,6.606328943759506e-5
41.23,-1.6530933048726927e-5,6.582502609297853e-5
41.24,-1.6276179554533932e-5,6.558017948458565e-5
41.25,-1.6020342014631662e-5,6.532878653930314e-5
41.26,-1.5763454031182908e-5,6.50708848204079e-5
41.27,-1.5505549229932193e-5,6.480651252249608e-5
41.28,-1.5246661256176959e-5,6.453570846635698e-5
41.29,-1.4986823770742624e-5,6.425851209378581e-5
41.3,-1.4726070445969542e-5,6.39749634623392e-5
41.31,-1.4464434961710113e-5,6.36851032400329e-5
41.32,-1.4201951001335507e-5,6.338897269998514e-5
41.33,-1.3938652247751836e-5,6.308661371500012e-5
41.34,-1.367457237942849e-5,6.277806875210056e-5
41.35,-1.3409745066439194e-5,6.246338086700313e-5
41.36,-1.3144203966511673e-5,6.214259369853946e-5
41.37,-1.2877982721092333e-5,6.181575146302664e-5
41.38,-1.2611114951422824e-5,6.148289894858388e-5
41.39,-1.2343634254630634e-5,6.114408150939519e-5
41.4,-1.2075574199831222e-5,6.0799345059926045e-5
41.41,-1.1806968324246331e-5,6.04487360690833e-5
41.42,-1.1537850129335507e-5,6.0092301554331764e-5
41.43,-1.126825307694396e-5,5.973008907575761e-5
41.44,-1.0998210585463718e-5,5.936214673008388e-5
41.45,-1.0727756026010565e-5,5.898852314464088e-5
41.46,-1.0456922718620821e-5,5.8609267471288405e-5
41.47,-1.0185743928459101e-5,5.822442938029e-5
41.48,-9.914252862046455e-6,5.783405905414595e-5
41.49,-9.642482663505435e-6,5.7438207181378175e-5
41.5,-9.370466410822717e-6,5.703692495027289e-5
41.51,-9.098237112128502e-6,5.6630264042580035e-5
41.52,-8.825827701995602e-6,5.621827662716954e-5
41.53,-8.553271037758903e-6,5.5801015353648484e-5
41.54,-8.2805998958507e-6,5.5378533345933076e-5
41.55,-8.00784696815689e-6,5.4950884195784766e-5
41.56,-7.735044858396592e-6,5.451812195630541e-5
41.57,-7.4622260785168615e-6,5.4080301135392905e-5
41.58,-7.189423045109923e-6,5.36374766891609e-5
41.59,-6.916668075855411e-6,5.318970401531869e-5
41.6,-6.643993385977498e-6,5.27370389465209e-5
41.61,-6.371431084729012e-6,5.227953774367241e-5
41.62,-6.099013171895563e-6,5.181725708920681e-5
41.63,-5.8267715343220836e-6,5.135025408032712e-5
41.64,-5.554737942464621e-6,5.08785862222154e-5
41.65,-5.282944046960242e-6,5.0402311421205524e-5
41.66,-5.011421375227771e-6,4.992148797793105e-5
41.67,-4.74020132808523e-6,4.943617458043586e-5
41.68,-4.469315176397433e-6,4.8946430297261895e-5
41.69,-4.198794057743144e-6,4.845231457049903e-5
41.7,-3.928668973111687e-6,4.7953887208813414e-5
41.71,-3.6589707836214876e-6,4.745120838044773e-5
41.72,-3.389730207265806e-6,4.6944338606189355e-5
41.73,-3.1209778156833764e-6,4.6433338752318454e-5
41.74,-2.8527440309569398e-6,4.591827002352674e-5
41.75,-2.585059122436076e-6,4.53991939558173e-5
41.76,-2.317953203587825e-6,4.4876172409372134e-5
41.77,-2.051456228875695e-6,4.434926756140553e-5
41.78,-1.785597990663615e-6,4.381854189899101e-5
41.79,-1.5204081161473292e-6,4.328405821186664e-5
41.8,-1.255916064320137e-6,4.2745879585222676e-5
41.81,-9.921511229567838e-7,4.220406939246797e-5
41.82,-7.291424056336942e-7,4.165869128797861e-5
41.83,-4.6691884877513224e-7,4.110980919982527e-5
41.84,-2.0550920872690602e-7,4.0557487322489563e-5
41.85,5.505794113468184e-8,4.0001790109558426e-5
41.86,3.147542132732844e-7,3.944278226640625e-5
41.87,5.735514088240171e-7,3.8880528742860016e-5
41.88,8.31421520401874e-7,3.831509472585241e-5
41.89,1.0883367348754724e-6,3.774654563206284e-5
41.9,1.3442694361107884e-6,3.7174947100541975e-5
41.91,1.5991922076875679e-6,3.6600364985328577e-5
41.92,1.8530778355779848e-6,3.6022865348055096e-5
41.93,2.10589931080104e-6,3.544251445054321e-5
41.94,2.3576298320402403e-6,3.4859378747388554e-5
41.95,2.6082428082336267e-6,3.427352487853908e-5
41.96,2.857711861125256e-6,3.36850196618682e-5
41.97,3.1060108277940315e-6,3.30939300857358e-5
41.98,3.353113763141255e-6,3.250032330154774e-5
41.99,3.598994942349483e-6,3.1904266616309574e-5
42.0,3.84362886331018e-6,3.130582748517597e-5
42.01,4.0869902490128144e-6,3.0705073503995796e-5
42.02,4.329054049907682e-6,3.010207240185503e-5
42.03,4.56979544622866e-6,2.949689203362093e-5
42.04,4.809189850287802e-6,2.8889600372479725e-5
42.05,5.047212908731683e-6,2.8280265502478493e-5
42.06,5.283840504768083e-6,2.7668955611066152e-5
42.07,5.519048760353498e-6,2.705573898163729e-5
42.08,5.7528140383508365e-6,2.644068398607542e-5
42.09,5.985112944650696e-6,2.582385907730126e-5
42.1,6.21592233025786e-6,2.5205332781826472e-5
42.11,6.445219293341903e-6,2.458517369230787e-5
42.12,6.672981181256674e-6,2.39634504601105e-5
42.13,6.89918559252061e-6,2.334023178787567e-5
42.14,7.123810378763141e-6,2.271558642209741e-5
42.15,7.346833646636754e-6,2.2089583145703175e-5
42.16,7.568233759691931e-6,2.1462290770647125e-5
42.17,7.787989340218248e-6,2.083377813051082e-5
42.18,8.006079271047379e-6,2.020411407311496e-5
42.19,8.222482697323145e-6,1.9573367453140066e-5
42.2,8.43717902823201e-6,1.8941607124760893e-5
42.21,8.65014793870023e-6,1.8308901934294135e-5
42.22,8.861369371056443e-6,1.7675320712855713e-5
42.23,9.070823536649536e-6,1.7040932269035264e-5
42.24,9.278490917443513e-6,1.6405805381584055e-5
42.25,9.484352267560985e-6,1.5770008792120765e-5
42.26,9.688388614803461e-6,1.5133611197848135e-5
42.27,9.890581262125816e-6,1.4496681244292285e-5
42.28,1.0090911789077424e-5,1.385928751805808e-5
42.29,1.0289362053207814e-5,1.3221498539600767e-5
42.3,1.0485914191431574e-5,1.2583382756019861e-5
42.31,1.0680550621360008e-5,1.1945008533871189e-5
42.32,1.0873254042594377e-5,1.1306444152002283e-5
42.33,1.1064007437982414e-5,1.0667757794404302e-5
42.34,1.1252794074834443e-5,1.0029017543091257e-5
42.35,1.1439597506109706e-5,9.39029137100095e-6
42.36,1.1624401571558134e-5,8.751647134916182e-6
42.37,1.1807190398827683e-5,8.113152568414948e-6
42.38,1.198794840453583e-5,7.474875274843007e-6
42.39,1.216666029530124e-5,6.836882720314161e-6
42.4,1.2343311068740746e-5,6.199242226734549e-6
42.41,1.2517886014425126e-5,5.562020964855348e-6
42.42,1.2690370714802823e-5,4.925285947355042e-6
42.43,1.2860751046080491e-5,4.289104021948874e-6
42.44,1.3029013179070148e-5,3.6535418645258017e-6
42.45,1.319514357999947e-5,3.0186659723184914e-6
42.46,1.3359129011280602e-5,2.3845426571037423e-6
42.47,1.3520956532246095e-5,1.7512380384314366e-6
42.48,1.368061349984248e-5,1.1188180368887449e-6
42.49,1.3838087569294298e-5,4.873483673943441e-7
42.5,1.3993366694720497e-5,-1.43105467469832e-7
42.51,1.4146439129722585e-5,-7.724781840991561e-7
42.52,1.4297293427932846e-5,-1.4007047244667897e-6
42.53,1.4445918443518902e-5,-2.02772026268964e-6
42.54,1.459230333166448e-5,-2.6534602115618538e-6
42.55,1.4736437548998358e-5,-3.2778602290472594e-6
42.56,1.4878310853996548e-5,-3.900856224738187e-6
42.57,1.5017913307342735e-5,-4.522384366272025e-6
42.58,1.515523527225396e-5,-5.1423810857149475e-6
42.59,1.5290267414766435e-5,-5.760783085902709e-6
42.6,1.5423000703988064e-5,-6.377527346740435e-6
42.61,1.555342641231078e-5,-6.992551131467051e-6
42.62,1.5681536115589678e-5,-7.605791992874501e-6
42.63,1.5807321693282425e-5,-8.217187779487314e-6
42.64,1.593077532855179e-5,-8.82667664169719e-6
42.65,1.6051889508337538e-5,-9.434197037861436e-6
42.66,1.617065702338118e-5,-1.003968774034984e-5
42.67,1.6287070968226604e-5,-1.0643087841554414e-5
42.68,1.6401124741175222e-5,-1.124433675984849e-5
42.69,1.651281204420922e-5,-1.1843374245508649e-5
42.7,1.6622126882878283e-5,-1.2440140386583361e-5
42.71,1.672906356614976e-5,-1.3034575614719092e-5
42.72,1.6833616706222835e-5,-1.3626620710940788e-5
42.73,1.693578121830852e-5,-1.421621681138185e-5
42.74,1.7035552320372572e-5,-1.4803305412971315e-5
42.75,1.7132925532843265e-5,-1.538782837906443e-5
42.76,1.7227896678284506e-5,-1.5969727945034986e-5
42.77,1.732046188103336e-5,-1.6548946723810842e-5
42.78,1.741061756680233e-5,-1.7125427711359578e-5
42.79,1.7498360462246875e-5,-1.7699114292130523e-5
42.8,1.758368759449764e-5,-1.826995024443714e-5
42.81,1.7666596290661003e-5,-1.8837879745795563e-5
42.82,1.7747084177280382e-5,-1.9402847378205153e-5
42.83,1.78251491797662e-5,-1.9964798133382363e-5
42.84,1.7900789521792095e-5,-2.0523677417938225e-5
42.85,1.7974003724655097e-5,-2.1079431058501823e-5
42.86,1.8044790606604583e-5,-2.1632005306794825e-5
42.87,1.811314928213454e-5,-2.2181346844647153e-5
42.88,1.8179079161245094e-5,-2.2727402788960142e-5
42.89,1.824257994866937e-5,-2.3270120696613134e-5
42.9,1.830365164306694e-5,-2.3809448569317977e-5
42.91,1.836229453618569e-5,-2.434533485841438e-5
42.92,1.8418509211988987e-5,-2.4877728469608683e-5
42.93,1.8472296545752617e-5,-2.5406578767659487e-5
42.94,1.8523657703127717e-5,-2.5931835581002925e-5
42.95,1.8572594139171117e-5,-2.645344920632128e-5
42.96,1.861910759734584e-5,-2.6971370413052698e-5
42.97,1.8663200108487974e-5,-2.748555044784648e-5
42.98,1.8704873989742743e-5,-2.7995941038954598e-5
42.99,1.874413184346722e-5,-2.8502494400567495e-5
43.0,1.8780976556108e-5,-2.9005163237088385e-5
43.01,1.8815411297039062e-5,-2.9503900747350316e-5
43.02,1.8847439517376535e-5,-2.9998660628770963e-5
43.03,1.8877064948758386e-5,-3.0489397081446492e-5
43.04,1.89042916020965e-5,-3.097606481218807e-5
43.05,1.8929123766296214e-5,-3.145861903849303e-5
43.06,1.8951566006949597e-5,-3.19370154924575e-5
43.07,1.897162316499616e-5,-3.241121042462475e-5
43.08,1.8989300355354294e-5,-3.288116060777517e-5
43.09,1.9004602965525328e-5,-3.334682334065099e-5
43.1,1.9017536654168198e-5,-3.3808156451616276e-5
43.11,1.9028107349645247e-5,-3.426511830226138e-5
43.12,1.9036321248538803e-5,-3.471766779093538e-5
43.13,1.9042184814140864e-5,-3.516576435622179e-5
43.14,1.9045704774916105e-5,-3.5609367980345784e-5
43.15,1.9046888122933015e-5,-3.6048439192520274e-5
43.16,1.9045742112273077e-5,-3.648293907222818e-5
43.17,1.9042274257408608e-5,-3.691282925243696e-5
43.18,1.903649233155701e-5,-3.733807192274989e-5
43.19,1.9028404365005294e-5,-3.775862983249511e-5
43.2,1.9018018643411186e-5,-3.81744662937451e-5
43.21,1.9005343706077036e-5,-3.858554518427361e-5
43.22,1.8990388344197013e-5,-3.899183095044527e-5
43.23,1.8973161599081684e-5,-3.939328861004206e-5
43.24,1.8953672760353638e-5,-3.978988375502019e-5
43.25,1.893193136412183e-5,-4.018158255420246e-5
43.26,1.8907947191129116e-5,-4.056835175590573e-5
43.27,1.888173026487495e-5,-4.0950158690499556e-5
43.28,1.8853290849718178e-5,-4.132697127289903e-5
43.29,1.8822639448949463e-5,-4.169875800499094e-5
43.3,1.8789786802846843e-5,-4.206548797799299e-5
43.31,1.8754743886703203e-5,-4.242713087474553e-5
43.32,1.8717521908834554e-5,-4.278365697193544e-5
43.33,1.867813230856243e-5,-4.313503714225475e-5
43.34,1.8636586754177264e-5,-4.348124285649006e-5
43.35,1.859289714087702e-5,-4.382224618554255e-5
43.36,1.8547075588686417e-5,-4.4158019802385575e-5
43.37,1.849913444035261e-5,-4.4488536983949594e-5
43.38,1.8449086259222088e-5,-4.4813771612941435e-5
43.39,1.8396943827095456e-5,-4.513369817959348e-5
43.4,1.8342720142061372e-5,-4.54482917833487e-5
43.41,1.8286428416312704e-5,-4.575752813447386e-5
43.42,1.8228082073939424e-5,-4.606138355560642e-5
43.43,1.816769474870518e-5,-4.635983498323217e-5
43.44,1.8105280281803392e-5,-4.6652859969096456e-5
43.45,1.8040852719593748e-5,-4.6940436681544814e-5
43.46,1.7974426311321125e-5,-4.722254390679657e-5
43.47,1.790601550681759e-5,-4.749916105015004e-5
43.48,1.7835634954182783e-5,-4.777026813711922e-5
43.49,1.7763299497451232e-5,-4.8035845814502344e-5
43.5,1.7689024174238667e-5,-4.8295875351382746e-5
43.51,1.7612824213373638e-5,-4.855033864005699e-5
43.52,1.7534715032512104e-5,-4.879921819690425e-5
43.53,1.745471223573541e-5,-4.904249716317488e-5
43.54,1.7372831611132847e-5,-4.928015930572281e-5
43.55,1.728908912836726e-5,-4.9512189017660176e-5
43.56,1.7203500936228057e-5,-4.973857131895126e-5
43.57,1.7116083360166714e-5,-4.995929185693059e-5
43.58,1.7026852899818624e-5,-5.017433690676102e-5
43.59,1.6935826226511473e-5,-5.0383693371818696e-5
43.6,1.6843020180758155e-5,-5.05873487840105e-5
43.61,1.674845176973753e-5,-5.078529130402634e-5
43.62,1.6652138164760888e-5,-5.097750972151979e-5
43.63,1.6554096698726582e-5,-5.116399345522585e-5
43.64,1.645434486356075e-5,-5.134473255300659e-5
43.65,1.6352900307647124e-5,-5.151971769183162e-5
43.66,1.6249780833243786e-5,-5.168894017769191e-5
43.67,1.614500439388961e-5,-5.185239194544513e-5
43.68,1.603858909179842e-5,-5.2010065558593065e-5
43.69,1.5930553175242593e-5,-5.21619542089957e-5
43.7,1.5820915035926324e-5,-5.2308051716513824e-5
43.71,1.5709693206349224e-5,-5.244835252858883e-5
43.72,1.5596906357158638e-5,-5.258285171975488e-5
43.73,1.548257329449359e-5,-5.271154499108273e-5
43.74,1.5366712957319177e-5,-5.283442866956161e-5
43.75,1.5249344414753078e-5,-5.2951499707410435e-5
43.76,1.5130486863381774e-5,-5.3062755681327824e-5
43.77,1.5010159624569846e-5,-5.316819479167352e-5
43.78,1.4888382141762072e-5,-5.326781586158372e-5
43.79,1.4765173977775903e-5,-5.336161833602676e-5
43.8,1.4640554812090024e-5,-5.344960228078515e-5
43.81,1.4514544438123096e-5,-5.353176838138202e-5
43.82,1.4387162760507715e-5,-5.3608117941936225e-5
43.83,1.4258429792358565e-5,-5.3678652883956096e-5
43.84,1.4128365652533282e-5,-5.3743375745070844e-5
43.85,1.3996990562889954e-5,-5.380228967769363e-5
43.86,1.3864324845538249e-5,-5.3855398447624536e-5
43.87,1.373038892008583e-5,-5.3902706432590986e-5
43.88,1.3595203300881087e-5,-5.3944218620721824e-5
43.89,1.3458788594252335e-5,-5.397994060896165e-5
43.9,1.3321165495740843e-5,-5.400987860142095e-5
43.91,1.318235478733398e-5,-5.403403940766534e-5
43.92,1.3042377334693053e-5,-5.405243044094266e-5
43.93,1.2901254084378816e-5,-5.406505971634678e-5
43.94,1.2759006061075776e-5,-5.4071935848923995e-5
43.95,1.2615654364812888e-5,-5.407306805171335e-5
43.96,1.2471220168184683e-5,-5.4068466133731547e-5
43.97,1.2325724713568912e-5,-5.405814049789397e-5
43.98,1.2179189310344642e-5,-5.404210213887641e-5
43.99,1.2031635332109482e-5,-5.40203626409193e-5
44.0,1.1883084213896935e-5,-5.3992934175568445e-5
44.01,1.1733557449392032e-5,-5.39598294993621e-5
44.02,1.1583076588150065e-5,-5.3921061951454086e-5
44.03,1.1431663232814046e-5,-5.387664545118306e-5
44.04,1.1279339036333526e-5,-5.3826594495581435e-5
44.05,1.112612569918573e-5,-5.377092415682652e-5
44.06,1.0972044966597431e-5,-5.3709650079636935e-5
44.07,1.081711862576972e-5,-5.364278847861e-5
44.08,1.0661368503103815e-5,-5.3570356135502453e-5
44.09,1.0504816461431498e-5,-5.34923703964571e-5
44.1,1.0347484397246845e-5,-5.340884916917432e-5
44.11,1.0189394237942332e-5,-5.331981092002365e-5
44.12,1.0030567939048222e-5,-5.3225274671106687e-5
44.13,9.871027481476183e-6,-5.312525999726149e-5
44.14,9.710794868767295e-6,-5.301978702301417e-5
44.15,9.549892124343877e-6,-5.2908876419478686e-5
44.16,9.388341288767511e-6,-5.279254940119958e-5
44.17,9.226164417001616e-6,-5.267082772294581e-5
44.18,9.063383575680229e-6,-5.254373367645061e-5
44.19,8.900020840381105e-6,-5.241129008709989e-5
44.2,8.736098292907175e-6,-5.227352031056768e-5
44.21,8.571638018574176e-6,-5.2130448229405283e-5
44.22,8.406662103502195e-6,-5.198209824957353e-5
44.23,8.24119263191945e-6,-5.1828495296929344e-5
44.24,8.0752516834685e-6,-5.166966481366283e-5
44.25,7.908861330524592e-6,-5.150563275468262e-5
44.26,7.742043635517928e-6,-5.1336425583955126e-5
44.27,7.574820648267944e-6,-5.116207027079467e-5
44.28,7.407214403324197e-6,-5.0982594286104486e-5
44.29,7.239246917316505e-6,-5.0798025598573944e-5
44.3,7.070940186314474e-6,-5.060839267082715e-5
44.31,6.902316183197191e-6,-5.04137244555239e-5
44.32,6.733396855031587e-6,-5.021405039141753e-5
44.33,6.564204120463108e-6,-5.0009400399366476e-5
44.34,6.394759867112815e-6,-4.9799804878301834e-5
44.35,6.225085948990173e-6,-4.958529470114828e-5
44.36,6.055204183913237e-6,-4.936590121070581e-5
44.37,5.885136350940718e-6,-4.914165621548357e-5
44.38,5.714904187816956e-6,-4.8912591985494806e-5
44.39,5.544529388428969e-6,-4.86787412480073e-5
44.4,5.374033600272779e-6,-4.844013718325408e-5
44.41,5.203438421933918e-6,-4.819681342010122e-5
44.42,5.032765400582098e-6,-4.7948804031676256e-5
44.43,4.862036029477346e-6,-4.769614353095847e-5
44.44,4.691271745487516e-6,-4.7438866866324845e-5
44.45,4.520493926623109e-6,-4.717700941706231e-5
44.46,4.349723889581938e-6,-4.6910606988838854e-5
44.47,4.178982887312761e-6,-4.6639695809138536e-5
44.48,4.008292106585682e-6,-4.636431252265634e-5
44.49,3.837672665585936e-6,-4.608449418666069e-5
44.5,3.667145611514814e-6,-4.58002782663166e-5
44.51,3.4967319182101047e-6,-4.551170262997362e-5
44.52,3.326452483780142e-6,-4.521880554442055e-5
44.53,3.1563281282539317e-6,-4.49216256701054e-5
44.54,2.9863795912465972e-6,-4.4620202056319785e-5
44.55,2.8166275296406814e-6,-4.4314574136350824e-5
44.56,2.647092515284803e-6,-4.400478172260221e-5
44.57,2.477795032707066e-6,-4.369086500168148e-5
44.58,2.3087554768463258e-6,-4.337286452945604e-5
44.59,2.139994150800933e-6,-4.305082122607726e-5
44.6,1.971531263592187e-6,-4.272477637097777e-5
44.61,1.8033869279491964e-6,-4.239477159783431e-5
44.62,1.6355811581067142e-6,-4.206084888950615e-5
44.63,1.4681338676237844e-6,-4.172305057293962e-5
44.64,1.3010648672211534e-6,-4.1381419314051426e-5
44.65,1.1343938626330852e-6,-4.103599811257768e-5
44.66,9.681404524830268e-7,-4.06868302969013e-5
44.67,8.023241261715179e-7,-4.033395951885057e-5
44.68,6.369642617894337e-7,-3.9977429748473915e-5
44.69,4.7208012404658443e-7,-3.961728526878781e-5
44.7,3.0769086222024675e-7,-3.92535706705021e-5
44.71,1.4381550812331705e-7,-3.88863308467213e-5
44.72,-1.9527025907923848e-8,-3.851561098762015e-5
44.73,-1.823179490052576e-7,-3.8141456575102276e-5
44.74,-3.4453859374079465e-7,-3.77639133774308e-5
44.75,-5.06170418079994e-7,-3.738302744384289e-5
44.76,-6.671950073112081e-7,-3.699884509913873e-5
44.77,-8.275940759576102e-7,-3.661141293825495e-5
44.78,-9.873494696666787e-7,-3.622077782081697e-5
44.79,-1.1464431670791414e-6,-3.582698686566982e-5
44.8,-1.3048572816777178e-6,-3.543008744539599e-5
44.81,-1.4625740636117264e-6,-3.503012718081107e-5
44.82,-1.6195759015032742e-6,-3.462715393544601e-5
44.83,-1.7758453242309654e-6,-3.4221215810009616e-5
44.84,-1.9313650026899445e-6,-3.38123611368385e-5
44.85,-2.086117751532473e-6,-3.340063847433051e-5
44.86,-2.2400865308851405e-6,-3.29860966013629e-5
44.87,-2.3932544480433994e-6,-3.2568784511698555e-5
44.88,-2.545604759145275e-6,-3.2148751408376626e-5
44.89,-2.697120870820119e-6,-3.1726046698095024e-5
44.9,-2.847786341816718e-6,-3.1300719985574424e-5
44.91,-2.997584884607713e-6,-3.087282106791661e-5
44.92,-3.1465003669710074e-6,-3.0442399928949167e-5
44.93,-3.294516813548004e-6,-3.000950673356155e-5
44.94,-3.4416184073791842e-6,-2.957419182203096e-5
44.95,-3.58778949141426e-6,-2.913650570433853e-5
44.96,-3.7330145700044137e-6,-2.869649905447992e-5
44.97,-3.877278310359767e-6,-2.8254222704765498e-5
44.98,-4.0205655439975585e-6,-2.7809727640115493e-5
44.99,-4.16286126815528e-6,-2.736306499234694e-5
45.0,-4.3041506471833085e-6,-2.6914286034458645e-5
45.01,-4.4444190139157405e-6,-2.646344217490587e-5
45.02,-4.583651871013707e-6,-2.6010584951874095e-5
45.03,-4.721834892286748e-6,-2.555576602754949e-5
45.04,-4.85895392398707e-6,-2.5099037182382798e-5
45.05,-4.994994986083767e-6,-2.46404503093535e-5
45.06,-5.129944273507526e-6,-2.4180057408230966e-5
45.07,-5.263788157372837e-6,-2.371791057983539e-5
45.08,-5.396513186178795e-6,-2.3254062020295513e-5
45.09,-5.528106086976542e-6,-2.278856401530832e-5
45.1,-5.658553766521942e-6,-2.2321468934399156e-5
45.11,-5.78784331239529e-6,-2.185282922518193e-5
45.12,-5.915961994100847e-6,-2.1382697407621734e-5
45.13,-6.042897264137911e-6,-2.0911126068299338e-5
45.14,-6.1686367590497316e-6,-2.043816785468008e-5
45.15,-6.293168300444302e-6,-1.996387546938375e-5
45.16,-6.416479895992318e-6,-1.9488301664460495e-5
45.17,-6.53855974039789e-6,-1.9011499235671823e-5
45.18,-6.659396216344722e-6,-1.8533521016775896e-5
45.19,-6.778977895416347e-6,-1.8054419873818524e-5
45.2,-6.897293538992025e-6,-1.757424869943194e-5
45.21,-7.014332099115074e-6,-1.7093060407141177e-5
45.22,-7.130082719337414e-6,-1.6610907925675175e-5
45.23,-7.244534735537561e-6,-1.612784419329e-5
45.24,-7.357677676711639e-6,-1.564392215209865e-5
45.25,-7.469501265743131e-6,-1.5159194742412255e-5
45.26,-7.579995420140994e-6,-1.467371489708884e-5
45.27,-7.689150252756001e-6,-1.4187535535894925e-5
45.28,-7.796956072470255e-6,-1.370070955987966e-5
45.29,-7.903403384860574e-6,-1.3213289845756005e-5
45.3,-8.00848289283584e-6,-1.2725329240299613e-5
45.31,-8.112185497249669e-6,-1.2236880554758105e-5
45.32,-8.21450229748603e-6,-1.1747996559275757e-5
45.33,-8.315424592018538e-6,-1.125872997732877e-5
45.34,-8.414943878946768e-6,-1.0769133480180017e-5
45.35,-8.513051856502942e-6,-1.0279259681346836e-5
45.36,-8.609740423534633e-6,-9.789161131083215e-6
45.37,-8.705001679963237e-6,-9.29889031088201e-6
45.38,-8.798827927212322e-6,-8.808499627991179e-6
45.39,-8.891211668614538e-6,-8.318041409950114e-6
45.4,-8.98214560979006e-6,-7.827567899141346e-6
45.41,-9.07162265899987e-6,-7.33713124736326e-6
45.42,-9.15963592747456e-6,-6.846783510421125e-6
45.43,-9.24617872971346e-6,-6.356576642739208e-6
45.44,-9.331244583764736e-6,-5.866562491990096e-6
45.45,-9.414827211473285e-6,-5.3767927937484675e-6
45.46,-9.496920538705267e-6,-4.887319166165189e-6
45.47,-9.577518695547946e-6,-4.398193104661813e-6
45.48,-9.656616016484735e-6,-3.909465976649126e-6
45.49,-9.734207040540369e-6,-3.421189016268735e-6
45.5,-9.810286511405378e-6,-2.9334133191587656e-6
45.51,-9.884849377533843e-6,-2.4461898372407287e-6
45.52,-9.957890792211915e-6,-1.9595693735339683e-6
45.53,-1.0029406113608185e-5,-1.4736025769956184e-6
45.54,-1.0099390904791756e-5,-9.883399373820534e-7
45.55,-1.016784093372961e-5,-5.03831780141239e-7
45.56,-1.0234752173257036e-5,-2.012826132898822e-8
45.57,-1.0300120801022422e-5,4.627206374462807e-7
45.58,-1.0363943199408525e-5,9.446651140532284e-7
45.59,-1.0426215955428795e-5,1.4256555508373942e-6
45.6,-1.0486935860596068e-5,1.9056425195910003e-6
45.61,-1.0546099910770838e-5,2.3845767864983098e-6
45.62,-1.0603705305981194e-5,2.8624093170479003e-6
45.63,-1.0659749450218938e-5,3.3390912809138614e-6
45.64,-1.0714229951212373e-5,3.814574056809778e-6
45.65,-1.076714462017412e-5,4.288809237310779e-6
45.66,-1.0818491471523997e-5,4.761748633642426e-6
45.67,-1.0868268722587158e-5,5.233344280439898e-6
45.68,-1.0916474793269894e-5,5.703548440472715e-6
45.69,-1.0963108305710495e-5,6.172313609338887e-6
45.7,-1.1008168083903675e-5,6.639592520124955e-6
45.71,-1.1051653153306823e-5,7.105338148030647e-6
45.72,-1.1093562740415908e-5,7.5695037149629365e-6
45.73,-1.1133896272322725e-5,8.032042694092187e-6
45.74,-1.117265337624593e-5,8.492908814375897e-6
45.75,-1.120983387903991e-5,8.952056065043841e-6
45.76,-1.1245437806679014e-5,9.40943870005153e-6
45.77,-1.1279465383720655e-5,9.865011242495458e-6
45.78,-1.1311917032743847e-5,1.0318728488988712e-5
45.79,-1.1342793373763891e-5,1.0770545514006565e-5
45.8,-1.1372095223626702e-5,1.1220417674187192e-5
45.81,-1.1399823595378815e-5,1.1668300612600004e-5
45.82,-1.1425979697616476e-5,1.211415026297153e-5
45.83,-1.1450564933807253e-5,1.2557922853877228e-5
45.84,-1.1473580901598408e-5,1.2999574912889809e-5
45.85,-1.1495029392094408e-5,1.3439063270691366e-5
45.86,-1.1514912389116724e-5,1.3876345065144199e-5
45.87,-1.1533232068441105e-5,1.4311377745322603e-5
45.88,-1.1549990797012923e-5,1.4744119075502434e-5
45.89,-1.1565191132142182e-5,1.5174527139111556e-5
45.9,-1.1578835820674472e-5,1.560256034263949e-5
45.91,-1.1590927798142727e-5,1.602817741950303e-5
45.92,-1.1601470187898225e-5,1.6451337433872418e-5
45.93,-1.1610466300218298e-5,1.6871999784454056e-5
45.94,-1.1617919631396477e-5,1.7290124208231664e-5
45.95,-1.1623833862809347e-5,1.7705670784164336e-5
45.96,-1.1628212859963384e-5,1.8118599936839047e-5
45.97,-1.1631060671524087e-5,1.85288724400844e-5
45.98,-1.1632381528320665e-5,1.8936449420536488e-5
45.99,-1.1632179842334643e-5,1.9341292361162467e-5
46.0,-1.1630460205667125e-5,1.9743363104738596e-5
46.01,-1.1627227389485385e-5,2.0142623857285474e-5
46.02,-1.162248634295158e-5,2.053903719145666e-5
46.03,-1.1616242192133414e-5,2.093256604988209e-5
46.04,-1.160850023889112e-5,2.1323173748467117e-5
46.05,-1.1599265959751825e-5,2.1710823979644082e-5
46.06,-1.1588545004758791e-5,2.2095480815580653e-5
46.07,-1.157634319630871e-5,2.2477108711335996e-5
46.08,-1.1562666527963565e-5,2.285567250797903e-5
46.09,-1.1547521163251814e-5,2.3231137435651694e-5
46.1,-1.1530913434444792e-5,2.3603469116588604e-5
46.11,-1.1512849841320625e-5,2.3972633568091084e-5
46.12,-1.1493337049907413e-5,2.43385972054501e-5
46.13,-1.147238189121066e-5,2.4701326844823812e-5
46.14,-1.1449991359922257e-5,2.5060789706065474e-5
46.15,-1.1426172613114051e-5,2.5416953415504615e-5
46.16,-1.1400932968913789e-5,2.5769786008678808e-5
46.17,-1.1374279905163483e-5,2.6119255933017904e-5
46.18,-1.1346221058064335e-5,2.6465332050476072e-5
46.19,-1.1316764220802222e-5,2.6807983640120483e-5
46.2,-1.1285917342159379e-5,2.7147180400665427e-5
46.21,-1.1253688525109586e-5,2.748289245295848e-5
46.22,-1.1220086025397564e-5,2.7815090342420103e-5
46.23,-1.11851182501053e-5,2.814374504142883e-5
46.24,-1.1148793756198011e-5,2.8468827951659668e-5
46.25,-1.111112124906237e-5,2.87903109063706e-5
46.26,-1.1072109581023765e-5,2.910816617264063e-5
46.27,-1.1031767749853335e-5,2.9422366453555554e-5
46.28,-1.0990104897257736e-5,2.9732884890344175e-5
46.29,-1.094713030735745e-5,3.003969506446378e-5
46.3,-1.0902853405150131e-5,3.034277099963475e-5
46.31,-1.085728375495946e-5,3.06420871638235e-5
46.32,-1.081043105887294e-5,3.093761847117507e-5
46.33,-1.0762305155164178e-5,3.122934028389513e-5
46.34,-1.0712916016704227e-5,3.1517228414079104e-5
46.35,-1.066227374935832e-5,3.180125912549022e-5
46.36,-1.0610388590372841e-5,3.2081409135288e-5
46.37,-1.0557270906746403e-5,3.235765561570175e-5
46.38,-1.0502931193593462e-5,3.2629976195656275e-5
46.39,-1.0447380072491337e-5,3.2898348962341976e-5
46.4,-1.0390628289820043e-5,3.316275246273521e-5
46.41,-1.0332686715087193e-5,3.342316570506813e-5
46.42,-1.0273566339244618e-5,3.3679568160242555e-5
46.43,-1.0213278272994102e-5,3.393193976319441e-5
46.44,-1.0151833745078553e-5,3.418026091420715e-5
46.45,-1.00892441005676e-5,3.4424512480170437e-5
46.46,-1.002552079913324e-5,3.466467579578777e-5
46.47,-9.960675413308713e-6,3.490073266473246e-5
46.48,-9.894719626746328e-6,3.51326653607498e-5
46.49,-9.8276652324617e-6,3.536045662870886e-5
46.5,-9.759524131067926e-6,3.558408968560124e-5
46.51,-9.690308329003595e-6,3.5803548221485714e-5
46.52,-9.62002993674948e-6,3.601881640038407e-5
46.53,-9.548701167038846e-6,3.622987886112097e-5
46.54,-9.476334333057972e-6,3.643672071811547e-5
46.55,-9.40294184663971e-6,3.6639327562115405e-5
46.56,-9.32853621644901e-6,3.683768546088393e-5
46.57,-9.25313004616083e-6,3.7031780959830616e-5
46.58,-9.176736032630716e-6,3.722160108259303e-5
46.59,-9.099366964058821e-6,3.740713333156322e-5
46.6,-9.021035718146166e-6,3.75883656883637e-5
46.61,-8.941755260246192e-6,3.7765286614272465e-5
46.62,-8.861538641507821e-6,3.793788505059272e-5
46.63,-8.780398997013877e-6,3.810615041897335e-5
46.64,-8.6983495439139e-6,3.827007262167542e-5
46.65,-8.615403579549967e-6,3.842964204178893e-5
46.66,-8.531574479578364e-6,3.8584849543395825e-5
46.67,-8.446875696086626e-6,3.873568647168266e-5
46.68,-8.361320755704144e-6,3.8882144652999165e-5
46.69,-8.274923257709683e-6,3.9024216394869164e-5
46.7,-8.18769687213331e-6,3.9161894485946216e-5
46.71,-8.099655337855698e-6,3.9295172195919276e-5
46.72,-8.01081246070206e-6,3.9424043275368214e-5
46.73,-7.921182111533714e-6,3.9548501955566225e-5
46.74,-7.830778224335215e-6,3.966854294823161e-5
46.75,-7.739614794299342e-6,3.978416144523031e-5
46.76,-7.647705875908238e-6,3.98953531182248e-5
46.77,-7.555065581012754e-6,4.0002114118273934e-5
46.78,-7.461708076909406e-6,4.010444107538315e-5
46.79,-7.36764758441401e-6,4.0202331098000795e-5
46.8,-7.272898375934053e-6,4.0295781772469155e-5
46.81,-7.177474773541134e-6,4.03847911624198e-5
46.82,-7.081391147038983e-6,4.046935780812349e-5
46.83,-6.9846619120314445e-6,4.054948072578807e-5
46.84,-6.887301527991055e-6,4.0625159406806716e-5
46.85,-6.7893244963247e-6,4.0696393816957226e-5
46.86,-6.690745358439543e-6,4.07631843955513e-5
46.87,-6.5915786938097815e-6,4.082553205453665e-5
46.88,-6.491839118041521e-6,4.088343817754645e-5
46.89,-6.391541280940048e-6,4.093690461890439e-5
46.9,-6.290699864574494e-6,4.098593370257682e-5
46.91,-6.189329581347369e-6,4.103052822108114e-5
46.92,-6.087445172061201e-6,4.1070691434340845e-5
46.93,-5.985061403989586e-6,4.110642706849816e-5
46.94,-5.8821930689452795e-6,4.113773931467316e-5
46.95,-5.77885498135572e-6,4.1164632827679854e-5
46.96,-5.6750619763357785e-6,4.118711272469413e-5
46.97,-5.570828907764811e-6,4.120518458387196e-5
46.98,-5.466170646364996e-6,4.121885444292456e-5
46.99,-5.36110207778362e-6,4.1228128797642994e-5
47.0,-5.255638100676757e-6,4.1233014600379767e-5
47.01,-5.149793624796469e-6,4.123351925848349e-5
47.02,-5.043583569081895e-6,4.122965063268597e-5
47.03,-4.937022859753411e-6,4.1221417035445244e-5
47.04,-4.83012642840946e-6,4.120882722924277e-5
47.05,-4.72290921012907e-6,4.119189042483661e-5
47.06,-4.615386141577995e-6,4.1170616279467536e-5
47.07,-4.507572159118559e-6,4.114501489502224e-5
47.08,-4.399482196924569e-6,4.1115096816152834e-5
47.09,-4.291131185101642e-6,4.1080873028349753e-5
47.1,-4.182534047811314e-6,4.104235495597453e-5
47.11,-4.0737057014015824e-6,4.0999554460245686e-5
47.12,-3.964661052542103e-6,4.0952483837184005e-5
47.13,-3.855414996366795e-6,4.090115581551356e-5
47.14,-3.7459824146192744e-6,4.084558355452161e-5
47.15,-3.6363781738075624e-6,4.0785780641873745e-5
47.16,-3.5266171233633854e-6,4.072176109139039e-5
47.17,-3.4167140938082596e-6,4.0653539340779576e-5
47.18,-3.306683894927075e-6,4.058113024932865e-5
47.19,-3.1965413139480662e-6,4.05045490955559e-5
47.2,-3.0863011137297664e-6,4.0423811574819795e-5
47.21,-2.9759780309558768e-6,4.033893379689203e-5
47.22,-2.8655867743378707e-6,4.024993228348383e-5
47.23,-2.755142022824435e-6,4.015682396573935e-5
47.24,-2.6446584238205343e-6,4.005962618168671e-5
47.25,-2.5341505914123867e-6,3.9958356673649165e-5
47.26,-2.423633104603784e-6,3.98530335856196e-5
47.27,-2.3131205055576802e-6,3.974367546059589e-5
47.28,-2.202627297850338e-6,3.9630301237880064e-5
47.29,-2.0921679447306386e-6,3.951293025033562e-5
47.3,-1.9817568673914873e-6,3.9391582221612233e-5
47.31,-1.8714084432494375e-6,3.9266277263332654e-5
47.32,-1.7611370042337321e-6,3.913703587224117e-5
47.33,-1.6509568350854819e-6,3.900387892731671e-5
47.34,-1.5408821716663974e-6,3.8866827686853703e-5
47.35,-1.4309271992790379e-6,3.872590378550077e-5
47.36,-1.3211060509951566e-6,3.858112923127315e-5
47.37,-1.21143280599585e-6,3.843252640252112e-5
47.38,-1.101921487922696e-6,3.8280118044873375e-5
47.39,-9.925860632388514e-7,3.812392726813952e-5
47.4,-8.834404396030921e-7,3.7963977543183325e-5
47.41,-7.744984642503309e-7,3.7800292698760774e-5
47.42,-6.657739223900967e-7,3.7632896918328414e-5
47.43,-5.572805356120611e-7,3.746181473681509e-5
47.44,-4.4903196030395243e-7,3.728707103736682e-5
47.45,-3.410417860830735e-7,3.710869104805571e-5
47.46,-2.3332353423773746e-7,3.692670033856182e-5
47.47,-1.258906561822643e-7,3.674112481682224e-5
47.48,-1.875653192365714e-8,3.6551990725650366e-5
47.49,8.80655314569954e-8,3.6359324639325495e-5
47.5,1.9456230131509287e-7,3.61631534601552e-5
47.51,3.0072062093458056e-7,3.596350441500385e-5
47.52,4.065274110121115e-7,3.576040505179839e-5
47.53,5.119696711237766e-7,3.555388323600292e-5
47.54,6.170344811818545e-7,3.534396714706505e-5
47.55,7.217090028746508e-7,3.513068527483878e-5
47.56,8.259804810980207e-7,3.491406641597499e-5
47.57,9.298362453659333e-7,3.469413967029288e-5
47.58,1.0332637112140743e-6,3.447093443711785e-5
47.59,1.136250381584609e-6,3.424448041159958e-5
47.6,1.238783848198897e-6,3.4014807581003755e-5
47.61,1.340851792915698e-6,3.378194622097702e-5
47.62,1.4424419890745771e-6,3.354592689179098e-5
47.63,1.5435423028251427e-6,3.330678043456049e-5
47.64,1.6441406944397129e-6,3.306453796744029e-5
47.65,1.744225219614574e-6,3.281923088179688e-5
47.66,1.8437840307535954e-6,3.257089083836053e-5
47.67,1.9428053782375966e-6,3.23195497633528e-5
47.68,2.0412776116766083e-6,3.206523984459628e-5
47.69,2.139189181152462e-6,3.180799352759893e-5
47.7,2.2365286384377153e-6,3.154784351162119e-5
47.71,2.333284638206713e-6,3.128482274572322e-5
47.72,2.4294459392245843e-6,3.101896442479011e-5
47.73,2.525001405525687e-6,3.0750301985539984e-5
47.74,2.6199400075728133e-6,3.047886910251289e-5
47.75,2.7142508234014598e-6,3.020469968404223e-5
47.76,2.8079230397478493e-6,2.9927827868206957e-5
47.77,2.9009459531611376e-6,2.9648288018767644e-5
47.78,2.993308971097979e-6,2.9366114721086773e-5
47.79,3.085001613003199e-6,2.908134277803e-5
47.8,3.1760135113705093e-6,2.879400720585418e-5
47.81,3.2663344127899966e-6,2.8504143230078656e-5
47.82,3.3559541789761933e-6,2.8211786281342835e-5
47.83,3.444862787780947e-6,2.7916971991247633e-5
47.84,3.533050334189476e-6,2.7619736188184315e-5
47.85,3.620507031298124e-6,2.732011489314983e-5
47.86,3.7072232112756706e-6,2.7018144315548906e-5
47.87,3.793189326309541e-6,2.671386084898244e-5
47.88,3.878395949530089e-6,2.6407301067026815e-5
47.89,3.962833775923e-6,2.6098501718998805e-5
47.9,4.0464936232201985e-6,2.5787499725710603e-5
47.91,4.129366432775953e-6,2.5474332175213602e-5
47.92,4.211443270423724e-6,2.5159036318532597e-5
47.93,4.292715327316713e-6,2.484164956539198e-5
47.94,4.3731739207496125e-6,2.4522209479928514e-5
47.95,4.452810494963855e-6,2.4200753776398618e-5
47.96,4.531616621934414e-6,2.3877320314878376e-5
47.97,4.609584002138267e-6,2.355194709695152e-5
47.98,4.686704465307003e-6,2.322467226139477e-5
47.99,4.762969971158284e-6,2.2895534079852782e-5
48.0,4.838372610112695e-6,2.256457095251005e-5
48.01,4.912904603990837e-6,2.2231821403753552e-5
48.02,4.98655830669164e-6,2.189732407783231e-5
48.03,5.059326204854715e-6,2.1561117734511846e-5
48.04,5.131200918502401e-6,2.122324124472385e-5
48.05,5.202175201665204e-6,2.088373358621057e-5
48.06,5.272241942988252e-6,2.0542633839168306e-5
48.07,5.341394166319127e-6,2.019998118188646e-5
48.08,5.409625031278519e-6,1.9855814886383705e-5
48.09,5.476927833811504e-6,1.951017431404271e-5
48.1,5.543296006721102e-6,1.9163098911244127e-5
48.11,5.60872312018351e-6,1.8814628204996662e-5
48.12,5.6732028822440906e-6,1.8464801798570217e-5
48.13,5.73672913929597e-6,1.811365936712541e-5
48.14,5.799295876539436e-6,1.776124065334664e-5
48.15,5.860897218423171e-6,1.740758546307288e-5
48.16,5.921527429068387e-6,1.7052733660931488e-5
48.17,5.981180912670788e-6,1.6696725165973515e-5
48.18,6.039852213888312e-6,1.6339599947311358e-5
48.19,6.097536018207413e-6,1.5981398019757332e-5
48.2,6.1542271522929545e-6,1.562215943946805e-5
48.21,6.209920584317698e-6,1.5261924299590542e-5
48.22,6.2646114242737255e-6,1.4900732725912064e-5
48.23,6.3182949242677835e-6,1.453862487251636e-5
48.24,6.370966478793544e-6,1.4175640917442344e-5
48.25,6.422621624990019e-6,1.381182105835097e-5
48.26,6.4732560428784095e-6,1.3447205508194856e-5
48.27,6.522865555581681e-6,1.3081834490896391e-5
48.28,6.57144612952577e-6,1.2715748237032701e-5
48.29,6.618993874621834e-6,1.2348986979525793e-5
48.3,6.665505044431942e-6,1.198159094934244e-5
48.31,6.71097603631066e-6,1.1613600371200617e-5
48.32,6.755403391537448e-6,1.124505545928724e-5
48.33,6.798783795422665e-6,1.0875996412979619e-5
48.34,6.8411140773985135e-6,1.0506463412581767e-5
48.35,6.8823912110924045e-6,1.0136496615068835e-5
48.36,6.9226123143799536e-6,9.766136149839345e-6
48.37,6.96177464942136e-6,9.39542211448203e-6
48.38,6.9998756226795885e-6,9.024394570550626e-6
48.39,7.036912784919062e-6,8.653093539353399e-6
48.4,7.072883831187408e-6,8.28155899775134e-6
48.41,7.107786600779092e-6,7.909830873971431e-6
48.42,7.141619077179271e-6,7.537949043430973e-6
48.43,7.174379387994028e-6,7.165953324577911e-6
48.44,7.2060658048562965e-6,6.793883474740799e-6
48.45,7.236676743319822e-6,6.421779185996429e-6
48.46,7.266210762731526e-6,6.049680081051955e-6
48.47,7.294666566088314e-6,5.677625709137985e-6
48.48,7.322042999874373e-6,5.305655541922663e-6
48.49,7.348339053882022e-6,4.93380896943768e-6
48.5,7.373553861014596e-6,4.5621252960222085e-6
48.51,7.39768669707141e-6,4.190643736281979e-6
48.52,7.420736980516654e-6,3.819403411067477e-6
48.53,7.442704272228578e-6,3.4484433434684165e-6
48.54,7.463588275233325e-6,3.0778024548254944e-6
48.55,7.483388834420114e-6,2.707519560760739e-6
48.56,7.502105936241064e-6,2.3376333672274553e-6
48.57,7.5197397083914925e-6,1.9681824665788354e-6
48.58,7.536290419474628e-6,1.5992053336541706e-6
48.59,7.551758478650343e-6,1.2307403218865298e-6
48.6,7.566144435263045e-6,8.628256594318755e-7
48.61,7.5794489784590345e-6,4.95499445314996e-7
48.62,7.591672936780314e-6,1.2879964559958887e-7
48.63,7.602817277746969e-6,-2.3723591042205668e-7
48.64,7.612883107420588e-6,-6.025695340156296e-7
48.65,7.621871669951339e-6,-9.671636807732026e-7
48.66,7.629784347109162e-6,-1.3309809543549665e-6
48.67,7.63662265779994e-6,-1.6939841102119473e-6
48.68,7.642388257561183e-6,-2.0561360592813345e-6
48.69,7.64708293804755e-6,-2.4173998716637117e-6
48.7,7.65070862649511e-6,-2.7777387802720367e-6
48.71,7.65326738517423e-6,-3.1371161844576128e-6
48.72,7.654761410822231e-6,-3.4954956536136403e-6
48.73,7.655193034064302e-6,-3.852840930751249e-6
48.74,7.654564718815904e-6,-4.209115936051661e-6
48.75,7.652879061672135e-6,-4.5642847703919705e-6
48.76,7.650138791279637e-6,-4.918311718847044e-6
48.77,7.646346767694411e-6,-5.271161254163141e-6
48.78,7.641505981724476e-6,-5.622798040204965e-6
48.79,7.63561955425771e-6,-5.973186935378619e-6
48.8,7.6286907355729215e-6,-6.322292996023965e-6
48.81,7.62072290463953e-6,-6.670081479782299e-6
48.82,7.611719568398868e-6,-7.016517848933744e-6
48.83,7.601684361033807e-6,-7.361567773709091e-6
48.84,7.590621043223113e-6,-7.70519713557208e-6
48.85,7.578533501379879e-6,-8.047372030471734e-6
48.86,7.565425746879092e-6,-8.388058772068833e-6
48.87,7.551301915267435e-6,-8.72722389493013e-6
48.88,7.536166265462023e-6,-9.064834157694697e-6
48.89,7.520023178933422e-6,-9.400856546209575e-6
48.9,7.502877158877588e-6,-9.735258276635822e-6
48.91,7.4847328293701586e-6,-1.0068006798525085e-5
48.92,7.465594934511621e-6,-1.0399069797862763e-5
48.93,7.445468337556829e-6,-1.072841520008273e-5
48.94,7.424358020031561e-6,-1.1056011173050605e-5
48.95,7.402269080835899e-6,-1.1381826130014573e-5
48.96,7.379206735337023e-6,-1.1705828732524044e-5
48.97,7.355176314447078e-6,-1.202798789331911e-5
48.98,7.33018326368679e-6,-1.2348272779184534e-5
48.99,7.304233142241803e-6,-1.2666652813772886e-5
49.0,7.277331622001874e-6,-1.2983097680394874e-5
49.01,7.2494844865904155e-6,-1.3297577324776801e-5
49.02,7.220697630381988e-6,-1.3610061957784123e-5
49.03,7.19097705750575e-6,-1.3920522058111576e-5
49.04,7.1603288808410245e-6,-1.4228928374941938e-5
49.05,7.128759320997543e-6,-1.4535251930567733e-5
49.06,7.096274705286053e-6,-1.4839464022979922e-5
49.07,7.062881466678982e-6,-1.5141536228423074e-5
49.08,7.028586142756697e-6,-1.5441440403916667e-5
49.09,6.9933953746449785e-6,-1.5739148689738513e-5
49.1,6.957315905943714e-6,-1.603463351187695e-5
49.11,6.9203545816395185e-6,-1.6327867584444954e-5
49.12,6.882518347012716e-6,-1.6618823912061673e-5
49.13,6.843814246532057e-6,-1.6907475792196016e-5
49.14,6.804249422739633e-6,-1.7193796817475445e-5
49.15,6.763831115126081e-6,-1.7477760877959565e-5
49.16,6.722566658994918e-6,-1.775934216337735e-5
49.17,6.680463484317703e-6,-1.8038515165327104e-5
49.18,6.637529114580845e-6,-1.8315254679441066e-5
49.19,6.593771165621611e-6,-1.8589535807514105e-5
49.2,6.549197344454803e-6,-1.8861333959593318e-5
49.21,6.50381544809278e-6,-1.9130624856033335e-5
49.22,6.45763336235268e-6,-1.939738452951303e-5
49.23,6.41065906065904e-6,-1.9661589327016536e-5
49.24,6.3629006028346925e-6,-1.9923215911774176e-5
49.25,6.314366133885577e-6,-2.0182241265169133e-5
49.26,6.265063882775831e-6,-2.0438642688604568e-5
49.27,6.215002161196111e-6,-2.0692397805334146e-5
49.28,6.164189362322781e-6,-2.0943484562252898e-5
49.29,6.1126339595702825e-6,-2.119188123165272e-5
49.3,6.0603445053360715e-6,-2.1437566412937222e-5
49.31,6.007329629737537e-6,-2.1680519034301018e-5
49.32,5.953598039342716e-6,-2.1920718354367446e-5
49.33,5.899158515892694e-6,-2.2158143963791057e-5
49.34,5.844019915018894e-6,-2.2392775786819928e-5
49.35,5.788191164952022e-6,-2.2624594082818833e-5
49.36,5.731681265225592e-6,-2.285357944775573e-5
49.37,5.6744992853741305e-6,-2.3079712815647342e-5
49.38,5.616654363620786e-6,-2.330297545996768e-5
49.39,5.558155705565972e-6,-2.3523348995015014e-5
49.4,5.499012582864151e-6,-2.3740815377243656e-5
49.41,5.439234331898294e-6,-2.395535690655295e-5
49.42,5.378830352447947e-6,-2.4166956227539352e-5
49.43,5.317810106351715e-6,-2.437559633070792e-5
49.44,5.256183116165693e-6,-2.4581260553645734e-5
49.45,5.19395896381597e-6,-2.478393258215641e-5
49.46,5.131147289247006e-6,-2.4983596451351018e-5
49.47,5.067757789065516e-6,-2.51802365467069e-5
49.48,5.003800215179647e-6,-2.5373837605079753e-5
49.49,4.939284373434181e-6,-2.556438471568122e-5
49.5,4.874220122241689e-6,-2.575186332101376e-5
49.51,4.80861737121029e-6,-2.5936259217768477e-5
49.52,4.7424860797669035e-6,-2.6117558557681523e-5
49.53,4.67583625577777e-6,-2.629574784835155e-5
49.54,4.608677954165565e-6,-2.6470813954017677e-5
49.55,4.541021275522647e-6,-2.6642744096298375e-5
49.56,4.472876364723476e-6,-2.6811525854888735e-5
49.57,4.404253409530874e-6,-2.697714716822046e-5
49.58,4.335162639203354e-6,-2.7139596334080283e-5
49.59,4.265614323097605e-6,-2.7298862010191016e-5
49.6,4.195618769269435e-6,-2.7454933214750537e-5
49.61,4.125186323073496e-6,-2.7607799326932238e-5
49.62,4.054327365759435e-6,-2.7757450087346522e-5
49.63,3.983052313068454e-6,-2.790387559846262e-5
49.64,3.911371613826652e-6,-2.8047066324988695e-5
49.65,3.83929574853755e-6,-2.818701309421581e-5
49.66,3.766835227974383e-6,-2.8323707096320437e-5
49.67,3.6940005917696512e-6,-2.845713988462777e-5
49.68,3.6208024070063045e-6,-2.858730337583522e-5
49.69,3.5472512668052487e-6,-2.871418985019925e-5
49.7,3.473357788914984e-6,-2.8837791951678212e-5
49.71,3.3991326143003834e-6,-2.895810268804077e-5
49.72,3.3245864057303415e-6,-2.9075115430932267e-5
49.73,3.249729846366627e-6,-2.9188823915902988e-5
49.74,3.174573638352459e-6,-2.9299222242397152e-5
49.75,3.0991285014021412e-6,-2.9406304873702943e-5
49.76,3.023405171390093e-6,-2.951006663686419e-5
49.77,2.947414398942126e-6,-2.961050272255328e-5
49.78,2.871166948027134e-6,-2.9707608684903315e-5
49.79,2.7946735945486544e-6,-2.9801380441305634e-5
49.8,2.7179451249403244e-6,-2.989181427216505e-5
49.81,2.6409923347603524e-6,-2.9978906820618426e-5
49.82,2.563826027289194e-6,-3.0062655092214745e-5
49.83,2.4864570121283697e-6,-3.0143056454557547e-5
49.84,2.408896103800663e-6,-3.022010863690774e-5
49.85,2.331154120355576e-6,-3.029380972975029e-5
49.86,2.2532418819720475e-6,-3.0364158184321266e-5
49.87,2.1751702095675406e-6,-3.04311528120984e-5
49.88,2.09694992340959e-6,-3.0494792784253745e-5
49.89,2.018591841727424e-6,-3.0555077631068594e-5
49.9,1.940106779330671e-6,-3.061200724131161e-5
49.91,1.8615055462269052e-6,-3.0665581861577826e-5
49.92,1.7827989462455674e-6,-3.0715802095595366e-5
49.93,1.7039977756654115e-6,-3.076266890348744e-5
49.94,1.6251128218427067e-6,-3.080618360100603e-5
49.95,1.5461548618467659e-6,-3.084634785872264e-5
49.96,1.4671346610973956e-6,-3.088316370118595e-5
49.97,1.3880629720074141e-6,-3.091663350604241e-5
49.98,1.3089505326279716e-6,-3.09467600031185e-5
49.99,1.2298080653007344e-6,-3.097354627347134e-5
50.0,1.1506462753132197e-6,-3.099699574839971e-5
50.01,1.0714758495585661e-6,-3.101711220842052e-5
50.02,9.923074552015285e-7,-3.103389978221064e-5
50.03,9.131517383482814e-7,-3.104736294551306e-5
50.04,8.340193227220371e-7,-3.105750652000657e-5
50.05,7.549208083448291e-7,-3.106433567214306e-5
50.06,6.758667702238086e-7,-3.106785591194765e-5
50.07,5.968677570433664e-7,-3.106807309178616e-5
50.08,5.179342898633103e-7,-3.1064993405096206e-5
50.09,4.390768608235352e-7,-3.1058623385086864e-5
50.1,3.603059318541655e-7,-3.1048969903401833e-5
50.11,2.816319333924562e-7,-3.1036040168750744e-5
50.12,2.0306526310568462e-7,-3.1019841725504986e-5
50.13,1.2461628462117617e-7,-3.1000382452262407e-5
50.14,4.629532626292024e-8,-3.097767056037791e-5
50.15,-3.188732020484757e-8,-3.0951714592460246e-5
50.16,-1.0992140082761915e-7,-3.0922523420838234e-5
50.17,-1.877967007027391e-7,-3.089010624599298e-5
50.18,-2.655030452137086e-7,-3.085447259495725e-5
50.19,-3.4303030125863437e-7,-3.0815632319686305e-5
50.2,-4.203683784698933e-7,-3.07735955953929e-5
50.21,-4.975072304256178e-7,-3.0728372918852395e-5
50.22,-5.744368558550988e-7,-3.0679975106678165e-5
50.23,-6.511472998345605e-7,-3.062841329356429e-5
50.24,-7.276286549745649e-7,-3.057369893049656e-5
50.25,-8.038710626012416e-7,-3.0515843782936068e-5
50.26,-8.798647139270328e-7,-3.0454859928969392e-5
50.27,-9.555998512133314e-7,-3.0390759757430924e-5
50.28,-1.0310667689251481e-6,-3.032355596599432e-5
50.29,-1.1062558148769147e-6,-3.0253261559235415e-5
50.3,-1.1811573913672959e-6,-3.0179889846663904e-5
50.31,-1.2557619563115817e-6,-3.0103454440728825e-5
50.32,-1.330060024351679e-6,-3.0023969254794057e-5
50.33,-1.404042167973259e-6,-2.994144850108511e-5
50.34,-1.477699018601358e-6,-2.9855906688606615e-5
50.35,-1.5510212676911844e-6,-2.9767358621035955e-5
50.36,-1.623999667809e-6,-2.967581939458513e-5
50.37,-1.696625033702239e-6,-2.9581304395837736e-5
50.38,-1.7688882433615187e-6,-2.9483829299556512e-5
50.39,-1.8407802390699607e-6,-2.938341006646811e-5
50.4,-1.912292028445739e-6,-2.9280062941017454e-5
50.41,-1.983414685470918e-6,-2.917380444909853e-5
50.42,-2.0541393515131208e-6,-2.906465139575711e-5
50.43,-2.1244572363345577e-6,-2.895262086287018e-5
50.44,-2.194359619091355e-6,-2.8837730206799525e-5
50.45,-2.2638378493235655e-6,-2.871999705601883e-5
50.46,-2.3328833479309866e-6,-2.8599439308717108e-5
50.47,-2.4014876081418684e-6,-2.8476075130378752e-5
50.48,-2.4696421964685983e-6,-2.834992295133842e-5
50.49,-2.537338753653145e-6,-2.822100146431172e-5
50.5,-2.60456899560038e-6,-2.808932962190424e-5
50.51,-2.6713247143014216e-6,-2.7954926634094133e-5
50.52,-2.737597778745455e-6,-2.7817811965696825e-5
50.53,-2.803380135819056e-6,-2.7678005333802707e-5
50.54,-2.868663811195039e-6,-2.7535526705195297e-5
50.55,-2.933440910209694e-6,-2.7390396293745148e-5
50.56,-2.9977036187280527e-6,-2.724263455778574e-5
50.57,-3.0614442039969294e-6,-2.70922621974645e-5
50.58,-3.1246550154874513e-6,-2.6939300152075446e-5
50.59,-3.1873284857239085e-6,-2.6783769597369794e-5
50.6,-3.249457131102216e-6,-2.6625691942847265e-5
50.61,-3.311033552695654e-6,-2.6465088829026703e-5
50.62,-3.372050437047476e-6,-2.6301982124697948e-5
50.63,-3.432500556953668e-6,-2.6136393924153498e-5
50.64,-3.4923767722298054e-6,-2.5968346544402298e-5
50.65,-3.5516720304700095e-6,-2.5797862522363943e-5
50.66,-3.6103793677895486e-6,-2.5624964612044806e-5
50.67,-3.6684919095563786e-6,-2.5449675781697047e-5
50.68,-3.7260028711110794e-6,-2.527201921095995e-5
50.69,-3.78290555847187e-6,-2.5092018287982615e-5
50.7,-3.83919336902981e-6,-2.490969660653089e-5
50.71,-3.894859792228383e-6,-2.4725077963078638e-5
50.72,-3.9498984102315306e-6,-2.4538186353880177e-5
50.73,-4.004302898579267e-6,-2.4349045972029843e-5
50.74,-4.058067026829817e-6,-2.4157681204503402e-5
50.75,-4.1111846591874425e-6,-2.3964116629187078e-5
50.76,-4.163649755119995e-6,-2.3768377011888664e-5
50.77,-4.215456369961537e-6,-2.35704873033361e-5
50.78,-4.266598655500567e-6,-2.337047263616263e-5
50.79,-4.317070860558101e-6,-2.316835832187537e-5
50.8,-4.366867331550398e-6,-2.2964169847813435e-5
50.81,-4.415982513038236e-6,-2.275793287409072e-5
50.82,-4.464410948264083e-6,-2.2549673230528515e-5
50.83,-4.5121472796749e-6,-2.2339416913572317e-5
50.84,-4.559186249432302e-6,-2.2127190083199364e-5
50.85,-4.605522699907444e-6,-2.1913019059814516e-5
50.86,-4.651151574165087e-6,-2.169693032113231e-5
50.87,-4.696067916431926e-6,-2.1478950499050656e-5
50.88,-4.740266872552235e-6,-2.125910637651321e-5
50.89,-4.783743690429411e-6,-2.1037424884361196e-5
50.9,-4.826493720455037e-6,-2.081393309817528e-5
50.91,-4.868512415922631e-6,-2.0588658235107635e-5
50.92,-4.909795333428423e-6,-2.0361627650706196e-5
50.93,-4.950338133259571e-6,-2.013286883572944e-5
50.94,-4.9901365797658225e-6,-1.9902409412951346e-5
50.95,-5.029186541720703e-6,-1.967027713396053e-5
50.96,-5.067483992666106e-6,-1.9436499875950225e-5
50.97,-5.105025011244708e-6,-1.9201105638501034e-5
50.98,-5.141805781518439e-6,-1.896412254035735e-5
50.99,-5.177822593272437e-6,-1.8725578816195976e-5
51.0,-5.213071842305128e-6,-1.848550281339024e-5
51.01,-5.247550030705641e-6,-1.824392298876589e-5
51.02,-5.281253767115507e-6,-1.8000867905353553e-5
51.03,-5.314179766978108e-6,-1.775636622913422e-5
51.04,-5.346324852774476e-6,-1.7510446725781496e-5
51.05,-5.3776859542414474e-6,-1.726313825739808e-5
51.06,-5.408260108582611e-6,-1.701446977924875e-5
51.07,-5.438044460658375e-6,-1.676447033648918e-5
51.08,-5.4670362631672054e-6,-1.6513169060892163e-5
51.09,-5.495232876810002e-6,-1.6260595167569088e-5
51.1,-5.522631770442452e-6,-1.6006777951691438e-5
51.11,-5.5492305212120795e-6,-1.5751746785206653e-5
51.12,-5.575026814682573e-6,-1.5495531113554313e-5
51.13,-5.6000184449433035e-6,-1.5238160452380654e-5
51.14,-5.624203314705973e-6,-1.497966438425016e-5
51.15,-5.647579435385846e-6,-1.4720072555357968e-5
51.16,-5.670144927171422e-6,-1.4459414672240566e-5
51.17,-5.69189801907849e-6,-1.4197720498486687e-5
51.18,-5.712837048990506e-6,-1.393501985144913e-5
51.19,-5.732960463686377e-6,-1.3671342598955014e-5
51.2,-5.7522668188539664e-6,-1.3406718656019382e-5
51.21,-5.77075477908795e-6,-1.3141177981558099e-5
51.22,-5.788423117878147e-6,-1.287475057510323e-5
51.23,-5.805270717580116e-6,-1.2607466473519515e-5
51.24,-5.8212965693740415e-6,-1.2339355747724612e-5
51.25,-5.836499773209686e-6,-1.2070448499410392e-5
51.26,-5.850879537738115e-6,-1.1800774857767395e-5
51.27,-5.864435180229101e-6,-1.1530364976213594e-5
51.28,-5.877166126475382e-6,-1.1259249029125892e-5
51.29,-5.889071910683486e-6,-1.0987457208575406e-5
51.3,-5.9001521753511355e-6,-1.0715019721067762e-5
51.31,-5.91040667113128e-6,-1.044196678428769e-5
51.32,-5.91983525668292e-6,-1.0168328623849395e-5
51.33,-5.9284378985081265e-6,-9.894135470049902e-6
51.34,-5.936214670773681e-6,-9.619417554631737e-6
51.35,-5.943165755127673e-6,-9.344205107547433e-6
51.36,-5.949291440490387e-6,-9.068528353734582e-6
51.37,-5.9545921228431516e-6,-8.792417509894277e-6
51.38,-5.959068304997665e-6,-8.515902781277927e-6
51.39,-5.962720596354657e-6,-8.239014358482338e-6
51.4,-5.965549712649321e-6,-7.961782414250143e-6
51.41,-5.967556475684105e-6,-7.684237100280085e-6
51.42,-5.968741813046464e-6,-7.4064085440454615e-6
51.43,-5.969106757818165e-6,-7.128326845620426e-6
51.44,-5.968652448266822e-6,-6.8500220745157345e-6
51.45,-5.967380127527934e-6,-6.571524266523717e-6
51.46,-5.965291143274227e-6,-6.292863420573659e-6
51.47,-5.96238694736976e-6,-6.0140694955950725e-6
51.48,-5.958669095515575e-6,-5.735172407393457e-6
51.49,-5.954139246878725e-6,-5.456202025535926e-6
51.5,-5.948799163712724e-6,-5.177188170246875e-6
51.51,-5.942650710962397e-6,-4.898160609315974e-6
51.52,-5.935695855858733e-6,-4.6191490550165385e-6
51.53,-5.927936667500684e-6,-4.340183161037686e-6
51.54,-5.919375316425188e-6,-4.061292519426002e-6
51.55,-5.9100140741640374e-6,-3.7825066575415697e-6
51.56,-5.899855312791265e-6,-3.5038550350262373e-6
51.57,-5.888901504456688e-6,-3.2253670407848437e-6
51.58,-5.8771552209066785e-6,-2.94707198997918e-6
51.59,-5.864619132996838e-6,-2.6689991210368263e-6
51.6,-5.8512960101897065e-6,-2.391177592673512e-6
51.61,-5.837188720041249e-6,-2.113636480928239e-6
51.62,-5.822300227679613e-6,-1.836404776215321e-6
51.63,-5.806633595266393e-6,-1.5595113803894082e-6
51.64,-5.790191981451643e-6,-1.2829851038269779e-6
51.65,-5.7729786408161315e-6,-1.0068546625215797e-6
51.66,-5.7549969233002045e-6,-7.311486751958439e-7
51.67,-5.7362502736272075e-6,-4.5589566042932244e-7
51.68,-5.716742230707651e-6,-1.8112403380312786e-7
51.69,-5.6964764270422845e-6,9.31378949409797e-8
51.7,-5.675456588105909e-6,3.6686192472287013e-7
51.71,-5.653686531725581e-6,6.400199659287753e-7
51.72,-5.631170167446293e-6,9.125840432016556e-7
51.73,-5.607911495887206e-6,1.1845262982103949e-6
51.74,-5.583914608085997e-6,1.455818992404348e-6
51.75,-5.559183684834979e-6,1.726434509746394e-6
51.76,-5.533722996005557e-6,1.99634535943178e-6
51.77,-5.507536899862144e-6,2.2655241785846463e-6
51.78,-5.480629842368661e-6,2.5339437349372738e-6
51.79,-5.453006356482155e-6,2.8015769294907362e-6
51.8,-5.424671061439139e-6,3.068396799154997e-6
51.81,-5.395628662029967e-6,3.3343765193708376e-6
51.82,-5.365883947866191e-6,3.5994894067091816e-6
51.83,-5.335441792635819e-6,3.863708921454091e-6
51.84,-5.304307153351903e-6,4.127008670163586e-6
51.85,-5.272485069589546e-6,4.38936240820747e-6
51.86,-5.239980662715184e-6,4.650744042289419e-6
51.87,-5.206799135107332e-6,4.911127632943658e-6
51.88,-5.172945769365762e-6,5.170487397013588e-6
51.89,-5.138425927516064e-6,5.428797710104895e-6
51.9,-5.10324505020171e-6,5.68603310902237e-6
51.91,-5.067408655869521e-6,5.9421682941794465e-6
51.92,-5.030922339946444e-6,6.197178131989877e-6
51.93,-4.9937917740077524e-6,6.45103765723338e-6
51.94,-4.956022704937716e-6,6.703722075402022e-6
51.95,-4.917620954080646e-6,6.955206765021911e-6
51.96,-4.878592416385334e-6,7.205467279951387e-6
51.97,-4.838943059542485e-6,7.4544793516582595e-6
51.98,-4.798678923111306e-6,7.702218891471748e-6
51.99,-4.757806117641925e-6,7.948661992811275e-6
52.0,-4.716330823788541e-6,8.193784933391675e-6
52.01,-4.6742592914143085e-6,8.43756417740435e-6
52.02,-4.631597838691984e-6,8.679976377675282e-6
52.03,-4.5883528511947915e-6,8.920998377795456e-6
52.04,-4.544530780981109e-6,9.160607214231494e-6
52.05,-4.500138145672269e-6,9.398780118407999e-6
52.06,-4.455181527524476e-6,9.63549451876571e-6
52.07,-4.409667572492512e-6,9.870728042795403e-6
52.08,-4.363602989288881e-6,1.0104458519046565e-5
52.09,-4.316994548432541e-6,1.0336663979109991e-5
52.1,-4.2698490812997106e-6,1.0567322659574303e-5
52.11,-4.22217347915802e-6,1.0796413003959507e-5
52.12,-4.173974692202708e-6,1.1023913664620514e-5
52.13,-4.125259728583668e-6,1.1249803504628532e-5
52.14,-4.076035653427071e-6,1.1474061599623625e-5
52.15,-4.026309587851929e-6,1.1696667239642115e-5
52.16,-3.976088707980395e-6,1.1917599930917488e-5
52.17,-3.925380243944172e-6,1.2136839397654696e-5
52.18,-3.874191478883898e-6,1.2354365583776257e-5
52.19,-3.822529747945153e-6,1.2570158654644887e-5
52.2,-3.7704024372682047e-6,1.2784198998754575e-5
52.21,-3.71781698297428e-6,1.2996467229398043e-5
52.22,-3.6647808701457057e-6,1.3206944186305926e-5
52.23,-3.6113016318026414e-6,1.3415610937257551e-5
52.24,-3.5573868478755062e-6,1.3622448779665915e-5
52.25,-3.5030441441715193e-6,1.3827439242132155e-5
52.26,-3.4482811913399005e-6,1.4030564085977121e-5
52.27,-3.3931057038304e-6,1.423180530673937e-5
52.28,-3.3375254388490565e-6,1.443114513564931e-5
52.29,-3.2815481953111604e-6,1.4628566041073859e-5
52.3,-3.225181812789171e-6,1.4824050729932571e-5
52.31,-3.168434170457024e-6,1.501758214908566e-5
52.32,-3.1113131860338707e-6,1.5209143486694463e-5
52.33,-3.0538268147203515e-6,1.5398718173552685e-5
52.34,-2.995983048136075e-6,1.5586289884388615e-5
52.35,-2.9377899132506872e-6,1.5771842539139617e-5
52.36,-2.879255471315029e-6,1.5955360304198216e-5
52.37,-2.820387816788244e-6,1.6136827593627945e-5
52.38,-2.761195076261021e-6,1.6316229070351105e-5
52.39,-2.701685407380514e-6,1.6493549647308082e-5
52.4,-2.6418669977680294e-6,1.6668774488587114e-5
52.41,-2.5817480639395727e-6,1.684188901052438e-5
52.42,-2.5213368502196657e-6,1.7012878882776495e-5
52.43,-2.4606416276578423e-6,1.718173002936165e-5
52.44,-2.3996706929401715e-6,1.734842862967444e-5
52.45,-2.338432367300529e-6,1.751296111946836e-5
52.46,-2.2769349954311717e-6,1.7675314191809972e-5
52.47,-2.2151869443900778e-6,1.78354747980053e-5
52.48,-2.1531966025094604e-6,1.7993430148494547e-5
52.49,-2.0909723783021387e-6,1.8149167713718373e-5
52.5,-2.028522699366143e-6,1.8302675224953724e-5
52.51,-1.9658560112913373e-6,1.8453940675122392e-5
52.52,-1.9029807765614954e-6,1.86029523195671e-5
52.53,-1.8399054734606631e-6,1.8749698676800327e-5
52.54,-1.7766385949747982e-6,1.8894168529220926e-5
52.55,-1.7131886476965863e-6,1.9036350923805045e-5
52.56,-1.649564150727295e-6,1.91762351727621e-5
52.57,-1.5857736345824878e-6,1.93138108541666e-5
52.58,-1.521825640093725e-6,1.9449067812555535e-5
52.59,-1.4577287173136124e-6,1.958199615949953e-5
52.6,-1.393491424420769e-6,1.9712586274142647e-5
52.61,-1.329122326624482e-6,1.984082880371133e-5
52.62,-1.26462999507107e-6,1.9966714663997403e-5
52.63,-1.2000230057505841e-6,2.009023503980706e-5
52.64,-1.1353099384055897e-6,2.0211381385382602e-5
52.65,-1.0704993754396746e-6,2.0330145424794362e-5
52.66,-1.0055999008285596e-6,2.0446519152302318e-5
52.67,-9.406200990311269e-7,2.0560494832689103e-5
52.68,-8.755685539044734e-7,2.0672065001560352e-5
52.69,-8.104538476175464e-7,2.0781222465621028e-5
52.7,-7.452845595696674e-7,2.088796030291574e-5
52.71,-6.80069265308661e-7,2.0992271863044495e-5
52.72,-6.14816535452694e-7,2.1094150767346715e-5
52.73,-5.495349346130081e-7,2.1193590909056256e-5
52.74,-4.84233020321176e-7,2.1290586453425882e-5
52.75,-4.18919341953447e-7,2.1385131837825006e-5
52.76,-3.5360243966838655e-7,2.1477221771805318e-5
52.77,-2.8829084333414283e-7,2.1566851237138615e-5
52.78,-2.2299307146815898e-7,2.1654015487824954e-5
52.79,-1.577176301755879e-7,2.173871005007174e-5
52.8,-9.247301209271854e-8,2.1820930722243383e-5
52.81,-2.7267695332068403e-8,2.190067357478354e-5
52.82,3.788985756761334e-8,2.1977934950104305e-5
52.83,1.0299120068925508e-7,2.2052711462452e-5
52.84,1.6802790578100228e-7,2.212499999773971e-5
52.85,2.3299156329507547e-7,2.219479771335233e-5
52.86,2.978737834254406e-7,2.226210203792434e-5
52.87,3.626661971381315e-7,2.2326910671086947e-5
52.88,4.273604572008338e-7,2.2389221583187764e-5
52.89,4.919482392048284e-7,2.244903301498145e-5
52.9,5.564212425856076e-7,2.2506343477292836e-5
52.91,6.207711916374658e-7,2.25611517506505e-5
52.92,6.849898365230699e-7,2.2613456884893747e-5
52.93,7.490689542797808e-7,2.2663258198749754e-5
52.94,8.130003498198365e-7,2.271055527938453e-5
52.95,8.767758569268737e-7,2.2755347981924056e-5
52.96,9.403873392457601e-7,2.2797636428949186e-5
52.97,1.0038266912685926e-6,2.2837421009962493e-5
52.98,1.067085839315282e-6,2.2874702380827336e-5
52.99,1.1301567425081444e-6,2.2909481463179086e-5
53.0,1.193031393740812e-6,2.29417594438093e-5
53.01,1.2557018206433066e-6,2.2971537774024372e-5
53.02,1.3181600865385797e-6,2.29988181689732e-5
53.03,1.3803982913955256e-6,2.3023602606952615e-5
53.04,1.4424085727755892e-6,2.304589332868158e-5
53.05,1.5041831067722233e-6,2.3065692836552246e-5
53.06,1.5657141089454303e-6,2.3083003893851688e-5
53.07,1.6269938352489904e-6,2.3097829523959135e-5
53.08,1.6880145829531434e-6,2.311017300951622e-5
53.09,1.74876869155807e-6,2.3120037891569994e-5
53.1,1.8092485437030075e-6,2.3127427968692237e-5
53.11,1.8694465660681501e-6,2.31323472960704e-5
53.12,1.9293552302689466e-6,2.31348001845746e-5
53.13,1.9889670537450986e-6,2.313479119979832e-5
53.14,2.04827460064056e-6,2.3132325161074103e-5
53.15,2.107270482678462e-6,2.3127407140462322e-5
53.16,2.1659473600272094e-6,2.3120042461718094e-5
53.17,2.224297942160995e-6,2.31102366992294e-5
53.18,2.282314988710634e-6,2.309799567693403e-5
53.19,2.3399913103101306e-6,2.3083325467208254e-5
53.2,2.3973197694322743e-6,2.3066232389734913e-5
53.21,2.4542932812187768e-6,2.3046723010344197e-5
53.22,2.510904814302698e-6,2.3024804139831148e-5
53.23,2.5671473916216527e-6,2.3000482832749964e-5
53.24,2.6230140912244583e-6,2.2973766386183646e-5
53.25,2.678498047069211e-6,2.294466233849106e-5
53.26,2.7335924498129937e-6,2.2913178468028742e-5
53.27,2.788290547594186e-6,2.2879322791851722e-5
53.28,2.8425856468055914e-6,2.284310356439006e-5
53.29,2.896471112860895e-6,2.280452927610168e-5
53.3,2.949940370950167e-6,2.276360865210526e-5
53.31,3.0029869067892196e-6,2.272035065078725e-5
53.32,3.055604267358945e-6,2.267476446238997e-5
53.33,3.1077860616366823e-6,2.262685950757392e-5
53.34,3.1595259613190778e-6,2.2576645435962382e-5
53.35,3.210817701534736e-6,2.25241321246603e-5
53.36,3.26165508155038e-6,2.2469329676754992e-5
53.37,3.3120319654654662e-6,2.241224841979298e-5
53.38,3.3619422828996606e-6,2.2352898904237706e-5
53.39,3.411380029670303e-6,2.229129190190446e-5
53.4,3.4603392684615176e-6,2.2227438404377582e-5
53.41,3.508814129482407e-6,2.2161349621403013e-5
53.42,3.5567988111184576e-6,2.209303697926471e-5
53.43,3.604287580570938e-6,2.2022512119138146e-5
53.44,3.6512747744891275e-6,2.194978689542657e-5
53.45,3.697754799591608e-6,2.1874873374073665e-5
53.46,3.743722133278302e-6,2.179778383086179e-5
53.47,3.7891713242334688e-6,2.1718530749687e-5
53.48,3.834096993018268e-6,2.163712682081827e-5
53.49,3.878493832654838e-6,2.155358493913437e-5
53.5,3.922356609196983e-6,2.1467918202346506e-5
53.51,3.965680162297669e-6,2.1380139909199127e-5
53.52,4.008459405759597e-6,2.129026355765473e-5
53.53,4.050689328080054e-6,2.1198302843060046e-5
53.54,4.09236499298465e-6,2.110427165629512e-5
53.55,4.133481539950059e-6,2.1008184081904518e-5
53.56,4.174034184718762e-6,2.091005439621152e-5
53.57,4.214018219801694e-6,2.0809897065416602e-5
53.58,4.253429014970951e-6,2.070772674367712e-5
53.59,4.2922620177439305e-6,2.060355827117245e-5
53.6,4.33051275385474e-6,2.0497406672152303e-5
53.61,4.368176827717118e-6,2.0389287152969182e-5
53.62,4.4052499228761745e-6,2.0279215100094983e-5
53.63,4.4417278024498135e-6,2.0167206078122132e-5
53.64,4.477606309559859e-6,2.0053275827750562e-5
53.65,4.512881367752478e-6,1.9937440263758195e-5
53.66,4.547548981408002e-6,1.981971547295761e-5
53.67,4.58160523614105e-6,1.9700117712138435e-5
53.68,4.615046299188362e-6,1.957866340599524e-5
53.69,4.647868419788375e-6,1.9455369145040815e-5
53.7,4.680067929547011e-6,1.9330251683507534e-5
53.71,4.711641242796035e-6,1.9203327937233506e-5
53.72,4.742584856938649e-6,1.9074614981536575e-5
53.73,4.772895352784857e-6,1.894413004907496e-5
53.74,4.80256939487548e-6,1.881189052769483e-5
53.75,4.831603731797801e-6,1.867791395826703e-5
53.76,4.859995196486183e-6,1.854221803250971e-5
53.77,4.88774070651692e-6,1.840482059079994e-5
53.78,4.914837264386043e-6,1.8265739619975148e-5
53.79,4.94128195778383e-6,1.812499325111892e-5
53.8,4.967071959851376e-6,1.7982599757340578e-5
53.81,4.99220452942992e-6,1.783857755154074e-5
53.82,5.016677011299756e-6,1.7692945184169128e-5
53.83,5.040486836404725e-6,1.754572134096703e-5
53.84,5.063631522070803e-6,1.739692484070533e-5
53.85,5.08610867220825e-6,1.724657463291013e-5
53.86,5.107915977507638e-6,1.7094689795577187e-5
53.87,5.129051215620942e-6,1.6941289532880296e-5
53.88,5.149512251335506e-6,1.6786393172869026e-5
53.89,5.169297036732931e-6,1.6630020165157425e-5
53.9,5.188403611339866e-6,1.647219007860474e-5
53.91,5.206830102267411e-6,1.6312922598988013e-5
53.92,5.224574724338969e-6,1.6152237526665776e-5
53.93,5.24163578020527e-6,1.5990154774235662e-5
53.94,5.258011660453482e-6,1.582669436418384e-5
53.95,5.273700843699773e-6,1.5661876426525583e-5
53.96,5.288701896674266e-6,1.5495721196442694e-5
53.97,5.303013474292812e-6,1.5328249011910016e-5
53.98,5.31663431972123e-6,1.5159480311319089e-5
53.99,5.32956326442412e-6,1.4989435631093903e-5
54.0,5.341799228206046e-6,1.4818135603301475e-5
54.01,5.353341219240111e-6,1.4645600953255669e-5
54.02,5.364188334086646e-6,1.4471852497117721e-5
54.03,5.3743397577000885e-6,1.4296911139490216e-5
54.04,5.383794763424999e-6,1.4120797871007299e-5
54.05,5.3925527129827414e-6,1.3943533765919005e-5
54.06,5.40061305644403e-6,1.3765139979672931e-5
54.07,5.4079753321946e-6,1.3585637746491536e-5
54.08,5.414639166886862e-6,1.3405048376944963e-5
54.09,5.420604275382317e-6,1.3223393255520882e-5
54.1,5.425870460682747e-6,1.304069383819233e-5
54.11,5.430437613850913e-6,1.2856971649980813e-5
54.12,5.434305713919593e-6,1.267224828251741e-5
54.13,5.437474827791567e-6,1.248654539160257e-5
54.14,5.4399451101267345e-6,1.229988469476315e-5
54.15,5.441716803220957e-6,1.2112287968806641e-5
54.16,5.4427902368726535e-6,1.1923777047375003e-5
54.17,5.443165828237951e-6,1.1734373818497703e-5
54.18,5.4428440816791205e-6,1.1544100222142634e-5
54.19,5.441825588597061e-6,1.1352978247766046e-5
54.2,5.440111027258006e-6,1.1161029931863171e-5
54.21,5.437701162607309e-6,1.096827735551874e-5
54.22,5.434596846072803e-6,1.077474264195562e-5
54.23,5.430799015358735e-6,1.0580447954085584e-5
54.24,5.426308694228988e-6,1.038541549206005e-5
54.25,5.421126992280209e-6,1.0189667490822455e-5
54.26,5.415255104703404e-6,9.99322621765964e-6
54.27,5.408694312036881e-6,9.796113969756695e-6
54.28,5.401445979908517e-6,9.59835307175272e-6
54.29,5.393511558767963e-6,9.399965873298006e-6
54.3,5.384892583607317e-6,9.200974746614262e-6
54.31,5.375590673674722e-6,9.001402084055798e-6
54.32,5.36560753217486e-6,8.801270295675632e-6
54.33,5.354944945962614e-6,8.600601806791802e-6
54.34,5.3436047852227145e-6,8.39941905555878e-6
54.35,5.33158900314374e-6,8.19774449054207e-6
54.36,5.318899635580444e-6,7.995600568295616e-6
54.37,5.305538800705731e-6,7.79300975094329e-6
54.38,5.291508698654178e-6,7.5899945037653004e-6
54.39,5.2768116111557235e-6,7.386577292789561e-6
54.4,5.261449901158781e-6,7.1827805823850385e-6
54.41,5.2454260124450384e-6,6.978626832862813e-6
54.42,5.228742469234412e-6,6.774138498081046e-6
54.43,5.211401875780387e-6,6.569338023055995e-6
54.44,5.1934069159570285e-6,6.364247841577655e-6
54.45,5.174760352834369e-6,6.158890373831981e-6
54.46,5.155465028247657e-6,5.953288024030375e-6
54.47,5.135523862355757e-6,5.7474631780427104e-6
54.48,5.114939853189686e-6,5.541438201040187e-6
54.49,5.0937160761948145e-6,5.3352354351427455e-6
54.5,5.071855683761473e-6,5.128877197075227e-6
54.51,5.049361904747754e-6,4.922385775829234e-6
54.52,5.026238043994442e-6,4.715783430333818e-6
54.53,5.002487481829913e-6,4.509092387134208e-6
54.54,4.978113673566563e-6,4.302334838077458e-6
54.55,4.953120148988465e-6,4.095532938007091e-6
54.56,4.927510511832652e-6,3.888708802465873e-6
54.57,4.901288439258866e-6,3.6818845054088754e-6
54.58,4.874457681313392e-6,3.475082076922456e-6
54.59,4.847022060382565e-6,3.26832350095568e-6
54.6,4.818985470640544e-6,3.0616307130594308e-6
54.61,4.790351877486683e-6,2.8550255981348986e-6
54.62,4.761125316976048e-6,2.648529988193562e-6
54.63,4.731309895241754e-6,2.442165660125618e-6
54.64,4.700909787909916e-6,2.235954333480177e-6
54.65,4.669929239505729e-6,2.029917668254074e-6
54.66,4.638372562852671e-6,1.8240772626935753e-6
54.67,4.606244138463723e-6,1.6184546511056049e-6
54.68,4.573548413925445e-6,1.4130713016815266e-6
54.69,4.54028990327454e-6,1.2079486143299086e-6
54.7,4.506473186366181e-6,1.003107918524031e-6
54.71,4.472102908236837e-6,7.98570471158693e-7
54.72,4.4371837784564075e-6,5.943574544203881e-7
54.73,4.4017205704797396e-6,3.9048997366887593e-7
54.74,4.3657181209827235e-6,1.869890553322602e-7
54.75,4.329181329199125e-6,-1.6124355186328597e-8
54.76,4.292115156245811e-6,-2.1882939558864815e-7
54.77,4.254524624441307e-6,-4.21105288748631e-7
54.78,4.21641481662225e-6,-6.229313447658744e-7
54.79,4.177790875447211e-6,-8.242869630064546e-7
54.8,4.138658002699089e-6,-1.0251516341289532e-6
54.81,4.0990214585773815e-6,-1.225504942098489e-6
54.82,4.058886560986466e-6,-1.4253265661844441e-6
54.83,4.018258684817399e-6,-1.624596282946174e-6
54.84,3.977143261221962e-6,-1.8232939682032088e-6
54.85,3.935545776883717e-6,-2.0213995989906625e-6
54.86,3.893471773280213e-6,-2.2188932555009944e-6
54.87,3.850926845940737e-6,-2.415755123009394e-6
54.88,3.8079166436989707e-6,-2.611965493786084e-6
54.89,3.7644468679386313e-6,-2.8075047689906408e-6
54.9,3.7205232718344274e-6,-3.0023534605534966e-6
54.91,3.6761516595879393e-6,-3.1964921930405743e-6
54.92,3.631337885656857e-6,-3.3899017055022724e-6
54.93,3.5860878539809545e-6,-3.582562853305543e-6
54.94,3.5404075172014232e-6,-3.7744566099523794e-6
54.95,3.4943028758755645e-6,-3.96556406887967e-6
54.96,3.4477799776865807e-6,-4.1558664452428406e-6
54.97,3.400844916649164e-6,-4.345345077684773e-6
54.98,3.3535038323105232e-6,-4.5339814300855926e-6
54.99,3.3057629089438263e-6,-4.721757093297727e-6
55.0,3.2576283747427765e-6,-4.908653786860461e-6
55.01,3.209106501006071e-6,-5.0946533607029475e-6
55.02,3.160203601321364e-6,-5.279737796824064e-6
55.03,3.1109260307435487e-6,-5.463889210957674e-6
55.04,3.061280184968687e-6,-5.647089854220442e-6
55.05,3.0112724995050618e-6,-5.829322114740665e-6
55.06,2.9609094488401464e-6,-6.010568519269849e-6
55.07,2.910197545602582e-6,-6.1908117347755905e-6
55.08,2.8591433397219034e-6,-6.370034570017812e-6
55.09,2.8077534175845526e-6,-6.548219977104224e-6
55.1,2.7560344011849925e-6,-6.725351053029527e-6
55.11,2.7039929472763235e-6,-6.90141104119501e-6
55.12,2.6516357465148953e-6,-7.076383332909173e-6
55.13,2.598969522602512e-6,-7.250251468870452e-6
55.14,2.5460010314278976e-6,-7.422999140629487e-6
55.15,2.492737060200828e-6,-7.594610192034274e-6
55.16,2.439184426588584e-6,-7.765068620654245e-6
55.17,2.385349977845397e-6,-7.934358579186494e-6
55.18,2.3312405899427388e-6,-8.10246437684037e-6
55.19,2.2768631666927346e-6,-8.269370480706753e-6
55.2,2.222224638876504e-6,-8.435061517101868e-6
55.21,2.1673319633613277e-6,-8.599522272896651e-6
55.22,2.1121921222234633e-6,-8.762737696823007e-6
55.23,2.0568121218628582e-6,-8.924692900761537e-6
55.24,2.0011989921211403e-6,-9.085373161008589e-6
55.25,1.945359785394295e-6,-9.244763919522756e-6
55.26,1.8893015757445184e-6,-9.402850785153185e-6
55.27,1.8330314580108188e-6,-9.559619534844702e-6
55.28,1.7765565469194369e-6,-9.715056114824358e-6
55.29,1.7198839761890306e-6,-9.86914664176704e-6
55.3,1.6630208976386568e-6,-1.0021877403940036e-5
55.31,1.605974480293144e-6,-1.0173234862328e-5
55.32,1.5487519094869104e-6,-1.0323205651735061e-5
55.33,1.4913603859667757e-6,-1.0471776581869117e-5
55.34,1.433807124995112e-6,-1.0618934638402202e-5
55.35,1.3760993554514505e-6,-1.0764666984011953e-5
55.36,1.3182443189336683e-6,-1.0908960959400408e-5
55.37,1.2602492688587576e-6,-1.1051804084294013e-5
55.38,1.2021214695625952e-6,-1.119318405841892e-5
55.39,1.143868195400843e-6,-1.1333088762458946e-5
55.4,1.0854967298475815e-6,-1.1471506258989058e-5
55.41,1.0270143645967968e-6,-1.1608424793388807e-5
55.42,9.684283986609705e-7,-1.1743832794735663e-5
55.43,9.097461374716446e-7,-1.187771887667291e-5
55.44,8.509748919793511e-7,-1.2010071838261009e-5
55.45,7.921219777549434e-7,-1.2140880664803453e-5
55.46,7.331947140898248e-7,-1.2270134528653203e-5
55.47,6.742004230992869e-7,-1.239782278999562e-5
55.48,6.151464288232456e-7,-1.2523934997612285e-5
55.49,5.56040056330623e-7,-1.2648460889620957e-5
55.5,4.968886308235571e-7,-1.2771390394192985e-5
55.51,4.3769947674200823e-7,-1.2892713630252212e-5
55.52,3.7847991687075183e-7,-1.301242090814941e-5
55.53,3.1923727144751534e-7,-1.313050273031419e-5
55.54,2.599788572699119e-7,-1.3246949791888384e-5
55.55,2.007119868083668e-7,-1.3361752981333685e-5
55.56,1.41443967316584e-7,-1.3474903381020255e-5
55.57,8.218209994560237e-8,-1.358639226779069e-5
55.58,2.2933678859519846e-8,-1.36962111135052e-5
55.59,-3.629400964796524e-8,-1.3804351585561355e-5
55.6,-9.54936880336247e-8,-1.3910805547394582e-5
55.61,-1.5465808838306256e-7,-1.4015565058954965e-5
55.62,-2.1377995328838143e-7,-1.4118622377162878e-5
55.63,-2.7285203672141477e-7,-1.4219969956342166e-5
55.64,-3.3186710490516365e-7,-1.4319600448630944e-5
55.65,-3.908179371844845e-7,-1.4417506704371481e-5
55.66,-4.4969732689130715e-7,-1.4513681772476876e-5
55.67,-5.084980822094563e-7,-1.4608118900776626e-5
55.68,-5.672130270358132e-7,-1.470081153633867e-5
55.69,-6.258350018384473e-7,-1.4791753325772218e-5
55.7,-6.843568645120355e-7,-1.4880938115504446e-5
55.71,-7.427714912302118e-7,-1.4968359952039805e-5
55.72,-8.010717772934702e-7,-1.5054013082193918e-5
55.73,-8.592506379774745e-7,-1.5137891953306658e-5
55.74,-9.17301009372779e-7,-1.521999121343371e-5
55.75,-9.752158492247051e-7,-1.530030571151557e-5
55.76,-1.0329881377691044e-6,-1.5378830497524678e-5
55.77,-1.0906108785635074e-6,-1.545556082259234e-5
55.78,-1.148077099314731e-6,-1.5530492139109347e-5
55.79,-1.2053798527029589e-6,-1.5603620100811976e-5
55.8,-1.262512217202501e-6,-1.5674940562838107e-5
55.81,-1.31946729789628e-6,-1.5744449581768363e-5
55.82,-1.3762382272891723e-6,-1.581214341564155e-5
55.83,-1.432818166114463e-6,-1.5878018523949806e-5
55.84,-1.4892003041376608e-6,-1.594207156761222e-5
55.85,-1.545377860954722e-6,-1.6004299408926964e-5
55.86,-1.6013440867870042e-6,-1.6064699111500642e-5
55.87,-1.6570922632705633e-6,-1.6123267940158648e-5
55.88,-1.7126157042410748e-6,-1.6180003360831772e-5
55.89,-1.7679077565139843e-6,-1.6234903040422077e-5
55.9,-1.8229618006602436e-6,-1.628796484664872e-5
55.91,-1.8777712517762418e-6,-1.6339186847870723e-5
55.92,-1.9323295602492163e-6,-1.6388567312889994e-5
55.93,-1.986630212517401e-6,-1.6436104710731937e-5
55.94,-2.0406667318250786e-6,-1.6481797710406957e-5
55.95,-2.0944326789724497e-6,-1.6525645180648444e-5
55.96,-2.1479216530594896e-6,-1.6567646189632526e-5
55.97,-2.201127292224673e-6,-1.6607800004673942e-5
55.98,-2.254043274379147e-6,-1.6646106091904528e-5
55.99,-2.3066633179331598e-6,-1.668256411592903e-5
56.0,-2.358981182518817e-6,-1.671717393945961e-5
56.01,-2.410990669705821e-6,-1.6749935622931837e-5
56.02,-2.462685623712083e-6,-1.678084942409962e-5
56.03,-2.5140599321074683e-6,-1.6809915797607573e-5
56.04,-2.5651075265126877e-6,-1.6837135394547534e-5
56.05,-2.615822383291133e-6,-1.686250906199026e-5
56.06,-2.666198524235198e-6,-1.6886037842500144e-5
56.07,-2.716230017245258e-6,-1.690772297362846e-5
56.08,-2.765910977004446e-6,-1.692756588738782e-5
56.09,-2.815235565644294e-6,-1.69455682097047e-5
56.1,-2.8641979934062284e-6,-1.6961731759855536e-5
56.11,-2.912792519295299e-6,-1.6976058549880484e-5
56.12,-2.961013451727402e-6,-1.6988550783978363e-5
56.13,-3.0088551491704717e-6,-1.699921085788231e-5
56.14,-3.0563120207779962e-6,-1.7008041358217168e-5
56.15,-3.1033785270164692e-6,-1.7015045061835857e-5
56.16,-3.150049180285647e-6,-1.702022493513827e-5
56.17,-3.196318545531546e-6,-1.7023584133369705e-5
56.18,-3.242181240853312e-6,-1.702512599990132e-5
56.19,-3.287631938102144e-6,-1.702485406549341e-5
56.2,-3.3326653634733814e-6,-1.7022772047535515e-5
56.21,-3.377276298091406e-6,-1.701888384927419e-5
56.22,-3.4214595785865677e-6,-1.7013193559016845e-5
56.23,-3.4652100976675822e-6,-1.7005705449319343e-5
56.24,-3.5085228046820505e-6,-1.6996423976158067e-5
56.25,-3.551392706172997e-6,-1.6985353778079945e-5
56.26,-3.5938148664270216e-6,-1.6972499675336365e-5
56.27,-3.635784408014383e-6,-1.695786666899995e-5
56.28,-3.6772965123212487e-6,-1.694145994006255e-5
56.29,-3.718346420076267e-6,-1.6923284848516428e-5
56.3,-3.7589294318661e-6,-1.690334693241784e-5
56.31,-3.7990409086469215e-6,-1.688165190693348e-5
56.32,-3.838676272244467e-6,-1.6858205663370035e-5
56.33,-3.8778310058493725e-6,-1.6833014268185913e-5
56.34,-3.916500654502207e-6,-1.680608396198799e-5
56.35,-3.954680825572106e-6,-1.6777421158509525e-5
56.36,-3.992367189226007e-6,-1.674703244357281e-5
56.37,-4.029555478891644e-6,-1.6714924574035604e-5
56.38,-4.066241491710514e-6,-1.6681104476720944e-5
56.39,-4.102421088983441e-6,-1.6645579247329997e-5
56.4,-4.138090196608897e-6,-1.660835614934124e-5
56.41,-4.1732448055112995e-6,-1.656944261289117e-5
56.42,-4.207880972062204e-6,-1.6528846233642037e-5
56.43,-4.241994818493361e-6,-1.648657477163172e-5
56.44,-4.275582533300033e-6,-1.644263615010969e-5
56.45,-4.308640371637398e-6,-1.6397038454357363e-5
56.46,-4.341164655708199e-6,-1.634978993049428e-5
56.47,-4.373151775140839e-6,-1.6300898984267687e-5
56.48,-4.404598187360449e-6,-1.62503741798289e-5
56.49,-4.43550041795017e-6,-1.6198224238495207e-5
56.5,-4.465855061004945e-6,-1.6144458037495837e-5
56.51,-4.495658779475706e-6,-1.6089084608705677e-5
56.52,-4.52490830550562e-6,-1.6032113137363825e-5
56.53,-4.553600440757632e-6,-1.5973552960778072e-5
56.54,-4.581732056732334e-6,-1.5913413567017216e-5
56.55,-4.6093000950789825e-6,-1.585170459358802e-5
56.56,-4.636301567895386e-6,-1.5788435826098747e-5
56.57,-4.662733558021435e-6,-1.5723617196911978e-5
56.58,-4.6885932193214435e-6,-1.565725878378211e-5
56.59,-4.7138777769605275e-6,-1.5589370808480146e-5
56.6,-4.7385845276687055e-6,-1.551996363540681e-5
56.61,-4.762710839999104e-6,-1.5449047770192255e-5
56.62,-4.786254154575163e-6,-1.5376633858284643e-5
56.63,-4.809211984331299e-6,-1.530273268352474e-5
56.64,-4.8315819147415975e-6,-1.5227355166710605e-5
56.65,-4.853361604041772e-6,-1.515051236414834e-5
56.66,-4.874548783441849e-6,-1.5072215466193912e-5
56.67,-4.89514125732911e-6,-1.4992475795780123e-5
56.68,-4.915136903462583e-6,-1.491130480693592e-5
56.69,-4.934533673158806e-6,-1.4828714083292128e-5
56.7,-4.953329591467636e-6,-1.4744715336576823e-5
56.71,-4.97152275734039e-6,-1.4659320405101007e-5
56.72,-4.989111343786722e-6,-1.4572541252232534e-5
56.73,-5.0060935980261836e-6,-1.448438996486018e-5
56.74,-5.02246784162649e-6,-1.4394878751848213e-5
56.75,-5.038232470635391e-6,-1.4304019942479783e-5
56.76,-5.053385955702993e-6,-1.4211825984891078e-5
56.77,-5.067926842194679e-6,-1.411830944449699e-5
56.78,-5.08185375029536e-6,-1.4023483002405063e-5
56.79,-5.095165375103679e-6,-1.3927359453822268e-5
56.8,-5.10786048671884e-6,-1.3829951706452408e-5
56.81,-5.119937930316761e-6,-1.373127277888324e-5
56.82,-5.131396626218145e-6,-1.363133579896717e-5
56.83,-5.142235569946855e-6,-1.353015400219202e-5
56.84,-5.152453832279957e-6,-1.3427740730043458e-5
56.85,-5.162050559288054e-6,-1.3324109428361187e-5
56.86,-5.171024972366745e-6,-1.3219273645684044e-5
56.87,-5.179376368259165e-6,-1.3113247031591629e-5
56.88,-5.1871041190697905e-6,-1.3006043335033682e-5
56.89,-5.19420767226799e-6,-1.289767640265678e-5
56.9,-5.200686550684405e-6,-1.2788160177120564e-5
56.91,-5.206540352496987e-6,-1.267750869540902e-5
56.92,-5.211768751208184e-6,-1.2565736087134002e-5
56.93,-5.216371495613664e-6,-1.2452856572833126e-5
56.94,-5.220348409761731e-6,-1.2338884462260419e-5
56.95,-5.223699392903905e-6,-1.2223834152671349e-5
56.96,-5.226424419436792e-6,-1.210772012710296e-5
56.97,-5.2285235388338426e-6,-1.1990556952645299e-5
56.98,-5.2299968755702544e-6,-1.1872359278711508e-5
56.99,-5.230844629037534e-6,-1.1753141835298942e-5
57.0,-5.23106707344909e-6,-1.1632919431247325e-5
57.01,-5.230664557738081e-6,-1.1511706952491288e-5
57.02,-5.229637505445606e-6,-1.1389519360307442e-5
57.03,-5.227986414600655e-6,-1.126637168955879e-5
57.04,-5.225711857590323e-6,-1.1142279046933333e-5
57.05,-5.222814481022477e-6,-1.101725660917824e-5
57.06,-5.219295005579446e-6,-1.0891319621331817e-5
57.07,-5.215154225861939e-6,-1.076448339495059e-5
57.08,-5.210393010225794e-6,-1.06367633063319e-5
57.09,-5.20501230060944e-6,-1.050817479473551e-5
57.1,-5.199013112352211e-6,-1.037873336060033e-5
57.11,-5.192396534005935e-6,-1.024845456375863e-5
57.12,-5.1851637271352984e-6,-1.0117354021647699e-5
57.13,-5.177315926111662e-6,-9.985447407518626e-6
57.14,-5.168854437898737e-6,-9.852750448643416e-6
57.15,-5.159780641827906e-6,-9.71927892451913e-6
57.16,-5.150095989366034e-6,-9.585048665070257e-6
57.17,-5.139802003876879e-6,-9.4500755488502e-6
57.18,-5.128900280371173e-6,-9.314375501240346e-6
57.19,-5.1173924852490074e-6,-9.177964492647072e-6
57.2,-5.105280356036655e-6,-9.040858536699735e-6
57.21,-5.092565701111606e-6,-8.903073688446005e-6
57.22,-5.079250399422071e-6,-8.764626042546574e-6
57.23,-5.065336400196543e-6,-8.625531731469981e-6
57.24,-5.050825722647451e-6,-8.485806923686238e-6
57.25,-5.035720455663966e-6,-8.345467821862153e-6
57.26,-5.020022757499528e-6,-8.204530661052677e-6
57.27,-5.003734855449464e-6,-8.063011706897191e-6
57.28,-4.986859045522145e-6,-7.920927253813461e-6
57.29,-4.969397692101771e-6,-7.778293623192874e-6
57.3,-4.951353227603072e-6,-7.635127161594972e-6
57.31,-4.9327281521176316e-6,-7.491444238946624e-6
57.32,-4.913525033055657e-6,-7.34726124673869e-6
57.33,-4.8937465047757945e-6,-7.202594596225296e-6
57.34,-4.873395268210567e-6,-7.057460716625503e-6
57.35,-4.852474090482211e-6,-6.911876053325926e-6
57.36,-4.830985804513469e-6,-6.765857066084889e-6
57.37,-4.8089333086283425e-6,-6.619420227239788e-6
57.38,-4.786319566147331e-6,-6.47258201991576e-6
57.39,-4.7631476049742265e-6,-6.325358936237988e-6
57.4,-4.739420517176289e-6,-6.177767475545071e-6
57.41,-4.7151414585572395e-6,-6.029824142606956e-6
57.42,-4.6903136482229545e-6,-5.881545445844537e-6
57.43,-4.664940368140415e-6,-5.732947895554107e-6
57.44,-4.639024962687738e-6,-5.5840480021331355e-6
57.45,-4.612570838201682e-6,-5.434862274311309e-6
57.46,-4.585581462513096e-6,-5.285407217385636e-6
57.47,-4.558060364479543e-6,-5.135699331457042e-6
57.48,-4.5300111335075755e-6,-4.985755109674675e-6
57.49,-4.501437419072293e-6,-4.8355910364811605e-6
57.5,-4.472342930227049e-6,-4.685223585865257e-6
57.51,-4.442731435108929e-6,-4.53466921961729e-6
57.52,-4.412606760435235e-6,-4.383944385589684e-6
57.53,-4.381972790995436e-6,-4.2330655159640486e-6
57.54,-4.3508334691370475e-6,-4.08204902552118e-6
57.55,-4.319192794243793e-6,-3.930911309918633e-6
57.56,-4.287054822207097e-6,-3.7796687439720324e-6
57.57,-4.254423664895165e-6,-3.628337679944627e-6
57.58,-4.221303489610158e-6,-3.476934445839048e-6
57.59,-4.18769851854505e-6,-3.3254753436990006e-6
57.6,-4.1536130282307205e-6,-3.1739766479148173e-6
57.61,-4.119051348978544e-6,-3.0224546035364603e-6
57.62,-4.084017864317058e-6,-2.870925424592473e-6
57.63,-4.048517010424695e-6,-2.7194052924160358e-6
57.64,-4.012553275550856e-6,-2.567910353979093e-6
57.65,-3.976131199441173e-6,-2.4164567202313003e-6
57.66,-3.939255372747131e-6,-2.265060464447536e-6
57.67,-3.90193043643751e-6,-2.113737620583517e-6
57.68,-3.8641610812010585e-6,-1.9625041816377253e-6
57.69,-3.8259520468447834e-6,-1.8113760980216161e-6
57.7,-3.7873081216866687e-6,-1.660369275937973e-6
57.71,-3.7482341419443825e-6,-1.5094995757671526e-6
57.72,-3.7087349911172494e-6,-1.3587828104609351e-6
57.73,-3.668815599364827e-6,-1.2082347439464825e-6
57.74,-3.6284809428791763e-6,-1.0578710895365879e-6
57.75,-3.587736043253913e-6,-9.077075083504359e-7
57.76,-3.5465859668478056e-6,-7.577596077421285e-7
57.77,-3.50503582414192e-6,-6.080429397391783e-7
57.78,-3.4630907690967136e-6,-4.585729994888669e-7
57.79,-3.4207559984991334e-6,-3.0936522371522875e-7
57.8,-3.378036751310143e-6,-1.6043498918452722e-7
57.81,-3.3349383080047464e-6,-1.1797611180564382e-8
57.82,-3.2914659899084538e-6,1.3653165800945802e-7
57.83,-3.2476251585314637e-6,2.8453763060073833e-7
57.84,-3.2034212148967616e-6,4.322051848056345e-7
57.85,-3.1588595988638213e-6,5.795192663178202e-7
57.86,-3.113945788450706e-6,7.264648897874543e-7
57.87,-3.0686852991506737e-6,8.730271402852601e-7
57.88,-3.0230836832449845e-6,1.0191911747556096e-6
57.89,-2.9771465291129e-6,1.1649422234589718e-6
57.9,-2.930879460538738e-6,1.310265591405077e-6
57.91,-2.884288136011884e-6,1.4551466597723304e-6
57.92,-2.8373782480293734e-6,1.5995708873188853e-6
57.93,-2.790155522388788e-6,1.7435238117804678e-6
57.94,-2.7426257174828154e-6,1.8869910512579753e-6
57.95,-2.6947946235882204e-6,2.029958305593219e-6
57.96,-2.6466680621527852e-6,2.1724113577327336e-6
57.97,-2.5982518850782625e-6,2.314336075080926e-6
57.98,-2.549551974001541e-6,2.4557184108395423e-6
57.99,-2.500574239572961e-6,2.5965444053373445e-6
58.0,-2.4513246207308244e-6,2.7368001873457404e-6
58.01,-2.4018090839749252e-6,2.8764719753836335e-6
58.02,-2.3520336226363253e-6,3.015546079009007e-6
58.03,-2.302004256144883e-6,3.154008900098459e-6
58.04,-2.2517270292953562e-6,3.291846934114425e-6
58.05,-2.2012080115100012e-6,3.429046771358909e-6
58.06,-2.1504532961006055e-6,3.565595098216009e-6
58.07,-2.09946899952581e-6,3.7014786983790367e-6
58.08,-2.04826126064973e-6,3.836684454067339e-6
58.09,-1.9968362399967222e-6,3.9711993472286e-6
58.1,-1.9452001190044907e-6,4.105010460728097e-6
58.11,-1.8933590992753532e-6,4.238104979524512e-6
58.12,-1.8413194018274947e-6,4.370470191832823e-6
58.13,-1.7890872663426436e-6,4.502093490273902e-6
58.14,-1.7366689504130548e-6,4.632962373009261e-6
58.15,-1.6840707287883071e-6,4.76306444486348e-6
58.16,-1.6312988926176835e-6,4.892387418432337e-6
58.17,-1.5783597486965765e-6,5.020919115177223e-6
58.18,-1.5252596187059275e-6,5.148647466504549e-6
58.19,-1.4720048384564233e-6,5.275560514833116e-6
58.2,-1.418601757125167e-6,5.401646414646342e-6
58.21,-1.3650567364986625e-6,5.52689343352828e-6
58.22,-1.3113761502103961e-6,5.651289953190189e-6
58.23,-1.2575663829789622e-6,5.7748244704772135e-6
58.24,-1.2036338298463212e-6,5.897485598364605e-6
58.25,-1.1495848954151653e-6,6.0192620669376235e-6
58.26,-1.0954259930850655e-6,6.140142724357178e-6
58.27,-1.0411635442904313e-6,6.260116537810747e-6
58.28,-9.868039777363142e-7,6.379172594448786e-6
58.29,-9.323537286350153e-7,6.497300102306029e-6
58.3,-8.778192379428189e-7,6.614488391207749e-6
58.31,-8.232069515965112e-7,6.730726913661881e-6
58.32,-7.685233197497859e-7,6.846005245735301e-6
58.33,-7.13774796011416e-7,6.960313087914799e-6
58.34,-6.589678366812698e-7,7.07364026595407e-6
58.35,-6.041088999895858e-7,7.185976731704387e-6
58.36,-5.49204445334301e-7,7.2973125639306355e-6
58.37,-4.942609325211658e-7,7.407637969111167e-6
58.38,-4.3928482100294256e-7,7.516943282224e-6
58.39,-3.842825691205581e-7,7.6252189675157085e-6
58.4,-3.292606333437985e-7,7.732455619255708e-6
58.41,-2.7422546751510954e-7,7.838643962475096e-6
58.42,-2.1918352209214747e-7,7.943774853689441e-6
58.43,-1.6414124339332745e-7,8.04783928160665e-6
58.44,-1.0910507284315504e-7,8.150828367818389e-6
58.45,-5.408144622090411e-8,8.252733367476435e-6
58.46,9.232070921740011e-10,8.353545669952531e-6
58.47,5.5902464861390773e-8,8.453256799483483e-6
58.48,1.1084991274719054e-7,8.551858415799485e-6
58.49,1.6575914505103582e-7,8.649342314737287e-6
58.5,2.2062376545999842e-7,8.745700428836364e-6
58.51,2.75437387789976e-7,8.840924827921056e-6
58.52,3.301936367265527e-7,8.935007719664551e-6
58.53,3.848861485629214e-7,9.027941450138627e-6
58.54,4.3950857193709336e-7,9.119718504346598e-6
58.55,4.94054568566217e-7,9.21033150674013e-6
58.56,5.485178139787591e-7,9.299773221720457e-6
58.57,6.028919982443573e-7,9.38803655412245e-6
58.58,6.57170826700986e-7,9.475114549685059e-6
58.59,7.11348020679978e-7,9.561000395502342e-6
58.6,7.654173182275655e-7,9.645687420460627e-6
58.61,8.193724748258596e-7,9.729169095659314e-6
58.62,8.732072641077335e-7,9.811439034814122e-6
58.63,9.269154785722888e-7,9.892490994646565e-6
58.64,9.804909302942312e-7,9.972318875254081e-6
58.65,1.0339274516338495e-6,1.0050916720467215e-5
58.66,1.087218895939236e-6,1.0128278718188547e-5
58.67,1.1403591382503649e-6,1.0204399200716087e-5
58.68,1.193342075995974e-6,1.0279272645050377e-5
58.69,1.246161629689062e-6,1.0352893673185347e-5
58.7,1.298811743618661e-6,1.0425257052383793e-5
58.71,1.3512863865381014e-6,1.0496357695434211e-5
58.72,1.403579552348876e-6,1.0566190660895507e-5
58.73,1.4556852607825003e-6,1.0634751153321447e-5
58.74,1.5075975580770135e-6,1.0702034523471427e-5
58.75,1.5593105176509766e-6,1.0768036268504992e-5
58.76,1.6108182407729464e-6,1.0832752032157653e-5
58.77,1.6621148572266513e-6,1.0896177604904962e-5
58.78,1.713194525973041e-6,1.0958308924105908e-5
58.79,1.7640514358081985e-6,1.1019142074134083e-5
58.8,1.8146798060153234e-6,1.1078673286490542e-5
58.81,1.8650738870159373e-6,1.1136898939899782e-5
58.82,1.9152279610126174e-6,1.1193815560393172e-5
58.83,1.9651363426310403e-6,1.1249419821372819e-5
58.84,2.0147933795553732e-6,1.1303708543661338e-5
58.85,2.0641934531593175e-6,1.1356678695535334e-5
58.86,2.113330979134413e-6,1.1408327392742245e-5
58.87,2.1622004081109232e-6,1.1458651898503172e-5
58.88,2.210796226276064e-6,1.1507649623496713e-5
58.89,2.259112955986709e-6,1.1555318125830824e-5
58.9,2.3071451563773098e-6,1.1601655110995053e-5
58.91,2.354887423963098e-6,1.1646658431800585e-5
58.92,2.4023343932375135e-6,1.1690326088301436e-5
58.93,2.4494807372659204e-6,1.1732656227702707e-5
58.94,2.496321168273296e-6,1.1773647144250174e-5
58.95,2.5428504382264943e-6,1.1813297279108394e-5
58.96,2.5890633394122124e-6,1.1851605220218999e-5
58.97,2.634954705009063e-6,1.1888569702145951e-5
58.98,2.6805194096545134e-6,1.1924189605905239e-5
58.99,2.7257523700058314e-6,1.1958463958778519e-5
59.0,2.7706485452963383e-6,1.1991391934111482e-5
59.01,2.8152029378859254e-6,1.2022972851097536e-5
59.02,2.8594105938056625e-6,1.2053206174545362e-5
59.03,2.9032666032969993e-6,1.2082091514632058e-5
59.04,2.9467661013448437e-6,1.2109628626641136e-5
59.05,2.989904268206494e-6,1.2135817410685291e-5
59.06,3.032676329931208e-6,1.2160657911412966e-5
59.07,3.075077558879017e-6,1.2184150317702608e-5
59.08,3.1171032742282436e-6,1.2206294962339645e-5
59.09,3.158748842481204e-6,1.2227092321680584e-5
59.1,3.2000096779611166e-6,1.2246543015299654e-5
59.11,3.240881243305401e-6,1.2264647805624577e-5
59.12,3.281359049950449e-6,1.2281407597554429e-5
59.13,3.3214386586107996e-6,1.2296823438063995e-5
59.14,3.3611156797543456e-6,1.231089651579526e-5
59.15,3.400385774068018e-6,1.2323628160631874e-5
59.16,3.439244652918579e-6,1.2335019843261374e-5
59.17,3.4776880788078678e-6,1.2345073174721805e-5
59.18,3.5157118658201306e-6,1.235378990593534e-5
59.19,3.5533118800636446e-6,1.2361171927227215e-5
59.2,3.590484040106001e-6,1.2367221267830668e-5
59.21,3.627224317402062e-6,1.2371940095377914e-5
59.22,3.6635287367163343e-6,1.2375330715377914e-5
59.23,3.699393376538172e-6,1.237739557067936e-5
59.24,3.734814369489892e-6,1.237813724092126e-5
59.25,3.7697879027287086e-6,1.2377558441968961e-5
59.26,3.804310218341955e-6,1.2375662025336936e-5
59.27,3.838377613735491e-6,1.2372450977598438e-5
59.28,3.87198644201458e-6,1.2367928419781979e-5
59.29,3.9051331123589395e-6,1.2362097606753864e-5
59.3,3.937814090390265e-6,1.2354961926588722e-5
59.31,3.970025898532468e-6,1.2346524899925574e-5
59.32,4.001765116366e-6,1.2336790179313488e-5
59.33,4.033028380974556e-6,1.2325761548540425e-5
59.34,4.063812387283788e-6,1.2313442921953714e-5
59.35,4.094113888395017e-6,1.2299838343765e-5
59.36,4.123929695910292e-6,1.2284951987343841e-5
59.37,4.153256680250229e-6,1.226878815449847e-5
59.38,4.182091770965946e-6,1.2251351274744808e-5
59.39,4.2104319570424145e-6,1.223264590456233e-5
59.4,4.238274287195677e-6,1.2212676726639003e-5
59.41,4.2656158701617406e-6,1.2191448549103156e-5
59.42,4.292453874979511e-6,1.2168966304744254e-5
59.43,4.318785531264995e-6,1.2145235050221938e-5
59.44,4.344608129479407e-6,1.2120259965261023e-5
59.45,4.369919021189112e-6,1.2094046351840185e-5
59.46,4.394715619318721e-6,1.2066599633363705e-5
59.47,4.418995398396296e-6,1.2037925353824368e-5
59.48,4.4427558947915645e-6,1.2008029176955759e-5
59.49,4.465994706946827e-6,1.1976916885371863e-5
59.5,4.4887094955992e-6,1.1944594379696989e-5
59.51,4.510897983997641e-6,1.1911067677684452e-5
59.52,4.532557958110137e-6,1.1876342913323026e-5
59.53,4.553687266825082e-6,1.184042633593563e-5
59.54,4.5742838221439706e-6,1.1803324309265595e-5
59.55,4.5943455993675125e-6,1.1765043310551951e-5
59.56,4.6138706372736815e-6,1.1725589929596588e-5
59.57,4.632857038288045e-6,1.1684970867819285e-5
59.58,4.651302968646885e-6,1.1643192937304239e-5
59.59,4.6692066585534584e-6,1.1600263059834674e-5
59.6,4.686566402323514e-6,1.1556188265920522e-5
59.61,4.7033805585291285e-6,1.1510975693813368e-5
59.62,4.719647550128043e-6,1.1464632588514786e-5
59.63,4.735365864590759e-6,1.1417166300772696e-5
59.64,4.7505340540168235e-6,1.1368584286070564e-5
59.65,4.765150735245222e-6,1.1318894103605663e-5
59.66,4.779214589956579e-6,1.1268103415259542e-5
59.67,4.7927243647673286e-6,1.1216219984559676e-5
59.68,4.805678871316918e-6,1.1163251675631117e-5
59.69,4.818076986347347e-6,1.1109206452140936e-5
59.7,4.829917651773928e-6,1.1054092376233354e-5
59.71,4.8411998747503e-6,1.0997917607456678e-5
59.72,4.8519227277239074e-6,1.0940690401682335e-5
59.73,4.862085348485675e-6,1.0882419110014909e-5
59.74,4.871686940210723e-6,1.0823112177695855e-5
59.75,4.8807267714913345e-6,1.0762778142997428e-5
59.76,4.889204176363463e-6,1.0701425636110792e-5
59.77,4.897118554324691e-6,1.0639063378024531e-5
59.78,4.904469370345673e-6,1.0575700179398196e-5
59.79,4.911256154871346e-6,1.0511344939426463e-5
59.8,4.917478503818326e-6,1.0446006644696815e-5
59.81,4.923136078561726e-6,1.0379694368041364e-5
59.82,4.928228605915617e-6,1.031241726737938e-5
59.83,4.93275587810588e-6,1.0244184584556308e-5
59.84,4.936717752735146e-6,1.0175005644172572e-5
59.85,4.940114152740692e-6,1.0104889852409367e-5
59.86,4.942945066344208e-6,1.0033846695845031e-5
59.87,4.945210546995022e-6,9.961885740268587e-6
59.88,4.946910713304002e-6,9.88901662948417e-6
59.89,4.9480457489723805e-6,9.815249084111176e-6
59.9,4.948615902711145e-6,9.740592900378628e-6
59.91,4.948621488154136e-6,9.665057948913314e-6
59.92,4.948062883762958e-6,9.588654173523377e-6
59.93,4.946940532724758e-6,9.511391589975248e-6
59.94,4.945254942843232e-6,9.433280284767339e-6
59.95,4.943006686420974e-6,9.354330413896314e-6
59.96,4.94019640013599e-6,9.274552201621185e-6
59.97,4.936824784909043e-6,9.193955939219785e-6
59.98,4.932892605765663e-6,9.112551983743297e-6
59.99,4.928400691689787e-6,9.030350756764498e-6
60.0,4.923349935469781e-6,8.947362743122592e-6
60.01,4.917741293538288e-6,8.863598489663283e-6
60.02,4.911575785804455e-6,8.779068603975855e-6
60.03,4.904854495478101e-6,8.693783753125113e-6
60.04,4.8975785688885914e-6,8.607754662380188e-6
60.05,4.889749215294531e-6,8.520992113940165e-6
60.06,4.881367706687704e-6,8.433506945655829e-6
60.07,4.872435377590735e-6,8.345310049747092e-6
60.08,4.862953624843936e-6,8.256412371520312e-6
60.09,4.852923907390492e-6,8.166824908079008e-6
60.1,4.842347746050348e-6,8.076558707034105e-6
60.11,4.831226723290079e-6,7.98562486520975e-6
60.12,4.819562482983399e-6,7.894034527349195e-6
60.13,4.807356730167062e-6,7.801798884814923e-6
60.14,4.794611230787533e-6,7.708929174289151e-6
60.15,4.781327811444577e-6,7.615436676470913e-6
60.16,4.767508359122863e-6,7.521332714770772e-6
60.17,4.75315482092206e-6,7.426628654006206e-6
60.18,4.7382692037770776e-6,7.331335899091104e-6
60.19,4.722853574172231e-6,7.235465893727901e-6
60.2,4.7069100578498664e-6,7.139030119095452e-6
60.21,4.6904408395112535e-6,7.042040092537123e-6
60.22,4.673448162511508e-6,6.944507366246823e-6
60.23,4.655934328547953e-6,6.8464435259553494e-6
60.24,4.637901697342276e-6,6.7478601896141155e-6
60.25,4.619352686315719e-6,6.648769006079762e-6
60.26,4.600289770258555e-6,6.549181653797537e-6
60.27,4.580715480993142e-6,6.449109839483875e-6
60.28,4.560632407030249e-6,6.348565296810518e-6
60.29,4.540043193219807e-6,6.247559785085125e-6
60.3,4.51895054039534e-6,6.146105087935973e-6
60.31,4.497357205012188e-6,6.044213011993347e-6
60.32,4.475265998779285e-6,5.941895385574081e-6
60.33,4.4526797882858005e-6,5.8391640573638975e-6
60.34,4.429601494620941e-6,5.736030895102451e-6
60.35,4.4060340929893966e-6,5.632507784267944e-6
60.36,4.381980612317899e-6,5.528606626763365e-6
60.37,4.35744413485961e-6,5.424339339602663e-6
60.38,4.33242779579008e-6,5.31971785359924e-6
60.39,4.306934782799118e-6,5.214754112055554e-6
60.4,4.280968335675506e-6,5.1094600694527305e-6
60.41,4.25453174588776e-6,5.003847690144092e-6
60.42,4.2276283561581494e-6,4.897928947048114e-6
60.43,4.200261560031809e-6,4.791715820345558e-6
60.44,4.172434801440315e-6,4.685220296175832e-6
60.45,4.144151574260138e-6,4.578454365337521e-6
60.46,4.115415421864698e-6,4.471430021991211e-6
60.47,4.086229936672489e-6,4.364159262363088e-6
60.48,4.056598759689717e-6,4.256654083452575e-6
60.49,4.0265255800472114e-6,4.148926481742029e-6
60.5,3.996014134532136e-6,4.040988451909165e-6
60.51,3.965068207116398e-6,3.9328519855427676e-6
60.52,3.9336916284783075e-6,3.824529069860447e-6
60.53,3.901888275519126e-6,3.716031686432036e-6
60.54,3.86966207087683e-6,3.6073718099023384e-6
60.55,3.837016982432405e-6,3.4985614067218375e-6
60.56,3.803957022814449e-6,3.3896124338769288e-6
60.57,3.7704862488959574e-6,3.280536837626857e-6
60.58,3.7366087612892447e-6,3.171346552243246e-6
60.59,3.702328703834393e-6,3.062053498752566e-6
60.6,3.667650263084222e-6,2.9526695836853958e-6
60.61,3.632577667785279e-6,2.8432066978271092e-6
60.62,3.597115188351902e-6,2.7336767149745747e-6
60.63,3.56126713634208e-6,2.624091490696552e-6
60.64,3.5250378639193445e-6,2.514462861099803e-6
60.65,3.488431763320839e-6,2.4048026415977566e-6
60.66,3.4514532663145304e-6,2.2951226256865537e-6
60.67,3.4141068436552317e-6,2.185434583724069e-6
60.68,3.3763970045354812e-6,2.0757502617153612e-6
60.69,3.3383282960336556e-6,1.9660813801024185e-6
60.7,3.2999053025575488e-6,1.8564396325593478e-6
60.71,3.2611326452840514e-6,1.7468366847942044e-6
60.72,3.222014981595753e-6,1.6372841733540266e-6
60.73,3.1825570045138145e-6,1.5277937044379328e-6
60.74,3.142763442127253e-6,1.4183768527147767e-6
60.75,3.1026390570181713e-6,1.309045160146578e-6
60.76,3.0621886456848116e-6,1.1998101348187864e-6
60.77,3.02141703795996e-6,1.0906832497760619e-6
60.78,2.9803290964274532e-6,9.816759418644796e-7
60.79,2.9389297158340838e-6,8.727996105797942e-7
60.8,2.8972238225001427e-6,7.640656169229625e-7
60.81,2.8552163737250354e-6,6.55485282261034e-7
60.82,2.8129123571903732e-6,5.47069887197121e-7
60.83,2.7703167903631464e-6,4.388306704424548e-7
60.84,2.7274347198902403e-6,3.3077882770174026e-7
60.85,2.6842712209957805e-6,2.2292551055988723e-7
60.86,2.640831396873069e-6,1.1528182537908103e-7
60.87,2.5971203780733205e-6,7.858832201524663e-9
60.88,2.5531433218954316e-6,-9.933245633894402e-8
60.89,2.508905411767679e-6,-2.0628107609971534e-7
60.9,2.4644118566331176e-6,-3.129761125033161e-7
60.91,2.4196678903274054e-6,-4.1940670160435533e-7
60.92,2.3746787709584463e-6,-5.255620311486667e-7
60.93,2.3294497802810483e-6,-6.314313416238708e-7
60.94,2.2839862230713966e-6,-7.370039273035384e-7
60.95,2.2382934264981154e-6,-8.42269137282038e-7
60.96,2.1923767394925335e-6,-9.47216376501891e-7
60.97,2.1462415321162385e-6,-1.0518351067723908e-6
60.98,2.0998931949268473e-6,-1.1561148477802321e-6
60.99,2.053337138343581e-6,-1.2600451780930432e-6
61.0,2.006578792008152e-6,-1.3636157361509259e-6
61.01,1.959623604149032e-6,-1.4668162212544512e-6
61.02,1.9124770409365385e-6,-1.5696363945383217e-6
61.03,1.8651445858457317e-6,-1.6720660799416289e-6
61.04,1.817631739010397e-6,-1.774095165165516e-6
61.05,1.769944016580574e-6,-1.8757136026240544e-6
61.06,1.7220869500754705e-6,-1.976911410384535e-6
61.07,1.6740660857379403e-6,-2.0776786731002443e-6
61.08,1.6258869838865359e-6,-2.1780055429328803e-6
61.09,1.5775552182671359e-6,-2.277882240466478e-6
61.1,1.5290763754028023e-6,-2.3772990556115766e-6
61.11,1.480456053944454e-6,-2.4762463484999304e-6
61.12,1.4316998640190884e-6,-2.574714550370149e-6
61.13,1.3828134265784103e-6,-2.672694164443869e-6
61.14,1.333802372746435e-6,-2.7701757667913945e-6
61.15,1.284672343167154e-6,-2.8671500071887357e-6
61.16,1.2354289873509777e-6,-2.9636076099644045e-6
61.17,1.1860779630207527e-6,-3.059539374835963e-6
61.18,1.1366249354591876e-6,-3.1549361777374768e-6
61.19,1.0870755768537388e-6,-3.2497889716364586e-6
61.2,1.0374355656426498e-6,-3.344088787341047e-6
61.21,9.87710585861348e-7,-3.437826734296407e-6
61.22,9.379063264871896e-7,-3.5309940013722217e-6
61.23,8.880284807865125e-7,-3.623581857638659e-6
61.24,8.38082745659905e-7,-3.715581653132899e-6
61.25,7.880748209890621e-7,-3.806984819614341e-6
61.26,7.380104089827814e-7,-3.897782871311386e-6
61.27,6.87895213525241e-7,-3.987967405654961e-6
61.28,6.377349395214581e-7,-4.077530104003455e-6
61.29,5.875352922477038e-7,-4.166462732356818e-6
61.3,5.37301976698208e-7,-4.254757142059673e-6
61.31,4.870406969362944e-7,-4.3424052704933586e-6
61.32,4.3675715544282343e-7,-4.4293991417581754e-6
61.33,3.864570524680773e-7,-4.5157308673437184e-6
61.34,3.361460853836165e-7,-4.601392646789918e-6
61.35,2.8582994803513184e-7,-4.6863767683352795e-6
61.36,2.355143300965165e-7,-4.770675609555556e-6
61.37,1.8520491642391345e-7,-4.854281637990858e-6
61.38,1.3490738641335438e-7,-4.9371874117622705e-6
61.39,8.462741335778862e-8,-5.0193855801761206e-6
61.4,3.43706638058086e-8,-5.100868884318883e-6
61.41,-1.585720307797003e-8,-5.181630157639579e-6
61.42,-6.605053615149929e-8,-5.261662326521352e-6
61.43,-1.1620369293047381e-7,-5.340958410842417e-6
61.44,-1.663110402247963e-7,-5.419511524524268e-6
61.45,-2.163669547716442e-7,-5.497314876070549e-6
61.46,-2.6636582386629703e-7,-5.5743617690929314e-6
61.47,-3.163020459923742e-7,-5.650645602826107e-6
61.48,-3.6617003144931584e-7,-5.72615987263194e-6
61.49,-4.159642029782411e-7,-5.8008981704915795e-6
61.5,-4.6567899638556795e-7,-5.874854185485809e-6
61.51,-5.153088611648513e-7,-5.948021704265179e-6
61.52,-5.64848261115431e-7,-6.0203946115074685e-6
61.53,-6.142916749605465e-7,-6.091966890363025e-6
61.54,-6.636335969610971e-7,-6.162732622890989e-6
61.55,-7.128685375290743e-7,-6.232685990481235e-6
61.56,-7.619910238365493e-7,-6.301821274266298e-6
61.57,-8.109956004228854e-7,-6.37013285552149e-6
61.58,-8.598768298012903e-7,-6.437615216051863e-6
61.59,-9.086292930587553e-7,-6.5042629385705315e-6
61.6,-9.57247590456487e-7,-6.570070707061913e-6
61.61,-1.0057263420265073e-6,-6.635033307135906e-6
61.62,-1.0540601881651875e-6,-6.699145626368746e-6
61.63,-1.1022437902240043e-6,-6.762402654633214e-6
61.64,-1.150271831097079e-6,-6.824799484416318e-6
61.65,-1.1981390158067283e-6,-6.886331311124902e-6
61.66,-1.2458400720842945e-6,-6.94699343338172e-6
61.67,-1.2933697509486065e-6,-7.006781253306741e-6
61.68,-1.3407228272820586e-6,-7.06569027678857e-6
61.69,-1.387894100401044e-6,-7.1237161137438275e-6
61.7,-1.4348783946261272e-6,-7.1808544783647455e-6
61.71,-1.4816705598452237e-6,-7.237101189354212e-6
61.72,-1.528265472076949e-6,-7.292452170149834e-6
61.73,-1.574658034027873e-6,-7.34690344913692e-6
61.74,-1.620843175646942e-6,-7.4004511598474345e-6
61.75,-1.6668158546754846e-6,-7.453091541150051e-6
61.76,-1.7125710571963772e-6,-7.504820937425715e-6
61.77,-1.7581037981749379e-6,-7.5556357987336175e-6
61.78,-1.8034091219996536e-6,-7.605532680964195e-6
61.79,-1.8484821030172087e-6,-7.654508245980524e-6
61.8,-1.8933178460640614e-6,-7.70255926174879e-6
61.81,-1.9379114869941635e-6,-7.749682602455953e-6
61.82,-1.982258193202153e-6,-7.795875248616228e-6
61.83,-2.026353164142565e-6,-7.841134287166338e-6
61.84,-2.0701916318450267e-6,-7.885456911548002e-6
61.85,-2.1137688614256976e-6,-7.9288404217795e-6
61.86,-2.157080151592782e-6,-7.97128222451599e-6
61.87,-2.200120835149853e-6,-8.012779833097065e-6
61.88,-2.2428862794929245e-6,-8.053330867583642e-6
61.89,-2.2853718871041448e-6,-8.09293305478274e-6
61.9,-2.3275730960411596e-6,-8.131584228261057e-6
61.91,-2.369485380420305e-6,-8.169282328347071e-6
61.92,-2.4111042508976483e-6,-8.206025402120852e-6
61.93,-2.452425255143102e-6,-8.241811603393396e-6
61.94,-2.493443978311809e-6,-8.276639192673971e-6
61.95,-2.5341560435082766e-6,-8.310506537126e-6
61.96,-2.5745571122490613e-6,-8.343412110511999e-6
61.97,-2.614642884917293e-6,-8.375354493126077e-6
61.98,-2.6544091012149162e-6,-8.406332371716838e-6
61.99,-2.6938515406079517e-6,-8.436344539396667e-6
62.0,-2.732966022768272e-6,-8.465389895542638e-6
62.01,-2.7717484080093846e-6,-8.49346744568289e-6
62.02,-2.8101945977180273e-6,-8.52057630137494e-6
62.03,-2.848300534780152e-6,-8.546715680070346e-6
62.04,-2.886062204000288e-6,-8.571884904969789e-6
62.05,-2.923475632520091e-6,-8.596083404866411e-6
62.06,-2.9605368902259656e-6,-8.619310713978177e-6
62.07,-2.9972420901552563e-6,-8.641566471769827e-6
62.08,-3.0335873888965484e-6,-8.662850422762295e-6
62.09,-3.069568986983275e-6,-8.683162416333273e-6
62.1,-3.1051831292829967e-6,-8.702502406505398e-6
62.11,-3.1404261053811176e-6,-8.72087045172415e-6
62.12,-3.175294249958954e-6,-8.73826671462507e-6
62.13,-3.209783943166417e-6,-8.7546914617902e-6
62.14,-3.2438916109886148e-6,-8.770145063493031e-6
62.15,-3.2776137256074788e-6,-8.784627993434553e-6
62.16,-3.3109468057586575e-6,-8.79814082846694e-6
62.17,-3.3438874170795994e-6,-8.810684248307895e-6
62.18,-3.3764321724564756e-6,-8.822259035243684e-6
62.19,-3.40857773236044e-6,-8.832866073822811e-6
62.2,-3.440320805182493e-6,-8.842506350538184e-6
62.21,-3.471658147560426e-6,-8.851180953499725e-6
62.22,-3.5025865646993956e-6,-8.858891072095817e-6
62.23,-3.5331029106881027e-6,-8.865637996646443e-6
62.24,-3.5632040888088043e-6,-8.871423118043891e-6
62.25,-3.5928870518401966e-6,-8.876247927385444e-6
62.26,-3.62214880235565e-6,-8.88011401559357e-6
62.27,-3.6509863930158916e-6,-8.883023073029587e-6
62.28,-3.6793969268533674e-6,-8.884976889094184e-6
62.29,-3.7073775575533002e-6,-8.885977351820074e-6
62.3,-3.734925489727372e-6,-8.886026447454225e-6
62.31,-3.762037979180585e-6,-8.885126260030192e-6
62.32,-3.7887123331753998e-6,-8.883278970931265e-6
62.33,-3.814945910683126e-6,-8.880486858444449e-6
62.34,-3.84073612263771e-6,-8.876752297303511e-6
62.35,-3.86608043217645e-6,-8.872077758224614e-6
62.36,-3.890976354877832e-6,-8.866465807430135e-6
62.37,-3.915421458992747e-6,-8.859919106165712e-6
62.38,-3.939413365668545e-6,-8.852440410207055e-6
62.39,-3.962949749168407e-6,-8.844032569356651e-6
62.4,-3.9860283370823505e-6,-8.834698526933055e-6
62.41,-4.008646910534455e-6,-8.824441319250072e-6
62.42,-4.030803304381501e-6,-8.813264075087874e-6
62.43,-4.052495407407198e-6,-8.80117001515443e-6
62.44,-4.073721162508748e-6,-8.788162451538893e-6
62.45,-4.094478566877236e-6,-8.774244787155582e-6
62.46,-4.114765672173209e-6,-8.75942051518093e-6
62.47,-4.134580584693127e-6,-8.743693218479126e-6
62.48,-4.153921465532509e-6,-8.72706656902243e-6
62.49,-4.1727865307401265e-6,-8.7095443273015e-6
62.5,-4.191174051467057e-6,-8.691130341726824e-6
62.51,-4.209082354110795e-6,-8.671828548023697e-6
62.52,-4.226509820447892e-6,-8.651642968617727e-6
62.53,-4.243454887767046e-6,-8.630577712013382e-6
62.54,-4.259916048990303e-6,-8.60863697216335e-6
62.55,-4.2758918527911445e-6,-8.585825027831102e-6
62.56,-4.291380903703608e-6,-8.562146241944963e-6
62.57,-4.306381862227285e-6,-8.537605060945538e-6
62.58,-4.320893444923988e-6,-8.512206014123937e-6
62.59,-4.334914424509255e-6,-8.48595371295442e-6
62.6,-4.348443629936533e-6,-8.458852850418065e-6
62.61,-4.361479946476006e-6,-8.430908200319141e-6
62.62,-4.3740223157852314e-6,-8.402124616596397e-6
62.63,-4.38606973597529e-6,-8.372507032623675e-6
62.64,-4.397621261668577e-6,-8.342060460506972e-6
62.65,-4.408676004051947e-6,-8.31078999037213e-6
62.66,-4.419233130921743e-6,-8.278700789646313e-6
62.67,-4.429291866724123e-6,-8.245798102333662e-6
62.68,-4.4388514925865845e-6,-8.212087248282828e-6
62.69,-4.447911346345788e-6,-8.177573622448569e-6
62.7,-4.456470822566397e-6,-8.142262694147515e-6
62.71,-4.464529372555748e-6,-8.106160006305948e-6
62.72,-4.472086504369799e-6,-8.06927117470285e-6
62.73,-4.479141782814659e-6,-8.031601887205793e-6
62.74,-4.485694829440733e-6,-7.993157903000621e-6
62.75,-4.491745322530192e-6,-7.953945051816754e-6
62.76,-4.497292997078516e-6,-7.913969233143722e-6
62.77,-4.502337644769947e-6,-7.873236415444581e-6
62.78,-4.5068791139451015e-6,-7.831752635362072e-6
62.79,-4.510917309566235e-6,-7.789523996918865e-6
62.8,-4.514452193167839e-6,-7.746556670714707e-6
62.81,-4.517483782810854e-6,-7.702856893114584e-6
62.82,-4.52001215302431e-6,-7.658430965434287e-6
62.83,-4.522037434741986e-6,-7.613285253119777e-6
62.84,-4.523559815233105e-6,-7.567426184921246e-6
62.85,-4.52457953802713e-6,-7.520860252062069e-6
62.86,-4.525096902830688e-6,-7.4735940074037e-6
62.87,-4.5251122654402894e-6,-7.42563406460526e-6
62.88,-4.524626037647399e-6,-7.376987097277368e-6
62.89,-4.52363868713795e-6,-7.327659838132948e-6
62.9,-4.5221507373847215e-6,-7.277659078132943e-6
62.91,-4.520162767535007e-6,-7.2269916656269655e-6
62.92,-4.517675412290365e-6,-7.175664505490541e-6
62.93,-4.514689361782193e-6,-7.123684558257347e-6
62.94,-4.5112053614393886e-6,-7.071058839248551e-6
62.95,-4.5072242118503885e-6,-7.017794417696057e-6
62.96,-4.502746768620539e-6,-6.963898415864546e-6
62.97,-4.497773942220258e-6,-6.909378008167192e-6
62.98,-4.492306697831473e-6,-6.854240420278056e-6
62.99,-4.486346055183454e-6,-6.798492928244667e-6
63.0,-4.4798930883860365e-6,-6.742142857590292e-6
63.01,-4.472948925756126e-6,-6.685197582419105e-6
63.02,-4.465514749636369e-6,-6.6276645245139285e-6
63.03,-4.457591796210604e-6,-6.569551152433715e-6
63.04,-4.44918135531205e-6,-6.510864980605658e-6
63.05,-4.44028477022534e-6,-6.451613568415463e-6
63.06,-4.430903437483453e-6,-6.391804519294934e-6
63.07,-4.4210388066580295e-6,-6.331445479806624e-6
63.08,-4.4106923801462985e-6,-6.270544138724202e-6
63.09,-4.399865712947742e-6,-6.209108226114017e-6
63.1,-4.388560412439845e-6,-6.147145512409712e-6
63.11,-4.376778138145013e-6,-6.084663807488399e-6
63.12,-4.364520601493304e-6,-6.021670959741958e-6
63.13,-4.351789565578964e-6,-5.958174855146921e-6
63.14,-4.338586844911731e-6,-5.894183416333845e-6
63.15,-4.3249143051620344e-6,-5.829704601652129e-6
63.16,-4.3107738629018e-6,-5.7647464042352315e-6
63.17,-4.296167485338241e-6,-5.699316851062787e-6
63.18,-4.281097190043965e-6,-5.633424002022036e-6
63.19,-4.265565044679767e-6,-5.5670759489669415e-6
63.2,-4.249573166713609e-6,-5.500280814777079e-6
63.21,-4.233123723133841e-6,-5.43304675241366e-6
63.22,-4.216218930156605e-6,-5.365381943975923e-6
63.23,-4.198861052928778e-6,-5.297294599755271e-6
63.24,-4.181052405225288e-6,-5.22879295728846e-6
63.25,-4.162795349141323e-6,-5.15988528041195e-6
63.26,-4.1440922947776475e-6,-5.090579858312683e-6
63.27,-4.124945699926979e-6,-5.020885004578767e-6
63.28,-4.105358069746556e-6,-4.950809056252042e-6
63.29,-4.085331956431811e-6,-4.880360372876909e-6
63.3,-4.0648699588832795e-6,-4.809547335551119e-6
63.31,-4.043974722369104e-6,-4.738378345974839e-6
63.32,-4.02264893818145e-6,-4.6668618255011674e-6
63.33,-4.000895343289149e-6,-4.595006214185071e-6
63.34,-3.978716719985493e-6,-4.5228199698323454e-6
63.35,-3.956115895530959e-6,-4.4503115670508174e-6
63.36,-3.933095741791622e-6,-4.3774894962993415e-6
63.37,-3.909659174871738e-6,-4.304362262938278e-6
63.38,-3.885809154743995e-6,-4.230938386281418e-6
63.39,-3.861548684872748e-6,-4.157226398645608e-6
63.4,-3.836880811835788e-6,-4.08323484440439e-6
63.41,-3.8118086249358698e-6,-4.00897227904061e-6
63.42,-3.7863352558160863e-6,-3.934447268199644e-6
63.43,-3.7604638780640762e-6,-3.859668386744894e-6
63.44,-3.7341977068149026e-6,-3.784644217812668e-6
63.45,-3.7075399983488748e-6,-3.7093833518704312e-6
63.46,-3.680494049686206e-6,-3.6338943857739703e-6
63.47,-3.6530631981756487e-6,-3.558185921828024e-6
63.48,-3.6252508210808455e-6,-3.4822665668465037e-6
63.49,-3.5970603351615153e-6,-3.4061449312158193e-6
63.5,-3.568495196251161e-6,-3.329829627959315e-6
63.51,-3.539558898830953e-6,-3.2533292718031052e-6
63.52,-3.5102549755983296e-6,-3.1766524782440516e-6
63.53,-3.4805869970338253e-6,-3.099807862620469e-6
63.54,-3.45055857096405e-6,-3.022804039182664e-6
63.55,-3.420173342116745e-6,-2.945649620169387e-6
63.56,-3.3894349916787437e-6,-2.8683532148820165e-6
63.57,-3.358347236845326e-6,-2.7909234287645337e-6
63.58,-3.3269138303683935e-6,-2.7133688624856417e-6
63.59,-3.2951385600992982e-6,-2.635698111019684e-6
63.6,-3.2630252485303596e-6,-2.5579197627363677e-6
63.61,-3.2305777523313307e-6,-2.480042398487799e-6
63.62,-3.1977999618829974e-6,-2.402074590701072e-6
63.63,-3.1646958008076844e-6,-2.3240249024730438e-6
63.64,-3.131269225496598e-6,-2.245901886668324e-6
63.65,-3.09752422463345e-6,-2.1677140850199237e-6
63.66,-3.063464818715384e-6,-2.0894700272336408e-6
63.67,-3.0290950595704635e-6,-2.011178230095302e-6
63.68,-2.9944190298727717e-6,-1.9328471965817363e-6
63.69,-2.959440842654101e-6,-1.8544854149744684e-6
63.7,-2.9241646408128297e-6,-1.776101357977756e-6
63.71,-2.8885945966193806e-6,-1.6977034818402208e-6
63.72,-2.8527349112206774e-6,-1.61930022547937e-6
63.73,-2.8165898141396287e-6,-1.5409000096109698e-6
63.74,-2.780163562773395e-6,-1.46251123588104e-6
63.75,-2.7434604418890246e-6,-1.3841422860037544e-6
63.76,-2.7064847631149116e-6,-1.3058015209008313e-6
63.77,-2.669240864433157e-6,-1.2274972798475794e-6
63.78,-2.6317331096658317e-6,-1.149237879621405e-6
63.79,-2.5939658879604868e-6,-1.0710316136554246e-6
63.8,-2.5559436132744455e-6,-9.92886751196128e-7
63.81,-2.517670723854299e-6,-9.148115364660454e-7
63.82,-2.4791516817161074e-6,-8.368141878301347e-7
63.83,-2.4403909721209527e-6,-7.589028969677287e-7
63.84,-2.401393103050407e-6,-6.810858280479634e-7
63.85,-2.3621626046784415e-6,-6.033711169115442e-7
63.86,-2.322704028842437e-6,-5.25766870256187e-7
63.87,-2.2830219485120716e-6,-4.4828116482737255e-7
63.88,-2.2431209572561384e-6,-3.709220466143375e-7
63.89,-2.2030056687079236e-6,-2.9369753005048055e-7
63.9,-2.162680716028948e-6,-2.166155972204261e-7
63.91,-2.1221507513701677e-6,-1.396841970700283e-7
63.92,-2.0814204453342392e-6,-6.29112446236074e-8
63.93,-2.0404944864314298e-6,1.36953797932936e-8
63.94,-1.9993775805401307e-6,9.012783132775611e-8
63.95,-1.958074450361192e-6,1.663783013657987e-7
63.96,-1.916589834872881e-6,2.4243901829321054e-7
63.97,-1.874928488785171e-6,3.183022482524254e-7
63.98,-1.8330951819919316e-6,3.93960295891713e-7
63.99,-1.791094699021287e-6,4.694055051094157e-7
64.0,-1.748931838486406e-6,5.446302597919736e-7
64.01,-1.7066114125355908e-6,6.196269845468743e-7
64.02,-1.6641382462989435e-6,6.94388145428083e-7
64.03,-1.6215171773369783e-6,7.689062506570587e-7
64.04,-1.5787530550864358e-6,8.431738513359943e-7
64.05,-1.5358507403070228e-6,9.171835421564551e-7
64.06,-1.4928151045259205e-6,9.90927962100289e-7
64.07,-1.4496510294823368e-6,1.0643997951349875e-6
64.08,-1.406363406572039e-6,1.137591770903085e-6
64.09,-1.3629571362908538e-6,1.2104966654036478e-6
64.1,-1.3194371276764764e-6,1.2831073016680394e-6
64.11,-1.2758082977536112e-6,1.355416550430801e-6
64.12,-1.2320755709744141e-6,1.4274173307905126e-6
64.13,-1.1882438786618936e-6,1.4991026108661201e-6
64.14,-1.1443181584510518e-6,1.5704654084470605e-6
64.15,-1.10030335373162e-6,1.6414987916342873e-6
64.16,-1.0562044130893107e-6,1.7121958794767352e-6
64.17,-1.0120262897483585e-6,1.782549842599988e-6
64.18,-9.677739410133366e-7,1.8525539038271485e-6
64.19,-9.234523277105968e-7,1.922201338794015e-6
64.2,-8.7906641363188e-7,1.9914854765570615e-6
64.21,-8.346211649760036e-7,2.060399700192758e-6
64.22,-7.9012154979194e-7,2.1289374473918976e-6
64.23,-7.455725374224781e-7,2.1970922110451425e-6
64.24,-7.009790979477134e-7,2.2648575398217426e-6
64.25,-6.563462016293707e-7,2.3322270387414223e-6
64.26,-6.116788183560897e-7,2.399194369738459e-6
64.27,-5.669819170884928e-7,2.465753252217737e-6
64.28,-5.222604653050938e-7,2.5318974636051268e-6
64.29,-4.775194284506506e-7,2.597620839888162e-6
64.3,-4.3276376938230237e-7,2.6629172761510242e-6
64.31,-3.879984478201736e-7,2.727780727101433e-6
64.32,-3.4322841979436155e-7,2.792205207588602e-6
64.33,-2.984586370983113e-7,2.8561847931159225e-6
64.34,-2.536940467387254e-7,2.9197136203441288e-6
64.35,-2.0893959038990193e-7,2.9827858875869945e-6
64.36,-1.6420020384600925e-7,3.045395855300416e-6
64.37,-1.1948081647775636e-7,3.1075378465618676e-6
64.38,-7.478635068870747e-8,3.1692062475437837e-6
64.39,-3.0121721372343247e-8,3.2303955079778516e-6
64.4,1.4508164626731946e-8,3.2911001416125587e-6
64.41,5.909840905369957e-8,3.3513147266604005e-6
64.42,1.0364412278019145e-7,3.411033906241295e-6
64.43,1.4814042634080742e-7,3.470252388813055e-6
64.44,1.9258245046630544e-7,3.528964948597849e-6
64.45,2.3696533661768796e-7,3.5871664259987584e-6
64.46,2.812842375161994e-7,3.644851728008172e-6
64.47,3.2553431767207964e-7,3.702015828609005e-6
64.48,3.6971075391204063e-7,3.758653769166451e-6
64.49,4.1380873590454785e-7,3.814760658813352e-6
64.5,4.5782346668233563e-7,3.870331674825735e-6
64.51,5.01750163164872e-7,3.925362062990604e-6
64.52,5.455840566748306e-7,3.979847137966475e-6
64.53,5.893203934576222e-7,4.033782283634264e-6
64.54,6.329544351936433e-7,4.087162953440917e-6
64.55,6.764814595122514e-7,4.1399846707340665e-6
64.56,7.19896760501294e-7,4.1922430290889245e-6
64.57,7.631956492123089e-7,4.243933692626639e-6
64.58,8.063734541703675e-7,4.2950523963239345e-6
64.59,8.494255218719907e-7,4.345594946315549e-6
64.6,8.923472172872255e-7,4.395557220186452e-6
64.61,9.351339243580047e-7,4.444935167257729e-6
64.62,9.777810464901858e-7,4.493724808862606e-6
64.63,1.0202840070482117e-6,4.541922238614681e-6
64.64,1.0626382498428958e-6,4.589523622667705e-6
64.65,1.1048392396183357e-6,4.6365251999666425e-6
64.66,1.1468824625350342e-6,4.6829232824904855e-6
64.67,1.1887634266514787e-6,4.728714255487505e-6
64.68,1.230477662400972e-6,4.773894577699711e-6
64.69,1.2720207230662458e-6,4.818460781581795e-6
64.7,1.3133881852521458e-6,4.862409473509549e-6
64.71,1.3545756493524034e-6,4.905737333980064e-6
64.72,1.3955787400164392e-6,4.948441117804845e-6
64.73,1.4363931066105952e-6,4.9905176542926505e-6
64.74,1.477014423676951e-6,5.031963847424919e-6
64.75,1.5174383913895863e-6,5.072776676023029e-6
64.76,1.5576607360057562e-6,5.112953193905579e-6
64.77,1.5976772103143876e-6,5.1524905300389165e-6
64.78,1.6374835940838099e-6,5.191385888678257e-6
64.79,1.677075694499613e-6,5.229636549500684e-6
64.8,1.7164493466062802e-6,5.2672398677291895e-6
64.81,1.7556004137397006e-6,5.304193274249422e-6
64.82,1.794524787959451e-6,5.3404942757161135e-6
64.83,1.833218390475443e-6,5.376140454653383e-6
64.84,1.871677172071267e-6,5.411129469544466e-6
64.85,1.9098971135253766e-6,5.44545905491432e-6
64.86,1.9478742260244643e-6,5.479127021403797e-6
64.87,1.9856045515792915e-6,5.512131255834183e-6
64.88,2.023084163429409e-6,5.544469721265177e-6
64.89,2.0603091664499778e-6,5.576140457043311e-6
64.9,2.0972756975506066e-6,5.607141578841845e-6
64.91,2.1339799260723185e-6,5.637471278693235e-6
64.92,2.1704180541803283e-6,5.667127825012709e-6
64.93,2.206586317251093e-6,5.696109562613234e-6
64.94,2.2424809842573966e-6,5.7244149127128744e-6
64.95,2.278098358147405e-6,5.7520423729330315e-6
64.96,2.3134347762211473e-6,5.778990517290114e-6
64.97,2.34848661050137e-6,5.805257996176444e-6
64.98,2.3832502681007585e-6,5.83084353633484e-6
64.99,2.4177221915851552e-6,5.855745940824359e-6
65.0,2.4518988593317735e-6,5.879964088977962e-6
65.01,2.4857767858828298e-6,5.903496936351813e-6
65.02,2.519352522296056e-6,5.926343514667051e-6
65.03,2.5526226564895172e-6,5.948502931742223e-6
65.04,2.5855838135811196e-6,5.9699743714195565e-6
65.05,2.6182326562281183e-6,5.99075709348065e-6
65.06,2.6505658849547463e-6,6.01085043355654e-6
65.07,2.6825802384817623e-6,6.030253803028349e-6
65.08,2.71427249404825e-6,6.0489666889207175e-6
65.09,2.7456394677288847e-6,6.06698865378635e-6
65.1,2.7766780147477904e-6,6.084319335583333e-6
65.11,2.8073850297864165e-6,6.100958447545222e-6
65.12,2.8377574472870142e-6,6.1169057780412575e-6
65.13,2.8677922417528086e-6,6.132161190430878e-6
65.14,2.8974864280395515e-6,6.146724622909572e-6
65.15,2.9268370616473425e-6,6.160596088346225e-6
65.16,2.9558412390031102e-6,6.173775674114316e-6
65.17,2.984496097741656e-6,6.186263541914554e-6
65.18,3.0127988169789496e-6,6.19805992758929e-6
65.19,3.040746617582654e-6,6.20916514093049e-6
65.2,3.068336762436379e-6,6.219579565479254e-6
65.21,3.095566556699853e-6,6.229303658318664e-6
65.22,3.122433348063368e-6,6.238337949858169e-6
65.23,3.148934526996848e-6,6.246683043611301e-6
65.24,3.1750675269967723e-6,6.254339615964826e-6
65.25,3.200829824822926e-6,6.2613084159426895e-6
65.26,3.2262189407349224e-6,6.267590264960129e-6
65.27,3.2512324387205972e-6,6.2731860565723865e-6
65.28,3.275867926721086e-6,6.278096756214662e-6
65.29,3.3001230568494404e-6,6.282323400936695e-6
65.3,3.323995525604491e-6,6.285867099128145e-6
65.31,3.3474830740801432e-6,6.288729030238445e-6
65.32,3.3705834881687546e-6,6.29091044448901e-6
65.33,3.393294598759559e-6,6.2924126625778184e-6
65.34,3.415614281931493e-6,6.293237075378954e-6
65.35,3.437540459141477e-6,6.293385143632117e-6
65.36,3.4590710974073078e-6,6.292858397628586e-6
65.37,3.4802042094841743e-6,6.291658436888236e-6
65.38,3.5009378540375453e-6,6.289786929830024e-6
65.39,3.5212701358093805e-6,6.287245613437063e-6
65.4,3.5411992057802584e-6,6.28403629291286e-6
65.41,3.5607232613243624e-6,6.28016084133362e-6
65.42,3.57984054636179e-6,6.275621199290705e-6
65.43,3.598549351502619e-6,6.270419374530313e-6
65.44,3.6168480141875286e-6,6.264557441583225e-6
65.45,3.6347349188229475e-6,6.258037541390829e-6
65.46,3.652208496909502e-6,6.250861880922738e-6
65.47,3.669267227166445e-6,6.243032732790126e-6
65.48,3.685909635650513e-6,6.234552434850581e-6
65.49,3.7021342958683346e-6,6.2254233898088595e-6
65.5,3.717939828884599e-6,6.215648064809769e-6
65.51,3.7333249034243365e-6,6.205228991027451e-6
65.52,3.7482882359699276e-6,6.194168763244696e-6
65.53,3.7628285908524132e-6,6.182470039430503e-6
65.54,3.7769447803373754e-6,6.1701355403092324e-6
65.55,3.790635664706138e-6,6.1571680489247264e-6
65.56,3.8039001523303647e-6,6.143570410198088e-6
65.57,3.81673719974223e-6,6.1293455304810255e-6
65.58,3.829145811698206e-6,6.114496377102158e-6
65.59,3.841125041238942e-6,6.0990259779080575e-6
65.6,3.852673989741076e-6,6.082937420800139e-6
65.61,3.863791806967486e-6,6.066233853263562e-6
65.62,3.874477691107574e-6,6.048918481893065e-6
65.63,3.884730888815959e-6,6.030994571912208e-6
65.64,3.894550695243779e-6,6.012465446687807e-6
65.65,3.903936454064243e-6,5.9933344872390625e-6
65.66,3.9128875574945985e-6,5.973605131741362e-6
65.67,3.9214034463111765e-6,5.953280875025392e-6
65.68,3.929483609858834e-6,5.932365268070914e-6
65.69,3.937127586056493e-6,5.91086191749581e-6
65.7,3.944334961394893e-6,5.888774485039852e-6
65.71,3.951105370932695e-6,5.866106687044713e-6
65.72,3.957438498282727e-6,5.842862293927196e-6
65.73,3.96333407559578e-6,5.819045129650491e-6
65.74,3.968791883538477e-6,5.7946590711888765e-6
65.75,3.9738117512650204e-6,5.769708047988008e-6
65.76,3.9783935563850305e-6,5.74419604142161e-6
65.77,3.982537224923528e-6,5.718127084243735e-6
65.78,3.986242731279112e-6,5.691505260034944e-6
65.79,3.9895100981733195e-6,5.6643347026472425e-6
65.8,3.992339396596517e-6,5.636619595641918e-6
65.81,3.994730745748931e-6,5.608364171724779e-6
65.82,3.9966843129748604e-6,5.579572712177608e-6
65.83,3.99820031369258e-6,5.550249546284382e-6
65.84,3.999279011318463e-6,5.520399050754655e-6
65.85,3.99992071718773e-6,5.490025649142493e-6
65.86,4.000125790465991e-6,5.459133811262404e-6
65.87,3.999894638059788e-6,5.4277280526001595e-6
65.88,3.999227714519108e-6,5.395812933722319e-6
65.89,3.998125521937926e-6,5.3633930596786204e-6
65.9,3.996588609842881e-6,5.330473079405771e-6
65.91,3.9946175750865165e-6,5.297057685122861e-6
65.92,3.99221306172659e-6,5.263151611726844e-6
65.93,3.989375760905595e-6,5.228759636183349e-6
65.94,3.9861064107227715e-6,5.1938865769147794e-6
65.95,3.9824057961021865e-6,5.158537293184569e-6
65.96,3.978274748654912e-6,5.122716684479719e-6
65.97,3.9737141465364e-6,5.086429689889038e-6
65.98,3.968724914301028e-6,5.049681287479317e-6
65.99,3.963308022745504e-6,5.0124764936686944e-6
66.0,3.9574644887559275e-6,4.974820362596208e-6
66.01,3.9511953751430175e-6,4.936717985490261e-6
66.02,3.944501790475038e-6,4.898174490033698e-6
66.03,3.937384888906624e-6,4.859195039726065e-6
66.04,3.929845870000804e-6,4.819784833243726e-6
66.05,3.9218859785472005e-6,4.7799491037984595e-6
66.06,3.913506504376379e-6,4.739693118491874e-6
66.07,3.904708782166982e-6,4.699022177669199e-6
66.08,3.895494191250874e-6,4.657941614270831e-6
66.09,3.885864155410883e-6,4.616456793181031e-6
66.1,3.875820142676756e-6,4.5745731105747765e-6
66.11,3.865363665112805e-6,4.5322959932636136e-6
66.12,3.854496278604747e-6,4.48963089803858e-6
66.13,3.843219582639106e-6,4.446583311011764e-6
66.14,3.8315352200793e-6,4.403158746956401e-6
66.15,3.819444876937021e-6,4.359362748645051e-6
66.16,3.8069502821390104e-6,4.3152008861868875e-6
66.17,3.7940532072886604e-6,4.270678756361796e-6
66.18,3.780755466424403e-6,4.225801981955636e-6
66.19,3.767058915773482e-6,4.180576211091971e-6
66.2,3.752965453499295e-6,4.13500711656381e-6
66.21,3.7384770194477794e-6,4.08910039516394e-6
66.22,3.723595594886531e-6,4.042861767013461e-6
66.23,3.7083232022410527e-6,3.996296974890639e-6
66.24,3.692661904826381e-6,3.949411783557952e-6
66.25,3.6766138065748207e-6,3.902211979087661e-6
66.26,3.6601810517586973e-6,3.854703368188606e-6
66.27,3.6433658247095708e-6,3.8068917775302092e-6
66.28,3.626170349533545e-6,3.7587830530666163e-6
66.29,3.6085968898221557e-6,3.7103830593610573e-6
66.3,3.5906477483586854e-6,3.6616976789088285e-6
66.31,3.57232526682112e-6,3.612732811458967e-6
66.32,3.5536318254814975e-6,3.563494373338521e-6
66.33,3.5345698429005066e-6,3.5139882967730824e-6
66.34,3.515141775617921e-6,3.4642205292100845e-6
66.35,3.4953501178412217e-6,3.4141970326397023e-6
66.36,3.4751974011272307e-6,3.3639237829170556e-6
66.37,3.4546861940630267e-6,3.3134067690843994e-6
66.38,3.4338191019406167e-6,3.2626519926928107e-6
66.39,3.412598766430212e-6,3.2116654671240123e-6
66.4,3.3910278652479557e-6,3.1604532169137433e-6
66.41,3.3691091118207467e-6,3.109021277073718e-6
66.42,3.3468452549483516e-6,3.0573756924148395e-6
66.43,3.3242390784595983e-6,3.0055225168712727e-6
66.44,3.301293400868331e-6,2.953467812824824e-6
66.45,3.278011075023141e-6,2.9012176504283773e-6
66.46,3.2543949877553025e-6,2.848778106933665e-6
66.47,3.2304480595221386e-6,2.7961552660152633e-6
66.48,3.206173244048402e-6,2.743355217098902e-6
66.49,3.1815735279636994e-6,2.6903840546898872e-6
66.5,3.1566519304364656e-6,2.637247877700414e-6
66.51,3.131411502804707e-6,2.5839527887818237e-6
66.52,3.1058553282050446e-6,2.530504893653487e-6
66.53,3.079986521195392e-6,2.4769103004373782e-6
66.54,3.053808227379145e-6,2.4231751189900177e-6
66.55,3.027323623022331e-6,2.369305460237916e-6
66.56,3.0005359146702012e-6,2.315307435514139e-6
66.57,2.9734483387593007e-6,2.2611871558958845e-6
66.58,2.9460641612279924e-6,2.206950731544044e-6
66.59,2.9183866771239185e-6,2.152604271043746e-6
66.6,2.8904192102076322e-6,2.0981538807478044e-6
66.61,2.862165112555191e-6,2.0436056641194422e-6
66.62,2.8336277641560503e-6,1.9889657210802483e-6
66.63,2.804810572511156e-6,1.934240147357452e-6
66.64,2.7757169722244736e-6,1.8794350338335974e-6
66.65,2.7463504245965037e-6,1.8245564658989332e-6
66.66,2.7167144172111647e-6,1.7696105228056726e-6
66.67,2.686812463523534e-6,1.7146032770234164e-6
66.68,2.6566481024432103e-6,1.6595407935983225e-6
66.69,2.62622489791593e-6,1.6044291295134523e-6
66.7,2.595546438502817e-6,1.5492743330514241e-6
66.71,2.5646163369581107e-6,1.4940824431608945e-6
66.72,2.533438229802814e-6,1.4388594888229362e-6
66.73,2.50201577689887e-6,1.3836114884226886e-6
66.74,2.4703526610190487e-6,1.3283444491216206e-6
66.75,2.4384525874154325e-6,1.2730643662332346e-6
66.76,2.4063192833865574e-6,1.2177772226017542e-6
66.77,2.373956497841804e-6,1.162488987982816e-6
66.78,2.3413680008644146e-6,1.1072056184273309e-6
66.79,2.308557583272085e-6,1.051933055668907e-6
66.8,2.2755290561766165e-6,9.966772265130662e-7
66.81,2.2422862505412956e-6,9.414440422299311e-7
66.82,2.208833016735752e-6,8.862393979509105e-7
66.83,2.17517322409246e-6,8.310691720665876e-7
66.84,2.141310760455785e-6,7.759392256297217e-7
66.85,2.1072495317360544e-6,7.208554017606131e-7
66.86,2.072993461457786e-6,6.658235250551552e-7
66.87,2.0385464903076935e-6,6.108494009976604e-7
66.88,2.003912575682043e-6,5.559388153763144e-7
66.89,1.9690956912315403e-6,5.010975337015008e-7
66.9,1.934099826405751e-6,4.4633130062914077e-7
66.91,1.8989289859958578e-6,3.9164583938620794e-7
66.92,1.8635871896761231e-6,3.3704685120115717e-7
66.93,1.828078471545969e-6,2.8254001473606786e-7
66.94,1.792406879667397e-6,2.28130985525347e-7
66.95,1.7565764756049399e-6,1.7382539541551512e-7
66.96,1.7205913339639268e-6,1.196288520108879e-7
66.97,1.6844555419248836e-6,6.554693812139765e-8
66.98,1.6481731987814088e-6,1.1585211216388933e-8
66.99,1.6117484154748578e-6,-4.225079711984835e-8
67.0,1.5751853141281405e-6,-9.595558172718855e-8
67.01,1.5384880275787148e-6,-1.4952366440270861e-7
67.02,1.5016606989142811e-6,-2.0294959443575587e-7
67.03,1.4647074810016353e-6,-2.562279491312281e-7
67.04,1.427632536021026e-6,-3.0935333433357806e-7
67.05,1.3904400349968195e-6,-3.6232038494508606e-7
67.06,1.353134157327002e-6,-4.151237654395358e-7
67.07,1.3157190903167539e-6,-4.677581703717721e-7
67.08,1.278199028705713e-6,-5.202183248832657e-7
67.09,1.240578174199438e-6,-5.724989852019777e-7
67.1,1.2028607349988327e-6,-6.245949391389126e-7
67.11,1.1650509253297324e-6,-6.765010065800428e-7
67.12,1.1271529649720114e-6,-7.282120399724135e-7
67.13,1.0891710787900117e-6,-7.797229248070564e-7
67.14,1.0511094962598048e-6,-8.310285800965815e-7
67.15,1.0129724510011092e-6,-8.821239588475311e-7
67.16,9.747641803048917e-7,-9.330040485288743e-7
67.17,9.364889246638374e-7,-9.83663871535497e-7
67.18,8.981509273019371e-7,-1.0340984856459152e-6
67.19,8.597544337044332e-7,-1.0843029844763715e-6
67.2,8.213036911493828e-7,-1.1342724979298604e-6
67.21,7.828029482357003e-7,-1.184002192637965e-6
67.22,7.442564544172246e-7,-1.2334872724018302e-6
67.23,7.05668459532649e-7,-1.2827229786238105e-6
67.24,6.67043213337838e-7,-1.3317045907371478e-6
67.25,6.283849650389876e-7,-1.380427426629007e-6
67.26,5.896979628249558e-7,-1.428886843058397e-6
67.27,5.509864534020216e-7,-1.4770782360696334e-6
67.28,5.122546815280508e-7,-1.524997041399979e-6
67.29,4.735068895483812e-7,-1.572638734882562e-6
67.3,4.347473169303315e-7,-1.6199988328429447e-6
67.31,3.959801998033373e-7,-1.6670728924921499e-6
67.32,3.572097704938001e-7,-1.7138565123125471e-6
67.33,3.184402570656929e-7,-1.7603453324393065e-6
67.34,2.796758828599979e-7,-1.8065350350366006e-6
67.35,2.409208660360577e-7,-1.8524213446675375e-6
67.36,2.0217941911282234e-7,-1.8980000286600523e-6
67.37,1.6345574851306751e-7,-1.943266897465207e-6
67.38,1.2475405410709722e-7,-1.9882178050124204e-6
67.39,8.607852876003343e-8,-2.0328486490570396e-6
67.4,4.743335787581977e-8,-2.077155371524061e-6
67.41,8.822718948456548e-9,-2.1211339588443534e-6
67.42,-2.9749218889256045e-8,-2.1647804422877676e-6
67.43,-6.827829531484366e-8,-2.2080908982880733e-6
67.44,-1.0676035926279413e-7,-2.251061448763904e-6
67.45,-1.4519126937049355e-7,-2.293688261433835e-6
67.46,-1.8356689442264395e-7,-2.335967550124253e-6
67.47,-2.2188311379340373e-7,-2.37789557507429e-6
67.48,-2.6013581788675807e-7,-2.4194686432323976e-6
67.49,-2.983209085770599e-7,-2.4606831085479775e-6
67.5,-3.364342996444462e-7,-2.501535372258652e-6
67.51,-3.7447191721157036e-7,-2.5420218831691138e-6
67.52,-4.124297001769367e-7,-2.582139137926256e-6
67.53,-4.503036006460954e-7,-2.6218836812883557e-6
67.54,-4.880895843613823e-7,-2.661252106386523e-6
67.55,-5.257836311303821e-7,-2.7002410549827586e-6
67.56,-5.633817352510995e-7,-2.738847217720566e-6
67.57,-6.008799059338492e-7,-2.7770673343701923e-6
67.58,-6.382741677266549e-7,-2.8148981940674437e-6
67.59,-6.755605609298753e-7,-2.8523366355477108e-6
67.6,-7.127351420162169e-7,-2.889379547372958e-6
67.61,-7.497939840443371e-7,-2.9260238681532255e-6
67.62,-7.86733177070844e-7,-2.96226658676249e-6
67.63,-8.235488285613886e-7,-2.998104742547613e-6
67.64,-8.602370637972828e-7,-3.0335354255323288e-6
67.65,-8.967940262808383e-7,-3.0685557766150067e-6
67.66,-9.332158781385296e-7,-3.1031629877599934e-6
67.67,-9.694988005209717e-7,-3.137354302183096e-6
67.68,-1.0056389939994485e-6,-3.1711270145321137e-6
67.69,-1.0416326789627204e-6,-3.204478471059219e-6
67.7,-1.077476096007732e-6,-3.2374060697895296e-6
67.71,-1.1131655063302147e-6,-3.2699072606823718e-6
67.72,-1.148697192110885e-6,-3.301979545786878e-6
67.73,-1.184067456899804e-6,-3.333620479391764e-6
67.74,-1.2192726259979205e-6,-3.3648276681688102e-6
67.75,-1.2543090468356088e-6,-3.3955987713099417e-6
67.76,-1.2891730893473885e-6,-3.4259315006596866e-6
67.77,-1.323861146344996e-6,-3.4558236208399824e-6
67.78,-1.3583696338879447e-6,-3.485272949369403e-6
67.79,-1.3926949916492562e-6,-3.514277356777155e-6
67.8,-1.4268336832785302e-6,-3.542834766710883e-6
67.81,-1.4607821967641078e-6,-3.570943156036669e-6
67.82,-1.4945370447893815e-6,-3.598600554935202e-6
67.83,-1.5280947650874036e-6,-3.625805046992153e-6
67.84,-1.561451920791979e-6,-3.6525547692792546e-6
67.85,-1.5946051007856637e-6,-3.6788479124339007e-6
67.86,-1.627550920044744e-6,-3.7046827207287497e-6
67.87,-1.6602860199795256e-6,-3.730057492138054e-6
67.88,-1.6928070687735864e-6,-3.754970578396757e-6
67.89,-1.7251107617183595e-6,-3.7794203850542054e-6
67.9,-1.7571938215435038e-6,-3.803405371520466e-6
67.91,-1.7890529987455486e-6,-3.826924051108867e-6
67.92,-1.8206850719131512e-6,-3.849974991071394e-6
67.93,-1.8520868480458846e-6,-3.872556812627376e-6
67.94,-1.8832551628735455e-6,-3.894668190987869e-6
67.95,-1.914186881170833e-6,-3.916307855373247e-6
67.96,-1.944878897063998e-6,-3.937474589024495e-6
67.97,-1.9753281343421934e-6,-3.958167229209464e-6
67.98,-2.005531546757272e-6,-3.978384667222803e-6
67.99,-2.0354861183246657e-6,-3.9981258483800294e-6
68.0,-2.065188863619182e-6,-4.017389772005591e-6
68.01,-2.09463682806699e-6,-4.036175491415561e-6
68.02,-2.123827088232936e-6,-4.054482113893884e-6
68.03,-2.1527567521066798e-6,-4.0723088006633815e-6
68.04,-2.1814229593827314e-6,-4.089654766850338e-6
68.05,-2.209822881736539e-6,-4.106519281444393e-6
68.06,-2.2379537230989516e-6,-4.1229016672510125e-6
68.07,-2.265812719924697e-6,-4.138801300839929e-6
68.08,-2.2933971414576155e-6,-4.1542176124869685e-6
68.09,-2.3207042899924108e-6,-4.169150086109286e-6
68.1,-2.3477315011313873e-6,-4.183598259197483e-6
68.11,-2.3744761440389162e-6,-4.1975617227395065e-6
68.12,-2.40093562168944e-6,-4.2110401211400105e-6
68.13,-2.4271073711150412e-6,-4.224033152134002e-6
68.14,-2.452988863643933e-6,-4.236540566695237e-6
68.15,-2.4785776051408856e-6,-4.248562168938113e-6
68.16,-2.5038711362379127e-6,-4.260097816014753e-6
68.17,-2.5288670325647616e-6,-4.271147418006546e-6
68.18,-2.553562904973869e-6,-4.2817109378098645e-6
68.19,-2.5779563997605857e-6,-4.291788391016204e-6
68.2,-2.6020451988804066e-6,-4.301379845787752e-6
68.21,-2.6258270201611244e-6,-4.310485422725957e-6
68.22,-2.6492996175119166e-6,-4.3191052947365085e-6
68.23,-2.672460781125883e-6,-4.327239686887769e-6
68.24,-2.6953083376819398e-6,-4.334888876263463e-6
68.25,-2.7178401505386175e-6,-4.34205319181173e-6
68.26,-2.7400541199263783e-6,-4.3487330141879304e-6
68.27,-2.7619481831347267e-6,-4.354928775590659e-6
68.28,-2.783520314694083e-6,-4.360640959596051e-6
68.29,-2.80476852655516e-6,-4.365870100983585e-6
68.3,-2.825690868262677e-6,-4.370616785557679e-6
68.31,-2.8462854271255035e-6,-4.37488164996599e-6
68.32,-2.8665503283807096e-6,-4.378665381509969e-6
68.33,-2.886483735356878e-6,-4.381968717951174e-6
68.34,-2.906083849628216e-6,-4.3847924473137505e-6
68.35,-2.925348911169178e-6,-4.387137407680622e-6
68.36,-2.944277198500546e-6,-4.389004486984396e-6
68.37,-2.962867028833688e-6,-4.390394622795557e-6
68.38,-2.981116758209696e-6,-4.39130880210217e-6
68.39,-2.9990247816331245e-6,-4.391748061088832e-6
68.4,-3.0165895332034612e-6,-4.391713484906964e-6
68.41,-3.033809486238979e-6,-4.391206207442978e-6
68.42,-3.0506831534003904e-6,-4.390227411080716e-6
68.43,-3.067209086804727e-6,-4.3887783264587875e-6
68.44,-3.083385878139837e-6,-4.386860232224202e-6
68.45,-3.099212158771303e-6,-4.384474454780035e-6
68.46,-3.114686599845806e-6,-4.381622368029845e-6
68.47,-3.129807912389993e-6,-4.378305393116902e-6
68.48,-3.1445748474043975e-6,-4.374524998158359e-6
68.49,-3.1589861959537673e-6,-4.370282697975981e-6
68.5,-3.1730407892524412e-6,-4.365580053821655e-6
68.51,-3.1867374987430997e-6,-4.36041867309904e-6
68.52,-3.200075236177103e-6,-4.35480020907946e-6
68.53,-3.2130529536821073e-6,-4.3487263606163845e-6
68.54,-3.2256696438312015e-6,-4.342198871851937e-6
68.55,-3.237924339705541e-6,-4.335219531922088e-6
68.56,-3.249816114951974e-6,-4.327790174656221e-6
68.57,-3.261344083836928e-6,-4.319912678273058e-6
68.58,-3.272507401295412e-6,-4.311588965071306e-6
68.59,-3.2833052629762396e-6,-4.30282100111892e-6
68.6,-3.2937369052804084e-6,-4.293610795934865e-6
68.61,-3.3038016053983967e-6,-4.283960402169509e-6
68.62,-3.313498681339963e-6,-4.273871915280363e-6
68.63,-3.3228274919616616e-6,-4.2633474732029144e-6
68.64,-3.3317874369873056e-6,-4.252389256018926e-6
68.65,-3.340377957026971e-6,-4.240999485620509e-6
68.66,-3.3485985335889874e-6,-4.229180425370018e-6
68.67,-3.356448689088272e-6,-4.21693437975686e-6
68.68,-3.3639279868509723e-6,-4.20426369404985e-6
68.69,-3.371036031113081e-6,-4.191170753947037e-6
68.7,-3.3777724670159164e-6,-4.177657985220586e-6
68.71,-3.384136980595973e-6,-4.1637278533595746e-6
68.72,-3.3901292987718365e-6,-4.1493828632078846e-6
68.73,-3.395749189324473e-6,-4.134625558599692e-6
68.74,-3.400996460875192e-6,-4.119458521991273e-6
68.75,-3.4058709628576444e-6,-4.1038843740893375e-6
68.76,-3.410372585486283e-6,-4.087905773476133e-6
68.77,-3.4145012597197757e-6,-4.0715254162312415e-6
68.78,-3.4182569572203734e-6,-4.054746035550107e-6
68.79,-3.421639690308898e-6,-4.037570401359781e-6
68.8,-3.4246495119149747e-6,-4.020001319931785e-6
68.81,-3.4272865155227317e-6,-4.002041633490166e-6
68.82,-3.429550835113167e-6,-3.9836942198190054e-6
68.83,-3.431442645100665e-6,-3.96496199186567e-6
68.84,-3.4329621602668005e-6,-3.945847897340845e-6
68.85,-3.4341096356875385e-6,-3.926354918316511e-6
68.86,-3.43488536665926e-6,-3.9064860708207235e-6
68.87,-3.4352896886166584e-6,-3.886244404429953e-6
68.88,-3.4353229770502936e-6,-3.8656330018580245e-6
68.89,-3.4349856474152387e-6,-3.844654978543436e-6
68.9,-3.434278155042144e-6,-3.823313482232819e-6
68.91,-3.4332009950359366e-6,-3.801611692563317e-6
68.92,-3.4317547021761893e-6,-3.7795528206410953e-6
68.93,-3.4299398508118666e-6,-3.757140108618604e-6
68.94,-3.4277570547502292e-6,-3.7343768292683204e-6
68.95,-3.4252069671433982e-6,-3.7112662855550335e-6
68.96,-3.4222902803699663e-6,-3.6878118102053576e-6
68.97,-3.4190077259125185e-6,-3.664016765275674e-6
68.98,-3.4153600742295855e-6,-3.6398845417159963e-6
68.99,-3.4113481346291072e-6,-3.615418558935179e-6
69.0,-3.406972755128306e-6,-3.590622264359725e-6
69.01,-3.4022348223184434e-6,-3.5654991329952805e-6
69.02,-3.3971352612203738e-6,-3.540052666981376e-6
69.03,-3.3916750351378197e-6,-3.514286395147884e-6
69.04,-3.3858551455063443e-6,-3.4882038725678055e-6
69.05,-3.3796766317386687e-6,-3.4618086801093924e-6
69.06,-3.3731405710648673e-6,-3.4351044239847275e-6
69.07,-3.36624807837054e-6,-3.4080947352988054e-6
69.08,-3.359000306028597e-6,-3.380783269595652e-6
69.09,-3.351398443729708e-6,-3.3531737064023784e-6
69.1,-3.3434437183069876e-6,-3.3252697487733043e-6
69.11,-3.3351373935574443e-6,-3.297075122831207e-6
69.12,-3.326480770059825e-6,-3.2685935773078137e-6
69.13,-3.317475184988467e-6,-3.2398288830825147e-6
69.14,-3.3081220119234316e-6,-3.210784832720112e-6
69.15,-3.298422660656013e-6,-3.181465240006737e-6
69.16,-3.2883785769924058e-6,-3.151873939485437e-6
69.17,-3.277991242552196e-6,-3.1220147859901837e-6
69.18,-3.2672621745628024e-6,-3.091891654177734e-6
69.19,-3.2561929256520446e-6,-3.0615084380603157e-6
69.2,-3.2447850836355322e-6,-3.030869050536227e-6
69.21,-3.2330402713009325e-6,-2.9999774229188543e-6
69.22,-3.220960146188646e-6,-2.968837504466424e-6
69.23,-3.2085464003692484e-6,-2.93745326190951e-6
69.24,-3.1958007602174217e-6,-2.905828678978343e-6
69.25,-3.1827249861811272e-6,-2.873967755929673e-6
69.26,-3.169320872549697e-6,-2.841874509071836e-6
69.27,-3.1555902472157573e-6,-2.809552970290738e-6
69.28,-3.1415349714366593e-6,-2.777007186573462e-6
69.29,-3.1271569395898374e-6,-2.7442412195335266e-6
69.3,-3.1124580789268057e-6,-2.7112591449334657e-6
69.31,-3.097440349322599e-6,-2.6780650522081788e-6
69.32,-3.082105743022626e-6,-2.6446630439883453e-6
69.33,-3.0664562843864923e-6,-2.6110572356221523e-6
69.34,-3.050494029627723e-6,-2.577251754697389e-6
69.35,-3.0342210665513054e-6,-2.5432507405647807e-6
69.36,-3.01763951428703e-6,-2.509058343858522e-6
69.37,-3.000751523020775e-6,-2.4746787260180942e-6
69.38,-2.983559273722842e-6,-2.4401160588108203e-6
69.39,-2.966064977871156e-6,-2.4053745238522993e-6
69.4,-2.9482708771741673e-6,-2.370458312129844e-6
69.41,-2.9301792432897667e-6,-2.335371623522757e-6
69.42,-2.911792377540123e-6,-2.3001186663249976e-6
69.43,-2.893112610625716e-6,-2.264703656767687e-6
69.44,-2.8741423023349055e-6,-2.2291308185408133e-6
69.45,-2.8548838412498973e-6,-2.1934043823173803e-6
69.46,-2.835339644454628e-6,-2.1575285852745233e-6
69.47,-2.8155121572328133e-6,-2.1215076706192065e-6
69.48,-2.7954038527686756e-6,-2.0853458871107325e-6
69.49,-2.775017231843683e-6,-2.0490474885863286e-6
69.5,-2.7543548225283784e-6,-2.0126167334855316e-6
69.51,-2.733419179875771e-6,-1.9760578843763813e-6
69.52,-2.7122128856078314e-6,-1.9393752074816542e-6
69.53,-2.6907385478025134e-6,-1.9025729722059124e-6
69.54,-2.6689988005772018e-6,-1.8656554506640096e-6
69.55,-2.6469963037687866e-6,-1.8286269172089443e-6
69.56,-2.624733742613497e-6,-1.7914916479618205e-6
69.57,-2.602213827422185e-6,-1.7542539203429173e-6
69.58,-2.5794392932540205e-6,-1.7169180126020254e-6
69.59,-2.5564128995894673e-6,-1.6794882033520274e-6
69.6,-2.5331374299980183e-6,-1.6419687711020256e-6
69.61,-2.509615691805585e-6,-1.604363993791458e-6
69.62,-2.4858505157599024e-6,-1.5666781483272676e-6
69.63,-2.4618447556923394e-6,-1.5289155101199966e-6
69.64,-2.4376012881805863e-6,-1.4910803526215048e-6
69.65,-2.4131230122039883e-6,-1.4531769468664242e-6
69.66,-2.3884128488028046e-6,-1.4152095610114088e-6
69.67,-2.3634737407312553e-6,-1.3771824598783756e-6
69.68,-2.3383086521108035e-6,-1.3390999044979828e-6
69.69,-2.312920568080556e-6,-1.300966151654984e-6
69.7,-2.287312494446317e-6,-1.2627854534352465e-6
69.71,-2.261487457327312e-6,-1.2245620567742128e-6
69.72,-2.2354485028011934e-6,-1.1863002030061566e-6
69.73,-2.2091986965481636e-6,-1.1480041274174059e-6
69.74,-2.182741123492679e-6,-1.1096780587981943e-6
69.75,-2.1560788874425783e-6,-1.0713262189989052e-6
69.76,-2.1292151107286e-6,-1.032952822487248e-6
69.77,-2.102152933841136e-6,-9.945620759061151e-7
69.78,-2.0748955150654953e-6,-9.561581776351183e-7
69.79,-2.0474460301155243e-6,-9.177453173535186e-7
69.8,-2.019807671766377e-6,-8.793276756044643e-7
69.81,-1.991983649485961e-6,-8.409094233613132e-7
69.82,-1.963977189063419e-6,-8.024947215976769e-7
69.83,-1.935791532238697e-6,-7.64087720857632e-7
69.84,-1.907429936328995e-6,-7.256925608283044e-7
69.85,-1.8788956738549207e-6,-6.873133699160252e-7
69.86,-1.8501920321644527e-6,-6.489542648235233e-7
69.87,-1.821322313057865e-6,-6.106193501295216e-7
69.88,-1.7922898324083808e-6,-5.723127178710033e-7
69.89,-1.7630979197844686e-6,-5.340384471281528e-7
69.9,-1.7337499180704927e-6,-4.958006036098293e-7
69.91,-1.7042491830847015e-6,-4.576032392447017e-7
69.92,-1.6745990831994957e-6,-4.194503917718704e-7
69.93,-1.6448029989566968e-6,-3.8134608433519867e-7
69.94,-1.6148643226862084e-6,-3.432943250808139e-7
69.95,-1.58478645811997e-6,-3.052991067560579e-7
69.96,-1.554572820009609e-6,-2.6736440631130327e-7
69.97,-1.5242268337378857e-6,-2.2949418450587376e-7
69.98,-1.4937519349337036e-6,-1.9169238551416013e-7
69.99,-1.4631515690858629e-6,-1.5396293653672253e-7
70.0,-1.4324291911544098e-6,-1.1630974741265763e-7
70.01,-1.4015882651822395e-6,-7.873671023617933e-8
70.02,-1.3706322639082121e-6,-4.124769897442646e-8
70.03,-1.3395646683761506e-6,-3.846569089359599e-9
70.04,-1.3083889675463726e-6,3.346284283745564e-8
70.05,-1.2771086579058604e-6,7.067671947815672e-8
70.06,-1.2457272430773375e-6,1.0779126312745706e-7
70.07,-1.214248233429803e-6,1.4480269606946672e-7
70.08,-1.1826751456868252e-6,1.8170726094203697e-7
70.09,-1.1510115025365633e-6,2.1850122109548183e-7
70.1,-1.1192608322393495e-6,2.5518086095154086e-7
70.11,-1.0874266682376678e-6,2.9174248635651596e-7
70.12,-1.0555125487648907e-6,3.2818242493320206e-7
70.13,-1.0235220164531695e-6,3.6449702642742963e-7
70.14,-9.914586179424811e-7,4.006826630539433e-7
70.15,-9.593259034893624e-7,4.367357298362151e-7
70.16,-9.271274265762592e-7,4.726526449458467e-7
70.17,-8.948667435195053e-7,5.08429850036362e-7
70.18,-8.625474130797104e-7,5.440638105745434e-7
70.19,-8.301729960699377e-7,5.795510161682375e-7
70.2,-7.977470549668191e-7,6.148879808914111e-7
70.21,-7.652731535180396e-7,6.50071243604004e-7
70.22,-7.327548563567701e-7,6.850973682711273e-7
70.23,-7.001957286084107e-7,7.199629442754001e-7
70.24,-6.675993355036911e-7,7.54664586728726e-7
70.25,-6.349692419898271e-7,7.891989367782944e-7
70.26,-6.023090123435274e-7,8.235626619107843e-7
70.27,-5.696222097825093e-7,8.577524562517225e-7
70.28,-5.369123960795438e-7,8.917650408616555e-7
70.29,-5.041831311761725e-7,9.255971640288324e-7
70.3,-4.7143797279911793e-7,9.592456015581373e-7
70.31,-4.386804760714573e-7,9.927071570556023e-7
70.32,-4.0591419313375167e-7,1.0259786622107792e-6
70.33,-3.731426727580693e-7,1.059056977073715e-6
70.34,-3.4036945996649235e-7,1.0919389903292202e-6
70.35,-3.075980956502922e-7,1.1246216195667652e-6
70.36,-2.748321161894117e-7,1.1571018115474488e-6
70.37,-2.4207505307239544e-7,1.1893765424653917e-6
70.38,-2.0933043251982482e-7,1.2214428182075838e-6
70.39,-1.7660177510457192e-7,1.2532976746083354e-6
70.4,-1.4389259537846755e-7,1.2849381776995868e-6
70.41,-1.1120640149516323e-7,1.3163614239589333e-6
70.42,-7.854669483696376e-8,1.3475645405520964e-6
70.43,-4.5916969642065275e-8,1.3785446855721826e-6
70.44,-1.3320712633547158e-8,1.40929904827531e-6
70.45,1.9238597350868534e-8,1.4398248493115116e-6
70.46,5.17574897279144e-8,1.470119340951945e-6
70.47,8.42325025363849e-8,1.5001798073126284e-6
70.48,1.1666018280090349e-7,1.5300035645735105e-6
70.49,1.490370869002609e-7,1.5595879611931065e-6
70.5,1.813597809274154e-7,1.5889303781210264e-6
70.51,2.1362484105165063e-7,1.6180282290037115e-6
70.52,2.4582885387968775e-7,1.6468789603885622e-6
70.53,2.7796841681253347e-7,1.6754800519222324e-6
70.54,3.100401384031279e-7,1.7038290165463578e-6
70.55,3.4204063871117473e-7,1.7319234006870787e-6
70.56,3.739665496562983e-7,1.759760784443092e-6
70.57,4.0581451537041283e-7,1.7873387817673276e-6
70.58,4.375811925458356e-7,1.8146550406454198e-6
70.59,4.6926325078512695e-7,1.8417072432707545e-6
70.6,5.008573729461379e-7,1.8684931062135982e-6
70.61,5.323602554870513e-7,1.8950103805874818e-6
70.62,5.637686088075682e-7,1.921256852211028e-6
70.63,5.950791575903262e-7,1.9472303417655044e-6
70.64,6.262886411388262e-7,1.972928704948052e-6
70.65,6.573938137142267e-7,1.998349832621158e-6
70.66,6.883914448680917e-7,2.0234916509574795e-6
70.67,7.192783197772441e-7,2.0483521215806415e-6
70.68,7.500512395707229e-7,2.0729292417021693e-6
70.69,7.807070216605464e-7,2.097221044253003e-6
70.7,8.112425000655212e-7,2.1212255980126776e-6
70.71,8.416545257351769e-7,2.144941007732566e-6
70.72,8.719399668713179e-7,2.168365414255693e-6
70.73,9.020957092464163e-7,2.191496994632394e-6
70.74,9.321186565207907e-7,2.2143339622310904e-6
70.75,9.620057305560927e-7,2.2368745668459047e-6
70.76,9.917538717278084e-7,2.2591170947984963e-6
70.77,1.021360039234326e-6,2.281059869038338e-6
70.78,1.0508212114039682e-6,2.302701249234018e-6
70.79,1.0801343859993802e-6,2.324039631865988e-6
70.8,1.1092965805194385e-6,2.345073450311157e-6
70.81,1.1383048324993815e-6,2.365801174924511e-6
70.82,1.1671561998064487e-6,2.3862213131162695e-6
70.83,1.1958477609351522e-6,2.4063324094253226e-6
70.84,1.2243766152986023e-6,2.426133045587819e-6
70.85,1.2527398835171829e-6,2.44562184060146e-6
70.86,1.2809347077048175e-6,2.4647974507865467e-6
70.87,1.308958251753491e-6,2.4836585698411774e-6
70.88,1.336807701612901e-6,2.502203928894174e-6
70.89,1.3644802655693778e-6,2.5204322965516746e-6
70.9,1.391973174520013e-6,2.5383424789414365e-6
70.91,1.4192836822464758e-6,2.555933319751824e-6
70.92,1.4464090656844587e-6,2.5732037002665766e-6
70.93,1.4733466251887458e-6,2.5901525393959922e-6
70.94,1.5000936847986583e-6,2.6067787937039693e-6
70.95,1.5266475924999739e-6,2.623081457428472e-6
70.96,1.5530057204793762e-6,2.6390595625033065e-6
70.97,1.5791654653824521e-6,2.6547121785688424e-6
70.98,1.6051242485651001e-6,2.6700384129839917e-6
70.99,1.6308795163414167e-6,2.6850374108313545e-6
71.0,1.6564287402313294e-6,2.6997083549188865e-6
71.01,1.68176941720151e-6,2.714050465777722e-6
71.02,1.7068990699065445e-6,2.7280630016551547e-6
71.03,1.7318152469254855e-6,2.741745258504303e-6
71.04,1.7565155229947921e-6,2.755096569969217e-6
71.05,1.7809974992386957e-6,2.7681163073659866e-6
71.06,1.8052588033976748e-6,2.7808038796594875e-6
71.07,1.8292970900500453e-6,2.7931587334371515e-6
71.08,1.8531100408354492e-6,2.805180352877212e-6
71.09,1.8766953646705997e-6,2.8168682597131313e-6
71.1,1.900050797964295e-6,2.8282220131959615e-6
71.11,1.9231741048280054e-6,2.839241210049575e-6
71.12,1.9460630772841314e-6,2.849925484424701e-6
71.13,1.968715535470126e-6,2.860274507847033e-6
71.14,1.9911293278398802e-6,2.8702879891622282e-6
71.15,2.0133023313603536e-6,2.879965674477552e-6
71.16,2.035232451707835e-6,2.889307347097593e-6
71.17,2.0569176234572617e-6,2.898312827458859e-6
71.18,2.0783558102705727e-6,2.9069819730575716e-6
71.19,2.0995450050810836e-6,2.915314678375597e-6
71.2,2.1204832302734453e-6,2.923310874802317e-6
71.21,2.141168537861821e-6,2.9309705305511703e-6
71.22,2.16159900966338e-6,2.9382936505742946e-6
71.23,2.1817727574683954e-6,2.945280276471765e-6
71.24,2.2016879232075383e-6,2.9519304863980474e-6
71.25,2.2213426791153266e-6,2.9582443949647987e-6
71.26,2.240735227889346e-6,2.9642221531382008e-6
71.27,2.2598638028474255e-6,2.969863948135614e-6
71.28,2.2787266680800476e-6,2.9751700033145885e-6
71.29,2.2973221185992923e-6,2.980140578062376e-6
71.3,2.3156484804852046e-6,2.984775967678089e-6
71.31,2.3337041110274206e-6,2.989076503253922e-6
71.32,2.3514873988643184e-6,2.9930425515509524e-6
71.33,2.3689967641157634e-6,2.99667451487249e-6
71.34,2.3862306585186206e-6,2.9999728309327078e-6
71.35,2.403187565550003e-6,3.0029379727235527e-6
71.36,2.4198660005544807e-6,3.00557044837533e-6
71.37,2.4362645108629187e-6,3.0078708010167724e-6
71.38,2.452381675909725e-6,3.009839608629692e-6
71.39,2.468216107346223e-6,3.0114774839006138e-6
71.4,2.483766449150005e-6,3.012785074068881e-6
71.41,2.4990313777307513e-6,3.0137630607721926e-6
71.42,2.5140096020320605e-6,3.0144121598873124e-6
71.43,2.5286998636309795e-6,3.014733121368733e-6
71.44,2.5431009368313254e-6,3.0147267290828644e-6
71.45,2.5572116287561964e-6,3.0143938006397774e-6
71.46,2.5710307794347413e-6,3.0137351872217434e-6
71.47,2.58455726188561e-6,3.0127517734074267e-6
71.48,2.597789982197488e-6,3.011444476993893e-6
71.49,2.610727879605306e-6,3.0098142488148605e-6
71.5,2.6233699265627866e-6,3.0078620725559836e-6
71.51,2.635715128811407e-6,3.0055889645677135e-6
71.52,2.647762525445354e-6,3.0029959736727318e-6
71.53,2.659511188973037e-6,3.0000841809732752e-6
71.54,2.67096022537538e-6,2.996854699653302e-6
71.55,2.6821087741589415e-6,2.9933086747780693e-6
71.56,2.692956008407164e-6,2.989447283091803e-6
71.57,2.703501134825899e-6,2.9852717328103776e-6
71.58,2.713743393787416e-6,2.9807832634128115e-6
71.59,2.723682059368576e-6,2.975983145428959e-6
71.6,2.7333164393865043e-6,2.9708726802251026e-6
71.61,2.7426458754310156e-6,2.9654531997850026e-6
71.62,2.7516697428914628e-6,2.9597260664902154e-6
71.63,2.7603874509815527e-6,2.953692672896508e-6
71.64,2.7687984427600326e-6,2.947354441506842e-6
71.65,2.7769021951474274e-6,2.940712824543918e-6
71.66,2.784698218938724e-6,2.9337693037168168e-6
71.67,2.792186058813318e-6,2.926525389987898e-6
71.68,2.7993652933405886e-6,2.9189826233355276e-6
71.69,2.806235534981991e-6,2.911142572514155e-6
71.7,2.8127964300889397e-6,2.903006834812415e-6
71.71,2.81904765889807e-6,2.8945770358089355e-6
71.72,2.8249889355216938e-6,2.8858548291241197e-6
71.73,2.830620007935516e-6,2.8768418961710508e-6
71.74,2.8359406579618307e-6,2.8675399459038913e-6
71.75,2.840950701249838e-6,2.8579507145624707e-6
71.76,2.845649987251735e-6,2.8480759654154746e-6
71.77,2.8500383991951364e-6,2.8379174885021384e-6
71.78,2.854115854052642e-6,2.8274771003697493e-6
71.79,2.857882302506895e-6,2.8167566438100983e-6
71.8,2.8613377289120445e-6,2.80575798759357e-6
71.81,2.8644821512525535e-6,2.794483026201057e-6
71.82,2.86731562109701e-6,2.782933679553239e-6
71.83,2.8698382235502456e-6,2.771111892737616e-6
71.84,2.8720500771984883e-6,2.759019635735189e-6
71.85,2.8739513340555787e-6,2.7466589031424133e-6
71.86,2.8755421795016634e-6,2.7340317138929465e-6
71.87,2.87682283222048e-6,2.721140110977442e-6
71.88,2.877793544132698e-6,2.707986161159666e-6
71.89,2.8784546003232224e-6,2.6945719546936316e-6
71.9,2.8788063189720505e-6,2.680899605034901e-6
71.91,2.8788490512720234e-6,2.6669712485541916e-6
71.92,2.878583181350404e-6,2.6527890442463255e-6
71.93,2.8780091261837325e-6,2.6383551734385483e-6
71.94,2.8771273355103125e-6,2.623671839496668e-6
71.95,2.8759382917388024e-6,2.6087412675296484e-6
71.96,2.8744425098534313e-6,2.5935657040930734e-6
71.97,2.8726405373155268e-6,2.5781474168897602e-6
71.98,2.870532953962821e-6,2.5624886944704005e-6
71.99,2.8681203719034343e-6,2.546591845930709e-6
72.0,2.8654034354084837e-6,2.5304592006088087e-6
72.01,2.862382820799601e-6,2.5140931077802968e-6
72.02,2.8590592363345914e-6,2.4974959363520234e-6
72.03,2.8554334220888916e-6,2.480670074553936e-6
72.04,2.8515061498336218e-6,2.4636179296307386e-6
72.05,2.847278222910887e-6,2.4463419275313983e-6
72.06,2.8427504761059177e-6,2.4288445125965476e-6
72.07,2.837923775514611e-6,2.411128147246997e-6
72.08,2.832799018410681e-6,2.3931953116685134e-6
72.09,2.8273771331053618e-6,2.375048503497324e-6
72.1,2.821659078808351e-6,2.356690237502568e-6
72.11,2.815645845482636e-6,2.338123045269854e-6
72.12,2.8093384536970497e-6,2.319349474881717e-6
72.13,2.802737954476136e-6,2.300372090598203e-6
72.14,2.7958454291460436e-6,2.281193472536858e-6
72.15,2.78866198917829e-6,2.261816216349849e-6
72.16,2.7811887760294637e-6,2.24224293290252e-6
72.17,2.773426960978312e-6,2.2224762479490164e-6
72.18,2.7653777449610973e-6,2.202518801808588e-6
72.19,2.7570423584003685e-6,2.182373249040679e-6
72.2,2.748422061035023e-6,2.1620422581183512e-6
72.21,2.739518141744978e-6,2.14152851110224e-6
72.22,2.73033191837305e-6,2.1208347033128303e-6
72.23,2.720864737544614e-6,2.0999635430030445e-6
72.24,2.7111179744837972e-6,2.078917751029253e-6
72.25,2.7010930328271188e-6,2.0577000605220412e-6
72.26,2.6907913444338487e-6,2.03631321655739e-6
72.27,2.6802143691963136e-6,2.014759975824533e-6
72.28,2.669363594839588e-6,1.993043106298043e-6
72.29,2.6582405367295883e-6,1.9711653869043706e-6
72.3,2.646846737670322e-6,1.949129607191138e-6
72.31,2.63518376769945e-6,1.9269385669958686e-6
72.32,2.6232532238847015e-6,1.9045950761130358e-6
72.33,2.611056730114489e-6,1.8821019539618757e-6
72.34,2.5985959368864188e-6,1.8594620292539447e-6
72.35,2.58587252109408e-6,1.83667813965935e-6
72.36,2.57288818581128e-6,1.8137531314755034e-6
72.37,2.5596446600712603e-6,1.790689859291568e-6
72.38,2.54614369864756e-6,1.7674911856569123e-6
72.39,2.5323870818287812e-6,1.7441599807470338e-6
72.4,2.5183766151926194e-6,1.7206991220303082e-6
72.41,2.5041141293770345e-6,1.6971114939346033e-6
72.42,2.489601479849011e-6,1.6733999875141198e-6
72.43,2.4748405466708826e-6,1.6495675001159591e-6
72.44,2.4598332342643274e-6,1.6256169350469782e-6
72.45,2.444581471171933e-6,1.6015512012413266e-6
72.46,2.4290872098175963e-6,1.5773732129270036e-6
72.47,2.4133524262616507e-6,1.5530858892937088e-6
72.48,2.39737911995763e-6,1.5286921541608666e-6
72.49,2.381169313504115e-6,1.5041949356452575e-6
72.5,2.3647250523948925e-6,1.4795971658294991e-6
72.51,2.348048404768e-6,1.4549017804311575e-6
72.52,2.33114146115147e-6,1.4301117184715467e-6
72.53,2.3140063342071196e-6,1.4052299219455856e-6
72.54,2.2966451584736992e-6,1.3802593354917858e-6
72.55,2.2790600901054804e-6,1.3552029060633508e-6
72.56,2.261253306611314e-6,1.3300635825983564e-6
72.57,2.2432270065902794e-6,1.3048443156928917e-6
72.58,2.224983409465807e-6,1.279548057272434e-6
72.59,2.2065247552175364e-6,1.2541777602651054e-6
72.6,2.187853304112594e-6,1.2287363782760883e-6
72.61,2.1689713364327408e-6,1.2032268652610445e-6
72.62,2.1498811522020065e-6,1.1776521752023204e-6
72.63,2.1305850709113463e-6,1.152015261784543e-6
72.64,2.111085431241819e-6,1.1263190780714653e-6
72.65,2.0913845907859528e-6,1.1005665761838504e-6
72.66,2.071484925767016e-6,1.074760706977938e-6
72.67,2.0513888307578775e-6,1.048904419725109e-6
72.68,2.031098718397142e-6,1.0230006617924389e-6
72.69,2.010617019104483e-6,9.970523783241064e-7
72.7,1.989946180792648e-6,9.710625119240807e-7
72.71,1.969088668581121e-6,9.450340023393567e-7
72.72,1.9480469645052123e-6,9.189697861452699e-7
72.73,1.9268235672256135e-6,8.928727964306709e-7
72.74,1.9054209917357119e-6,8.667459624848071e-7
72.75,1.8838417690670512e-6,8.405922094865669e-7
72.76,1.8620884459951134e-6,8.144144581928328e-7
72.77,1.8401635847426802e-6,7.882156246292309e-7
72.78,1.8180697626811498e-6,7.619986197821625e-7
72.79,1.7958095720321377e-6,7.357663492920792e-7
72.8,1.7733856195676763e-6,7.095217131483342e-7
72.81,1.7508005263070033e-6,6.832676053842438e-7
72.82,1.72805692721589e-6,6.570069137755459e-7
72.83,1.705157470902924e-6,6.307425195377079e-7
72.84,1.682104819312607e-6,6.044772970279025e-7
72.85,1.6589016474213219e-6,5.782141134457148e-7
72.86,1.6355506429307536e-6,5.519558285360517e-7
72.87,1.6120545059591672e-6,5.257052942947878e-7
72.88,1.5884159487326671e-6,4.994653546748418e-7
72.89,1.564637695276533e-6,4.73238845293603e-7
72.9,1.5407224811040456e-6,4.470285931437329e-7
72.91,1.5166730529055302e-6,4.2083741630295647e-7
72.92,1.4924921682349685e-6,3.9466812364853913e-7
72.93,1.4681825951995297e-6,3.6852351457075786e-7
72.94,1.4437471121444027e-6,3.424063786901236e-7
72.95,1.4191885073384242e-6,3.163194955749523e-7
72.96,1.3945095786599922e-6,2.9026563446223674e-7
72.97,1.3697131332809861e-6,2.6424755397864876e-7
72.98,1.3448019873505106e-6,2.3826800186477482e-7
72.99,1.3197789656791452e-6,2.1232971470016256e-7
73.0,1.2946469014205532e-6,1.8643541763156067e-7
73.01,1.2694086357547489e-6,1.6058782410151513e-7
73.02,1.244067017569893e-6,1.3478963558041731e-7
73.03,1.2186249031429064e-6,1.0904354129922787e-7
73.04,1.1930851558221229e-6,8.335221798539751e-8
73.05,1.167450645706779e-6,5.771832959980566e-8
73.06,1.1417242493280656e-6,3.2144527076402047e-8
73.07,1.1159088493293721e-6,6.633448063883171e-9
73.08,1.0900073341461941e-6,-1.8812283331182783e-8
73.09,1.064022597685877e-6,-4.419005679834243e-8
73.1,1.0379575390075622e-6,-6.949727607501255e-8
73.11,1.0118150620015096e-6,-9.473135919740685e-8
73.12,9.855980750677462e-7,-1.1988973874693147e-7
73.13,9.59309490797599e-7,-1.4496986209719593e-7
73.14,9.329522256509551e-7,-1.6996919165645867e-7
73.15,9.065291996360818e-7,-1.948852051085115e-7
73.16,8.800433359896711e-7,-2.197153956519288e-7
73.17,8.534975608562234e-7,-2.4445727223687833e-7
73.18,8.268948029671602e-7,-2.6910835979831154e-7
73.19,8.002379933211373e-7,-2.936661994883789e-7
73.2,7.735300648635953e-7,-3.181283489060967e-7
73.21,7.467739521673997e-7,-3.4249238232383224e-7
73.22,7.199725911130779e-7,-3.6675589091271247e-7
73.23,6.931289185696669e-7,-3.90916482964049e-7
73.24,6.662458720750432e-7,-4.149717841098863e-7
73.25,6.393263895189038e-7,-4.3891943754027397e-7
73.26,6.123734088231658e-7,-4.6275710421770136e-7
73.27,5.853898676255452e-7,-4.864824630903149e-7
73.28,5.583787029603285e-7,-5.100932113009864e-7
73.29,5.313428509440448e-7,-5.335870643952898e-7
73.3,5.042852464559926e-7,-5.56961756525878e-7
73.31,4.77208822827458e-7,-5.802150406557313e-7
73.32,4.5011651152149617e-7,-6.033446887568146e-7
73.33,4.230112418215455e-7,-6.263484920074618e-7
73.34,3.9589594051668415e-7,-6.492242609874127e-7
73.35,3.6877353158831937e-7,-6.71969825869255e-7
73.36,3.416469358989994e-7,-6.945830366079062e-7
73.37,3.145190708792e-7,-7.170617631270583e-7
73.38,2.8739285021775094e-7,-7.394038955035791e-7
73.39,2.602711835512845e-7,-7.616073441478601e-7
73.4,2.331569761557571e-7,-7.836700399838906e-7
73.41,2.060531286374767e-7,-8.055899346237534e-7
73.42,1.7896253662592855e-7,-8.273650005416085e-7
73.43,1.5188809046826734e-7,-8.48993231243888e-7
73.44,1.2483267492282222e-7,-8.704726414370735e-7
73.45,9.779916885612987e-8,-8.918012671927178e-7
73.46,7.079044493829381e-8,-9.129771661092175e-7
73.47,4.380936934192031e-8,-9.339984174722674e-7
73.48,1.6858801440464652e-8,-9.548631224103187e-7
73.49,-1.0058406491804215e-8,-9.755694040490036e-7
73.5,-3.6939409577332706e-8,-9.96115407662267e-7
73.51,-6.378137063428649e-8,-1.0164993008204115e-6
73.52,-9.058146047236982e-8,-1.0367192735354005e-6
73.53,-1.1733685818667731e-7,-1.0567735384036854e-6
73.54,-1.4404475145322987e-7,-1.0766603307458833e-6
73.55,-1.7070233681985975e-7,-1.0963779087431961e-6
73.56,-1.973068199981207e-7,-1.1159245535721424e-6
73.57,-2.23855416151589e-7,-1.1352985695352939e-6
73.58,-2.503453501866302e-7,-1.1544982841894536e-6
73.59,-2.767738570356203e-7,-1.1735220484712578e-6
73.6,-3.0313818194551754e-7,-1.1923682368193633e-6
73.61,-3.294355807589434e-7,-1.2110352472948043e-6
73.62,-3.5566332019803855e-7,-1.229521501696738e-6
73.63,-3.818186781446374e-7,-1.2478254456767366e-6
73.64,-4.078989439190553e-7,-1.2659455488496461e-6
73.65,-4.339014185579529e-7,-1.283880304901473e-6
73.66,-4.598234150892614e-7,-1.3016282316945024e-6
73.67,-4.856622588079701e-7,-1.3191878713691846e-6
73.68,-5.1141528754509e-7,-1.33655779044421e-6
73.69,-5.370798519433449e-7,-1.3537365799107475e-6
73.7,-5.626533157217322e-7,-1.370722855327956e-6
73.71,-5.881330559441054e-7,-1.3875152569122563e-6
73.72,-6.135164632848036e-7,-1.404112449624954e-6
73.73,-6.388009422921498e-7,-1.42051312325657e-6
73.74,-6.639839116489118e-7,-1.4367159925085352e-6
73.75,-6.890628044333618e-7,-1.452719797071658e-6
73.76,-7.140350683762142e-7,-1.4685233017020058e-6
73.77,-7.388981661158508e-7,-1.4841252962931375e-6
73.78,-7.636495754546984e-7,-1.4995245959461783e-6
73.79,-7.882867896078372e-7,-1.514720041036648e-6
73.8,-8.128073174550511e-7,-1.5297104972776127e-6
73.81,-8.372086837877023e-7,-1.5444948557815036e-6
73.82,-8.614884295546776e-7,-1.5590720331172149e-6
73.83,-8.856441121066054e-7,-1.573440971365662e-6
73.84,-9.096733054358951e-7,-1.587600638171111e-6
73.85,-9.335736004174767e-7,-1.6015500267911898e-6
73.86,-9.573426050466743e-7,-1.615288156141085e-6
73.87,-9.80977944671325e-7,-1.6288140708397304e-6
73.88,-1.0044772622277117e-6,-1.6421268412472093e-6
73.89,-1.0278382184700322e-6,-1.6552255635033757e-6
73.9,-1.0510584921982368e-6,-1.6681093595618208e-6
73.91,-1.0741357804847157e-6,-1.6807773772215214e-6
73.92,-1.09706779889839e-6,-1.6932287901549382e-6
73.93,-1.1198522817255645e-6,-1.705462797933802e-6
73.94,-1.142486982189101e-6,-1.7174786260518474e-6
73.95,-1.1649696726662737e-6,-1.7292755259441304e-6
73.96,-1.1872981449013912e-6,-1.7408527750042255e-6
73.97,-1.2094702102198956e-6,-1.752209676597643e-6
73.98,-1.2314836997358269e-6,-1.7633455600734505e-6
73.99,-1.2533364645608947e-6,-1.774259780771546e-6
74.0,-1.2750263760083077e-6,-1.784951720028717e-6
74.01,-1.2965513257952038e-6,-1.7954207851801469e-6
74.02,-1.3179092262418371e-6,-1.8056664095595444e-6
74.03,-1.3390980104703146e-6,-1.8156880524951654e-6
74.04,-1.3601156325978518e-6,-1.825485199303787e-6
74.05,-1.3809600679293723e-6,-1.8350573612812999e-6
74.06,-1.4016293131476094e-6,-1.8444040756914454e-6
74.07,-1.422121386499987e-6,-1.8535249057501658e-6
74.08,-1.4424343279825293e-6,-1.8624194406081901e-6
74.09,-1.462566199522163e-6,-1.87108729533058e-6
74.1,-1.4825150851563921e-6,-1.8795281108735155e-6
74.11,-1.502279091208628e-6,-1.8877415540583497e-6
74.12,-1.5218563464632953e-6,-1.895727317542445e-6
74.13,-1.5412450023367605e-6,-1.9034851197870196e-6
74.14,-1.5604432330452078e-6,-1.91101470502432e-6
74.15,-1.5794492357715812e-6,-1.918315843218577e-6
74.16,-1.598261230827758e-6,-1.9253883300273617e-6
74.17,-1.6168774618156616e-6,-1.932231986758095e-6
74.18,-1.6352961957844108e-6,-1.9388466603232356e-6
74.19,-1.6535157233853721e-6,-1.945232223191593e-6
74.2,-1.6715343590246972e-6,-1.951388573338497e-6
74.21,-1.6893504410117869e-6,-1.9573156341905037e-6
74.22,-1.7069623317068977e-6,-1.963013354571142e-6
74.23,-1.7243684176639206e-6,-1.9684817086408986e-6
74.24,-1.7415671097716711e-6,-1.9737206958366327e-6
74.25,-1.7585568433922381e-6,-1.978730340805588e-6
74.26,-1.775336078496013e-6,-1.98351069334086e-6
74.27,-1.7919032997940849e-6,-1.9880618283105236e-6
74.28,-1.808257016867571e-6,-1.9923838455865084e-6
74.29,-1.8243957642943392e-6,-1.996476869969518e-6
74.3,-1.8403181017733564e-6,-2.000341051111772e-6
74.31,-1.8560226142448236e-6,-2.0039765634379126e-6
74.32,-1.871507912008502e-6,-2.007383606062493e-6
74.33,-1.8867726308381943e-6,-2.0105624027051507e-6
74.34,-1.9018154320955123e-6,-2.013513201603328e-6
74.35,-1.916635002836869e-6,-2.0162362754226494e-6
74.36,-1.9312300559216766e-6,-2.0187319211648503e-6
74.37,-1.9455993301146548e-6,-2.0210004600728044e-6
74.38,-1.959741590186152e-6,-2.0230422375333946e-6
74.39,-1.9736556270103752e-6,-2.0248576229786755e-6
74.4,-1.987340257659322e-6,-2.0264470097827867e-6
74.41,-2.000794325494412e-6,-2.027810815158458e-6
74.42,-2.0140167002541155e-6,-2.0289494800503405e-6
74.43,-2.027006278142133e-6,-2.029863469024748e-6
74.44,-2.03976198190668e-6,-2.0305532701603478e-6
74.45,-2.0522827609223583e-6,-2.0310193949321195e-6
74.46,-2.0645675912657324e-6,-2.031262378097375e-6
74.47,-2.076615475789364e-6,-2.0312827775758414e-6
74.48,-2.0884254441921263e-6,-2.0310811743302463e-6
74.49,-2.099996553087007e-6,-2.0306581722427696e-6
74.5,-2.1113278860653856e-6,-2.0300143979903014e-6
74.51,-2.122418553758924e-6,-2.029150500917246e-6
74.52,-2.1332676938981776e-6,-2.0280671529057492e-6
74.53,-2.143874471367502e-6,-2.0267650482448807e-6
74.54,-2.1542380782585444e-6,-2.0252449034955495e-6
74.55,-2.1643577339190975e-6,-2.023507457356111e-6
74.56,-2.1742326849992366e-6,-2.0215534705235327e-6
74.57,-2.1838622054959674e-6,-2.019383725553101e-6
74.58,-2.19324559679281e-6,-2.0169990267172925e-6
74.59,-2.2023821876969655e-6,-2.0144001998604513e-6
74.6,-2.211271334474665e-6,-2.0115880922534665e-6
74.61,-2.219912420881909e-6,-2.008563572444931e-6
74.62,-2.2283048581927296e-6,-2.0053275301115896e-6
74.63,-2.2364480852251428e-6,-2.00188087590539e-6
74.64,-2.2443415683629086e-6,-1.9982245413001463e-6
74.65,-2.2519848015748262e-6,-1.9943594784353433e-6
74.66,-2.2593773064318563e-6,-1.990286659957993e-6
74.67,-2.2665186321196003e-6,-1.9860070788628654e-6
74.68,-2.273408355448572e-6,-1.981521748331315e-6
74.69,-2.2800460808616003e-6,-1.976831701567745e-6
74.7,-2.2864314404391586e-6,-1.9719379916334993e-6
74.71,-2.292564093898293e-6,-1.9668416912811845e-6
74.72,-2.2984437285939388e-6,-1.9615438927849926e-6
74.73,-2.304070059511572e-6,-1.9560457077704784e-6
74.74,-2.3094428292610586e-6,-1.95034826704213e-6
74.75,-2.314561808065472e-6,-1.944452720409887e-6
74.76,-2.3194267937475895e-6,-1.938360236512865e-6
74.77,-2.324037611713061e-6,-1.9320720026431817e-6
74.78,-2.328394114931574e-6,-1.925589224565678e-6
74.79,-2.3324961839129117e-6,-1.918913126338764e-6
74.8,-2.3363437266839317e-6,-1.912044950132083e-6
74.81,-2.3399366787569918e-6,-1.9049859560423413e-6
74.82,-2.343275003101408e-6,-1.8977374219090332e-6
74.83,-2.346358690107267e-6,-1.8903006431275302e-6
74.84,-2.349187757550147e-6,-1.8826769324607825e-6
74.85,-2.3517622505488754e-6,-1.8748676198506091e-6
74.86,-2.354082241524152e-6,-1.8668740522258327e-6
74.87,-2.3561478301520507e-6,-1.8586975933105605e-6
74.88,-2.3579591433152164e-6,-1.8503396234305792e-6
74.89,-2.3595163350516187e-6,-1.8418015393174149e-6
74.9,-2.360819586499672e-6,-1.8330847539136001e-6
74.91,-2.3618691058405737e-6,-1.82419069617355e-6
74.92,-2.362665128239134e-6,-1.8151208108649027e-6
74.93,-2.363207915779889e-6,-1.8058765583691596e-6
74.94,-2.3634977574013574e-6,-1.7964594144793641e-6
74.95,-2.363534968827794e-6,-1.7868708701977955e-6
74.96,-2.363319892496947e-6,-1.777112431532655e-6
74.97,-2.3628528974866687e-6,-1.767185619292212e-6
74.98,-2.3621343794376464e-6,-1.757091968879378e-6
74.99,-2.361164760472612e-6,-1.746833030084982e-6
75.0,-2.3599444891157305e-6,-1.736410366878456e-6
75.01,-2.35847404020542e-6,-1.7258255571994067e-6
75.02,-2.3567539148075057e-6,-1.7150801927471773e-6
75.03,-2.354784640123784e-6,-1.7041758787694946e-6
75.04,-2.352566769399365e-6,-1.693114233850245e-6
75.05,-2.350100881825966e-6,-1.6818968896962191e-6
75.06,-2.347387582443053e-6,-1.670525490923248e-6
75.07,-2.3444275020369276e-6,-1.6590016948412965e-6
75.08,-2.34122129703635e-6,-1.6473271712382942e-6
75.09,-2.337769649406042e-6,-1.6355036021632476e-6
75.1,-2.3340732665365797e-6,-1.6235326817099088e-6
75.11,-2.3301328811339164e-6,-1.6114161157969695e-6
75.12,-2.325949251103442e-6,-1.5991556219505456e-6
75.13,-2.3215231594342945e-6,-1.586752929082862e-6
75.14,-2.316855414078115e-6,-1.5742097772735382e-6
75.15,-2.3119468478289438e-6,-1.5615279175465143e-6
75.16,-2.3067983181967426e-6,-1.548709111649872e-6
75.17,-2.301410707280968e-6,-1.5357551318328159e-6
75.18,-2.2957849216428675e-6,-1.5226677606224777e-6
75.19,-2.2899218921686964e-6,-1.5094487906004708e-6
75.2,-2.2838225739398416e-6,-1.4961000241787786e-6
75.21,-2.2774879460938435e-6,-1.482623273375476e-6
75.22,-2.2709190116856107e-6,-1.4690203595883962e-6
75.23,-2.2641167975448335e-6,-1.455293113370972e-6
75.24,-2.2570823541330914e-6,-1.4414433742051798e-6
75.25,-2.2498167553960844e-6,-1.4274729902755122e-6
75.26,-2.2423210986166847e-6,-1.4133838182416605e-6
75.27,-2.234596504261007e-6,-1.3991777230118371e-6
75.28,-2.2266441158285177e-6,-1.3848565775147248e-6
75.29,-2.2184650996936088e-6,-1.3704222624720162e-6
75.3,-2.210060644948868e-6,-1.355876666169927e-6
75.31,-2.2014319632446543e-6,-1.3412216842305715e-6
75.32,-2.192580288627313e-6,-1.3264592193837594e-6
75.33,-2.183506877373415e-6,-1.3115911812382076e-6
75.34,-2.174213007824429e-6,-1.2966194860514758e-6
75.35,-2.1646999802177914e-6,-1.281546056501955e-6
75.36,-2.1549691165123515e-6,-1.2663728214596255e-6
75.37,-2.1450217602227285e-6,-1.2511017157547465e-6
75.38,-2.13485927623703e-6,-1.2357346799503743e-6
75.39,-2.124483050642596e-6,-1.2202736601118494e-6
75.4,-2.1138944905468634e-6,-1.204720607577361e-6
75.41,-2.1030950238953753e-6,-1.18907747872843e-6
75.42,-2.0920860992892193e-6,-1.1733462347602098e-6
75.43,-2.0808691857988827e-6,-1.1575288414516372e-6
75.44,-2.0694457727773993e-6,-1.1416272689369417e-6
75.45,-2.0578173696722573e-6,-1.1256434914750864e-6
75.46,-2.045985505832423e-6,-1.10957948722137e-6
75.47,-2.0339517303170948e-6,-1.0934372379980514e-6
75.48,-2.0217176117000364e-6,-1.0772187290653487e-6
75.49,-2.0092847378736056e-6,-1.0609259488931138e-6
75.5,-1.9966547158496304e-6,-1.044560888931887e-6
75.51,-1.9838291715599455e-6,-1.0281255433849258e-6
75.52,-1.9708097496540483e-6,-1.0116219089802505e-6
75.53,-1.957598113295473e-6,-9.950519847428817e-7
75.54,-1.9441959439563707e-6,-9.784177717677015e-7
75.55,-1.9306049412110758e-6,-9.617212729921368e-7
75.56,-1.916826822526062e-6,-9.449644929700712e-7
75.57,-1.902863323050878e-6,-9.281494376450434e-7
75.58,-1.8887161954053383e-6,-9.112781141248587e-7
75.59,-1.8743872094666127e-6,-8.943525304561896e-7
75.6,-1.859878152153471e-6,-8.77374695399851e-7
75.61,-1.8451908272101508e-6,-8.60346618205706e-7
75.62,-1.8303270549880137e-6,-8.432703083896825e-7
75.63,-1.8152886722257743e-6,-8.261477755103434e-7
75.64,-1.8000775318281251e-6,-8.089810289455501e-7
75.65,-1.784695502645163e-6,-7.917720776701575e-7
75.66,-1.7691444692447283e-6,-7.745229300361561e-7
75.67,-1.7534263316905952e-6,-7.572355935497182e-7
75.68,-1.7375430053144177e-6,-7.399120746521487e-7
75.69,-1.7214964204876617e-6,-7.225543784994349e-7
75.7,-1.7052885223923549e-6,-7.051645087442094e-7
75.71,-1.6889212707909796e-6,-6.877444673172995e-7
75.72,-1.6723966397942516e-6,-6.702962542100593e-7
75.73,-1.65571661762773e-6,-6.528218672579854e-7
75.74,-1.6388832063992824e-6,-6.353233019247932e-7
75.75,-1.6218984218613279e-6,-6.178025510876698e-7
75.76,-1.6047642931764366e-6,-6.002616048226379e-7
75.77,-1.5874828626781294e-6,-5.827024501912809e-7
75.78,-1.5700561856336594e-6,-5.651270710287227e-7
75.79,-1.5524863300027443e-6,-5.475374477315339e-7
75.8,-1.534775376198139e-6,-5.299355570475789e-7
75.81,-1.5169254168429707e-6,-5.123233718657888e-7
75.82,-1.4989385565285503e-6,-4.947028610083122e-7
75.83,-1.480816911569536e-6,-4.77075989021438e-7
75.84,-1.462562609761593e-6,-4.594447159701435e-7
75.85,-1.4441777901338937e-6,-4.4181099723197784e-7
75.86,-1.4256646027031696e-6,-4.241767832919346e-7
75.87,-1.407025208227025e-6,-4.0654401953961844e-7
75.88,-1.3882617779556144e-6,-3.8891464606602587e-7
75.89,-1.3693764933829632e-6,-3.7129059746275425e-7
75.9,-1.3503715459974986e-6,-3.536738026214724e-7
75.91,-1.3312491370317386e-6,-3.360661845345275e-7
75.92,-1.3120114772112116e-6,-3.184696600973971e-7
75.93,-1.2926607865029855e-6,-3.0088613991206037e-7
75.94,-1.2731992938639906e-6,-2.833175280905105e-7
75.95,-1.2536292369872153e-6,-2.657657220617668e-7
75.96,-1.2339528620488523e-6,-2.4823261237741617e-7
75.97,-1.2141724234543554e-6,-2.3072008252072674e-7
75.98,-1.194290183583999e-6,-2.1323000871555058e-7
75.99,-1.1743084125370995e-6,-1.957642597373215e-7
76.0,-1.154229387878152e-6,-1.7832469672512935e-7
76.01,-1.1340553943793226e-6,-1.609131729945328e-7
76.02,-1.113788723764848e-6,-1.4353153385301757e-7
76.03,-1.0934316744544913e-6,-1.261816164159613e-7
76.04,-1.0729865513070195e-6,-1.0886524942330645e-7
76.05,-1.0524556653614329e-6,-9.158425305944336e-8
76.06,-1.0318413335802603e-6,-7.434043877287793e-8
76.07,-1.011145878591353e-6,-5.7135609098261474e-8
76.08,-9.90371628430401e-7,-3.997155747903009e-8
76.09,-9.695209162817607e-7,-2.2850068092916978e-8
76.1,-9.485960802200678e-7,-5.772915677251922e-9
76.11,-9.275994629516942e-7,1.125813464319518e-8
76.12,-9.065334115560519e-7,2.8241327527002955e-8
76.13,-8.854002772265953e-7,4.517491758540138e-8
76.14,-8.642024150112126e-7,6.205716955045187e-8
76.15,-8.429421835543968e-7,7.888635844067871e-8
76.16,-8.216219448371694e-7,9.566076972660613e-8
76.17,-8.00244063918225e-7,1.1237869949296944e-7
76.18,-7.788109086759333e-7,1.2903845460100934e-7
76.19,-7.573248495472247e-7,1.4563835284773384e-7
76.2,-7.357882592709929e-7,1.6217672312437306e-7
76.21,-7.14203512629898e-7,1.7865190557400257e-7
76.22,-6.925729861873931e-7,1.9506225174418514e-7
76.23,-6.708990580349204e-7,2.1140612474231694e-7
76.24,-6.491841075302357e-7,2.2768189938695813e-7
76.25,-6.274305150411075e-7,2.4388796235694626e-7
76.26,-6.056406616867657e-7,2.600227123401509e-7
76.27,-5.838169290812931e-7,2.7608456018011255e-7
76.28,-5.619616990755879e-7,2.9207192902027686e-7
76.29,-5.400773535014493e-7,3.0798325444776955e-7
76.3,-5.18166273916334e-7,3.238169846337787e-7
76.31,-4.962308413441011e-7,3.395715804740466e-7
76.32,-4.7427343602339743e-7,3.552455157257056e-7
76.33,-4.5229643714991836e-7,3.708372771438424e-7
76.34,-4.3030222262312164e-7,3.863453646153149e-7
76.35,-4.082931687924222e-7,4.01768291291551e-7
76.36,-3.8627165020232656e-7,4.1710458371833905e-7
76.37,-3.642400393408435e-7,4.3235278196509024e-7
76.38,-3.422007063864847e-7,4.4751143975172474e-7
76.39,-3.201560189570702e-7,4.6257912457329e-7
76.4,-2.9810834185761385e-7,4.775544178236705e-7
76.41,-2.76060036831538e-7,4.924359149161378e-7
76.42,-2.540134623088019e-7,5.072222254035919e-7
76.43,-2.3197097315885766e-7,5.21911973095498e-7
76.44,-2.0993492044184164e-7,5.365037961737168e-7
76.45,-1.8790765115964522e-7,5.509963473064672e-7
76.46,-1.658915080122487e-7,5.653882937598584e-7
76.47,-1.4388882914864212e-7,5.796783175079095e-7
76.48,-1.219019479239765e-7,5.938651153406965e-7
76.49,-9.993319265390165e-8,6.079473989702207e-7
76.5,-7.798488637359958e-8,6.219238951348584e-7
76.51,-5.605934659232949e-8,6.357933457009034e-7
76.52,-3.415888505458406e-8,6.495545077635742e-7
76.53,-1.228580749903898e-8,6.632061537450647e-7
76.54,9.55758658148655e-9,6.767470714904845e-7
76.55,3.136900417786533e-8,6.901760643628457e-7
76.56,5.3146159001848285e-8,7.034919513347931e-7
76.57,7.488677172274263e-8,7.166935670797591e-7
76.58,9.658857020254429e-8,7.297797620594599e-7
76.59,1.1824928972834545e-7,7.427494026115595e-7
76.6,1.3986667324921866e-7,7.556013710326245e-7
76.61,1.6143847160327336e-7,7.683345656618851e-7
76.62,1.8296244375118546e-7,7.809479009610611e-7
76.63,2.0443635700409632e-7,7.934403075927956e-7
76.64,2.2585798725306466e-7,8.058107324972111e-7
76.65,2.4722511919442154e-7,8.18058138966348e-7
76.66,2.685355465558756e-7,8.301815067165173e-7
76.67,2.897870723213963e-7,8.421798319586978e-7
76.68,3.10977508952846e-7,8.540521274668076e-7
76.69,3.321046786132786e-7,8.657974226441529e-7
76.7,3.5316641338507e-7,8.774147635879539e-7
76.71,3.741605554902983e-7,8.889032131509417e-7
76.72,3.9508495750769053e-7,9.002618510025127e-7
76.73,4.159374825883011e-7,9.114897736862704e-7
76.74,4.3671600467078584e-7,9.225860946762595e-7
76.75,4.574184086925602e-7,9.335499444319181e-7
76.76,4.780425908041314e-7,9.44380470448947e-7
76.77,4.985864585760906e-7,9.550768373102365e-7
76.78,5.190479312102804e-7,9.656382267339702e-7
76.79,5.394249397451594e-7,9.760638376190784e-7
76.8,5.597154272613034e-7,9.863528860896165e-7
76.81,5.799173490850318e-7,9.96504605536721e-7
76.82,6.000286729910766e-7,1.0065182466581496e-6
76.83,6.20047379402863e-7,1.0163930774966395e-6
76.84,6.39971461590637e-7,1.0261283834754664e-6
76.85,6.597989258697457e-7,1.0357234674321958e-6
76.86,6.795277917951921e-7,1.0451776496504803e-6
76.87,6.991560923554894e-7,1.0544902678901674e-6
76.88,7.18681874164822e-7,1.0636606774144836e-6
76.89,7.381031976532889e-7,1.072688251016032e-6
76.9,7.574181372553224e-7,1.0815723790403256e-6
76.91,7.766247815962741e-7,1.0903124694075795e-6
76.92,7.957212336775467e-7,1.098907947632194e-6
76.93,8.147056110591661e-7,1.1073582568403653e-6
76.94,8.335760460411896e-7,1.1156628577858651e-6
76.95,8.523306858438432e-7,1.123821228863307e-6
76.96,8.709676927835437e-7,1.1318328661202e-6
76.97,8.894852444496091e-7,1.1396972832660633e-6
76.98,9.078815338776361e-7,1.1474140116802303e-6
76.99,9.261547697209208e-7,1.1549826004174527e-6
77.0,9.443031764209739e-7,1.1624026162114622e-6
77.01,9.623249943746676e-7,1.1696736434764857e-6
77.02,9.8021848010077e-7,1.1767952843072986e-6
77.03,9.979819064033537e-7,1.183767158476274e-6
77.04,1.0156135625341804e-6,1.1905889034293864e-6
77.05,1.0331117543518295e-6,1.1972601742805478e-6
77.06,1.0504748044816016e-6,1.2037806438016184e-6
77.07,1.0677010524679293e-6,1.2101500024146834e-6
77.08,1.0847888549314116e-6,1.2163679581778987e-6
77.09,1.1017365857190393e-6,1.2224342367723888e-6
77.1,1.118542636054463e-6,1.2283485814859658e-6
77.11,1.1352054146842536e-6,1.2341107531955275e-6
77.12,1.1517233480249908e-6,1.2397205303466632e-6
77.13,1.1680948803057168e-6,1.2451777089325405e-6
77.14,1.1843184737097183e-6,1.2504821024695777e-6
77.15,1.200392608510975e-6,1.255633541972892e-6
77.16,1.2163157832165366e-6,1.2606318759274352e-6
77.17,1.2320865146957419e-6,1.2654769702598984e-6
77.18,1.2477033383152919e-6,1.270168708307284e-6
77.19,1.2631648080697573e-6,1.2747069907830896e-6
77.2,1.278469496708314e-6,1.2790917357432385e-6
77.21,1.2936159958628836e-6,1.2833228785489983e-6
77.22,1.3086029161693973e-6,1.2874003718285049e-6
77.23,1.323428887390581e-6,1.2913241854359484e-6
77.24,1.3380925585371062e-6,1.295094306409812e-6
77.25,1.3525925979791831e-6,1.2987107389282716e-6
77.26,1.3669276935669892e-6,1.3021735042640301e-6
77.27,1.3810965527403656e-6,1.305482640735978e-6
77.28,1.3950979026392126e-6,1.3086382036600998e-6
77.29,1.408930490211953e-6,1.311640265298158e-6
77.3,1.4225930823204752e-6,1.314488914804705e-6
77.31,1.436084465844193e-6,1.3171842581722642e-6
77.32,1.4494034477809785e-6,1.319726418175279e-6
77.33,1.4625488553431852e-6,1.3221155343116336e-6
77.34,1.4755195360601313e-6,1.3243517627420387e-6
77.35,1.4883143578653124e-6,1.3264352762298748e-6
77.36,1.5009322091923086e-6,1.3283662640765028e-6
77.37,1.5133719990625978e-6,1.3301449320568894e-6
77.38,1.5256326571728661e-6,1.3317715023531802e-6
77.39,1.5377131339792559e-6,1.3332462134855507e-6
77.4,1.5496124007805924e-6,1.3345693202430195e-6
77.41,1.5613294497972395e-6,1.335741093611046e-6
77.42,1.572863294249045e-6,1.336761820699206e-6
77.43,1.584212968430238e-6,1.3376318046651865e-6
77.44,1.5953775277827896e-6,1.338351364639319e-6
77.45,1.6063560489661052e-6,1.3389208356460217e-6
77.46,1.6171476299258543e-6,1.3393405685240225e-6
77.47,1.6277513899582273e-6,1.3396109298455665e-6
77.48,1.6381664697740603e-6,1.339732301833352e-6
77.49,1.6483920315597204e-6,1.339705082276584e-6
77.5,1.6584272590351239e-6,1.3395296844444176e-6
77.51,1.668271357509444e-6,1.3392065369996319e-6
77.52,1.6779235539354819e-6,1.3387360839090801e-6
77.53,1.687383096960026e-6,1.338118784353694e-6
77.54,1.6966492569732541e-6,1.3373551126365816e-6
77.55,1.7057213261538425e-6,1.3364455580899273e-6
77.56,1.714598618515018e-6,1.3353906249803045e-6
77.57,1.7232804699435446e-6,1.3341908324125237e-6
77.58,1.7317662382407924e-6,1.332846714232103e-6
77.59,1.7400553031582607e-6,1.3313588189264795e-6
77.6,1.7481470664319115e-6,1.3297277095249484e-6
77.61,1.7560409518142994e-6,1.3279539634963194e-6
77.62,1.7637364051046212e-6,1.3260381726462955e-6
77.63,1.7712328941734418e-6,1.3239809430139821e-6
77.64,1.778529908989841e-6,1.3217828947647064e-6
77.65,1.7856269616418625e-6,1.3194446620840833e-6
77.66,1.7925235863570786e-6,1.316966893069553e-6
77.67,1.7992193395193638e-6,1.3143502496205238e-6
77.68,1.805713799683551e-6,1.3115954073281544e-6
77.69,1.8120065675892287e-6,1.3087030553627745e-6
77.7,1.8180972661692955e-6,1.3056738963610455e-6
77.71,1.8239855405588966e-6,1.3025086463109499e-6
77.72,1.8296710580986176e-6,1.29920803443707e-6
77.73,1.8351535083402594e-6,1.2957728030825851e-6
77.74,1.840432603044806e-6,1.292203707592016e-6
77.75,1.8455080761818207e-6,1.2885015161917312e-6
77.76,1.8503796839245741e-6,1.2846670098700492e-6
77.77,1.8550472046435857e-6,1.280700982255212e-6
77.78,1.8595104388974192e-6,1.2766042394932398e-6
77.79,1.8637692094211332e-6,1.2723776001244788e-6
77.8,1.867823361112747e-6,1.2680218949582473e-6
77.81,1.8716727610166304e-6,1.2635379669482192e-6
77.82,1.8753172983049767e-6,1.258926671064904e-6
77.83,1.878756884257151e-6,1.2541888741678155e-6
77.84,1.8819914522363314e-6,1.2493254548772399e-6
77.85,1.8850209576637306e-6,1.2443373034439255e-6
77.86,1.887845377990733e-6,1.2392253216188558e-6
77.87,1.890464712668489e-6,1.2339904225212644e-6
77.88,1.8928789831152806e-6,1.2286335305065298e-6
77.89,1.8950882326824205e-6,1.2231555810316808e-6
77.9,1.8970925266144758e-6,1.2175575205222823e-6
77.91,1.8988919520139915e-6,1.2118403062362564e-6
77.92,1.9004866177952639e-6,1.206004906127857e-6
77.93,1.9018766546428126e-6,1.2000522987114769e-6
77.94,1.9030622149641918e-6,1.1939834729224658e-6
77.95,1.904043472841382e-6,1.1877994279799142e-6
77.96,1.9048206239796261e-6,1.1815011732460567e-6
77.97,1.905393885654837e-6,1.1750897280874305e-6
77.98,1.9057634966573081e-6,1.168566121732454e-6
77.99,1.9059297172349823e-6,1.1619313931308404e-6
78.0,1.9058928290328428e-6,1.155186590810923e-6
78.01,1.9056531350305181e-6,1.148332772736547e-6
78.02,1.9052109594792185e-6,1.1413710061630723e-6
78.03,1.904566647834138e-6,1.13430236749328e-6
78.04,1.9037205666858374e-6,1.1271279421321468e-6
78.05,1.9026731036900032e-6,1.1198488243412153e-6
78.06,1.9014246674937272e-6,1.1124661170920826e-6
78.07,1.8999756876608134e-6,1.104980931919576e-6
78.08,1.8983266145939923e-6,1.097394388774462e-6
78.09,1.896477919456104e-6,1.0897076158750934e-6
78.1,1.894430094087723e-6,1.0819217495587489e-6
78.11,1.8921836509237884e-6,1.074037934133317e-6
78.12,1.889739122908713e-6,1.0660573217263696e-6
78.13,1.8870970634068536e-6,1.0579810721362482e-6
78.14,1.8842580461135926e-6,1.0498103526808194e-6
78.15,1.8812226649647946e-6,1.0415463380465784e-6
78.16,1.8779915340387008e-6,1.0331902101375444e-6
78.17,1.8745652874645772e-6,1.0247431579230864e-6
78.18,1.8709445793211593e-6,1.0162063772854087e-6
78.19,1.8671300835389254e-6,1.0075810708678063e-6
78.2,1.8631224937971319e-6,9.988684479205508e-7
78.21,1.8589225234183288e-6,9.900697241483544e-7
78.22,1.854530905265778e-6,9.811861215565097e-7
78.23,1.8499483916322918e-6,9.722188682968927e-7
78.24,1.8451757541322408e-6,9.631691985135434e-7
78.25,1.840213783588931e-6,9.540383521887398e-7
78.26,1.8350632899209731e-6,9.448275749874811e-7
78.27,1.829725102028054e-6,9.355381181032123e-7
78.28,1.824200067670914e-6,9.261712381019226e-7
78.29,1.8184890533546942e-6,9.167281967673049e-7
78.3,1.8125929442063453e-6,9.072102609449904e-7
78.31,1.8065126438519258e-6,8.976187023867482e-7
78.32,1.8002490742925716e-6,8.879547975946433e-7
78.33,1.7938031757766194e-6,8.782198276652096e-7
78.34,1.7871759066725514e-6,8.684150781329545e-7
78.35,1.7803682433382067e-6,8.5854183881481e-7
78.36,1.7733811799897197e-6,8.486014036529904e-7
78.37,1.7662157285666523e-6,8.38595070559218e-7
78.38,1.7588729185983585e-6,8.28524141258929e-7
78.39,1.7513537970657616e-6,8.183899211334595e-7
78.4,1.743659428263513e-6,8.081937190649214e-7
78.41,1.7357908936595656e-6,7.979368472794435e-7
78.42,1.727749291752976e-6,7.876206211908367e-7
78.43,1.7195357379311022e-6,7.772463592441508e-7
78.44,1.7111513643235947e-6,7.668153827602087e-7
78.45,1.7025973196558777e-6,7.56329015778309e-7
78.46,1.6938747691020887e-6,7.457885849013214e-7
78.47,1.6849848941333643e-6,7.351954191394217e-7
78.48,1.6759288923683334e-6,7.245508497542024e-7
78.49,1.6667079774185045e-6,7.138562101034912e-7
78.5,1.6573233787355453e-6,7.0311283548543e-7
78.51,1.647776341454418e-6,6.923220629837277e-7
78.52,1.6380681262366056e-6,6.814852313123663e-7
78.53,1.6282000091111433e-6,6.706036806610586e-7
78.54,1.6181732813147403e-6,6.596787525407055e-7
78.55,1.607989249129898e-6,6.487117896286582e-7
78.56,1.5976492337238374e-6,6.377041356155644e-7
78.57,1.5871545709800103e-6,6.266571350507276e-7
78.58,1.5765066113375208e-6,6.155721331896575e-7
78.59,1.5657067196209705e-6,6.044504758402643e-7
78.6,1.5547562748737318e-6,5.932935092105482e-7
78.61,1.5436566701877536e-6,5.821025797558726e-7
78.62,1.5324093125332477e-6,5.708790340272642e-7
78.63,1.521015622586829e-6,5.596242185200255e-7
78.64,1.509477034558027e-6,5.483394795217388e-7
78.65,1.4977949960148065e-6,5.370261629626361e-7
78.66,1.4859709677089165e-6,5.25685614264091e-7
78.67,1.4740064233981244e-6,5.143191781894387e-7
78.68,1.461902849668652e-6,5.029281986946133e-7
78.69,1.4496617457572677e-6,4.915140187787818e-7
78.7,1.4372846233698106e-6,4.800779803365185e-7
78.71,1.4247730065012114e-6,4.6862142400901534e-7
78.72,1.4121284312524716e-6,4.5714568903790924e-7
78.73,1.399352445648547e-6,4.456521131172027e-7
78.74,1.386446609452551e-6,4.341420322483661e-7
78.75,1.373412493982979e-6,4.2261678059296777e-7
78.76,1.3602516819256195e-6,4.110776903289754e-7
78.77,1.3469657671472209e-6,3.995260915060879e-7
78.78,1.3335563545068074e-6,3.879633119012498e-7
78.79,1.3200250596689951e-6,3.7639067687564875e-7
78.8,1.3063735089114563e-6,3.6480950923277007e-7
78.81,1.2926033389359e-6,3.532211290753789e-7
78.82,1.2787161966767353e-6,3.4162685366560997e-7
78.83,1.2647137391076504e-6,3.3002799728315505e-7
78.84,1.2505976330503135e-6,3.1842587108618484e-7
78.85,1.236369554978883e-6,3.068217829721593e-7
78.86,1.2220311908266681e-6,2.9521703743955744e-7
78.87,1.2075842357904155e-6,2.8361293544968073e-7
78.88,1.1930303941339864e-6,2.7201077429057154e-7
78.89,1.1783713789926658e-6,2.604118474403514e-7
78.9,1.163608912175045e-6,2.488174444321949e-7
78.91,1.148744723965358e-6,2.3722885072004195e-7
78.92,1.133780552924926e-6,2.2564734754439368e-7
78.93,1.1187181456932302e-6,2.1407421180010953e-7
78.94,1.1035592567879612e-6,2.0251071590383265e-7
78.95,1.0883056484050475e-6,1.909581276631866e-7
78.96,1.0729590902178613e-6,1.794177101466016e-7
78.97,1.0575213591751894e-6,1.6789072155340003e-7
78.98,1.0419942393013954e-6,1.5637841508609886e-7
78.99,1.0263795214917373e-6,1.448820388221584e-7
79.0,1.0106790033121302e-6,1.3340283558742357e-7
79.01,9.948944887943885e-7,1.2194204283051254e-7
79.02,9.79027788233481e-7,1.1050089249830239e-7
79.03,9.630807179848947e-7,9.908061091117952e-8
79.04,9.470551002576272e-7,8.768241864127759e-8
79.05,9.309527629130195e-7,7.630753038957216e-8
79.06,9.147755392578564e-7,6.495715486572876e-8
79.07,8.985252678402144e-7,5.363249466744543e-8
79.08,8.822037922442728e-7,4.233474616206715e-8
79.09,8.65812960884409e-7,3.106509936866205e-8
79.1,8.49354626799796e-7,1.9824737840817412e-8
79.11,8.328306474481265e-7,8.61483855127943e-9
79.12,8.162428845023406e-7,-2.5634282239690608e-9
79.13,7.995932036381538e-7,-1.3708899017447917e-8
79.14,7.828834743345107e-7,-2.4820417284677586e-8
79.15,7.661155696636679e-7,-3.5896833514835774e-8
79.16,7.492913660855404e-7,-4.693700534157244e-8
79.17,7.32412743241189e-7,-5.793979765222855e-8
79.18,7.15481583746361e-7,-6.890408269586317e-8
79.19,6.984997729848824e-7,-7.982874019118071e-8
79.2,6.814691989026393e-7,-9.07126574317992e-8
79.21,6.643917517988676e-7,-1.0155472939084515e-7
79.22,6.472693241243961e-7,-1.1235385882649673e-7
79.23,6.301038102704623e-7,-1.2310895638225455e-7
79.24,6.128971063652987e-7,-1.3381894068972486e-7
79.25,5.956511100670098e-7,-1.4448273846873132e-7
79.26,5.783677203580627e-7,-1.5509928462578636e-7
79.27,5.610488373396396e-7,-1.6566752235279143e-7
79.28,5.436963620256114e-7,-1.7618640322323502e-7
79.29,5.263121961371071e-7,-1.86654887287525e-7
79.3,5.088982418992305e-7,-1.970719431677823e-7
79.31,4.914564018328984e-7,-2.0743654815024e-7
79.32,4.7398857855319267e-7,-2.1774768827773144e-7
79.33,4.5649667456390016e-7,-2.2800435843969097e-7
79.34,4.3898259205350613e-7,-2.382055624617875e-7
79.35,4.214482326922569e-7,-2.483503131939669e-7
79.36,4.0389549742821267e-7,-2.5843763259750267e-7
79.37,3.8632628628491263e-7,-2.684665518300977e-7
79.38,3.6874249815875776e-7,-2.784361113305047e-7
79.39,3.5114603061732144e-7,-2.8834536090157505e-7
79.4,3.3353877969716574e-7,-2.9819335979213167e-7
79.41,3.1592263970380807e-7,-3.0797917677694887e-7
79.42,2.982995030099262e-7,-3.177018902361964e-7
79.43,2.806712598562571e-7,-3.2736058823384293e-7
79.44,2.6303979815206996e-7,-3.3695436859324824e-7
79.45,2.4540700327566577e-7,-3.4648233897311245e-7
79.46,2.2777475787637616e-7,-3.559436169414699e-7
79.47,2.1014494167667536e-7,-3.653373300477679e-7
79.48,1.9251943127539355e-7,-3.7466261589462276e-7
79.49,1.7490009995034386e-7,-3.839186222078229e-7
79.5,1.5728881746398403e-7,-3.9310450690486167e-7
79.51,1.396874498660878e-7,-4.0221943816222506e-7
79.52,1.2209785930133107e-7,-4.1126259448115016e-7
79.53,1.045219038145355e-7,-4.2023316475287003e-7
79.54,8.696143715763966e-8,-4.2913034832160456e-7
79.55,6.941830859797249e-8,-4.3795335504577495e-7
79.56,5.1894362726030497e-8,-4.4670140536008245e-7
79.57,3.4391439265912135e-8,-4.5537373033328016e-7
79.58,1.6911372884012173e-8,-4.6396957172715515e-7
79.59,-5.440069997442586e-10,-4.724881820513635e-7
79.6,-1.797287639756593e-8,-4.80928824621224e-7
79.61,-3.537341694487117e-8,-4.892907736089548e-7
79.62,-5.274381608416086e-8,-4.975733140972227e-7
79.63,-7.00822672512883e-8,-5.057757421298923e-7
79.64,-8.738697006038249e-8,-5.1389736476193e-7
79.65,-1.0465613048640133e-7,-5.219375001070901e-7
79.66,-1.2188796104877483e-7,-5.298954773854888e-7
79.67,-1.390806809926767e-7,-5.377706369683443e-7
79.68,-1.5623251646927381e-7,-5.455623304231167e-7
79.69,-1.7334170071626487e-7,-5.532699205545076e-7
79.7,-1.9040647423600613e-7,-5.608927814476475e-7
79.71,-2.0742508497237562e-7,-5.684302985068529e-7
79.72,-2.243957884877254e-7,-5.758818684950246e-7
79.73,-2.4131684813961755e-7,-5.832468995694731e-7
79.74,-2.581865352525779e-7,-5.905248113192884e-7
79.75,-2.7500312929255897e-7,-5.977150347985356e-7
79.76,-2.917649180394259e-7,-6.048170125598533e-7
79.77,-3.0847019775696045e-7,-6.118301986855316e-7
79.78,-3.2511727336212474e-7,-6.187540588185692e-7
79.79,-3.417044585949887e-7,-6.255880701904618e-7
79.8,-3.582300761843199e-7,-6.32331721649292e-7
79.81,-3.7469245801498713e-7,-6.389845136856041e-7
79.82,-3.910899452915459e-7,-6.455459584569772e-7
79.83,-4.0742088870310423e-7,-6.520155798112489e-7
79.84,-4.236836485837597e-7,-6.583929133084847e-7
79.85,-4.3987659507556686e-7,-6.646775062414546e-7
79.86,-4.5599810828687717e-7,-6.708689176546388e-7
79.87,-4.720465784505995e-7,-6.769667183618208e-7
79.88,-4.880204060822509e-7,-6.829704909627945e-7
79.89,-5.039180021345765e-7,-6.888798298580373e-7
79.9,-5.197377881526826e-7,-6.946943412622762e-7
79.91,-5.354781964256483e-7,-7.00413643216766e-7
79.92,-5.511376701402814e-7,-7.060373655999567e-7
79.93,-5.667146635282649e-7,-7.115651501370407e-7
79.94,-5.822076420177974e-7,-7.169966504082499e-7
79.95,-5.976150823785018e-7,-7.223315318549888e-7
79.96,-6.129354728685414e-7,-7.275694717860016e-7
79.97,-6.28167313379746e-7,-7.327101593802013e-7
79.98,-6.433091155773319e-7,-7.377532956907623e-7
79.99,-6.58359403044474e-7,-7.42698593645175e-7
80.0,-6.733167114214996e-7,-7.475457780455298e-7
80.01,-6.881795885431091e-7,-7.522945855672462e-7
80.02,-7.029465945761028e-7,-7.569447647564404e-7
80.03,-7.176163021545169e-7,-7.61496076025405e-7
80.04,-7.32187296513755e-7,-7.659482916471272e-7
80.05,-7.466581756220179e-7,-7.703011957488494e-7
80.06,-7.610275503106412e-7,-7.745545843046552e-7
80.07,-7.752940444055989e-7,-7.787082651236416e-7
80.08,-7.894562948516871e-7,-7.827620578419729e-7
80.09,-8.035129518404771e-7,-7.867157939091761e-7
80.1,-8.174626789331777e-7,-7.905693165751765e-7
80.11,-8.313041531848869e-7,-7.943224808756742e-7
80.12,-8.450360652635378e-7,-7.97975153616177e-7
80.13,-8.586571195710218e-7,-8.01527213354602e-7
80.14,-8.721660343588904e-7,-8.049785503828483e-7
80.15,-8.855615418477346e-7,-8.083290667066828e-7
80.16,-8.988423883358669e-7,-8.115786760251578e-7
80.17,-9.120073343172053e-7,-8.147273037077905e-7
80.18,-9.250551545899656e-7,-8.17774886770842e-7
80.19,-9.379846383651354e-7,-8.207213738528354e-7
80.2,-9.507945893755727e-7,-8.235667251877905e-7
80.21,-9.634838259804945e-7,-8.263109125784671e-7
80.22,-9.760511812698743e-7,-8.289539193671824e-7
80.23,-9.88495503166348e-7,-8.314957404062985e-7
80.24,-1.0008156545270466e-6,-8.339363820263333e-7
80.25,-1.0130105132400002e-6,-8.362758620049846e-7
80.26,-1.0250789723229547e-6,-8.385142095324106e-7
80.27,-1.037019940018171e-6,-8.4065146517677e-7
80.28,-1.048832339885141e-6,-8.426876808483216e-7
80.29,-1.0605151108928646e-6,-8.44622919762501e-7
80.3,-1.0720672075095812e-6,-8.464572564010354e-7
80.31,-1.0834875997901484e-6,-8.481907764730037e-7
80.32,-1.0947752734630266e-6,-8.498235768735621e-7
80.33,-1.105929230015097e-6,-8.513557656428332e-7
80.34,-1.1169484867709094e-6,-8.527874619219234e-7
80.35,-1.1278320769785377e-6,-8.541187959098955e-7
80.36,-1.138579049884567e-6,-8.553499088172972e-7
80.37,-1.1491884708123106e-6,-8.564809528207386e-7
80.38,-1.1596594212372026e-6,-8.575120910147624e-7
80.39,-1.1699909988599123e-6,-8.584434973634312e-7
80.4,-1.1801823176776713e-6,-8.592753566502425e-7
80.41,-1.1902325080541619e-6,-8.600078644277829e-7
80.42,-1.200140716787064e-6,-8.606412269652125e-7
80.43,-1.2099061071740437e-6,-8.611756611957927e-7
80.44,-1.2195278590759525e-6,-8.616113946623081e-7
80.45,-1.2290051689808312e-6,-8.6194866546184e-7
80.46,-1.2383372500620256e-6,-8.621877221903213e-7
80.47,-1.2475233322378088e-6,-8.623288238842131e-7
80.48,-1.2565626622271158e-6,-8.623722399630876e-7
80.49,-1.265454503604621e-6,-8.623182501697765e-7
80.5,-1.274198136853287e-6,-8.621671445101856e-7
80.51,-1.2827928594147584e-6,-8.619192231919686e-7
80.52,-1.291237985738311e-6,-8.615747965623104e-7
80.53,-1.2995328473291011e-6,-8.61134185044462e-7
80.54,-1.3076767927900535e-6,-8.605977190730591e-7
80.55,-1.3156691878686716e-6,-8.599657390297523e-7
80.56,-1.323509415495729e-6,-8.592385951761618e-7
80.57,-1.3311968758257337e-6,-8.584166475871822e-7
80.58,-1.3387309862739077e-6,-8.5750026608241e-7
80.59,-1.3461111815519884e-6,-8.564898301576649e-7
80.6,-1.3533369137011665e-6,-8.553857289146946e-7
80.61,-1.3604076521249608e-6,-8.541883609901136e-7
80.62,-1.3673228836167062e-6,-8.528981344844198e-7
80.63,-1.3740821123903755e-6,-8.51515466888165e-7
80.64,-1.3806848601043853e-6,-8.50040785009756e-7
80.65,-1.3871306658859405e-6,-8.484745248999645e-7
80.66,-1.3934190863534269e-6,-8.468171317774652e-7
80.67,-1.3995496956366578e-6,-8.450690599522781e-7
80.68,-1.4055220853948303e-6,-8.432307727491414e-7
80.69,-1.4113358648328358e-6,-8.413027424296802e-7
80.7,-1.41699066071604e-6,-8.392854501140192e-7
80.71,-1.4224861173823378e-6,-8.371793857005134e-7
80.72,-1.427821896753523e-6,-8.349850477877624e-7
80.73,-1.4329976783432016e-6,-8.327029435914256e-7
80.74,-1.4380131592636327e-6,-8.303335888638555e-7
80.75,-1.4428680542311338e-6,-8.278775078112617e-7
80.76,-1.4475620955691724e-6,-8.253352330105512e-7
80.77,-1.4520950332084808e-6,-8.227073053257735e-7
80.78,-1.4564666346871837e-6,-8.199942738231811e-7
80.79,-1.4606766851479759e-6,-8.171966956860524e-7
80.8,-1.4647249873333554e-6,-8.143151361284774e-7
80.81,-1.4686113615793617e-6,-8.113501683088745e-7
80.82,-1.472335645807325e-6,-8.083023732429302e-7
80.83,-1.4758976955124947e-6,-8.051723397150415e-7
80.84,-1.4792973837538569e-6,-8.019606641897537e-7
80.85,-1.4825346011392815e-6,-7.986679507226999e-7
80.86,-1.4856092558092168e-6,-7.95294810870483e-7
80.87,-1.4885212734200064e-6,-7.918418635999663e-7
80.88,-1.491270597123316e-6,-7.883097351977491e-7
80.89,-1.493857187545625e-6,-7.846990591777609e-7
80.9,-1.4962810227655862e-6,-7.810104761889552e-7
80.91,-1.4985420982860462e-6,-7.772446339231222e-7
80.92,-1.5006404270108743e-6,-7.734021870209331e-7
80.93,-1.5025760392140683e-6,-7.694837969777785e-7
80.94,-1.504348982509777e-6,-7.654901320498775e-7
80.95,-1.5059593218198942e-6,-7.61421867158487e-7
80.96,-1.5074071393398719e-6,-7.572796837953144e-7
80.97,-1.5086925345027052e-6,-7.530642699256499e-7
80.98,-1.50981562394182e-6,-7.487763198923224e-7
80.99,-1.5107765414506327e-6,-7.444165343186661e-7
81.0,-1.5115754379409318e-6,-7.399856200112492e-7
81.01,-1.5122124814018315e-6,-7.354842898614639e-7
81.02,-1.5126878568526656e-6,-7.309132627481862e-7
81.03,-1.5130017662973276e-6,-7.26273263437822e-7
81.04,-1.5131544286757574e-6,-7.215650224864753e-7
81.05,-1.5131460798143075e-6,-7.167892761395198e-7
81.06,-1.5129769723728104e-6,-7.119467662321744e-7
81.07,-1.512647375792156e-6,-7.070382400891156e-7
81.08,-1.5121575762383495e-6,-7.020644504239087e-7
81.09,-1.5115078765459994e-6,-6.97026155237792e-7
81.1,-1.510698596158502e-6,-6.919241177189706e-7
81.11,-1.5097300710688482e-6,-6.867591061404912e-7
81.12,-1.5086026537575776e-6,-6.815318937583519e-7
81.13,-1.5073167131278636e-6,-6.762432587096116e-7
81.14,-1.5058726344412983e-6,-6.708939839098089e-7
81.15,-1.5042708192499836e-6,-6.654848569499803e-7
81.16,-1.5025116853286752e-6,-6.600166699938682e-7
81.17,-1.5005956666034104e-6,-6.544902196745959e-7
81.18,-1.4985232130808473e-6,-6.489063069913168e-7
81.19,-1.4962947907730987e-6,-6.4326573720531e-7
81.2,-1.4939108816238503e-6,-6.375693197359423e-7
81.21,-1.4913719834310133e-6,-6.318178680572106e-7
81.22,-1.48867860976871e-6,-6.260121995926184e-7
81.23,-1.4858312899067442e-6,-6.2015313561126e-7
81.24,-1.482830568729715e-6,-6.142415011232582e-7
81.25,-1.479677006654028e-6,-6.082781247744802e-7
81.26,-1.4763711795424123e-6,-6.022638387419808e-7
81.27,-1.4729136786192827e-6,-5.961994786295613e-7
81.28,-1.4693051103816478e-6,-5.900858833615342e-7
81.29,-1.4655460965110945e-6,-5.839238950781785e-7
81.3,-1.4616372737828885e-6,-5.777143590303034e-7
81.31,-1.457579293973242e-6,-5.71458123474131e-7
81.32,-1.453372823767278e-6,-5.651560395656707e-7
81.33,-1.4490185446621032e-6,-5.588089612547386e-7
81.34,-1.4445171528721238e-6,-5.524177451806277e-7
81.35,-1.4398693592301224e-6,-5.459832505653953e-7
81.36,-1.435075889088037e-6,-5.39506339109274e-7
81.37,-1.4301374822174061e-6,-5.329878748844496e-7
81.38,-1.4250548927055636e-6,-5.264287242298556e-7
81.39,-1.4198288888537056e-6,-5.198297556455975e-7
81.4,-1.414460253071239e-6,-5.131918396876076e-7
81.41,-1.408949781769721e-6,-5.065158488622656e-7
81.42,-1.403298285255804e-6,-4.998026575209886e-7
81.43,-1.3975065876220735e-6,-4.930531417546041e-7
81.44,-1.3915755266369492e-6,-4.862681792889681e-7
81.45,-1.3855059536336742e-6,-4.794486493793012e-7
81.46,-1.3792987333969095e-6,-4.7259543270522394e-7
81.47,-1.372954744049199e-6,-4.6570941126646035e-7
81.48,-1.3664748769361146e-6,-4.587914682772343e-7
81.49,-1.3598600365091737e-6,-4.518424880623128e-7
81.5,-1.3531111402085435e-6,-4.4486335595275306e-7
81.51,-1.3462291183443656e-6,-4.3785495818116505e-7
81.52,-1.339214913975235e-6,-4.308181817779636e-7
81.53,-1.332069482790234e-6,-4.237539144673342e-7
81.54,-1.3247937929825916e-6,-4.1666304456351885e-7
81.55,-1.3173888251292093e-6,-4.0954646086761895e-7
81.56,-1.309855572063687e-6,-4.024050525645817e-7
81.57,-1.302195038752762e-6,-3.952397091189918e-7
81.58,-1.294408242167512e-6,-3.880513201739663e-7
81.59,-1.2864962111559705e-6,-3.808407754475231e-7
81.6,-1.2784599863148483e-6,-3.7360896463095725e-7
81.61,-1.2703006198586853e-6,-3.663567772864036e-7
81.62,-1.2620191754881029e-6,-3.590851027456244e-7
81.63,-1.253616728259058e-6,-3.517948300086645e-7
81.64,-1.2450943644489567e-6,-3.4448684764217843e-7
81.65,-1.2364531814211016e-6,-3.371620436801798e-7
81.66,-1.2276942874927481e-6,-3.2982130552170585e-7
81.67,-1.2188188017961015e-6,-3.224655198323086e-7
81.68,-1.209827854142369e-6,-3.150955724440353e-7
81.69,-1.200722584883734e-6,-3.0771234825575523e-7
81.7,-1.1915041447742298e-6,-3.0031673113437175e-7
81.71,-1.182173694830249e-6,-2.9290960381681773e-7
81.72,-1.1727324061899959e-6,-2.8549184781115843e-7
81.73,-1.163181459971067e-6,-2.7806434329941966e-7
81.74,-1.1535220471294443e-6,-2.7062796903983673e-7
81.75,-1.1437553683148204e-6,-2.631836022703603e-7
81.76,-1.13388263372773e-6,-2.557321186122087e-7
81.77,-1.1239050629743258e-6,-2.482743919735537e-7
81.78,-1.11382388492038e-6,-2.4081129445419424e-7
81.79,-1.1036403375457e-6,-2.3334369625038875e-7
81.8,-1.0933556677964551e-6,-2.2587246556045618e-7
81.81,-1.082971131437631e-6,-2.183984684905289e-7
81.82,-1.0724879929043974e-6,-2.109225689610125e-7
81.83,-1.0619075251527334e-6,-2.034456286132326e-7
81.84,-1.0512310095094144e-6,-1.959685067176121e-7
81.85,-1.0404597355228463e-6,-1.8849206008025065e-7
81.86,-1.0295950008092169e-6,-1.810171429528193e-7
81.87,-1.0186381109032353e-6,-1.735446069407734e-7
81.88,-1.0075903791041309e-6,-1.6607530091325437e-7
81.89,-9.964531263231375e-7,-1.5861007091290255e-7
81.9,-9.852276809303437e-7,-1.5114976006665183e-7
81.91,-9.739153785994954e-7,-1.4369520849753744e-7
81.92,-9.625175621539796e-7,-1.3624725323566345e-7
81.93,-9.510355814116786e-7,-1.2880672813140852e-7
81.94,-9.394707930296177e-7,-1.21374463767902e-7
81.95,-9.278245603459878e-7,-1.139512873753764e-7
81.96,-9.160982532259245e-7,-1.0653802274505673e-7
81.97,-9.042932479026339e-7,-9.913549014379516e-8
81.98,-8.924109268206832e-7,-9.174450623003667e-8
81.99,-8.804526784775053e-7,-8.436588397044733e-8
82.0,-8.68419897265799e-7,-7.70004325557979e-8
82.01,-8.563139833139168e-7,-6.964895731904492e-8
82.02,-8.441363423272331e-7,-6.231225965380608e-8
82.03,-8.318883854290265e-7,-5.499113693242106e-8
82.04,-8.195715289998867e-7,-4.768638242638936e-8
82.05,-8.071871945183588e-7,-4.0398785226121915e-8
82.06,-7.947368084006441e-7,-3.312913016139762e-8
82.07,-7.822218018389797e-7,-2.587819772463276e-8
82.08,-7.696436106418928e-7,-1.8646763991322514e-8
82.09,-7.570036750725812e-7,-1.1435600544497313e-8
82.1,-7.443034396873241e-7,-4.245474397837984e-9
82.11,-7.315443531744624e-7,2.922852079503104e-9
82.12,-7.187278681926931e-7,1.0068621237996466e-8
82.13,-7.058554412083563e-7,1.7191080220635014e-8
82.14,-6.92928532334427e-7,2.4289481037838114e-8
82.15,-6.799486051672568e-7,3.1363080638207364e-8
82.16,-6.669171266256799e-7,3.8411140981458205e-8
82.17,-6.538355667872165e-7,4.543292910861054e-8
82.18,-6.407053987266946e-7,5.242771721237477e-8
82.19,-6.275280983526798e-7,5.939478270664344e-8
82.2,-6.14305144246877e-7,6.633340829490442e-8
82.21,-6.010380174968731e-7,7.32428820370188e-8
82.22,-5.877282015413225e-7,8.01224974188855e-8
82.23,-5.743771820000562e-7,8.697155341563794e-8
82.24,-5.609864465148356e-7,9.37893545584119e-8
82.25,-5.47557484586526e-7,1.0057521099890965e-7
82.26,-5.340917874126325e-7,1.073284385725308e-7
82.27,-5.205908477244644e-7,1.1404835886166752e-7
82.28,-5.070561596252954e-7,1.2073429925762507e-7
82.29,-4.934892184279126e-7,1.273855930216007e-7
82.3,-4.798915204931092e-7,1.340015793457596e-7
82.31,-4.662645630670444e-7,1.4058160341119542e-7
82.32,-4.526098441204552e-7,1.471250164487863e-7
82.33,-4.389288621860615e-7,1.5363117579486144e-7
82.34,-4.2522311619811144e-7,1.6009944494946102e-7
82.35,-4.1149410533075033e-7,1.665291936317419e-7
82.36,-3.977433288375076e-7,1.7291979783556975e-7
82.37,-3.839722858903138e-7,1.7927063988350294e-7
82.38,-3.7018247541931686e-7,1.8558110848050265e-7
82.39,-3.563753959532505e-7,1.9185059876626265e-7
82.4,-3.4255254545839647e-7,1.9807851236709533e-7
82.41,-3.287154211810972e-7,2.0426425744640014e-7
82.42,-3.1486551948632853e-7,2.1040724875491058e-7
82.43,-3.0100433570069023e-7,2.1650690767918059e-7
82.44,-2.871333639534065e-7,2.2256266229054093e-7
82.45,-2.7325409701825814e-7,2.2857394739103095e-7
82.46,-2.5936802615603677e-7,2.345402045610549e-7
82.47,-2.454766409574604e-7,2.404608822035359e-7
82.48,-2.3158142918589293e-7,2.4633543558904665e-7
82.49,-2.1768387662183508e-7,2.5216332689930165e-7
82.5,-2.0378546690700584e-7,2.579440252697111e-7
82.51,-1.8988768138746847e-7,2.6367700683076746e-7
82.52,-1.7599199896100853e-7,2.6936175474944346e-7
82.53,-1.6209989592144095e-7,2.749977592685652e-7
82.54,-1.4821284580490222e-7,2.8058451774577954e-7
82.55,-1.3433231923661766e-7,2.8612153469198857e-7
82.56,-1.2045978377839156e-7,2.916083218075441e-7
82.57,-1.0659670377654995e-7,2.9704439801960435e-7
82.58,-9.274454020986004e-8,3.024292895161276e-7
82.59,-7.890475053960995e-8,3.0776252978133645e-7
82.6,-6.5078788557504e-8,3.130436596276053e-7
82.61,-5.1268104237497814e-8,3.1827222722916644e-7
82.62,-3.74741435867457e-8,3.2344778815282965e-7
82.63,-2.3698348496272795e-8,3.285699053889899e-7
82.64,-9.9421565941961e-9,3.336381493806924e-7
82.65,3.7929989020472895e-9,3.386520980525312e-7
82.66,1.7505689331221763e-8,3.4361133683829185e-7
82.67,3.119449073352342e-8,3.485154587079499e-7
82.68,4.4857983998858814e-8,3.533640641925224e-7
82.69,5.849475500411302e-8,3.581567614105673e-7
82.7,7.210339476331839e-8,3.628931660903542e-7
82.71,8.568249956600875e-8,3.6757290159418815e-7
82.72,9.923067112068864e-8,3.7219559893930954e-7
82.73,1.1274651669487693e-7,3.767608968198903e-7
82.74,1.2622864925567203e-7,3.8126844162659255e-7
82.75,1.396756876091326e-7,3.8571788746589046e-7
82.76,1.5308625653753854e-7,3.901088961784246e-7
82.77,1.664589869387765e-7,3.944411373561947e-7
82.78,1.7979251596081135e-7,3.9871428835834543e-7
82.79,1.9308548713940805e-7,4.029280343281496e-7
82.8,2.0633655053147012e-7,4.0708206820558247e-7
82.81,2.1954436285007442e-7,4.111760907419692e-7
82.82,2.3270758759654678e-7,4.1520981051217295e-7
82.83,2.4582489519297563e-7,4.191829439264702e-7
82.84,2.5889496311318654e-7,4.230952152409042e-7
82.85,2.7191647601328967e-7,4.269463565670404e-7
82.86,2.848881258596006e-7,4.30736107881438e-7
82.87,2.978086120583562e-7,4.344642170328916e-7
82.88,3.106766415815023e-7,4.3813043974898907e-7
82.89,3.2349092909395467e-7,4.417345396433858e-7
82.9,3.362501970770293e-7,4.452762882197926e-7
82.91,3.4895317595493514e-7,4.487554648766028e-7
82.92,3.6159860421512416e-7,4.521718569100983e-7
82.93,3.7418522853194674e-7,4.5552525951651567e-7
82.94,3.8671180388700975e-7,4.5881547579381903e-7
82.95,3.991770936892115e-7,4.620423167416385e-7
82.96,4.115798698921054e-7,4.6520560126152354e-7
82.97,4.2391891311364877e-7,4.6830515615495017e-7
82.98,4.361930127501672e-7,4.713408161212163e-7
82.99,4.4840096709373444e-7,4.7431242375453824e-7
83.0,4.605415834453515e-7,4.772198295394095e-7
83.01,4.726136782275719e-7,4.800628918461469e-7
83.02,4.84616077097424e-7,4.828414769246456e-7
83.03,4.965476150555418e-7,4.855554588981834e-7
83.04,5.084071365579206e-7,4.88204719754328e-7
83.05,5.2019349562126e-7,4.907891493379069e-7
83.06,5.319055559336962e-7,4.933086453406973e-7
83.07,5.435421909561354e-7,4.957631132913342e-7
83.08,5.551022840307527e-7,4.981524665442369e-7
83.09,5.665847284834504e-7,5.004766262665278e-7
83.1,5.779884277241354e-7,5.02735521426605e-7
83.11,5.893122953505707e-7,5.049290887790688e-7
83.12,6.005552552454679e-7,5.070572728504372e-7
83.13,6.117162416769028e-7,5.091200259235376e-7
83.14,6.227941993936829e-7,5.111173080208523e-7
83.15,6.337880837231671e-7,5.130490868877919e-7
83.16,6.44696860663479e-7,5.149153379737606e-7
83.17,6.555195069788222e-7,5.167160444139803e-7
83.18,6.662550102903481e-7,5.184511970088766e-7
83.19,6.769023691671589e-7,5.201207942039159e-7
83.2,6.874605932154792e-7,5.21724842068089e-7
83.21,6.979287031665101e-7,5.232633542713816e-7
83.22,7.083057309630903e-7,5.247363520617249e-7
83.23,7.185907198461613e-7,5.261438642408973e-7
83.24,7.287827244355534e-7,5.274859271403298e-7
83.25,7.388808108176358e-7,5.287625845944508e-7
83.26,7.488840566209258e-7,5.299738879153444e-7
83.27,7.587915511003181e-7,5.311198958650987e-7
83.28,7.686023952130656e-7,5.322006746277852e-7
83.29,7.783157016969e-7,5.33216297780964e-7
83.3,7.879305951456127e-7,5.341668462657155e-7
83.31,7.974462120832956e-7,5.350524083568337e-7
83.32,8.068617010370615e-7,5.358730796314323e-7
83.33,8.161762226081015e-7,5.366289629373022e-7
83.34,8.253889495444074e-7,5.373201683598321e-7
83.35,8.344990668045239e-7,5.379468131893749e-7
83.36,8.435057716300164e-7,5.385090218865965e-7
83.37,8.524082736077037e-7,5.39006926047735e-7
83.38,8.612057947356584e-7,5.394406643693007e-7
83.39,8.698975694858422e-7,5.398103826114263e-7
83.4,8.784828448654336e-7,5.401162335608934e-7
83.41,8.86960880476934e-7,5.403583769936944e-7
83.42,8.953309485769802e-7,5.405369796361809e-7
83.43,9.035923341333321e-7,5.406522151259352e-7
83.44,9.117443348804609e-7,5.407042639729003e-7
83.45,9.197862613742162e-7,5.406933135166255e-7
83.46,9.277174370443759e-7,5.406195578874331e-7
83.47,9.35537198245614e-7,5.404831979632066e-7
83.48,9.432448943076472e-7,5.402844413271954e-7
83.49,9.508398875837937e-7,5.400235022243942e-7
83.5,9.583215534976138e-7,5.397006015181286e-7
83.51,9.656892805884154e-7,5.393159666454331e-7
83.52,9.729424705551915e-7,5.388698315715066e-7
83.53,9.800805382981762e-7,5.383624367442212e-7
83.54,9.871029119621726e-7,5.377940290476076e-7
83.55,9.94009032973101e-7,5.371648617546309e-7
83.56,1.0007983560784304e-6,5.36475194479693e-7
83.57,1.0074703493817448e-6,5.357252931302592e-7
83.58,1.0140244943790636e-6,5.349154298577397e-7
83.59,1.0204602859918623e-6,5.340458830085284e-7
83.6,1.0267772325989392e-6,5.33116937073346e-7
83.61,1.0329748560673124e-6,5.321288826368929e-7
83.62,1.039052691780635e-6,5.310820163265203e-7
83.63,1.0450102886677578e-6,5.29976640760492e-7
83.64,1.0508472092275222e-6,5.28813064495663e-7
83.65,1.0565630295541313e-6,5.275916019745176e-7
83.66,1.0621573393599663e-6,5.263125734716336e-7
83.67,1.067629741996858e-6,5.249763050398686e-7
83.68,1.072979854476209e-6,5.235831284559621e-7
83.69,1.0782073074881034e-6,5.221333811651559e-7
83.7,1.0833117454170128e-6,5.206274062259688e-7
83.71,1.0882928263595507e-6,5.190655522541377e-7
83.72,1.093150222135647e-6,5.17448173365915e-7
83.73,1.0978836183036242e-6,5.157756291211583e-7
83.74,1.1024927141696322e-6,5.140482844661874e-7
83.75,1.1069772227980375e-6,5.122665096750953e-7
83.76,1.111336871019216e-6,5.10430680292013e-7
83.77,1.115571399436225e-6,5.085411770718598e-7
83.78,1.11968056242958e-6,5.065983859210048e-7
83.79,1.1236641281613691e-6,5.046026978379503e-7
83.8,1.1275218785771013e-6,5.025545088524821e-7
83.81,1.1312536094063933e-6,5.004542199653638e-7
83.82,1.1348591301610145e-6,4.983022370878125e-7
83.83,1.1383382641357219e-6,4.960989709790903e-7
83.84,1.141690848400719e-6,4.938448371853628e-7
83.85,1.1449167337986016e-6,4.915402559772347e-7
83.86,1.148015784937195e-6,4.891856522873674e-7
83.87,1.1509878801809327e-6,4.867814556471442e-7
83.88,1.1538329116417566e-6,4.843281001237448e-7
83.89,1.156550785167937e-6,4.818260242559529e-7
83.9,1.1591414203308667e-6,4.792756709907275e-7
83.91,1.1616047504115897e-6,4.7667748761847105e-7
83.92,1.1639407223857866e-6,4.7403192570809425e-7
83.93,1.1661492969056144e-6,4.713394410425298e-7
83.94,1.1682304482825183e-6,4.686004935529077e-7
83.95,1.1701841644665845e-6,4.658155472532622e-7
83.96,1.1720104470264423e-6,4.6298507017432335e-7
83.97,1.1737093111249305e-6,4.601095342976366e-7
83.98,1.1752807854970007e-6,4.571894154880965e-7
83.99,1.1767249124225897e-6,4.542251934286861e-7
84.0,1.1780417477004566e-6,4.5121735155244824e-7
84.01,1.179231360620281e-6,4.4816637697472703e-7
84.02,1.180293833932308e-6,4.450727604267535e-7
84.03,1.1812292638160616e-6,4.4193699618738657e-7
84.04,1.1820377598490624e-6,4.387595820146607e-7
84.05,1.1827194449717055e-6,4.3554101907818515e-7
84.06,1.1832744554526861e-6,4.322818118905662e-7
84.07,1.1837029408521516e-6,4.28982468238021e-7
84.08,1.184005063983964e-6,4.2564349911308507e-7
84.09,1.1841810008759106e-6,4.222654186438091e-7
84.1,1.1842309407299324e-6,4.188487440259216e-7
84.11,1.1841550858788706e-6,4.1539399545231575e-7
84.12,1.183953651744206e-6,4.119016960448731e-7
84.13,1.1836268667909514e-6,4.0837237178320554e-7
84.14,1.183174972480903e-6,4.048065514364508e-7
84.15,1.1825982232267784e-6,4.01204766491835e-7
84.16,1.1818968863425147e-6,3.9756755108533803e-7
84.17,1.181071241994222e-6,3.938954419316454e-7
84.18,1.1801215831456153e-6,3.901889782536539e-7
84.19,1.179048215512218e-6,3.8644870171102245e-7
84.2,1.1778514575007472e-6,3.826751563318058e-7
84.21,1.1765316401577003e-6,3.7886888843973275e-7
84.22,1.1750891071120857e-6,3.750304465851484e-7
84.23,1.1735242145175056e-6,3.7116038147289193e-7
84.24,1.1718373309942005e-6,3.6725924589259033e-7
84.25,1.1700288375676373e-6,3.6332759464737814e-7
84.26,1.1680991276088123e-6,3.593659844828658e-7
84.27,1.1660486067706626e-6,3.5537497401657546e-7
84.28,1.1638776929234243e-6,3.513551236668142e-7
84.29,1.1615868160925109e-6,3.473069955816131e-7
84.3,1.1591764183895404e-6,3.4323115356788385e-7
84.31,1.156646953946209e-6,3.391281630202656e-7
84.32,1.1539988888458186e-6,3.349985908506797e-7
84.33,1.1512327010533413e-6,3.308430054167557e-7
84.34,1.1483488803446466e-6,3.2666197645139234e-7
84.35,1.145347928234628e-6,3.224560749915232e-7
84.36,1.1422303579038472e-6,3.182258733074551e-7
84.37,1.1389966941242107e-6,3.139719448320556e-7
84.38,1.135647473184317e-6,3.096948640902983e-7
84.39,1.132183242812118e-6,3.0539520662781086e-7
84.4,1.1286045620976209e-6,3.010735489411466e-7
84.41,1.1249120014142718e-6,2.967304684069389e-7
84.42,1.121106142339463e-6,2.923665432110617e-7
84.43,1.1171875775729797e-6,2.8798235227937875e-7
84.44,1.1131569108563064e-6,2.835784752061359e-7
84.45,1.1090147568877143e-6,2.7915549218531024e-7
84.46,1.1047617412412687e-6,2.7471398393930395e-7
84.47,1.1003985002782871e-6,2.702545316497751e-7
84.48,1.0959256810647775e-6,2.6577771688847055e-7
84.49,1.0913439412820733e-6,2.612841215464094e-7
84.5,1.086653949139687e-6,2.567743277651024e-7
84.51,1.0818563832862548e-6,2.522489178678308e-7
84.52,1.0769519327195288e-6,2.4770847428969295e-7
84.53,1.0719412966958047e-6,2.4315357950899143e-7
84.54,1.0668251846372512e-6,2.385848159787727e-7
84.55,1.0616043160396063e-6,2.3400276605815758e-7
84.56,1.056279420380282e-6,2.2940801194357967e-7
84.57,1.0508512370188522e-6,2.2480113560177428e-7
84.58,1.045320515106849e-6,2.2018271870035918e-7
84.59,1.039688013488226e-6,2.1555334254164112e-7
84.6,1.0339545006030615e-6,2.1091358799374987e-7
84.61,1.0281207543893407e-6,2.0626403542483575e-7
84.62,1.0221875621837387e-6,2.016052646349563e-7
84.63,1.0161557206217607e-6,1.9693785478991883e-7
84.64,1.010026035537233e-6,1.9226238435480672e-7
84.65,1.0037993218604925e-6,1.8757943102715147e-7
84.66,9.97476403516526e-7,1.8288957167233195e-7
84.67,9.910581133211874e-7,1.7819338225642633e-7
84.68,9.845452928782042e-7,1.7349143778172562e-7
84.69,9.77938792473427e-7,1.687843122216014e-7
84.7,9.712394709705148e-7,1.6407257845530887e-7
84.71,9.644481957037282e-7,1.593568082041531e-7
84.72,9.57565842371856e-7,1.5463757196664648e-7
84.73,9.505932949303115e-7,1.4991543895527045e-7
84.74,9.435314454830833e-7,1.451909770324522e-7
84.75,9.363811941720174e-7,1.4046475264813143e-7
84.76,9.291434490705771e-7,1.3573733077589743e-7
84.77,9.21819126070061e-7,1.3100927485157335e-7
84.78,9.14409148770974e-7,1.2628114671016893e-7
84.79,9.069144483693399e-7,1.215535065247381e-7
84.8,8.993359635460692e-7,1.1682691274486908e-7
84.81,8.916746403537852e-7,1.1210192203523565e-7
84.82,8.83931432102434e-7,1.0737908921541918e-7
84.83,8.761072992459881e-7,1.0265896719933085e-7
84.84,8.682032092682709e-7,9.794210693580571e-8
84.85,8.602201365658155e-7,9.322905734818428e-8
84.86,8.521590623346553e-7,8.852036527621788e-8
84.87,8.440209744518455e-7,8.381657541706944e-8
84.88,8.358068673600715e-7,7.911823026647563e-8
84.89,8.275177419493778e-7,7.44258700618367e-8
84.9,8.191546054402243e-7,6.974003272418444e-8
84.91,8.107184712644475e-7,6.50612538013068e-8
84.92,8.022103589467126e-7,6.039006641131028e-8
84.93,7.936312939844952e-7,5.572700118667444e-8
84.94,7.849823077329984e-7,5.107258621751198e-8
84.95,7.762644372758707e-7,4.642734699828257e-8
84.96,7.674787253137425e-7,4.179180637143307e-8
84.97,7.586262200385729e-7,3.716648447371253e-8
84.98,7.497079750141232e-7,3.255189868213397e-8
84.99,7.407250490534731e-7,2.794856356090226e-8
85.0,7.316785060964574e-7,2.3356990808686477e-8
85.01,7.225694150893503e-7,1.8777689205429426e-8
85.02,7.133988498601566e-7,1.421116456136204e-8
85.03,7.041678889964586e-7,9.657919664962191e-9
85.04,6.948776157220016e-7,5.118454232695432e-9
85.05,6.855291177730429e-7,5.932648578429968e-10
85.06,6.761234872745387e-7,-3.917155038955898e-9
85.07,6.666618206159393e-7,-8.412315258948468e-9
85.08,6.571452183269603e-7,-1.2891728874499107e-8
85.09,6.475747849523167e-7,-1.7354912277056752e-8
85.1,6.379516289281647e-7,-2.1801385225752486e-8
85.11,6.282768624557135e-7,-2.6230670893696762e-8
85.12,6.185516013761955e-7,-3.0642295914591444e-8
85.13,6.087769650466981e-7,-3.503579043096802e-8
85.14,5.989540762130424e-7,-3.941068813754166e-8
85.15,5.890840608844356e-7,-4.3766526327276006e-8
85.16,5.791680482084117e-7,-4.8102845936043634e-8
85.17,5.692071703437364e-7,-5.2419191586808755e-8
85.18,5.592025623347972e-7,-5.671511163242505e-8
85.19,5.49155361985437e-7,-6.099015819938292e-8
85.2,5.390667097323304e-7,-6.524388722974454e-8
85.21,5.289377485199885e-7,-6.947585852289326e-8
85.22,5.187696236708932e-7,-7.368563577635325e-8
85.23,5.085634827634319e-7,-7.787278662779582e-8
85.24,4.983204755027887e-7,-8.203688269376164e-8
85.25,4.880417535940616e-7,-8.617749960931346e-8
85.26,4.777284706178512e-7,-9.029421706782249e-8
85.27,4.6738178190182364e-7,-9.438661885819631e-8
85.28,4.5700284439516704e-7,-9.84542929033784e-8
85.29,4.465928165418867e-7,-1.0249683129699608e-7
85.3,4.361528581546202e-7,-1.0651383034005399e-7
85.31,4.256841302881601e-7,-1.1050489057732911e-7
85.32,4.151877951134108e-7,-1.1446961683172524e-7
85.33,4.046650157904938e-7,-1.1840761823997329e-7
85.34,3.941169563442579e-7,-1.2231850828610307e-7
85.35,3.835447815366106e-7,-1.2620190483543863e-7
85.36,3.729496567423706e-7,-1.3005743016697718e-7
85.37,3.6233274782180603e-7,-1.3388471100645118e-7
85.38,3.5169522099706454e-7,-1.3768337855703978e-7
85.39,3.410382427256095e-7,-1.4145306853139003e-7
85.4,3.3036297957547705e-7,-1.4519342118105235e-7
85.41,3.1967059810076865e-7,-1.4890408132802338e-7
85.42,3.0896226471582213e-7,-1.5258469839128695e-7
85.43,2.982391455722011e-7,-1.5623492641787576e-7
85.44,2.8750240643318614e-7,-1.5985442410939023e-7
85.45,2.767532125506573e-7,-1.6344285485017625e-7
85.46,2.659927285411403e-7,-1.6699988673317992e-7
85.47,2.55222118261949e-7,-1.7052519258677062e-7
85.48,2.444425446883748e-7,-1.7401844999965018e-7
85.49,2.336551697915936e-7,-1.7747934134585387e-7
85.5,2.2286115441346058e-7,-1.8090755380872386e-7
85.51,2.120616581483284e-7,-1.8430277940498736e-7
85.52,2.012578392183133e-7,-1.8766471500691703e-7
85.53,1.9045085435174315e-7,-1.9099306236487359e-7
85.54,1.796418586637301e-7,-1.942875281291649e-7
85.55,1.688320055340475e-7,-1.9754782387045448e-7
85.56,1.5802244648749098e-7,-2.0077366610078342e-7
85.57,1.4721433107287217e-7,-2.03964776292536e-7
85.58,1.364088067456232e-7,-2.0712088089841098e-7
85.59,1.2560701874391387e-7,-2.102417113677319e-7
85.6,1.1481010997776103e-7,-2.1332700416779567e-7
85.61,1.0401922090286756e-7,-2.1637650079726565e-7
85.62,9.323548940763109e-8,-2.19389947804971e-7
85.63,8.246005069420888e-8,-2.2236709680478326e-7
85.64,7.169403716154599e-8,-2.2530770449103152e-7
85.65,6.093857828998895e-8,-2.2821153265312125e-7
85.66,5.019480052454804e-8,-2.310783481889885e-7
85.67,3.9463827160095483e-8,-2.3390792311898665e-7
85.68,2.8746778226605356e-8,-2.367000345980689e-7
85.69,1.804477037429806e-8,-2.3945446492778847e-7
85.7,7.358916761250258e-9,-2.4217100156763265e-7
85.71,-3.3096730609322112e-9,-2.448494371457035e-7
85.72,-1.395989325896531e-8,-2.4748956946869856e-7
85.73,-2.459064183023444e-8,-2.500912015312083e-7
85.74,-3.5200820713176934e-8,-2.526541415248898e-7
85.75,-4.578933589941957e-8,-2.551782028459527e-7
85.76,-5.635509754281159e-8,-2.576632041029636e-7
85.77,-6.689702006943404e-8,-2.6010896912341687e-7
85.78,-7.741402228542516e-8,-2.6251532696058643e-7
85.79,-8.790502748721592e-8,-2.64882111897763e-7
85.8,-9.836896356610577e-8,-2.6720916345452206e-7
85.81,-1.0880476311785066e-7,-2.6949632639031197e-7
85.82,-1.1921136354708938e-7,-2.717434507079517e-7
85.83,-1.2958770717358548e-7,-2.739503916570366e-7
85.84,-1.3993274133643558e-7,-2.761170097358958e-7
85.85,-1.5024541849803162e-7,-2.782431706937914e-7
85.86,-1.6052469634860713e-7,-2.803287455314522e-7
85.87,-1.7076953790711464e-7,-2.8237361050209114e-7
85.88,-1.8097891162334564e-7,-2.843776471109562e-7
85.89,-1.9115179148042864e-7,-2.8634074211442134e-7
85.9,-2.012871570931588e-7,-2.882627875189727e-7
85.91,-2.1138399380925296e-7,-2.9014368057880587e-7
85.92,-2.2144129280635626e-7,-2.919833237935606e-7
85.93,-2.3145805119150984e-7,-2.9378162490456823e-7
85.94,-2.4143327209736027e-7,-2.95538496891471e-7
85.95,-2.5136596477907865e-7,-2.9725385796749793e-7
85.96,-2.6125514470906844e-7,-2.989276315742045e-7
85.97,-2.710998336726071e-7,-3.005597463763105e-7
85.98,-2.808990598611274e-7,-3.0215013625461345e-7
85.99,-2.9065185796505093e-7,-3.036987402997598e-7
86.0,-3.003572692661091e-7,-3.0520550280431496e-7
86.01,-3.1001434172925225e-7,-3.066703732547149e-7
86.02,-3.1962213009208217e-7,-3.08093306322905e-7
86.03,-3.2917969595454895e-7,-3.0947426185605176e-7
86.04,-3.3868610786844825e-7,-3.108132048681466e-7
86.05,-3.4814044142423656e-7,-3.121101055281464e-7
86.06,-3.5754177933667866e-7,-3.1336493914965623e-7
86.07,-3.6688921153537826e-7,-3.1457768617880593e-7
86.08,-3.7618183524392125e-7,-3.1574833218238397e-7
86.09,-3.8541875506810394e-7,-3.1687686783494016e-7
86.1,-3.9459908307710526e-7,-3.179632889052517e-7
86.11,-4.037219388860796e-7,-3.190075962422537e-7
86.12,-4.127864497379294e-7,-3.200097957610441e-7
86.13,-4.217917505833736e-7,-3.209698984271639e-7
86.14,-4.307369841597137e-7,-3.218879202411614e-7
86.15,-4.396213010695735e-7,-3.2276388222270737e-7
86.16,-4.484438598590726e-7,-3.2359781039318466e-7
86.17,-4.572038270927664e-7,-3.243897357589526e-7
86.18,-4.65900377430196e-7,-3.251396942930931e-7
86.19,-4.745326936996226e-7,-3.258477269171234e-7
86.2,-4.830999669721499e-7,-3.265138794821781e-7
86.21,-4.916013966331045e-7,-3.2713820274930053e-7
86.22,-5.000361904547634e-7,-3.2772075236944724e-7
86.23,-5.084035646655305e-7,-3.2826158886313377e-7
86.24,-5.167027440197978e-7,-3.2876077759903456e-7
86.25,-5.249329618665265e-7,-3.292183887726324e-7
86.26,-5.330934602157196e-7,-3.2963449738406515e-7
86.27,-5.411834898054291e-7,-3.300091832154478e-7
86.28,-5.492023101669505e-7,-3.303425308075067e-7
86.29,-5.571491896883002e-7,-3.3063462943637904e-7
86.3,-5.650234056776108e-7,-3.3088557308913026e-7
86.31,-5.728242444255675e-7,-3.3109546043920584e-7
86.32,-5.805510012655827e-7,-3.3126439482128745e-7
86.33,-5.882029806343842e-7,-3.3139248420564273e-7
86.34,-5.957794961303885e-7,-3.3147984117197814e-7
86.35,-6.032798705707469e-7,-3.3152658288306e-7
86.36,-6.10703436050193e-7,-3.31532831057242e-7
86.37,-6.180495339942169e-7,-3.314987119411863e-7
86.38,-6.253175152143096e-7,-3.314243562820353e-7
86.39,-6.325067399613196e-7,-3.313098992984638e-7
86.4,-6.396165779786218e-7,-3.3115548065191496e-7
86.41,-6.466464085511519e-7,-3.309612444177223e-7
86.42,-6.535956205575651e-7,-3.307273390545451e-7
86.43,-6.604636125176441e-7,-3.304539173746931e-7
86.44,-6.672497926410037e-7,-3.301411365124069e-7
86.45,-6.739535788732666e-7,-3.297891578944348e-7
86.46,-6.805743989419132e-7,-3.293981472067962e-7
86.47,-6.871116904002077e-7,-3.289682743635512e-7
86.48,-6.935649006712208e-7,-3.284997134745214e-7
86.49,-6.999334870892012e-7,-3.279926428118604e-7
86.5,-7.062169169417377e-7,-3.2744724477738147e-7
86.51,-7.124146675077465e-7,-3.268637058686021e-7
86.52,-7.185262260981345e-7,-3.262422166447022e-7
86.53,-7.245510900929393e-7,-3.255829716924008e-7
86.54,-7.304887669768607e-7,-3.2488616959063943e-7
86.55,-7.363387743751237e-7,-3.241520128755949e-7
86.56,-7.42100640088336e-7,-3.233807080053298e-7
86.57,-7.477739021248065e-7,-3.225724653234186e-7
86.58,-7.533581087319487e-7,-3.2172749902283065e-7
86.59,-7.588528184283842e-7,-3.2084602710918493e-7
86.6,-7.642576000322432e-7,-3.199282713636998e-7
86.61,-7.695720326897156e-7,-3.189744573059223e-7
86.62,-7.747957059040113e-7,-3.17984814155444e-7
86.63,-7.799282195583778e-7,-3.169595747947076e-7
86.64,-7.849691839439475e-7,-3.158989757298541e-7
86.65,-7.899182197817405e-7,-3.1480325705195943e-7
86.66,-7.947749582460413e-7,-3.136726623985673e-7
86.67,-7.995390409857577e-7,-3.125074389136078e-7
86.68,-8.042101201450742e-7,-3.113078372079786e-7
86.69,-8.087878583815071e-7,-3.1007411131965023e-7
86.7,-8.132719288848588e-7,-3.0880651867294247e-7
86.71,-8.176620153944316e-7,-3.075053200382507e-7
86.72,-8.219578122130645e-7,-3.061707794908832e-7
86.73,-8.261590242233704e-7,-3.0480316437021006e-7
86.74,-8.30265366900101e-7,-3.0340274523773005e-7
86.75,-8.342765663226915e-7,-3.019697958355381e-7
86.76,-8.381923591863504e-7,-3.0050459304435584e-7
86.77,-8.420124928117712e-7,-2.990074168411322e-7
86.78,-8.457367251537291e-7,-2.97478550256318e-7
86.79,-8.493648248091964e-7,-2.959182793316636e-7
86.8,-8.528965710231749e-7,-2.943268930762345e-7
86.81,-8.563317536941318e-7,-2.9270468342432683e-7
86.82,-8.59670173379195e-7,-2.910519451904536e-7
86.83,-8.629116412944577e-7,-2.8936897602712284e-7
86.84,-8.660559793195049e-7,-2.8765607637988615e-7
86.85,-8.69103019997176e-7,-2.8591354944329396e-7
86.86,-8.720526065328247e-7,-2.84141701116729e-7
86.87,-8.749045927926023e-7,-2.8234083995976424e-7
86.88,-8.7765884330139e-7,-2.805112771470223e-7
86.89,-8.803152332383682e-7,-2.7865332642374906e-7
86.9,-8.82873648432769e-7,-2.767673040597859e-7
86.91,-8.853339853545352e-7,-2.7485352880583384e-7
86.92,-8.8769615111377e-7,-2.7291232184524653e-7
86.93,-8.899600634448503e-7,-2.709440067509371e-7
86.94,-8.921256507025153e-7,-2.689489094381701e-7
86.95,-8.941928518468972e-7,-2.6692735811865494e-7
86.96,-8.961616164351922e-7,-2.6487968325450676e-7
86.97,-8.980319046067615e-7,-2.6280621751214047e-7
86.98,-8.998036870700812e-7,-2.6070729571513683e-7
86.99,-9.014769450871612e-7,-2.585832547982491e-7
87.0,-9.030516704574528e-7,-2.564344337604063e-7
87.01,-9.045278655009224e-7,-2.542611736178826e-7
87.02,-9.059055430389075e-7,-2.52063817357418e-7
87.03,-9.071847263750393e-7,-2.4984270988914425e-7
87.04,-9.083654492750373e-7,-2.4759819799878546e-7
87.05,-9.094477559444053e-7,-2.45330630301429e-7
87.06,-9.104317010057803e-7,-2.4304035719335836e-7
87.07,-9.113173494754337e-7,-2.4072773080478166e-7
87.08,-9.121047767388046e-7,-2.383931049522008e-7
87.09,-9.127940685213277e-7,-2.3603683509126764e-7
87.1,-9.133853208677089e-7,-2.33659278268131e-7
87.11,-9.138786401075098e-7,-2.3126079307304017e-7
87.12,-9.142741428296553e-7,-2.2884173959085872e-7
87.13,-9.14571955850802e-7,-2.2640247935451808e-7
87.14,-9.147722161844409e-7,-2.2394337529686458e-7
87.15,-9.14875071009131e-7,-2.2146479170204398e-7
87.16,-9.148806776339157e-7,-2.1896709415822782e-7
87.17,-9.147892034657255e-7,-2.1645064950924434e-7
87.18,-9.146008259729191e-7,-2.1391582580661605e-7
87.19,-9.143157326482168e-7,-2.1136299226176678e-7
87.2,-9.139341209732913e-7,-2.0879251919728865e-7
87.21,-9.134561983786488e-7,-2.0620477799956116e-7
87.22,-9.128821822055247e-7,-2.0360014107014667e-7
87.23,-9.122122996637845e-7,-2.0097898177840112e-7
87.24,-9.114467877924714e-7,-1.983416744127658e-7
87.25,-9.105858934166196e-7,-1.9568859413253412e-7
87.26,-9.096298731034293e-7,-1.9302011692110951e-7
87.27,-9.085789931188272e-7,-1.9033661953648522e-7
87.28,-9.074335293817356e-7,-1.876384794644906e-7
87.29,-9.061937674180475e-7,-1.849260748701107e-7
87.3,-9.048600023133642e-7,-1.8219978454987853e-7
87.31,-9.034325386646461e-7,-1.7945998788433993e-7
87.32,-9.019116905320799e-7,-1.7670706478981732e-7
87.33,-9.002977813879072e-7,-1.7394139567113598e-7
87.34,-8.985911440665339e-7,-1.7116336137371784e-7
87.35,-8.967921207119476e-7,-1.6837334313626846e-7
87.36,-8.949010627255928e-7,-1.6557172254327758e-7
87.37,-8.929183307123016e-7,-1.6275888147738158e-7
87.38,-8.908442944269015e-7,-1.5993520207217454e-7
87.39,-8.886793327166608e-7,-1.5710106666547736e-7
87.4,-8.864238334671689e-7,-1.5425685775171314e-7
87.41,-8.840781935441577e-7,-1.5140295793495645e-7
87.42,-8.81642818735765e-7,-1.485397498823013e-7
87.43,-8.791181236933786e-7,-1.456676162770545e-7
87.44,-8.765045318725421e-7,-1.42786939772174e-7
87.45,-8.738024754719485e-7,-1.3989810294323924e-7
87.46,-8.710123953720012e-7,-1.3700148824295567e-7
87.47,-8.681347410725932e-7,-1.3409747795407917e-7
87.48,-8.651699706309411e-7,-1.3118645414403306e-7
87.49,-8.621185505966595e-7,-1.2826879861853464e-7
87.5,-8.589809559476762e-7,-1.2534489287609237e-7
87.51,-8.557576700248897e-7,-1.224151180619682e-7
87.52,-8.524491844657232e-7,-1.1947985492305872e-7
87.53,-8.490559991374635e-7,-1.1653948376278618e-7
87.54,-8.45578622069211e-7,-1.1359438439531566e-7
87.55,-8.420175693834429e-7,-1.1064493610165465e-7
87.56,-8.38373365226833e-7,-1.0769151758336274e-7
87.57,-8.346465417012421e-7,-1.0473450692005282e-7
87.58,-8.308376387907444e-7,-1.0177428152297309e-7
87.59,-8.269472042927395e-7,-9.88112180923745e-8
87.6,-8.229757937439518e-7,-9.584569257248809e-8
87.61,-8.189239703485436e-7,-9.287808010862228e-8
87.62,-8.147923049046082e-7,-8.990875500292455e-8
87.63,-8.105813757291199e-7,-8.693809067137534e-8
87.64,-8.062917685841828e-7,-8.396645960091313e-8
87.65,-8.019240766007014e-7,-8.09942333062051e-8
87.66,-7.974789002017973e-7,-7.80217822869723e-8
87.67,-7.9295684702754e-7,-7.504947598589227e-8
87.68,-7.883585318559063e-7,-7.20776827462517e-8
87.69,-7.836845765250164e-7,-6.910676977030363e-8
87.7,-7.789356098546576e-7,-6.613710307684106e-8
87.71,-7.741122675669334e-7,-6.316904746072969e-8
87.72,-7.692151922059613e-7,-6.020296645107234e-8
87.73,-7.642450330575053e-7,-5.723922227092497e-8
87.74,-7.592024460679182e-7,-5.42781757960001e-8
87.75,-7.540880937626125e-7,-5.132018651445084e-8
87.76,-7.489026451629866e-7,-4.836561248744347e-8
87.77,-7.436467757044217e-7,-4.5414810308607335e-8
87.78,-7.383211671527989e-7,-4.2468135065004114e-8
87.79,-7.329265075201483e-7,-3.9525940297586286e-8
87.8,-7.274634909806596e-7,-3.658857796224151e-8
87.81,-7.21932817785759e-7,-3.365639839139461e-8
87.82,-7.163351941781853e-7,-3.0729750255682465e-8
87.83,-7.106713323069876e-7,-2.7808980525583177e-8
87.84,-7.049419501394779e-7,-2.4894434434097252e-8
87.85,-6.991477713767734e-7,-2.198645543888175e-8
87.86,-6.932895253640409e-7,-1.9085385185622988e-8
87.87,-6.873679470039505e-7,-1.6191563471011987e-8
87.88,-6.813837766685886e-7,-1.3305328206145673e-8
87.89,-6.753377601099632e-7,-1.0427015380513735e-8
87.9,-6.692306483716456e-7,-7.556959026575223e-9
87.91,-6.630631976990172e-7,-4.695491183327089e-9
87.92,-6.568361694490246e-7,-1.8429418622574394e-9
87.93,-6.505503300000884e-7,1.0003609880965206e-9
87.94,-6.44206450663391e-7,3.834091516754281e-9
87.95,-6.378053075869017e-7,6.657926003768433e-9
87.96,-6.313476816689019e-7,9.47154289441111e-9
87.97,-6.24834358464342e-7,1.2274622832516288e-8
87.98,-6.182661280925817e-7,1.5066848693794532e-8
87.99,-6.116437851450727e-7,1.784790561791276e-8
88.0,-6.049681285929102e-7,2.0617481041476344e-8
88.01,-5.982399616935503e-7,2.3375264729445402e-8
88.02,-5.91460091897331e-7,2.612094880715948e-8
88.03,-5.846293307546926e-7,2.8854227791293422e-8
88.04,-5.777484938209299e-7,3.157479862121954e-8
88.05,-5.708184005631124e-7,3.4282360688566455e-8
88.06,-5.638398742655361e-7,3.697661586832913e-8
88.07,-5.568137419341313e-7,3.965726854757088e-8
88.08,-5.497408342030755e-7,4.2324025656016516e-8
88.09,-5.426219852380717e-7,4.497659669384856e-8
88.1,-5.354580326429163e-7,4.761469376091785e-8
88.11,-5.282498173617687e-7,5.02380315847153e-8
88.12,-5.209981835852303e-7,5.2846327547784344e-8
88.13,-5.137039786534368e-7,5.543930171622572e-8
88.14,-5.063680529605036e-7,5.8016676865310964e-8
88.15,-4.989912598580831e-7,6.057817850714402e-8
88.16,-4.915744555589555e-7,6.312353491583166e-8
88.17,-4.841184990407833e-7,6.565247715432908e-8
88.18,-4.766242519491269e-7,6.816473909930242e-8
88.19,-4.6909257850071406e-7,7.066005746547315e-8
88.2,-4.6152434538719904e-7,7.313817183160844e-8
88.21,-4.5392042167645107e-7,7.559882466291669e-8
88.22,-4.462816787191455e-7,7.804176133662685e-8
88.23,-4.386089900470478e-7,8.04667301634356e-8
88.24,-4.3090323127888136e-7,8.287348241185197e-8
88.25,-4.2316528002259225e-7,8.526177232989155e-8
88.26,-4.1539601577747627e-7,8.763135716722984e-8
88.27,-4.0759631983717784e-7,8.998199719703806e-8
88.28,-3.99767075192604e-7,9.231345573695441e-8
88.29,-3.919091664338741e-7,9.462549916992206e-8
88.3,-3.840234796545192e-7,9.691789696473661e-8
88.31,-3.761109023513006e-7,9.919042169524071e-8
88.32,-3.6817232333141514e-7,1.014428490609873e-7
88.33,-3.6020863260955734e-7,1.0367495790485514e-7
88.34,-3.5222072131574957e-7,1.0588653023307413e-7
88.35,-3.4420948159516067e-7,1.0807735123212862e-7
88.36,-3.3617580651216436e-7,1.1024720928770047e-7
88.37,-3.2812058995297906e-7,1.1239589600079842e-7
88.38,-3.2004472652883797e-7,1.145232062056218e-7
88.39,-3.11949111479009e-7,1.1662893798539446e-7
88.4,-3.0383464057417006e-7,1.1871289268843421e-7
88.41,-2.957022100190799e-7,1.2077487494377974e-7
88.42,-2.875527163572928e-7,1.2281469267661444e-7
88.43,-2.793870563739952e-7,1.2483215712214912e-7
88.44,-2.712061269995789e-7,1.2682708284070255e-7
88.45,-2.630108252138936e-7,1.287992877308499e-7
88.46,-2.548020479502965e-7,1.3074859304313074e-7
88.47,-2.465806919999094e-7,1.3267482339266413e-7
88.48,-2.3834765391565865e-7,1.3457780677181323e-7
88.49,-2.3010382991754293e-7,1.3645737456232937e-7
88.5,-2.2185011579700873e-7,1.383133615460363e-7
88.51,-2.135874068218998e-7,1.4014560591734599e-7
88.52,-2.0531659764223283e-7,1.419539492929444e-7
88.53,-1.9703858219501725e-7,1.4373823672193923e-7
88.54,-1.8875425361051667e-7,1.4549831669626408e-7
88.55,-1.804645041181722e-7,1.4723404115941427e-7
88.56,-1.7217022495231925e-7,1.4894526551587586e-7
88.57,-1.6387230625975022e-7,1.5063184863897685e-7
88.58,-1.555716370054378e-7,1.5229365287937037e-7
88.59,-1.472691048799398e-7,1.5393054407239844e-7
88.6,-1.3896559620747838e-7,1.555423915449675e-7
88.61,-1.3066199585278117e-7,1.5712906812250504e-7
88.62,-1.223591871294363e-7,1.586904501350391e-7
88.63,-1.1405805170834642e-7,1.6022641742306577e-7
88.64,-1.0575946952605394e-7,1.6173685334271158e-7
88.65,-9.746431869434486e-8,1.6322164477069144e-7
88.66,-8.917347540929837e-8,1.6468068210871356e-7
88.67,-8.088781386105664e-8,1.661138592874977e-7
88.68,-7.260820614335595e-8,1.675210737700826e-7
88.69,-6.433552216615778e-8,1.6890222655578386e-7
88.7,-5.607062956318556e-8,1.7025722218124954e-7
88.71,-4.781439360665838e-8,1.7158596872461038e-7
88.72,-3.956767711680138e-8,1.72888377805623e-7
88.73,-3.133134037451723e-8,1.7416436458803787e-7
88.74,-2.3106241034365847e-8,1.7541384778011058e-7
88.75,-1.4893234037212037e-8,1.7663674963508816e-7
88.76,-6.6931715237749625e-9,1.778329959513022e-7
88.77,1.4930972517679485e-9,1.7900251607176825e-7
88.78,9.664726006845834e-9,1.801452428833949e-7
88.79,1.7820871515960475e-8,1.8126111281547714e-7
88.8,2.5960693695790018e-8,1.8235006583846377e-7
88.81,3.408335568863635e-8,1.8341204546132822e-7
88.82,4.21880239469151e-8,1.8444699872948548e-7
88.83,5.027386831539964e-8,1.854548762213458e-7
88.84,5.834006211487284e-8,1.864356320453908e-7
88.85,6.638578222376979e-8,1.873892238359754e-7
88.86,7.441020916030466e-8,1.8831561274907417e-7
88.87,8.241252716297733e-8,1.8921476345790085e-7
88.88,9.03919242707604e-8,1.900866441480232e-7
88.89,9.834759240535663e-8,1.9093122651072604e-7
88.9,1.0627872744769133e-7,1.9174848573838905e-7
88.91,1.1418452931961197e-7,1.92538400517421e-7
88.92,1.220642020592736e-7,1.9330095302191762e-7
88.93,1.299169539013682e-7,1.9403612890621127e-7
88.94,1.3774199735371996e-7,1.9474391729717426e-7
88.95,1.4553854927272724e-7,1.954243107866453e-7
88.96,1.5330583093997539e-7,1.9607730542302195e-7
88.97,1.610430681400356e-7,1.9670290070207132e-7
88.98,1.6874949122971018e-7,1.9730109955812067e-7
88.99,1.764243352169868e-7,1.9787190835412721e-7
89.0,1.8406683983307623e-7,1.984153368723029e-7
89.01,1.9167624960486078e-7,1.98931398303181e-7
89.02,1.992518139273902e-7,1.994201092348687e-7
89.03,2.0679278713531488e-7,1.9988148964249944e-7
89.04,2.142984285739274e-7,2.0031556287589144e-7
89.05,2.217680026696865e-7,2.0072235564812736e-7
89.06,2.2920077899882816e-7,2.0110189802294887e-7
89.07,2.3659603235778023e-7,2.0145422340266246e-7
89.08,2.4395304282996977e-7,2.017793685141728e-7
89.09,2.512710958540944e-7,2.0207737339639985e-7
89.1,2.5854948229079035e-7,2.0234828138586882e-7
89.11,2.657874984889093e-7,2.0259213910271203e-7
89.12,2.7298444635053355e-7,2.0280899643644658e-7
89.13,2.801396333961481e-7,2.029989065303292e-7
89.14,2.872523728288021e-7,2.031619257669587e-7
89.15,2.943219835966629e-7,2.0329811375196743e-7
89.16,3.0134779045629915e-7,2.0340753329813277e-7
89.17,3.0832912403373717e-7,2.034902504097493e-7
89.18,3.1526532088652497e-7,2.0354633426457514e-7
89.19,3.2215572356358313e-7,2.035758571981741e-7
89.2,3.289996806644479e-7,2.035788946856291e-7
89.21,3.3579654689861984e-7,2.0355552532427576e-7
89.22,3.42545683143537e-7,2.035058308153633e-7
89.23,3.4924645650167627e-7,2.034298959456221e-7
89.24,3.558982403575146e-7,2.0332780856899613e-7
89.25,3.6250041443303516e-7,2.0319965958698642e-7
89.26,3.6905236484203295e-7,2.0304554292971348e-7
89.27,3.755534841460653e-7,2.0286555553569745e-7
89.28,3.8200317140634645e-7,2.0265979733241474e-7
89.29,3.8840083223702625e-7,2.0242837121544628e-7
89.3,3.947458788566369e-7,2.0217138302835298e-7
89.31,4.010377301397435e-7,2.0188894154100035e-7
89.32,4.072758116664712e-7,2.015811584287849e-7
89.33,4.13459555772713e-7,2.0124814825089064e-7
89.34,4.19588401597906e-7,2.0089002842867497e-7
89.35,4.256617951339065e-7,2.005069192225304e-7
89.36,4.3167918927049635e-7,2.000989437109365e-7
89.37,4.376400438429769e-7,1.996662277663906e-7
89.38,4.435438256765611e-7,1.992089000329739e-7
89.39,4.49390008631757e-7,1.987270919027262e-7
89.4,4.551780736470038e-7,1.9822093749216558e-7
89.41,4.6090750878209705e-7,1.9769057361858563e-7
89.42,4.6657780926043757e-7,1.9713613977554048e-7
89.43,4.721884775096642e-7,1.9655777810852305e-7
89.44,4.777390232019862e-7,1.9595563339031845e-7
89.45,4.832289632941631e-7,1.9532985299633366e-7
89.46,4.886578220656523e-7,1.9468058687863366e-7
89.47,4.940251311563503e-7,1.940079875411304e-7
89.48,4.993304296042097e-7,1.9331221001369798e-7
89.49,5.045732638799699e-7,1.9259341182605508e-7
89.5,5.097531879236291e-7,1.9185175298162097e-7
89.51,5.148697631780393e-7,1.9108739593120023e-7
89.52,5.199225586224144e-7,1.903005055461325e-7
89.53,5.249111508062844e-7,1.8949124909117237e-7
89.54,5.298351238781301e-7,1.8865979619814726e-7
89.55,5.346940696194794e-7,1.8780631883752357e-7
89.56,5.394875874729751e-7,1.8693099129164428e-7
89.57,5.442152845722228e-7,1.860339901264312e-7
89.58,5.488767757699849e-7,1.8511549416372903e-7
89.59,5.534716836651635e-7,1.841756844526283e-7
89.6,5.579996386296397e-7,1.8321474424158982e-7
89.61,5.624602788337026e-7,1.8223285894932896e-7
89.62,5.66853250270927e-7,1.8123021613636233e-7
89.63,5.711782067814621e-7,1.8020700547576727e-7
89.64,5.754348100762325e-7,1.7916341872389358e-7
89.65,5.796227297572681e-7,1.7809964969122776e-7
89.66,5.837416433405083e-7,1.7701589421282729e-7
89.67,5.877912362749318e-7,1.759123501183733e-7
89.68,5.917712019626063e-7,1.747892172021133e-7
89.69,5.956812417771203e-7,1.736466971933578e-7
89.7,5.995210650809622e-7,1.7248499372573148e-7
89.71,6.032903892430052e-7,1.713043123066199e-7
89.72,6.069889396521183e-7,1.7010486028757022e-7
89.73,6.106164497370811e-7,1.6888684683206248e-7
89.74,6.141726609736797e-7,1.6765048288615345e-7
89.75,6.176573229041128e-7,1.663959811464663e-7
89.76,6.210701931461626e-7,1.6512355602947401e-7
89.77,6.244110374052024e-7,1.6383342363998356e-7
89.78,6.2767962948504e-7,1.6252580174025783e-7
89.79,6.308757512972804e-7,1.6120090971750486e-7
89.8,6.339991928702598e-7,1.5985896855320412e-7
89.81,6.370497523565817e-7,1.5850020079046804e-7
89.82,6.400272360413796e-7,1.571248305037692e-7
89.83,6.42931458346069e-7,1.5573308326411164e-7
89.84,6.457622418358881e-7,1.5432518610967847e-7
89.85,6.485194172232609e-7,1.529013675122209e-7
89.86,6.512028233709987e-7,1.5146185734503995e-7
89.87,6.538123072954978e-7,1.500068868506166e-7
89.88,6.563477241683131e-7,1.485366886081163e-7
89.89,6.588089373165846e-7,1.4705149650068084e-7
89.9,6.611958182232708e-7,1.455515456830857e-7
89.91,6.635082465273077e-7,1.4403707254866104e-7
89.92,6.657461100190356e-7,1.4250831469669047e-7
89.93,6.679093046407822e-7,1.40965510899521e-7
89.94,6.699977344808661e-7,1.3940890106943093e-7
89.95,6.720113117711354e-7,1.3783872622601624e-7
89.96,6.739499568803372e-7,1.362552284627811e-7
89.97,6.758135983083396e-7,1.34658650914244e-7
89.98,6.776021726796251e-7,1.33049237722646e-7
89.99,6.793156247352576e-7,1.3142723400467316e-7
90.0,6.809539073231056e-7,1.2979288581891697e-7
90.01,6.825169813908618e-7,1.281464401313796e-7
90.02,6.840048159727939e-7,1.264881447833347e-7
90.03,6.854173881803099e-7,1.2481824845742394e-7
90.04,6.867546831894391e-7,1.2313700064429643e-7
90.05,6.880166942279082e-7,1.2144465160949634e-7
90.06,6.892034225608756e-7,1.1974145235994232e-7
90.07,6.903148774771054e-7,1.1802765461044626e-7
90.08,6.913510762735085e-7,1.1630351075057551e-7
90.09,6.923120442381725e-7,1.1456927381120214e-7
90.1,6.93197814633584e-7,1.1282519743046682e-7
90.11,6.940084286793666e-7,1.1107153582169515e-7
90.12,6.947439355329311e-7,1.0930854373886683e-7
90.13,6.954043922697571e-7,1.0753647644357324e-7
90.14,6.959898638634846e-7,1.0575558967207923e-7
90.15,6.965004231646481e-7,1.0396613960137167e-7
90.16,6.969361508786025e-7,1.0216838281635209e-7
90.17,6.972971355428152e-7,1.0036257627637245e-7
90.18,6.975834735029279e-7,9.854897728223029e-8
90.19,6.977952688898253e-7,9.672784344218372e-8
90.2,6.979326335920389e-7,9.489943264033213e-8
90.21,6.979956872321452e-7,9.306400300179694e-8
90.22,6.979845571385757e-7,9.122181286081394e-8
90.23,6.978993783191079e-7,8.937312072753763e-8
90.24,6.97740293431488e-7,8.751818525470244e-8
90.25,6.975074527556971e-7,8.565726520505248e-8
90.26,6.972010141628828e-7,8.379061941870914e-8
90.27,6.968211430859948e-7,8.191850678020639e-8
90.28,6.963680124868089e-7,8.004118618582609e-8
90.29,6.958418028272598e-7,7.815891651051638e-8
90.3,6.952427020312083e-7,7.627195657685756e-8
90.31,6.945709054560747e-7,7.438056512117826e-8
90.32,6.938266158558602e-7,7.248500076169405e-8
90.33,6.930100433466114e-7,7.0585521966604e-8
90.34,6.921214053713327e-7,6.868238702146856e-8
90.35,6.911609266623448e-7,6.677585399756873e-8
90.36,6.90128839205049e-7,6.486618071974547e-8
90.37,6.890253821999231e-7,6.295362473466793e-8
90.38,6.878508020236429e-7,6.10384432788862e-8
90.39,6.866053521898356e-7,5.9120893247652965e-8
90.4,6.852892933090512e-7,5.7201231163278334e-8
90.41,6.839028930490896e-7,5.527971314337987e-8
90.42,6.824464260915078e-7,5.335659487031461e-8
90.43,6.809201740917962e-7,5.143213155991476e-8
90.44,6.793244256355154e-7,4.950657792956917e-8
90.45,6.776594761949273e-7,4.758018816923465e-8
90.46,6.759256280859159e-7,4.565321590900727e-8
90.47,6.741231904213643e-7,4.372591418950519e-8
90.48,6.722524790685707e-7,4.1798535431277886e-8
90.49,6.703138166011277e-7,3.987133140413311e-8
90.5,6.683075322527865e-7,3.7944553197950316e-8
90.51,6.662339618707132e-7,3.6018451191970747e-8
90.52,6.640934478675231e-7,3.409327502507607e-8
90.53,6.618863391720046e-7,3.216927356672917e-8
90.54,6.59612991181963e-7,3.024669488667846e-8
90.55,6.572737657118351e-7,2.8325786226665034e-8
90.56,6.548690309448927e-7,2.6406793970399398e-8
90.57,6.523991613808954e-7,2.4489963614930337e-8
90.58,6.49864537785184e-7,2.25755397425822e-8
90.59,6.472655471364834e-7,2.066376599133365e-8
90.6,6.446025825744652e-7,1.8754885027063657e-8
90.61,6.418760433464106e-7,1.6849138514923785e-8
90.62,6.390863347537503e-7,1.4946767092058843e-8
90.63,6.362338680972969e-7,1.3048010339132506e-8
90.64,6.333190606229446e-7,1.1153106752712159e-8
90.65,6.303423354660397e-7,9.262293718586086e-9
90.66,6.273041215956877e-7,7.375807483516895e-9
90.67,6.242048537576724e-7,5.493883129215988e-9
90.68,6.210449724187393e-7,3.616754544808876e-9
90.69,6.178249237082574e-7,1.744654401202456e-9
90.7,6.145451593606196e-7,-1.2218587701771248e-10
90.71,6.112061366562082e-7,-1.9835361354676033e-9
90.72,6.078083183634625e-7,-3.8391675178831156e-9
90.73,6.043521726788057e-7,-5.688852490245129e-9
90.74,6.008381731668858e-7,-7.532364867617613e-9
90.75,5.972667987007973e-7,-9.369479838508676e-9
90.76,5.936385333995924e-7,-1.1199973989884633e-8
90.77,5.899538665697316e-7,-1.3023625332598319e-8
90.78,5.862132926407232e-7,-1.484021332521837e-8
90.79,5.824173111047801e-7,-1.6649518898975038e-8
90.8,5.785664264530874e-7,-1.8451324481070286e-8
90.81,5.746611481138355e-7,-2.0245414019340657e-8
90.82,5.707019903879889e-7,-2.2031573005178284e-8
90.83,5.666894723861836e-7,-2.3809588497285447e-8
90.84,5.626241179638152e-7,-2.5579249144228122e-8
90.85,5.585064556567752e-7,-2.7340345208355473e-8
90.86,5.543370186169771e-7,-2.909266858668149e-8
90.87,5.501163445458893e-7,-3.0836012834707e-8
90.88,5.45844975629848e-7,-3.2570173187819364e-8
90.89,5.415234584734866e-7,-3.4294946583270725e-8
90.9,5.371523440333168e-7,-3.601013168131548e-8
90.91,5.32732187550876e-7,-3.771552888697485e-8
90.92,5.282635484860514e-7,-3.94109403710075e-8
90.93,5.237469904491827e-7,-4.109617009003678e-8
90.94,5.19183081132706e-7,-4.27710238077951e-8
90.95,5.145723922453338e-7,-4.4435309114716296e-8
90.96,5.099154994407792e-7,-4.608883544837788e-8
90.97,5.052129822506923e-7,-4.773141411247135e-8
90.98,5.004654240159187e-7,-4.936285829676983e-8
90.99,4.956734118159964e-7,-5.0982983095760534e-8
91.0,4.908375364006821e-7,-5.259160552773163e-8
91.01,4.859583921198654e-7,-5.418854455324637e-8
91.02,4.81036576852914e-7,-5.577362109308899e-8
91.03,4.7607269194003195e-7,-5.734665804636544e-8
91.04,4.7106734210918974e-7,-5.890748030852483e-8
91.05,4.6602113540736586e-7,-6.045591478801368e-8
91.06,4.6093468312894513e-7,-6.199179042368946e-8
91.07,4.5580859974390537e-7,-6.351493820178412e-8
91.08,4.506435028276086e-7,-6.502519117215118e-8
91.09,4.454400129878378e-7,-6.652238446440332e-8
91.1,4.401987537938898e-7,-6.800635530397897e-8
91.11,4.349203517037616e-7,-6.947694302733526e-8
91.12,4.296054359928491e-7,-7.093398909780742e-8
91.13,4.242546386806687e-7,-7.237733712046864e-8
91.14,4.1886859445911465e-7,-7.380683285592335e-8
91.15,4.1344794061928705e-7,-7.522232423622625e-8
91.16,4.0799331697873953e-7,-7.662366137760307e-8
91.17,4.025053658082883e-7,-7.801069659497253e-8
91.18,3.9698473175964573e-7,-7.938328441514267e-8
91.19,3.914320617912942e-7,-8.074128159001461e-8
91.2,3.8584800509579037e-7,-8.20845471094881e-8
91.21,3.802332130262812e-7,-8.341294221377731e-8
91.22,3.7458833902197164e-7,-8.47263304059658e-8
91.23,3.68914038536355e-7,-8.602457746350727e-8
91.24,3.6321096896144296e-7,-8.730755145033387e-8
91.25,3.574797895557152e-7,-8.857512272785163e-8
91.26,3.517211613691539e-7,-8.982716396596573e-8
91.27,3.4593574716988274e-7,-9.106355015353218e-8
91.28,3.401242113698441e-7,-9.228415860913108e-8
91.29,3.3428721995127494e-7,-9.348886899095386e-8
91.3,3.284254403918815e-7,-9.467756330619117e-8
91.31,3.2253954159210224e-7,-9.585012592099661e-8
91.32,3.1663019379935405e-7,-9.700644356899448e-8
91.33,3.106980685354021e-7,-9.814640536066336e-8
91.34,3.047438385218188e-7,-9.926990279126426e-8
91.35,2.987681776049111e-7,-1.0037682974930624e-7
91.36,2.927717606834682e-7,-1.014670825241703e-7
91.37,2.867552636336178e-7,-1.0254055981368783e-7
91.38,2.8071936323473327e-7,-1.0359716273143381e-7
91.39,2.746647370957779e-7,-1.0463679481349067e-7
91.4,2.6859206358125314e-7,-1.0565936202477202e-7
91.41,2.625020217383553e-7,-1.0666477276578495e-7
91.42,2.563952912204186e-7,-1.0765293787791982e-7
91.43,2.5027255221673246e-7,-1.086237706496896e-7
91.44,2.4413448537569344e-7,-1.09577186821359e-7
91.45,2.3798177173429377e-7,-1.1051310459052767e-7
91.46,2.3181509264144736e-7,-1.1143144461586484e-7
91.47,2.256351296871314e-7,-1.123321300229529e-7
91.48,2.194425646277829e-7,-1.1321508640623267e-7
91.49,2.1323807931387583e-7,-1.140802418346167e-7
91.5,2.0702235561612446e-7,-1.149275268538628e-7
91.51,2.0079607535334602e-7,-1.1575687448947448e-7
91.52,1.9455992021933825e-7,-1.1656822024988223e-7
91.53,1.8831457171004176e-7,-1.1736150212888629e-7
91.54,1.8206071105169904e-7,-1.1813666060761782e-7
91.55,1.7579901912779187e-7,-1.1889363865575735e-7
91.56,1.6953017640816277e-7,-1.1963238173428836e-7
91.57,1.6325486287488346e-7,-1.2035283779532078e-7
91.58,1.569737579528209e-7,-1.2105495728332434e-7
91.59,1.5068754043685277e-7,-1.217386931367579e-7
91.6,1.4439688842044975e-7,-1.2240400078613653e-7
91.61,1.3810247922543733e-7,-1.2305083815598483e-7
91.62,1.3180498932936664e-7,-1.2367916566323624e-7
91.63,1.2550509429667163e-7,-1.2428894621692702e-7
91.64,1.1920346870673383e-7,-1.2488014521678785e-7
91.65,1.129007860842612e-7,-1.254527305524924e-7
91.66,1.0659771882933979e-7,-1.260066726015822e-7
91.67,1.0029493814716188e-7,-1.2654194422755114e-7
91.68,9.399311397868549e-8,-1.2705852077758117e-7
91.69,8.7692914931744e-8,-1.2755638008010603e-7
91.7,8.139500821255482e-8,-1.2803550244194012e-7
91.71,7.510005955402713e-8,-1.2849587064467023e-7
91.72,6.880873315149353e-8,-1.2893746994162836e-7
91.73,6.252169159182e-8,-1.2936028805417898e-7
91.74,5.623959578656986e-8,-1.2976431516720407e-7
91.75,4.996310490384232e-8,-1.30149543924728e-7
91.76,4.36928763018889e-8,-1.305159694257925e-7
91.77,3.742956546139351e-8,-1.3086358921893702e-7
91.78,3.1173825919633033e-8,-1.311924032969541e-7
91.79,2.492630920280355e-8,-1.3150241409188002e-7
91.8,1.8687664762485828e-8,-1.3179362646808122e-7
91.81,1.2458539907390589e-8,-1.320660477169636e-7
91.82,6.23957974129824e-9,-1.3231968755085648e-7
91.83,3.1427093606024134e-11,-1.3255455809450158e-7
91.84,-6.165277540466075e-9,-1.3277067388019156e-7
91.85,-1.2349896066778527e-8,-1.3296805183895572e-7
91.86,-1.8521792854950868e-8,-1.3314671129384121e-7
91.87,-2.4680334802351576e-8,-1.333066739512999e-7
91.88,-3.082489139686656e-8,-1.33447963893719e-7
91.89,-3.695483477919216e-8,-1.3357060757053797e-7
91.9,-4.3069539805646246e-8,-1.3367463378958257e-7
91.91,-4.916838410925518e-8,-1.337600737082423e-7
91.92,-5.525074816204181e-8,-1.3382696082412845e-7
91.93,-6.131601533503182e-8,-1.3387533096549257e-7
91.94,-6.736357195933079e-8,-1.339052222813868e-7
91.95,-7.339280738650012e-8,-1.3391667523154636e-7
91.96,-7.940311404696839e-8,-1.3390973257665272e-7
91.97,-8.5393887512453e-8,-1.3388443936573603e-7
91.98,-9.136452654967785e-8,-1.3384084292871622e-7
91.99,-9.731443318318062e-8,-1.3377899286207958e-7
92.0,-1.0324301275129513e-7,-1.3369894101887339e-7
92.01,-1.0914967396416027e-7,-1.3360074149693503e-7
92.02,-1.1503382896003804e-7,-1.334844506268685e-7
92.03,-1.208948933622571e-7,-1.3335012696003608e-7
92.04,-1.2673228633529808e-7,-1.33197831255785e-7
92.05,-1.325454306401802e-7,-1.3302762646925457e-7
92.06,-1.3833375268910114e-7,-1.3283957773816755e-7
92.07,-1.4409668260119366e-7,-1.3263375236946248e-7
92.08,-1.49833654254955e-7,-1.324102198264556e-7
92.09,-1.5554410534326674e-7,-1.3216905171469122e-7
92.1,-1.6122747742546073e-7,-1.3191032176826843e-7
92.11,-1.6688321598063973e-7,-1.3163410583572703e-7
92.12,-1.7251077045839815e-7,-1.3134048186564764e-7
92.13,-1.7810959433207856e-7,-1.310295298919778e-7
92.14,-1.836791451483557e-7,-1.3070133201939027e-7
92.15,-1.8921888457837172e-7,-1.3035597240798177e-7
92.16,-1.947282784673625e-7,-1.2999353725858675e-7
92.17,-2.0020679688379515e-7,-1.296141147963945e-7
92.18,-2.056539141692122e-7,-1.292177952558076e-7
92.19,-2.1106910898521837e-7,-1.2880467086444042e-7
92.2,-2.1645186436195253e-7,-1.28374835826984e-7
92.21,-2.2180166774487183e-7,-1.279283863087167e-7
92.22,-2.2711801104190068e-7,-1.274654204190937e-7
92.23,-2.324003906690108e-7,-1.2698603819464415e-7
92.24,-2.3764830759566328e-7,-1.2649034158238553e-7
92.25,-2.4286126738993716e-7,-1.2597843442245247e-7
92.26,-2.480387802630442e-7,-1.254504224306753e-7
92.27,-2.5318036111258956e-7,-1.2490641318095878e-7
92.28,-2.582855295659537e-7,-1.2434651608758674e-7
92.29,-2.6335381002280164e-7,-1.2377084238739077e-7
92.3,-2.683847316976448e-7,-1.2317950512111623e-7
92.31,-2.733778286602299e-7,-1.22572619115562e-7
92.32,-2.7833263987701984e-7,-1.219503009649368e-7
92.33,-2.8324870925126785e-7,-1.2131266901190014e-7
92.34,-2.881255856628063e-7,-1.2065984332849895e-7
92.35,-2.929628230062396e-7,-1.1999194569815165e-7
92.36,-2.9775998023070914e-7,-1.1930909959482964e-7
92.37,-3.02516621376336e-7,-1.186114301649059e-7
92.38,-3.072323156117522e-7,-1.1789906420704955e-7
92.39,-3.1190663727126095e-7,-1.1717213015240581e-7
92.4,-3.165391658898691e-7,-1.1643075804484714e-7
92.41,-3.21129486239296e-7,-1.1567507952083827e-7
92.42,-3.256771883620299e-7,-1.1490522778925905e-7
92.43,-3.3018186760590687e-7,-1.14121337610985e-7
92.44,-3.346431246572473e-7,-1.1332354527753375e-7
92.45,-3.390605655736063e-7,-1.1251198859247066e-7
92.46,-3.434338018157203e-7,-1.1168680684839474e-7
92.47,-3.477624502796257e-7,-1.1084814080696106e-7
92.48,-3.520461333268338e-7,-1.0999613267768604e-7
92.49,-3.5628447881511744e-7,-1.0913092609651792e-7
92.5,-3.604771201276712e-7,-1.0825266610450785e-7
92.51,-3.646236962019834e-7,-1.0736149912639814e-7
92.52,-3.687238515585146e-7,-1.0645757294907193e-7
92.53,-3.7277723632847934e-7,-1.0554103669913433e-7
92.54,-3.76783506279531e-7,-1.0461204082153832e-7
92.55,-3.807423228436316e-7,-1.0367073705804774e-7
92.56,-3.846533531420438e-7,-1.0271727842404322e-7
92.57,-3.8851627001028844e-7,-1.0175181918678615e-7
92.58,-3.923307520226161e-7,-1.0077451484318408e-7
92.59,-3.9609648351557917e-7,-9.97855220972644e-8
92.6,-3.9981315461112785e-7,-9.878499883725783e-8
92.61,-4.03480461239066e-7,-9.777310411344874e-8
92.62,-4.0709810515870993e-7,-9.674999811513018e-8
92.63,-4.1066579397987995e-7,-9.571584214749339e-8
92.64,-4.141832411830157e-7,-9.467079860910363e-8
92.65,-4.1765016613974747e-7,-9.36150309687942e-8
92.66,-4.2106629413056563e-7,-9.254870374222364e-8
92.67,-4.2443135636438557e-7,-9.147198246896203e-8
92.68,-4.277450899960219e-7,-9.038503368886558e-8
92.69,-4.3100723814244795e-7,-8.928802491921734e-8
92.7,-4.3421754990015386e-7,-8.818112463086064e-8
92.71,-4.373757803603867e-7,-8.706450222446642e-8
92.72,-4.404816906235172e-7,-8.593832800764345e-8
92.73,-4.435350478161886e-7,-8.480277317098718e-8
92.74,-4.4653562509971673e-7,-8.365800976385958e-8
92.75,-4.494832016882229e-7,-8.250421067124197e-8
92.76,-4.5237756285879705e-7,-8.134154958973416e-8
92.77,-4.55218499962811e-7,-8.017020100358403e-8
92.78,-4.5800581043777914e-7,-7.899034016079548e-8
92.79,-4.6073929781771796e-7,-7.780214304924069e-8
92.8,-4.634187717414458e-7,-7.660578637232e-8
92.81,-4.6604404796308993e-7,-7.540144752529785e-8
92.82,-4.686149483597693e-7,-7.418930457113733e-8
92.83,-4.711313009389498e-7,-7.296953621597662e-8
92.84,-4.735929398461178e-7,-7.174232178550103e-8
92.85,-4.759997053704551e-7,-7.050784120031786e-8
92.86,-4.783514439503266e-7,-6.926627495191993e-8
92.87,-4.806480081790302e-7,-6.801780407855862e-8
92.88,-4.828892568084721e-7,-6.676261014077251e-8
92.89,-4.850750547527435e-7,-6.550087519703442e-8
92.9,-4.872052730915835e-7,-6.423278177995874e-8
92.91,-4.892797890706247e-7,-6.29585128716591e-8
92.92,-4.912984861075317e-7,-6.167825187882771e-8
92.93,-4.932612537881346e-7,-6.039218260987078e-8
92.94,-4.951679878691316e-7,-5.910048924915004e-8
92.95,-4.970185902770762e-7,-5.780335633355926e-8
92.96,-4.988129691078373e-7,-5.650096872810975e-8
92.97,-5.005510386242695e-7,-5.5193511601169006e-8
92.98,-5.022327192546601e-7,-5.3881170400457265e-8
92.99,-5.038579375887456e-7,-5.256413082917599e-8
93.0,-5.054266263745329e-7,-5.1242578821217344e-8
93.01,-5.069387245147148e-7,-4.991670051674365e-8
93.02,-5.083941770601402e-7,-4.85866822388966e-8
93.03,-5.097929352054258e-7,-4.7252710468785924e-8
93.04,-5.11134956282497e-7,-4.5914971821486995e-8
93.05,-5.124202037531889e-7,-4.457365302216096e-8
93.06,-5.136486472022123e-7,-4.322894088187547e-8
93.07,-5.148202623286461e-7,-4.188102227348108e-8
93.08,-5.159350309372657e-7,-4.0530084107619453e-8
93.09,-5.169929409289766e-7,-3.917631330871903e-8
93.1,-5.179939862913663e-7,-3.7819896791077935e-8
93.11,-5.189381670860154e-7,-3.646102143540057e-8
93.12,-5.198254894397684e-7,-3.509987406424466e-8
93.13,-5.206559655309426e-7,-3.373664141871318e-8
93.14,-5.214296135773197e-7,-3.2371510134878955e-8
93.15,-5.221464578224174e-7,-3.100466671970913e-8
93.16,-5.228065285225838e-7,-2.9636297527810095e-8
93.17,-5.234098619313885e-7,-2.826658873783617e-8
93.18,-5.239565002857269e-7,-2.6895726329027388e-8
93.19,-5.244464917882654e-7,-2.5523896057780565e-8
93.2,-5.24879890594234e-7,-2.4151283434612268e-8
93.21,-5.252567567904519e-7,-2.277807370031309e-8
93.22,-5.255771563812424e-7,-2.1404451803476348e-8
93.23,-5.258411612683717e-7,-2.0030602377407565e-8
93.24,-5.260488492332077e-7,-1.865670971663247e-8
93.25,-5.262003039167777e-7,-1.728295775434882e-8
93.26,-5.262956148007002e-7,-1.590953003964941e-8
93.27,-5.263348771856002e-7,-1.4536609714890415e-8
93.28,-5.263181921709487e-7,-1.316437949276853e-8
93.29,-5.262456666326752e-7,-1.1793021634231128e-8
93.3,-5.261174132014793e-7,-1.0422717925571684e-8
93.31,-5.259335502398151e-7,-9.053649656687255e-9
93.32,-5.256942018183573e-7,-7.685997598513639e-9
93.33,-5.253994976918907e-7,-6.319941981023648e-9
93.34,-5.250495732755808e-7,-4.955662471275651e-9
93.35,-5.246445696188853e-7,-3.5933381516237586e-9
93.36,-5.241846333804773e-7,-2.2331474977995407e-9
93.37,-5.236699168022129e-7,-8.752683575748334e-10
93.38,-5.231005776811437e-7,4.801220710171725e-10
93.39,-5.224767793446287e-7,1.8328472611643036e-9
93.4,-5.217986906199473e-7,3.1827313780082e-9
93.41,-5.21066485807513e-7,4.529599300190064e-9
93.42,-5.202803446512996e-7,5.873276640815982e-9
93.43,-5.194404523097325e-7,7.213589768057732e-9
93.44,-5.185469993255348e-7,8.5503658262179e-9
93.45,-5.176001815954157e-7,9.883432756018903e-9
93.46,-5.166002003386819e-7,1.1212619315133306e-8
93.47,-5.15547262066839e-7,1.2537755098978386e-8
93.48,-5.14441578549695e-7,1.38586705598119e-8
93.49,-5.132833667847594e-7,1.5175197027645033e-8
93.5,-5.120728489628511e-7,1.648716672961333e-8
93.51,-5.10810252435423e-7,1.7794412810229722e-8
93.52,-5.094958096804195e-7,1.9096769350236535e-8
93.53,-5.081297582672811e-7,2.0394071386499953e-8
93.54,-5.067123408225608e-7,2.1686154931097178e-8
93.55,-5.052438049942357e-7,2.2972856990556583e-8
93.56,-5.037244034159053e-7,2.4254015584449615e-8
93.57,-5.021543936703077e-7,2.552946976418384e-8
93.58,-5.005340382521059e-7,2.679905963211359e-8
93.59,-4.988636045318099e-7,2.806262635928418e-8
93.6,-4.971433647164806e-7,2.9320012204106202e-8
93.61,-4.953735958127835e-7,3.057106053034376e-8
93.62,-4.935545795874232e-7,3.181561582494836e-8
93.63,-4.916866025286978e-7,3.3053523715687846e-8
93.64,-4.897699558065625e-7,3.4284630989158856e-8
93.65,-4.878049352332967e-7,3.550878560758068e-8
93.66,-4.857918412223972e-7,3.672583672643821e-8
93.67,-4.837309787484454e-7,3.7935634711079096e-8
93.68,-4.816226573051716e-7,3.9138031153953283e-8
93.69,-4.794671908645668e-7,4.033287889102871e-8
93.7,-4.772648978350079e-7,4.152003201831046e-8
93.71,-4.750161010179848e-7,4.269934590800132e-8
93.72,-4.727211275662362e-7,4.3870677224654237e-8
93.73,-4.703803089396304e-7,4.5033883940985164e-8
93.74,-4.679939808627818e-7,4.618882535395285e-8
93.75,-4.655624832801427e-7,4.733536209929151e-8
93.76,-4.63086160312516e-7,4.8473356167850035e-8
93.77,-4.605653602112553e-7,4.960267092013362e-8
93.78,-4.5800043531452873e-7,5.072317110120857e-8
93.79,-4.553917420012145e-7,5.1834722855597587e-8
93.8,-4.527396406454073e-7,5.293719374155666e-8
93.81,-4.500444955704602e-7,5.4030452745503694e-8
93.82,-4.47306675001784e-7,5.511437029578386e-8
93.83,-4.4452655102192895e-7,5.618881827702488e-8
93.84,-4.417044995214149e-7,5.725367004340422e-8
93.85,-4.388409001526371e-7,5.8308800432373876e-8
93.86,-4.359361362821491e-7,5.935408577755096e-8
93.87,-4.3299059494221986e-7,6.038940392178804e-8
93.88,-4.300046667826605e-7,6.141463423047264e-8
93.89,-4.2697874602251914e-7,6.242965760352254e-8
93.9,-4.239132304007744e-7,6.343435648797369e-8
93.91,-4.2080852112762584e-7,6.442861489023471e-8
93.92,-4.176650228346462e-7,6.541231838783876e-8
93.93,-4.1448314352621187e-7,6.638535414163399e-8
93.94,-4.112632945253375e-7,6.734761090578183e-8
93.95,-4.080058904313578e-7,6.829897904160435e-8
93.96,-4.047113490614001e-7,6.923935052620928e-8
93.97,-4.0138009140409716e-7,7.016861896465703e-8
93.98,-3.9801254156718666e-7,7.108667960010602e-8
93.99,-3.946091267267191e-7,7.199342932431325e-8
94.0,-3.9117027707518283e-7,7.288876668746372e-8
94.01,-3.876964257701359e-7,7.377259190868523e-8
94.02,-3.841880088825847e-7,7.464480688531063e-8
94.03,-3.8064546534413966e-7,7.5505315202576e-8
94.04,-3.770692368945696e-7,7.635402214242034e-8
94.05,-3.734597680308238e-7,7.719083469311398e-8
94.06,-3.6981750595241567e-7,7.801566155763076e-8
94.07,-3.661429005095201e-7,7.882841316237844e-8
94.08,-3.6243640414951724e-7,7.962900166514688e-8
94.09,-3.586984718640813e-7,8.041734096368396e-8
94.1,-3.5492956113542756e-7,8.119334670319929e-8
94.11,-3.511301318825739e-7,8.195693628431658e-8
94.12,-3.4730064640779957e-7,8.27080288697675e-8
94.13,-3.4344156934287844e-7,8.344654539248282e-8
94.14,-3.3955336759479133e-7,8.417240856154076e-8
94.15,-3.3563651029107647e-7,8.488554286962107e-8
94.16,-3.3169146872610905e-7,8.558587459906157e-8
94.17,-3.2771871630656724e-7,8.62733318278892e-8
94.18,-3.23718728496424e-7,8.694784443619511e-8
94.19,-3.196919827629654e-7,8.760934411174767e-8
94.2,-3.156389585205367e-7,8.825776435501443e-8
94.21,-3.11560137077037e-7,8.889304048500357e-8
94.22,-3.0745600157887325e-7,8.9515109644149e-8
94.23,-3.0332703695345665e-7,9.012391080263538e-8
94.24,-2.991737298582709e-7,9.071938476365467e-8
94.25,-2.9499656862161845e-7,9.130147416718607e-8
94.26,-2.907960431889594e-7,9.187012349392671e-8
94.27,-2.865726450676666e-7,9.242527906966965e-8
94.28,-2.8232686727057385e-7,9.296688906851202e-8
94.29,-2.780592042611613e-7,9.349490351623802e-8
94.3,-2.737701518981788e-7,9.400927429349717e-8
94.31,-2.694602073790985e-7,9.450995513829945e-8
94.32,-2.651298691843035e-7,9.499690164928418e-8
94.33,-2.6077963702355857e-7,9.547007128784494e-8
94.34,-2.56410011777093e-7,9.592942337976093e-8
94.35,-2.520214954419501e-7,9.637491911797072e-8
94.36,-2.476145910758232e-7,9.6806521563468e-8
94.37,-2.431898027408939e-7,9.722419564762222e-8
94.38,-2.3874763544798915e-7,9.76279081720692e-8
94.39,-2.3428859510119034e-7,9.801762781112704e-8
94.4,-2.2981318844246096e-7,9.839332511154316e-8
94.41,-2.2532192299331055e-7,9.875497249314571e-8
94.42,-2.2081530700386733e-7,9.910254424958715e-8
94.43,-2.1629384939212133e-7,9.943601654755628e-8
94.44,-2.117580596916189e-7,9.975536742724845e-8
94.45,-2.0720844799396957e-7,1.0006057680163998e-7
94.46,-2.026455248944941e-7,1.0035162645568298e-7
94.47,-1.9806980143577446e-7,1.0062850004572827e-7
94.48,-1.9348178905265592e-7,1.0089118309788011e-7
94.49,-1.8888199951655233e-7,1.0113966300695418e-7
94.5,-1.842709448805192e-7,1.0137392903507852e-7
94.51,-1.7964913742343756e-7,1.015939723089833e-7
94.52,-1.7501708959508884e-7,1.0179978581901401e-7
94.53,-1.7037531396115694e-7,1.019913644158308e-7
94.54,-1.657243231480591e-7,1.0216870480863698e-7
94.55,-1.6106462978797625e-7,1.023318055618868e-7
94.56,-1.5639674646408824e-7,1.0248066709251962e-7
94.57,-1.5172118565607138e-7,1.0261529166682853e-7
94.58,-1.4703845968497997e-7,1.0273568339651509e-7
94.59,-1.4234908065922719e-7,1.0284184823570103e-7
94.6,-1.37653560420781e-7,1.029337939767423e-7
94.61,-1.3295241048966865e-7,1.0301153024590244e-7
94.62,-1.2824614200970158e-7,1.0307506849866738e-7
94.63,-1.235352656971999e-7,1.0312442201636653e-7
94.64,-1.1882029178425862e-7,1.0315960590049153e-7
94.65,-1.1410172996647139e-7,1.0318063706753538e-7
94.66,-1.0938008934913926e-7,1.0318753424443125e-7
94.67,-1.0465587839421855e-7,1.0318031796253057e-7
94.68,-9.99296048670414e-8,1.0315901055227354e-7
94.69,-9.520177578219709e-8,1.0312363613667102e-7
94.7,-9.047289735627436e-8,1.0307422062742873e-7
94.71,-8.574347494423624e-8,1.0301079171442959e-7
94.72,-8.101401299821483e-8,1.0293337886335411e-7
94.73,-7.628501500973842e-8,1.02842013306948e-7
94.74,-7.155698345857905e-8,1.0273672803824562e-7
94.75,-6.68304197611981e-8,1.0261755780381715e-7
94.76,-6.210582421947275e-8,1.024845390960258e-7
94.77,-5.738369596838019e-8,1.0233771014568464e-7
94.78,-5.266453292596543e-8,1.021771109141788e-7
94.79,-4.794883174191714e-8,1.0200278308562304e-7
94.8,-4.323708774638864e-8,1.0181477005849983e-7
94.81,-3.8529794901142215e-8,1.0161311693751406e-7
94.82,-3.382744574610153e-8,1.0139787052428025e-7
94.83,-2.913053135439603e-8,1.0116907931008467e-7
94.84,-2.4439541278314928e-8,1.009267934653553e-7
94.85,-1.9754963501298403e-8,1.0067106483114169e-7
94.86,-1.5077284389257853e-8,1.0040194690980288e-7
94.87,-1.0406988641213885e-8,1.0011949485546988e-7
94.88,-5.744559240759545e-9,9.982376546379443e-8
94.89,-1.0904774074326526e-9,9.951481716286779e-8
94.9,3.5547774508653492e-9,9.919271000236391e-8
94.91,8.190727785966608e-9,9.885750564364279e-8
94.92,1.2816897957078035e-8,9.850926734899076e-8
94.93,1.7432814277658315e-8,9.814805997121562e-8
94.94,2.203800506252588e-8,9.777394994248763e-8
94.95,2.6632000674687117e-8,9.738700526364863e-8
94.96,3.121433357107249e-8,9.698729549260849e-8
94.97,3.5784538348046755e-8,9.657489173360764e-8
94.98,4.034215178995097e-8,9.614986662420378e-8
94.99,4.4886712910301e-8,9.571229432571991e-8
95.0,4.941776299962071e-8,9.526225050955954e-8
95.01,5.3934845669707976e-8,9.479981234568233e-8
95.02,5.8437506896914014e-8,9.432505849060762e-8
95.03,6.292529506734478e-8,9.383806907459234e-8
95.04,6.739776102016032e-8,9.333892568941385e-8
95.05,7.185445809023544e-8,9.282771137545457e-8
95.06,7.62949421527117e-8,9.23045106086611e-8
95.07,8.071877166362128e-8,9.17694092879626e-8
95.08,8.512550770350013e-8,9.122249472154218e-8
95.09,8.951471401918878e-8,9.066385561370033e-8
95.1,9.388595706500449e-8,9.009358205130813e-8
95.11,9.823880604406028e-8,8.951176549032369e-8
95.12,1.0257283294875934e-7,8.891849874161636e-8
95.13,1.0688761260190873e-7,8.831387595721259e-8
95.14,1.1118272269603042e-7,8.769799261635208e-8
95.15,1.154577438335612e-7,8.707094551081628e-8
95.16,1.1971225956560937e-7,8.643283273078256e-8
95.17,1.2394585643122712e-7,8.578375365071444e-8
95.18,1.281581239958296e-7,8.512380891359574e-8
95.19,1.3234865488933015e-7,8.445310041726234e-8
95.2,1.3651704484320262e-7,8.377173129886134e-8
95.21,1.4066289272866462e-7,8.30798059199902e-8
95.22,1.4478580059323006e-7,8.237742985138219e-8
95.23,1.488853736965664e-7,8.166470985765205e-8
95.24,1.5296122054755208e-7,8.094175388192929e-8
95.25,1.5701295293898914e-7,8.020867103020776e-8
95.26,1.6104018598356058e-7,7.946557155550437e-8
95.27,1.6504253814796164e-7,7.871256684243205e-8
95.28,1.690196312879124e-7,7.794976939106017e-8
95.29,1.729710906811293e-7,7.717729280072971e-8
95.3,1.768965450621323e-7,7.639525175417713e-8
95.31,1.8079562665398908e-7,7.560376200126411e-8
95.32,1.846679712017754e-7,7.480294034238286e-8
95.33,1.8851321800483196e-7,7.399290461230563e-8
95.34,1.92331009947916e-7,7.31737736633882e-8
95.35,1.961209935317598e-7,7.234566734881547e-8
95.36,1.998828189073248e-7,7.150870650628738e-8
95.37,2.0361613990141502e-7,7.066301294074207e-8
95.38,2.0732061405060028e-7,6.980870940752937e-8
95.39,2.1099590262813727e-7,6.894591959528401e-8
95.4,2.146416706745767e-7,6.807476810912875e-8
95.41,2.1825758702545938e-7,6.719538045286057e-8
95.42,2.218433243398533e-7,6.630788301227382e-8
95.43,2.2539855912760954e-7,6.541240303730764e-8
95.44,2.2892297177722983e-7,6.450906862495751e-8
95.45,2.3241624658219208e-7,6.359800870118945e-8
95.46,2.3587807176632578e-7,6.267935300407609e-8
95.47,2.3930813951120473e-7,6.175323206543669e-8
95.48,2.4270614598034077e-7,6.081977719328161e-8
95.49,2.4607179134468456e-7,5.987912045428857e-8
95.5,2.494047798059627e-7,5.8931394655350404e-8
95.51,2.5270481962171116e-7,5.797673332611654e-8
95.52,2.559716231280775e-7,5.701527070063019e-8
95.53,2.592049067626696e-7,5.6047141699353316e-8
95.54,2.624043910870803e-7,5.5072481911336614e-8
95.55,2.655698008091984e-7,5.409142757512894e-8
95.56,2.6870086480357923e-7,5.310411556188981e-8
95.57,2.717973161339672e-7,5.211068335584403e-8
95.58,2.7485889207239285e-7,5.111126903649173e-8
95.59,2.7788533411991707e-7,5.010601126036242e-8
95.6,2.808763880258363e-7,4.9095049242154566e-8
95.61,2.83831803806761e-7,4.807852273663048e-8
95.62,2.8675133576543977e-7,4.705657201993223e-8
95.63,2.8963474250757187e-7,4.6029337871157656e-8
95.64,2.924817869612254e-7,4.499696155363001e-8
95.65,2.9529223639222814e-7,4.3959584796293805e-8
95.66,2.9806586242121847e-7,4.291734977530016e-8
95.67,3.0080244104025096e-7,4.187039909500557e-8
95.68,3.0350175262718903e-7,4.0818875769648784e-8
95.69,3.061635819616991e-7,3.976292320422927e-8
95.7,3.0878771823929224e-7,3.870268517623076e-8
95.71,3.113739550855951e-7,3.763830581644492e-8
95.72,3.1392209056926253e-7,3.656992959055316e-8
95.73,3.164319272162308e-7,3.5497701280342473e-8
95.74,3.189032720206093e-7,3.4421765964277325e-8
95.75,3.2133593645834495e-7,3.334226899982059e-8
95.76,3.2372973649734736e-7,3.2259356003634935e-8
95.77,3.260844926092226e-7,3.11731728333794e-8
95.78,3.284000297796814e-7,3.0083865568633354e-8
95.79,3.3067617751848294e-7,2.8991580492188364e-8
95.8,3.329127698688722e-7,2.789646407127699e-8
95.81,3.351096454162122e-7,2.679866293872296e-8
95.82,3.372666472984421e-7,2.5698323874217113e-8
95.83,3.393836232100579e-7,2.4595593785598548e-8
95.84,3.4146042541365907e-7,2.349061968984612e-8
95.85,3.4349691074492226e-7,2.238354869457632e-8
95.86,3.454929406192573e-7,2.1274527979377344e-8
95.87,3.4744838103795285e-7,2.0163704776927117e-8
95.88,3.493631025936031e-7,1.9051226354401264e-8
95.89,3.5123698047528646e-7,1.793723999462533e-8
95.9,3.5306989447322334e-7,1.6821892977921665e-8
95.91,3.5486172897945767e-7,1.5705332562864938e-8
95.92,3.566123729989242e-7,1.4587705968228926e-8
95.93,3.5832172014398823e-7,1.3469160354481078e-8
95.94,3.5998966864183836e-7,1.2349842804723118e-8
95.95,3.616161213353238e-7,1.1229900306712422e-8
95.96,3.6320098568352827e-7,1.0109479734401777e-8
95.97,3.6474417376379043e-7,8.98872782952614e-9
95.98,3.6624560227211904e-7,7.867791183013543e-9
95.99,3.6770519252243486e-7,6.7468162169932305e-9
96.0,3.6912287044649435e-7,5.625949166564172e-9
96.01,3.704985665929366e-7,4.50533606135631e-9
96.02,3.718322161255558e-7,3.385122707821881e-9
96.03,3.731237588216144e-7,2.2654546705951298e-9
96.04,3.7437313906880823e-7,1.1464772550380383e-9
96.05,3.7558030586270965e-7,2.8335488707591155e-11
96.06,3.7674521280317737e-7,-1.0888258958472704e-9
96.07,3.7786781809050235e-7,-2.2048624795915507e-9
96.08,3.789480845205302e-7,-3.319630174498243e-9
96.09,3.799859794803693e-7,-4.432985241004333e-9
96.1,3.8098147494219415e-7,-5.544784306163926e-9
96.11,3.8193454745829894e-7,-6.654884380317287e-9
96.12,3.8284517815404273e-7,-7.763142876112474e-9
96.13,3.83713352721e-7,-8.869417624106606e-9
96.14,3.845390614098805e-7,-9.973566891524213e-9
96.15,3.853222990226048e-7,-1.1075449398584799e-8
96.16,3.8606306490440175e-7,-1.2174924336232852e-8
96.17,3.8676136293410033e-7,-1.3271851382758363e-8
96.18,3.8741720151614786e-7,-1.4366090721370784e-8
96.19,3.880305935701275e-7,-1.5457503056493454e-8
96.2,3.886015565200724e-7,-1.6545949630919808e-8
96.21,3.8913011228588715e-7,-1.7631292242590555e-8
96.22,3.8961628726993256e-7,-1.871339326091952e-8
96.23,3.90060112347065e-7,-1.9792115643834693e-8
96.24,3.904616228515985e-7,-2.0867322953457777e-8
96.25,3.908208585659409e-7,-2.1938879373141952e-8
96.26,3.9113786370648125e-7,-2.3006649723449096e-8
96.27,3.914126869114572e-7,-2.4070499478249152e-8
96.28,3.9164538122651277e-7,-2.5130294780734125e-8
96.29,3.918360040895976e-7,-2.6185902459273747e-8
96.3,3.919846173185797e-7,-2.7237190043455247e-8
96.31,3.920912870939513e-7,-2.8284025779828895e-8
96.32,3.9215608394417806e-7,-2.9326278646948105e-8
96.33,3.9217908272946103e-7,-3.036381837130977e-8
96.34,3.9216036262572947e-7,-3.139651544286116e-8
96.35,3.921000071071327e-7,-3.2424241129803703e-8
96.36,3.9199810392941677e-7,-3.344686749380967e-8
96.37,3.918547451111655e-7,-3.446426740505615e-8
96.38,3.9167002691781023e-7,-3.547631455796796e-8
96.39,3.9144404983993856e-7,-3.648288348390623e-8
96.4,3.9117691857696425e-7,-3.7483849567897814e-8
96.41,3.9086874201657886e-7,-3.847908906202869e-8
96.42,3.905196332150957e-7,-3.946847910009029e-8
96.43,3.901297093772521e-7,-4.045189771187716e-8
96.44,3.8969909183589456e-7,-4.1429223837073926e-8
96.45,3.892279060302983e-7,-4.24003373395573e-8
96.46,3.887162814853856e-7,-4.336511902089088e-8
96.47,3.8816435178984023e-7,-4.4323450634373306e-8
96.48,3.8757225457309253e-7,-4.527521489815837e-8
96.49,3.8694013148388594e-7,-4.6220295509235484e-8
96.5,3.8626812816677906e-7,-4.7158577156194106e-8
96.51,3.855563942385617e-7,-4.8089945532699326e-8
96.52,3.84805083264847e-7,-4.90142873504296e-8
96.53,3.8401435273549276e-7,-4.993149035167402e-8
96.54,3.831843640408909e-7,-5.0841443322465335e-8
96.55,3.823152824462489e-7,-5.174403610484519e-8
96.56,3.8140727706691057e-7,-5.263915960937119e-8
96.57,3.8046052084249464e-7,-5.3526705827159525e-8
96.58,3.7947519051064337e-7,-5.440656784241733e-8
96.59,3.7845146658193744e-7,-5.527863984416156e-8
96.6,3.773895333117123e-7,-5.6142817137766865e-8
96.61,3.7628957867373683e-7,-5.6998996157179224e-8
96.62,3.7515179433283695e-7,-5.78470744758265e-8
96.63,3.7397637561737415e-7,-5.8686950818305016e-8
96.64,3.727635214906603e-7,-5.9518525071495274e-8
96.65,3.715134345228579e-7,-6.034169829537613e-8
96.66,3.7022632086268023e-7,-6.115637273431806e-8
96.67,3.689023902073746e-7,-6.196245182692095e-8
96.68,3.675418557746369e-7,-6.275984021785007e-8
96.69,3.6614493427159505e-7,-6.354844376671712e-8
96.7,3.6471184586586753e-7,-6.432816955963448e-8
96.71,3.6324281415455297e-7,-6.509892591794493e-8
96.72,3.6173806613389307e-7,-6.586062240931828e-8
96.73,3.6019783216880507e-7,-6.661316985636417e-8
96.74,3.586223459603733e-7,-6.735648034711883e-8
96.75,3.570118445157286e-7,-6.80904672435523e-8
96.76,3.553665681154553e-7,-6.881504519136092e-8
96.77,3.536867602815607e-7,-6.953013012868889e-8
96.78,3.519726677454451e-7,-7.023563929482921e-8
96.79,3.5022454041465426e-7,-7.0931491239434e-8
96.8,3.4844263134034184e-7,-7.161760583027109e-8
96.81,3.4662719668420973e-7,-7.229390426214362e-8
96.82,3.447784956843514e-7,-7.29603090647016e-8
96.83,3.428967906221389e-7,-7.361674411056724e-8
96.84,3.4098234678829784e-7,-7.426313462304797e-8
96.85,3.390354324468576e-7,-7.489940718323973e-8
96.86,3.3705631880416806e-7,-7.552548973878962e-8
96.87,3.3504527997054523e-7,-7.614131160971444e-8
96.88,3.330025929273745e-7,-7.674680349629816e-8
96.89,3.309285374910234e-7,-7.734189748561892e-8
96.9,3.288233962775264e-7,-7.792652705829255e-8
96.91,3.2668745466701806e-7,-7.850062709529958e-8
96.92,3.245210007677367e-7,-7.906413388388356e-8
96.93,3.223243253793635e-7,-7.961698512404413e-8
96.94,3.200977219575035e-7,-8.015911993431999e-8
96.95,3.178414865765064e-7,-8.069047885762188e-8
96.96,3.1555591789276035e-7,-8.121100386682256e-8
96.97,3.1324131710767147e-7,-8.172063837049601e-8
96.98,3.108979879304772e-7,-8.221932721751794e-8
96.99,3.0852623654091326e-7,-8.27070167027177e-8
97.0,3.061263715513707e-7,-8.318365457137129e-8
97.01,3.0369870396947607e-7,-8.364919002405554e-8
97.02,3.012435471599571e-7,-8.410357372105229e-8
97.03,2.987612168057726e-7,-8.454675778671155e-8
97.04,2.962520308718443e-7,-8.497869581397626e-8
97.05,2.9371630956379123e-7,-8.539934286705831e-8
97.06,2.9115437529126345e-7,-8.580865548673842e-8
97.07,2.8856655262844046e-7,-8.620659169290743e-8
97.08,2.859531682751271e-7,-8.659311098812869e-8
97.09,2.833145510176798e-7,-8.696817436129093e-8
97.1,2.806510316897464e-7,-8.733174429007919e-8
97.11,2.7796294313249286e-7,-8.768378474380534e-8
97.12,2.7525062015553336e-7,-8.802426118641685e-8
97.13,2.725143994969893e-7,-8.835314057837898e-8
97.14,2.697546197839545e-7,-8.867039137966271e-8
97.15,2.669716214919069e-7,-8.897598355088416e-8
97.16,2.6416574690545984e-7,-8.926988855595579e-8
97.17,2.613373400773628e-7,-8.955207936333565e-8
97.18,2.584867467889552e-7,-8.982253044764971e-8
97.19,2.556143145092972e-7,-9.008121779095828e-8
97.2,2.5272039235524487e-7,-9.032811888398512e-8
97.21,2.4980533104973946e-7,-9.05632127269909e-8
97.22,2.468694828822147e-7,-9.078647983029643e-8
97.23,2.4391320166714897e-7,-9.099790221498708e-8
97.24,2.409368427039251e-7,-9.119746341366968e-8
97.25,2.379407627353256e-7,-9.138514847002658e-8
97.26,2.3492531990620501e-7,-9.156094393894055e-8
97.27,2.3189087372343394e-7,-9.172483788678978e-8
97.28,2.2883778501370776e-7,-9.187681989044769e-8
97.29,2.2576641588305991e-7,-9.201688103710216e-8
97.3,2.2267712967515246e-7,-9.214501392319637e-8
97.31,2.1957029093078052e-7,-9.226121265421902e-8
97.32,2.164462653439706e-7,-9.236547284214298e-8
97.33,2.133054197251297e-7,-9.245779160584658e-8
97.34,2.1014812195490609e-7,-9.253816756853808e-8
97.35,2.069747409456319e-7,-9.260660085622611e-8
97.36,2.0378564659899503e-7,-9.266309309606384e-8
97.37,2.005812097638963e-7,-9.27076474143679e-8
97.38,1.9736180219576918e-7,-9.27402684339872e-8
97.39,1.9412779651461646e-7,-9.276096227244839e-8
97.4,1.9087956616377722e-7,-9.276973653901295e-8
97.41,1.8761748536793596e-7,-9.276660033215392e-8
97.42,1.843419290907428e-7,-9.275156423592406e-8
97.43,1.8105327299579698e-7,-9.272464031823023e-8
97.44,1.777518934023502e-7,-9.268584212599935e-8
97.45,1.7443816724503698e-7,-9.263518468294753e-8
97.46,1.7111247203201623e-7,-9.257268448477268e-8
97.47,1.677751858038331e-7,-9.249835949642866e-8
97.48,1.6442668709139694e-7,-9.241222914743108e-8
97.49,1.6106735487464557e-7,-9.231431432780907e-8
97.5,1.576975685413585e-7,-9.220463738384771e-8
97.51,1.5431770784545682e-7,-9.208322211375645e-8
97.52,1.5092815286548284e-7,-9.195009376225307e-8
97.53,1.4752928396428924e-7,-9.180527901666418e-8
97.54,1.4412148174641464e-7,-9.164880600105291e-8
97.55,1.407051270176094e-7,-9.148070427155401e-8
97.56,1.3728060074372847e-7,-9.130100481061948e-8
97.57,1.3384828400926357e-7,-9.110974002181876e-8
97.58,1.3040855797674346e-7,-9.09069437237659e-8
97.59,1.2696180384539002e-7,-9.069265114449042e-8
97.6,1.2350840280958498e-7,-9.046689891501964e-8
97.61,1.2004873602361272e-7,-9.022972506470488e-8
97.62,1.1658318454883878e-7,-8.998116901160019e-8
97.63,1.1311212932554206e-7,-8.972127155930518e-8
97.64,1.096359511263009e-7,-8.945007488840263e-8
97.65,1.0615503051646443e-7,-8.916762255035158e-8
97.66,1.0266974781380722e-7,-8.887395945974321e-8
97.67,9.918048305019525e-8,-8.856913188820128e-8
97.68,9.568761592714122e-8,-8.825318745566914e-8
97.69,9.219152578020821e-8,-8.792617512401718e-8
97.7,8.869259153767236e-8,-8.758814518926235e-8
97.71,8.519119167970428e-8,-8.723914927317734e-8
97.72,8.168770419972637e-8,-8.687924031589939e-8
97.73,7.818250656494527e-8,-8.650847256730985e-8
97.74,7.467597567691494e-8,-8.61269015796059e-8
97.75,7.116848783182962e-8,-8.573458419807517e-8
97.76,6.766041868275138e-8,-8.533157855275306e-8
97.77,6.415214319855984e-8,-8.491794405010531e-8
97.78,6.064403562697846e-8,-8.44937413635632e-8
97.79,5.713646945580199e-8,-8.405903242536321e-8
97.8,5.362981737301147e-8,-8.361388041647441e-8
97.81,5.0124451230161054e-8,-8.315834975794097e-8
97.82,4.6620742003360916e-8,-8.269250610140163e-8
97.83,4.3119059754973614e-8,-8.221641631927652e-8
97.84,3.9619773596849634e-8,-8.173014849529082e-8
97.85,3.6123251652110916e-8,-8.12337719148931e-8
97.86,3.262986101741799e-8,-8.072735705449097e-8
97.87,2.9139967725771387e-8,-8.021097557243568e-8
97.88,2.5653936711583815e-8,-7.968470029780209e-8
97.89,2.2172131768720943e-8,-7.914860522074556e-8
97.9,1.8694915519787197e-8,-7.860276548173203e-8
97.91,1.522264937538374e-8,-7.804725736069392e-8
97.92,1.1755693499863227e-8,-7.748215826685603e-8
97.93,8.294406774654187e-9,-7.69075467273553e-8
97.94,4.839146762213066e-9,-7.632350237670801e-8
97.95,1.3902696708608686e-9,-7.573010594516746e-8
97.96,-2.051869681002729e-9,-7.51274392480094e-8
97.97,-5.486917900535401e-9,-7.451558517367468e-8
97.98,-8.914523054195379e-9,-7.389462767322761e-8
97.99,-1.2334334703600966e-8,-7.32646517474498e-8
98.0,-1.574600394021597e-8,-7.262574343614434e-8
98.01,-1.9149183418620898e-8,-7.197798980613908e-8
98.02,-2.2543527391303637e-8,-7.132147893922403e-8
98.03,-2.5928691742625285e-8,-7.065629992005794e-8
98.04,-2.9304334021944463e-8,-6.998254282431937e-8
98.05,-3.2670113477323395e-8,-6.930029870621937e-8
98.06,-3.602569108825406e-8,-6.860965958635728e-8
98.07,-3.937072959908139e-8,-6.791071843882517e-8
98.08,-4.2704893551114714e-8,-6.720356917990915e-8
98.09,-4.602784931517728e-8,-6.64883066532828e-8
98.1,-4.933926512349014e-8,-6.576502661959897e-8
98.11,-5.2638811101764016e-8,-6.503382574202204e-8
98.12,-5.5926159300587404e-8,-6.429480157400911e-8
98.13,-5.9200983726847747e-8,-6.354805254626976e-8
98.14,-6.246296037428387e-8,-6.279367795331143e-8
98.15,-6.571176725505114e-8,-6.203177794063037e-8
98.16,-6.894708442927834e-8,-6.126245349120506e-8
98.17,-7.216859403575315e-8,-6.048580641203333e-8
98.18,-7.53759803220477e-8,-5.970193932095601e-8
98.19,-7.856892967343634e-8,-5.891095563276684e-8
98.2,-8.174713064243139e-8,-5.8112959546030415e-8
98.21,-8.491027397851678e-8,-5.730805602882669e-8
98.22,-8.805805265608678e-8,-5.649635080551702e-8
98.23,-9.119016190264266e-8,-5.5677950342680825e-8
98.24,-9.43062992282007e-8,-5.4852961834813556e-8
98.25,-9.74061644515696e-8,-5.402149319097872e-8
98.26,-1.0048945973011954e-7,-5.318365302032492e-8
98.27,-1.0355588958355845e-7,-5.2339550618007765e-8
98.28,-1.0660516092413668e-7,-5.148929595112677e-8
98.29,-1.0963698308179867e-7,-5.063299964437529e-8
98.3,-1.1265106783047556e-7,-4.977077296555198e-8
98.31,-1.1564712941442181e-7,-4.89027278114641e-8
98.32,-1.1862488457383406e-7,-4.802897669319481e-8
98.33,-1.2158405256997595e-7,-4.714963272204748e-8
98.34,-1.2452435521010591e-7,-4.6264809594314275e-8
98.35,-1.2744551687338095e-7,-4.537462157709903e-8
98.36,-1.3034726453309403e-7,-4.447918349362883e-8
98.37,-1.3322932778260776e-7,-4.357861070857232e-8
98.38,-1.3609143885821524e-7,-4.267301911312248e-8
98.39,-1.3893333266265132e-7,-4.176252511013577e-8
98.4,-1.4175474678860643e-7,-4.084724559956668e-8
98.41,-1.4455542154053178e-7,-3.992729796326878e-8
98.42,-1.4733509995817251e-7,-3.9002800050181274e-8
98.43,-1.5009352783755586e-7,-3.807387016147429e-8
98.44,-1.5283045375350908e-7,-3.714062703541978e-8
98.45,-1.5554562908038032e-7,-3.620318983218702e-8
98.46,-1.5823880801412746e-7,-3.526167811906295e-8
98.47,-1.6090974759122996e-7,-3.431621185515546e-8
98.48,-1.6355820771079429e-7,-3.3366911376399794e-8
98.49,-1.661839511539916e-7,-3.2413897380024493e-8
98.5,-1.6878674360290448e-7,-3.1457290909950695e-8
98.51,-1.7136635366111958e-7,-3.049721334106436e-8
98.52,-1.739225528714976e-7,-2.953378636423625e-8
98.53,-1.7645511573587625e-7,-2.8567131970852034e-8
98.54,-1.7896381973206563e-7,-2.759737243789289e-8
98.55,-1.8144844533256226e-7,-2.6624630312370984e-8
98.56,-1.839087760224111e-7,-2.5649028395956757e-8
98.57,-1.8634459831543506e-7,-2.4670689729792036e-8
98.58,-1.887557017715304e-7,-2.368973757927233e-8
98.59,-1.911418790129009e-7,-2.2706295418515402e-8
98.6,-1.9350292574038324e-7,-2.1720486915074166e-8
98.61,-1.9583864074905959e-7,-2.0732435914859762e-8
98.62,-1.9814882594393035e-7,-1.974226642596199e-8
98.63,-2.0043328635448333e-7,-1.8750102604344666e-8
98.64,-2.026918301482184e-7,-1.775606873805162e-8
98.65,-2.0492426864837946e-7,-1.6760289231412553e-8
98.66,-2.071304163439196e-7,-1.57628885903865e-8
98.67,-2.093100909056237e-7,-1.4763991406809072e-8
98.68,-2.1146311319766136e-7,-1.3763722343328641e-8
98.69,-2.1358930729137393e-7,-1.276220611798182e-8
98.7,-2.156885004775772e-7,-1.175956748851389e-8
98.71,-2.1776052327840234e-7,-1.075593123758778e-8
98.72,-2.1980520945864176e-7,-9.751422157642956e-9
98.73,-2.2182239603792126e-7,-8.74616503474755e-9
98.74,-2.2381192330089522e-7,-7.740284634299777e-9
98.75,-2.25773634807982e-7,-6.733905685333409e-9
98.76,-2.2770737740558985e-7,-5.7271528654012325e-9
98.77,-2.2961300123656586e-7,-4.7201507853755315e-9
98.78,-2.3149035974838023e-7,-3.713023974351386e-9
98.79,-2.3333930970313685e-7,-2.705896864409766e-9
98.8,-2.3515971118606776e-7,-1.6988937757584252e-9
98.81,-2.3695142761354294e-7,-6.921389016721349e-10
98.82,-2.387143257420154e-7,3.1424370762371635e-10
98.83,-2.404482756739976e-7,1.3201301577494686e-9
98.84,-2.421531508664684e-7,2.3253967268742466e-9
98.85,-2.4382882813746605e-7,3.329919880445058e-9
98.86,-2.454751876723251e-7,4.333576285529882e-9
98.87,-2.4709211302994326e-7,5.3362428256956505e-9
98.88,-2.486794911483368e-7,6.3377966163980664e-9
98.89,-2.50237212350249e-7,7.338115019010912e-9
98.9,-2.517651703477139e-7,8.337075655982315e-9
98.91,-2.5326326224680466e-7,9.334556425264336e-9
98.92,-2.54731388551954e-7,1.0330435514949172e-8
98.93,-2.5616945316978106e-7,1.1324591417904372e-8
98.94,-2.5757736341247357e-7,1.2316902946236745e-8
98.95,-2.589550300008967e-7,1.3307249245680032e-8
98.96,-2.6030236706721855e-7,1.4295509809963541e-8
98.97,-2.61619292157286e-7,1.5281564495126546e-8
98.98,-2.629057262330679e-7,1.6265293533866392e-8
98.99,-2.6416159367330227e-7,1.724657754971316e-8
99.0,-2.6538682227599826e-7,1.8225297571019133e-8
99.01,-2.6658134325763306e-7,1.9201335045117003e-8
99.02,-2.6774509125540545e-7,2.0174571852500415e-8
99.03,-2.6887800432651084e-7,2.1144890320358134e-8
99.04,-2.69980023947652e-7,2.211217323696481e-8
99.05,-2.710510950148832e-7,2.3076303864863456e-8
99.06,-2.72091165842756e-7,2.4037165955028902e-8
99.07,-2.731001881622203e-7,2.4994643760250155e-8
99.08,-2.740781171200099e-7,2.5948622048951253e-8
99.09,-2.750249112756758e-7,2.6898986118445792e-8
99.1,-2.759405325993799e-7,2.7845621808240613e-8
99.11,-2.768249464700858e-7,2.8788415514058415e-8
99.12,-2.7767812167062086e-7,2.972725419997516e-8
99.13,-2.78500030385528e-7,3.066202541238067e-8
99.14,-2.792906481963013e-7,3.159261729272425e-8
99.15,-2.8004995407860557e-7,3.2518918590830463e-8
99.16,-2.80777930396221e-7,3.344081867738646e-8
99.17,-2.814745628965395e-7,3.435820755685064e-8
99.18,-2.821398407055007e-7,3.527097588054893e-8
99.19,-2.827737563221231e-7,3.617901495839162e-8
99.2,-2.8337630561181463e-7,3.7082216772549e-8
99.21,-2.839474878007992e-7,3.798047398905629e-8
99.22,-2.8448730546899033e-7,3.887367997034236e-8
99.23,-2.8499576454302023e-7,3.9761728787870497e-8
99.24,-2.854728742891782e-7,4.0644515233288675e-8
99.25,-2.8591864730507736e-7,4.15219348316102e-8
99.26,-2.863330995124594e-7,4.2393883852656744e-8
99.27,-2.8671625014760414e-7,4.326025932244455e-8
99.28,-2.87068121753859e-7,4.4120959035354876e-8
99.29,-2.873887401720265e-7,4.497588156672376e-8
99.3,-2.876781345304415e-7,4.5824926281673446e-8
99.31,-2.87936337235924e-7,4.66679933493908e-8
99.32,-2.881633839636671e-7,4.750498375272932e-8
99.33,-2.8835931364619706e-7,4.833579929995664e-8
99.34,-2.885241684637241e-7,4.9160342635758454e-8
99.35,-2.886579938317913e-7,4.99785172521319e-8
99.36,-2.8876083839090377e-7,5.079022749903473e-8
99.37,-2.888327539940224e-7,5.159537859557698e-8
99.38,-2.888737956957324e-7,5.2393876640347584e-8
99.39,-2.888840217380629e-7,5.3185628621658085e-8
99.4,-2.888634935397033e-7,5.3970542428388104e-8
99.41,-2.888122756817498e-7,5.474852685995177e-8
99.42,-2.887304358947844e-7,5.55194916363405e-8
99.43,-2.8861804504569997e-7,5.628334740840516e-8
99.44,-2.8847517712292627e-7,5.7040005767522075e-8
99.45,-2.8830190922295167e-7,5.778937925537493e-8
99.46,-2.88098321535044e-7,5.853138137361198e-8
99.47,-2.878644973272442e-7,5.9265926593361805e-8
99.48,-2.8760052293118164e-7,5.99929303644518e-8
99.49,-2.8730648772618004e-7,6.071230912531918e-8
99.5,-2.869824841225496e-7,6.1423980310814e-8
99.51,-2.866286075479299e-7,6.212786236234439e-8
99.52,-2.862449564294113e-7,6.282387473648285e-8
99.53,-2.8583163217711533e-7,6.351193791325264e-8
99.54,-2.8538873916701395e-7,6.419197340516247e-8
99.55,-2.849163847252052e-7,6.48639037655331e-8
99.56,-2.8441467910861193e-7,6.552765259668022e-8
99.57,-2.838837354880974e-7,6.6183144558359e-8
99.58,-2.833236699305352e-7,6.683030537535032e-8
99.59,-2.8273460138039017e-7,6.746906184604114e-8
99.6,-2.821166516412216e-7,6.809934184961379e-8
99.61,-2.814699453566696e-7,6.87210743539103e-8
99.62,-2.807946099914451e-7,6.933418942296158e-8
99.63,-2.800907758119661e-7,6.993861822407348e-8
99.64,-2.7935857586694717e-7,7.053429303550925e-8
99.65,-2.7859814596724795e-7,7.112114725320832e-8
99.66,-2.7780962466536956e-7,7.169911539761123e-8
99.67,-2.7699315323671336e-7,7.22681331207972e-8
99.68,-2.761488756561809e-7,7.282813721303187e-8
99.69,-2.752769385798068e-7,7.337906560889119e-8
99.7,-2.743774913225445e-7,7.39208573941787e-8
99.71,-2.734506858367001e-7,7.44534528116875e-8
99.72,-2.7249667669093753e-7,7.49767932675292e-8
99.73,-2.7151562104750805e-7,7.54908213365772e-8
99.74,-2.7050767864144836e-7,7.599548076938771e-8
99.75,-2.694730117572246e-7,7.649071649607712e-8
99.76,-2.684117852063808e-7,7.697647463324703e-8
99.77,-2.673241663048814e-7,7.74527024888479e-8
99.78,-2.662103248503638e-7,7.791934856702039e-8
99.79,-2.650704330984107e-7,7.837636257357646e-8
99.8,-2.6390466573931075e-7,7.882369542053718e-8
99.81,-2.6271319987472204e-7,7.9261299231191e-8
99.82,-2.6149621499330784e-7,7.968912734419462e-8
99.83,-2.602538929470338e-7,8.010713431860735e-8
99.84,-2.589864179266794e-7,8.051527593760775e-8
99.85,-2.576939764375273e-7,8.091350921276583e-8
99.86,-2.563767572740627e-7,8.130179238813218e-8
99.87,-2.55034951496667e-7,8.168008494396647e-8
99.88,-2.536687524047637e-7,8.204834760064559e-8
99.89,-2.522783555123791e-7,8.240654232170471e-8
99.9,-2.508639585228254e-7,8.275463231735313e-8
99.91,-2.494257613027606e-7,8.309258204787222e-8
99.92,-2.479639658565741e-7,8.34203572266574e-8
99.93,-2.46478776300316e-7,8.373792482263846e-8
99.94,-2.449703988354979e-7,8.404525306364162e-8
99.95,-2.4343904172297574e-7,8.434231143881722e-8
99.96,-2.418849152560462e-7,8.462907070048775e-8
99.97,-2.4030823173430345e-7,8.490550286740824e-8
99.98,-2.387092054362589e-7,8.517158122605575e-8
99.99,-2.3708805259316e-7,8.542728033299905e-8
100.0,-2.3544499136072502e-7,8.567257601672097e-8
100.01,-2.337802417928848e-7,8.590744537911062e-8
100.02,-2.3209402581372904e-7,8.61318667969951e-8
100.03,-2.303865671904079e-7,8.634581992360832e-8
100.04,-2.2865809150447974e-7,8.654928568963037e-8
100.05,-2.2690882612608333e-7,8.674224630467651e-8
100.06,-2.2513900018290288e-7,8.692468525750101e-8
100.07,-2.2334884453468099e-7,8.709658731688716e-8
100.08,-2.2153859174365534e-7,8.725793853273977e-8
100.09,-2.1970847604669524e-7,8.74087262361532e-8
100.1,-2.178587333263586e-7,8.754893903965118e-8
100.11,-2.1598960108267764e-7,8.767856683718196e-8
100.12,-2.141013184042917e-7,8.77976008045647e-8
100.13,-2.1219412593924795e-7,8.790603339879924e-8
100.14,-2.1026826586677966e-7,8.800385835789978e-8
100.15,-2.083239818672478e-7,8.809107070059833e-8
100.16,-2.0636151909390526e-7,8.816766672528352e-8
100.17,-2.0438112414316681e-7,8.823364400978414e-8
100.18,-2.023830450253417e-7,8.828900140967287e-8
100.19,-2.0036753113511166e-7,8.833373905795496e-8
100.2,-1.98334833221774e-7,8.836785836296515e-8
100.21,-1.9628520336042293e-7,8.839136200795756e-8
100.22,-1.9421889492094275e-7,8.840425394860328e-8
100.23,-1.921361625396796e-7,8.840653941185684e-8
100.24,-1.9003726208844638e-7,8.839822489396076e-8
100.25,-1.8792245064490788e-7,8.837931815837941e-8
100.26,-1.857919864628674e-7,8.834982823361659e-8
100.27,-1.836461289419734e-7,8.830976541112749e-8
100.28,-1.8148513859736693e-7,8.825914124257398e-8
100.29,-1.7930927702961831e-7,8.819796853737915e-8
100.3,-1.771188068951333e-7,8.812626136007787e-8
100.31,-1.7491399187446826e-7,8.804403502707786e-8
100.32,-1.7269509664371397e-7,8.79513061043034e-8
100.33,-1.7046238684199832e-7,8.784809240308261e-8
100.34,-1.6821612904350943e-7,8.773441297733946e-8
100.35,-1.6595659072480705e-7,8.761028812039066e-8
100.36,-1.6368404023552432e-7,8.74757393606649e-8
100.37,-1.6139874676771348e-7,8.73307894584192e-8
100.38,-1.591009803248519e-7,8.717546240175233e-8
100.39,-1.5679101169169587e-7,8.700978340231781e-8
100.4,-1.5446911240325435e-7,8.683377889147934e-8
100.41,-1.5213555471463003e-7,8.664747651563272e-8
100.42,-1.4979061156996269e-7,8.645090513219411e-8
100.43,-1.4743455657153188e-7,8.624409480410276e-8
100.44,-1.4506766395052251e-7,8.602707679658127e-8
100.45,-1.426902085342748e-7,8.579988357047555e-8
100.46,-1.4030246571679263e-7,8.556254877846792e-8
100.47,-1.3790471142846873e-7,8.53151072596643e-8
100.48,-1.3549722210410056e-7,8.505759503379933e-8
100.49,-1.3308027465362352e-7,8.479004929644271e-8
100.5,-1.3065414643037532e-7,8.451250841317203e-8
100.51,-1.282191152012697e-7,8.422501191367499e-8
100.52,-1.2577545911521045e-7,8.392760048631199e-8
100.53,-1.2332345667378576e-7,8.362031597171291e-8
100.54,-1.2086338669954875e-7,8.330320135709828e-8
100.55,-1.1839552830613975e-7,8.297630076965324e-8
100.56,-1.1592016086760038e-7,8.263965947087066e-8
100.57,-1.1343756398759223e-7,8.22933238488655e-8
100.58,-1.1094801746931109e-7,8.19373414130524e-8
100.59,-1.0845180128522845e-7,8.15717607865804e-8
100.6,-1.0594919554635554e-7,8.119663169978896e-8
100.61,-1.0344048047192809e-7,8.081200498311138e-8
100.62,-1.009259363593873e-7,8.041793256020294e-8
100.63,-9.84058435542948e-8,8.001446744020751e-8
100.64,-9.588048241966422e-8,7.960166371102003e-8
100.65,-9.33501333064292e-8,7.91795765313459e-8
100.66,-9.081507652298073e-8,7.874826212320565e-8
100.67,-8.827559230549038e-8,7.830777776466464e-8
100.68,-8.573196078791478e-8,7.785818178110823e-8
100.69,-8.318446197224986e-8,7.739953353816908e-8
100.7,-8.063337569835199e-8,7.693189343335833e-8
100.71,-7.807898161505129e-8,7.645532288754082e-8
100.72,-7.552155915000924e-8,7.5969884337155e-8
100.73,-7.296138748079938e-8,7.5475641225744e-8
100.74,-7.039874550371275e-8,7.497265799512904e-8
100.75,-6.78339118072803e-8,7.446100007691354e-8
100.76,-6.526716464073369e-8,7.394073388409357e-8
100.77,-6.269878188584099e-8,7.341192680185924e-8
100.78,-6.01290410293012e-8,7.28746471791033e-8
100.79,-5.7558219126002105e-8,7.232896431727537e-8
100.8,-5.49865927853845e-8,7.177494846569757e-8
100.81,-5.2414438128143475e-8,7.121267080774712e-8
100.82,-4.984203076404996e-8,7.06422034538696e-8
100.83,-4.726964576309989e-8,7.00636194316392e-8
100.84,-4.469755762657526e-8,6.947699267611414e-8
100.85,-4.2126040258835e-8,6.888239802025188e-8
100.86,-3.9555366938933425e-8,6.827991118528348e-8
100.87,-3.698581029287576e-8,6.766960877025847e-8
100.88,-3.441764226621428e-8,6.705156824355373e-8
100.89,-3.185113409536666e-8,6.642586793098229e-8
100.9,-2.928655628049026e-8,6.579258700715388e-8
100.91,-2.6724178557903696e-8,6.515180548440961e-8
100.92,-2.416426987284197e-8,6.45036042030226e-8
100.93,-2.160709835196832e-8,6.384806482045052e-8
100.94,-1.9052931276703525e-8,6.31852698011519e-8
100.95,-1.650203505590004e-8,6.251530240592912e-8
100.96,-1.3954675199519157e-8,6.1838246681082e-8
100.97,-1.1411116291560762e-8,6.115418744824116e-8
100.98,-8.871621963607393e-9,6.046321029271797e-8
100.99,-6.3364548695828755e-9,5.976540155372645e-8
101.0,-3.80587665749573e-9,5.906084831223649e-8
101.01,-1.2801479452809482e-9,5.834963838090223e-8
101.02,1.2404717051865935e-9,5.763186029257379e-8
101.03,3.755723815184413e-9,5.690760328881875e-8
101.04,6.265351012686565e-9,5.617695730933325e-8
101.05,8.76909705907332e-9,5.544001298008391e-8
101.06,1.1266706874075414e-8,5.46968616020454e-8
101.07,1.3757926560059648e-8,5.3947595139982353e-8
101.08,1.624250342712996e-8,5.319230621026622e-8
101.09,1.872018601847764e-8,5.243108807051668e-8
101.1,2.1190724133946613e-8,5.1664034606316755e-8
101.11,2.3653868854280964e-8,5.089124032114403e-8
101.12,2.6109372565478976e-8,5.011280032325619e-8
101.13,2.85569889828024e-8,4.932881031451497e-8
101.14,3.099647317429393e-8,4.853936657845599e-8
101.15,3.342758158371475e-8,4.7744565968242944e-8
101.16,3.5850072054887996e-8,4.694450589467588e-8
101.17,3.8263703854099206e-8,4.613928431398679e-8
101.18,4.066823769285162e-8,4.532899971609452e-8
101.19,4.306343575071696e-8,4.451375111209385e-8
101.2,4.5449061698343786e-8,4.369363802219031e-8
101.21,4.782488071879912e-8,4.2868760463358615e-8
101.22,5.0190659530498604e-8,4.2039218937294486e-8
101.23,5.2546166408425066e-8,4.120511441765124e-8
101.24,5.489117120596695e-8,4.036654833806499e-8
101.25,5.722544537616881e-8,3.9523622579303e-8
101.26,5.954876199440676e-8,3.867643945727474e-8
101.27,6.186089577624074e-8,3.782510171017151e-8
101.28,6.416162310132015e-8,3.696971248593441e-8
101.29,6.645072203230858e-8,3.611037532987313e-8
101.3,6.872797233565446e-8,3.5247194171919253e-8
101.31,7.099315550162593e-8,3.4380273313914386e-8
101.32,7.324605476410677e-8,3.3509717417039814e-8
101.33,7.548645512060218e-8,3.26356314890738e-8
101.34,7.771414335094561e-8,3.175812087177191e-8
101.35,7.992890803757565e-8,3.087729122789323e-8
101.36,8.21305395827224e-8,2.999324852858087e-8
101.37,8.431883022938291e-8,2.9106099040321082e-8
101.38,8.649357407830942e-8,2.8215949312552586e-8
101.39,8.865456710645875e-8,2.7322906164284938e-8
101.4,9.080160718483991e-8,2.6427076671782413e-8
101.41,9.293449409739552e-8,2.5528568155080673e-8
101.42,9.505302955693147e-8,2.4627488165620898e-8
101.43,9.715701722368197e-8,2.372394447298319e-8
101.44,9.924626272190007e-8,2.2818045052226514e-8
101.45,1.0132057365573819e-7,2.1909898070676816e-8
101.46,1.0337975962726354e-7,2.0999611875254584e-8
101.47,1.0542363225262737e-7,2.008729497922839e-8
101.48,1.0745200517681783e-7,1.9173056049463925e-8
101.49,1.0946469409033089e-7,1.8257003893585488e-8
101.5,1.114615167449277e-7,1.7339247446496994e-8
101.51,1.1344229296842205e-7,1.6419895758168693e-8
101.52,1.1540684467971706e-7,1.5499057979773817e-8
101.53,1.173549959042347e-7,1.4576843351653866e-8
101.54,1.192865727874769e-7,1.3653361189402899e-8
101.55,1.212014036097333e-7,1.272872087229974e-8
101.56,1.2309931880070183e-7,1.1803031828278384e-8
101.57,1.2498015095196833e-7,1.0876403522890841e-8
101.58,1.2684373483152677e-7,9.948945445642831e-9
101.59,1.2868990739647924e-7,9.020767096727247e-9
101.6,1.3051850780644839e-7,8.091977974793178e-9
101.61,1.3232937743510697e-7,7.162687563532961e-9
101.62,1.3412235988463686e-7,6.233005318909781e-9
101.63,1.35897300995743e-7,5.303040656583734e-9
101.64,1.3765404886117097e-7,4.372902938561207e-9
101.65,1.3939245383628824e-7,3.442701460948919e-9
101.66,1.4111236855083324e-7,2.512545440498349e-9
101.67,1.4281364792043713e-7,1.5825440023575014e-9
101.68,1.4449614915659348e-7,6.52806167042861e-10
101.69,1.4615973177790115e-7,-2.765591621828096e-10
101.7,1.4780425761975203e-7,-1.2054432120572614e-9
101.71,1.494295908452687e-7,-2.133737352162595e-9
101.72,1.5103559795415672e-7,-3.061333107152365e-9
101.73,1.5262214779253094e-7,-3.988122170165817e-9
101.74,1.5418911156233926e-7,-4.9139964142748815e-9
101.75,1.5573636282942904e-7,-5.838847905922036e-9
101.76,1.5726377753343558e-7,-6.762568917207025e-9
101.77,1.5877123399547646e-7,-7.685051938323551e-9
101.78,1.6025861292602184e-7,-8.606189689861443e-9
101.79,1.6172579743339955e-7,-9.52587513552325e-9
101.8,1.6317267303079807e-7,-1.044400149419221e-8
101.81,1.645991276439437e-7,-1.1360462252490902e-8
101.82,1.6600505161809967e-7,-1.2275151176728161e-8
101.83,1.6739033772363374e-7,-1.3187962325379618e-8
101.84,1.6875488116499953e-7,-1.4098790061359714e-8
101.85,1.7009857958467611e-7,-1.5007529063851484e-8
101.86,1.7142133306966348e-7,-1.5914074340599187e-8
101.87,1.7272304415765399e-7,-1.6818321239821803e-8
101.88,1.740036178420916e-7,-1.7720165462341624e-8
101.89,1.7526296157677262e-7,-1.8619503073233993e-8
101.9,1.765009852814747e-7,-1.951623051407208e-8
101.91,1.7771760134598592e-7,-2.0410244614472568e-8
101.92,1.7891272463516622e-7,-2.1301442603761232e-8
101.93,1.8008627249069786e-7,-2.2189722122995268e-8
101.94,1.8123816473821014e-7,-2.3074981236432535e-8
101.95,1.8236832368771644e-7,-2.3957118443034077e-8
101.96,1.8347667413837602e-7,-2.4836032687932865e-8
101.97,1.8456314338082368e-7,-2.571162337419979e-8
101.98,1.8562766120019427e-7,-2.6583790373822868e-8
101.99,1.8667015987806406e-7,-2.745243403928205e-8
102.0,1.8769057419470876e-7,-2.831745521469954e-8
102.01,1.8868884143064776e-7,-2.9178755247072427e-8
102.02,1.896649013688843e-7,-3.0036235997201225e-8
102.03,1.906186962951507e-7,-3.08897998509892e-8
102.04,1.9155017099970886e-7,-3.173934973025432e-8
102.05,1.9245927277758982e-7,-3.258478910352022e-8
102.06,1.9334595142928307e-7,-3.342602199706302e-8
102.07,1.9421015926082006e-7,-3.426295300552867e-8
102.08,1.9505185108387988e-7,-3.509548730245199e-8
102.09,1.9587098421479952e-7,-3.592353065099106e-8
102.1,1.966675184746493e-7,-3.6746989414482905e-8
102.11,1.974414161881071e-7,-3.756577056684588e-8
102.12,1.9819264218179419e-7,-3.837978170261132e-8
102.13,1.9892116378387067e-7,-3.918893104753292e-8
102.14,1.996269508213857e-7,-3.9993127468583785e-8
102.15,2.0030997561841572e-7,-4.079228048411076e-8
102.16,2.009702129943701e-7,-4.158630027383664e-8
102.17,2.0160764026112134e-7,-4.237509768869876e-8
102.18,2.0222223722034557e-7,-4.315858426058577e-8
102.19,2.0281398615980214e-7,-4.393667221215763e-8
102.2,2.03382871852371e-7,-4.4709274467025103e-8
102.21,2.039288815487085e-7,-4.5476304657849516e-8
102.22,2.044520049769896e-7,-4.6237677137365067e-8
102.23,2.0495223433694084e-7,-4.699330698691876e-8
102.24,2.054295642960101e-7,-4.774311002601538e-8
102.25,2.0588399198490435e-7,-4.84870028210549e-8
102.26,2.063155169926228e-7,-4.922490269493255e-8
102.27,2.0672414136115351e-7,-4.995672773583881e-8
102.28,2.0710986958043593e-7,-5.068239680587449e-8
102.29,2.074727085833904e-7,-5.1401829550120365e-8
102.3,2.0781266773805752e-7,-5.2114946405621536e-8
102.31,2.0812975884395684e-7,-5.282166860890695e-8
102.32,2.0842399612406605e-7,-5.3521918205360876e-8
102.33,2.0869539621894095e-7,-5.421561805758079e-8
102.34,2.0894397817979168e-7,-5.4902691853130456e-8
102.35,2.091697634611505e-7,-5.5583064113144976e-8
102.36,2.0937277591393427e-7,-5.6256660199941276e-8
102.37,2.0955304177748465e-7,-5.692340632547618e-8
102.38,2.097105896719406e-7,-5.758322955888224e-8
102.39,2.0984545059069987e-7,-5.823605783428158e-8
102.4,2.0995765789077794e-7,-5.8881819958251235e-8
102.41,2.1004724728566146e-7,-5.952044561750401e-8
102.42,2.1011425683618036e-7,-6.015186538621867e-8
102.43,2.101587269409254e-7,-6.077601073344816e-8
102.44,2.1018070032774803e-7,-6.139281403005589e-8
102.45,2.1018022204385543e-7,-6.200220855612123e-8
102.46,2.1015733944645744e-7,-6.260412850729163e-8
102.47,2.101121021926892e-7,-6.319850900260451e-8
102.48,2.1004456222806873e-7,-6.378528609014354e-8
102.49,2.0995477378206838e-7,-6.436439675406233e-8
102.5,2.0984279334661464e-7,-6.493577892159964e-8
102.51,2.097086796757093e-7,-6.549937146862147e-8
102.52,2.095524937693986e-7,-6.605511422639558e-8
102.53,2.09374298863257e-7,-6.660294798743192e-8
102.54,2.0917416041747455e-7,-6.714281451181142e-8
102.55,2.0895214610432294e-7,-6.767465653284055e-8
102.56,2.0870832579733663e-7,-6.819841776282721e-8
102.57,2.0844277155789955e-7,-6.871404289887033e-8
102.58,2.0815555762419413e-7,-6.922147762856142e-8
102.59,2.0784676039803687e-7,-6.972066863487366e-8
102.6,2.0751645843187148e-7,-7.021156360195209e-8
102.61,2.0716473241661201e-7,-7.069411122025025e-8
102.62,2.0679166516778298e-7,-7.11682611911578e-8
102.63,2.0639734161271747e-7,-7.163396423244067e-8
102.64,2.0598184877601646e-7,-7.209117208259913e-8
102.65,2.055452757677374e-7,-7.253983750623975e-8
102.66,2.0508771376756316e-7,-7.297991429775412e-8
102.67,2.0460925601120927e-7,-7.34113572860534e-8
102.68,2.0410999777668504e-7,-7.383412233962951e-8
102.69,2.0359003636921535e-7,-7.424816636942427e-8
102.7,2.03049471106854e-7,-7.465344733402889e-8
102.71,2.0248840330512058e-7,-7.504992424297163e-8
102.72,2.0190693626240344e-7,-7.543755716061552e-8
102.73,2.0130517524470466e-7,-7.581630721008762e-8
102.74,2.0068322746979131e-7,-7.618613657649968e-8
102.75,2.0004120209282812e-7,-7.654700851083594e-8
102.76,1.9937921018671163e-7,-7.689888733242215e-8
102.77,1.986973647331972e-7,-7.724173843324174e-8
102.78,1.9799578059985303e-7,-7.757552827988314e-8
102.79,1.9727457452734518e-7,-7.790022441718388e-8
102.8,1.9653386511161273e-7,-7.821579547051758e-8
102.81,1.9577377278848906e-7,-7.852221114898699e-8
102.82,1.9499441981570614e-7,-7.881944224737239e-8
102.83,1.9419593025661545e-7,-7.91074606488592e-8
102.84,1.933784299628067e-7,-7.938623932741296e-8
102.85,1.9254204655671422e-7,-7.965575234943325e-8
102.86,1.9168690941504691e-7,-7.991597487659343e-8
102.87,1.9081314964963445e-7,-8.016688316647749e-8
102.88,1.899209000911403e-7,-8.040845457579815e-8
102.89,1.8901029527081764e-7,-8.064066756086432e-8
102.9,1.8808147140190696e-7,-8.086350167948356e-8
102.91,1.871345663621119e-7,-8.10769375924644e-8
102.92,1.861697196751668e-7,-8.128095706473277e-8
102.93,1.8518707249219245e-7,-8.147554296628163e-8
102.94,1.8418676757323747e-7,-8.166067927342432e-8
102.95,1.8316894926836184e-7,-8.183635106918648e-8
102.96,1.821337634999052e-7,-8.200254454483741e-8
102.97,1.8108135774120434e-7,-8.215924699952038e-8
102.98,1.8001188099995593e-7,-8.230644684125193e-8
102.99,1.7892548379728414e-7,-8.24441335872229e-8
103.0,1.7782231814947768e-7,-8.25722978639305e-8
103.01,1.7670253754810677e-7,-8.26909314071454e-8
103.02,1.755662969397836e-7,-8.280002706188651e-8
103.03,1.7441375270743783e-7,-8.28995787824267e-8
103.04,1.7324506265101168e-7,-8.298958163192666e-8
103.05,1.7206038596404418e-7,-8.307003178124735e-8
103.06,1.708598832195739e-7,-8.314092650997011e-8
103.07,1.6964371634458265e-7,-8.320226420404293e-8
103.08,1.6841204860228508e-7,-8.325404435596748e-8
103.09,1.6716504457137047e-7,-8.32962675632306e-8
103.1,1.6590287012556623e-7,-8.332893552789156e-8
103.11,1.6462569241309943e-7,-8.335205105468265e-8
103.12,1.633336798357039e-7,-8.336561805011053e-8
103.13,1.6202700202834983e-7,-8.33696415206627e-8
103.14,1.6070582983879134e-7,-8.336412757198613e-8
103.15,1.5937033530512589e-7,-8.33490834056104e-8
103.16,1.580206916365862e-7,-8.332451731885239e-8
103.17,1.5665707319159898e-7,-8.32904387019394e-8
103.18,1.5527965545618338e-7,-8.324685803581182e-8
103.19,1.5388861502420353e-7,-8.319378689046349e-8
103.2,1.52484129574438e-7,-8.313123792179323e-8
103.21,1.5106637785021642e-7,-8.305922487031274e-8
103.22,1.4963553963756538e-7,-8.297776255731944e-8
103.23,1.481917957439225e-7,-8.288686688303885e-8
103.24,1.4673532797612412e-7,-8.278655482325911e-8
103.25,1.4526631911975327e-7,-8.267684442676328e-8
103.26,1.4378495291598804e-7,-8.25577548122737e-8
103.27,1.4229141404112957e-7,-8.242930616457868e-8
103.28,1.407858880840599e-7,-8.229151973221757e-8
103.29,1.3926856152517916e-7,-8.214441782340129e-8
103.3,1.3773962171319914e-7,-8.198802380235356e-8
103.31,1.3619925684420162e-7,-8.182236208610223e-8
103.32,1.346476559395671e-7,-8.164745814073213e-8
103.33,1.3308500882338281e-7,-8.146333847658165e-8
103.34,1.3151150610109283e-7,-8.127003064532154e-8
103.35,1.2992733913650143e-7,-8.106756323511142e-8
103.36,1.2833270003056445e-7,-8.085596586667547e-8
103.37,1.2672778159832393e-7,-8.063526918881825e-8
103.38,1.251127773473547e-7,-8.04055048737191e-8
103.39,1.2348788145526456e-7,-8.016670561292079e-8
103.4,1.2185328874704863e-7,-7.991890511174178e-8
103.41,1.2020919467353935e-7,-7.966213808539621e-8
103.42,1.1855579528848598e-7,-7.939644025333424e-8
103.43,1.1689328722646868e-7,-7.912184833431611e-8
103.44,1.152218676804677e-7,-7.883840004189162e-8
103.45,1.1354173437985282e-7,-7.854613407799379e-8
103.46,1.1185308556703359e-7,-7.824509012868399e-8
103.47,1.1015611997633518e-7,-7.793530885778776e-8
103.48,1.0845103681086367e-7,-7.761683190189018e-8
103.49,1.0673803572016046e-7,-7.7289701864408e-8
103.5,1.0501731677790449e-7,-7.695396230955463e-8
103.51,1.0328908045951378e-7,-7.660965775687673e-8
103.52,1.015535276199192e-7,-7.625683367504665e-8
103.53,9.981085947101038e-8,-7.58955364755272e-8
103.54,9.806127755920233e-8,-7.552581350656764e-8
103.55,9.630498374296993e-8,-7.514771304695602e-8
103.56,9.454218017124215e-8,-7.476128429926435e-8
103.57,9.277306926011889e-8,-7.436657738368837e-8
103.58,9.099785367073248e-8,-7.396364333106271e-8
103.59,8.921673628781869e-8,-7.35525340765392e-8
103.6,8.742992019645701e-8,-7.313330245247258e-8
103.61,8.563760866001557e-8,-7.270600218157592e-8
103.62,8.38400050984854e-8,-7.22706878697603e-8
103.63,8.203731306564689e-8,-7.18274149993601e-8
103.64,8.02297362272081e-8,-7.137623992155898e-8
103.65,7.841747833875152e-8,-7.091721984948812e-8
103.66,7.660074322359263e-8,-7.045041285043886e-8
103.67,7.477973475052346e-8,-6.99758778384397e-8
103.68,7.295465681207409e-8,-6.949367456720953e-8
103.69,7.112571330296876e-8,-6.900386362204292e-8
103.7,6.929310809626413e-8,-6.850650641086984e-8
103.71,6.745704502471418e-8,-6.800166515969968e-8
103.72,6.561772785633091e-8,-6.748940290134439e-8
103.73,6.377536027347472e-8,-6.69697834689091e-8
103.74,6.193014585113789e-8,-6.64428714877356e-8
103.75,6.008228803567543e-8,-6.590873236685957e-8
103.76,5.8231990122543974e-8,-6.536743229086594e-8
103.77,5.637945523518711e-8,-6.481903821178829e-8
103.78,5.452488630319129e-8,-6.426361784018306e-8
103.79,5.266848604230458e-8,-6.37012396372484e-8
103.8,5.081045693034178e-8,-6.313197280565343e-8
103.81,4.895100118899284e-8,-6.255588728143662e-8
103.82,4.7090320760382155e-8,-6.197305372481655e-8
103.83,4.5228617287150854e-8,-6.138354351180994e-8
103.84,4.3366092091170175e-8,-6.078742872488888e-8
103.85,4.150294615233869e-8,-6.018478214440327e-8
103.86,3.963938008801522e-8,-5.957567723940798e-8
103.87,3.7775594131801195e-8,-5.896018815872944e-8
103.88,3.5911788113357244e-8,-5.833838972162226e-8
103.89,3.4048161438140984e-8,-5.7710357408440084e-8
103.9,3.218491306513634e-8,-5.707616735162841e-8
103.91,3.032224148840646e-8,-5.6435896326507415e-8
103.92,2.846034471557074e-8,-5.5789621741144214e-8
103.93,2.6599420248422495e-8,-5.5137421627682626e-8
103.94,2.473966506178659e-8,-5.447937463211404e-8
103.95,2.288127558445523e-8,-5.3815560005357565e-8
103.96,2.102444767800285e-8,-5.314605759285322e-8
103.97,1.9169376618741304e-8,-5.247094782553709e-8
103.98,1.7316257076189284e-8,-5.1790311709371405e-8
103.99,1.5465283093882734e-8,-5.1104230815927415e-8
104.0,1.361664807153737e-8,-5.0412787272796454e-8
104.01,1.1770544743023601e-8,-4.9716063752801985e-8
104.02,9.927165158788848e-9,-4.901414346463994e-8
104.03,8.086700666317712e-9,-4.83071101427473e-8
104.04,6.249341890615122e-9,-4.7595048036750343e-8
104.05,4.4152787158374586e-9,-4.6878041902097925e-8
104.06,2.584700266162377e-9,-4.6156176989110286e-8
104.07,7.577948871821948e-10,-4.5429539033173336e-8
104.08,-1.0652498728413386e-9,-4.469821424400963e-8
104.09,-2.8842472813164217e-9,-4.3962289296205334e-8
104.1,-4.699011439018514e-9,-4.32218513179116e-8
104.11,-6.509357300260751e-9,-4.2476987880562326e-8
104.12,-8.315100688161463e-9,-4.1727786989223216e-8
104.13,-1.0116058314985004e-8,-4.097433707099764e-8
104.14,-1.1912047798837429e-8,-4.0216726965320715e-8
104.15,-1.3702887681081207e-8,-3.945504591279459e-8
104.16,-1.5488397444406967e-8,-3.8689383545092796e-8
104.17,-1.7268397531450203e-8,-3.791982987363865e-8
104.18,-1.9042709358576847e-8,-3.7146475279818733e-8
104.19,-2.0811155336174072e-8,-3.636941050380257e-8
104.2,-2.257355888468265e-8,-3.558872663342963e-8
104.21,-2.4329744451207815e-8,-3.480451509413223e-8
104.22,-2.607953752613763e-8,-3.4016867637788096e-8
104.23,-2.782276465998481e-8,-3.3225876331885465e-8
104.24,-2.9559253479597157e-8,-3.243163354868921e-8
104.25,-3.1288832704524394e-8,-3.163423195446863e-8
104.26,-3.301133216258669e-8,-3.083376449878601e-8
104.27,-3.472658280651681e-8,-3.0030324402765684e-8
104.28,-3.643441672905263e-8,-2.92240051494635e-8
104.29,-3.8134667179737903e-8,-2.8414900471732687e-8
104.3,-3.982716857846118e-8,-2.760310434172726e-8
104.31,-4.151175653257135e-8,-2.6788710960100688e-8
104.32,-4.318826785106131e-8,-2.597181474455725e-8
104.33,-4.48565405594634e-8,-2.5152510319414946e-8
104.34,-4.6516413915441095e-8,-2.4330892503908275e-8
104.35,-4.8167728422545586e-8,-2.3507056301556578e-8
104.36,-4.981032584554018e-8,-2.2681096889482877e-8
104.37,-5.144404922329091e-8,-2.1853109606257038e-8
104.38,-5.306874288505963e-8,-2.1023189941833943e-8
104.39,-5.468425246268984e-8,-2.0191433526224014e-8
104.4,-5.629042490510925e-8,-1.9357936117960333e-8
104.41,-5.788710849198823e-8,-1.8522793593945372e-8
104.42,-5.947415284685479e-8,-1.7686101937341733e-8
104.43,-6.105140895081527e-8,-1.6847957227281547e-8
104.44,-6.261872915549905e-8,-1.6008455627285876e-8
104.45,-6.417596719655797e-8,-1.5167693373922336e-8
104.46,-6.572297820336464e-8,-1.4325766768158608e-8
104.47,-6.725961871757596e-8,-1.3482772159490844e-8
104.48,-6.878574670022967e-8,-1.2638805939379843e-8
104.49,-7.030122154572391e-8,-1.1793964528175545e-8
104.5,-7.180590409417582e-8,-1.0948344364542138e-8
104.51,-7.329965664313003e-8,-1.0102041893943012e-8
104.52,-7.478234295888255e-8,-9.25515355829127e-9
104.53,-7.62538282885314e-8,-8.40777578429014e-9
104.54,-7.771397937110822e-8,-7.560004972809736e-9
104.55,-7.916266444796566e-8,-6.711937487844059e-9
104.56,-8.059975327500632e-8,-5.863669645350318e-9
104.57,-8.202511713259267e-8,-5.015297702602104e-9
104.58,-8.343862883648087e-8,-4.1669178467805995e-9
104.59,-8.484016274774094e-8,-3.3186261846731843e-9
104.6,-8.622959478302855e-8,-2.4705187312386664e-9
104.61,-8.760680242584406e-8,-1.6226913988989516e-9
104.62,-8.897166473414303e-8,-7.75239986829556e-10
104.63,-9.03240623519269e-8,7.173983024038593e-11
104.64,-9.166387751717604e-8,9.181525123089106e-10
104.65,-9.299099407256606e-8,1.7639026653325416e-9
104.66,-9.430529747336704e-8,2.608895051865714e-9
104.67,-9.560667479662578e-8,3.453034601681232e-9
104.68,-9.689501474987641e-8,4.29622642248894e-9
104.69,-9.817020767985633e-8,5.138375810772444e-9
104.7,-9.943214558015748e-8,5.979388262154787e-9
104.71,-1.0068072209988588e-7,6.819169482240309e-9
104.72,-1.0191583255151529e-7,7.657625397053772e-9
104.73,-1.031373739178153e-7,8.49466216313969e-9
104.74,-1.0434524486065567e-7,9.33018617959915e-9
104.75,-1.055393457268893e-7,1.016410409624611e-8
104.76,-1.0671957855633014e-7,1.099632282580671e-8
104.77,-1.0788584708872361e-7,1.1826749553553908e-8
104.78,-1.0903805676961313e-7,1.2655291747795297e-8
104.79,-1.1017611475792322e-7,1.3481857170229092e-8
104.8,-1.1129992993141453e-7,1.4306353886044945e-8
104.81,-1.1240941289280462e-7,1.512869027386928e-8
104.82,-1.1350447597649142e-7,1.594877503678096e-8
104.83,-1.1458503325383324e-7,1.676651721146235e-8
104.84,-1.1565100053758031e-7,1.7581826178571005e-8
104.85,-1.1670229538900858e-7,1.8394611673103154e-8
104.86,-1.1773883712202645e-7,1.9204783793953633e-8
104.87,-1.187605468079017e-7,2.0012253013784338e-8
104.88,-1.1976734728040163e-7,2.0816930189113914e-8
104.89,-1.2075916314042706e-7,2.161872657010506e-8
104.9,-1.21735920759636e-7,2.2417553810007323e-8
104.91,-1.2269754828535447e-7,2.321332397521616e-8
104.92,-1.2364397564383483e-7,2.4005949554638617e-8
104.93,-1.2457513454436017e-7,2.479534346924312e-8
104.94,-1.2549095848257762e-7,2.558141908184696e-8
104.95,-1.263913827437858e-7,2.636409020638106e-8
104.96,-1.2727634440623932e-7,2.714327111710782e-8
104.97,-1.2814578234372863e-7,2.7918876558339327e-8
104.98,-1.2899963722881402e-7,2.8690821753368654e-8
104.99,-1.2983785153436436e-7,2.9459022413752202e-8
105.0,-1.306603695369869e-7,3.022339474854831e-8
105.01,-1.3146713731849272e-7,3.098385547317513e-8
105.02,-1.3225810276803912e-7,3.174032181889659e-8
105.03,-1.3303321558347662e-7,3.2492711540940184e-8
105.04,-1.3379242727346774e-7,3.324094292799268e-8
105.05,-1.345356911580616e-7,3.398493481094527e-8
105.06,-1.3526296237030267e-7,3.472460657121207e-8
105.07,-1.3597419785749743e-7,3.545987815001964e-8
105.08,-1.3666935638052183e-7,3.619067005621215e-8
105.09,-1.3734839851654119e-7,3.6916903375515194e-8
105.1,-1.3801128665687927e-7,3.7638499778330475e-8
105.11,-1.386579850090492e-7,3.835538152837166e-8
105.12,-1.3928845959604985e-7,3.906747149126115e-8
105.13,-1.3990267825542684e-7,3.977469314196788e-8
105.14,-1.4050061064003933e-7,4.047697057365039e-8
105.15,-1.4108222821667918e-7,4.117422850518295e-8
105.16,-1.4164750426471942e-7,4.1866392289539994e-8
105.17,-1.4219641387672476e-7,4.255338792143124e-8
105.18,-1.4272893395530647e-7,4.3235142045033045e-8
105.19,-1.4324504321286423e-7,4.3911581961838183e-8
105.2,-1.43744722170171e-7,4.458263563850795e-8
105.21,-1.4422795315315671e-7,4.5248231713927014e-8
105.22,-1.4469472029219527e-7,4.59082995069971e-8
105.23,-1.451450095197682e-7,4.6562769024033085e-8
105.24,-1.4557880856743243e-7,4.721157096586735e-8
105.25,-1.4599610696407275e-7,4.785463673528758e-8
105.26,-1.463968960324337e-7,4.8491898443968483e-8
105.27,-1.4678116888643567e-7,4.912328891963728e-8
105.28,-1.4714892042828433e-7,4.9748741712849705e-8
105.29,-1.475001473447911e-7,5.0368191104133724e-8
105.3,-1.4783484810401523e-7,5.0981572110352076e-8
105.31,-1.4815302295184188e-7,5.158882049183848e-8
105.32,-1.4845467390732977e-7,5.21898727585657e-8
105.33,-1.4873980475951417e-7,5.278466617691441e-8
105.34,-1.4900842106267972e-7,5.337313877592662e-8
105.35,-1.4926053013217024e-7,5.3955229353690974e-8
105.36,-1.494961410398129e-7,5.4530877483354346e-8
105.37,-1.4971526460857707e-7,5.510002351965287e-8
105.38,-1.4991791340889008e-7,5.566260860450102e-8
105.39,-1.5010410175139226e-7,5.621857467305573e-8
105.4,-1.5027384568443397e-7,5.676786445977401e-8
105.41,-1.5042716298584215e-7,5.731042150376805e-8
105.42,-1.5056407315896008e-7,5.7846190154630915e-8
105.43,-1.506845974261934e-7,5.8375115577952866e-8
105.44,-1.5078875872360115e-7,5.889714376107939e-8
105.45,-1.5087658169358948e-7,5.941222151754216e-8
105.46,-1.5094809267940642e-7,5.992029649330102e-8
105.47,-1.5100331971869436e-7,6.042131717145487e-8
105.48,-1.5104229253629829e-7,6.091523287705736e-8
105.49,-1.510650425374276e-7,6.140199378248866e-8
105.5,-1.51071602801484e-7,6.188155091202956e-8
105.51,-1.5106200807363565e-7,6.23538561465024e-8
105.52,-1.5103629475831467e-7,6.281886222837723e-8
105.53,-1.509945009112648e-7,6.327652276561927e-8
105.54,-1.5093666623240152e-7,6.372679223668704e-8
105.55,-1.5086283205727504e-7,6.416962599453152e-8
105.56,-1.5077304134939835e-7,6.460498027096676e-8
105.57,-1.506673386918389e-7,6.503281218037977e-8
105.58,-1.5054577028109158e-7,6.545307972506198e-8
105.59,-1.5040838391333278e-7,6.586574179685136e-8
105.6,-1.5025522898157812e-7,6.627075818307785e-8
105.61,-1.5008635646382305e-7,6.666808956904958e-8
105.62,-1.4990181891449588e-7,6.705769754199767e-8
105.63,-1.4970167045635747e-7,6.74395445948925e-8
105.64,-1.4948596676942626e-7,6.78135941288135e-8
105.65,-1.4925476508383984e-7,6.817981045744943e-8
105.66,-1.490081241684534e-7,6.853815880914786e-8
105.67,-1.48746104322021e-7,6.888860533116987e-8
105.68,-1.4846876736364014e-7,6.9231117091402e-8
105.69,-1.4817617662214244e-7,6.956566208170091e-8
105.7,-1.478683969263738e-7,6.989220922108247e-8
105.71,-1.4754549459472455e-7,7.021072835765955e-8
105.72,-1.4720753742515796e-7,7.052119027147661e-8
105.73,-1.4685459468406737e-7,7.082356667680352e-8
105.74,-1.4648673709637287e-7,7.11178302245773e-8
105.75,-1.4610403683369485e-7,7.14039545044451e-8
105.76,-1.4570656750523351e-7,7.168191404696362e-8
105.77,-1.4529440414420997e-7,7.19516843253789e-8
105.78,-1.448676231989606e-7,7.221324175765796e-8
105.79,-1.444263025204466e-7,7.24665637082496e-8
105.8,-1.4397052135100455e-7,7.271162848952609e-8
105.81,-1.435003603130442e-7,7.294841536369417e-8
105.82,-1.43015901396971e-7,7.317690454368951e-8
105.83,-1.425172279498254e-7,7.339707719499778e-8
105.84,-1.4200442466294096e-7,7.360891543655587e-8
105.85,-1.4147757756000773e-7,7.381240234191296e-8
105.86,-1.4093677398509004e-7,7.400752194019461e-8
105.87,-1.4038210259079033e-7,7.419425921710423e-8
105.88,-1.3981365332404508e-7,7.437260011563456e-8
105.89,-1.3923151741616948e-7,7.454253153667167e-8
105.9,-1.3863578736795568e-7,7.470404133936713e-8
105.91,-1.3802655693861727e-7,7.485711834197822e-8
105.92,-1.3740392113170746e-7,7.500175232208442e-8
105.93,-1.3676797618323394e-7,7.513793401636785e-8
105.94,-1.3611881954780247e-7,7.526565512137339e-8
105.95,-1.3545654988576424e-7,7.538490829311584e-8
105.96,-1.347812670501692e-7,7.549568714709256e-8
105.97,-1.3409307207295853e-7,7.559798625795134e-8
105.98,-1.333920671519441e-7,7.56918011593208e-8
105.99,-1.326783556372421e-7,7.577712834334484e-8
106.0,-1.3195204201690888e-7,7.58539652600999e-8
106.01,-1.3121323190425467e-7,7.59223103168415e-8
106.02,-1.304620320234328e-7,7.59821628775837e-8
106.03,-1.2969855019562958e-7,7.60335232618804e-8
106.04,-1.2892289532458174e-7,7.607639274396833e-8
106.05,-1.2813517738393085e-7,7.611077355171244e-8
106.06,-1.27335507401167e-7,7.61366688657006e-8
106.07,-1.26523997444358e-7,7.61540828170952e-8
106.08,-1.2570076060832471e-7,7.616302048755869e-8
106.09,-1.2486591099888308e-7,7.616348790627622e-8
106.1,-1.240195637196817e-7,7.61554920495648e-8
106.11,-1.231618348564214e-7,7.613904083851716e-8
106.12,-1.2229284146328134e-7,7.611414313725284e-8
106.13,-1.2141270154750304e-7,7.608080875107666e-8
106.14,-1.2052153405470608e-7,7.603904842483959e-8
106.15,-1.1961945885443128e-7,7.598887383977486e-8
106.16,-1.1870659672456745e-7,7.593029761226147e-8
106.17,-1.177830693370071e-7,7.586333329120097e-8
106.18,-1.1684899924204881e-7,7.578799535515517e-8
106.19,-1.159045098535889e-7,7.570429921039711e-8
106.2,-1.1494972543382329e-7,7.56122611880119e-8
106.21,-1.1398477107809834e-7,7.551189854087606e-8
106.22,-1.1300977269943692e-7,7.540322944133332e-8
106.23,-1.1202485701349064e-7,7.528627297799184e-8
106.24,-1.1103015152288871e-7,7.516104915221247e-8
106.25,-1.1002578450151638e-7,7.502757887593681e-8
106.26,-1.0901188497982357e-7,7.488588396759783e-8
106.27,-1.0798858272846589e-7,7.473598714898255e-8
106.28,-1.0695600824318772e-7,7.457791204212355e-8
106.29,-1.0591429272892374e-7,7.44116831652447e-8
106.3,-1.0486356808421217e-7,7.423732592941118e-8
106.31,-1.0380396688535602e-7,7.40548666347422e-8
106.32,-1.0273562237096789e-7,7.386433246672808e-8
106.33,-1.0165866842593737e-7,7.366575149154259e-8
106.34,-1.0057323956505775e-7,7.345915265325235e-8
106.35,-9.947947091862491e-8,7.324456576870055e-8
106.36,-9.837749821496247e-8,7.302202152363953e-8
106.37,-9.726745776541882e-8,7.279155146837852e-8
106.38,-9.614948644756751e-8,7.255318801324232e-8
106.39,-9.502372169074179e-8,7.23069644245052e-8
106.4,-9.389030145814431e-8,7.205291481935622e-8
106.41,-9.274936423241477e-8,7.17910741612583e-8
106.42,-9.16010489982957e-8,7.152147825515383e-8
106.43,-9.044549522761908e-8,7.124416374347921e-8
106.44,-8.92828428622814e-8,7.095916809931826e-8
106.45,-8.81132322987495e-8,7.066652962317224e-8
106.46,-8.69368043725653e-8,7.036628743730678e-8
106.47,-8.575370033975824e-8,7.005848147972912e-8
106.48,-8.456406186379395e-8,6.974315250017102e-8
106.49,-8.3368030997241e-8,6.942034205361342e-8
106.5,-8.216575016691028e-8,6.90900924953863e-8
106.51,-8.095736215628979e-8,6.875244697553664e-8
106.52,-7.974301009134645e-8,6.840744943317933e-8
106.53,-7.852283742199065e-8,6.805514459047477e-8
106.54,-7.729698790846387e-8,6.769557794719302e-8
106.55,-7.60656056021129e-8,6.732879577465056e-8
106.56,-7.48288348328492e-8,6.695484510986368e-8
106.57,-7.358682018985627e-8,6.657377374914227e-8
106.58,-7.233970650715017e-8,6.618563024254708e-8
106.59,-7.108763884685036e-8,6.57904638871983e-8
106.6,-6.983076248316311e-8,6.53883247211293e-8
106.61,-6.856922288592476e-8,6.497926351670866e-8
106.62,-6.730316570547527e-8,6.456333177486716e-8
106.63,-6.603273675556113e-8,6.414058171786263e-8
106.64,-6.47580819975545e-8,6.371106628296039e-8
106.65,-6.347934752444149e-8,6.327483911576383e-8
106.66,-6.219667954521225e-8,6.283195456361919e-8
106.67,-6.091022436791014e-8,6.238246766862182e-8
106.68,-5.962012838434161e-8,6.192643416044539e-8
106.69,-5.8326538054281016e-8,6.146391045037468e-8
106.7,-5.702959988877056e-8,6.099495362295521e-8
106.71,-5.572946043491845e-8,6.051962142998961e-8
106.72,-5.442626625953796e-8,6.003797228293153e-8
106.73,-5.312016393403172e-8,5.955006524566319e-8
106.74,-5.181130001753037e-8,5.905596002725831e-8
106.75,-5.04998210417931e-8,5.8555716974558086e-8
106.76,-4.918587349562034e-8,5.8049397064790056e-8
106.77,-4.786960380877741e-8,5.7537061898446375e-8
106.78,-4.6551158336540254e-8,5.7018773690991194e-8
106.79,-4.5230683343415994e-8,5.6494595265744375e-8
106.8,-4.390832498930888e-8,5.596459004627587e-8
106.81,-4.2584229311832846e-8,5.542882204862903e-8
106.82,-4.125854221247815e-8,5.4887355873294513e-8
106.83,-3.993140944028751e-8,5.4340256697426293e-8
106.84,-3.860297657688258e-8,5.378759026730413e-8
106.85,-3.727338902085003e-8,5.322942289003111e-8
106.86,-3.594279197295416e-8,5.266582142540835e-8
106.87,-3.461133042047186e-8,5.209685327849025e-8
106.88,-3.3279149122045656e-8,5.152258639076114e-8
106.89,-3.194639259308514e-8,5.0943089232331575e-8
106.9,-3.061320508986911e-8,5.035843079382858e-8
106.91,-2.9279730595483705e-8,4.976868057769542e-8
106.92,-2.794611280418113e-8,4.91739085902862e-8
106.93,-2.6612495107047676e-8,4.857418533345354e-8
106.94,-2.527902057696829e-8,4.796958179581315e-8
106.95,-2.394583195359196e-8,4.7360169444806785e-8
106.96,-2.261307162984403e-8,4.674602021773819e-8
106.97,-2.1280881635160022e-8,4.612720651332874e-8
106.98,-1.994940362392806e-8,4.550380118343894e-8
106.99,-1.86187788578337e-8,4.487587752392304e-8
107.0,-1.728914819440787e-8,4.424350926654686e-8
107.01,-1.596065207101792e-8,4.360677056991776e-8
107.02,-1.4633430490675156e-8,4.296573601046746e-8
107.03,-1.330762300885852e-8,4.2320480574368276e-8
107.04,-1.1983368718692267e-8,4.16710796482857e-8
107.05,-1.0660806236777992e-8,4.101760901040393e-8
107.06,-9.34007369043342e-9,4.036014482177536e-8
107.07,-8.021308702514118e-9,3.9698763617323684e-8
107.08,-6.7046483790653564e-9,3.90335422968506e-8
107.09,-5.390229293949197e-9,3.836455811631142e-8
107.1,-4.078187477133746e-9,3.769188867801447e-8
107.11,-2.7686584000589914e-9,3.7015611922847317e-8
107.12,-1.461776962098901e-9,3.633580611977047e-8
107.13,-1.5767747893370596e-10,3.565254985779855e-8
107.14,1.143506332979843e-9,3.4965922036401775e-8
107.15,2.44164136745198e-9,3.4276001856473645e-8
107.16,3.736595143084158e-9,3.358286881087732e-8
107.17,5.028235814970604e-9,3.2886602676064e-8
107.18,6.316432188934991e-9,3.218728350117633e-8
107.19,7.601053732080417e-9,3.148499160089972e-8
107.2,8.881970587570463e-9,3.0779807544877604e-8
107.21,1.0159053586136555e-8,3.0071812148430824e-8
107.22,1.143217425850425e-8,2.936108646391713e-8
107.23,1.2701204847969272e-8,2.864771177062071e-8
107.24,1.3966018321921565e-8,2.793176956629134e-8
107.25,1.5226488384918903e-8,2.7213341557158304e-8
107.26,1.6482489490117475e-8,2.6492509648628764e-8
107.27,1.7733896850472568e-8,2.5769355936369328e-8
107.28,1.8980586453148654e-8,2.5043962696161573e-8
107.29,2.022243506724292e-8,2.4316412375192046e-8
107.3,2.145932025827949e-8,2.3586787582304082e-8
107.31,2.2691120398948203e-8,2.2855171078743187e-8
107.32,2.391771467981229e-8,2.21216457686661e-8
107.33,2.513898312136026e-8,2.1386294689527023e-8
107.34,2.63548065843811e-8,2.0649201003016264e-8
107.35,2.7565066781407958e-8,1.9910447985408837e-8
107.36,2.876964628911461e-8,1.9170119017743203e-8
107.37,2.9968428550902604e-8,1.8428297578454794e-8
107.38,3.1161297903759944e-8,1.768506722972584e-8
107.39,3.234813957242848e-8,1.6940511612308857e-8
107.4,3.3528839688348915e-8,1.619471443398683e-8
107.41,3.470328529769532e-8,1.5447759460516e-8
107.42,3.587136437187347e-8,1.4699730506217433e-8
107.43,3.703296581813128e-8,1.3950711424510024e-8
107.44,3.818797948796402e-8,1.3200786098567192e-8
107.45,3.933629618825876e-8,1.2450038431871965e-8
107.46,4.04778076902089e-8,1.169855233880072e-8
107.47,4.161240673968117e-8,1.0946411735184774e-8
107.48,4.273998706538749e-8,1.0193700529069705e-8
107.49,4.3860443389315403e-8,9.440502611100112e-9
107.5,4.4973671435168524e-8,8.686901845350576e-9
107.51,4.6079567937726436e-8,7.932982059937793e-9
107.52,4.7178030651645585e-8,7.178827037636e-9
107.53,4.82689583599704e-8,6.4245205067428825e-9
107.54,4.9352250883054934e-8,5.670146131451849e-9
107.55,5.0427809087974796e-8,4.9157875026657385e-9
107.56,5.149553489420727e-8,4.161528128922042e-9
107.57,5.255533128467518e-8,3.4074514271720728e-9
107.58,5.360710231281123e-8,2.6536407129923536e-9
107.59,5.4650753110061186e-8,1.900179192222567e-9
107.6,5.56861898945689e-8,1.147149950947231e-9
107.61,5.671331997800077e-8,3.9463594707634646e-10
107.62,5.773205177399758e-8,-3.5727999941456647e-10
107.63,5.874229480465956e-8,-1.1085152149210999e-9
107.64,5.974395970937287e-8,-1.8589871828573447e-9
107.65,6.073695824974183e-8,-2.6086135497691757e-9
107.66,6.172120331817277e-8,-3.357312137460029e-9
107.67,6.269660894484338e-8,-4.105000950158721e-9
107.68,6.366309030385555e-8,-4.851598184396025e-9
107.69,6.462056371953749e-8,-5.597022237128684e-9
107.7,6.556894667376996e-8,-6.3411917153377444e-9
107.71,6.650815781169343e-8,-7.0840254445016e-9
107.72,6.74381169483435e-8,-7.825442477731141e-9
107.73,6.835874507438606e-8,-8.565362104424973e-9
107.74,6.926996436186081e-8,-9.303703858693074e-9
107.75,7.017169817043469e-8,-1.0040387528972327e-8
107.76,7.106387105242045e-8,-1.0775333165667408e-8
107.77,7.194640875913773e-8,-1.1508461090592049e-8
107.78,7.281923824538231e-8,-1.223969190538191e-8
107.79,7.36822876748863e-8,-1.2968946499643442e-8
107.8,7.453548642574113e-8,-1.3696146060219911e-8
107.81,7.537876509479343e-8,-1.4421212079013412e-8
107.82,7.621205550270337e-8,-1.5144066361822555e-8
107.83,7.703529069847017e-8,-1.5864631036666787e-8
107.84,7.784840496422357e-8,-1.6582828561993233e-8
107.85,7.865133381891107e-8,-1.729858173519875e-8
107.86,7.944401402296229e-8,-1.8011813700767486e-8
107.87,8.022638358267748e-8,-1.8722447958601434e-8
107.88,8.09983817531742e-8,-1.943040837188839e-8
107.89,8.175994904304338e-8,-2.0135619175636282e-8
107.9,8.251102721756906e-8,-2.0838004984449765e-8
107.91,8.32515593022652e-8,-2.1537490800618993e-8
107.92,8.398148958601698e-8,-2.223400202193259e-8
107.93,8.470076362496744e-8,-2.2927464450376537e-8
107.94,8.540932824453113e-8,-2.3617804298436145e-8
107.95,8.61071315429611e-8,-2.4304948198379638e-8
107.96,8.679412289464723e-8,-2.4988823209658144e-8
107.97,8.747025295094871e-8,-2.5669356825705783e-8
107.98,8.8135473644419e-8,-2.6346476982771985e-8
107.99,8.878973819063133e-8,-2.7020112066799482e-8
108.0,8.943300108987566e-8,-2.769019092107972e-8
108.01,9.006521812986659e-8,-2.8356642853853715e-8
108.02,9.068634638658779e-8,-2.9019397645647937e-8
108.03,9.129634422794072e-8,-2.9678385556247896e-8
108.04,9.189517131307495e-8,-3.033353733246485e-8
108.05,9.248278859574729e-8,-3.0984784215305994e-8
108.06,9.305915832416335e-8,-3.1632057946742354e-8
108.07,9.362424404384722e-8,-3.2275290777250015e-8
108.08,9.41780105964192e-8,-3.291441547240807e-8
108.09,9.472042412267063e-8,-3.35493653200563e-8
108.1,9.525145206164697e-8,-3.4180074137355593e-8
108.11,9.577106315320447e-8,-3.480647627738791e-8
108.12,9.62792274358966e-8,-3.542850663582032e-8
108.13,9.67759162493279e-8,-3.604610065772646e-8
108.14,9.726110223366669e-8,-3.665919434442384e-8
108.15,9.773475932960493e-8,-3.7267724259616536e-8
108.16,9.81968627784233e-8,-3.787162753609777e-8
108.17,9.86473891214069e-8,-3.8470841881909866e-8
108.18,9.908631619999777e-8,-3.9065305587371835e-8
108.19,9.951362315508446e-8,-3.9654957530345245e-8
108.2,9.992929042610216e-8,-4.023973718314902e-8
108.21,1.003332997503752e-7,-4.081958461861031e-8
108.22,1.0072563416187098e-7,-4.139444051571597e-8
108.23,1.0110627799148866e-7,-4.196424616581184e-8
108.24,1.014752168636491e-7,-4.252894347860774e-8
108.25,1.0183243769673102e-7,-4.308847498791669e-8
108.26,1.0217792870087374e-7,-4.364278385740893e-8
108.27,1.0251167937631867e-7,-4.419181388595352e-8
108.28,1.0283368051172575e-7,-4.473550951384705e-8
108.29,1.0314392418286061e-7,-4.5273815827827266e-8
108.3,1.0344240374892738e-7,-4.5806678566429683e-8
108.31,1.0372911385245937e-7,-4.633404412603067e-8
108.32,1.0400405041572114e-7,-4.685585956526364e-8
108.33,1.0426721063883149e-7,-4.737207261071822e-8
108.34,1.0451859299655822e-7,-4.7882631662014056e-8
108.35,1.0475819723619714e-7,-4.838748579645629e-8
108.36,1.0498602437476474e-7,-4.888658477475851e-8
108.37,1.0520207669559822e-7,-4.9379879044953746e-8
108.38,1.0540635774572018e-7,-4.9867319747955356e-8
108.39,1.0559887233242645e-7,-5.034885872196011e-8
108.4,1.0577962651952368e-7,-5.082444850684213e-8
108.41,1.059486276249679e-7,-5.1294042349205846e-8
108.42,1.0610588421555195e-7,-5.175759420643473e-8
108.43,1.0625140610561755e-7,-5.221505875122105e-8
108.44,1.0638520435018786e-7,-5.266639137568e-8
108.45,1.0650729124339228e-7,-5.3111548195971946e-8
108.46,1.066176803132505e-7,-5.355048605581197e-8
108.47,1.0671638631773818e-7,-5.398316253105505e-8
108.48,1.0680342524040947e-7,-5.440953593326605e-8
108.49,1.0687881428575388e-7,-5.482956531381814e-8
108.5,1.0694257187499561e-7,-5.524321046742443e-8
108.51,1.0699471764036239e-7,-5.5650431936109924e-8
108.52,1.0703527242197579e-7,-5.6051191012486405e-8
108.53,1.0706425826106252e-7,-5.644544974355505e-8
108.54,1.070816983959562e-7,-5.683317093382085e-8
108.55,1.0708761725657234e-7,-5.721431814899116e-8
108.56,1.0708204045921067e-7,-5.758885571888631e-8
108.57,1.0706499480101909e-7,-5.795674874074445e-8
108.58,1.0703650825390667e-7,-5.831796308238336e-8
108.59,1.0699660996049998e-7,-5.8672465384930804e-8
108.6,1.0694533022638032e-7,-5.902022306570937e-8
108.61,1.0688270051521943e-7,-5.9361204321459065e-8
108.62,1.0680875344305006e-7,-5.969537813060537e-8
108.63,1.0672352277122479e-7,-6.002271425585397e-8
108.64,1.0662704340108143e-7,-6.034318324703032e-8
108.65,1.065193513669797e-7,-6.065675644355363e-8
108.66,1.0640048383035741e-7,-6.096340597605303e-8
108.67,1.0627047907221407e-7,-6.126310476975595e-8
108.68,1.0612937648804794e-7,-6.155582654545171e-8
108.69,1.0597721657975222e-7,-6.184154582259711e-8
108.7,1.0581404094916546e-7,-6.21202379206096e-8
108.71,1.0563989229094443e-7,-6.239187896112287e-8
108.72,1.0545481438609277e-7,-6.265644586961134e-8
108.73,1.052588520938907e-7,-6.291391637697039e-8
108.74,1.0505205134536723e-7,-6.316426902156851e-8
108.75,1.0483445913537962e-7,-6.340748315041578e-8
108.76,1.046061235152778e-7,-6.364353892059685e-8
108.77,1.043670935862101e-7,-6.38724173006621e-8
108.78,1.0411741948932709e-7,-6.409410007179717e-8
108.79,1.0385715240031875e-7,-6.430856982948426e-8
108.8,1.0358634452021664e-7,-6.451580998366685e-8
108.81,1.0330504906819346e-7,-6.471580476051852e-8
108.82,1.0301332027202433e-7,-6.490853920277213e-8
108.83,1.0271121336250791e-7,-6.509399917104342e-8
108.84,1.0239878456232205e-7,-6.527217134387321e-8
108.85,1.0207609108051744e-7,-6.544304321893885e-8
108.86,1.0174319110162178e-7,-6.560660311304375e-8
108.87,1.014001437788384e-7,-6.576284016307743e-8
108.88,1.0104700922448373e-7,-6.591174432582149e-8
108.89,1.0068384850204656e-7,-6.60533063785287e-8
108.9,1.003107236169381e-7,-6.618751791894524e-8
108.91,9.9927697507884e-8,-6.631437136524134e-8
108.92,9.953483403802744e-8,-6.643385995631678e-8
108.93,9.913219798579263e-8,-6.654597775129258e-8
108.94,9.871985503575661e-8,-6.665071962945181e-8
108.95,9.829787176981885e-8,-6.674808128995743e-8
108.96,9.786631565759792e-8,-6.683805925137309e-8
108.97,9.742525504756487e-8,-6.692065085134347e-8
108.98,9.697475915723388e-8,-6.699585424568934e-8
108.99,9.65148980638779e-8,-6.706366840795919e-8
109.0,9.604574269517252e-8,-6.712409312847489e-8
109.01,9.556736481927438e-8,-6.71771290140683e-8
109.02,9.50798370354965e-8,-6.722277748619676e-8
109.03,9.458323276428809e-8,-6.726104078053194e-8
109.04,9.407762623788976e-8,-6.72919219456795e-8
109.05,9.356309248944938e-8,-6.73154248422886e-8
109.06,9.303970734451288e-8,-6.733155414083133e-8
109.07,9.250754741027396e-8,-6.734031532129018e-8
109.08,9.196669006495253e-8,-6.734171467094392e-8
109.09,9.14172134487719e-8,-6.733575928318239e-8
109.1,9.085919645368377e-8,-6.732245705578849e-8
109.11,9.029271871185053e-8,-6.730181668897053e-8
109.12,8.971786058683436e-8,-6.727384768358597e-8
109.13,8.913470316243186e-8,-6.723856033960874e-8
109.14,8.854332823316019e-8,-6.719596575373994e-8
109.15,8.794381829207322e-8,-6.714607581705274e-8
109.16,8.733625652227776e-8,-6.708890321380039e-8
109.17,8.672072678500284e-8,-6.702446141808117e-8
109.18,8.609731360947353e-8,-6.695276469196317e-8
109.19,8.546610218257433e-8,-6.687382808317036e-8
109.2,8.482717833716943e-8,-6.678766742240626e-8
109.21,8.418062854272439e-8,-6.669429932054862e-8
109.22,8.352653989293002e-8,-6.659374116626882e-8
109.23,8.286500009634834e-8,-6.648601112343482e-8
109.24,8.219609746469467e-8,-6.637112812759518e-8
109.25,8.151992090182497e-8,-6.624911188340448e-8
109.26,8.083655989369962e-8,-6.611998286211368e-8
109.27,8.01461044960759e-8,-6.598376229747967e-8
109.28,7.944864532452217e-8,-6.584047218329141e-8
109.29,7.874427354276014e-8,-6.569013527019705e-8
109.3,7.803308085215781e-8,-6.553277506148713e-8
109.31,7.731515947973242e-8,-6.536841581064232e-8
109.32,7.659060216759156e-8,-6.519708251739732e-8
109.33,7.585950216134813e-8,-6.501880092412524e-8
109.34,7.512195320067444e-8,-6.483359751260709e-8
109.35,7.437804950392413e-8,-6.464149949932592e-8
109.36,7.362788576126801e-8,-6.444253483283144e-8
109.37,7.287155712099858e-8,-6.42367321889212e-8
109.38,7.210915917894047e-8,-6.402412096745413e-8
109.39,7.134078796651596e-8,-6.380473128750703e-8
109.4,7.056653994007772e-8,-6.357859398385514e-8
109.41,6.978651196902945e-8,-6.334574060254247e-8
109.42,6.900080132476188e-8,-6.310620339661179e-8
109.43,6.820950566852621e-8,-6.286001532189662e-8
109.44,6.741272304079285e-8,-6.260721003218912e-8
109.45,6.661055184982565e-8,-6.234782187558934e-8
109.46,6.580309085925896e-8,-6.208188588898428e-8
109.47,6.499043917712197e-8,-6.180943779392107e-8
109.48,6.417269624499733e-8,-6.153051399213491e-8
109.49,6.334996182529303e-8,-6.124515156010904e-8
109.5,6.252233599058233e-8,-6.095338824489667e-8
109.51,6.168991911167729e-8,-6.065526245879348e-8
109.52,6.085281184668886e-8,-6.035081327441544e-8
109.53,6.001111512837986e-8,-6.004008041996298e-8
109.54,5.916493015361198e-8,-5.97231042735347e-8
109.55,5.8314358371273755e-8,-5.9399925858695845e-8
109.56,5.7459501471102906e-8,-5.907058683843888e-8
109.57,5.6600461371903344e-8,-5.873512951056026e-8
109.58,5.573734020963085e-8,-5.8393596801649885e-8
109.59,5.4870240326795024e-8,-5.80460322623265e-8
109.6,5.399926425982839e-8,-5.7692480061322153e-8
109.61,5.312451472922188e-8,-5.7332984979947626e-8
109.62,5.224609462484231e-8,-5.6967592406244016e-8
109.63,5.136410699814825e-8,-5.659634833007934e-8
109.64,5.047865504848495e-8,-5.621929933653873e-8
109.65,4.9589842111713665e-8,-5.583649260062282e-8
109.66,4.8697771649396556e-8,-5.544797588114944e-8
109.67,4.780254723665744e-8,-5.50537975149134e-8
109.68,4.6904272551302605e-8,-5.465400641081347e-8
109.69,4.600305136193298e-8,-5.4248652043707165e-8
109.7,4.509898751646984e-8,-5.3837784447989935e-8
109.71,4.4192184931922e-8,-5.3421454212324185e-8
109.72,4.3282747580527735e-8,-5.29997124725145e-8
109.73,4.237077948058023e-8,-5.257261090576568e-8
109.74,4.1456384684414295e-8,-5.214020172411706e-8
109.75,4.053966726700652e-8,-5.170253766843696e-8
109.76,3.9620731314081966e-8,-5.125967200157885e-8
109.77,3.8699680911933286e-8,-5.081165850216023e-8
109.78,3.777662013537901e-8,-5.035855145809882e-8
109.79,3.685165303683939e-8,-4.9900405659897465e-8
109.8,3.5924883634902074e-8,-4.943727639404173e-8
109.81,3.499641590333443e-8,-4.896921943677817e-8
109.82,3.4066353759917335e-8,-4.849629104641115e-8
109.83,3.313480105497013e-8,-4.8018547957644756e-8
109.84,3.2201861560891094e-8,-4.753604737427737e-8
109.85,3.1267638960937514e-8,-4.704884696216982e-8
109.86,3.033223683763757e-8,-4.655700484287975e-8
109.87,2.9395758662488406e-8,-4.606057958646493e-8
109.88,2.845830778422924e-8,-4.555963020416774e-8
109.89,2.751998741954486e-8,-4.505421614228914e-8
109.9,2.6580900639723714e-8,-4.454439727417134e-8
109.91,2.564115036243566e-8,-4.403023389371228e-8
109.92,2.470083933895636e-8,-4.3511786708397626e-8
109.93,2.376007014436025e-8,-4.298911683106285e-8
109.94,2.2818945166879758e-8,-4.2462285774208557e-8
109.95,2.1877566596826313e-8,-4.1931355441804475e-8
109.96,2.0936036415974824e-8,-4.139638812188728e-8
109.97,1.9994456387685134e-8,-4.085744648017435e-8
109.98,1.9052928045506437e-8,-4.031459355149386e-8
109.99,1.811155268289487e-8,-3.97678927339502e-8
110.0,1.7170431343785798e-8,-3.9217407779676405e-8
110.01,1.6229664810675993e-8,-3.866320278902973e-8
110.02,1.528935359558877e-8,-3.81053422023482e-8
110.03,1.4349597929216223e-8,-3.7543890792570376e-8
110.04,1.341049775000646e-8,-3.69789136573916e-8
110.05,1.247215269621769e-8,-3.641047621267667e-8
110.06,1.1534662093374188e-8,-3.583864418384061e-8
110.07,1.0598124945541246e-8,-3.5263483598746317e-8
110.08,9.662639925136407e-9,-3.468506078034616e-8
110.09,8.728305362886193e-9,-3.410344233806934e-8
110.1,7.795219238065262e-9,-3.3518695161520954e-8
110.11,6.863479168381515e-9,-3.2930886411506296e-8
110.12,5.933182400854569e-9,-3.234008351305654e-8
110.13,5.0044258014915396e-9,-3.174635414755101e-8
110.14,4.0773058461739784e-9,-3.114976624498307e-8
110.15,3.151918610877417e-9,-3.055038797606808e-8
110.16,2.228359761715648e-9,-2.994828774418885e-8
110.17,1.306724546780048e-9,-2.9343534178689533e-8
110.18,3.87107785594524e-10,-2.8736196125588337e-8
110.19,-5.303961401025955e-10,-2.8126342640844488e-8
110.2,-1.4456932943456583e-9,-2.7514042981822605e-8
110.21,-2.358690197792703e-9,-2.6899366599919673e-8
110.22,-3.269293835630283e-9,-2.6282383132292742e-8
110.23,-4.177411666876436e-9,-2.5663162394403506e-8
110.24,-5.082951633626836e-9,-2.5041774371676718e-8
110.25,-5.9858221693521925e-9,-2.4418289211841868e-8
110.26,-6.885932208083065e-9,-2.379277721721793e-8
110.27,-7.783191193406397e-9,-2.3165308835796183e-8
110.28,-8.677509085604949e-9,-2.253595465541459e-8
110.29,-9.56879637293565e-9,-2.1904785393010636e-8
110.3,-1.0456964077274027e-8,-2.12718718887802e-8
110.31,-1.134192376452079e-8,-2.0637285097725093e-8
110.32,-1.222358755127461e-8,-2.000109608142082e-8
110.33,-1.310186811483312e-8,-1.936337600015686e-8
110.34,-1.397667870052839e-8,-1.8724196104957043e-8
110.35,-1.4847933129239108e-8,-1.808362772994144e-8
110.36,-1.5715545805689862e-8,-1.7441742284011668e-8
110.37,-1.657943172813042e-8,-1.679861124264036e-8
110.38,-1.743950649318797e-8,-1.615430614104011e-8
110.39,-1.829568630561331e-8,-1.550889856503916e-8
110.4,-1.914788798592573e-8,-1.4862460143348625e-8
110.41,-1.999602897689359e-8,-1.4215062540408746e-8
110.42,-2.084002735231096e-8,-1.3566777447456207e-8
110.43,-2.167980182304602e-8,-1.2917676575319983e-8
110.44,-2.2515271746153415e-8,-1.2267831645793822e-8
110.45,-2.3346357130418974e-8,-1.1617314384483273e-8
110.46,-2.4172978644588255e-8,-1.0966196512491021e-8
110.47,-2.4995057623728283e-8,-1.03145497385188e-8
110.48,-2.5812516077028176e-8,-9.662445751191323e-9
110.49,-2.662527669370926e-8,-9.009956210783001e-9
110.5,-2.7433262850722877e-8,-8.357152741931948e-9
110.51,-2.8236398619405843e-8,-7.704106924994788e-9
110.52,-2.9034608770826127e-8,-7.050890289413601e-9
110.53,-2.9827818784335697e-8,-6.3975743045275735e-9
110.54,-3.0615954852228223e-8,-5.744230373076045e-9
110.55,-3.1398943887670114e-8,-5.090929821321228e-9
110.56,-3.217671352913897e-8,-4.4377438947502685e-9
110.57,-3.2949192148125927e-8,-3.784743747027598e-9
110.58,-3.37163088546465e-8,-3.1320004337148863e-9
110.59,-3.4477993503052054e-8,-2.4795849045101938e-9
110.6,-3.5234176698307216e-8,-1.8275679953171863e-9
110.61,-3.5984789801387635e-8,-1.1760204207893452e-9
110.62,-3.672976493509895e-8,-5.250127664502597e-10
110.63,-3.746903499002875e-8,1.253845187861352e-10
110.64,-3.820253362910066e-8,7.751011298754149e-10
110.65,-3.8930195294838806e-8,1.424066914373324e-9
110.66,-3.9651955211793745e-8,2.0722118783865817e-9
110.67,-4.036774939453631e-8,2.7194661952434984e-9
110.68,-4.1077514651397734e-8,3.3657602126956043e-9
110.69,-4.178118858960777e-8,4.011024460078136e-9
110.7,-4.24787096203674e-8,4.655189656273165e-9
110.71,-4.317001696371888e-8,5.298186716746406e-9
110.72,-4.385505065300772e-8,5.939946761044833e-9
110.73,-4.453375153987424e-8,6.580401119800841e-9
110.74,-4.520606129806914e-8,7.219481342838226e-9
110.75,-4.587192242903382e-8,7.85711920568918e-9
110.76,-4.653127826511153e-8,8.49324671729033e-9
110.77,-4.7184072974398046e-8,9.127796126856697e-9
110.78,-4.7830251564505964e-8,9.760699931506233e-9
110.79,-4.8469759886758974e-8,1.0391890882800926e-8
110.8,-4.9102544640339656e-8,1.1021301994395752e-8
110.81,-4.9728553375419456e-8,1.1648866548941578e-8
110.82,-5.0347734497823455e-8,1.227451810491125e-8
110.83,-5.096003727180123e-8,1.2898190503840937e-8
110.84,-5.156541182351674e-8,1.351981787736591e-8
110.85,-5.2163809145781284e-8,1.4139334653596388e-8
110.86,-5.2755181099423126e-8,1.4756675564672094e-8
110.87,-5.333948041813899e-8,1.537177565299107e-8
110.88,-5.391666071046722e-8,1.598457027867574e-8
110.89,-5.448667646344526e-8,1.6594995125514125e-8
110.9,-5.504948304525127e-8,1.720298620833795e-8
110.91,-5.5605036708092597e-8,1.7808479879367977e-8
110.92,-5.615329459093593e-8,1.8411412834802014e-8
110.93,-5.66942147214047e-8,1.901172212124175e-8
110.94,-5.7227756020062044e-8,1.9609345142877608e-8
110.95,-5.7753878300309804e-8,2.0204219667109663e-8
110.96,-5.827254227306072e-8,2.0796283831751137e-8
110.97,-5.8783709547416015e-8,2.1385476150441014e-8
110.98,-5.928734263283698e-8,2.197173551997588e-8
110.99,-5.978340494187772e-8,2.2555001226085875e-8
111.0,-6.027186079141888e-8,2.3135212949564327e-8
111.01,-6.075267540460556e-8,2.371231077262665e-8
111.02,-6.122581491335462e-8,2.4286235185471415e-8
111.03,-6.169124635768322e-8,2.4856927091085604e-8
111.04,-6.21489376897841e-8,2.5424327812657414e-8
111.05,-6.259885777363699e-8,2.598837909866e-8
111.06,-6.3040976386994e-8,2.6549023129406086e-8
111.07,-6.34752642222387e-8,2.7106202521956978e-8
111.08,-6.390169288805207e-8,2.765986033711158e-8
111.09,-6.432023490932466e-8,2.8209940084245715e-8
111.1,-6.473086372905349e-8,2.8756385727456327e-8
111.11,-6.513355370812261e-8,2.9299141690757587e-8
111.12,-6.552828012692852e-8,2.983815286425897e-8
111.13,-6.591501918498192e-8,3.0373364609410355e-8
111.14,-6.629374800217125e-8,3.090472276402716e-8
111.15,-6.666444461845203e-8,3.143217364846736e-8
111.16,-6.702708799464783e-8,3.195566407036452e-8
111.17,-6.738165801205389e-8,3.2475141330291816e-8
111.18,-6.772813547291822e-8,3.299055322658841e-8
111.19,-6.806650210021893e-8,3.35018480609356e-8
111.2,-6.839674053725461e-8,3.400897464326144e-8
111.21,-6.871883434813122e-8,3.451188229645104e-8
111.22,-6.903276801598351e-8,3.501052086215142e-8
111.23,-6.933852694415718e-8,3.550484070485745e-8
111.24,-6.963609745524937e-8,3.599479271695989e-8
111.25,-6.992546678892094e-8,3.648032832383139e-8
111.26,-7.02066231036004e-8,3.696139948842599e-8
111.27,-7.047955547338818e-8,3.74379587155527e-8
111.28,-7.074425388882384e-8,3.79099590569467e-8
111.29,-7.100070925472456e-8,3.8377354115541356e-8
111.3,-7.124891338928259e-8,3.8840098050006027e-8
111.31,-7.148885902363091e-8,3.9298145578967006e-8
111.32,-7.172053979911981e-8,3.975145198577368e-8
111.33,-7.194395026697666e-8,4.019997312218175e-8
111.34,-7.215908588617807e-8,4.064366541276487e-8
111.35,-7.236594302222554e-8,4.1082485859214594e-8
111.36,-7.256451894566962e-8,4.151639204434576e-8
111.37,-7.275481182862562e-8,4.1945342135514306e-8
111.38,-7.293682074566855e-8,4.236929488955922e-8
111.39,-7.311054566923752e-8,4.2788209655566407e-8
111.4,-7.327598746885188e-8,4.32020463795084e-8
111.41,-7.343314790890549e-8,4.3610765607406036e-8
111.42,-7.358202964572056e-8,4.401432848908474e-8
111.43,-7.372263622610428e-8,4.4412696781938046e-8
111.44,-7.385497208384521e-8,4.480583285409395e-8
111.45,-7.397904253850223e-8,4.519369968806774e-8
111.46,-7.409485379026497e-8,4.557626088401854e-8
111.47,-7.420241292114661e-8,4.595348066310443e-8
111.48,-7.430172788824936e-8,4.632532387045896e-8
111.49,-7.439280752377211e-8,4.6691755978651554e-8
111.5,-7.447566152953615e-8,4.705274309044886e-8
111.51,-7.455030047589633e-8,4.740825194199468e-8
111.52,-7.46167357973384e-8,4.7758249905434406e-8
111.53,-7.467497979038235e-8,4.810270499229303e-8
111.54,-7.472504560896501e-8,4.844158585556857e-8
111.55,-7.476694726153815e-8,4.8774861792934214e-8
111.56,-7.480069960793945e-8,4.910250274916971e-8
111.57,-7.482631835531235e-8,4.942447931860414e-8
111.58,-7.484382005413016e-8,4.974076274761841e-8
111.59,-7.485322209527801e-8,5.005132493721911e-8
111.6,-7.485454270594276e-8,5.0356138445269056e-8
111.61,-7.484780094483803e-8,5.065517648844923e-8
111.62,-7.483301669947548e-8,5.0948412944878606e-8
111.63,-7.481021068116222e-8,5.123582235586613e-8
111.64,-7.477940442088287e-8,5.151737992801116e-8
111.65,-7.474062026575502e-8,5.1793061535229004e-8
111.66,-7.469388137382941e-8,5.206284372053114e-8
111.67,-7.46392117099906e-8,5.232670369784806e-8
111.68,-7.457663604194057e-8,5.258461935362224e-8
111.69,-7.450617993458527e-8,5.283656924858317e-8
111.7,-7.442786974673396e-8,5.3082532619322985e-8
111.71,-7.434173262507833e-8,5.3322489379677357e-8
111.72,-7.424779650016126e-8,5.355642012216855e-8
111.73,-7.414609008143226e-8,5.378430611938703e-8
111.74,-7.403664285196898e-8,5.4006129324988e-8
111.75,-7.391948506393344e-8,5.422187237526784e-8
111.76,-7.379464773316444e-8,5.443151859006699e-8
111.77,-7.366216263410168e-8,5.4635051973607184e-8
111.78,-7.352206229411474e-8,5.483245721597758e-8
111.79,-7.337437998950675e-8,5.502371969318003e-8
111.8,-7.32191497386802e-8,5.520882546880246e-8
111.81,-7.305640629726812e-8,5.538776129402945e-8
111.82,-7.288618515300511e-8,5.5560514608755724e-8
111.83,-7.270852251939881e-8,5.572707354191951e-8
111.84,-7.252345533091516e-8,5.588742691201018e-8
111.85,-7.233102123675096e-8,5.604156422762674e-8
111.86,-7.213125859480863e-8,5.6189475687399454e-8
111.87,-7.192420646667568e-8,5.633115218108441e-8
111.88,-7.170990461116685e-8,5.646658528860026e-8
111.89,-7.148839347871415e-8,5.65957672811553e-8
111.9,-7.125971420442797e-8,5.671869112057469e-8
111.91,-7.102390860354163e-8,5.683535045977574e-8
111.92,-7.078101916398729e-8,5.694573964230605e-8
111.93,-7.053108904078164e-8,5.704985370233351e-8
111.94,-7.027416204973713e-8,5.71476883641223e-8
111.95,-7.001028266075263e-8,5.7239240041912836e-8
111.96,-6.973949599236357e-8,5.7324505839491525e-8
111.97,-6.946184780400832e-8,5.740348354956469e-8
111.98,-6.917738449057172e-8,5.747617165335438e-8
111.99,-6.888615307565871e-8,5.754256931979572e-8
112.0,-6.858820120488793e-8,5.760267640475526e-8
112.01,-6.828357713886542e-8,5.765649345045409e-8
112.02,-6.797232974742527e-8,5.770402168446188e-8
112.03,-6.765450850174155e-8,5.774526301880804e-8
112.04,-6.733016346825317e-8,5.778022004862968e-8
112.05,-6.699934530285636e-8,5.7808896051879655e-8
112.06,-6.666210524077453e-8,5.7831294987052276e-8
112.07,-6.631849509312793e-8,5.784742149316004e-8
112.08,-6.596856723838533e-8,5.78572808872127e-8
112.09,-6.561237461539294e-8,5.7860879163623415e-8
112.1,-6.524997071615119e-8,5.7858222992561267e-8
112.11,-6.488140957915273e-8,5.7849319718345e-8
112.12,-6.450674578194302e-8,5.7834177357907367e-8
112.13,-6.412603443404793e-8,5.781280459884474e-8
112.14,-6.373933116945424e-8,5.778521079838237e-8
112.15,-6.3346692140355e-8,5.7751405980486514e-8
112.16,-6.29481740077072e-8,5.771140083506879e-8
112.17,-6.254383393609139e-8,5.766520671521254e-8
112.18,-6.213372958530743e-8,5.761283563539105e-8
112.19,-6.171791910274506e-8,5.75543002695887e-8
112.2,-6.12964611165605e-8,5.7489613948972925e-8
112.21,-6.08694147273749e-8,5.7418790659352964e-8
112.22,-6.04368395016857e-8,5.734184503944536e-8
112.23,-5.999879546344679e-8,5.7258792378038166e-8
112.24,-5.9555343086626986e-8,5.716964861169179e-8
112.25,-5.910654328868534e-8,5.707443032210483e-8
112.26,-5.8652457420903984e-8,5.697315473390288e-8
112.27,-5.8193147261824946e-8,5.6865839711516873e-8
112.28,-5.772867501022787e-8,5.675250375683217e-8
112.29,-5.7259103276226675e-8,5.6633166006018495e-8
112.3,-5.678449507333518e-8,5.650784622696715e-8
112.31,-5.630491381248663e-8,5.637656481660793e-8
112.32,-5.5820423291523236e-8,5.623934279707458e-8
112.33,-5.533108768911027e-8,5.609620181348035e-8
112.34,-5.483697155782018e-8,5.594716413087955e-8
112.35,-5.4338139812850345e-8,5.579225263005647e-8
112.36,-5.3834657727483444e-8,5.5631490805306524e-8
112.37,-5.332659092329318e-8,5.546490276083145e-8
112.38,-5.2814005363247364e-8,5.529251320721331e-8
112.39,-5.2296967342185145e-8,5.511434745808242e-8
112.4,-5.177554348122078e-8,5.493043142677961e-8
112.41,-5.124980071728947e-8,5.474079162255066e-8
112.42,-5.0719806296385694e-8,5.454545514683489e-8
112.43,-5.0185627765660325e-8,5.434444969037564e-8
112.44,-4.964733296477532e-8,5.413780352830828e-8
112.45,-4.9104990017853984e-8,5.392554551710053e-8
112.46,-4.855866732604466e-8,5.3707705090809524e-8
112.47,-4.800843355882814e-8,5.348431225663358e-8
112.48,-4.7454357645724034e-8,5.3255397591393024e-8
112.49,-4.689650876910698e-8,5.3020992237251784e-8
112.5,-4.6334956355351494e-8,5.2781127897801097e-8
112.51,-4.576977006732492e-8,5.253583683362141e-8
112.52,-4.520101979365462e-8,5.228515185842897e-8
112.53,-4.462877564593095e-8,5.2029106334859874e-8
112.54,-4.405310794519495e-8,5.1767734169599745e-8
112.55,-4.3474087216656186e-8,5.1501069809777624e-8
112.56,-4.289178418078415e-8,5.1229148237992775e-8
112.57,-4.230626974491782e-8,5.095200496793158e-8
112.58,-4.171761499585768e-8,5.066967604007579e-8
112.59,-4.1125891190907994e-8,5.0382198017141734e-8
112.6,-4.053116975010132e-8,5.008960797897814e-8
112.61,-3.9933522248480065e-8,4.979194351849277e-8
112.62,-3.933302040658683e-8,4.948924273638556e-8
112.63,-3.8729736084019056e-8,4.918154423687474e-8
112.64,-3.8123741270064866e-8,4.8868887122494185e-8
112.65,-3.751510807591157e-8,4.855131098944706e-8
112.66,-3.690390872673774e-8,4.8228855922444196e-8
112.67,-3.629021555334095e-8,4.790156249004224e-8
112.68,-3.567410098406908e-8,4.756947173929933e-8
112.69,-3.505563753666969e-8,4.723262519093761e-8
112.7,-3.443489781090603e-8,4.689106483418524e-8
112.71,-3.381195447811574e-8,4.6544833121456114e-8
112.72,-3.31868802769545e-8,4.619397296359267e-8
112.73,-3.255974800138261e-8,4.5838527724078395e-8
112.74,-3.193063049562762e-8,4.547854121397935e-8
112.75,-3.129960064409606e-8,4.511405768670901e-8
112.76,-3.066673136515758e-8,4.474512183265775e-8
112.77,-3.0032095600912147e-8,4.4371778773508586e-8
112.78,-2.9395766311413138e-8,4.3994074057166565e-8
112.79,-2.8757816465042372e-8,4.361205365203342e-8
112.8,-2.811831903196048e-8,4.32257639414859e-8
112.81,-2.7477346974342005e-8,4.28352517179925e-8
112.82,-2.6834973240752614e-8,4.244056417857691e-8
112.83,-2.6191270756173443e-8,4.2041748918015935e-8
112.84,-2.5546312415064752e-8,4.1638853923520276e-8
112.85,-2.4900171073727196e-8,4.1231927569220475e-8
112.86,-2.4252919541776808e-8,4.082101861022637e-8
112.87,-2.3604630575119095e-8,4.040617617705749e-8
112.88,-2.2955376867210132e-8,3.998744976930993e-8
112.89,-2.2305231042201e-8,3.956488925049522e-8
112.9,-2.165426564636419e-8,3.9138544841574565e-8
112.91,-2.1002553141370116e-8,3.87084671153559e-8
112.92,-2.0350165896021055e-8,3.8274706990361896e-8
112.93,-1.9697176178147686e-8,3.783731572514546e-8
112.94,-1.9043656147940317e-8,3.739634491186117e-8
112.95,-1.8389677849258643e-8,3.695184647059774e-8
112.96,-1.7735313203530794e-8,3.650387264287942e-8
112.97,-1.7080634000796984e-8,3.605247598626549e-8
112.98,-1.6425711892930346e-8,3.5597709367359885e-8
112.99,-1.577061838579581e-8,3.513962595645592e-8
113.0,-1.5115424832363517e-8,3.46782792207613e-8
113.01,-1.446020242492683e-8,3.4213722918625524e-8
113.02,-1.3805022187502868e-8,3.374601109306117e-8
113.03,-1.3149954968998517e-8,3.327519806549126e-8
113.04,-1.2495071435738156e-8,3.280133842963663e-8
113.05,-1.1840442063821437e-8,3.232448704525071e-8
113.06,-1.1186137132405301e-8,3.184469903149514e-8
113.07,-1.05322267167242e-8,3.136202976096485e-8
113.08,-9.878780680300065e-9,3.0876534853296587e-8
113.09,-9.225868667368475e-9,3.038827016819999e-8
113.1,-8.57356009771809e-9,2.989729180011878e-8
113.11,-7.92192415823979e-9,2.9403656071043382e-8
113.12,-7.271029795704456e-9,2.890741952421502e-8
113.13,-6.620945710789268e-9,2.8408638917802355e-8
113.14,-5.97174035043188e-9,2.7907371218486887e-8
113.15,-5.323481901611835e-9,2.7403673594847694e-8
113.16,-4.676238283968272e-9,2.6897603410984048e-8
113.17,-4.030077143288103e-9,2.63892182199419e-8
113.18,-3.3850658450280304e-9,2.5878575757333094e-8
113.19,-2.7412714671689637e-9,2.5365733934309102e-8
113.2,-2.0987607938838734e-9,2.4850750832120186e-8
113.21,-1.4576003089586106e-9,2.4333684694516142e-8
113.22,-8.178561893334885e-10,2.381459392123017e-8
113.23,-1.7959429828569248e-10,2.329353706236021e-8
113.24,4.5711982072613584e-10,2.2770572810854908e-8
113.25,1.0922209501238898e-9,2.2245759996224158e-8
113.26,1.7256442053713326e-9,2.1719157578175473e-8
113.27,2.3573250402593046e-9,2.11908246398173e-8
113.28,2.987199254316933e-9,2.066082038069327e-8
113.29,3.6152029974733187e-9,2.012920411128199e-8
113.3,4.2412727776946776e-9,1.959603524503183e-8
113.31,4.865345465428766e-9,1.9061373292903772e-8
113.32,5.487358301811226e-9,1.852527785592771e-8
113.33,6.107248902353587e-9,1.7987808619035395e-8
113.34,6.72495526426976e-9,1.744902534430282e-8
113.35,7.340415771616741e-9,1.690898786450751e-8
113.36,7.953569201506339e-9,1.636775607625654e-8
113.37,8.564354729353029e-9,1.58253899337034e-8
113.38,9.172711935539512e-9,1.5281949441338686e-8
113.39,9.77858080981269e-9,1.4737494648315072e-8
113.4,1.0381901757464968e-8,1.4192085640801435e-8
113.41,1.0982615604740157e-8,1.3645782536244621e-8
113.42,1.1580663604580342e-8,1.3098645476385989e-8
113.43,1.217598744114335e-8,1.2550734620711306e-8
113.44,1.2768529236328777e-8,1.2002110139777545e-8
113.45,1.3358231554144004e-8,1.1452832209010665e-8
113.46,1.3945037405815083e-8,1.0902961001305725e-8
113.47,1.4528890256007518e-8,1.0352556681690621e-8
113.48,1.5109734026354503e-8,9.801679399879921e-9
113.49,1.568751310199752e-8,9.250389283904035e-9
113.5,1.626217233559001e-8,8.698746433660533e-9
113.51,1.6833657051941172e-8,8.146810914642966e-9
113.52,1.740191305389259e-8,7.59464275078797e-9
113.53,1.7966886626592363e-8,7.042301918807395e-9
113.54,1.852852454175409e-8,6.489848340919896e-9
113.55,1.90867740625432e-8,5.937341879082993e-9
113.56,1.9641582948775753e-8,5.3848423280398975e-9
113.57,2.0192899460498486e-8,4.832409409099265e-9
113.58,2.074067236285542e-8,4.28010276373036e-9
113.59,2.1284850930786477e-8,3.7279819469800144e-9
113.6,2.1825384952539654e-8,3.176106421449374e-9
113.61,2.2362224734503453e-8,2.6245355506264888e-9
113.62,2.289532110537446e-8,2.0733285925897342e-9
113.63,2.3424625419869576e-8,1.5225446937651537e-9
113.64,2.395008956332665e-8,9.722428822793807e-10
113.65,2.447166595518146e-8,4.224820626386293e-10
113.66,2.498930755276017e-8,-1.2667899175255317e-10
113.67,2.5502967856361496e-8,-6.751816442848848e-10
113.68,2.6012600911013383e-8,-1.2229674010965002e-9
113.69,2.6518161311528363e-8,-1.769977917537783e-9
113.7,2.7019604206714873e-8,-2.3161550046264245e-9
113.71,2.751688530054377e-8,-2.861440634537507e-9
113.72,2.8009960858432943e-8,-3.405776947383675e-9
113.73,2.849878770879786e-8,-3.949106256791801e-9
113.74,2.898332324697219e-8,-4.491371056256189e-9
113.75,2.9463525439160414e-8,-5.032514025242476e-9
113.76,2.993935282399558e-8,-5.572478034867679e-9
113.77,3.041076451770667e-8,-6.111206154106161e-9
113.78,3.087772021526561e-8,-6.648641655865523e-9
113.79,3.134018019519238e-8,-7.184728022684029e-9
113.8,3.1798105320956495e-8,-7.719408952587307e-9
113.81,3.2251457044536184e-8,-8.252628365265586e-9
113.82,3.270019740963809e-8,-8.784330407567737e-9
113.83,3.31442890534488e-8,-9.314459459393652e-9
113.84,3.3583695209876636e-8,-9.842960139774283e-9
113.85,3.4018379711904477e-8,-1.0369777311924369e-8
113.86,3.4448306994578e-8,-1.0894856089598139e-8
113.87,3.48734420965499e-8,-1.1418141842527224e-8
113.88,3.5293750663139975e-8,-1.19395802018385e-8
113.89,3.5709198948590863e-8,-1.2459117066011366e-8
113.9,3.611975381801862e-8,-1.297669860615518e-8
113.91,3.652538274938505e-8,-1.349227127160752e-8
113.92,3.692605383567977e-8,-1.4005781795404846e-8
113.93,3.732173578868502e-8,-1.4517177199997233e-8
113.94,3.771239793685157e-8,-1.502640480210454e-8
113.95,3.809801023101417e-8,-1.5533412218379913e-8
113.96,3.84785432445119e-8,-1.6038147370993904e-8
113.97,3.8853968175367e-8,-1.654055849257375e-8
113.98,3.922425684690254e-8,-1.7040594131232336e-8
113.99,3.958938171091029e-8,-1.75382031565603e-8
114.0,3.994931584818479e-8,-1.8033334764098278e-8
114.01,4.0304032969421524e-8,-1.852593848050767e-8
114.02,4.065350741824559e-8,-1.9015964169076834e-8
114.03,4.099771417051791e-8,-1.9503362034200397e-8
114.04,4.133662883653065e-8,-1.9988082627084438e-8
114.05,4.1670227662883886e-8,-2.047007684971228e-8
114.06,4.199848753242659e-8,-2.0949295960612173e-8
114.07,4.232138596502424e-8,-2.142569157948114e-8
114.08,4.263890111959055e-8,-2.1899215691701447e-8
114.09,4.295101179395039e-8,-2.236982065330564e-8
114.1,4.3257697426315264e-8,-2.283745919588312e-8
114.11,4.3558938095556844e-8,-2.3302084430980908e-8
114.12,4.385471452189333e-8,-2.3763649854607143e-8
114.13,4.4145008067409785e-8,-2.422210935247139e-8
114.14,4.4429800736913844e-8,-2.467741720354214e-8
114.15,4.470907517773551e-8,-2.512952808539938e-8
114.16,4.498281468060059e-8,-2.5578397078000177e-8
114.17,4.525100317974074e-8,-2.6023979668866967e-8
114.18,4.5513625252799044e-8,-2.6466231756174484e-8
114.19,4.5770666121297487e-8,-2.6905109654278834e-8
114.2,4.602211165068217e-8,-2.734057009735004e-8
114.21,4.6267948350643984e-8,-2.7772570243804566e-8
114.22,4.650816337251472e-8,-2.8201067678958136e-8
114.23,4.67427445143033e-8,-2.862602042246307e-8
114.24,4.697168021549897e-8,-2.9047386928802298e-8
114.25,4.7194959558849816e-8,-2.9465126093254522e-8
114.26,4.7412572269983703e-8,-2.987919725499493e-8
114.27,4.7624508716950015e-8,-3.028956020134955e-8
114.28,4.7830759909075853e-8,-3.069617517144137e-8
114.29,4.8031317497302394e-8,-3.1099002859955097e-8
114.3,4.822617377279194e-8,-3.1498004420810054e-8
114.31,4.841532166691039e-8,-3.189314147111925e-8
114.32,4.859875474979725e-8,-3.228437609407404e-8
114.33,4.877646722980717e-8,-3.267167084320783e-8
114.34,4.894845395250909e-8,-3.305498874543144e-8
114.35,4.9114710399970156e-8,-3.34342933046473e-8
114.36,4.927523268951645e-8,-3.3809548505049454e-8
114.37,4.9430017572401085e-8,-3.418071881439434e-8
114.38,4.957906243297703e-8,-3.4547769187249995e-8
114.39,4.972236528765681e-8,-3.491066506858809e-8
114.4,4.98599247820523e-8,-3.52693723956457e-8
114.41,4.9991740192332024e-8,-3.562385760310071e-8
114.42,5.0117811421184746e-8,-3.5974087624107355e-8
114.43,5.023813899787668e-8,-3.632002989424076e-8
114.44,5.035272407566717e-8,-3.666165235432874e-8
114.45,5.0461568430899306e-8,-3.699892345310177e-8
114.46,5.056467446150849e-8,-3.733181214997153e-8
114.47,5.066204518371274e-8,-3.7660287917925896e-8
114.48,5.075368423287423e-8,-3.798432074594471e-8
114.49,5.083959585690112e-8,-3.8303881142313515e-8
114.5,5.091978492129277e-8,-3.8618940135864e-8
114.51,5.0994256900741806e-8,-3.892946927947085e-8
114.52,5.106301788005121e-8,-3.923544065248321e-8
114.53,5.112607455161731e-8,-3.953682686255078e-8
114.54,5.1183434212635996e-8,-3.983360104836898e-8
114.55,5.1235104763485676e-8,-4.0125736881501696e-8
114.56,5.128109470540359e-8,-4.041320856916156e-8
114.57,5.132141313731779e-8,-4.069599085563843e-8
114.58,5.135606975411714e-8,-4.097405902479722e-8
114.59,5.1385074844184915e-8,-4.1247388902152554e-8
114.6,5.1408439286442155e-8,-4.1515956856453745e-8
114.61,5.142617454766507e-8,-4.17797398018074e-8
114.62,5.14382926803268e-8,-4.203871519925643e-8
114.63,5.14448063193581e-8,-4.229286105905854e-8
114.64,5.144572867962899e-8,-4.254215594146482e-8
114.65,5.1441073552982764e-8,-4.278657895946087e-8
114.66,5.1430855305107616e-8,-4.302610977937534e-8
114.67,5.141508887301617e-8,-4.326072862250182e-8
114.68,5.1393789761841066e-8,-4.3490416267589965e-8
114.69,5.136697404174936e-8,-4.3715154050806784e-8
114.7,5.133465834440556e-8,-4.393492386780024e-8
114.71,5.129685986059599e-8,-4.414970817485211e-8
114.72,5.125359633624652e-8,-4.43594899901328e-8
114.73,5.120488606941571e-8,-4.456425289426298e-8
114.74,5.1150747907698004e-8,-4.4763981032524524e-8
114.75,5.10912012427975e-8,-4.495865911460262e-8
114.76,5.1026266009483846e-8,-4.51482724164499e-8
114.77,5.095596268027993e-8,-4.533280678046816e-8
114.78,5.088031226315965e-8,-4.5512248617028605e-8
114.79,5.079933629704571e-8,-4.5686584904486614e-8
114.8,5.071305684857598e-8,-4.585580319037716e-8
114.81,5.062149650836813e-8,-4.601989159191471e-8
114.82,5.052467838736756e-8,-4.617883879636381e-8
114.83,5.0422626112368834e-8,-4.6332634061838426e-8
114.84,5.031536382375948e-8,-4.6481267217502e-8
114.85,5.0202916169348034e-8,-4.6624728664002695e-8
114.86,5.0085308302670555e-8,-4.6763009373678265e-8
114.87,4.9962565878144354e-8,-4.689610089147437e-8
114.88,4.983471504559894e-8,-4.7023995333723166e-8
114.89,4.9701782448639114e-8,-4.7146685389698386e-8
114.9,4.956379521937226e-8,-4.726416432092695e-8
114.91,4.9420780973608335e-8,-4.7376425961222465e-8
114.92,4.9272767807799786e-8,-4.748346471682323e-8
114.93,4.9119784294642776e-8,-4.75852755663713e-8
114.94,4.896185947764749e-8,-4.7681854060002255e-8
114.95,4.879902286811648e-8,-4.7773196319957924e-8
114.96,4.8631304440571824e-8,-4.78592990401868e-8
114.97,4.845873462747582e-8,-4.794015948521578e-8
114.98,4.828134431552238e-8,-4.801577549019146e-8
114.99,4.8099164841159845e-8,-4.808614546076658e-8
115.0,4.791222798584787e-8,-4.815126837178181e-8
115.01,4.7720565971501856e-8,-4.8211143767210544e-8
115.02,4.752421145587983e-8,-4.82657717591276e-8
115.03,4.7323197528175805e-8,-4.831515302728281e-8
115.04,4.711755770366507e-8,-4.835928881794629e-8
115.05,4.690732592027961e-8,-4.83981809433529e-8
115.06,4.6692536532376735e-8,-4.843183178047122e-8
115.07,4.647322430697887e-8,-4.846024427020695e-8
115.08,4.624942441857565e-8,-4.848342191647686e-8
115.09,4.602117244421357e-8,-4.850136878472504e-8
115.1,4.5788504358953705e-8,-4.85140895010682e-8
115.11,4.555145653068002e-8,-4.852158925105947e-8
115.12,4.531006571506688e-8,-4.852387377811844e-8
115.13,4.506436905091097e-8,-4.852094938262352e-8
115.14,4.481440405512387e-8,-4.8512822919955657e-8
115.15,4.4560208615958776e-8,-4.849950179956484e-8
115.16,4.430182099444093e-8,-4.848099398310628e-8
115.17,4.403927980759364e-8,-4.845730798302533e-8
115.18,4.377262403452161e-8,-4.842845286090607e-8
115.19,4.350189300574841e-8,-4.839443822567521e-8
115.2,4.3227126399283206e-8,-4.835527423196234e-8
115.21,4.2948364235106414e-8,-4.831097157809815e-8
115.22,4.266564687026629e-8,-4.8261541504532986e-8
115.23,4.237901499345337e-8,-4.82069957917281e-8
115.24,4.208850962017348e-8,-4.8147346758243604e-8
115.25,4.179417208578181e-8,-4.8082607258363483e-8
115.26,4.1496044043259876e-8,-4.801279068088779e-8
115.27,4.119416745495273e-8,-4.793791094594865e-8
115.28,4.088858458865386e-8,-4.785798250341321e-8
115.29,4.0579338012098235e-8,-4.7773020330518616e-8
115.3,4.0266470586749366e-8,-4.768303992944598e-8
115.31,3.995002546371286e-8,-4.758805732504703e-8
115.32,3.9630046077327e-8,-4.7488089062425786e-8
115.33,3.930657614014852e-8,-4.7383152204468046e-8
115.34,3.897965963675947e-8,-4.727326432925665e-8
115.35,3.8649340819588636e-8,-4.715844352752135e-8
115.36,3.831566420248921e-8,-4.70387084000279e-8
115.37,3.797867455492961e-8,-4.6914078054981826e-8
115.38,3.763841689769846e-8,-4.678457210499376e-8
115.39,3.729493649582715e-8,-4.6650210664702274e-8
115.4,3.694827885429162e-8,-4.651101434770972e-8
115.41,3.659848971189231e-8,-4.636700426350587e-8
115.42,3.624561503589053e-8,-4.621820201502991e-8
115.43,3.588970101501674e-8,-4.606462969496175e-8
115.44,3.553079405705455e-8,-4.590630988371141e-8
115.45,3.5168940779981484e-8,-4.574326564523043e-8
115.46,3.480418800781788e-8,-4.5575520524738714e-8
115.47,3.4436582765222943e-8,-4.540309854489218e-8
115.48,3.4066172270810896e-8,-4.522602420303485e-8
115.49,3.3693003932379425e-8,-4.5044322467607695e-8
115.5,3.331712534114406e-8,-4.4858018775172045e-8
115.51,3.2938584265862553e-8,-4.4667139026735794e-8
115.52,3.255742864715362e-8,-4.447170958406145e-8
115.53,3.2173706591470805e-8,-4.427175726697226e-8
115.54,3.178746636686291e-8,-4.406730934944268e-8
115.55,3.139875639514295e-8,-4.385839355570634e-8
115.56,3.1007625247968245e-8,-4.36450380573279e-8
115.57,3.0614121640546704e-8,-4.342727146908798e-8
115.58,3.0218294425464114e-8,-4.320512284532817e-8
115.59,2.982019258788239e-8,-4.297862167641575e-8
115.6,2.9419865239073846e-8,-4.274779788502392e-8
115.61,2.901736161114576e-8,-4.251268182193019e-8
115.62,2.8612731051360484e-8,-4.227330426246971e-8
115.63,2.8206023016262224e-8,-4.20296964027634e-8
115.64,2.779728706607633e-8,-4.178188985546667e-8
115.65,2.7386572858883016e-8,-4.1529916646016863e-8
115.66,2.697393014532983e-8,-4.127380920834593e-8
115.67,2.6559408762232e-8,-4.101360038133085e-8
115.68,2.6143058627984615e-8,-4.074932340410236e-8
115.69,2.5724929735596235e-8,-4.048101191232598e-8
115.7,2.5305072147972742e-8,-4.02086999337731e-8
115.71,2.488353599247329e-8,-3.993242188460852e-8
115.72,2.446037145298439e-8,-3.9652212564308257e-8
115.73,2.403562876864579e-8,-3.936810715225218e-8
115.74,2.3609358223445298e-8,-3.908014120284021e-8
115.75,2.3181610144124198e-8,-3.878835064151858e-8
115.76,2.275243489215738e-8,-3.849277175988723e-8
115.77,2.2321882859771848e-8,-3.819344121179273e-8
115.78,2.189000446359757e-8,-3.7890396008712704e-8
115.79,2.1456850139219953e-8,-3.758367351514224e-8
115.8,2.102247033566548e-8,-3.727331144438152e-8
115.81,2.0586915509901728e-8,-3.695934785350425e-8
115.82,2.0150236120744938e-8,-3.6641821139404766e-8
115.83,1.9712482624156777e-8,-3.632077003348801e-8
115.84,1.927370546699004e-8,-3.5996233597689203e-8
115.85,1.883395508232454e-8,-3.566825121936504e-8
115.86,1.8393281882783106e-8,-3.533686260675676e-8
115.87,1.7951736256193803e-8,-3.5002107784315275e-8
115.88,1.7509368559467088e-8,-3.466402708759641e-8
115.89,1.7066229113330615e-8,-3.43226611592439e-8
115.9,1.6622368196907052e-8,-3.39780509433674e-8
115.91,1.617783604226365e-8,-3.363023768084018e-8
115.92,1.573268282918117e-8,-3.3279262905326443e-8
115.93,1.528695867960609e-8,-3.2925168436874176e-8
115.94,1.4840713651965786e-8,-3.2567996378336904e-8
115.95,1.439399773711158e-8,-3.220778910981703e-8
115.96,1.3946860850965778e-8,-3.1844589283713735e-8
115.97,1.3499352831353208e-8,-3.147843982005183e-8
115.98,1.3051523431036588e-8,-3.110938390103681e-8
115.99,1.260342231362002e-8,-3.073746496644299e-8
116.0,1.2155099047273214e-8,-3.036272670817909e-8
116.01,1.1706603101902015e-8,-2.998521306589108e-8
116.02,1.1257983839427439e-8,-2.9604968220795862e-8
116.03,1.0809290513387962e-8,-2.922203659160021e-8
116.04,1.0360572261327363e-8,-2.8836462828685806e-8
116.05,9.911878100072468e-9,-2.8448291809568665e-8
116.06,9.463256920959437e-9,-2.8057568633245276e-8
116.07,9.014757484399498e-9,-2.766433861502011e-8
116.08,8.566428415032752e-9,-2.726864728170612e-8
116.09,8.118318197282312e-9,-2.687054036634459e-8
116.1,7.670475168752231e-9,-2.647006380190756e-8
116.11,7.2229475171953886e-9,-2.6067263718117377e-8
116.12,6.775783275170703e-9,-2.5662186434335425e-8
116.13,6.329030313643131e-9,-2.5254878455227787e-8
116.14,5.882736338778327e-9,-2.484538646493389e-8
116.15,5.436948886888423e-9,-2.4433757322518883e-8
116.16,4.991715319043019e-9,-2.402003805595655e-8
116.17,4.547082816561395e-9,-2.3604275857089874e-8
116.18,4.103098376216511e-9,-2.3186518076145727e-8
116.19,3.6598088064146955e-9,-2.276681221729679e-8
116.2,3.2172607206499783e-9,-2.2345205931483596e-8
116.21,2.7755005345460815e-9,-2.1921747012671373e-8
116.22,2.3345744607402288e-9,-2.1496483391934583e-8
116.23,1.8945285041764337e-9,-2.1069463132058326e-8
116.24,1.4554084573456721e-9,-2.0640734422234632e-8
116.25,1.0172598967799654e-9,-2.0210345572520155e-8
116.26,5.801281770494947e-10,-1.9778345008599523e-8
116.27,1.4405842791776084e-10,-1.9344781266427072e-8
116.28,-2.90904450907893e-10,-1.890970298670916e-8
116.29,-7.247157945908992e-10,-1.847315890946139e-8
116.3,-1.1573311764309568e-9,-1.803519786857964e-8
116.31,-1.5887064126006676e-9,-1.7595868786847023e-8
116.32,-2.0187975665448242e-9,-1.7155220669802752e-8
116.33,-2.4475609526133548e-9,-1.6713302601159958e-8
116.34,-2.874953142341777e-9,-1.6270163736077112e-8
116.35,-3.3009309643814845e-9,-1.582585329776505e-8
116.36,-3.7254515129228345e-9,-1.538042057010112e-8
116.37,-4.148472149460251e-9,-1.49339148933071e-8
116.38,-4.569950507375781e-9,-1.4486385658026173e-8
116.39,-4.9898444955817955e-9,-1.403788230053322e-8
116.4,-5.4081123031249376e-9,-1.3588454296331877e-8
116.41,-5.824712402739202e-9,-1.3138151155665617e-8
116.42,-6.239603553692478e-9,-1.2687022417893695e-8
116.43,-6.652744807913903e-9,-1.2235117645709256e-8
116.44,-7.064095511378064e-9,-1.1782486420288436e-8
116.45,-7.473615309451224e-9,-1.1329178335176179e-8
116.46,-7.881264149450608e-9,-1.0875242991604235e-8
116.47,-8.287002285388562e-9,-1.0420729992914652e-8
116.48,-8.690790280680609e-9,-9.96568893896658e-9
116.49,-9.092589011874729e-9,-9.510169421123744e-9
116.5,-9.492359673108872e-9,-9.054221016444495e-9
116.51,-9.890063777580626e-9,-8.597893282687645e-9
116.52,-1.0285663163334404e-8,-8.14123575289514e-9
116.53,-1.0679119994913773e-8,-7.684297930100314e-9
116.54,-1.1070396767013271e-8,-7.227129281859107e-9
116.55,-1.1459456309438872e-8,-6.7697792352425754e-9
116.56,-1.1846261787211086e-8,-6.312297170934445e-9
116.57,-1.2230776706464308e-8,-5.854732418780485e-9
116.58,-1.261296491672997e-8,-5.397134251779185e-9
116.59,-1.299279061375651e-8,-4.939551881413768e-9
116.6,-1.3370218342782746e-8,-4.4820344520029635e-9
116.61,-1.3745213002124051e-8,-4.024631035387059e-9
116.62,-1.4117739845044108e-8,-3.5673906264360635e-9
116.63,-1.448776448336586e-8,-3.1103621369493964e-9
116.64,-1.4855252890114564e-8,-2.6535943911176133e-9
116.65,-1.5220171403266578e-8,-2.1971361198714357e-9
116.66,-1.5582486727036208e-8,-1.7410359561467272e-9
116.67,-1.5942165935515737e-8,-1.2853424295977713e-9
116.68,-1.6299176475387268e-8,-8.301039613959591e-10
116.69,-1.6653486168004455e-8,-3.7536885943312134e-10
116.7,-1.7005063212843295e-8,7.881468734059661e-11
116.71,-1.7353876189449898e-8,5.323986133946088e-10
116.72,-1.769989405974938e-8,9.853349816696438e-10
116.73,-1.8043086171404726e-8,1.4375759890366897e-9
116.74,-1.8383422258849403e-8,1.8890739709372445e-9
116.75,-1.8720872447617888e-8,2.3397814065666084e-9
116.76,-1.905540725425988e-8,2.7896509234085637e-9
116.77,-1.9386997590573658e-8,3.2386353026355956e-9
116.78,-1.9715614764776766e-8,3.686687483778789e-9
116.79,-2.004123048400353e-8,4.133760569705568e-9
116.8,-2.036381685627752e-8,4.5798078312702274e-9
116.81,-2.0683346393168092e-8,5.0247827123915756e-9
116.82,-2.099979201032364e-8,5.468638834775749e-9
116.83,-2.1313127031700355e-8,5.911330002766881e-9
116.84,-2.162332518869272e-8,6.352810207305122e-9
116.85,-2.1930360624802277e-8,6.793033632295176e-9
116.86,-2.223420789547961e-8,7.231954657782978e-9
116.87,-2.253484197072576e-8,7.669527865401462e-9
116.88,-2.2832238236185676e-8,8.105708042446658e-9
116.89,-2.3126372496169094e-8,8.540450187288638e-9
116.9,-2.3417220973587777e-8,8.973709513173038e-9
116.91,-2.370476031251787e-8,9.405441453367414e-9
116.92,-2.3988967579473632e-8,9.835601665125544e-9
116.93,-2.4269820265056816e-8,1.0264146034520519e-8
116.94,-2.4547296284740627e-8,1.0691030681172523e-8
116.95,-2.4821373981124964e-8,1.1116211961897325e-8
116.96,-2.509203212443956e-8,1.1539646475844052e-8
116.97,-2.535924991442404e-8,1.1961291068571923e-8
116.98,-2.562300698124214e-8,1.238110283614909e-8
116.99,-2.5883283386560163e-8,1.2799039130067724e-8
117.0,-2.6140059624872014e-8,1.3215057560765515e-8
117.01,-2.639331662419963e-8,1.3629116002527625e-8
117.02,-2.6643035748138658e-8,1.4041172597269992e-8
117.03,-2.6889198794642458e-8,1.4451185758419243e-8
117.04,-2.7131788000216175e-8,1.4859114176318852e-8
117.05,-2.7370786036866386e-8,1.526491682049056e-8
117.06,-2.7606176016439188e-8,1.566855294527621e-8
117.07,-2.7837941489205985e-8,1.6069982092902427e-8
117.08,-2.806606644531117e-8,1.6469164097879808e-8
117.09,-2.8290535315390652e-8,1.6866059090757022e-8
117.1,-2.8511332971182404e-8,1.7260627502214293e-8
117.11,-2.872844472591555e-8,1.765283006676465e-8
117.12,-2.894185633606521e-8,1.8042627827000454e-8
117.13,-2.9151553996417982e-8,1.8429982135713738e-8
117.14,-2.935752435100516e-8,1.881485466285614e-8
117.15,-2.9559754483127234e-8,1.9197207396317325e-8
117.16,-2.9758231920783896e-8,1.9577002646729254e-8
117.17,-2.9952944635465815e-8,1.9954203050964665e-8
117.18,-3.0143881043200547e-8,2.032877157599956e-8
117.19,-3.0331030004291464e-8,2.0700671522227075e-8
117.2,-3.051438082308215e-8,2.1069866526926613e-8
117.21,-3.069392324872745e-8,2.1436320567874178e-8
117.22,-3.086964747375292e-8,2.1799997966220547e-8
117.23,-3.104154413689377e-8,2.2160863391254704e-8
117.24,-3.120960431973926e-8,2.251888186219343e-8
117.25,-3.137381954840694e-8,2.28740187523202e-8
117.26,-3.1534181793259714e-8,2.3226239792085575e-8
117.27,-3.1690683468042564e-8,2.3575511072270246e-8
117.28,-3.184331743029574e-8,2.3921799047102694e-8
117.29,-3.199207698031276e-8,2.426507053775445e-8
117.3,-3.2136955861110444e-8,2.460529273476949e-8
117.31,-3.227794825897359e-8,2.494243320188817e-8
117.32,-3.241504880061843e-8,2.5276459878305495e-8
117.33,-3.254825255499095e-8,2.5607341082020578e-8
117.34,-3.267755503135377e-8,2.5935045512628977e-8
117.35,-3.2802952179395494e-8,2.6259542254489518e-8
117.36,-3.2924440388248734e-8,2.6580800779038632e-8
117.37,-3.304201648551297e-8,2.6898790947801927e-8
117.38,-3.315567773707167e-8,2.7213483015164698e-8
117.39,-3.326542184514353e-8,2.752484763060954e-8
117.4,-3.3371246950999274e-8,2.7832855843128114e-8
117.41,-3.347315162746037e-8,2.8137479100342732e-8
117.42,-3.357113488443164e-8,2.8438689254502895e-8
117.43,-3.366519616462101e-8,2.8736458563225003e-8
117.44,-3.375533534318733e-8,2.903075969209673e-8
117.45,-3.384155272677952e-8,2.932156571754601e-8
117.46,-3.392384905225986e-8,2.9608850128650202e-8
117.47,-3.400222548570981e-8,2.989258682986296e-8
117.48,-3.4076683620610886e-8,3.0172750143052034e-8
117.49,-3.414722547777475e-8,3.0449314809442404e-8
117.5,-3.4213853503009385e-8,3.072225599246746e-8
117.51,-3.427657056589963e-8,3.099154927928196e-8
117.52,-3.433537995888908e-8,3.125717068281503e-8
117.53,-3.439028539548317e-8,3.1519096644267093e-8
117.54,-3.44412910090177e-8,3.1777304034535404e-8
117.55,-3.4488401350872006e-8,3.203177015635508e-8
117.56,-3.453162138882812e-8,3.22824727463294e-8
117.57,-3.457095650602314e-8,3.25293899762559e-8
117.58,-3.4606412498877e-8,3.277250045534645e-8
117.59,-3.463799557508018e-8,3.301178323181159e-8
117.6,-3.466571235293241e-8,3.3247217794354155e-8
117.61,-3.468956985844421e-8,3.347878407395745e-8
117.62,-3.4709575524009374e-8,3.370646244537279e-8
117.63,-3.472573718667695e-8,3.3930233728630855e-8
117.64,-3.4738063086106795e-8,3.415007919046717e-8
117.65,-3.4746561862714574e-8,3.43659805459683e-8
117.66,-3.4751242555447376e-8,3.457791995938286e-8
117.67,-3.475211460027451e-8,3.478588004612212e-8
117.68,-3.474918782734281e-8,3.4989843873237285e-8
117.69,-3.474247246019669e-8,3.51897949619173e-8
117.7,-3.47319791117898e-8,3.538571728672613e-8
117.71,-3.4717718784292154e-8,3.5577595278227496e-8
117.72,-3.4699702865648075e-8,3.576541382375712e-8
117.73,-3.467794312747806e-8,3.594915826790372e-8
117.74,-3.465245172321032e-8,3.612881441405884e-8
117.75,-3.462324118563257e-8,3.630436852494883e-8
117.76,-3.4590324424366635e-8,3.6475807323426484e-8
117.77,-3.455371472329679e-8,3.6643117993538446e-8
117.78,-3.451342573927062e-8,3.680628818158503e-8
117.79,-3.446947149801833e-8,3.696530599557375e-8
117.8,-3.4421866392678544e-8,3.7120160007348225e-8
117.81,-3.437062518138498e-8,3.72708392521897e-8
117.82,-3.431576298401862e-8,3.7417333229655315e-8
117.83,-3.425729528021833e-8,3.755963190436662e-8
117.84,-3.419523790649656e-8,3.76977257059457e-8
117.85,-3.412960705354245e-8,3.7831605529730905e-8
117.86,-3.4060419263851444e-8,3.7961262736932206e-8
117.87,-3.398769142840617e-8,3.808668915521366e-8
117.88,-3.3911440784713285e-8,3.820787707836984e-8
117.89,-3.3831684913330646e-8,3.8324819267401604e-8
117.9,-3.374844173547784e-8,3.8437508949551514e-8
117.91,-3.3661729509661826e-8,3.854593981920848e-8
117.92,-3.357156682973837e-8,3.86501060376654e-8
117.93,-3.3477972621138374e-8,3.875000223323994e-8
117.94,-3.338096613825853e-8,3.884562350079511e-8
117.95,-3.3280566961452625e-8,3.893696540220815e-8
117.96,-3.317679499428856e-8,3.902402396569556e-8
117.97,-3.306967045938557e-8,3.910679568586961e-8
117.98,-3.295921389895694e-8,3.918527752360885e-8
117.99,-3.284544616528715e-8,3.925946690507073e-8
118.0,-3.27283884240227e-8,3.9329361722197463e-8
118.01,-3.2608062147594316e-8,3.9394960331686856e-8
118.02,-3.248448911320886e-8,3.945626155477384e-8
118.03,-3.235769139881709e-8,3.9513264676643584e-8
118.04,-3.222769138124269e-8,3.956596944593748e-8
118.05,-3.2094511731574995e-8,3.9614376074025936e-8
118.06,-3.195817541270338e-8,3.965848523435773e-8
118.07,-3.1818705675262815e-8,3.9698298061508156e-8
118.08,-3.1676126055985337e-8,3.973381615137905e-8
118.09,-3.153046037262626e-8,3.9765041559125696e-8
118.1,-3.138173272129863e-8,3.9791976798984225e-8
118.11,-3.122996747318673e-8,3.9814624843370875e-8
118.12,-3.1075189271088106e-8,3.9832989121593025e-8
118.13,-3.091742302560978e-8,3.984707351918525e-8
118.14,-3.075669391269742e-8,3.9856882376578434e-8
118.15,-3.0593027368665386e-8,3.986242048795302e-8
118.16,-3.042644908940237e-8,3.986369310123632e-8
118.17,-3.025698502264752e-8,3.986070591445237e-8
118.18,-3.0084661368535197e-8,3.9853465076966005e-8
118.19,-2.9909504573777844e-8,3.9841977186722e-8
118.2,-2.9731541329348026e-8,3.982624928965016e-8
118.21,-2.9550798565865065e-8,3.9806288877856885e-8
118.22,-2.9367303450658766e-8,3.9782103888303e-8
118.23,-2.9181083383748315e-8,3.9753702701432904e-8
118.24,-2.899216599475968e-8,3.972109413933186e-8
118.25,-2.880057913892945e-8,3.9684287464911234e-8
118.26,-2.860635089328318e-8,3.964329237918451e-8
118.27,-2.8409509553191424e-8,3.959811902037519e-8
118.28,-2.8210083628659673e-8,3.954877796226393e-8
118.29,-2.8008101841084606e-8,3.949528021203065e-8
118.3,-2.7803593118493177e-8,3.943763720850714e-8
118.31,-2.75965865924883e-8,3.937586082075685e-8
118.32,-2.7387111595098986e-8,3.9309963345693016e-8
118.33,-2.7175197653476287e-8,3.923995750659213e-8
118.34,-2.6960874487308936e-8,3.9165856450452434e-8
118.35,-2.6744172005202592e-8,3.9087673746828954e-8
118.36,-2.6525120299633117e-8,3.900542338529218e-8
118.37,-2.6303749644690307e-8,3.891911977340377e-8
118.38,-2.608009049097335e-8,3.8828777734522085e-8
118.39,-2.585417346279981e-8,3.873441250562911e-8
118.4,-2.562602935348098e-8,3.863603973538123e-8
118.41,-2.5395689121903686e-8,3.853367548134706e-8
118.42,-2.5163183889424846e-8,3.84273362082466e-8
118.43,-2.4928544933629928e-8,3.831703878518137e-8
118.44,-2.469180368818442e-8,3.820280048332321e-8
118.45,-2.445299173534174e-8,3.8084638973755313e-8
118.46,-2.4212140804353356e-8,3.796257232479214e-8
118.47,-2.3969282766509974e-8,3.783661899933463e-8
118.48,-2.372444963157271e-8,3.7706797852529734e-8
118.49,-2.3477673544022695e-8,3.7573128129335416e-8
118.5,-2.3228986779381016e-8,3.74356294614703e-8
118.51,-2.2978421738639945e-8,3.72943218649341e-8
118.52,-2.272601094793635e-8,3.714922573785743e-8
118.53,-2.2471787049989736e-8,3.700036185663163e-8
118.54,-2.2215782803698707e-8,3.6847751374081596e-8
118.55,-2.195803107926473e-8,3.669141581631802e-8
118.56,-2.169856485338939e-8,3.653137707983421e-8
118.57,-2.1437417206649592e-8,3.63676574288773e-8
118.58,-2.1174621318536015e-8,3.62002794921579e-8
118.59,-2.0910210464490816e-8,3.602926626008743e-8
118.6,-2.0644218010630786e-8,3.5854641082229674e-8
118.61,-2.0376677411606142e-8,3.567642766309114e-8
118.62,-2.010762220487388e-8,3.549465006054275e-8
118.63,-1.9837086008054372e-8,3.5309332681516974e-8
118.64,-1.956510251449003e-8,3.512050027968024e-8
118.65,-1.9291705489022075e-8,3.492817795171264e-8
118.66,-1.901692876499204e-8,3.473239113451375e-8
118.67,-1.874080623931521e-8,3.453316560170674e-8
118.68,-1.846337186933439e-8,3.433052746077949e-8
118.69,-1.8184659668507632e-8,3.412450314933879e-8
118.7,-1.7904703702036314e-8,3.391511943188629e-8
118.71,-1.762353808444785e-8,3.37024033967879e-8
118.72,-1.7341196973711333e-8,3.348638245242754e-8
118.73,-1.705771456930628e-8,3.32670843244044e-8
118.74,-1.6773125106899116e-8,3.304453705144512e-8
118.75,-1.6487462854760845e-8,3.28187689822724e-8
118.76,-1.620076211048991e-8,3.258980877222663e-8
118.77,-1.591305719658841e-8,3.2357685379385197e-8
118.78,-1.5624382456728838e-8,3.2122428061436066e-8
118.79,-1.5334772251951656e-8,3.18840663718022e-8
118.8,-1.5044260955980703e-8,3.164263015568602e-8
118.81,-1.4752882954604792e-8,3.139814954785627e-8
118.82,-1.4460672636135206e-8,3.1150654966986664e-8
118.83,-1.4167664392859326e-8,3.090017711343e-8
118.84,-1.387389261498284e-8,3.0646746965130074e-8
118.85,-1.3579391686328934e-8,3.039039577369741e-8
118.86,-1.3284195982477633e-8,3.013115506089462e-8
118.87,-1.2988339864637137e-8,2.986905661460537e-8
118.88,-1.2691857677655231e-8,2.960413248514563e-8
118.89,-1.2394783745442355e-8,2.9336414981583305e-8
118.9,-1.2097152367557028e-8,2.9065936667972276e-8
118.91,-1.179899781476955e-8,2.8792730358633553e-8
118.92,-1.1500354326551752e-8,2.8516829115490648e-8
118.93,-1.1201256106354105e-8,2.8238266243342858e-8
118.94,-1.090173731824489e-8,2.795707528628174e-8
118.95,-1.0601832083354117e-8,2.7673290023378016e-8
118.96,-1.030157447589259e-8,2.7386944465063993e-8
118.97,-1.0000998519914525e-8,2.7098072849054833e-8
118.98,-9.700138185240936e-9,2.680670963617698e-8
118.99,-9.399027383974505e-9,2.651288950657424e-8
119.0,-9.097699967487368e-9,2.621664735571798e-8
119.01,-8.796189721260968e-9,2.5918018289459236e-8
119.02,-8.494530363410685e-9,2.5617037621409147e-8
119.03,-8.19275553951311e-9,2.5313740867710964e-8
119.04,-7.890898819668555e-9,2.500816374350761e-8
119.05,-7.588993694813993e-9,2.470034215827646e-8
119.06,-7.287073573472753e-9,2.4390312212224696e-8
119.07,-6.985171778045575e-9,2.4078110191745284e-8
119.08,-6.6833215413567105e-9,2.3763772565575854e-8
119.09,-6.381556003002797e-9,2.3447335980187283e-8
119.1,-6.079908207338247e-9,2.312883725622532e-8
119.11,-5.7784110968409865e-9,2.2808313383337273e-8
119.12,-5.4770975122901756e-9,2.2485801517070045e-8
119.13,-5.1760001875743745e-9,2.21613389736453e-8
119.14,-4.87515174601237e-9,2.18349632262816e-8
119.15,-4.574584698296026e-9,2.1506711900776423e-8
119.16,-4.274331438209156e-9,2.117662277104827e-8
119.17,-3.974424239839678e-9,2.084473375539324e-8
119.18,-3.6748952537786106e-9,2.051108291178851e-8
119.19,-3.375776504128128e-9,2.0175708433013673e-8
119.2,-3.0770998859502794e-9,1.9838648643871503e-8
119.21,-2.7788971608150857e-9,1.9499941995291364e-8
119.22,-2.4811999545688966e-9,1.915962706122125e-8
119.23,-2.184039753885089e-9,1.8817742533266196e-8
119.24,-1.887447902791933e-9,1.8474327217197746e-8
119.25,-1.5914556004719573e-9,1.8129420027960807e-8
119.26,-1.296093896986449e-9,1.7783059985925615e-8
119.27,-1.0013936911736e-9,1.7435286211884467e-8
119.28,-7.073857272624274e-10,1.708613792365705e-8
119.29,-4.141005916579646e-10,1.673565443023588e-8
119.3,-1.2156871035270551e-10,1.63838751290069e-8
119.31,1.701796543809458e-10,1.6030839500184607e-8
119.32,4.6111440670358535e-10,1.5676587103438985e-8
119.33,7.51205620028441e-10,1.5321157572377507e-8
119.34,1.0404235403508779e-9,1.4964590611300902e-8
119.35,1.328738588715679e-9,1.4606925989997343e-8
119.36,1.6161213629176838e-9,1.4248203540253899e-8
119.37,1.9025426460576245e-9,1.3888463149494414e-8
119.38,2.1879733983905647e-9,1.35277447595306e-8
119.39,2.4723847701892267e-9,1.316608835957162e-8
119.4,2.7557481003688803e-9,1.2803533982916884e-8
119.41,3.0380349192228015e-9,1.2440121702248712e-8
119.42,3.319216951677573e-9,1.207589162551825e-8
119.43,3.59926611909591e-9,1.1710883891645066e-8
119.44,3.878154543168744e-9,1.1345138665687006e-8
119.45,4.155854547381484e-9,1.0978696134878477e-8
119.46,4.432338659918172e-9,1.0611596504268262e-8
119.47,4.707579616344808e-9,1.0243879992195558e-8
119.48,4.981550361920087e-9,9.875586825837186e-9
119.49,5.2542240544016925e-9,9.506757237122057e-9
119.5,5.525574065647468e-9,9.137431458543588e-9
119.51,5.795573985227511e-9,8.767649717972268e-9
119.52,6.06419762142209e-9,8.397452235604766e-9
119.53,6.331419004681837e-9,8.02687921851185e-9
119.54,6.597212389148128e-9,7.655970857015971e-9
119.55,6.86155225599868e-9,7.284767319939933e-9
119.56,7.124413314365969e-9,6.9133087507377694e-9
119.57,7.385770504236134e-9,6.541635262831443e-9
119.58,7.645598998808859e-9,6.169786935613358e-9
119.59,7.90387420626416e-9,5.797803809956256e-9
119.6,8.160571772067613e-9,5.425725884163761e-9
119.61,8.415667581018962e-9,5.053593109697814e-9
119.62,8.669137759250768e-9,4.681445386659903e-9
119.63,8.920958676401225e-9,4.309322559784829e-9
119.64,9.17110694769085e-9,3.93726441427111e-9
119.65,9.419559435237356e-9,3.565310671843484e-9
119.66,9.666293250971067e-9,3.1935009856847475e-9
119.67,9.911285757320746e-9,2.8218749372949113e-9
119.68,1.0154514570912668e-8,2.450472031720596e-9
119.69,1.0395957562143799e-8,2.079331693396524e-9
119.7,1.0635592858586671e-8,1.7084932625074917e-9
119.71,1.0873398846181946e-8,1.3379959903203208e-9
119.72,1.1109354171037809e-8,9.678790354206647e-10
119.73,1.1343437741101951e-8,5.981814594311808e-10
119.74,1.15756287278531e-8,2.2894222317184365e-10
119.75,1.1805906568181136e-8,-1.397998176088344e-10
119.76,1.203425096547053e-8,-5.08005916312185e-10
119.77,1.2260641891219774e-8,-8.756374390570273e-10
119.78,1.2485059586944737e-8,-1.242655869156794e-9
119.79,1.2707484565796725e-8,-1.6090228109853804e-9
119.8,1.2927897613281997e-8,-1.9746999938148287e-9
119.81,1.3146279789528154e-8,-2.3396492759539234e-9
119.82,1.336261242982034e-8,-2.7038326481252644e-9
119.83,1.3576877146474883e-8,-3.067212238303904e-9
119.84,1.3789055830764139e-8,-3.429750314753034e-9
119.85,1.399913065274037e-8,-3.791409290061778e-9
119.86,1.4207084063335378e-8,-4.1521517258924325e-9
119.87,1.4412898796125253e-8,-4.511940334992632e-9
119.88,1.4616557867237461e-8,-4.8707379865011456e-9
119.89,1.4818044577776698e-8,-5.228507709392128e-9
119.9,1.5017342513588268e-8,-5.585212695775106e-9
119.91,1.5214435547920586e-8,-5.940816305056757e-9
119.92,1.540930784129441e-8,-6.295282067654716e-9
119.93,1.5601943842253582e-8,-6.648573688052455e-9
119.94,1.5792328289853108e-8,-7.000655049568529e-9
119.95,1.5980446214189663e-8,-7.351490216713138e-9
119.96,1.616628293457636e-8,-7.70104343986649e-9
119.97,1.634982406450551e-8,-8.049279158184994e-9
119.98,1.6531055510595552e-8,-8.39616200352054e-9
119.99,1.6709963472477155e-8,-8.74165680373942e-9
120.0,1.6886534445209607e-8,-9.085728586150924e-9
120.01,1.7060755219098003e-8,-9.428342581489647e-9
120.02,1.7232612880591273e-8,-9.76946422666128e-9
120.03,1.740209481326785e-8,-1.0109059168956518e-8
120.04,1.7569188697209714e-8,-1.0447093267841293e-8
120.05,1.7733882511579608e-8,-1.0783532600968318e-8
120.06,1.7896164533895087e-8,-1.1118343465150923e-8
120.07,1.805602334060949e-8,-1.1451492380827187e-8
120.08,1.821344780741667e-8,-1.1782946094734262e-8
120.09,1.8368427110997097e-8,-1.2112671583900205e-8
120.1,1.8520950727268826e-8,-1.2440636057870922e-8
120.11,1.8671008434423857e-8,-1.2766806963106579e-8
120.12,1.881859031037813e-8,-1.309115198481756e-8
120.13,1.8963686736684135e-8,-1.3413639051852248e-8
120.14,1.9106288394174533e-8,-1.3734236337346323e-8
120.15,1.924638626743131e-8,-1.4052912264035235e-8
120.16,1.938397164219773e-8,-1.4369635505967033e-8
120.17,1.9519036107928835e-8,-1.4684374992546614e-8
120.18,1.9651571555896935e-8,-1.4997099910409402e-8
120.19,1.978157018005112e-8,-1.530777970705331e-8
120.2,1.9909024477160216e-8,-1.56163840934703e-8
120.21,2.003392724686282e-8,-1.5922883047368368e-8
120.22,2.0156271591935696e-8,-1.622724681512594e-8
120.23,2.0276050917480726e-8,-1.6529445916112605e-8
120.24,2.0393258931686693e-8,-1.6829451143987428e-8
120.25,2.0507889644462766e-8,-1.712723357038357e-8
120.26,2.0619937369782217e-8,-1.742276454691042e-8
120.27,2.0729396722670435e-8,-1.7716015708442703e-8
120.28,2.083626262125552e-8,-1.8006958975415445e-8
120.29,2.094053028484397e-8,-1.8295566556595403e-8
120.3,2.1042195234353337e-8,-1.8581810951273672e-8
120.31,2.1141253293190858e-8,-1.8865664953174425e-8
120.32,2.1237700584449314e-8,-1.9147101650286902e-8
120.33,2.1331533532538953e-8,-1.9426094429907766e-8
120.34,2.142274886229915e-8,-1.9702616979968754e-8
120.35,2.1511343598298165e-8,-1.9976643291402223e-8
120.36,2.1597315064350978e-8,-2.0248147660771366e-8
120.37,2.1680660883320294e-8,-2.0517104692317464e-8
120.38,2.1761378976600547e-8,-2.0783489300520522e-8
120.39,2.1839467563085568e-8,-2.1047276711888895e-8
120.4,2.1914925159591824e-8,-2.1308442468280974e-8
120.41,2.198775057920433e-8,-2.1566962427400035e-8
120.42,2.2057942930234416e-8,-2.182281276600958e-8
120.43,2.2125501617823548e-8,-2.207596998213447e-8
120.44,2.219042634058478e-8,-2.232641089660274e-8
120.45,2.225271709131989e-8,-2.2574112655284418e-8
120.46,2.231237415609327e-8,-2.281905273110878e-8
120.47,2.236939811325847e-8,-2.3061208925932896e-8
120.48,2.24237898323654e-8,-2.330055937301188e-8
120.49,2.2475550473463698e-8,-2.3537082536528894e-8
120.5,2.2524681486583284e-8,-2.3770757217616724e-8
120.51,2.257118461088431e-8,-2.400156255247899e-8
120.52,2.2615061872502894e-8,-2.4229478015547692e-8
120.53,2.2656315585063976e-8,-2.4454483421092252e-8
120.54,2.269494834738638e-8,-2.4676558924952446e-8
120.55,2.2730963044149827e-8,-2.4895685026153114e-8
120.56,2.2764362841990528e-8,-2.5111842568135063e-8
120.57,2.2795151192145584e-8,-2.5325012741117956e-8
120.58,2.282333182560276e-8,-2.5535177082340503e-8
120.59,2.2848908754819447e-8,-2.5742317479201394e-8
120.6,2.2871886270992794e-8,-2.5946416169288633e-8
120.61,2.289226894292996e-8,-2.6147455742330545e-8
120.62,2.2910061616377714e-8,-2.634541914148773e-8
120.63,2.2925269412560207e-8,-2.654028966480036e-8
120.64,2.2937897726676792e-8,-2.6732050966392393e-8
120.65,2.2947952226399816e-8,-2.692068705722517e-8
120.66,2.2955438851434518e-8,-2.7106182307383618e-8
120.67,2.2960363810951923e-8,-2.728852144616097e-8
120.68,2.2962733583149454e-8,-2.7467689563735557e-8
120.69,2.2962554913131668e-8,-2.7643672111827345e-8
120.7,2.2959834811808912e-8,-2.781645490539452e-8
120.71,2.2954580554359388e-8,-2.7986024122947684e-8
120.72,2.2946799678780396e-8,-2.8152366307901384e-8
120.73,2.293649998426574e-8,-2.83154683694148e-8
120.74,2.292368952935524e-8,-2.8475317582988843e-8
120.75,2.290837663093626e-8,-2.8631901591810835e-8
120.76,2.2890569862359133e-8,-2.8785208406924805e-8
120.77,2.2870278051580632e-8,-2.893522640856697e-8
120.78,2.284751027987893e-8,-2.908194434654832e-8
120.79,2.28222758797352e-8,-2.9225351340837278e-8
120.8,2.279458443352181e-8,-2.936543688250935e-8
120.81,2.2764445771980998e-8,-2.9502190834031656e-8
120.82,2.27318699713267e-8,-2.9635603429920655e-8
120.83,2.269686735303025e-8,-2.976566527716171e-8
120.84,2.2659448480853032e-8,-2.9892367356082005e-8
120.85,2.2619624159659506e-8,-3.0015701020034575e-8
120.86,2.2577405432874144e-8,-3.0135657996429785e-8
120.87,2.2532803581587195e-8,-3.0252230386722744e-8
120.88,2.2485830121776268e-8,-3.036541066667307e-8
120.89,2.2436496803357853e-8,-3.0475191687198596e-8
120.9,2.238481560657481e-8,-3.058156667358212e-8
120.91,2.2330798742150653e-8,-3.0684529226394204e-8
120.92,2.227445864783557e-8,-3.078407332166148e-8
120.93,2.2215807987260115e-8,-3.088019331038779e-8
120.94,2.2154859646783023e-8,-3.09728839190288e-8
120.95,2.2091626735086042e-8,-3.106214024961666e-8
120.96,2.2026122579716907e-8,-3.114795777929109e-8
120.97,2.19583607257818e-8,-3.123033236068365e-8
120.98,2.188835493318263e-8,-3.1309260221178086e-8
120.99,2.1816119175800507e-8,-3.138473796375605e-8
121.0,2.1741667637704266e-8,-3.145676256578526e-8
121.01,2.1665014712274644e-8,-3.152533137963839e-8
121.02,2.1586174998983976e-8,-3.1590442131450966e-8
121.03,2.1505163302830748e-8,-3.1652092921974664e-8
121.04,2.1421994630215822e-8,-3.171028222523339e-8
121.05,2.133668418793056e-8,-3.176500888871607e-8
121.06,2.1249247380670387e-8,-3.181627213291736e-8
121.07,2.1159699808847278e-8,-3.1864071549866234e-8
121.08,2.1068057265934744e-8,-3.1908407104740796e-8
121.09,2.097433573668579e-8,-3.194927913331113e-8
121.1,2.0878551394398413e-8,-3.198668834207956e-8
121.11,2.0780720599113553e-8,-3.20206358078382e-8
121.12,2.0680859894953128e-8,-3.205112297680484e-8
121.13,2.0578986007172338e-8,-3.207815166367092e-8
121.14,2.0475115841636196e-8,-3.210172405174033e-8
121.15,2.0369266480329274e-8,-3.212184269089365e-8
121.16,2.0261455180573972e-8,-3.213851049796256e-8
121.17,2.0151699371362942e-8,-3.215173075484965e-8
121.18,2.0040016651891288e-8,-3.216150710843281e-8
121.19,1.99264247887224e-8,-3.216784356903653e-8
121.2,1.98109417134416e-8,-3.2170744509988514e-8
121.21,1.9693585520371178e-8,-3.217021466633987e-8
121.22,1.9574374463817786e-8,-3.2166259133657714e-8
121.23,1.9453326955557763e-8,-3.215888336713e-8
121.24,1.9330461562311848e-8,-3.214809318067765e-8
121.25,1.920579700543555e-8,-3.213389474516769e-8
121.26,1.9079352153237026e-8,-3.211629458790223e-8
121.27,1.8951146023985348e-8,-3.2095299591030973e-8
121.28,1.8821197780133614e-8,-3.207091699023673e-8
121.29,1.8689526727141685e-8,-3.2043154373520765e-8
121.3,1.855615231045896e-8,-3.2012019680043206e-8
121.31,1.8421094112963004e-8,-3.19775211984866e-8
121.32,1.8284371852465277e-8,-3.19396675655427e-8
121.33,1.81460053803451e-8,-3.1898467765247634e-8
121.34,1.80060146729231e-8,-3.185393112565939e-8
121.35,1.786441984097869e-8,-3.180606732017715e-8
121.36,1.7721241115338777e-8,-3.175488636348291e-8
121.37,1.757649884983285e-8,-3.1700398610884516e-8
121.38,1.7430213517732616e-8,-3.16426147569921e-8
121.39,1.7282405708928473e-8,-3.158154583355477e-8
121.4,1.713309612779843e-8,-3.151720320795412e-8
121.41,1.6982305590357113e-8,-3.144959858170297e-8
121.42,1.6830055020931915e-8,-3.1378743988187666e-8
121.43,1.6676365450987033e-8,-3.1304651791546465e-8
121.44,1.6521258014989772e-8,-3.1227334684135594e-8
121.45,1.6364753948598986e-8,-3.114680568514516e-8
121.46,1.6206874586000495e-8,-3.106307813874767e-8
121.47,1.6047641357013502e-8,-3.0976165711829226e-8
121.48,1.588707578412122e-8,-3.0886082392180095e-8
121.49,1.5725199480820622e-8,-3.079284248680178e-8
121.5,1.556203414771742e-8,-3.069646061933643e-8
121.51,1.5397601570994576e-8,-3.059695172870131e-8
121.52,1.5231923618772863e-8,-3.0494331066206806e-8
121.53,1.5065022239227373e-8,-3.0388614194324947e-8
121.54,1.489691945735571e-8,-3.0279816983858075e-8
121.55,1.4727637372596514e-8,-3.016795561216335e-8
121.56,1.4557198155889027e-8,-3.005304656067792e-8
121.57,1.4385624047447015e-8,-2.993510661299513e-8
121.58,1.4212937353644537e-8,-2.981415285216807e-8
121.59,1.40391604444988e-8,-2.969020265919181e-8
121.6,1.3864315751055459e-8,-2.9563273709886123e-8
121.61,1.3688425762508386e-8,-2.943338397278001e-8
121.62,1.351151302393179e-8,-2.9300551707138658e-8
121.63,1.333360013269203e-8,-2.916479546001154e-8
121.64,1.3154709737476074e-8,-2.902613406422104e-8
121.65,1.2974864533076241e-8,-2.888458663575384e-8
121.66,1.2794087260714706e-8,-2.874017257111133e-8
121.67,1.2612400702710609e-8,-2.8592911545195557e-8
121.68,1.2429827681503425e-8,-2.8442823508363263e-8
121.69,1.224639105629217e-8,-2.8289928684342936e-8
121.7,1.2062113720109722e-8,-2.8134247566879247e-8
121.71,1.1877018598427239e-8,-2.7975800918202152e-8
121.72,1.1691128644718709e-8,-2.781460976552939e-8
121.73,1.1504466839156816e-8,-2.765069539866876e-8
121.74,1.1317056185415157e-8,-2.7484079367234935e-8
121.75,1.1128919708064372e-8,-2.7314783478539218e-8
121.76,1.0940080450175586e-8,-2.7142829793774297e-8
121.77,1.0750561470159305e-8,-2.696824062636117e-8
121.78,1.0560385839688356e-8,-2.6791038538479164e-8
121.79,1.0369576640855109e-8,-2.6611246338605677e-8
121.8,1.0178156963629081e-8,-2.642888707836349e-8
121.81,9.986149902840304e-9,-2.6243984050004466e-8
121.82,9.79357855585613e-9,-2.6056560783844288e-8
121.83,9.600466020910138e-9,-2.5866641043540373e-8
121.84,9.406835392411592e-9,-2.5674248826583274e-8
121.85,9.212709759992456e-9,-2.547940835808814e-8
121.86,9.01811220599432e-9,-2.5282144089426093e-8
121.87,8.823065801699415e-9,-2.5082480695195767e-8
121.88,8.627593605661372e-9,-2.4880443069663223e-8
121.89,8.431718661073192e-9,-2.4676056324508774e-8
121.9,8.235463993195647e-9,-2.446934578516684e-8
121.91,8.038852606516719e-9,-2.4260336987870298e-8
121.92,7.841907482243195e-9,-2.40490556776505e-8
121.93,7.64465157633508e-9,-2.3835527802916405e-8
121.94,7.447107816410227e-9,-2.361977951492795e-8
121.95,7.249299099384465e-9,-2.3401837163183727e-8
121.96,7.051248289307322e-9,-2.3181727292556922e-8
121.97,6.852978214359093e-9,-2.2959476640416727e-8
121.98,6.654511664937717e-9,-2.273511213335337e-8
121.99,6.4558713904802716e-9,-2.2508660883836444e-8
122.0,6.257080097643716e-9,-2.228015018713898e-8
122.01,6.0581604477444756e-9,-2.2049607517896464e-8
122.02,5.859135054047436e-9,-2.181706052765157e-8
122.03,5.660026479726519e-9,-2.158253704081619e-8
122.04,5.460857235049428e-9,-2.134606505142636e-8
122.05,5.261649775781259e-9,-2.110767272076996e-8
122.06,5.062426499610273e-9,-2.0867388372709967e-8
122.07,4.8632097446399574e-9,-2.0625240491935694e-8
122.08,4.664021786819241e-9,-2.038125771925066e-8
122.09,4.464884837265501e-9,-2.0135468849143927e-8
122.1,4.2658210419513564e-9,-1.988790282671941e-8
122.11,4.066852475095253e-9,-1.963858874296871e-8
122.12,3.868001141245687e-9,-1.9387555832812017e-8
122.13,3.669288970607466e-9,-1.913483347132022e-8
122.14,3.4707378177292446e-9,-1.8880451170117342e-8
122.15,3.2723694588498575e-9,-1.862443857420981e-8
122.16,3.074205589500104e-9,-1.836682545870561e-8
122.17,2.876267822745096e-9,-1.8107641724915817e-8
122.18,2.6785776865507085e-9,-1.7846917397688928e-8
122.19,2.4811566222762674e-9,-1.7584682621478085e-8
122.2,2.2840259810230304e-9,-1.7320967657040694e-8
122.21,2.0872070235006956e-9,-1.705580287793439e-8
122.22,1.890720916062862e-9,-1.678921876765634e-8
122.23,1.6945887296747203e-9,-1.6521245914977386e-8
122.24,1.4988314373205489e-9,-1.625191501195148e-8
122.25,1.3034699127952371e-9,-1.5981256849326952e-8
122.26,1.1085249264591035e-9,-1.570930231383883e-8
122.27,9.140171459152162e-10,-1.5436082384365125e-8
122.28,7.19967131148111e-10,-1.5161628128167243e-8
122.29,5.263953357838956e-10,-1.4885970698373011e-8
122.3,3.333221022563392e-10,-1.4609141329531619e-8
122.31,1.407676607757731e-10,-1.433117133464956e-8
122.32,-5.1247872201729884e-11,-1.4052092101610349e-8
122.33,-2.4270449662393133e-10,-1.3771935089456192e-8
122.34,-4.3358233022240163e-10,-1.34907318255088e-8
122.35,-6.238616107323252e-10,-1.320851390106768e-8
122.36,-8.135226978718964e-10,-1.2925312968486429e-8
122.37,-1.0025460756578026e-9,-1.2641160737869942e-8
122.38,-1.190912352390262e-9,-1.2356088972479218e-8
122.39,-1.3786022646874192e-9,-1.2070129486817146e-8
122.4,-1.5655966784028738e-9,-1.1783314141667999e-8
122.41,-1.7518765904340358e-9,-1.1495674841733932e-8
122.42,-1.9374231304294583e-9,-1.1207243531425479e-8
122.43,-2.1222175628546123e-9,-1.0918052191627717e-8
122.44,-2.306241288387212e-9,-1.0628132836312251e-8
122.45,-2.489475846858054e-9,-1.0337517508695688e-8
122.46,-2.671902914419699e-9,-1.0046238278464109e-8
122.47,-2.8535043138425005e-9,-9.754327237132599e-9
122.48,-3.034262007730279e-9,-9.461816495888634e-9
122.49,-3.214158104196146e-9,-9.16873818127996e-9
122.5,-3.39317485810723e-9,-8.875124431805915e-9
122.51,-3.5712946721792353e-9,-8.581007394419371e-9
122.52,-3.748500098955078e-9,-8.286419221887834e-9
122.53,-3.924773841732057e-9,-7.99139206817109e-9
122.54,-4.100098756682712e-9,-7.69595808569712e-9
122.55,-4.274457855537024e-9,-7.400149421070755e-9
122.56,-4.447834303306855e-9,-7.103998213317778e-9
122.57,-4.6202114250839855e-9,-6.807536588229217e-9
122.58,-4.791572701953704e-9,-6.510796657100701e-9
122.59,-4.961901777003913e-9,-6.213810511843643e-9
122.6,-5.1311824539046565e-9,-5.916610221864073e-9
122.61,-5.299398699953519e-9,-5.619227830989614e-9
122.62,-5.46653464643447e-9,-5.321695353825007e-9
122.63,-5.6325745901708435e-9,-5.024044772400828e-9
122.64,-5.797502994832739e-9,-4.726308033030331e-9
122.65,-5.961304492660896e-9,-4.428517042383769e-9
122.66,-6.123963885778152e-9,-4.130703664667479e-9
122.67,-6.285466146265031e-9,-3.832899717992756e-9
122.68,-6.445796418698502e-9,-3.5351369710873697e-9
122.69,-6.604940021037835e-9,-3.23744713995108e-9
122.7,-6.762882445570361e-9,-2.939861884599726e-9
122.71,-6.919609359988789e-9,-2.6424128056957612e-9
122.72,-7.0751066089943225e-9,-2.345131441209893e-9
122.73,-7.229360215096325e-9,-2.048049263009927e-9
122.74,-7.382356379609572e-9,-1.7511976742172431e-9
122.75,-7.534081484256011e-9,-1.454608005082373e-9
122.76,-7.68452209117289e-9,-1.1583115102123118e-9
122.77,-7.833664945194172e-9,-8.623393653052481e-10
122.78,-7.981496974080171e-9,-5.667226637416935e-10
122.79,-8.12800528976018e-9,-2.714924136790694e-10
122.8,-8.273177189194574e-9,2.3320465514222227e-11
122.81,-8.417000154829594e-9,3.1768514617773867e-10
122.82,-8.559461857013166e-9,6.115708955674913e-10
122.83,-8.700550152942486e-9,9.049470791783827e-10
122.84,-8.840253088736528e-9,1.19778316341315e-9
122.85,-8.978558900503606e-9,1.4900487195999948e-9
122.86,-9.115456013517469e-9,1.7817134259707718e-9
122.87,-9.250933045596682e-9,2.0727470717344946e-9
122.88,-9.384978805002065e-9,2.36311955947588e-9
122.89,-9.517582293292434e-9,2.652800908593486e-9
122.9,-9.648732705432792e-9,2.9417612582048524e-9
122.91,-9.778419429900048e-9,3.2299708700321998e-9
122.92,-9.906632050464563e-9,3.5174001319158473e-9
122.93,-1.0033360345755828e-8,3.804019559960917e-9
122.94,-1.0158594290209396e-8,4.089799802480219e-9
122.95,-1.0282324056105761e-8,4.3747116416416735e-9
122.96,-1.0404540010938378e-8,4.65872599822836e-9
122.97,-1.0525232721014426e-8,4.941813932766853e-9
122.98,-1.0644392950504896e-8,5.2239466494302915e-9
122.99,-1.0762011662844949e-8,5.505095498670876e-9
123.0,-1.0878080019918351e-8,5.7852319798872e-9
123.01,-1.099258938371191e-8,6.064327744491953e-9
123.02,-1.1105531316147429e-8,6.3423545986036475e-9
123.03,-1.1216897579811773e-8,6.61928450613098e-9
123.04,-1.132668013746344e-8,6.895089590517166e-9
123.05,-1.1434871154355695e-8,7.169742139104417e-9
123.06,-1.154146299632742e-8,7.443214604677409e-9
123.07,-1.1646448231784726e-8,7.715479608243193e-9
123.08,-1.1749819630445534e-8,7.986509942226965e-9
123.09,-1.1851570165396895e-8,8.256278572782796e-9
123.1,-1.195169301203723e-8,8.52475864239767e-9
123.11,-1.2050181548353642e-8,8.791923472657375e-9
123.12,-1.2147029356109367e-8,9.05774656691812e-9
123.13,-1.2242230219886569e-8,9.322201612134987e-9
123.14,-1.2335778127927721e-8,9.585262482902027e-9
123.15,-1.2427667271753318e-8,9.846903242303551e-9
123.16,-1.251789204732446e-8,1.0107098145644032e-8
123.17,-1.2606447053134862e-8,1.0365821641972105e-8
123.18,-1.2693327092536252e-8,1.062304837721977e-8
123.19,-1.2778527171758321e-8,1.0878753196538206e-8
123.2,-1.2862042502123723e-8,1.1132911146201312e-8
123.21,-1.2943868497489754e-8,1.1385497476366754e-8
123.22,-1.3024000776810125e-8,1.1636487643855851e-8
123.23,-1.3102435161359676e-8,1.1885857313052181e-8
123.24,-1.3179167677106912e-8,1.213358235975543e-8
123.25,-1.325419455295505e-8,1.2379638872538808e-8
123.26,-1.3327512221986396e-8,1.262400315554655e-8
123.27,-1.3399117319327117e-8,1.2866651729821382e-8
123.28,-1.3469006684461596e-8,1.3107561336636395e-8
123.29,-1.3537177359183053e-8,1.334670893876603e-8
123.3,-1.3603626587549915e-8,1.3584071722715545e-8
123.31,-1.3668351816999427e-8,1.3819627101873606e-8
123.32,-1.3731350696424542e-8,1.4053352716633745e-8
123.33,-1.3792621076797324e-8,1.4285226438285416e-8
123.34,-1.3852161010733956e-8,1.4515226370003632e-8
123.35,-1.390996875179031e-8,1.4743330849230448e-8
123.36,-1.3966042755198505e-8,1.496951844969724e-8
123.37,-1.4020381675671551e-8,1.5193767982754223e-8
123.38,-1.407298436862491e-8,1.5416058500043703e-8
123.39,-1.4123849889339564e-8,1.563636929497801e-8
123.4,-1.4172977492187734e-8,1.5854679904914195e-8
123.41,-1.422036662967687e-8,1.6070970111928223e-8
123.42,-1.426601695383617e-8,1.6285219946322606e-8
123.43,-1.4309928313860272e-8,1.649740968713349e-8
123.44,-1.4352100755928928e-8,1.670751986375156e-8
123.45,-1.4392534523735487e-8,1.6915531258714954e-8
123.46,-1.4431230056578337e-8,1.712142490826463e-8
123.47,-1.446818798950954e-8,1.7325182104506577e-8
123.48,-1.4503409152847586e-8,1.7526784397168828e-8
123.49,-1.4536894570825142e-8,1.7726213594733544e-8
123.5,-1.4568645461526868e-8,1.792345176634181e-8
123.51,-1.4598663236317777e-8,1.811848124311093e-8
123.52,-1.4626949498754911e-8,1.831128461966642e-8
123.53,-1.46535060439166e-8,1.850184475594046e-8
123.54,-1.4678334858005188e-8,1.8690144777823705e-8
123.55,-1.4701438117379443e-8,1.8876168079433308e-8
123.56,-1.4722818187673226e-8,1.9059898323732827e-8
123.57,-1.4742477623019686e-8,1.9241319444512117e-8
123.58,-1.4760419165897293e-8,1.9420415647304366e-8
123.59,-1.4776645745021734e-8,1.9597171410506757e-8
123.6,-1.4791160475901082e-8,1.97715714873275e-8
123.61,-1.4803966659117062e-8,1.9943600906160874e-8
123.62,-1.4815067779018909e-8,2.0113244972000212e-8
123.63,-1.4824467504551923e-8,2.028048926808014e-8
123.64,-1.4832169686372707e-8,2.044531965657762e-8
123.65,-1.4838178357298463e-8,2.0607722279570152e-8
123.66,-1.48424977303047e-8,2.0767683560202527e-8
123.67,-1.484513219858863e-8,2.092519020403412e-8
123.68,-1.484608633378177e-8,2.1080229199636902e-8
123.69,-1.4845364884974825e-8,2.1232787819253715e-8
123.7,-1.4842972778365507e-8,2.1382853620938737e-8
123.71,-1.4838915115712067e-8,2.1530414447925384e-8
123.72,-1.4833197173131499e-8,2.1675458430678687e-8
123.73,-1.4825824400432903e-8,2.18179739870273e-8
123.74,-1.4816802419556432e-8,2.195794982302004e-8
123.75,-1.480613702379319e-8,2.2095374934235095e-8
123.76,-1.4793834176805947e-8,2.2230238605767286e-8
123.77,-1.4779900011059197e-8,2.2362530413419436e-8
123.78,-1.4764340826963957e-8,2.2492240224359104e-8
123.79,-1.4747163091099572e-8,2.2619358196766714e-8
123.8,-1.4728373436894051e-8,2.2743874783683027e-8
123.81,-1.4707978660332904e-8,2.2865780727898478e-8
123.82,-1.4685985721387751e-8,2.2985067067878225e-8
123.83,-1.466240174169378e-8,2.3101725135700342e-8
123.84,-1.4637234003201648e-8,2.3215746557919634e-8
123.85,-1.461048994758739e-8,2.3327123256073982e-8
123.86,-1.4582177173977505e-8,2.343584744708092e-8
123.87,-1.4552303438646973e-8,2.354191164372163e-8
123.88,-1.4520876652626113e-8,2.3645308654561703e-8
123.89,-1.44879048822423e-8,2.3746031585252475e-8
123.9,-1.4453396344908077e-8,2.3844073837310397e-8
123.91,-1.4417359410402949e-8,2.393942910959983e-8
123.92,-1.4379802598446408e-8,2.4032091398281187e-8
123.93,-1.4340734576991699e-8,2.4122054996480506e-8
123.94,-1.430016416140615e-8,2.4209314495037755e-8
123.95,-1.425810031306035e-8,2.4293864782335425e-8
123.96,-1.4214552137150782e-8,2.4375701044359172e-8
123.97,-1.416952888295514e-8,2.445481876497726e-8
123.98,-1.4123039938517231e-8,2.4531213725193546e-8
123.99,-1.407509483559242e-8,2.4604882004723502e-8
124.0,-1.4025703242157984e-8,2.467581998035536e-8
124.01,-1.3974874964294103e-8,2.474402432646742e-8
124.02,-1.3922619942534293e-8,2.4809492015034992e-8
124.03,-1.3868948252561744e-8,2.4872220315436648e-8
124.04,-1.3813870102207396e-8,2.4932206794273473e-8
124.05,-1.3757395830413013e-8,2.498944931487985e-8
124.06,-1.3699535905523182e-8,2.5043946037631796e-8
124.07,-1.3640300924083605e-8,2.5095695419112902e-8
124.08,-1.3579701608770717e-8,2.5144696212311856e-8
124.09,-1.3517748807017726e-8,2.519094746583926e-8
124.1,-1.3454453489866534e-8,2.5234448523945683e-8
124.11,-1.3389826749709457e-8,2.5275199026028224e-8
124.12,-1.3323879799049929e-8,2.5313198905954217e-8
124.13,-1.325662396874837e-8,2.5348448391773997e-8
124.14,-1.3188070706832212e-8,2.5380948005665933e-8
124.15,-1.3118231576332918e-8,2.5410698562610505e-8
124.16,-1.3047118253349363e-8,2.5437701170238667e-8
124.17,-1.2974742526863937e-8,2.5461957228591342e-8
124.18,-1.2901116295506301e-8,2.548346842902377e-8
124.19,-1.2826251566267715e-8,2.5502236753455568e-8
124.2,-1.2750160453728031e-8,2.5518264474471165e-8
124.21,-1.2672855177638741e-8,2.5531554153879675e-8
124.22,-1.2594348060547287e-8,2.554210864205594e-8
124.23,-1.2514651527891297e-8,2.5549931077649848e-8
124.24,-1.2433778104238112e-8,2.555502488631148e-8
124.25,-1.2351740414502343e-8,2.5557393780264187e-8
124.26,-1.2268551178073166e-8,2.555704175703869e-8
124.27,-1.2184223210418964e-8,2.555397309887335e-8
124.28,-1.209876942079784e-8,2.5548192371873394e-8
124.29,-1.2012202809387217e-8,2.553970442487819e-8
124.3,-1.1924536466370293e-8,2.5528514388391086e-8
124.31,-1.1835783570310375e-8,2.5514627674169782e-8
124.32,-1.1745957385814133e-8,2.5498049973350134e-8
124.33,-1.1655071261829035e-8,2.5478787255815502e-8
124.34,-1.1563138631757833e-8,2.5456845770365604e-8
124.35,-1.1470173007837429e-8,2.5432232040445833e-8
124.36,-1.1376187983005797e-8,2.5404952866258867e-8
124.37,-1.1281197227494086e-8,2.5375015321969802e-8
124.38,-1.1185214487205064e-8,2.5342426754908658e-8
124.39,-1.108825358218519e-8,2.5307194784213035e-8
124.4,-1.0990328404797158e-8,2.526932729960653e-8
124.41,-1.0891452917472617e-8,2.5228832460435788e-8
124.42,-1.079164115183428e-8,2.518571869430757e-8
124.43,-1.0690907205322199e-8,2.513999469388625e-8
124.44,-1.0589265241753865e-8,2.509166941986187e-8
124.45,-1.048672948751901e-8,2.504075209537482e-8
124.46,-1.0383314230436217e-8,2.4987252206220674e-8
124.47,-1.027903381798368e-8,2.4931179499840658e-8
124.48,-1.017390265586293e-8,2.4872543983005707e-8
124.49,-1.0067935205425541e-8,2.4811355920931196e-8
124.5,-9.96114598262012e-9,2.4747625835647442e-8
124.51,-9.853549555388398e-9,2.4681364504052847e-8
124.52,-9.745160542089165e-9,2.4612582956980827e-8
124.53,-9.635993611199737e-9,2.454129247740508e-8
124.54,-9.526063477027293e-9,2.4467504598403136e-8
124.55,-9.415384898690119e-9,2.4391231102102967e-8
124.56,-9.303972680317058e-9,2.431248401783814e-8
124.57,-9.191841666041105e-9,2.4231275620294726e-8
124.58,-9.079006740545942e-9,2.4147618428070053e-8
124.59,-8.965482826149513e-9,2.4061525201685852e-8
124.6,-8.851284881374413e-9,2.3973008942122707e-8
124.61,-8.736427899271373e-9,2.3882082888674954e-8
124.62,-8.620926904731708e-9,2.378876051759918e-8
124.63,-8.504796954430927e-9,2.3693055540030938e-8
124.64,-8.388053132911125e-9,2.3594981900054455e-8
124.65,-8.270710552264364e-9,2.349455377310453e-8
124.66,-8.15278434985444e-9,2.3391785563956445e-8
124.67,-8.034289686398516e-9,2.3286691904598705e-8
124.68,-7.91524174436229e-9,2.3179287652655927e-8
124.69,-7.795655726266791e-9,2.306958788953263e-8
124.7,-7.675546852253095e-9,2.295760791775691e-8
124.71,-7.554930359322498e-9,2.2843363259780592e-8
124.72,-7.433821498580176e-9,2.272686965548122e-8
124.73,-7.312235534120219e-9,2.26081430604824e-8
124.74,-7.190187740569198e-9,2.2487199643498827e-8
124.75,-7.067693401914512e-9,2.2364055784891442e-8
124.76,-6.9447678099721014e-9,2.2238728074719623e-8
124.77,-6.821426261677432e-9,2.211123330968709e-8
124.78,-6.697684057745977e-9,2.1981588491693102e-8
124.79,-6.573556501187489e-9,2.1849810825875033e-8
124.8,-6.44905889536323e-9,2.1715917717982922e-8
124.81,-6.324206542210253e-9,2.157992677227925e-8
124.82,-6.199014740150678e-9,2.1441855789656273e-8
124.83,-6.073498783160379e-9,2.1301722764930482e-8
124.84,-5.9476739584344456e-9,2.1159545884922027e-8
124.85,-5.821555544505951e-9,2.101534352628471e-8
124.86,-5.695158809857239e-9,2.086913425286231e-8
124.87,-5.568499011478815e-9,2.0720936813908142e-8
124.88,-5.4415913923068634e-9,2.0570770141171728e-8
124.89,-5.3144511804438964e-9,2.041865334717531e-8
124.9,-5.187093586794885e-9,2.0264605722597765e-8
124.91,-5.05953380286762e-9,2.0108646733353914e-8
124.92,-4.931787002835107e-9,1.995079602042868e-8
124.93,-4.8038683344558905e-9,1.9791073393834998e-8
124.94,-4.675792924519856e-9,1.962949883347535e-8
124.95,-4.5475758738858775e-9,1.9466092485238712e-8
124.96,-4.419232256233927e-9,1.9300874659037596e-8
124.97,-4.290777116780706e-9,1.9133865825816073e-8
124.98,-4.162225470094949e-9,1.8965086615963755e-8
124.99,-4.03359229899728e-9,1.879455781597821e-8
125.0,-3.904892552618333e-9,1.8622300366653613e-8
125.01,-3.776141144763743e-9,1.844833535996344e-8
125.02,-3.647352952664157e-9,1.82726840374987e-8
125.03,-3.5185428147795385e-9,1.8095367786904618e-8
125.04,-3.389725529757752e-9,1.7916408139673563e-8
125.05,-3.260915854424294e-9,1.7735826769287643e-8
125.06,-3.132128502809603e-9,1.7553645487935787e-8
125.07,-3.0033781436796443e-9,1.7369886244002428e-8
125.08,-2.874679399684334e-9,1.7184571119739228e-8
125.09,-2.7460468456589502e-9,1.699772232857435e-8
125.1,-2.6174950065340822e-9,1.6809362212811325e-8
125.11,-2.489038357243712e-9,1.6619513240429974e-8
125.12,-2.360691319363504e-9,1.6428198002993173e-8
125.13,-2.2324682610783953e-9,1.6235439212868327e-8
125.14,-2.1043834946327244e-9,1.604125970040187e-8
125.15,-1.9764512755953295e-9,1.5845682411756413e-8
125.16,-1.848685800892679e-9,1.564873040594119e-8
125.17,-1.7211012076221345e-9,1.5450426851781354e-8
125.18,-1.5937115719673817e-9,1.5250795026154686e-8
125.19,-1.4665309061900684e-9,1.5049858311089327e-8
125.2,-1.3395731593705403e-9,1.4847640189984407e-8
125.21,-1.2128522144816285e-9,1.4644164246457087e-8
125.22,-1.086381887425577e-9,1.4439454160941513e-8
125.23,-9.601759256857007e-10,1.423353370790772e-8
125.24,-8.342480066672527e-10,1.4026426753264302e-8
125.25,-7.086117368643661e-10,1.3818157252031607e-8
125.26,-5.832806496506255e-10,1.3608749245028186e-8
125.27,-4.582682053774218e-10,1.3398226856425341e-8
125.28,-3.335877875807436e-10,1.3186614290969898e-8
125.29,-2.0925270438351282e-10,1.2973935831704682e-8
125.3,-8.527618596902615e-11,1.2760215836665428e-8
125.31,3.832861745822533e-11,1.2545478736346099e-8
125.32,1.6154863587400032e-10,1.2329749030798918e-8
125.33,2.843708810815679e-10,1.2113051287560888e-8
125.34,4.067824479594418e-10,1.189541013784355e-8
125.35,5.28770515853481e-10,1.1676850274711086e-8
125.36,6.50322349545221e-10,1.1457396450078424e-8
125.37,7.714253008781528e-10,1.1237073471599444e-8
125.38,8.920668092603835e-10,1.1015906200520003e-8
125.39,1.0122344038148235e-9,1.079391954844273e-8
125.4,1.1319157038445184e-9,1.0571138474596165e-8
125.41,1.2510984201510047e-9,1.0347587983745281e-8
125.42,1.3697703563398353e-9,1.0123293122533528e-8
125.43,1.4879194101338486e-9,9.898278977055012e-9
125.44,1.6055335739934046e-9,9.672570670644079e-9
125.45,1.722600936522411e-9,9.446193360224752e-9
125.46,1.8391096836248582e-9,9.219172234202965e-9
125.47,1.955048099577498e-9,8.991532509489699e-9
125.48,2.070404567841543e-9,8.76329942884892e-9
125.49,2.185167572901583e-9,8.53449825784587e-9
125.5,2.2993256998469315e-9,8.305154282770758e-9
125.51,2.4128676370266538e-9,8.075292807059656e-9
125.52,2.525782176074407e-9,7.844939149205534e-9
125.53,2.6380582132378943e-9,7.614118639667995e-9
125.54,2.7496847501869757e-9,7.3828566182881465e-9
125.55,2.8606508950464656e-9,7.151178431694054e-9
125.56,2.9709458636420698e-9,6.919109430012053e-9
125.57,3.0805589804151024e-9,6.686674964965774e-9
125.58,3.189479678425651e-9,6.4539003863844276e-9
125.59,3.2976975012410777e-9,6.220811040337419e-9
125.6,3.405202104117968e-9,5.987432265269746e-9
125.61,3.511983253477043e-9,5.7537893906252e-9
125.62,3.618030829472298e-9,5.51990773294371e-9
125.63,3.7233348253568268e-9,5.285812593812677e-9
125.64,3.8278853493571254e-9,5.05152925747035e-9
125.65,3.931672624485044e-9,4.817082987306955e-9
125.66,4.034686990966001e-9,4.582499023885393e-9
125.67,4.1369189053509775e-9,4.347802581504232e-9
125.68,4.2383589416154515e-9,4.1130188470920635e-9
125.69,4.338997793240957e-9,3.878172975326192e-9
125.7,4.438826271930883e-9,3.6432900876973653e-9
125.71,4.537835309971118e-9,3.4083952695361094e-9
125.72,4.636015960452563e-9,3.1735135669454434e-9
125.73,4.733359397321422e-9,2.9386699844241615e-9
125.74,4.829856917252312e-9,2.7038894821492336e-9
125.75,4.925499938947826e-9,2.469196973827366e-9
125.76,5.020280004507944e-9,2.234617324023575e-9
125.77,5.1141887817086165e-9,2.0001753434273095e-9
125.78,5.207218060316142e-9,1.7658957909286262e-9
125.79,5.29935975698398e-9,1.5318033665928296e-9
125.8,5.3906059138089045e-9,1.297922711070857e-9
125.81,5.480948699151715e-9,1.0642784029540304e-9
125.82,5.570380408489628e-9,8.308949559981353e-10
125.83,5.658893464531718e-9,5.97796816675139e-10
125.84,5.746480418344658e-9,3.6500836150376343e-10
125.85,5.8331339483728494e-9,1.3255389522242298e-10
125.86,5.9188468639852476e-9,-9.954235259741012e-11
125.87,6.0036121020443644e-9,-3.312562296580482e-10
125.88,6.087422730128007e-9,-5.625636632225915e-10
125.89,6.170271946315004e-9,-7.934406627465916e-10
125.9,6.252153078832898e-9,-1.0238633223109804e-9
125.91,6.3330595876930384e-9,-1.2538078229711162e-9
125.92,6.412985064025691e-9,-1.4832504353377283e-9
125.93,6.491923230856116e-9,-1.7121675215393833e-9
125.94,6.569867944097932e-9,-1.940535538240652e-9
125.95,6.646813190253462e-9,-2.168331038349301e-9
125.96,6.7227530918255315e-9,-2.395530674187726e-9
125.97,6.797681902201406e-9,-2.6221111990110015e-9
125.98,6.871594009184873e-9,-2.8480494695032055e-9
125.99,6.944483934109154e-9,-3.073322448683236e-9
126.0,7.0163463325467415e-9,-3.2979072074829486e-9
126.01,7.087175993882456e-9,-3.5217809276005554e-9
126.02,7.1569678429322046e-9,-3.744920903081505e-9
126.03,7.225716938310547e-9,-3.967304543187842e-9
126.04,7.293418473758329e-9,-4.188909374448875e-9
126.05,7.360067778638203e-9,-4.4097130428771575e-9
126.06,7.425660317172699e-9,-4.629693315972026e-9
126.07,7.490191688748512e-9,-4.848828085140205e-9
126.08,7.553657628635467e-9,-5.067095367948108e-9
126.09,7.616054007543436e-9,-5.2844733097044654e-9
126.1,7.6773768323742e-9,-5.500940186475964e-9
126.11,7.737622245223863e-9,-5.716474406472358e-9
126.12,7.796786524606734e-9,-5.931054512627146e-9
126.13,7.85486608397712e-9,-6.144659183602899e-9
126.14,7.911857474334395e-9,-6.357267238065022e-9
126.15,7.967757381092593e-9,-6.568857634146565e-9
126.16,8.022562627209542e-9,-6.7794094739175085e-9
126.17,8.076270170164193e-9,-6.988902002789984e-9
126.18,8.128877104067677e-9,-7.197314613609867e-9
126.19,8.180380658842371e-9,-7.404626847980284e-9
126.2,8.23077820040252e-9,-7.610818397960041e-9
126.21,8.280067229921085e-9,-7.815869107611302e-9
126.22,8.328245385008437e-9,-8.019758977101072e-9
126.23,8.375310438121942e-9,-8.222468160886066e-9
126.24,8.421260297507814e-9,-8.423976972875456e-9
126.25,8.46609300659795e-9,-8.624265886796802e-9
126.26,8.509806744064031e-9,-8.823315538341645e-9
126.27,8.552399823419875e-9,-9.02110672668107e-9
126.28,8.593870693054754e-9,-9.217620416638862e-9
126.29,8.63421793596713e-9,-9.412837740444486e-9
126.3,8.673440268971432e-9,-9.606739999224858e-9
126.31,8.711536544976937e-9,-9.799308664627007e-9
126.32,8.748505747878088e-9,-9.990525381099471e-9
126.33,8.7843469972954e-9,-1.0180371967217938e-8
126.34,8.819059545630103e-9,-1.0368830417122972e-8
126.35,8.852642778298968e-9,-1.0555882902660714e-8
126.36,8.88509621329183e-9,-1.0741511774430899e-8
126.37,8.916419502057666e-9,-1.0925699564112648e-8
126.38,8.946612426539722e-9,-1.110842898521336e-8
126.39,8.975674902695839e-9,-1.1289682935332282e-8
126.4,9.003606974200678e-9,-1.146944449719069e-8
126.41,9.030408820223678e-9,-1.1647696940525177e-8
126.42,9.056080747999598e-9,-1.1824423723303092e-8
126.43,9.080623195222016e-9,-1.1999608493281572e-8
126.44,9.104036730177061e-9,-1.217323508955846e-8
126.45,9.126322049569894e-9,-1.2345287543608308e-8
126.46,9.147479979762685e-9,-1.2515750081245123e-8
126.47,9.167511475727564e-9,-1.2684607123673204e-8
126.48,9.186417619805972e-9,-1.2851843288490756e-8
126.49,9.20419962227222e-9,-1.3017443392090839e-8
126.5,9.220858820511685e-9,-1.3181392449480103e-8
126.51,9.236396678584777e-9,-1.3343675677133242e-8
126.52,9.250814785851205e-9,-1.3504278492674976e-8
126.53,9.26411485780865e-9,-1.3663186517315102e-8
126.54,9.276298734566376e-9,-1.3820385576722715e-8
126.55,9.287368380786507e-9,-1.3975861701908328e-8
126.56,9.297325884555721e-9,-1.4129601130794308e-8
126.57,9.30617345739419e-9,-1.4281590308820047e-8
126.58,9.313913433330876e-9,-1.4431815890723054e-8
126.59,9.320548268364343e-9,-1.458026474126547e-8
126.6,9.326080539870123e-9,-1.472692393610697e-8
126.61,9.330512945700708e-9,-1.4871780763437357e-8
126.62,9.333848303751761e-9,-1.501482272402099e-8
126.63,9.336089551615776e-9,-1.515603753344407e-8
126.64,9.337239745114525e-9,-1.5295413121909232e-8
126.65,9.337302058535785e-9,-1.5432937636101428e-8
126.66,9.33627978299349e-9,-1.5568599439290583e-8
126.67,9.33417632639558e-9,-1.5702387112848497e-8
126.68,9.330995212563475e-9,-1.5834289456917415e-8
126.69,9.326740080356316e-9,-1.5964295491095447e-8
126.7,9.32141468306224e-9,-1.6092394455502204e-8
126.71,9.315022887258841e-9,-1.621857581120858e-8
126.72,9.30756867279271e-9,-1.634282924156129e-8
126.73,9.299056131523052e-9,-1.6465144652389767e-8
126.74,9.289489466556549e-9,-1.6585512173131437e-8
126.75,9.27887299090232e-9,-1.6703922157028487e-8
126.76,9.26721112792074e-9,-1.6820365182295656e-8
126.77,9.254508409484975e-9,-1.693483205253766e-8
126.78,9.240769475579745e-9,-1.7047313797472567e-8
126.79,9.225999073131227e-9,-1.7157801673211516e-8
126.8,9.210202055740809e-9,-1.7266287163205282e-8
126.81,9.193383381822835e-9,-1.7372761978640843e-8
126.82,9.175548114938776e-9,-1.7477218058864715e-8
126.83,9.156701421917563e-9,-1.7579647571955652e-8
126.84,9.136848572648819e-9,-1.7680042915329035e-8
126.85,9.115994938671622e-9,-1.7778396715761216e-8
126.86,9.094145992365479e-9,-1.787470183021379e-8
126.87,9.071307306789357e-9,-1.7968951346220037e-8
126.88,9.0474845539451e-9,-1.8061138581883937e-8
126.89,9.022683501528184e-9,-1.815125708655155e-8
126.9,8.996910018787519e-9,-1.82393006406272e-8
126.91,8.970170068427487e-9,-1.832526325709188e-8
126.92,8.942469709069591e-9,-1.8409139180226758e-8
126.93,8.913815093265364e-9,-1.8490922886557005e-8
126.94,8.88421246746587e-9,-1.8570609085281847e-8
126.95,8.853668169980872e-9,-1.8648192718131028e-8
126.96,8.822188631084437e-9,-1.8723668959655433e-8
126.97,8.789780370657391e-9,-1.879703321721809e-8
126.98,8.756449997936393e-9,-1.886828113120688e-8
126.99,8.722204211049347e-9,-1.8937408575175788e-8
127.0,8.687049795009688e-9,-1.9004411655873845e-8
127.01,8.650993621050764e-9,-1.906928671318733e-8
127.02,8.614042645268249e-9,-1.913203032010561e-8
127.03,8.576203908358533e-9,-1.9192639282973008e-8
127.04,8.53748453408527e-9,-1.925111064127963e-8
127.05,8.49789172783461e-9,-1.930744166746618e-8
127.06,8.457432776175742e-9,-1.936162986708056e-8
127.07,8.416115045067704e-9,-1.9413672978471466e-8
127.08,8.37394597982126e-9,-1.9463568972534728e-8
127.09,8.330933103685997e-9,-1.9511316053444487e-8
127.1,8.287084015006294e-9,-1.9556912656729283e-8
127.11,8.242406389066453e-9,-1.9600357450924003e-8
127.12,8.196907974931983e-9,-1.9641649336013545e-8
127.13,8.150596594728151e-9,-1.9680787443811946e-8
127.14,8.103480143157004e-9,-1.971777113757554e-8
127.15,8.055566585157745e-9,-1.9752600011203873e-8
127.16,8.006863957269858e-9,-1.978527389032583e-8
127.17,7.957380362122406e-9,-1.981579282954946e-8
127.18,7.90712397180423e-9,-1.9844157114402804e-8
127.19,7.856103024337049e-9,-1.987036725975654e-8
127.2,7.804325822873638e-9,-1.9894424009461234e-8
127.21,7.751800735003719e-9,-1.9916328336333493e-8
127.22,7.698536190932801e-9,-1.9936081440959115e-8
127.23,7.644540682987796e-9,-1.995368475214242e-8
127.24,7.589822764267156e-9,-1.9969139925515056e-8
127.25,7.534391046268659e-9,-1.9982448843052157e-8
127.26,7.478254200191664e-9,-1.9993613613499713e-8
127.27,7.421420953455409e-9,-2.000263657042493e-8
127.28,7.363900089843072e-9,-2.000952027236678e-8
127.29,7.305700447450361e-9,-2.001426750212374e-8
127.3,7.2468309182320485e-9,-2.0016881265969518e-8
127.31,7.1873004465368495e-9,-2.001736479295742e-8
127.32,7.127118027681789e-9,-2.001572153418381e-8
127.33,7.066292707100633e-9,-2.0011955162268907e-8
127.34,7.0048335787729776e-9,-2.0006069570203167e-8
127.35,6.942749784520983e-9,-1.9998068870977116e-8
127.36,6.880050512413255e-9,-1.9987957396657426e-8
127.37,6.816744995758997e-9,-1.9975739697243256e-8
127.38,6.75284251124893e-9,-1.9961420540223447e-8
127.39,6.688352379360498e-9,-1.994500490973464e-8
127.4,6.623283961170913e-9,-1.992649800528501e-8
127.41,6.557646658236076e-9,-1.99059052409769e-8
127.42,6.491449911741858e-9,-1.9883232244984737e-8
127.43,6.424703200161234e-9,-1.985848485789755e-8
127.44,6.357416038614271e-9,-1.9831669132312465e-8
127.45,6.289597978156248e-9,-1.980279133173365e-8
127.46,6.221258603608877e-9,-1.977185792916527e-8
127.47,6.15240753314941e-9,-1.9738875606660983e-8
127.48,6.08305441619422e-9,-1.9703851253621865e-8
127.49,6.01320893328856e-9,-1.9666791966454038e-8
127.5,5.942880793938338e-9,-1.962770504677493e-8
127.51,5.8720797359940225e-9,-1.958659800074024e-8
127.52,5.8008155239658965e-9,-1.954347853762378e-8
127.53,5.729097948098337e-9,-1.9498354568862216e-8
127.54,5.65693682349289e-9,-1.945123420686213e-8
127.55,5.584341987663314e-9,-1.940212576346161e-8
127.56,5.51132330119391e-9,-1.9351037749607364e-8
127.57,5.4378906439848165e-9,-1.929797887243241e-8
127.58,5.364053917479493e-9,-1.924295803625444e-8
127.59,5.289823039530346e-9,-1.9185984339049103e-8
127.6,5.2152079462082835e-9,-1.912706707294645e-8
127.61,5.140218589340241e-9,-1.906621572176841e-8
127.62,5.0648649352643524e-9,-1.9003439960190192e-8
127.63,4.989156964249406e-9,-1.8938749652331986e-8
127.64,4.913104667696152e-9,-1.8872154850016877e-8
127.65,4.836718050678525e-9,-1.8803665793142848e-8
127.66,4.760007124968998e-9,-1.8733292904643622e-8
127.67,4.682981912417468e-9,-1.8661046792536206e-8
127.68,4.605652442870361e-9,-1.8586938247421397e-8
127.69,4.528028752084293e-9,-1.8510978240229783e-8
127.7,4.4501208803453886e-9,-1.8433177921585482e-8
127.71,4.371938872365136e-9,-1.8353548620172482e-8
127.72,4.293492775403589e-9,-1.8272101840955862e-8
127.73,4.214792638773831e-9,-1.8188849264105862e-8
127.74,4.135848509811069e-9,-1.8103802742351e-8
127.75,4.056670438503913e-9,-1.8016974301501017e-8
127.76,3.977268470339401e-9,-1.7928376136792626e-8
127.77,3.897652648473784e-9,-1.7838020612340953e-8
127.78,3.817833011119702e-9,-1.7745920259235922e-8
127.79,3.737819591398611e-9,-1.7652087774160882e-8
127.8,3.6576224157678194e-9,-1.755653601763354e-8
127.81,3.577251502266642e-9,-1.7459278012106067e-8
127.82,3.496716859326989e-9,-1.7360326940275885e-8
127.83,3.416028489096486e-9,-1.7259696145603808e-8
127.84,3.335196376604791e-9,-1.7157399125664975e-8
127.85,3.25423049778016e-9,-1.7053449535495117e-8
127.86,3.1731408144653606e-9,-1.694786118305208e-8
127.87,3.0919372734852544e-9,-1.6840648028799847e-8
127.88,3.010629806240901e-9,-1.6731824183245686e-8
127.89,2.9292283262271097e-9,-1.6621403904801716e-8
127.9,2.847742729850509e-9,-1.6509401599472005e-8
127.91,2.7661828936530028e-9,-1.639583181754377e-8
127.92,2.684558673483324e-9,-1.6280709252796694e-8
127.93,2.602879904732585e-9,-1.616404874005223e-8
127.94,2.5211563993405593e-9,-1.6045865253474206e-8
127.95,2.439397946753749e-9,-1.5926173905608368e-8
127.96,2.3576143101819326e-9,-1.5804989943765603e-8
127.97,2.2758152279389126e-9,-1.5682328750046536e-8
127.98,2.19401041113905e-9,-1.5558205838199186e-8
127.99,2.112209543388978e-9,-1.5432636852239e-8
128.0,2.0304222787925003e-9,-1.530563756443811e-8
128.01,1.9486582416059577e-9,-1.517722387358241e-8
128.02,1.8669270250288977e-9,-1.5047411803000655e-8
128.03,1.7852381898985528e-9,-1.4916217498322952e-8
128.04,1.703601264146799e-9,-1.4783657226065087e-8
128.05,1.6220257410785605e-9,-1.4649747371291684e-8
128.06,1.5405210793761177e-9,-1.4514504436021503e-8
128.07,1.4590967002539162e-9,-1.4377945036410367e-8
128.08,1.3777619892221102e-9,-1.424008590248641e-8
128.09,1.2965262923329052e-9,-1.410094387424163e-8
128.1,1.215398917376845e-9,-1.3960535900760258e-8
128.11,1.1343891308340203e-9,-1.3818879038129065e-8
128.12,1.0535061584115025e-9,-1.3675990447001517e-8
128.13,9.72759183896709e-10,-1.353188739142503e-8
128.14,8.921573474229239e-10,-1.3386587235443179e-8
128.15,8.117097453267882e-10,-1.3240107442462644e-8
128.16,7.314254288102284e-10,-1.3092465572646525e-8
128.17,6.513134029863605e-10,-1.294367928050525e-8
128.18,5.713826265533731e-10,-1.2793766313979816e-8
128.19,4.916420081275933e-10,-1.2642744509778326e-8
128.2,4.121004111805765e-10,-1.2490631795845304e-8
128.21,3.32766646654539e-10,-1.2337446184755693e-8
128.22,2.5364947613151653e-10,-1.2183205773990305e-8
128.23,1.7475760905987465e-10,-1.2027928743410307e-8
128.24,9.609970324753915e-11,-1.1871633353155881e-8
128.25,1.7684362457928607e-11,-1.1714337941350104e-8
128.26,-6.04798631352554e-11,-1.1556060922442876e-8
128.27,-1.3838447795749582e-10,-1.1396820785168324e-8
128.28,-2.1602104434169e-10,-1.1236636088216728e-8
128.29,-2.9338117791745536e-10,-1.1075525463246513e-8
128.3,-3.704565544866663e-10,-1.0913507607050204e-8
128.31,-4.472389069209475e-10,-1.0750601283092945e-8
128.32,-5.237200274745315e-10,-1.0586825317942029e-8
128.33,-5.998917689077811e-10,-1.0422198599372631e-8
128.34,-6.757460437878424e-10,-1.0256740074483687e-8
128.35,-7.512748263761299e-10,-1.0090468747705265e-8
128.36,-8.264701535221782e-10,-9.923403677516717e-9
128.37,-9.013241255689487e-10,-9.755563976960093e-9
128.38,-9.75828905247045e-10,-9.586968807556163e-9
128.39,-1.049976721207559e-9,-9.417637380763244e-9
128.4,-1.1237598666548122e-9,-9.247588954056103e-9
128.41,-1.1971707009729052e-9,-9.076842829368633e-9
128.42,-1.2702016505045937e-9,-8.905418350230525e-9
128.43,-1.3428452083563956e-9,-8.733334900988192e-9
128.44,-1.4150939367086877e-9,-8.560611902781977e-9
128.45,-1.4869404658869816e-9,-8.38726881334248e-9
128.46,-1.558377495828514e-9,-8.213325123690476e-9
128.47,-1.6293977966247616e-9,-8.03880035608712e-9
128.48,-1.6999942096082913e-9,-7.863714062045549e-9
128.49,-1.7701596469602725e-9,-7.688085820524197e-9
128.5,-1.8398870933247497e-9,-7.511935235243248e-9
128.51,-1.9091696059523394e-9,-7.3352819328320506e-9
128.52,-1.978000315525427e-9,-7.158145560551819e-9
128.53,-2.0463724266648207e-9,-6.980545784495768e-9
128.54,-2.114279218525394e-9,-6.802502286838758e-9
128.55,-2.181714045454645e-9,-6.624034764346175e-9
128.56,-2.2486703373823883e-9,-6.445162925809593e-9
128.57,-2.315141600374906e-9,-6.2659064903219244e-9
128.58,-2.3811214178632327e-9,-6.086285184638282e-9
128.59,-2.446603450239083e-9,-5.906318741334226e-9
128.6,-2.51158143602046e-9,-5.72602689662169e-9
128.61,-2.576049191674704e-9,-5.545429388480699e-9
128.62,-2.6400006133352617e-9,-5.364545954405542e-9
128.63,-2.70342967599308e-9,-5.183396328717915e-9
128.64,-2.766330434836687e-9,-5.002000241704212e-9
128.65,-2.8286970253909796e-9,-4.820377416147407e-9
128.66,-2.890523664030962e-9,-4.638547566179932e-9
128.67,-2.9518046486717964e-9,-4.456530394716029e-9
128.68,-3.0125343586901576e-9,-4.274345591911778e-9
128.69,-3.0727072559267795e-9,-4.092012832005687e-9
128.7,-3.1323178847634253e-9,-3.909551772455806e-9
128.71,-3.191360872595098e-9,-3.7269820512916005e-9
128.72,-3.249830930327439e-9,-3.544323284775508e-9
128.73,-3.3077228528191993e-9,-3.3615950660190653e-9
128.74,-3.3650315189881568e-9,-3.178816962299608e-9
128.75,-3.421751892518474e-9,-2.996008513365587e-9
128.76,-3.4778790217819193e-9,-2.8131892293258813e-9
128.77,-3.5334080408187583e-9,-2.6303785887711826e-9
128.78,-3.588334169145231e-9,-2.4475960359270097e-9
128.79,-3.64265271215957e-9,-2.264860979824503e-9
128.8,-3.6963590616753896e-9,-2.082192791844538e-9
128.81,-3.749448695958464e-9,-1.89961080290181e-9
128.82,-3.801917180333112e-9,-1.7171343029557603e-9
128.83,-3.85376016721449e-9,-1.53478253750321e-9
128.84,-3.904973396364676e-9,-1.3525747067179422e-9
128.85,-3.955552695416094e-9,-1.1705299629844115e-9
128.86,-4.0054939796400705e-9,-9.886674084057706e-10
128.87,-4.0547932530908315e-9,-8.070060943712466e-10
128.88,-4.103446607408659e-9,-6.25565018088412e-10
128.89,-4.15145022351071e-9,-4.4436312121555157e-10
128.9,-4.198800370565942e-9,-2.63419288138009e-10
128.91,-4.2454934074997375e-9,-8.275234351185662e-11
128.92,-4.2915257818001636e-9,9.761894882793444e-11
128.93,-4.3368940304550865e-9,2.776758886959657e-10
128.94,-4.381594780246523e-9,4.5739984101385724e-10
128.95,-4.425624747595941e-9,6.367722377387831e-10
128.96,-4.4689807382961676e-9,8.157745791124246e-10
128.97,-4.5116596484643954e-9,9.943884367792147e-10
128.98,-4.5536584641724305e-9,1.1725954548037425e-9
128.99,-4.594974261565645e-9,1.350377351645355e-9
129.0,-4.63560420742099e-9,1.52771592191272e-9
129.01,-4.675545558309597e-9,1.7045930382683407e-9
129.02,-4.714795661573963e-9,1.880990653634397e-9
129.03,-4.753351954859584e-9,2.0568908022565187e-9
129.04,-4.791211966670074e-9,2.2322756018474826e-9
129.05,-4.828373315348966e-9,2.4071272554779586e-9
129.06,-4.8648337105395226e-9,2.5814280531447157e-9
129.07,-4.90059095213934e-9,2.7551603737264317e-9
129.08,-4.935642930551639e-9,2.928306686348703e-9
129.09,-4.969987627249467e-9,3.100849552471338e-9
129.1,-5.003623113792755e-9,3.272771627471025e-9
129.11,-5.0365475526459775e-9,3.4440556621976074e-9
129.12,-5.068759196211532e-9,3.6146845050904037e-9
129.13,-5.100256388499073e-9,3.784641102863418e-9
129.14,-5.131037562809411e-9,3.953908503647941e-9
129.15,-5.161101243177829e-9,4.1224698574009716e-9
129.16,-5.190446044275788e-9,4.2903084181106536e-9
129.17,-5.219070670200819e-9,4.457407544963867e-9
129.18,-5.246973916041312e-9,4.6237507045864416e-9
129.19,-5.274154666106354e-9,4.78932147225881e-9
129.2,-5.30061189511806e-9,4.954103533154068e-9
129.21,-5.326344666960867e-9,5.118080684761358e-9
129.22,-5.351352135173719e-9,5.281236837523848e-9
129.23,-5.37563354347055e-9,5.4435560170353345e-9
129.24,-5.399188224013421e-9,5.6050223650357e-9
129.25,-5.422015598382149e-9,5.765620141375275e-9
129.26,-5.444115176877333e-9,5.9253337252077e-9
129.27,-5.465486558771388e-9,6.084147616454855e-9
129.28,-5.486129431789474e-9,6.242046437558285e-9
129.29,-5.506043571663801e-9,6.399014934416051e-9
129.3,-5.5252288428571846e-9,6.555037978274196e-9
129.31,-5.543685196791152e-9,6.710100566797063e-9
129.32,-5.5614126732039425e-9,6.8641878257587175e-9
129.33,-5.57841139899656e-9,7.017285010183789e-9
129.34,-5.5946815881097775e-9,7.1693775057240244e-9
129.35,-5.610223540935354e-9,7.320450830071783e-9
129.36,-5.625037645269506e-9,7.470490634421516e-9
129.37,-5.639124374611144e-9,7.619482704358567e-9
129.38,-5.652484288137518e-9,7.767412961545843e-9
129.39,-5.6651180314196765e-9,7.914267464984679e-9
129.4,-5.677026334518226e-9,8.060032411984669e-9
129.41,-5.6882100131591376e-9,8.204694139561355e-9
129.42,-5.6986699674336885e-9,8.348239125797996e-9
129.43,-5.7084071817650405e-9,8.490653990893054e-9
129.44,-5.717422724247624e-9,8.631925498199339e-9
129.45,-5.7257177474171365e-9,8.772040555899736e-9
129.46,-5.733293486129911e-9,8.910986217577955e-9
129.47,-5.740151258260679e-9,9.048749683678714e-9
129.48,-5.746292464748223e-9,9.185318302511752e-9
129.49,-5.75171858764229e-9,9.320679571663765e-9
129.5,-5.7564311913887335e-9,9.454821138548284e-9
129.51,-5.76043192116722e-9,9.58773080164893e-9
129.52,-5.763722503478887e-9,9.719396512019857e-9
129.53,-5.766304744088987e-9,9.849806373677224e-9
129.54,-5.768180530383038e-9,9.978948645177136e-9
129.55,-5.7693518275279734e-9,1.0106811739839978e-8
129.56,-5.769820680733963e-9,1.023338422768797e-8
129.57,-5.769589213770126e-9,1.0358654835663493e-8
129.58,-5.768659627454333e-9,1.0482612448974784e-8
129.59,-5.767034201204587e-9,1.060524611152962e-8
129.6,-5.764715291168265e-9,1.0726545027547672e-8
129.61,-5.761705331040104e-9,1.0846498562100166e-8
129.62,-5.758006826893852e-9,1.0965096241209647e-8
129.63,-5.753622365557673e-9,1.1082327754400003e-8
129.64,-5.748554606296602e-9,1.119818295406654e-8
129.65,-5.7428062822354915e-9,1.1312651856558602e-8
129.66,-5.736380201908091e-9,1.1425724643587969e-8
129.67,-5.729279246367931e-9,1.1537391662383126e-8
129.68,-5.721506369813702e-9,1.1647643426431891e-8
129.69,-5.7130645987959314e-9,1.1756470616642004e-8
129.7,-5.703957031364705e-9,1.1863864081816816e-8
129.71,-5.694186837988523e-9,1.1969814839289004e-8
129.72,-5.6837572577520565e-9,1.2074314075638775e-8
129.73,-5.672671600965825e-9,1.2177353147346456e-8
129.74,-5.660933247006093e-9,1.2278923581419819e-8
129.75,-5.648545644685881e-9,1.2379017076171681e-8
129.76,-5.6355123099020054e-9,1.2477625501548913e-8
129.77,-5.621836827030742e-9,1.257474089977037e-8
129.78,-5.607522847137249e-9,1.2670355486080371e-8
129.79,-5.592574088190378e-9,1.2764461648902419e-8
129.8,-5.5769943318752865e-9,1.2857051951316534e-8
129.81,-5.560787427277195e-9,1.2948119129735983e-8
129.82,-5.5439572874821e-9,1.3037656096310144e-8
129.83,-5.5265078879492035e-9,1.3125655938153548e-8
129.84,-5.508443269217697e-9,1.3212111918592127e-8
129.85,-5.489767532326169e-9,1.329701747697807e-8
129.86,-5.470484841559708e-9,1.33803662287612e-8
129.87,-5.45059942164291e-9,1.3462151967424172e-8
129.88,-5.430115557863562e-9,1.3542368662945407e-8
129.89,-5.4090375952832625e-9,1.362101046389482e-8
129.9,-5.387369937994704e-9,1.3698071695835653e-8
129.91,-5.365117048739196e-9,1.3773546863431888e-8
129.92,-5.34228344690436e-9,1.3847430649490222e-8
129.93,-5.318873710592185e-9,1.3919717916267528e-8
129.94,-5.294892472422307e-9,1.3990403704568971e-8
129.95,-5.2703444216695884e-9,1.4059483234867483e-8
129.96,-5.245234301680279e-9,1.4126951907049514e-8
129.97,-5.219566910138805e-9,1.4192805300737345e-8
129.98,-5.193347098880366e-9,1.4257039175556264e-8
129.99,-5.1665797709048626e-9,1.4319649471166573e-8
130.0,-5.1392698817765e-9,1.4380632307235523e-8
130.01,-5.111422438948642e-9,1.4439983983828942e-8
130.02,-5.0830424991811965e-9,1.4497700981465969e-8
130.03,-5.054135169143895e-9,1.4553779960830824e-8
130.04,-5.0247056044418e-9,1.460821776314541e-8
130.05,-4.994759009222089e-9,1.4661011410364198e-8
130.06,-4.9643006342423455e-9,1.4712158104478479e-8
130.07,-4.933335778104904e-9,1.4761655229091745e-8
130.08,-4.901869783848406e-9,1.4809500346690466e-8
130.09,-4.869908039869467e-9,1.4855691201166235e-8
130.1,-4.837455979731663e-9,1.4900225716607269e-8
130.11,-4.804519079971773e-9,1.4943101997392783e-8
130.12,-4.771102859082728e-9,1.4984318327700675e-8
130.13,-4.7372128788417396e-9,1.502387317225068e-8
130.14,-4.702854741272415e-9,1.5061765175282355e-8
130.15,-4.668034089459591e-9,1.5097993161120696e-8
130.16,-4.632756604433357e-9,1.5132556132635775e-8
130.17,-4.597028008485615e-9,1.5165453273598626e-8
130.18,-4.560854059991613e-9,1.5196683945680858e-8
130.19,-4.524240555253859e-9,1.5226247689714838e-8
130.2,-4.487193326706907e-9,1.525414422550757e-8
130.21,-4.44971824264382e-9,1.5280373450681884e-8
130.22,-4.411821205495784e-9,1.530493544120826e-8
130.23,-4.373508152223153e-9,1.5327830450653522e-8
130.24,-4.33478505303893e-9,1.5349058909983055e-8
130.25,-4.2956579086755705e-9,1.5368621427408943e-8
130.26,-4.256132754570704e-9,1.5386518787481174e-8
130.27,-4.2162156542744165e-9,1.5402751951173864e-8
130.28,-4.175912702337644e-9,1.5417322055364093e-8
130.29,-4.135230022164921e-9,1.5430230412517132e-8
130.3,-4.094173764980613e-9,1.5441478509753126e-8
130.31,-4.0527501093532196e-9,1.545106800890139e-8
130.32,-4.010965262062946e-9,1.5459000746101222e-8
130.33,-3.968825452239828e-9,1.546527873028802e-8
130.34,-3.9263369389545545e-9,1.5469904144957408e-8
130.35,-3.8835060007381635e-9,1.5472879344305586e-8
130.36,-3.8403389403789875e-9,1.5474206855744654e-8
130.37,-3.796842085119575e-9,1.5473889377562175e-8
130.38,-3.753021782756103e-9,1.5471929779142845e-8
130.39,-3.7088844011632793e-9,1.546833109991238e-8
130.4,-3.6644363290868507e-9,1.5463096548971015e-8
130.41,-3.6196839740061608e-9,1.5456229504374533e-8
130.42,-3.574633760952993e-9,1.5447733512284856e-8
130.43,-3.5292921346590184e-9,1.543761228711595e-8
130.44,-3.4836655542246137e-9,1.542586970947405e-8
130.45,-3.437760495687307e-9,1.5412509826710515e-8
130.46,-3.3915834495479825e-9,1.5397536851483134e-8
130.47,-3.3451409213377126e-9,1.5380955161447877e-8
130.48,-3.2984394289823033e-9,1.5362769298009308e-8
130.49,-3.2514855033004e-9,1.5342983966212956e-8
130.5,-3.2042856868522315e-9,1.532160403329255e-8
130.51,-3.1568465327524865e-9,1.5298634528175877e-8
130.52,-3.10917460483014e-9,1.5274080641022558e-8
130.53,-3.061276475013795e-9,1.5247947721614802e-8
130.54,-3.0131587256278148e-9,1.5220241279002674e-8
130.55,-2.964827943752412e-9,1.5190966980719988e-8
130.56,-2.9162907255603937e-9,1.5160130651698583e-8
130.57,-2.867553672409843e-9,1.5127738273355145e-8
130.58,-2.8186233896271015e-9,1.5093795982616694e-8
130.59,-2.7695064889055794e-9,1.505831007143137e-8
130.6,-2.7202095839858275e-9,1.5021286985206535e-8
130.61,-2.6707392919207086e-9,1.4982733322554865e-8
130.62,-2.6211022312034603e-9,1.4942655833465398e-8
130.63,-2.5713050217923925e-9,1.4901061419179897e-8
130.64,-2.5213542832731134e-9,1.4857957130483004e-8
130.65,-2.471256635771228e-9,1.4813350167393105e-8
130.66,-2.421018696729953e-9,1.4767247877214811e-8
130.67,-2.3706470822450783e-9,1.4719657754545862e-8
130.68,-2.320148405827695e-9,1.4670587439629616e-8
130.69,-2.2695292756063175e-9,1.4620044716795488e-8
130.7,-2.2187962974184804e-9,1.4568037514785846e-8
130.71,-2.167956070036028e-9,1.4514573904284519e-8
130.72,-2.1170151869272325e-9,1.4459662097511961e-8
130.73,-2.0659802339848433e-9,1.4403310446523165e-8
130.74,-2.014857791096512e-9,1.4345527443720653e-8
130.75,-1.9636544270640196e-9,1.4286321717719993e-8
130.76,-1.9123767035985415e-9,1.4225702035115176e-8
130.77,-1.8610311716765141e-9,1.4163677297855842e-8
130.78,-1.8096243711881922e-9,1.4100256542036678e-8
130.79,-1.7581628312108374e-9,1.403544893759964e-8
130.8,-1.7066530679823226e-9,1.3969263785838735e-8
130.81,-1.6551015845718816e-9,1.3901710519119638e-8
130.82,-1.6035148710299513e-9,1.3832798699667014e-8
130.83,-1.5518994014921248e-9,1.3762538017204025e-8
130.84,-1.5002616364084308e-9,1.3690938289400139e-8
130.85,-1.4486080188587965e-9,1.3618009459455624e-8
130.86,-1.396944975939919e-9,1.3543761594849868e-8
130.87,-1.3452789165300446e-9,1.3468204886222021e-8
130.88,-1.2936162324201283e-9,1.3391349646606848e-8
130.89,-1.2419632944989689e-9,1.3313206308865397e-8
130.9,-1.1903264559006704e-9,1.3233785426003322e-8
130.91,-1.1387120485618323e-9,1.3153097668402606e-8
130.92,-1.0871263824242628e-9,1.3071153822847047e-8
130.93,-1.0355757470260373e-9,1.2987964792098831e-8
130.94,-9.84066408776359e-10,1.2903541592153157e-8
130.95,-9.326046104366407e-10,1.2817895351696794e-8
130.96,-8.81196571108305e-10,1.2731037310398063e-8
130.97,-8.298484854087744e-10,1.2642978817845973e-8
130.98,-7.785665226318843e-10,1.2553731332036452e-8
130.99,-7.273568256609833e-10,1.2463306417294345e-8
131.0,-6.762255108782361e-10,1.237171574386027e-8
131.01,-6.251786675969766e-10,1.2278971086020078e-8
131.02,-5.742223568250514e-10,1.2185084320499504e-8
131.03,-5.233626107716888e-10,1.209006742517248e-8
131.04,-4.726054324021786e-10,1.1993932477700552e-8
131.05,-4.2195679501396017e-10,1.1896691653887814e-8
131.06,-3.714226409407773e-10,1.179835722640206e-8
131.07,-3.210088809077694e-10,1.169894156305406e-8
131.08,-2.7072139431433115e-10,1.1598457125431288e-8
131.09,-2.2056602769155505e-10,1.1496916467782609e-8
131.1,-1.705485953530861e-10,1.1394332234364679e-8
131.11,-1.2067487574473507e-10,1.1290717159550158e-8
131.12,-7.095061469938222e-11,1.1186084064981286e-8
131.13,-2.1381522372498973e-11,1.1080445858492914e-8
131.14,2.8026726703226696e-11,1.0973815532833704e-8
131.15,7.72684936511268e-11,1.086620616426447e-8
131.16,1.2633817723973835e-10,1.0757630909743269e-8
131.17,1.7523021289847742e-10,1.0648103007185076e-8
131.18,2.2393907440470533e-10,1.0537635772502627e-8
131.19,2.7245927416487813e-10,1.0426242598674926e-8
131.2,3.2078536298590394e-10,1.031393695430821e-8
131.21,3.689119319710977e-10,1.02007323816719e-8
131.22,4.16833612466725e-10,1.0086642495128192e-8
131.23,4.645450761121004e-10,9.971680979869116e-9
131.24,5.120410359051165e-10,9.855861590167408e-9
131.25,5.593162468480364e-10,9.739198147862823e-9
131.26,6.063655063146359e-10,9.62170454036287e-9
131.27,6.531836541104491e-10,9.503394719918563e-9
131.28,6.99765574544712e-10,9.384282700692359e-9
131.29,7.461061941341012e-10,9.264382558621384e-9
131.3,7.922004850082859e-10,9.143708428899204e-9
131.31,8.38043463817194e-10,9.022274504317586e-9
131.32,8.836301924250808e-10,8.900095034232925e-9
131.33,9.289557786925196e-10,8.77718432249436e-9
131.34,9.740153769533387e-10,8.653556725843674e-9
131.35,1.0188041876882232e-9,8.529226652585024e-9
131.36,1.0633174589880651e-9,8.404208560761388e-9
131.37,1.1075504876167118e-9,8.278516955902385e-9
131.38,1.1514986165565262e-9,8.152166391045834e-9
131.39,1.1951572388068639e-9,8.025171463044238e-9
131.4,1.2385217957385553e-9,7.89754681278449e-9
131.41,1.2815877783047404e-9,7.769307122050387e-9
131.42,1.3243507275264992e-9,7.64046711274908e-9
131.43,1.3668062341026667e-9,7.511041545257414e-9
131.44,1.4089499401641816e-9,7.381045216195893e-9
131.45,1.450777537817807e-9,7.2504929577234395e-9
131.46,1.49228477217534e-9,7.119399634298521e-9
131.47,1.5334674385731302e-9,6.9877801432478145e-9
131.48,1.5743213855510105e-9,6.855649411162349e-9
131.49,1.6148425137075652e-9,6.7230223932587276e-9
131.5,1.6550267768606756e-9,6.589914071309486e-9
131.51,1.6948701817873747e-9,6.456339452541369e-9
131.52,1.7343687893165262e-9,6.322313567198372e-9
131.53,1.77351871396444e-9,6.1878514676133945e-9
131.54,1.8123161241512554e-9,6.052968226134694e-9
131.55,1.8507572439865685e-9,5.917678933298755e-9
131.56,1.8888383512468447e-9,5.781998697051365e-9
131.57,1.9265557796018062e-9,5.645942640228392e-9
131.58,1.963905919302799e-9,5.5095258994427214e-9
131.59,2.000885212023166e-9,5.372763622572829e-9
131.6,2.0374901619915677e-9,5.235670968716607e-9
131.61,2.073717325332353e-9,5.098263104897753e-9
131.62,2.1095633162122045e-9,4.960555205351811e-9
131.63,2.145024805567318e-9,4.822562449801699e-9
131.64,2.180098521484596e-9,4.684300021556034e-9
131.65,2.2147812493643767e-9,4.545783106143103e-9
131.66,2.2490698324409912e-9,4.407026889464614e-9
131.67,2.2829611716307417e-9,4.268046556045093e-9
131.68,2.3164522265781776e-9,4.128857288412974e-9
131.69,2.3495400137731264e-9,3.9894742638894825e-9
131.7,2.38222160988701e-9,3.849912654100624e-9
131.71,2.4144941493539513e-9,3.7101876230633093e-9
131.72,2.446354825712961e-9,3.5703143257153313e-9
131.73,2.477800891895086e-9,3.4303079058511035e-9
131.74,2.508829659747723e-9,3.290183495089998e-9
131.75,2.5394385007315143e-9,3.1499562109789265e-9
131.76,2.5696248454861093e-9,3.009641155659312e-9
131.77,2.5993861860998217e-9,2.8692534129373505e-9
131.78,2.628720072068839e-9,2.728808049714484e-9
131.79,2.6576241147781042e-9,2.5883201112469573e-9
131.8,2.6860959843814338e-9,2.4478046210760454e-9
131.81,2.7141334130090743e-9,2.30727657956384e-9
131.82,2.7417341920123055e-9,2.1667509614708623e-9
131.83,2.7688961739707196e-9,2.026242715581635e-9
131.84,2.7956172713258633e-9,1.885766761947583e-9
131.85,2.821895457524705e-9,1.7453379914120952e-9
131.86,2.84772876774321e-9,1.6049712628667695e-9
131.87,2.8731152966439267e-9,1.4646814031886264e-9
131.88,2.898053200305646e-9,1.324483204604868e-9
131.89,2.9225406966168143e-9,1.1843914232964336e-9
131.9,2.9465760634480327e-9,1.044420778519211e-9
131.91,2.970157640607536e-9,9.045859502540332e-10
131.92,2.993283828325744e-9,7.649015785306883e-10
131.93,3.0159530886190232e-9,6.253822611008118e-10
131.94,3.0381639447298563e-9,4.860425526634302e-10
131.95,3.059914980564499e-9,3.4689696320587124e-10
131.96,3.08120484179193e-9,2.0795995605095533e-10
131.97,3.102032235502034e-9,6.924594710911464e-11
131.98,3.1223959289481408e-9,-6.923069715707532e-11
131.99,3.142294752284595e-9,-2.0745566080627665e-10
132.0,3.1617275953314568e-9,-3.454146800183487e-10
132.01,3.180693410158707e-9,-4.830935447459661e-10
132.02,3.1991912091709783e-9,-6.204780994548249e-10
132.03,3.217220066470269e-9,-7.575542454681336e-10
132.04,3.234779116792152e-9,-8.943079408645821e-10
132.05,3.251867556243635e-9,-1.0307252046121719e-9
132.06,3.2684846417880326e-9,-1.1667921148650433e-9
132.07,3.284629690911533e-9,-1.3024948122581216e-9
132.08,3.300302082425661e-9,-1.4378195007373649e-9
132.09,3.31550125523184e-9,-1.572752448817906e-9
132.1,3.3302267093025954e-9,-1.7072799909840265e-9
132.11,3.3444780049596383e-9,-1.841388529469442e-9
132.12,3.358254763089372e-9,-1.975064534790047e-9
132.13,3.3715566638111076e-9,-2.108294547772328e-9
132.14,3.3843834493843647e-9,-2.2410651807052005e-9
132.15,3.3967349202913083e-9,-2.373363118091259e-9
132.16,3.4086109377710294e-9,-2.505175118776487e-9
132.17,3.4200114227380482e-9,-2.6364880166732427e-9
132.18,3.430936355466265e-9,-2.767288722508233e-9
132.19,3.4413857758483524e-9,-2.8975642243359607e-9
132.2,3.4513597828602113e-9,-3.0273015895586358e-9
132.21,3.4608585344520025e-9,-3.156487965258675e-9
132.22,3.469882249100799e-9,-3.2851105821833707e-9
132.23,3.4784312012432747e-9,-3.4131567505142516e-9
132.24,3.4865057259632143e-9,-3.5406138665220814e-9
132.25,3.4941062158373064e-9,-3.667469411100359e-9
132.26,3.501233122231331e-9,-3.793710951649385e-9
132.27,3.5078869535344847e-9,-3.919326142664798e-9
132.28,3.5140682766855624e-9,-4.0443027278058395e-9
132.29,3.519777715885854e-9,-4.1686285402241105e-9
132.3,3.525015951952522e-9,-4.292291504060556e-9
132.31,3.5297837245802887e-9,-4.415279635603232e-9
132.32,3.534081827863302e-9,-4.537581044217343e-9
132.33,3.5379111139333638e-9,-4.659183934168493e-9
132.34,3.541272490756917e-9,-4.780076604326397e-9
132.35,3.5441669225805724e-9,-4.9002474502681e-9
132.36,3.5465954290696417e-9,-5.019684965543808e-9
132.37,3.548559085611569e-9,-5.138377741970553e-9
132.38,3.550059023010697e-9,-5.256314470951519e-9
132.39,3.551096426207469e-9,-5.3734839449805315e-9
132.4,3.5516725356000474e-9,-5.4898750577193865e-9
132.41,3.551788645485574e-9,-5.6054768061001925e-9
132.42,3.551446104042221e-9,-5.720278290248458e-9
132.43,3.550646313733546e-9,-5.834268715547131e-9
132.44,3.5493907298232e-9,-5.947437392259615e-9
132.45,3.5476808610987994e-9,-6.059773738336261e-9
132.46,3.5455182686363765e-9,-6.171267278222642e-9
132.47,3.5429045664221896e-9,-6.281907645677377e-9
132.48,3.5398414199233437e-9,-6.3916845832753235e-9
132.49,3.536330546919543e-9,-6.500587944131228e-9
132.5,3.5323737163681687e-9,-6.6086076926533024e-9
132.51,3.527972747984268e-9,-6.715733905161668e-9
132.52,3.52312951267383e-9,-6.821956771251782e-9
132.53,3.5178459309315498e-9,-6.9272665933705986e-9
132.54,3.5121239738855976e-9,-7.031653789797037e-9
132.55,3.5059656617680818e-9,-7.135108893375749e-9
132.56,3.499373064284878e-9,-7.237622553699399e-9
132.57,3.4923482995510714e-9,-7.339185536943736e-9
132.58,3.4848935344101653e-9,-7.4397887274935525e-9
132.59,3.4770109835571864e-9,-7.539423128121485e-9
132.6,3.4687029093166162e-9,-7.638079860789319e-9
132.61,3.459971621670823e-9,-7.7357501681678e-9
132.62,3.450819475754768e-9,-7.832425412591224e-9
132.63,3.4412488748204753e-9,-7.928097078814483e-9
132.64,3.4312622675245268e-9,-8.022756773673705e-9
132.65,3.42086214822562e-9,-8.116396226480948e-9
132.66,3.4100510555719773e-9,-8.209007290431785e-9
132.67,3.398831573817755e-9,-8.300581942717184e-9
132.68,3.3872063308229263e-9,-8.391112285394867e-9
132.69,3.375177998419458e-9,-8.480590546069909e-9
132.7,3.3627492914894534e-9,-8.569009078300584e-9
132.71,3.3499229691646193e-9,-8.656360362158079e-9
132.72,3.3367018306995313e-9,-8.74263700515093e-9
132.73,3.3230887187219018e-9,-8.827831742612542e-9
132.74,3.309086517738489e-9,-8.911937438004045e-9
132.75,3.294698151922897e-9,-8.994947083724982e-9
132.76,3.2799265875229466e-9,-9.076853801691937e-9
132.77,3.2647748298009968e-9,-9.15765084349686e-9
132.78,3.2492459239205935e-9,-9.237331591220156e-9
132.79,3.2333429542611995e-9,-9.315889557848924e-9
132.8,3.2170690438504995e-9,-9.39331838775754e-9
132.81,3.200427353915137e-9,-9.469611856843961e-9
132.82,3.183421082957689e-9,-9.54476387335101e-9
132.83,3.1660534673348044e-9,-9.618768478063488e-9
132.84,3.148327779213152e-9,-9.691619844840817e-9
132.85,3.1302473279194376e-9,-9.763312281004265e-9
132.86,3.111815457286469e-9,-9.833840227375107e-9
132.87,3.093035547168934e-9,-9.903198259110004e-9
132.88,3.0739110119822977e-9,-9.971381085850514e-9
132.89,3.0544452994901624e-9,-1.0038383551827587e-8
132.9,3.0346418922658426e-9,-1.0104200636622176e-8
132.91,3.0145043050242036e-9,-1.0168827455077754e-8
132.92,2.9940360852334973e-9,-1.0232259257468977e-8
132.93,2.973240812605784e-9,-1.0294491430506463e-8
132.94,2.95212209852396e-9,-1.0355519496821186e-8
132.95,2.9306835844130994e-9,-1.0415339115303864e-8
132.96,2.9089289433162494e-9,-1.0473946081651767e-8
132.97,2.8868618774753246e-9,-1.0531336328695726e-8
132.98,2.8644861185532375e-9,-1.0587505925491384e-8
132.99,2.841805427268676e-9,-1.0642451079285364e-8
133.0,2.818823592466735e-9,-1.0696168134021117e-8
133.01,2.7955444306557612e-9,-1.0748653571580016e-8
133.02,2.77197178560073e-9,-1.0799904011090373e-8
133.03,2.7481095279576676e-9,-1.0849916209723838e-8
133.04,2.723961553901106e-9,-1.0898687062438688e-8
133.05,2.6995317855949216e-9,-1.094621360207618e-8
133.06,2.67482417097039e-9,-1.099249299984861e-8
133.07,2.649842679000321e-9,-1.103752256421035e-8
133.08,2.6245913071859483e-9,-1.1081299742685032e-8
133.09,2.5990740732914405e-9,-1.1123822120414292e-8
133.1,2.5732950188692924e-9,-1.1165087420789015e-8
133.11,2.5472582070101175e-9,-1.1205093505308021e-8
133.12,2.520967723542058e-9,-1.124383837382025e-8
133.13,2.494427673879206e-9,-1.1281320163825898e-8
133.14,2.4676421848381357e-9,-1.1317537151263032e-8
133.15,2.440615403336959e-9,-1.135248774997283e-8
133.16,2.4133514952546474e-9,-1.1386170511849854e-8
133.17,2.3858546446565537e-9,-1.1418584125938567e-8
133.18,2.358129054904613e-9,-1.1449727419704518e-8
133.19,2.3301789464964926e-9,-1.147959935799208e-8
133.2,2.3020085565149625e-9,-1.1508199042892414e-8
133.21,2.273622139720006e-9,-1.153552571413634e-8
133.22,2.2450239656856636e-9,-1.1561578748430413e-8
133.23,2.2162183195238397e-9,-1.1586357659018106e-8
133.24,2.1872095018736197e-9,-1.1609862096661426e-8
133.25,2.1580018264912904e-9,-1.1632091848325144e-8
133.26,2.1285996213471528e-9,-1.1653046837088766e-8
133.27,2.0990072276288657e-9,-1.1672727122384669e-8
133.28,2.0692289986821896e-9,-1.169113289942825e-8
133.29,2.0392692991884373e-9,-1.1708264498893088e-8
133.3,2.009132506483545e-9,-1.1724122386998561e-8
133.31,1.9788230077117624e-9,-1.1738707164885155e-8
133.32,1.948345199845395e-9,-1.175201956806932e-8
133.33,1.9177034908355634e-9,-1.1764060467092796e-8
133.34,1.8869022957095648e-9,-1.1774830865814303e-8
133.35,1.8559460397284948e-9,-1.1784331902242544e-8
133.36,1.8248391548911498e-9,-1.1792564847650557e-8
133.37,1.7935860814550216e-9,-1.1799531106446292e-8
133.38,1.7621912647615396e-9,-1.1805232214939764e-8
133.39,1.730659158263261e-9,-1.1809669842464551e-8
133.4,1.6989942195294225e-9,-1.181284578937277e-8
133.41,1.667200911466063e-9,-1.1814761987832336e-8
133.42,1.6352837024757256e-9,-1.181542050092295e-8
133.43,1.603247062632308e-9,-1.1814823521610722e-8
133.44,1.5710954672834718e-9,-1.18129733733253e-8
133.45,1.5388333938288182e-9,-1.1809872508712775e-8
133.46,1.5064653218382504e-9,-1.1805523509717359e-8
133.47,1.473995731258163e-9,-1.1799929086036623e-8
133.48,1.4414291055369673e-9,-1.179309207627552e-8
133.49,1.4087699266086106e-9,-1.1785015445754054e-8
133.5,1.3760226769189773e-9,-1.1775702286857586e-8
133.51,1.3431918385989745e-9,-1.1765155818535594e-8
133.52,1.3102818914352e-9,-1.1753379384854503e-8
133.53,1.2772973146464341e-9,-1.1740376455647729e-8
133.54,1.2442425844648163e-9,-1.1726150625079604e-8
133.55,1.2111221740825998e-9,-1.1710705611697578e-8
133.56,1.1779405546027526e-9,-1.169404525556902e-8
133.57,1.1447021911447065e-9,-1.1676173522159794e-8
133.58,1.1114115453076998e-9,-1.1657094497304753e-8
133.59,1.0780730733545373e-9,-1.1636812388379529e-8
133.6,1.0446912262117485e-9,-1.1615331523862976e-8
133.61,1.0112704483462305e-9,-1.1592656352025407e-8
133.62,9.778151775050668e-10,-1.1568791440568068e-8
133.63,9.443298443841907e-10,-1.1543741475857759e-8
133.64,9.108188713477927e-10,-1.1517511261961525e-8
133.65,8.772866732431662e-10,-1.1490105721011545e-8
133.66,8.437376551082481e-10,-1.1461529890179643e-8
133.67,8.101762132809059e-10,-1.1431788923681137e-8
133.68,7.76606733849134e-10,-1.1400888089827938e-8
133.69,7.430335926364453e-10,-1.136883277175933e-8
133.7,7.094611539659472e-10,-1.1335628465489304e-8
133.71,6.758937713006786e-10,-1.1301280779866905e-8
133.72,6.423357857601795e-10,-1.1265795435787771e-8
133.73,6.08791526407211e-10,-1.1229178264908164e-8
133.74,5.75265307636359e-10,-1.1191435208634353e-8
133.75,5.417614324640175e-10,-1.1152572318710313e-8
133.76,5.082841886860298e-10,-1.1112595754592155e-8
133.77,4.748378499713126e-10,-1.1071511783769973e-8
133.78,4.414266742238331e-10,-1.1029326780318439e-8
133.79,4.080549042642235e-10,-1.098604722399457e-8
133.8,3.747267667580269e-10,-1.0941679700340143e-8
133.81,3.4144647205754543e-10,-1.0896230898244881e-8
133.82,3.082182127562481e-10,-1.0849707609948659e-8
133.83,2.750461656811571e-10,-1.0802116730677087e-8
133.84,2.4193448729557973e-10,-1.0753465256057146e-8
133.85,2.0888731699690405e-10,-1.0703760282918303e-8
133.86,1.7590877493332238e-10,-1.0653009007279584e-8
133.87,1.430029622102065e-10,-1.0601218723939206e-8
133.88,1.101739591790671e-10,-1.0548396824894297e-8
133.89,7.742582647819815e-11,-1.0494550799128984e-8
133.9,4.4762603981258485e-11,-1.043968823143648e-8
133.91,1.2188309806052869e-11,-1.0383816801105044e-8
133.92,-2.0293059176410955e-11,-1.0326944280775589e-8
133.93,-5.2677528517719744e-11,-1.02690785363388e-8
133.94,-8.496114623000338e-11,-1.0210227525167258e-8
133.95,-1.1713998387824619e-10,-1.0150399295042232e-8
133.96,-1.492101354857973e-10,-1.00896019840159e-8
133.97,-1.811677200918841e-10,-1.0027843817834828e-8
133.98,-2.1300888096394792e-10,-9.965133111066573e-9
133.99,-2.447297851711768e-10,-9.901478263353218e-9
134.0,-2.7632662677603445e-10,-9.836887760625973e-9
134.01,-3.0779562214413765e-10,-9.771370173819332e-9
134.02,-3.391330179954334e-10,-9.70493415578374e-9
134.03,-3.703350846926329e-10,-9.637588442596208e-9
134.04,-4.013981200755735e-10,-9.569341851281108e-9
134.05,-4.3231844935464375e-10,-9.500203279026706e-9
134.06,-4.6309242546197567e-10,-9.430181701748404e-9
134.07,-4.93716428894147e-10,-9.359286173632116e-9
134.08,-5.241868693844383e-10,-9.287525825428195e-9
134.09,-5.545001845996355e-10,-9.21490986361144e-9
134.1,-5.846528418669051e-10,-9.141447568851777e-9
134.11,-6.146413381722137e-10,-9.06714829596435e-9
134.12,-6.444622000227847e-10,-8.99202147143313e-9
134.13,-6.741119846225874e-10,-8.916076593206e-9
134.14,-7.035872793416325e-10,-8.839323229128154e-9
134.15,-7.328847033476956e-10,-8.761771015775842e-9
134.16,-7.620009062310337e-10,-8.683429657667287e-9
134.17,-7.909325699219541e-10,-8.604308925614379e-9
134.18,-8.196764072779401e-10,-8.524418655981658e-9
134.19,-8.482291672564352e-10,-8.443768749138734e-9
134.2,-8.765876257219465e-10,-8.362369168831703e-9
134.21,-9.047485957494567e-10,-8.280229940333076e-9
134.22,-9.32708922508753e-10,-8.19736114958774e-9
134.23,-9.604654848025368e-10,-8.113772942390399e-9
134.24,-9.880151957995758e-10,-8.029475522138294e-9
134.25,-1.015355002594071e-9,-7.944479149915328e-9
134.26,-1.0424818869568239e-9,-7.858794142469764e-9
134.27,-1.0693928661059998e-9,-7.772430871032013e-9
134.28,-1.096084990748234e-9,-7.685399761133183e-9
134.29,-1.122555349030635e-9,-7.597711289301286e-9
134.3,-1.148801064357362e-9,-7.50937598395994e-9
134.31,-1.1748192954104559e-9,-7.420404423051441e-9
134.32,-1.2006072373726833e-9,-7.3308072335799174e-9
134.33,-1.2261621228627329e-9,-7.24059508921614e-9
134.34,-1.251481220505469e-9,-7.149778710249747e-9
134.35,-1.2765618360307001e-9,-7.05836886183861e-9
134.36,-1.3014013129226228e-9,-6.966376352592308e-9
134.37,-1.3259970318645885e-9,-6.873812034156692e-9
134.38,-1.3503464114342163e-9,-6.780686798617355e-9
134.39,-1.3744469085684951e-9,-6.687011578596e-9
134.4,-1.3982960185427295e-9,-6.592797345099382e-9
134.41,-1.4218912738153433e-9,-6.498055107429141e-9
134.42,-1.4452302474934042e-9,-6.40279590989494e-9
134.43,-1.4683105506867494e-9,-6.307030832526858e-9
134.44,-1.4911298335163182e-9,-6.2107709892989075e-9
134.45,-1.5136857859865135e-9,-6.11402752601439e-9
134.46,-1.535976136735778e-9,-6.016811620592399e-9
134.47,-1.5579986553119564e-9,-5.919134480227574e-9
134.48,-1.5797511504608695e-9,-5.821007341145872e-9
134.49,-1.6012314714883645e-9,-5.722441466973977e-9
134.5,-1.6224375064669322e-9,-5.6234481481331335e-9
134.51,-1.6433671863559435e-9,-5.5240386991276416e-9
134.52,-1.6640184817878879e-9,-5.424224458530224e-9
134.53,-1.6843894030523182e-9,-5.324016787855333e-9
134.54,-1.704478002898041e-9,-5.223427069301587e-9
134.55,-1.724282374045635e-9,-5.12246670519208e-9
134.56,-1.7438006513123972e-9,-5.0211471167657645e-9
134.57,-1.763031010389117e-9,-4.919479742359675e-9
134.58,-1.781971669063746e-9,-4.817476036583191e-9
134.59,-1.8006208849675657e-9,-4.715147469382192e-9
134.6,-1.8189769598798307e-9,-4.612505524069273e-9
134.61,-1.8370382362894215e-9,-4.509561696169751e-9
134.62,-1.8548030984356842e-9,-4.406327492988436e-9
134.63,-1.8722699734986376e-9,-4.3028144312903336e-9
134.64,-1.8894373293785396e-9,-4.199034036809126e-9
134.65,-1.9063036778540985e-9,-4.094997842501175e-9
134.66,-1.922867572076653e-9,-3.99071738763273e-9
134.67,-1.9391276072494148e-9,-3.886204216863833e-9
134.68,-1.9550824241341117e-9,-3.7814698770985114e-9
134.69,-1.9707307016223085e-9,-3.676525919519826e-9
134.7,-1.9860711638328474e-9,-3.5713838956391035e-9
134.71,-2.0011025771927545e-9,-3.466055357107466e-9
134.72,-2.0158237510184878e-9,-3.360551854064358e-9
134.73,-2.0302335377419516e-9,-3.2548849345117004e-9
134.74,-2.0443308313306564e-9,-3.1490661427804083e-9
134.75,-2.0581145704196704e-9,-3.0431070178650508e-9
134.76,-2.0715837353997257e-9,-2.9370190930992953e-9
134.77,-2.0847373503876842e-9,-2.8308138939031305e-9
134.78,-2.0975744817257133e-9,-2.724502937629439e-9
134.79,-2.110094239247113e-9,-2.618097731636907e-9
134.8,-2.122295776108058e-9,-2.5116097719817703e-9
134.81,-2.134178287938945e-9,-2.405050542728355e-9
134.82,-2.1457410136461036e-9,-2.2984315146851396e-9
134.83,-2.1569832347820737e-9,-2.191764143823554e-9
134.84,-2.1679042769731182e-9,-2.085059870037676e-9
134.85,-2.17850350809087e-9,-1.978330116513713e-9
134.86,-2.188780338413771e-9,-1.8715862882757184e-9
134.87,-2.19873422255407e-9,-1.7648397705800621e-9
134.88,-2.20836465749386e-9,-1.6581019282254333e-9
134.89,-2.217671182420269e-9,-1.551384104853942e-9
134.9,-2.2266533803283234e-9,-1.444697619990399e-9
134.91,-2.2353108766741756e-9,-1.3380537700217774e-9
134.92,-2.243643339952716e-9,-1.2314638256624317e-9
134.93,-2.2516504804701288e-9,-1.1249390312743496e-9
134.94,-2.2593320524283696e-9,-1.0184906036835172e-9
134.95,-2.266687851245375e-9,-9.121297309760604e-10
134.96,-2.2737177162174574e-9,-8.058675712674467e-10
134.97,-2.2804215281704885e-9,-6.997152517042512e-10
134.98,-2.286799211041272e-9,-5.936838671031966e-10
134.99,-2.292850729653555e-9,-4.87784479547092e-10
135.0,-2.2985760924599904e-9,-3.8202811626506904e-10
135.01,-2.3039753492876133e-9,-2.7642576906603825e-10
135.02,-2.3090485919480915e-9,-1.709883931739261e-10
135.03,-2.3137959551423444e-9,-6.57269059362628e-11
135.04,-2.3182176118223883e-9,3.934781350833355e-11
135.05,-2.3223137816723134e-9,1.442249269368361e-10
135.06,-2.326084722168972e-9,2.4889363620990795e-10
135.07,-2.3295307337528937e-9,3.533431858269241e-10
135.08,-2.3326521576162817e-9,4.5756286324787607e-10
135.09,-2.3354493756585086e-9,5.615419999320036e-10
135.1,-2.3379228117334215e-9,6.652699731427665e-10
135.11,-2.3400729296283025e-9,7.687362059108525e-10
135.12,-2.3419002340224763e-9,8.719301688095141e-10
135.13,-2.3434052715662534e-9,9.748413814174828e-10
135.14,-2.3445886261856204e-9,1.0774594117566994e-9
135.15,-2.345450924537491e-9,1.1797738788125153e-9
135.16,-2.345992832154408e-9,1.281774453037614e-9
135.17,-2.3462150550549866e-9,1.3834508576767718e-9
135.18,-2.3461183386449448e-9,1.4847928688716617e-9
135.19,-2.3457034675138986e-9,1.5857903176766086e-9
135.2,-2.344971265634185e-9,1.6864330904149019e-9
135.21,-2.343922596053254e-9,1.7867111296617873e-9
135.22,-2.342558362063038e-9,1.886614436566451e-9
135.23,-2.340879502354254e-9,1.986133068911733e-9
135.24,-2.3388869990903175e-9,2.0852571452561513e-9
135.25,-2.336581867373549e-9,2.183976843648641e-9
135.26,-2.333965163434866e-9,2.2822824037818276e-9
135.27,-2.3310379811001568e-9,2.3801641271670054e-9
135.28,-2.3278014508267726e-9,2.477612378622963e-9
135.29,-2.3242567414146934e-9,2.5746175870676015e-9
135.3,-2.320405058801439e-9,2.6711702461326056e-9
135.31,-2.3162476447954203e-9,2.7672609153421747e-9
135.32,-2.3117857789906595e-9,2.86288022084647e-9
135.33,-2.3070207768958645e-9,2.9580188563426288e-9
135.34,-2.301953990639497e-9,3.0526675841137912e-9
135.35,-2.2965868071936217e-9,3.146817235473847e-9
135.36,-2.2909206505484716e-9,3.2404587121662545e-9
135.37,-2.284956979175098e-9,3.3335829867799305e-9
135.38,-2.278697287425658e-9,3.426181103778002e-9
135.39,-2.272143104241448e-9,3.518244180324464e-9
135.4,-2.2652959924204584e-9,3.6097634068722992e-9
135.41,-2.2581575511466887e-9,3.7007300485644706e-9
135.42,-2.250729409727665e-9,3.7911354446371614e-9
135.43,-2.243013236604556e-9,3.880971011580165e-9
135.44,-2.235010728825984e-9,3.9702282416038555e-9
135.45,-2.2267236199137655e-9,4.058898704471245e-9
135.46,-2.2181536748576184e-9,4.146974048107724e-9
135.47,-2.2093026911848337e-9,4.2344459995367184e-9
135.48,-2.200172499388517e-9,4.321306365254545e-9
135.49,-2.1907649612773685e-9,4.407547032184162e-9
135.5,-2.1810819708120924e-9,4.493159968366312e-9
135.51,-2.1711254533718023e-9,4.578137223554831e-9
135.52,-2.1608973650934338e-9,4.66247093077411e-9
135.53,-2.1503996926275628e-9,4.746153303862492e-9
135.54,-2.1396344539768753e-9,4.829176643765793e-9
135.55,-2.12860369679882e-9,4.911533334000671e-9
135.56,-2.1173094981186764e-9,4.9932158437041445e-9
135.57,-2.1057539648882432e-9,5.07421672782095e-9
135.58,-2.0939392330841867e-9,5.1545286279317344e-9
135.59,-2.0818674671870156e-9,5.234144272480834e-9
135.6,-2.0695408606981644e-9,5.313056477892284e-9
135.61,-2.0569616343307814e-9,5.39125814850454e-9
135.62,-2.044132038374511e-9,5.468742278496694e-9
135.63,-2.0310543483205955e-9,5.5455019505594e-9
135.64,-2.0177308675843627e-9,5.621530337805265e-9
135.65,-2.004163926649365e-9,5.696820704213003e-9
135.66,-1.990355882761461e-9,5.771366404856599e-9
135.67,-1.9763091177111296e-9,5.845160886259647e-9
135.68,-1.962026039865487e-9,5.918197687761634e-9
135.69,-1.9475090831381173e-9,5.990470441013799e-9
135.7,-1.9327607057930214e-9,6.061972871366027e-9
135.71,-1.9177833909090934e-9,6.132698797346856e-9
135.72,-1.9025796457516187e-9,6.202642132572324e-9
135.73,-1.8871520012262244e-9,6.2717968849008854e-9
135.74,-1.8715030118662853e-9,6.34015715760357e-9
135.75,-1.8556352553211786e-9,6.407717149535016e-9
135.76,-1.8395513313925582e-9,6.474471155541713e-9
135.77,-1.823253863021076e-9,6.540413567655752e-9
135.78,-1.8067454946608486e-9,6.6055388742060336e-9
135.79,-1.7900288918705884e-9,6.669841660981133e-9
135.8,-1.7731067422908153e-9,6.733316611989879e-9
135.81,-1.7559817534564645e-9,6.795958509024505e-9
135.82,-1.7386566539128098e-9,6.857762232631563e-9
135.83,-1.7211341918425193e-9,6.918722762113421e-9
135.84,-1.7034171352240905e-9,6.978835176145651e-9
135.85,-1.6855082710154362e-9,7.038094652983791e-9
135.86,-1.6674104050659904e-9,7.09649647072547e-9
135.87,-1.64912636203341e-9,7.154036008121575e-9
135.88,-1.6306589836030172e-9,7.210708743882296e-9
135.89,-1.6120111303875773e-9,7.266510257956751e-9
135.9,-1.5931856790515948e-9,7.321436231525033e-9
135.91,-1.574185523810507e-9,7.375482446750642e-9
135.92,-1.555013574810296e-9,7.428644788291125e-9
135.93,-1.535672758609416e-9,7.480919241807602e-9
135.94,-1.5161660165923943e-9,7.532301895627496e-9
135.95,-1.4964963069061783e-9,7.582788940559357e-9
135.96,-1.4766666008570528e-9,7.632376669807277e-9
135.97,-1.4566798840193463e-9,7.681061479615179e-9
135.98,-1.4365391578430305e-9,7.728839868391104e-9
135.99,-1.416247435533504e-9,7.775708439515739e-9
136.0,-1.3958077438277523e-9,7.821663898190815e-9
136.01,-1.375223122522219e-9,7.866703053646165e-9
136.02,-1.3544966238241094e-9,7.910822819045043e-9
136.03,-1.333631311004851e-9,7.954020210877825e-9
136.04,-1.312630259623507e-9,7.996292350107585e-9
136.05,-1.2914965562825462e-9,8.037636461396477e-9
136.06,-1.2702332974046415e-9,8.078049873594827e-9
136.07,-1.2488435906472612e-9,8.117530020048948e-9
136.08,-1.2273305528611618e-9,8.156074438216321e-9
136.09,-1.2056973105535469e-9,8.193680770112521e-9
136.1,-1.1839469991380682e-9,8.230346762043024e-9
136.11,-1.162082762716516e-9,8.266070265035235e-9
136.12,-1.1401077530001518e-9,8.30084923442426e-9
136.13,-1.118025130476686e-9,8.334681730525626e-9
136.14,-1.0958380614181621e-9,8.367565917573176e-9
136.15,-1.0735497201140023e-9,8.399500064355049e-9
136.16,-1.0511632878411402e-9,8.430482546658929e-9
136.17,-1.0286819501996055e-9,8.460511840689743e-9
136.18,-1.0061088995738512e-9,8.489586530104832e-9
136.19,-9.834473334808135e-10,8.517705302245123e-9
136.2,-9.607004541574883e-10,8.544866948816496e-9
136.21,-9.378714678402801e-10,8.57107036593893e-9
136.22,-9.149635852960309e-10,8.596314554054771e-9
136.23,-8.919800203501995e-10,8.620598617749452e-9
136.24,-8.68923989980348e-10,8.643921765620214e-9
136.25,-8.457987151213275e-10,8.66628331074275e-9
136.26,-8.22607416912093e-10,8.687682669265963e-9
136.27,-7.99353319467042e-10,8.708119361672414e-9
136.28,-7.76039648659977e-10,8.727593011726013e-9
136.29,-7.526696311973663e-10,8.746103347033845e-9
136.3,-7.292464938566743e-10,8.763650197904724e-9
136.31,-7.057734640846957e-10,8.780233498160678e-9
136.32,-6.822537693639721e-10,8.795853284484179e-9
136.33,-6.586906358028647e-10,8.810509695986574e-9
136.34,-6.350872900012188e-10,8.82420297481017e-9
136.35,-6.114469555659799e-10,8.836933465127642e-9
136.36,-5.877728547666345e-10,8.84870161295215e-9
136.37,-5.64068207617586e-10,8.859507966433002e-9
136.38,-5.403362329971065e-10,8.869353175342719e-9
136.39,-5.165801437775281e-10,8.878237990537069e-9
136.4,-4.928031517435678e-10,8.88616326401944e-9
136.41,-4.690084638681793e-10,8.893129948644855e-9
136.42,-4.4519928310878434e-10,8.89913909759056e-9
136.43,-4.213788080680158e-10,8.904191864486023e-9
136.44,-3.9755023177291583e-10,8.908289502574997e-9
136.45,-3.7371674214255897e-10,8.91143336483344e-9
136.46,-3.498815212650211e-10,8.913624903381113e-9
136.47,-3.2604774465216503e-10,8.914865668887007e-9
136.48,-3.022185814540455e-10,8.915157311249067e-9
136.49,-2.783971938803843e-10,8.914501578040134e-9
136.5,-2.545867366817083e-10,8.91290031481722e-9
136.51,-2.3079035679508645e-10,8.910355464311795e-9
136.52,-2.0701119306072038e-10,8.906869066721284e-9
136.53,-1.832523756481834e-10,8.902443258445242e-9
136.54,-1.59517025825301e-10,8.897080272325193e-9
136.55,-1.3580825599009177e-10,8.890782437307502e-9
136.56,-1.12129167011733e-10,8.88355217638837e-9
136.57,-8.848285247632864e-11,8.875392009381582e-9
136.58,-6.487239365098406e-11,8.86630454936141e-9
136.59,-4.130086168523488e-11,8.856292503867952e-9
136.6,-1.777131577324218e-11,8.845358673669421e-9
136.61,5.713195175937389e-12,8.833505953147022e-9
136.62,2.9149635269426516e-11,8.820737328860681e-9
136.63,5.253498057513051e-11,8.807055879418069e-9
136.64,7.5866219194227e-11,8.792464775588462e-9
136.65,9.91403537281654e-11,8.776967278682263e-9
136.66,1.2235439843942687e-10,8.76056674083617e-9
136.67,1.4550538234063696e-10,8.743266604282933e-9
136.68,1.6859034802753922e-10,8.725070400569687e-9
136.69,1.9160635298684434e-10,8.705981750449331e-9
136.7,2.1455046864232018e-10,8.686004363168265e-9
136.71,2.3741978263761546e-10,8.665142035257544e-9
136.72,2.602113971663837e-10,8.643398651258652e-9
136.73,2.8292243005424336e-10,8.62077818224308e-9
136.74,3.055500170308813e-10,8.597284684597216e-9
136.75,3.280913078206444e-10,8.572922301451788e-9
136.76,3.505434702779729e-10,8.547695260201575e-9
136.77,3.7290368904240255e-10,8.521607872693303e-9
136.78,3.951691666590099e-10,8.49466453418288e-9
136.79,4.173371226882494e-10,8.466869723516831e-9
136.8,4.394047952600607e-10,8.438228001512565e-9
136.81,4.6136944094519956e-10,8.408744010997876e-9
136.82,4.832283346124319e-10,8.37842247587085e-9
136.83,5.049787705911781e-10,8.347268200437406e-9
136.84,5.266180622969228e-10,8.315286068967336e-9
136.85,5.481435427147185e-10,8.282481045007807e-9
136.86,5.695525648560384e-10,8.24885816999923e-9
136.87,5.908425023314058e-10,8.214422563666127e-9
136.88,6.120107484274838e-10,8.179179422877661e-9
136.89,6.330547179248147e-10,8.143134020400721e-9
136.9,6.539718466125661e-10,8.106291705137199e-9
136.91,6.747595912478217e-10,8.0686579007165e-9
136.92,6.954154313564e-10,8.030238105007867e-9
136.93,7.159368670363084e-10,7.99103788953205e-9
136.94,7.36321421301596e-10,7.95106289851055e-9
136.95,7.56566639963807e-10,7.910318848075348e-9
136.96,7.766700910564077e-10,7.868811525803352e-9
136.97,7.966293656707224e-10,7.826546789961214e-9
136.98,8.164420787941695e-10,7.783530568157128e-9
136.99,8.361058681517488e-10,7.739768857462741e-9
137.0,8.556183966774671e-10,7.69526772274455e-9
137.01,8.749773483925839e-10,7.6500332971148e-9
137.02,8.941804355778416e-10,7.604071779274839e-9
137.03,9.132253924147562e-10,7.557389434654174e-9
137.04,9.321099788318983e-10,7.509992593455415e-9
137.05,9.50831979556622e-10,7.461887650166017e-9
137.06,9.69389204516854e-10,7.41308106303658e-9
137.07,9.877794893880306e-10,7.3635793526803106e-9
137.08,1.0060006955749523e-9,7.3133891016856334e-9
137.09,1.0240507098096046e-9,7.2625169538950696e-9
137.1,1.041927446357739e-9,7.210969613082259e-9
137.11,1.0596288445795155e-9,7.1587538425216205e-9
137.12,1.0771528709926867e-9,7.105876464192581e-9
137.13,1.0944975186058233e-9,7.052344357543955e-9
137.14,1.111660808383941e-9,6.998164458915447e-9
137.15,1.1286407871667819e-9,6.943343761048535e-9
137.16,1.1454355304128887e-9,6.88788931141736e-9
137.17,1.1620431401714669e-9,6.8318082120275416e-9
137.18,1.1784617464850796e-9,6.775107618455062e-9
137.19,1.1946895097151304e-9,6.717794738226985e-9
137.2,1.2107246143213115e-9,6.659876831547129e-9
137.21,1.2265652759225553e-9,6.60136120873964e-9
137.22,1.2422097378095842e-9,6.542255230459472e-9
137.23,1.2576562722154204e-9,6.4825663062026915e-9
137.24,1.272903180114061e-9,6.422301893916021e-9
137.25,1.2879487912866375e-9,6.361469498595739e-9
137.26,1.3027914653264504e-9,6.300076671896874e-9
137.27,1.3174295899483408e-9,6.238131011023094e-9
137.28,1.3318615845471016e-9,6.1756401570928525e-9
137.29,1.3460858958144297e-9,6.112611796131961e-9
137.3,1.3601010010282804e-9,6.049053656205984e-9
137.31,1.373905407754546e-9,5.984973507496956e-9
137.32,1.3874976539935822e-9,5.9203791608715284e-9
137.33,1.4008763066190882e-9,5.855278467957256e-9
137.34,1.4140399637884513e-9,5.789679319049216e-9
137.35,1.4269872536983857e-9,5.723589642776585e-9
137.36,1.4397168355979409e-9,5.657017405221463e-9
137.37,1.4522273986325723e-9,5.589970608719978e-9
137.38,1.46451766331382e-9,5.5224572912982865e-9
137.39,1.4765863809204094e-9,5.4544855253414e-9
137.4,1.4884323337125916e-9,5.386063417425533e-9
137.41,1.5000543347862462e-9,5.3171991050727045e-9
137.42,1.5114512287191595e-9,5.247900760323349e-9
137.43,1.5226218911396735e-9,5.178176583926708e-9
137.44,1.5335652295274521e-9,5.108034807264388e-9
137.45,1.5442801815699418e-9,5.037483690994963e-9
137.46,1.5547657182671143e-9,4.966531522932905e-9
137.47,1.565020840951259e-9,4.895186618670155e-9
137.48,1.5750445826033325e-9,4.823457319880957e-9
137.49,1.5848360091571206e-9,4.75135199281061e-9
137.5,1.5943942157729926e-9,4.678879029735754e-9
137.51,1.6037183324174497e-9,4.6060468438236906e-9
137.52,1.6128075193031304e-9,4.532863872253484e-9
137.53,1.6216609689070257e-9,4.4593385729981456e-9
137.54,1.6302779056577593e-9,4.385479424863968e-9
137.55,1.638657586418846e-9,4.311294926031693e-9
137.56,1.6467992993907808e-9,4.236793593172964e-9
137.57,1.654702365217972e-9,4.161983960773769e-9
137.58,1.6623661363313815e-9,4.086874579955966e-9
137.59,1.6697899996532855e-9,4.0114740177341915e-9
137.6,1.6769733700402407e-9,3.935790855711512e-9
137.61,1.6839156979529257e-9,3.859833689411562e-9
137.62,1.6906164645029947e-9,3.78361112727093e-9
137.63,1.6970751841913406e-9,3.7071317898285194e-9
137.64,1.7032914021491811e-9,3.630404308711646e-9
137.65,1.7092646967034574e-9,3.5534373252311247e-9
137.66,1.7149946786439406e-9,3.4762394902308967e-9
137.67,1.720480990010941e-9,3.3988194625517084e-9
137.68,1.725723306816098e-9,3.3211859086340042e-9
137.69,1.7307213348726087e-9,3.2433475007907115e-9
137.7,1.735474813913855e-9,3.1653129166960817e-9
137.71,1.7399835151912792e-9,3.0870908388305262e-9
137.72,1.7442472416594727e-9,3.0086899531868827e-9
137.73,1.7482658292248886e-9,2.930118947854888e-9
137.74,1.7520391455611811e-9,2.851386512966562e-9
137.75,1.7555670896816672e-9,2.7725013393277444e-9
137.76,1.758849593530468e-9,2.69347211727421e-9
137.77,1.761886620287075e-9,2.614307536114652e-9
137.78,1.7646781653227673e-9,2.53501628320916e-9
137.79,1.7672242555974023e-9,2.4556070427610846e-9
137.8,1.7695249497881173e-9,2.376088494981664e-9
137.81,1.7715803384730733e-9,2.2964693154976844e-9
137.82,1.7733905439778894e-9,2.216758173747089e-9
137.83,1.774955719760289e-9,2.1369637328016127e-9
137.84,1.7762760509011425e-9,2.05709464807698e-9
137.85,1.7773517546166154e-9,1.9771595663299305e-9
137.86,1.778183076862801e-9,1.897167125079091e-9
137.87,1.7787702984897797e-9,1.817125951405005e-9
137.88,1.779113728649446e-9,1.7370446610939996e-9
137.89,1.7792137095752507e-9,1.6569318580210736e-9
137.9,1.7790706130102965e-9,1.5767961328248306e-9
137.91,1.7786848412903843e-9,1.4966460622174274e-9
137.92,1.7780568287706213e-9,1.4164902084342567e-9
137.93,1.7771870397778522e-9,1.336337117418702e-9
137.94,1.7760759690430895e-9,1.2561953190120106e-9
137.95,1.774724141810532e-9,1.1760733254475972e-9
137.96,1.7731321137538324e-9,1.0959796305573863e-9
137.97,1.7713004710394696e-9,1.0159227088172062e-9
137.98,1.7692298285913951e-9,9.35911015155083e-10
137.99,1.7669208326475333e-9,8.559529831023103e-10
138.0,1.7643741586783073e-9,7.760570241371249e-10
138.01,1.7615905115059749e-9,6.962315277516696e-10
138.02,1.758570626052753e-9,6.164848592771241e-10
138.03,1.7553152656852298e-9,5.368253603969061e-10
138.04,1.751825224125196e-9,4.572613461834187e-10
138.05,1.748101323218047e-9,3.778011074458451e-10
138.06,1.744144414110349e-9,2.984529069125022e-10
138.07,1.739955376883011e-9,2.192249798010482e-10
138.08,1.735535119605346e-9,1.4012553303064972e-10
138.09,1.7308845793506416e-9,6.116274376195489e-11
138.1,1.7260047212152141e-9,-1.7655240736226762e-11
138.11,1.7208965379865653e-9,-9.632030431749267e-11
138.12,1.715561050097866e-9,-1.748243627505951e-10
138.13,1.7099993096385147e-9,-2.53159364559142e-10
138.14,1.7042123894701178e-9,-3.313172911527717e-10
138.15,1.6982013946426504e-9,-4.092901587379328e-10
138.16,1.691967455271182e-9,-4.870700181241397e-10
138.17,1.6855117306461428e-9,-5.646489563329173e-10
138.18,1.6788354044977536e-9,-6.420190965239992e-10
138.19,1.6719396883262916e-9,-7.191725995264189e-10
138.2,1.6648258198004438e-9,-7.961016640390795e-10
138.21,1.6574950631774741e-9,-8.727985280230777e-10
138.22,1.6499487082052045e-9,-9.492554684884103e-10
138.23,1.6421880703109208e-9,-1.0254648031482366e-9
138.24,1.6342144912882693e-9,-1.101418891131148e-9
138.25,1.626029337730636e-9,-1.1771101331047828e-9
138.26,1.6176340011282474e-9,-1.2525309720631251e-9
138.27,1.6090298985418453e-9,-1.3276738948469696e-9
138.28,1.6002184713886062e-9,-1.4025314319900308e-9
138.29,1.5912011858593834e-9,-1.4770961591518376e-9
138.3,1.5819795317923655e-9,-1.55136069705618e-9
138.31,1.5725550239838515e-9,-1.625317712649588e-9
138.32,1.5629292002122893e-9,-1.6989599201590126e-9
138.33,1.5531036222683504e-9,-1.7722800807587446e-9
138.34,1.5430798753671234e-9,-1.8452710046245448e-9
138.35,1.5328595666719e-9,-1.91792554959256e-9
138.36,1.5224443285138753e-9,-1.9902366247785084e-9
138.37,1.5118358135508096e-9,-2.0621971880991963e-9
138.38,1.5010356983483485e-9,-2.1338002493583307e-9
138.39,1.490045680383625e-9,-2.2050388691672113e-9
138.4,1.478867479900756e-9,-2.275906160748252e-9
138.41,1.4675028381434578e-9,-2.346395290131e-9
138.42,1.4559535182657508e-9,-2.4164994767439283e-9
138.43,1.4442213049877107e-9,-2.4862119944295375e-9
138.44,1.4323080012370678e-9,-2.5555261707535697e-9
138.45,1.4202154338928912e-9,-2.624435389853998e-9
138.46,1.4079454480354927e-9,-2.6929330910208137e-9
138.47,1.3954999100429418e-9,-2.7610127703892368e-9
138.48,1.3828807046364448e-9,-2.8286679808153797e-9
138.49,1.3700897371982647e-9,-2.895892333347854e-9
138.5,1.3571289321021906e-9,-2.962679496838685e-9
138.51,1.3440002321366368e-9,-3.0290231991203386e-9
138.52,1.3307056001999849e-9,-3.09491722761518e-9
138.53,1.3172470144112461e-9,-3.1603554290758674e-9
138.54,1.3036264752177639e-9,-3.225331711537819e-9
138.55,1.2898459980305413e-9,-3.289840043498644e-9
138.56,1.275907616778664e-9,-3.3538744550732524e-9
138.57,1.2618133823067155e-9,-3.4174290385327145e-9
138.58,1.2475653628963577e-9,-3.4804979486243754e-9
138.59,1.2331656431368782e-9,-3.5430754031790457e-9
138.6,1.2186163241265127e-9,-3.6051556837710947e-9
138.61,1.2039195224496233e-9,-3.6667331353878106e-9
138.62,1.1890773722932208e-9,-3.727802168943458e-9
138.63,1.1740920219824696e-9,-3.788357258960503e-9
138.64,1.158965634740892e-9,-3.848392945983954e-9
138.65,1.1437003890658628e-9,-3.907903836329588e-9
138.66,1.1282984787894865e-9,-3.966884603211325e-9
138.67,1.1127621114523036e-9,-4.025329986109131e-9
138.68,1.0970935089477166e-9,-4.083234792092535e-9
138.69,1.0812949061138718e-9,-4.140593895690551e-9
138.7,1.0653685523077127e-9,-4.1974022399054694e-9
138.71,1.0493167089312294e-9,-4.253654835758702e-9
138.72,1.0331416508380606e-9,-4.309346763662963e-9
138.73,1.0168456651566745e-9,-4.364473173060323e-9
138.74,1.000431051742051e-9,-4.419029283270375e-9
138.75,9.839001212375048e-10,-4.473010383669952e-9
138.76,9.672551967994307e-10,-4.526411833857104e-9
138.77,9.504986123392295e-10,-4.57922906449285e-9
138.78,9.336327128307666e-10,-4.631457577320982e-9
138.79,9.166598546088069e-10,-4.683092945912034e-9
138.8,8.995824020996723e-10,-4.734130814752604e-9
138.81,8.824027325646097e-10,-4.784566901569061e-9
138.82,8.651232309640734e-10,-4.834396996013169e-9
138.83,8.477462929469967e-10,-4.883616960739466e-9
138.84,8.302743217847392e-10,-4.932222731304001e-9
138.85,8.127097304599319e-10,-4.9802103168192386e-9
138.86,7.950549405994302e-10,-5.027575800204517e-9
138.87,7.773123810647631e-10,-5.0743153380590615e-9
138.88,7.594844887256472e-10,-5.120425161326548e-9
138.89,7.415737080377148e-10,-5.16590157525098e-9
138.9,7.235824911015773e-10,-5.210740960414552e-9
138.91,7.055132961225588e-10,-5.254939771841551e-9
138.92,6.873685876508774e-10,-5.298494539876725e-9
138.93,6.691508370588741e-10,-5.341401870416827e-9
138.94,6.508625213764802e-10,-5.3836584450049995e-9
138.95,6.325061227443292e-10,-5.4252610209100764e-9
138.96,6.140841292446885e-10,-5.466206431674481e-9
138.97,5.955990323107575e-10,-5.506491586929779e-9
138.98,5.770533312876614e-10,-5.54611347328885e-9
138.99,5.584495254295209e-10,-5.585069153135745e-9
139.0,5.397901204707235e-10,-5.623355766079741e-9
139.01,5.2107762546505e-10,-5.660970528784213e-9
139.02,5.023145521436692e-10,-5.697910734789912e-9
139.03,4.835034163071916e-10,-5.734173755282458e-9
139.04,4.6464673500228584e-10,-5.769757038187754e-9
139.05,4.4574702815845813e-10,-5.804658109393877e-9
139.06,4.2680681803349917e-10,-5.838874572215949e-9
139.07,4.078286282492092e-10,-5.872404108110076e-9
139.08,3.8881498341113313e-10,-5.905244475459151e-9
139.09,3.6976840999453844e-10,-5.93739351144076e-9
139.1,3.5069143432797793e-10,-5.9688491307077355e-9
139.11,3.315865832973637e-10,-5.999609326053408e-9
139.12,3.1245638437848135e-10,-6.029672168663767e-9
139.13,2.93303364434829e-10,-6.059035807607489e-9
139.14,2.7413004935252244e-10,-6.0876984702086555e-9
139.15,2.5493896478235714e-10,-6.115658462006124e-9
139.16,2.357326350249301e-10,-6.142914167579068e-9
139.17,2.16513582358142e-10,-6.16946404855918e-9
139.18,1.9728432800559048e-10,-6.19530664581556e-9
139.19,1.7804739039196775e-10,-6.220440578170246e-9
139.2,1.588052853662924e-10,-6.244864542858516e-9
139.21,1.3956052695841808e-10,-6.268577315691929e-9
139.22,1.2031562482904922e-10,-6.291577750305123e-9
139.23,1.010730861597087e-10,-6.313864779048376e-9
139.24,8.183541459571083e-11,-6.335437412322881e-9
139.25,6.260510775395068e-11,-6.356294738474312e-9
139.26,4.338466161084454e-11,-6.376435924364169e-9
139.27,2.4176566017819224e-11,-6.395860214694046e-9
139.28,4.983306619331765e-12,-6.414566932497203e-9
139.29,-1.419263799442279e-11,-6.432555478151026e-9
139.3,-3.334879207463596e-11,-6.449825330337736e-9
139.31,-5.248268815251251e-11,-6.466376045418025e-9
139.32,-7.159186329957485e-11,-6.482207257284817e-9
139.33,-9.067386170375876e-11,-6.497318677354668e-9
139.34,-1.0972623505444797e-10,-6.511710094390201e-9
139.35,-1.287465407502278e-10,-6.5253813746238356e-9
139.36,-1.4773234423969556e-10,-6.538332461447824e-9
139.37,-1.6668121812812876e-10,-6.550563375665752e-9
139.38,-1.8559074510744266e-10,-6.562074212444773e-9
139.39,-2.0445851283203702e-10,-6.572865147606996e-9
139.4,-2.2328211942963923e-10,-6.58293643100847e-9
139.41,-2.4205917184431856e-10,-6.592288389162156e-9
139.42,-2.6078728552792966e-10,-6.60092142505457e-9
139.43,-2.7946408586325534e-10,-6.6088360174813866e-9
139.44,-2.9808720777548503e-10,-6.616032721110647e-9
139.45,-3.1665429589925414e-10,-6.6225121660007915e-9
139.46,-3.3516300584406467e-10,-6.628275057803622e-9
139.47,-3.536110021378976e-10,-6.633322177487347e-9
139.48,-3.7199596233658226e-10,-6.637654380138348e-9
139.49,-3.9031557367502767e-10,-6.641272596285887e-9
139.5,-4.0856753506263137e-10,-6.644177830660416e-9
139.51,-4.267495564284058e-10,-6.646371162232521e-9
139.52,-4.448593614351927e-10,-6.647853743432099e-9
139.53,-4.628946840649222e-10,-6.6486268009321166e-9
139.54,-4.808532713990715e-10,-6.6486916345027884e-9
139.55,-4.987328827517234e-10,-6.648049616726423e-9
139.56,-5.165312926494707e-10,-6.646702194267054e-9
139.57,-5.342462852379812e-10,-6.644650884327165e-9
139.58,-5.518756608761574e-10,-6.641897277627269e-9
139.59,-5.694172329527427e-10,-6.638443036525779e-9
139.6,-5.868688283317774e-10,-6.634289894935673e-9
139.61,-6.042282888880466e-10,-6.629439658043082e-9
139.62,-6.214934707410568e-10,-6.623894201361162e-9
139.63,-6.386622445823742e-10,-6.6176554721502915e-9
139.64,-6.557324962416222e-10,-6.610725487115696e-9
139.65,-6.727021273376494e-10,-6.60310633279229e-9
139.66,-6.895690537057186e-10,-6.594800165711782e-9
139.67,-7.063312081120375e-10,-6.585809211205131e-9
139.68,-7.22986538819518e-10,-6.576135763417554e-9
139.69,-7.395330101439262e-10,-6.565782185140669e-9
139.7,-7.559686034134872e-10,-6.554750906893665e-9
139.71,-7.72291316113385e-10,-6.543044426957587e-9
139.72,-7.88499162609986e-10,-6.530665310905597e-9
139.73,-8.04590174732015e-10,-6.517616191042756e-9
139.74,-8.205624018090164e-10,-6.5038997659150685e-9
139.75,-8.364139098766731e-10,-6.489518800559776e-9
139.76,-8.521427835078794e-10,-6.474476125135809e-9
139.77,-8.677471252658222e-10,-6.45877463506371e-9
139.78,-8.832250554152036e-10,-6.4424172906049e-9
139.79,-8.985747131749156e-10,-6.4254071160139656e-9
139.8,-9.137942560622521e-10,-6.407747199700277e-9
139.81,-9.288818608427703e-10,-6.389440693061542e-9
139.82,-9.438357224977737e-10,-6.370490810702801e-9
139.83,-9.586540567788202e-10,-6.350900829420789e-9
139.84,-9.733350969765889e-10,-6.330674088140359e-9
139.85,-9.878770974043939e-10,-6.309813987139813e-9
139.86,-1.0022783312552532e-9,-6.2883239879451194e-9
139.87,-1.0165370926204767e-9,-6.266207612387249e-9
139.88,-1.0306516954086625e-9,-6.2434684420192255e-9
139.89,-1.0446204737262347e-9,-6.220110118464464e-9
139.9,-1.0584417824461993e-9,-6.196136342085736e-9
139.91,-1.0721139963462576e-9,-6.171550871962071e-9
139.92,-1.085635514296659e-9,-6.146357524086942e-9
139.93,-1.0990047516266437e-9,-6.120560173729281e-9
139.94,-1.1122201477815202e-9,-6.094162751784501e-9
139.95,-1.1252801633334638e-9,-6.067169245784783e-9
139.96,-1.1381832795145128e-9,-6.039583699539462e-9
139.97,-1.1509280004363988e-9,-6.011410211480041e-9
139.98,-1.1635128518139195e-9,-5.9826529354312996e-9
139.99,-1.1759363806193527e-9,-5.953316079230142e-9
140.0,-1.1881971568286824e-9,-5.923403904404251e-9
140.01,-1.2002937734860466e-9,-5.892920725051105e-9
140.02,-1.2122248442229436e-9,-5.861870908859939e-9
140.03,-1.2239890065270977e-9,-5.830258874783932e-9
140.04,-1.2355849205589402e-9,-5.798089093325023e-9
140.05,-1.2470112694230842e-9,-5.765366085710829e-9
140.06,-1.2582667595242984e-9,-5.732094423565865e-9
140.07,-1.2693501196242957e-9,-5.698278728009126e-9
140.08,-1.2802601028876777e-9,-5.663923669379648e-9
140.09,-1.2909954853196582e-9,-5.629033965756835e-9
140.1,-1.3015550657131892e-9,-5.593614385451672e-9
140.11,-1.3119376683171518e-9,-5.5576697405326985e-9
140.12,-1.3221421400776383e-9,-5.52120489201565e-9
140.13,-1.3321673519366568e-9,-5.484224746447896e-9
140.14,-1.3420121989581407e-9,-5.446734255921373e-9
140.15,-1.351675600125009e-9,-5.408738416991698e-9
140.16,-1.3611564992894494e-9,-5.3702422705296705e-9
140.17,-1.3704538639180987e-9,-5.331250901160651e-9
140.18,-1.3795666866880066e-9,-5.291769435967979e-9
140.19,-1.3884939833426162e-9,-5.2518030451702534e-9
140.2,-1.3972347958779223e-9,-5.211356939754179e-9
140.21,-1.4057881903223446e-9,-5.170436372147561e-9
140.22,-1.4141532580413242e-9,-5.129046634881981e-9
140.23,-1.42232911280526e-9,-5.087193061022906e-9
140.24,-1.4303148972343395e-9,-5.044881021511754e-9
140.25,-1.4381097761466175e-9,-5.002115926509495e-9
140.26,-1.4457129402416637e-9,-4.958903223873166e-9
140.27,-1.4531236056804324e-9,-4.915248398303123e-9
140.28,-1.4603410131814767e-9,-4.8711569713919956e-9
140.29,-1.46736442950047e-9,-4.826634500209457e-9
140.3,-1.47419314597679e-9,-4.781686576640199e-9
140.31,-1.4808264803614227e-9,-4.736318827727131e-9
140.32,-1.4872637741416107e-9,-4.690536914125105e-9
140.33,-1.493504396414802e-9,-4.644346529241549e-9
140.34,-1.4995477406145728e-9,-4.597753399164933e-9
140.35,-1.505393225558431e-9,-4.550763281913826e-9
140.36,-1.5110402965150607e-9,-4.503381966117651e-9
140.37,-1.5164884236284265e-9,-4.455615271551714e-9
140.38,-1.5217371030770044e-9,-4.407469047051723e-9
140.39,-1.5267858567363664e-9,-4.3589491710008e-9
140.4,-1.5316342329359666e-9,-4.310061549579512e-9
140.41,-1.5362818038839444e-9,-4.260812117101978e-9
140.42,-1.5407281697743127e-9,-4.21120683470831e-9
140.43,-1.5449729552707529e-9,-4.161251689909602e-9
140.44,-1.5490158112013924e-9,-4.110952695702801e-9
140.45,-1.5528564143530676e-9,-4.0603158899530314e-9
140.46,-1.5564944672762757e-9,-4.009347335028745e-9
140.47,-1.5599296980014402e-9,-3.958053116396968e-9
140.48,-1.5631618610768548e-9,-3.906439342677585e-9
140.49,-1.5661907355920585e-9,-3.854512144658103e-9
140.5,-1.5690161297847307e-9,-3.802277673496472e-9
140.51,-1.5716378732764301e-9,-3.749742102845541e-9
140.52,-1.5740558240697502e-9,-3.696911625121257e-9
140.53,-1.5762698655521413e-9,-3.643792452518376e-9
140.54,-1.5782799068890646e-9,-3.5903908155652527e-9
140.55,-1.5800858828320054e-9,-3.5367129629061116e-9
140.56,-1.5816877538744673e-9,-3.482765160311581e-9
140.57,-1.5830855066821461e-9,-3.428553690166715e-9
140.58,-1.5842791531356982e-9,-3.3740848504173526e-9
140.59,-1.5852687305372922e-9,-3.3193649541330405e-9
140.6,-1.5860543024359586e-9,-3.2644003290876533e-9
140.61,-1.586635957879091e-9,-3.209197316375073e-9
140.62,-1.5870138103253557e-9,-3.1537622701656434e-9
140.63,-1.5871880004796766e-9,-3.098101557021122e-9
140.64,-1.587158692684554e-9,-3.042221555038367e-9
140.65,-1.5869260784949469e-9,-2.9861286528377782e-9
140.66,-1.5864903733024402e-9,-2.9298292495640222e-9
140.67,-1.585851818709843e-9,-2.8733297533973883e-9
140.68,-1.585010679526621e-9,-2.816636582439606e-9
140.69,-1.583967249118414e-9,-2.7597561610210464e-9
140.7,-1.5827218430347857e-9,-2.7026949221280693e-9
140.71,-1.5812748033550244e-9,-2.645459304741735e-9
140.72,-1.5796264964817645e-9,-2.588055754055576e-9
140.73,-1.5777773133669526e-9,-2.530490720630084e-9
140.74,-1.5757276703126617e-9,-2.4727706591252354e-9
140.75,-1.5734780082058848e-9,-2.414902028322518e-9
140.76,-1.5710287922806909e-9,-2.3568912899582285e-9
140.77,-1.5683805124397472e-9,-2.2987449084281956e-9
140.78,-1.565533683072087e-9,-2.24046934961126e-9
140.79,-1.5624888425555861e-9,-2.182071080546455e-9
140.8,-1.5592465538725282e-9,-2.1235565686159476e-9
140.81,-1.55580740417849e-9,-2.0649322807096888e-9
140.82,-1.5521720038658898e-9,-2.0062046830774437e-9
140.83,-1.5483409887501418e-9,-1.947380239548421e-9
140.84,-1.5443150170660576e-9,-1.8884654121284104e-9
140.85,-1.5400947718458388e-9,-1.8294666592897036e-9
140.86,-1.5356809566360915e-9,-1.7703904368355596e-9
140.87,-1.5310743037910476e-9,-1.7112431941293606e-9
140.88,-1.526275565102785e-9,-1.6520313767513735e-9
140.89,-1.5212855165852358e-9,-1.5927614242075724e-9
140.9,-1.5161049574085163e-9,-1.5334397692680749e-9
140.91,-1.5107347097410715e-9,-1.4740728377308321e-9
140.92,-1.5051756184841397e-9,-1.4146670474089977e-9
140.93,-1.4994285513945765e-9,-1.3552288075373894e-9
140.94,-1.4934943983207594e-9,-1.2957645183677294e-9
140.95,-1.4873740733048404e-9,-1.2362805699101449e-9
140.96,-1.4810685098194338e-9,-1.1767833419588726e-9
140.97,-1.4745786657809996e-9,-1.1172792028709496e-9
140.98,-1.4679055200695602e-9,-1.0577745093656728e-9
140.99,-1.4610500740683478e-9,-9.982756052994627e-10
141.0,-1.4540133502090307e-9,-9.38788821939564e-10
141.01,-1.4467963930325796e-9,-8.793204759817332e-10
141.02,-1.439400267989135e-9,-8.198768703830584e-10
141.03,-1.4318260618453963e-9,-7.604642925598433e-10
141.04,-1.4240748841070647e-9,-7.010890136965428e-10
141.05,-1.4161478615852434e-9,-6.417572898100329e-10
141.06,-1.4080461457734995e-9,-5.824753589099167e-10
141.07,-1.3997709060033207e-9,-5.232494415220531e-10
141.08,-1.3913233333483461e-9,-4.64085739873983e-10
141.09,-1.3827046388720704e-9,-4.049904374964866e-10
141.1,-1.3739160535765337e-9,-3.45969698138539e-10
141.11,-1.3649588284972874e-9,-2.8702966526670045e-10
141.12,-1.355834233271224e-9,-2.2817646215939778e-10
141.13,-1.3465435610154605e-9,-1.694161892321912e-10
141.14,-1.3370881186210586e-9,-1.107549267352709e-10
141.15,-1.327469235943e-9,-5.219873105401054e-11
141.16,-1.3176882603083085e-9,6.246364112533342e-12
141.17,-1.30774655846374e-9,6.457434943952432e-11
141.18,-1.2976455157398975e-9,1.2277923929330376e-10
141.19,-1.2873865357995048e-9,1.8085507385026043e-10
141.2,-1.2769710400012923e-9,2.3879591826282565e-10
141.21,-1.2664004685936415e-9,2.9659586409187793e-10
141.22,-1.2556762792449009e-9,3.5424903023585935e-10
141.23,-1.2447999466309065e-9,4.117495616923621e-10
141.24,-1.2337729642011214e-9,4.690916326094595e-10
141.25,-1.2225968415546273e-9,5.262694449399261e-10
141.26,-1.2112731053022267e-9,5.832772302853158e-10
141.27,-1.1998032994913383e-9,6.401092490691532e-10
141.28,-1.1881889844522864e-9,6.967597924274466e-10
141.29,-1.1764317367711006e-9,7.532231823317299e-10
141.3,-1.1645331494974877e-9,8.094937716101036e-10
141.31,-1.1524948305752708e-9,8.655659449728734e-10
141.32,-1.1403184054284155e-9,9.214341200985776e-10
141.33,-1.1280055140327824e-9,9.770927468202586e-10
141.34,-1.1155578120511231e-9,1.032536309048102e-9
141.35,-1.1029769675210853e-9,1.0877593228255103e-9
141.36,-1.090264668314216e-9,1.1427563416649811e-9
141.37,-1.077422613507311e-9,1.1975219518916558e-9
141.38,-1.064452517267927e-9,1.252050776045298e-9
141.39,-1.0513561073941987e-9,1.3063374721862232e-9
141.4,-1.0381351275652786e-9,1.360376735767774e-9
141.41,-1.0247913327109063e-9,1.4141632980655052e-9
141.42,-1.011326492803779e-9,1.4676919289024164e-9
141.43,-9.977423906511016e-10,1.5209574355510825e-9
141.44,-9.840408216261736e-10,1.5739546633367056e-9
141.45,-9.702235947519018e-10,1.62667849751813e-9
141.46,-9.562925307926763e-10,1.6791238617776876e-9
141.47,-9.422494632672993e-10,1.731285720362376e-9
141.48,-9.280962376485454e-10,1.7831590774170035e-9
141.49,-9.13834710986104e-10,1.8347389780946732e-9
141.5,-8.994667522328107e-10,1.886020508581026e-9
141.51,-8.84994241438693e-10,1.9369987968721156e-9
141.52,-8.704190690589573e-10,1.9876690124484695e-9
141.53,-8.557431396762569e-10,2.038026369522305e-9
141.54,-8.409683632424313e-10,2.0880661219717073e-9
141.55,-8.260966639112889e-10,2.137783569393035e-9
141.56,-8.111299740657251e-10,2.187174054584164e-9
141.57,-7.96070237666367e-10,2.2362329644110562e-9
141.58,-7.809194064230014e-10,2.2849557307402424e-9
141.59,-7.656794426473785e-10,2.3333378297641094e-9
141.6,-7.503523170272872e-10,2.381374783901232e-9
141.61,-7.349400093827475e-10,2.4290621608482994e-9
141.62,-7.194445085660969e-10,2.4763955750282376e-9
141.63,-7.038678107480533e-10,2.5233706866681646e-9
141.64,-6.882119208844474e-10,2.5699832034779095e-9
141.65,-6.724788519889877e-10,2.616228880519438e-9
141.66,-6.566706235647655e-10,2.662103520027539e-9
141.67,-6.407892637607326e-10,2.7076029730017895e-9
141.68,-6.248368069413244e-10,2.7527231382440592e-9
141.69,-6.088152943384057e-10,2.7974599634191322e-9
141.7,-5.927267738178155e-10,2.8418094452682386e-9
141.71,-5.765732998511812e-10,2.8857676299495855e-9
141.72,-5.603569325646076e-10,2.9293306133214555e-9
141.73,-5.440797379751528e-10,2.972494541296008e-9
141.74,-5.277437868183374e-10,3.0152556100606103e-9
141.75,-5.113511568052632e-10,3.0576100664593595e-9
141.76,-4.949039292511828e-10,3.0995542083029025e-9
141.77,-4.784041904529293e-10,3.1410843848307622e-9
141.78,-4.618540312090094e-10,3.1821969964139734e-9
141.79,-4.4525554657273605e-10,3.222888495577558e-9
141.8,-4.2861083610123147e-10,3.263155386991686e-9
141.81,-4.119220019774162e-10,3.302994227402239e-9
141.82,-3.951911501313669e-10,3.342401626168949e-9
141.83,-3.7842039019602165e-10,3.38137424596054e-9
141.84,-3.616118342205183e-10,3.4199088023158824e-9
141.85,-3.4476759665959726e-10,3.458002063945275e-9
141.86,-3.2788979498506816e-10,3.495650853630488e-9
141.87,-3.109805482049799e-10,3.5328520476573493e-9
141.88,-2.9404197741525485e-10,3.5696025765991694e-9
141.89,-2.770762051761871e-10,3.6058994251727475e-9
141.9,-2.600853556056866e-10,3.6417396328334246e-9
141.91,-2.4307155366581115e-10,3.6771202936216156e-9
141.92,-2.260369251732418e-10,3.712038556512078e-9
141.93,-2.0898359633885127e-10,3.7464916254332045e-9
141.94,-1.9191369407592408e-10,3.780476760224178e-9
141.95,-1.7482934471568273e-10,3.813991275526104e-9
141.96,-1.5773267445456476e-10,3.847032541924066e-9
141.97,-1.4062581002499208e-10,3.87959798595415e-9
141.98,-1.2351087547226253e-10,3.911685090464103e-9
141.99,-1.063899956529683e-10,3.943291393654497e-9
142.0,-8.926529314128069e-11,3.974414490522676e-9
142.01,-7.213888909015623e-11,4.005052032574175e-9
142.02,-5.501290287011192e-11,4.03520172786069e-9
142.03,-3.7889452113493514e-11,4.0648613411320076e-9
142.04,-2.077065188012522e-11,4.094028694020712e-9
142.05,-3.6586146088200234e-12,4.122701665214931e-9
142.06,1.344455102915796e-11,4.1508781901458845e-9
142.07,3.0536735374858906e-11,4.1785562622333144e-9
142.08,4.761583857477929e-11,4.205733931093509e-9
142.09,6.467975857478536e-11,4.232409305060548e-9
142.1,8.172640134700781e-11,4.258580548486261e-9
142.11,9.875367295753176e-11,4.28424588473769e-9
142.12,1.1575948806441779e-10,4.309403593566251e-9
142.13,1.3274176279841677e-10,4.334052013251705e-9
142.14,1.4969841937605733e-10,4.358189539468964e-9
142.15,1.666273851458808e-10,4.381814625956165e-9
142.16,1.8352659162614e-10,4.404925784171699e-9
142.17,2.0039397751326472e-10,4.427521583580747e-9
142.18,2.1722748673764857e-10,4.449600651447012e-9
142.19,2.3402506898397227e-10,4.471161673370952e-9
142.2,2.5078468047258514e-10,4.492203392444191e-9
142.21,2.6750428358707534e-10,4.512724610556763e-9
142.22,2.8418184879253496e-10,4.5327241865855315e-9
142.23,3.0081535185976534e-10,4.552201038474493e-9
142.24,3.1740277735345666e-10,4.5711541417456254e-9
142.25,3.339421158538009e-10,4.589582530004527e-9
142.26,3.504313671671403e-10,4.60748529488292e-9
142.27,3.668685383104022e-10,4.624861586059257e-9
142.28,3.832516444532119e-10,4.641710611289275e-9
142.29,3.995787096625148e-10,4.658031635949199e-9
142.3,4.1584776647960514e-10,4.673823983771568e-9
142.31,4.3205685582982904e-10,4.689087036194701e-9
142.32,4.4820402854605096e-10,4.7038202324204765e-9
142.33,4.6428734499459517e-10,4.7180230693897815e-9
142.34,4.803048740389305e-10,4.7316951018632154e-9
142.35,4.962546956618794e-10,4.7448359422590125e-9
142.36,5.121348985528976e-10,4.757445260363385e-9
142.37,5.279435826261693e-10,4.769522784092729e-9
142.38,5.436788585208819e-10,4.781068297369716e-9
142.39,5.593388468103975e-10,4.79208164277396e-9
142.4,5.749216790489581e-10,4.802562719902977e-9
142.41,5.904254983528063e-10,4.812511484850047e-9
142.42,6.058484591496307e-10,4.82192795110791e-9
142.43,6.211887267810604e-10,4.830812189093051e-9
142.44,6.364444795109181e-10,4.839164325755335e-9
142.45,6.516139065267995e-10,4.846984544807725e-9
142.46,6.666952102684691e-10,4.854273086384937e-9
142.47,6.81686603318315e-10,4.861030247244576e-9
142.48,6.965863141608738e-10,4.867256380006393e-9
142.49,7.113925818644433e-10,4.872951893516953e-9
142.5,7.261036586643381e-10,4.878117252478227e-9
142.51,7.407178111987473e-10,4.8827529773095636e-9
142.52,7.552333175910377e-10,4.886859644251602e-9
142.53,7.696484715683867e-10,4.890437884505785e-9
142.54,7.839615792987473e-10,4.893488384996262e-9
142.55,7.981709613607694e-10,4.896011887322042e-9
142.56,8.12274952459618e-10,4.898009187852143e-9
142.57,8.262719019278708e-10,4.899481138041554e-9
142.58,8.401601726398673e-10,4.900428643641632e-9
142.59,8.539381444272681e-10,4.900852664065205e-9
142.6,8.676042092642136e-10,4.9007542137059424e-9
142.61,8.811567756841955e-10,4.9001343602036234e-9
142.62,8.94594267631833e-10,4.898994224970011e-9
142.63,9.079151237550762e-10,4.897334982416767e-9
142.64,9.211177988550682e-10,4.895157860830943e-9
142.65,9.342007634831718e-10,4.892464140439993e-9
142.66,9.471625038253677e-10,4.889255155029009e-9
142.67,9.600015222881623e-10,4.88553229015822e-9
142.68,9.727163381415452e-10,4.881296983878493e-9
142.69,9.853054859644316e-10,4.876550725777254e-9
142.7,9.977675179870002e-10,4.871295057656782e-9
142.71,1.0101010020156507e-9,4.8655315719906395e-9
142.72,1.0223045244397517e-9,4.8592619127141935e-9
142.73,1.0343766869413754e-9,4.852487774779928e-9
142.74,1.0463161104341364e-9,4.845210902744181e-9
142.75,1.0581214311290104e-9,4.837433092520493e-9
142.76,1.0697913038203854e-9,4.829156189324494e-9
142.77,1.0813244009952775e-9,4.820382088166281e-9
142.78,1.0927194127452505e-9,4.811112733207307e-9
142.79,1.1039750468824396e-9,4.801350117835894e-9
142.8,1.1150900297311794e-9,4.791096284284119e-9
142.81,1.1260631057056227e-9,4.780353322787061e-9
142.82,1.1368930381802433e-9,4.769123372085668e-9
142.83,1.147578606171082e-9,4.757408617756811e-9
142.84,1.158118611490285e-9,4.745211294339074e-9
142.85,1.1685118722834151e-9,4.732533682156466e-9
142.86,1.1787572253800875e-9,4.719378108762153e-9
142.87,1.1888535278400373e-9,4.705746947974562e-9
142.88,1.1987996545283272e-9,4.6916426198039555e-9
142.89,1.208594500404417e-9,4.677067589918873e-9
142.9,1.2182369793703217e-9,4.662024369306634e-9
142.91,1.2277260249125575e-9,4.646515513783344e-9
142.92,1.2370605899403415e-9,4.6305436242020825e-9
142.93,1.2462396472666777e-9,4.614111345050502e-9
142.94,1.2552621891751286e-9,4.597221365220272e-9
142.95,1.2641272277155343e-9,4.579876416873787e-9
142.96,1.272833795600471e-9,4.562079275151843e-9
142.97,1.2813809445825424e-9,4.5438327583699855e-9
142.98,1.2897677471910674e-9,4.525139726924346e-9
142.99,1.2979932963657931e-9,4.5060030826987425e-9
143.0,1.3060567044023292e-9,4.486425770070747e-9
143.01,1.3139571058928427e-9,4.466410773823708e-9
143.02,1.3216936535575522e-9,4.445961119829909e-9
143.03,1.329265522550607e-9,4.425079874194547e-9
143.04,1.3366719076114071e-9,4.40377014311834e-9
143.05,1.3439120248790031e-9,4.382035071905544e-9
143.06,1.3509851108156851e-9,4.359877845529287e-9
143.07,1.3578904230857083e-9,4.337301687334534e-9
143.08,1.3646272399289965e-9,4.314309858902365e-9
143.09,1.3711948606482733e-9,4.290905659769617e-9
143.1,1.3775926070140828e-9,4.267092426755974e-9
143.11,1.3838198195964228e-9,4.242873533720329e-9
143.12,1.3898758614900638e-9,4.218252391046246e-9
143.13,1.39576011690897e-9,4.193232445443749e-9
143.14,1.4014719917396672e-9,4.1678171784740516e-9
143.15,1.4070109119972375e-9,4.142010108069726e-9
143.16,1.412376326420136e-9,4.115814786012974e-9
143.17,1.4175677043656196e-9,4.0892347988223205e-9
143.18,1.422584536667697e-9,4.06227376693031e-9
143.19,1.427426337113007e-9,4.034935343267066e-9
143.2,1.4320926389299423e-9,4.0072232152789275e-9
143.21,1.436582997756361e-9,3.979141101532623e-9
143.22,1.4408969911686694e-9,3.9506927535518165e-9
143.23,1.445034219297917e-9,3.9218819529865115e-9
143.24,1.4489943016294185e-9,3.892712514551504e-9
143.25,1.4527768810150449e-9,3.863188282102705e-9
143.26,1.4563816215498144e-9,3.833313130124389e-9
143.27,1.4598082094555915e-9,3.803090962623736e-9
143.28,1.4630563518918109e-9,3.772525712920213e-9
143.29,1.4661257790912916e-9,3.7416213427665865e-9
143.3,1.4690162415018574e-9,3.7103818427007183e-9
143.31,1.471727513243474e-9,3.6788112300544603e-9
143.32,1.4742593871111462e-9,3.6469135505801184e-9
143.33,1.4766116817738605e-9,3.6146928755444186e-9
143.34,1.4787842347786486e-9,3.5821533033806515e-9
143.35,1.4807769066484608e-9,3.5492989578036143e-9
143.36,1.4825895790941726e-9,3.516133988084135e-9
143.37,1.4842221562826993e-9,3.4826625679604565e-9
143.38,1.4856745636128647e-9,3.4488888958788325e-9
143.39,1.4869467483577712e-9,3.4148171935992768e-9
143.4,1.4880386794834833e-9,3.3804517064351103e-9
143.41,1.488950348369971e-9,3.345796702504912e-9
143.42,1.4896817667656448e-9,3.310856472068861e-9
143.43,1.4902329695136984e-9,3.275635327194697e-9
143.44,1.4906040120822587e-9,3.2401376010575165e-9
143.45,1.490794971952964e-9,3.204367647977549e-9
143.46,1.4908059485481203e-9,3.1683298420258283e-9
143.47,1.4906370622408638e-9,3.1320285773046546e-9
143.48,1.4902884554963095e-9,3.0954682672026536e-9
143.49,1.4897602914135856e-9,3.058653343701268e-9
143.5,1.4890527555925197e-9,3.0215882567452343e-9
143.51,1.4881660544591053e-9,2.9842774743352743e-9
143.52,1.4871004162517326e-9,2.9467254814612807e-9
143.53,1.4858560891883032e-9,2.908936779892811e-9
143.54,1.4844333446573546e-9,2.8709158874170445e-9
143.55,1.4828324738936204e-9,2.8326673373093006e-9
143.56,1.4810537896923654e-9,2.7941956782361994e-9
143.57,1.479097626154169e-9,2.755505473203485e-9
143.58,1.476964338199982e-9,2.7166012993406902e-9
143.59,1.4746543015057818e-9,2.677487747404703e-9
143.6,1.472167913137849e-9,2.6381694212709242e-9
143.61,1.469505590656634e-9,2.5986509368626263e-9
143.62,1.466667772224818e-9,2.5589369226365437e-9
143.63,1.463654916837124e-9,2.519032018310582e-9
143.64,1.460467504927995e-9,2.47894087411486e-9
143.65,1.4571060360573088e-9,2.438668151605847e-9
143.66,1.4535710311013987e-9,2.398218521280647e-9
143.67,1.4498630310487865e-9,2.3575966636805474e-9
143.68,1.4459825975137166e-9,2.3168072678730118e-9
143.69,1.441930311716228e-9,2.275855031416772e-9
143.7,1.437706775262239e-9,2.2347446597527302e-9
143.71,1.4333126100659196e-9,2.1934808652849354e-9
143.72,1.4287484578660068e-9,2.152068367515654e-9
143.73,1.4240149795762318e-9,2.110511892036055e-9
143.74,1.419112857045704e-9,2.0688161701486303e-9
143.75,1.4140427906847745e-9,2.0269859387304117e-9
143.76,1.4088055004102498e-9,1.9850259387240928e-9
143.77,1.4034017267801171e-9,1.9429409160257205e-9
143.78,1.397832228279659e-9,1.900735619370025e-9
143.79,1.3920977832522988e-9,1.8584148012581308e-9
143.8,1.3861991888666345e-9,1.8159832165858966e-9
143.81,1.3801372619677396e-9,1.773445622409945e-9
143.82,1.3739128372084113e-9,1.73080677726775e-9
143.83,1.367526768551636e-9,1.6880714409673457e-9
143.84,1.3609799291699634e-9,1.645244373756118e-9
143.85,1.3542732092594324e-9,1.6023303360614075e-9
143.86,1.3474075190057073e-9,1.5593340876019882e-9
143.87,1.340383785517428e-9,1.516260387525312e-9
143.88,1.3332029546171524e-9,1.4731139932309775e-9
143.89,1.3258659904180666e-9,1.4298996603014924e-9
143.9,1.3183738740406718e-9,1.3866221418813166e-9
143.91,1.3107276054006671e-9,1.3432861876412014e-9
143.92,1.3029282010992378e-9,1.2998965445867776e-9
143.93,1.2949766956164118e-9,1.2564579550273244e-9
143.94,1.2868741397793204e-9,1.2129751575330035e-9
143.95,1.2786216050600786e-9,1.1694528838463612e-9
143.96,1.2702201744516258e-9,1.125895863078338e-9
143.97,1.261670952056023e-9,1.0823088164561023e-9
143.98,1.2529750569477524e-9,1.0386964588833369e-9
143.99,1.2441336255286807e-9,9.950634987238747e-10
144.0,1.2351478099247063e-9,9.51414636635881e-10
144.01,1.226018779033508e-9,9.077545655565433e-10
144.02,1.2167477176969502e-9,8.640879696661827e-10
144.03,1.2073358267440272e-9,8.204195241849049e-10
144.04,1.1977843229002325e-9,7.767538960333052e-10
144.05,1.1880944379662686e-9,7.330957407029937e-10
144.06,1.1782674202587526e-9,6.894497037422033e-10
144.07,1.1683045324662929e-9,6.458204205672295e-10
144.08,1.1582070529414178e-9,6.022125148200686e-10
144.09,1.1479762749019148e-9,5.586305980304248e-10
144.1,1.1376135061824065e-9,5.150792700227603e-10
144.11,1.127120069411104e-9,4.715631177531793e-10
144.12,1.1164973017816538e-9,4.280867145568303e-10
144.13,1.105746554709202e-9,3.8465462093176526e-10
144.14,1.0948691936233895e-9,3.4127138234249277e-10
144.15,1.083866598121581e-9,2.9794153039718726e-10
144.16,1.072740161684937e-9,2.5466958112861293e-10
144.17,1.0614912900018237e-9,2.1146003587572527e-10
144.18,1.050121404472001e-9,1.6831737920780378e-10
144.19,1.0386319385018044e-9,1.252460793405985e-10
144.2,1.0270243382341449e-9,8.225058840234068e-11
144.21,1.0153000629988385e-9,3.933534048675849e-11
144.22,1.0034605850567644e-9,-3.495247474852658e-12
144.23,9.915073889334951e-10,-4.62367770031546e-11
144.24,9.794419714410811e-10,-8.888486835171302e-11
144.25,9.672658414572546e-10,-1.31435160360799e-10
144.26,9.549805197111216e-10,-1.7388331139698941e-10
144.27,9.425875390326037e-10,-2.1622500024649762e-10
144.28,9.300884434643367e-10,-2.584559253189305e-10
144.29,9.17484788301179e-10,-3.0057180589031306e-10
144.3,9.047781406763959e-10,-3.4256838285133196e-10
144.31,8.919700771810519e-10,-3.844414177680641e-10
144.32,8.790621871504417e-10,-4.261866950988988e-10
144.33,8.660560684118015e-10,-4.678000207116642e-10
144.34,8.529533316969491e-10,-5.092772244176871e-10
144.35,8.397555937669152e-10,-5.50614157649748e-10
144.36,8.264644861729055e-10,-5.918066968625165e-10
144.37,8.130816471296938e-10,-6.328507417763961e-10
144.38,7.996087249409222e-10,-6.737422163333084e-10
144.39,7.860473784927363e-10,-7.144770698872414e-10
144.4,7.723992734839281e-10,-7.55051275923876e-10
144.41,7.58666086701201e-10,-7.954608341634622e-10
144.42,7.448495022862342e-10,-8.357017699750645e-10
144.43,7.30951212599602e-10,-8.757701344373804e-10
144.44,7.169729227623382e-10,-9.156620074612459e-10
144.45,7.029163383842669e-10,-9.553734925602917e-10
144.46,6.887831782013855e-10,-9.949007229184084e-10
144.47,6.745751671409179e-10,-1.0342398587838802e-9
144.48,6.602940380807183e-10,-1.073387088458472e-9
144.49,6.459415305748237e-10,-1.1123386287731708e-9
144.5,6.315193913905692e-10,-1.1510907250958802e-9
144.51,6.170293742664814e-10,-1.189639652127707e-9
144.52,6.024732392847481e-10,-1.2279817139296155e-9
144.53,5.878527531316369e-10,-1.2661132441368345e-9
144.54,5.731696888610414e-10,-1.3040306068767473e-9
144.55,5.58425824559363e-10,-1.3417301964398987e-9
144.56,5.436229453850085e-10,-1.3792084379978355e-9
144.57,5.287628410167777e-10,-1.4164617877542913e-9
144.58,5.138473065587272e-10,-1.4534867331856252e-9
144.59,4.988781425691514e-10,-1.4902797935118764e-9
144.6,4.838571543733015e-10,-1.526837520326573e-9
144.61,4.687861521629901e-10,-1.563156497359335e-9
144.62,4.536669492845731e-10,-1.5992333404479529e-9
144.63,4.385013651995871e-10,-1.6350646991037086e-9
144.64,4.232912219078272e-10,-1.6706472555020003e-9
144.65,4.0803834606696646e-10,-1.7059777257276412e-9
144.66,3.92744567647623e-10,-1.7410528595784634e-9
144.67,3.7741171941294573e-10,-1.7758694404026566e-9
144.68,3.6204163805443226e-10,-1.8104242864794483e-9
144.69,3.4663616261130643e-10,-1.8447142504300924e-9
144.7,3.31197134873391e-10,-1.8787362196873578e-9
144.71,3.157263993200479e-10,-1.912487117159802e-9
144.72,3.0022580249889615e-10,-1.945963900739101e-9
144.73,2.8469719265659373e-10,-1.9791635638491834e-9
144.74,2.6914242125432804e-10,-2.0120831368648427e-9
144.75,2.535633390732443e-10,-2.044719684805661e-9
144.76,2.3796179986312464e-10,-2.0770703099137243e-9
144.77,2.2233965821811184e-10,-2.109132151012385e-9
144.78,2.0669876897601856e-10,-2.1409023835919216e-9
144.79,1.9104098970144274e-10,-2.172378220647504e-9
144.8,1.753681740780972e-10,-2.2035569111959608e-9
144.81,1.596821812848907e-10,-2.234435743562435e-9
144.82,1.4398486730339605e-10,-2.2650120424562746e-9
144.83,1.282780889751408e-10,-2.2952831712132136e-9
144.84,1.1256370272705782e-10,-2.3252465311110906e-9
144.85,9.684356319043009e-11,-2.3548995612565964e-9
144.86,8.11195259633082e-11,-2.384239740161739e-9
144.87,6.53934444618079e-11,-2.413264584538434e-9
144.88,4.96671711152926e-11,-2.4419716501615927e-9
144.89,3.394255746035456e-11,-2.4703585320088255e-9
144.9,1.8221451706277746e-11,-2.49842286398157e-9
144.91,2.5057017541020835e-12,-2.5261623195891724e-9
144.92,-1.3202847434044963e-11,-2.5535746121193802e-9
144.93,-2.8902353282560884e-11,-2.5806574944995423e-9
144.94,-4.4590975387007815e-11,-2.6074087594271692e-9
144.95,-6.026687601523065e-11,-2.6338262402303884e-9
144.96,-7.592822118478519e-11,-2.6599078097812845e-9
144.97,-9.157317942946881e-11,-2.685651381560406e-9
144.98,-1.071999230761577e-10,-2.711054910263942e-9
144.99,-1.2280662801965855e-10,-2.7361163900860596e-9
145.0,-1.3839147397842717e-10,-2.760833856712846e-9
145.01,-1.5395264452138295e-10,-2.7852053866656284e-9
145.02,-1.694883280029344e-10,-2.809229097444783e-9
145.03,-1.8499671668190417e-10,-2.8329031477120165e-9
145.04,-2.0047600802442738e-10,-2.85622573733554e-9
145.05,-2.1592440403026108e-10,-2.8791951075543207e-9
145.06,-2.3134011254360067e-10,-2.901809541083623e-9
145.07,-2.467213439472385e-10,-2.9240673629989376e-9
145.08,-2.620663188861376e-10,-2.945966938314365e-9
145.09,-2.773732597260934e-10,-2.967506675443756e-9
145.1,-2.92640396288631e-10,-2.9886850237864433e-9
145.11,-3.078659650905264e-10,-3.0095004748368334e-9
145.12,-3.2304820750366003e-10,-3.0299515623810388e-9
145.13,-3.3818537249843225e-10,-3.050036861697216e-9
145.14,-3.5327571558741516e-10,-3.069754990757378e-9
145.15,-3.683174979044706e-10,-3.0891046097078957e-9
145.16,-3.833089915629961e-10,-3.108084420225606e-9
145.17,-3.982484707467435e-10,-3.126693167290658e-9
145.18,-4.131342217295291e-10,-3.1449296372060435e-9
145.19,-4.279645337227066e-10,-3.1627926600603985e-9
145.2,-4.4273771089296623e-10,-3.180281106361868e-9
145.21,-4.574520578137431e-10,-3.197393891153889e-9
145.22,-4.72105891632763e-10,-3.214129970893475e-9
145.23,-4.866975374846696e-10,-3.2304883444900717e-9
145.24,-5.012253285544463e-10,-3.246468053811503e-9
145.25,-5.156876074386032e-10,-3.2620681829579444e-9
145.26,-5.300827252853628e-10,-3.2772878587926173e-9
145.27,-5.444090426812824e-10,-3.292126250439343e-9
145.28,-5.586649297927279e-10,-3.3065825703841688e-9
145.29,-5.728487655883629e-10,-3.320656072297066e-9
145.3,-5.869589401326236e-10,-3.3343460537884865e-9
145.31,-6.00993852632954e-10,-3.3476518540749e-9
145.32,-6.149519123550386e-10,-3.3605728554831327e-9
145.33,-6.288315391461854e-10,-3.373108482435234e-9
145.34,-6.426311630182329e-10,-3.385258202090553e-9
145.35,-6.563492251739907e-10,-3.3970215239139627e-9
145.36,-6.69984177137302e-10,-3.4083979998061094e-9
145.37,-6.835344816200323e-10,-3.4193872238724644e-9
145.38,-6.969986128846687e-10,-3.429988833148681e-9
145.39,-7.103750557576419e-10,-3.4402025061884514e-9
145.4,-7.23662307264079e-10,-3.4500279639034388e-9
145.41,-7.368588760479391e-10,-3.459464969764631e-9
145.42,-7.499632812542447e-10,-3.46851332930305e-9
145.43,-7.629740567258757e-10,-3.477172889576037e-9
145.44,-7.758897459591963e-10,-3.4854435400765166e-9
145.45,-7.887089058452354e-10,-3.493325212020923e-9
145.46,-8.014301052861362e-10,-3.500817878617312e-9
145.47,-8.140519278403338e-10,-3.50792155381644e-9
145.48,-8.265729657126227e-10,-3.5146362952768945e-9
145.49,-8.38991828208839e-10,-3.5209622000731167e-9
145.5,-8.513071351582412e-10,-3.5268994078588367e-9
145.51,-8.635175207292705e-10,-3.532448099288619e-9
145.52,-8.756216325657893e-10,-3.537608496325563e-9
145.53,-8.876181311703586e-10,-3.5423808620586346e-9
145.54,-8.995056910557863e-10,-3.5467655007177433e-9
145.55,-9.112830009294332e-10,-3.5507627570304437e-9
145.56,-9.229487627683569e-10,-3.5543730169901377e-9
145.57,-9.345016929227864e-10,-3.5575967069671235e-9
145.58,-9.459405223622045e-10,-3.5604342938574474e-9
145.59,-9.572639959690733e-10,-3.562886284979515e-9
145.6,-9.68470873267829e-10,-3.564953227849495e-9
145.61,-9.795599282324149e-10,-3.5666357102502285e-9
145.62,-9.905299499951309e-10,-3.5679343597466884e-9
145.63,-1.0013797422497143e-9,-3.568849843774062e-9
145.64,-1.0121081242106085e-9,-3.5693828692304636e-9
145.65,-1.0227139292134666e-9,-3.569534183009609e-9
145.66,-1.0331960069889128e-9,-3.569304570671669e-9
145.67,-1.0435532221843994e-9,-3.5686948573942547e-9
145.68,-1.0537844545444286e-9,-3.567705907299668e-9
145.69,-1.0638885999910115e-9,-3.566338623232589e-9
145.7,-1.073864570704851e-9,-3.564593946280741e-9
145.71,-1.0837112928439761e-9,-3.5624728570192815e-9
145.72,-1.0934277103387558e-9,-3.5599763734742745e-9
145.73,-1.103012782443658e-9,-3.5571055517596904e-9
145.74,-1.1124654854659329e-9,-3.5538614857480507e-9
145.75,-1.121784809971123e-9,-3.5502453080621596e-9
145.76,-1.130969764766293e-9,-3.5462581877250557e-9
145.77,-1.1400193746207515e-9,-3.541901331399502e-9
145.78,-1.1489326802709284e-9,-3.5371759829625245e-9
145.79,-1.1577087402913929e-9,-3.5320834228456916e-9
145.8,-1.1663466289027847e-9,-3.5266249684311337e-9
145.81,-1.174845437978366e-9,-3.5208019734398305e-9
145.82,-1.183204275722457e-9,-3.514615827784856e-9
145.83,-1.1914222682096317e-9,-3.5080679572461005e-9
145.84,-1.1994985576025037e-9,-3.501159823755013e-9
145.85,-1.207432303735553e-9,-3.4938929244092205e-9
145.86,-1.2152226841506585e-9,-3.4862687916428336e-9
145.87,-1.2228688933320216e-9,-3.478288993083671e-9
145.88,-1.230370143091337e-9,-3.4699551310554687e-9
145.89,-1.237725662993399e-9,-3.4612688427135517e-9
145.9,-1.2449347001998681e-9,-3.452231799213781e-9
145.91,-1.251996518978613e-9,-3.4428457055454228e-9
145.92,-1.258910403470017e-9,-3.4331123017894178e-9
145.93,-1.2656756521466112e-9,-3.423033359592321e-9
145.94,-1.2722915841901452e-9,-3.4126106857520965e-9
145.95,-1.2787575353135555e-9,-3.4018461189567005e-9
145.96,-1.2850728597434771e-9,-3.390741531233761e-9
145.97,-1.291236929895103e-9,-3.379298826723758e-9
145.98,-1.2972491358432184e-9,-3.36751994203903e-9
145.99,-1.30310888609587e-9,-3.3554068457785184e-9
146.0,-1.3088156078860187e-9,-3.3429615377731297e-9
146.01,-1.314368744104379e-9,-3.330186050409575e-9
146.02,-1.3197677602959109e-9,-3.3170824454745716e-9
146.03,-1.325012136758174e-9,-3.3036528170174254e-9
146.04,-1.3301013746271734e-9,-3.2898992885723457e-9
146.05,-1.3350349903573069e-9,-3.275824015122628e-9
146.06,-1.3398125227057884e-9,-3.2614291802435377e-9
146.07,-1.3444335264160347e-9,-3.246716998079334e-9
146.08,-1.3488975754172839e-9,-3.231689711798939e-9
146.09,-1.353204262546594e-9,-3.2163495935666907e-9
146.1,-1.3573531982780545e-9,-3.2006989445859242e-9
146.11,-1.3613440130457382e-9,-3.1847400941100058e-9
146.12,-1.365176355184746e-9,-3.168475399700756e-9
146.13,-1.3688498914423143e-9,-3.151907246860791e-9
146.14,-1.3723643085373035e-9,-3.135038048276141e-9
146.15,-1.3757193103743943e-9,-3.1178702440353013e-9
146.16,-1.3789146203465271e-9,-3.100406301159348e-9
146.17,-1.38194998074882e-9,-3.0826487129252363e-9
146.18,-1.3848251525652488e-9,-3.0645999989326073e-9
146.19,-1.3875399148738761e-9,-3.046262705011351e-9
146.2,-1.3900940666690827e-9,-3.027639401967159e-9
146.21,-1.3924874249651346e-9,-3.0087326864235717e-9
146.22,-1.3947198262788351e-9,-2.9895451794170746e-9
146.23,-1.396791123923111e-9,-2.9700795267320194e-9
146.24,-1.3987011931977993e-9,-2.9503383984969655e-9
146.25,-1.4004499258758168e-9,-2.9303244886263936e-9
146.26,-1.4020372333883739e-9,-2.910040514530231e-9
146.27,-1.40346304566244e-9,-2.8894892168966094e-9
146.28,-1.404727311227289e-9,-2.868673359438256e-9
146.29,-1.4058299978657006e-9,-2.84759572826434e-9
146.3,-1.4067710919568337e-9,-2.826259131261856e-9
146.31,-1.4075505978349453e-9,-2.8046663991817754e-9
146.32,-1.4081685407597904e-9,-2.7828203826607854e-9
146.33,-1.4086249618345933e-9,-2.7607239552198045e-9
146.34,-1.4089199226429767e-9,-2.738380009974252e-9
146.35,-1.409053502805393e-9,-2.715791460963865e-9
146.36,-1.4090258010614462e-9,-2.692961241972351e-9
146.37,-1.408836933656189e-9,-2.6698923068722447e-9
146.38,-1.408487036911706e-9,-2.6465876285744663e-9
146.39,-1.4079762645584201e-9,-2.623050198953451e-9
146.4,-1.407304789171207e-9,-2.599283028968983e-9
146.41,-1.4064728015768479e-9,-2.5752891471904586e-9
146.42,-1.4054805116199073e-9,-2.5510716004828494e-9
146.43,-1.404328146848167e-9,-2.5266334532977775e-9
146.44,-1.4030159533021269e-9,-2.501977787002517e-9
146.45,-1.4015441957978695e-9,-2.477107699853613e-9
146.46,-1.3999131567382366e-9,-2.4520263069506328e-9
146.47,-1.3981231365887291e-9,-2.426736738534057e-9
146.48,-1.3961744549480533e-9,-2.401242141497842e-9
146.49,-1.394067448622076e-9,-2.3755456775603746e-9
146.5,-1.3918024726018111e-9,-2.3496505234216635e-9
146.51,-1.3893799001984013e-9,-2.3235598704465462e-9
146.52,-1.386800122287728e-9,-2.2972769242450633e-9
146.53,-1.3840635473753588e-9,-2.270804904121163e-9
146.54,-1.3811706024487219e-9,-2.244147042941839e-9
146.55,-1.3781217316503619e-9,-2.2173065866671516e-9
146.56,-1.3749173967777877e-9,-2.1902867938404625e-9
146.57,-1.3715580775934281e-9,-2.1630909353553704e-9
146.58,-1.3680442707532033e-9,-2.1357222944417223e-9
146.59,-1.3643764915956e-9,-2.1081841650530912e-9
146.6,-1.3605552708498447e-9,-2.080479853144485e-9
146.61,-1.3565811581793296e-9,-2.052612675244678e-9
146.62,-1.3524547200501608e-9,-2.0245859580654617e-9
146.63,-1.3481765395482368e-9,-1.9964030385536095e-9
146.64,-1.3437472171389645e-9,-1.9680672636180437e-9
146.65,-1.3391673698471861e-9,-1.9395819890378165e-9
146.66,-1.3344376324764871e-9,-1.910950579609411e-9
146.67,-1.3295586557292753e-9,-1.8821764088315186e-9
146.68,-1.324531107581132e-9,-1.8532628580038339e-9
146.69,-1.3193556719520216e-9,-1.8242133166536927e-9
146.7,-1.3140330493441626e-9,-1.7950311815445311e-9
146.71,-1.3085639581413278e-9,-1.7657198562868276e-9
146.72,-1.3029491307512735e-9,-1.7362827509823717e-9
146.73,-1.2971893168376424e-9,-1.7067232827255868e-9
146.74,-1.291285282461894e-9,-1.677044873612159e-9
146.75,-1.2852378090150258e-9,-1.6472509517921484e-9
146.76,-1.2790476958319332e-9,-1.6173449500130077e-9
146.77,-1.2727157519617645e-9,-1.5873303069485693e-9
146.78,-1.2662428107645898e-9,-1.5572104638078145e-9
146.79,-1.259629715314083e-9,-1.5269888670945788e-9
146.8,-1.252877325716099e-9,-1.4966689664911504e-9
146.81,-1.2459865176474946e-9,-1.4662542149757682e-9
146.82,-1.2389581810743196e-9,-1.435748068381724e-9
146.83,-1.2317932222157664e-9,-1.405153984773613e-9
146.84,-1.2244925615964983e-9,-1.3744754246617466e-9
146.85,-1.2170571342674882e-9,-1.3437158501659106e-9
146.86,-1.2094878920700592e-9,-1.31287872420391e-9
146.87,-1.2017857983308525e-9,-1.281967511450629e-9
146.88,-1.1939518329048373e-9,-1.2509856768381526e-9
146.89,-1.1859869895692773e-9,-1.2199366855035944e-9
146.9,-1.1778922763141833e-9,-1.1888240019618243e-9
146.91,-1.1696687155911433e-9,-1.1576510911394286e-9
146.92,-1.1613173429184458e-9,-1.1264214162572357e-9
146.93,-1.1528392084153797e-9,-1.095138439646908e-9
146.94,-1.1442353753651903e-9,-1.0638056220946531e-9
146.95,-1.1355069215747357e-9,-1.032426421667025e-9
146.96,-1.1266549370674176e-9,-1.0010042949411907e-9
146.97,-1.1176805263048077e-9,-9.695426952188807e-10
146.98,-1.1085848056915934e-9,-9.380450729664132e-10
146.99,-1.0993689061065603e-9,-9.065148745287887e-10
147.0,-1.0900339695844163e-9,-8.749555436371336e-10
147.01,-1.0805811525609677e-9,-8.433705185949506e-10
147.02,-1.0710116226988023e-9,-8.117632337474203e-10
147.03,-1.0613265602197797e-9,-7.801371187492419e-10
147.04,-1.0515271605277271e-9,-7.48495596722081e-10
147.05,-1.041614626109719e-9,-7.168420869200108e-10
147.06,-1.0315901752477207e-9,-6.851800013546146e-10
147.07,-1.021455036189817e-9,-6.535127463405222e-10
147.08,-1.0112104503708453e-9,-6.21843720806153e-10
147.09,-1.0008576692933162e-9,-5.901763173972442e-10
147.1,-9.903979569253248e-10,-5.585139209071258e-10
147.11,-9.798325876246556e-10,-5.268599084201741e-10
147.12,-9.691628478359173e-10,-4.952176490005759e-10
147.13,-9.58390033202494e-10,-4.635905033349853e-10
147.14,-9.47515451913446e-10,-4.319818230932304e-10
147.15,-9.36540422113643e-10,-4.0039495102416124e-10
147.16,-9.254662730061997e-10,-3.688332203879189e-10
147.17,-9.142943400948073e-10,-3.3729995455618267e-10
147.18,-9.030259754310884e-10,-3.057984667687475e-10
147.19,-8.916625367513128e-10,-2.7433206001986707e-10
147.2,-8.802053925612856e-10,-2.4290402606388455e-10
147.21,-8.686559207317495e-10,-2.1151764599283453e-10
147.22,-8.570155089380005e-10,-1.8017618896855794e-10
147.23,-8.452855540896637e-10,-1.4888291253999853e-10
147.24,-8.334674616155896e-10,-1.176410626068922e-10
147.25,-8.215626467808445e-10,-8.645387142078154e-11
147.26,-8.095725329548971e-10,-5.532456031850252e-11
147.27,-7.974985520110006e-10,-2.4256335552525384e-11
147.28,-7.853421446843183e-10,6.747608704035662e-12
147.29,-7.731047598551385e-10,3.768409246213337e-11
147.3,-7.607878538351142e-10,6.854994962938043e-11
147.31,-7.483928921863485e-10,9.934202874853387e-11
147.32,-7.359213465783048e-10,1.30057192576939e-10
147.33,-7.233746967870921e-10,1.6069231887751553e-10
147.34,-7.10754430344904e-10,1.9124430103809885e-10
147.35,-6.980620422371256e-10,2.2171004790184117e-10
147.36,-6.852990334322956e-10,2.520864838275075e-10
147.37,-6.724669114958485e-10,2.823705494496233e-10
147.38,-6.59567192369084e-10,3.12559202151735e-10
147.39,-6.466013969121582e-10,3.4264941587188055e-10
147.4,-6.335710529090254e-10,3.7263818154563e-10
147.41,-6.204776938576125e-10,4.0252250741757985e-10
147.42,-6.073228593695851e-10,4.322994193356246e-10
147.43,-5.94108094930101e-10,4.6196596119042556e-10
147.44,-5.808349516525101e-10,4.915191947187706e-10
147.45,-5.675049849341187e-10,5.209562004218224e-10
147.46,-5.541197575375194e-10,5.502740774674679e-10
147.47,-5.406808350472245e-10,5.794699438534504e-10
147.48,-5.271897886883112e-10,6.085409368655293e-10
147.49,-5.136481942651641e-10,6.374842134403828e-10
147.5,-5.000576326377313e-10,6.662969502582182e-10
147.51,-4.864196878534415e-10,6.949763440703787e-10
147.52,-4.727359488319865e-10,7.235196117203389e-10
147.53,-4.5900800782602705e-10,7.519239909967049e-10
147.54,-4.452374611691237e-10,7.80186740069775e-10
147.55,-4.3142590851786234e-10,8.083051385807596e-10
147.56,-4.1757495312375666e-10,8.362764873069443e-10
147.57,-4.036862005932303e-10,8.640981084204825e-10
147.58,-3.8976126091137285e-10,8.917673464237287e-10
147.59,-3.7580174504365617e-10,9.192815671813584e-10
147.6,-3.618092681519964e-10,9.466381592812022e-10
147.61,-3.4778544671885414e-10,9.738345337813152e-10
147.62,-3.337318997587682e-10,1.0008681244029366e-9
147.63,-3.1965024852924206e-10,1.0277363876823413e-9
147.64,-3.05542115380844e-10,1.054436803538871e-9
147.65,-2.9140912585747834e-10,1.0809668756683279e-9
147.66,-2.772529052058101e-10,1.1073241305922699e-9
147.67,-2.630750802992935e-10,1.1335061192174468e-9
147.68,-2.488772800137209e-10,1.159510416331184e-9
147.69,-2.346611332657408e-10,1.1853346212409177e-9
147.7,-2.2042827106382145e-10,1.2109763578306746e-9
147.71,-2.0618032023198423e-10,1.2364332730262985e-9
147.72,-1.9191891526009838e-10,1.2617030415832779e-9
147.73,-1.776456856297869e-10,1.2867833611597017e-9
147.74,-1.6336226201548352e-10,1.3116719551696678e-9
147.75,-1.4907027512379985e-10,1.3363665726960447e-9
147.76,-1.3477135472993892e-10,1.3608649883195972e-9
147.77,-1.2046713067193405e-10,1.3851650025812561e-9
147.78,-1.0615923159452613e-10,1.4092644419422884e-9
147.79,-9.184928519523196e-11,1.4331611589447556e-9
147.8,-7.753891771904346e-11,1.4568530329345488e-9
147.81,-6.32297549711922e-11,1.4803379693161114e-9
147.82,-4.892341990257484e-11,1.503613900199163e-9
147.83,-3.462153517662396e-11,1.5266787852005932e-9
147.84,-2.0325719953923174e-11,1.549530610076873e-9
147.85,-6.037593039437574e-12,1.5721673885597165e-9
147.86,8.241230400936149e-12,1.5945871613089194e-9
147.87,2.2509136895264402e-11,1.616787996690271e-9
147.88,3.6764516931766376e-11,1.6387679897286703e-9
147.89,5.1005760319371515e-11,1.6605252662149192e-9
147.9,6.52312646567218e-11,1.68205797583485e-9
147.91,7.94394274128225e-11,1.7033642991931963e-9
147.92,9.362865113060775e-11,1.7244424436776096e-9
147.93,1.0779733970614711e-10,1.7452906462666583e-9
147.94,1.2194390341491302e-10,1.765907171345877e-9
147.95,1.3606675506180184e-10,1.7862903122651756e-9
147.96,1.5016431125114735e-10,1.8064383912770832e-9
147.97,1.642349939264001e-10,1.8263497593147063e-9
147.98,1.7827722778059534e-10,1.8460227960323606e-9
147.99,1.9228944396925652e-10,1.8654559106456865e-9
148.0,2.0627007745707218e-10,1.884647541257554e-9
148.01,2.202175681680744e-10,1.9035961554274173e-9
148.02,2.341303611999324e-10,1.922300249613068e-9
148.03,2.4800690733458087e-10,1.9407583504069262e-9
148.04,2.6184566223481354e-10,1.9589690137325576e-9
148.05,2.756450877586325e-10,1.976930824912529e-9
148.06,2.8940365108285664e-10,1.9946423995027073e-9
148.07,3.031198259133753e-10,2.012102382429163e-9
148.08,3.1679209147971807e-10,2.0293094491428015e-9
148.09,3.3041893373142986e-10,2.0462623044228498e-9
148.1,3.4399884478958477e-10,2.0629596836387136e-9
148.11,3.5753032453206135e-10,2.0794003518650307e-9
148.12,3.710118780390753e-10,2.0955831050133838e-9
148.13,3.8444201824826113e-10,2.1115067686383083e-9
148.14,3.9781926520179496e-10,2.1271701992149616e-9
148.15,4.111421463267311e-10,2.1425722830557956e-9
148.16,4.2440919576966185e-10,2.1577119373808186e-9
148.17,4.3761895657968954e-10,2.1725881097104854e-9
148.18,4.507699783310632e-10,2.1871997781675744e-9
148.19,4.6386081861805765e-10,2.2015459518278037e-9
148.2,4.768900457908701e-10,2.215625669050687e-9
148.21,4.89856232693021e-10,2.2294380006520544e-9
148.22,5.027579615731381e-10,2.242982047777972e-9
148.23,5.155938250588266e-10,2.256256941079735e-9
148.24,5.283624229672249e-10,2.2692618433003688e-9
148.25,5.41062364172686e-10,2.28199594740349e-9
148.26,5.536922664458902e-10,2.2944584773003325e-9
148.27,5.662507576272495e-10,2.306648687663556e-9
148.28,5.787364729527379e-10,2.318565864400495e-9
148.29,5.911480610668824e-10,2.3302093232342003e-9
148.3,6.034841747761347e-10,2.3415784121724706e-9
148.31,6.157434806644652e-10,2.3526725090278028e-9
148.32,6.279246535949773e-10,2.3634910230174896e-9
148.33,6.400263790080737e-10,2.3740333939413753e-9
148.34,6.52047352457561e-10,2.3842990925943503e-9
148.35,6.639862792707879e-10,2.3942876205411616e-9
148.36,6.758418759502024e-10,2.4039985103948184e-9
148.37,6.87612868965501e-10,2.4134313253065416e-9
148.38,6.992979968203383e-10,2.4225856593679237e-9
148.39,7.108960067432476e-10,2.4314611375630683e-9
148.4,7.224056581549868e-10,2.4400574155335225e-9
148.41,7.338257223806883e-10,2.4483741793437297e-9
148.42,7.45154980689773e-10,2.456411146208895e-9
148.43,7.563922256207889e-10,2.464168064021233e-9
148.44,7.675362628612899e-10,2.4716447106033402e-9
148.45,7.785859076575281e-10,2.4788408953866714e-9
148.46,7.895399884915766e-10,2.4857564576729605e-9
148.47,8.003973449752323e-10,2.4923912669435502e-9
148.48,8.111568293115701e-10,2.498745223970314e-9
148.49,8.218173050001194e-10,2.504818259363437e-9
148.5,8.323776482610841e-10,2.5106103341087487e-9
148.51,8.428367482222741e-10,2.5161214395073747e-9
148.52,8.53193504997481e-10,2.5213515971355334e-9
148.53,8.634468328304515e-10,2.5263008583796756e-9
148.54,8.735956576682248e-10,2.530969305018269e-9
148.55,8.836389184395651e-10,2.535357048839083e-9
148.56,8.935755675510249e-10,2.5394642309905213e-9
148.57,9.034045693720125e-10,2.54329102332121e-9
148.58,9.131249024902528e-10,2.5468376264924827e-9
148.59,9.22735557559582e-10,2.5501042715572476e-9
148.6,9.322355399154126e-10,2.553091218696992e-9
148.61,9.416238672988791e-10,2.5557987577024257e-9
148.62,9.508995708533717e-10,2.5582272077818316e-9
148.63,9.600616960776828e-10,2.5603769175604427e-9
148.64,9.691093024414159e-10,2.562248264199527e-9
148.65,9.780414610409737e-10,2.5638416551569382e-9
148.66,9.868572597637759e-10,2.5651575254880803e-9
148.67,9.95555798522905e-10,2.5661963400840965e-9
148.68,1.0041361925279055e-9,2.566958592037919e-9
148.69,1.012597570553688e-9,2.567444803273736e-9
148.7,1.020939075020877e-9,2.5676555243547073e-9
148.71,1.0291598634861833e-9,2.5675913342360673e-9
148.72,1.0372591081336751e-9,2.567252839694889e-9
148.73,1.0452359954110182e-9,2.566640676003923e-9
148.74,1.0530897244242046e-9,2.565755507003268e-9
148.75,1.0608195125540212e-9,2.5645980232547926e-9
148.76,1.0684245894599508e-9,2.563168943818922e-9
148.77,1.0759042000462833e-9,2.561469015260928e-9
148.78,1.083257604432439e-9,2.559499011407437e-9
148.79,1.090484077090362e-9,2.5572597336937342e-9
148.8,1.097582908044631e-9,2.5547520105575497e-9
148.81,1.1045534021353044e-9,2.5519766975859725e-9
148.82,1.1113948789370297e-9,2.5489346771028987e-9
148.83,1.118106674630988e-9,2.5456268582964944e-9
148.84,1.1246881390681686e-9,2.5420541767307807e-9
148.85,1.1311386378340299e-9,2.538217594897862e-9
148.86,1.1374575523078934e-9,2.5341181008877457e-9
148.87,1.1436442794785193e-9,2.529756709124229e-9
148.88,1.1496982307814626e-9,2.525134460096715e-9
148.89,1.1556188340476033e-9,2.5202524199843227e-9
148.9,1.161405532816888e-9,2.5151116804392644e-9
148.91,1.1670577857991029e-9,2.5097133585142464e-9
148.92,1.172575066277944e-9,2.504058597250698e-9
148.93,1.1779568659613482e-9,2.4981485633286516e-9
148.94,1.1832026904929173e-9,2.4919844494096454e-9
148.95,1.1883120610959236e-9,2.485567472611622e-9
148.96,1.193284516317865e-9,2.478898874081766e-9
148.97,1.198119608849583e-9,2.4719799201744375e-9
148.98,1.2028169084658582e-9,2.4648119004304827e-9
148.99,1.207376000157562e-9,2.4573961295135278e-9
149.0,1.2117964847159675e-9,2.4497339447106593e-9
149.01,1.2160779820436292e-9,2.4418267069433274e-9
149.02,1.2202201228737477e-9,2.433675801401583e-9
149.03,1.224222557491518e-9,2.4252826356045176e-9
149.04,1.2280849513255459e-9,2.4166486404622187e-9
149.05,1.2318069868526127e-9,2.4077752690774438e-9
149.06,1.2353883606468345e-9,2.398663998034085e-9
149.07,1.2388287872247083e-9,2.389316325383868e-9
149.08,1.2421279964613012e-9,2.3797337719253634e-9
149.09,1.2452857346327242e-9,2.369917879778047e-9
149.1,1.248301764476371e-9,2.359870213211598e-9
149.11,1.2511758643947477e-9,2.3495923578678817e-9
149.12,1.2539078291187064e-9,2.3390859206682214e-9
149.13,1.2564974703833282e-9,2.3283525298548567e-9
149.14,1.2589446140780085e-9,2.3173938333382556e-9
149.15,1.2612491051694444e-9,2.306211501430847e-9
149.16,1.263410802650344e-9,2.2948072235005534e-9
149.17,1.2654295826905566e-9,2.2831827096512063e-9
149.18,1.267305337822635e-9,2.2713396895512568e-9
149.19,1.2690379757333425e-9,2.2592799128994218e-9
149.2,1.2706274219470486e-9,2.2470051487834748e-9
149.21,1.272073616212132e-9,2.2345171853373797e-9
149.22,1.2733765170419676e-9,2.221817829647617e-9
149.23,1.2745360961068375e-9,2.2089089085088823e-9
149.24,1.2755523439564337e-9,2.1957922656271117e-9
149.25,1.2764252658681184e-9,2.182469764252121e-9
149.26,1.2771548833073368e-9,2.1689432852365367e-9
149.27,1.2777412343164856e-9,2.155214727279634e-9
149.28,1.2781843730773764e-9,2.1412860066354606e-9
149.29,1.2784843693032264e-9,2.127159056930728e-9
149.3,1.2786413093165202e-9,2.112835828660041e-9
149.31,1.2786552948137878e-9,2.098318289397646e-9
149.32,1.2785264447750217e-9,2.083608423547863e-9
149.33,1.2782548925463497e-9,2.068708231041119e-9
149.34,1.2778407885420456e-9,2.053619728468623e-9
149.35,1.2772842987127598e-9,2.03834494810848e-9
149.36,1.2765856044926845e-9,2.022885937948072e-9
149.37,1.2757449045127642e-9,2.007244760949527e-9
149.38,1.274762411342187e-9,1.9914234954726523e-9
149.39,1.2736383548980121e-9,1.9754242345336353e-9
149.4,1.2723729802103767e-9,1.9592490854061273e-9
149.41,1.2709665471511316e-9,1.942900170612134e-9
149.42,1.2694193328072687e-9,1.9263796255266415e-9
149.43,1.2677316289186712e-9,1.9096895999084205e-9
149.44,1.2659037428793262e-9,1.8928322569851232e-9
149.45,1.2639359976459456e-9,1.8758097730760795e-9
149.46,1.2618287315610628e-9,1.8586243375511887e-9
149.47,1.2595822982760876e-9,1.8412781525543938e-9
149.48,1.2571970671398189e-9,1.8237734326250674e-9
149.49,1.2546734219849259e-9,1.8061124045452576e-9
149.5,1.2520117636994171e-9,1.788297306629223e-9
149.51,1.249212505624506e-9,1.7703303895626666e-9
149.52,1.2462760779498598e-9,1.7522139148227998e-9
149.53,1.243202925607621e-9,1.7339501553208565e-9
149.54,1.2399935086645842e-9,1.7155413943835773e-9
149.55,1.23664830148959e-9,1.6969899265208559e-9
149.56,1.23316779386341e-9,1.678298056171455e-9
149.57,1.2295524898035757e-9,1.6594680976959352e-9
149.58,1.2258029086860304e-9,1.6405023755819995e-9
149.59,1.2219195837822588e-9,1.6214032234475346e-9
149.6,1.2179030633504774e-9,1.6021729844916837e-9
149.61,1.2137539095750402e-9,1.582814010478812e-9
149.62,1.2094727004882107e-9,1.5633286621182756e-9
149.63,1.2050600262503054e-9,1.543719308574391e-9
149.64,1.2005164931055392e-9,1.523988326607394e-9
149.65,1.1958427202703743e-9,1.5041381015723493e-9
149.66,1.1910393416746995e-9,1.4841710258285063e-9
149.67,1.1861070053377339e-9,1.4640894994674314e-9
149.68,1.1810463716419191e-9,1.4438959289544692e-9
149.69,1.1758581172821972e-9,1.423592728238187e-9
149.7,1.1705429305107888e-9,1.4031823175488073e-9
149.71,1.165101514578441e-9,1.3826671230136162e-9
149.72,1.159534584999996e-9,1.3620495771040476e-9
149.73,1.153842872276425e-9,1.341332117489035e-9
149.74,1.1480271186232447e-9,1.3205171875714467e-9
149.75,1.142088080453428e-9,1.2996072357862594e-9
149.76,1.1360265274938614e-9,1.278604715347776e-9
149.77,1.1298432412939438e-9,1.257512083760056e-9
149.78,1.1235390181069221e-9,1.2363318033647252e-9
149.79,1.1171146652372932e-9,1.2150663402767511e-9
149.8,1.1105710040258363e-9,1.1937181641174827e-9
149.81,1.1039088679858085e-9,1.1722897480515221e-9
149.82,1.0971291028373358e-9,1.150783568635931e-9
149.83,1.0902325672869565e-9,1.1292021050758032e-9
149.84,1.0832201318625912e-9,1.107547839464548e-9
149.85,1.0760926786741543e-9,1.085823255816369e-9
149.86,1.0688511053453987e-9,1.064030841083866e-9
149.87,1.0614963160198235e-9,1.0421730829667978e-9
149.88,1.0540292306636152e-9,1.0202524712834122e-9
149.89,1.0464507795794525e-9,9.982714970865557e-10
149.9,1.0387619051073754e-9,9.762326527265098e-10
149.91,1.0309635607517335e-9,9.541384305569418e-10
149.92,1.0230567117861106e-9,9.31991323777476e-10
149.93,1.0150423337436365e-9,9.097938260270856e-10
149.94,1.0069214154326232e-9,8.875484301218778e-10
149.95,9.986949538938697e-10,8.652576298984699e-10
149.96,9.903639590819215e-10,8.429239169762395e-10
149.97,9.819294511129839e-10,8.205497828774227e-10
149.98,9.733924619529032e-10,7.981377178348529e-10
149.99,9.647540297340812e-10,7.756902114868734e-10
150.0,9.560152091909637e-10,7.532097500970425e-10
150.01,9.471770607244286e-10,7.306988193368864e-10
150.02,9.382406570948754e-10,7.08159902164875e-10
150.03,9.292070800367236e-10,6.855954790374082e-10
150.04,9.200774215142987e-10,6.630080280075941e-10
150.05,9.108527832833303e-10,6.404000237262167e-10
150.06,9.015342764341844e-10,6.177739378970975e-10
150.07,8.921230215675381e-10,5.951322384383713e-10
150.08,8.826201494450747e-10,5.724773896175321e-10
150.09,8.730267987176066e-10,5.498118518317211e-10
150.1,8.633441178736178e-10,5.271380809220089e-10
150.11,8.535732641555424e-10,5.044585282453442e-10
150.12,8.437154036326211e-10,4.8177564041971e-10
150.13,8.337717107933616e-10,4.590918592121392e-10
150.14,8.237433688864299e-10,4.364096205966819e-10
150.15,8.136315693319177e-10,4.137313555146619e-10
150.16,8.0343751334314e-10,3.9105948848633413e-10
150.17,7.93162405163381e-10,3.683964388942297e-10
150.18,7.828074638094731e-10,3.4574461887778685e-10
150.19,7.723739115548053e-10,3.2310643443590545e-10
150.2,7.618629798603552e-10,3.004842848158705e-10
150.21,7.512759071582548e-10,2.7788056220939997e-10
150.22,7.40613939729698e-10,2.5529765145821976e-10
150.23,7.298783303194014e-10,2.3273792996741756e-10
150.24,7.190703393806754e-10,2.1020376724574592e-10
150.25,7.081912326373511e-10,1.8769752537548674e-10
150.26,6.97242288264664e-10,1.6522155660076145e-10
150.27,6.862247826101909e-10,1.4277820672841363e-10
150.28,6.751400037580809e-10,1.2036981177940896e-10
150.29,6.639892451377201e-10,9.799869893049836e-11
150.3,6.527738063570897e-10,7.566718612171364e-11
150.31,6.414949923292951e-10,5.337758224798839e-11
150.32,6.301541144502268e-10,3.1132186363432396e-11
150.33,6.187524899333838e-10,8.933287329026628e-12
150.34,6.072914406325069e-10,-1.3216835112263645e-11
150.35,5.957722949721553e-10,-3.531591285498674e-11
150.36,5.841963857934439e-10,-5.73616872051282e-11
150.37,5.725650517207438e-10,-7.935191084270984e-11
150.38,5.608796346441523e-10,-1.0128434682229324e-10
150.39,5.491414832523346e-10,-1.2315677010440635e-10
150.4,5.373519498478316e-10,-1.4496696644560851e-10
150.41,5.255123914074332e-10,-1.6671273377411778e-10
150.42,5.136241690723071e-10,-1.8839188131052177e-10
150.43,5.0168864825304e-10,-2.1000223075154312e-10
150.44,4.897071973728034e-10,-2.315416151258873e-10
150.45,4.776811901726908e-10,-2.5300788124373554e-10
150.46,4.6561200384186633e-10,-2.743988877249078e-10
150.47,4.5350101809343625e-10,-2.95712506295318e-10
150.48,4.413496165996461e-10,-3.1694662162007807e-10
150.49,4.291591864247476e-10,-3.380991315654743e-10
150.5,4.1693111726674493e-10,-3.5916794781194984e-10
150.51,4.046668014047344e-10,-3.801509951780745e-10
150.52,3.9236763473207824e-10,-4.0104621264492924e-10
150.53,3.800350152730011e-10,-4.2185155324930377e-10
150.54,3.6767034305231383e-10,-4.425649841322474e-10
150.55,3.5527502112641654e-10,-4.63184486958801e-10
150.56,3.4285045331069284e-10,-4.837080575586944e-10
150.57,3.3039804698705223e-10,-5.041337074307107e-10
150.58,3.1791920995083876e-10,-5.244594620565085e-10
150.59,3.0541535249534824e-10,-5.446833627953185e-10
150.6,2.928878857544216e-10,-5.648034660292277e-10
150.61,2.8033822186417566e-10,-5.848178433270796e-10
150.62,2.6776777598697873e-10,-6.047245827683238e-10
150.63,2.5517796163172217e-10,-6.245217872296468e-10
150.64,2.4257019460504965e-10,-6.442075765106176e-10
150.65,2.2994589085698035e-10,-6.637800860564819e-10
150.66,2.1730646708457253e-10,-6.832374678694232e-10
150.67,2.0465334039189227e-10,-7.025778903039887e-10
150.68,1.9198792760424313e-10,-7.217995385561782e-10
150.69,1.7931164595246692e-10,-7.409006145269135e-10
150.7,1.6662591246020482e-10,-7.598793372471113e-10
150.71,1.5393214335948805e-10,-7.787339425677409e-10
150.72,1.412317550995523e-10,-7.97462684124769e-10
150.73,1.2852616297873224e-10,-8.160638325486196e-10
150.74,1.1581678165904865e-10,-8.345356762112516e-10
150.75,1.0310502498979989e-10,-8.528765214191839e-10
150.76,9.039230581996283e-11,-8.710846920424976e-10
150.77,7.768003517656469e-11,-8.891585300397034e-10
150.78,6.496962298307582e-11,-9.070963957873382e-10
150.79,5.2262477503899886e-11,-9.24896667316428e-10
150.8,3.956000653659962e-11,-9.4255774248444e-10
150.81,2.6863613320452435e-11,-9.600780357348425e-10
150.82,1.4174701626804493e-11,-9.774559819577576e-10
150.83,1.4946712329351475e-12,-9.946900336670072e-10
150.84,-1.1175079351443821e-11,-1.011778663083782e-9
150.85,-2.3833154517345343e-11,-1.028720361077248e-9
150.86,-3.647816132175994e-11,-1.0455136378278009e-9
150.87,-4.910870966762948e-11,-1.0621570228109907e-9
150.88,-6.17234127737503e-11,-1.0786490647304587e-9
150.89,-7.432088469206817e-11,-1.094988332938199e-9
150.9,-8.689974668955014e-11,-1.1111734145177252e-9
150.91,-9.945862032948438e-11,-1.1272029178141855e-9
150.92,-1.1199613209255273e-10,-1.143075470293251e-9
150.93,-1.2451091224547913e-10,-1.1587897198109773e-9
150.94,-1.3700159388818808e-10,-1.1743443340621714e-9
150.95,-1.4946681516258804e-10,-1.1897380009692254e-9
150.96,-1.619052179712752e-10,-1.2049694286927709e-9
150.97,-1.7431544823263928e-10,-1.2200373457445214e-9
150.98,-1.8669615764138722e-10,-1.2349405013182457e-9
150.99,-1.9904600081760015e-10,-1.2496776646218056e-9
151.0,-2.1136363776777005e-10,-1.2642476259722494e-9
151.01,-2.2364773327403522e-10,-1.2786491961288198e-9
151.02,-2.358969588555926e-10,-1.2928812070587439e-9
151.03,-2.481099881115027e-10,-1.3069425108989109e-9
151.04,-2.6028550229373565e-10,-1.3208319813430988e-9
151.05,-2.724221874058545e-10,-1.3345485128528614e-9
151.06,-2.845187348973477e-10,-1.3480910210492987e-9
151.07,-2.96573842532e-10,-1.3614584426269437e-9
151.08,-3.0858621329020295e-10,-1.3746497357626752e-9
151.09,-3.205545566240263e-10,-1.3876638796877665e-9
151.1,-3.3247758796563804e-10,-1.40049987538552e-9
151.11,-3.4435402920372303e-10,-1.4131567438981586e-9
151.12,-3.5618260873306143e-10,-1.4256335298431547e-9
151.13,-3.679620607922853e-10,-1.437929298166643e-9
151.14,-3.796911276387014e-10,-1.45004313533759e-9
151.15,-3.913685575739511e-10,-1.4619741498275657e-9
151.16,-4.0299310507869217e-10,-1.4737214718805193e-9
151.17,-4.145635334669563e-10,-1.4852842529988213e-9
151.18,-4.2607861262175505e-10,-1.4966616666651511e-9
151.19,-4.3753711913273423e-10,-1.507852908529925e-9
151.2,-4.4893783772232116e-10,-1.5188571956854623e-9
151.21,-4.602795604228589e-10,-1.5296737672852867e-9
151.22,-4.71561087627255e-10,-1.5403018843704948e-9
151.23,-4.827812270532796e-10,-1.5507408299910068e-9
151.24,-4.93938794060024e-10,-1.5609899090021088e-9
151.25,-5.050326133657537e-10,-1.5710484485644491e-9
151.26,-5.160615167632839e-10,-1.5809157977119248e-9
151.27,-5.270243454348732e-10,-1.5905913273789443e-9
151.28,-5.379199474980576e-10,-1.6000744307909595e-9
151.29,-5.487471812828533e-10,-1.6093645237290594e-9
151.3,-5.59504913516014e-10,-1.6184610427381724e-9
151.31,-5.701920187976918e-10,-1.6273634478398833e-9
151.32,-5.808073823031619e-10,-1.6360712202468538e-9
151.33,-5.91349896345663e-10,-1.6445838641367807e-9
151.34,-6.018184645314535e-10,-1.6529009051010601e-9
151.35,-6.122119977389534e-10,-1.661021891297935e-9
151.36,-6.225294176086157e-10,-1.6689463929203222e-9
151.37,-6.327696554166141e-10,-1.676674001857916e-9
151.38,-6.429316513056726e-10,-1.6842043332239283e-9
151.39,-6.530143551570819e-10,-1.691537023059009e-9
151.4,-6.630167274365012e-10,-1.6986717299875912e-9
151.41,-6.729377376447041e-10,-1.7056081351778795e-9
151.42,-6.827763665033249e-10,-1.7123459410466545e-9
151.43,-6.92531603822452e-10,-1.7188848726487266e-9
151.44,-7.022024500917007e-10,-1.7252246769945525e-9
151.45,-7.117879164372059e-10,-1.7313651229608485e-9
151.46,-7.212870242878797e-10,-1.7373060016158502e-9
151.47,-7.30698805069669e-10,-1.743047125749413e-9
151.48,-7.400223016394435e-10,-1.7485883304262754e-9
151.49,-7.492565677254235e-10,-1.7539294723101679e-9
151.5,-7.584006667283314e-10,-1.7590704302065938e-9
151.51,-7.674536744316763e-10,-1.7640111046017515e-9
151.52,-7.764146768237613e-10,-1.768751417803375e-9
151.53,-7.852827708313343e-10,-1.7732913140882521e-9
151.54,-7.94057065726034e-10,-1.777630758976244e-9
151.55,-8.027366812910812e-10,-1.781769740069818e-9
151.56,-8.113207476913131e-10,-1.7857082666899344e-9
151.57,-8.198084085594857e-10,-1.7894463694330713e-9
151.58,-8.281988180926954e-10,-1.792984100460023e-9
151.59,-8.36491141779535e-10,-1.7963215336738803e-9
151.6,-8.446845574166953e-10,-1.799458764178115e-9
151.61,-8.527782545146322e-10,-1.8023959084223408e-9
151.62,-8.607714344417973e-10,-1.8051331040934616e-9
151.63,-8.686633103902345e-10,-1.8076705104173137e-9
151.64,-8.764531069570609e-10,-1.8100083076814621e-9
151.65,-8.841400633705434e-10,-1.8121466967905801e-9
151.66,-8.917234274512836e-10,-1.8140859006711192e-9
151.67,-8.992024614216658e-10,-1.8158261622842706e-9
151.68,-9.065764396008277e-10,-1.8173677459833071e-9
151.69,-9.138446483989585e-10,-1.8187109368387356e-9
151.7,-9.210063867279871e-10,-1.8198560405591177e-9
151.71,-9.280609661124329e-10,-1.8208033836644286e-9
151.72,-9.350077108769845e-10,-1.8215533129188532e-9
151.73,-9.418459569671142e-10,-1.8221061964142896e-9
151.74,-9.485750545556384e-10,-1.8224624216434993e-9
151.75,-9.551943654272262e-10,-1.8226223968677247e-9
151.76,-9.61703264358912e-10,-1.822586550735591e-9
151.77,-9.681011393588468e-10,-1.8223553318257712e-9
151.78,-9.743873914084952e-10,-1.82192920866134e-9
151.79,-9.805614340715723e-10,-1.8213086700580473e-9
151.8,-9.866226942110444e-10,-1.8204942244521743e-9
151.81,-9.925706114485978e-10,-1.8194864000494542e-9
151.82,-9.98404639525627e-10,-1.818285744109364e-9
151.83,-1.004124242655708e-9,-1.8168928260299734e-9
151.84,-1.0097289023577928e-9,-1.8153082305865587e-9
151.85,-1.0152181102969088e-9,-1.813532565008818e-9
151.86,-1.0205913726811955e-9,-1.8115664543752177e-9
151.87,-1.0258482081573247e-9,-1.809410543658486e-9
151.88,-1.0309881503870446e-9,-1.8070654959869674e-9
151.89,-1.0360107448272362e-9,-1.8045319940953712e-9
151.9,-1.04091555128939e-9,-1.801810739139942e-9
151.91,-1.0457021433215597e-9,-1.798902450875263e-9
151.92,-1.050370106126816e-9,-1.7958078681148356e-9
151.93,-1.054919040944123e-9,-1.7925277473471115e-9
151.94,-1.0593485616780596e-9,-1.7890628639230707e-9
151.95,-1.063658295010317e-9,-1.7854140110728992e-9
151.96,-1.0678478825540443e-9,-1.7815820000059125e-9
151.97,-1.0719169781973672e-9,-1.7775676603346353e-9
151.98,-1.0758652512186391e-9,-1.7733718385770818e-9
151.99,-1.079692383179524e-9,-1.7689953998535185e-9
152.0,-1.0833980701414509e-9,-1.7644392262458874e-9
152.01,-1.0869820211464107e-9,-1.7597042174235516e-9
152.02,-1.0904439599189912e-9,-1.7547912901864844e-9
152.03,-1.093783624189505e-9,-1.7497013782845647e-9
152.04,-1.0970007645073129e-9,-1.7444354328686102e-9
152.05,-1.1000951444455515e-9,-1.7389944216466658e-9
152.06,-1.103066544435249e-9,-1.7333793288794869e-9
152.07,-1.1059147558506547e-9,-1.7275911558055119e-9
152.08,-1.1086395852066038e-9,-1.721630919606965e-9
152.09,-1.1112408529748749e-9,-1.7154996539419387e-9
152.1,-1.113718392587222e-9,-1.7091984084977933e-9
152.11,-1.1160720522650247e-9,-1.7027282490336002e-9
152.12,-1.118301693248852e-9,-1.6960902569997923e-9
152.13,-1.1204071908905914e-9,-1.689285529916938e-9
152.14,-1.1223884367959868e-9,-1.6823151790841573e-9
152.15,-1.1242453318723851e-9,-1.6751803336994507e-9
152.16,-1.1259777941215601e-9,-1.667882136496946e-9
152.17,-1.127585754379221e-9,-1.660421745692875e-9
152.18,-1.1290691578703866e-9,-1.6528003341421104e-9
152.19,-1.130427962590598e-9,-1.6450190898449587e-9
152.2,-1.1316621417476137e-9,-1.6370792148346183e-9
152.21,-1.1327716814079018e-9,-1.628981925762912e-9
152.22,-1.133756580647652e-9,-1.6207284535039898e-9
152.23,-1.1346168560896919e-9,-1.612320043244864e-9
152.24,-1.1353525327789144e-9,-1.6037579534499315e-9
152.25,-1.1359636531023975e-9,-1.5950434566867926e-9
152.26,-1.1364502719509205e-9,-1.586177839135609e-9
152.27,-1.1368124585349183e-9,-1.577162400027242e-9
152.28,-1.137050294931172e-9,-1.5679984522879587e-9
152.29,-1.1371638778891415e-9,-1.5586873214055833e-9
152.3,-1.137153316590744e-9,-1.5492303460054097e-9
152.31,-1.1370187352270368e-9,-1.539628877473163e-9
152.32,-1.136760270259445e-9,-1.5298842789591925e-9
152.33,-1.1363780723843436e-9,-1.5199979272758e-9
152.34,-1.135872305493683e-9,-1.509971210414971e-9
152.35,-1.135243147678659e-9,-1.4998055285181067e-9
152.36,-1.1344907898921746e-9,-1.4895022936766364e-9
152.37,-1.1336154361033982e-9,-1.479062929618765e-9
152.38,-1.1326173043580022e-9,-1.4684888715120308e-9
152.39,-1.1314966258397608e-9,-1.4577815656112817e-9
152.4,-1.1302536453570036e-9,-1.446942469438877e-9
152.41,-1.1288886199045287e-9,-1.4359730514508947e-9
152.42,-1.1274018211728425e-9,-1.4248747905691808e-9
152.43,-1.1257935327072518e-9,-1.4136491765771496e-9
152.44,-1.1240640521099804e-9,-1.4022977093003712e-9
152.45,-1.1222136897265396e-9,-1.3908218988204685e-9
152.46,-1.1202427683874368e-9,-1.379223265568869e-9
152.47,-1.1181516249186542e-9,-1.3675033391579683e-9
152.48,-1.1159406085750242e-9,-1.3556636591386033e-9
152.49,-1.1136100807632447e-9,-1.3437057746424346e-9
152.5,-1.1111604177199547e-9,-1.3316312433720415e-9
152.51,-1.1085920061007629e-9,-1.3194416328293708e-9
152.52,-1.1059052468596542e-9,-1.3071385188850676e-9
152.53,-1.1031005523807385e-9,-1.294723486433839e-9
152.54,-1.1001783490678066e-9,-1.2821981283084762e-9
152.55,-1.0971390748661158e-9,-1.2695640461176379e-9
152.56,-1.0939831802432332e-9,-1.256822849315015e-9
152.57,-1.090711128540635e-9,-1.243976155183774e-9
152.58,-1.087323394602872e-9,-1.2310255889163142e-9
152.59,-1.083820466997406e-9,-1.2179727830765182e-9
152.6,-1.0802028451250346e-9,-1.2048193774699011e-9
152.61,-1.0764710408477096e-9,-1.1915670191583169e-9
152.62,-1.0726255783522111e-9,-1.178217361993622e-9
152.63,-1.0686669938974217e-9,-1.1647720665656752e-9
152.64,-1.064595835127263e-9,-1.1512328002839196e-9
152.65,-1.0604126621602642e-9,-1.1376012364324474e-9
152.66,-1.0561180466712036e-9,-1.123879054710713e-9
152.67,-1.051712571985305e-9,-1.1100679405125337e-9
152.68,-1.047196831997338e-9,-1.0961695858299284e-9
152.69,-1.0425714346340749e-9,-1.0821856868597048e-9
152.7,-1.03783699700318e-9,-1.0681179461683555e-9
152.71,-1.0329941487355184e-9,-1.0539680711162065e-9
152.72,-1.0280435305502245e-9,-1.0397377738353906e-9
152.73,-1.0229857940723825e-9,-1.0254287717333577e-9
152.74,-1.0178216022573945e-9,-1.011042786527351e-9
152.75,-1.0125516289819814e-9,-9.965815441112013e-10
152.76,-1.0071765583518453e-9,-9.820467751520146e-10
152.77,-1.0016970892954012e-9,-9.674402130225484e-10
152.78,-9.961139248815415e-10,-9.52763596685472e-10
152.79,-9.904277841228523e-10,-9.38018667155612e-10
152.8,-9.846393947493098e-10,-9.232071697105016e-10
152.81,-9.787494949690135e-10,-9.083308522850137e-10
152.82,-9.727588336627126e-10,-8.933914663423803e-10
152.83,-9.666681697665542e-10,-8.783907657181652e-10
152.84,-9.604782729523963e-10,-8.633305069823445e-10
152.85,-9.541899223015002e-10,-8.482124491593199e-10
152.86,-9.47803908025259e-10,-8.330383535150634e-10
152.87,-9.413210289453435e-10,-8.17809983179571e-10
152.88,-9.34742094794571e-10,-8.025291032042617e-10
152.89,-9.280679237571892e-10,-7.871974804649736e-10
152.9,-9.212993455180491e-10,-7.718168826216548e-10
152.91,-9.144371975800182e-10,-7.56389079402041e-10
152.92,-9.074823278999018e-10,-7.409158410649343e-10
152.93,-9.004355931505511e-10,-7.253989388039045e-10
152.94,-8.932978589327745e-10,-7.09840144852501e-10
152.95,-8.860700018879396e-10,-6.942412307548204e-10
152.96,-8.787529052398329e-10,-6.786039697997806e-10
152.97,-8.7134746202586e-10,-6.629301345531738e-10
152.98,-8.638545748751835e-10,-6.472214979067574e-10
152.99,-8.562751533543341e-10,-6.314798309374534e-10
153.0,-8.486101174683714e-10,-6.157069065773041e-10
153.01,-8.408603945656136e-10,-5.99904495537609e-10
153.02,-8.330269205846932e-10,-5.840743681900855e-10
153.03,-8.251106396522768e-10,-5.682182933814876e-10
153.04,-8.171125041949308e-10,-5.523380390893593e-10
153.05,-8.090334746452889e-10,-5.36435371713737e-10
153.06,-8.00874518720467e-10,-5.205120561151165e-10
153.07,-7.926366128602722e-10,-5.045698550143444e-10
153.08,-7.843207401157542e-10,-4.886105300712295e-10
153.09,-7.75927892181116e-10,-4.726358393043582e-10
153.1,-7.674590674165907e-10,-4.5664753933108734e-10
153.11,-7.589152716222053e-10,-4.406473840319553e-10
153.12,-7.502975177446456e-10,-4.2463712441431467e-10
153.13,-7.416068265791137e-10,-4.086185085920957e-10
153.14,-7.328442241852057e-10,-3.9259328170923227e-10
153.15,-7.240107449345104e-10,-3.7656318531931835e-10
153.16,-7.151074294827003e-10,-3.6052995781257213e-10
153.17,-7.061353248670805e-10,-3.444953336051718e-10
153.18,-6.970954846308516e-10,-3.2846104355283317e-10
153.19,-6.879889684892758e-10,-3.1242881453255514e-10
153.2,-6.78816842930942e-10,-2.96400368873928e-10
153.21,-6.695801799272874e-10,-2.803774249160369e-10
153.22,-6.602800577987222e-10,-2.643616960798021e-10
153.23,-6.509175602381993e-10,-2.4835489135991537e-10
153.24,-6.414937774094648e-10,-2.3235871476838015e-10
153.25,-6.320098038637918e-10,-2.1637486548223475e-10
153.26,-6.224667411250229e-10,-2.0040503658834486e-10
153.27,-6.128656945705442e-10,-1.8445091692933543e-10
153.28,-6.032077757774005e-10,-1.6851418891260824e-10
153.29,-5.934941006028308e-10,-1.5259652966675167e-10
153.3,-5.83725790667467e-10,-1.3669961012230442e-10
153.31,-5.739039717847599e-10,-1.2082509512260983e-10
153.32,-5.640297748085764e-10,-1.0497464342862009e-10
153.33,-5.541043347930156e-10,-8.914990728242902e-11
153.34,-5.441287916608631e-10,-7.33525323492075e-11
153.35,-5.341042888147536e-10,-5.758415749531076e-11
153.36,-5.240319747867579e-10,-4.184641483620243e-11
153.37,-5.139130014899325e-10,-2.614092919003223e-11
153.38,-5.037485250630734e-10,-1.0469318321708571e-11
153.39,-4.935397048895397e-10,5.166807370472508e-12
153.4,-4.832877048385819e-10,2.076584525353694e-11
153.41,-4.729936916241799e-10,3.632620026530548e-11
153.42,-4.626588354037016e-10,5.184628517855115e-11
153.43,-4.522843094864648e-10,6.732452081975957e-11
153.44,-4.4187129045389117e-10,8.275933599238904e-11
153.45,-4.3142095799362595e-10,9.814916824986154e-11
153.46,-4.209344943247791e-10,1.1349246323897125e-10
153.47,-4.104130843856079e-10,1.287876752106247e-10
153.48,-3.9985791589152526e-10,1.4403326736166652e-10
153.49,-3.8927017890176354e-10,1.592277119995779e-10
153.5,-3.7865106544214527e-10,1.7436948995083998e-10
153.51,-3.680017702816489e-10,1.8945709160502543e-10
153.52,-3.5732348894199825e-10,2.0448901646604479e-10
153.53,-3.466174215412217e-10,2.1946377412773585e-10
153.54,-3.3588476675325673e-10,2.343798827931054e-10
153.55,-3.251267267857759e-10,2.492358713323136e-10
153.56,-3.143445048155515e-10,2.6403027787999603e-10
153.57,-3.0353930565146075e-10,2.7876165115580705e-10
153.58,-2.9271233448819795e-10,2.934285495635053e-10
153.59,-2.8186479838427863e-10,3.080295421398068e-10
153.6,-2.709979055104604e-10,3.225632082233011e-10
153.61,-2.601128651784708e-10,3.370281376651343e-10
153.62,-2.492108838527048e-10,3.514229311485805e-10
153.63,-2.382931743424927e-10,3.6574620001289836e-10
153.64,-2.2736094576390577e-10,3.7999656667430505e-10
153.65,-2.1641540854929484e-10,3.9417266449997886e-10
153.66,-2.0545777351147034e-10,4.0827313811526397e-10
153.67,-1.944892515144161e-10,4.2229664359634716e-10
153.68,-1.8351105291779839e-10,4.3624184809346445e-10
153.69,-1.7252438800368818e-10,4.5010743065388026e-10
153.7,-1.6153046638493817e-10,4.638920815080388e-10
153.71,-1.5053049818201663e-10,4.77594504003402e-10
153.72,-1.395256909931157e-10,4.912134112644232e-10
153.73,-1.2851725413515363e-10,5.047475301496082e-10
153.74,-1.175063933527578e-10,5.181955988232837e-10
153.75,-1.0649431566550646e-10,5.315563679917743e-10
153.76,-9.548222494705508e-11,5.448286005428463e-10
153.77,-8.447132509302638e-11,5.580110718629121e-10
153.78,-7.346281783673446e-11,5.711025698602166e-10
153.79,-6.245790279140064e-11,5.841018951534183e-10
153.8,-5.145778162271902e-11,5.970078608800928e-10
153.81,-4.0463648139141e-11,6.098192933184774e-10
153.82,-2.9476698304811543e-11,6.225350317978688e-10
153.83,-1.849812477533439e-11,6.351539280126406e-10
153.84,-7.52911847313279e-12,6.476748474604828e-10
153.85,3.4291328754418094e-12,6.600966687497979e-10
153.86,1.437544322645825e-11,6.724182834842133e-10
153.87,2.5308629706141126e-11,6.846385969892892e-10
153.88,3.6227511780867544e-11,6.967565281100533e-10
153.89,4.7130911903000516e-11,7.087710087453667e-10
153.9,5.801765575350674e-11,7.206809853234417e-10
153.91,6.888657194063705e-11,7.324854172191252e-10
153.92,7.973649151580541e-11,7.441832782841483e-10
153.93,9.056625187605962e-11,7.557735555445041e-10
153.94,1.0137468957834055e-10,7.67255250814325e-10
153.95,1.1216064787223627e-10,7.786273794128907e-10
153.96,1.2292297242130667e-10,7.898889711621007e-10
153.97,1.3366051392141477e-10,8.010390697638304e-10
153.98,1.4437212574037824e-10,8.120767331645918e-10
153.99,1.550566661284271e-10,8.230010342029724e-10
154.0,1.6571299725190018e-10,8.338110594791626e-10
154.01,1.7633998528374804e-10,8.445059107856033e-10
154.02,1.8693650331242778e-10,8.550847032192203e-10
154.03,1.9750142453529767e-10,8.655465682701142e-10
154.04,2.080336311058847e-10,8.758906504046887e-10
154.05,2.1853200695163182e-10,8.861161101250452e-10
154.06,2.2899544368908487e-10,8.962221216946246e-10
154.07,2.3942283549775283e-10,9.06207874827745e-10
154.08,2.498130832395535e-10,9.160725740614684e-10
154.09,2.601650923946184e-10,9.25815438624854e-10
154.1,2.7047777397359717e-10,9.354357032053887e-10
154.11,2.807500451628015e-10,9.449326168020458e-10
154.12,2.909808279775031e-10,9.543054442392698e-10
154.13,3.011690500920988e-10,9.635534652408474e-10
154.14,3.1131364629482163e-10,9.726759743260124e-10
154.15,3.214135553127498e-10,9.816722820037663e-10
154.16,3.3146772377886076e-10,9.905417131925854e-10
154.17,3.4147510324207034e-10,9.992836087716248e-10
154.18,3.514346527921428e-10,1.0078973245583682e-9
154.19,3.613453375932855e-10,1.0163822314752747e-9
154.2,3.712061267328772e-10,1.0247377175857281e-9
154.21,3.8101600034346944e-10,1.032963183725488e-9
154.22,3.907739424970365e-10,1.0410580479432827e-9
154.23,4.004789445810344e-10,1.0490217434165581e-9
154.24,4.101300050976003e-10,1.0568537186507718e-9
154.25,4.1972612888152803e-10,1.0645534380351605e-9
154.26,4.292663295959499e-10,1.072120380894118e-9
154.27,4.3874962587406944e-10,1.0795540429569394e-9
154.28,4.4817504518435933e-10,1.086853935053216e-9
154.29,4.575416228450693e-10,1.0940195832536702e-9
154.3,4.668483997760652e-10,1.1010505302797514e-9
154.31,4.760944263923717e-10,1.1079463336773318e-9
154.32,4.852787597398522e-10,1.1147065669245621e-9
154.33,4.944004651211777e-10,1.121330819208873e-9
154.34,5.034586157114802e-10,1.1278186952712745e-9
154.35,5.124522926516766e-10,1.1341698155907008e-9
154.36,5.213805851665607e-10,1.1403838163054789e-9
154.37,5.302425905829524e-10,1.1464603493975802e-9
154.38,5.390374144217059e-10,1.1523990822716498e-9
154.39,5.477641712365618e-10,1.1581996981976211e-9
154.4,5.564219829649593e-10,1.1638618961746318e-9
154.41,5.650099807000975e-10,1.1693853908103905e-9
154.42,5.735273044525929e-10,1.1747699123242297e-9
154.43,5.819731020484478e-10,1.1800152067390348e-9
154.44,5.903465309768942e-10,1.185121035662334e-9
154.45,5.986467573495424e-10,1.1900871763523509e-9
154.46,6.068729556391813e-10,1.1949134217807667e-9
154.47,6.150243100090968e-10,1.1995995805961103e-9
154.48,6.231000138018941e-10,1.2041454767613997e-9
154.49,6.310992690902274e-10,1.2085509500454726e-9
154.5,6.390212874572179e-10,1.2128158560505324e-9
154.51,6.468652899717821e-10,1.2169400653700282e-9
154.52,6.546305072068741e-10,1.2209234642705861e-9
154.53,6.623161774812935e-10,1.224765955629633e-9
154.54,6.699215516846131e-10,1.22846745582887e-9
154.55,6.77445887651457e-10,1.2320278985803931e-9
154.56,6.848884567665427e-10,1.23544723073683e-9
154.57,6.922485346545136e-10,1.2387254175597793e-9
154.58,6.995254103584548e-10,1.2418624375272042e-9
154.59,7.067183826486372e-10,1.244858284961897e-9
154.6,7.138267591071262e-10,1.2477129698675742e-9
154.61,7.208498588120432e-10,1.2504265167317815e-9
154.62,7.277870094641323e-10,1.2529989661173295e-9
154.63,7.346375497116684e-10,1.2554303733171544e-9
154.64,7.414008288552492e-10,1.2577208086717595e-9
154.65,7.480762044255498e-10,1.2598703581621179e-9
154.66,7.546630475196814e-10,1.2618791220985826e-9
154.67,7.611607369070916e-10,1.2637472163254364e-9
154.68,7.675686632222938e-10,1.265474771398829e-9
154.69,7.738862274541692e-10,1.2670619328093166e-9
154.7,7.801128405035143e-10,1.2685088611186601e-9
154.71,7.862479243310376e-10,1.269815731557004e-9
154.72,7.922909115932219e-10,1.270982733878275e-9
154.73,7.982412450656685e-10,1.272010072952009e-9
154.74,8.040983804403838e-10,1.2728979681826688e-9
154.75,8.098617811864727e-10,1.2736466531819022e-9
154.76,8.155309236205312e-10,1.2742563766655546e-9
154.77,8.211052939654323e-10,1.2747274014335021e-9
154.78,8.265843905659135e-10,1.2750600046956665e-9
154.79,8.319677212052218e-10,1.2752544782726318e-9
154.8,8.372548061178599e-10,1.2753111280366708e-9
154.81,8.424451756769071e-10,1.2752302739415426e-9
154.82,8.475383728412465e-10,1.2750122501720069e-9
154.83,8.525339477829793e-10,1.2746574061399318e-9
154.84,8.574314674354744e-10,1.2741661028703525e-9
154.85,8.622305058955933e-10,1.2735387173113654e-9
154.86,8.669306501530251e-10,1.2727756394314916e-9
154.87,8.715314985327545e-10,1.2718772729996576e-9
154.88,8.760326595889167e-10,1.2708440358912513e-9
154.89,8.804337540147182e-10,1.2696763592154891e-9
154.9,8.847344139101936e-10,1.268374687896583e-9
154.91,8.889342817576624e-10,1.2669394802822511e-9
154.92,8.930330143685263e-10,1.2653712075528945e-9
154.93,8.97030276187743e-10,1.2636703552128365e-9
154.94,9.009257455448103e-10,1.2618374210784547e-9
154.95,9.047191109761298e-10,1.2598729173619263e-9
154.96,9.084100746281138e-10,1.2577773664057454e-9
154.97,9.119983474964665e-10,1.2555513075507371e-9
154.98,9.154836535463234e-10,1.2531952902332102e-9
154.99,9.18865728525005e-10,1.2507098775874301e-9
155.0,9.221443191051569e-10,1.248095645258498e-9
155.01,9.253191837525124e-10,1.245353181510995e-9
155.02,9.283900932034565e-10,1.242483086980562e-9
155.03,9.313568282785012e-10,1.2394859753169332e-9
155.04,9.342191838731845e-10,1.2363624716312691e-9
155.05,9.36976962880705e-10,1.2331132141383901e-9
155.06,9.396299837834035e-10,1.2297388522538953e-9
155.07,9.42178074463668e-10,1.2262400481116899e-9
155.08,9.446210746378636e-10,1.2226174755169032e-9
155.09,9.469588367332702e-10,1.218871819942938e-9
155.1,9.491912232892227e-10,1.2150037791392482e-9
155.11,9.513181095384097e-10,1.2110140618696493e-9
155.12,9.533393830114903e-10,1.206903388513028e-9
155.13,9.55254941324095e-10,1.2026724910028544e-9
155.14,9.570646938396781e-10,1.198322113096556e-9
155.15,9.58768563492613e-10,1.1938530085834016e-9
155.16,9.603664827538552e-10,1.1892659433098822e-9
155.17,9.618583975044421e-10,1.18456169340388e-9
155.18,9.632442631829505e-10,1.1797410467331385e-9
155.19,9.645240494961839e-10,1.1748048008953754e-9
155.2,9.656977353601747e-10,1.1697537648937837e-9
155.21,9.667653126964652e-10,1.1645887580491965e-9
155.22,9.67726784133404e-10,1.1593106099636368e-9
155.23,9.685821650033474e-10,1.1539201604228473e-9
155.24,9.693314809598827e-10,1.1484182602548514e-9
155.25,9.699747701415865e-10,1.142805769098401e-9
155.26,9.705120818740353e-10,1.1370835575732782e-9
155.27,9.709434766394468e-10,1.131252505541226e-9
155.28,9.71269027458584e-10,1.1253135027203046e-9
155.29,9.714888178754452e-10,1.1192674487145103e-9
155.3,9.716029427329269e-10,1.1131152522017917e-9
155.31,9.716115094512207e-10,1.1068578313456052e-9
155.32,9.715146355703989e-10,1.100496113834735e-9
155.33,9.71312450781819e-10,1.0940310360990533e-9
155.34,9.71005095651019e-10,1.087463543586898e-9
155.35,9.705927227995622e-10,1.0807945908975186e-9
155.36,9.700754954679505e-10,1.0740251410330166e-9
155.37,9.694535881066999e-10,1.0671561658923244e-9
155.38,9.687271866013133e-10,1.0601886457924187e-9
155.39,9.67896488380648e-10,1.0531235691331699e-9
155.4,9.66961701706297e-10,1.0459619331042346e-9
155.41,9.659230453737172e-10,1.0387047423019532e-9
155.42,9.647807502370188e-10,1.0313530100165791e-9
155.43,9.635350576804744e-10,1.0239077569998236e-9
155.44,9.62186220585011e-10,1.0163700116016972e-9
155.45,9.607345014026072e-10,1.008740810317483e-9
155.46,9.591801758564172e-10,1.001021196319037e-9
155.47,9.57523528144032e-10,9.932122208246125e-10
155.48,9.55764854710635e-10,9.853149418140892e-10
155.49,9.539044630502926e-10,9.77330424416969e-10
155.5,9.519426692548228e-10,9.692597409096225e-10
155.51,9.49879802585179e-10,9.611039703990617e-10
155.52,9.47716202065847e-10,9.528641981004065e-10
155.53,9.454522172645053e-10,9.445415163350101e-10
155.54,9.430882074192978e-10,9.361370237097537e-10
155.55,9.406245442167339e-10,9.276518248297225e-10
155.56,9.380616080247282e-10,9.190870308070853e-10
155.57,9.353997906431218e-10,9.104437585473753e-10
155.58,9.326394935599963e-10,9.017231307457396e-10
155.59,9.297811281112973e-10,8.929262760232866e-10
155.6,9.268251177745502e-10,8.840543285066586e-10
155.61,9.237718940675793e-10,8.751084276718516e-10
155.62,9.206218997418324e-10,8.660897183793818e-10
155.63,9.173755871631839e-10,8.569993508108763e-10
155.64,9.140334189811243e-10,8.478384799660537e-10
155.65,9.105958673127225e-10,8.386082659503519e-10
155.66,9.07063414393216e-10,8.293098734675569e-10
155.67,9.034365522470461e-10,8.199444719356981e-10
155.68,8.997157836586238e-10,8.105132350174375e-10
155.69,8.959016184085571e-10,8.010173413849155e-10
155.7,8.919945784693594e-10,7.914579731563624e-10
155.71,8.879951935112055e-10,7.818363170104998e-10
155.72,8.839040043554081e-10,7.72153563437578e-10
155.73,8.797215597980342e-10,7.62410906636406e-10
155.74,8.754484184280335e-10,7.526095445184178e-10
155.75,8.710851484768358e-10,7.427506784476762e-10
155.76,8.666323270400784e-10,7.328355129633478e-10
155.77,8.620905386846006e-10,7.228652574970374e-10
155.78,8.574603801959934e-10,7.12841121659785e-10
155.79,8.527424551144685e-10,7.02764320292507e-10
155.8,8.479373766187387e-10,6.926360699833542e-10
155.81,8.430457650991704e-10,6.824575909646938e-10
155.82,8.380682524135084e-10,6.722301049040811e-10
155.83,8.330054768162561e-10,6.619548365756436e-10
155.84,8.27858085831631e-10,6.516330128381578e-10
155.85,8.226267360286809e-10,6.412658625236016e-10
155.86,8.173120904162628e-10,6.30854617090259e-10
155.87,8.119148232225887e-10,6.204005088260941e-10
155.88,8.064356138572484e-10,6.099047726369145e-10
155.89,8.008751516844483e-10,5.993686447011746e-10
155.9,7.952341354396593e-10,5.887933620067431e-10
155.91,7.895132677511317e-10,5.781801641434155e-10
155.92,7.837132625387768e-10,5.67530290741057e-10
155.93,7.778348401870491e-10,5.568449830171306e-10
155.94,7.718787292758628e-10,5.461254825974213e-10
155.95,7.658456653178829e-10,5.35373032676079e-10
155.96,7.597363918747928e-10,5.245888761821808e-10
155.97,7.535516600911433e-10,5.137742568411509e-10
155.98,7.472922286247684e-10,5.02930419228063e-10
155.99,7.409588605799582e-10,4.920586070008453e-10
156.0,7.345523310457122e-10,4.811600649852908e-10
156.01,7.280734185334562e-10,4.702360373738825e-10
156.02,7.215229100555893e-10,4.592877681991703e-10
156.03,7.149015987449189e-10,4.483165013326074e-10
156.04,7.082102848255457e-10,4.3732348005245285e-10
156.05,7.014497756015697e-10,4.2630994688083714e-10
156.06,6.946208835900052e-10,4.152771441024927e-10
156.07,6.877244293235832e-10,4.042263128055116e-10
156.08,6.807612398713414e-10,3.9315869234463897e-10
156.09,6.737321467517355e-10,3.8207552224310014e-10
156.1,6.666379891427179e-10,3.7097804008019475e-10
156.11,6.594796121528899e-10,3.598674820620252e-10
156.12,6.52257866510401e-10,3.487450827030642e-10
156.13,6.449736090047363e-10,3.376120754319763e-10
156.14,6.376277018811816e-10,3.264696911649667e-10
156.15,6.302210142475634e-10,3.1531915927039204e-10
156.16,6.227544184120555e-10,3.0416170724555663e-10
156.17,6.152287954518043e-10,2.9299855965597483e-10
156.18,6.076450288096971e-10,2.818309397481285e-10
156.19,6.000040089677673e-10,2.706600675560038e-10
156.2,5.923066307406038e-10,2.594871610500667e-10
156.21,5.845537950091802e-10,2.483134349681243e-10
156.22,5.76746406398114e-10,2.37140101909255e-10
156.23,5.688853746782736e-10,2.2596837094481074e-10
156.24,5.609716152258265e-10,2.1479944837145826e-10
156.25,5.530060472308453e-10,2.0363453725245074e-10
156.26,5.449895942864637e-10,1.924748370875613e-10
156.27,5.369231854463617e-10,1.8132154436529254e-10
156.28,5.288077530492703e-10,1.7017585159871275e-10
156.29,5.206442343673368e-10,1.5903894807793216e-10
156.3,5.124335700782889e-10,1.479120186611866e-10
156.31,5.041767053664229e-10,1.3679624502142786e-10
156.32,4.95874589047286e-10,1.2569280406270424e-10
156.33,4.875281742456574e-10,1.1460286914629874e-10
156.34,4.791384171308383e-10,1.0352760886551761e-10
156.35,4.707062776259847e-10,9.246818774595467e-11
156.36,4.62232719444087e-10,8.142576566313516e-11
156.37,4.5371870935250173e-10,7.040149776245999e-11
156.38,4.451652170277495e-10,5.939653471085787e-11
156.39,4.3657321609294146e-10,4.8412022013193145e-11
156.4,4.2794368266561995e-10,3.744910050030218e-11
156.41,4.1927759559098267e-10,2.650890581007108e-11
156.42,4.10575937072204e-10,1.559256818483751e-11
156.43,4.018396922696668e-10,4.701212691779217e-12
156.44,3.930698467296054e-10,-6.1640407162779524e-12
156.45,3.842673916377378e-10,-1.7002078214275997e-11
156.46,3.754333182465895e-10,-2.7811790897387565e-11
156.47,3.665686212914574e-10,-3.859207645851915e-11
156.48,3.5767429706056385e-10,-4.9341837731505764e-11
156.49,3.487513429003419e-10,-6.00599834630031e-11
156.5,3.3980076147431537e-10,-7.074542924485066e-11
156.51,3.308235527663195e-10,-8.139709593491191e-11
156.52,3.218207230568963e-10,-9.201391153646618e-11
156.53,3.1279327251220537e-10,-1.0259480888129323e-10
156.54,3.037422139302369e-10,-1.1313872948026517e-10
156.55,2.946685527219499e-10,-1.2364461958230213e-10
156.56,2.8557329846832005e-10,-1.3411143285132996e-10
156.57,2.7645746242120367e-10,-1.4453812997103042e-10
156.58,2.6732205562149106e-10,-1.5492367768255229e-10
156.59,2.5816809068348525e-10,-1.6526705039429255e-10
156.6,2.489965809438989e-10,-1.755672292246125e-10
156.61,2.398085406633456e-10,-1.8582320275622616e-10
156.62,2.3060498385068415e-10,-1.9603396606660662e-10
156.63,2.213869257497895e-10,-2.0619852277262403e-10
156.64,2.12155382280642e-10,-2.163158826520305e-10
156.65,2.0291136822687844e-10,-2.2638506384784527e-10
156.66,1.9365589963822128e-10,-2.364050919383018e-10
156.67,1.8438999241429648e-10,-2.4637499986902876e-10
156.68,1.7511466232346915e-10,-2.562938287501424e-10
156.69,1.658309244786241e-10,-2.661606274078067e-10
156.7,1.5653979400680463e-10,-2.7597445216674936e-10
156.71,1.4724228598795037e-10,-2.857343687775266e-10
156.72,1.3793941386665978e-10,-2.9543944908874133e-10
156.73,1.286321920256588e-10,-3.050887749462166e-10
156.74,1.1932163278057415e-10,-3.146814353008603e-10
156.75,1.1000874795141898e-10,-3.242165282071055e-10
156.76,1.006945487212087e-10,-3.3369315964677126e-10
156.77,9.138004502912682e-11,-3.431104443819961e-10
156.78,8.206624466498317e-11,-3.5246750564397626e-10
156.79,7.275415422100559e-11,-3.6176347504288975e-10
156.8,6.344478441310586e-11,-3.709974944752955e-10
156.81,5.413913411823767e-11,-3.8016871213943874e-10
156.82,4.483820892559322e-11,-3.8927628710234505e-10
156.83,3.5543009006387075e-11,-3.983193862894677e-10
156.84,2.6254533862883957e-11,-4.072971865682649e-10
156.85,1.6973780396257294e-11,-4.162088728362728e-10
156.86,7.701744096758006e-12,-4.2505363994016096e-10
156.87,-1.5605818966872199e-12,-4.338306918791299e-10
156.88,-1.0812206858589819e-11,-4.425392414345084e-10
156.89,-2.0052142563481737e-11,-4.511785114734022e-10
156.9,-2.927940295464925e-11,-4.5974773356250354e-10
156.91,-3.849300442423592e-11,-4.682461492486926e-10
156.92,-4.769196596753102e-11,-4.766730098628547e-10
156.93,-5.687531172378991e-11,-4.850275744028906e-10
156.94,-6.604206424761794e-11,-4.933091145731648e-10
156.95,-7.519125276257941e-11,-5.015169095817442e-10
156.96,-8.432190805473347e-11,-5.096502492082744e-10
156.97,-9.343306427432127e-11,-5.177084329530989e-10
156.98,-1.0252375948109812e-10,-5.256907698473791e-10
156.99,-1.115930344682439e-10,-5.335965794210976e-10
157.0,-1.2063993332316335e-10,-5.414251906179924e-10
157.01,-1.296635043573708e-10,-5.491759431526925e-10
157.02,-1.3866279967872608e-10,-5.568481856280569e-10
157.03,-1.4763687470193504e-10,-5.644412779168005e-10
157.04,-1.5658478874417491e-10,-5.719545895523126e-10
157.05,-1.6550560523970957e-10,-5.793875002997358e-10
157.06,-1.7439839234596358e-10,-5.867394001508217e-10
157.07,-1.8326222079138684e-10,-5.940096895498042e-10
157.08,-1.9209616756575277e-10,-6.011977790584052e-10
157.09,-2.008993123507636e-10,-6.083030898856782e-10
157.1,-2.0967074195479764e-10,-6.15325052716129e-10
157.11,-2.184095415159952e-10,-6.222631110745713e-10
157.12,-2.2711480930402112e-10,-6.291167159764878e-10
157.13,-2.357856426004447e-10,-6.358853306103764e-10
157.14,-2.4442114546535667e-10,-6.425684285849031e-10
157.15,-2.530204261202457e-10,-6.491654938965536e-10
157.16,-2.6158259856878733e-10,-6.556760212472122e-10
157.17,-2.7010678162447926e-10,-6.620995158745487e-10
157.18,-2.7859209904962067e-10,-6.684354937234332e-10
157.19,-2.8703768112748365e-10,-6.746834814702162e-10
157.2,-2.954426606720922e-10,-6.80843016691408e-10
157.21,-3.0380617912178457e-10,-6.869136473815582e-10
157.22,-3.1212738234880266e-10,-6.928949323697404e-10
157.23,-3.20405420956802e-10,-6.987864416340548e-10
157.24,-3.2863945264814733e-10,-7.045877555323343e-10
157.25,-3.3682864046800996e-10,-7.102984653741953e-10
157.26,-3.449721522807871e-10,-7.159181736425417e-10
157.27,-3.5306916391524564e-10,-7.214464932659084e-10
157.28,-3.61118855809657e-10,-7.268830483082579e-10
157.29,-3.6912041471541327e-10,-7.322274736709333e-10
157.3,-3.770730344382868e-10,-7.374794150855464e-10
157.31,-3.849759141211775e-10,-7.426385293282354e-10
157.32,-3.9282825963785447e-10,-7.477044842565674e-10
157.33,-4.0062928398633355e-10,-7.526769582284416e-10
157.34,-4.083782054835986e-10,-7.575556409857571e-10
157.35,-4.16074249918169e-10,-7.623402331028171e-10
157.36,-4.237166495499632e-10,-7.67030446154013e-10
157.37,-4.313046431954005e-10,-7.716260026631769e-10
157.38,-4.388374773101739e-10,-7.761266360654059e-10
157.39,-4.4631440419603593e-10,-7.805320907652392e-10
157.4,-4.537346838094605e-10,-7.848421224458042e-10
157.41,-4.61097582886489e-10,-7.890564973754455e-10
157.42,-4.684023751828672e-10,-7.931749931635111e-10
157.43,-4.756483426367666e-10,-7.97197398049747e-10
157.44,-4.828347730661762e-10,-8.011235117024499e-10
157.45,-4.899609625060662e-10,-8.049531442950994e-10
157.46,-4.97026214222923e-10,-8.086861173600583e-10
157.47,-5.040298387704863e-10,-8.123222627440242e-10
157.48,-5.109711543668857e-10,-8.158614245420791e-10
157.49,-5.178494870023479e-10,-8.193034562543848e-10
157.5,-5.246641701391309e-10,-8.226482233477194e-10
157.51,-5.314145449517253e-10,-8.258956018811811e-10
157.52,-5.380999604687329e-10,-8.29045478775241e-10
157.53,-5.447197736813744e-10,-8.320977518820965e-10
157.54,-5.512733491224682e-10,-8.350523302438246e-10
157.55,-5.577600602170805e-10,-8.37909133012102e-10
157.56,-5.641792870690374e-10,-8.406680911796677e-10
157.57,-5.705304191029799e-10,-8.433291457226676e-10
157.58,-5.768128529640864e-10,-8.458922487612345e-10
157.59,-5.830259940337968e-10,-8.483573634522966e-10
157.6,-5.891692561209278e-10,-8.507244631358654e-10
157.61,-5.952420604926093e-10,-8.529935325520146e-10
157.62,-6.012438377466652e-10,-8.551645665443556e-10
157.63,-6.071740263071207e-10,-8.572375712163182e-10
157.64,-6.13032073385974e-10,-8.592125624529892e-10
157.65,-6.188174345159835e-10,-8.61089568733962e-10
157.66,-6.245295734821057e-10,-8.628686263432432e-10
157.67,-6.301679636987727e-10,-8.645497843411607e-10
157.68,-6.357320862148135e-10,-8.661331013193074e-10
157.69,-6.41221430359663e-10,-8.676186470472772e-10
157.7,-6.466354960870148e-10,-8.690065011277181e-10
157.71,-6.519737908423479e-10,-8.702967538590352e-10
157.72,-6.572358307632859e-10,-8.714895061113999e-10
157.73,-6.624211422019188e-10,-8.725848687925302e-10
157.74,-6.675292567563546e-10,-8.735829638242997e-10
157.75,-6.72559720441215e-10,-8.744839225098126e-10
157.76,-6.775120840818654e-10,-8.752878872456574e-10
157.77,-6.823859096111295e-10,-8.75995010029399e-10
157.78,-6.871807662594463e-10,-8.766054534155437e-10
157.79,-6.918962343339809e-10,-8.771193899923109e-10
157.8,-6.965319020934201e-10,-8.775370024112744e-10
157.81,-7.010873670882143e-10,-8.778584835640226e-10
157.82,-7.055622365764113e-10,-8.780840359964053e-10
157.83,-7.099561259860068e-10,-8.782138724996534e-10
157.84,-7.142686611730909e-10,-8.782482155940072e-10
157.85,-7.184994767910825e-10,-8.781872979330362e-10
157.86,-7.226482161181236e-10,-8.780313618395989e-10
157.87,-7.267145339010343e-10,-8.777806590524308e-10
157.88,-7.306980916163962e-10,-8.774354516513307e-10
157.89,-7.345985618839199e-10,-8.769960109564208e-10
157.9,-7.384156255726896e-10,-8.7646261821207e-10
157.91,-7.421489745543677e-10,-8.758355636827962e-10
157.92,-7.457983081776536e-10,-8.75115147822676e-10
157.93,-7.4936333713231e-10,-8.743016800340303e-10
157.94,-7.528437805299494e-10,-8.73395479154009e-10
157.95,-7.562393656197962e-10,-8.723968742557701e-10
157.96,-7.595498349207168e-10,-8.713062009984409e-10
157.97,-7.627749332289691e-10,-8.701238076246893e-10
157.98,-7.659144182861936e-10,-8.688500500766934e-10
157.99,-7.689680579031264e-10,-8.674852927868567e-10
158.0,-7.719356286342113e-10,-8.660299100342279e-10
158.01,-7.748169167515747e-10,-8.64484284794736e-10
158.02,-7.776117184327735e-10,-8.628488089875511e-10
158.03,-7.803198389367029e-10,-8.611238829143883e-10
158.04,-7.829410924738985e-10,-8.593099168398567e-10
158.05,-7.854753071604856e-10,-8.574073282339181e-10
158.06,-7.879223144544791e-10,-8.554165443351318e-10
158.07,-7.902819596174112e-10,-8.533380005137361e-10
158.08,-7.925540960806916e-10,-8.511721407273497e-10
158.09,-7.947385876081509e-10,-8.489194172573681e-10
158.1,-7.968353074800342e-10,-8.465802907368642e-10
158.11,-7.988441381186854e-10,-8.441552303295453e-10
158.12,-8.007649725976082e-10,-8.416447131504038e-10
158.13,-8.025977124038926e-10,-8.390492247081728e-10
158.14,-8.043422700133419e-10,-8.363692582469091e-10
158.15,-8.059985663793586e-10,-8.336053154708655e-10
158.16,-8.075665325823902e-10,-8.307579059705908e-10
158.17,-8.090461102953881e-10,-8.278275460752296e-10
158.18,-8.104372494529148e-10,-8.248147615431263e-10
158.19,-8.117399097649473e-10,-8.217200851974693e-10
158.2,-8.129540613603533e-10,-8.185440569813314e-10
158.21,-8.14079683498159e-10,-8.152872250224975e-10
158.22,-8.151167653057705e-10,-8.119501446562693e-10
158.23,-8.160653047710969e-10,-8.085333785136801e-10
158.24,-8.169253109576562e-10,-8.050374967247335e-10
158.25,-8.176968008330771e-10,-8.014630766121845e-10
158.26,-8.183798020152354e-10,-7.97810702552863e-10
158.27,-8.189743513239788e-10,-7.940809661301547e-10
158.28,-8.194804952372382e-10,-7.90274465759898e-10
158.29,-8.198982892941299e-10,-7.863918069069105e-10
158.3,-8.20227799214736e-10,-7.824336017112484e-10
158.31,-8.204690997189577e-10,-7.784004692340575e-10
158.32,-8.206222750223332e-10,-7.742930349657686e-10
158.33,-8.206874190745916e-10,-7.701119311063911e-10
158.34,-8.206646349114422e-10,-7.658577963161559e-10
158.35,-8.20554034937968e-10,-7.615312757186956e-10
158.36,-8.203557414291158e-10,-7.571330205864324e-10
158.37,-8.200698854019445e-10,-7.526636885392771e-10
158.38,-8.196966073687174e-10,-7.481239432681685e-10
158.39,-8.19236057247014e-10,-7.435144545202415e-10
158.4,-8.186883939492102e-10,-7.388358981904126e-10
158.41,-8.180537864575611e-10,-7.340889555503944e-10
158.42,-8.173324114174875e-10,-7.292743143467852e-10
158.43,-8.165244562651194e-10,-7.243926672338084e-10
158.44,-8.156301159338504e-10,-7.194447137190711e-10
158.45,-8.14649596295078e-10,-7.144311570724109e-10
158.46,-8.135831107037612e-10,-7.093527074204358e-10
158.47,-8.124308824598547e-10,-7.042100795557465e-10
158.48,-8.111931436888097e-10,-6.990039936596975e-10
158.49,-8.098701349238462e-10,-6.93735175378825e-10
158.5,-8.084621064248281e-10,-6.884043544576391e-10
158.51,-8.069693169096538e-10,-6.8301226692669e-10
158.52,-8.053920338936814e-10,-6.775596526908343e-10
158.53,-8.037305338034416e-10,-6.720472569412348e-10
158.54,-8.0198510198889e-10,-6.664758291757856e-10
158.55,-8.001560320285776e-10,-6.608461239329412e-10
158.56,-7.982436267915178e-10,-6.551588998419573e-10
158.57,-7.962481974115931e-10,-6.494149201463997e-10
158.58,-7.941700642468392e-10,-6.436149522531566e-10
158.59,-7.920095536271307e-10,-6.377597684047371e-10
158.6,-7.897670041301433e-10,-6.318501435946948e-10
158.61,-7.874427610130487e-10,-6.258868585456739e-10
158.62,-7.850371772416496e-10,-6.198706965563142e-10
158.63,-7.825506156018239e-10,-6.138024452672636e-10
158.64,-7.799834454097011e-10,-6.076828962784569e-10
158.65,-7.773360458138819e-10,-6.015128445293455e-10
158.66,-7.746088035904809e-10,-5.952930886027856e-10
158.67,-7.718021132266434e-10,-5.890244304998405e-10
158.68,-7.689163781419153e-10,-5.82707675612771e-10
158.69,-7.659520088166917e-10,-5.763436325886829e-10
158.7,-7.629094251066188e-10,-5.699331131848911e-10
158.71,-7.597890527408693e-10,-5.634769324584314e-10
158.72,-7.56591327719367e-10,-5.56975907849099e-10
158.73,-7.53316691654871e-10,-5.504308604144376e-10
158.74,-7.499655952703644e-10,-5.438426135055744e-10
158.75,-7.465384962726982e-10,-5.372119934029234e-10
158.76,-7.430358599581069e-10,-5.305398287146887e-10
158.77,-7.394581618362885e-10,-5.23826950670175e-10
158.78,-7.358058802035517e-10,-5.170741929056753e-10
158.79,-7.320795036622391e-10,-5.102823913867921e-10
158.8,-7.282795277025675e-10,-5.034523842601889e-10
158.81,-7.244064566075082e-10,-4.965850113103723e-10
158.82,-7.204607987989445e-10,-4.896811151686854e-10
158.83,-7.16443072345241e-10,-4.827415397848018e-10
158.84,-7.123538016993068e-10,-4.757671310684857e-10
158.85,-7.081935180780067e-10,-4.68758736645895e-10
158.86,-7.039627605078878e-10,-4.617172054731554e-10
158.87,-6.996620743832097e-10,-4.5464338846955643e-10
158.88,-6.952920109653592e-10,-4.475381378575804e-10
158.89,-6.908531310860452e-10,-4.404023067169975e-10
158.9,-6.863459983011643e-10,-4.3323675039161206e-10
158.91,-6.817711870072313e-10,-4.2604232413000853e-10
158.92,-6.771292754597677e-10,-4.1881988489843397e-10
158.93,-6.724208489736047e-10,-4.1157029037995105e-10
158.94,-6.676465003311975e-10,-4.0429439918831896e-10
158.95,-6.628068266026877e-10,-3.9699307078528507e-10
158.96,-6.579024337185416e-10,-3.896671649329176e-10
158.97,-6.52933931141611e-10,-3.823175425437694e-10
158.98,-6.479019371753117e-10,-3.74945064056447e-10
158.99,-6.428070745536103e-10,-3.675505914042473e-10
159.0,-6.376499711355725e-10,-3.6013498560988425e-10
159.01,-6.324312631313361e-10,-3.526991087601616e-10
159.02,-6.271515907724423e-10,-3.4524382254796785e-10
159.03,-6.218116007754812e-10,-3.3776998880662805e-10
159.04,-6.164119450845002e-10,-3.302784692722727e-10
159.05,-6.109532818238106e-10,-3.227701254206143e-10
159.06,-6.054362739709003e-10,-3.1524581836140904e-10
159.07,-5.998615909013363e-10,-3.0770640879727034e-10
159.08,-5.942299059488082e-10,-3.0015275716037093e-10
159.09,-5.885418989897109e-10,-2.925857230789055e-10
159.1,-5.827982546972882e-10,-2.8500616555349385e-10
159.11,-5.769996628751449e-10,-2.774149427266066e-10
159.12,-5.711468179789663e-10,-2.698129122105228e-10
159.13,-5.652404201588795e-10,-2.622009301340826e-10
159.14,-5.592811737386652e-10,-2.5457985205154856e-10
159.15,-5.53269788253846e-10,-2.4695053214250206e-10
159.16,-5.472069783016674e-10,-2.3931382326645567e-10
159.17,-5.410934617954785e-10,-2.316705774438924e-10
159.18,-5.349299625142702e-10,-2.2402164462660778e-10
159.19,-5.287172083775992e-10,-2.1636787369099766e-10
159.2,-5.224559310024966e-10,-2.087101118921153e-10
159.21,-5.161468673762829e-10,-2.0104920459222704e-10
159.22,-5.097907578137381e-10,-1.9338599572523842e-10
159.23,-5.033883471876077e-10,-1.8572132686458384e-10
159.24,-4.969403842122445e-10,-1.7805603818814663e-10
159.25,-4.904476212751803e-10,-1.703909675850739e-10
159.26,-4.83910816284324e-10,-1.6272695063411025e-10
159.27,-4.773307281510385e-10,-1.5506482119114615e-10
159.28,-4.70708121504328e-10,-1.4740541034684077e-10
159.29,-4.6404376362241543e-10,-1.39749547197882e-10
159.3,-4.57338426348191e-10,-1.3209805800718995e-10
159.31,-4.505928836015166e-10,-1.2445176682214028e-10
159.32,-4.4380791351323886e-10,-1.1681149484269387e-10
159.33,-4.369842972489496e-10,-1.0917806070052962e-10
159.34,-4.3012281913432117e-10,-1.0155228017808374e-10
159.35,-4.2322426616045916e-10,-9.393496610030193e-11
159.36,-4.1628942904937407e-10,-8.632692838431462e-11
159.37,-4.093191008575202e-10,-7.872897406315289e-11
159.38,-4.023140779037167e-10,-7.114190667733152e-11
159.39,-3.95275158244642e-10,-6.356652708356598e-11
159.4,-3.8820314377740417e-10,-5.6003632235970566e-11
159.41,-3.8109883809130277e-10,-4.8454016400908693e-11
159.42,-3.739630474718745e-10,-4.091846977127997e-11
159.43,-3.6679658053219377e-10,-3.339777940357581e-11
159.44,-3.5960024860174165e-10,-2.5892728661301472e-11
159.45,-3.523748641605751e-10,-1.8404097200087066e-11
159.46,-3.4512124244392506e-10,-1.0932660874638739e-11
159.47,-3.3784020053004974e-10,-3.4791920103471843e-12
159.48,-3.3053255754390314e-10,3.9555413110718794e-12
159.49,-3.231991343560283e-10,1.1370774980396925e-11
159.5,-3.1584075303895553e-10,1.8765748727333668e-11
159.51,-3.0845823804692696e-10,2.6139706513021508e-11
159.52,-3.010524149450474e-10,3.349189646302315e-11
159.53,-2.9362411063541696e-10,4.082157109343972e-11
159.54,-2.861741535628796e-10,4.812798714876401e-11
159.55,-2.7870337317763655e-10,5.5410405563403385e-11
159.56,-2.7121260059287337e-10,6.266809228348936e-11
159.57,-2.637026677800689e-10,6.990031750973839e-11
159.58,-2.561744071940764e-10,7.710635584815616e-11
159.59,-2.4862865283651744e-10,8.428548705579792e-11
159.6,-2.4106623887557036e-10,9.143699532251967e-11
159.61,-2.3348800053103255e-10,9.856016942836022e-11
159.62,-2.2589477459255343e-10,1.056543042520017e-10
159.63,-2.1828739546607978e-10,1.1271869786668131e-10
159.64,-2.1066670211261604e-10,1.197526546018212e-10
159.65,-2.0303352994042509e-10,1.2675548347820376e-10
159.66,-1.9538871718004065e-10,1.3372649854185383e-10
159.67,-1.877331008268404e-10,1.4066501927554898e-10
159.68,-1.800675186268857e-10,1.47570370472327e-10
159.69,-1.723928078495953e-10,1.544418819222312e-10
159.7,-1.6470980644413353e-10,1.6127888956439248e-10
159.71,-1.5701935087938937e-10,1.6808073323819142e-10
159.72,-1.4932227846030594e-10,1.748467601494376e-10
159.73,-1.4161942544711335e-10,1.815763219859122e-10
159.74,-1.3391162888169416e-10,1.8826877660611512e-10
159.75,-1.2619972200058776e-10,1.9492348639347614e-10
159.76,-1.1848454216283338e-10,2.015398212312964e-10
159.77,-1.107669208094301e-10,2.0811715548836955e-10
159.78,-1.0304769285822872e-10,2.146548697391783e-10
159.79,-9.532769044779043e-11,2.211523509017558e-10
159.8,-8.760774385196301e-11,2.2760899085900295e-10
159.81,-7.988868416635288e-11,2.340241885645567e-10
159.82,-7.217133962696104e-11,2.4039734842454793e-10
159.83,-6.445653769803391e-11,2.4672788097904487e-10
159.84,-5.674510602011707e-11,2.5301520325481715e-10
159.85,-4.903786813879528e-11,2.592587380628033e-10
159.86,-4.133564729386418e-11,2.6545791482232e-10
159.87,-3.363926592165516e-11,2.716121689965547e-10
159.88,-2.5949543302301436e-11,2.777209426920702e-10
159.89,-1.8267297620781833e-11,2.8378368390172444e-10
159.9,-1.0593345071836686e-11,2.897998476781132e-10
159.91,-2.9284999882489622e-12,2.9576889500185965e-10
159.92,4.726425181162953e-12,3.0169029408686544e-10
159.93,1.2370621658447921e-11,3.0756351848594726e-10
159.94,2.000327990547715e-11,3.133880499836352e-10
159.95,2.7623595702436327e-11,3.1916337561519744e-10
159.96,3.523076561693525e-11,3.248889898423235e-10
159.97,4.2823989319838634e-11,3.305643936260017e-10
159.98,5.0402468301129355e-11,3.361890948510192e-10
159.99,5.7965407603157826e-11,3.41762607898431e-10
160.0,6.551201474311749e-11,3.4728445427492647e-10
160.01,7.304150068164272e-11,3.5275416193795857e-10
160.02,8.055307575759317e-11,3.5817126714114266e-10
160.03,8.80459587916666e-11,3.635353109589901e-10
160.04,9.551936793923462e-11,3.6884584283110805e-10
160.05,1.0297252593847222e-10,3.7410241885319877e-10
160.06,1.1040465787312226e-10,3.7930460243828747e-10
160.07,1.17814992476963e-10,3.844519634984024e-10
160.08,1.2520276265807279e-10,3.895440795189179e-10
160.09,1.3256720322206848e-10,3.945805351264299e-10
160.1,1.3990755362300893e-10,3.9956092166254166e-10
160.11,1.4722305767920398e-10,4.0448483802817346e-10
160.12,1.5451296048639005e-10,4.0935189033567577e-10
160.13,1.6177651282755898e-10,4.141616919043952e-10
160.14,1.6901296891502288e-10,4.189138629238968e-10
160.15,1.762215871422061e-10,4.236080315639717e-10
160.16,1.834016288933455e-10,4.282438327888541e-10
160.17,1.9055236040547393e-10,4.328209090798618e-10
160.18,1.976730521655473e-10,4.373389101053447e-10
160.19,2.0476297856043955e-10,4.4179749327596563e-10
160.2,2.1182141829730932e-10,4.4619632276799316e-10
160.21,2.1884765444918035e-10,4.505350708865173e-10
160.22,2.2584097513627216e-10,4.548134166929926e-10
160.23,2.3280067144609713e-10,4.5903104735265486e-10
160.24,2.397260407790351e-10,4.631876569429371e-10
160.25,2.466163840838488e-10,4.672829471944493e-10
160.26,2.534710072161567e-10,4.713166274919756e-10
160.27,2.602892213796659e-10,4.752884143918199e-10
160.28,2.6707034200141235e-10,4.791980321872048e-10
160.29,2.7381368972902014e-10,4.830452127349408e-10
160.3,2.8051858975332906e-10,4.868296953120332e-10
160.31,2.8718437260880664e-10,4.905512269881918e-10
160.32,2.9381037464338084e-10,4.942095616323981e-10
160.33,3.003959361445934e-10,4.978044617568395e-10
160.34,3.069404035138244e-10,5.013356965963141e-10
160.35,3.134431280541108e-10,5.048030433982841e-10
160.36,3.1990346673856385e-10,5.082062867397903e-10
160.37,3.2632078134265747e-10,5.11545218964521e-10
160.38,3.3269444104863216e-10,5.14819639934456e-10
160.39,3.390238171640863e-10,5.180293571894439e-10
160.4,3.453082900852921e-10,5.211741855760217e-10
160.41,3.515472432475499e-10,5.242539481102792e-10
160.42,3.577400681365337e-10,5.27268474653493e-10
160.43,3.638861600904803e-10,5.302176032376432e-10
160.44,3.699849214912701e-10,5.331011792435191e-10
160.45,3.7603575992229585e-10,5.359190558427904e-10
160.46,3.8203808925845954e-10,5.386710936345131e-10
160.47,3.879913301916271e-10,5.413571603286542e-10
160.48,3.938949074961554e-10,5.439771325053678e-10
160.49,3.9974825387275876e-10,5.465308928956769e-10
160.5,4.055508073683345e-10,5.490183328058695e-10
160.51,4.1130201275938025e-10,5.514393505536778e-10
160.52,4.1700132055815697e-10,5.537938523348031e-10
160.53,4.226481879058774e-10,5.560817515915955e-10
160.54,4.2824207837640144e-10,5.583029695277635e-10
160.55,4.337824624840618e-10,5.604574347271394e-10
160.56,4.3926881471676366e-10,5.62545083652371e-10
160.57,4.447006200319429e-10,5.645658595431219e-10
160.58,4.500773674409559e-10,5.665197140385071e-10
160.59,4.553985526587836e-10,5.684066054807112e-10
160.6,4.606636789772008e-10,5.702265001394171e-10
160.61,4.658722557066509e-10,5.719793714559518e-10
160.62,4.710237991267967e-10,5.736652004501364e-10
160.63,4.761178322994612e-10,5.752839755670659e-10
160.64,4.811538852874416e-10,5.768356925403121e-10
160.65,4.861314949597612e-10,5.783203549904876e-10
160.66,4.910502052490877e-10,5.797379727973003e-10
160.67,4.959095662622803e-10,5.810885643533109e-10
160.68,5.007091359716802e-10,5.823721548242227e-10
160.69,5.054484799139668e-10,5.835887763383905e-10
160.7,5.101271688439398e-10,5.847384690707648e-10
160.71,5.147447823780603e-10,5.85821279904895e-10
160.72,5.193009062113861e-10,5.868372634029673e-10
160.73,5.237951338033236e-10,5.877864806642254e-10
160.74,5.282270657798238e-10,5.886690008735515e-10
160.75,5.325963101427376e-10,5.894848992376119e-10
160.76,5.369024820320485e-10,5.90234259047935e-10
160.77,5.411452025978551e-10,5.909171704087548e-10
160.78,5.453241038500353e-10,5.915337304197964e-10
160.79,5.49438820812225e-10,5.92084043244136e-10
160.8,5.534889989755189e-10,5.92568220153355e-10
160.81,5.574742901940444e-10,5.929863792336021e-10
160.82,5.613943532689236e-10,5.933386458629718e-10
160.83,5.652488565730538e-10,5.936251518149926e-10
160.84,5.690374731663844e-10,5.938460363482225e-10
160.85,5.727598858146174e-10,5.940014451339862e-10
160.86,5.764157839763126e-10,5.940915311039473e-10
160.87,5.800048640958885e-10,5.94116453122547e-10
160.88,5.83526831760755e-10,5.940763780116336e-10
160.89,5.869813990509325e-10,5.939714784291942e-10
160.9,5.903682858846089e-10,5.9380193416598e-10
160.91,5.936872203353935e-10,5.935679313160812e-10
160.92,5.969379372981094e-10,5.932696629366145e-10
160.93,6.001201804214558e-10,5.929073285868575e-10
160.94,6.032337001524301e-10,5.924811338782699e-10
160.95,6.062782551755202e-10,5.91991291685839e-10
160.96,6.092536119518853e-10,5.91438021037311e-10
160.97,6.121595444781042e-10,5.908215469381526e-10
160.98,6.149958345636458e-10,5.901421014999817e-10
160.99,6.17762272153667e-10,5.893999226270138e-10
161.0,6.204586547451779e-10,5.885952547624202e-10
161.01,6.230847874231232e-10,5.877283486504359e-10
161.02,6.256404836579274e-10,5.867994609548545e-10
161.03,6.281255638347309e-10,5.85808854936019e-10
161.04,6.305398579121553e-10,5.847567992056078e-10
161.05,6.328832019216365e-10,5.83643569631788e-10
161.06,6.351554404177468e-10,5.824694470170532e-10
161.07,6.373564260117749e-10,5.812347187044038e-10
161.08,6.39486018980654e-10,5.799396777294934e-10
161.09,6.41544087242752e-10,5.785846233731789e-10
161.1,6.435305075976051e-10,5.771698602050605e-10
161.11,6.454451633204642e-10,5.756956990798229e-10
161.12,6.472879469319221e-10,5.741624562219586e-10
161.13,6.490587578384034e-10,5.725704537588505e-10
161.14,6.507575035776932e-10,5.709200196083146e-10
161.15,6.523841000375091e-10,5.692114869063873e-10
161.16,6.539384703686087e-10,5.67445194440256e-10
161.17,6.55420545612027e-10,5.656214870544333e-10
161.18,6.568302655788449e-10,5.637407139460571e-10
161.19,6.581675770289167e-10,5.618032304138894e-10
161.2,6.594324348053484e-10,5.598093971832452e-10
161.21,6.606248018422193e-10,5.577595799045972e-10
161.22,6.617446489210524e-10,5.556541494952796e-10
161.23,6.627919542364915e-10,5.534934823682146e-10
161.24,6.637667040735153e-10,5.512779597006192e-10
161.25,6.646688932041671e-10,5.490079676155122e-10
161.26,6.654985230667515e-10,5.466838978452397e-10
161.27,6.662556035629364e-10,5.443061464651828e-10
161.28,6.669401524148332e-10,5.41875114835153e-10
161.29,6.675521946905087e-10,5.39391208938415e-10
161.3,6.680917641561689e-10,5.368548393780331e-10
161.31,6.685589011838956e-10,5.342664219188232e-10
161.32,6.689536551282185e-10,5.316263766642748e-10
161.33,6.692760813521264e-10,5.2893512861924e-10
161.34,6.69526244646802e-10,5.261931068517796e-10
161.35,6.697042167430919e-10,5.234007454044831e-10
161.36,6.698100767164371e-10,5.205584825672879e-10
161.37,6.698439122355687e-10,5.176667606961801e-10
161.38,6.698058176638123e-10,5.147260270242965e-10
161.39,6.696958954878439e-10,5.117367326578939e-10
161.4,6.695142551495604e-10,5.086993333278722e-10
161.41,6.692610160424896e-10,5.056142873568928e-10
161.42,6.689363008792783e-10,5.024820597490176e-10
161.43,6.685402432976605e-10,4.993031173812667e-10
161.44,6.680729832505168e-10,4.9607793194528e-10
161.45,6.675346687409728e-10,4.928069786846549e-10
161.46,6.669254542178412e-10,4.894907370501582e-10
161.47,6.66245502244294e-10,4.861296897813831e-10
161.48,6.654949827213713e-10,4.827243235578062e-10
161.49,6.646740729617115e-10,4.792751289375747e-10
161.5,6.637829567079102e-10,4.757825997493775e-10
161.51,6.628218269717837e-10,4.722472328078804e-10
161.52,6.617908816647203e-10,4.686695298342027e-10
161.53,6.606903276871923e-10,4.650499942694527e-10
161.54,6.595203786370246e-10,4.613891338887666e-10
161.55,6.582812552064846e-10,4.57687459277927e-10
161.56,6.569731847502345e-10,4.5394548455352773e-10
161.57,6.555964028418906e-10,4.501637265315167e-10
161.58,6.541511505690177e-10,4.463427052993141e-10
161.59,6.526376785339502e-10,4.4248294430413596e-10
161.6,6.510562414665357e-10,4.3858496899723656e-10
161.61,6.494071026486432e-10,4.3464930853980145e-10
161.62,6.476905324541059e-10,4.30676494297692e-10
161.63,6.45906806663383e-10,4.2666706100794364e-10
161.64,6.440562099183992e-10,4.226215454087732e-10
161.65,6.421390321983125e-10,4.1854048712270166e-10
161.66,6.401555709201836e-10,4.1442442818367204e-10
161.67,6.381061307661805e-10,4.1027391298782855e-10
161.68,6.359910200030983e-10,4.060894893249755e-10
161.69,6.33810558135114e-10,4.0187170559285e-10
161.7,6.315650683061432e-10,3.9762111373476105e-10
161.71,6.292548805692931e-10,3.9333826742509564e-10
161.72,6.268803324192969e-10,3.890237225772209e-10
161.73,6.244417667745667e-10,3.846780369926235e-10
161.74,6.219395332497135e-10,3.8030177067470025e-10
161.75,6.193739883767295e-10,3.7589548542284916e-10
161.76,6.167454947146002e-10,3.7145974478966516e-10
161.77,6.140544200703451e-10,3.6699511459332516e-10
161.78,6.113011400396125e-10,3.625021618211524e-10
161.79,6.084860360070631e-10,3.5798145515734537e-10
161.8,6.056094952480807e-10,3.5343356542856424e-10
161.81,6.026719092090779e-10,3.4885906433125394e-10
161.82,5.99673679542257e-10,3.442585251872027e-10
161.83,5.966152103895642e-10,3.396325231176916e-10
161.84,5.934969131398807e-10,3.34981634080698e-10
161.85,5.903192051062125e-10,3.303064353211147e-10
161.86,5.870825085015273e-10,3.256075056861419e-10
161.87,5.837872526143788e-10,3.2088542444031477e-10
161.88,5.804338711809677e-10,3.1614077294013514e-10
161.89,5.770228043284462e-10,3.113741324901893e-10
161.9,5.735544985218317e-10,3.0658608535699074e-10
161.91,5.700294036552159e-10,3.017772155694201e-10
161.92,5.664479768377879e-10,2.9694810719269376e-10
161.93,5.628106798475003e-10,2.9209934532839394e-10
161.94,5.591179805229026e-10,2.87231515310471e-10
161.95,5.553703509125482e-10,2.823452036750312e-10
161.96,5.515682691625308e-10,2.774409970317258e-10
161.97,5.477122187588859e-10,2.725194824730663e-10
161.98,5.438026873159036e-10,2.6758124756419593e-10
161.99,5.398401687235598e-10,2.6262688025347907e-10
162.0,5.358251608064607e-10,2.576569688275744e-10
162.01,5.317581671811566e-10,2.52672101217722e-10
162.02,5.2763969580205e-10,2.476728661500037e-10
162.03,5.234702596712865e-10,2.426598520197618e-10
162.04,5.192503766314112e-10,2.3763364744374283e-10
162.05,5.149805690402388e-10,2.3259484063683829e-10
162.06,5.106613639938266e-10,2.275440200810874e-10
162.07,5.062932931919241e-10,2.2248177359735882e-10
162.08,5.018768927516931e-10,2.174086891015722e-10
162.09,4.974127031960597e-10,2.123253541128081e-10
162.1,4.929012695194617e-10,2.0723235569937688e-10
162.11,4.88343141462293e-10,2.0213028038710707e-10
162.12,4.837388721552583e-10,1.9701971415312288e-10
162.13,4.790890190982202e-10,1.9190124270758693e-10
162.14,4.743941448969831e-10,1.8677545098390662e-10
162.15,4.696548150036872e-10,1.8164292276446528e-10
162.16,4.6487159945795616e-10,1.7650424157909467e-10
162.17,4.600450717463927e-10,1.7135998984121932e-10
162.18,4.5517581016075306e-10,1.662107492433081e-10
162.19,4.5026439550568285e-10,1.6105710039037664e-10
162.2,4.453114133679846e-10,1.5589962288839935e-10
162.21,4.4031745265358527e-10,1.5073889516991484e-10
162.22,4.352831054931331e-10,1.455754947283741e-10
162.23,4.302089676294915e-10,1.4040999770532336e-10
162.24,4.2509563895119245e-10,1.3524297889181825e-10
162.25,4.199437217952692e-10,1.3007501192642486e-10
162.26,4.147538224849071e-10,1.2490666879095845e-10
162.27,4.095265498897669e-10,1.19738520424886e-10
162.28,4.0426251714365556e-10,1.1457113586523464e-10
162.29,3.9896233832628907e-10,1.0940508291458835e-10
162.3,3.936266333900286e-10,1.0424092720159116e-10
162.31,3.8825602330840596e-10,9.907923349542114e-11
162.32,3.828511322691629e-10,9.392056392733623e-11
162.33,3.7741258765930614e-10,8.876547951979279e-11
162.34,3.7194101894322047e-10,8.361453892142504e-11
162.35,3.6643705966846706e-10,7.846829954052985e-11
162.36,3.609013441844915e-10,7.332731579476635e-11
162.37,3.553345101133861e-10,6.819214100689443e-11
162.38,3.4973719770687477e-10,6.306332594452201e-11
162.39,3.441100496901645e-10,5.794141927660904e-11
162.4,3.384537106595002e-10,5.2826967615636894e-11
162.41,3.3276882733588135e-10,4.77205153070015e-11
162.42,3.2705604945906187e-10,4.2622604093786405e-11
162.43,3.2131602756081847e-10,3.75337736691259e-11
162.44,3.155494155898326e-10,3.24545614103555e-11
162.45,3.0975686869242467e-10,2.7385501573672485e-11
162.46,3.039390432545066e-10,2.232712686323324e-11
162.47,2.980965988899745e-10,1.7279966459683127e-11
162.48,2.9223019572339015e-10,1.2244547468133805e-11
162.49,2.863404962048685e-10,7.221394331132544e-12
162.5,2.8042816401811994e-10,2.211028469970434e-12
162.51,2.7449386398282453e-10,-2.786031278524855e-12
162.52,2.685382627601649e-10,-7.769268941036176e-12
162.53,2.625620294868569e-10,-1.2738171653591291e-11
162.54,2.565658324254439e-10,-1.7692228814404998e-11
162.55,2.5055034242204454e-10,-2.263093379816269e-11
162.56,2.445162310163742e-10,-2.755378214989932e-11
162.57,2.3846417112670684e-10,-3.246027300539408e-11
162.58,2.3239483604522854e-10,-3.7349908302809694e-11
162.59,2.263089003464161e-10,-4.2222193331954976e-11
162.6,2.2020703952570935e-10,-4.707663653334066e-11
162.61,2.1408992999233233e-10,-5.191274964777975e-11
162.62,2.0795824777214358e-10,-5.6730047867263e-11
162.63,2.0181267082439152e-10,-6.152804948184785e-11
162.64,1.956538774359107e-10,-6.630627620197443e-11
162.65,1.8948254507592566e-10,-7.106425335610325e-11
162.66,1.8329935351236152e-10,-7.58015098741678e-11
162.67,1.7710498104114848e-10,-8.051757763553428e-11
162.68,1.7090010738583055e-10,-8.521199279461399e-11
162.69,1.646854125165686e-10,-8.988429474644932e-11
162.7,1.584615740773224e-10,-9.45340262408245e-11
162.71,1.522292751011676e-10,-9.916073513765937e-11
162.72,1.4598919199862138e-10,-1.0376397090888883e-10
162.73,1.3974200554124613e-10,-1.0834328841823854e-10
162.74,1.334883953967762e-10,-1.1289824554901866e-10
162.75,1.27229038612169e-10,-1.174284048582391e-10
162.76,1.2096461530506428e-10,-1.2193333183766792e-10
162.77,1.1469580356447114e-10,-1.264125964035125e-10
162.78,1.0842328090363449e-10,-1.3086577243581424e-10
162.79,1.0214772411624825e-10,-1.3529243779050235e-10
162.8,9.58698102526732e-11,-1.3969217457117725e-10
162.81,8.959021513503841e-11,-1.4406456858827854e-10
162.82,8.330961229367054e-11,-1.4840920988302141e-10
162.83,7.70286780067563e-11,-1.527256930344304e-10
162.84,7.074808384598826e-11,-1.5701361584802666e-10
162.85,6.446850251638252e-11,-1.612725815928791e-10
162.86,5.81906053635555e-11,-1.655021971127719e-10
162.87,5.191506211393607e-11,-1.6970207348124468e-10
162.88,4.5642541755320444e-11,-1.7387182636282085e-10
162.89,3.9373711840834384e-11,-1.780110756469137e-10
162.9,3.3109238771842335e-11,-1.8211944573372556e-10
162.91,2.684978593743568e-11,-1.8619656471008632e-10
162.92,2.0596017436636204e-11,-1.9024206628876084e-10
162.93,1.4348596656895473e-11,-1.9425558824667247e-10
162.94,8.108181339293385e-12,-1.9823677231617568e-10
162.95,1.875430543468191e-12,-2.0218526514393385e-10
162.96,-4.3489990011540304e-12,-2.0610071805726277e-10
162.97,-1.0564452546332099e-11,-2.099827867693237e-10
162.98,-1.6770276954138398e-11,-2.1383113180282636e-10
162.99,-2.296582170043125e-11,-2.176454179822586e-10
163.0,-2.9150437781902876e-11,-2.2142531524473965e-10
163.01,-3.532347842980669e-11,-2.251704976839056e-10
163.02,-4.148429883132008e-11,-2.2888064476322973e-10
163.03,-4.763225699933879e-11,-2.3255543999640334e-10
163.04,-5.376671258639161e-11,-2.3619457211626284e-10
163.05,-5.988702816333335e-11,-2.3979773422916924e-10
163.06,-6.599256831538708e-11,-2.4336462468589217e-10
163.07,-7.208269985450827e-11,-2.46894946637505e-10
163.08,-7.815679307793266e-11,-2.50388407714097e-10
163.09,-8.421422046628121e-11,-2.5384472054851655e-10
163.1,-9.025435678341434e-11,-2.572636029159818e-10
163.11,-9.627657990873368e-11,-2.6064477708859213e-10
163.12,-1.022802707287961e-10,-2.6398797046766066e-10
163.13,-1.0826481285300908e-10,-2.6729291549439905e-10
163.14,-1.1422959258514103e-10,-2.705593492187779e-10
163.15,-1.201739995283362e-10,-2.737870141808765e-10
163.16,-1.260974259787489e-10,-2.7697565738103907e-10
163.17,-1.3199926778144748e-10,-2.801250312570908e-10
163.18,-1.378789240151559e-10,-2.8323489278725635e-10
163.19,-1.4373579645448528e-10,-2.8630500449456586e-10
163.2,-1.495692911514069e-10,-2.893351334035435e-10
163.21,-1.5537881616463171e-10,-2.923250521180468e-10
163.22,-1.6116378406026525e-10,-2.9527453801858786e-10
163.23,-1.6692361062215419e-10,-2.9818337347529793e-10
163.24,-1.7265771455098812e-10,-3.0105134637740095e-10
163.25,-1.7836551883791999e-10,-3.038782493607278e-10
163.26,-1.8404645085354447e-10,-3.0666387986798194e-10
163.27,-1.896999399925898e-10,-3.0940804115100277e-10
163.28,-1.9532542034362753e-10,-3.1211054121998935e-10
163.29,-2.009223295858819e-10,-3.1477119334704864e-10
163.3,-2.064901094879806e-10,-3.173898156546431e-10
163.31,-2.12028205790512e-10,-3.199662318430281e-10
163.32,-2.1753606788648333e-10,-3.225002704464988e-10
163.33,-2.2301314916210705e-10,-3.249917651578528e-10
163.34,-2.284589082043953e-10,-3.274405551310371e-10
163.35,-2.3387280608480697e-10,-3.2984648434865685e-10
163.36,-2.3925430904022083e-10,-3.322094022204802e-10
163.37,-2.44602886220458e-10,-3.345291635647556e-10
163.38,-2.499180156740108e-10,-3.3680562712750735e-10
163.39,-2.5519917288725545e-10,-3.390386586717332e-10
163.4,-2.604458426075441e-10,-3.4122812784469893e-10
163.41,-2.656575124399917e-10,-3.4337390989889994e-10
163.42,-2.7083367472477656e-10,-3.4547588521755124e-10
163.43,-2.7597382586824647e-10,-3.475339396307127e-10
163.44,-2.810774679246031e-10,-3.495479636954517e-10
163.45,-2.861441069891346e-10,-3.515178532602492e-10
163.46,-2.911732531408842e-10,-3.5344350979068897e-10
163.47,-2.961644222284682e-10,-3.5532483949672814e-10
163.48,-3.011171356000749e-10,-3.5716175342275253e-10
163.49,-3.060309162570939e-10,-3.589541691828496e-10
163.5,-3.10905296239157e-10,-3.607020077040914e-10
163.51,-3.1573980860946614e-10,-3.6240519650068755e-10
163.52,-3.2053399419897457e-10,-3.6406366753308974e-10
163.53,-3.2528739749818983e-10,-3.656773582428642e-10
163.54,-3.299995685794403e-10,-3.6724621098030717e-10
163.55,-3.3467006281706227e-10,-3.6877017280709515e-10
163.56,-3.3929843886569336e-10,-3.702491980218121e-10
163.57,-3.438842636862378e-10,-3.7168324285950497e-10
163.58,-3.4842710563627765e-10,-3.7307227117244085e-10
163.59,-3.5292654262703193e-10,-3.744162505244895e-10
163.6,-3.573821534559515e-10,-3.757151542617211e-10
163.61,-3.617935258564461e-10,-3.7696896079719657e-10
163.62,-3.661602508829483e-10,-3.7817765314251866e-10
163.63,-3.704819257902375e-10,-3.793412197584447e-10
163.64,-3.7475815234509657e-10,-3.804596544340809e-10
163.65,-3.7898853844520207e-10,-3.8153295509527953e-10
163.66,-3.831726983115614e-10,-3.8256112547479145e-10
163.67,-3.8731024949802344e-10,-3.8354417430131837e-10
163.68,-3.914008167832604e-10,-3.844821148257255e-10
163.69,-3.9544403159639954e-10,-3.8537496542434094e-10
163.7,-3.994395277656968e-10,-3.862227497685404e-10
163.71,-4.0338694728824956e-10,-3.8702549613324266e-10
163.72,-4.0728593688907655e-10,-3.8778323801764154e-10
163.73,-4.11136149334166e-10,-3.884960134387643e-10
163.74,-4.149372430756573e-10,-3.8916386563113036e-10
163.75,-4.186888820859694e-10,-3.8978684275490563e-10
163.76,-4.2239073670812067e-10,-3.9036499760539834e-10
163.77,-4.2604248099536897e-10,-3.908983884502959e-10
163.78,-4.2964380057461e-10,-3.913870764722933e-10
163.79,-4.3319437899904203e-10,-3.9183113048962656e-10
163.8,-4.3669391118459374e-10,-3.9223062215168374e-10
163.81,-4.401420964833104e-10,-3.9258562826561413e-10
163.82,-4.4353864013055923e-10,-3.9289623091216087e-10
163.83,-4.4688325300867004e-10,-3.931625160663401e-10
163.84,-4.5017565288980577e-10,-3.933845752077457e-10
163.85,-4.5341556293781554e-10,-3.935625037493262e-10
163.86,-4.5660271124740003e-10,-3.9369640292956073e-10
163.87,-4.597368353357895e-10,-3.9378637666334464e-10
163.88,-4.6281767509721057e-10,-3.9383253558236984e-10
163.89,-4.65844978628541e-10,-3.938349935615579e-10
163.9,-4.688184992980043e-10,-3.93793869621068e-10
163.91,-4.717379969598062e-10,-3.9370928706861984e-10
163.92,-4.74603237531037e-10,-3.935813737716841e-10
163.93,-4.774139930389684e-10,-3.9341026219840475e-10
163.94,-4.801700418062964e-10,-3.931960891168502e-10
163.95,-4.82871168253323e-10,-3.929389956505156e-10
163.96,-4.855171632728089e-10,-3.926391278209592e-10
163.97,-4.881078233128444e-10,-3.922966354445228e-10
163.98,-4.906429515513159e-10,-3.9191167282483967e-10
163.99,-4.931223577586989e-10,-3.914843988016473e-10
164.0,-4.955458572767717e-10,-3.9101497631766564e-10
164.01,-4.979132707953505e-10,-3.9050357314189276e-10
164.02,-5.002244294870227e-10,-3.8995035945774514e-10
164.03,-5.024791649736994e-10,-3.8935551214215195e-10
164.04,-5.046773189855507e-10,-3.8871921079908674e-10
164.05,-5.068187391266967e-10,-3.8804163884075745e-10
164.06,-5.089032778238869e-10,-3.873229851537484e-10
164.07,-5.109307950366546e-10,-3.8656344152626396e-10
164.08,-5.129011570226678e-10,-3.8576320408497547e-10
164.09,-5.14814236040053e-10,-3.8492247325665504e-10
164.1,-5.16669910457525e-10,-3.8404145310388363e-10
164.11,-5.184680654015396e-10,-3.8312035182004036e-10
164.12,-5.202085923479335e-10,-3.8215938147579845e-10
164.13,-5.218913893459454e-10,-3.81158757803464e-10
164.14,-5.235163592002012e-10,-3.8011870095289746e-10
164.15,-5.25083413350768e-10,-3.7903943417763826e-10
164.16,-5.265924681498568e-10,-3.779211849686292e-10
164.17,-5.280434466946209e-10,-3.767641843219388e-10
164.18,-5.29436278530673e-10,-3.7556866699111413e-10
164.19,-5.307708990054902e-10,-3.7433487162067964e-10
164.2,-5.320472506990611e-10,-3.730630399904901e-10
164.21,-5.332652816425962e-10,-3.717534180037559e-10
164.22,-5.34424946733147e-10,-3.704062548409409e-10
164.23,-5.355262070596835e-10,-3.6902180311025953e-10
164.24,-5.365690297852801e-10,-3.6760031915277234e-10
164.25,-5.375533889349077e-10,-3.6614206261003366e-10
164.26,-5.384792640355419e-10,-3.6464729660134755e-10
164.27,-5.393466422647854e-10,-3.6311628730031394e-10
164.28,-5.401555155486756e-10,-3.615493046098676e-10
164.29,-5.409058828372233e-10,-3.5994662189138644e-10
164.3,-5.415977493182746e-10,-3.5830851506623884e-10
164.31,-5.422311268041214e-10,-3.566352636923726e-10
164.32,-5.428060328559697e-10,-3.549271502168021e-10
164.33,-5.433224913759527e-10,-3.5318446093678063e-10
164.34,-5.437805320548692e-10,-3.5140748445217606e-10
164.35,-5.441801920215634e-10,-3.495965126870633e-10
164.36,-5.445215138888524e-10,-3.477518405814434e-10
164.37,-5.448045458310037e-10,-3.458737661926351e-10
164.38,-5.450293433744184e-10,-3.4396259023306494e-10
164.39,-5.451959674047953e-10,-3.4201861642194054e-10
164.4,-5.45304484956809e-10,-3.4004215141673815e-10
164.41,-5.453549703146659e-10,-3.3803350454831794e-10
164.42,-5.453475027145845e-10,-3.359929877374074e-10
164.43,-5.452821671809167e-10,-3.339209161226126e-10
164.44,-5.451590557493651e-10,-3.3181760720067073e-10
164.45,-5.449782667244351e-10,-3.29683380841966e-10
164.46,-5.447399034824837e-10,-3.2751855994253857e-10
164.47,-5.444440759594665e-10,-3.253234698510936e-10
164.48,-5.440908997991011e-10,-3.2309843831033567e-10
164.49,-5.436804976540202e-10,-3.2084379536219344e-10
164.5,-5.432129956150383e-10,-3.185598742514805e-10
164.51,-5.426885294068723e-10,-3.162470091113978e-10
164.52,-5.421072372376914e-10,-3.1390553818277936e-10
164.53,-5.414692651798853e-10,-3.1153580051467395e-10
164.54,-5.407747647922036e-10,-3.0913813819858154e-10
164.55,-5.400238930246599e-10,-3.067128953394968e-10
164.56,-5.392168129893446e-10,-3.0426041805133293e-10
164.57,-5.383536933271066e-10,-3.0178105489887377e-10
164.58,-5.374347094136663e-10,-2.99275155796707e-10
164.59,-5.364600400418278e-10,-2.9674307400925373e-10
164.6,-5.354298724312447e-10,-2.941851631848615e-10
164.61,-5.343443980500749e-10,-2.916017800413372e-10
164.62,-5.332038140038775e-10,-2.8899328246443024e-10
164.63,-5.320083238371831e-10,-2.863600306253025e-10
164.64,-5.307581352739935e-10,-2.8370238653090275e-10
164.65,-5.294534630529334e-10,-2.8102071356030327e-10
164.66,-5.280945265257909e-10,-2.7831537704196927e-10
164.67,-5.266815496743359e-10,-2.755867441994339e-10
164.68,-5.252147662218641e-10,-2.728351829215596e-10
164.69,-5.23694409416039e-10,-2.7006106399792806e-10
164.7,-5.221207215144051e-10,-2.6726475857423114e-10
164.71,-5.20493949362574e-10,-2.6444664055522433e-10
164.72,-5.188143444974056e-10,-2.616070829663216e-10
164.73,-5.170821649176618e-10,-2.5874646321254255e-10
164.74,-5.152976731108732e-10,-2.5586515798037605e-10
164.75,-5.13461136757679e-10,-2.529635458835834e-10
164.76,-5.115728288398423e-10,-2.5004200670998166e-10
164.77,-5.096330280906719e-10,-2.471009213383013e-10
164.78,-5.076420175399865e-10,-2.441406720821729e-10
164.79,-5.056000849117482e-10,-2.411616422967292e-10
164.8,-5.035075247010757e-10,-2.381642157492707e-10
164.81,-5.013646340836236e-10,-2.351487786617997e-10
164.82,-4.991717173701869e-10,-2.3211571653701163e-10
164.83,-4.969290825538683e-10,-2.2906541706429804e-10
164.84,-4.946370423948444e-10,-2.259982680727005e-10
164.85,-4.922959153514608e-10,-2.2291465860755128e-10
164.86,-4.899060238861579e-10,-2.1981497844675056e-10
164.87,-4.874676954886287e-10,-2.166996181980488e-10
164.88,-4.849812623477377e-10,-2.1356896843235404e-10
164.89,-4.824470609870656e-10,-2.1042342139041163e-10
164.9,-4.798654340700309e-10,-2.0726336986971893e-10
164.91,-4.772367265856236e-10,-2.040892061106148e-10
164.92,-4.745612890420276e-10,-2.0090132414703393e-10
164.93,-4.718394771922449e-10,-1.9770011748839298e-10
164.94,-4.690716494999554e-10,-1.9448598090233943e-10
164.95,-4.66258171295889e-10,-1.9125930874512862e-10
164.96,-4.633994098369396e-10,-1.8802049639738223e-10
164.97,-4.604957382038864e-10,-1.8476993895710083e-10
164.98,-4.575475328230619e-10,-1.815080322600825e-10
164.99,-4.5455517480194933e-10,-1.78235172078174e-10
165.0,-4.5151904941560953e-10,-1.7495175426289802e-10
165.01,-4.4843954601011155e-10,-1.7165817490129377e-10
165.02,-4.453170581850292e-10,-1.6835483003125445e-10
165.03,-4.4215198270230885e-10,-1.650421159494911e-10
165.04,-4.389447217112579e-10,-1.617204285351383e-10
165.05,-4.35695680046841e-10,-1.583901639976581e-10
165.06,-4.3240526697067515e-10,-1.550517181893144e-10
165.07,-4.290738957683981e-10,-1.517054867448087e-10
165.08,-4.257019828335217e-10,-1.4835186541091166e-10
165.09,-4.222899487690225e-10,-1.4499124927510887e-10
165.1,-4.1883821767567315e-10,-1.4162403356223683e-10
165.11,-4.153472174477699e-10,-1.3825061275567597e-10
165.12,-4.118173796141101e-10,-1.3487138109194804e-10
165.13,-4.0824913867347243e-10,-1.3148673266455505e-10
165.14,-4.046429332427576e-10,-1.280970605868335e-10
165.15,-4.009992048444341e-10,-1.2470275797142845e-10
165.16,-3.97318398940788e-10,-1.2130421705775862e-10
165.17,-3.936009638770555e-10,-1.1790182941428182e-10
165.18,-3.898473510135103e-10,-1.144959864210404e-10
165.19,-3.860580153353496e-10,-1.1108707838037282e-10
165.2,-3.822334150704951e-10,-1.0767549488473078e-10
165.21,-3.7837401072957504e-10,-1.0426162519592203e-10
165.22,-3.744802676940253e-10,-1.0084585704719576e-10
165.23,-3.705526518774556e-10,-9.742857790236246e-11
165.24,-3.665916344328084e-10,-9.401017418225524e-11
165.25,-3.6259768709894433e-10,-9.059103113024433e-11
165.26,-3.585712865952869e-10,-8.717153344685746e-11
165.27,-3.545129112397134e-10,-8.375206472971711e-11
165.28,-3.5042304210887786e-10,-8.03330071829014e-11
165.29,-3.463021632346503e-10,-7.691474225573909e-11
165.3,-3.421507604425412e-10,-7.349765018014534e-11
165.31,-3.379693239442525e-10,-7.008210989008248e-11
165.32,-3.3375834452312594e-10,-6.666849926778673e-11
165.33,-3.295183164269473e-10,-6.32571948932242e-11
165.34,-3.25249736157507e-10,-5.984857214270998e-11
165.35,-3.209531012298792e-10,-5.6443004795050704e-11
165.36,-3.1662891382914885e-10,-5.304086559786064e-11
165.37,-3.1227767640832055e-10,-4.964252570607564e-11
165.38,-3.07899894373696e-10,-4.624835492059869e-11
165.39,-3.0349607492029213e-10,-4.2858721418700615e-11
165.4,-2.9906672758217205e-10,-3.947399203678415e-11
165.41,-2.9461236347956936e-10,-3.609453197144653e-11
165.42,-2.90133495980653e-10,-3.272070477417708e-11
165.43,-2.856306401684533e-10,-2.935287251968531e-11
165.44,-2.8110431304118723e-10,-2.5991395367572533e-11
165.45,-2.7655503265916653e-10,-2.2636632239397714e-11
165.46,-2.719833200672214e-10,-1.9288939553317113e-11
165.47,-2.6738969686678284e-10,-1.594867274991416e-11
165.48,-2.6277468609253343e-10,-1.2616185258005852e-11
165.49,-2.581388133247215e-10,-9.291828247969473e-12
165.5,-2.5348260479531515e-10,-5.975951368248618e-12
165.51,-2.4880658824892725e-10,-2.6689024436142277e-12
165.52,-2.441112921290343e-10,6.289730343514199e-13
165.53,-2.3939724928496127e-10,3.9173311323997745e-12
165.54,-2.3466498879332587e-10,7.195830183502518e-12
165.55,-2.2991504430034993e-10,1.0464130424027721e-11
165.56,-2.2514795041525153e-10,1.3721894639829616e-11
165.57,-2.2036423937227375e-10,1.696878632440422e-11
165.58,-2.15564449934354e-10,2.0204473083531324e-11
165.59,-2.1074911782181663e-10,2.342862339536655e-11
165.6,-2.0591878076376622e-10,2.6640908338524944e-11
165.61,-2.0107397744841613e-10,2.984100133361754e-11
165.62,-1.9621524606866747e-10,3.302857715679133e-11
165.63,-1.9134312749112508e-10,3.620331445153013e-11
165.64,-1.8645816163284395e-10,3.936489297289466e-11
165.65,-1.8156088947156376e-10,4.2512995239617596e-11
165.66,-1.7665185341559517e-10,4.564730650464617e-11
165.67,-1.717315943514634e-10,4.8767513551184126e-11
165.68,-1.6680065537486466e-10,5.187330647091061e-11
165.69,-1.6185957854790453e-10,5.496437724620685e-11
165.7,-1.5690890728946612e-10,5.804042096367465e-11
165.71,-1.51949184356283e-10,6.110113446021126e-11
165.72,-1.4698095339814578e-10,6.414621782723461e-11
165.73,-1.4200475765631601e-10,6.717537334086326e-11
165.74,-1.3702114161580548e-10,7.018830602416701e-11
165.75,-1.3203064530397878e-10,7.318472356349949e-11
165.76,-1.270338157992445e-10,7.616433634064314e-11
165.77,-1.220311943762675e-10,7.91268570598328e-11
165.78,-1.170233246227827e-10,8.207200171400016e-11
165.79,-1.1201074907918861e-10,8.499948875691707e-11
165.8,-1.0699400975876366e-10,8.790903909169926e-11
165.81,-1.0197364953055256e-10,9.080037720838568e-11
165.82,-9.695020886498679e-11,9.367322915614435e-11
165.83,-9.192422938453821e-11,9.652732507431563e-11
165.84,-8.689625232408585e-11,9.936239773126081e-11
165.85,-8.18668163264738e-11,1.0217818193545558e-10
165.86,-7.68364614359032e-11,1.0497441621174702e-10
165.87,-7.180572604654523e-11,1.0775084173232013e-10
165.88,-6.677514805122951e-11,1.1050720269785045e-10
165.89,-6.174526407033116e-11,1.1324324590522984e-10
165.9,-5.671661042783479e-11,1.159587216951404e-10
165.91,-5.1689722259256724e-11,1.1865338315915567e-10
165.92,-4.6665132989456175e-11,1.2132698616599588e-10
165.93,-4.164337679383077e-11,1.2397929033953255e-10
165.94,-3.662498483527366e-11,1.2661005743804416e-10
165.95,-3.161048861470687e-11,1.292190530767329e-10
165.96,-2.660041595083059e-11,1.3180604536842445e-10
165.97,-2.1595297142642696e-11,1.3437080609921898e-10
165.98,-1.659565825270279e-11,1.3691310984278747e-10
165.99,-1.1602024713514396e-11,1.3943273410722928e-10
166.0,-6.614920620212887e-12,1.4192946023400732e-10
166.01,-1.6348697905533696e-12,1.444030725084022e-10
166.02,3.3376095057223225e-12,1.468533576742585e-10
166.03,8.301995553339885e-12,1.4928010678953771e-10
166.04,1.3257770698139505e-11,1.5168311354695032e-10
166.05,1.8204419426099643e-11,1.5406217500948572e-10
166.06,2.314142712655691e-11,1.5641709150905113e-10
166.07,2.8068281852688002e-11,1.5874766648518693e-10
166.08,3.2984472098388076e-11,1.610537069364606e-10
166.09,3.788948973640177e-11,1.6333502306823305e-10
166.1,4.278282792866795e-11,1.6559142821080046e-10
166.11,4.766398180385299e-11,1.6782273930672949e-10
166.12,5.2532448700413506e-11,1.7002877641410223e-10
166.13,5.738772817051693e-11,1.7220936303741645e-10
166.14,6.222932216700939e-11,1.7436432593944168e-10
166.15,6.705673393382967e-11,1.7649349561127625e-10
166.16,7.186947003712638e-11,1.7859670530409275e-10
166.17,7.666703884515586e-11,1.806737922028243e-10
166.18,8.144895146751961e-11,1.8272459656195787e-10
166.19,8.621472104081858e-11,1.847489623931289e-10
166.2,9.096386232318626e-11,1.8674673667750596e-10
166.21,9.569589497956773e-11,1.8871777013560979e-10
166.22,1.0041033941174223e-10,1.9066191660816124e-10
166.23,1.051067187937253e-10,1.9257903398667716e-10
166.24,1.0978455927040786e-10,1.9446898294183534e-10
166.25,1.1444339101354421e-10,1.963316275882263e-10
166.26,1.19082742282476e-10,1.98166836571964e-10
166.27,1.2370215053332135e-10,1.9997448050231438e-10
166.28,1.2830115125804839e-10,2.0175443460749487e-10
166.29,1.3287928663897955e-10,2.035065762916838e-10
166.3,1.3743609736838554e-10,2.0523078829399572e-10
166.31,1.4197113071043515e-10,2.069269553296653e-10
166.32,1.4648393542124832e-10,2.0859496612341714e-10
166.33,1.5097406363696515e-10,2.1023471295936326e-10
166.34,1.5544107069677189e-10,2.118460913824581e-10
166.35,1.5988451474511737e-10,2.1342900062192554e-10
166.36,1.6430395774440777e-10,2.1498334326463466e-10
166.37,1.686989642007536e-10,2.1650902559643133e-10
166.38,1.7306910228419846e-10,2.1800595706149642e-10
166.39,1.774139442032547e-10,2.1947405080389707e-10
166.4,1.8173306300328708e-10,2.2091322379383791e-10
166.41,1.8602603838843887e-10,2.2232339588875102e-10
166.42,1.9029245148159341e-10,2.23704490809363e-10
166.43,1.9453188770572324e-10,2.2505643559292134e-10
166.44,1.9874393529468222e-10,2.263791610216902e-10
166.45,2.029281868614099e-10,2.2767260117249174e-10
166.46,2.070842386691398e-10,2.2893669335408793e-10
166.47,2.112116880794065e-10,2.30171379498666e-10
166.48,2.153101408450015e-10,2.31376603340444e-10
166.49,2.1937920234024548e-10,2.3255231342836458e-10
166.5,2.234184835131717e-10,2.336984610745329e-10
166.51,2.2742759914669578e-10,2.3481500140957913e-10
166.52,2.314061668954213e-10,2.359018929712953e-10
166.53,2.35353809022467e-10,2.3695909770399813e-10
166.54,2.3927015132505074e-10,2.379865811234565e-10
166.55,2.4315482431185125e-10,2.3898431158174335e-10
166.56,2.4700746049029525e-10,2.3995226267730397e-10
166.57,2.508276992944225e-10,2.40890408917415e-10
166.58,2.5461518123934127e-10,2.417987301725265e-10
166.59,2.583695529394628e-10,2.4267720885297714e-10
166.6,2.620904647562149e-10,2.435258313354162e-10
166.61,2.6577757005210154e-10,2.443445867035881e-10
166.62,2.694305275588952e-10,2.4513346807575053e-10
166.63,2.7304899930092216e-10,2.458924718892299e-10
166.64,2.7663265186783614e-10,2.46621597470186e-10
166.65,2.801811575446635e-10,2.4732084829001976e-10
166.66,2.836941899946724e-10,2.479902305153288e-10
166.67,2.8717142945199606e-10,2.4862975410596013e-10
166.68,2.906125585931256e-10,2.492394326412343e-10
166.69,2.94017267146086e-10,2.498192812073303e-10
166.7,2.9738524669070264e-10,2.503693210481858e-10
166.71,3.007161943645744e-10,2.508895747613627e-10
166.72,3.0400981138064556e-10,2.513800689797367e-10
166.73,3.072658034701809e-10,2.518408334015937e-10
166.74,3.104838819315217e-10,2.5227190077322417e-10
166.75,3.1366376062373257e-10,2.5267330770698935e-10
166.76,3.168051581351286e-10,2.5304509394502784e-10
166.77,3.1990780051167775e-10,2.5338730178703e-10
166.78,3.2297141395424613e-10,2.5369997757607515e-10
166.79,3.259957330092217e-10,2.5398317046286586e-10
166.8,3.2898049464282746e-10,2.542369329431532e-10
166.81,3.319254415881201e-10,2.544613206802341e-10
166.82,3.3483032075284484e-10,2.546563922872993e-10
166.83,3.3769488310707264e-10,2.5482221014530785e-10
166.84,3.405188856648376e-10,2.54958838934502e-10
166.85,3.4330208967106935e-10,2.5506634709211816e-10
166.86,3.4604426146425943e-10,2.5514480550228083e-10
166.87,3.487451689977971e-10,2.551942897029772e-10
166.88,3.5140459000836556e-10,2.5521487623963406e-10
166.89,3.5402230408105545e-10,2.552066458577383e-10
166.9,3.5659809584704487e-10,2.551696823462211e-10
166.91,3.5913175501595605e-10,2.551040721746446e-10
166.92,3.616230765301596e-10,2.5500990512627835e-10
166.93,3.6407185959516186e-10,2.5488727357591986e-10
166.94,3.6647790822979927e-10,2.54736273531157e-10
166.95,3.688410325407289e-10,2.5455700285400247e-10
166.96,3.7116104511354195e-10,2.543495636689705e-10
166.97,3.7343776583308144e-10,2.5411406015694853e-10
166.98,3.756710185366435e-10,2.538505993847806e-10
166.99,3.7786063150651173e-10,2.5355929174042254e-10
167.0,3.800064390286872e-10,2.5324025002724523e-10
167.01,3.821082800992226e-10,2.528935899319874e-10
167.02,3.8416599659422873e-10,2.5251943068252556e-10
167.03,3.8617943879874277e-10,2.521178930903449e-10
167.04,3.881484600396995e-10,2.5168910143051877e-10
167.05,3.90072918155467e-10,2.5123318288035314e-10
167.06,3.9195267709971677e-10,2.5075026682811576e-10
167.07,3.93787605418071e-10,2.50240485669746e-10
167.08,3.955775764497644e-10,2.497039745192678e-10
167.09,3.9732246901082586e-10,2.4914087093120636e-10
167.1,3.9902216632610697e-10,2.485513153191481e-10
167.11,4.0067655722730463e-10,2.4793545047905263e-10
167.12,4.022855350311904e-10,2.4729342201577025e-10
167.13,4.0384899794748086e-10,2.4662537812666034e-10
167.14,4.053668510461351e-10,2.4593146893058247e-10
167.15,4.068390014970947e-10,2.4521184794745046e-10
167.16,4.08265363573225e-10,2.4446667075761605e-10
167.17,4.0964585631657113e-10,2.4369609521985734e-10
167.18,4.1098040257411517e-10,2.429002820778945e-10
167.19,4.12268932021214e-10,2.420793941752036e-10
167.2,4.135113780866147e-10,2.4123359672314744e-10
167.21,4.147076798175168e-10,2.4036305754789656e-10
167.22,4.1585778086029584e-10,2.394679465071679e-10
167.23,4.1696163018694276e-10,2.3854843611707885e-10
167.24,4.180191819904203e-10,2.3760470091532967e-10
167.25,4.190303950065616e-10,2.3663691780200834e-10
167.26,4.1999523330902964e-10,2.3564526579919245e-10
167.27,4.2091366594891625e-10,2.346299263767578e-10
167.28,4.217856671187426e-10,2.335910827894484e-10
167.29,4.226112154780632e-10,2.325289210447201e-10
167.3,4.233902953148634e-10,2.3144362871367133e-10
167.31,4.241228958021417e-10,2.303353957788378e-10
167.32,4.2480901043526966e-10,2.292044141740157e-10
167.33,4.2544863873634917e-10,2.280508779804553e-10
167.34,4.260417843929094e-10,2.268749830345269e-10
167.35,4.265884562953075e-10,2.2567692772788674e-10
167.36,4.270886691234038e-10,2.2445691150814452e-10
167.37,4.275424406683188e-10,2.23215136797809e-10
167.38,4.2794979535364703e-10,2.2195180713247446e-10
167.39,4.2831076188638225e-10,2.2066712827383785e-10
167.4,4.2862537366203957e-10,2.1936130779700076e-10
167.41,4.2889366984753745e-10,2.180345550509573e-10
167.42,4.291156928735107e-10,2.1668708128823658e-10
167.43,4.2929149196803746e-10,2.153190992841886e-10
167.44,4.2942111986379e-10,2.139308237943184e-10
167.45,4.2950463435558095e-10,2.1252247129002278e-10
167.46,4.295420990783025e-10,2.1109425961472274e-10
167.47,4.2953358139594684e-10,2.0964640849314318e-10
167.48,4.294791538083817e-10,2.081791392939857e-10
167.49,4.2937889412413434e-10,2.066926741775736e-10
167.5,4.292328831614688e-10,2.0518723958708175e-10
167.51,4.290412092800628e-10,2.036630594632736e-10
167.52,4.2880396328035896e-10,2.0212036216979667e-10
167.53,4.2852124189802116e-10,2.0055937637846217e-10
167.54,4.2819314592061526e-10,1.9898033249794893e-10
167.55,4.2781978131413794e-10,1.9738346246089924e-10
167.56,4.2740125871112886e-10,1.9576899912782356e-10
167.57,4.2693769288710867e-10,1.9413717733691576e-10
167.58,4.264292044788007e-10,1.924882324695879e-10
167.59,4.2587591591265513e-10,1.908224022170533e-10
167.6,4.2527795784129633e-10,1.8913992445969318e-10
167.61,4.24635463190632e-10,1.8744103890827907e-10
167.62,4.2394857033165115e-10,1.8572598640968266e-10
167.63,4.232174217916524e-10,1.8399500872987612e-10
167.64,4.224421647461593e-10,1.8224834899261239e-10
167.65,4.216229506261578e-10,1.804862513718932e-10
167.66,4.207599355794584e-10,1.7870896129662558e-10
167.67,4.1985328051121994e-10,1.7691672467010844e-10
167.68,4.189031497041165e-10,1.7510978905039771e-10
167.69,4.1790971281555484e-10,1.732884026794909e-10
167.7,4.168731439597791e-10,1.7145281433364394e-10
167.71,4.157936196208715e-10,1.696032754514299e-10
167.72,4.1467132550759487e-10,1.6774003471126613e-10
167.73,4.135064451441665e-10,1.6586334580872538e-10
167.74,4.1229917038844116e-10,1.6397346097921477e-10
167.75,4.110496966263482e-10,1.6207063355277773e-10
167.76,4.0975822297327716e-10,1.601551179057362e-10
167.77,4.0842495290368565e-10,1.5822716880662853e-10
167.78,4.0705009463694905e-10,1.5628704201173717e-10
167.79,4.0563385905961833e-10,1.5433499374792627e-10
167.8,4.041764617318536e-10,1.5237128130253655e-10
167.81,4.026781254639108e-10,1.5039616145163647e-10
167.82,4.0113907161619115e-10,1.4840989300793444e-10
167.83,3.9955952870808186e-10,1.4641273442233976e-10
167.84,3.9793972876852324e-10,1.4440494490017183e-10
167.85,3.962799081587888e-10,1.4238678397568858e-10
167.86,3.945803060700847e-10,1.4035851196010328e-10
167.87,3.9284116663135897e-10,1.3832038921558253e-10
167.88,3.9106273722692114e-10,1.362726766256873e-10
167.89,3.892452694611989e-10,1.342156355664718e-10
167.9,3.8738901789537223e-10,1.3214952754881838e-10
167.91,3.854942419815642e-10,1.300746144530107e-10
167.92,3.8356120392900693e-10,1.2799115869013335e-10
167.93,3.815901707179664e-10,1.2589942187113598e-10
167.94,3.7958141163639897e-10,1.2379966727507325e-10
167.95,3.775352000261317e-10,1.2169215756100748e-10
167.96,3.7545181366049835e-10,1.1957715550542145e-10
167.97,3.733315328399302e-10,1.174549239450533e-10
167.98,3.7117464184449377e-10,1.1532572627971378e-10
167.99,3.689814278332168e-10,1.1318982541403522e-10
168.0,3.6675218236800886e-10,1.1104748461468144e-10
168.01,3.644871996598759e-10,1.088989670698399e-10
168.02,3.6218677770631573e-10,1.067445356451501e-10
168.03,3.5985121754736374e-10,1.0458445331972897e-10
168.04,3.5748082358889227e-10,1.0241898331608442e-10
168.05,3.5507590316815093e-10,1.0024838838275265e-10
168.06,3.5263676761878604e-10,9.80729309738832e-11
168.07,3.5016373060343025e-10,9.589287367869557e-11
168.08,3.476571095878586e-10,9.370847863727947e-11
168.09,3.4511722468085835e-10,9.152000782680084e-11
168.1,3.4254439901537806e-10,8.932772300767628e-11
168.11,3.399389591391206e-10,8.713188550805393e-11
168.12,3.373012344559337e-10,8.493275639814206e-11
168.13,3.3463155667933697e-10,8.273059648015941e-11
168.14,3.3193026136709053e-10,8.05256657398728e-11
168.15,3.291976860348633e-10,7.831822435797274e-11
168.16,3.264341719609947e-10,7.610853158774731e-11
168.17,3.236400626144326e-10,7.389684637973424e-11
168.18,3.2081570387855343e-10,7.168342727705028e-11
168.19,3.1796144489027127e-10,6.946853202616514e-11
168.2,3.150776373188196e-10,6.725241816344046e-11
168.21,3.1216463545403407e-10,6.503534213205647e-11
168.22,3.092227955955704e-10,6.281756026116311e-11
168.23,3.062524779158189e-10,6.059932789438349e-11
168.24,3.032540433541468e-10,5.838089990916366e-11
168.25,3.002278564159432e-10,5.616253070706606e-11
168.26,2.971742835849123e-10,5.394447268958658e-11
168.27,2.9409369404422215e-10,5.1726979357216984e-11
168.28,2.909864586512731e-10,4.951030225125593e-11
168.29,2.878529510268875e-10,4.729469249149884e-11
168.3,2.84693547130976e-10,4.50803999804486e-11
168.31,2.8150862466204427e-10,4.286767418734512e-11
168.32,2.7829856348863264e-10,4.0656763612778006e-11
168.33,2.7506374606127196e-10,3.8447915621551e-11
168.34,2.718045565304427e-10,3.624137656928674e-11
168.35,2.685213802590918e-10,3.403739282403732e-11
168.36,2.6521460608407504e-10,3.18362079413197e-11
168.37,2.6188462424312323e-10,2.963806643925129e-11
168.38,2.5853182587009696e-10,2.7443210259103056e-11
168.39,2.5515660529641345e-10,2.5251881036988803e-11
168.4,2.517593573960482e-10,2.3064319165968146e-11
168.41,2.4834047972664174e-10,2.0880763929338666e-11
168.42,2.449003710801877e-10,1.8701453395876414e-11
168.43,2.414394312272394e-10,1.652662479166053e-11
168.44,2.3795806420581364e-10,1.4356513221051124e-11
168.45,2.344566719136576e-10,1.2191353756289949e-11
168.46,2.309356598546327e-10,1.0031379746865554e-11
168.47,2.2739543471454193e-10,7.87682308581813e-12
168.48,2.2383640470724797e-10,5.7279143851906354e-12
168.49,2.202589788588537e-10,3.5848834229929694e-12
168.5,2.1666356793004748e-10,1.4479580696994875e-12
168.51,2.1305058391088823e-10,-6.826347354685288e-13
168.52,2.094204402049694e-10,-2.8066696205441396e-12
168.53,2.0577355086626474e-10,-4.923922532567234e-12
168.54,2.0211033138115821e-10,-7.034170971593194e-12
168.55,1.984311984709794e-10,-9.137193850721092e-12
168.56,1.9473656926399042e-10,-1.123277084764984e-11
168.57,1.910268634701249e-10,-1.3320685124576137e-11
168.58,1.8730249952361605e-10,-1.540071872426993e-11
168.59,1.8356389821026548e-10,-1.747265690834565e-11
168.6,1.798114808158198e-10,-1.9536286017893354e-11
168.61,1.7604566920282265e-10,-2.1591393725489477e-11
168.62,1.7226688701966693e-10,-2.363777025713874e-11
168.63,1.6847555695293232e-10,-2.5675206068386957e-11
168.64,1.6467210392126787e-10,-2.770349412871248e-11
168.65,1.6085695265258116e-10,-2.9722429018941494e-11
168.66,1.570305276814288e-10,-3.173180606684692e-11
168.67,1.5319325595211003e-10,-3.37314237417728e-11
168.68,1.4934556363922976e-10,-3.572108121415509e-11
168.69,1.4548787746779978e-10,-3.7700579635470437e-11
168.7,1.4162062553455246e-10,-3.96697221759139e-11
168.71,1.377442335745833e-10,-4.162831280528196e-11
168.72,1.3385913146841706e-10,-4.357615872409161e-11
168.73,1.299657458310376e-10,-4.551306739156814e-11
168.74,1.2606450613110681e-10,-4.743884942266025e-11
168.75,1.2215584064739694e-10,-4.935331628474922e-11
168.76,1.182401773336216e-10,-5.125628181817726e-11
168.77,1.1431794529009367e-10,-5.3147561432738245e-11
168.78,1.103895732441633e-10,-5.502697261217292e-11
168.79,1.0645549004495212e-10,-5.689433458970056e-11
168.8,1.025161238867925e-10,-5.87494685686918e-11
168.81,9.857190333813211e-11,-6.05921976567214e-11
168.82,9.46232570079923e-11,-6.242234706547921e-11
168.83,9.067061263567214e-11,-6.423974349808102e-11
168.84,8.671439798688245e-11,-6.604421615723745e-11
168.85,8.275504078156952e-11,-6.783559579490712e-11
168.86,7.87929683350505e-11,-6.961371540138482e-11
168.87,7.482860718711299e-11,-7.13784099387391e-11
168.88,7.086238381986407e-11,-7.31295161930953e-11
168.89,6.689472407660627e-11,-7.486687344565119e-11
168.9,6.292605331184121e-11,-7.659032246597314e-11
168.91,5.895679603352512e-11,-7.829970636401917e-11
168.92,5.498737699118974e-11,-7.99948704988079e-11
168.93,5.1018218701571266e-11,-8.167566184681561e-11
168.94,4.704974520716844e-11,-8.334192987450442e-11
168.95,4.308237757848028e-11,-8.499352590284876e-11
168.96,3.911653723548677e-11,-8.663030361012549e-11
168.97,3.515264502408697e-11,-8.825211863568544e-11
168.98,3.1191119674145805e-11,-8.985882865935427e-11
168.99,2.7232380297622434e-11,-9.145029378908424e-11
169.0,2.327684453470233e-11,-9.302637612103129e-11
169.01,1.9324928619468102e-11,-9.458693992148179e-11
169.02,1.5377048856202763e-11,-9.613185173680162e-11
169.03,1.1433619203077858e-11,-9.766098010281344e-11
169.04,7.49505270848923e-12,-9.917419591654147e-11
169.05,3.5617618174744782e-12,-1.0067137212267501e-10
169.06,-3.6584233954315714e-13,-1.0215238423681719e-10
169.07,-4.287350422412855e-12,-1.0361710955337811e-10
169.08,-8.202354436571733e-12,-1.0506542785251568e-10
169.09,-1.2110446763843414e-11,-1.0649722106248445e-10
169.1,-1.6011222087345154e-11,-1.079123735179093e-10
169.11,-1.9904276243162265e-11,-1.0931077152181706e-10
169.12,-2.378920653352006e-11,-1.1069230378898217e-10
169.13,-2.766561196826436e-11,-1.1205686137741888e-10
169.14,-3.153309253131509e-11,-1.134043375519099e-10
169.15,-3.539125080444577e-11,-1.1473462767785686e-10
169.16,-3.923968976109491e-11,-1.1604762986154112e-10
169.17,-4.307801504492689e-11,-1.1734324394701636e-10
169.18,-4.690583377343659e-11,-1.1862137238190742e-10
169.19,-5.0722754374801417e-11,-1.198819200454729e-10
169.2,-5.4528387787744826e-11,-1.2112479368659303e-10
169.21,-5.832234608391804e-11,-1.2234990283798993e-10
169.22,-6.210424417602489e-11,-1.2355715885105613e-10
169.23,-6.587369733554184e-11,-1.2474647586684015e-10
169.24,-6.963032423251724e-11,-1.2591777007596706e-10
169.25,-7.337374475629758e-11,-1.2707096010953253e-10
169.26,-7.710358137600682e-11,-1.2820596670785668e-10
169.27,-8.081945818210713e-11,-1.2932271327825876e-10
169.28,-8.452100104927181e-11,-1.3042112527117433e-10
169.29,-8.820783848170691e-11,-1.315011308654686e-10
169.3,-9.187960160458783e-11,-1.3256265989607012e-10
169.31,-9.553592306914737e-11,-1.336056448858398e-10
169.32,-9.917643772698777e-11,-1.3463002107951737e-10
169.33,-1.028007825363294e-10,-1.3563572560500739e-10
169.34,-1.0640859793262971e-10,-1.3662269792155883e-10
169.35,-1.0999952516967185e-10,-1.3759088008933515e-10
169.36,-1.1357320929944453e-10,-1.3854021615626232e-10
169.37,-1.1712929694905065e-10,-1.394706527272916e-10
169.38,-1.2066743633248023e-10,-1.403821393538225e-10
169.39,-1.2418728094915015e-10,-1.4127462636000282e-10
169.4,-1.2768848350513571e-10,-1.4214806803187865e-10
169.41,-1.3117070167324055e-10,-1.430024200777094e-10
169.42,-1.3463359423968502e-10,-1.4383764063604112e-10
169.43,-1.380768236058704e-10,-1.446536905686421e-10
169.44,-1.4150005413058472e-10,-1.454505327163627e-10
169.45,-1.449029533424146e-10,-1.4622813240059055e-10
169.46,-1.4828519201902673e-10,-1.4698645720448377e-10
169.47,-1.5164644024758857e-10,-1.4772547696050547e-10
169.48,-1.54986376406625e-10,-1.4844516394865642e-10
169.49,-1.5830467736475244e-10,-1.4914549299114374e-10
169.5,-1.616010250441666e-10,-1.4982644062623701e-10
169.51,-1.6487510354326945e-10,-1.5048798606972404e-10
169.52,-1.6812659895198692e-10,-1.5113011101580902e-10
169.53,-1.7135520157812943e-10,-1.517527991907427e-10
169.54,-1.7456060403370278e-10,-1.5235603658515138e-10
169.55,-1.7774250243177836e-10,-1.5293981184375219e-10
169.56,-1.809005952295136e-10,-1.5350411505758854e-10
169.57,-1.840345842413131e-10,-1.5404893980194467e-10
169.58,-1.8714417462381053e-10,-1.5457428109299126e-10
169.59,-1.902290737741266e-10,-1.5508013651104503e-10
169.6,-1.9328899334180035e-10,-1.5556650553020166e-10
169.61,-1.963236471643615e-10,-1.5603339049433767e-10
169.62,-1.9933275258151827e-10,-1.5648079552772302e-10
169.63,-2.0231603018755338e-10,-1.5690872728688407e-10
169.64,-2.0527320389429091e-10,-1.5731719439794212e-10
169.65,-2.0820400037916297e-10,-1.5770620785439993e-10
169.66,-2.111081501109965e-10,-1.5807578097775667e-10
169.67,-2.1398538664705466e-10,-1.5842592904695365e-10
169.68,-2.1683544654469245e-10,-1.5875667020398492e-10
169.69,-2.1965807054853955e-10,-1.5906802318894754e-10
169.7,-2.2245300187760142e-10,-1.5936001107952889e-10
169.71,-2.2521998667346073e-10,-1.5963265783335704e-10
169.72,-2.2795877643946446e-10,-1.5988598953708623e-10
169.73,-2.3066912434720464e-10,-1.6012003506789916e-10
169.74,-2.3335078752776216e-10,-1.6033482493820298e-10
169.75,-2.3600352648769395e-10,-1.6053039222522526e-10
169.76,-2.3862710608426443e-10,-1.607067712762629e-10
169.77,-2.412212936686216e-10,-1.6086399972678375e-10
169.78,-2.437858585277363e-10,-1.6100211715994407e-10
169.79,-2.463205773285167e-10,-1.6112116432244114e-10
169.8,-2.4882522791774177e-10,-1.6122118478621702e-10
169.81,-2.512995918738774e-10,-1.61302224020115e-10
169.82,-2.5374345435137923e-10,-1.6136432980740827e-10
169.83,-2.5615660468559237e-10,-1.614075514415037e-10
169.84,-2.585388349595181e-10,-1.61431940985307e-10
169.85,-2.608899422013175e-10,-1.6143755190950083e-10
169.86,-2.632097263538631e-10,-1.6142443993575973e-10
169.87,-2.654979890703724e-10,-1.6139266313956557e-10
169.88,-2.677545398736324e-10,-1.6134228094816028e-10
169.89,-2.69979188620487e-10,-1.6127335535550008e-10
169.9,-2.721717504515183e-10,-1.6118594981861882e-10
169.91,-2.743320435171581e-10,-1.6108013027377133e-10
169.92,-2.7645988988352477e-10,-1.6095596433861148e-10
169.93,-2.78555115530679e-10,-1.6081352147787255e-10
169.94,-2.8061755011797617e-10,-1.606528733097367e-10
169.95,-2.8264702692512663e-10,-1.6047409315948957e-10
169.96,-2.846433838652891e-10,-1.602772563568221e-10
169.97,-2.8660646113409647e-10,-1.6006244022320872e-10
169.98,-2.8853610401484463e-10,-1.5982972352847683e-10
169.99,-2.904321613171134e-10,-1.5957918733261486e-10
170.0,-2.922944851933957e-10,-1.593109145336197e-10
170.01,-2.941229323696706e-10,-1.5902498935381877e-10
170.02,-2.959173627366354e-10,-1.587214984974476e-10
170.03,-2.976776404822802e-10,-1.584005299771966e-10
170.04,-2.994036338399648e-10,-1.580621737312388e-10
170.05,-3.0109521408190506e-10,-1.5770652150944192e-10
170.06,-3.0275225730192777e-10,-1.5733366669138865e-10
170.07,-3.0437464301740985e-10,-1.5694370474407868e-10
170.08,-3.0596225466382275e-10,-1.5653673207745188e-10
170.09,-3.075149800808536e-10,-1.5611284772068068e-10
170.1,-3.0903270982877645e-10,-1.5567215187006098e-10
170.11,-3.105153397497464e-10,-1.552147463940293e-10
170.12,-3.1196276862112746e-10,-1.5474073477518709e-10
170.13,-3.133748998962392e-10,-1.542502224655626e-10
170.14,-3.1475164072820803e-10,-1.537433160118222e-10
170.15,-3.160929011981818e-10,-1.5322012436620504e-10
170.16,-3.1739859773983907e-10,-1.5268075683433542e-10
170.17,-3.186686464129289e-10,-1.5212532608173987e-10
170.18,-3.1990297258524474e-10,-1.515539443570275e-10
170.19,-3.211015021115969e-10,-1.509667265821864e-10
170.2,-3.222641654985103e-10,-1.503637888395151e-10
170.21,-3.2339089747506317e-10,-1.4974524905423585e-10
170.22,-3.244816358137209e-10,-1.4911122657790308e-10
170.23,-3.2553632538582936e-10,-1.4846184095919236e-10
170.24,-3.2655491017432095e-10,-1.4779721539350545e-10
170.25,-3.2753734101055257e-10,-1.4711747295247758e-10
170.26,-3.284835726432968e-10,-1.4642273851051963e-10
170.27,-3.2939356352503083e-10,-1.4571313825964648e-10
170.28,-3.302672753246501e-10,-1.4498880003900396e-10
170.29,-3.3110467448328014e-10,-1.4424985268115432e-10
170.3,-3.319057308559793e-10,-1.4349642648561498e-10
170.31,-3.3267041928055357e-10,-1.4272865318848442e-10
170.32,-3.3339871559116527e-10,-1.4194666574125916e-10
170.33,-3.340906036941474e-10,-1.4115059797395094e-10
170.34,-3.347460688517744e-10,-1.403405859172233e-10
170.35,-3.353651003951804e-10,-1.395167656377806e-10
170.36,-3.359476921584745e-10,-1.386792754368272e-10
170.37,-3.3649384152719987e-10,-1.3782825417142976e-10
170.38,-3.3700355000678207e-10,-1.3696384221836117e-10
170.39,-3.3747682277503845e-10,-1.3608618100041137e-10
170.4,-3.3791366838188297e-10,-1.3519541290895685e-10
170.41,-3.3831410185320537e-10,-1.3429168178017596e-10
170.42,-3.386781380405996e-10,-1.3337513227390705e-10
170.43,-3.3900579834507216e-10,-1.3244591034622394e-10
170.44,-3.39297107371491e-10,-1.3150416280636401e-10
170.45,-3.3955209414568554e-10,-1.3055003751764096e-10
170.46,-3.3977079017758344e-10,-1.2958368355935147e-10
170.47,-3.399532320042111e-10,-1.2860525070443504e-10
170.48,-3.400994595632346e-10,-1.276148900064153e-10
170.49,-3.402095175551398e-10,-1.266127527546116e-10
170.5,-3.4028345003067615e-10,-1.255989934643952e-10
170.51,-3.4032131172253033e-10,-1.2457376426255092e-10
170.52,-3.4032315719004506e-10,-1.2353721997310137e-10
170.53,-3.40289043937806e-10,-1.2248951684483687e-10
170.54,-3.40219036431933e-10,-1.2143080965633295e-10
170.55,-3.4011319945994946e-10,-1.2036125712394576e-10
170.56,-3.3997160363727844e-10,-1.1928101669428184e-10
170.57,-3.39794322423505e-10,-1.1819024712890465e-10
170.58,-3.39581432988991e-10,-1.170891081051196e-10
170.59,-3.3933301756908174e-10,-1.1597775952211945e-10
170.6,-3.3904916001489397e-10,-1.1485636276842066e-10
170.61,-3.3872994864582604e-10,-1.1372507947317333e-10
170.62,-3.3837547623427014e-10,-1.1258407196041522e-10
170.63,-3.3798583727852307e-10,-1.1143350348768029e-10
170.64,-3.375611317416394e-10,-1.102735377050989e-10
170.65,-3.3710146274631873e-10,-1.0910433870120009e-10
170.66,-3.366069362291023e-10,-1.079260717464803e-10
170.67,-3.36077662350675e-10,-1.0673890221315974e-10
170.68,-3.3551375440384394e-10,-1.0554299616773596e-10
170.69,-3.3491532951238375e-10,-1.0433852037189937e-10
170.7,-3.342825078203781e-10,-1.0312564188215791e-10
170.71,-3.336154137650685e-10,-1.0190452815840042e-10
170.72,-3.329141745905955e-10,-1.0067534772196951e-10
170.73,-3.321789208999776e-10,-9.943826883969617e-11
170.74,-3.314097873027396e-10,-9.819346055746187e-11
170.75,-3.3060691134650336e-10,-9.694109226363325e-11
170.76,-3.2977043381094376e-10,-9.568133397574248e-11
170.77,-3.2890049949386734e-10,-9.44143556785489e-11
170.78,-3.279972559195733e-10,-9.314032796277401e-11
170.79,-3.2706085408767866e-10,-9.18594216927334e-11
170.8,-3.2609144841700617e-10,-9.057180787160804e-11
170.81,-3.250891968469976e-10,-8.92776582286835e-11
170.82,-3.240542595207618e-10,-8.79771443960571e-11
170.83,-3.22986801090576e-10,-8.667043828475755e-11
170.84,-3.21886988544322e-10,-8.535771206643875e-11
170.85,-3.2075499199067544e-10,-8.40391383193348e-11
170.86,-3.195909860723609e-10,-8.271488939113985e-11
170.87,-3.18395146697689e-10,-8.138513816230332e-11
170.88,-3.17167653949034e-10,-8.005005746818459e-11
170.89,-3.1590869081819997e-10,-7.870982021795765e-11
170.9,-3.1461844345392995e-10,-7.736459973596087e-11
170.91,-3.132971004053175e-10,-7.60145691455386e-11
170.92,-3.119448540631998e-10,-7.465990155076956e-11
170.93,-3.1056189960661327e-10,-7.330077045403476e-11
170.94,-3.0914843452443383e-10,-7.193734890227763e-11
170.95,-3.0770466011200337e-10,-7.056981030315735e-11
170.96,-3.0623077987541166e-10,-6.919832812791456e-11
170.97,-3.0472700097434123e-10,-6.782307529500495e-11
170.98,-3.0319353258806995e-10,-6.644422511000506e-11
170.99,-3.0163058714338145e-10,-6.506195077373763e-11
171.0,-3.0003837981690057e-10,-6.36764251278796e-11
171.01,-2.9841712848304157e-10,-6.2287821162102e-11
171.02,-2.9676705405517193e-10,-6.089631138386546e-11
171.03,-2.9508837957285213e-10,-5.950206856882878e-11
171.04,-2.93381331339975e-10,-5.810526497308679e-11
171.05,-2.9164613808626434e-10,-5.670607278639997e-11
171.06,-2.8988303094344234e-10,-5.530466400539663e-11
171.07,-2.8809224424433583e-10,-5.39012102507525e-11
171.08,-2.86274014168226e-10,-5.249588308888941e-11
171.09,-2.844285798221616e-10,-5.1088853615823796e-11
171.1,-2.825561827582794e-10,-4.968029273884812e-11
171.11,-2.806570673910326e-10,-4.827037088388936e-11
171.12,-2.787314793364416e-10,-4.6859258558721806e-11
171.13,-2.7677966866123266e-10,-4.5447125184540166e-11
171.14,-2.748018857349701e-10,-4.403414061836564e-11
171.15,-2.727983846658203e-10,-4.262047366670342e-11
171.16,-2.7076942128361116e-10,-4.120629335361365e-11
171.17,-2.6871525407217605e-10,-3.9791767318134805e-11
171.18,-2.6663614331004086e-10,-3.837706386956874e-11
171.19,-2.64532351672387e-10,-3.69623502887308e-11
171.2,-2.624041443053643e-10,-3.5547793194055985e-11
171.21,-2.6025178857825e-10,-3.4133559002453394e-11
171.22,-2.58075553349499e-10,-3.27198134170225e-11
171.23,-2.5587571017021993e-10,-3.1306721849405243e-11
171.24,-2.536525323705299e-10,-2.9894448944744396e-11
171.25,-2.5140629553956723e-10,-2.8483158731048443e-11
171.26,-2.491372775504998e-10,-2.7073014786697907e-11
171.27,-2.4684575731893053e-10,-2.5664179795013546e-11
171.28,-2.445320158750571e-10,-2.4256816755372675e-11
171.29,-2.421963373719355e-10,-2.285108645221171e-11
171.3,-2.3983900658380084e-10,-2.1447150424386332e-11
171.31,-2.374603104135082e-10,-2.004516857654758e-11
171.32,-2.3506053797180726e-10,-1.864530074976223e-11
171.33,-2.3263997977522778e-10,-1.7247705627498468e-11
171.34,-2.3019892755348087e-10,-1.5852541417884587e-11
171.35,-2.2773767640358283e-10,-1.4459965495874909e-11
171.36,-2.2525652129412783e-10,-1.3070134418123936e-11
171.37,-2.2275575942277145e-10,-1.1683204196018907e-11
171.38,-2.202356906169069e-10,-1.029932955574902e-11
171.39,-2.176966135755808e-10,-8.918665319660692e-12
171.4,-2.1513883205752446e-10,-7.541364246841976e-12
171.41,-2.1256264879568464e-10,-6.167579188277907e-12
171.42,-2.099683688665629e-10,-4.797461780810534e-12
171.43,-2.0735629940680831e-10,-3.4311621260884466e-12
171.44,-2.0472674631985368e-10,-2.0688320768187732e-12
171.45,-2.020800204033079e-10,-7.106188001786015e-13
171.46,-1.994164315565588e-10,6.433289536976267e-13
171.47,-1.9673629099790625e-10,1.992863983273966e-12
171.48,-1.9403991322844092e-10,3.3378404681703075e-12
171.49,-1.9132761094656674e-10,4.678112721602533e-12
171.5,-1.8859970005062933e-10,6.013536782644863e-12
171.51,-1.8585649700585047e-10,7.343969205276378e-12
171.52,-1.8309831982245983e-10,8.66926806542629e-12
171.53,-1.803254860498455e-10,9.98929159630681e-12
171.54,-1.7753831638969717e-10,1.1303899958884252e-11
171.55,-1.7473713150755083e-10,1.2612954088412093e-11
171.56,-1.7192225389695088e-10,1.3916315569644563e-11
171.57,-1.6909400288796027e-10,1.5213848021253475e-11
171.58,-1.6625270531583025e-10,1.6505415025055546e-11
171.59,-1.633986843855436e-10,1.7790881880256836e-11
171.6,-1.6053226529875016e-10,1.9070114914351587e-11
171.61,-1.5765377412915015e-10,2.0342981721714267e-11
171.62,-1.5476353715896543e-10,2.160935064711876e-11
171.63,-1.5186188198516526e-10,2.2869091657860647e-11
171.64,-1.4894913667944107e-10,2.4122075304782938e-11
171.65,-1.4602563014379623e-10,2.5368174099575842e-11
171.66,-1.4309169091091662e-10,2.6607261157309798e-11
171.67,-1.401476500072373e-10,2.7839210980433144e-11
171.68,-1.3719383691245777e-10,2.9063899148814642e-11
171.69,-1.3423058276356706e-10,3.0281202601522226e-11
171.7,-1.3125821901102475e-10,3.1490999672995524e-11
171.71,-1.2827707722790967e-10,3.2693169497079913e-11
171.72,-1.2528748968610597e-10,3.388759261708568e-11
171.73,-1.2228978868742323e-10,3.507415162251162e-11
171.74,-1.1928430717541036e-10,3.625272902181197e-11
171.75,-1.1627137811659956e-10,3.742320960929444e-11
171.76,-1.1325133485936929e-10,3.85854790997171e-11
171.77,-1.1022451066546457e-10,3.973942449047368e-11
171.78,-1.0719123955830253e-10,4.088493435603698e-11
171.79,-1.0415185516841954e-10,4.2021898402135326e-11
171.8,-1.011066912558601e-10,4.31502075342864e-11
171.81,-9.805608192170209e-11,4.4269754307624036e-11
171.82,-9.500036130609812e-11,4.538043253617657e-11
171.83,-9.193986345487709e-11,4.64821372173094e-11
171.84,-8.88749205905141e-11,4.757476498070593e-11
171.85,-8.580586860746419e-11,4.865821369418777e-11
171.86,-8.273304046291266e-11,4.973238260712201e-11
171.87,-7.96567697053058e-11,5.079717232732268e-11
171.88,-7.65773897371e-11,5.1852485096709525e-11
171.89,-7.349523330158638e-11,5.289822421470452e-11
171.9,-7.041063387019044e-11,5.393429469391026e-11
171.91,-6.732392347486065e-11,5.496060286220795e-11
171.92,-6.423543449068539e-11,5.597705643834977e-11
171.93,-6.114549891116284e-11,5.698356478622005e-11
171.94,-5.805444795596064e-11,5.79800383303854e-11
171.95,-5.496261289083792e-11,5.896638933378357e-11
171.96,-5.1870323971435893e-11,5.994253131175594e-11
171.97,-4.877791157063548e-11,6.090837942213144e-11
171.98,-4.568570470758598e-11,6.186384995385121e-11
171.99,-4.259403267639803e-11,6.280886107731321e-11
172.0,-3.9503223791483554e-11,6.374333222571174e-11
172.01,-3.6413605503416925e-11,6.466718429805339e-11
172.02,-3.332550477368404e-11,6.55803397454122e-11
172.03,-3.023924805918157e-11,6.6482722663742e-11
172.04,-2.7155161073830152e-11,6.737425830489994e-11
172.05,-2.4073567712501205e-11,6.825487381235508e-11
172.06,-2.099479283494443e-11,6.912449762532156e-11
172.07,-1.7919159133111863e-11,6.998305961367524e-11
172.08,-1.4846988771574503e-11,7.083049144428497e-11
172.09,-1.177860347447983e-11,7.166672622429917e-11
172.1,-8.714322789555584e-12,7.249169817791542e-11
172.11,-5.6544666863243445e-12,7.330534381468687e-11
172.12,-2.599353808257443e-12,7.410760064628283e-11
172.13,4.506994262000472e-13,7.489840767090873e-11
172.14,3.4953760597920927e-12,7.567770577398426e-11
172.15,6.534361027298688e-12,7.644543737364172e-11
172.16,9.56734084056661e-12,7.72015459609801e-11
172.17,1.2594002253019329e-11,7.794597709310418e-11
172.18,1.5614033508729612e-11,7.867867758107379e-11
172.19,1.8627124094359273e-11,7.93995960939942e-11
172.2,2.1632966293217956e-11,8.010868223056655e-11
172.21,2.4631250326268243e-11,8.080588813548532e-11
172.22,2.7621670838948386e-11,8.149116633684611e-11
172.23,3.060392213331087e-11,8.216447208259163e-11
172.24,3.3577700769422945e-11,8.282576143007065e-11
172.25,3.6542704350772615e-11,8.347499200893157e-11
172.26,3.949863177268606e-11,8.411212347118508e-11
172.27,4.244518396716249e-11,8.473711663482129e-11
172.28,4.5382062367565e-11,8.534993398034167e-11
172.29,4.8308971864599064e-11,8.595053947479923e-11
172.3,5.12256164021263e-11,8.653889884157214e-11
172.31,5.4131703173998985e-11,8.711497943053715e-11
172.32,5.7026940500432955e-11,8.767874983053267e-11
172.33,5.991103890219874e-11,8.823018043403078e-11
172.34,6.278370923853423e-11,8.876924309041709e-11
172.35,6.564466562352989e-11,8.92959110991534e-11
172.36,6.849362299992282e-11,8.981015966214333e-11
172.37,7.133029836278302e-11,9.031196489253096e-11
172.38,7.415441043974594e-11,9.080130570956934e-11
172.39,7.696567979167986e-11,9.127816094547287e-11
172.4,7.976382845729364e-11,9.174251233785607e-11
172.41,8.254858127273997e-11,9.219434224001464e-11
172.42,8.531966394751956e-11,9.263363525829789e-11
172.43,8.807680475340215e-11,9.306037718717102e-11
172.44,9.081973402671237e-11,9.347455520776281e-11
172.45,9.354818264905593e-11,9.387615854482205e-11
172.46,9.626188779283735e-11,9.426517698968439e-11
172.47,9.896057876016488e-11,9.464160399106918e-11
172.48,1.0164400034518803e-10,9.500543169367487e-11
172.49,1.043118901367102e-10,9.535665549332603e-11
172.5,1.0696398946384093e-10,9.569527256430762e-11
172.51,1.0960004538842663e-10,9.602127971061656e-11
172.52,1.122198021684007e-10,9.633467762181194e-11
172.53,1.1482300887643838e-10,9.663546718951973e-11
172.54,1.1740941634790437e-10,9.692365098120105e-11
172.55,1.199787783457695e-10,9.719923291877128e-11
172.56,1.2253084920176417e-10,9.746221908091399e-11
172.57,1.2506538710688432e-10,9.771261622713275e-11
172.58,1.2758215222139056e-10,9.79504328508872e-11
172.59,1.3008090622276007e-10,9.81756794476593e-11
172.6,1.3256141352628264e-10,9.838836708245786e-11
172.61,1.350234412816172e-10,9.85885091414108e-11
172.62,1.374667586362451e-10,9.877611991685451e-11
172.63,1.398911372083759e-10,9.895121541411244e-11
172.64,1.4229635077051653e-10,9.911381321880534e-11
172.65,1.446821760586431e-10,9.92639318642408e-11
172.66,1.4704839168830312e-10,9.940159206944667e-11
172.67,1.4939477945205026e-10,9.952681479597435e-11
172.68,1.5172112267806542e-10,9.963962382147048e-11
172.69,1.5402720793929076e-10,9.974004383448824e-11
172.7,1.5631282422964364e-10,9.982810043651866e-11
172.71,1.585777629337256e-10,9.99038211109438e-11
172.72,1.6082181769108118e-10,9.996723469566427e-11
172.73,1.6304478605566806e-10,1.000183712611352e-10
172.74,1.6524646559886544e-10,1.0005726262632951e-10
172.75,1.6742665933347096e-10,1.000839415148882e-10
172.76,1.6958517126104134e-10,1.0009844234537345e-10
172.77,1.717218087113426e-10,1.0010080062203413e-10
172.78,1.7383638106644022e-10,1.0009105370410732e-10
172.79,1.759287003675265e-10,1.0006923976430233e-10
172.8,1.779985824125209e-10,1.0003539844340277e-10
172.81,1.8004584473709025e-10,9.998957091556037e-11
172.82,1.820703079860118e-10,9.993179942722783e-11
172.83,1.84071795068118e-10,9.986212781173701e-11
172.84,1.860501323052755e-10,9.978060082493212e-11
172.85,1.8800514822860868e-10,9.968726496392811e-11
172.86,1.8993667479378464e-10,9.958216753494828e-11
172.87,1.9184454575722588e-10,9.946535768698303e-11
172.88,1.9372859892974056e-10,9.933688519372615e-11
172.89,1.9558867386815192e-10,9.91968014940626e-11
172.9,1.974246134963738e-10,9.904515927219107e-11
172.91,1.992362636618165e-10,9.888201226872977e-11
172.92,2.010234724330642e-10,9.870741552826382e-11
172.93,2.027860915718241e-10,9.852142534894877e-11
172.94,2.0452397523606332e-10,9.832409930086129e-11
172.95,2.062369804740254e-10,9.811549592878877e-11
172.96,2.079249674937354e-10,9.789567503956778e-11
172.97,2.095877990501305e-10,9.766469786827869e-11
172.98,2.1122534129773585e-10,9.742262634698314e-11
172.99,2.1283746298334733e-10,9.716952396745476e-11
173.0,2.1442403533189325e-10,9.690545538205731e-11
173.01,2.1598493326771464e-10,9.663048614533959e-11
173.02,2.175200352385819e-10,9.63446826405213e-11
173.03,2.1902922105254474e-10,9.604811309649642e-11
173.04,2.2051237434714804e-10,9.574084640768574e-11
173.05,2.2196938152521474e-10,9.542295256569112e-11
173.06,2.2340013235547236e-10,9.509450274586577e-11
173.07,2.2480451944456912e-10,9.475556904879417e-11
173.08,2.26182438339563e-10,9.440622478242817e-11
173.09,2.2753378726009183e-10,9.404654419156355e-11
173.1,2.2885846794151533e-10,9.367660255902696e-11
173.11,2.3015638494095966e-10,9.329647623133137e-11
173.12,2.31427445827687e-10,9.290624255335597e-11
173.13,2.326715603406065e-10,9.250598010852389e-11
173.14,2.3388864448282013e-10,9.209576740034646e-11
173.15,2.350786124671043e-10,9.167568546510974e-11
173.16,2.362413849684842e-10,9.124581524291922e-11
173.17,2.373768844920738e-10,9.080623901353738e-11
173.18,2.384850371153844e-10,9.035703977006041e-11
173.19,2.395657712876481e-10,8.989830156300206e-11
173.2,2.406190190254907e-10,8.943010944097972e-11
173.21,2.416447154466923e-10,8.895254897475833e-11
173.22,2.4264279821053197e-10,8.846570715152067e-11
173.23,2.436132084481292e-10,8.796967136714938e-11
173.24,2.4455589074798254e-10,8.746452972580008e-11
173.25,2.4547079109915903e-10,8.695037249327105e-11
173.26,2.463578610790546e-10,8.642728861915165e-11
173.27,2.472170522006869e-10,8.589536986444115e-11
173.28,2.4804832234114747e-10,8.535470750708367e-11
173.29,2.4885163034769797e-10,8.480539401576777e-11
173.3,2.4962693833565296e-10,8.42475228924682e-11
173.31,2.503742121124068e-10,8.368118785544962e-11
173.32,2.5109341997438283e-10,8.310648438261033e-11
173.33,2.517845335751118e-10,8.252350734957572e-11
173.34,2.524475278256704e-10,8.193235314077561e-11
173.35,2.53082380060895e-10,8.133311893202813e-11
173.36,2.536890704652189e-10,8.072590198558741e-11
173.37,2.5426758361727903e-10,8.011080110177847e-11
173.38,2.5481790578110606e-10,7.948791494671635e-11
173.39,2.5534002739134304e-10,7.88573431014759e-11
173.4,2.558339412388269e-10,7.821918626176972e-11
173.41,2.5629964123999454e-10,7.757354517399324e-11
173.42,2.567371288015974e-10,7.692052115797621e-11
173.43,2.5714640460779484e-10,7.626021666095115e-11
173.44,2.5752747346474633e-10,7.559273425742008e-11
173.45,2.5788034385577355e-10,7.49181771716553e-11
173.46,2.5820502649641853e-10,7.423664935210379e-11
173.47,2.5850153472246684e-10,7.354825512693619e-11
173.48,2.587698859380881e-10,7.285309940319586e-11
173.49,2.590101000960123e-10,7.215128770715224e-11
173.5,2.5922219928968764e-10,7.144292576270538e-11
173.51,2.5940620968438154e-10,7.072812020086817e-11
173.52,2.59562160375535e-10,7.000697778242039e-11
173.53,2.5969008055567673e-10,6.92796067411238e-11
173.54,2.597900107662229e-10,6.85461123976867e-11
173.55,2.598619829366275e-10,6.780660537517497e-11
173.56,2.599060391856957e-10,6.70611935089646e-11
173.57,2.599222230970469e-10,6.63099858415553e-11
173.58,2.599105810325933e-10,6.555309169202801e-11
173.59,2.5987116147927397e-10,6.479062104972404e-11
173.6,2.5980401734122685e-10,6.402268382552564e-11
173.61,2.597092026355404e-10,6.324939080306111e-11
173.62,2.595867749065867e-10,6.247085269540945e-11
173.63,2.5943679699479793e-10,6.168718025592296e-11
173.64,2.5925933005009923e-10,6.089848537686813e-11
173.65,2.5905444134320796e-10,6.010487958202733e-11
173.66,2.5882219947956703e-10,5.930647495129153e-11
173.67,2.5856267653380374e-10,5.850338370311328e-11
173.68,2.5827594690630513e-10,5.7695718344195044e-11
173.69,2.579620883524453e-10,5.6883591670643816e-11
173.7,2.576211812974458e-10,5.606711641985093e-11
173.71,2.5725330828035854e-10,5.5246405702130073e-11
173.72,2.568585548642656e-10,5.4421573272143205e-11
173.73,2.564370099307312e-10,5.3592732146032294e-11
173.74,2.5598876428869327e-10,5.275999628687767e-11
173.75,2.555139116358785e-10,5.1923479316218e-11
173.76,2.5501254875488154e-10,5.1083295365646454e-11
173.77,2.544847747609034e-10,5.0239558268526734e-11
173.78,2.5393069113080433e-10,4.939238209780057e-11
173.79,2.533504025154802e-10,4.854188136028984e-11
173.8,2.5274401625686185e-10,4.768817039196613e-11
173.81,2.5211164112610687e-10,4.6831363082136476e-11
173.82,2.5145339033186884e-10,4.597157435568437e-11
173.83,2.5076937798861013e-10,4.510891848495477e-11
173.84,2.500597216810523e-10,4.42435099026429e-11
173.85,2.4932454153975823e-10,4.337546301280243e-11
173.86,2.485639596611019e-10,4.2504892295850505e-11
173.87,2.477781005971282e-10,4.1631912590513326e-11
173.88,2.469670923698363e-10,4.0756637664628003e-11
173.89,2.461310648165708e-10,3.987918205230781e-11
173.9,2.452701490820992e-10,3.899966036958611e-11
173.91,2.443844813120339e-10,3.811818646057714e-11
173.92,2.4347419809485414e-10,3.723487446914327e-11
173.93,2.425394387888132e-10,3.634983849392415e-11
173.94,2.4158034566758303e-10,3.5463192304643686e-11
173.95,2.4059706231357145e-10,3.457504982356793e-11
173.96,2.3958973568745746e-10,3.3685524482866815e-11
173.97,2.3855851496944157e-10,3.279472964977048e-11
173.98,2.3750355090328335e-10,3.1902778967158315e-11
173.99,2.3642499670441937e-10,3.100978512054531e-11
174.0,2.353230085376523e-10,3.0115861231453585e-11
174.01,2.341977441309519e-10,2.922111988351296e-11
174.02,2.3304936365621263e-10,2.8325673486356642e-11
174.03,2.318780295953381e-10,2.7429634186554235e-11
174.04,2.3068390618409901e-10,2.65331140743153e-11
174.05,2.294671600980884e-10,2.5636224915900605e-11
174.06,2.282279600283726e-10,2.4739077898438168e-11
174.07,2.2696647715572313e-10,2.384178409088562e-11
174.08,2.256828843036023e-10,2.2944454799701194e-11
174.09,2.2437735644298435e-10,2.2047199976571676e-11
174.1,2.2305007047778355e-10,2.1150130035978806e-11
174.11,2.217012054290027e-10,2.0253354825781516e-11
174.12,2.203309428447532e-10,1.9356983695009114e-11
174.13,2.1893946515670393e-10,1.846112593714555e-11
174.14,2.175269578211674e-10,1.7565890118773532e-11
174.15,2.1609360737838397e-10,1.6671384762088578e-11
174.16,2.1463960257355916e-10,1.5777717716951736e-11
174.17,2.131651343353203e-10,1.488499653058534e-11
174.18,2.1167039553809976e-10,1.3993328126268864e-11
174.19,2.101555794147926e-10,1.3102819606581738e-11
174.2,2.086208829145213e-10,1.2213576903988052e-11
174.21,2.070665042252297e-10,1.1325705711573852e-11
174.22,2.0549264240529347e-10,1.0439311468660661e-11
174.23,2.0389949930138193e-10,9.554498943478512e-12
174.24,2.0228727760783318e-10,8.671372529371082e-12
174.25,2.0065618365667445e-10,7.790035646532704e-12
174.26,1.9900642060700007e-10,6.910592344244742e-12
174.27,1.973381993836283e-10,6.033144703210442e-12
174.28,1.956517294689268e-10,5.1577950440296996e-12
174.29,1.9394722129149168e-10,4.284645262071016e-12
174.3,1.9222488826848694e-10,3.413796164418832e-12
174.31,1.904849444823147e-10,2.545348608997749e-12
174.32,1.8872760601199645e-10,1.6794023309865735e-12
174.33,1.869530901190728e-10,8.160567607121192e-13
174.34,1.8516161572422247e-10,-4.458939725013652e-14
174.35,1.833534029636311e-10,-9.024378955854824e-13
174.36,1.815286735262914e-10,-1.757391453010868e-12
174.37,1.7968765048892914e-10,-2.6093528724659714e-12
174.38,1.778305581924401e-10,-3.458226075197983e-12
174.39,1.7595762283834604e-10,-4.3039157901933894e-12
174.4,1.740690705595642e-10,-5.1463266013132554e-12
174.41,1.7216513039883468e-10,-5.985364636585581e-12
174.42,1.7024603135992396e-10,-6.820936071923237e-12
174.43,1.6831200338019492e-10,-7.652948357393019e-12
174.44,1.6636328122393147e-10,-8.48130880521982e-12
174.45,1.6440009537376407e-10,-9.305926533448982e-12
174.46,1.6242268105581986e-10,-1.012671065600676e-11
174.47,1.604312737758069e-10,-1.0943571164505051e-11
174.48,1.5842610866743331e-10,-1.175641868927627e-11
174.49,1.5640742452660853e-10,-1.2565164795400537e-11
174.5,1.5437545963578284e-10,-1.3369721829769591e-11
174.51,1.523304532535682e-10,-1.4170002701297101e-11
174.52,1.5027264568064584e-10,-1.4965921107039693e-11
174.53,1.4820227955680688e-10,-1.5757392053487672e-11
174.54,1.4611959598159317e-10,-1.6544330616737467e-11
174.55,1.4402483810666362e-10,-1.732665275437874e-11
174.56,1.419182513417851e-10,-1.8104275983871746e-11
174.57,1.3980007901483111e-10,-1.8877117292981318e-11
174.58,1.3767056798592484e-10,-1.964509597858034e-11
174.59,1.3552996461330105e-10,-2.0408131346234557e-11
174.6,1.3337851577319543e-10,-2.116614352621202e-11
174.61,1.312164701771649e-10,-2.1919053836399424e-11
174.62,1.2904407565551934e-10,-2.2666783998313556e-11
174.63,1.2686158262212705e-10,-2.340925711981445e-11
174.64,1.2466923979785373e-10,-2.4146396735547466e-11
174.65,1.2246729820468915e-10,-2.487812746199863e-11
174.66,1.2025601062876055e-10,-2.5604374860793555e-11
174.67,1.1803562745666688e-10,-2.632506517740589e-11
174.68,1.1580640083750979e-10,-2.7040125638644973e-11
174.69,1.1356858408281993e-10,-2.7749484534349212e-11
174.7,1.1132242987804e-10,-2.8453070629970577e-11
174.71,1.0906819308568725e-10,-2.915081429133044e-11
174.72,1.068061268436442e-10,-2.984264605931734e-11
174.73,1.0453648634946735e-10,-3.052849806155456e-11
174.74,1.0225952627099055e-10,-3.1208302781133035e-11
174.75,9.997550124534205e-11,-3.1881993931278066e-11
174.76,9.768466782636677e-11,-3.254950623884172e-11
174.77,9.538728120117338e-11,-3.321077510972478e-11
174.78,9.308359793251005e-11,-3.386573736078755e-11
174.79,9.0773873736338e-11,-3.451433010269777e-11
174.8,8.845836584612242e-11,-3.515649211776053e-11
174.81,8.613733025423794e-11,-3.579216260594381e-11
174.82,8.38110241982223e-11,-3.6421282092716205e-11
174.83,8.147970421644395e-11,-3.704379191028148e-11
174.84,7.914362791229773e-11,-3.7659634191517875e-11
174.85,7.680305185429534e-11,-3.826875252294912e-11
174.86,7.445823317348902e-11,-3.887109114088686e-11
174.87,7.210942905590128e-11,-3.9466595366464954e-11
174.88,6.975689696811741e-11,-4.0055211609803774e-11
174.89,6.740089325040744e-11,-4.06368870327455e-11
174.9,6.504167504587712e-11,-4.1211569994236684e-11
174.91,6.267949947004379e-11,-4.1779209979842565e-11
174.92,6.031462332559887e-11,-4.2339757202981916e-11
174.93,5.794730243961959e-11,-4.289316304472392e-11
174.94,5.55777937810568e-11,-4.3439379963620866e-11
174.95,5.320635300731655e-11,-4.3978361294902545e-11
174.96,5.0833236529291614e-11,-4.4510061465311635e-11
174.97,4.845869960778128e-11,-4.503443599868651e-11
174.98,4.608299793514623e-11,-4.5551441451397506e-11
174.99,4.3706386145568425e-11,-4.606103525697077e-11
175.0,4.1329119037342283e-11,-4.6563176072480153e-11
175.01,3.895145084903958e-11,-4.705782345327532e-11
175.02,3.657363509634128e-11,-4.75449380119404e-11
175.03,3.419592590323751e-11,-4.802448146824578e-11
175.04,3.181857574143529e-11,-4.849641659746773e-11
175.05,2.944183750280048e-11,-4.896070727279437e-11
175.06,2.7065962525448582e-11,-4.9417318069598336e-11
175.07,2.469120284015523e-11,-4.9866215129303585e-11
175.08,2.2317809269850413e-11,-5.030736525065422e-11
175.09,1.9946031950307267e-11,-5.074073648296922e-11
175.1,1.7576121575726087e-11,-5.116629791435144e-11
175.11,1.52083244895524e-11,-5.1584019529330055e-11
175.12,1.2842891828593323e-11,-5.199387260433338e-11
175.13,1.0480069936963162e-11,-5.239582909473071e-11
175.14,8.120106388202046e-12,-5.278986257993621e-11
175.15,5.763247541595457e-12,-5.317594733244542e-11
175.16,3.4097382071868414e-12,-5.355405852179292e-11
175.17,1.0598234818568628e-12,-5.392417275222294e-11
175.18,-1.286253011658599e-12,-5.428626750706115e-11
175.19,-3.628247064303257e-12,-5.464032143269318e-11
175.2,-5.965918450446883e-12,-5.498631386907356e-11
175.21,-8.299024819293809e-12,-5.532422553039341e-11
175.22,-1.062732550398266e-11,-5.5654038601755233e-11
175.23,-1.2950581262787567e-11,-5.5975735358696226e-11
175.24,-1.5268554480626996e-11,-5.628929972198557e-11
175.25,-1.7581006433331635e-11,-5.659471676425847e-11
175.26,-1.9887701179107447e-11,-5.6891972326942456e-11
175.27,-2.2188403391914128e-11,-5.7181053362835044e-11
175.28,-2.4482878789117092e-11,-5.7461947788419996e-11
175.29,-2.6770892793700054e-11,-5.773464544141938e-11
175.3,-2.905221501347537e-11,-5.799913550800123e-11
175.31,-3.1326613057357744e-11,-5.825540971472384e-11
175.32,-3.359385716090026e-11,-5.850346029656234e-11
175.33,-3.585371957872612e-11,-5.874328006976414e-11
175.34,-3.8105971454797664e-11,-5.897486389803366e-11
175.35,-4.0350386755229733e-11,-5.919820696285922e-11
175.36,-4.258674072623844e-11,-5.941330558585126e-11
175.37,-4.48148087655423e-11,-5.962015771543898e-11
175.38,-4.7034369059013876e-11,-5.98187606773131e-11
175.39,-4.924519963327885e-11,-6.00091150692556e-11
175.4,-5.1447080885817134e-11,-6.019122096577208e-11
175.41,-5.3639794483594303e-11,-6.036507985566961e-11
175.42,-5.582312202960253e-11,-6.053069467512474e-11
175.43,-5.799684864695996e-11,-6.068806853305439e-11
175.44,-6.01607593888216e-11,-6.08372065009565e-11
175.45,-6.231464157919179e-11,-6.097811374107846e-11
175.46,-6.445828278370593e-11,-6.111079738477558e-11
175.47,-6.65914742299393e-11,-6.123526438908912e-11
175.48,-6.871400623158234e-11,-6.1351524026966e-11
175.49,-7.082567171264355e-11,-6.145958554722264e-11
175.5,-7.292626476767495e-11,-6.155945992194727e-11
175.51,-7.501558246148131e-11,-6.16511582522944e-11
175.52,-7.709342141434854e-11,-6.17346935404744e-11
175.53,-7.915958030941853e-11,-6.181007931993739e-11
175.54,-8.121386065755282e-11,-6.187733008573334e-11
175.55,-8.32560640896746e-11,-6.193646140957277e-11
175.56,-8.528599530797033e-11,-6.198748959159487e-11
175.57,-8.730345893137379e-11,-6.203043249211041e-11
175.58,-8.930826303491282e-11,-6.206530801975429e-11
175.59,-9.130021640301516e-11,-6.209213575867881e-11
175.6,-9.327912872919051e-11,-6.211093658177487e-11
175.61,-9.524481381613067e-11,-6.212173086885514e-11
175.62,-9.719708466533088e-11,-6.212454150151258e-11
175.63,-9.913575778520494e-11,-6.211939132209036e-11
175.64,-1.0106065069123279e-10,-6.210630443162079e-11
175.65,-1.0297158287555755e-10,-6.208530579386886e-11
175.66,-1.0486837541031004e-10,-6.205642147453216e-11
175.67,-1.0675085156615109e-10,-6.201967820247385e-11
175.68,-1.0861883655455306e-10,-6.197510356161041e-11
175.69,-1.1047215615936901e-10,-6.192272664610791e-11
175.7,-1.1231064009668879e-10,-6.186257650631134e-11
175.71,-1.1413411855109467e-10,-6.179468380112315e-11
175.72,-1.1594242374216144e-10,-6.171907972583493e-11
175.73,-1.1773539016509386e-10,-6.163579662787484e-11
175.74,-1.1951285405260028e-10,-6.154486751192179e-11
175.75,-1.2127465423308758e-10,-6.144632589216471e-11
175.76,-1.2302063028568378e-10,-6.134020694303745e-11
175.77,-1.2475062398270653e-10,-6.122654652046938e-11
175.78,-1.26464480974785e-10,-6.110538035509004e-11
175.79,-1.2816204572527497e-10,-6.097674634061256e-11
175.8,-1.2984316745420372e-10,-6.084068243750063e-11
175.81,-1.3150769555118186e-10,-6.069722771479287e-11
175.82,-1.3315548280897933e-10,-6.054642178959688e-11
175.83,-1.3478638373276073e-10,-6.038830519591407e-11
175.84,-1.3640025423263032e-10,-6.022291945478498e-11
175.85,-1.3799695271696726e-10,-6.005030667887044e-11
175.86,-1.3957633982957764e-10,-5.987050987937054e-11
175.87,-1.411382777803116e-10,-5.96835728520482e-11
175.88,-1.4268263167498656e-10,-5.948954007970909e-11
175.89,-1.442092680775555e-10,-5.928845682165543e-11
175.9,-1.4571805622140764e-10,-5.908036907596613e-11
175.91,-1.4720886676203544e-10,-5.886532383634146e-11
175.92,-1.486815735663665e-10,-5.864336832219919e-11
175.93,-1.5013605129684016e-10,-5.841455109690343e-11
175.94,-1.5157217749141643e-10,-5.817892114750678e-11
175.95,-1.5298983268563534e-10,-5.793652797408637e-11
175.96,-1.543888974485263e-10,-5.768742234842226e-11
175.97,-1.557692572213052e-10,-5.7431655104804774e-11
175.98,-1.5713079751383174e-10,-5.716927810319616e-11
175.99,-1.584734072513352e-10,-5.690034404939407e-11
176.0,-1.5979697701435596e-10,-5.6624905969525796e-11
176.01,-1.611013999695041e-10,-5.634301749181594e-11
176.02,-1.623865704114006e-10,-5.6054733952675817e-11
176.03,-1.6365238697679103e-10,-5.576010970314148e-11
176.04,-1.648987475034856e-10,-5.545920123187028e-11
176.05,-1.6612555644839113e-10,-5.515206420239134e-11
176.06,-1.6733271656675287e-10,-5.483875623945932e-11
176.07,-1.6852013428432443e-10,-5.451933503383641e-11
176.08,-1.6968771839602481e-10,-5.4193858770388434e-11
176.09,-1.7083538038202915e-10,-5.386238640294846e-11
176.1,-1.7196303288131047e-10,-5.352497752802089e-11
176.11,-1.730705919500376e-10,-5.318169203065495e-11
176.12,-1.7415797503969745e-10,-5.283259082437137e-11
176.13,-1.7522510272797082e-10,-5.247773485800175e-11
176.14,-1.7627189731219306e-10,-5.211718614860454e-11
176.15,-1.7729828431862104e-10,-5.175100674218699e-11
176.16,-1.783041889332468e-10,-5.137926004171856e-11
176.17,-1.792895422362154e-10,-5.1002008987262286e-11
176.18,-1.8025427554871852e-10,-5.0619317667940915e-11
176.19,-1.8119832287683384e-10,-5.023125035472005e-11
176.2,-1.8212162054366083e-10,-4.9837872234475316e-11
176.21,-1.8302410732415226e-10,-4.9439248542170225e-11
176.22,-1.839057248829141e-10,-4.903544512923369e-11
176.23,-1.8476641441521573e-10,-4.862652864149989e-11
176.24,-1.8560612423950147e-10,-4.821256566838514e-11
176.25,-1.86424801134095e-10,-4.77936235037775e-11
176.26,-1.872223953902528e-10,-4.736977010452765e-11
176.27,-1.87998860335078e-10,-4.694107338234231e-11
176.28,-1.8875415049363856e-10,-4.6507602059864736e-11
176.29,-1.8948822358404684e-10,-4.606942508709039e-11
176.3,-1.902010388882104e-10,-4.56266119968738e-11
176.31,-1.908925586932544e-10,-4.517923233978131e-11
176.32,-1.915627475899042e-10,-4.4727356891809916e-11
176.33,-1.9221157227954704e-10,-4.427105554717635e-11
176.34,-1.928390017755155e-10,-4.381039968078388e-11
176.35,-1.934450066243096e-10,-4.334546050773401e-11
176.36,-1.9402956331394158e-10,-4.287630932608623e-11
176.37,-1.9459264487412102e-10,-4.2403018669919866e-11
176.38,-1.9513423145003112e-10,-4.1925660458862554e-11
176.39,-1.9565430306649878e-10,-4.1444307618901645e-11
176.4,-1.9615284410854833e-10,-4.0959032352873547e-11
176.41,-1.9662983716049287e-10,-4.0469909343300494e-11
176.42,-1.9708527260512524e-10,-3.997701086056395e-11
176.43,-1.9751913987773366e-10,-3.94804109966706e-11
176.44,-1.9793143126239305e-10,-3.898018418975398e-11
176.45,-1.9832214086094565e-10,-3.847640420495217e-11
176.46,-1.9869126665712082e-10,-3.796914597031479e-11
176.47,-1.9903880734646437e-10,-3.7458484297039346e-11
176.48,-1.9936476496181716e-10,-3.694449416594622e-11
176.49,-1.9966914270748564e-10,-3.642725089771566e-11
176.5,-1.999519481951439e-10,-3.5906829741944536e-11
176.51,-2.0021318858118077e-10,-3.5383306766863475e-11
176.52,-2.0045287499127762e-10,-3.4856757636678066e-11
176.53,-2.0067102117767726e-10,-3.432725817494443e-11
176.54,-2.0086764167350253e-10,-3.379488502650606e-11
176.55,-2.0104275408003695e-10,-3.325971427554733e-11
176.56,-2.0119637910605603e-10,-3.272182246427199e-11
176.57,-2.013285384946303e-10,-3.2181286265099087e-11
176.58,-2.0143925634665014e-10,-3.1638182538045327e-11
176.59,-2.015285596110799e-10,-3.109258812446723e-11
176.6,-2.0159647655257783e-10,-3.054458033025649e-11
176.61,-2.0164303984982537e-10,-2.9994235462919306e-11
176.62,-2.0166828134010272e-10,-2.944163141814864e-11
176.63,-2.0167223687813986e-10,-2.8886845632836632e-11
176.64,-2.0165494443172798e-10,-2.8329955136192542e-11
176.65,-2.016164437823698e-10,-2.7771037226307878e-11
176.66,-2.0155677744781097e-10,-2.7210169564553317e-11
176.67,-2.0147598914728836e-10,-2.6647429676239213e-11
176.68,-2.0137412590850068e-10,-2.6082895097182377e-11
176.69,-2.0125123624868274e-10,-2.5516643252922354e-11
176.7,-2.011073708927195e-10,-2.494875206557784e-11
176.71,-2.0094258292900981e-10,-2.437929852503159e-11
176.72,-2.007569275036747e-10,-2.3808360802543383e-11
176.73,-2.0055046151707292e-10,-2.3236016167748864e-11
176.74,-2.0032324458318185e-10,-2.2662342170392218e-11
176.75,-2.0007533815008916e-10,-2.20874163137681e-11
176.76,-1.9980680573492763e-10,-2.1511316036011514e-11
176.77,-1.995177131875728e-10,-2.0934118728957643e-11
176.78,-1.9920812779926566e-10,-2.035590173857502e-11
176.79,-1.988781196384776e-10,-1.9776742289243503e-11
176.8,-1.9852776046270427e-10,-1.9196717445976706e-11
176.81,-1.9815712428207005e-10,-1.8615904608498997e-11
176.82,-1.977662868618895e-10,-1.803438034506119e-11
176.83,-1.9735532600426934e-10,-1.7452221789786525e-11
176.84,-1.9692432210817925e-10,-1.6869505492866076e-11
176.85,-1.9647335664467843e-10,-1.6286308221539897e-11
176.86,-1.9600251366563427e-10,-1.570270631158323e-11
176.87,-1.955118789315959e-10,-1.511877623744823e-11
176.88,-1.9500154058116796e-10,-1.4534593933527853e-11
176.89,-1.944715880809627e-10,-1.3950235641991954e-11
176.9,-1.9392211325900572e-10,-1.3365776903626038e-11
176.91,-1.9335321006348142e-10,-1.2781293407650788e-11
176.92,-1.9276497343444119e-10,-1.2196860886042141e-11
176.93,-1.9215750151842776e-10,-1.1612554011624436e-11
176.94,-1.9153089291819013e-10,-1.1028448263356046e-11
176.95,-1.908852490536586e-10,-1.0444618398193853e-11
176.96,-1.902206729287642e-10,-9.861138825566954e-12
176.97,-1.895372694846759e-10,-9.278083955291565e-12
176.98,-1.8883514561230517e-10,-8.695527714052331e-12
176.99,-1.8811440894917514e-10,-8.113544086227847e-12
177.0,-1.873751707273196e-10,-7.532206689019683e-12
177.01,-1.8661754243150134e-10,-6.9515886084247565e-12
177.02,-1.8584163783258426e-10,-6.371762982572349e-12
177.03,-1.8504757315477915e-10,-5.792802494983188e-12
177.04,-1.8423546483178136e-10,-5.2147794315084e-12
177.05,-1.834054321510248e-10,-4.6377660962596316e-12
177.06,-1.8255759597276603e-10,-4.061834134356265e-12
177.07,-1.816920786575745e-10,-3.4870551161164872e-12
177.08,-1.8080900364621644e-10,-2.9135000848049023e-12
177.09,-1.799084974208123e-10,-2.3412399547477075e-12
177.1,-1.7899068666174127e-10,-1.770345049888245e-12
177.11,-1.780557006290185e-10,-1.200885518747257e-12
177.12,-1.7710367010166867e-10,-6.329310657767951e-13
177.13,-1.7613472665645668e-10,-6.655105806982202e-14
177.14,-1.751490040711648e-10,4.981853884265795e-13
177.15,-1.741466380887975e-10,1.061210007989796e-12
177.16,-1.7312776488009053e-10,1.6224543336006753e-12
177.17,-1.7209252298290901e-10,2.1818505715308744e-12
177.18,-1.7104105195160065e-10,2.7393314036523572e-12
177.19,-1.699734933330924e-10,3.2948299888256874e-12
177.2,-1.6888998972180797e-10,3.848279655350659e-12
177.21,-1.677906851955016e-10,4.399614213722158e-12
177.22,-1.666757253495731e-10,4.948768122408106e-12
177.23,-1.6554525717117723e-10,5.495676017964278e-12
177.24,-1.6439942893595618e-10,6.040273215693546e-12
177.25,-1.6323839049515123e-10,6.5824957236255015e-12
177.26,-1.62062293370564e-10,7.122278810662839e-12
177.27,-1.6087128954201878e-10,7.659560062545035e-12
177.28,-1.596655324276067e-10,8.19427598526608e-12
177.29,-1.5844517703685266e-10,8.726364410179779e-12
177.3,-1.5721038110140273e-10,9.25576343016866e-12
177.31,-1.5596130075475761e-10,9.782411621124905e-12
177.32,-1.546980950454132e-10,1.0306247962311604e-11
177.33,-1.5342092439671576e-10,1.0827212194343265e-11
177.34,-1.521299504143063e-10,1.1345244682139493e-11
177.35,-1.5082533361986935e-10,1.1860285244447828e-11
177.36,-1.495072393807034e-10,1.2372275822302187e-11
177.37,-1.4817583219972573e-10,1.2881158019553278e-11
177.38,-1.4683127824165135e-10,1.3386873941700487e-11
177.39,-1.4547374245159845e-10,1.3889366672568773e-11
177.4,-1.4410339475259434e-10,1.4388579329724909e-11
177.41,-1.4272040381902475e-10,1.488445582171963e-11
177.42,-1.4132493971150615e-10,1.537694076048236e-11
177.43,-1.3991717390665745e-10,1.5865979314002298e-11
177.44,-1.3849727761249355e-10,1.6351517000930136e-11
177.45,-1.3706542471951938e-10,1.6833500040555317e-11
177.46,-1.3562178916566449e-10,1.7311875465708988e-11
177.47,-1.3416654561566161e-10,1.7786590159814513e-11
177.48,-1.326998710424369e-10,1.8257593194090215e-11
177.49,-1.3122194125478317e-10,1.872483215397838e-11
177.5,-1.2973293455131815e-10,1.918825675459565e-11
177.51,-1.2823302922858574e-10,1.964781676342142e-11
177.52,-1.2672240507034392e-10,2.010346274203055e-11
177.53,-1.2520124169442082e-10,2.0555145536712987e-11
177.54,-1.23669721169062e-10,2.1002817168450804e-11
177.55,-1.2212802409271913e-10,2.144642972515706e-11
177.56,-1.2057633288161002e-10,2.1885936162289684e-11
177.57,-1.19014833500887e-10,2.232129065843408e-11
177.58,-1.174437071922707e-10,2.2752446968089653e-11
177.59,-1.1586313947750979e-10,2.3179360203437507e-11
177.6,-1.1427331609543034e-10,2.360198584962246e-11
177.61,-1.1267442302392788e-10,2.4020280451346062e-11
177.62,-1.1106664640362642e-10,2.443420048844505e-11
177.63,-1.09450173856867e-10,2.484370381895139e-11
177.64,-1.078251936256972e-10,2.524874864540132e-11
177.65,-1.0619189371105784e-10,2.5649293942268218e-11
177.66,-1.0455046313033553e-10,2.6045299090478964e-11
177.67,-1.0290109129826696e-10,2.6436724550307704e-11
177.68,-1.0124396877260311e-10,2.6823531104901427e-11
177.69,-9.95792850040089e-11,2.7205680883981328e-11
177.7,-9.790723218461431e-11,2.7583135775104116e-11
177.71,-9.622800065758074e-11,2.7955858914289552e-11
177.72,-9.454178266287628e-11,2.832381393718792e-11
177.73,-9.284877067008011e-11,2.8686965509739263e-11
177.74,-9.114915653571129e-11,2.9045278549716502e-11
177.75,-8.944313424492136e-11,2.9398719077547724e-11
177.76,-8.773089607969724e-11,2.9747253518885175e-11
177.77,-8.601263592098222e-11,3.009084912645665e-11
177.78,-8.428854768699634e-11,3.042947381525572e-11
177.79,-8.255882567970834e-11,3.076309656949876e-11
177.8,-8.08236640290424e-11,3.1091686525818175e-11
177.81,-7.908325726343468e-11,3.141521378988236e-11
177.82,-7.733780046522893e-11,3.173364930744711e-11
177.83,-7.558748833616892e-11,3.20469645854237e-11
177.84,-7.383251649055814e-11,3.235513194707904e-11
177.85,-7.207307983310594e-11,3.265812442089586e-11
177.86,-7.030937359748935e-11,3.295591572634616e-11
177.87,-6.85415938938097e-11,3.324848034511457e-11
177.88,-6.676993580477155e-11,3.35357936308117e-11
177.89,-6.499459517975168e-11,3.3817831151007786e-11
177.9,-6.321576799203582e-11,3.4094569961560016e-11
177.91,-6.14336493322433e-11,3.4365987341696585e-11
177.92,-5.964843523173575e-11,3.4632061503911975e-11
177.93,-5.786032151602331e-11,3.489277109789664e-11
177.94,-5.60695035159312e-11,3.514809605521031e-11
177.95,-5.427617670611939e-11,3.539801648461326e-11
177.96,-5.248053697012901e-11,3.5642513726316796e-11
177.97,-5.0682779408626675e-11,3.588156946680037e-11
177.98,-4.888309845451928e-11,3.611516643550302e-11
177.99,-4.7081691275733724e-11,3.634328768306189e-11
178.0,-4.527875098421188e-11,3.656591756851929e-11
178.01,-4.3474472230890365e-11,3.678304068326813e-11
178.02,-4.166905092840036e-11,3.69946429416412e-11
178.03,-3.9862680050156337e-11,3.720071032226451e-11
178.04,-3.805555388186631e-11,3.7401229933654545e-11
178.05,-3.624786625956619e-11,3.759618954621014e-11
178.06,-3.4439810693697637e-11,3.7785577889775747e-11
178.07,-3.263158023125307e-11,3.79693839252311e-11
178.08,-3.0823367802682064e-11,3.814759789441656e-11
178.09,-2.9015365577556348e-11,3.832021045386128e-11
178.1,-2.7207766119785115e-11,3.848721329590419e-11
178.11,-2.5400759870896952e-11,3.864859813670829e-11
178.12,-2.3594539016626504e-11,3.88043583345704e-11
178.13,-2.178929497263679e-11,3.895448783412922e-11
178.14,-1.9985216958814934e-11,3.909898061840686e-11
178.15,-1.8182495730605613e-11,3.923783227153828e-11
178.16,-1.638131968890812e-11,3.9371038445766127e-11
178.17,-1.4581878239322685e-11,3.9498595829305765e-11
178.18,-1.2784360385926519e-11,3.9620501921310444e-11
178.19,-1.09889525563003e-11,3.9736754608271086e-11
178.2,-9.195843407110294e-12,3.984735311660588e-11
178.21,-7.405218464607949e-12,3.9952296779003225e-11
178.22,-5.617264566865358e-12,4.005158602810243e-11
178.23,-3.832166790336735e-12,4.014522171042743e-11
178.24,-2.0501099916436523e-12,4.0233205929593923e-11
178.25,-2.71277942523405e-13,4.0315540787537174e-11
178.26,1.5041458271524845e-12,4.03922296318196e-11
178.27,3.2759783816334047e-12,4.0463276379774865e-11
178.28,5.044038043544804e-12,4.0528685487236954e-11
178.29,6.808142703671523e-12,4.0588462894164596e-11
178.3,8.56811279300588e-12,4.0642614048510626e-11
178.31,1.0323768282645549e-11,4.0691145944705444e-11
178.32,1.2074929232723566e-11,4.073406596156145e-11
178.33,1.382142004852757e-11,4.0771382478502796e-11
178.34,1.5563060966202872e-11,4.080310425192547e-11
178.35,1.7299676696414242e-11,4.0829240584816315e-11
178.36,1.9031090965951812e-11,4.084980218780163e-11
178.37,2.075713084948971e-11,4.086479946548723e-11
178.38,2.2477618282797275e-11,4.087424515051788e-11
178.39,2.4192384354968435e-11,4.0878150536927443e-11
178.4,2.5901255810245505e-11,4.087652898118755e-11
178.41,2.7604061573173346e-11,4.0869394426666277e-11
178.42,2.930063149249248e-11,4.085676051058724e-11
178.43,3.099079640227758e-11,4.08386430925586e-11
178.44,3.26743885127256e-11,4.081505753933791e-11
178.45,3.435124018457511e-11,4.0786020334849974e-11
178.46,3.6021185893977936e-11,4.0751548432959726e-11
178.47,3.768406023454544e-11,4.071165968709876e-11
178.48,3.9339699175115135e-11,4.0666372453104834e-11
178.49,4.098794000195217e-11,4.061570551994291e-11
178.5,4.262862113741297e-11,4.0559678645801516e-11
178.51,4.426158100102879e-11,4.0498312526735596e-11
178.52,4.588666090229775e-11,4.043162764437277e-11
178.53,4.750370182456114e-11,4.035964562160634e-11
178.54,4.9112546798407415e-11,4.028238889250946e-11
178.55,5.0713039420022975e-11,4.019988024144367e-11
178.56,5.230502477326473e-11,4.0112143036633316e-11
178.57,5.3888349290222274e-11,4.00192013628012e-11
178.58,5.546286009842377e-11,3.992108022299507e-11
178.59,5.702840605294184e-11,3.981780452471383e-11
178.6,5.85848369995231e-11,3.970940045330931e-11
178.61,6.013200374081407e-11,3.9595894426016445e-11
178.62,6.166975948234802e-11,3.9477313406849355e-11
178.63,6.31979571732908e-11,3.9353685373105276e-11
178.64,6.471645203912313e-11,3.922503843659357e-11
178.65,6.622510019973897e-11,3.909140158313912e-11
178.66,6.772375929899139e-11,3.895280426289178e-11
178.67,6.921228837310992e-11,3.880927637921822e-11
178.68,7.06905474154388e-11,3.866084867513197e-11
178.69,7.215839872656154e-11,3.850755210481015e-11
178.7,7.361570400801019e-11,3.834941861484108e-11
178.71,7.506232882873575e-11,3.818648018011248e-11
178.72,7.649813830499104e-11,3.801876979176298e-11
178.73,7.792299982996722e-11,3.78463207390232e-11
178.74,7.933678174283522e-11,3.7669166810624994e-11
178.75,8.07393541516871e-11,3.748734267975905e-11
178.76,8.213058844080165e-11,3.730088300655606e-11
178.77,8.351035797685478e-11,3.710982323220139e-11
178.78,8.487853575819058e-11,3.6914199643399407e-11
178.79,8.623499851762584e-11,3.6714048420627157e-11
178.8,8.757962374903808e-11,3.650940651894435e-11
178.81,8.891228990733758e-11,3.6300311459798385e-11
178.82,9.023287663355123e-11,3.608680128176999e-11
178.83,9.154126663347479e-11,3.586891434277704e-11
178.84,9.283734268697645e-11,3.564668951928257e-11
178.85,9.412099009114837e-11,3.542016621505348e-11
178.86,9.539209474135121e-11,3.518938438823997e-11
178.87,9.665054453875364e-11,3.4954384134052377e-11
178.88,9.789622918735322e-11,3.471520647135497e-11
178.89,9.912903953015759e-11,3.447189237519644e-11
178.9,1.0034886829147343e-10,3.4224483686973016e-11
178.91,1.0155560990618677e-10,3.397302227005285e-11
178.92,1.0274915931071319e-10,3.371755095034916e-11
178.93,1.0392941468682739e-10,3.345811244619855e-11
178.94,1.0509627471061966e-10,3.3194750186555665e-11
178.95,1.06249640324213e-10,3.292750781981173e-11
178.96,1.0738941311595946e-10,3.265642970597523e-11
178.97,1.0851549758076619e-10,3.2381560362970625e-11
178.98,1.0962779909274649e-10,3.2102944513679255e-11
178.99,1.1072622432521165e-10,3.1820627824896935e-11
179.0,1.118106824631315e-10,3.153465576838124e-11
179.01,1.1288108411203794e-10,3.124507455431986e-11
179.02,1.1393734136450036e-10,3.095193049010712e-11
179.03,1.1497936733564282e-10,3.065527064410291e-11
179.04,1.1600707851945954e-10,3.035514184198783e-11
179.05,1.1702039110352752e-10,3.005159190355985e-11
179.06,1.1801922485889988e-10,2.9744668532482907e-11
179.07,1.1900349944235692e-10,2.943441967734133e-11
179.08,1.1997313803429945e-10,2.912089403659712e-11
179.09,1.209280634934918e-10,2.8804140548476037e-11
179.1,1.218682024648455e-10,2.848420808443992e-11
179.11,1.2279348174353095e-10,2.816114610886768e-11
179.12,1.237038307234263e-10,2.7835004414315604e-11
179.13,1.2459918042854098e-10,2.7505832964379463e-11
179.14,1.2547946255576448e-10,2.7173682210329833e-11
179.15,1.2634461237015965e-10,2.683860224596231e-11
179.16,1.2719456491924582e-10,2.6500644491483316e-11
179.17,1.280292596347153e-10,2.6159859545878777e-11
179.18,1.288486340481225e-10,2.5816298767717577e-11
179.19,1.296526302762527e-10,2.5470014236548745e-11
179.2,1.3044119140489308e-10,2.5121057306379378e-11
179.21,1.3121426215900725e-10,2.4769480219543938e-11
179.22,1.3197178945155123e-10,2.4415334786504713e-11
179.23,1.3271372033611207e-10,2.4058674772115415e-11
179.24,1.3344000574775502e-10,2.3699551614595546e-11
179.25,1.3415059743304745e-10,2.3338018805747565e-11
179.26,1.3484544883816313e-10,2.2974129254931027e-11
179.27,1.3552451538893173e-10,2.2607936386685453e-11
179.28,1.3618775416314603e-10,2.223949368765896e-11
179.29,1.3683512404653914e-10,2.1868854628289376e-11
179.3,1.3746658495924363e-10,2.149607337454084e-11
179.31,1.380821005514224e-10,2.112120381261972e-11
179.32,1.3868163385682564e-10,2.0744299776788118e-11
179.33,1.3926515143939594e-10,2.0365415989992152e-11
179.34,1.3983262111306792e-10,1.9984606511344684e-11
179.35,1.4038400966576024e-10,1.9601926805323514e-11
179.36,1.4091929553046966e-10,1.9217429645886363e-11
179.37,1.4143844461873636e-10,1.8831171693680898e-11
179.38,1.4194143435725912e-10,1.844320713293943e-11
179.39,1.4242824097109746e-10,1.8053591070416723e-11
179.4,1.4289884301235395e-10,1.7662378709673774e-11
179.41,1.4335322072408387e-10,1.7269625017413437e-11
179.42,1.437913557795978e-10,1.6875385598647776e-11
179.43,1.4421323164355944e-10,1.647971546209758e-11
179.44,1.4461883356814738e-10,1.6082670614524078e-11
179.45,1.4500815047997995e-10,1.5684305592815712e-11
179.46,1.4538116931897924e-10,1.528467677148204e-11
179.47,1.4573788126987048e-10,1.4883839579196344e-11
179.48,1.4607827895205216e-10,1.4481849456545722e-11
179.49,1.464023570097554e-10,1.4078762181706771e-11
179.5,1.4671011073030469e-10,1.3674633403943896e-11
179.51,1.470015381973373e-10,1.3269519076807211e-11
179.52,1.472766387848892e-10,1.2863474144991134e-11
179.53,1.4753541490965237e-10,1.2456554906169908e-11
179.54,1.4777786637368874e-10,1.2048817403441346e-11
179.55,1.480040003518551e-10,1.1640316978667917e-11
179.56,1.4821382303451692e-10,1.123110909166345e-11
179.57,1.4840734262495257e-10,1.0821249562577424e-11
179.58,1.4858456789939816e-10,1.0410794371131136e-11
179.59,1.4874551175470954e-10,9.999798541127806e-12
179.6,1.4889018657637473e-10,9.588317998156962e-12
179.61,1.4901860813330953e-10,9.176407990212339e-12
179.62,1.491307923552603e-10,8.764124226400904e-12
179.63,1.4922675863373875e-10,8.351521754718705e-12
179.64,1.4930652624262494e-10,7.938656012346855e-12
179.65,1.4937011734109744e-10,7.525582384208808e-12
179.66,1.4941755545196702e-10,7.112355586167293e-12
179.67,1.4944886575693746e-10,6.699031001540639e-12
179.68,1.494640748452093e-10,6.285663507613902e-12
179.69,1.494632117313134e-10,5.8723077861252626e-12
179.7,1.4944630624982652e-10,5.45901865824136e-12
179.71,1.494133902469951e-10,5.04585070856034e-12
179.72,1.493644974384027e-10,4.632858293089728e-12
179.73,1.492996626569947e-10,4.220095805842732e-12
179.74,1.4921892292441429e-10,3.807617456408968e-12
179.75,1.4912231650929137e-10,3.3954771007007394e-12
179.76,1.4900988371552754e-10,2.9837288720135605e-12
179.77,1.4888166577781737e-10,2.5724263136016875e-12
179.78,1.487377059463462e-10,2.161623094536168e-12
179.79,1.4857804927292736e-10,1.751372489356121e-12
179.8,1.4840274252978798e-10,1.3417276695566395e-12
179.81,1.482118328348461e-10,9.327418400305208e-13
179.82,1.4800537040100702e-10,5.244676020089422e-13
179.83,1.4778340651549355e-10,1.169576879672592e-13
179.84,1.475459930292899e-10,-2.89735409123988e-13
179.85,1.4729318550788335e-10,-6.955598040236586e-13
179.86,1.470250388216958e-10,-1.100463061175677e-12
179.87,1.4674161061058532e-10,-1.5043938715491837e-12
179.88,1.464429595220515e-10,-1.9073003909796616e-12
179.89,1.461291464091658e-10,-2.309131396327479e-12
179.9,1.4580023291047706e-10,-2.7098360686575505e-12
179.91,1.4545628227521304e-10,-3.1093633107391408e-12
179.92,1.450973598661705e-10,-3.5076629489187777e-12
179.93,1.447235304344984e-10,-3.904683704579191e-12
179.94,1.4433486397474716e-10,-4.300376820324682e-12
179.95,1.439314286657899e-10,-4.694691934517778e-12
179.96,1.4351329498093615e-10,-5.087579534967407e-12
179.97,1.430805356192294e-10,-5.478990623444261e-12
179.98,1.4263322279703269e-10,-5.868875740042213e-12
179.99,1.4217143503831722e-10,-6.2571877214836954e-12
180.0,1.416952451519949e-10,-6.643876800002379e-12
180.01,1.4120473183656124e-10,-7.028895382499441e-12
180.02,1.4069997466316105e-10,-7.412195955949992e-12
180.03,1.401810543901022e-10,-7.79373108426524e-12
180.04,1.3964805248623842e-10,-8.173453777137453e-12
180.05,1.3910105217770712e-10,-8.551317129687124e-12
180.06,1.3854013820472039e-10,-8.927274897288903e-12
180.07,1.3796539719667914e-10,-9.301281080476692e-12
180.08,1.3737691429573874e-10,-9.673289719242657e-12
180.09,1.367747801149083e-10,-1.0043255736244376e-11
180.1,1.3615908384991305e-10,-1.0411133918978383e-11
180.11,1.3552991632473573e-10,-1.0776879815528666e-11
180.12,1.3488737044547401e-10,-1.1140449082873483e-11
180.13,1.3423153938635735e-10,-1.150179769906324e-11
180.14,1.335625179985413e-10,-1.1860882152636845e-11
180.15,1.3288040271280738e-10,-1.221765939377584e-11
180.16,1.3218529060100112e-10,-1.2572086549878e-11
180.17,1.3147728026268392e-10,-1.2924121231875818e-11
180.18,1.3075647140390648e-10,-1.3273721550370996e-11
180.19,1.300229647276875e-10,-1.362084556324548e-11
180.2,1.2927686228525083e-10,-1.396545235080404e-11
180.21,1.2851826811408278e-10,-1.4307501284918462e-11
180.22,1.2774728544886178e-10,-1.4646951503916878e-11
180.23,1.269640203958725e-10,-1.4983763393833137e-11
180.24,1.2616857937022966e-10,-1.5317897308702182e-11
180.25,1.2536106986240257e-10,-1.5649314320764092e-11
180.26,1.245416009338328e-10,-1.5977974950777555e-11
180.27,1.2371028240351388e-10,-1.630384180671861e-11
180.28,1.2286722500328309e-10,-1.6626876553865263e-11
180.29,1.2201254112797444e-10,-1.6947041805316146e-11
180.3,1.211463429214523e-10,-1.72643013312832e-11
180.31,1.20268745049137e-10,-1.7578617697060206e-11
180.32,1.1937986225032064e-10,-1.7889955156024635e-11
180.33,1.1847981083758737e-10,-1.819827819393427e-11
180.34,1.175687059997203e-10,-1.850355130046877e-11
180.35,1.166466695552416e-10,-1.8805740527389172e-11
180.36,1.1571381696057694e-10,-1.9104811004849103e-11
180.37,1.1477026870636062e-10,-1.940072912458896e-11
180.38,1.1381614660664741e-10,-1.969346191461773e-11
180.39,1.1285157040723572e-10,-1.9982975888728143e-11
180.4,1.1187666422991813e-10,-2.026923931119529e-11
180.41,1.1089155061686884e-10,-2.055222014814678e-11
180.42,1.098963542397398e-10,-2.0831887121381004e-11
180.43,1.0889119965663872e-10,-2.110820916262227e-11
180.44,1.078762135835572e-10,-2.1381156110848677e-11
180.45,1.0685152225725831e-10,-2.1650698035947974e-11
180.46,1.0581725274655797e-10,-2.191680533452908e-11
180.47,1.0477353366364688e-10,-2.2179449225745315e-11
180.48,1.0372049455430418e-10,-2.243860139481322e-11
180.49,1.0265826458979302e-10,-2.2694234025036685e-11
180.5,1.0158697445161662e-10,-2.2946319486166823e-11
180.51,1.0050675557976565e-10,-2.319483105129958e-11
180.52,9.941773959054998e-11,-2.343974236240714e-11
180.53,9.832005958516198e-11,-2.368102758766211e-11
180.54,9.721384853333959e-11,-2.3918661198239962e-11
180.55,9.609924084694936e-11,-2.4152618771609676e-11
180.56,9.497637041510918e-11,-2.438287577994773e-11
180.57,9.384537356853212e-11,-2.460940848458871e-11
180.58,9.270638520935212e-11,-2.4832193588739596e-11
180.59,9.155954217154249e-11,-2.505120847727035e-11
180.6,9.04049816297047e-11,-2.5266430959145192e-11
180.61,8.924284071239473e-11,-2.547783927565069e-11
180.62,8.807325820124805e-11,-2.5685412429124782e-11
180.63,8.689637266760108e-11,-2.5889129884649886e-11
180.64,8.571232284389582e-11,-2.6088971437712516e-11
180.65,8.452124867211367e-11,-2.628491777241227e-11
180.66,8.33232912224613e-11,-2.6476949735668563e-11
180.67,8.211858993506556e-11,-2.666504897679634e-11
180.68,8.090728626021849e-11,-2.6849197604094484e-11
180.69,7.968952228413723e-11,-2.7029378304896094e-11
180.7,7.846543910275873e-11,-2.7205574200493067e-11
180.71,7.72351801179486e-11,-2.737776915080966e-11
180.72,7.599888714623096e-11,-2.7545947411911185e-11
180.73,7.475670418980086e-11,-2.771009374162767e-11
180.74,7.350877426618362e-11,-2.78701936833353e-11
180.75,7.225524110601943e-11,-2.802623294756877e-11
180.76,7.099624935724791e-11,-2.8178198273853374e-11
180.77,6.973194318405603e-11,-2.832607653511943e-11
180.78,6.846246748916246e-11,-2.8469855477292193e-11
180.79,6.718796714593259e-11,-2.8609523001040743e-11
180.8,6.590858771175007e-11,-2.8745068095913302e-11
180.81,6.46244745862406e-11,-2.88764797788506e-11
180.82,6.333577392842656e-11,-2.9003748084053537e-11
180.83,6.204263111684063e-11,-2.9126863043252886e-11
180.84,6.074519299056033e-11,-2.92458159062063e-11
180.85,5.944360555029795e-11,-2.936059794715452e-11
180.86,5.813801533091902e-11,-2.947120116619115e-11
180.87,5.6828569514392746e-11,-2.9577618346371236e-11
180.88,5.551541395597337e-11,-2.967984226778312e-11
180.89,5.4198696686130784e-11,-2.977786684863075e-11
180.9,5.287856430408869e-11,-2.987168638204876e-11
180.91,5.1555163959647836e-11,-2.996129559089713e-11
180.92,5.0228642476054077e-11,-3.004668956076993e-11
180.93,4.8899148316719857e-11,-3.0127864677115533e-11
180.94,4.7566827653638496e-11,-3.020481705891629e-11
180.95,4.623182797530899e-11,-3.027754372193065e-11
180.96,4.4894296938122604e-11,-3.0346042225556644e-11
180.97,4.355438146392897e-11,-3.0410310706821684e-11
180.98,4.221222942718095e-11,-3.047034791138649e-11
180.99,4.0867987529604434e-11,-3.052615279836196e-11
181.0,3.952180333691079e-11,-3.057772533874572e-11
181.01,3.817382386407597e-11,-3.062506571872156e-11
181.02,3.682419605969821e-11,-3.066817484788377e-11
181.03,3.5473066637226256e-11,-3.0707054173776296e-11
181.04,3.412058347939874e-11,-3.074170524671587e-11
181.05,3.276689196867581e-11,-3.0772130952080015e-11
181.06,3.141213939540661e-11,-3.0798334073317865e-11
181.07,3.005647160059069e-11,-3.082031821583512e-11
181.08,2.870003555600474e-11,-3.0838087655358204e-11
181.09,2.7342976353253602e-11,-3.085164665549217e-11
181.1,2.5985440407311534e-11,-3.0861000682841854e-11
181.11,2.4627573445436845e-11,-3.086615544246949e-11
181.12,2.326951987004275e-11,-3.086711686645123e-11
181.13,2.1911425356314705e-11,-3.0863891954494676e-11
181.14,2.055343563150321e-11,-3.085648818055747e-11
181.15,1.9195692244252434e-11,-3.0844912579339554e-11
181.16,1.783834246906183e-11,-3.082917434590885e-11
181.17,1.64815290704187e-11,-3.080928198673748e-11
181.18,1.512539538582538e-11,-3.078524495743627e-11
181.19,1.3770084542755371e-11,-3.07570733113125e-11
181.2,1.2415740584753825e-11,-3.072477682287724e-11
181.21,1.1062504239360643e-11,-3.068836709508909e-11
181.22,9.710518890984388e-12,-3.0647855391513465e-11
181.23,8.359925352926927e-12,-3.060325341282338e-11
181.24,7.0108657045501226e-12,-3.055457417447231e-11
181.25,5.663480087020336e-12,-3.050183016299868e-11
181.26,4.317909248864385e-12,-3.044503506167989e-11
181.27,2.9742929947643825e-12,-3.03842026709994e-11
181.28,1.63277092848772e-12,-3.0319347845475834e-11
181.29,2.934813784093848e-13,-3.025048474836034e-11
181.3,-1.0434366849832838e-12,-3.017762959781485e-11
181.31,-2.3778452045455878e-12,-3.010079807113427e-11
181.32,-3.7096063907262196e-12,-3.002000638983303e-11
181.33,-5.0385848050944706e-12,-2.993527218243211e-11
181.34,-6.364643173753268e-12,-2.9846611943057114e-11
181.35,-7.68764573736563e-12,-2.9754044038563744e-11
181.36,-9.007457648651407e-12,-2.965758662480579e-11
181.37,-1.032394372551139e-11,-2.95572587735413e-11
181.38,-1.1636971140119324e-11,-2.9453079376360774e-11
181.39,-1.2946405560913736e-11,-2.9345068526045126e-11
181.4,-1.4252114925557477e-11,-2.923324613171432e-11
181.41,-1.5553967064728828e-11,-2.9117632968454946e-11
181.42,-1.6851830633632668e-11,-2.899825037565939e-11
181.43,-1.8145574568904586e-11,-2.8875119790559887e-11
181.44,-1.94350694024743e-11,-2.87482630505356e-11
181.45,-2.0720185653863757e-11,-2.861770276360201e-11
181.46,-2.2000794458877357e-11,-2.8483461977595632e-11
181.47,-2.3276768549576425e-11,-2.8345563570170713e-11
181.48,-2.4547980167537903e-11,-2.8204031778707067e-11
181.49,-2.5814304099575988e-11,-2.8058890554248903e-11
181.5,-2.707561347401045e-11,-2.791016462155772e-11
181.51,-2.8331784009887422e-11,-2.7757879020547128e-11
181.52,-2.95826915969395e-11,-2.7602059174594046e-11
181.53,-3.082821315905925e-11,-2.744273097247582e-11
181.54,-3.2068225985869244e-11,-2.7279920724202992e-11
181.55,-3.330260879955662e-11,-2.711365513732322e-11
181.56,-3.4531240632227126e-11,-2.694396125679329e-11
181.57,-3.5754001571042386e-11,-2.6770866521916426e-11
181.58,-3.6970772548603194e-11,-2.6594398974255656e-11
181.59,-3.8181435041364044e-11,-2.6414586995028558e-11
181.6,-3.9385872812311874e-11,-2.6231458658107982e-11
181.61,-4.0583968425211134e-11,-2.6045043651909944e-11
181.62,-4.1775606507382e-11,-2.585537110507236e-11
181.63,-4.296067289033405e-11,-2.5662470757066408e-11
181.64,-4.4139053222598256e-11,-2.54663730220409e-11
181.65,-4.5310635364426996e-11,-2.526710805242518e-11
181.66,-4.647530700822729e-11,-2.5064707060694747e-11
181.67,-4.763295758467211e-11,-2.485920116873611e-11
181.68,-4.878347686946908e-11,-2.4650621816515986e-11
181.69,-4.992675673071189e-11,-2.443900114774908e-11
181.7,-5.106268805734211e-11,-2.422437131347383e-11
181.71,-5.219116470534599e-11,-2.4006764903577873e-11
181.72,-5.3312080200836325e-11,-2.378621495323991e-11
181.73,-5.442532984871059e-11,-2.356275473218374e-11
181.74,-5.553080987085695e-11,-2.333641762088407e-11
181.75,-5.6628417081319783e-11,-2.3107237690579427e-11
181.76,-5.7718049681352484e-11,-2.2875249192942127e-11
181.77,-5.879960680387335e-11,-2.2640486592202755e-11
181.78,-5.987298890780873e-11,-2.2402984546643812e-11
181.79,-6.093809720482183e-11,-2.2162778471690305e-11
181.8,-6.19948339240284e-11,-2.1919903570788223e-11
181.81,-6.30431024986599e-11,-2.167439555879012e-11
181.82,-6.408280771508672e-11,-2.1426290613985994e-11
181.83,-6.511385511476303e-11,-2.117562476743898e-11
181.84,-6.61361511150306e-11,-2.092243469869507e-11
181.85,-6.714960402017941e-11,-2.0666757183003455e-11
181.86,-6.815412264143175e-11,-2.040862921427333e-11
181.87,-6.914961697861757e-11,-2.0148088104144063e-11
181.88,-7.01359983660756e-11,-1.9885171649348884e-11
181.89,-7.111318007749668e-11,-1.9619917269026238e-11
181.9,-7.208107326024334e-11,-1.9352363490204457e-11
181.91,-7.303959475372436e-11,-1.9082548458376806e-11
181.92,-7.398865996195492e-11,-1.8810510426784113e-11
181.93,-7.492818557509272e-11,-1.8536288444632276e-11
181.94,-7.585809012971709e-11,-1.825992138506134e-11
181.95,-7.677829197246417e-11,-1.798144871259176e-11
181.96,-7.768871431301802e-11,-1.7700909104855863e-11
181.97,-7.858927626657385e-11,-1.741834307600534e-11
181.98,-7.947990169900887e-11,-1.713378981438456e-11
181.99,-8.036051497199642e-11,-1.684728955188752e-11
182.0,-8.123104132487936e-11,-1.6558882594188213e-11
182.01,-8.209140742641494e-11,-1.6268609117857043e-11
182.02,-8.294154122777595e-11,-1.5976509760774405e-11
182.03,-8.378137188043679e-11,-1.5682625142234864e-11
182.04,-8.461082931915749e-11,-1.538699651037742e-11
182.05,-8.542984510578884e-11,-1.5089664463883553e-11
182.06,-8.623835263550371e-11,-1.4790670384018173e-11
182.07,-8.703628540502923e-11,-1.4490055894505619e-11
182.08,-8.782357912249486e-11,-1.4187862110082975e-11
182.09,-8.860017072292801e-11,-1.388413096855387e-11
182.1,-8.936599649810537e-11,-1.3578904243256238e-11
182.11,-9.01209969900282e-11,-1.327222371293996e-11
182.12,-9.086511236366408e-11,-1.2964131479657532e-11
182.13,-9.159828447976334e-11,-1.2654669446240925e-11
182.14,-9.232045492667405e-11,-1.2343880670576474e-11
182.15,-9.303156957267481e-11,-1.20318067203674e-11
182.16,-9.373157316227866e-11,-1.1718490355201559e-11
182.17,-9.44204126372838e-11,-1.1403974026278307e-11
182.18,-9.509803612232524e-11,-1.1088300844722036e-11
182.19,-9.576439297688025e-11,-1.077151309580154e-11
182.2,-9.641943410641372e-11,-1.0453653748468e-11
182.21,-9.706311110463194e-11,-1.0134765801717955e-11
182.22,-9.769537813239278e-11,-9.814891608537792e-12
182.23,-9.831618783199071e-11,-9.49407595433686e-12
182.24,-9.892549842465834e-11,-9.172359984801674e-12
182.25,-9.952326612276038e-11,-8.849787755063857e-12
182.26,-1.0010944945180698e-10,-8.52640264427039e-12
182.27,-1.0068400857861405e-10,-8.202246850819937e-12
182.28,-1.0124690475792154e-10,-7.877364662898266e-12
182.29,-1.017980997858992e-10,-7.551799211094433e-12
182.3,-1.0233755836463887e-10,-7.225593693096176e-12
182.31,-1.0286524466337047e-10,-6.89879139788521e-12
182.32,-1.0338112669781639e-10,-6.571435839757805e-12
182.33,-1.0388517099588049e-10,-6.243570253893054e-12
182.34,-1.043773472050227e-10,-5.915238021662115e-12
182.35,-1.0485762607921715e-10,-5.586482513783992e-12
182.36,-1.0532597794640901e-10,-5.257347227582185e-12
182.37,-1.0578237746262262e-10,-4.927875416580763e-12
182.38,-1.0622679871345237e-10,-4.598110256571745e-12
182.39,-1.0665921732375563e-10,-4.268095302957653e-12
182.4,-1.0707961018213174e-10,-3.937873708158244e-12
182.41,-1.0748795640817714e-10,-3.607488635815614e-12
182.42,-1.0788423525055049e-10,-3.2769835045911776e-12
182.43,-1.0826842773735281e-10,-2.9464011128730995e-12
182.44,-1.0864051674500985e-10,-2.6157847073125285e-12
182.45,-1.0900048500661423e-10,-2.2851778400287405e-12
182.46,-1.0934831891325877e-10,-1.9546226881002734e-12
182.47,-1.0968400392919188e-10,-1.6241626470221824e-12
182.48,-1.1000752827670371e-10,-1.29384037263362e-12
182.49,-1.1031888072307618e-10,-9.636986706786246e-13
182.5,-1.1061805180749336e-10,-6.3378028370988e-13
182.51,-1.1090503297252384e-10,-3.041276509491762e-13
182.52,-1.1117981746659596e-10,2.521658584824718e-14
182.53,-1.1144240006738485e-10,3.5421017705488866e-13
182.54,-1.1169277485276495e-10,6.8281048436787e-13
182.55,-1.1193094036348103e-10,1.0109758000010356e-12
182.56,-1.1215689378508383e-10,1.3386637421587507e-12
182.57,-1.123706356681266e-10,1.6658324716490443e-12
182.58,-1.125721660410141e-10,1.9924401532355974e-12
182.59,-1.1276148749859296e-10,2.3184450106680167e-12
182.6,-1.1293860329430339e-10,2.6438057059705127e-12
182.61,-1.1310351851008002e-10,2.9684805973702368e-12
182.62,-1.132562387960875e-10,3.292428605874596e-12
182.63,-1.1339677202895078e-10,3.6156083486991842e-12
182.64,-1.135251263234479e-10,3.9379790050413116e-12
182.65,-1.1364131138360286e-10,4.259499734763808e-12
182.66,-1.1374533924467343e-10,4.5801299790762695e-12
182.67,-1.1383722186508705e-10,4.8998290524052784e-12
182.68,-1.1391697331944996e-10,5.218556976302205e-12
182.69,-1.1398460829187338e-10,5.536273416815793e-12
182.7,-1.1404014310336021e-10,5.852938478477403e-12
182.71,-1.1408359576258573e-10,6.168512448806796e-12
182.72,-1.1411498404606183e-10,6.482955514865193e-12
182.73,-1.1413432890679938e-10,6.796228634615344e-12
182.74,-1.1414165155035455e-10,7.108292542691301e-12
182.75,-1.1413697426269331e-10,7.419108316827217e-12
182.76,-1.141203209364864e-10,7.728637269192718e-12
182.77,-1.1409171667666992e-10,8.036840635289369e-12
182.78,-1.1405118748981447e-10,8.343680381226266e-12
182.79,-1.1399876122837188e-10,8.64911825857172e-12
182.8,-1.1393446610823761e-10,8.953116620340943e-12
182.81,-1.1385833244907377e-10,9.25563767504567e-12
182.82,-1.137703910997588e-10,9.556644089933298e-12
182.83,-1.1367067447838123e-10,9.85609879155358e-12
182.84,-1.1355921580432176e-10,1.015396479135087e-11
182.85,-1.1343605035706486e-10,1.045020568180203e-11
182.86,-1.133012133963502e-10,1.0744784817986467e-11
182.87,-1.1315474236813632e-10,1.103766621438442e-11
182.88,-1.129966752561793e-10,1.1328814004528014e-11
182.89,-1.1282705164655238e-10,1.161819261035238e-11
182.9,-1.1264591202545594e-10,1.1905766852042968e-11
182.91,-1.1245329802813505e-10,1.2191501476025037e-11
182.92,-1.12249252426102e-10,1.247536189179851e-11
182.93,-1.1203381909356491e-10,1.2757313464366006e-11
182.94,-1.1180704337293945e-10,1.303732215242846e-11
182.95,-1.1156897177138784e-10,1.3315354016903811e-11
182.96,-1.1131965108550633e-10,1.3591375489302641e-11
182.97,-1.1105913004189664e-10,1.3865353305267067e-11
182.98,-1.1078745763130716e-10,1.4137254362778146e-11
182.99,-1.1050468598287949e-10,1.4407046078443065e-11
183.0,-1.10210865256844e-10,1.4674696234124263e-11
183.01,-1.0990604915718481e-10,1.4940172284914453e-11
183.02,-1.095902914785564e-10,1.5203443028191117e-11
183.03,-1.0926364631452902e-10,1.5464476585993603e-11
183.04,-1.089261708724771e-10,1.5723242257015468e-11
183.05,-1.0857792173869859e-10,1.5979709163645082e-11
183.06,-1.0821895696502297e-10,1.6233846732136334e-11
183.07,-1.0784933560835858e-10,1.6485625137038357e-11
183.08,-1.0746911779186512e-10,1.6735014149664263e-11
183.09,-1.0707836538380352e-10,1.6981984979475046e-11
183.1,-1.0667713952212099e-10,1.7226507980826918e-11
183.11,-1.0626550420888991e-10,1.74685546651074e-11
183.12,-1.0584352255550865e-10,1.7708096727542076e-11
183.13,-1.0541126079733157e-10,1.794510604626589e-11
183.14,-1.0496878454517194e-10,1.8179554971255044e-11
183.15,-1.045161613324148e-10,1.8411416436245178e-11
183.16,-1.0405345923218618e-10,1.8640663597906737e-11
183.17,-1.0358074541867783e-10,1.886726860510493e-11
183.18,-1.0309809203119742e-10,1.90912067950553e-11
183.19,-1.0260556897104502e-10,1.931245164962756e-11
183.2,-1.0210324835808924e-10,1.953097781136856e-11
183.21,-1.0159120211144053e-10,1.974676038078726e-11
183.22,-1.0106950421686529e-10,1.9959774211596733e-11
183.23,-1.0053822967710472e-10,2.0169995584334815e-11
183.24,-9.999745304289636e-11,2.0377400060388893e-11
183.25,-9.944725122154122e-11,2.058196433145529e-11
183.26,-9.888769997416419e-11,2.0783665118236845e-11
183.27,-9.831887841411447e-11,2.098247973462776e-11
183.28,-9.774086474953825e-11,2.117838568425124e-11
183.29,-9.715373798156316e-11,2.1371360584219378e-11
183.3,-9.655758048961905e-11,2.1561384440338925e-11
183.31,-9.595247175021016e-11,2.1748434566996925e-11
183.32,-9.533849387323647e-11,2.193249051741669e-11
183.33,-9.471572973669344e-11,2.211353191268775e-11
183.34,-9.408426356124294e-11,2.2291539152205567e-11
183.35,-9.344417869776551e-11,2.246649214630576e-11
183.36,-9.279556083433266e-11,2.263837215421796e-11
183.37,-9.213849549569992e-11,2.280716015301939e-11
183.38,-9.147306877396275e-11,2.297283796275886e-11
183.39,-9.079936957753411e-11,2.3135387845770682e-11
183.4,-9.011748477620498e-11,2.3294792255618757e-11
183.41,-8.942750267676226e-11,2.3451033903512806e-11
183.42,-8.872951317713428e-11,2.3604096226488973e-11
183.43,-8.802360656757524e-11,2.3753963095118266e-11
183.44,-8.730987290932993e-11,2.3900618626245004e-11
183.45,-8.658840358547003e-11,2.4044047252600656e-11
183.46,-8.585929191794942e-11,2.418423468780267e-11
183.47,-8.512262917114073e-11,2.4321165863211014e-11
183.48,-8.43785094294007e-11,2.4454826664889028e-11
183.49,-8.362702625821714e-11,2.458520362078465e-11
183.5,-8.286827420686618e-11,2.4712283431278776e-11
183.51,-8.210234821116321e-11,2.483605329778419e-11
183.52,-8.132934462906212e-11,2.4956500928967335e-11
183.53,-8.054935878548074e-11,2.5073614016656354e-11
183.54,-7.976248833330191e-11,2.5187381849573703e-11
183.55,-7.896883030589545e-11,2.5297792724668447e-11
183.56,-7.81684825204148e-11,2.5404836103013294e-11
183.57,-7.736154318227036e-11,2.5508501907553318e-11
183.58,-7.654811192606597e-11,2.5608780403268168e-11
183.59,-7.572828731454873e-11,2.57056622262649e-11
183.6,-7.490216996289699e-11,2.579913847675056e-11
183.61,-7.406986012771864e-11,2.5889200880775277e-11
183.62,-7.323145823017141e-11,2.5975841311179883e-11
183.63,-7.238706630320098e-11,2.6059052161383694e-11
183.64,-7.15367853713659e-11,2.6138826409021947e-11
183.65,-7.068071833852025e-11,2.6215157633403286e-11
183.66,-6.981896665018959e-11,2.628803899719563e-11
183.67,-6.895163458814609e-11,2.635746529780482e-11
183.68,-6.807882489580679e-11,2.642343089511444e-11
183.69,-6.72006415538558e-11,2.6485931018072184e-11
183.7,-6.631718905405527e-11,2.6544961215924478e-11
183.71,-6.54285710420849e-11,2.6600517344475597e-11
183.72,-6.453489296052232e-11,2.6652595913974873e-11
183.73,-6.363626015097609e-11,2.6701193906761662e-11
183.74,-6.273277773063122e-11,2.6746308420860154e-11
183.75,-6.182455156244889e-11,2.678793729294033e-11
183.76,-6.091168806338462e-11,2.6826078773545447e-11
183.77,-5.999429326208088e-11,2.686073127494593e-11
183.78,-5.907247434735053e-11,2.6891894304242656e-11
183.79,-5.81463380454519e-11,2.691956706099922e-11
183.8,-5.721599134303267e-11,2.694374951104517e-11
183.81,-5.6281541777254016e-11,2.6964442006017275e-11
183.82,-5.5343097301357546e-11,2.6981645640474235e-11
183.83,-5.4400765869374905e-11,2.6995361221773576e-11
183.84,-5.345465443572393e-11,2.7005590969723742e-11
183.85,-5.2504872833578455e-11,2.7012336764893473e-11
183.86,-5.1551528183127935e-11,2.7015601277378776e-11
183.87,-5.0594730540937876e-11,2.7015387138631354e-11
183.88,-4.963458771871856e-11,2.7011698340745463e-11
183.89,-4.8671208594548716e-11,2.7004538420601534e-11
183.9,-4.770470282222664e-11,2.6993911886322896e-11
183.91,-4.673517912486117e-11,2.697982325457608e-11
183.92,-4.57627468171393e-11,2.696227777023863e-11
183.93,-4.4787515114624474e-11,2.694128115154277e-11
183.94,-4.3809594187043243e-11,2.6916839554508786e-11
183.95,-4.282909256853569e-11,2.6888958624399327e-11
183.96,-4.1846120691905084e-11,2.6857646020393543e-11
183.97,-4.086078813062285e-11,2.682290896317748e-11
183.98,-3.987320411068361e-11,2.6784754904262735e-11
183.99,-3.888347848405781e-11,2.6743192061894694e-11
184.0,-3.7891721371374836e-11,2.6698229139088886e-11
184.01,-3.6898042417571046e-11,2.6649875076652574e-11
184.02,-3.590255023320497e-11,2.6598138742289966e-11
184.03,-3.490535561284064e-11,2.6543030467987413e-11
184.04,-3.390656830751757e-11,2.6484560452514826e-11
184.05,-3.2906297456806455e-11,2.6422739074273008e-11
184.06,-3.19046528605331e-11,2.6357577686275607e-11
184.07,-3.090174362969502e-11,2.6289087271477724e-11
184.08,-2.989767948225144e-11,2.621727996078112e-11
184.09,-2.8892569741817017e-11,2.614216793606932e-11
184.1,-2.788652274278105e-11,2.6063763512282756e-11
184.11,-2.687964992793995e-11,2.5982080587778903e-11
184.12,-2.587205767135972e-11,2.589713166383131e-11
184.13,-2.486385610521717e-11,2.5808930970639434e-11
184.14,-2.385515348315372e-11,2.5717492398088078e-11
184.15,-2.284605835286791e-11,2.562283146977617e-11
184.16,-2.183667945191225e-11,2.5524962111821598e-11
184.17,-2.082712435930115e-11,2.542390014078405e-11
184.18,-1.9817501486124376e-11,2.5319661352522206e-11
184.19,-1.8807918190414228e-11,2.5212261806263822e-11
184.2,-1.7798482337108468e-11,2.5101717844257034e-11
184.21,-1.6789301243592003e-11,2.4988046585878246e-11
184.22,-1.578048183413498e-11,2.487126531122241e-11
184.23,-1.4772131211445036e-11,2.4751391797257215e-11
184.24,-1.376435526498933e-11,2.4628443340657364e-11
184.25,-1.2757260872144296e-11,2.4502438902347007e-11
184.26,-1.1750953833589329e-11,2.4373397033952945e-11
184.27,-1.0745540190187479e-11,2.4241336991067165e-11
184.28,-9.741124754633121e-12,2.410627778742716e-11
184.29,-8.737813019125225e-12,2.3968239839142394e-11
184.3,-7.735709998541184e-12,2.3827242858106522e-11
184.31,-6.734919326084637e-12,2.368330721487308e-11
184.32,-5.735545932740438e-12,2.3536454145720594e-11
184.33,-4.737692995910158e-12,2.3386704345464464e-11
184.34,-3.7414640280323504e-12,2.3234079635577807e-11
184.35,-2.7469622261400462e-12,2.3078601875022926e-11
184.36,-1.754289743435481e-12,2.2920293093890646e-11
184.37,-7.635495195471439e-13,2.2759175935395385e-11
184.38,2.2515761264284083e-13,2.2595273022532038e-11
184.39,1.2117295391129766e-12,2.2428607856408142e-11
184.4,2.1960659406150394e-12,2.225920336250412e-11
184.41,3.1780655993131637e-12,2.20870838761206e-11
184.42,4.157629179069747e-12,2.1912273201684323e-11
184.43,5.134656541168097e-12,2.173479585570539e-11
184.44,6.109048950466912e-12,2.1554676427333386e-11
184.45,7.080707337635733e-12,2.1371940108559143e-11
184.46,8.04953388629443e-12,2.1186612118277072e-11
184.47,9.015430849490005e-12,2.099871806186856e-11
184.48,9.978301001381214e-12,2.0808283747284247e-11
184.49,1.093804774001575e-11,2.0615335680250318e-11
184.5,1.1894574970972668e-11,2.041989999645136e-11
184.51,1.284778711694656e-11,2.0222003596269414e-11
184.52,1.3797589159893068e-11,2.0021673572540062e-11
184.53,1.474388645451827e-11,1.9818937008904334e-11
184.54,1.5686585387089012e-11,1.961382178957262e-11
184.55,1.6625592274323387e-11,1.9406355481835437e-11
184.56,1.7560814499249518e-11,1.919656646439939e-11
184.57,1.8492160134237314e-11,1.898448282426407e-11
184.58,1.9419537148790968e-11,1.8770133355474764e-11
184.59,2.0342854637536178e-11,1.8553546979121896e-11
184.6,2.126202246426465e-11,1.8334752570344425e-11
184.61,2.2176951231716288e-11,1.8113779710051085e-11
184.62,2.3087550410050677e-11,1.7890657926812508e-11
184.63,2.399373312284804e-11,1.7665417107558808e-11
184.64,2.4895410734785943e-11,1.7438087230902648e-11
184.65,2.579249629167106e-11,1.7208698686765307e-11
184.66,2.668490325714267e-11,1.6977281907632632e-11
184.67,2.7572545831141735e-11,1.674386770734575e-11
184.68,2.845533861701072e-11,1.6508486994538926e-11
184.69,2.9333197644740953e-11,1.627117097912841e-11
184.7,3.02060387432507e-11,1.6031951045304938e-11
184.71,3.107377877926192e-11,1.5790858711808293e-11
184.72,3.193633603226645e-11,1.5547925746871358e-11
184.73,3.279362806792556e-11,1.5303184117852287e-11
184.74,3.364557433765721e-11,1.505666618922091e-11
184.75,3.4492094659675946e-11,1.4808404073051132e-11
184.76,3.533310962101542e-11,1.4558430290576146e-11
184.77,3.616854062785703e-11,1.4306777804447776e-11
184.78,3.699830940597176e-11,1.4053479209979932e-11
184.79,3.782233873134144e-11,1.3798567751588077e-11
184.8,3.864055253454864e-11,1.354207656509171e-11
184.81,3.945287522235791e-11,1.3284039068036323e-11
184.82,4.0259231504421213e-11,1.3024488790707634e-11
184.83,4.105954787608516e-11,1.276345927960601e-11
184.84,4.185375049627103e-11,1.2500984722174113e-11
184.85,4.2641767117823755e-11,1.2237098820456954e-11
184.86,4.342352636998994e-11,1.1971835734797624e-11
184.87,4.4198956640957304e-11,1.1705229766591804e-11
184.88,4.4967988364512914e-11,1.1437315443812045e-11
184.89,4.573055259019956e-11,1.1168126868589852e-11
184.9,4.648658054597134e-11,1.0897699052396117e-11
184.91,4.7236004371420287e-11,1.0626066715979864e-11
184.92,4.797875827485869e-11,1.035326457285121e-11
184.93,4.8714775455068176e-11,1.0079327714785448e-11
184.94,4.944399139174835e-11,9.804291219785614e-12
184.95,5.016634120566567e-11,9.528190312693779e-12
184.96,5.0881763070560044e-11,9.25105998411389e-12
184.97,5.159019339357796e-11,8.972935815855891e-12
184.98,5.229157070745773e-11,8.69385346683236e-12
184.99,5.298583459478613e-11,8.41384824960731e-12
185.0,5.3672925078203376e-11,8.13295576504077e-12
185.01,5.435278333631216e-11,7.85121172869331e-12
185.02,5.502535130908601e-11,7.568651850989392e-12
185.03,5.569057181483337e-11,7.28531210082541e-12
185.04,5.634838876789575e-11,7.0012280633063865e-12
185.05,5.699874646205904e-11,6.716436292268415e-12
185.06,5.764159101437896e-11,6.430972122010428e-12
185.07,5.827686837088439e-11,6.144872004504251e-12
185.08,5.890452588301079e-11,5.858171806727553e-12
185.09,5.952451335623538e-11,5.570907507669746e-12
185.1,6.013677795111324e-11,5.28311564677668e-12
185.11,6.074127087044271e-11,4.994832184861158e-12
185.12,6.13379432636397e-11,4.706093297652895e-12
185.13,6.192674763760526e-11,4.4169354244865334e-12
185.14,6.250763506932585e-11,4.127394251933448e-12
185.15,6.308056150096462e-11,3.8375066025575664e-12
185.16,6.364548086243224e-11,3.5473085684659147e-12
185.17,6.42023479501579e-11,3.256836524093322e-12
185.18,6.475112292851831e-11,2.96612617402842e-12
185.19,6.529176020772131e-11,2.6752144293680726e-12
185.2,6.582421963675142e-11,2.3841371998803516e-12
185.21,6.63484605002623e-11,2.092930793363722e-12
185.22,6.686444374948064e-11,1.8016314981519336e-12
185.23,6.737213083937615e-11,1.5102750815375108e-12
185.24,6.787148406280239e-11,1.2188982008420163e-12
185.25,6.836246707132518e-11,9.27536655960295e-13
185.26,6.884504383288621e-11,6.362268378634632e-13
185.27,6.931918090379628e-11,3.4500416055792707e-13
185.28,6.978484355016637e-11,5.390525508640704e-14
185.29,7.024199943935642e-11,-2.3703420637300924e-13
185.3,7.06906170948224e-11,-5.277783417343731e-13
185.31,7.113066573944374e-11,-8.182912975986583e-13
185.32,7.15621154903541e-11,-1.108537387190535e-12
185.33,7.198493763755752e-11,-1.3984807200769002e-12
185.34,7.2399104401175e-11,-1.6880858907211156e-12
185.35,7.280458932359712e-11,-1.97731738627219e-12
185.36,7.320136615418916e-11,-2.2661394749895164e-12
185.37,7.358941086542922e-11,-2.5545171142000297e-12
185.38,7.396869818540116e-11,-2.8424146524970087e-12
185.39,7.433920656747146e-11,-3.1297971665216195e-12
185.4,7.470091368912884e-11,-3.416629487005465e-12
185.41,7.505379866171586e-11,-3.702876664966399e-12
185.42,7.539784165454544e-11,-3.988503855994244e-12
185.43,7.573302382224139e-11,-4.2734760041050245e-12
185.44,7.605932755852897e-11,-4.557758906584323e-12
185.45,7.637673451603453e-11,-4.841317468789292e-12
185.46,7.66852303999101e-11,-5.1241176673024685e-12
185.47,7.698479920322279e-11,-5.406125046972738e-12
185.48,7.727542782445034e-11,-5.687305605477677e-12
185.49,7.755710259924344e-11,-5.967625136049269e-12
185.5,7.782981145383452e-11,-6.247049695353725e-12
185.51,7.809354383000314e-11,-6.525545856974721e-12
185.52,7.834828935415215e-11,-6.803079722228616e-12
185.53,7.859403982832652e-11,-7.079617948966526e-12
185.54,7.88307851307793e-11,-7.35512718541764e-12
185.55,7.905851950128301e-11,-7.629574169654627e-12
185.56,7.927723737611303e-11,-7.902926377603554e-12
185.57,7.948693232874051e-11,-8.17515036207058e-12
185.58,7.968760102796428e-11,-8.446213998055763e-12
185.59,7.987923997757628e-11,-8.716084557057964e-12
185.6,8.006184696811364e-11,-8.984729837330158e-12
185.61,8.023542078404915e-11,-9.252117737067934e-12
185.62,8.039996094243665e-11,-9.518216293207632e-12
185.63,8.05554688761139e-11,-9.782993858916083e-12
185.64,8.07019451024431e-11,-1.0046418649436985e-11
185.65,8.083939282870773e-11,-1.0308459611017944e-11
185.66,8.096781535263699e-11,-1.0569085389264327e-11
185.67,8.108721763467898e-11,-1.0828265065583194e-11
185.68,8.119760445955834e-11,-1.108596795437931e-11
185.69,8.129898311052605e-11,-1.1342163605074373e-11
185.7,8.139136030706949e-11,-1.1596821553975882e-11
185.71,8.147474462563603e-11,-1.1849911675199694e-11
185.72,8.154914514224974e-11,-1.2101404182013614e-11
185.73,8.161457226557341e-11,-1.2351269405574424e-11
185.74,8.167103698291171e-11,-1.2599477888882204e-11
185.75,8.171855167186365e-11,-1.2846000477868125e-11
185.76,8.17571291879158e-11,-1.3090808178809327e-11
185.77,8.178678345686882e-11,-1.3333872303324366e-11
185.78,8.180752909942025e-11,-1.3575164197427042e-11
185.79,8.181938246773772e-11,-1.381465588543499e-11
185.8,8.182236013606125e-11,-1.4052319284674877e-11
185.81,8.181647887293965e-11,-1.4288126127395455e-11
185.82,8.180175844447344e-11,-1.4522049705815756e-11
185.83,8.177821753346787e-11,-1.4754062334860532e-11
185.84,8.174587675002304e-11,-1.49841371918629e-11
185.85,8.170475766099248e-11,-1.5212247502310568e-11
185.86,8.165488211032705e-11,-1.5438366878942277e-11
185.87,8.159627271932978e-11,-1.5662468893115642e-11
185.88,8.15289541274436e-11,-1.588452784811212e-11
185.89,8.145295025413829e-11,-1.6104517923870402e-11
185.9,8.13682886259088e-11,-1.6322414229336157e-11
185.91,8.1274994210619e-11,-1.6538191468649582e-11
185.92,8.11730943691663e-11,-1.6751824001972467e-11
185.93,8.106261800227644e-11,-1.6963288327992655e-11
185.94,8.094359422407806e-11,-1.7172559780514854e-11
185.95,8.08160529893902e-11,-1.7379614641775037e-11
185.96,8.068002468502288e-11,-1.7584428930895987e-11
185.97,8.053554238476192e-11,-1.7786979716764194e-11
185.98,8.038263768843169e-11,-1.798724360136805e-11
185.99,8.02213431319426e-11,-1.8185197882721297e-11
186.0,8.005169429358189e-11,-1.8380820158838084e-11
186.01,7.987372589517374e-11,-1.8574088274473095e-11
186.02,7.968747333717079e-11,-1.876498021582977e-11
186.03,7.949297413934426e-11,-1.8953474774891132e-11
186.04,7.929026502680936e-11,-1.9139550470960167e-11
186.05,7.907938461308374e-11,-1.9323186446689853e-11
186.06,7.88603720362084e-11,-1.950436223925267e-11
186.07,7.863326604977238e-11,-1.968305718973394e-11
186.08,7.839811005907214e-11,-1.9859251858548245e-11
186.09,7.815494282393012e-11,-2.0032926161953702e-11
186.1,7.790380749055892e-11,-2.020406095634651e-11
186.11,7.764474646439143e-11,-2.037263706979524e-11
186.12,7.737780538250766e-11,-2.0538636619608025e-11
186.13,7.710302669139698e-11,-2.07020403431588e-11
186.14,7.682045667643048e-11,-2.0862830769976874e-11
186.15,7.653014077853196e-11,-2.102098989223969e-11
186.16,7.623212788251497e-11,-2.1176501530781844e-11
186.17,7.592645980986056e-11,-2.132934605570618e-11
186.18,7.561319029448914e-11,-2.1479509268565018e-11
186.19,7.529236634933306e-11,-2.16269741439079e-11
186.2,7.496403803710489e-11,-2.1771724726085664e-11
186.21,7.462825454023128e-11,-2.1913745215631893e-11
186.22,7.428506790288788e-11,-2.2053020522695044e-11
186.23,7.393452931987456e-11,-2.2189535553406066e-11
186.24,7.357669139639051e-11,-2.232327599041106e-11
186.25,7.321160684784428e-11,-2.2454227286097978e-11
186.26,7.28393301327737e-11,-2.2582375892148815e-11
186.27,7.245991429642721e-11,-2.270770774671612e-11
186.28,7.207341593716534e-11,-2.283021042949819e-11
186.29,7.167988965440128e-11,-2.294987069292889e-11
186.3,7.127939223702113e-11,-2.3066675934926546e-11
186.31,7.087198024944036e-11,-2.3180614237343515e-11
186.32,7.045771149926092e-11,-2.329167392533741e-11
186.33,7.003664422173853e-11,-2.3399843500614448e-11
186.34,6.96088372403254e-11,-2.3505111962301037e-11
186.35,6.917434946468347e-11,-2.3607468634014932e-11
186.36,6.873324162238722e-11,-2.3706903213080586e-11
186.37,6.828557344491465e-11,-2.380340580757803e-11
186.38,6.783140714972998e-11,-2.3896966944129963e-11
186.39,6.737080315167526e-11,-2.3987576875356273e-11
186.4,6.69038249964504e-11,-2.407522743958979e-11
186.41,6.643053480394141e-11,-2.4159909859010858e-11
186.42,6.595099634694813e-11,-2.4241615985145966e-11
186.43,6.54652731369994e-11,-2.4320338222029223e-11
186.44,6.497342990482893e-11,-2.4396068966609753e-11
186.45,6.447553162962697e-11,-2.4468801263604363e-11
186.46,6.397164388206172e-11,-2.453852860319904e-11
186.47,6.346183269369812e-11,-2.4605244687635415e-11
186.48,6.294616421452864e-11,-2.4668943548857043e-11
186.49,6.242470582563405e-11,-2.47296196777479e-11
186.5,6.189752486106203e-11,-2.4787267887099258e-11
186.51,6.136468931877388e-11,-2.4841883457057426e-11
186.52,6.082626761370354e-11,-2.4893461905604613e-11
186.53,6.02823285043013e-11,-2.4941999152998354e-11
186.54,5.9732941769066e-11,-2.498749167683638e-11
186.55,5.917817676719737e-11,-2.5029935959013257e-11
186.56,5.861810386239826e-11,-2.506932929913732e-11
186.57,5.805279390583887e-11,-2.510566885335154e-11
186.58,5.748231736853234e-11,-2.5138952548806415e-11
186.59,5.690674614133758e-11,-2.516917874764445e-11
186.6,5.632615191312707e-11,-2.519634571710827e-11
186.61,5.574060729163489e-11,-2.522045246795928e-11
186.62,5.5150184580837354e-11,-2.5241498248367474e-11
186.63,5.45549568879652e-11,-2.5259482834363978e-11
186.64,5.39549975562268e-11,-2.5274406112245783e-11
186.65,5.3350380351736495e-11,-2.5286268636542638e-11
186.66,5.274117956587733e-11,-2.5295071069982376e-11
186.67,5.212746928317769e-11,-2.5300814607927622e-11
186.68,5.150932428681208e-11,-2.5303500580598146e-11
186.69,5.08868200649606e-11,-2.530313098903478e-11
186.7,5.0260031328312975e-11,-2.5299708065942456e-11
186.71,4.962903458748877e-11,-2.529323435872917e-11
186.72,4.89939048942384e-11,-2.5283712877507124e-11
186.73,4.8354719041160084e-11,-2.5271146826380922e-11
186.74,4.771155437682223e-11,-2.5255540243802883e-11
186.75,4.706448620581017e-11,-2.5236896739791947e-11
186.76,4.6413592791927594e-11,-2.521522108596781e-11
186.77,4.5758950592890926e-11,-2.519051774185065e-11
186.78,4.510063793849744e-11,-2.5162792153436026e-11
186.79,4.443873243831175e-11,-2.5132049590509287e-11
186.8,4.377331180845073e-11,-2.5098296019168968e-11
186.81,4.3104454788905225e-11,-2.5061537571684626e-11
186.82,4.2432239621288426e-11,-2.502178088541944e-11
186.83,4.1756744470693706e-11,-2.497903274762469e-11
186.84,4.1078049501192656e-11,-2.4933300788816855e-11
186.85,4.039623308867319e-11,-2.4884592489815397e-11
186.86,3.971137345639756e-11,-2.4832915362248568e-11
186.87,3.902355122470317e-11,-2.4778278326264692e-11
186.88,3.8332845699241743e-11,-2.4720689684193183e-11
186.89,3.763933634436452e-11,-2.4660158747048185e-11
186.9,3.694310301261462e-11,-2.4596694708599023e-11
186.91,3.624422588661688e-11,-2.4530307321456352e-11
186.92,3.554278522559138e-11,-2.446100685004605e-11
186.93,3.483885997987689e-11,-2.438880315697379e-11
186.94,3.4132531624624285e-11,-2.4313707423616277e-11
186.95,3.3423880389915786e-11,-2.4235730759805045e-11
186.96,3.2712986628200204e-11,-2.4154884370783746e-11
186.97,3.19999303720607e-11,-2.4071179911228146e-11
186.98,3.1284792977337896e-11,-2.3984629741148847e-11
186.99,3.056765470301931e-11,-2.3895246072672332e-11
187.0,2.984859631948969e-11,-2.3803041705141673e-11
187.01,2.9127698448054996e-11,-2.370802972430312e-11
187.02,2.840504240414079e-11,-2.361022359495281e-11
187.03,2.7680708629737686e-11,-2.3509636905480442e-11
187.04,2.6954777576982048e-11,-2.340628358956858e-11
187.05,2.6227330085327622e-11,-2.330017814164661e-11
187.06,2.5498448308578395e-11,-2.3191335332487468e-11
187.07,2.4768211651726082e-11,-2.3079770051949704e-11
187.08,2.4036701145974082e-11,-2.2965497482387804e-11
187.09,2.3303997903557953e-11,-2.2848533406458094e-11
187.1,2.2570182989162165e-11,-2.2728894116197237e-11
187.11,2.1835335425660604e-11,-2.2606594546282405e-11
187.12,2.1099537467212743e-11,-2.2481652419152217e-11
187.13,2.036286933518608e-11,-2.235408431342158e-11
187.14,1.9625411988266855e-11,-2.222390680522587e-11
187.15,1.8887243876535003e-11,-2.209113870571813e-11
187.16,1.814844751370308e-11,-2.1955796392000538e-11
187.17,1.7409102030477534e-11,-2.181789826983743e-11
187.18,1.6669287813770378e-11,-2.167746274121609e-11
187.19,1.5929085540999933e-11,-2.1534508446787297e-11
187.2,1.5188573276456945e-11,-2.1389053975048817e-11
187.21,1.4447832435818938e-11,-2.124111876914603e-11
187.22,1.3706942152201448e-11,-2.1090722214864072e-11
187.23,1.296598169525637e-11,-2.0937883933420156e-11
187.24,1.2225030764887952e-11,-2.078262417611369e-11
187.25,1.1484168075864347e-11,-2.0624962902570565e-11
187.26,1.0743472853428649e-11,-2.046492083715566e-11
187.27,1.0003023763789185e-11,-2.0302518728212268e-11
187.28,9.262899688631329e-12,-2.013777765356874e-11
187.29,8.523178725188735e-12,-1.997071888434079e-11
187.3,7.783939257696992e-12,-1.980136416251887e-11
187.31,7.045259131105998e-12,-1.9629735040190583e-11
187.32,6.307215652616918e-12,-1.9455853826369006e-11
187.33,5.569888158061844e-12,-1.927974303434705e-11
187.34,4.833351999016776e-12,-1.9101424829407317e-11
187.35,4.097685204015468e-12,-1.892092245125023e-11
187.36,3.3629642423005125e-12,-1.8738258712739962e-11
187.37,2.629266075584308e-12,-1.8553457123774863e-11
187.38,1.89666641827557e-12,-1.836654102481438e-11
187.39,1.1652415103349665e-12,-1.817753432649692e-11
187.4,4.35067541875096e-13,-1.798646103007582e-11
187.41,-2.937798879083492e-13,-1.7793345621563555e-11
187.42,-1.0212273669315153e-12,-1.7598211873777717e-11
187.43,-1.7471984254945076e-12,-1.7401085097955877e-11
187.44,-2.4716183766065897e-12,-1.720198996883438e-11
187.45,-3.1944140802104368e-12,-1.7000951583866966e-11
187.46,-3.915510578938075e-12,-1.6797995459723842e-11
187.47,-4.634835084684109e-12,-1.659314684637397e-11
187.48,-5.352314460195129e-12,-1.638643143378823e-11
187.49,-6.067875174756848e-12,-1.6177875451833416e-11
187.5,-6.781445245326807e-12,-1.5967504768652128e-11
187.51,-7.492951883754117e-12,-1.575534609365204e-11
187.52,-8.202324117416998e-12,-1.5541425427917654e-11
187.53,-8.90949024638488e-12,-1.532576974255037e-11
187.54,-9.61437888308727e-12,-1.510840589648362e-11
187.55,-1.0316919776189275e-11,-1.48893609830587e-11
187.56,-1.1017042593119232e-11,-1.4668662087829365e-11
187.57,-1.1714677722617565e-11,-1.4446336741251786e-11
187.58,-1.240975520780759e-11,-1.4222412549326726e-11
187.59,-1.3102206157673272e-11,-1.3996917247136736e-11
187.6,-1.3791962780020527e-11,-1.3769878668349379e-11
187.61,-1.4478955978541626e-11,-1.3541324955280219e-11
187.62,-1.5163118601256044e-11,-1.331128428573617e-11
187.63,-1.5844382785981835e-11,-1.3079785120526398e-11
187.64,-1.6522682270369126e-11,-1.2846855963426459e-11
187.65,-1.719795024465735e-11,-1.261252546563142e-11
187.66,-1.7870121706308207e-11,-1.2376822349258498e-11
187.67,-1.853912991822559e-11,-1.2139775758819257e-11
187.68,-1.9204910312306496e-11,-1.190141480471063e-11
187.69,-1.986739936604343e-11,-1.1661768419927742e-11
187.7,-2.052653189171393e-11,-1.1420866247811996e-11
187.71,-2.1182244743981734e-11,-1.1178737594085972e-11
187.72,-2.183447511163439e-11,-1.093541206836849e-11
187.73,-2.2483160255122442e-11,-1.069091954849998e-11
187.74,-2.312823836529269e-11,-1.0445289605999005e-11
187.75,-2.3769647714195204e-11,-1.0198552380981419e-11
187.76,-2.4407327465531198e-11,-9.950737834138033e-12
187.77,-2.5041218039520092e-11,-9.70187597809205e-12
187.78,-2.5671256772746233e-11,-9.451997485735627e-12
187.79,-2.629738711285134e-11,-9.20113227380654e-12
187.8,-2.691954900999754e-11,-8.949310839966895e-12
187.81,-2.7537684749776457e-11,-8.696563694340225e-12
187.82,-2.8151736198662606e-11,-8.442921643093724e-12
187.83,-2.876164620207295e-11,-8.188415010433474e-12
187.84,-2.936735804971561e-11,-7.933074895890525e-12
187.85,-2.996881593128325e-11,-7.676931979627214e-12
187.86,-3.0565963427027616e-11,-7.420017232924153e-12
187.87,-3.115874758573255e-11,-7.162361426201172e-12
187.88,-3.174711261377159e-11,-6.903995535028148e-12
187.89,-3.233100449723644e-11,-6.6449512472874124e-12
187.9,-3.291037096025948e-11,-6.385258958566769e-12
187.91,-3.348515906974303e-11,-6.124950383274813e-12
187.92,-3.4055316810606505e-11,-5.864056406012469e-12
187.93,-3.462079306371915e-11,-5.602608384321424e-12
187.94,-3.5181536802942414e-11,-5.3406377576246585e-12
187.95,-3.57374982881966e-11,-5.078175828917326e-12
187.96,-3.628862732600851e-11,-4.815253812269001e-12
187.97,-3.6834876381777464e-11,-4.551903177258463e-12
187.98,-3.737619469599099e-11,-4.28815564430683e-12
187.99,-3.791253676301013e-11,-4.024042333607972e-12
188.0,-3.844385491861091e-11,-3.759594977609275e-12
188.01,-3.897010285849566e-11,-3.494844771883285e-12
188.02,-3.9491234734198124e-11,-3.2298233394428376e-12
188.03,-4.00072054280717e-11,-2.9645622033228492e-12
188.04,-4.051797030300338e-11,-2.6990927281835374e-12
188.05,-4.1023486121223894e-11,-2.433446885388786e-12
188.06,-4.1523709337959126e-11,-2.1676554931022264e-12
188.07,-4.201859725660762e-11,-1.9017504758381403e-12
188.08,-4.2508107486551904e-11,-1.6357633675937705e-12
188.09,-4.299220131395348e-11,-1.369724987305178e-12
188.1,-4.347083559063177e-11,-1.1036674290686545e-12
188.11,-4.39439720503485e-11,-8.376217436618731e-13
188.12,-4.4411569483457e-11,-5.716197271236283e-13
188.13,-4.4873594607163504e-11,-3.0569173466206795e-13
188.14,-4.532999994531873e-11,-3.987080197163383e-14
188.15,-4.578075697382064e-11,2.2581326229990765e-13
188.16,-4.622582637416681e-11,4.913288428425026e-13
188.17,-4.6665172593065645e-11,7.56644521180139e-13
188.18,-4.709875996310249e-11,1.0217295819379042e-12
188.19,-4.752655497547961e-11,1.2865526701614275e-12
188.2,-4.794852334729344e-11,1.5510827510126648e-12
188.21,-4.836463202523591e-11,1.815288850632955e-12
188.22,-4.8774849030992e-11,2.0791402894237274e-12
188.23,-4.9179142155233936e-11,2.3426058379007826e-12
188.24,-4.9577481217427233e-11,2.6056550950271905e-12
188.25,-4.9969835531181945e-11,2.8682572381395134e-12
188.26,-5.035617576806275e-11,3.1303818142751244e-12
188.27,-5.0736472774253483e-11,3.391997884956588e-12
188.28,-5.1110699267401095e-11,3.653075639854831e-12
188.29,-5.147882674717145e-11,3.913584194438233e-12
188.3,-5.18408293734522e-11,4.1734935186433915e-12
188.31,-5.2196680704500106e-11,4.432773324329374e-12
188.32,-5.2546355752253124e-11,4.691393785073608e-12
188.33,-5.288982955458371e-11,4.949324580378917e-12
188.34,-5.32270793158742e-11,5.2065365646827505e-12
188.35,-5.3558081175507283e-11,5.462999448292807e-12
188.36,-5.388281185158748e-11,5.718683284324601e-12
188.37,-5.420125101352888e-11,5.973559142130868e-12
188.38,-5.451337802736408e-11,6.227597648632007e-12
188.39,-5.481917126528352e-11,6.48076916183144e-12
188.4,-5.5118612196387825e-11,6.73304486917021e-12
188.41,-5.541168128680626e-11,6.9843955347111115e-12
188.42,-5.5698360928313985e-11,7.23479234239362e-12
188.43,-5.5978633753247555e-11,7.48420657261199e-12
188.44,-5.625248283593163e-11,7.732609496996289e-12
188.45,-5.651989279716507e-11,7.979972976229831e-12
188.46,-5.6780848117606615e-11,8.226268552242512e-12
188.47,-5.703533411942537e-11,8.471467939826288e-12
188.48,-5.7283337560993034e-11,8.715543208133566e-12
188.49,-5.7524845080856696e-11,8.958466591926973e-12
188.5,-5.775984450035203e-11,9.200210273324223e-12
188.51,-5.798832406599584e-11,9.440746780606091e-12
188.52,-5.821027319950184e-11,9.68004866736953e-12
188.53,-5.842568174294754e-11,9.918088956273724e-12
188.54,-5.863454001713883e-11,1.0154840302685643e-11
188.55,-5.88368396212793e-11,1.0390276109633128e-11
188.56,-5.90325724344467e-11,1.0624369594646765e-11
188.57,-5.922173146709988e-11,1.0857094363442258e-11
188.58,-5.9404309579382e-11,1.1088423812413257e-11
188.59,-5.958030168843545e-11,1.1318332131926047e-11
188.6,-5.97497023565753e-11,1.1546793322322358e-11
188.61,-5.991250710193584e-11,1.177378153799587e-11
188.62,-6.006871292880204e-11,1.1999271308997292e-11
188.63,-6.021831606000546e-11,1.2223237289506928e-11
188.64,-6.036131461082666e-11,1.2445654192560678e-11
188.65,-6.049770682179071e-11,1.2666497113126337e-11
188.66,-6.062749245516972e-11,1.2885741496325613e-11
188.67,-6.07506711967066e-11,1.3103362817634487e-11
188.68,-6.086724307623207e-11,1.3319336231861361e-11
188.69,-6.097721036025171e-11,1.3533638247797994e-11
188.7,-6.108057439242038e-11,1.3746244624573497e-11
188.71,-6.117733729648883e-11,1.3957131529526486e-11
188.72,-6.126750513335356e-11,1.4166276273427983e-11
188.73,-6.135107932474822e-11,1.437365482243783e-11
188.74,-6.14280654289772e-11,1.4579244555051202e-11
188.75,-6.149846927012879e-11,1.4783022476108416e-11
188.76,-6.156229692095315e-11,1.4984966204817403e-11
188.77,-6.161955536261616e-11,1.5185053366317544e-11
188.78,-6.167025211921232e-11,1.5383262078122665e-11
188.79,-6.171439525267957e-11,1.5579570064306026e-11
188.8,-6.175199362870638e-11,1.5773956012043663e-11
188.81,-6.178305838787952e-11,1.596639881933355e-11
188.82,-6.18075986723226e-11,1.6156877197730135e-11
188.83,-6.182562441424957e-11,1.6345369725654745e-11
188.84,-6.183714915816372e-11,1.653185666812939e-11
188.85,-6.184218415878378e-11,1.671631709471071e-11
188.86,-6.184074304445384e-11,1.689873115426055e-11
188.87,-6.183283897662664e-11,1.7079078871581808e-11
188.88,-6.18184875982545e-11,1.725734103465279e-11
188.89,-6.179770195381535e-11,1.743349768491999e-11
188.9,-6.177049877142051e-11,1.7607530092466078e-11
188.91,-6.173689446812051e-11,1.7779419561203103e-11
188.92,-6.16969056119693e-11,1.7949147265625866e-11
188.93,-6.165055112887185e-11,1.8116695387500167e-11
188.94,-6.15978473622269e-11,1.82820456419579e-11
188.95,-6.153881443762971e-11,1.8445180265870316e-11
188.96,-6.147347158779766e-11,1.860608192794446e-11
188.97,-6.140183901139707e-11,1.8764733299348938e-11
188.98,-6.132393770450658e-11,1.8921117923206265e-11
188.99,-6.123978882574524e-11,1.9075218294608536e-11
189.0,-6.114941467895627e-11,1.922701900315108e-11
189.01,-6.105283797874334e-11,1.937650353107027e-11
189.02,-6.095008171075576e-11,1.952365621606117e-11
189.03,-6.084117058891502e-11,1.9668461669795463e-11
189.04,-6.072612812560875e-11,1.9810904447827744e-11
189.05,-6.060498013038831e-11,1.995096995377412e-11
189.06,-6.047775205871593e-11,2.0088643291724495e-11
189.07,-6.034447127430493e-11,2.0223910309861587e-11
189.08,-6.020516224284826e-11,2.0356756839689635e-11
189.09,-6.005985503694978e-11,2.048716930038761e-11
189.1,-5.990857673405337e-11,2.061513416801973e-11
189.11,-5.9751353440775e-11,2.0740637387999975e-11
189.12,-5.958822209650657e-11,2.086366877938192e-11
189.13,-5.941920511702133e-11,2.0984213172599617e-11
189.14,-5.92443356299113e-11,2.1102259275052312e-11
189.15,-5.906364399710273e-11,2.121779491837696e-11
189.16,-5.887716232908578e-11,2.1330808631043097e-11
189.17,-5.86849221683692e-11,2.1441289170727768e-11
189.18,-5.848695663851877e-11,2.1549225279297393e-11
189.19,-5.828329863164269e-11,2.165460636882592e-11
189.2,-5.8073981379340386e-11,2.1757421723974598e-11
189.21,-5.78590410729048e-11,2.1857661882202906e-11
189.22,-5.7638510507790746e-11,2.1955316414906294e-11
189.23,-5.741242575544927e-11,2.2050376181237455e-11
189.24,-5.718082240780136e-11,2.2142831687675077e-11
189.25,-5.6943737234981376e-11,2.223267429766438e-11
189.26,-5.670120657798547e-11,2.231989540121437e-11
189.27,-5.6453268254060876e-11,2.2404486732147628e-11
189.28,-5.61999598745821e-11,2.2486440346265257e-11
189.29,-5.594132000429172e-11,2.2565748697731536e-11
189.3,-5.567738725906139e-11,2.2642404252910518e-11
189.31,-5.540820131768905e-11,2.2716400308676472e-11
189.32,-5.51338016755918e-11,2.278773000774178e-11
189.33,-5.485422900560496e-11,2.28563870462552e-11
189.34,-5.45695236490622e-11,2.2922365335138146e-11
189.35,-5.42797272570016e-11,2.2985659271121433e-11
189.36,-5.3984881031799334e-11,2.304626324914898e-11
189.37,-5.3685027780930685e-11,2.3104172343237287e-11
189.38,-5.338020879197013e-11,2.3159381373356802e-11
189.39,-5.3070469447078335e-11,2.321188682416286e-11
189.4,-5.275585136686167e-11,2.3261683680218233e-11
189.41,-5.243639876023944e-11,2.3308768390905794e-11
189.42,-5.211215602840831e-11,2.335313740900608e-11
189.43,-5.178316821779256e-11,2.3394787593205694e-11
189.44,-5.144948013673327e-11,2.343371611860705e-11
189.45,-5.1111137765968493e-11,2.3469920362764368e-11
189.46,-5.076818692142135e-11,2.3503398184184006e-11
189.47,-5.042067320161314e-11,2.3534147423515816e-11
189.48,-5.0068645395838843e-11,2.3562167066923e-11
189.49,-4.971214854608415e-11,2.3587455210485584e-11
189.5,-4.935123115930443e-11,2.3610011223059472e-11
189.51,-4.8985940872765314e-11,2.362983426810089e-11
189.52,-4.8616326258651714e-11,2.364692426629734e-11
189.53,-4.824243582799149e-11,2.3661281140556674e-11
189.54,-4.786431855100998e-11,2.367290511154031e-11
189.55,-4.748202374100904e-11,2.3681796883122746e-11
189.56,-4.709560114189219e-11,2.368795739524311e-11
189.57,-4.6705100615266234e-11,2.369138795624549e-11
189.58,-4.6310572836797906e-11,2.3692090075188613e-11
189.59,-4.5912068432303695e-11,2.3690065778663956e-11
189.6,-4.5509638054066636e-11,2.3685317004740238e-11
189.61,-4.5103333426690213e-11,2.3677846576042168e-11
189.62,-4.469320602014022e-11,2.3667657230304998e-11
189.63,-4.427930753934017e-11,2.3654751985772975e-11
189.64,-4.386169070081549e-11,2.3639134477837586e-11
189.65,-4.344040774807293e-11,2.3620808532644683e-11
189.66,-4.301551123691654e-11,2.359977807259504e-11
189.67,-4.258705477098341e-11,2.357604754298484e-11
189.68,-4.215509142139075e-11,2.3549621787390084e-11
189.69,-4.17196743412373e-11,2.3520505473517584e-11
189.7,-4.1280858243668263e-11,2.348870430692757e-11
189.71,-4.083869723223824e-11,2.3454224095942084e-11
189.72,-4.039324409396785e-11,2.3417069764062576e-11
189.73,-3.9944555182121744e-11,2.3377248564020593e-11
189.74,-3.949268467507205e-11,2.3334766556907096e-11
189.75,-3.903768775456753e-11,2.3289631001842304e-11
189.76,-3.857961978294917e-11,2.324184868848223e-11
189.77,-3.811853552738682e-11,2.3191427078384106e-11
189.78,-3.7654491587966954e-11,2.313837401805578e-11
189.79,-3.718754350617862e-11,2.308269760344773e-11
189.8,-3.671774738929084e-11,2.302440602107072e-11
189.81,-3.6245159323956726e-11,2.2963508081879158e-11
189.82,-3.5769836068303695e-11,2.2900012615230645e-11
189.83,-3.5291833952419434e-11,2.283392872725477e-11
189.84,-3.4811209798412674e-11,2.2765266210481345e-11
189.85,-3.432802058451745e-11,2.269403465246363e-11
189.86,-3.384232376164058e-11,2.2620244308763792e-11
189.87,-3.33541761511374e-11,2.2543905364531177e-11
189.88,-3.286363551658531e-11,2.2465028815446397e-11
189.89,-3.237075900677997e-11,2.2383625236893848e-11
189.9,-3.1875604511319685e-11,2.2299706105615472e-11
189.91,-3.137822975772123e-11,2.2213282832271914e-11
189.92,-3.0878693013628294e-11,2.212436726691061e-11
189.93,-3.037705117610897e-11,2.2032971396217536e-11
189.94,-2.98733636710045e-11,2.1939107733350994e-11
189.95,-2.936768800666975e-11,2.1842788772518633e-11
189.96,-2.8860082327798135e-11,2.174402737626169e-11
189.97,-2.8350605948961817e-11,2.164283704626297e-11
189.98,-2.783931637367475e-11,2.153923070110967e-11
189.99,-2.7326272511349704e-11,2.143322245399776e-11
190.0,-2.6811532968516496e-11,2.132482617008513e-11
190.01,-2.629515627956857e-11,2.1214056051917024e-11
190.02,-2.5777201140075844e-11,2.1100926496404228e-11
190.03,-2.5257726425132023e-11,2.0985452503814998e-11
190.04,-2.473679070176029e-11,2.0867648797818584e-11
190.05,-2.4214453787077654e-11,2.0747530972343774e-11
190.06,-2.3690772548856774e-11,2.062511441455687e-11
190.07,-2.3165807471920513e-11,2.050041482503515e-11
190.08,-2.263961687622518e-11,2.037344829199209e-11
190.09,-2.2112259805929206e-11,2.0244231100675424e-11
190.1,-2.158379380651565e-11,2.011278000539453e-11
190.11,-2.1054281705428344e-11,1.997911117922341e-11
190.12,-2.0523778284245864e-11,1.984324218091123e-11
190.13,-1.999234379478623e-11,1.9705190068527223e-11
190.14,-1.9460037011278778e-11,1.956497250042047e-11
190.15,-1.892691688807812e-11,1.942260659023952e-11
190.16,-1.8393041968836874e-11,1.9278111017040653e-11
190.17,-1.7858471079980342e-11,1.913150363731498e-11
190.18,-1.732326277684061e-11,1.8982802850956314e-11
190.19,-1.6787475667263424e-11,1.88320272849235e-11
190.2,-1.6251168796062354e-11,1.8679196063496408e-11
190.21,-1.5714400157219327e-11,1.852432802620514e-11
190.22,-1.5177228018006784e-11,1.8367442376580404e-11
190.23,-1.463971036155717e-11,1.820855866865373e-11
190.24,-1.4101907108337358e-11,1.804769702626735e-11
190.25,-1.3563874838328018e-11,1.7884876965406723e-11
190.26,-1.3025671674280253e-11,1.7720118647250714e-11
190.27,-1.2487356148944198e-11,1.7553442584014473e-11
190.28,-1.1948985743213819e-11,1.7384869304441064e-11
190.29,-1.1410618054336602e-11,1.7214419468739045e-11
190.3,-1.0872311246438327e-11,1.7042113918551424e-11
190.31,-1.0334121976653528e-11,1.6867974445781112e-11
190.32,-9.796108028806736e-12,1.6692021775283953e-11
190.33,-9.258326638186046e-12,1.6514277441398038e-11
190.34,-8.720834861941202e-12,1.633476350530509e-11
190.35,-8.18368906638559e-12,1.6153501502761567e-11
190.36,-7.646946668758534e-12,1.597051389260791e-11
190.37,-7.1106638038972595e-12,1.5785822719596177e-11
190.38,-6.57489702233884e-12,1.5599450323673016e-11
190.39,-6.039702391110161e-12,1.5411419655989433e-11
190.4,-5.5051360418767655e-12,1.5221753391902423e-11
190.41,-4.971253865093928e-12,1.5030474528918714e-11
190.42,-4.438111668211835e-12,1.4837605784075334e-11
190.43,-3.905764436366081e-12,1.464317085490575e-11
190.44,-3.3742677077332508e-12,1.4447193113019284e-11
190.45,-2.8436765263184466e-12,1.424969619577025e-11
190.46,-2.3140459131900305e-12,1.4050703756345593e-11
190.47,-1.7854302769538557e-12,1.385023985446517e-11
190.48,-1.257883795534455e-12,1.3648328440952441e-11
190.49,-7.314610261151936e-13,1.344499371109042e-11
190.5,-2.0621564390215757e-13,1.3240260017173824e-11
190.51,3.177987300432444e-13,1.3034151891613045e-11
190.52,8.405284494437327e-13,1.282669395164005e-11
190.53,1.3619205185043799e-12,1.2617910918817045e-11
190.54,1.8819217924046143e-12,1.2407827752197551e-11
190.55,2.400479712396485e-12,1.2196469410053367e-11
190.56,2.917542056996997e-12,1.1983861026621494e-11
190.57,3.433056774394441e-12,1.1770027884446567e-11
190.58,3.946971628735094e-12,1.1554995376452812e-11
190.59,4.4592352968629284e-12,1.1338789081205714e-11
190.6,4.969796204376769e-12,1.112143443408102e-11
190.61,5.478603654095717e-12,1.09029573335801e-11
190.62,5.985607165790446e-12,1.0683383425847973e-11
190.63,6.490755837186273e-12,1.046273882300179e-11
190.64,6.994000180033875e-12,1.0241049375281633e-11
190.65,7.495289806154464e-12,1.0018341410008021e-11
190.66,7.994575765209505e-12,9.794640924909001e-12
190.67,8.491808573844053e-12,9.569974423591675e-12
190.68,8.986939766117216e-12,9.344368202593095e-12
190.69,9.479920380976844e-12,9.11784891919429e-12
190.7,9.970702652311421e-12,8.890442945522709e-12
190.71,1.0459239042895496e-11,8.662176892672671e-12
190.72,1.0945481243949108e-11,8.43307768402689e-12
190.73,1.1429383127008635e-11,8.203171944746113e-12
190.74,1.1910897073792366e-11,7.972486725883162e-12
190.75,1.2389977187075143e-11,7.741048756329278e-12
190.76,1.2866577393556077e-11,7.508885079632834e-12
190.77,1.3340651306708107e-11,7.276022965284485e-12
190.78,1.3812155291314612e-11,7.042489068257372e-12
190.79,1.4281043255922016e-11,6.808310828850343e-12
190.8,1.474726991881299e-11,6.573515697908907e-12
190.81,1.5210792303181366e-11,6.338130609986074e-12
190.82,1.567156590460664e-11,6.10218295513679e-12
190.83,1.6129547991526763e-11,5.865700017209373e-12
190.84,1.6584695187553435e-11,5.628709286298055e-12
190.85,1.7036964907065783e-11,5.391238045000244e-12
190.86,1.748631496680547e-11,5.153313928531775e-12
190.87,1.7932703041861904e-11,4.9149641946449784e-12
190.88,1.8376088562104122e-11,4.676216496830085e-12
190.89,1.8816430032164085e-11,4.437098339332545e-12
190.9,1.9253686324951506e-11,4.197637429070909e-12
190.91,1.9687819338728296e-11,3.957860744462984e-12
190.92,2.0118787113885366e-11,3.717796422500316e-12
190.93,2.0546551241714892e-11,3.4774717879679334e-12
190.94,2.097107289210256e-11,3.2369146418678925e-12
190.95,2.1392313304390275e-11,2.9961521439787083e-12
190.96,2.1810234260700064e-11,2.755212477863268e-12
190.97,2.2224798809096676e-11,2.5141227859379112e-12
190.98,2.2635969325762468e-11,2.2729107594707906e-12
190.99,2.3043709872236437e-11,2.0316037960354507e-12
191.0,2.3447982945876338e-11,1.7902297929075771e-12
191.01,2.384875371778424e-11,1.5488159980153172e-12
191.02,2.424598642546237e-11,1.3073901103579645e-12
191.03,2.463964626096827e-11,1.0659794537816308e-12
191.04,2.5029698753346923e-11,8.246118627026333e-13
191.05,2.5416110155327773e-11,5.833140159168482e-13
191.06,2.57988466809335e-11,3.421139721978603e-13
191.07,2.6177875497914524e-11,1.0103886384191064e-13
191.08,2.6553163369424036e-11,-1.3988379350146335e-13
191.09,2.692467949844601e-11,-3.8062696597036253e-13
191.1,2.7292391155577962e-11,-6.211632945295191e-13
191.11,2.765626760927575e-11,-8.614655755524658e-13
191.12,2.801627789763433e-11,-1.1015066448818893e-12
191.13,2.8372391801396564e-11,-1.3412593290818676e-12
191.14,2.8724580287041194e-11,-1.5806968467411088e-12
191.15,2.9072812921721005e-11,-1.819791892872556e-12
191.16,2.9417062804331064e-11,-2.0585179289554044e-12
191.17,2.9757300375041216e-11,-2.2968480118973524e-12
191.18,3.00934973739649e-11,-2.5347549324015595e-12
191.19,3.0425627497117054e-11,-2.772212372812422e-12
191.2,3.075366374961624e-11,-3.0091936697703474e-12
191.21,3.1077579875436484e-11,-3.245672343918899e-12
191.22,3.139734980565772e-11,-3.4816216252718395e-12
191.23,3.171294864724526e-11,-3.717015466746534e-12
191.24,3.202435157003797e-11,-3.951827199887836e-12
191.25,3.233153424575024e-11,-4.186031207660205e-12
191.26,3.2634472564821454e-11,-4.419600720887245e-12
191.27,3.293314400992565e-11,-4.6525100756406994e-12
191.28,3.322752515898331e-11,-4.884733140016193e-12
191.29,3.351759415309727e-11,-5.116244262562318e-12
191.3,3.380332903532271e-11,-5.347017645118529e-12
191.31,3.4084708761192044e-11,-5.577027686148642e-12
191.32,3.436171210771715e-11,-5.806248697077999e-12
191.33,3.463432008050389e-11,-6.034655798885306e-12
191.34,3.4902511768558276e-11,-6.26222310491575e-12
191.35,3.516626838579113e-11,-6.488925554905836e-12
191.36,3.542557185963296e-11,-6.71473874857588e-12
191.37,3.568040338834035e-11,-6.939637028361831e-12
191.38,3.5930745459252514e-11,-7.1635959062227674e-12
191.39,3.617658137585315e-11,-7.386590705270054e-12
191.4,3.641789419834404e-11,-7.608596807135406e-12
191.41,3.6654668208543565e-11,-7.82959008647517e-12
191.42,3.6886887462817635e-11,-8.049545916931106e-12
191.43,3.7114537241019076e-11,-8.268440392845864e-12
191.44,3.7337603167483695e-11,-8.48624948900353e-12
191.45,3.755607099998622e-11,-8.702949420078802e-12
191.46,3.7769927635025037e-11,-8.918516441050484e-12
191.47,3.7979159974957987e-11,-9.132927135474912e-12
191.48,3.818375550569916e-11,-9.346157903954166e-12
191.49,3.8383702587257146e-11,-9.558185700152539e-12
191.5,3.857898994859792e-11,-9.768987415851893e-12
191.51,3.8769606665638266e-11,-9.978540145791133e-12
191.52,3.8955542487248374e-11,-1.0186821104180557e-11
191.53,3.913678759313191e-11,-1.0393807719668814e-11
191.54,3.931333290458603e-11,-1.059947764865063e-11
191.55,3.9485169569392056e-11,-1.0803808559978841e-11
191.56,3.9652289654009624e-11,-1.1006778522089084e-11
191.57,3.981468506571291e-11,-1.1208365439794965e-11
191.58,3.9972349451326064e-11,-1.1408547776453166e-11
191.59,4.0125274904700186e-11,-1.1607303754763376e-11
191.6,4.027345674577551e-11,-1.180461229074573e-11
191.61,4.0416888497825954e-11,-1.2000452010319924e-11
191.62,4.0555565956258896e-11,-1.2194802090659628e-11
191.63,4.068948314309244e-11,-1.2387641530904144e-11
191.64,4.081863742767258e-11,-1.2578949856592993e-11
191.65,4.094302518445803e-11,-1.2768706849758188e-11
191.66,4.1062642579308644e-11,-1.2956891767354716e-11
191.67,4.117748806767768e-11,-1.314348481112285e-11
191.68,4.1287559820988183e-11,-1.3328466524706942e-11
191.69,4.139285519634369e-11,-1.3511816655855048e-11
191.7,4.1493374699337884e-11,-1.3693516260543957e-11
191.71,4.1589117096916845e-11,-1.3873545856336767e-11
191.72,4.16800833031338e-11,-1.4051886722640603e-11
191.73,4.176627354477e-11,-1.4228519690775929e-11
191.74,4.184768831297109e-11,-1.44034263895616e-11
191.75,4.192433025110427e-11,-1.4576588379324696e-11
191.76,4.1996201330664385e-11,-1.47479874398929e-11
191.77,4.206330381912324e-11,-1.4917605683995812e-11
191.78,4.212564155470917e-11,-1.5085425487225836e-11
191.79,4.2183217954136486e-11,-1.5251429220163784e-11
191.8,4.2236036061507464e-11,-1.54155991763555e-11
191.81,4.228410354287291e-11,-1.5577919293014428e-11
191.82,4.232742297192896e-11,-1.573837201674661e-11
191.83,4.23660008196204e-11,-1.5896940770882896e-11
191.84,4.239984334046267e-11,-1.6053609233710975e-11
191.85,4.242895755659001e-11,-1.620836152475113e-11
191.86,4.2453349764522115e-11,-1.6361181210712867e-11
191.87,4.247302833333417e-11,-1.651205288537497e-11
191.88,4.2488001718042645e-11,-1.6660961220692566e-11
191.89,4.249827823860109e-11,-1.6807890870086492e-11
191.9,4.250386639862127e-11,-1.6952826816395282e-11
191.91,4.250477686294706e-11,-1.709575430970913e-11
191.92,4.2501019188100634e-11,-1.723665898698565e-11
191.93,4.249260390948255e-11,-1.7375526509168795e-11
191.94,4.247954284915462e-11,-1.7512342743395583e-11
191.95,4.2461846669337795e-11,-1.7647094105408677e-11
191.96,4.243952771851278e-11,-1.7779767016335496e-11
191.97,4.2412598746811834e-11,-1.7910348297648943e-11
191.98,4.238107258912518e-11,-1.8038825170258634e-11
191.99,4.234496177421149e-11,-1.816518369424838e-11
192.0,4.230428136285158e-11,-1.8289412613909138e-11
192.01,4.225904533494066e-11,-1.8411499198914807e-11
192.02,4.220926845823697e-11,-1.853143122239994e-11
192.03,4.2154966080007185e-11,-1.8649197671197336e-11
192.04,4.209615374868716e-11,-1.876478630529728e-11
192.05,4.2032847756640115e-11,-1.887818609576225e-11
192.06,4.196506470204977e-11,-1.898938604248337e-11
192.07,4.1892821525667215e-11,-1.9098375704184387e-11
192.08,4.1816136081540986e-11,-1.9205143925468502e-11
192.09,4.173502578529178e-11,-1.9309681094984706e-11
192.1,4.164950942577166e-11,-1.9411977118576148e-11
192.11,4.155960611295449e-11,-1.951202249890197e-11
192.12,4.146533413318202e-11,-1.9609807318883153e-11
192.13,4.136671354664637e-11,-1.970532273690095e-11
192.14,4.126376485284927e-11,-1.979855992310471e-11
192.15,4.1156508316491604e-11,-1.9889510098840758e-11
192.16,4.104496451499931e-11,-1.9978165150254284e-11
192.17,4.092915571266365e-11,-2.0064516723269857e-11
192.18,4.0809102923664004e-11,-2.0148557130167736e-11
192.19,4.0684828410598036e-11,-2.0230278798289523e-11
192.2,4.055635572353527e-11,-2.03096746258578e-11
192.21,4.042370495576436e-11,-2.0386736773915212e-11
192.22,4.028690288387657e-11,-2.046145967183753e-11
192.23,4.014597159959688e-11,-2.053383621380972e-11
192.24,4.0000935487496756e-11,-2.0603860206980853e-11
192.25,3.985181914826416e-11,-2.0671525877512976e-11
192.26,3.9698647643218045e-11,-2.073682743449563e-11
192.27,3.954144574598367e-11,-2.0799759556494105e-11
192.28,3.938024038749382e-11,-2.0860317208204567e-11
192.29,3.9215056635856216e-11,-2.0918495603921138e-11
192.3,3.9045920801665077e-11,-2.097428971869986e-11
192.31,3.887286021472771e-11,-2.1027695791739783e-11
192.32,3.869590142671271e-11,-2.1078709486257446e-11
192.33,3.85150731083407e-11,-2.112732734805063e-11
192.34,3.8330402412412224e-11,-2.1173545664936458e-11
192.35,3.814191707342921e-11,-2.1217361116313104e-11
192.36,3.7949646313107e-11,-2.125877122672797e-11
192.37,3.775361936634953e-11,-2.129777308117497e-11
192.38,3.7553864848675e-11,-2.1334364289167738e-11
192.39,3.735041328417627e-11,-2.1368542972050254e-11
192.4,3.714329307857367e-11,-2.1400306810541836e-11
192.41,3.69325356325546e-11,-2.1429654716320243e-11
192.42,3.671817159147047e-11,-2.1456585312347696e-11
192.43,3.650023139358929e-11,-2.1481097550796447e-11
192.44,3.62787465471408e-11,-2.150319068807769e-11
192.45,3.6053748536149644e-11,-2.1522864323775442e-11
192.46,3.582526926544758e-11,-2.1540118297547934e-11
192.47,3.559334098990391e-11,-2.155495269112837e-11
192.48,3.53579957251466e-11,-2.1567367735794695e-11
192.49,3.5119266730359264e-11,-2.1577364253477768e-11
192.5,3.4877186836527764e-11,-2.1584943083740768e-11
192.51,3.463178952404133e-11,-2.1590105445849047e-11
192.52,3.43831082276347e-11,-2.1592852734853826e-11
192.53,3.4131176760967496e-11,-2.159318665537967e-11
192.54,3.3876029945125006e-11,-2.1591109444867628e-11
192.55,3.361770143988956e-11,-2.15866231453794e-11
192.56,3.3356226104498826e-11,-2.1579730282715545e-11
192.57,3.309163965783392e-11,-2.157043378045307e-11
192.58,3.2823976475527035e-11,-2.1558736647057638e-11
192.59,3.255327238450608e-11,-2.15446421991225e-11
192.6,3.227956295144883e-11,-2.1528154173179686e-11
192.61,3.2002884831956233e-11,-2.150927642449922e-11
192.62,3.1723273223522584e-11,-2.1488012854964205e-11
192.63,3.144076532128934e-11,-2.1464368246375097e-11
192.64,3.1155397338672356e-11,-2.143834693683578e-11
192.65,3.0867206502365794e-11,-2.140995422738315e-11
192.66,3.057623047971788e-11,-2.1379194970084437e-11
192.67,3.0282505820523446e-11,-2.134607480842059e-11
192.68,2.998607017300514e-11,-2.1310599406841988e-11
192.69,2.9686961281469406e-11,-2.127277475730333e-11
192.7,2.938521782858745e-11,-2.1232607068101227e-11
192.71,2.9080877142163613e-11,-2.1190102982702963e-11
192.72,2.8773978083368167e-11,-2.1145269164599118e-11
192.73,2.8464559434193856e-11,-2.109811258621495e-11
192.74,2.8152659408952057e-11,-2.1048640597585096e-11
192.75,2.7838317331471824e-11,-2.0996860680823678e-11
192.76,2.7521572007561564e-11,-2.0942780623313262e-11
192.77,2.720246324881168e-11,-2.088640845783222e-11
192.78,2.6881030187183223e-11,-2.0827752529649206e-11
192.79,2.655731223513116e-11,-2.076682106423787e-11
192.8,2.6231349593518193e-11,-2.070362332014594e-11
192.81,2.5903181679507748e-11,-2.0638167918012612e-11
192.82,2.5572849389905006e-11,-2.0570464351968843e-11
192.83,2.5240392505330483e-11,-2.0500522136958538e-11
192.84,2.4905850948590286e-11,-2.0428350806113106e-11
192.85,2.45692662931869e-11,-2.035396086544538e-11
192.86,2.4230677689234458e-11,-2.0277361660679238e-11
192.87,2.3890126938964656e-11,-2.0198564480599588e-11
192.88,2.3547655719069078e-11,-2.011757986605312e-11
192.89,2.320330348709454e-11,-2.003441863736038e-11
192.9,2.2857111916186105e-11,-1.9949091988002688e-11
192.91,2.2509122288835862e-11,-1.986161138845105e-11
192.92,2.2159376190908312e-11,-1.9771988874121213e-11
192.93,2.18079145323773e-11,-1.9680235271099945e-11
192.94,2.145477906980689e-11,-1.9586363677962185e-11
192.95,2.110001168292175e-11,-1.9490386109604325e-11
192.96,2.074365423460157e-11,-1.9392315076434987e-11
192.97,2.0385746885052895e-11,-1.9292163501795053e-11
192.98,2.002633320249673e-11,-1.918994417446923e-11
192.99,1.9665454956063596e-11,-1.9085670740209463e-11
193.0,1.9303153469332077e-11,-1.8979356221546464e-11
193.01,1.893947165602469e-11,-1.8871014625791914e-11
193.02,1.8574450020508703e-11,-1.876065931636998e-11
193.03,1.820813223818854e-11,-1.8648304836030374e-11
193.04,1.784056020206826e-11,-1.8533965440975372e-11
193.05,1.7471775463598637e-11,-1.8417655181943784e-11
193.06,1.710182173705011e-11,-1.8299389843139505e-11
193.07,1.6730739694343817e-11,-1.8179183510466403e-11
193.08,1.6358572498618998e-11,-1.8057051369849555e-11
193.09,1.598536234657195e-11,-1.7933008869329075e-11
193.1,1.5611152033864274e-11,-1.780707162152091e-11
193.11,1.523598317469966e-11,-1.7679255226526287e-11
193.12,1.4859898668015867e-11,-1.7549575738643343e-11
193.13,1.4482941029275718e-11,-1.7418049204319115e-11
193.14,1.4105152580605914e-11,-1.7284691774427377e-11
193.15,1.3726575453428377e-11,-1.7149520494677317e-11
193.16,1.3347252310207502e-11,-1.7012551528516458e-11
193.17,1.296722559921959e-11,-1.687380200244925e-11
193.18,1.2586537550427211e-11,-1.6733288836644914e-11
193.19,1.2205230676659694e-11,-1.6591029456471392e-11
193.2,1.1823346922529554e-11,-1.64470410989597e-11
193.21,1.1440929223556826e-11,-1.6301341441459553e-11
193.22,1.1058018732819554e-11,-1.615394836533327e-11
193.23,1.0674658557681816e-11,-1.6004879680762366e-11
193.24,1.0290891065649601e-11,-1.5854153569753197e-11
193.25,9.906757814507243e-12,-1.5701788338210442e-11
193.26,9.522301128250677e-12,-1.554780251076482e-11
193.27,9.137562849376578e-12,-1.5392214519378648e-11
193.28,8.752585024545531e-12,-1.5235043358466818e-11
193.29,8.367409523007261e-12,-1.5076307709881838e-11
193.3,7.982078136059474e-12,-1.491602706841281e-11
193.31,7.596632743876752e-12,-1.475422039023487e-11
193.32,7.211114759544448e-12,-1.4590907211554597e-11
193.33,6.825566050618262e-12,-1.4426107013599606e-11
193.34,6.440027819149931e-12,-1.4259839524746273e-11
193.35,6.054541254047972e-12,-1.4092124562517542e-11
193.36,5.6691484349663925e-12,-1.39229823119354e-11
193.37,5.283889998497011e-12,-1.3752432820779404e-11
193.38,4.898806985638425e-12,-1.3580496271397859e-11
193.39,4.5139403228316105e-12,-1.3407193072700916e-11
193.4,4.129331435010097e-12,-1.3232543995753743e-11
193.41,3.745020773681971e-12,-1.305656947721059e-11
193.42,3.3610481522969172e-12,-1.2879290380493213e-11
193.43,2.977455234476918e-12,-1.270072774099623e-11
193.44,2.594281980712938e-12,-1.2520902572353643e-11
193.45,2.2115684013880752e-12,-1.2339835991077959e-11
193.46,1.8293549903387846e-12,-1.2157549423042349e-11
193.47,1.447681315532105e-12,-1.1974064181104374e-11
193.48,1.0665874465145018e-12,-1.1789401801832768e-11
193.49,6.861128910986994e-13,-1.1603583955540827e-11
193.5,3.06297279794633e-13,-1.1416632461255777e-11
193.51,-7.282022412644005e-14,-1.1228569017197761e-11
193.52,-4.5120017226897277e-13,-1.1039415696927906e-11
193.53,-8.288042201730114e-13,-1.0849194457561704e-11
193.54,-1.205592414337095e-12,-1.0657927670704461e-11
193.55,-1.5815268416763382e-12,-1.0465637415916814e-11
193.56,-1.9565691698985138e-12,-1.027234605146951e-11
193.57,-2.330680418417749e-12,-1.0078076042408364e-11
193.58,-2.7038228428328578e-12,-9.882849941567838e-12
193.59,-3.075958663563003e-12,-9.686690220679648e-12
193.6,-3.4470497822221158e-12,-9.489619901597991e-12
193.61,-3.817058865184456e-12,-9.291661523984453e-12
193.62,-4.185948543689223e-12,-9.092838004726833e-12
193.63,-4.553681624491214e-12,-8.893171919754375e-12
193.64,-4.920221031214234e-12,-8.692686917953021e-12
193.65,-5.285530352155233e-12,-8.491405640661302e-12
193.66,-5.649572816869437e-12,-8.289351225998561e-12
193.67,-6.012312152065422e-12,-8.086547161691103e-12
193.68,-6.373712926028924e-12,-7.88301623444491e-12
193.69,-6.733737771955446e-12,-7.678782380863998e-12
193.7,-7.092352751968018e-12,-7.473868631893823e-12
193.71,-7.449520840404946e-12,-7.268298261393334e-12
193.72,-7.805208357382626e-12,-7.062094903299801e-12
193.73,-8.159379267707322e-12,-6.855282290096299e-12
193.74,-8.511999731671872e-12,-6.6478837196545495e-12
193.75,-8.863034931031262e-12,-6.439922930664669e-12
193.76,-9.212450445668529e-12,-6.2314235985951236e-12
193.77,-9.56021212586725e-12,-6.022409583455711e-12
193.78,-9.906287943880509e-12,-5.8129039051682106e-12
193.79,-1.0250642666971952e-11,-5.60293106531658e-12
193.8,-1.059324360704198e-11,-5.392514711984557e-12
193.81,-1.093405822328909e-11,-5.181678468142798e-12
193.82,-1.1273053022431972e-11,-4.970446474706904e-12
193.83,-1.16101965638319e-11,-4.758842212286449e-12
193.84,-1.1945456363075816e-11,-4.546889783833476e-12
193.85,-1.2278800472027473e-11,-4.334613154044149e-12
193.86,-1.2610197117559466e-11,-4.1220360310449715e-12
193.87,-1.2939616025140076e-11,-3.909182490590798e-12
193.88,-1.3267025278262251e-11,-3.6960764010566304e-12
193.89,-1.3592394350939723e-11,-3.482741751603126e-12
193.9,-1.3915692409411795e-11,-3.269202171641261e-12
193.91,-1.4236890817393908e-11,-3.05548230576141e-12
193.92,-1.455595816514695e-11,-2.8416054047888295e-12
193.93,-1.487286538455816e-11,-2.627595633129164e-12
193.94,-1.5187583395586018e-11,-2.4134769360066863e-12
193.95,-1.550008381999872e-11,-2.199272894939167e-12
193.96,-1.5810336304694265e-11,-1.9850081640407976e-12
193.97,-1.6118313824587673e-11,-1.7707059425806046e-12
193.98,-1.6423988383098353e-11,-1.5563902541858222e-12
193.99,-1.6727331664401398e-11,-1.3420852280209297e-12
194.0,-1.7028317064021982e-11,-1.1278140315712962e-12
194.01,-1.7326916762342797e-11,-9.136009805381055e-13
194.02,-1.7623104315685866e-11,-6.994696742706796e-13
194.03,-1.791685284531251e-11,-4.854439634333977e-13
194.04,-1.820813758141567e-11,-2.715470704598811e-13
194.05,-1.849693063625496e-11,-5.780344832452917e-14
194.06,-1.878320795811308e-11,1.5576394565460279e-13
194.07,-1.906694410858151e-11,3.6913135721258124e-13
194.08,-1.934811400566813e-11,5.822752520258724e-13
194.09,-1.962669360802153e-11,7.95172187386362e-13
194.1,-1.9902658326749958e-11,1.0077987024001575e-12
194.11,-2.0175984595281785e-11,1.2201314605999728e-12
194.12,-2.044664880656064e-11,1.432147114616081e-12
194.13,-2.07146279929418e-11,1.6438225047262505e-12
194.14,-2.0979898969397304e-11,1.855134228626675e-12
194.15,-2.1242439447799603e-11,2.0660592806271948e-12
194.16,-2.150222763593073e-11,2.276574748200967e-12
194.17,-2.1759241523850318e-11,2.486657451566934e-12
194.18,-2.201345917587321e-11,2.696284410955986e-12
194.19,-2.226486026699425e-11,2.9054329441765255e-12
194.2,-2.2513423789729804e-11,3.1140802249705944e-12
194.21,-2.2759129322226038e-11,3.3222034521302103e-12
194.22,-2.3001956986148984e-11,3.529780232645949e-12
194.23,-2.3241887133677475e-11,3.7367877603548595e-12
194.24,-2.347890016376095e-11,3.943203850323788e-12
194.25,-2.371297724340091e-11,4.149005763558667e-12
194.26,-2.3944099947751972e-11,4.354171685381373e-12
194.27,-2.4172249827420923e-11,4.558679094428105e-12
194.28,-2.4397408950799777e-11,4.7625060636859914e-12
194.29,-2.4619560149981454e-11,4.9656306214300844e-12
194.3,-2.483868616584184e-11,5.1680309755304545e-12
194.31,-2.505477043643086e-11,5.369685173491777e-12
194.32,-2.526779549738771e-11,5.570571422139996e-12
194.33,-2.5477746434914518e-11,5.770668513745477e-12
194.34,-2.5684606976481613e-11,5.969954631373033e-12
194.35,-2.58883624685696e-11,6.1684086980187e-12
194.36,-2.6088997059649626e-11,6.366009410963927e-12
194.37,-2.6286496453690372e-11,6.562735458875383e-12
194.38,-2.648084650328957e-11,6.7585660613724414e-12
194.39,-2.667203383121869e-11,6.953480305450838e-12
194.4,-2.686004436458297e-11,7.147457460987551e-12
194.41,-2.7044865219577667e-11,7.340476706083664e-12
194.42,-2.722648369168915e-11,7.532517770808387e-12
194.43,-2.7404887469458447e-11,7.723560124484307e-12
194.44,-2.75800645541399e-11,7.913583605482399e-12
194.45,-2.7752003165495163e-11,8.102568047931157e-12
194.46,-2.7920692155187294e-11,8.290493462557563e-12
194.47,-2.808612084194088e-11,8.477340159867564e-12
194.48,-2.8248278851249233e-11,8.663088276202429e-12
194.49,-2.84071556241739e-11,8.847718464736163e-12
194.5,-2.8562741830692274e-11,9.031211047427444e-12
194.51,-2.871502799327058e-11,9.213546908965727e-12
194.52,-2.886400489535274e-11,9.394706896487756e-12
194.53,-2.900966445513199e-11,9.574672077906997e-12
194.54,-2.915199828926073e-11,9.753423651240247e-12
194.55,-2.9290998188736984e-11,9.930942844619492e-12
194.56,-2.9426657078172346e-11,1.0107211345361947e-11
194.57,-2.95589676881247e-11,1.0282210677238559e-11
194.58,-2.968792365139968e-11,1.0455922614336427e-11
194.59,-2.981351791255191e-11,1.0628329198661161e-11
194.6,-2.993574535233779e-11,1.079941261156737e-11
194.61,-3.0054599694901897e-11,1.0969154974276578e-11
194.62,-3.0170076625968925e-11,1.1137539205519089e-11
194.63,-3.0282169880678515e-11,1.1304547221295424e-11
194.64,-3.039087640866373e-11,1.1470162332677824e-11
194.65,-3.049619141817893e-11,1.1634367510932242e-11
194.66,-3.059811161721416e-11,1.179714591036704e-11
194.67,-3.0696632853740945e-11,1.1958480566682845e-11
194.68,-3.079175299980927e-11,1.2118355264230397e-11
194.69,-3.08834692037549e-11,1.2276753695890294e-11
194.7,-3.097177955186893e-11,1.2433659577127175e-11
194.71,-3.1056681627619765e-11,1.2589057020711866e-11
194.72,-3.1138174441585214e-11,1.2742930316816719e-11
194.73,-3.1216256610627546e-11,1.2895263884929575e-11
194.74,-3.129092764815895e-11,1.30460421690422e-11
194.75,-3.136218720977388e-11,1.3195250156409718e-11
194.76,-3.1430034768539377e-11,1.3342872724777216e-11
194.77,-3.1494471328361876e-11,1.348889508868456e-11
194.78,-3.155549732864806e-11,1.3633302651876736e-11
194.79,-3.1613114008846324e-11,1.3776080878229431e-11
194.8,-3.1667323004758936e-11,1.3917215627381391e-11
194.81,-3.171812553742476e-11,1.4056692699447372e-11
194.82,-3.17655244170838e-11,1.4194498477280729e-11
194.83,-3.180952218682236e-11,1.4330619118031716e-11
194.84,-3.185012145445022e-11,1.4465041301736562e-11
194.85,-3.188732588139187e-11,1.4597751785999527e-11
194.86,-3.192113867609024e-11,1.472873730353662e-11
194.87,-3.195156417197335e-11,1.4857985332125777e-11
194.88,-3.197860650097864e-11,1.498548300536357e-11
194.89,-3.2002271453940123e-11,1.5111218394517297e-11
194.9,-3.202256158221419e-11,1.5235178248184653e-11
194.91,-3.2039484581299256e-11,1.5357351539314145e-11
194.92,-3.2053045910374434e-11,1.5477726194003972e-11
194.93,-3.206324875722741e-11,1.5596289992151808e-11
194.94,-3.2070106106117516e-11,1.5713033106575203e-11
194.95,-3.2073618990371276e-11,1.5827942970869562e-11
194.96,-3.207379633914986e-11,1.594100914633701e-11
194.97,-3.2070645809476424e-11,1.6052220869448215e-11
194.98,-3.206417534938783e-11,1.616156757082059e-11
194.99,-3.205439251063438e-11,1.626903919733823e-11
195.0,-3.204130643497828e-11,1.6374625344611468e-11
195.01,-3.202492580891113e-11,1.6478316423972235e-11
195.02,-3.200525956858515e-11,1.6580102345543524e-11
195.03,-3.19823179134536e-11,1.6679974604187756e-11
195.04,-3.195611013494285e-11,1.6777923189688178e-11
195.05,-3.1926646500795844e-11,1.6873939429377796e-11
195.06,-3.189393752099091e-11,1.6968014565590106e-11
195.07,-3.1857994328210635e-11,1.7060140090560603e-11
195.08,-3.18188280644044e-11,1.7150307860892504e-11
195.09,-3.177644961466581e-11,1.7238509341138008e-11
195.1,-3.1730871465274194e-11,1.732473719791777e-11
195.11,-3.1682105233203994e-11,1.7408983553842264e-11
195.12,-3.163016424581919e-11,1.749124109117364e-11
195.13,-3.1575060710912307e-11,1.7571502941749717e-11
195.14,-3.151680705801779e-11,1.7649761483017035e-11
195.15,-3.1455417471534746e-11,1.7726010637619703e-11
195.16,-3.139090570892471e-11,1.780024365505357e-11
195.17,-3.1323285249490104e-11,1.7872454462605378e-11
195.18,-3.125257053994501e-11,1.794263658672697e-11
195.19,-3.1178776953103655e-11,1.801078525497843e-11
195.2,-3.110191894233987e-11,1.807689412916168e-11
195.21,-3.102201049746024e-11,1.814095782810534e-11
195.22,-3.0939068511124294e-11,1.8202971493017383e-11
195.23,-3.0853107858098775e-11,1.8262930250738136e-11
195.24,-3.076414644903657e-11,1.8320829842153762e-11
195.25,-3.0672198912881013e-11,1.8376665393150182e-11
195.26,-3.0577282196628096e-11,1.8430432859278473e-11
195.27,-3.0479413277429034e-11,1.8482128481554126e-11
195.28,-3.037860963836323e-11,1.8531748437250112e-11
195.29,-3.02748886758574e-11,1.857928957800931e-11
195.3,-3.0168267839791006e-11,1.862474794110274e-11
195.31,-3.0058765686627603e-11,1.866812136622294e-11
195.32,-2.9946400183931086e-11,1.870940672806248e-11
195.33,-2.983118976726013e-11,1.8748601488113228e-11
195.34,-2.971315387817113e-11,1.8785703603282112e-11
195.35,-2.9592311161271224e-11,1.8820710893978144e-11
195.36,-2.9468680678346486e-11,1.885362137696258e-11
195.37,-2.934228262447174e-11,1.888443363579961e-11
195.38,-2.921313672245783e-11,1.8913146426071592e-11
195.39,-2.908126345008238e-11,1.893975873013451e-11
195.4,-2.8946682530403752e-11,1.8964269318835482e-11
195.41,-2.8809414644430553e-11,1.8986677731280005e-11
195.42,-2.8669481007156732e-11,1.900698358156292e-11
195.43,-2.8526902567628942e-11,1.9025186650169245e-11
195.44,-2.83817007002511e-11,1.9041287097446887e-11
195.45,-2.8233896891695274e-11,1.905528506088873e-11
195.46,-2.808351304599549e-11,1.9067181209890627e-11
195.47,-2.7930571111995587e-11,1.9076976245310388e-11
195.48,-2.7775093510250378e-11,1.908467113453362e-11
195.49,-2.761710258903776e-11,1.9090267143866455e-11
195.5,-2.7456621219127275e-11,1.9093765701383516e-11
195.51,-2.729367187750562e-11,1.9095168512092576e-11
195.52,-2.7128278261543933e-11,1.9094477491094327e-11
195.53,-2.696046356306293e-11,1.909169476625782e-11
195.54,-2.679025116392306e-11,1.9086822701242044e-11
195.55,-2.661766486948103e-11,1.9079863947144056e-11
195.56,-2.644272875925181e-11,1.907082130821618e-11
195.57,-2.6265466793414706e-11,1.9059697666278393e-11
195.58,-2.608590374967276e-11,1.904649663440529e-11
195.59,-2.5904063468376396e-11,1.903122150311395e-11
195.6,-2.5719971622734028e-11,1.9013876050538007e-11
195.61,-2.553365269699585e-11,1.8994464377801082e-11
195.62,-2.5345131692995418e-11,1.8972990519990184e-11
195.63,-2.515443361505736e-11,1.894945892491546e-11
195.64,-2.4961584553407754e-11,1.8923874178446586e-11
195.65,-2.476660999096368e-11,1.8896240995716728e-11
195.66,-2.4569535584364217e-11,1.8866565082258417e-11
195.67,-2.4370387230979804e-11,1.8834851219851475e-11
195.68,-2.4169191534212572e-11,1.8801104680965372e-11
195.69,-2.3965974353169003e-11,1.8765331753969367e-11
195.7,-2.3760762579978673e-11,1.872753821453696e-11
195.71,-2.3553582365873328e-11,1.8687730111786058e-11
195.72,-2.3344460578760777e-11,1.8645913786294174e-11
195.73,-2.3133424545779155e-11,1.860209630084947e-11
195.74,-2.2920501615127452e-11,1.8556284129385028e-11
195.75,-2.2705717231735296e-11,1.8508484093815038e-11
195.76,-2.248910065931424e-11,1.8458703751325634e-11
195.77,-2.2270678384413382e-11,1.8406950514629702e-11
195.78,-2.2050478759561853e-11,1.8353232012270486e-11
195.79,-2.1828529172415596e-11,1.829755624452105e-11
195.8,-2.160485726126909e-11,1.823993106032956e-11
195.81,-2.1379491227218186e-11,1.818036492606725e-11
195.82,-2.11524591308571e-11,1.8118866341911312e-11
195.83,-2.092378940596578e-11,1.8055443787121512e-11
195.84,-2.0693510206422252e-11,1.7990106491509926e-11
195.85,-2.0461649956322736e-11,1.79228633297728e-11
195.86,-2.022823725732453e-11,1.7853723691241533e-11
195.87,-1.9993301117065453e-11,1.77826968188138e-11
195.88,-1.975686961270268e-11,1.7709793297359436e-11
195.89,-1.951897233712203e-11,1.7635022105854573e-11
195.9,-1.9279637498950425e-11,1.7558393666673428e-11
195.91,-1.9038894788402997e-11,1.747991828609588e-11
195.92,-1.8796773381744897e-11,1.7399606981428062e-11
195.93,-1.8553301534916262e-11,1.7317468816322316e-11
195.94,-1.830850961339777e-11,1.7233516278330177e-11
195.95,-1.806242643738696e-11,1.7147759940588815e-11
195.96,-1.7815081811422628e-11,1.7060211031209608e-11
195.97,-1.7566504601823037e-11,1.6970880765983475e-11
195.98,-1.731672492402956e-11,1.687978105661513e-11
195.99,-1.7065772222920572e-11,1.678692355906725e-11
196.0,-1.681367622672725e-11,1.6692320312431204e-11
196.01,-1.656046640684169e-11,1.6595983339214045e-11
196.02,-1.630617359619715e-11,1.6497925367949862e-11
196.03,-1.605082640515262e-11,1.6398158355364015e-11
196.04,-1.5794455498863668e-11,1.6296695740697283e-11
196.05,-1.5537090070336427e-11,1.619354964970208e-11
196.06,-1.5278761234664484e-11,1.6088733520663116e-11
196.07,-1.5019498009343255e-11,1.5982260414716443e-11
196.08,-1.475933068078168e-11,1.587414376441295e-11
196.09,-1.4498289530511384e-11,1.5764397156579006e-11
196.1,-1.4236404120504034e-11,1.5653034156073574e-11
196.11,-1.397370568806456e-11,1.554006889071238e-11
196.12,-1.371022353116555e-11,1.5425515222843334e-11
196.13,-1.3445987622680034e-11,1.5309387354595098e-11
196.14,-1.3181028407232015e-11,1.519169976044352e-11
196.15,-1.291537673704153e-11,1.5072466803798305e-11
196.16,-1.26490618755839e-11,1.4951703262007535e-11
196.17,-1.2382114251548386e-11,1.4829423895346016e-11
196.18,-1.2114564172447939e-11,1.470564372915246e-11
196.19,-1.1846441961190178e-11,1.4580377938120833e-11
196.2,-1.1577777167715598e-11,1.4453641623154759e-11
196.21,-1.1308600585242062e-11,1.4325450292452262e-11
196.22,-1.1038942382543733e-11,1.4195819624917026e-11
196.23,-1.076883275427005e-11,1.406476511389198e-11
196.24,-1.0498300950236755e-11,1.3932302866696213e-11
196.25,-1.0227377954810517e-11,1.379844867038579e-11
196.26,-9.956093530968465e-12,1.3663218687591576e-11
196.27,-9.684477781462974e-12,1.3526629107068756e-11
196.28,-9.412560405505659e-12,1.3388696438620955e-11
196.29,-9.140371815512858e-12,1.3249437144225264e-11
196.3,-8.867941832969253e-12,1.310886784886868e-11
196.31,-8.595300246655622e-12,1.2967005395523101e-11
196.32,-8.322476959424531e-12,1.2823866643211964e-11
196.33,-8.049501711429942e-12,1.2679468628760757e-11
196.34,-7.776404174988372e-12,1.2533828433464604e-11
196.35,-7.503213906473233e-12,1.2386963393515517e-11
196.36,-7.22996093884662e-12,1.2238890832779393e-11
196.37,-6.956674415755527e-12,1.2089628183724388e-11
196.38,-6.68338440915598e-12,1.19391932305796e-11
196.39,-6.4101196537854305e-12,1.1787603519171066e-11
196.4,-6.13691008038148e-12,1.163487701427483e-11
196.41,-5.8637846065918e-12,1.1481031510541512e-11
196.42,-5.590772891219473e-12,1.1326085172181244e-11
196.43,-5.317903489291945e-12,1.1170055995676232e-11
196.44,-5.0452057397835856e-12,1.1012962303734953e-11
196.45,-4.7727088211937275e-12,1.0854822407671942e-11
196.46,-4.500441058405192e-12,1.0695654715104874e-11
196.47,-4.228431888955608e-12,1.053547782629126e-11
196.48,-3.956709314232544e-12,1.0374310176226767e-11
196.49,-3.6853026026742975e-12,1.021217069267918e-11
196.5,-3.4142402240528745e-12,1.0049078134635221e-11
196.51,-3.143549856898454e-12,9.885051119495048e-12
196.52,-2.873260460354738e-12,9.720108871220548e-12
196.53,-2.603399786548441e-12,9.554270191659168e-12
196.54,-2.3339962539486587e-12,9.387554511180614e-12
196.55,-2.0650775264079972e-12,9.219980797713759e-12
196.56,-1.7966718696948615e-12,9.051568357578673e-12
196.57,-1.5288066190558901e-12,8.882336546316753e-12
196.58,-1.261509688341488e-12,8.712304837594891e-12
196.59,-9.948080064269697e-13,8.541492610995256e-12
196.6,-7.287296098330456e-13,8.369919381786542e-12
196.61,-4.633015170007699e-13,8.197604855008451e-12
196.62,-1.9855014405275942e-13,8.024568494099274e-12
196.63,6.549673518921007e-14,7.850830266251396e-12
196.64,3.288128100119809e-13,7.676409719899684e-12
196.65,5.913710321553496e-13,7.501326847965936e-12
196.66,8.531451556064046e-13,7.325601483233341e-12
196.67,1.1141087280190152e-12,7.149253504848522e-12
196.68,1.3742355745405711e-12,6.972303014384849e-12
196.69,1.6334990517462703e-12,6.794769949590295e-12
196.7,1.891874048458907e-12,6.616674320217275e-12
196.71,2.1493344042652153e-12,6.438036377366591e-12
196.72,2.405854026182121e-12,6.258876280091518e-12
196.73,2.661409215886176e-12,6.079213687903817e-12
196.74,2.9159727446727918e-12,5.899069526527604e-12
196.75,3.169520359146552e-12,5.718463643088426e-12
196.76,3.4220268606503352e-12,5.537416381561693e-12
196.77,3.673467736229124e-12,5.355948076558878e-12
196.78,3.923817632649849e-12,5.174079118242674e-12
196.79,4.173053019128603e-12,4.9918297390552324e-12
196.8,4.421149225278734e-12,4.80922016995103e-12
196.81,4.668082261224041e-12,4.6262708867874105e-12
196.82,4.913828316591768e-12,4.443002592946775e-12
196.83,5.158363164663284e-12,4.259435406786149e-12
196.84,5.401663867585956e-12,4.075589690308524e-12
196.85,5.6437068174060476e-12,3.891485946610496e-12
196.86,5.884469279554553e-12,3.707144786605507e-12
196.87,6.123927156094211e-12,3.5225862310207557e-12
196.88,6.362058687579289e-12,3.337831112721072e-12
196.89,6.598841066430453e-12,3.1528997627475373e-12
196.9,6.834251051777236e-12,2.96781220539852e-12
196.91,7.068269023590815e-12,2.7825898622125613e-12
196.92,7.300870481081877e-12,2.59725233485457e-12
196.93,7.532034310454096e-12,2.411820128406023e-12
196.94,7.761739069428636e-12,2.226313842311156e-12
196.95,7.989963247607318e-12,2.0407539645342952e-12
196.96,8.216686413145272e-12,1.8551602666873265e-12
196.97,8.4418866880304e-12,1.6695536190174628e-12
196.98,8.665543752341292e-12,1.4839544180447826e-12
196.99,8.887637361420998e-12,1.2983826535432347e-12
197.0,9.108146650930086e-12,1.1128588810770249e-12
197.01,9.327051894000993e-12,9.274031508945103e-13
197.02,9.544333113541398e-12,7.420358215364776e-13
197.03,9.759970698726305e-12,5.567770041091013e-13
197.04,9.973945516013469e-12,3.7164688252584653e-13
197.05,1.0186238017067441e-11,1.8666557517387749e-13
197.06,1.039682932372995e-11,1.8531953399565265e-15
197.07,1.0605700833045818e-11,-1.8277033895944905e-13
197.08,1.0812834428710984e-11,-3.671849358701821e-13
197.09,1.1018210380937935e-11,-5.513703861123812e-13
197.1,1.122181208071626e-11,-7.353072183331463e-13
197.11,1.1423621283519175e-11,-9.189753387330732e-13
197.12,1.1623620587941709e-11,-1.1023550051980105e-12
197.13,1.1821792026978495e-11,-1.2854263148532e-12
197.14,1.2018119398296464e-11,-1.4681697926513471e-12
197.15,1.2212585144157903e-11,-1.6505659530276167e-12
197.16,1.2405173302407224e-11,-1.8325944636737375e-12
197.17,1.2595866134588503e-11,-2.014236379655858e-12
197.18,1.278464991067715e-11,-2.1954725518211375e-12
197.19,1.2971506595337902e-11,-2.376282967876157e-12
197.2,1.3156421215872693e-11,-2.556648523923583e-12
197.21,1.3339378593537746e-11,-2.7365501121226143e-12
197.22,1.3520363115708302e-11,-2.915968235403816e-12
197.23,1.3699360332820978e-11,-3.0948841420102142e-12
197.24,1.38763556976198e-11,-3.2732787175935916e-12
197.25,1.405133421042945e-11,-3.4511327667774144e-12
197.26,1.4224282257885531e-11,-3.6284278876742844e-12
197.27,1.4395185521543924e-11,-3.805144616010925e-12
197.28,1.456403067321311e-11,-3.9812648026688234e-12
197.29,1.4730804630598147e-11,-4.156769767161354e-12
197.3,1.4895493155787595e-11,-4.331640791035408e-12
197.31,1.5058084210395977e-11,-4.5058595039420165e-12
197.32,1.521856524157102e-11,-4.679407610407756e-12
197.33,1.537692367550156e-11,-4.852266904320967e-12
197.34,1.553314746283759e-11,-5.024419132065033e-12
197.35,1.5687224344480458e-11,-5.1958461507612535e-12
197.36,1.583914364484894e-11,-5.366530296242975e-12
197.37,1.5988893210771887e-11,-5.536453410506324e-12
197.38,1.6136462297400687e-11,-5.70559794439751e-12
197.39,1.6281839948384983e-11,-5.873946084155825e-12
197.4,1.642501567577239e-11,-6.041480340482053e-12
197.41,1.6565979463278793e-11,-6.208183461230198e-12
197.42,1.6704721168919958e-11,-6.374038017528734e-12
197.43,1.6841230735830006e-11,-6.539026571041545e-12
197.44,1.6975499080053343e-11,-6.7031322307549334e-12
197.45,1.7107516327713062e-11,-6.866338055374912e-12
197.46,1.7237274587639835e-11,-7.028627127059888e-12
197.47,1.7364764002402206e-11,-7.189982715029519e-12
197.48,1.7489977507358795e-11,-7.350388273915398e-12
197.49,1.761290554674386e-11,-7.509827083817695e-12
197.5,1.7733541015953062e-11,-7.668282964951285e-12
197.51,1.7851876078240842e-11,-7.82573966597884e-12
197.52,1.796790342195816e-11,-7.982180959113197e-12
197.53,1.8081616980831905e-11,-8.1375911967834e-12
197.54,1.819300664453055e-11,-8.291953758907872e-12
197.55,1.8302069139309135e-11,-8.445253540336213e-12
197.56,1.8408797391415046e-11,-8.597474921864637e-12
197.57,1.851318484816023e-11,-8.748602331905212e-12
197.58,1.861522585390997e-11,-8.898620378333643e-12
197.59,1.8714915707331812e-11,-9.047514200404012e-12
197.6,1.8812248074102923e-11,-9.195268299682439e-12
197.61,1.890721858585283e-11,-9.341868009530794e-12
197.62,1.8999822358404667e-11,-9.4872983849906e-12
197.63,1.909005505631362e-11,-9.631545334703424e-12
197.64,1.9177912653644413e-11,-9.774594020760642e-12
197.65,1.9263390996214142e-11,-9.916429947218491e-12
197.66,1.9346486500479035e-11,-1.0057039223717356e-11
197.67,1.9427196212727865e-11,-1.0196407836865259e-11
197.68,1.9505516640824196e-11,-1.033452181724787e-11
197.69,1.9581445024705186e-11,-1.0471367543333806e-11
197.7,1.965497888858857e-11,-1.0606931332451932e-11
197.71,1.9726115401961044e-11,-1.0741199721319817e-11
197.72,1.979485379703599e-11,-1.0874159957916951e-11
197.73,1.9861191501737958e-11,-1.1005798573810285e-11
197.74,1.9925126407345403e-11,-1.1136102313511385e-11
197.75,1.998665816314803e-11,-1.1265059054204604e-11
197.76,2.0045785832778436e-11,-1.1392655730731253e-11
197.77,2.0102508251291716e-11,-1.1518880224902049e-11
197.78,2.015682536076087e-11,-1.164372007279993e-11
197.79,2.0208736494624697e-11,-1.176716322250901e-11
197.8,2.0258242627911103e-11,-1.188919787535355e-11
197.81,2.0305342515022067e-11,-1.2009811775611375e-11
197.82,2.0350038247877966e-11,-1.2128993835476822e-11
197.83,2.03923301335154e-11,-1.2246732345377544e-11
197.84,2.0432219041853267e-11,-1.2363015877268885e-11
197.85,2.0469707108819455e-11,-1.2477834227123802e-11
197.86,2.050479516211893e-11,-1.2591175430250662e-11
197.87,2.053748576748907e-11,-1.2703029413163774e-11
197.88,2.0567779997655477e-11,-1.281338496121344e-11
197.89,2.0595682402212263e-11,-1.2922232926777217e-11
197.9,2.0621192117761625e-11,-1.3029560928747065e-11
197.91,2.0644314581294156e-11,-1.3135360708292376e-11
197.92,2.0665052957637113e-11,-1.3239622005693123e-11
197.93,2.06834101890464e-11,-1.334233510334009e-11
197.94,2.0699389409665815e-11,-1.3443490327574497e-11
197.95,2.0712995339750755e-11,-1.3543078693222584e-11
197.96,2.07242316456588e-11,-1.3641090745980785e-11
197.97,2.0733102822496877e-11,-1.373751763467102e-11
197.98,2.0739613587308404e-11,-1.3832350680044966e-11
197.99,2.0743768788980412e-11,-1.392558100829154e-11
198.0,2.074557353808157e-11,-1.4017200562297507e-11
198.01,2.0745033040929105e-11,-1.410720103678148e-11
198.02,2.0742153399995063e-11,-1.4195574354563408e-11
198.03,2.0736939779070878e-11,-1.4282312542613298e-11
198.04,2.0729399100246504e-11,-1.4367408265173503e-11
198.05,2.071953684075275e-11,-1.4450853714072652e-11
198.06,2.0707360197173647e-11,-1.453264190039725e-11
198.07,2.069287525350229e-11,-1.461276550818374e-11
198.08,2.0676090281471298e-11,-1.4691217910869123e-11
198.09,2.065701156170065e-11,-1.4767992003150545e-11
198.1,2.063564683937954e-11,-1.4843081919489748e-11
198.11,2.061200349995372e-11,-1.4916480851798848e-11
198.12,2.0586090544866527e-11,-1.498818256596247e-11
198.13,2.0557914937554032e-11,-1.5058181347729292e-11
198.14,2.0527485869453734e-11,-1.512647158829991e-11
198.15,2.0494811812441314e-11,-1.5193047529230527e-11
198.16,2.0459901645456287e-11,-1.5257903949587364e-11
198.17,2.042276369877752e-11,-1.5321035460749354e-11
198.18,2.0383408492439076e-11,-1.538243729173853e-11
198.19,2.0341844988238584e-11,-1.5442104637433642e-11
198.2,2.0298082692483996e-11,-1.55000328771864e-11
198.21,2.0252132079065064e-11,-1.5556217777585842e-11
198.22,2.0204003047272738e-11,-1.5610655132695643e-11
198.23,2.015370568607421e-11,-1.5663340689337387e-11
198.24,2.01012511439302e-11,-1.5714270982488383e-11
198.25,2.0046649797072346e-11,-1.5763442259667907e-11
198.26,1.9989912746737054e-11,-1.581085109840889e-11
198.27,1.9931051492403654e-11,-1.5856494356192508e-11
198.28,1.9870077061825192e-11,-1.59003689978777e-11
198.29,1.9807001147730872e-11,-1.5942472248954223e-11
198.3,1.9741835840337454e-11,-1.5982801477704272e-11
198.31,1.967459303990483e-11,-1.6021354360116475e-11
198.32,1.9605284822292197e-11,-1.605812859588216e-11
198.33,1.9533923843875776e-11,-1.6093122166093917e-11
198.34,1.9460521784913816e-11,-1.6126333032677815e-11
198.35,1.9385092743981576e-11,-1.6157759916230225e-11
198.36,1.9307649101900382e-11,-1.618740131347779e-11
198.37,1.9228204158363675e-11,-1.6215255924435847e-11
198.38,1.914677114155468e-11,-1.6241322794608868e-11
198.39,1.9063363595824453e-11,-1.626560092595296e-11
198.4,1.8977995288821395e-11,-1.628808974644216e-11
198.41,1.8890680050593113e-11,-1.6308788927460427e-11
198.42,1.880143204515146e-11,-1.6327698103970886e-11
198.43,1.8710265880189096e-11,-1.6344817347798177e-11
198.44,1.8617195202155894e-11,-1.6360146447607998e-11
198.45,1.8522235556551223e-11,-1.6373686426245368e-11
198.46,1.84254005692202e-11,-1.6385436902904147e-11
198.47,1.8326706118867836e-11,-1.6395399256948813e-11
198.48,1.8226167396958863e-11,-1.6403574642092887e-11
198.49,1.8123799052897735e-11,-1.640996352066028e-11
198.5,1.8019616742493368e-11,-1.6414567474433012e-11
198.51,1.791363611684256e-11,-1.6417387982890345e-11
198.52,1.7805873143672687e-11,-1.6418426788916368e-11
198.53,1.7696343424437445e-11,-1.641768598341288e-11
198.54,1.7585062953306285e-11,-1.6415167098712473e-11
198.55,1.747204816228994e-11,-1.6410872882806936e-11
198.56,1.7357315385681597e-11,-1.6404805691991526e-11
198.57,1.7240881288840976e-11,-1.639696818444018e-11
198.58,1.712276291991007e-11,-1.6387363368823816e-11
198.59,1.700297551570633e-11,-1.6375993773310275e-11
198.6,1.6881537548173212e-11,-1.636286309440848e-11
198.61,1.6758465193136302e-11,-1.63479745393906e-11
198.62,1.663377649237105e-11,-1.6331331899266126e-11
198.63,1.6507488246087835e-11,-1.6312938742737256e-11
198.64,1.6379618410372327e-11,-1.629279948291946e-11
198.65,1.6250183645052012e-11,-1.627091744993237e-11
198.66,1.611920303040386e-11,-1.624729789979228e-11
198.67,1.598669338082912e-11,-1.6221944866852503e-11
198.68,1.5852673406619756e-11,-1.6194863217064927e-11
198.69,1.571716040111307e-11,-1.616605773146748e-11
198.7,1.5580173874693556e-11,-1.6135533836118217e-11
198.71,1.544173060438281e-11,-1.6103296270908456e-11
198.72,1.5301850199343555e-11,-1.6069350867593e-11
198.73,1.5160550862406736e-11,-1.6033703160966582e-11
198.74,1.5017851301491572e-11,-1.5996358926811875e-11
198.75,1.4873770533107505e-11,-1.5957324175898444e-11
198.76,1.472832688012279e-11,-1.591660507476904e-11
198.77,1.4581540121609347e-11,-1.5874208005122977e-11
198.78,1.4433428650930752e-11,-1.5830139378310395e-11
198.79,1.4284012480022342e-11,-1.578440605171381e-11
198.8,1.4133310132992088e-11,-1.573701475292685e-11
198.81,1.39813413784906e-11,-1.5687972562248303e-11
198.82,1.382812556208975e-11,-1.5637286631596397e-11
198.83,1.367368291637982e-11,-1.5584964940117122e-11
198.84,1.3518031413114034e-11,-1.553101345552878e-11
198.85,1.3361192646096358e-11,-1.547544154102511e-11
198.86,1.3203185729963208e-11,-1.5418256529307793e-11
198.87,1.3044029200191422e-11,-1.5359465505393296e-11
198.88,1.2883746806122476e-11,-1.5299079298220217e-11
198.89,1.2722355186882752e-11,-1.5237103877727373e-11
198.9,1.2559875340058167e-11,-1.517354843714821e-11
198.91,1.2396327763182732e-11,-1.5108421841817463e-11
198.92,1.2231732956262339e-11,-1.5041732940869216e-11
198.93,1.2066110280671033e-11,-1.4973490762912536e-11
198.94,1.1899480914893317e-11,-1.4903704429567304e-11
198.95,1.1731865479485055e-11,-1.4832383418210874e-11
198.96,1.1563283262199861e-11,-1.4759536894628548e-11
198.97,1.1393757379300235e-11,-1.468517526235153e-11
198.98,1.1223306111356797e-11,-1.4609307581284647e-11
198.99,1.1051950756373714e-11,-1.4531944177716008e-11
199.0,1.087971227943616e-11,-1.4453095063616917e-11
199.01,1.070661157607848e-11,-1.437277064978586e-11
199.02,1.0532669207185121e-11,-1.4290981250158613e-11
199.03,1.0357906073956374e-11,-1.4207737363029803e-11
199.04,1.0182342974124872e-11,-1.4123049850395678e-11
199.05,1.0006001438644371e-11,-1.403692947804961e-11
199.06,9.828901215508622e-12,-1.3949387177853127e-11
199.07,9.65106462485072e-12,-1.3860434355303173e-11
199.08,9.472512135435972e-12,-1.3770082024545512e-11
199.09,9.293264754439225e-12,-1.3678341743379706e-11
199.1,9.113343978747655e-12,-1.3585225153218043e-11
199.11,8.932770517002355e-12,-1.3490743859437124e-11
199.12,8.751564997775189e-12,-1.3394909485492968e-11
199.13,8.569749973584235e-12,-1.3297734404438576e-11
199.14,8.38734581549262e-12,-1.3199230416808889e-11
199.15,8.204373347485149e-12,-1.3099409933944557e-11
199.16,8.020854327734491e-12,-1.2998285244148007e-11
199.17,7.836810171593683e-12,-1.2895868849779132e-11
199.18,7.652261042134305e-12,-1.2792173271281945e-11
199.19,7.467229238677827e-12,-1.2687211395463303e-11
199.2,7.281735290243141e-12,-1.2580995933205943e-11
199.21,7.095800952683668e-12,-1.2473540016757916e-11
199.22,6.9094473187469575e-12,-1.236485667766692e-11
199.23,6.722695091319056e-12,-1.2254959114525485e-11
199.24,6.5355660722480924e-12,-1.214386076661297e-11
199.25,6.348081109159794e-12,-1.20315749311683e-11
199.26,6.160261864108379e-12,-1.1918115382348691e-11
199.27,5.972128689532773e-12,-1.1803495553207266e-11
199.28,5.78370335248584e-12,-1.1687729345087859e-11
199.29,5.5950069616434455e-12,-1.1570830724253987e-11
199.3,5.406060236207465e-12,-1.1452813603649323e-11
199.31,5.216884659422786e-12,-1.1333692131821517e-11
199.32,5.027501346681383e-12,-1.1213480609907244e-11
199.33,4.837930884882799e-12,-1.1092193179198251e-11
199.34,4.648194721717255e-12,-1.0969844372083405e-11
199.35,4.458313643798201e-12,-1.0846448661656532e-11
199.36,4.268308421433805e-12,-1.0722020588203162e-11
199.37,4.078200358812228e-12,-1.0596575118004696e-11
199.38,3.888010068770558e-12,-1.0470126841349317e-11
199.39,3.6977583605371275e-12,-1.034269047194886e-11
199.4,3.5074660134435646e-12,-1.0214281449591608e-11
199.41,3.3171540053631763e-12,-1.008491442239771e-11
199.42,3.1268425779202524e-12,-9.954604823511482e-12
199.43,2.9365527618302002e-12,-9.82336778468752e-12
199.44,2.7463050961939488e-12,-9.691218656260825e-12
199.45,2.5561198294059066e-12,-9.558172695082895e-12
199.46,2.3660178517319846e-12,-9.424245684139657e-12
199.47,2.1760193628549613e-12,-9.289453018963959e-12
199.48,1.986144546583063e-12,-9.15381014621936e-12
199.49,1.796414090288725e-12,-9.017333134276098e-12
199.5,1.6068473033537186e-12,-8.880037396154226e-12
199.51,1.4174663210356962e-12,-8.741939289344072e-12
199.52,1.2282895825578917e-12,-8.603054370037302e-12
199.53,1.0393373630222157e-12,-8.463398512416753e-12
199.54,8.506295634746644e-13,-8.322988019213681e-12
199.55,6.62186676172917e-13,-8.181839043848451e-12
199.56,4.740278516174469e-13,-8.039967593632216e-12
199.57,2.861732991991933e-13,-7.89738998647294e-12
199.58,9.864232455791367e-14,-7.754122512144952e-12
199.59,-8.854518028735592e-14,-7.610181409082816e-12
199.6,-2.7537007123108256e-13,-7.465583354967292e-12
199.61,-4.618129259362456e-13,-7.320344483579624e-12
199.62,-6.478539736595726e-13,-7.174481648793218e-12
199.63,-8.334745078640524e-13,-7.028011047829698e-12
199.64,-1.0186551500349543e-12,-6.880949624571892e-12
199.65,-1.2033770265270725e-12,-6.733313704082971e-12
199.66,-1.3876211191928643e-12,-6.5851201394133295e-12
199.67,-1.5713685998150165e-12,-6.4363856349996524e-12
199.68,-1.7546002081104636e-12,-6.287127142853567e-12
199.69,-1.9372988135683655e-12,-6.137360984551165e-12
199.7,-2.1194442721649626e-12,-5.987104384512898e-12
199.71,-2.3010188276091223e-12,-5.8363742327246255e-12
199.72,-2.4820042355323847e-12,-5.68518704954384e-12
199.73,-2.6623818364845886e-12,-5.53356045409229e-12
199.74,-2.8421337661230425e-12,-5.381510974510398e-12
199.75,-3.0212423020893228e-12,-5.229055409323491e-12
199.76,-3.199689185804347e-12,-5.076211076233701e-12
199.77,-3.3774572058619083e-12,-4.922994708439601e-12
199.78,-3.5545274815033085e-12,-4.769423963568015e-12
199.79,-3.730883553848135e-12,-4.6155154118707965e-12
199.8,-3.906507975241231e-12,-4.461286078957831e-12
199.81,-4.081382721409096e-12,-4.306753512835065e-12
199.82,-4.255491769915495e-12,-4.151934146940617e-12
199.83,-4.428817155907774e-12,-3.996845729754541e-12
199.84,-4.601342199258205e-12,-3.841505030424802e-12
199.85,-4.773050029597427e-12,-3.685929402675069e-12
199.86,-4.943924321532624e-12,-3.530136044547703e-12
199.87,-5.113947921482724e-12,-3.3741417699737467e-12
199.88,-5.283104854273319e-12,-3.2179640428455514e-12
199.89,-5.4513789553356146e-12,-3.0616198160320385e-12
199.9,-5.618753925855585e-12,-2.9051264774742593e-12
199.91,-5.785213654140085e-12,-2.7485007101427884e-12
199.92,-5.950742453687903e-12,-2.5917600850798346e-12
199.93,-6.115324598518232e-12,-2.434921536547246e-12
199.94,-6.2789445362220085e-12,-2.278002260096342e-12
199.95,-6.441586860528919e-12,-2.1210191874744977e-12
199.96,-6.6032359341026466e-12,-1.9639898184661144e-12
199.97,-6.763876650309686e-12,-1.8069308115653339e-12
199.98,-6.923494514551331e-12,-1.649859310935187e-12
199.99,-7.0820745803021875e-12,-1.4927923344966846e-12
200.0,-7.239601216699806e-12,-1.3357472101715955e-12
200.01,-7.39606101306562e-12,-1.1787405631908834e-12
200.02,-7.551439400260015e-12,-1.0217893835547195e-12
200.03,-7.705721400239833e-12,-8.649108180386644e-13
200.04,-7.85889310684555e-12,-7.08121728670707e-13
200.05,-8.010941730614298e-12,-5.514387548066918e-13
200.06,-8.161851688564853e-12,-3.9487909790714805e-13
200.07,-8.311611140416566e-12,-2.3845926082876064e-13
200.08,-8.460206144756116e-12,-8.219617269819296e-14
200.09,-8.607621207632659e-12,7.389326712618397e-14
200.1,-8.753845755355604e-12,2.297925598710603e-13
200.11,-8.898866145111646e-12,3.8548511091260614e-13
200.12,-9.0426691443317e-12,5.409539628609902e-13
200.13,-9.18524238244025e-12,6.961829545494591e-13
200.14,-9.326573066681764e-12,8.51155221421952e-13
200.15,-9.46664972944998e-12,1.0058545916658403e-12
200.16,-9.605458986865471e-12,1.1602643708023448e-12
200.17,-9.74298981985733e-12,1.3143683114194154e-12
200.18,-9.879229274062686e-12,1.4681499216418746e-12
200.19,-1.0014166944615112e-11,1.6215932137264045e-12
200.2,-1.014779044357274e-11,1.7746817416524146e-12
200.21,-1.0280089122245175e-11,1.9273995707771196e-12
200.22,-1.0411051126302901e-11,2.079730253107996e-12
200.23,-1.0540665842536155e-11,2.2316580573482855e-12
200.24,-1.0668922677614155e-11,2.38316694726108e-12
200.25,-1.0795810495284369e-11,2.534240909130183e-12
200.26,-1.0921319230477381e-11,2.684864235176831e-12
200.27,-1.1045438369523947e-11,2.8350210934352822e-12
200.28,-1.1168157920174363e-11,2.984695791749195e-12
200.29,-1.1289467884422136e-11,3.1338726754357543e-12
200.3,-1.1409358527405313e-11,3.282536209301313e-12
200.31,-1.1527820258777814e-11,3.4306709552344548e-12
200.32,-1.1644843851593212e-11,3.578261475086495e-12
200.33,-1.1760419830629779e-11,3.7252924581084884e-12
200.34,-1.1874539220079042e-11,3.8717486141372105e-12
200.35,-1.1987193539385508e-11,4.017614781456761e-12
200.36,-1.209837316198966e-11,4.16287587455593e-12
200.37,-1.2208070551736465e-11,4.307516950673372e-12
200.38,-1.2316276739496585e-11,4.451522994801399e-12
200.39,-1.2422984380583691e-11,4.594879374590285e-12
200.4,-1.2528184749689882e-11,4.737571201226513e-12
200.41,-1.2631870318149498e-11,4.8795837594949226e-12
200.42,-1.2734033608931805e-11,5.020902683425314e-12
200.43,-1.2834667153854423e-11,5.161513418747986e-12
200.44,-1.2933763937501772e-11,5.3014016471741525e-12
200.45,-1.3031316350215611e-11,5.440552858628029e-12
200.46,-1.3127318338796314e-11,5.578953198738454e-12
200.47,-1.3221762741173715e-11,5.716588646008408e-12
200.48,-1.3314643188717061e-11,5.853444756378738e-12
200.49,-1.3405953061638467e-11,5.989508077115299e-12
200.5,-1.3495686747953146e-11,6.12476464419067e-12
200.51,-1.3583838298750047e-11,6.259201100957471e-12
200.52,-1.3670401684558692e-11,6.392803427177551e-12
200.53,-1.3755371057355336e-11,6.525558340487054e-12
200.54,-1.3838742746828787e-11,6.657452860972127e-12
200.55,-1.3920510255446234e-11,6.788473524249171e-12
200.56,-1.4000667651480057e-11,6.9186066602544036e-12
200.57,-1.4079211848877964e-11,7.047840031496736e-12
200.58,-1.415613754442419e-11,7.176160463392028e-12
200.59,-1.4231440300618275e-11,7.303555117408404e-12
200.6,-1.4305116143899777e-11,7.430011474683576e-12
200.61,-1.4377160734371276e-11,7.555516990166843e-12
200.62,-1.4447570086630747e-11,7.680058817323039e-12
200.63,-1.4516341112105352e-11,7.803625245906088e-12
200.64,-1.458346997809406e-11,7.92620387382673e-12
200.65,-1.464895320248685e-11,8.0477824383189e-12
200.66,-1.471278805847466e-11,8.168349223608453e-12
200.67,-1.4774971546960667e-11,8.287892388563803e-12
200.68,-1.4835500658740223e-11,8.406400211075812e-12
200.69,-1.4894373126659764e-11,8.5238611094717e-12
200.7,-1.4951586619385096e-11,8.640263752977735e-12
200.71,-1.5007138628582494e-11,8.755596714626434e-12
200.72,-1.506102739721989e-11,8.869848750010253e-12
200.73,-1.511325102468368e-11,8.983009033748224e-12
200.74,-1.516380810125392e-11,9.09506649732019e-12
200.75,-1.521269705607987e-11,9.206010432258904e-12
200.76,-1.5259916677766944e-11,9.315830210751131e-12
200.77,-1.5305465883491155e-11,9.424515304819706e-12
200.78,-1.53493438655458e-11,9.532055387651466e-12
200.79,-1.539154975307293e-11,9.638440097434055e-12
200.8,-1.5432083814357112e-11,9.743659428419768e-12
200.81,-1.5470943950629222e-11,9.847703432296486e-12
200.82,-1.5508131720428573e-11,9.950562237041555e-12
200.83,-1.554364652733392e-11,1.0052226272357562e-11
200.84,-1.557748830258847e-11,1.0152685624387893e-11
200.85,-1.5609658665214436e-11,1.0251931761585712e-11
200.86,-1.5640156905536663e-11,1.0349954680961281e-11
200.87,-1.566898433181298e-11,1.0446745519978596e-11
200.88,-1.569614151753141e-11,1.0542295129451136e-11
200.89,-1.5721630030758316e-11,1.0636594732828711e-11
200.9,-1.5745451208194095e-11,1.0729636188739136e-11
200.91,-1.576760585793303e-11,1.0821410246111367e-11
200.92,-1.578809696931732e-11,1.0911909289960706e-11
200.93,-1.580692503062852e-11,1.1001124350962664e-11
200.94,-1.5824092502853454e-11,1.1089047668704236e-11
200.95,-1.5839601706325098e-11,1.1175671413298044e-11
200.96,-1.585345502129836e-11,1.126098768853853e-11
200.97,-1.586565499438272e-11,1.1344989038598545e-11
200.98,-1.58762042011761e-11,1.1427667752046106e-11
200.99,-1.5885105598864515e-11,1.150901670151604e-11
201.0,-1.5892362288710975e-11,1.1589028651109574e-11
201.01,-1.589797748630059e-11,1.1667696732293202e-11
201.02,-1.5901954791136936e-11,1.1745013879051925e-11
201.03,-1.5904297404926197e-11,1.182097356467126e-11
201.04,-1.590500921237796e-11,1.1895569133388478e-11
201.05,-1.5904094377966374e-11,1.196879428520251e-11
201.06,-1.590155650581577e-11,1.204064266197207e-11
201.07,-1.5897400206440438e-11,1.2111108317244109e-11
201.08,-1.5891630173485715e-11,1.2180185382985482e-11
201.09,-1.5884249951320685e-11,1.224786801435004e-11
201.1,-1.587526573217035e-11,1.2314150605925556e-11
201.11,-1.5864681021797238e-11,1.237902749981081e-11
201.12,-1.5852501997499487e-11,1.2442494184970398e-11
201.13,-1.583873310400365e-11,1.2504544700788843e-11
201.14,-1.582338030899344e-11,1.2565174450798704e-11
201.15,-1.5806448707951632e-11,1.26243786187654e-11
201.16,-1.5787944355662183e-11,1.2682152541129542e-11
201.17,-1.5767873056780816e-11,1.2738491785658559e-11
201.18,-1.57462406179495e-11,1.2793391940218053e-11
201.19,-1.5723053279174323e-11,1.2846848869837009e-11
201.2,-1.569831783552808e-11,1.289885882418781e-11
201.21,-1.5672040193147717e-11,1.2949417568893575e-11
201.22,-1.5644227201270686e-11,1.299852161800481e-11
201.23,-1.5614885801706287e-11,1.3046167658752974e-11
201.24,-1.5584022515836707e-11,1.3092352033890339e-11
201.25,-1.555164498825234e-11,1.3137071775850293e-11
201.26,-1.5517760101422206e-11,1.3180323820539422e-11
201.27,-1.5482375363651958e-11,1.3222105272167945e-11
201.28,-1.5445498322351355e-11,1.3262413429775203e-11
201.29,-1.5407136701387266e-11,1.3301245874198846e-11
201.3,-1.5367298157507304e-11,1.333860013400858e-11
201.31,-1.532599053761958e-11,1.3374473960803348e-11
201.32,-1.5283222369660628e-11,1.3408865535235663e-11
201.33,-1.52390015263482e-11,1.3441772782712864e-11
201.34,-1.5193336967206666e-11,1.3473194119049286e-11
201.35,-1.514623604754499e-11,1.3503127772949727e-11
201.36,-1.5097708453612716e-11,1.3531572542901639e-11
201.37,-1.5047762835725217e-11,1.3558527324760772e-11
201.38,-1.4996407896882263e-11,1.358399091915095e-11
201.39,-1.4943652636966728e-11,1.3607962272750422e-11
201.4,-1.4889506332564697e-11,1.3630440851445236e-11
201.41,-1.483397836056125e-11,1.3651426127687369e-11
201.42,-1.4777077956180675e-11,1.3670917515028333e-11
201.43,-1.4718815141436643e-11,1.3688914949188793e-11
201.44,-1.465920001487642e-11,1.3705418471824952e-11
201.45,-1.4598239909768808e-11,1.3720427463607226e-11
201.46,-1.4535947563766472e-11,1.3733942973885942e-11
201.47,-1.4472331916848407e-11,1.3745965024383064e-11
201.48,-1.4407403364219959e-11,1.3756494330289474e-11
201.49,-1.4341172275930193e-11,1.3765531368683805e-11
201.5,-1.427364804657658e-11,1.37730773188286e-11
201.51,-1.4204842716474639e-11,1.377913305767606e-11
201.52,-1.4134766384577643e-11,1.3783699866599293e-11
201.53,-1.4063429362822227e-11,1.3786778979090395e-11
201.54,-1.3990842980722217e-11,1.3788372089822412e-11
201.55,-1.391701810563354e-11,1.3788480886368883e-11
201.56,-1.3841965301696377e-11,1.37871068487505e-11
201.57,-1.376569711280319e-11,1.3784252746398445e-11
201.58,-1.3688223510954024e-11,1.3779919987728408e-11
201.59,-1.3609556574835091e-11,1.3774111277281945e-11
201.6,-1.3529707380836009e-11,1.376682885766886e-11
201.61,-1.344868802059581e-11,1.3758075616242393e-11
201.62,-1.3366509805913984e-11,1.3747854220510996e-11
201.63,-1.3283184667809342e-11,1.3736167494333451e-11
201.64,-1.3198724609845337e-11,1.372301875933029e-11
201.65,-1.3113141773853901e-11,1.3708411045462566e-11
201.66,-1.3026447250804771e-11,1.3692347902934573e-11
201.67,-1.293865452184898e-11,1.3674832970606623e-11
201.68,-1.2849775162229284e-11,1.3655869742085802e-11
201.69,-1.2759821107508527e-11,1.3635461923201867e-11
201.7,-1.2668806511439238e-11,1.3613614340555809e-11
201.71,-1.2576742289122569e-11,1.3590330437022897e-11
201.72,-1.2483641390362385e-11,1.3565614596605902e-11
201.73,-1.2389516782489403e-11,1.3539471480304514e-11
201.74,-1.229438061631347e-11,1.3511905717000459e-11
201.75,-1.219824726161368e-11,1.3482921798597517e-11
201.76,-1.2101127909222988e-11,1.3452524904979495e-11
201.77,-1.2003036314915258e-11,1.3420719982900087e-11
201.78,-1.1903985986031972e-11,1.3387512264879228e-11
201.79,-1.1803989152277813e-11,1.3352907174539343e-11
201.8,-1.1703059468705343e-11,1.3316910056237212e-11
201.81,-1.160121036943664e-11,1.3279526631799028e-11
201.82,-1.1498455496995794e-11,1.324076272797188e-11
201.83,-1.1394809064727939e-11,1.320062509759864e-11
201.84,-1.129028034240539e-11,1.315911710231136e-11
201.85,-1.118488758600003e-11,1.311624759712602e-11
201.86,-1.107864272343633e-11,1.3072022268771561e-11
201.87,-1.0971559707653572e-11,1.3026447507179606e-11
201.88,-1.0863651637701441e-11,1.297952954485614e-11
201.89,-1.0754933077920203e-11,1.2931275643473662e-11
201.9,-1.0645417233008196e-11,1.2881692435102099e-11
201.91,-1.053511846925559e-11,1.2830787007476433e-11
201.92,-1.0424049999727222e-11,1.2778566548070092e-11
201.93,-1.0312227438622817e-11,1.272503852315513e-11
201.94,-1.0199663188358849e-11,1.2670209945715511e-11
201.95,-1.0086371669838572e-11,1.2614088716425195e-11
201.96,-9.97236802096088e-12,1.2556682531050753e-11
201.97,-9.857664796478177e-12,1.2497998753904538e-11
201.98,-9.74227749303243e-12,1.2438045977219855e-11
201.99,-9.626219871478007e-12,1.2376831889299338e-11
202.0,-9.509506596896064e-12,1.23143648265966e-11
202.01,-9.392151798721674e-12,1.2250653048873566e-11
202.02,-9.274169156982083e-12,1.218570496923551e-11
202.03,-9.155573983699897e-12,1.2119528982233697e-11
202.04,-9.03638092924696e-12,1.2052134601179231e-11
202.05,-8.916603624480026e-12,1.1983529919764098e-11
202.06,-8.796256820767359e-12,1.1913723650734908e-11
202.07,-8.675355315896605e-12,1.1842725421400071e-11
202.08,-8.553913184034486e-12,1.1770544163818143e-11
202.09,-8.431945586947026e-12,1.1697189197709642e-11
202.1,-8.309466850640537e-12,1.1622669995832956e-11
202.11,-8.186491355965827e-12,1.1546995743469348e-11
202.12,-8.06303375455015e-12,1.1470176665128982e-11
202.13,-7.939109304062812e-12,1.1392222044342169e-11
202.14,-7.81473142553037e-12,1.131314181816998e-11
202.15,-7.689916394877298e-12,1.1232945986150424e-11
202.16,-7.56467778857308e-12,1.1151644668093171e-11
202.17,-7.439030823843358e-12,1.1069248062032225e-11
202.18,-7.31298963934113e-12,1.0985766154779701e-11
202.19,-7.186569098520946e-12,1.090120951035641e-11
202.2,-7.059784098339997e-12,1.0815588767714224e-11
202.21,-6.932649639768654e-12,1.0728914419331356e-11
202.22,-6.805180202114622e-12,1.0641197227294703e-11
202.23,-6.6773901284674124e-12,1.055244775022401e-11
202.24,-6.549294603188197e-12,1.0462677021134199e-11
202.25,-6.4209081773026855e-12,1.0371896019798049e-11
202.26,-6.292245538059886e-12,1.0280115793530956e-11
202.27,-6.163321474675651e-12,1.0187347574757478e-11
202.28,-6.03415054328146e-12,1.0093602591664323e-11
202.29,-5.9047474449151705e-12,9.998892122824207e-12
202.3,-5.775127054693018e-12,9.90322777934331e-12
202.31,-5.645303795225626e-12,9.80662093855714e-12
202.32,-5.5152926568294745e-12,9.70908333808967e-12
202.33,-5.385107746414192e-12,9.61062652379019e-12
202.34,-5.254764058053573e-12,9.51126248831303e-12
202.35,-5.1242758937407264e-12,9.411002781964655e-12
202.36,-4.993658382734859e-12,9.309859867134183e-12
202.37,-4.862925597575754e-12,9.207845451542466e-12
202.38,-4.732092142567409e-12,9.104971476390209e-12
202.39,-4.601172673557818e-12,9.001250517003803e-12
202.4,-4.470181573348345e-12,8.896694627918667e-12
202.41,-4.339132938326763e-12,8.791316145936558e-12
202.42,-4.208041762709419e-12,8.685127504956206e-12
202.43,-4.076922520810129e-12,8.578141270146786e-12
202.44,-3.945789034198176e-12,8.470370088838315e-12
202.45,-3.814655962220398e-12,8.361826125766902e-12
202.46,-3.683536990513701e-12,8.25252232356756e-12
202.47,-3.552447221646389e-12,8.14247166520019e-12
202.48,-3.4214003101546446e-12,8.031686745338341e-12
202.49,-3.2904108666282706e-12,7.920180482158471e-12
202.5,-3.159493247888081e-12,7.807965955247805e-12
202.51,-3.028659965234773e-12,7.695055833390224e-12
202.52,-2.8979263187379058e-12,7.581463345246761e-12
202.53,-2.7673068252824e-12,7.467201966853535e-12
202.54,-2.6368145933115155e-12,7.352284326747487e-12
202.55,-2.506463221365076e-12,7.236723811256982e-12
202.56,-2.3762674330482954e-12,7.120533960504932e-12
202.57,-2.2462403457341724e-12,7.003727723037761e-12
202.58,-2.1163961013947428e-12,6.886318751205381e-12
202.59,-1.9867482720750078e-12,6.768320527488213e-12
202.6,-1.8573103636133852e-12,6.649746118519796e-12
202.61,-1.7280957749332236e-12,6.530609362398855e-12
202.62,-1.5991191207292684e-12,6.410923835204338e-12
202.63,-1.4703921815206102e-12,6.290702978266618e-12
202.64,-1.3419302282252453e-12,6.169960744758408e-12
202.65,-1.2137450984630632e-12,6.048710423823843e-12
202.66,-1.0858505469495697e-12,5.9269659028147896e-12
202.67,-9.582597656962195e-13,5.80474090131223e-12
202.68,-8.309859089616385e-13,5.6820492873129425e-12
202.69,-7.040423314410213e-13,5.558904911255648e-12
202.7,-5.774415314476786e-13,5.435321495664893e-12
202.71,-4.5119692450363143e-13,5.311312986239225e-12
202.72,-3.253222347893085e-13,5.18689282101509e-12
202.73,-1.9982682696641817e-13,5.062076212007783e-12
202.74,-7.472719872415659e-14,4.936875906721371e-12
202.75,4.99659301392853e-14,4.8113063022114176e-12
202.76,1.7423926129410835e-13,4.685381288571108e-12
202.77,2.980801735591975e-13,4.5591154244816904e-12
202.78,4.214773576641346e-13,4.432521579296214e-12
202.79,5.444174330781465e-13,4.305614735977793e-12
202.8,6.668882673321959e-13,4.178408952394111e-12
202.81,7.888781789900372e-13,4.050917935662793e-12
202.82,9.10374417366462e-13,3.923156212138712e-12
202.83,1.0313656367062113e-12,3.795137590415572e-12
202.84,1.1518396724094116e-12,3.666876168850235e-12
202.85,1.2717844011137797e-12,3.538386273008799e-12
202.86,1.391187920894751e-12,3.409681964641911e-12
202.87,1.5100399769970243e-12,3.2807770854586192e-12
202.88,1.6283272079146715e-12,3.1516862219321633e-12
202.89,1.7460397141450017e-12,3.022423333241338e-12
202.9,1.863164910466468e-12,2.8930024203039738e-12
202.91,1.9796920288121927e-12,2.763438007144601e-12
202.92,2.095609763176889e-12,2.6337438166920563e-12
202.93,2.2109069891006512e-12,2.503934279577028e-12
202.94,2.325572909977463e-12,2.3740231949531068e-12
202.95,2.439596229283266e-12,2.2440251092962694e-12
202.96,2.5529665882557275e-12,2.1139537817681263e-12
202.97,2.6656727345115506e-12,1.983823555402535e-12
202.98,2.777705015130137e-12,1.8536481787212804e-12
202.99,2.8890523067812358e-12,1.7234419971256178e-12
203.0,2.999703343645586e-12,1.5932191221491883e-12
203.01,3.1096491183982433e-12,1.4629934155312389e-12
203.02,3.2188788007132044e-12,1.3327791144399294e-12
203.03,3.3273827855734724e-12,1.2025898794440767e-12
203.04,3.435150408655998e-12,1.0724400018303064e-12
203.05,3.5421721094739173e-12,9.4234331900781e-13
203.06,3.6484386778080926e-12,8.123136878340062e-13
203.07,3.7539392272422605e-12,6.823653244230872e-13
203.08,3.858665064655176e-12,5.525117788313936e-13
203.09,3.96260661580875e-12,4.2276695227152317e-13
203.1,4.065754332426761e-12,2.9314478406771733e-13
203.11,4.1680990710142664e-12,1.6365897394447068e-13
203.12,4.269631657383695e-12,3.4323398031751077e-14
203.13,4.3703430150461555e-12,-9.484827032246876e-14
203.14,4.4702247889811205e-12,-2.2384243006079102e-13
203.15,4.5692672620517844e-12,-3.5264538143040704e-13
203.16,4.667462330454101e-12,-4.812434649423285e-13
203.17,4.764801235036916e-12,-6.096231165458205e-13
203.18,4.861275833593943e-12,-7.377708848783068e-13
203.19,4.956877696274284e-12,-8.656731318356444e-13
203.2,5.051598550309238e-12,-9.933166570114298e-13
203.21,5.1454302423850544e-12,-1.120687923504164e-12
203.22,5.238364507421391e-12,-1.2477733531913647e-12
203.23,5.330394089301916e-12,-1.3745600517459329e-12
203.24,5.421510911963085e-12,-1.501034585067373e-12
203.25,5.511707270457013e-12,-1.6271836525364575e-12
203.26,5.600975871334836e-12,-1.7529942857813722e-12
203.27,5.689309406436951e-12,-1.8784533621034096e-12
203.28,5.776700210014503e-12,-2.0035476474400684e-12
203.29,5.863142089741896e-12,-2.1282644490425584e-12
203.3,5.948626680508927e-12,-2.2525906497455872e-12
203.31,6.033147666079271e-12,-2.3765134308744694e-12
203.32,6.116698621778463e-12,-2.5000199716386285e-12
203.33,6.199272716143166e-12,-2.6230976271211466e-12
203.34,6.280863263459066e-12,-2.745733594444623e-12
203.35,6.361463633839605e-12,-2.867915323054998e-12
203.36,6.441068678123949e-12,-2.9896302938921535e-12
203.37,6.519671174491621e-12,-3.11086601516886e-12
203.38,6.597265116472451e-12,-3.231610039419496e-12
203.39,6.6738450907748346e-12,-3.351850046805043e-12
203.4,6.749404991485851e-12,-3.4715736688644957e-12
203.41,6.823939499326718e-12,-3.5907689651924897e-12
203.42,6.897442911614987e-12,-3.70942355991259e-12
203.43,6.969909607423456e-12,-3.8275254941316546e-12
203.44,7.0413347979284665e-12,-3.945062896632023e-12
203.45,7.111712840462618e-12,-4.0620235398959106e-12
203.46,7.181039546089527e-12,-4.1783958374681015e-12
203.47,7.24930864858954e-12,-4.294168209895705e-12
203.48,7.316516499101985e-12,-4.409328783083205e-12
203.49,7.382658256197739e-12,-4.523865931139998e-12
203.5,7.447729444297803e-12,-4.6377682628687474e-12
203.51,7.511725348739822e-12,-4.751024352499365e-12
203.52,7.574642505379699e-12,-4.863622937479909e-12
203.53,7.636475103417015e-12,-4.975552476984037e-12
203.54,7.697222391478157e-12,-5.086802431983161e-12
203.55,7.756877564950533e-12,-5.197361227643456e-12
203.56,7.815437702487255e-12,-5.30721798416216e-12
203.57,7.872899703037877e-12,-5.4163618183620024e-12
203.58,7.92925918656088e-12,-5.524781944588205e-12
203.59,7.984513871555446e-12,-5.632467760720281e-12
203.6,8.038659997537975e-12,-5.739408583808553e-12
203.61,8.09169449989944e-12,-5.845593869117254e-12
203.62,8.143614533989177e-12,-5.95101318419531e-12
203.63,8.19441733875881e-12,-6.055656407344418e-12
203.64,8.244100500733178e-12,-6.159513198449581e-12
203.65,8.292660717911195e-12,-6.262573231695521e-12
203.66,8.340095651538482e-12,-6.364826568625579e-12
203.67,8.386404170339079e-12,-6.466263632900124e-12
203.68,8.431583116022023e-12,-6.5668743195504016e-12
203.69,8.475630661550623e-12,-6.666648836717661e-12
203.7,8.518544824405282e-12,-6.765577743700046e-12
203.71,8.560324085781951e-12,-6.863651627549621e-12
203.72,8.600966231778328e-12,-6.96086042069235e-12
203.73,8.640470253248993e-12,-7.057195525734753e-12
203.74,8.678834869768793e-12,-7.152647612162334e-12
203.75,8.716058480735936e-12,-7.247207285865373e-12
203.76,8.752139971897973e-12,-7.340866126793314e-12
203.77,8.787078574217441e-12,-7.433614766708258e-12
203.78,8.820873313003736e-12,-7.52544459283796e-12
203.79,8.853523204655749e-12,-7.61634695680299e-12
203.8,8.885030467045971e-12,-7.706313858916046e-12
203.81,8.915387333058035e-12,-7.795335512601435e-12
203.82,8.944600366103347e-12,-7.88340480434339e-12
203.83,8.972667347397809e-12,-7.970513221770555e-12
203.84,8.999587138213654e-12,-8.056652687132886e-12
203.85,9.025361208646337e-12,-8.14181504991521e-12
203.86,9.049988697657596e-12,-8.225992705642038e-12
203.87,9.073470393516889e-12,-8.309177866566082e-12
203.88,9.09580630500205e-12,-8.391362809431069e-12
203.89,9.116997169095456e-12,-8.472540151597406e-12
203.9,9.137043781359378e-12,-8.552702470842901e-12
203.91,9.155946313929368e-12,-8.631842328395158e-12
203.92,9.173706464524008e-12,-8.709952980679039e-12
203.93,9.190324789934249e-12,-8.787027095562275e-12
203.94,9.205802251608291e-12,-8.863057830341893e-12
203.95,9.220140517246542e-12,-8.938038509436687e-12
203.96,9.233340771626407e-12,-9.011962393171634e-12
203.97,9.245404249522995e-12,-9.08482293410033e-12
203.98,9.256333633235714e-12,-9.156613859884069e-12
203.99,9.266129409975094e-12,-9.227328769023782e-12
204.0,9.274793797676151e-12,-9.296961624856222e-12
204.01,9.282329301617895e-12,-9.36550614337805e-12
204.02,9.288737492207898e-12,-9.432956651845586e-12
204.03,9.294020698842424e-12,-9.499307224903778e-12
204.04,9.298181378035878e-12,-9.564552332871585e-12
204.05,9.301221642884816e-12,-9.62868631577425e-12
204.06,9.303145033392571e-12,-9.691703998397595e-12
204.07,9.303953482971988e-12,-9.753599999096624e-12
204.08,9.303649364657834e-12,-9.814368967469301e-12
204.09,9.302236398385005e-12,-9.874006200443722e-12
204.1,9.299717199059566e-12,-9.932506483174742e-12
204.11,9.29609540526687e-12,-9.989865574933107e-12
204.12,9.2913739060617e-12,-1.0046078301325859e-11
204.13,9.285555735694631e-12,-1.0101140280964815e-11
204.14,9.278645016814912e-12,-1.0155047329619566e-11
204.15,9.270645098478248e-12,-1.0207795139289497e-11
204.16,9.261559665379192e-12,-1.025937962531776e-11
204.17,9.251392612413976e-12,-1.0309796762049088e-11
204.18,9.240147986038577e-12,-1.0359042777255333e-11
204.19,9.227829254558318e-12,-1.0407113729022807e-11
204.2,9.214441322006188e-12,-1.045400642036348e-11
204.21,9.199987920165386e-12,-1.0499717014292407e-11
204.22,9.184473658985653e-12,-1.054424240455574e-11
204.23,9.167902978382225e-12,-1.0587579410480239e-11
204.24,9.150280417030034e-12,-1.0629724940543175e-11
204.25,9.131610598751585e-12,-1.0670676030801146e-11
204.26,9.111898349062234e-12,-1.0710429992262984e-11
204.27,9.09114833560645e-12,-1.0748984051483647e-11
204.28,9.069366276980743e-12,-1.078633589465212e-11
204.29,9.04655635945196e-12,-1.0822482753991007e-11
204.3,9.02272425718892e-12,-1.085742284816969e-11
204.31,8.997875171105304e-12,-1.0891153760344166e-11
204.32,8.972014414167239e-12,-1.0923673543440293e-11
204.33,8.945147361336249e-12,-1.095498032236588e-11
204.34,8.917279893369902e-12,-1.098507248867848e-11
204.35,8.888417314385605e-12,-1.1013948279513352e-11
204.36,8.858565878252414e-12,-1.1041606386221875e-11
204.37,8.827731136454569e-12,-1.1068045518191975e-11
204.38,8.795919102757765e-12,-1.109326454410121e-11
204.39,8.763135561662943e-12,-1.1117261885370072e-11
204.4,8.729387000508026e-12,-1.1140037106561985e-11
204.41,8.694679561495497e-12,-1.1161589383554242e-11
204.42,8.659019449037427e-12,-1.118191811727665e-11
204.43,8.622413050131459e-12,-1.1201022434551915e-11
204.44,8.584867218083812e-12,-1.121890232259597e-11
204.45,8.546388120781804e-12,-1.1235557399903276e-11
204.46,8.506982644211017e-12,-1.1250987379832895e-11
204.47,8.466657597543844e-12,-1.1265192443864125e-11
204.48,8.425419513021061e-12,-1.1278172741545887e-11
204.49,8.38327539715342e-12,-1.1289928497486267e-11
204.5,8.340232722497399e-12,-1.1300460036270097e-11
204.51,8.296298095143549e-12,-1.1309767923506736e-11
204.52,8.251478534509332e-12,-1.1317852989979108e-11
204.53,8.205781885496462e-12,-1.132471590205535e-11
204.54,8.159214774547942e-12,-1.1330357380491083e-11
204.55,8.111785142282836e-12,-1.1334778815267856e-11
204.56,8.063500672176963e-12,-1.1337981312355145e-11
204.57,8.014367814809232e-12,-1.1339965986842152e-11
204.58,7.964395125283874e-12,-1.1340734637708735e-11
204.59,7.91358993159924e-12,-1.134028836195055e-11
204.6,7.861960267401746e-12,-1.1338629244404186e-11
204.61,7.809513969693786e-12,-1.1335759015620832e-11
204.62,7.75625861999204e-12,-1.1331679571739318e-11
204.63,7.70220236998465e-12,-1.1326393072531413e-11
204.64,7.647353374605476e-12,-1.1319901761758496e-11
204.65,7.591719365835053e-12,-1.1312207937173415e-11
204.66,7.535309357396438e-12,-1.1303313913382098e-11
204.67,7.478130738800822e-12,-1.1293222550715097e-11
204.68,7.42019213438911e-12,-1.1281936337947425e-11
204.69,7.361499067129457e-12,-1.1269457287282888e-11
204.7,7.302068325637028e-12,-1.1255791180537182e-11
204.71,7.241900241196578e-12,-1.124093831010434e-11
204.72,7.181005959099349e-12,-1.1224902882496937e-11
204.73,7.11939387266954e-12,-1.1207688030442863e-11
204.74,7.057073653102149e-12,-1.1189297459960005e-11
204.75,6.994052112334429e-12,-1.1169734524284296e-11
204.76,6.930339781468069e-12,-1.1149003038828614e-11
204.77,6.865944622163421e-12,-1.1127106853735934e-11
204.78,6.8008757638541726e-12,-1.1104049864871125e-11
204.79,6.73514246702703e-12,-1.1079836231343317e-11
204.8,6.668753428681146e-12,-1.1054470075094792e-11
204.81,6.601717465275949e-12,-1.102795567967614e-11
204.82,6.534043744302886e-12,-1.1000297401918278e-11
204.83,6.465741836836948e-12,-1.097149977026045e-11
204.84,6.396820053000799e-12,-1.0941567768650786e-11
204.85,6.327288384147099e-12,-1.0910505705804858e-11
204.86,6.257155773556562e-12,-1.0878318734420311e-11
204.87,6.186431527134608e-12,-1.084501178183028e-11
204.88,6.1151252009631986e-12,-1.0810590030692944e-11
204.89,6.0432461373259895e-12,-1.0775058671428073e-11
204.9,5.970803058359129e-12,-1.0738422666334133e-11
204.91,5.897806419480855e-12,-1.0700688084485501e-11
204.92,5.82426526601436e-12,-1.0661860181620179e-11
204.93,5.750189092011737e-12,-1.0621944582301829e-11
204.94,5.675587672774902e-12,-1.0580947054987997e-11
204.95,5.600470317859207e-12,-1.0538873894350566e-11
204.96,5.524847889408203e-12,-1.0495730878586897e-11
204.97,5.448726937065639e-12,-1.045152342182184e-11
204.98,5.372120380541637e-12,-1.0406258526241187e-11
204.99,5.295036708092638e-12,-1.0359942304847455e-11
205.0,5.217485395825014e-12,-1.0312581281074857e-11
205.01,5.139476856447128e-12,-1.0264181744390593e-11
205.02,5.061020510816716e-12,-1.0214750389997911e-11
205.03,4.982126255743061e-12,-1.0164294133551749e-11
205.04,4.902804011834661e-12,-1.0112819538818223e-11
205.05,4.823063000515023e-12,-1.006033358577708e-11
205.06,4.7429145653543966e-12,-1.0006843385778595e-11
205.07,4.662367714196474e-12,-9.95235614123074e-12
205.08,4.58143186911919e-12,-9.896878846002594e-12
205.09,4.500117967772077e-12,-9.840418998917677e-12
205.1,4.418435302192696e-12,-9.782983903775488e-12
205.11,4.336394099123408e-12,-9.724581264563135e-12
205.12,4.2540042790271986e-12,-9.665218389320523e-12
205.13,4.171275908080538e-12,-9.604903056695729e-12
205.14,4.088219083149943e-12,-9.543643241779348e-12
205.15,4.004843794720188e-12,-9.481446759911162e-12
205.16,3.92115985921991e-12,-9.41832142304689e-12
205.17,3.837177529757435e-12,-9.354275418668568e-12
205.18,3.752906698385339e-12,-9.289316769219489e-12
205.19,3.6683577693499306e-12,-9.22345390844223e-12
205.2,3.583540435281769e-12,-9.156694955002781e-12
205.21,3.498464804442111e-12,-9.089048426908773e-12
205.22,3.41314121114807e-12,-9.020522777189371e-12
205.23,3.3275794587160703e-12,-8.951126577245802e-12
205.24,3.241789666624505e-12,-8.880868453595815e-12
205.25,3.15578173519652e-12,-8.809757193023695e-12
205.26,3.0695661558224597e-12,-8.7378014851749e-12
205.27,2.9831527059466933e-12,-8.665010373346843e-12
205.28,2.8965516218622397e-12,-8.59139278086753e-12
205.29,2.809772720868286e-12,-8.516957653519645e-12
205.3,2.722826338341667e-12,-8.441714264916371e-12
205.31,2.6357221738680724e-12,-8.365671634037503e-12
205.32,2.548470820040253e-12,-8.288839129439088e-12
205.33,2.461081070257863e-12,-8.211226148425417e-12
205.34,2.3735644017265597e-12,-8.132841987497756e-12
205.35,2.2859300743109353e-12,-8.053696232639279e-12
205.36,2.1981879981419908e-12,-7.973798127540695e-12
205.37,2.1103486612937447e-12,-7.893157825759888e-12
205.38,2.0224213582486957e-12,-7.811784507527354e-12
205.39,1.934416271865425e-12,-7.72968818992267e-12
205.4,1.846343657350277e-12,-7.646878555263321e-12
205.41,1.7582123479657831e-12,-7.56336541923257e-12
205.42,1.6700346249734363e-12,-7.479159205536933e-12
205.43,1.5818177213111595e-12,-7.394269371119899e-12
205.44,1.4935729660765034e-12,-7.30870596801595e-12
205.45,1.405309621267419e-12,-7.222479389917482e-12
205.46,1.317037682338201e-12,-7.135599815671164e-12
205.47,1.2287667646378464e-12,-7.0480772955767365e-12
205.48,1.1405065864706188e-12,-6.95992206890091e-12
205.49,1.0522672966748686e-12,-6.8711447332704576e-12
205.5,9.64058691994498e-13,-6.781755478874144e-12
205.51,8.758888741888266e-13,-6.691764719318397e-12
205.52,7.877688150895076e-13,-6.601182953013486e-12
205.53,6.99708349210232e-13,-6.5100208407395e-12
205.54,6.117163266298371e-13,-6.418288827691813e-12
205.55,5.238032502146755e-13,-6.325997886535945e-12
205.56,4.35977579418874e-13,-6.233158277132707e-12
205.57,3.4824911916822295e-13,-6.139780845595781e-12
205.58,2.6062739604977665e-13,-6.04587642181578e-12
205.59,1.7312200635075493e-13,-5.9514557605371046e-12
205.6,8.57416923803663e-14,-5.856529708495871e-12
205.61,-1.50376516452118e-15,-5.761109134406272e-12
205.62,-8.860480236019486e-14,-5.66520508342679e-12
205.63,-1.755522273975791e-13,-5.56882839025924e-12
205.64,-2.623378128785738e-13,-5.471990152376002e-12
205.65,-3.4895153271284414e-13,-5.374701242834863e-12
205.66,-4.353844822863464e-13,-5.2769727473328464e-12
205.67,-5.216273693118314e-13,-5.178815952783484e-12
205.68,-6.076713915160679e-13,-5.080241796919e-12
205.69,-6.935073228532748e-13,-4.981261479094932e-12
205.7,-7.79126431669237e-13,-4.8818862643550945e-12
205.71,-8.645200227213057e-13,-4.782127263239789e-12
205.72,-9.49678730628347e-13,-4.681995915140453e-12
205.73,-1.0345942991675471e-12,-4.581502935568681e-12
205.74,-1.1192577034938913e-12,-4.480660121640609e-12
205.75,-1.2036602403663384e-12,-4.379478642547972e-12
205.76,-1.287793402526956e-12,-4.277969795674714e-12
205.77,-1.3716486516145462e-12,-4.176145420039883e-12
205.78,-1.4552165893710417e-12,-4.074015517877525e-12
205.79,-1.5384898347161604e-12,-3.971592677962805e-12
205.8,-1.62145944996564e-12,-3.8688881729151864e-12
205.81,-1.704117630734003e-12,-3.765912903042979e-12
205.82,-1.786455101855751e-12,-3.662678745275194e-12
205.83,-1.8684642552752324e-12,-3.559196948045881e-12
205.84,-1.9501366473161173e-12,-3.4554789592214546e-12
205.85,-2.031464509092123e-12,-3.3515361972943717e-12
205.86,-2.1124396268940615e-12,-3.247380043377633e-12
205.87,-2.1930533700250754e-12,-3.143022314896917e-12
205.88,-2.2732983211230665e-12,-3.0384741865204187e-12
205.89,-2.3531667166854215e-12,-2.9337471055403584e-12
205.9,-2.4326500329764515e-12,-2.8288527042310033e-12
205.91,-2.5117413849708783e-12,-2.7238023428347752e-12
205.92,-2.5904325296557624e-12,-2.6186075838459774e-12
205.93,-2.6687160805920577e-12,-2.5132798400441607e-12
205.94,-2.7465840679738803e-12,-2.407830678894231e-12
205.95,-2.8240291445934336e-12,-2.302271499511986e-12
205.96,-2.901044256126389e-12,-2.1966137956411007e-12
205.97,-2.977621555475048e-12,-2.090868938959012e-12
205.98,-3.0537533662478494e-12,-1.9850486963958864e-12
205.99,-3.1294331805831474e-12,-1.8791641438775563e-12
206.0,-3.2046539271259228e-12,-1.773226980884284e-12
206.01,-3.2794081474960498e-12,-1.6672484402310278e-12
206.02,-3.3536883889291616e-12,-1.561240124950928e-12
206.03,-3.427488551921395e-12,-1.4552131947201625e-12
206.04,-3.500801088009188e-12,-1.3491792822707155e-12
206.05,-3.5736192145231402e-12,-1.2431497237758436e-12
206.06,-3.645936625107732e-12,-1.1371357663721424e-12
206.07,-3.717746175863739e-12,-1.031148736670591e-12
206.08,-3.78904119548625e-12,-9.252001904574325e-13
206.09,-3.859816036200723e-12,-8.193011565046049e-13
206.1,-3.930063189124317e-12,-7.134630364692364e-13
206.11,-3.999776657120581e-12,-6.07697145054388e-13
206.12,-4.068950492415068e-12,-5.02014568220105e-13
206.13,-4.137578052849417e-12,-3.964265757946321e-13
206.14,-4.205653229212081e-12,-2.9094449573971464e-13
206.15,-4.273169961711776e-12,-1.8557922042930713e-13
206.16,-4.340122423923722e-12,-8.034204454075317e-14
206.17,-4.4065045550712255e-12,2.475595418638312e-14
206.18,-4.472310451487253e-12,1.2970369185304398e-13
206.19,-4.53753457367582e-12,2.3449017832025274e-13
206.2,-4.602170996509184e-12,3.3910442164921975e-13
206.21,-4.6662144353793095e-12,4.4353545289729485e-13
206.22,-4.729659197989474e-12,5.47772286489376e-13
206.23,-4.7924997023512494e-12,6.518041174500319e-13
206.24,-4.854730541173653e-12,7.556200160999913e-13
206.25,-4.916346670825068e-12,8.592092379719372e-13
206.26,-4.977343143483468e-12,9.625608928855163e-13
206.27,-5.037714701087238e-12,1.0656642416478115e-12
206.28,-5.097455994873848e-12,1.1685087211997664e-12
206.29,-5.1565623542757395e-12,1.271083674742682e-12
206.3,-5.215028457026939e-12,1.373378362539821e-12
206.31,-5.272850238974877e-12,1.4753821550487657e-12
206.32,-5.3300227802723365e-12,1.5770849608685401e-12
206.33,-5.386541052566671e-12,1.6784757450856682e-12
206.34,-5.442400898341054e-12,1.7795444335957774e-12
206.35,-5.497597992824975e-12,1.8802805230998507e-12
206.36,-5.552127707365243e-12,1.9806738827961487e-12
206.37,-5.605985671110603e-12,2.0807138816885155e-12
206.38,-5.659168145326919e-12,2.180390873469384e-12
206.39,-5.711670743266838e-12,2.27969417662677e-12
206.4,-5.7634895431159455e-12,2.3786138980132947e-12
206.41,-5.814620513455493e-12,2.477139835991796e-12
206.42,-5.86506004965353e-12,2.5752622717789552e-12
206.43,-5.914804189020219e-12,2.672971009262731e-12
206.44,-5.9638491931980625e-12,2.770256252547607e-12
206.45,-6.012191868391887e-12,2.867108247041506e-12
206.46,-6.05982829604981e-12,2.9635172342675328e-12
206.47,-6.1067553345904256e-12,3.059473277288328e-12
206.48,-6.1529693438797975e-12,3.1549669483277345e-12
206.49,-6.1984676416381655e-12,3.249988839332825e-12
206.5,-6.2432471374181205e-12,3.344529162401361e-12
206.51,-6.28730407539531e-12,3.4385785875078332e-12
206.52,-6.330635735607453e-12,3.5321276927563314e-12
206.53,-6.373239395397145e-12,3.625167160111874e-12
206.54,-6.415112414423418e-12,3.7176878550795886e-12
206.55,-6.456252306631499e-12,3.809680702277465e-12
206.56,-6.496655409923665e-12,3.901136215284133e-12
206.57,-6.5363206397078365e-12,3.992045768702269e-12
206.58,-6.575243944333001e-12,4.082400094246743e-12
206.59,-6.61342427598079e-12,4.172190382149902e-12
206.6,-6.650859026033458e-12,4.261408073480703e-12
206.61,-6.6875460502549165e-12,4.350044192391924e-12
206.62,-6.723483198251906e-12,4.438090195380726e-12
206.63,-6.758668069432947e-12,4.525537166005504e-12
206.64,-6.793099692971578e-12,4.612376999598025e-12
206.65,-6.826775415284668e-12,4.698601117630232e-12
206.66,-6.859693403129133e-12,4.784201053262018e-12
206.67,-6.891853726708163e-12,4.8691688826916634e-12
206.68,-6.9232529567308956e-12,4.95349604900579e-12
206.69,-6.953890297025262e-12,5.037174568048373e-12
206.7,-6.983764153567043e-12,5.120196368948113e-12
206.71,-7.012873721735285e-12,5.202553281211149e-12
206.72,-7.041217632565543e-12,5.284238222241569e-12
206.73,-7.068794233224315e-12,5.365242538087818e-12
206.74,-7.095603734630493e-12,5.445559043280192e-12
206.75,-7.121644346316743e-12,5.525179895910686e-12
206.76,-7.146914805738713e-12,5.60409746061879e-12
206.77,-7.171415131533189e-12,5.682304508534597e-12
206.78,-7.195144482905733e-12,5.7597936509224115e-12
206.79,-7.21810200100403e-12,5.836557589645063e-12
206.8,-7.240287728137664e-12,5.9125889553475584e-12
206.81,-7.261701140371547e-12,5.9878811229368e-12
206.82,-7.282341430226298e-12,6.0624266581564925e-12
206.83,-7.30220942906261e-12,6.136218988349684e-12
206.84,-7.321303616862952e-12,6.2092509122836855e-12
206.85,-7.339624582937471e-12,6.281516000123787e-12
206.86,-7.35717271244669e-12,6.35300753104753e-12
206.87,-7.373947600851332e-12,6.423718860839083e-12
206.88,-7.389949528661616e-12,6.493643635272346e-12
206.89,-7.405179147041581e-12,6.56277550615807e-12
206.9,-7.419636762026541e-12,6.631108246255628e-12
206.91,-7.433321862345577e-12,6.698635538356707e-12
206.92,-7.446236797271055e-12,6.765351505635266e-12
206.93,-7.458381083136482e-12,6.831250047112238e-12
206.94,-7.469755135556711e-12,6.896325357851768e-12
206.95,-7.480360295922845e-12,6.9605715055609436e-12
206.96,-7.490197377206884e-12,7.02398290347992e-12
206.97,-7.499267359341265e-12,7.086554149515243e-12
206.98,-7.507571107610676e-12,7.148279432066168e-12
206.99,-7.515109752598704e-12,7.209153409281777e-12
207.0,-7.521885166700997e-12,7.269171167509824e-12
207.01,-7.527897763146298e-12,7.328326997235318e-12
207.02,-7.533149327880414e-12,7.386616360372622e-12
207.03,-7.537640946171806e-12,7.444033525482385e-12
207.04,-7.541374738135896e-12,7.500574229282045e-12
207.05,-7.54435197027196e-12,7.556233511411725e-12
207.06,-7.546574226306136e-12,7.611006591565098e-12
207.07,-7.548043683980267e-12,7.664888972391783e-12
207.08,-7.548762051326867e-12,7.717876181198229e-12
207.09,-7.548731092838762e-12,7.769963826376608e-12
207.1,-7.547952992874384e-12,7.821147609653812e-12
207.11,-7.546429701513204e-12,7.87142323733649e-12
207.12,-7.54416343316929e-12,7.920787013570065e-12
207.13,-7.541156403537156e-12,7.96923453364477e-12
207.14,-7.537411114328373e-12,8.016762192451774e-12
207.15,-7.532929725824215e-12,8.063366136518094e-12
207.16,-7.527714855110438e-12,8.109042714311565e-12
207.17,-7.521769021165984e-12,8.153788446918133e-12
207.18,-7.515094882788867e-12,8.197599885248987e-12
207.19,-7.507695176559872e-12,8.240473665230222e-12
207.2,-7.499572147779187e-12,8.282406395995434e-12
207.21,-7.490729681919589e-12,8.323395297206132e-12
207.22,-7.481169817430372e-12,8.363437030594347e-12
207.23,-7.470895568065605e-12,8.402528773203155e-12
207.24,-7.459910918307775e-12,8.44066798188912e-12
207.25,-7.448218049280377e-12,8.477851546489683e-12
207.26,-7.43582015844758e-12,8.514076997065781e-12
207.27,-7.422721186720287e-12,8.549342068390576e-12
207.28,-7.40892382504265e-12,8.583644096643725e-12
207.29,-7.394432337773973e-12,8.616981152725575e-12
207.3,-7.379248842191031e-12,8.64935053184842e-12
207.31,-7.363377916519147e-12,8.680750538654684e-12
207.32,-7.346822888792577e-12,8.711179252594648e-12
207.33,-7.329587545811307e-12,8.7406346259107e-12
207.34,-7.311675462898376e-12,8.769115117433622e-12
207.35,-7.293091326600276e-12,8.796619099669572e-12
207.36,-7.273837053682077e-12,8.8231448232955e-12
207.37,-7.253918186204181e-12,8.848690909295785e-12
207.38,-7.23333809556847e-12,8.873256080489121e-12
207.39,-7.2121017736843734e-12,8.896839578127e-12
207.4,-7.190212191140326e-12,8.919439826229197e-12
207.41,-7.167674241033848e-12,8.94105576888653e-12
207.42,-7.144491514497256e-12,8.961686664631111e-12
207.43,-7.120668952779345e-12,8.981331852554785e-12
207.44,-7.096210926987186e-12,8.999990600634096e-12
207.45,-7.071121275497103e-12,9.017662323390627e-12
207.46,-7.0454048691188454e-12,9.034346434564201e-12
207.47,-7.019066742608374e-12,9.050042818207325e-12
207.48,-6.9921103623746615e-12,9.064751228582832e-12
207.49,-6.9645416649852854e-12,9.078471449900052e-12
207.5,-6.936364150594197e-12,9.09120321427425e-12
207.51,-6.9075829536120005e-12,9.10294692705643e-12
207.52,-6.8782039996486544e-12,9.11370273242499e-12
207.53,-6.848230854951457e-12,9.1234708165585e-12
207.54,-6.817669163674592e-12,9.13225170762787e-12
207.55,-6.786523421940608e-12,9.140045749924744e-12
207.56,-6.754798890408625e-12,9.146853551117726e-12
207.57,-6.722500672386546e-12,9.152675983563308e-12
207.58,-6.689634044357359e-12,9.157513736923239e-12
207.59,-6.656203887597027e-12,9.161367774963985e-12
207.6,-6.622215742378538e-12,9.16423901404055e-12
207.61,-6.587674708858542e-12,9.166128874868153e-12
207.62,-6.552586163008249e-12,9.167038358074156e-12
207.63,-6.516955609739743e-12,9.166968800340351e-12
207.64,-6.480788176737403e-12,9.165921569050912e-12
207.65,-6.444089785547465e-12,9.163898708132592e-12
207.66,-6.406865495439863e-12,9.160900862581311e-12
207.67,-6.369121108224168e-12,9.156930646178837e-12
207.68,-6.330862164388591e-12,9.151989662866294e-12
207.69,-6.2920947631553165e-12,9.1460800420349e-12
207.7,-6.252823457262956e-12,9.13920323264689e-12
207.71,-6.213055129587043e-12,9.131362051248503e-12
207.72,-6.172795194509612e-12,9.122558475849436e-12
207.73,-6.1320491125238556e-12,9.112794821268081e-12
207.74,-6.090824431527422e-12,9.102074075056399e-12
207.75,-6.049122794161402e-12,9.090397251577224e-12
207.76,-6.006954070495392e-12,9.077768490859312e-12
207.77,-5.964323779749978e-12,9.064190398729069e-12
207.78,-5.9212366958202374e-12,9.049665262058209e-12
207.79,-5.877699827767094e-12,9.034196340713226e-12
207.8,-5.833718655819273e-12,9.017786644269569e-12
207.81,-5.789298955575749e-12,9.000439112872699e-12
207.82,-5.744447969050324e-12,8.982157402702419e-12
207.83,-5.699170540149023e-12,8.962944409648182e-12
207.84,-5.653473991086531e-12,8.942803773649289e-12
207.85,-5.6073639251167285e-12,8.921738896502151e-12
207.86,-5.56084672413587e-12,8.899753583061384e-12
207.87,-5.513928928514866e-12,8.876851595168626e-12
207.88,-5.466616114513886e-12,8.853036033821704e-12
207.89,-5.418915441879061e-12,8.828311579392394e-12
207.9,-5.37083284245038e-12,8.802681959877247e-12
207.91,-5.322375064973782e-12,8.776151228062474e-12
207.92,-5.273547966192086e-12,8.748723447796244e-12
207.93,-5.224358256192086e-12,8.720403006990382e-12
207.94,-5.1748125009871295e-12,8.69119419227516e-12
207.95,-5.124917267168234e-12,8.661101414097736e-12
207.96,-5.074678727538299e-12,8.630129184395258e-12
207.97,-5.0241038351032266e-12,8.598282449809e-12
207.98,-4.9731987281093945e-12,8.565565453284799e-12
207.99,-4.921970083130438e-12,8.531983119058276e-12
208.0,-4.8704239900661385e-12,8.497540201247955e-12
208.01,-4.8185687165595995e-12,8.4622420690246e-12
208.02,-4.766409100724575e-12,8.426093228839956e-12
208.03,-4.7139524128092936e-12,8.389099148063316e-12
208.04,-4.661205247337772e-12,8.351264802958018e-12
208.05,-4.608174676943591e-12,8.312595806881856e-12
208.06,-4.55486663428495e-12,8.273097106826282e-12
208.07,-4.501288439022184e-12,8.232774465844122e-12
208.08,-4.447446502833175e-12,8.191633302024212e-12
208.09,-4.393347477577258e-12,8.149679201792162e-12
208.1,-4.33899842242166e-12,8.106917943524636e-12
208.11,-4.284405746340385e-12,8.063355190745593e-12
208.12,-4.2295763616272034e-12,8.018996877567144e-12
208.13,-4.174516818173616e-12,7.973848770043051e-12
208.14,-4.119234154209974e-12,7.927917086630763e-12
208.15,-4.063735085552209e-12,7.881207728849249e-12
208.16,-4.008025923420433e-12,7.833726769234844e-12
208.17,-3.9521142517415995e-12,7.785480761496707e-12
208.18,-3.896006183195634e-12,7.736475668241627e-12
208.19,-3.839709120258818e-12,7.686718057559423e-12
208.2,-3.783228950583699e-12,7.636214045811641e-12
208.21,-3.726573331352621e-12,7.584970634448878e-12
208.22,-3.6697487424384115e-12,7.53299403456671e-12
208.23,-3.6127617176727334e-12,7.48029090449783e-12
208.24,-3.555619573175532e-12,7.426868241038361e-12
208.25,-3.4983284998787248e-12,7.37273249923599e-12
208.26,-3.440895498159227e-12,7.317890542186808e-12
208.27,-3.3833277564278806e-12,7.2623494938461246e-12
208.28,-3.3256315835541077e-12,7.206116178974028e-12
208.29,-3.2678139704854375e-12,7.149197923045992e-12
208.3,-3.209881771628366e-12,7.091601211218906e-12
208.31,-3.1518414593827457e-12,7.033333693445346e-12
208.32,-3.093700058027426e-12,6.974402538888628e-12
208.33,-3.035464202367601e-12,6.914814941138409e-12
208.34,-2.9771407423675334e-12,6.854578579250806e-12
208.35,-2.918736333922193e-12,6.793699993500126e-12
208.36,-2.860257854727595e-12,6.7321875294139755e-12
208.37,-2.801711338008192e-12,6.6700482813078944e-12
208.38,-2.7431045336842563e-12,6.607290023957929e-12
208.39,-2.6844435671420135e-12,6.543920286784512e-12
208.4,-2.6257352494676218e-12,6.4799467141183354e-12
208.41,-2.566985654797276e-12,6.415376911600702e-12
208.42,-2.5082029220088315e-12,6.3502192438419416e-12
208.43,-2.449392441977772e-12,6.2844809884860216e-12
208.44,-2.3905612291356225e-12,6.218170233291888e-12
208.45,-2.3317152545192437e-12,6.151294797151511e-12
208.46,-2.2728627977292047e-12,6.083862864482699e-12
208.47,-2.2140087471828198e-12,6.015882356913096e-12
208.48,-2.1551603681622836e-12,5.947361328852119e-12
208.49,-2.096324009491171e-12,5.878307976937144e-12
208.5,-2.0375063294309236e-12,5.80873049168871e-12
208.51,-1.978713852496648e-12,5.7386368739155025e-12
208.52,-1.9199530921673616e-12,5.668035844094538e-12
208.53,-1.861230452385588e-12,5.596935295102446e-12
208.54,-1.8025532711384163e-12,5.52534356675192e-12
208.55,-1.743925288923905e-12,5.453269572297527e-12
208.56,-1.6853554155770412e-12,5.38072103641736e-12
208.57,-1.626849523323232e-12,5.307706856655195e-12
208.58,-1.568413560906954e-12,5.234235433388065e-12
208.59,-1.510054130696928e-12,5.160315444278577e-12
208.6,-1.4517775614004412e-12,5.0859548580516886e-12
208.61,-1.3935896762852363e-12,5.011163008084223e-12
208.62,-1.3354972552585727e-12,4.935948260023773e-12
208.63,-1.277505742454942e-12,4.860318781973197e-12
208.64,-1.2196228133891735e-12,4.784284625071967e-12
208.65,-1.1618531887729956e-12,4.707853268823533e-12
208.66,-1.1042038391189985e-12,4.631033975363991e-12
208.67,-1.0466800108824584e-12,4.553835178820582e-12
208.68,-9.892890421093102e-13,4.476266292336491e-12
208.69,-9.320353138808365e-13,4.398335546225387e-12
208.7,-8.749259487713998e-13,4.320052178882514e-12
208.71,-8.179672393099507e-13,4.241425079779295e-12
208.72,-7.611638522526192e-13,4.162462920149279e-12
208.73,-7.045234089114875e-13,4.083175103194394e-12
208.74,-6.480502571932236e-13,4.003570092573631e-12
208.75,-5.917507820828196e-13,3.9236571144481576e-12
208.76,-5.356308349917988e-13,3.843445153008657e-12
208.77,-4.796963863391994e-13,3.762943140035044e-12
208.78,-4.2395270071254296e-13,3.6821603456256415e-12
208.79,-3.684057165311576e-13,3.6011055272744725e-12
208.8,-3.1306094118575305e-13,3.5197879984202526e-12
208.81,-2.5792443923428974e-13,3.438216747360033e-12
208.82,-2.0300122512361086e-13,3.3564007599956604e-12
208.83,-1.4829691581309344e-13,3.2743493210640554e-12
208.84,-9.381760136503134e-14,3.1920714600562183e-12
208.85,-3.956809368210457e-14,3.1095763418970717e-12
208.86,1.444561446670785e-14,3.026873209755354e-12
208.87,6.821866676465841e-14,2.943971099694026e-12
208.88,1.217462134407687e-13,2.8608787675670074e-12
208.89,1.7502147343545968e-13,2.777606405626929e-12
208.9,2.2804020618203555e-13,2.6941623821774818e-12
208.91,2.807970325233063e-13,2.610556012211501e-12
208.92,3.3328690950212355e-13,2.52679656968758e-12
208.93,3.8550436803067797e-13,2.4428932095308398e-12
208.94,4.37444977790379e-13,2.3588550348623907e-12
208.95,4.891028173661695e-13,2.274691390027049e-12
208.96,5.404735999626522e-13,2.190411226999733e-12
208.97,5.915521101943388e-13,2.1060239769443097e-12
208.98,6.423332334503834e-13,2.0215387954969883e-12
208.99,6.928132028647055e-13,1.936964404245218e-12
209.0,7.42985309036169e-13,1.8523108238168376e-12
209.01,7.928464379759624e-13,1.7675866310855284e-12
209.02,8.423912909053777e-13,1.6828010637336822e-12
209.03,8.916151721294913e-13,1.5979632510428832e-12
209.04,9.405136033282457e-13,1.5130824739444237e-12
209.05,9.890822650537567e-13,1.4281676757598006e-12
209.06,1.037316161594612e-12,1.3432281432383123e-12
209.07,1.0852109478392656e-12,1.2582730588914692e-12
209.08,1.1327626102609578e-12,1.1733113318108437e-12
209.09,1.1799662402277726e-12,1.0883521591959996e-12
209.1,1.226817901822119e-12,1.0034046051567859e-12
209.11,1.273313180505822e-12,9.18477657833537e-13
209.12,1.3194481127522058e-12,8.335804724289009e-13
209.13,1.3652179687397581e-12,7.487221035757807e-13
209.14,1.4106192408365641e-12,6.63911397351764e-13
209.15,1.4556481023941835e-12,5.79157428899917e-13
209.16,1.5002997243626376e-12,4.944692214235361e-13
209.17,1.5445705927396254e-12,4.09855684411195e-13
209.18,1.5884571332353391e-12,3.2532558624598e-13
209.19,1.6319548877148464e-12,2.408881947817299e-13
209.2,1.6750605516162746e-12,1.565520733461191e-13
209.21,1.7177702687291755e-12,7.232615926420673e-14
209.22,1.760080328498014e-12,-1.178055553178131e-14
209.23,1.8019870494030052e-12,-9.575940096124435e-14
209.24,1.8434872850493267e-12,-1.796016858741069e-13
209.25,1.8845769991568864e-12,-2.6329855055207977e-13
209.26,1.925253813279306e-12,-3.468413011117568e-13
209.27,1.9655120230699935e-12,-4.302210776797169e-13
209.28,2.0053499714693255e-12,-5.134292470423356e-13
209.29,2.044764718654395e-12,-5.964575346643717e-13
209.3,2.0837526265082202e-12,-6.792970870228109e-13
209.31,2.1223101032988017e-12,-7.619393169650803e-13
209.32,2.160434449477184e-12,-8.443756815944943e-13
209.33,2.198122473171795e-12,-9.265976511225687e-13
209.34,2.235371286744391e-12,-1.0085969920403005e-12
209.35,2.272177838191647e-12,-1.0903649482602956e-12
209.36,2.3085394064758858e-12,-1.1718934698145152e-12
209.37,2.344453361682211e-12,-1.2531741237827988e-12
209.38,2.3799160994311667e-12,-1.3341982675049626e-12
209.39,2.4149257165117295e-12,-1.4149580027727703e-12
209.4,2.4494793973973665e-12,-1.4954449959929473e-12
209.41,2.4835746280465296e-12,-1.575651158977676e-12
209.42,2.517208561105261e-12,-1.6555681478365563e-12
209.43,2.550378959286228e-12,-1.7351879362564513e-12
209.44,2.583083117748101e-12,-1.8145023321833642e-12
209.45,2.6153194385757353e-12,-1.893503772235734e-12
209.46,2.6470851404312904e-12,-1.972184064436649e-12
209.47,2.6783777792150556e-12,-2.050535011167148e-12
209.48,2.7091951147721902e-12,-2.128549116814933e-12
209.49,2.739535918817505e-12,-2.2062182037759026e-12
209.5,2.7693973132466904e-12,-2.2835348168058055e-12
209.51,2.798777692321852e-12,-2.3604910981962523e-12
209.52,2.827674897402032e-12,-2.4370793881700745e-12
209.53,2.8560872879953554e-12,-2.513292206322774e-12
209.54,2.8840127671084885e-12,-2.589121585960688e-12
209.55,2.91144988890831e-12,-2.664560318492425e-12
209.56,2.9383965163887074e-12,-2.7396009841866282e-12
209.57,2.964851250977798e-12,-2.814235794238558e-12
209.58,2.9908128416358864e-12,-2.8884580541161756e-12
209.59,3.0162796270062696e-12,-2.9622599594895153e-12
209.6,3.041250124306627e-12,-3.035634230882934e-12
209.61,3.065722183481809e-12,-3.10857393331694e-12
209.62,3.08969597409695e-12,-3.181072095725677e-12
209.63,3.1131685772214486e-12,-3.2531208042093644e-12
209.64,3.136139845616437e-12,-3.3247139393097505e-12
209.65,3.158608894240879e-12,-3.395844252720298e-12
209.66,3.1805739222476226e-12,-3.4665047831244934e-12
209.67,3.202033919761181e-12,-3.5366887516890495e-12
209.68,3.2229882444738608e-12,-3.6063893829395247e-12
209.69,3.24343582617894e-12,-3.6755999787264836e-12
209.7,3.2633757256241156e-12,-3.744313855706047e-12
209.71,3.282808748603504e-12,-3.812524673653113e-12
209.72,3.3017297451047235e-12,-3.880225317607118e-12
209.73,3.3201425425474103e-12,-3.947409888935418e-12
209.74,3.3380446918960058e-12,-4.014071791760863e-12
209.75,3.3554367660974176e-12,-4.0802049337688326e-12
209.76,3.3723155577110118e-12,-4.145802482192008e-12
209.77,3.388684200459729e-12,-4.210858876040733e-12
209.78,3.4045400288364144e-12,-4.275367755966692e-12
209.79,3.4198832758565504e-12,-4.33932287109744e-12
209.8,3.434714054762457e-12,-4.402718672344902e-12
209.81,3.4490311588667947e-12,-4.465548785196552e-12
209.82,3.4628352396815623e-12,-4.527807440623432e-12
209.83,3.4761265061043454e-12,-4.5894893751330675e-12
209.84,3.4889042219324353e-12,-4.650588315080765e-12
209.85,3.5011685900516823e-12,-4.711098670840315e-12
209.86,3.512919923489352e-12,-4.771015137645252e-12
209.87,3.5241584263242464e-12,-4.830332143185862e-12
209.88,3.534883867037135e-12,-4.8890440058198354e-12
209.89,3.5450968422995835e-12,-4.947145872102545e-12
209.9,3.554797353213026e-12,-5.004632086875409e-12
209.91,3.563986641375299e-12,-5.061497559619487e-12
209.92,3.572664245600359e-12,-5.1177370586275025e-12
209.93,3.580831559326176e-12,-5.1733458188982586e-12
209.94,3.5884870731622613e-12,-5.2283185830263335e-12
209.95,3.595633495036835e-12,-5.2826505689795035e-12
209.96,3.602270995098093e-12,-5.336336973785266e-12
209.97,3.6084000748915786e-12,-5.3893730418159286e-12
209.98,3.6140216450094507e-12,-5.441754153206797e-12
209.99,3.619136856021886e-12,-5.493475606843707e-12
210.0,3.6237450754473017e-12,-5.544532872618189e-12
210.01,3.6278489544753686e-12,-5.594921699732045e-12
210.02,3.6314489876994948e-12,-5.64463755255841e-12
210.03,3.634545731535595e-12,-5.6936761818923236e-12
210.04,3.637140707807746e-12,-5.742033444206825e-12
210.05,3.639235121079893e-12,-5.789705259818019e-12
210.06,3.640830273154958e-12,-5.836687490706003e-12
210.07,3.641927117601094e-12,-5.882976324415593e-12
210.08,3.6425269037979946e-12,-5.9285676865920545e-12
210.09,3.642631287201797e-12,-5.973457871286601e-12
210.1,3.642241544080381e-12,-6.01764315789759e-12
210.11,3.6413589487884695e-12,-6.061119976824492e-12
210.12,3.639985564454154e-12,-6.103884622167924e-12
210.13,3.638122601142464e-12,-6.145933791944738e-12
210.14,3.6357716070968656e-12,-6.1872639397649e-12
210.15,3.6329343825228507e-12,-6.227871871410861e-12
210.16,3.6296129712263177e-12,-6.267754363200679e-12
210.17,3.6258082450736076e-12,-6.30690815992215e-12
210.18,3.6215227606725586e-12,-6.345330315864246e-12
210.19,3.616758300900799e-12,-6.383017786677718e-12
210.2,3.6115161146807406e-12,-6.419967679021048e-12
210.21,3.6058001400539003e-12,-6.4561773539670885e-12
210.22,3.5996102663204613e-12,-6.491643787228831e-12
210.23,3.59294938673525e-12,-6.52636460749541e-12
210.24,3.58581971148994e-12,-6.560336982912498e-12
210.25,3.5782231209093874e-12,-6.593558587585799e-12
210.26,3.570162000106126e-12,-6.626027140074008e-12
210.27,3.5616382154697423e-12,-6.657740172623869e-12
210.28,3.5526546950506667e-12,-6.688695567741154e-12
210.29,3.5432137347194307e-12,-6.718891121161127e-12
210.3,3.5333172541936984e-12,-6.748324755059417e-12
210.31,3.522967817613196e-12,-6.776994738213047e-12
210.32,3.5121682207698195e-12,-6.804898648601885e-12
210.33,3.500920677606142e-12,-6.832035154581877e-12
210.34,3.4892280742488745e-12,-6.858402500325816e-12
210.35,3.4770928218198857e-12,-6.883998929612086e-12
210.36,3.464517516764891e-12,-6.908823018692245e-12
210.37,3.4515049758635116e-12,-6.932873212449188e-12
210.38,3.438056813210181e-12,-6.956147816806805e-12
210.39,3.4241789192652528e-12,-6.978646378259037e-12
210.4,3.4098713561010086e-12,-7.0003671015676554e-12
210.41,3.3951376075388743e-12,-7.021308878707578e-12
210.42,3.379980584037255e-12,-7.0414708285884856e-12
210.43,3.3644035082528105e-12,-7.060851862112145e-12
210.44,3.3484091642072824e-12,-7.079451260402676e-12
210.45,3.3320006953276387e-12,-7.097268197179755e-12
210.46,3.315180915815537e-12,-7.114301883830108e-12
210.47,3.2979533551454075e-12,-7.130551942375007e-12
210.48,3.2803206240737636e-12,-7.1460175595889354e-12
210.49,3.2622863661449735e-12,-7.1606985790413665e-12
210.5,3.243853610067329e-12,-7.1745944415875455e-12
210.51,3.2250224544681216e-12,-7.1877042995385344e-12
210.52,3.2058056811733333e-12,-7.200029997972408e-12
210.53,3.1861969932057042e-12,-7.211569274412093e-12
210.54,3.166203111661263e-12,-7.222323017200971e-12
210.55,3.145827482789075e-12,-7.232291154099347e-12
210.56,3.1250735354963934e-12,-7.241474023065217e-12
210.57,3.1039436685595563e-12,-7.249871252833935e-12
210.58,3.0824428165546588e-12,-7.257483859471046e-12
210.59,3.0605741075855795e-12,-7.2643120790604565e-12
210.6,3.038340778970897e-12,-7.270356047483864e-12
210.61,3.0157466179925387e-12,-7.275617004780803e-12
210.62,2.992795429946527e-12,-7.28009505224323e-12
210.63,2.969490408443774e-12,-7.283790980168812e-12
210.64,2.9458355552094544e-12,-7.286705801236917e-12
210.65,2.921834548354209e-12,-7.288840151302403e-12
210.66,2.8974909112087603e-12,-7.290195450987194e-12
210.67,2.872808450791661e-12,-7.29077224553782e-12
210.68,2.8477916272780316e-12,-7.290572184494262e-12
210.69,2.8224430712100107e-12,-7.289596151417302e-12
210.7,2.7967676913060934e-12,-7.287845451971646e-12
210.71,2.7707687104007836e-12,-7.285321606443153e-12
210.72,2.7444501051913966e-12,-7.282026031617825e-12
210.73,2.7178162897228715e-12,-7.277960392777401e-12
210.74,2.6908707920088285e-12,-7.2731261531227025e-12
210.75,2.663617640541384e-12,-7.267525177051095e-12
210.76,2.6360607820967472e-12,-7.2611591172534855e-12
210.77,2.6082043024653587e-12,-7.254029906420662e-12
210.78,2.5800519127265134e-12,-7.246139501543038e-12
210.79,2.55160885390268e-12,-7.237489956987937e-12
210.8,2.522878028932472e-12,-7.2280832200288415e-12
210.81,2.493863817065647e-12,-7.217921751544296e-12
210.82,2.464570343133692e-12,-7.207007487043842e-12
210.83,2.4350019266355682e-12,-7.195342912158041e-12
210.84,2.405162818210014e-12,-7.182930553543718e-12
210.85,2.3750565715394845e-12,-7.169772937078627e-12
210.86,2.344688403343295e-12,-7.155872276732088e-12
210.87,2.314061555451142e-12,-7.141231357928275e-12
210.88,2.283180976032657e-12,-7.125853168692599e-12
210.89,2.252050850299667e-12,-7.1097403299112e-12
210.9,2.2206745301381934e-12,-7.092895428510055e-12
210.91,2.1890580752737456e-12,-7.0753219454301305e-12
210.92,2.157204178946757e-12,-7.057022453707044e-12
210.93,2.1251177626889745e-12,-7.0380002059282425e-12
210.94,2.0928033647551695e-12,-7.018258331364463e-12
210.95,2.0602648250269467e-12,-6.997799992325768e-12
210.96,2.027507283256102e-12,-6.976628626716123e-12
210.97,1.9945344346110807e-12,-6.9547476484153924e-12
210.98,1.9613507356557753e-12,-6.932160238280981e-12
210.99,1.9279604931762794e-12,-6.90887006343024e-12
211.0,1.894368690900331e-12,-6.884880775139495e-12
211.01,1.860579605826572e-12,-6.860196004336944e-12
211.02,1.8265971991861313e-12,-6.834819453768147e-12
211.03,1.7924263033461325e-12,-6.808754808004338e-12
211.04,1.7580712944173812e-12,-6.782006055983457e-12
211.05,1.7235365366992613e-12,-6.7545770135084135e-12
211.06,1.688826560325342e-12,-6.7264718154201616e-12
211.07,1.6539459548045985e-12,-6.697694429386807e-12
211.08,1.618898866992952e-12,-6.6682488715725046e-12
211.09,1.583690043772667e-12,-6.638139495815058e-12
211.1,1.5483243763299777e-12,-6.6073706732797466e-12
211.11,1.5128050459853238e-12,-6.575946260151125e-12
211.12,1.4771382499422505e-12,-6.5438710670633695e-12
211.13,1.4413271758584792e-12,-6.511149340786641e-12
211.14,1.4053768617881523e-12,-6.477785645776568e-12
211.15,1.369292540889223e-12,-6.443784653074451e-12
211.16,1.3330774432249874e-12,-6.409150764223614e-12
211.17,1.2967366727375575e-12,-6.37388881868546e-12
211.18,1.2602745642065815e-12,-6.338003456554305e-12
211.19,1.2236960445851655e-12,-6.301499624161045e-12
211.2,1.1870055633118583e-12,-6.264382230575152e-12
211.21,1.150207058635419e-12,-6.226655861426248e-12
211.22,1.1133056921386933e-12,-6.188325787769247e-12
211.23,1.0763056173785814e-12,-6.1493970118655096e-12
211.24,1.039212064767363e-12,-6.109874672355894e-12
211.25,1.0020286892604619e-12,-6.06976381714275e-12
211.26,9.647599785108471e-13,-6.029069476052585e-12
211.27,9.274105684524128e-13,-5.9877970876951075e-12
211.28,8.89985812120435e-13,-5.945952159345962e-12
211.29,8.524892970925252e-13,-5.90353984039388e-12
211.3,8.14925834443602e-13,-5.860565579215454e-12
211.31,7.773000040966298e-13,-5.817034757147756e-12
211.32,7.396160374030243e-13,-5.772952943183242e-12
211.33,7.018785735129177e-13,-5.728326003229147e-12
211.34,6.640922261437111e-13,-5.6831591893205326e-12
211.35,6.262612712512688e-13,-5.637458259848342e-12
211.36,5.883901331581604e-13,-5.591228917157205e-12
211.37,5.504835602280134e-13,-5.544477073432547e-12
211.38,5.125455920002444e-13,-5.497208324091387e-12
211.39,4.745809312412128e-13,-5.449428668347525e-12
211.4,4.3659393414033694e-13,-5.401143923512423e-12
211.41,3.9858930500295275e-13,-5.352360163850948e-12
211.42,3.6057082048510935e-13,-5.30308318259042e-12
211.43,3.2254324235372136e-13,-5.253319175103136e-12
211.44,2.845109906268539e-13,-5.203074179501291e-12
211.45,2.464785930739637e-13,-5.152354083746755e-12
211.46,2.0844999560188546e-13,-5.1011657508760494e-12
211.47,1.7042974870707123e-13,-5.049514623351682e-12
211.48,1.3242230550884917e-13,-4.997407239973932e-12
211.49,9.443191759009404e-14,-4.9448498267037935e-12
211.5,5.646279095889017e-14,-4.89184881115665e-12
211.51,1.851935667992433e-14,-4.83841043632651e-12
211.52,-1.9394143146506577e-14,-4.784541096759673e-12
211.53,-5.727360685203883e-14,-4.730247294405508e-12
211.54,-9.511421150354122e-14,-4.675535549409323e-12
211.55,-1.3291278220398807e-13,-4.620411989759841e-12
211.56,-1.7066442137904666e-13,-4.564883532301889e-12
211.57,-2.0836471610927775e-13,-4.50895667675454e-12
211.58,-2.460098158752898e-13,-4.452637909769204e-12
211.59,-2.835955494288753e-13,-4.395934459295429e-12
211.6,-3.2111808627854146e-13,-4.338851363693365e-12
211.61,-3.5857276295782345e-13,-4.281396868290563e-12
211.62,-3.959554069546422e-13,-4.2235774004756e-12
211.63,-4.3326257252090713e-13,-4.165399341342581e-12
211.64,-4.70489486240132e-13,-4.106869773979703e-12
211.65,-5.076328340328248e-13,-4.047995158239345e-12
211.66,-5.446880094959583e-13,-3.988782674689584e-12
211.67,-5.816512726880039e-13,-3.929238959205435e-12
211.68,-6.185192852522369e-13,-3.869370861058183e-12
211.69,-6.552859753895836e-13,-3.809185693428123e-12
211.7,-6.919495036170603e-13,-3.748689774591219e-12
211.71,-7.285053961282425e-13,-3.687890388298961e-12
211.72,-7.649493487685814e-13,-3.6267945478682036e-12
211.73,-8.01278218513524e-13,-3.565408993026816e-12
211.74,-8.374876083232019e-13,-3.5037409698175466e-12
211.75,-8.735738559776406e-13,-3.441797397957061e-12
211.76,-9.095332386024802e-13,-3.379585282357418e-12
211.77,-9.453621604975841e-13,-3.3171117523747006e-12
211.78,-9.810561237500219e-13,-3.254383932547567e-12
211.79,-1.0166119157677467e-12,-3.1914086697059593e-12
211.8,-1.052026263815843e-12,-3.1281936037769627e-12
211.81,-1.0872947782843122e-12,-3.064745494561258e-12
211.82,-1.12241448282283e-12,-3.0010712370805574e-12
211.83,-1.1573814239814427e-12,-2.937178337530457e-12
211.84,-1.1921922289235384e-12,-2.873073748259634e-12
211.85,-1.2268427514906613e-12,-2.8087650073919342e-12
211.86,-1.2613301197395234e-12,-2.7442590878828176e-12
211.87,-1.2956503561966469e-12,-2.679563117061191e-12
211.88,-1.329800863417851e-12,-2.6146842183520253e-12
211.89,-1.3637770483255901e-12,-2.5496298894846214e-12
211.9,-1.3975764574335613e-12,-2.4844070303323603e-12
211.91,-1.431195065248008e-12,-2.419023075446983e-12
211.92,-1.4646300068054982e-12,-2.3534851087080032e-12
211.93,-1.4978777218819964e-12,-2.287800594602336e-12
211.94,-1.5309347676026506e-12,-2.221976427979335e-12
211.95,-1.5637984806192085e-12,-2.156020239884746e-12
211.96,-1.5964649124775842e-12,-2.089939142890436e-12
211.97,-1.6289314340045908e-12,-2.0237401433875567e-12
211.98,-1.6611945085858463e-12,-1.9574308884862026e-12
211.99,-1.693251157226347e-12,-1.891018394166257e-12
212.0,-1.7250984638907787e-12,-1.824509819298826e-12
212.01,-1.7567331205777486e-12,-1.7579126419950281e-12
212.02,-1.7881522501814816e-12,-1.691233919719776e-12
212.03,-1.8193525259703234e-12,-1.6244810155848036e-12
212.04,-1.850332056458303e-12,-1.5576609907107632e-12
212.05,-1.881086529464487e-12,-1.4907813758663071e-12
212.06,-1.91161379255118e-12,-1.4238491981552616e-12
212.07,-1.9419109881019257e-12,-1.3568716564661536e-12
212.08,-1.971975101739201e-12,-1.2898560956651011e-12
212.09,-2.0018033360095786e-12,-1.2228097096828183e-12
212.1,-2.0313928831141773e-12,-1.155739616540402e-12
212.11,-2.0607414998398606e-12,-1.08865298949655e-12
212.12,-2.089846109461509e-12,-1.021557091123571e-12
212.13,-2.118704051834123e-12,-9.544589999259304e-13
212.14,-2.147312937609498e-12,-8.873660958170046e-13
212.15,-2.1756699160702893e-12,-8.202852166834847e-13
212.16,-2.2037727647071138e-12,-7.532237563137014e-13
212.17,-2.2316187658044587e-12,-6.861886670595355e-13
212.18,-2.2592053932621415e-12,-6.191871949065858e-13
212.19,-2.2865302774215403e-12,-5.522263903778573e-13
212.2,-2.313591617977203e-12,-4.85313312703335e-13
212.21,-2.3403857424750304e-12,-4.184549792085242e-13
212.22,-2.366911824763084e-12,-3.5165819714989766e-13
212.23,-2.3931664360290915e-12,-2.849307553646642e-13
212.24,-2.419148004092902e-12,-2.1827884382865617e-13
212.25,-2.444854120316763e-12,-1.5170986535954307e-13
212.26,-2.4702822037717682e-12,-8.523084770155961e-14
212.27,-2.4954313400032973e-12,-1.8848348588837694e-14
212.28,-2.5202984556734844e-12,4.743051613932461e-14
212.29,-2.544881234378404e-12,1.1359841751267891e-13
212.3,-2.569178152561391e-12,1.796489425382326e-13
212.31,-2.5931878956081425e-12,2.455754505809015e-13
212.32,-2.6169074048707352e-12,3.113704950731027e-13
212.33,-2.6403352862017757e-12,3.770277685361085e-13
212.34,-2.6634700952713592e-12,4.4254015680613325e-13
212.35,-2.686308135768595e-12,5.079008846181006e-13
212.36,-2.7088503354740387e-12,5.731036939974421e-13
212.37,-2.731093720952151e-12,6.381414940351044e-13
212.38,-2.753035958575296e-12,7.030076378684097e-13
212.39,-2.7746762319927392e-12,7.67695538485632e-13
212.4,-2.7960125372438165e-12,8.321984165442093e-13
212.41,-2.8170436236274444e-12,8.965099979868298e-13
212.42,-2.8377677349713705e-12,9.606235286220898e-13
212.43,-2.858183387696878e-12,1.0245325303090707e-12
212.44,-2.8782891062423683e-12,1.088230451807401e-12
212.45,-2.8980835288745274e-12,1.1517110404965009e-12
212.46,-2.917565226314401e-12,1.2149675926161757e-12
212.47,-2.936732814715984e-12,1.2779939566359847e-12
212.48,-2.9555851316006924e-12,1.340784120404076e-12
212.49,-2.9741209856338208e-12,1.4033304525338623e-12
212.5,-2.9923384438336505e-12,1.4656279983169087e-12
212.51,-3.0102375319796172e-12,1.5276700774545395e-12
212.52,-3.027816507915314e-12,1.589450422655602e-12
212.53,-3.0450741356921055e-12,1.650962716604485e-12
212.54,-3.062009207977409e-12,1.712201424084642e-12
212.55,-3.0786210959184722e-12,1.7731598896776107e-12
212.56,-3.094908742867219e-12,1.833832210029759e-12
212.57,-3.1108714884948484e-12,1.8942125429453576e-12
212.58,-3.126507672586718e-12,1.9542945877382647e-12
212.59,-3.141816995905824e-12,2.014072567506192e-12
212.6,-3.1567987038720503e-12,2.073540692162263e-12
212.61,-3.1714515064260417e-12,2.1326930738015272e-12
212.62,-3.1857748475941913e-12,2.1915236328437596e-12
212.63,-3.199768731849943e-12,2.2500272834521035e-12
212.64,-3.213431460177338e-12,2.3081977987520847e-12
212.65,-3.2267636773027836e-12,2.366029528017756e-12
212.66,-3.239763607031773e-12,2.4235169987706485e-12
212.67,-3.2524309665520434e-12,2.4806543536159458e-12
212.68,-3.2647656161514886e-12,2.537436445019908e-12
212.69,-3.276766885261242e-12,2.5938575230289815e-12
212.7,-3.2884345168747383e-12,2.649912323319124e-12
212.71,-3.2997677074994263e-12,2.7055953674653954e-12
212.72,-3.310766804248567e-12,2.7609013227579674e-12
212.73,-3.3214308887660924e-12,2.815824777256034e-12
212.74,-3.331760225999068e-12,2.8703607890600577e-12
212.75,-3.3417547992606305e-12,2.9245039868169796e-12
212.76,-3.3514125260074337e-12,2.9782491953608586e-12
212.77,-3.3607354233167515e-12,3.0315912790868687e-12
212.78,-3.369722721175746e-12,3.084525333792741e-12
212.79,-3.3783744249381933e-12,3.1370464346195857e-12
212.8,-3.3866899794543332e-12,3.189149357684321e-12
212.81,-3.394670212386689e-12,3.2408294972862677e-12
212.82,-3.4023147889397218e-12,3.2920820362121717e-12
212.83,-3.4096234312317692e-12,3.342901840914155e-12
212.84,-3.4165965042027114e-12,3.393284543427712e-12
212.85,-3.4232350696666486e-12,3.4432254035338737e-12
212.86,-3.429538204281004e-12,3.492719765763509e-12
212.87,-3.435506620068488e-12,3.5417631023070696e-12
212.88,-3.441140228867878e-12,3.590350795474817e-12
212.89,-3.446439785816119e-12,3.638478468124257e-12
212.9,-3.4514055913711394e-12,3.6861419190937234e-12
212.91,-3.4560379740759693e-12,3.733336601389109e-12
212.92,-3.460337108430671e-12,3.780058214932849e-12
212.93,-3.4643037415155186e-12,3.826302714554718e-12
212.94,-3.467938532524586e-12,3.872065706750659e-12
212.95,-3.471241814462251e-12,3.917343308508494e-12
212.96,-3.474214188972003e-12,3.962131453067589e-12
212.97,-3.4768563709670645e-12,4.006426018918225e-12
212.98,-3.479168852060988e-12,4.05022317577828e-12
212.99,-3.4811525719562716e-12,4.09351906492064e-12
213.0,-3.4828079811073764e-12,4.1363098497414266e-12
213.01,-3.4841359032435785e-12,4.178591752567053e-12
213.02,-3.4851372528209176e-12,4.220361156680688e-12
213.03,-3.485813023102527e-12,4.261614387351663e-12
213.04,-3.4861636947517166e-12,4.302347909580666e-12
213.05,-3.486190445660636e-12,4.3425582280918596e-12
213.06,-3.485894235217511e-12,4.382241884120393e-12
213.07,-3.485275764889789e-12,4.421395441883878e-12
213.08,-3.484336453780063e-12,4.460015724311025e-12
213.09,-3.483076953225761e-12,4.498099336424979e-12
213.1,-3.481498529736304e-12,4.535643157503535e-12
213.11,-3.4796019511351056e-12,4.572644130894472e-12
213.12,-3.477389905201005e-12,4.609098993417532e-12
213.13,-3.4748614646432367e-12,4.645004892728884e-12
213.14,-3.4720188504800912e-12,4.6803588736595924e-12
213.15,-3.4688632146188923e-12,4.715158057111055e-12
213.16,-3.465395745525563e-12,4.7493996103914505e-12
213.17,-3.461618668153206e-12,4.783080930312753e-12
213.18,-3.4575314321649655e-12,4.816198935580477e-12
213.19,-3.4531369132559823e-12,4.8487514038647844e-12
213.2,-3.4484363492282188e-12,4.8807357768457655e-12
213.21,-3.4434304110434664e-12,4.9121491392300944e-12
213.22,-3.4381217688120623e-12,4.942989753317081e-12
213.23,-3.432510330665175e-12,4.973254472448862e-12
213.24,-3.4265996136040015e-12,5.002941678596883e-12
213.25,-3.420389580024311e-12,5.032048733088964e-12
213.26,-3.4138822213152134e-12,5.060573681495863e-12
213.27,-3.407079438544167e-12,5.088514319327304e-12
213.28,-3.3999830189257627e-12,5.115868719030078e-12
213.29,-3.392593605358425e-12,5.14263461313586e-12
213.3,-3.3849148254710668e-12,5.1688108141651846e-12
213.31,-3.3769465920952093e-12,5.194394756355244e-12
213.32,-3.368691583906403e-12,5.2193850090171e-12
213.33,-3.36015141621713e-12,5.243779841667996e-12
213.34,-3.3513277139032694e-12,5.26757737655755e-12
213.35,-3.3422226353318415e-12,5.290776459475234e-12
213.36,-3.3328379289791897e-12,5.3133753372615695e-12
213.37,-3.3231755144402246e-12,5.335372605844373e-12
213.38,-3.313237379643745e-12,5.3567668507140946e-12
213.39,-3.303024938346902e-12,5.37755704006634e-12
213.4,-3.292541274739804e-12,5.39774163197807e-12
213.41,-3.28178765088685e-12,5.417319622606582e-12
213.42,-3.270766069086307e-12,5.436289544807062e-12
213.43,-3.25947901280138e-12,5.454651175929127e-12
213.44,-3.2479281237288157e-12,5.472402888545626e-12
213.45,-3.2361159262598524e-12,5.489543914699674e-12
213.46,-3.2240443604507866e-12,5.506073501643999e-12
213.47,-3.2117157383539234e-12,5.52199094748981e-12
213.48,-3.1991312015360657e-12,5.5372950352856914e-12
213.49,-3.186294953046462e-12,5.5519858871150235e-12
213.5,-3.1732078176948646e-12,5.56606254138244e-12
213.51,-3.1598724795346156e-12,5.579524528285241e-12
213.52,-3.146290512505709e-12,5.59237136954255e-12
213.53,-3.1324651688350685e-12,5.60460289415891e-12
213.54,-3.1183985469551895e-12,5.616218662917671e-12
213.55,-3.1040923531085473e-12,5.62721834095026e-12
213.56,-3.0895511533545677e-12,5.637602661701788e-12
213.57,-3.0747732642463306e-12,5.647369421855596e-12
213.58,-3.059764287277392e-12,5.656520423857737e-12
213.59,-3.044526562178047e-12,5.665055400340518e-12
213.6,-3.029061106849259e-12,5.672974086080855e-12
213.61,-3.0133714688105162e-12,5.680276791498471e-12
213.62,-2.997459350378984e-12,5.686963746084152e-12
213.63,-2.981327761246336e-12,5.6930352001703025e-12
213.64,-2.964979391672386e-12,5.698491658366469e-12
213.65,-2.948415920238237e-12,5.703333239702775e-12
213.66,-2.9316411743585474e-12,5.707560821057672e-12
213.67,-2.914656797625517e-12,5.711174629281673e-12
213.68,-2.8974659409943557e-12,5.714175578540636e-12
213.69,-2.8800703265028826e-12,5.716564038751147e-12
213.7,-2.8624731354441228e-12,5.718340904773607e-12
213.71,-2.844677272553959e-12,5.719507045391205e-12
213.72,-2.8266850484170404e-12,5.720063219323265e-12
213.73,-2.8084993399716173e-12,5.720010456633636e-12
213.74,-2.790122380613675e-12,5.719349669244482e-12
213.75,-2.7715575644589323e-12,5.718082070357178e-12
213.76,-2.752806848387417e-12,5.716208567906381e-12
213.77,-2.733873987844399e-12,5.713730633445381e-12
213.78,-2.714760997316561e-12,5.710649408512866e-12
213.79,-2.6954705198711715e-12,5.706965973938076e-12
213.8,-2.676005565928297e-12,5.702682027826467e-12
213.81,-2.656368750153115e-12,5.69779867078582e-12
213.82,-2.6365633646638913e-12,5.692318111173102e-12
213.83,-2.616591613424846e-12,5.6862411369275285e-12
213.84,-2.5964565328968046e-12,5.679569579259821e-12
213.85,-2.576161133731475e-12,5.672305384469991e-12
213.86,-2.5557080124379096e-12,5.664450024443616e-12
213.87,-2.5351004948280196e-12,5.6560055727353484e-12
213.88,-2.5143401563457618e-12,5.646973507546059e-12
213.89,-2.493431301704973e-12,5.6373559969978585e-12
213.9,-2.472376315375675e-12,5.627155185768894e-12
213.91,-2.4511777372993566e-12,5.616372710064033e-12
213.92,-2.4298389102043963e-12,5.605010905843004e-12
213.93,-2.4083623889133797e-12,5.593072031720823e-12
213.94,-2.386751590772352e-12,5.58055835359422e-12
213.95,-2.3650087752522682e-12,5.567471795566062e-12
213.96,-2.343137603575501e-12,5.553815051742732e-12
213.97,-2.3211401575738022e-12,5.539590217441697e-12
213.98,-2.299019988679702e-12,5.524799958577797e-12
213.99,-2.2767799028060663e-12,5.509446745490197e-12
214.0,-2.2544226773638616e-12,5.493533051263144e-12
214.01,-2.2319513269143407e-12,5.477061464303123e-12
214.02,-2.20936926646718e-12,5.460034901261727e-12
214.03,-2.1866788525374927e-12,5.4424559540226895e-12
214.04,-2.163883415171655e-12,5.4243273403439954e-12
214.05,-2.1409853192454417e-12,5.405651890562351e-12
214.06,-2.117988389277542e-12,5.386432485037195e-12
214.07,-2.094895145903488e-12,5.366672249348972e-12
214.08,-2.0717083987582352e-12,5.346373851005937e-12
214.09,-2.0484316991527216e-12,5.325540828617469e-12
214.1,-2.025067698950995e-12,5.304175888963652e-12
214.11,-2.001619088462768e-12,5.28228230224019e-12
214.12,-1.9780892864357365e-12,5.259863223810302e-12
214.13,-1.9544811025198795e-12,5.236921969444101e-12
214.14,-1.9307976304129815e-12,5.213461952581293e-12
214.15,-1.907041683532992e-12,5.189486137776639e-12
214.16,-1.883216492986321e-12,5.164998373136979e-12
214.17,-1.8593249273762744e-12,5.140001926998994e-12
214.18,-1.835369504634062e-12,5.114500205622675e-12
214.19,-1.8113539196546813e-12,5.088496736963161e-12
214.2,-1.7872810172726015e-12,5.061995565165157e-12
214.21,-1.7631537156003595e-12,5.035000014955459e-12
214.22,-1.7389744369850457e-12,5.007513531010289e-12
214.23,-1.7147473450401976e-12,4.979540192562449e-12
214.24,-1.6904739232670148e-12,4.9510836906307345e-12
214.25,-1.6661583659353345e-12,4.922147900393145e-12
214.26,-1.6418032810132795e-12,4.8927366549987535e-12
214.27,-1.6174114844186948e-12,4.862853845040962e-12
214.28,-1.5929857868392718e-12,4.832503383733863e-12
214.29,-1.5685297298373928e-12,4.801689566209786e-12
214.3,-1.54404553363418e-12,4.770416015085492e-12
214.31,-1.5195367742244523e-12,4.738687132791209e-12
214.32,-1.4950062469332509e-12,4.706507092667003e-12
214.33,-1.4704565616245059e-12,4.6738797448470175e-12
214.34,-1.4458906517775814e-12,4.640809557306213e-12
214.35,-1.4213118527758562e-12,4.6073007284496695e-12
214.36,-1.3967226191480999e-12,4.573357537479123e-12
214.37,-1.3721265460174454e-12,4.538984333425792e-12
214.38,-1.3475256805610696e-12,4.504185503520787e-12
214.39,-1.3229235267610562e-12,4.4689655285613824e-12
214.4,-1.2983227623552992e-12,4.43332871003896e-12
214.41,-1.2737261063865456e-12,4.397279636904297e-12
214.42,-1.2491365503323706e-12,4.360822781545251e-12
214.43,-1.2245572425329209e-12,4.323962837584257e-12
214.44,-1.1999902484186443e-12,4.2867040540476866e-12
214.45,-1.1754382340135903e-12,4.249050570861069e-12
214.46,-1.1509064586383075e-12,4.2110094977632095e-12
214.47,-1.1263951196221472e-12,4.1725829343525895e-12
214.48,-1.1019077823885156e-12,4.1337765242114895e-12
214.49,-1.077447396059838e-12,4.0945949389437976e-12
214.5,-1.053017312272136e-12,4.055043416434538e-12
214.51,-1.0286185700424579e-12,4.015125827521292e-12
214.52,-1.0042554333568833e-12,3.974847800726367e-12
214.53,-9.79930296115892e-13,3.934214127138414e-12
214.54,-9.556458679435818e-13,3.893229523719626e-12
214.55,-9.314047678671018e-13,3.8518992295819805e-12
214.56,-9.072099225878964e-13,3.810227982999601e-12
214.57,-8.830637859166614e-13,3.7682208276981015e-12
214.58,-8.589690217788624e-13,3.725882786233535e-12
214.59,-8.349288059670066e-13,3.683218973038163e-12
214.6,-8.109449942983658e-13,3.640234545929101e-12
214.61,-7.870202162060862e-13,3.596934268145898e-12
214.62,-7.631584448555636e-13,3.5533239085769888e-12
214.63,-7.393612969710268e-13,3.5094081077617368e-12
214.64,-7.15630857462019e-13,3.465192286655208e-12
214.65,-6.9197052058076e-13,3.4206814433689445e-12
214.66,-6.683825466906286e-13,3.3758808777281055e-12
214.67,-6.448696962703428e-13,3.3307961207358796e-12
214.68,-6.214341316854698e-13,3.285432133573055e-12
214.69,-5.980787153802873e-13,3.2397943596209195e-12
214.7,-5.748058681948494e-13,3.1938880199301207e-12
214.71,-5.516180361328838e-13,3.147718608186954e-12
214.72,-5.285178147246401e-13,3.1012914539575633e-12
214.73,-5.055069457801946e-13,3.0546115981191675e-12
214.74,-4.825887232501607e-13,3.0076847727413558e-12
214.75,-4.597651569228189e-13,2.960516452343773e-12
214.76,-4.3703918023113937e-13,2.91311197406573e-12
214.77,-4.1441230777988414e-13,2.8654765102528274e-12
214.78,-3.9188734198966877e-13,2.8176158933661738e-12
214.79,-3.6946634198054955e-13,2.7695354281535697e-12
214.8,-3.4715219212432534e-13,2.7212405674524553e-12
214.81,-3.249468425852173e-13,2.6727369931771187e-12
214.82,-3.0285249463258797e-13,2.624030095430593e-12
214.83,-2.8087166118626285e-13,2.5751254058544188e-12
214.84,-2.5900630275164267e-13,2.5260284574701407e-12
214.85,-2.3725878696358397e-13,2.4767447804080836e-12
214.86,-2.156314669043788e-13,2.4272801130919255e-12
214.87,-1.9412633707256526e-13,2.3776399223628152e-12
214.88,-1.7274519163116744e-13,2.327829525138941e-12
214.89,-1.514906852960014e-13,2.277854790592392e-12
214.9,-1.3036501527665147e-13,2.2277214545781904e-12
214.91,-1.0936978307610488e-13,2.177434794483109e-12
214.92,-8.85074657771986e-14,2.127000621660772e-12
214.93,-6.77800054044164e-14,2.0764245072364607e-12
214.94,-4.7189292170910186e-14,2.0257120617548628e-12
214.95,-2.6737468222947597e-14,1.974869006947771e-12
214.96,-6.426506880863719e-15,1.923900817583872e-12
214.97,1.3741687413167345e-14,1.8728132721337972e-12
214.98,3.376506319251454e-14,1.821611948966281e-12
214.99,5.364186751205488e-14,1.770302477227155e-12
215.0,7.337006935541269e-14,1.718890614731567e-12
215.01,9.294763937172074e-14,1.667381968683281e-12
215.02,1.1237311441512386e-13,1.6157820496862578e-12
215.03,1.3164461250542837e-13,1.5640965825286025e-12
215.04,1.5076004750568203e-13,1.5123313219518627e-12
215.05,1.6971799127377679e-13,1.4604917521251346e-12
215.06,1.8851622139557485e-13,1.4085837344277339e-12
215.07,2.0715342820260606e-13,1.3566127661225781e-12
215.08,2.2562805732380787e-13,1.3045845456306911e-12
215.09,2.43937767010972e-13,1.252504551718669e-12
215.1,2.6208125228768945e-13,1.200378703954288e-12
215.11,2.8005690357729417e-13,1.1482123904129424e-12
215.12,2.9786335995473933e-13,1.0960112237235517e-12
215.13,3.1549852299421816e-13,1.0437811372754747e-12
215.14,3.3296125311340876e-13,9.915274697734572e-13
215.15,3.5024981192507993e-13,9.392558252967381e-13
215.16,3.673629422695478e-13,8.869718995434829e-13
215.17,3.8429927728943356e-13,8.346811566359185e-13
215.18,4.010559486888266e-13,7.82389580011278e-13
215.19,4.17633605067757e-13,7.301021164186217e-13
215.2,4.3402934505242374e-13,6.778248160083026e-13
215.21,4.502423547066944e-13,6.255630224392785e-13
215.22,4.6627129506501e-13,5.733224459391335e-13
215.23,4.821147666474072e-13,5.211084246573205e-13
215.24,4.977716211570641e-13,4.689264179008403e-13
215.25,5.132402876625962e-13,4.167822817322198e-13
215.26,5.285196764476733e-13,3.6468104561834283e-13
215.27,5.436085323528304e-13,3.126287593382687e-13
215.28,5.585057919607262e-13,2.606303182423531e-13
215.29,5.732099197633434e-13,2.086915677485578e-13
215.3,5.87720240876197e-13,1.568175346532372e-13
215.31,6.020350764841749e-13,1.050142971068831e-13
215.32,6.161538205553275e-13,5.328664619350158e-14
215.33,6.300754265744276e-13,1.6401243962495578e-15
215.34,6.437984963889744e-13,-4.9919803710821535e-14
215.35,6.573219905008636e-13,-1.0138779472718078e-13
215.36,6.706455696254274e-13,-1.527588174744918e-13
215.37,6.83767502912685e-13,-2.0402697496256648e-13
215.38,6.966873514852137e-13,-2.551874272100918e-13
215.39,7.094036144476579e-13,-3.062346689556278e-13
215.4,7.219163510919314e-13,-3.5716381356252046e-13
215.41,7.342240023741866e-13,-4.07969233782769e-13
215.42,7.463259085392257e-13,-4.586459274053707e-13
215.43,7.582213610747233e-13,-5.09188675483651e-13
215.44,7.699096974786117e-13,-5.595924009159953e-13
215.45,7.813894730764738e-13,-6.098516582516826e-13
215.46,7.926604817185474e-13,-6.599616063227438e-13
215.47,8.037223387698123e-13,-7.099171423783647e-13
215.48,8.145740344100969e-13,-7.597130254249928e-13
215.49,8.252148050294538e-13,-8.093445909555152e-13
215.5,8.35644329870498e-13,-8.588064768868669e-13
215.51,8.458618928554954e-13,-9.080939145293567e-13
215.52,8.558670004195709e-13,-9.57201689133054e-13
215.53,8.656588683129111e-13,-1.0061247586823257e-12
215.54,8.752372461831822e-13,-1.0548591521650513e-12
215.55,8.846015765137469e-13,-1.1033989844273018e-12
215.56,8.937517236541732e-13,-1.1517397474888923e-12
215.57,9.026865755580792e-13,-1.1998767322687596e-12
215.58,9.11406015037669e-13,-1.247804933723524e-12
215.59,9.199101064923645e-13,-1.2955198161207388e-12
215.6,9.281982087273863e-13,-1.3430165871353318e-12
215.61,9.3626979895957e-13,-1.3902904695423762e-12
215.62,9.44124882659941e-13,-1.4373369844113218e-12
215.63,9.517629665394148e-13,-1.4841511261240887e-12
215.64,9.59183796155339e-13,-1.5307286767299296e-12
215.65,9.663876400010512e-13,-1.5770650225514208e-12
215.66,9.73374382847092e-13,-1.6231556016828105e-12
215.67,9.801424393627686e-13,-1.668995736077448e-12
215.68,9.866929015045872e-13,-1.7145811007125327e-12
215.69,9.930258412574876e-13,-1.7599074428987155e-12
215.7,9.99140318646341e-13,-1.8049699238427108e-12
215.71,1.0050368740970067e-12,-1.849764718160566e-12
215.72,1.0107160097313718e-12,-1.894287214896225e-12
215.73,1.0161766381730335e-12,-1.9385333223948077e-12
215.74,1.0214191518750183e-12,-1.9824982476989292e-12
215.75,1.026443551994314e-12,-2.0261784664736202e-12
215.76,1.0312504368967728e-12,-2.069569335707148e-12
215.77,1.0358393852654297e-12,-2.1126670300983055e-12
215.78,1.0402105868992738e-12,-2.1554672162865157e-12
215.79,1.0443644727064054e-12,-2.1979659382414073e-12
215.8,1.048300896559869e-12,-2.2401594905662367e-12
215.81,1.052020117431145e-12,-2.2820433461728948e-12
215.82,1.0555224476526326e-12,-2.3236138754853945e-12
215.83,1.058808039315221e-12,-2.364866977124547e-12
215.84,1.0618777071749257e-12,-2.4057991335573236e-12
215.85,1.0647313711713152e-12,-2.4464061372944433e-12
215.86,1.0673685789860367e-12,-2.4866845329194844e-12
215.87,1.0697908281220104e-12,-2.5266304178701494e-12
215.88,1.0719981209377534e-12,-2.5662400204802736e-12
215.89,1.073990735736502e-12,-2.6055100595169136e-12
215.9,1.075769477555603e-12,-2.64443646983792e-12
215.91,1.077334501649783e-12,-2.683015907479178e-12
215.92,1.0786861831621313e-12,-2.7212448262495623e-12
215.93,1.0798252156708455e-12,-2.7591197939564508e-12
215.94,1.0807520032261952e-12,-2.7966372897118993e-12
215.95,1.0814673405900391e-12,-2.833794023768012e-12
215.96,1.0819713970970336e-12,-2.8705865203543184e-12
215.97,1.0822652539648682e-12,-2.907011539145197e-12
215.98,1.0823489495083018e-12,-2.943065883119861e-12
215.99,1.0822236704943051e-12,-2.978746274857676e-12
216.0,1.0818899344841368e-12,-3.0140495624586937e-12
216.01,1.0813480969289413e-12,-3.0489725623565354e-12
216.02,1.0805996075972616e-12,-3.083512299337221e-12
216.03,1.0796446220701532e-12,-3.117665664906945e-12
216.04,1.0784840375746861e-12,-3.1514298492921983e-12
216.05,1.0771185151207282e-12,-3.18480170898038e-12
216.06,1.0755491695580344e-12,-3.2177784153240394e-12
216.07,1.0737761821323355e-12,-3.2503571043709385e-12
216.08,1.0718013606096485e-12,-3.2825350974500706e-12
216.09,1.0696247350230403e-12,-3.3143094564736757e-12
216.1,1.0672476610380287e-12,-3.3456776290119833e-12
216.11,1.0646710396269773e-12,-3.3766370605542753e-12
216.12,1.061895481252516e-12,-3.407184700199889e-12
216.13,1.0589225106965438e-12,-3.437318544172207e-12
216.14,1.055751839339908e-12,-3.4670356712930806e-12
216.15,1.0523861670179437e-12,-3.496334023010388e-12
216.16,1.0488254517066425e-12,-3.525210840727304e-12
216.17,1.0450709960515508e-12,-3.553663831068962e-12
216.18,1.041124057673235e-12,-3.5816909505809575e-12
216.19,1.036985272595191e-12,-3.6092894710490913e-12
216.2,1.032655963036452e-12,-3.636457424002092e-12
216.21,1.0281374129108083e-12,-3.663192953889104e-12
216.22,1.023430572089885e-12,-3.6894935260978285e-12
216.23,1.0185366451064317e-12,-3.715357151546415e-12
216.24,1.0134568145387548e-12,-3.7407818636275465e-12
216.25,1.0081921152311068e-12,-3.7657657784975575e-12
216.26,1.0027440485253213e-12,-3.79030688225374e-12
216.27,9.971137730216765e-13,-3.8144034262620506e-12
216.28,9.91302230491992e-13,-3.838053476140035e-12
216.29,9.853112223137565e-13,-3.861255231187753e-12
216.3,9.791414562612304e-13,-3.8840071020510275e-12
216.31,9.727948334437346e-13,-3.9063075872108785e-12
216.32,9.662721095511622e-13,-3.928154752220612e-12
216.33,9.595752598705372e-13,-3.949547287650285e-12
216.34,9.527046218967077e-13,-3.970483485030447e-12
216.35,9.456625732067824e-13,-3.9909619758692046e-12
216.36,9.384501009382199e-13,-4.0109814457563805e-12
216.37,9.31068726073606e-13,-4.030540504911809e-12
216.38,9.235196289647838e-13,-4.04963787004916e-12
216.39,9.158046390622906e-13,-4.0682720891376916e-12
216.4,9.079250082156097e-13,-4.086442238937354e-12
216.41,8.998819516802211e-13,-4.104147036436106e-12
216.42,8.916772661923057e-13,-4.121385174798703e-12
216.43,8.833125204750735e-13,-4.138156445876957e-12
216.44,8.747889920767937e-13,-4.1544589237139186e-12
216.45,8.66108333461247e-13,-4.170291994203627e-12
216.46,8.572718630240338e-13,-4.1856549238548505e-12
216.47,8.482820163493369e-13,-4.200546702040603e-12
216.48,8.391387639543937e-13,-4.2149666012003306e-12
216.49,8.298447597133706e-13,-4.228913875742139e-12
216.5,8.204018525688895e-13,-4.2423878756584326e-12
216.51,8.108111370667578e-13,-4.255387969706617e-12
216.52,8.010746642874723e-13,-4.267913630899766e-12
216.53,7.911934473329968e-13,-4.279964248082973e-12
216.54,7.811695195476168e-13,-4.291539343309058e-12
216.55,7.710044748406502e-13,-4.302638601916442e-12
216.56,7.606999832015299e-13,-4.313261376799682e-12
216.57,7.502579827174447e-13,-4.323407857356473e-12
216.58,7.396797124155877e-13,-4.3330773878820525e-12
216.59,7.289673233577516e-13,-4.342269879050377e-12
216.6,7.181222204426049e-13,-4.350984984482778e-12
216.61,7.07146404412506e-13,-4.359222986576585e-12
216.62,6.96041269638817e-13,-4.366983429669471e-12
216.63,6.848089858040215e-13,-4.3742664640835594e-12
216.64,6.734510157428501e-13,-4.381072162172592e-12
216.65,6.619692520172957e-13,-4.387400618628434e-12
216.66,6.50365491277187e-13,-4.3932518498844035e-12
216.67,6.386412093512877e-13,-4.39862599624311e-12
216.68,6.267990248204182e-13,-4.403523827176704e-12
216.69,6.148399824912205e-13,-4.407945003156428e-12
216.7,6.027662788183604e-13,-4.411890281716229e-12
216.71,5.905795099750493e-13,-4.4153598074156065e-12
216.72,5.782815475005637e-13,-4.418354100796363e-12
216.73,5.658743126739999e-13,-4.420873637006836e-12
216.74,5.533597577891888e-13,-4.422919060953127e-12
216.75,5.407391802874047e-13,-4.4244908258383035e-12
216.76,5.280160533086863e-13,-4.425589933144514e-12
216.77,5.151902582426398e-13,-4.426216500124321e-12
216.78,5.022650472090524e-13,-4.426371787032573e-12
216.79,4.892414647302399e-13,-4.426056214187576e-12
216.8,4.761218139221051e-13,-4.425270785138907e-12
216.81,4.629080562894588e-13,-4.424016445481457e-12
216.82,4.496017544334371e-13,-4.422294029991477e-12
216.83,4.362053579148986e-13,-4.420104606938305e-12
216.84,4.2272025165077415e-13,-4.417449154458379e-12
216.85,4.091489939725203e-13,-4.414328797534889e-12
216.86,3.9549263292841643e-13,-4.410744626542104e-12
216.87,3.8175415602658055e-13,-4.406697936101731e-12
216.88,3.6793448293868346e-13,-4.402189711951769e-12
216.89,3.5403608210021937e-13,-4.397221393396487e-12
216.9,3.400609439914663e-13,-4.39179425865963e-12
216.91,3.260109034422139e-13,-4.385909759428906e-12
216.92,3.11887800191143e-13,-4.379569221502695e-12
216.93,2.976938372707497e-13,-4.372774098123826e-12
216.94,2.83431000026279e-13,-4.365525983058261e-12
216.95,2.691008544083185e-13,-4.3578262829120655e-12
216.96,2.547056997697413e-13,-4.349676700495615e-12
216.97,2.4024778466242395e-13,-4.3410789588304944e-12
216.98,2.2572848598052796e-13,-4.3320345526331666e-12
216.99,2.1115002000920532e-13,-4.322545326255412e-12
217.0,1.965140675293312e-13,-4.312612923903476e-12
217.01,1.8182315231298021e-13,-4.302239338511957e-12
217.02,1.6707879036246052e-13,-4.2914263306499965e-12
217.03,1.5228355417153962e-13,-4.280175969232064e-12
217.04,1.3743875359965436e-13,-4.26849005273552e-12
217.05,1.225463115617771e-13,-4.256370414189835e-12
217.06,1.0760946103111569e-13,-4.243819621825575e-12
217.07,9.262883089526433e-14,-4.2308391786130176e-12
217.08,7.760683899702484e-14,-4.217431590081501e-12
217.09,6.254516452442556e-14,-4.203598752099122e-12
217.1,4.7446348197985e-14,-4.189342961194486e-12
217.11,3.231208524998782e-14,-4.1746667064290304e-12
217.12,1.7144299832528934e-14,-4.159571944646287e-12
217.13,1.9449176593381134e-15,-4.1440610815945236e-12
217.14,-1.3284271131783105e-14,-4.1281365214395536e-12
217.15,-2.854011717897105e-14,-4.11180087410052e-12
217.16,-4.3822396453012116e-14,-4.095056243374128e-12
217.17,-5.912792216524792e-14,-4.077905268392795e-12
217.18,-7.445511701658521e-14,-4.0603504722505385e-12
217.19,-8.980200592379292e-14,-4.042394652183601e-12
217.2,-1.0516663489236729e-13,-4.0240400827080465e-12
217.21,-1.2054723034109246e-13,-4.005289451076127e-12
217.22,-1.3594178075161979e-13,-3.9861456653061035e-12
217.23,-1.513482183885633e-13,-3.9666108920466135e-12
217.24,-1.6676463172287292e-13,-3.946688649774366e-12
217.25,-1.8218827588160353e-13,-3.926381491836541e-12
217.26,-1.9761927741942666e-13,-3.90569171997883e-12
217.27,-2.1305408036295256e-13,-3.884622750100934e-12
217.28,-2.2849029035255e-13,-3.863177544940513e-12
217.29,-2.439279614344308e-13,-3.841358515670358e-12
217.3,-2.5936357833958825e-13,-3.819169097246295e-12
217.31,-2.747958304178605e-13,-3.796612057178375e-12
217.32,-2.902225592052212e-13,-3.773690519469395e-12
217.33,-3.0564254363286867e-13,-3.750407581158801e-12
217.34,-3.210525820354665e-13,-3.726766469010171e-12
217.35,-3.364523462412958e-13,-3.702769870248397e-12
217.36,-3.518388473812532e-13,-3.67842131531874e-12
217.37,-3.6721078227859753e-13,-3.653724091410238e-12
217.38,-3.8256601045781186e-13,-3.6286812378345624e-12
217.39,-3.9790272663862077e-13,-3.6032960616787982e-12
217.4,-4.1321915052347103e-13,-3.5775718026925386e-12
217.41,-4.2851361712978156e-13,-3.551511933870928e-12
217.42,-4.4378368335033396e-13,-3.5251196322651277e-12
217.43,-4.590283589324291e-13,-3.4983983642411917e-12
217.44,-4.742452713033234e-13,-3.4713516680471256e-12
217.45,-4.894326750871478e-13,-3.4439830121859106e-12
217.46,-5.045890870736958e-13,-3.4162954046735007e-12
217.47,-5.197124210538939e-13,-3.3882927962439848e-12
217.48,-5.34800951796862e-13,-3.3599786173886612e-12
217.49,-5.498528741369633e-13,-3.331356496447158e-12
217.5,-5.648645826956873e-13,-3.3024307308226218e-12
217.51,-5.798407660669635e-13,-3.2732022363581247e-12
217.52,-5.947725947720301e-13,-3.2436775822464236e-12
217.53,-6.096610353559573e-13,-3.2138594130508517e-12
217.54,-6.245045155557508e-13,-3.183751371796404e-12
217.55,-6.393005607196436e-13,-3.1533570678191746e-12
217.56,-6.540482851460923e-13,-3.1226804126753033e-12
217.57,-6.687456872409039e-13,-3.091725027603297e-12
217.58,-6.833909947057808e-13,-3.060494885445017e-12
217.59,-6.97983384440797e-13,-3.028993588776255e-12
217.6,-7.125195005317979e-13,-2.9972250503724576e-12
217.61,-7.269989040036327e-13,-2.9651931550356e-12
217.62,-7.414199062219681e-13,-2.932901726765646e-12
217.63,-7.557797266488206e-13,-2.9003549953888606e-12
217.64,-7.700795928030746e-13,-2.867555819576072e-12
217.65,-7.8431555636548e-13,-2.834509113103063e-12
217.66,-7.984862169134086e-13,-2.8012185764196116e-12
217.67,-8.125904080157166e-13,-2.7676882460740393e-12
217.68,-8.266263362433035e-13,-2.733921997324533e-12
217.69,-8.40593112339799e-13,-2.699923718615929e-12
217.7,-8.54488457545996e-13,-2.665697706731008e-12
217.71,-8.683108895744965e-13,-2.6312479506558437e-12
217.72,-8.820592775130135e-13,-2.5965782445493944e-12
217.73,-8.957321380971196e-13,-2.5616930660994307e-12
217.74,-9.093276943131699e-13,-2.526596192793904e-12
217.75,-9.228446237137893e-13,-2.4912918174601455e-12
217.76,-9.362817391120176e-13,-2.4557840533398744e-12
217.77,-9.496374694193906e-13,-2.420077097893364e-12
217.78,-9.62909917780957e-13,-2.3841749215764892e-12
217.79,-9.76098261795906e-13,-2.3480819196496105e-12
217.8,-9.892007895778394e-13,-2.3118020293645852e-12
217.81,-1.002216260204757e-12,-2.2753399263517224e-12
217.82,-1.015143232960432e-12,-2.238699181724556e-12
217.83,-1.0279804669584497e-12,-2.2018844562914243e-12
217.84,-1.0407264499716553e-12,-2.1648997563385607e-12
217.85,-1.0533799548345832e-12,-2.127749384091304e-12
217.86,-1.0659400787146973e-12,-2.0904374715174883e-12
217.87,-1.0784046382638635e-12,-2.052968539679229e-12
217.88,-1.0907731831556479e-12,-2.015346620384458e-12
217.89,-1.10304409634204e-12,-1.9775760068141845e-12
217.9,-1.1152161848942575e-12,-1.9396611071073084e-12
217.91,-1.127288226384739e-12,-1.9016061029719793e-12
217.92,-1.1392589285866858e-12,-1.86341534735146e-12
217.93,-1.1511272392557452e-12,-1.8250930915485333e-12
217.94,-1.1628919579813755e-12,-1.7866436639926479e-12
217.95,-1.174551334794154e-12,-1.7480714698041424e-12
217.96,-1.1861054617568888e-12,-1.7093807275591994e-12
217.97,-1.1975523904251126e-12,-1.6705757174111073e-12
217.98,-1.208890933253826e-12,-1.6316608978724382e-12
217.99,-1.2201207204534673e-12,-1.5926403990354692e-12
218.0,-1.2312392527895881e-12,-1.553519222018142e-12
218.01,-1.2422466687134182e-12,-1.5143008166975698e-12
218.02,-1.2531417592740512e-12,-1.4749898555245607e-12
218.03,-1.2639231513055494e-12,-1.4355909607882569e-12
218.04,-1.2745900464984035e-12,-1.3961080722408961e-12
218.05,-1.2851417958630324e-12,-1.3565458262205712e-12
218.06,-1.295576596624707e-12,-1.316908539302393e-12
218.07,-1.305894089714609e-12,-1.2772004715878397e-12
218.08,-1.3160931045975479e-12,-1.2374262252432183e-12
218.09,-1.3261727221612494e-12,-1.1975895616042584e-12
218.1,-1.3361323878288324e-12,-1.1576954267458887e-12
218.11,-1.3459701511497631e-12,-1.1177479362771706e-12
218.12,-1.3556865161475957e-12,-1.077751417375406e-12
218.13,-1.3652796550617001e-12,-1.0377102093572498e-12
218.14,-1.3747494935587707e-12,-9.976288868602473e-13
218.15,-1.3840946082676456e-12,-9.57511491436259e-13
218.16,-1.3933142239331033e-12,-9.173625453272257e-13
218.17,-1.4024078688818425e-12,-8.771860709507192e-13
218.18,-1.4113742538294006e-12,-8.369869613328746e-13
218.19,-1.4202132342786611e-12,-7.967690283741063e-13
218.2,-1.4289235341098101e-12,-7.565368631517823e-13
218.21,-1.437505205524644e-12,-7.162945403349976e-13
218.22,-1.445956254441976e-12,-6.760466338784801e-13
218.23,-1.4542773899352018e-12,-6.357973678801703e-13
218.24,-1.4624671451578324e-12,-5.955508457381023e-13
218.25,-1.470525236693417e-12,-5.553114471419394e-13
218.26,-1.4784504550216159e-12,-5.150837098124037e-13
218.27,-1.4862429944864077e-12,-4.748714677458194e-13
218.28,-1.4939018727254847e-12,-4.34679134144358e-13
218.29,-1.5014265306756497e-12,-3.945110473455702e-13
218.3,-1.5088146513376203e-12,-3.5437110287064506e-13
218.31,-1.5160707213166088e-12,-3.1426435990257483e-13
218.32,-1.5231894517436325e-12,-2.7419421774624326e-13
218.33,-1.5301717852070739e-12,-2.341651979181146e-13
218.34,-1.5370173413927141e-12,-1.941813459896094e-13
218.35,-1.5437254306121514e-12,-1.5424706626259833e-13
218.36,-1.550295903114117e-12,-1.1436632886886799e-13
218.37,-1.5567281506059341e-12,-7.454332275424607e-14
218.38,-1.5630218679654562e-12,-3.478223843420385e-14
218.39,-1.569176693934754e-12,4.912921861372557e-15
218.4,-1.5751920284416078e-12,4.4537795711876006e-14
218.41,-1.5810679719427387e-12,8.408851059873916e-14
218.42,-1.5868036767101109e-12,1.235608486432057e-13
218.43,-1.5923989047172411e-12,1.6295090813598812e-13
218.44,-1.597853440970706e-12,2.022542306803504e-13
218.45,-1.6031675296423528e-12,2.414675369138849e-13
218.46,-1.6083403258709743e-12,2.805862284634584e-13
218.47,-1.6133713224413415e-12,3.1960623612008653e-13
218.48,-1.6182609755246516e-12,3.585240298573529e-13
218.49,-1.6230086217917042e-12,3.973351926060761e-13
218.5,-1.6276143097883532e-12,4.3603603568328046e-13
218.51,-1.6320777289286702e-12,4.746225957588651e-13
218.52,-1.636398817073636e-12,5.130910182570296e-13
218.53,-1.6405768860589365e-12,5.514370558123571e-13
218.54,-1.644613054801853e-12,5.896574020723961e-13
218.55,-1.648506319196698e-12,6.277478547527652e-13
218.56,-1.6522566105409069e-12,6.657045390011978e-13
218.57,-1.655863433383055e-12,7.035239793220135e-13
218.58,-1.65932828881169e-12,7.41202129347249e-13
218.59,-1.6626501577020353e-12,7.787351922691454e-13
218.6,-1.6658285568630874e-12,8.161195562091444e-13
218.61,-1.6688641323203992e-12,8.533514311688962e-13
218.62,-1.6717566373712054e-12,8.904271357933359e-13
218.63,-1.674506318044459e-12,9.273429853569112e-13
218.64,-1.6771130837866777e-12,9.640955951170454e-13
218.65,-1.6795775152674876e-12,1.0006807111416831e-12
218.66,-1.681898849655054e-12,1.0370952369940409e-12
218.67,-1.684077894206289e-12,1.073335620416782e-12
218.68,-1.6861144491927367e-12,1.1093980508412168e-12
218.69,-1.6880079723532269e-12,1.1452790004362331e-12
218.7,-1.6897605793266096e-12,1.1809752401114932e-12
218.71,-1.691370790478803e-12,1.2164830855515678e-12
218.72,-1.6928393570173814e-12,1.251799226417691e-12
218.73,-1.6941662118045173e-12,1.2869199534352364e-12
218.74,-1.6953516658217364e-12,1.3218421046548066e-12
218.75,-1.6963960944020957e-12,1.3565624082163755e-12
218.76,-1.6973001038653856e-12,1.3910773570841612e-12
218.77,-1.6980633338178011e-12,1.4253835516301569e-12
218.78,-1.698686519086405e-12,1.4594778727110018e-12
218.79,-1.6991697031147494e-12,1.4933570447791697e-12
218.8,-1.6995131412727373e-12,1.5270176860308333e-12
218.81,-1.6997176229750427e-12,1.5604568908016201e-12
218.82,-1.6997837499294287e-12,1.5936713147230917e-12
218.83,-1.6997107481764818e-12,1.6266577335554802e-12
218.84,-1.6994998950901963e-12,1.6594130585341733e-12
218.85,-1.699151399076548e-12,1.6919343803412847e-12
218.86,-1.6986658258767198e-12,1.7242185385502153e-12
218.87,-1.6980432813535074e-12,1.7562624704542847e-12
218.88,-1.6972846312959447e-12,1.7880632800551558e-12
218.89,-1.6963899228623908e-12,1.8196179295719233e-12
218.9,-1.6953600789107e-12,1.8509235830403373e-12
218.91,-1.6941953628088146e-12,1.8819772320635893e-12
218.92,-1.6928963668884081e-12,1.9127761618959183e-12
218.93,-1.6914636571690718e-12,1.9433173892963543e-12
218.94,-1.6898977673437512e-12,1.973598199146828e-12
218.95,-1.6881988606773228e-12,2.003615791792532e-12
218.96,-1.6863681476595607e-12,2.033367498247117e-12
218.97,-1.6844059523593083e-12,2.0628505867628918e-12
218.98,-1.6823130127647808e-12,2.0920623702259364e-12
218.99,-1.6800897694922597e-12,2.121000203965736e-12
219.0,-1.6777370051011889e-12,2.1496615991336007e-12
219.01,-1.6752551537641146e-12,2.1780438549004466e-12
219.02,-1.6726452990068861e-12,2.2061445476818416e-12
219.03,-1.6699076875621795e-12,2.2339611105654618e-12
219.04,-1.667043348232918e-12,2.2614910190272855e-12
219.05,-1.6640532211423182e-12,2.2887322782196384e-12
219.06,-1.660936752678136e-12,2.315681870864169e-12
219.07,-1.6576960129735048e-12,2.342337730984129e-12
219.08,-1.6543315831709919e-12,2.3686977044324256e-12
219.09,-1.6508438178477855e-12,2.3947592456046306e-12
219.1,-1.6472337171258207e-12,2.4205202247103066e-12
219.11,-1.6435020989404194e-12,2.445978448078495e-12
219.12,-1.639649395953095e-12,2.4711317027735107e-12
219.13,-1.635677003904534e-12,2.495977942340761e-12
219.14,-1.6315854280642582e-12,2.5205148427110994e-12
219.15,-1.6273755405536139e-12,2.5447405167840898e-12
219.16,-1.623048233795345e-12,2.5686529377020676e-12
219.17,-1.6186044234575862e-12,2.592250131534788e-12
219.18,-1.6140448630589692e-12,2.615530036738616e-12
219.19,-1.6093705363417944e-12,2.6384907461165377e-12
219.2,-1.6045822132087687e-12,2.6611304197156377e-12
219.21,-1.5996811222520026e-12,2.683447349607697e-12
219.22,-1.594667923026684e-12,2.705439552215649e-12
219.23,-1.5895434666576312e-12,2.7271053328187145e-12
219.24,-1.5843088964180003e-12,2.748442909665721e-12
219.25,-1.5789655148655777e-12,2.7694506841273807e-12
219.26,-1.5735138363704655e-12,2.790126955625162e-12
219.27,-1.567954772247193e-12,2.810470075030966e-12
219.28,-1.5622894331411991e-12,2.8304784539915275e-12
219.29,-1.5565190016330498e-12,2.8501507797322126e-12
219.3,-1.5506444485937076e-12,2.8694852503921e-12
219.31,-1.5446666913334593e-12,2.8884805755265693e-12
219.32,-1.5385865243826202e-12,2.907135210038192e-12
219.33,-1.5324055277235259e-12,2.92544775586925e-12
219.34,-1.5261244781820906e-12,2.9434172874095873e-12
219.35,-1.5197442412632406e-12,2.9610420777159543e-12
219.36,-1.5132664997315582e-12,2.978320997542271e-12
219.37,-1.5066915709912792e-12,2.9952527036979486e-12
219.38,-1.5000213090741998e-12,3.0118364983157664e-12
219.39,-1.4932561087754145e-12,3.0280702295878532e-12
219.4,-1.4863975015196128e-12,3.0439536193936217e-12
219.41,-1.4794465439599376e-12,3.0594854684597322e-12
219.42,-1.4724042787323075e-12,3.0746647326819133e-12
219.43,-1.465272162483461e-12,3.0894902166786286e-12
219.44,-1.4580508895978467e-12,3.103961201812141e-12
219.45,-1.4507419789651408e-12,3.1180767419953766e-12
219.46,-1.4433458957895105e-12,3.1318357079359474e-12
219.47,-1.4358677239093407e-12,3.1452381974855545e-12
219.48,-1.4282993960144178e-12,3.158281639234716e-12
219.49,-1.420650528759149e-12,3.1709667782832535e-12
219.5,-1.412920175090674e-12,3.183292564074509e-12
219.51,-1.4051090896826194e-12,3.1952582531118414e-12
219.52,-1.3972180263827298e-12,3.20686297261827e-12
219.53,-1.3892489603686177e-12,3.2181065673468833e-12
219.54,-1.3812028526334646e-12,3.2289882199079284e-12
219.55,-1.3730807875349012e-12,3.2395073866152018e-12
219.56,-1.3648842105894169e-12,3.249663939275247e-12
219.57,-1.3566139311305139e-12,3.2594567572787492e-12
219.58,-1.3482719417459152e-12,3.2688861212212314e-12
219.59,-1.3398589176352032e-12,3.2779513884818228e-12
219.6,-1.3313762646757863e-12,3.2866523483490906e-12
219.61,-1.3228250720798017e-12,3.2949884190822834e-12
219.62,-1.3142067095341122e-12,3.302959732756069e-12
219.63,-1.3055225793069876e-12,3.310566016264189e-12
219.64,-1.2967739512415838e-12,3.317807102306597e-12
219.65,-1.287961844721683e-12,3.324682379037855e-12
219.66,-1.2790876610320543e-12,3.3311925158619143e-12
219.67,-1.2701532356970486e-12,3.337337368651268e-12
219.68,-1.2611588322142452e-12,3.343116375969384e-12
219.69,-1.2521070258496388e-12,3.348530298830628e-12
219.7,-1.242997756612121e-12,3.3535785547309794e-12
219.71,-1.2338329964028764e-12,3.358261618646447e-12
219.72,-1.224614100996622e-12,3.362579624680241e-12
219.73,-1.2153422684732776e-12,3.366532808868e-12
219.74,-1.2060192298809546e-12,3.370121125087165e-12
219.75,-1.196645788379118e-12,3.373345215744616e-12
219.76,-1.1872228109543975e-12,3.3762049978866668e-12
219.77,-1.1777525455997521e-12,3.3787011833927e-12
219.78,-1.1682362794411092e-12,3.3808339497415296e-12
219.79,-1.1586744343995155e-12,3.382603687356978e-12
219.8,-1.1490697066275654e-12,3.384011063241233e-12
219.81,-1.139421943269241e-12,3.385056365565402e-12
219.82,-1.1297333969799818e-12,3.385740381607117e-12
219.83,-1.120005491867696e-12,3.3860633811092258e-12
219.84,-1.1102389974871103e-12,3.386026136081074e-12
219.85,-1.1004355239545125e-12,3.3856293078109453e-12
219.86,-1.090596568349796e-12,3.3848735241577846e-12
219.87,-1.0807231347465028e-12,3.3837595579729943e-12
219.88,-1.070816931724831e-12,3.3822880738054274e-12
219.89,-1.0608790476114022e-12,3.3804601765176107e-12
219.9,-1.0509108447498147e-12,3.3782762819750146e-12
219.91,-1.0409138328027315e-12,3.375737552256445e-12
219.92,-1.0308891574850907e-12,3.3728446574011394e-12
219.93,-1.0208381731444631e-12,3.369598701405412e-12
219.94,-1.0107622731331878e-12,3.3660007365584443e-12
219.95,-1.0006630210052201e-12,3.362051673958145e-12
219.96,-9.905414261688898e-13,3.3577526156882693e-12
219.97,-9.803988457950668e-13,3.353104414814807e-12
219.98,-9.702367917599356e-13,3.3481084516471136e-12
219.99,-9.600567008260347e-13,3.3427658885903658e-12
220.0,-9.498596023104305e-13,3.3370777520210103e-12
220.01,-9.396467873092518e-13,3.3310453585990495e-12
220.02,-9.29419967507903e-13,3.324670051820435e-12
220.03,-9.191801364414572e-13,3.3179528578928944e-12
220.04,-9.089290011776146e-13,3.3108954076835027e-12
220.05,-8.986679134007908e-13,3.3034990381346806e-12
220.06,-8.883973570198553e-13,3.2957649118760563e-12
220.07,-8.781192774484753e-13,3.2876946211202204e-12
220.08,-8.678353005556359e-13,3.2792895629927727e-12
220.09,-8.575466239306679e-13,3.2705513524740346e-12
220.1,-8.472536268495895e-13,3.261481447444777e-12
220.11,-8.369586971622135e-13,3.252081371292074e-12
220.12,-8.2666270002726e-13,3.242352797038777e-12
220.13,-8.163671613006461e-13,3.2322972174556817e-12
220.14,-8.060725793829579e-13,3.2219161084359585e-12
220.15,-7.957822589087924e-13,3.211212140009653e-12
220.16,-7.854953355022698e-13,3.2001859458214333e-12
220.17,-7.752141760621282e-13,3.1888396459500043e-12
220.18,-7.649400179124188e-13,3.17717526008654e-12
220.19,-7.546732737105593e-13,3.1651941049274363e-12
220.2,-7.444163750780253e-13,3.152898393886531e-12
220.21,-7.341699286483194e-13,3.140289929316804e-12
220.22,-7.239353887656043e-13,3.127370579628399e-12
220.23,-7.137143937131441e-13,3.1141424044082956e-12
220.24,-7.035071833622534e-13,3.1006069780752858e-12
220.25,-6.933161669916832e-13,3.0867669258751983e-12
220.26,-6.831419945978006e-13,3.072623827401252e-12
220.27,-6.729828055876534e-13,3.0581789211145885e-12
220.28,-6.628492552583584e-13,3.043437017905871e-12
220.29,-6.527335085914259e-13,3.0283975315658185e-12
220.3,-6.42639364441778e-13,3.0130633913980366e-12
220.31,-6.325682977904153e-13,2.9974369320343117e-12
220.32,-6.22522015037903e-13,2.9815204208445764e-12
220.33,-6.125007131555093e-13,2.9653155669522754e-12
220.34,-6.025063436740768e-13,2.948825114560698e-12
220.35,-5.92540000119722e-13,2.9320512721390877e-12
220.36,-5.826025771459579e-13,2.914995920029966e-12
220.37,-5.726956584712429e-13,2.89766222596109e-12
220.38,-5.628203357293198e-13,2.88005188495038e-12
220.39,-5.529771990296994e-13,2.8621672188010343e-12
220.4,-5.431682793065467e-13,2.8440109551997283e-12
220.41,-5.333944366735337e-13,2.825585394321836e-12
220.42,-5.236560592851996e-13,2.8068928922474283e-12
220.43,-5.139555529372817e-13,2.7879361134295508e-12
220.44,-5.042932332033034e-13,2.7687175342926893e-12
220.45,-4.946701951432975e-13,2.749239247069328e-12
220.46,-4.850880402549368e-13,2.729504369805805e-12
220.47,-4.755476627808944e-13,2.7095152795413836e-12
220.48,-4.660498907394989e-13,2.6892743423139028e-12
220.49,-4.56596251516905e-13,2.6687844850955544e-12
220.5,-4.4718762497688113e-13,2.648048108298231e-12
220.51,-4.378249035129198e-13,2.6270680522415954e-12
220.52,-4.285095137573744e-13,2.605846828512007e-12
220.53,-4.192422679558025e-13,2.5843872636602586e-12
220.54,-4.100243268079259e-13,2.562692131136627e-12
220.55,-4.0085650331122506e-13,2.540763696368591e-12
220.56,-3.91740225624138e-13,2.518605323507577e-12
220.57,-3.8267621913906774e-13,2.496219482337953e-12
220.58,-3.7366565123353766e-13,2.4736090437735767e-12
220.59,-3.6470918265885973e-13,2.4507766839538217e-12
220.6,-3.5580804095608197e-13,2.4277253985535155e-12
220.61,-3.469637106211857e-13,2.4044578631103753e-12
220.62,-3.3817656361634407e-13,2.3809774756109997e-12
220.63,-3.294474112413144e-13,2.3572865228180203e-12
220.64,-3.2077780323695975e-13,2.333388021649918e-12
220.65,-3.121686777682751e-13,2.3092851470075632e-12
220.66,-3.036197419412131e-13,2.284980362247625e-12
220.67,-2.9513377707371633e-13,2.260477264721238e-12
220.68,-2.867103086144457e-13,2.235778312303546e-12
220.69,-2.783508491375453e-13,2.2108867367790744e-12
220.7,-2.7005612246793587e-13,2.1858054190980366e-12
220.71,-2.6182717252149243e-13,2.160537466369628e-12
220.72,-2.536648768660221e-13,2.135085936488104e-12
220.73,-2.4556921038313584e-13,2.109453590820079e-12
220.74,-2.375425044018467e-13,2.0836438168472578e-12
220.75,-2.295844498372443e-13,2.057659426976905e-12
220.76,-2.2169636258333067e-13,2.0315037500168733e-12
220.77,-2.138792411665534e-13,2.0051798201935245e-12
220.78,-2.0613365042390804e-13,1.978690739789286e-12
220.79,-1.984603589903904e-13,1.9520395582808837e-12
220.8,-1.908600040560109e-13,1.925229377495533e-12
220.81,-1.8333371322357277e-13,1.898263403378552e-12
220.82,-1.758820465508479e-13,1.871144865655671e-12
220.83,-1.685057556726679e-13,1.8438768187662908e-12
220.84,-1.6120552650432687e-13,1.8164624444104515e-12
220.85,-1.5398234050956507e-13,1.7889049970638142e-12
220.86,-1.468367419281154e-13,1.7612076669921434e-12
220.87,-1.3976926109031722e-13,1.7333735093539673e-12
220.88,-1.3278089358134285e-13,1.7054059994306736e-12
220.89,-1.2587213967248453e-13,1.6773080688194643e-12
220.9,-1.1904364374830717e-13,1.6490830726074906e-12
220.91,-1.1229675566256575e-13,1.6207344814772944e-12
220.92,-1.0563078070846067e-13,1.592265126381333e-12
220.93,-9.904747782127996e-14,1.5636785461142018e-12
220.94,-9.254710641632667e-14,1.5349778977779717e-12
220.95,-8.612998015109079e-14,1.506166418782496e-12
220.96,-7.979733848257466e-14,1.4772474964401747e-12
220.97,-7.354905426704299e-14,1.448224244143523e-12
220.98,-6.738600506954883e-14,1.4190999567989713e-12
220.99,-6.130941827593871e-14,1.3898781859630337e-12
221.0,-5.531856493366381e-14,1.3605619822846702e-12
221.01,-4.9414760316741546e-14,1.3311547566683225e-12
221.02,-4.359841285067982e-14,1.3016593467698094e-12
221.03,-3.7870007611358025e-14,1.272079509526107e-12
221.04,-3.2230333911497873e-14,1.2424187655262659e-12
221.05,-2.667909503470606e-14,1.2126800207482796e-12
221.06,-2.121777089543096e-14,1.182866704323715e-12
221.07,-1.584623253412413e-14,1.1529820431919501e-12
221.08,-1.056506345846014e-14,1.1230294709420896e-12
221.09,-5.374446198533508e-15,1.09301230433522e-12
221.1,-2.7505527314187027e-16,1.062933731514226e-12
221.11,4.7325268439151776e-15,1.0327972627396128e-12
221.12,9.648445016810586e-15,1.0026058702948282e-12
221.13,1.4471496277131316e-14,9.72363401758719e-13
221.14,1.9202207744576182e-14,9.420726571219747e-13
221.15,2.3839565729878998e-14,9.117372563068345e-13
221.16,2.8383492065835186e-14,8.813603404230318e-13
221.17,3.2833281906043794e-14,8.509454487965423e-13
221.18,3.718951317027692e-14,8.204955317025201e-13
221.19,4.1450950567331606e-14,7.900142390230109e-13
221.2,4.561813877977834e-14,7.595046485482348e-13
221.21,4.968964783606016e-14,7.289700915020901e-13
221.22,5.3666315166084384e-14,6.9841418378271e-13
221.23,5.754738607697693e-14,6.678396965314212e-13
221.24,6.133262547718828e-14,6.37250277003022e-13
221.25,6.502178626039824e-14,6.066491611042359e-13
221.26,6.861457458953548e-14,5.760395161508159e-13
221.27,7.211116670726561e-14,5.454246945954326e-13
221.28,7.551083274086931e-14,5.148080925080603e-13
221.29,7.881373264860886e-14,4.841926307482266e-13
221.3,8.201978431508281e-14,4.5358198576747133e-13
221.31,8.512863635486145e-14,4.2297897367575436e-13
221.32,8.814015863331215e-14,3.923871615399208e-13
221.33,9.105407608279744e-14,3.6180979863115395e-13
221.34,9.387085842622158e-14,3.312497517559353e-13
221.35,9.659011208204806e-14,3.0071069809718085e-13
221.36,9.921095125287545e-14,2.7019557939152315e-13
221.37,1.0173425432183944e-13,2.397076597635108e-13
221.38,1.0415965810498852e-13,2.0925026671786436e-13
221.39,1.0648731252977596e-13,1.788263372765579e-13
221.4,1.0871655310224126e-13,1.484393912676053e-13
221.41,1.1084819127189396e-13,1.1809222771495066e-13
221.42,1.1288168276941516e-13,8.778820928176168e-14
221.43,1.1481712524329512e-13,5.753046440032771e-14
221.44,1.166560697168283e-13,2.7322327584071988e-14
221.45,1.1839412986759558e-13,-2.8337788580651288e-15
221.46,1.2003552200695025e-13,-3.2934022361419116e-14
221.47,1.21579031250748e-13,-6.297546614341847e-14
221.48,1.230246250783084e-13,-9.295505875502046e-14
221.49,1.2437270052175687e-13,-1.2286988695849795e-13
221.5,1.2562266177669752e-13,-1.5271654451916377e-13
221.51,1.267754698376669e-13,-1.8249229969388214e-13
221.52,1.2783040319753552e-13,-2.121938684861147e-13
221.53,1.2878832497402718e-13,-2.418184971509675e-13
221.54,1.296486155022081e-13,-2.713628412648459e-13
221.55,1.3041176916319023e-13,-3.0082402766970915e-13
221.56,1.3107819605475988e-13,-3.3019927724812457e-13
221.57,1.3164766742631972e-13,-3.5948526333442385e-13
221.58,1.321207880299939e-13,-3.8867943659977914e-13
221.59,1.3249727668899675e-13,-4.1777847159363145e-13
221.6,1.3277775963770937e-13,-4.467798183864377e-13
221.61,1.3296221846980374e-13,-4.756801296541479e-13
221.62,1.3305055428148565e-13,-5.044767967758598e-13
221.63,1.3304374947769903e-13,-5.331668246792678e-13
221.64,1.3294169067826682e-13,-5.617476451333654e-13
221.65,1.3274449310605894e-13,-5.902160131684575e-13
221.66,1.3245260303364569e-13,-6.185693323107095e-13
221.67,1.320662100345946e-13,-6.468047250552793e-13
221.68,1.315857281884817e-13,-6.74919408228817e-13
221.69,1.3101136995806098e-13,-7.02910647420966e-13
221.7,1.3034353772376205e-13,-7.307756505194133e-13
221.71,1.2958258010256608e-13,-7.585114942423095e-13
221.72,1.2872870207692173e-13,-7.861159453606884e-13
221.73,1.277822939713437e-13,-8.135858701703199e-13
221.74,1.267437680684413e-13,-8.409187427131438e-13
221.75,1.2561356988572372e-13,-8.68111834598856e-13
221.76,1.243919162522339e-13,-8.951626580851148e-13
221.77,1.2307929489461687e-13,-9.220684397585274e-13
221.78,1.2167607282471593e-13,-9.488266447177524e-13
221.79,1.2018281977450664e-13,-9.754347013174773e-13
221.8,1.1860011249843425e-13,-1.0018900718570587e-12
221.81,1.1692760398146865e-13,-1.0281902070405496e-12
221.82,1.1516662920602585e-13,-1.054332551270165e-12
221.83,1.1331705253997122e-13,-1.08031460083281e-12
221.84,1.1137961731297612e-13,-1.106133937151918e-12
221.85,1.0935489642801502e-13,-1.1317880105066133e-12
221.86,1.0724327128491375e-13,-1.157274529694425e-12
221.87,1.0504493181546192e-13,-1.1825909978221175e-12
221.88,1.0276095116146369e-13,-1.2077351088809413e-12
221.89,1.0039144099070908e-13,-1.2327044977512796e-12
221.9,9.793704804549825e-14,-1.2574966663593498e-12
221.91,9.53987471445439e-14,-1.282109443026523e-12
221.92,9.277659103285569e-14,-1.3065405786969466e-12
221.93,9.007100281984774e-14,-1.3307876331989866e-12
221.94,8.728264030899004e-14,-1.354848550941193e-12
221.95,8.441219325363527e-14,-1.378720977138365e-12
221.96,8.146067230340334e-14,-1.4024028700300576e-12
221.97,7.842792951951836e-14,-1.4258917652836184e-12
221.98,7.531484113072806e-14,-1.449185893616109e-12
221.99,7.212273997969731e-14,-1.4722827829006765e-12
222.0,6.885109542864535e-14,-1.4951806219476695e-12
222.01,6.550097904364372e-14,-1.5178772076357917e-12
222.02,6.207308741008422e-14,-1.5403703963265429e-12
222.03,5.856828780840992e-14,-1.562658371437311e-12
222.04,5.498699813879705e-14,-1.5847391724063916e-12
222.05,5.1329853826296516e-14,-1.6066103943372976e-12
222.06,4.759716747361209e-14,-1.628270524800257e-12
222.07,4.3790547868766884e-14,-1.6497176522015501e-12
222.08,3.9910280722787466e-14,-1.670949544417787e-12
222.09,3.595668704612469e-14,-1.6919645911257728e-12
222.1,3.193105870077687e-14,-1.7127610235124197e-12
222.11,2.7833192728118962e-14,-1.7333367825259565e-12
222.12,2.3664861161791382e-14,-1.753690293658443e-12
222.13,1.9426435574323758e-14,-1.7738197473865762e-12
222.14,1.5118270888952573e-14,-1.7937232875460731e-12
222.15,1.0742045320700338e-14,-1.8133996227865086e-12
222.16,6.2966339755559584e-15,-1.8328462349461143e-12
222.17,1.7849796179835983e-15,-1.8520623149641947e-12
222.18,-2.7934637283232907e-15,-1.871045875214055e-12
222.19,-7.437410782350298e-15,-1.889795420465751e-12
222.2,-1.2146374867229074e-14,-1.9083093570140675e-12
222.21,-1.6919243602952415e-14,-1.926586190329277e-12
222.22,-2.1755533165795625e-14,-1.944624221611324e-12
222.23,-2.6654507258125864e-14,-1.962422147229151e-12
222.24,-3.161557520102558e-14,-1.979978620169593e-12
222.25,-3.663663652339532e-14,-1.997291802893234e-12
222.26,-4.171819948470526e-14,-2.01436080074498e-12
222.27,-4.685903089919424e-14,-2.031183937362477e-12
222.28,-5.205815314501109e-14,-2.047760007789946e-12
222.29,-5.7314987630488e-14,-2.064087567672875e-12
222.3,-6.262860971061152e-14,-2.080165552532805e-12
222.31,-6.799850933290957e-14,-2.0959924388932727e-12
222.32,-7.342310120723182e-14,-2.1115671954304096e-12
222.33,-7.890178588736826e-14,-2.1268887422443713e-12
222.34,-8.443419279857954e-14,-2.1419555600044015e-12
222.35,-9.001904254325295e-14,-2.1567667529363377e-12
222.36,-9.56554137124303e-14,-2.171321259701439e-12
222.37,-1.0134259879860835e-13,-2.185617858636607e-12
222.38,-1.0707973116213354e-13,-2.1996553686296815e-12
222.39,-1.1286573248620955e-13,-2.2134334673113948e-12
222.4,-1.1869991204849314e-13,-2.226950438572447e-12
222.41,-1.2458133090823014e-13,-2.2402055403900443e-12
222.42,-1.3050840349983333e-13,-2.2531978927576518e-12
222.43,-1.3648211017024964e-13,-2.2659264524916108e-12
222.44,-1.424997492534042e-13,-2.2783905494931094e-12
222.45,-1.4856119905912435e-13,-2.2905893182420542e-12
222.46,-1.5466486233082044e-13,-2.3025219430509955e-12
222.47,-1.6081091518840143e-13,-2.3141874818184526e-12
222.48,-1.669974026925511e-13,-2.325585488865674e-12
222.49,-1.7322419618345928e-13,-2.336714914738697e-12
222.5,-1.7948967565225157e-13,-2.347575385650994e-12
222.51,-1.8579320548171664e-13,-2.358165989559158e-12
222.52,-1.921341925006899e-13,-2.368486234209147e-12
222.53,-1.985113869428962e-13,-2.3785355172724467e-12
222.54,-2.049242343902446e-13,-2.388313059967212e-12
222.55,-2.1137076842092863e-13,-2.3978187433812433e-12
222.56,-2.1785116378528253e-13,-2.4070516484183116e-12
222.57,-2.2436379015612471e-13,-2.4160116317521575e-12
222.58,-2.3090847774358644e-13,-2.424698096793085e-12
222.59,-2.3748308206595534e-13,-2.433110514011653e-12
222.6,-2.44088130861135e-13,-2.4412485097826994e-12
222.61,-2.5072080444808344e-13,-2.4491120126517907e-12
222.62,-2.573818925232618e-13,-2.456700384941007e-12
222.63,-2.640696103543326e-13,-2.4640135173184286e-12
222.64,-2.707833570445506e-13,-2.471051064091212e-12
222.65,-2.7752185019480893e-13,-2.477812695220533e-12
222.66,-2.8428413182722e-13,-2.4842984318625175e-12
222.67,-2.910696482211181e-13,-2.4905078682721225e-12
222.68,-2.978773155750558e-13,-2.4964408965408243e-12
222.69,-3.0470614892045924e-13,-2.5020975639036126e-12
222.7,-3.115538825095171e-13,-2.5074777296410067e-12
222.71,-3.18421709737379e-13,-2.512581227754859e-12
222.72,-3.253077540208993e-13,-2.517408009452437e-12
222.73,-3.3221070822118494e-13,-2.5219582378089117e-12
222.74,-3.391300555754313e-13,-2.5262318072217767e-12
222.75,-3.4606454198967776e-13,-2.5302289303806693e-12
222.76,-3.53013357653397e-13,-2.5339495282382976e-12
222.77,-3.5997558568743763e-13,-2.53739380337648e-12
222.78,-3.6695035014630577e-13,-2.540561820059216e-12
222.79,-3.7393637017344464e-13,-2.5434538187247258e-12
222.8,-3.809330538737582e-13,-2.5460700069922618e-12
222.81,-3.8793918271998794e-13,-2.548410665935103e-12
222.82,-3.949538220180462e-13,-2.5504760746285652e-12
222.83,-4.0197586186655505e-13,-2.5522663081479062e-12
222.84,-4.090047117876416e-13,-2.5537819868454037e-12
222.85,-4.160392975593437e-13,-2.5550232303506986e-12
222.86,-4.2307870253166584e-13,-2.555990569403469e-12
222.87,-4.3012197827975797e-13,-2.556684127490903e-12
222.88,-4.3716744842893157e-13,-2.5571050004879115e-12
222.89,-4.442155514007041e-13,-2.55725278454666e-12
222.9,-4.5126450677412314e-13,-2.5571285244513006e-12
222.91,-4.583130790458204e-13,-2.556732733969632e-12
222.92,-4.65360770659616e-13,-2.5560657653872586e-12
222.93,-4.72406580097713e-13,-2.5551283012198108e-12
222.94,-4.794496474698314e-13,-2.553920893553357e-12
222.95,-4.864889686884302e-13,-2.5524441986813166e-12
222.96,-4.935231367860476e-13,-2.5506990268395752e-12
222.97,-5.005523714958328e-13,-2.5486856923622747e-12
222.98,-5.075746673169792e-13,-2.546405387063688e-12
222.99,-5.145892750393564e-13,-2.543858423286631e-12
223.0,-5.215958933166645e-13,-2.5410456756901193e-12
223.01,-5.285928742364801e-13,-2.5379681775993356e-12
223.02,-5.35579693218731e-13,-2.534626535578816e-12
223.03,-5.425553892066998e-13,-2.5310215603542995e-12
223.04,-5.495188569361337e-13,-2.5271543464971364e-12
223.05,-5.564694509168088e-13,-2.52302548668349e-12
223.06,-5.634061393668884e-13,-2.518636379048513e-12
223.07,-5.703279789100791e-13,-2.513987579626964e-12
223.08,-5.772339676752108e-13,-2.5090802218780832e-12
223.09,-5.841236955977927e-13,-2.5039151112652335e-12
223.1,-5.909954837855278e-13,-2.4984936224099726e-12
223.11,-5.978491862341317e-13,-2.49281654013524e-12
223.12,-6.046835801914533e-13,-2.4868851354042048e-12
223.13,-6.114978558679708e-13,-2.4807002612996938e-12
223.14,-6.182910897590561e-13,-2.47426318191743e-12
223.15,-6.250626129297078e-13,-2.4675752462109643e-12
223.16,-6.31811312292025e-13,-2.460637433303061e-12
223.17,-6.385363372574362e-13,-2.4534509851181463e-12
223.18,-6.452370482321044e-13,-2.4460169800007272e-12
223.19,-6.519124830171503e-13,-2.4383371542941885e-12
223.2,-6.585616552807591e-13,-2.430412260130404e-12
223.21,-6.651838213961562e-13,-2.4222438831693014e-12
223.22,-6.717784075158743e-13,-2.413833229397145e-12
223.23,-6.783441512319377e-13,-2.405181568446077e-12
223.24,-6.848806645313889e-13,-2.396290484672522e-12
223.25,-6.913867076385663e-13,-2.387161349049406e-12
223.26,-6.978619274388908e-13,-2.3777953475566385e-12
223.27,-7.043046940370465e-13,-2.368194363123876e-12
223.28,-7.107153114865119e-13,-2.3583592649589996e-12
223.29,-7.170922473716349e-13,-2.3482920525007357e-12
223.3,-7.234348813799861e-13,-2.3379940213018436e-12
223.31,-7.297424484836885e-13,-2.327466778525919e-12
223.32,-7.360141090117549e-13,-2.3167122753835237e-12
223.33,-7.422494205429335e-13,-2.3057304682753544e-12
223.34,-7.484473318211861e-13,-2.2945246428899138e-12
223.35,-7.546066689554051e-13,-2.2830960677157276e-12
223.36,-7.607276221462927e-13,-2.2714460934616443e-12
223.37,-7.66808744487807e-13,-2.259576434983156e-12
223.38,-7.728494300569648e-13,-2.2474889289140792e-12
223.39,-7.788491570299378e-13,-2.2351850800829258e-12
223.4,-7.848069098843467e-13,-2.2226667859661725e-12
223.41,-7.907222193562257e-13,-2.209935954847533e-12
223.42,-7.965943953489887e-13,-2.1969931766237512e-12
223.43,-8.024225385846754e-13,-2.1838416550460686e-12
223.44,-8.082056733274413e-13,-2.170482776285356e-12
223.45,-8.139444180847758e-13,-2.1569179874694518e-12
223.46,-8.196359442458966e-13,-2.143149370061713e-12
223.47,-8.252814890703042e-13,-2.1291788931743663e-12
223.48,-8.308795065073822e-13,-2.1150081231696032e-12
223.49,-8.364291627716011e-13,-2.10063925424121e-12
223.5,-8.419308634836291e-13,-2.0860740359440762e-12
223.51,-8.473828251607137e-13,-2.0713141757260166e-12
223.52,-8.527846477537887e-13,-2.0563619768938246e-12
223.53,-8.581360910268389e-13,-2.041219404112117e-12
223.54,-8.634363447551075e-13,-2.0258881739080724e-12
223.55,-8.686844795381449e-13,-2.010370441140364e-12
223.56,-8.738804391580955e-13,-1.994668004120331e-12
223.57,-8.790231445385799e-13,-1.978783053238481e-12
223.58,-8.841119421177496e-13,-1.962717940165166e-12
223.59,-8.891475526898995e-13,-1.946473874877242e-12
223.6,-8.941275832987145e-13,-1.93005374818944e-12
223.61,-8.990524269006129e-13,-1.9134592542599868e-12
223.62,-9.039213947158738e-13,-1.8966924610890523e-12
223.63,-9.087336985395094e-13,-1.879755771559137e-12
223.64,-9.13489196709002e-13,-1.862650818386663e-12
223.65,-9.181872039254005e-13,-1.845380172038787e-12
223.66,-9.228269964036298e-13,-1.8279459052731283e-12
223.67,-9.274083281305543e-13,-1.8103499154271783e-12
223.68,-9.319302204803707e-13,-1.792594899023432e-12
223.69,-9.363928815345367e-13,-1.774682556285005e-12
223.7,-9.407952918739852e-13,-1.7566153640097468e-12
223.71,-9.451374667684615e-13,-1.7383953144396695e-12
223.72,-9.494181773172083e-13,-1.7200250035802795e-12
223.73,-9.53637428224017e-13,-1.7015062572906495e-12
223.74,-9.577949222602327e-13,-1.6828415091193712e-12
223.75,-9.6188990489384e-13,-1.6640330765015118e-12
223.76,-9.659222977394764e-13,-1.6450830785594386e-12
223.77,-9.698909567210478e-13,-1.6259940918720629e-12
223.78,-9.737961786615713e-13,-1.6067681196150752e-12
223.79,-9.776371820079875e-13,-1.5874076694634137e-12
223.8,-9.8141374004235e-13,-1.5679148743216145e-12
223.81,-9.85125388921277e-13,-1.5482922011569936e-12
223.82,-9.88771715623541e-13,-1.528541878252496e-12
223.83,-9.923525599696048e-13,-1.5086663622843734e-12
223.84,-9.958673461933348e-13,-1.4886679153587131e-12
223.85,-9.993158060311237e-13,-1.468549055675256e-12
223.86,-1.002697125061998e-12,-1.4483118843338937e-12
223.87,-1.0060118401320836e-12,-1.4279589710783522e-12
223.88,-1.0092588655242111e-12,-1.4074927509215552e-12
223.89,-1.0124382435291067e-12,-1.3869155747272965e-12
223.9,-1.0155493830237338e-12,-1.36622969699764e-12
223.91,-1.0185927162429145e-12,-1.3454376133923964e-12
223.92,-1.0215669469260675e-12,-1.3245419416499775e-12
223.93,-1.0244728449567947e-12,-1.303544755673368e-12
223.94,-1.0273091975200242e-12,-1.2824486485962156e-12
223.95,-1.030076110001684e-12,-1.2612560563242568e-12
223.96,-1.0327730630396077e-12,-1.2399696535732454e-12
223.97,-1.0354006088799959e-12,-1.2185914260727193e-12
223.98,-1.0379578407254748e-12,-1.1971240637765935e-12
223.99,-1.0404447575557647e-12,-1.1755700717084366e-12
224.0,-1.0428609408262302e-12,-1.1539317746827134e-12
224.01,-1.0452062243799253e-12,-1.132211672696897e-12
224.02,-1.047480529577373e-12,-1.110412461188276e-12
224.03,-1.0496837659754367e-12,-1.0885363292903958e-12
224.04,-1.051815586036285e-12,-1.0665859355264465e-12
224.05,-1.053875777435466e-12,-1.0445636105057707e-12
224.06,-1.055864306443348e-12,-1.0224719917939631e-12
224.07,-1.057780916072527e-12,-1.0003133868685376e-12
224.08,-1.0596259536981552e-12,-9.780901138672688e-13
224.09,-1.0613982686105907e-12,-9.558054703221223e-13
224.1,-1.0630985894479087e-12,-9.334611592319766e-13
224.11,-1.0647263997681249e-12,-9.110599044234603e-13
224.12,-1.0662816339274127e-12,-8.886040895482178e-13
224.13,-1.0677648810054147e-12,-8.660965925063695e-13
224.14,-1.069175152864368e-12,-8.435395335989658e-13
224.15,-1.0705128244930135e-12,-8.209355444334545e-13
224.16,-1.0717777939338173e-12,-7.982870558946632e-13
224.17,-1.0729697060186617e-12,-7.755966571066603e-13
224.18,-1.074089055238319e-12,-7.52866756035627e-13
224.19,-1.0751351525744668e-12,-7.30099963183028e-13
224.2,-1.0761085824369464e-12,-7.072986455588452e-13
224.21,-1.0770095879069646e-12,-6.84464691939108e-13
224.22,-1.0778364022386154e-12,-6.616027281268878e-13
224.23,-1.078590816461477e-12,-6.387130212120354e-13
224.24,-1.0792726306200404e-12,-6.157987598699195e-13
224.25,-1.079881245364938e-12,-5.928625955245435e-13
224.26,-1.080416824045851e-12,-5.699070750653177e-13
224.27,-1.0808800038272986e-12,-5.469341352789762e-13
224.28,-1.0812700972914419e-12,-5.239468562446866e-13
224.29,-1.0815874617691215e-12,-5.009475783920675e-13
224.3,-1.0818323975699809e-12,-4.77938514104923e-13
224.31,-1.0820043741381781e-12,-4.549225214917809e-13
224.32,-1.0821040998381106e-12,-4.319017532107974e-13
224.33,-1.0821313327513158e-12,-4.0887881595190663e-13
224.34,-1.0820862601788873e-12,-3.858561139871799e-13
224.35,-1.0819685363182756e-12,-3.6283626747148014e-13
224.36,-1.0817798997486722e-12,-3.398212309026692e-13
224.37,-1.0815187026188497e-12,-3.168139673331006e-13
224.38,-1.081185546414711e-12,-2.9381688684967546e-13
224.39,-1.0807807069031835e-12,-2.708323083026589e-13
224.4,-1.0803046497203544e-12,-2.4786238495545595e-13
224.41,-1.0797570717700525e-12,-2.2490987344793854e-13
224.42,-1.0791385269601922e-12,-2.0197708456742602e-13
224.43,-1.0784489820105194e-12,-1.7906639025786838e-13
224.44,-1.0776886374944646e-12,-1.5618030648665022e-13
224.45,-1.0768577585119337e-12,-1.3332112743291163e-13
224.46,-1.0759565597235206e-12,-1.1049119190904631e-13
224.47,-1.0749851845589849e-12,-8.769306423103964e-14
224.48,-1.0739437382948902e-12,-6.492902131858774e-14
224.49,-1.0728330045364662e-12,-4.220120277117541e-14
224.5,-1.0716528843472122e-12,-1.9512151180035976e-14
224.51,-1.0704033570299985e-12,3.1355985626593666e-15
224.52,-1.0690850023915282e-12,2.5740038281047196e-14
224.53,-1.0676978437505563e-12,4.8298570050114887e-14
224.54,-1.066242106978824e-12,7.080918934568452e-14
224.55,-1.0647195858292574e-12,9.326937279554159e-14
224.56,-1.0631281867932589e-12,1.1567674615113438e-13
224.57,-1.0614696501210569e-12,1.380291931546214e-13
224.58,-1.0597439043583546e-12,1.6032426278962984e-13
224.59,-1.0579512995275848e-12,1.825598671659106e-13
224.6,-1.0560922883169843e-12,2.047337794091228e-13
224.61,-1.054167187001711e-12,2.2684362892355018e-13
224.62,-1.0521763066233848e-12,2.4888722970991413e-13
224.63,-1.0501197426384181e-12,2.708621746677804e-13
224.64,-1.0479982483139147e-12,2.9276662319818e-13
224.65,-1.0458121709062949e-12,3.1459813329884325e-13
224.66,-1.0435614688895087e-12,3.363544072400171e-13
224.67,-1.0412467727127895e-12,3.5803358195572545e-13
224.68,-1.0388687266010871e-12,3.796333322011642e-13
224.69,-1.0364272784461708e-12,4.011514082059942e-13
224.7,-1.0339233391501417e-12,4.2258581266588367e-13
224.71,-1.0313569556082682e-12,4.4393438291787537e-13
224.72,-1.0287286428481654e-12,4.651950485728977e-13
224.73,-1.0260388212612657e-12,4.863656044533887e-13
224.74,-1.0232878692023625e-12,5.074440725212987e-13
224.75,-1.020476324953859e-12,5.284283189818294e-13
224.76,-1.0176045566915812e-12,5.493163114312398e-13
224.77,-1.014673167783925e-12,5.701060118558101e-13
224.78,-1.0116825466259257e-12,5.907953820129584e-13
224.79,-1.008633116525687e-12,6.11382402890395e-13
224.8,-1.0055253409473544e-12,6.318650364217466e-13
224.81,-1.0023597591273708e-12,6.522414243162282e-13
224.82,-9.991367616385438e-13,6.72509483021095e-13
224.83,-9.958567918061354e-13,6.926673053197608e-13
224.84,-9.925209205389332e-13,7.127129420058025e-13
224.85,-9.891290546893674e-13,7.326445346348102e-13
224.86,-9.856816995053283e-13,7.524599925738055e-13
224.87,-9.821795987868026e-13,7.721575670583142e-13
224.88,-9.786234896671281e-13,7.917354967267526e-13
224.89,-9.75013477897439e-13,8.111916968673611e-13
224.9,-9.713500905220385e-13,8.305243801270206e-13
224.91,-9.676343726725966e-13,8.497318931920882e-13
224.92,-9.638666182338784e-13,8.688122235870449e-13
224.93,-9.600473567502916e-13,8.877636740899002e-13
224.94,-9.561767932112177e-13,9.065844119700006e-13
224.95,-9.522562893469018e-13,9.25272923808793e-13
224.96,-9.48286275269226e-13,9.438270570141745e-13
224.97,-9.442660243968578e-13,9.622453227763937e-13
224.98,-9.40197248049008e-13,9.805260470191365e-13
224.99,-9.360809455060912e-13,9.986675229701137e-13
225.0,-9.319168883329292e-13,1.0166680130855197e-12
225.01,-9.27706146499482e-13,1.0345258994585809e-12
225.02,-9.234489087577445e-13,1.0522396414581176e-12
225.03,-9.191464514954938e-13,1.0698075626119413e-12
225.04,-9.147988668430295e-13,1.087228130786098e-12
225.05,-9.10406536832406e-13,1.1044995262496394e-12
225.06,-9.059706452026213e-13,1.12162043763586e-12
225.07,-9.014915662053292e-13,1.1385892029239904e-12
225.08,-8.969701415152818e-13,1.1554045235637324e-12
225.09,-8.924068364605821e-13,1.172064662828127e-12
225.1,-8.878020406264852e-13,1.1885681174558973e-12
225.11,-8.83156602382289e-13,1.2049136388581508e-12
225.12,-8.784716569896464e-13,1.2210997782040104e-12
225.13,-8.737476047535352e-13,1.237124908928641e-12
225.14,-8.689845374713799e-13,1.2529876907007592e-12
225.15,-8.641832722154018e-13,1.268686750441367e-12
225.16,-8.593454983367397e-13,1.2842211331405629e-12
225.17,-8.544707113323138e-13,1.2995888540676682e-12
225.18,-8.495599662632716e-13,1.3147890078907129e-12
225.19,-8.44613974733764e-13,1.3298200860161276e-12
225.2,-8.396334433452932e-13,1.344680909699829e-12
225.21,-8.346190517788227e-13,1.3593702388117356e-12
225.22,-8.295714361097727e-13,1.3738867658809364e-12
225.23,-8.244915865209468e-13,1.3882293934874601e-12
225.24,-8.193795888184477e-13,1.4023967702970585e-12
225.25,-8.142364872360322e-13,1.4163878605209532e-12
225.26,-8.090631840753126e-13,1.4302014098368449e-12
225.27,-8.038604055139857e-13,1.443836433084207e-12
225.28,-7.986280168648198e-13,1.4572915552597748e-12
225.29,-7.93368252746327e-13,1.4705660281839807e-12
225.3,-7.880797821763077e-13,1.483658444499218e-12
225.31,-7.827649627905602e-13,1.4965679598404859e-12
225.32,-7.77424515918962e-13,1.5092936858030887e-12
225.33,-7.720579201300719e-13,1.5218343026728743e-12
225.34,-7.666667030430962e-13,1.5341888819647827e-12
225.35,-7.612518012095271e-13,1.546356639190665e-12
225.36,-7.558136046443809e-13,1.5583365468005918e-12
225.37,-7.503526948331877e-13,1.5701277573433611e-12
225.38,-7.448708033120041e-13,1.5817294122190363e-12
225.39,-7.393666576313988e-13,1.5931403718076481e-12
225.4,-7.338426879214211e-13,1.6043598778837202e-12
225.41,-7.28299202886008e-13,1.6153873870100954e-12
225.42,-7.22738009280876e-13,1.626221817064246e-12
225.43,-7.171563004498739e-13,1.6368624932108135e-12
225.44,-7.115585005108467e-13,1.647308575095087e-12
225.45,-7.059437586859169e-13,1.657559395962794e-12
225.46,-7.003133362390928e-13,1.6676142347236285e-12
225.47,-6.94667685959206e-13,1.6774723782203059e-12
225.48,-6.890077622541428e-13,1.68713311895337e-12
225.49,-6.833338393985075e-13,1.6965956921417109e-12
225.5,-6.776473021503152e-13,1.705859824563596e-12
225.51,-6.719483675199588e-13,1.7149246609243322e-12
225.52,-6.662381871653043e-13,1.7237895969036495e-12
225.53,-6.605172430592538e-13,1.732454212442896e-12
225.54,-6.547862379727353e-13,1.7409179195912793e-12
225.55,-6.490460151870772e-13,1.7491801929619202e-12
225.56,-6.432970028829617e-13,1.757240386690141e-12
225.57,-6.375406801660221e-13,1.7650982348104675e-12
225.58,-6.317773759395423e-13,1.7727533026182368e-12
225.59,-6.26007632056149e-13,1.780204998095647e-12
225.6,-6.202328374667332e-13,1.787453127947242e-12
225.61,-6.144526537253292e-13,1.7944971272251379e-12
225.62,-6.086686448817565e-13,1.8013367731549765e-12
225.63,-6.028814518190415e-13,1.8079715861129055e-12
225.64,-5.970917658123137e-13,1.8144013553934302e-12
225.65,-5.913003366538594e-13,1.8206256843094457e-12
225.66,-5.855076405608507e-13,1.8266446248006045e-12
225.67,-5.797149364227851e-13,1.8324576224132942e-12
225.68,-5.739224195534452e-13,1.8380644542079123e-12
225.69,-5.681309858373529e-13,1.8434650613176794e-12
225.7,-5.623415552317106e-13,1.848659168221038e-12
225.71,-5.565548130407913e-13,1.8536466614439743e-12
225.72,-5.507714082658971e-13,1.8584274400226976e-12
225.73,-5.449921400433461e-13,1.8630013067673754e-12
225.74,-5.392177842799913e-13,1.8673682579035077e-12
225.75,-5.334487416944321e-13,1.8715282476059608e-12
225.76,-5.27685955422792e-13,1.87548110742271e-12
225.77,-5.219304374234651e-13,1.879226931820687e-12
225.78,-5.161824379555287e-13,1.882765618153906e-12
225.79,-5.10443074107827e-13,1.886097249355864e-12
225.8,-5.047129646974255e-13,1.8892220690096326e-12
225.81,-4.989925519736622e-13,1.8921397986608147e-12
225.82,-4.93282816755135e-13,1.894850748259382e-12
225.83,-4.875845374865772e-13,1.8973549075076477e-12
225.84,-4.818978595725056e-13,1.899652454378245e-12
225.85,-4.762241179172179e-13,1.9017435847087913e-12
225.86,-4.705639500938077e-13,1.9036284680402158e-12
225.87,-4.649176785515737e-13,1.9053072590138583e-12
225.88,-4.592865528930125e-13,1.9067802201197364e-12
225.89,-4.536707514642883e-13,1.908047585896494e-12
225.9,-4.4807128606947046e-13,1.9091094386003176e-12
225.91,-4.424882777603138e-13,1.9099663369723574e-12
225.92,-4.369227530741874e-13,1.910618341400011e-12
225.93,-4.3137623838332487e-13,1.9110659523826864e-12
225.94,-4.2584865245506567e-13,1.9113097193168634e-12
225.95,-4.2034049813948197e-13,1.9113496676800515e-12
225.96,-4.1485240687716105e-13,1.911186120506707e-12
225.97,-4.0938564798290644e-13,1.9108199501287693e-12
225.98,-4.039404001326117e-13,1.910251140336948e-12
225.99,-3.985174566508061e-13,1.9094803851631383e-12
226.0,-3.9311752339468566e-13,1.9085079545350354e-12
226.01,-3.8774077044665837e-13,1.9073345711766286e-12
226.02,-3.8238899836355617e-13,1.905960633443004e-12
226.03,-3.7706204249390597e-13,1.9043867597437735e-12
226.04,-3.7176037846967425e-13,1.9026133830154355e-12
226.05,-3.664849129394996e-13,1.9006409904319417e-12
226.06,-3.61236376351786e-13,1.8984705352154354e-12
226.07,-3.5601535754545887e-13,1.8961023021615163e-12
226.08,-3.5082200659183437e-13,1.8935370380845387e-12
226.09,-3.456552462915269e-13,1.8907747801045146e-12
226.1,-3.4052296189439145e-13,1.8878180825166064e-12
226.11,-3.354178657092633e-13,1.8846658885784972e-12
226.12,-3.303432218365442e-13,1.881319357515653e-12
226.13,-3.253000577432171e-13,1.8777792315806326e-12
226.14,-3.202883552631486e-13,1.8740463201987985e-12
226.15,-3.15309141813919e-13,1.8701214606996658e-12
226.16,-3.103628597578814e-13,1.8660053858172353e-12
226.17,-3.0544991338133254e-13,1.8616987061471823e-12
226.18,-3.0057073688279394e-13,1.85720216662474e-12
226.19,-2.9572733806092763e-13,1.8525176883701433e-12
226.2,-2.9091841958673604e-13,1.8476449722908927e-12
226.21,-2.8614532427556485e-13,1.8425853071859335e-12
226.22,-2.8140859760314e-13,1.837339347200002e-12
226.23,-2.76709144498393e-13,1.8319084593575368e-12
226.24,-2.720466087109007e-13,1.826293225470053e-12
226.25,-2.674221312932066e-13,1.8204946124821537e-12
226.26,-2.6283647572814114e-13,1.8145139051617859e-12
226.27,-2.5828940423294064e-13,1.8083518434678126e-12
226.28,-2.5378254539756986e-13,1.8020094919335423e-12
226.29,-2.4931555685271255e-13,1.79548788582469e-12
226.3,-2.448890892032382e-13,1.7887880344290136e-12
226.31,-2.405038052387586e-13,1.7819110451854094e-12
226.32,-2.361601103683562e-13,1.7748577546226454e-12
226.33,-2.318585709975114e-13,1.7676298816035074e-12
226.34,-2.275995349249102e-13,1.760227901688364e-12
226.35,-2.2338358843756838e-13,1.7526532428403819e-12
226.36,-2.1921162861068683e-13,1.7449069852778683e-12
226.37,-2.1508285090063647e-13,1.7369903112125027e-12
226.38,-2.1099943220336835e-13,1.7289043814625955e-12
226.39,-2.0696032569192358e-13,1.7206502491147611e-12
226.4,-2.029669934127739e-13,1.712229382880304e-12
226.41,-1.9901945487819828e-13,1.703642783039646e-12
226.42,-1.9511839979542607e-13,1.6948919125003875e-12
226.43,-1.9126360921980912e-13,1.6859776870857727e-12
226.44,-1.8745630559033485e-13,1.6769018165948307e-12
226.45,-1.8369642791587353e-13,1.667665123935681e-12
226.46,-1.7998469050753537e-13,1.6582693807216366e-12
226.47,-1.7632130293381535e-13,1.6487154616797273e-12
226.48,-1.7270680284833987e-13,1.6390050453448495e-12
226.49,-1.6914156414188548e-13,1.6291392664034643e-12
226.5,-1.6562556734635075e-13,1.6191194251388881e-12
226.51,-1.6215940978470055e-13,1.608946928467598e-12
226.52,-1.5874414231555515e-13,1.5986235437833014e-12
226.53,-1.5537935592551823e-13,1.5881501080649723e-12
226.54,-1.5206551852458313e-13,1.5775283736324928e-12
226.55,-1.4880313697382644e-13,1.566759500264968e-12
226.56,-1.455925869336463e-13,1.555845151691613e-12
226.57,-1.4243389130104072e-13,1.5447868099441324e-12
226.58,-1.3932779294154193e-13,1.5335856643090434e-12
226.59,-1.3627447804902542e-13,1.5222435160480115e-12
226.6,-1.3327426038409636e-13,1.510761674072674e-12
226.61,-1.303274147749745e-13,1.4991415986073533e-12
226.62,-1.2743406718289272e-13,1.4873848317792474e-12
226.63,-1.2459502277301754e-13,1.475492988742149e-12
226.64,-1.2180988145673638e-13,1.4634674421545673e-12
226.65,-1.1907941380400507e-13,1.4513098772395904e-12
226.66,-1.1640372428459168e-13,1.4390217533498382e-12
226.67,-1.137830437544572e-13,1.4266046731311606e-12
226.68,-1.1121788077787178e-13,1.4140602258215536e-12
226.69,-1.0870827110881417e-13,1.4013900059737699e-12
226.7,-1.062545411222258e-13,1.3885956281262613e-12
226.71,-1.0385691041428902e-13,1.3756785982891902e-12
226.72,-1.0151547421871578e-13,1.3626406087685936e-12
226.73,-9.923070034462599e-14,1.3494833778280814e-12
226.74,-9.700253958378825e-14,1.3362083135690236e-12
226.75,-9.483163038948312e-14,1.3228173554366295e-12
226.76,-9.271742576580935e-14,1.3093118078234181e-12
226.77,-9.066083481890668e-14,1.2956935473029176e-12
226.78,-8.866119175062473e-14,1.2819641275353864e-12
226.79,-8.672038229106617e-14,1.2681256603417275e-12
226.8,-8.483692308294968e-14,1.2541792984698387e-12
226.81,-8.301124977737604e-14,1.2401268871167158e-12
226.82,-8.124419555645324e-14,1.2259702414352912e-12
226.83,-7.95353399462467e-14,1.2117111554575478e-12
226.84,-7.788504634869825e-14,1.1973510778401432e-12
226.85,-7.629316128489526e-14,1.1828918746364843e-12
226.86,-7.476016402620527e-14,1.1683353085576574e-12
226.87,-7.328575676389903e-14,1.1536831002733205e-12
226.88,-7.187098246376072e-14,1.1389370689818668e-12
226.89,-7.051479887957283e-14,1.1240987950786105e-12
226.9,-6.921818748982667e-14,1.109170262953388e-12
226.91,-6.798038909373815e-14,1.0941529226225488e-12
226.92,-6.68019516006301e-14,1.0790488601175838e-12
226.93,-6.568318265093145e-14,1.063859808270121e-12
226.94,-6.462384090232356e-14,1.0485873725383727e-12
226.95,-6.362404782561769e-14,1.0332336248050678e-12
226.96,-6.268383545334945e-14,1.0178001040782216e-12
226.97,-6.180332334160157e-14,1.0022887773403735e-12
226.98,-6.098227590603162e-14,9.86701430201888e-13
226.99,-6.022072554428778e-14,9.710393235810725e-13
227.0,-5.951955090626341e-14,9.55305509845428e-13
227.01,-5.88779522212007e-14,9.395008823996889e-13
227.02,-5.829594866622642e-14,9.23627480210424e-13
227.03,-5.777337749655731e-14,9.076868534633293e-13
227.04,-5.731113980815176e-14,8.91681450562808e-13
227.05,-5.690802338118975e-14,8.756124926446329e-13
227.06,-5.6564803018735927e-14,8.594821428539943e-13
227.07,-5.628149109842386e-14,8.432921596621644e-13
227.08,-5.6057307480047845e-14,8.270445158074483e-13
227.09,-5.589269090872953e-14,8.107407661388614e-13
227.1,-5.5788148632324535e-14,7.943832061459994e-13
227.11,-5.5742559546632213e-14,7.779732012148685e-13
227.12,-5.575670752768594e-14,7.615129821922033e-13
227.13,-5.582978763605765e-14,7.450040614578775e-13
227.14,-5.5962035056817784e-14,7.284484065388238e-13
227.15,-5.6153671455550033e-14,7.118482348585071e-13
227.16,-5.6404404741469266e-14,6.952050143133573e-13
227.17,-5.671374291370895e-14,6.78520638900758e-13
227.18,-5.708203991258966e-14,6.617972289581814e-13
227.19,-5.75089839357252e-14,6.450362754590712e-13
227.2,-5.79946236546735e-14,6.282399334984933e-13
227.21,-5.853842409135731e-14,6.114099180268506e-13
227.22,-5.914076737520083e-14,5.945480933472875e-13
227.23,-5.98010270265942e-14,5.776563185550219e-13
227.24,-6.051916829732904e-14,5.607365024517913e-13
227.25,-6.129522819648877e-14,5.437904416058958e-13
227.26,-6.213002976024927e-14,5.268209673756344e-13
227.27,-6.302026577397759e-14,5.098274078409485e-13
227.28,-6.396863781593077e-14,4.92813915938613e-13
227.29,-6.497410168737815e-14,4.757817755446038e-13
227.3,-6.603633681253465e-14,4.587327108137804e-13
227.31,-6.715590568700358e-14,4.416686208610253e-13
227.32,-6.833146892032672e-14,4.2459123941610676e-13
227.33,-6.956318671433705e-14,4.075025084750048e-13
227.34,-7.085074579345251e-14,3.9040422328696857e-13
227.35,-7.219474924310921e-14,3.7329838087934227e-13
227.36,-7.359348881185613e-14,3.561865174012213e-13
227.37,-7.50482996336317e-14,3.390708337067072e-13
227.38,-7.655756831899445e-14,3.219529273422325e-13
227.39,-7.812202332041328e-14,3.048349000733086e-13
227.4,-7.974075546584664e-14,2.8771787546102757e-13
227.41,-8.141367209327143e-14,2.706044430005406e-13
227.42,-8.314055685229311e-14,2.5349602026324535e-13
227.43,-8.492079063153409e-14,2.363946864024157e-13
227.44,-8.675527756282325e-14,2.193020934656846e-13
227.45,-8.864257585432723e-14,2.0221996481048514e-13
227.46,-9.058245315719858e-14,1.8515016577418248e-13
227.47,-9.257509905741577e-14,1.6809485172468517e-13
227.48,-9.461962136067265e-14,1.510553188722429e-13
227.49,-9.671619342233494e-14,1.340335044857517e-13
227.5,-9.886413138726068e-14,1.1703112960439713e-13
227.51,-1.0106333924338796e-13,1.0005015152614639e-13
227.52,-1.033130399728893e-13,8.309230929861781e-14
227.53,-1.0561379007838671e-13,6.615909212476676e-14
227.54,-1.079644429111904e-13,4.9252604133542586e-14
227.55,-1.1036470900140475e-13,3.237442435298462e-14
227.56,-1.1281479667919699e-13,1.552627601120419e-14
227.57,-1.1531322681110747e-13,-1.2899614182809203e-15
227.58,-1.1786131700763834e-13,-1.8072587438395826e-14
227.59,-1.204570040419577e-13,-3.482013189208859e-14
227.6,-1.2310049092525253e-13,-5.153066085516955e-14
227.61,-1.2579177781479713e-13,-6.820226285890855e-14
227.62,-1.2853011594531388e-13,-8.483372371287741e-14
227.63,-1.3131525763564713e-13,-1.014229703268944e-13
227.64,-1.3414652005134014e-13,-1.1796847294316174e-13
227.65,-1.3702370087399414e-13,-1.3446858924835003e-13
227.66,-1.399465278610468e-13,-1.5092137304234136e-13
227.67,-1.4291433637880212e-13,-1.6732550648698082e-13
227.68,-1.459266354045914e-13,-1.836791445223125e-13
227.69,-1.489830556533552e-13,-1.9998072335317214e-13
227.7,-1.520832883638294e-13,-2.1622864993113856e-13
227.71,-1.5522693031038523e-13,-2.3242107401848896e-13
227.72,-1.5841349903396765e-13,-2.485564590380723e-13
227.73,-1.616420318567542e-13,-2.6463340919822327e-13
227.74,-1.6491277347705865e-13,-2.8065030264320056e-13
227.75,-1.682247986562326e-13,-2.966051671441352e-13
227.76,-1.715779360935438e-13,-3.12496731523353e-13
227.77,-1.7497172025954945e-13,-3.283234319974288e-13
227.78,-1.784055064804109e-13,-3.4408369040073514e-13
227.79,-1.8187898784482468e-13,-3.597758337124569e-13
227.8,-1.853913784970852e-13,-3.753984774070348e-13
227.81,-1.8894213690257567e-13,-3.909500407794208e-13
227.82,-1.925311816112222e-13,-4.0642895804753155e-13
227.83,-1.961578436649234e-13,-4.218337362711686e-13
227.84,-1.9982186158961634e-13,-4.3716273976299065e-13
227.85,-2.0352198773654004e-13,-4.524149096884609e-13
227.86,-2.072580829040614e-13,-4.67588476082086e-13
227.87,-2.1103034093024813e-13,-4.826816962279773e-13
227.88,-2.1483729373575469e-13,-4.976938317415775e-13
227.89,-2.1867855381244523e-13,-5.126228541865084e-13
227.9,-2.225542003364888e-13,-5.274675978641388e-13
227.91,-2.2646301988213061e-13,-5.422264744311079e-13
227.92,-2.3040488170896084e-13,-5.568981554356674e-13
227.93,-2.3437968504366726e-13,-5.714811380797449e-13
227.94,-2.3838527098998814e-13,-5.85974463392502e-13
227.95,-2.424225121956548e-13,-6.003763582292005e-13
227.96,-2.464907400156783e-13,-6.146854725766462e-13
227.97,-2.5058859139821207e-13,-6.289006453624421e-13
227.98,-2.5471717727368917e-13,-6.430205270626534e-13
227.99,-2.588741136829766e-13,-6.570436212276201e-13
228.0,-2.630597049617079e-13,-6.709688007517244e-13
228.01,-2.672732768636344e-13,-6.847947332801035e-13
228.02,-2.715145271401745e-13,-6.985200284842882e-13
228.03,-2.757821051195882e-13,-7.121436586895873e-13
228.04,-2.800763943264541e-13,-7.256641484557051e-13
228.05,-2.8439593339958337e-13,-7.390804777712124e-13
228.06,-2.8874090045630447e-13,-7.523915072686392e-13
228.07,-2.931102849484525e-13,-7.655952048743666e-13
228.08,-2.975037917793466e-13,-7.786912619707886e-13
228.09,-3.0192059040356266e-13,-7.916782265288715e-13
228.1,-3.063600093744749e-13,-8.045549129734826e-13
228.11,-3.108217838862745e-13,-8.173202228854448e-13
228.12,-3.1530506558342365e-13,-8.299729556222347e-13
228.13,-3.1980940226684554e-13,-8.425119658437265e-13
228.14,-3.243344098934638e-13,-8.549361037952382e-13
228.15,-3.2887904240890593e-13,-8.672444617931859e-13
228.16,-3.3344260362197937e-13,-8.794358135940596e-13
228.17,-3.3802511737635116e-13,-8.915090722466072e-13
228.18,-3.426255906108277e-13,-9.034632556479885e-13
228.19,-3.472435718664577e-13,-9.15297283467281e-13
228.2,-3.518782670230558e-13,-9.27009998946695e-13
228.21,-3.5652915380161724e-13,-9.38600856690179e-13
228.22,-3.6119587306958967e-13,-9.50068276120096e-13
228.23,-3.658775157456008e-13,-9.614115742406972e-13
228.24,-3.7057330477194704e-13,-9.726300175533468e-13
228.25,-3.7528323764044e-13,-9.83722107173388e-13
228.26,-3.800060423748859e-13,-9.946872637452906e-13
228.27,-3.8474124488324036e-13,-1.0055246039676457e-12
228.28,-3.894889882915021e-13,-1.0162331292704384e-12
228.29,-3.9424797975173393e-13,-1.0268118216288375e-12
228.3,-3.9901707667159194e-13,-1.0372601306122603e-12
228.31,-4.0379663274226864e-13,-1.047577059374823e-12
228.32,-4.0858555360260046e-13,-1.0577616247392718e-12
228.33,-4.1338356905088825e-13,-1.0678129778072125e-12
228.34,-4.181898173978848e-13,-1.0777306514745172e-12
228.35,-4.23003616618472e-13,-1.0875135668699345e-12
228.36,-4.2782428268699295e-13,-1.0971611093210627e-12
228.37,-4.326514777144233e-13,-1.1066724063114274e-12
228.38,-4.3748448272763016e-13,-1.1160467202637767e-12
228.39,-4.423227778232105e-13,-1.125283230106084e-12
228.4,-4.4716533389682795e-13,-1.1343815229555477e-12
228.41,-4.520117435592751e-13,-1.1433407281398068e-12
228.42,-4.568616631025762e-13,-1.1521601404917508e-12
228.43,-4.617141235424555e-13,-1.1608391583463245e-12
228.44,-4.665689065150608e-13,-1.1693770058404366e-12
228.45,-4.714251832917196e-13,-1.177773240842685e-12
228.46,-4.762818125801008e-13,-1.1860271955889856e-12
228.47,-4.811389501295425e-13,-1.1941381666334152e-12
228.48,-4.8599557641622e-13,-1.2021057088632037e-12
228.49,-4.908511208403843e-13,-1.2099292232579508e-12
228.5,-4.957053635641965e-13,-1.2176079686123551e-12
228.51,-5.005572638251271e-13,-1.2251417345913124e-12
228.52,-5.054061935091507e-13,-1.2325297665863783e-12
228.53,-5.102516061090178e-13,-1.2397717956870192e-12
228.54,-5.150931667448833e-13,-1.2468670776780522e-12
228.55,-5.199299123403188e-13,-1.253815309769217e-12
228.56,-5.247614460907969e-13,-1.260615963542415e-12
228.57,-5.295871027405344e-13,-1.2672687585847884e-12
228.58,-5.344062611583821e-13,-1.2737731293451365e-12
228.59,-5.392179427906731e-13,-1.280128836077388e-12
228.6,-5.44022274717995e-13,-1.2863352198797789e-12
228.61,-5.488181025449479e-13,-1.29239220930694e-12
228.62,-5.536052354595349e-13,-1.2982992342934947e-12
228.63,-5.583826998142781e-13,-1.3040561617959647e-12
228.64,-5.631501174583431e-13,-1.3096625754557603e-12
228.65,-5.679067777509805e-13,-1.3151181244392379e-12
228.66,-5.726521822427323e-13,-1.3204226527627013e-12
228.67,-5.773856807694586e-13,-1.3255758221088902e-12
228.68,-5.821068342599335e-13,-1.3305774082382226e-12
228.69,-5.868148261327423e-13,-1.335427125214424e-12
228.7,-5.915090559638599e-13,-1.3401248689189409e-12
228.71,-5.961892261523317e-13,-1.3446703160513723e-12
228.72,-6.008546273929737e-13,-1.3490634423662608e-12
228.73,-6.055046744957329e-13,-1.3533039394348764e-12
228.74,-6.101387415139499e-13,-1.3573916842225786e-12
228.75,-6.147562884100213e-13,-1.361326599126195e-12
228.76,-6.193566690158422e-13,-1.3651085819184369e-12
228.77,-6.239394170775539e-13,-1.3687375121792788e-12
228.78,-6.285037732478144e-13,-1.3722132626998295e-12
228.79,-6.330498098688896e-13,-1.3755358762392828e-12
228.8,-6.375761328214323e-13,-1.3787051207462398e-12
228.81,-6.42082697575063e-13,-1.3817212065688888e-12
228.82,-6.465689125409328e-13,-1.3845839281953102e-12
228.83,-6.51034102055237e-13,-1.3872933624600097e-12
228.84,-6.554775163336859e-13,-1.3898496612930643e-12
228.85,-6.598991279537322e-13,-1.3922525113358274e-12
228.86,-6.642979703611398e-13,-1.394502231657418e-12
228.87,-6.686734466152309e-13,-1.396599047944385e-12
228.88,-6.73025742739931e-13,-1.398542463065381e-12
228.89,-6.773536833472046e-13,-1.40033310276504e-12
228.9,-6.81656709378331e-13,-1.4019709934155501e-12
228.91,-6.859346241561182e-13,-1.4034561378641907e-12
228.92,-6.901865361833618e-13,-1.404788725109066e-12
228.93,-6.944122899258556e-13,-1.4059689731925469e-12
228.94,-6.986111566745914e-13,-1.4069970970108628e-12
228.95,-7.027826884416766e-13,-1.4078731450961833e-12
228.96,-7.069277087701595e-13,-1.4085971263483382e-12
228.97,-7.110420895559151e-13,-1.4091700697132472e-12
228.98,-7.151286316060304e-13,-1.4095914922369591e-12
228.99,-7.191860302313123e-13,-1.409861826213901e-12
229.0,-7.232138220878081e-13,-1.409981313446193e-12
229.01,-7.272108298999579e-13,-1.409950459623312e-12
229.02,-7.311772286772842e-13,-1.4097694444172535e-12
229.03,-7.351125650328579e-13,-1.4094384693160109e-12
229.04,-7.390161514483602e-13,-1.4089581541856573e-12
229.05,-7.42887334888956e-13,-1.4083285368808124e-12
229.06,-7.467262860972618e-13,-1.4075499514332392e-12
229.07,-7.505320392698789e-13,-1.4066231144516704e-12
229.08,-7.543042224181375e-13,-1.4055483263608347e-12
229.09,-7.580422211029089e-13,-1.4043257554360772e-12
229.1,-7.617459646538792e-13,-1.4029560994793517e-12
229.11,-7.654151818616096e-13,-1.4014397377333584e-12
229.12,-7.690485803144966e-13,-1.3997769273956321e-12
229.13,-7.726462262627751e-13,-1.3979685339656197e-12
229.14,-7.762082285252784e-13,-1.3960148712749597e-12
229.15,-7.797330035999436e-13,-1.3939161371283962e-12
229.16,-7.832211978676633e-13,-1.391673153502232e-12
229.17,-7.866717149915666e-13,-1.389286460993122e-12
229.18,-7.900846615206763e-13,-1.3867566145067833e-12
229.19,-7.934592915972831e-13,-1.3840840506864097e-12
229.2,-7.967952119147335e-13,-1.3812693741077186e-12
229.21,-8.000924156218665e-13,-1.3783132007822696e-12
229.22,-8.033499585284846e-13,-1.3752160377057826e-12
229.23,-8.065665332306153e-13,-1.3719791840604296e-12
229.24,-8.097455697628673e-13,-1.3686017418455942e-12
229.25,-8.128828111603003e-13,-1.3650856397906686e-12
229.26,-8.159790546178277e-13,-1.3614312962233437e-12
229.27,-8.190340496911256e-13,-1.3576392101268558e-12
229.28,-8.220476984362904e-13,-1.3537100701309045e-12
229.29,-8.250194887208494e-13,-1.3496445774377222e-12
229.3,-8.279487721841318e-13,-1.3454437137204374e-12
229.31,-8.308354870364263e-13,-1.341107662705036e-12
229.32,-8.33678707251656e-13,-1.3366376946406656e-12
229.33,-8.364796983439468e-13,-1.3320342322834628e-12
229.34,-8.392367077819105e-13,-1.3272981254090555e-12
229.35,-8.419496484676674e-13,-1.322430226648142e-12
229.36,-8.446180669994439e-13,-1.3174314750766342e-12
229.37,-8.472425973986527e-13,-1.3123019160614438e-12
229.38,-8.498222031654174e-13,-1.307043079746795e-12
229.39,-8.523567412382646e-13,-1.3016556414117555e-12
229.4,-8.548453376663493e-13,-1.296140472996107e-12
229.41,-8.572889128286202e-13,-1.2904984286772612e-12
229.42,-8.596861933304125e-13,-1.284729920264477e-12
229.43,-8.620374200108649e-13,-1.2788365606501797e-12
229.44,-8.643419403663564e-13,-1.2728186290644285e-12
229.45,-8.665995823489163e-13,-1.2666775270521388e-12
229.46,-8.688105714918605e-13,-1.2604135249939972e-12
229.47,-8.709742111005056e-13,-1.254028125480691e-12
229.48,-8.730904687548505e-13,-1.2475219358726052e-12
229.49,-8.751589041832258e-13,-1.2408960118808479e-12
229.5,-8.771796027436471e-13,-1.2341512260265574e-12
229.51,-8.791516743894111e-13,-1.2272887481839058e-12
229.52,-8.810758354420259e-13,-1.2203092268179597e-12
229.53,-8.829515157175039e-13,-1.2132138039697945e-12
229.54,-8.847778247570355e-13,-1.2060035796704907e-12
229.55,-8.865555156777424e-13,-1.1986793589798492e-12
229.56,-8.882837351546203e-13,-1.1912424199209986e-12
229.57,-8.899632448714799e-13,-1.183693448624929e-12
229.58,-8.9159286201346e-13,-1.1760335063571904e-12
229.59,-8.931727609746243e-13,-1.1682640058012374e-12
229.6,-8.947027350759352e-13,-1.1603857297115673e-12
229.61,-8.961827147422794e-13,-1.152399794156444e-12
229.62,-8.976125252601419e-13,-1.1443072118167632e-12
229.63,-8.989919910720507e-13,-1.136109151378292e-12
229.64,-9.003210639136127e-13,-1.1278064518218055e-12
229.65,-9.015994867916091e-13,-1.1194006737626752e-12
229.66,-9.028270039290073e-13,-1.1108925702123182e-12
229.67,-9.040038815958349e-13,-1.1022832992293735e-12
229.68,-9.05129542867424e-13,-1.0935740073688761e-12
229.69,-9.062043519032555e-13,-1.0847660854377016e-12
229.7,-9.072278855192698e-13,-1.075860340021253e-12
229.71,-9.082003475417975e-13,-1.066857946630947e-12
229.72,-9.091211032696999e-13,-1.0577603401494592e-12
229.73,-9.09990506307844e-13,-1.0485682408162818e-12
229.74,-9.108082831487019e-13,-1.0392831718938094e-12
229.75,-9.1157444239676e-13,-1.0299062348826586e-12
229.76,-9.122889868608973e-13,-1.020438685088064e-12
229.77,-9.129514255831168e-13,-1.010881504631502e-12
229.78,-9.135630440945812e-13,-1.001236050799356e-12
229.79,-9.141222047644899e-13,-9.915034185480366e-13
229.8,-9.146294490058196e-13,-9.81685072162917e-13
229.81,-9.150845582355517e-13,-9.717820916738216e-13
229.82,-9.154883000788705e-13,-9.61795482995178e-13
229.83,-9.158399448130812e-13,-9.517267748352483e-13
229.84,-9.161392745424063e-13,-9.415770608724256e-13
229.85,-9.163869546247797e-13,-9.313477301501676e-13
229.86,-9.165820851428555e-13,-9.210404240447632e-13
229.87,-9.167260216921025e-13,-9.106550895574196e-13
229.88,-9.168177524998772e-13,-9.001941812688716e-13
229.89,-9.168572361983491e-13,-8.896587680457457e-13
229.9,-9.168449385313246e-13,-8.790497818085316e-13
229.91,-9.16780756525578e-13,-8.683689120193801e-13
229.92,-9.166649051945447e-13,-8.576171403634098e-13
229.93,-9.164966579748126e-13,-8.467959277522105e-13
229.94,-9.16277596201263e-13,-8.359064860425463e-13
229.95,-9.160058677697075e-13,-8.249498362638319e-13
229.96,-9.156824760121787e-13,-8.139281514639175e-13
229.97,-9.153076904640811e-13,-8.028418833222021e-13
229.98,-9.148813794555474e-13,-7.916926543171306e-13
229.99,-9.144036528959144e-13,-7.804818492115941e-13
230.0,-9.138746245924157e-13,-7.692105300919605e-13
230.01,-9.132943118093814e-13,-7.578804397317769e-13
230.02,-9.126627945477546e-13,-7.46492540576957e-13
230.03,-9.119818481500081e-13,-7.350475012710917e-13
230.04,-9.112463815924507e-13,-7.235490307820722e-13
230.05,-9.104619547465056e-13,-7.119962360425266e-13
230.06,-9.096268939395264e-13,-7.003910491815221e-13
230.07,-9.087411202559999e-13,-6.887349336520941e-13
230.08,-9.078048857616732e-13,-6.770290796594629e-13
230.09,-9.068183659957435e-13,-6.652750002617086e-13
230.1,-9.057813639172703e-13,-6.5347408227375e-13
230.11,-9.046943788205919e-13,-6.416275400844466e-13
230.12,-9.035576548115898e-13,-6.297367826208095e-13
230.13,-9.023711523440964e-13,-6.178032470215958e-13
230.14,-9.011352177597774e-13,-6.0582824073932e-13
230.15,-8.998496689568825e-13,-5.93812933170052e-13
230.16,-8.985152195323894e-13,-5.81759049541462e-13
230.17,-8.971314323363755e-13,-5.696679143835974e-13
230.18,-8.95699179754407e-13,-5.575404181909275e-13
230.19,-8.942181055917981e-13,-5.453785167263892e-13
230.2,-8.926885729301475e-13,-5.331832587457008e-13
230.21,-8.911110394394329e-13,-5.209559876343786e-13
230.22,-8.89485266897396e-13,-5.086985049447066e-13
230.23,-8.878114959400883e-13,-4.964115326889594e-13
230.24,-8.86090535911921e-13,-4.840968632766495e-13
230.25,-8.843222487891975e-13,-4.717557777358101e-13
230.26,-8.825065642765905e-13,-4.593896411911394e-13
230.27,-8.806443347033301e-13,-4.469999934837615e-13
230.28,-8.787350054347474e-13,-4.345878860521621e-13
230.29,-8.767800825244198e-13,-4.2215486851538076e-13
230.3,-8.747789318969307e-13,-4.0970243406464486e-13
230.31,-8.727315350368646e-13,-3.972315020016524e-13
230.32,-8.70638666451329e-13,-3.8474398164525416e-13
230.33,-8.685005411984628e-13,-3.722409547587266e-13
230.34,-8.663175577882379e-13,-3.597238328772771e-13
230.35,-8.640898093208037e-13,-3.4719391209163823e-13
230.36,-8.618171259503427e-13,-3.346528229897956e-13
230.37,-8.595009222713923e-13,-3.2210155413977285e-13
230.38,-8.571408040888883e-13,-3.0954181760897276e-13
230.39,-8.547366902042854e-13,-2.9697461730943026e-13
230.4,-8.522899448083648e-13,-2.8440170677297187e-13
230.41,-8.498000097211127e-13,-2.71824204510446e-13
230.42,-8.472677170268678e-13,-2.592432880863749e-13
230.43,-8.446927942589639e-13,-2.4666081134164765e-13
230.44,-8.420758454033699e-13,-2.340777647810395e-13
230.45,-8.394174987779157e-13,-2.2149546872410908e-13
230.46,-8.367177339505339e-13,-2.0891549462113837e-13
230.47,-8.33977317269263e-13,-1.963388178366238e-13
230.48,-8.311956091608455e-13,-1.8376732630147343e-13
230.49,-8.283745717058336e-13,-1.7120160281355058e-13
230.5,-8.255133581134375e-13,-1.5864365790093147e-13
230.51,-8.226124252439838e-13,-1.4609455984846583e-13
230.52,-8.196724902900447e-13,-1.335555647732761e-13
230.53,-8.166937019098324e-13,-1.2102799415411185e-13
230.54,-8.136764691573512e-13,-1.0851342055904326e-13
230.55,-8.10621231816772e-13,-9.601285765968435e-14
230.56,-8.075283971450554e-13,-8.352774636512023e-14
230.57,-8.043982036698304e-13,-7.105926816205015e-14
230.58,-8.012310529154256e-13,-5.860896638047644e-14
230.59,-7.980275338262577e-13,-4.6177835816190307e-14
230.6,-7.947880114959757e-13,-3.3767334613563616e-14
230.61,-7.915126035389235e-13,-2.137872183641487e-14
230.62,-7.88202010166157e-13,-9.013306051081993e-15
230.63,-7.84856743519157e-13,3.3276427116461974e-15
230.64,-7.814767386379323e-13,1.5642970519017138e-14
230.65,-7.780628336336222e-13,2.7931252717429827e-14
230.66,-7.746152952649891e-13,4.0191276482635415e-14
230.67,-7.711343286037063e-13,5.242181432829006e-14
230.68,-7.676209021672048e-13,6.462171555848632e-14
230.69,-7.640748979109788e-13,7.678960915842817e-14
230.7,-7.604974010988869e-13,8.892433182222309e-14
230.71,-7.568881472479159e-13,1.0102455514238341e-13
230.72,-7.53247947773306e-13,1.1308915665218165e-13
230.73,-7.495773743332067e-13,1.2511690567029564e-13
230.74,-7.458763153851721e-13,1.3710657293887008e-13
230.75,-7.421458886757958e-13,1.4905701513196029e-13
230.76,-7.383859576240322e-13,1.6096678831642013e-13
230.77,-7.345977088527101e-13,1.7283501671069758e-13
230.78,-7.307808507984419e-13,1.846605106630728e-13
230.79,-7.269360943716426e-13,1.964418414364382e-13
230.8,-7.230639162918265e-13,2.081780298529379e-13
230.81,-7.191647862280588e-13,2.1986773779207895e-13
230.82,-7.152397710580943e-13,2.3151011217557814e-13
230.83,-7.1128855499071e-13,2.431037888227271e-13
230.84,-7.073121223648314e-13,2.5464761582267523e-13
230.85,-7.033102533607322e-13,2.6614059334434996e-13
230.86,-6.992838923135551e-13,2.7758153593575844e-13
230.87,-6.952336940215351e-13,2.8896918118350896e-13
230.88,-6.911599606394259e-13,3.0030278172636317e-13
230.89,-6.870631674790347e-13,3.1158076423226237e-13
230.9,-6.829441163732889e-13,3.228024346033288e-13
230.91,-6.788025510073381e-13,3.3396650605816906e-13
230.92,-6.746395180506243e-13,3.450719980594873e-13
230.93,-6.704548894138738e-13,3.5611783658917617e-13
230.94,-6.662512405441002e-13,3.671028475830189e-13
230.95,-6.620265586183585e-13,3.780259820400553e-13
230.96,-6.577825337920575e-13,3.888865181770667e-13
230.97,-6.535191812709007e-13,3.996830468224522e-13
230.98,-6.49237878654884e-13,4.1041466491948323e-13
230.99,-6.449379975787907e-13,4.210805126708731e-13
231.0,-6.406209634234375e-13,4.316794058333539e-13
231.01,-6.362869276084956e-13,4.4221039830111523e-13
231.02,-6.319360243351685e-13,4.526724268208592e-13
231.03,-6.275696850378793e-13,4.630648069815455e-13
231.04,-6.231876169035707e-13,4.73386233175147e-13
231.05,-6.187907756781138e-13,4.83635840444583e-13
231.06,-6.143795123014199e-13,4.938127542328109e-13
231.07,-6.099542103250889e-13,5.039160520851973e-13
231.08,-6.055156196049634e-13,5.139446778635089e-13
231.09,-6.010643921113961e-13,5.238978241959682e-13
231.1,-5.966008380842164e-13,5.337744584626558e-13
231.11,-5.921258280871504e-13,5.435742322231781e-13
231.12,-5.876387128888069e-13,5.53295183493132e-13
231.13,-5.83141487552725e-13,5.629374124572385e-13
231.14,-5.786340165732118e-13,5.724995668326482e-13
231.15,-5.741169318054025e-13,5.819810312936624e-13
231.16,-5.695905125321308e-13,5.913806428565275e-13
231.17,-5.650557144383625e-13,6.006979711300514e-13
231.18,-5.605128329250574e-13,6.099319407692824e-13
231.19,-5.559622939047988e-13,6.190816664611525e-13
231.2,-5.51404380490095e-13,6.281462950759446e-13
231.21,-5.468411784019134e-13,6.37125763209675e-13
231.22,-5.422709764275271e-13,6.460183524906967e-13
231.23,-5.376961832460859e-13,6.548238025821131e-13
231.24,-5.331159639638726e-13,6.635410995669207e-13
231.25,-5.285318630150349e-13,6.721696818034636e-13
231.26,-5.239437310204951e-13,6.80708701440796e-13
231.27,-5.193523504665686e-13,6.89157407139251e-13
231.28,-5.147575404796853e-13,6.975152345465458e-13
231.29,-5.101620614988238e-13,7.057812969802629e-13
231.3,-5.055640621907128e-13,7.139551511856321e-13
231.31,-5.009650728417651e-13,7.220358069537704e-13
231.32,-4.963655421341398e-13,7.300227903346996e-13
231.33,-4.917660078556025e-13,7.37915395652747e-13
231.34,-4.871667535971067e-13,7.457129792436899e-13
231.35,-4.825685621769052e-13,7.534147592207351e-13
231.36,-4.779721351905648e-13,7.610205070294915e-13
231.37,-4.733771174034578e-13,7.685293325376127e-13
231.38,-4.687857668538785e-13,7.759403416891738e-13
231.39,-4.64197192968883e-13,7.83253344561002e-13
231.4,-4.596119969404249e-13,7.904678980925068e-13
231.41,-4.550311610083225e-13,7.975830088743498e-13
231.42,-4.504557034702507e-13,8.04598403442065e-13
231.43,-4.458842458392692e-13,8.11513390417696e-13
231.44,-4.413191094729971e-13,8.183275408490981e-13
231.45,-4.3676059886451926e-13,8.250403227229089e-13
231.46,-4.3220814747634483e-13,8.316513460376444e-13
231.47,-4.2766360722743317e-13,8.381596263461e-13
231.48,-4.2312689149611777e-13,8.445652409721509e-13
231.49,-4.1859861940265587e-13,8.508675236305787e-13
231.5,-4.1407917056095934e-13,8.570659803902221e-13
231.51,-4.0956908242179995e-13,8.631601467956677e-13
231.52,-4.050691326115869e-13,8.691496159268682e-13
231.53,-4.0057924876060043e-13,8.750339876679795e-13
231.54,-3.961004192215779e-13,8.808128195691886e-13
231.55,-3.9163341038893745e-13,8.864859436555172e-13
231.56,-3.871779562856193e-13,8.920524066829047e-13
231.57,-3.8273505018756115e-13,8.975123108963046e-13
231.58,-3.783051948241048e-13,9.028652160967715e-13
231.59,-3.7388872514767245e-13,9.081106607224957e-13
231.6,-3.6948635889411543e-13,9.13248529009938e-13
231.61,-3.650982256688922e-13,9.182781616279632e-13
231.62,-3.607255081988304e-13,9.231995311544918e-13
231.63,-3.5636790506639085e-13,9.280121965873921e-13
231.64,-3.5202630645447073e-13,9.327158811858215e-13
231.65,-3.4770120639974606e-13,9.373103543492924e-13
231.66,-3.4339310558200717e-13,9.417953164913767e-13
231.67,-3.391022332350146e-13,9.461705342574757e-13
231.68,-3.348293935427567e-13,9.504357754269855e-13
231.69,-3.305748545931318e-13,9.545906826397814e-13
231.7,-3.263390658797034e-13,9.586353249099799e-13
231.71,-3.2212274226138005e-13,9.625692349487179e-13
231.72,-3.1792616197635453e-13,9.663923547040118e-13
231.73,-3.137499192016039e-13,9.701045197343363e-13
231.74,-3.0959429864897304e-13,9.73705327963118e-13
231.75,-3.0546007231609516e-13,9.771949506692962e-13
231.76,-3.013471661060512e-13,9.80573037298348e-13
231.77,-2.972564864867976e-13,9.838395567518207e-13
231.78,-2.9318861114273403e-13,9.86994309841799e-13
231.79,-2.891432259686642e-13,9.900373462284686e-13
231.8,-2.8512154797477766e-13,9.929685665066354e-13
231.81,-2.8112373508194993e-13,9.95787495105943e-13
231.82,-2.771507145938902e-13,9.984946138542576e-13
231.83,-2.732016433587891e-13,1.001089492157917e-12
231.84,-2.692782141405726e-13,1.0035722698658554e-12
231.85,-2.653804818361078e-13,1.0059428743733401e-12
231.86,-2.6150860227288544e-13,1.0082012180151784e-12
231.87,-2.5766344806836425e-13,1.010347260346969e-12
231.88,-2.538451826415971e-13,1.0123813072235091e-12
231.89,-2.500540758365979e-13,1.0143030505870056e-12
231.9,-2.462904194597437e-13,1.0161125563074437e-12
231.91,-2.425554658037784e-13,1.017809948595171e-12
231.92,-2.3884931906589424e-13,1.0193955223613624e-12
231.93,-2.351716057192917e-13,1.0208688150395111e-12
231.94,-2.315234143001241e-13,1.0222302259547776e-12
231.95,-2.279050064695467e-13,1.0234797879022823e-12
231.96,-2.243166429826045e-13,1.024617583789185e-12
231.97,-2.2075882982116251e-13,1.0256439425485865e-12
231.98,-2.1723217076115737e-13,1.026558599857718e-12
231.99,-2.1373641578802608e-13,1.0273618673498325e-12
232.0,-2.1027181433496471e-13,1.0280537550976158e-12
232.01,-2.0684078936255947e-13,1.0286350103924457e-12
232.02,-2.0344120404013108e-13,1.0291049030909265e-12
232.03,-2.0007471472757345e-13,1.0294644458005382e-12
232.04,-1.967412964658222e-13,1.0297132963428709e-12
232.05,-1.9344097678080375e-13,1.0298518187532406e-12
232.06,-1.901747961177125e-13,1.0298802305415907e-12
232.07,-1.869428223861607e-13,1.0297987594415045e-12
232.08,-1.8374571847712817e-13,1.0296077752098414e-12
232.09,-1.805832665422236e-13,1.0293072250310788e-12
232.1,-1.7745539841914395e-13,1.0288976005927234e-12
232.11,-1.7436366804173243e-13,1.0283792005564054e-12
232.12,-1.713076967092091e-13,1.0277521045039301e-12
232.13,-1.6828780490774974e-13,1.0270167236428217e-12
232.14,-1.6530459946254656e-13,1.026173394644928e-12
232.15,-1.6235794984876883e-13,1.0252223098392066e-12
232.16,-1.5944830853235963e-13,1.0241640877489823e-12
232.17,-1.5657620662499823e-13,1.0229988537248762e-12
232.18,-1.5374198391928315e-13,1.0217268129882911e-12
232.19,-1.509455956338157e-13,1.020348596108623e-12
232.2,-1.4818766482216602e-13,1.0188644266123314e-12
232.21,-1.4546818214862694e-13,1.01727467343691e-12
232.22,-1.4278762464258437e-13,1.015579888765525e-12
232.23,-1.4014608073000788e-13,1.0137801942940218e-12
232.24,-1.3754395376078841e-13,1.0118763671987743e-12
232.25,-1.3498158450582475e-13,1.0098684744956605e-12
232.26,-1.3245908274564493e-13,1.0077572137485586e-12
232.27,-1.299777367596121e-13,1.00554325890812e-12
232.28,-1.2753476716394006e-13,1.0032258310635257e-12
232.29,-1.2513401418852987e-13,1.0008070054260875e-12
232.3,-1.2277328098217813e-13,9.982861124636444e-13
232.31,-1.2045392170712931e-13,9.95664313741215e-13
232.32,-1.1817595943348938e-13,9.92941688288116e-13
232.33,-1.159398176493249e-13,9.901190161250844e-13
232.34,-1.137450524805301e-13,9.871965698794779e-13
232.35,-1.11592734944553e-13,9.841751044302729e-13
232.36,-1.0948185123649142e-13,9.810547961782645e-13
232.37,-1.0741492584902018e-13,9.778368425856138e-13
232.38,-1.0538974939710373e-13,9.745211764768914e-13
232.39,-1.0340757848720044e-13,9.711084519427213e-13
232.4,-1.0146806253311468e-13,9.675993592964023e-13
232.41,-9.957206387751915e-14,9.639945888423134e-13
232.42,-9.771923956423996e-14,9.602945041904547e-13
232.43,-9.591011465176097e-14,9.564997891096924e-13
232.44,-9.414462441435119e-14,9.526109923014453e-13
232.45,-9.242319277369481e-14,9.486289468976643e-13
232.46,-9.07455865434956e-14,9.445540702683134e-13
232.47,-8.911236654818151e-14,9.403869118945939e-13
232.48,-8.752316586621207e-14,9.361282392177891e-13
232.49,-8.597870924640284e-14,9.317788100588323e-13
232.5,-8.447893591806459e-14,9.273392269721786e-13
232.51,-8.302380693593385e-14,9.22810009383551e-13
232.52,-8.161353662791136e-14,9.181918360755913e-13
232.53,-8.024815095104402e-14,9.134855024820917e-13
232.54,-7.892789507457197e-14,9.086917076616131e-13
232.55,-7.765304341981319e-14,9.038111436490354e-13
232.56,-7.642347545311314e-14,8.988443907994777e-13
232.57,-7.523921516728467e-14,8.937922878231868e-13
232.58,-7.410056890396953e-14,8.886555518112737e-13
232.59,-7.300732864203066e-14,8.834347195045511e-13
232.6,-7.195972431678904e-14,8.781307770053773e-13
232.61,-7.095816651224717e-14,8.727444211082622e-13
232.62,-7.000237999243218e-14,8.672762918463798e-13
232.63,-6.909254869135716e-14,8.617272364522823e-13
232.64,-6.822850108517329e-14,8.560980741236563e-13
232.65,-6.741045854655484e-14,8.50389269113576e-13
232.66,-6.663830550204402e-14,8.446018070315968e-13
232.67,-6.5912429116572e-14,8.387365399625434e-13
232.68,-6.523303512649207e-14,8.327944140231332e-13
232.69,-6.459961481394867e-14,8.267758245315265e-13
232.7,-6.401231987098847e-14,8.20681816625465e-13
232.71,-6.347120351084664e-14,8.145131059826596e-13
232.72,-6.297648669889222e-14,8.08270565681113e-13
232.73,-6.252787624431365e-14,8.019550201878236e-13
232.74,-6.212567059384449e-14,7.95567379637281e-13
232.75,-6.176985650174344e-14,7.891084352253057e-13
232.76,-6.145995096552935e-14,7.825787298517687e-13
232.77,-6.119631914860006e-14,7.759794123882659e-13
232.78,-6.097897117307903e-14,7.693115239403218e-13
232.79,-6.080840386273202e-14,7.625752975621486e-13
232.8,-6.068351622334463e-14,7.557723333925323e-13
232.81,-6.060472864181272e-14,7.489028353215601e-13
232.82,-6.057221731924112e-14,7.419683271656682e-13
232.83,-6.058570337488045e-14,7.349692194688987e-13
232.84,-6.064554078781519e-14,7.279065609800211e-13
232.85,-6.075102089963025e-14,7.207811040295432e-13
232.86,-6.09025278122523e-14,7.135939339684544e-13
232.87,-6.109996690655354e-14,7.06345935984926e-13
232.88,-6.134323174242978e-14,6.990379176535532e-13
232.89,-6.163205300912816e-14,6.916707466910774e-13
232.9,-6.196663908852456e-14,6.84245466920096e-13
232.91,-6.234687264991117e-14,6.767628607078787e-13
232.92,-6.277246118584149e-14,6.692239863179043e-13
232.93,-6.324356742460722e-14,6.616297426313303e-13
232.94,-6.37598329079587e-14,6.539809609682646e-13
232.95,-6.432124713029683e-14,6.462786822254976e-13
232.96,-6.492761164030735e-14,6.385236413932702e-13
232.97,-6.557928191417101e-14,6.307172129290208e-13
232.98,-6.627579652535227e-14,6.22860030128091e-13
232.99,-6.701679759670722e-14,6.149527318136971e-13
233.0,-6.780232007675953e-14,6.069971257130944e-13
233.01,-6.863242516350832e-14,5.989934421745227e-13
233.02,-6.950683290128814e-14,5.909427284591762e-13
233.03,-7.042537701700517e-14,5.828462615932611e-13
233.04,-7.138786450584931e-14,5.747046490115936e-13
233.05,-7.239432584638308e-14,5.665192172129061e-13
233.06,-7.34443824073145e-14,5.582905443074608e-13
233.07,-7.453792014029382e-14,5.500198658780865e-13
233.08,-7.567449333281684e-14,5.417081410196303e-13
233.09,-7.685515164059241e-14,5.333561694814736e-13
233.1,-7.807830047645968e-14,5.249650481624737e-13
233.11,-7.934450244435505e-14,5.165359249719206e-13
233.12,-8.06529167708539e-14,5.080694987128422e-13
233.13,-8.200416984592407e-14,4.995669204004743e-13
233.14,-8.339744911593477e-14,4.910292484313623e-13
233.15,-8.483285420986523e-14,4.82457255755394e-13
233.16,-8.631002357057918e-14,4.738519896579531e-13
233.17,-8.783089795506693e-14,4.65215336766012e-13
233.18,-8.938906847384684e-14,4.565459113392532e-13
233.19,-9.099030345796256e-14,4.478467949295143e-13
233.2,-9.263265519984287e-14,4.39118695992274e-13
233.21,-9.431580695401287e-14,4.3036224190619985e-13
233.22,-9.603882890365137e-14,4.2157834906020036e-13
233.23,-9.78030437527856e-14,4.1276853239668516e-13
233.24,-9.960684820562016e-14,4.0393320187341874e-13
233.25,-1.0145042430037823e-13,3.9507374096255627e-13
233.26,-1.0333356147903794e-13,3.8619083600758015e-13
233.27,-1.0525566678550528e-13,3.772858230858954e-13
233.28,-1.0721704832082157e-13,3.683595537781356e-13
233.29,-1.0921688048010269e-13,3.5941294849818556e-13
233.3,-1.1125529052858304e-13,3.504470800046861e-13
233.31,-1.133318099310684e-13,3.4146297812887165e-13
233.32,-1.1544630001049535e-13,3.324615944188227e-13
233.33,-1.175981807097033e-13,3.2344385364485124e-13
233.34,-1.1978767809477124e-13,3.1441108453175597e-13
233.35,-1.220142177078809e-13,3.0536399992252756e-13
233.36,-1.242772987905227e-13,2.963035377582364e-13
233.37,-1.2657664709777675e-13,2.8723081840492366e-13
233.38,-1.289124986266383e-13,2.7814683204417237e-13
233.39,-1.312839137115037e-13,2.690525818048453e-13
233.4,-1.3369084757861727e-13,2.599490202215713e-13
233.41,-1.3613329709707407e-13,2.5083729658620024e-13
233.42,-1.3861021004758503e-13,2.41718157467345e-13
233.43,-1.41121975500766e-13,2.325928719750746e-13
233.44,-1.4366778990063434e-13,2.2346209259593361e-13
233.45,-1.4624746841106033e-13,2.1432701865298826e-13
233.46,-1.4886079895791153e-13,2.0518871950567998e-13
233.47,-1.51507285481348e-13,1.9604800240793934e-13
233.48,-1.5418699820429912e-13,1.869060034887636e-13
233.49,-1.5689875454898608e-13,1.777634534880816e-13
233.5,-1.5964296614537606e-13,1.6862164498363882e-13
233.51,-1.6241908953097595e-13,1.5948138694494748e-13
233.52,-1.6522665486859104e-13,1.5034361209312787e-13
233.53,-1.6806498667817833e-13,1.4120938766998204e-13
233.54,-1.7093467819193224e-13,1.3207974705104882e-13
233.55,-1.7383444213919676e-13,1.2295549844734068e-13
233.56,-1.7676452685353336e-13,1.1383771755717836e-13
233.57,-1.7972410187407089e-13,1.0472727700857678e-13
233.58,-1.8271305257596155e-13,9.562527221871478e-14
233.59,-1.8573068882286322e-13,8.653252159765476e-14
233.6,-1.887770219487986e-13,7.745000185475496e-14
233.61,-1.9185147731212203e-13,6.83787721323153e-14
233.62,-1.949539747381051e-13,5.931944459513539e-14
233.63,-1.980834418009509e-13,5.0273519276154985e-14
233.64,-2.0124008260627937e-13,4.1241507322543896e-14
233.65,-2.0442326857027527e-13,3.2224505201798985e-14
233.66,-2.0763329131173785e-13,2.3223531556885876e-14
233.67,-2.1086801249996062e-13,1.4239161495455373e-14
233.68,-2.141289592256306e-13,5.272816329922647e-15
233.69,-2.1741441521433803e-13,-3.67499456639723e-15
233.7,-2.2072488027129663e-13,-1.2603262130488168e-14
233.71,-2.2405974781889177e-13,-2.1510781516698266e-14
233.72,-2.2741756058330914e-13,-3.0397124509285144e-14
233.73,-2.307990641138729e-13,-3.926099716511021e-14
233.74,-2.3420361877195646e-13,-4.8101718816378385e-14
233.75,-2.376308030231591e-13,-5.69181821807313e-14
233.76,-2.4107985833341597e-13,-6.57096162489643e-14
233.77,-2.4455062335603186e-13,-7.447527485846592e-14
233.78,-2.4804288953320583e-13,-8.321399934739334e-14
233.79,-2.515554277056843e-13,-9.192502139158552e-14
233.8,-2.550893223960968e-13,-1.0060700580981121e-13
233.81,-2.586425062077436e-13,-1.092605511924371e-13
233.82,-2.6221531691655654e-13,-1.1788331013190249e-13
233.83,-2.658073111001206e-13,-1.264750345138366e-13
233.84,-2.6941761850799455e-13,-1.3503504693909621e-13
233.85,-2.730466279912402e-13,-1.435615223686087e-13
233.86,-2.766933197921125e-13,-1.5205461287233077e-13
233.87,-2.8035738054818217e-13,-1.605132131562964e-13
233.88,-2.8403962398588495e-13,-1.6893676525047985e-13
233.89,-2.8773550256110074e-13,-1.773236987909943e-13
233.9,-2.914487574615139e-13,-1.8567349004362097e-13
233.91,-2.9517763896508707e-13,-1.9398571077433763e-13
233.92,-2.9892158328115225e-13,-2.022592531065246e-13
233.93,-3.026803366116981e-13,-2.1049339544546296e-13
233.94,-3.064530234002686e-13,-2.186872865715446e-13
233.95,-3.102398429386272e-13,-2.2684010879853734e-13
233.96,-3.1403965005584473e-13,-2.349512661948988e-13
233.97,-3.1785237185962366e-13,-2.430200647530229e-13
233.98,-3.216779601819642e-13,-2.510447644255104e-13
233.99,-3.255145307953153e-13,-2.5902587578405423e-13
234.0,-3.2936327694168637e-13,-2.669618805178351e-13
234.01,-3.332226856691532e-13,-2.7485237191848397e-13
234.02,-3.370928692319585e-13,-2.826963100276751e-13
234.03,-3.409729194448685e-13,-2.9049334702604177e-13
234.04,-3.4486300166844523e-13,-2.9824239708918653e-13
234.05,-3.48762054926921e-13,-3.059427596960677e-13
234.06,-3.5266963817652665e-13,-3.1359393334836317e-13
234.07,-3.5658561299403356e-13,-3.2119494246885616e-13
234.08,-3.605093872093216e-13,-3.287455137963053e-13
234.09,-3.644402468505252e-13,-3.362444327636172e-13
234.1,-3.683781496851468e-13,-3.436911801154391e-13
234.11,-3.7232241721931026e-13,-3.510851069330157e-13
234.12,-3.762725537818543e-13,-3.5842573228796326e-13
234.13,-3.802281374899428e-13,-3.657121367692814e-13
234.14,-3.8418869925911876e-13,-3.729436799706529e-13
234.15,-3.8815421823946455e-13,-3.801196846691589e-13
234.16,-3.9212283231991856e-13,-3.8723958416172067e-13
234.17,-3.960956587747981e-13,-3.943027050332373e-13
234.18,-4.0007160038629844e-13,-4.013083794752447e-13
234.19,-4.0405013757066266e-13,-4.0825601033358175e-13
234.2,-4.0803086416003756e-13,-4.15144984780567e-13
234.21,-4.120129750806568e-13,-4.219747091581851e-13
234.22,-4.1599675952062745e-13,-4.287445792029536e-13
234.23,-4.1998111949078576e-13,-4.354539290008218e-13
234.24,-4.239659564911919e-13,-4.4210223037456117e-13
234.25,-4.2795056710875687e-13,-4.4868904962613475e-13
234.26,-4.319343049013244e-13,-4.552134725717848e-13
234.27,-4.3591741808796894e-13,-4.616750716124481e-13
234.28,-4.3989872679413637e-13,-4.680734147184087e-13
234.29,-4.4387809294711144e-13,-4.744078677158248e-13
234.3,-4.4785476462002516e-13,-4.806779496980549e-13
234.31,-4.5182873732814114e-13,-4.868831107110765e-13
234.32,-4.557993802275425e-13,-4.93022448008658e-13
234.33,-4.597655393334374e-13,-4.990962185667827e-13
234.34,-4.637285981837651e-13,-5.051030099844823e-13
234.35,-4.676862624328621e-13,-5.11043074024253e-13
234.36,-4.716383687817805e-13,-5.169155587535912e-13
234.37,-4.755851959744781e-13,-5.227201377813287e-13
234.38,-4.79525592058532e-13,-5.284561497735588e-13
234.39,-4.834600670529086e-13,-5.341232644322923e-13
234.4,-4.873868102322437e-13,-5.397210259846033e-13
234.41,-4.913061853268677e-13,-5.452490995786995e-13
234.42,-4.95217836769701e-13,-5.507065226135277e-13
234.43,-4.991208443880334e-13,-5.560932944175122e-13
234.44,-5.030150966283407e-13,-5.614091523457637e-13
234.45,-5.069000297867746e-13,-5.666533200673571e-13
234.46,-5.107752678432062e-13,-5.718255238047373e-13
234.47,-5.146403743965522e-13,-5.769253392112132e-13
234.48,-5.184947134261375e-13,-5.819524072578098e-13
234.49,-5.223381572162011e-13,-5.869063726814866e-13
234.5,-5.261699341441711e-13,-5.917868313655697e-13
234.51,-5.299898454911639e-13,-5.965932807186857e-13
234.52,-5.337973720813206e-13,-6.0132569185454e-13
234.53,-5.375920252620436e-13,-6.059833643850666e-13
234.54,-5.413737324255539e-13,-6.105661551151143e-13
234.55,-5.451415603120607e-13,-6.150737332972738e-13
234.56,-5.488952697377967e-13,-6.195057314345802e-13
234.57,-5.526345190342497e-13,-6.238618073419772e-13
234.58,-5.563586069231748e-13,-6.281417287732564e-13
234.59,-5.600676692658838e-13,-6.323451695505885e-13
234.6,-5.637606880886141e-13,-6.364718481815678e-13
234.61,-5.674374802506331e-13,-6.405215584637427e-13
234.62,-5.710979175830107e-13,-6.444938263498366e-13
234.63,-5.747413404250963e-13,-6.483884940655649e-13
234.64,-5.783669166949949e-13,-6.52205528060446e-13
234.65,-5.819749194441432e-13,-6.559443746863331e-13
234.66,-5.855648373825224e-13,-6.596049314612517e-13
234.67,-5.891357551391043e-13,-6.631870719054075e-13
234.68,-5.926876560218299e-13,-6.666902790269263e-13
234.69,-5.962201569499389e-13,-6.701148306286081e-13
234.7,-5.997329246259791e-13,-6.734600967938884e-13
234.71,-6.032250982276925e-13,-6.767261576402498e-13
234.72,-6.066968845848171e-13,-6.799124879606324e-13
234.73,-6.10147783068031e-13,-6.830193181827423e-13
234.74,-6.135772629895509e-13,-6.860461452896133e-13
234.75,-6.169847278916359e-13,-6.889931101969383e-13
234.76,-6.203700077460184e-13,-6.918600137559066e-13
234.77,-6.237330807110872e-13,-6.946466168530857e-13
234.78,-6.270730108858882e-13,-6.973527395750597e-13
234.79,-6.303895482813082e-13,-6.999784641798754e-13
234.8,-6.33682426917692e-13,-7.025235925101457e-13
234.81,-6.369513804274994e-13,-7.049879449636641e-13
234.82,-6.401959698517878e-13,-7.073716010881765e-13
234.83,-6.434157537846527e-13,-7.096743154879882e-13
234.84,-6.466103685234912e-13,-7.11896116211358e-13
234.85,-6.497797705690606e-13,-7.140368089671421e-13
234.86,-6.529231578549685e-13,-7.160966314848558e-13
234.87,-6.560403421508782e-13,-7.180750251526443e-13
234.88,-6.591313260453657e-13,-7.199724105933531e-13
234.89,-6.621951148555467e-13,-7.217889493257268e-13
234.9,-6.652319886441477e-13,-7.235239807843712e-13
234.91,-6.682412604877662e-13,-7.251777275643695e-13
234.92,-6.712227260993465e-13,-7.267504796804098e-13
234.93,-6.741760665988749e-13,-7.282419517733802e-13
234.94,-6.771009346844756e-13,-7.296522377155916e-13
234.95,-6.799971911121246e-13,-7.309813271588913e-13
234.96,-6.82864389203114e-13,-7.322292783817449e-13
234.97,-6.857015956635219e-13,-7.333962960719864e-13
234.98,-6.885093304242218e-13,-7.34482181148213e-13
234.99,-6.912873177764229e-13,-7.354870750263177e-13
235.0,-6.940346108665011e-13,-7.364110935547448e-13
235.01,-6.967515613444936e-13,-7.372542882159654e-13
235.02,-6.994375424060586e-13,-7.380167495702822e-13
235.03,-7.020921766772635e-13,-7.386985489497369e-13
235.04,-7.047157877753864e-13,-7.392998635182868e-13
235.05,-7.073066729319342e-13,-7.398208530946685e-13
235.06,-7.098664476960872e-13,-7.402610493997811e-13
235.07,-7.123935603125886e-13,-7.406213059784158e-13
235.08,-7.148878311088266e-13,-7.409015003960962e-13
235.09,-7.173496442534758e-13,-7.41101933471642e-13
235.1,-7.197781594670408e-13,-7.412225160783273e-13
235.11,-7.221733420893114e-13,-7.412634378373643e-13
235.12,-7.245351307190429e-13,-7.4122493199856e-13
235.13,-7.268621502287308e-13,-7.411072151777801e-13
235.14,-7.291529232443565e-13,-7.409111949418521e-13
235.15,-7.314152359272143e-13,-7.406347447912442e-13
235.16,-7.33640543732774e-13,-7.402802935906517e-13
235.17,-7.358296473997271e-13,-7.398475287656542e-13
235.18,-7.379825975307071e-13,-7.393366700901036e-13
235.19,-7.401036105412744e-13,-7.387473361685281e-13
235.2,-7.421873988301409e-13,-7.380805646022881e-13
235.21,-7.442356871722978e-13,-7.373360371538641e-13
235.22,-7.462471028146681e-13,-7.365139759172836e-13
235.23,-7.482238773171408e-13,-7.356153140404262e-13
235.24,-7.501636147160087e-13,-7.346398664574797e-13
235.25,-7.520669454550945e-13,-7.335876862392309e-13
235.26,-7.539332401027505e-13,-7.324594267142688e-13
235.27,-7.557629694479904e-13,-7.312551014270199e-13
235.28,-7.575550948268314e-13,-7.299751736828486e-13
235.29,-7.593101577946924e-13,-7.286199014196369e-13
235.3,-7.610279029041347e-13,-7.271894323659687e-13
235.31,-7.627078248153888e-13,-7.256840669327312e-13
235.32,-7.643496292185506e-13,-7.241051446372518e-13
235.33,-7.659539556679781e-13,-7.224514833382062e-13
235.34,-7.675199038122551e-13,-7.207242740607287e-13
235.35,-7.690478546153655e-13,-7.189235219916561e-13
235.36,-7.705370581815639e-13,-7.170499308363571e-13
235.37,-7.71987736326635e-13,-7.151035276396933e-13
235.38,-7.733996717575245e-13,-7.130847933487477e-13
235.39,-7.747726567825991e-13,-7.109942455162981e-13
235.4,-7.761072549080169e-13,-7.088319408259237e-13
235.41,-7.774017990939446e-13,-7.065987422430646e-13
235.42,-7.786570371529441e-13,-7.042947582818075e-13
235.43,-7.798737343778183e-13,-7.019202674315697e-13
235.44,-7.810506609783942e-13,-6.994758615695631e-13
235.45,-7.821876264010212e-13,-6.969619033201127e-13
235.46,-7.832853683217199e-13,-6.943787616940286e-13
235.47,-7.843431756522742e-13,-6.91726932012218e-13
235.48,-7.853609001292493e-13,-6.890069208223728e-13
235.49,-7.863388053721513e-13,-6.86219200563375e-13
235.5,-7.872766109382131e-13,-6.833638921681766e-13
235.51,-7.881740620731822e-13,-6.804417680657343e-13
235.52,-7.890315295688367e-13,-6.774530570480057e-13
235.53,-7.898485162582614e-13,-6.74398429226584e-13
235.54,-7.906251869210507e-13,-6.712783984917505e-13
235.55,-7.913615041006381e-13,-6.68093176676895e-13
235.56,-7.920571282834635e-13,-6.648434360551832e-13
235.57,-7.927126903547935e-13,-6.615295549759079e-13
235.58,-7.933267510409255e-13,-6.581523432810838e-13
235.59,-7.939010593702947e-13,-6.547116732267239e-13
235.6,-7.944341999015661e-13,-6.51208612229505e-13
235.61,-7.949268953114459e-13,-6.476435576912351e-13
235.62,-7.953787095378118e-13,-6.44016938762464e-13
235.63,-7.957898498989309e-13,-6.403292464668527e-13
235.64,-7.96159938425706e-13,-6.365811000762917e-13
235.65,-7.964891728278581e-13,-6.327731271668932e-13
235.66,-7.967779405553168e-13,-6.289054375720231e-13
235.67,-7.970256001857966e-13,-6.249791163906343e-13
235.68,-7.972327276929686e-13,-6.209942567310009e-13
235.69,-7.97398672946416e-13,-6.169518275805364e-13
235.7,-7.975240454285549e-13,-6.128521934690377e-13
235.71,-7.976084711615058e-13,-6.086958391735127e-13
235.72,-7.976521056318797e-13,-6.044834242391109e-13
235.73,-7.976548590660597e-13,-6.00215605190136e-13
235.74,-7.97616943039422e-13,-5.958927943577058e-13
235.75,-7.975380956451106e-13,-5.915157332729162e-13
235.76,-7.974188913309044e-13,-5.870849673263381e-13
235.77,-7.972588664164851e-13,-5.826008306835948e-13
235.78,-7.970582600866631e-13,-5.780642700323632e-13
235.79,-7.968170478157764e-13,-5.734757379146676e-13
235.8,-7.965353080076673e-13,-5.688358701826362e-13
235.81,-7.962146843738571e-13,-5.641448691225392e-13
235.82,-7.95850512797116e-13,-5.594045099648754e-13
235.83,-7.954469827618425e-13,-5.546144080005136e-13
235.84,-7.950044897129552e-13,-5.497751282404547e-13
235.85,-7.945233079677598e-13,-5.448871470353377e-13
235.86,-7.939976008671647e-13,-5.39952789851958e-13
235.87,-7.93434332249404e-13,-5.349708089370738e-13
235.88,-7.928306695081062e-13,-5.299425605068669e-13
235.89,-7.921876406892712e-13,-5.24868450739521e-13
235.9,-7.915045335673147e-13,-5.197493987216912e-13
235.91,-7.907816403919872e-13,-5.145858955968515e-13
235.92,-7.900195836984086e-13,-5.09378577628768e-13
235.93,-7.892178249293997e-13,-5.041281668209092e-13
235.94,-7.88377303409696e-13,-4.988348591633805e-13
235.95,-7.874968541949819e-13,-4.93500752987073e-13
235.96,-7.865779038347093e-13,-4.88124790078983e-13
235.97,-7.856192736009969e-13,-4.827088235489122e-13
235.98,-7.846223650764663e-13,-4.772525342038018e-13
235.99,-7.835866067377628e-13,-4.717575641896594e-13
236.0,-7.8251229673352e-13,-4.66223947488233e-13
236.01,-7.813998513408926e-13,-4.606524987273364e-13
236.02,-7.802488921559713e-13,-4.550441365566787e-13
236.03,-7.790599056668218e-13,-4.49399268051927e-13
236.04,-7.778332573362494e-13,-4.4371863225244397e-13
236.05,-7.765683714598867e-13,-4.3800313953601985e-13
236.06,-7.752662343788666e-13,-4.322531474879296e-13
236.07,-7.739263572543881e-13,-4.2646965309149787e-13
236.08,-7.72549247945993e-13,-4.2065320189798546e-13
236.09,-7.711353533621805e-13,-4.148044020882866e-13
236.1,-7.69684340850763e-13,-4.0892402795744275e-13
236.11,-7.681964756818371e-13,-4.0301287515685423e-13
236.12,-7.666724171624199e-13,-3.970715449543073e-13
236.13,-7.651115907998794e-13,-3.911006986355219e-13
236.14,-7.635148340856626e-13,-3.851013165697558e-13
236.15,-7.618820170768384e-13,-3.7907372945865355e-13
236.16,-7.602135917334532e-13,-3.7301887235965515e-13
236.17,-7.585096705430084e-13,-3.669372998600023e-13
236.18,-7.56770301765637e-13,-3.608298790152709e-13
236.19,-7.549960007160045e-13,-3.546973185445051e-13
236.2,-7.531866316936725e-13,-3.485403481854336e-13
236.21,-7.513424104156276e-13,-3.42359510121615e-13
236.22,-7.494642204541577e-13,-3.3615555862413257e-13
236.23,-7.475517170161248e-13,-3.299292923051218e-13
236.24,-7.456051629690162e-13,-3.236814998368558e-13
236.25,-7.436247674104983e-13,-3.174128148423245e-13
236.26,-7.416110706297051e-13,-3.1112387613338987e-13
236.27,-7.395647056808489e-13,-3.048153744924045e-13
236.28,-7.3748420600568e-13,-2.9848844844677744e-13
236.29,-7.353712904733918e-13,-2.921432921119644e-13
236.3,-7.332259913474187e-13,-2.857807641605209e-13
236.31,-7.310484938182975e-13,-2.794019294819106e-13
236.32,-7.288391641062209e-13,-2.730071025411536e-13
236.33,-7.265980390003206e-13,-2.66597191742751e-13
236.34,-7.243253899956913e-13,-2.6017271724968036e-13
236.35,-7.220216834678541e-13,-2.5373466516637867e-13
236.36,-7.196872111162278e-13,-2.4728364137601897e-13
236.37,-7.173218990109717e-13,-2.408203460271713e-13
236.38,-7.149264924953077e-13,-2.3434557270955766e-13
236.39,-7.125011203469722e-13,-2.2785987535061864e-13
236.4,-7.100455138614879e-13,-2.213642369209584e-13
236.41,-7.075609412845572e-13,-2.1485928219863245e-13
236.42,-7.050470051610877e-13,-2.0834546557367375e-13
236.43,-7.02504411597595e-13,-2.018237587834068e-13
236.44,-6.999330859619087e-13,-1.9529491228808344e-13
236.45,-6.973336064124845e-13,-1.8875957716351235e-13
236.46,-6.947060511676617e-13,-1.822184629909175e-13
236.47,-6.920510477395087e-13,-1.75672238689605e-13
236.48,-6.89368686602061e-13,-1.6912163336532822e-13
236.49,-6.866590010770936e-13,-1.6256750170504255e-13
236.5,-6.839228421104825e-13,-1.560104026587139e-13
236.51,-6.811601489056029e-13,-1.4945122937589927e-13
236.52,-6.783717456805706e-13,-1.428902526756855e-13
236.53,-6.755574864828432e-13,-1.3632866349233875e-13
236.54,-6.727179256937138e-13,-1.297668880765081e-13
236.55,-6.698530390666904e-13,-1.2320583506001493e-13
236.56,-6.669633323783077e-13,-1.1664617029076308e-13
236.57,-6.64049864753625e-13,-1.1008833692973244e-13
236.58,-6.611117904640626e-13,-1.0353324744022106e-13
236.59,-6.581498385396522e-13,-9.698165077447832e-14
236.6,-6.551648097392027e-13,-9.043419463471085e-14
236.61,-6.521567910173643e-13,-8.389155069839746e-14
236.62,-6.491259262320265e-13,-7.735427913714657e-14
236.63,-6.460728242781907e-13,-7.082334183451504e-14
236.64,-6.429979558153336e-13,-6.429912701980016e-14
236.65,-6.399011545471381e-13,-5.778253805193801e-14
236.66,-6.367828503113394e-13,-5.127439506447891e-14
236.67,-6.336442711704336e-13,-4.477486104995114e-14
236.68,-6.304850832745558e-13,-3.8284938534492766e-14
236.69,-6.273054533130339e-13,-3.180553899252062e-14
236.7,-6.241058030315442e-13,-2.5336738120038253e-14
236.71,-6.208868571299392e-13,-1.8879941889430818e-14
236.72,-6.176487573217571e-13,-1.2435256930481805e-14
236.73,-6.143922624433246e-13,-6.003547466277944e-15
236.74,-6.11116901801271e-13,4.145307620233205e-16
236.75,-6.078240342799139e-13,6.818499412410176e-15
236.76,-6.045132166013232e-13,1.3207247540615075e-14
236.77,-6.011850786677476e-13,1.9580445103827136e-14
236.78,-5.97840729482857e-13,2.5937615915864054e-14
236.79,-5.944792201692655e-13,3.2277713761960746e-14
236.8,-5.911018556054173e-13,3.860034311815412e-14
236.81,-5.877088837415529e-13,4.490486107611714e-14
236.82,-5.843004761314954e-13,5.11905052577213e-14
236.83,-5.808771731018979e-13,5.745672561885901e-14
236.84,-5.774386538793405e-13,6.370270562559324e-14
236.85,-5.73987495656061e-13,6.992851604508442e-14
236.86,-5.705216074582302e-13,7.613259872497569e-14
236.87,-5.670424900791748e-13,8.231471987502713e-14
236.88,-5.635500659347002e-13,8.847445664509538e-14
236.89,-5.600453951991219e-13,9.46109957811333e-14
236.9,-5.565286444021604e-13,1.0072383905240286e-13
236.91,-5.529994272725871e-13,1.0681215753206785e-13
236.92,-5.494591766105389e-13,1.1287557414974154e-13
236.93,-5.45907994507026e-13,1.189135839833657e-13
236.94,-5.423460626224338e-13,1.2492510843918217e-13
236.95,-5.387738151979524e-13,1.3091002811519125e-13
236.96,-5.351917980844719e-13,1.3686754854104692e-13
236.97,-5.316004087275749e-13,1.4279719942551396e-13
236.98,-5.279999340159806e-13,1.4869845691352106e-13
236.99,-5.243908368902906e-13,1.5457050784941832e-13
237.0,-5.207737020058386e-13,1.604131311696211e-13
237.01,-5.171484865127248e-13,1.6622546176104685e-13
237.02,-5.135159843382361e-13,1.7200680345568967e-13
237.03,-5.098761334799512e-13,1.777572907313798e-13
237.04,-5.062298477149161e-13,1.834757759608127e-13
237.05,-5.025773578646023e-13,1.8916177345065316e-13
237.06,-4.989192062117377e-13,1.9481500362549962e-13
237.07,-4.952553811011407e-13,2.004346030334561e-13
237.08,-4.915868148622216e-13,2.0602030438085453e-13
237.09,-4.879135769437426e-13,2.1157153771252797e-13
237.1,-4.842359284750364e-13,2.1708763853319868e-13
237.11,-4.805550980606871e-13,2.2256810759581253e-13
237.12,-4.768699395259139e-13,2.2801277022816483e-13
237.13,-4.731821099448461e-13,2.334206830397174e-13
237.14,-4.694918972170793e-13,2.387916350252853e-13
237.15,-4.657992146238692e-13,2.44124687550469e-13
237.16,-4.621052483114684e-13,2.4942029155531245e-13
237.17,-4.584095462423357e-13,2.5467695824709303e-13
237.18,-4.547131770610627e-13,2.5989482416804697e-13
237.19,-4.5101591417665435e-13,2.650731142590496e-13
237.2,-4.4731857924259875e-13,2.7021155201116627e-13
237.21,-4.4362131102132487e-13,2.7530946903198565e-13
237.22,-4.3992488605695576e-13,2.8036645883219687e-13
237.23,-4.3622958487257525e-13,2.853821107303522e-13
237.24,-4.3253569595212123e-13,2.903560943830457e-13
237.25,-4.2884358575924335e-13,2.9528780421568625e-13
237.26,-4.2515377766259147e-13,3.0017685114916616e-13
237.27,-4.2146639931951264e-13,3.0502289991967326e-13
237.28,-4.177823127211364e-13,3.0982543398628266e-13
237.29,-4.1410147470662287e-13,3.145840435362379e-13
237.3,-4.104248333591628e-13,3.1929829204410815e-13
237.31,-4.0675203973234653e-13,3.2396771493492556e-13
237.32,-4.030838865635043e-13,3.2859200804192126e-13
237.33,-3.994207993111967e-13,3.3317080477886836e-13
237.34,-3.957633314827684e-13,3.377037579075595e-13
237.35,-3.9211170239409526e-13,3.4219031573811585e-13
237.36,-3.884661427423464e-13,3.46630166500178e-13
237.37,-3.848272440824445e-13,3.510229894629668e-13
237.38,-3.811950614983016e-13,3.553681113661448e-13
237.39,-3.7757057753678725e-13,3.596658958504014e-13
237.4,-3.7395351635820973e-13,3.639152717278457e-13
237.41,-3.70344956544495e-13,3.6811623358962225e-13
237.42,-3.667448392243793e-13,3.7226830149711554e-13
237.43,-3.6315352563723713e-13,3.7637114333563673e-13
237.44,-3.5957162283614346e-13,3.8042459354530474e-13
237.45,-3.5599914659181657e-13,3.84428164147691e-13
237.46,-3.524369950519492e-13,3.8838144742101184e-13
237.47,-3.4888540300362913e-13,3.922845623298041e-13
237.48,-3.4534405979771453e-13,3.961365827391609e-13
237.49,-3.4181435319174447e-13,3.9993761714682754e-13
237.5,-3.382960920062813e-13,4.036873057178337e-13
237.51,-3.347898279677049e-13,4.073852748798004e-13
237.52,-3.3129582101543355e-13,4.110312710368509e-13
237.53,-3.27814342181973e-13,4.146252780709498e-13
237.54,-3.243458502470036e-13,4.181666533963785e-13
237.55,-3.208906391518732e-13,4.2165522127339484e-13
237.56,-3.1744945206864655e-13,4.2509107335208943e-13
237.57,-3.140225414271527e-13,4.284733140650101e-13
237.58,-3.1060988124226695e-13,4.318020892720505e-13
237.59,-3.0721183489418555e-13,4.3507726279841034e-13
237.6,-3.038292855946175e-13,4.3829840385099694e-13
237.61,-3.0046241566994947e-13,4.414654031001451e-13
237.62,-2.971114295845414e-13,4.4457802173720357e-13
237.63,-2.937761047561203e-13,4.4763582159989314e-13
237.64,-2.9045789801386726e-13,4.5063890886778896e-13
237.65,-2.87155678971039e-13,4.5358660076029757e-13
237.66,-2.83872106340274e-13,4.564797158746009e-13
237.67,-2.806060525841073e-13,4.593173379872062e-13
237.68,-2.7735699626853416e-13,4.62099045504559e-13
237.69,-2.7412629441582596e-13,4.648249813794517e-13
237.7,-2.709147633561936e-13,4.674951810646566e-13
237.71,-2.67721869629464e-13,4.701091626516578e-13
237.72,-2.6454836753748367e-13,4.726668531725558e-13
237.73,-2.6139409125119496e-13,4.751684473700525e-13
237.74,-2.582605404225054e-13,4.776125084001558e-13
237.75,-2.5514655586570363e-13,4.800011007698358e-13
237.76,-2.520533646858575e-13,4.823324231826746e-13
237.77,-2.4898083210980925e-13,4.84606860239386e-13
237.78,-2.459293804765879e-13,4.868240756604596e-13
237.79,-2.4289978308819977e-13,4.8898432721716e-13
237.8,-2.3989181916784434e-13,4.910871586165715e-13
237.81,-2.36906207936034e-13,4.93132746694196e-13
237.82,-2.3394276166117766e-13,4.951210892292887e-13
237.83,-2.310026837264405e-13,4.97051294881736e-13
237.84,-2.280840728131581e-13,4.989242141683384e-13
237.85,-2.251896504853501e-13,5.007394570490342e-13
237.86,-2.223187828311966e-13,5.024969608234217e-13
237.87,-2.1947162371702957e-13,5.041966044506501e-13
237.88,-2.166488309127157e-13,5.058383354164293e-13
237.89,-2.138503932200832e-13,5.074222344051398e-13
237.9,-2.1107662741339195e-13,5.089480885326711e-13
237.91,-2.0832757088380816e-13,5.104158549835289e-13
237.92,-2.0560408641605038e-13,5.11825770725778e-13
237.93,-2.0290635554688207e-13,5.131778896386562e-13
237.94,-2.0023422131280038e-13,5.144716623078366e-13
237.95,-1.975878630629448e-13,5.157074470179416e-13
237.96,-1.9496806255980148e-13,5.168850338997328e-13
237.97,-1.923748935834111e-13,5.180047484611641e-13
237.98,-1.8980815169566088e-13,5.19066329716681e-13
237.99,-1.8726882515572313e-13,5.200698522661739e-13
238.0,-1.8475697890362693e-13,5.210155069451547e-13
238.01,-1.8227246630958902e-13,5.219031011655428e-13
238.02,-1.798154168188753e-13,5.227326652434437e-13
238.03,-1.7738673983234751e-13,5.235044238318253e-13
238.04,-1.7498640965299203e-13,5.242183373131859e-13
238.05,-1.726142535947639e-13,5.248742800126616e-13
238.06,-1.7027131078479048e-13,5.254727060113032e-13
238.07,-1.6795688883497418e-13,5.260132879381231e-13
238.08,-1.656717450857125e-13,5.264964076972392e-13
238.09,-1.6341622540041503e-13,5.269219113684283e-13
238.1,-1.6118977080689164e-13,5.272899693779893e-13
238.11,-1.5899358513194532e-13,5.276006863826684e-13
238.12,-1.5682724746730322e-13,5.27854092029557e-13
238.13,-1.5469115877219862e-13,5.280504435615834e-13
238.14,-1.5258540551478465e-13,5.281896189012142e-13
238.15,-1.5051038509980992e-13,5.282720469205206e-13
238.16,-1.484660122872536e-13,5.282975164678052e-13
238.17,-1.4645274029295132e-13,5.282663254866868e-13
238.18,-1.444705837430861e-13,5.2817865847218e-13
238.19,-1.4251979778656633e-13,5.280343921495877e-13
238.2,-1.406006551543531e-13,5.2783403315409e-13
238.21,-1.3871220932580692e-13,5.275772711964065e-13
238.22,-1.3685735772570927e-13,5.272650333923934e-13
238.23,-1.3503360122903266e-13,5.268966094042212e-13
238.24,-1.3324197625887703e-13,5.264725469805006e-13
238.25,-1.3148314582027715e-13,5.259931826891111e-13
238.26,-1.2975620004559464e-13,5.254583773922315e-13
238.27,-1.2806291478102736e-13,5.248683411150581e-13
238.28,-1.2640133249074523e-13,5.242236312582496e-13
238.29,-1.247729831568079e-13,5.235240632628265e-13
238.3,-1.2317810921026593e-13,5.227699142193568e-13
238.31,-1.2161603619193793e-13,5.21961475213472e-13
238.32,-1.200873411575368e-13,5.210987864979996e-13
238.33,-1.1859236110996946e-13,5.201823909746775e-13
238.34,-1.171307776870172e-13,5.192122509652048e-13
238.35,-1.1570337861277737e-13,5.181886584790225e-13
238.36,-1.1430890091875907e-13,5.171116666441538e-13
238.37,-1.1294916478434796e-13,5.159819147552373e-13
238.38,-1.1162341187615568e-13,5.147992939588146e-13
238.39,-1.1033153504434117e-13,5.135641857989534e-13
238.4,-1.0907414170391445e-13,5.122768065062715e-13
238.41,-1.0785108973211447e-13,5.109374345294113e-13
238.42,-1.066625110749357e-13,5.09546379137108e-13
238.43,-1.0550838059871448e-13,5.081037682724077e-13
238.44,-1.0438898606286103e-13,5.066099712479643e-13
238.45,-1.0330409212088643e-13,5.050653423903054e-13
238.46,-1.022541465052538e-13,5.034698615914871e-13
238.47,-1.0123904738366306e-13,5.018243084733936e-13
238.48,-1.0025884851895973e-13,5.001285159924948e-13
238.49,-9.931361198322226e-14,4.983829851554605e-13
238.5,-9.840361192114601e-14,4.965880839471037e-13
238.51,-9.752854974621428e-14,4.947438939830021e-13
238.52,-9.66886479281914e-14,4.928509854450487e-13
238.53,-9.588396555470936e-14,4.909093919950783e-13
238.54,-9.511454027309867e-14,4.889195874455602e-13
238.55,-9.438075746928505e-14,4.868820622484347e-13
238.56,-9.3682068687407e-14,4.847968068407544e-13
238.57,-9.30182983769102e-14,4.826643390648117e-13
238.58,-9.239045691881247e-14,4.804850438159951e-13
238.59,-9.17979240855374e-14,4.782591584349385e-13
238.6,-9.124108931824741e-14,4.759871575988192e-13
238.61,-9.071941593694287e-14,4.736691357664527e-13
238.62,-9.023332542844996e-14,4.71305792389744e-13
238.63,-8.978341507870675e-14,4.688973755078652e-13
238.64,-8.936759032547025e-14,4.664435981359878e-13
238.65,-8.898792128912702e-14,4.639458062946518e-13
238.66,-8.864378976504256e-14,4.614039420896508e-13
238.67,-8.833510490153467e-14,4.588182802917282e-13
238.68,-8.806209277486367e-14,4.561896270463778e-13
238.69,-8.782432135950645e-14,4.535177858155223e-13
238.7,-8.762201994409584e-14,4.5080342858581e-13
238.71,-8.745523241726419e-14,4.480469925289123e-13
238.72,-8.732333725492272e-14,4.4524852864899267e-13
238.73,-8.722781326282175e-14,4.4240924128041583e-13
238.74,-8.716715879271864e-14,4.395287168097006e-13
238.75,-8.71416250866849e-14,4.3660760916507316e-13
238.76,-8.715158179671998e-14,4.3364639391881105e-13
238.77,-8.719674431393658e-14,4.3064552179023426e-13
238.78,-8.727689926290995e-14,4.2760505384741494e-13
238.79,-8.739226233263475e-14,4.2452593908943637e-13
238.8,-8.754287255737178e-14,4.2140823210753367e-13
238.81,-8.772822568036266e-14,4.182524159054475e-13
238.82,-8.79485096388883e-14,4.1505925233673673e-13
238.83,-8.820393407124727e-14,4.118286450063182e-13
238.84,-8.849393546106729e-14,4.085612479379454e-13
238.85,-8.881871149040023e-14,4.0525759418940194e-13
238.86,-8.917801661095464e-14,4.0191796974330493e-13
238.87,-8.957193582422101e-14,3.9854287696035033e-13
238.88,-9.000047953506278e-14,3.951328435499768e-13
238.89,-9.046347374194057e-14,3.9168815910386406e-13
238.9,-9.09603783261156e-14,3.88209522602427e-13
238.91,-9.149188237170231e-14,3.846969560308338e-13
238.92,-9.205694547476032e-14,3.811513258303049e-13
238.93,-9.265649585134193e-14,3.775730427073709e-13
238.94,-9.328955944909509e-14,3.7396232406855634e-13
238.95,-9.395656761172391e-14,3.7031974026595154e-13
238.96,-9.465715194003124e-14,3.666458839944256e-13
238.97,-9.53912976341205e-14,3.629410463403065e-13
238.98,-9.615839892938821e-14,3.5920563444816055e-13
238.99,-9.696049331889146e-14,3.5544110827814945e-13
239.0,-9.779371441592581e-14,3.5164604781127577e-13
239.01,-9.866062924757646e-14,3.478224019124817e-13
239.02,-9.956050806895133e-14,3.4397010679121544e-13
239.03,-1.0049320541408372e-13,3.4008988951701853e-13
239.04,-1.0145827953237837e-13,3.36182081054772e-13
239.05,-1.0245595722260068e-13,3.3224719918627357e-13
239.06,-1.0348593784097167e-13,3.2828569392821097e-13
239.07,-1.0454701077204001e-13,3.2429839162217786e-13
239.08,-1.0564305406959632e-13,3.2028571500869965e-13
239.09,-1.0676765498599119e-13,3.1624644465645475e-13
239.1,-1.0792527114930365e-13,3.121834076471128e-13
239.11,-1.091142578027576e-13,3.080962880051863e-13
239.12,-1.1033454763507061e-13,3.039856708866043e-13
239.13,-1.1158578272416806e-13,2.9985155469390713e-13
239.14,-1.12867876217252e-13,2.9569473145714915e-13
239.15,-1.1418111053937943e-13,2.915160338260555e-13
239.16,-1.1552503841244663e-13,2.8731626923390136e-13
239.17,-1.1689918102205638e-13,2.8309395276574176e-13
239.18,-1.1830352162540592e-13,2.788518348468568e-13
239.19,-1.1973757762729336e-13,2.7458941822095026e-13
239.2,-1.2120189885229873e-13,2.7030749500930363e-13
239.21,-1.2269572297667891e-13,2.660063356637614e-13
239.22,-1.2421894621309726e-13,2.616865827633998e-13
239.23,-1.257713035943476e-13,2.573486337819182e-13
239.24,-1.273530138832717e-13,2.529932289924811e-13
239.25,-1.289637906113338e-13,2.4862073210925433e-13
239.26,-1.3060177132363458e-13,2.442314040302568e-13
239.27,-1.322687377911885e-13,2.3982611363612846e-13
239.28,-1.3396410374854354e-13,2.3540525321595517e-13
239.29,-1.356871482431561e-13,2.309692781194765e-13
239.3,-1.3743858939081912e-13,2.2651897504199665e-13
239.31,-1.3921631041546134e-13,2.2205445064272907e-13
239.32,-1.4102199920337426e-13,2.1757639266475063e-13
239.33,-1.4285446760140761e-13,2.1308544344679123e-13
239.34,-1.4471388478945522e-13,2.0858173384098274e-13
239.35,-1.465996323748361e-13,2.040665261908619e-13
239.36,-1.4851172036673304e-13,1.995395511244877e-13
239.37,-1.5044990599608486e-13,1.950016869704687e-13
239.38,-1.5241367058941436e-13,1.9045340089639333e-13
239.39,-1.54403034065788e-13,1.8589518892494787e-13
239.4,-1.564176434809283e-13,1.8132752200528668e-13
239.41,-1.5845724960973447e-13,1.7675094941980297e-13
239.42,-1.605216879308365e-13,1.7216601828674807e-13
239.43,-1.626100254694938e-13,1.6757323166336492e-13
239.44,-1.64723375085352e-13,1.629730587840839e-13
239.45,-1.668605908548657e-13,1.5836621524085652e-13
239.46,-1.6902133992479756e-13,1.5375290943267494e-13
239.47,-1.7120525045228386e-13,1.491336648323635e-13
239.48,-1.73413136644835e-13,1.445094886720684e-13
239.49,-1.7564288462740492e-13,1.3988010513310376e-13
239.5,-1.7789586446771199e-13,1.352466312555633e-13
239.51,-1.8017084100159642e-13,1.3060927289640828e-13
239.52,-1.824684652837824e-13,1.2596902439969064e-13
239.53,-1.8478687823632166e-13,1.2132542279103084e-13
239.54,-1.8712736472810766e-13,1.1667996910765956e-13
239.55,-1.8948873671649912e-13,1.1203259594868277e-13
239.56,-1.9187134862636725e-13,1.0738413730112058e-13
239.57,-1.9427471792267324e-13,1.0273493096903923e-13
239.58,-1.9669750634149222e-13,9.808527610236938e-14
239.59,-1.991406886582237e-13,9.343597152023393e-14
239.6,-2.0160411509208245e-13,8.878760916272844e-14
239.61,-2.0408614676575676e-13,8.414038356372476e-14
239.62,-2.0658792974788173e-13,7.949493388283905e-14
239.63,-2.0910840009237389e-13,7.485179786302255e-14
239.64,-2.1164706143486075e-13,7.021124385294711e-14
239.65,-2.1420420033064486e-13,6.55740552614749e-14
239.66,-2.1677928524152238e-13,6.094064859299613e-14
239.67,-2.1937157627166802e-13,5.6311463736365535e-14
239.68,-2.219811827457884e-13,5.168692197673586e-14
239.69,-2.246080170198463e-13,4.706765284156765e-14
239.7,-2.2725306333458774e-13,4.245387533476257e-14
239.71,-2.299109669492946e-13,3.784669586375018e-14
239.72,-2.3258650120883987e-13,3.324598628041715e-14
239.73,-2.3527799874264123e-13,2.865241081158505e-14
239.74,-2.3798450239512033e-13,2.4066412359517578e-14
239.75,-2.407064611086513e-13,1.9488565952473027e-14
239.76,-2.4344270575328977e-13,1.4919244949950712e-14
239.77,-2.461935750700803e-13,1.0358997668850986e-14
239.78,-2.489584212107243e-13,5.808238876725819e-15
239.79,-2.517359567316759e-13,1.2667722841199898e-15
239.8,-2.545288878182692e-13,-3.262847695222425e-15
239.81,-2.5733431501131286e-13,-7.782109843620124e-15
239.82,-2.601520730770141e-13,-1.2290131194308439e-14
239.83,-2.6298240352877953e-13,-1.67861853901549e-14
239.84,-2.6582450476321863e-13,-2.1270099241473083e-14
239.85,-2.6867855974431544e-13,-2.574124383325454e-14
239.86,-2.715441645279221e-13,-3.019910302707638e-14
239.87,-2.7442074344611965e-13,-3.4643360894321175e-14
239.88,-2.773086105548214e-13,-3.907343229650961e-14
239.89,-2.802057759389179e-13,-4.348906449929344e-14
239.9,-2.8311363595040584e-13,-4.788966083921818e-14
239.91,-2.8603135644015195e-13,-5.2274895515341956e-14
239.92,-2.889581178727204e-13,-5.6644275364796905e-14
239.93,-2.9189436922543456e-13,-6.099713514009859e-14
239.94,-2.948385479389172e-13,-6.533345448710739e-14
239.95,-2.9779203144270385e-13,-6.965257601779848e-14
239.96,-3.0075330821271213e-13,-7.395385490673921e-14
239.97,-3.03721833216444e-13,-7.823728320724616e-14
239.98,-3.0669817742543194e-13,-8.250261295580091e-14
239.99,-3.0968144435527914e-13,-8.674882515085968e-14
240.0,-3.1267149969106534e-13,-9.09755608316478e-14
240.01,-3.156672377287405e-13,-9.518308816512869e-14
240.02,-3.1866992874356823e-13,-9.937013356782082e-14
240.03,-3.2167739614572206e-13,-1.035369476640663e-13
240.04,-3.2469010202398687e-13,-1.0768284216369556e-13
240.05,-3.2770847553190157e-13,-1.1180721096221944e-13
240.06,-3.307315429006993e-13,-1.15909785057445e-13
240.07,-3.337580302709168e-13,-1.1999079082883063e-13
240.08,-3.36788683151269e-13,-1.2404901669193662e-13
240.09,-3.3982295772797874e-13,-1.280844427599085e-13
240.1,-3.428603849280473e-13,-1.3209672369447538e-13
240.11,-3.459009524040769e-13,-1.3608528129251575e-13
240.12,-3.489435635601952e-13,-1.4004988671991166e-13
240.13,-3.519890153423172e-13,-1.4399007227438293e-13
240.14,-3.550358217680752e-13,-1.4790560575445203e-13
240.15,-3.580839477707186e-13,-1.517961461612726e-13
240.16,-3.611338272592327e-13,-1.556609082137595e-13
240.17,-3.641841667678945e-13,-1.5950007008385155e-13
240.18,-3.6723469376375705e-13,-1.633132002346079e-13
240.19,-3.702858027123832e-13,-1.6709951891828379e-13
240.2,-3.733369067583551e-13,-1.7085889278074292e-13
240.21,-3.7638694233403565e-13,-1.7459138037634622e-13
240.22,-3.7943611892064415e-13,-1.782961828491561e-13
240.23,-3.8248416360124753e-13,-1.8197306494700188e-13
240.24,-3.855308008915844e-13,-1.856217323311081e-13
240.25,-3.8857521004293755e-13,-1.8924185764360276e-13
240.26,-3.916171980719368e-13,-1.9283323490829587e-13
240.27,-3.9465659604797136e-13,-1.963952583353183e-13
240.28,-3.9769349765059774e-13,-1.999278459261506e-13
240.29,-4.0072689994010097e-13,-2.0343061380057142e-13
240.3,-4.0375656857626786e-13,-2.0690322729292272e-13
240.31,-4.06782089989773e-13,-2.1034542663069526e-13
240.32,-4.098037344705773e-13,-2.13756856691738e-13
240.33,-4.128205648280354e-13,-2.1713737538195052e-13
240.34,-4.1583235108314237e-13,-2.2048638397583543e-13
240.35,-4.188388152584961e-13,-2.2380386387969614e-13
240.36,-4.2183975464055453e-13,-2.2708944813069842e-13
240.37,-4.2483465370533024e-13,-2.303428663927748e-13
240.38,-4.2782337886674066e-13,-2.335637913662846e-13
240.39,-4.308052565209922e-13,-2.3675203059604227e-13
240.4,-4.337803610043148e-13,-2.3990725225665914e-13
240.41,-4.3674793688760933e-13,-2.4302929188449206e-13
240.42,-4.397085933750168e-13,-2.461175497268249e-13
240.43,-4.426604790799958e-13,-2.4917230949447374e-13
240.44,-4.4560437918724096e-13,-2.521929843479014e-13
240.45,-4.4853952579259054e-13,-2.551794209697086e-13
240.46,-4.5146615404629386e-13,-2.581312504637014e-13
240.47,-4.5438342699539994e-13,-2.6104843157364485e-13
240.48,-4.572914679734036e-13,-2.6393039845040854e-13
240.49,-4.60189144452121e-13,-2.667774598706801e-13
240.5,-4.630767309373207e-13,-2.6958886682152894e-13
240.51,-4.659539766181936e-13,-2.7236474475976253e-13
240.52,-4.688203740864209e-13,-2.7510465092858084e-13
240.53,-4.716755529554973e-13,-2.778084036251413e-13
240.54,-4.745195206558127e-13,-2.804759457153452e-13
240.55,-4.773517527059636e-13,-2.8310701740840285e-13
240.56,-4.801722616776055e-13,-2.8570119779732634e-13
240.57,-4.829800071376178e-13,-2.8825861749721935e-13
240.58,-4.857748862681562e-13,-2.9077906880160384e-13
240.59,-4.885571776628933e-13,-2.932620920471248e-13
240.6,-4.913260291416741e-13,-2.9570767969458953e-13
240.61,-4.940817842644674e-13,-2.981157056862762e-13
240.62,-4.968234965514626e-13,-3.0048585866669207e-13
240.63,-4.995507589782895e-13,-3.028181244824099e-13
240.64,-5.022640680532565e-13,-3.051121749740489e-13
240.65,-5.049624508341652e-13,-3.073679595869933e-13
240.66,-5.076458496673058e-13,-3.0958539503181023e-13
240.67,-5.103140018699305e-13,-3.1176406838682793e-13
240.68,-5.129667144607262e-13,-3.1390389484366977e-13
240.69,-5.156036626377705e-13,-3.1600518027405277e-13
240.7,-5.18224132242141e-13,-3.1806719256619425e-13
240.71,-5.20828266195723e-13,-3.2009004765797984e-13
240.72,-5.234158850656266e-13,-3.220737925141712e-13
240.73,-5.259865046464655e-13,-3.240181009165544e-13
240.74,-5.285398703527396e-13,-3.259228419529763e-13
240.75,-5.310757373199767e-13,-3.277881374968219e-13
240.76,-5.335937858193373e-13,-3.296134113247163e-13
240.77,-5.360940083238247e-13,-3.313989932263303e-13
240.78,-5.385760944998603e-13,-3.3314457774501486e-13
240.79,-5.410390802869075e-13,-3.3485000006614197e-13
240.8,-5.434836139871941e-13,-3.3651545921288135e-13
240.81,-5.459091795531514e-13,-3.3814048747302973e-13
240.82,-5.483152952945677e-13,-3.3972553154031147e-13
240.83,-5.50701657719467e-13,-3.4127018289281525e-13
240.84,-5.530683575464494e-13,-3.4277420589855923e-13
240.85,-5.554153838117857e-13,-3.442378019007939e-13
240.86,-5.577418324650199e-13,-3.456607862513171e-13
240.87,-5.600473115143751e-13,-3.4704340050488405e-13
240.88,-5.623326945523194e-13,-3.483848589876916e-13
240.89,-5.645967556270421e-13,-3.4968577193476827e-13
240.9,-5.668397533551097e-13,-3.509458337772935e-13
240.91,-5.690610107458968e-13,-3.521652964020644e-13
240.92,-5.712607160179905e-13,-3.5334377887956047e-13
240.93,-5.734383934113531e-13,-3.544813056148977e-13
240.94,-5.755941307157285e-13,-3.5557790207258643e-13
240.95,-5.777274066927893e-13,-3.5663373514239526e-13
240.96,-5.798378945254612e-13,-3.5764809718392995e-13
240.97,-5.819258798854998e-13,-3.5862212059735245e-13
240.98,-5.839906106086504e-13,-3.5955488389911797e-13
240.99,-5.860322768169406e-13,-3.6044660315999044e-13
241.0,-5.880502783323627e-13,-3.6129741805111403e-13
241.01,-5.900449831494458e-13,-3.621072569021642e-13
241.02,-5.920156578713391e-13,-3.6287608130361833e-13
241.03,-5.939622948681513e-13,-3.6360401916355515e-13
241.04,-5.958847867410411e-13,-3.642909735832759e-13
241.05,-5.977805936781546e-13,-3.649376283727989e-13
241.06,-5.996563677512498e-13,-3.655419873555512e-13
241.07,-6.015050227516745e-13,-3.661062413781104e-13
241.08,-6.033287140007532e-13,-3.66629620392508e-13
241.09,-6.051273692290444e-13,-3.671122437606751e-13
241.1,-6.069006905892758e-13,-3.6755400217503443e-13
241.11,-6.086482405486223e-13,-3.6795512754938336e-13
241.12,-6.103700685927101e-13,-3.683156562939711e-13
241.13,-6.120663042236754e-13,-3.6863558731476355e-13
241.14,-6.137363833228924e-13,-3.6891489221630575e-13
241.15,-6.153804226437481e-13,-3.6915383311675867e-13
241.16,-6.169980896901198e-13,-3.693524396625095e-13
241.17,-6.185893024252104e-13,-3.6951056004976544e-13
241.18,-6.201536110288416e-13,-3.696284740118149e-13
241.19,-6.216913942418746e-13,-3.6970638418067933e-13
241.2,-6.232022789050588e-13,-3.697439671836984e-13
241.21,-6.246860170034253e-13,-3.6974173748594943e-13
241.22,-6.261423608026934e-13,-3.6969949716128804e-13
241.23,-6.27571725852099e-13,-3.6961759549596195e-13
241.24,-6.289733120850091e-13,-3.694957636982676e-13
241.25,-6.303473656004694e-13,-3.693344962768892e-13
241.26,-6.31693609556561e-13,-3.69133790368434e-13
241.27,-6.330120339595985e-13,-3.688936206579467e-13
241.28,-6.343023976722037e-13,-3.6861424073403204e-13
241.29,-6.355647425495932e-13,-3.6829573491378525e-13
241.3,-6.367987538780299e-13,-3.6793828546567143e-13
241.31,-6.380044852143126e-13,-3.675420143847543e-13
241.32,-6.391818650343434e-13,-3.6710671502327574e-13
241.33,-6.403304485694499e-13,-3.666331593204162e-13
241.34,-6.414505182739036e-13,-3.661210585160116e-13
241.35,-6.425418609104014e-13,-3.655706124017025e-13
241.36,-6.43604365012336e-13,-3.6498196764878244e-13
241.37,-6.44637899016311e-13,-3.643553836344319e-13
241.38,-6.456423032745726e-13,-3.6369092740486205e-13
241.39,-6.466175344724557e-13,-3.6298896994560633e-13
241.4,-6.475635792614636e-13,-3.622492328005173e-13
241.41,-6.484801851264399e-13,-3.614723363963491e-13
241.42,-6.493680319326036e-13,-3.606579908781119e-13
241.43,-6.502261681615857e-13,-3.5980688158946654e-13
241.44,-6.510547222214912e-13,-3.589189316835988e-13
241.45,-6.518538652721091e-13,-3.579941613250482e-13
241.46,-6.526231684288088e-13,-3.570331948073039e-13
241.47,-6.533628498366011e-13,-3.560358448872111e-13
241.48,-6.54072699799771e-13,-3.5500248745019844e-13
241.49,-6.547527418555798e-13,-3.5393307351725113e-13
241.5,-6.554037202133065e-13,-3.528283072915034e-13
241.51,-6.560235838904508e-13,-3.5168770667459046e-13
241.52,-6.566141958728099e-13,-3.505119829858469e-13
241.53,-6.571746840395018e-13,-3.4930123103484453e-13
241.54,-6.57705235196482e-13,-3.4805560760011787e-13
241.55,-6.582057227424749e-13,-3.4677542069917795e-13
241.56,-6.586763994428761e-13,-3.4546071051301264e-13
241.57,-6.591164529504356e-13,-3.441118918075562e-13
241.58,-6.595268803889683e-13,-3.4272932196147597e-13
241.59,-6.599074595278401e-13,-3.4131214109547156e-13
241.6,-6.602567377433723e-13,-3.3986281023743553e-13
241.61,-6.605764751070652e-13,-3.383795270497853e-13
241.62,-6.608661333725492e-13,-3.3686331518542725e-13
241.63,-6.611255468040882e-13,-3.353141198169666e-13
241.64,-6.613546460997175e-13,-3.3373281367328405e-13
241.65,-6.615536981285566e-13,-3.321189556919906e-13
241.66,-6.61722592400204e-13,-3.304731244111198e-13
241.67,-6.61864016302602e-13,-3.2879463949379175e-13
241.68,-6.619688220017636e-13,-3.2708588774161885e-13
241.69,-6.620482562720621e-13,-3.253458610439378e-13
241.7,-6.620962995579913e-13,-3.2357456604487263e-13
241.71,-6.621145254839186e-13,-3.2177242364904264e-13
241.72,-6.621025506857037e-13,-3.1993985663654095e-13
241.73,-6.620607255236379e-13,-3.180770487479153e-13
241.74,-6.619884389681046e-13,-3.1618442684216167e-13
241.75,-6.618864462275638e-13,-3.142620731848141e-13
241.76,-6.617551680457543e-13,-3.1231012857747005e-13
241.77,-6.615919552598353e-13,-3.103297715973529e-13
241.78,-6.614008919922128e-13,-3.0831987608556027e-13
241.79,-6.61179249968519e-13,-3.062817218157825e-13
241.8,-6.609278095934577e-13,-3.042153893864024e-13
241.81,-6.606466244478159e-13,-3.0212116959680934e-13
241.82,-6.603357591540081e-13,-2.999992169418918e-13
241.83,-6.599953261050678e-13,-2.97849945274084e-13
241.84,-6.59625377366265e-13,-2.9567354937858377e-13
241.85,-6.592259808024579e-13,-2.9347024162033713e-13
241.86,-6.587976222973493e-13,-2.9124087451478504e-13
241.87,-6.583388995456003e-13,-2.889852490525199e-13
241.88,-6.578515156176936e-13,-2.867036631553466e-13
241.89,-6.573348003762173e-13,-2.8439665711351635e-13
241.9,-6.567889286145786e-13,-2.820642674834761e-13
241.91,-6.562143020435719e-13,-2.797070897485258e-13
241.92,-6.556105128510455e-13,-2.77325250263581e-13
241.93,-6.549779922584605e-13,-2.7491935036137123e-13
241.94,-6.543163728096483e-13,-2.724892457022915e-13
241.95,-6.536267045805199e-13,-2.700355509283786e-13
241.96,-6.529082414570737e-13,-2.675583870107704e-13
241.97,-6.521612490975522e-13,-2.65058339785102e-13
241.98,-6.51385729682222e-13,-2.6253571635264657e-13
241.99,-6.505821856513433e-13,-2.5999066696269243e-13
242.0,-6.497504539069686e-13,-2.5742362182946775e-13
242.01,-6.488907719442651e-13,-2.548348385704331e-13
242.02,-6.480031103655261e-13,-2.522248001426431e-13
242.03,-6.470873518007182e-13,-2.4959390944316575e-13
242.04,-6.461446696204556e-13,-2.4694179419141095e-13
242.05,-6.45174050596239e-13,-2.4426975048492543e-13
242.06,-6.441760718807544e-13,-2.415774873912894e-13
242.07,-6.431507440485187e-13,-2.3886576336208845e-13
242.08,-6.420983383388672e-13,-2.361343760882749e-13
242.09,-6.41019107835292e-13,-2.33384174456661e-13
242.1,-6.399128177631857e-13,-2.3061540846786424e-13
242.11,-6.387797692759802e-13,-2.2782825306747243e-13
242.12,-6.376210270701096e-13,-2.2502305254818577e-13
242.13,-6.364342017366824e-13,-2.2220051412103183e-13
242.14,-6.352221650936621e-13,-2.1936049115107313e-13
242.15,-6.339840977999195e-13,-2.1650346981264713e-13
242.16,-6.327196500190058e-13,-2.1363011803810363e-13
242.17,-6.314295376389526e-13,-2.1074046498254997e-13
242.18,-6.301138100182842e-13,-2.0783481255187992e-13
242.19,-6.287724748921456e-13,-2.0491392235405357e-13
242.2,-6.274059859362045e-13,-2.0197760560566063e-13
242.21,-6.260145952582464e-13,-1.9902660389076767e-13
242.22,-6.245980579498719e-13,-1.9606117213070579e-13
242.23,-6.23156362459036e-13,-1.9308147861763673e-13
242.24,-6.216905788069431e-13,-1.9008815230550571e-13
242.25,-6.202001241489837e-13,-1.87081399747859e-13
242.26,-6.186853813371364e-13,-1.8406177839637789e-13
242.27,-6.171466810407482e-13,-1.8102937388073638e-13
242.28,-6.155841397951305e-13,-1.7798464742338629e-13
242.29,-6.139977511759545e-13,-1.7492791804071568e-13
242.3,-6.123877840035436e-13,-1.7185975229954468e-13
242.31,-6.107548023569551e-13,-1.6878016223185111e-13
242.32,-6.090986000347135e-13,-1.6568983779346623e-13
242.33,-6.074195825652691e-13,-1.62588940094207e-13
242.34,-6.057177884438111e-13,-1.5947792695115365e-13
242.35,-6.03993327017167e-13,-1.5635706344549685e-13
242.36,-6.022467196974372e-13,-1.532268924590873e-13
242.37,-6.004781411358397e-13,-1.5008760666327242e-13
242.38,-5.986873875190544e-13,-1.469396538072485e-13
242.39,-5.968751403253413e-13,-1.4378320480945025e-13
242.4,-5.950412896725261e-13,-1.40619013609229e-13
242.41,-5.931865631328917e-13,-1.3744695153211302e-13
242.42,-5.91310581632395e-13,-1.3426768494269573e-13
242.43,-5.894137799857842e-13,-1.3108167951072694e-13
242.44,-5.874962904979101e-13,-1.2788906120397569e-13
242.45,-5.855585963326754e-13,-1.246901860035563e-13
242.46,-5.836007211546894e-13,-1.2148553790395713e-13
242.47,-5.816229956840357e-13,-1.1827561228560777e-13
242.48,-5.796262597516815e-13,-1.1506018611544766e-13
242.49,-5.776089535546906e-13,-1.1184051387174397e-13
242.5,-5.75572924066406e-13,-1.0861631783786617e-13
242.51,-5.735175948185745e-13,-1.0538819555924795e-13
242.52,-5.714440507428207e-13,-1.0215611708312427e-13
242.53,-5.693519685683969e-13,-9.892087666649626e-14
242.54,-5.672408703127006e-13,-9.568301112439256e-14
242.55,-5.651127829130632e-13,-9.244209647380885e-14
242.56,-5.629666283306109e-13,-8.919908493044849e-14
242.57,-5.608025992301819e-13,-8.595451332663738e-14
242.58,-5.586217280641758e-13,-8.270808182314267e-14
242.59,-5.564236540410088e-13,-7.9460694886239e-14
242.6,-5.542086457702948e-13,-7.621248716898048e-14
242.61,-5.519774147094865e-13,-7.296376113385973e-14
242.62,-5.497298076570964e-13,-6.971503247210237e-14
242.63,-5.474662191707551e-13,-6.646650385206176e-14
242.64,-5.451867408510956e-13,-6.321869423779888e-14
242.65,-5.428919393748754e-13,-5.997188806884749e-14
242.66,-5.405815260357286e-13,-5.6726041251056303e-14
242.67,-5.382564721270986e-13,-5.3482178736351675e-14
242.68,-5.35916704353349e-13,-5.024036134382983e-14
242.69,-5.335624318349764e-13,-4.700089294075925e-14
242.7,-5.311942010864617e-13,-4.376383624326282e-14
242.71,-5.288119172977558e-13,-4.0530133196101784e-14
242.72,-5.264158661621317e-13,-3.729966803941024e-14
242.73,-5.240063560541463e-13,-3.4072991158646546e-14
242.74,-5.215834193529073e-13,-3.0850498352968657e-14
242.75,-5.191486931647311e-13,-2.7632079063418572e-14
242.76,-5.167004787025863e-13,-2.4418827266195532e-14
242.77,-5.142402391244504e-13,-2.1210429569376054e-14
242.78,-5.117681267830557e-13,-1.8007530709279778e-14
242.79,-5.092839787052148e-13,-1.4810464114078274e-14
242.8,-5.067883827153029e-13,-1.1619362759431585e-14
242.81,-5.042817479344501e-13,-8.43464493144493e-15
242.82,-5.017642399430053e-13,-5.256803685441404e-15
242.83,-4.992362520102405e-13,-2.085753476976667e-15
242.84,-4.966974951338851e-13,1.0772255616938756e-15
242.85,-4.941488326654559e-13,4.233163942127221e-15
242.86,-4.915901702575562e-13,7.380767254596513e-15
242.87,-4.890223145756831e-13,1.0519968568751845e-14
242.88,-4.8644498305383e-13,1.3650535688132591e-14
242.89,-4.838587921019453e-13,1.677209947607953e-14
242.9,-4.812637119149827e-13,1.988419619320671e-14
242.91,-4.786606661850847e-13,2.298670606421911e-14
242.92,-4.760483587597187e-13,2.607955917728823e-14
242.93,-4.734287460251641e-13,2.916116448326588e-14
242.94,-4.708030191978679e-13,3.2233330262210264e-14
242.95,-4.681692009208536e-13,3.529427687375069e-14
242.96,-4.655283369876597e-13,3.8343907800248624e-14
242.97,-4.628810260352401e-13,4.138187410565783e-14
242.98,-4.602269825728447e-13,4.440843986717488e-14
242.99,-4.575665450167537e-13,4.7422683918425457e-14
243.0,-4.549005335062662e-13,5.04244653469722e-14
243.01,-4.522292915471983e-13,5.3414358627507776e-14
243.02,-4.49553625741137e-13,5.638954793341475e-14
243.03,-4.4687105666289146e-13,5.935259499204977e-14
243.04,-4.441846091168025e-13,6.230188834943929e-14
243.05,-4.4149386972709486e-13,6.523736291616482e-14
243.06,-4.387991617694537e-13,6.815867082871696e-14
243.07,-4.361006388598381e-13,7.106557616775987e-14
243.08,-4.3339870966413397e-13,7.395772785868795e-14
243.09,-4.306934560051902e-13,7.683493896851216e-14
243.1,-4.2798626492502e-13,7.969709400651479e-14
243.11,-4.252741913511554e-13,8.254315464244519e-14
243.12,-4.2256116920697527e-13,8.537386953742578e-14
243.13,-4.1984632251285785e-13,8.818842176755418e-14
243.14,-4.1712928404416976e-13,9.098663769684714e-14
243.15,-4.1441046625961324e-13,9.376794574507901e-14
243.16,-4.1169124815392937e-13,9.653296891417103e-14
243.17,-4.0897088667044127e-13,9.928056333580308e-14
243.18,-4.062496667862957e-13,1.0201075360940041e-13
243.19,-4.0352804953640155e-13,1.0472301636193353e-13
243.2,-4.0080683013284025e-13,1.074181414157946e-13
243.21,-3.9808550502133897e-13,1.1009454133381531e-13
243.22,-3.9536492624355883e-13,1.127528397584895e-13
243.23,-3.9264494223019013e-13,1.153922819376848e-13
243.24,-3.899264469142597e-13,1.1801306202891455e-13
243.25,-3.87209181184059e-13,1.206146373268631e-13
243.26,-3.844936130182151e-13,1.2319695429325335e-13
243.27,-3.817799322620347e-13,1.2575955154781995e-13
243.28,-3.7906821415418114e-13,1.2830245642532202e-13
243.29,-3.7635980628706895e-13,1.3082525913664117e-13
243.3,-3.736536845226829e-13,1.333278396116324e-13
243.31,-3.70950851246328e-13,1.3580997067639031e-13
243.32,-3.682510549329235e-13,1.382712375961422e-13
243.33,-3.655551589613239e-13,1.4071172980060955e-13
243.34,-3.6286339722468835e-13,1.4313119083250422e-13
243.35,-3.601758588446603e-13,1.455291905740647e-13
243.36,-3.5749248203033327e-13,1.479055074284012e-13
243.37,-3.548143467131105e-13,1.5026028313048685e-13
243.38,-3.5214084631154277e-13,1.5259292007626643e-13
243.39,-3.494728060725896e-13,1.5490353225271236e-13
243.4,-3.468103177040318e-13,1.571917126382648e-13
243.41,-3.441537188766479e-13,1.594573795632941e-13
243.42,-3.4150334542561465e-13,1.617001639400242e-13
243.43,-3.388594395133983e-13,1.63920215832888e-13
243.44,-3.3622245675303785e-13,1.6611701042407327e-13
243.45,-3.3359209644248016e-13,1.682906445107313e-13
243.46,-3.3096899367369464e-13,1.7044050202965953e-13
243.47,-3.283532583140977e-13,1.7256714694647543e-13
243.48,-3.257456124409088e-13,1.7466963097522941e-13
243.49,-3.2314591695693e-13,1.767482723800958e-13
243.5,-3.205546120391042e-13,1.7880269688958643e-13
243.51,-3.1797173016293664e-13,1.808327331527536e-13
243.52,-3.1539778217229445e-13,1.8283836068576744e-13
243.53,-3.1283279250653715e-13,1.8481930499069072e-13
243.54,-3.1027735660653363e-13,1.8677537202628852e-13
243.55,-3.077314643628857e-13,1.887069325674291e-13
243.56,-3.051953265129073e-13,1.9061269060242348e-13
243.57,-3.0266939396420834e-13,1.9249348838561427e-13
243.58,-3.001537501325752e-13,1.9434897940848852e-13
243.59,-2.9764885698063973e-13,1.9617888603230916e-13
243.6,-2.9515480279519183e-13,1.9798316337491696e-13
243.61,-2.9267186123957144e-13,1.9976147586774201e-13
243.62,-2.9020023032104835e-13,2.0151391934920315e-13
243.63,-2.8774037700837267e-13,2.0324032083519579e-13
243.64,-2.8529315821584733e-13,2.0494066286225239e-13
243.65,-2.82856303486648e-13,2.066144598537868e-13
243.66,-2.80432654748768e-13,2.0826189126400262e-13
243.67,-2.780216745784996e-13,2.09882821558733e-13
243.68,-2.7562333560401373e-13,2.114770170368871e-13
243.69,-2.7323823152502725e-13,2.1304470623015358e-13
243.7,-2.7086635099479773e-13,2.1458537854563334e-13
243.71,-2.6850801412800135e-13,2.1609897282565327e-13
243.72,-2.661635216631592e-13,2.1758564316102932e-13
243.73,-2.638331893445799e-13,2.1904553387311892e-13
243.74,-2.615166290251357e-13,2.2047725789663869e-13
243.75,-2.5921475964524934e-13,2.2188216396109363e-13
243.76,-2.569275072984421e-13,2.2325950112209053e-13
243.77,-2.5465534074163033e-13,2.246095824626077e-13
243.78,-2.5239800741612335e-13,2.2593175248146515e-13
243.79,-2.501560127606906e-13,2.272264045974701e-13
243.8,-2.479298147582875e-13,2.2849332068952444e-13
243.81,-2.4571926163863863e-13,2.2973235501170327e-13
243.82,-2.435246548319583e-13,2.309434732765939e-13
243.83,-2.413463158171733e-13,2.321268789204113e-13
243.84,-2.391842731122718e-13,2.332821609863247e-13
243.85,-2.370392118744689e-13,2.3440916570873223e-13
243.86,-2.349104416080128e-13,2.355084119925959e-13
243.87,-2.327987892171498e-13,2.365793668998713e-13
243.88,-2.3070422196320033e-13,2.376219144524826e-13
243.89,-2.2862768632106097e-13,2.386366007695501e-13
243.9,-2.2656821910180316e-13,2.39622705732227e-13
243.91,-2.24526615765274e-13,2.4058057080910624e-13
243.92,-2.2250303757366787e-13,2.41509983590184e-13
243.93,-2.204978303755705e-13,2.4241102901031354e-13
243.94,-2.1851092063563845e-13,2.432836519622281e-13
243.95,-2.1654259544280587e-13,2.4412781668097667e-13
243.96,-2.1459261743831639e-13,2.4494338838772474e-13
243.97,-2.12661802247814e-13,2.4573053442038725e-13
243.98,-2.1075009708521315e-13,2.4648923860654704e-13
243.99,-2.0885786463977383e-13,2.4721943611384134e-13
244.0,-2.0698515802353508e-13,2.4792126144350895e-13
244.01,-2.051314323999539e-13,2.4859407346526006e-13
244.02,-2.0329782922201215e-13,2.492385096258691e-13
244.03,-2.0148410488646883e-13,2.4985447438785035e-13
244.04,-1.9969064387717463e-13,2.5044188127887596e-13
244.05,-1.9791715454101285e-13,2.5100064904001915e-13
244.06,-1.961636162133089e-13,2.515309064703196e-13
244.07,-1.9443232809040416e-13,2.520329369544784e-13
244.08,-1.9272086722880688e-13,2.525062200792061e-13
244.09,-1.910303471383319e-13,2.5295112004476514e-13
244.1,-1.8936097261957473e-13,2.5336743751171073e-13
244.11,-1.8771254770953653e-13,2.53755365806325e-13
244.12,-1.8608562669895968e-13,2.541148276614299e-13
244.13,-1.844801528207357e-13,2.5444604541527495e-13
244.14,-1.8289630221684335e-13,2.547488010998136e-13
244.15,-1.8133444511683285e-13,2.550233785510944e-13
244.16,-1.7979400674417415e-13,2.5526949708807574e-13
244.17,-1.7827568263548353e-13,2.5548749072732293e-13
244.18,-1.7678008302108894e-13,2.5567731916473217e-13
244.19,-1.7530602603151234e-13,2.558388751930235e-13
244.2,-1.7385462798463747e-13,2.5597251145548703e-13
244.21,-1.7242609892400372e-13,2.5607812967209203e-13
244.22,-1.710198601584254e-13,2.5615563245916513e-13
244.23,-1.696366450800562e-13,2.562053106284723e-13
244.24,-1.682759866742664e-13,2.5622713846242926e-13
244.25,-1.6693860747781737e-13,2.562212054178271e-13
244.26,-1.6562427880365254e-13,2.561874953607467e-13
244.27,-1.6433295381614424e-13,2.561260517193868e-13
244.28,-1.6306526418874516e-13,2.560373028577742e-13
244.29,-1.6182070836601425e-13,2.5592091407072213e-13
244.3,-1.6059986235553638e-13,2.557771499076645e-13
244.31,-1.5940260022381995e-13,2.556059950759703e-13
244.32,-1.5822874494376297e-13,2.5540763218744405e-13
244.33,-1.5707897898194232e-13,2.551821361526135e-13
244.34,-1.559532002081048e-13,2.549295994585317e-13
244.35,-1.5485122576773053e-13,2.5465007516046206e-13
244.36,-1.537731710262336e-13,2.5434361700513017e-13
244.37,-1.5271936578109542e-13,2.5401051224423184e-13
244.38,-1.5168964096470163e-13,2.536504957864264e-13
244.39,-1.5068427110336584e-13,2.532640677611116e-13
244.4,-1.4970333394275293e-13,2.5285124567277526e-13
244.41,-1.4874670592177486e-13,2.524119538222818e-13
244.42,-1.478145702814123e-13,2.5194662800062354e-13
244.43,-1.4690720762550097e-13,2.5145494244641125e-13
244.44,-1.4602409266181625e-13,2.509373705702083e-13
244.45,-1.4516603723925866e-13,2.5039390523961513e-13
244.46,-1.443321049990105e-13,2.4982463138512593e-13
244.47,-1.4352331458266529e-13,2.4922984639758426e-13
244.48,-1.4273917947882702e-13,2.486093316028666e-13
244.49,-1.419799797346925e-13,2.479636014581164e-13
244.5,-1.4124587079461876e-13,2.472926705293478e-13
244.51,-1.4053671196934758e-13,2.4659668529817747e-13
244.52,-1.3985228287564306e-13,2.458755249264693e-13
244.53,-1.3919289330584732e-13,2.4512951982034244e-13
244.54,-1.3855839938290772e-13,2.4435896137482095e-13
244.55,-1.379495388993636e-13,2.4356382095670715e-13
244.56,-1.3736551268608662e-13,2.427442847029005e-13
244.57,-1.3680648076385962e-13,2.419003954325398e-13
244.58,-1.3627280161014047e-13,2.410325882942719e-13
244.59,-1.35764309362444e-13,2.401408200516865e-13
244.6,-1.3528108411555546e-13,2.3922530887304723e-13
244.61,-1.348226953320621e-13,2.3828597080287576e-13
244.62,-1.343898577936213e-13,2.373231904259258e-13
244.63,-1.3398168435014385e-13,2.363370955344922e-13
244.64,-1.3359942993179465e-13,2.3532806555807426e-13
244.65,-1.3324222772257138e-13,2.342959287629623e-13
244.66,-1.329101372523638e-13,2.332408614985905e-13
244.67,-1.3260309323182732e-13,2.321633981290888e-13
244.68,-1.3232148244585455e-13,2.310633570527413e-13
244.69,-1.3206563871903364e-13,2.29941334388075e-13
244.7,-1.318341742490514e-13,2.2879673858524827e-13
244.71,-1.3162798588999643e-13,2.276302966697695e-13
244.72,-1.314469847024524e-13,2.2644251921494205e-13
244.73,-1.3129157360099887e-13,2.2523254008809121e-13
244.74,-1.3116100340418196e-13,2.2400152344946143e-13
244.75,-1.3105537091017346e-13,2.2274919411072865e-13
244.76,-1.3097522340207354e-13,2.2147607321906728e-13
244.77,-1.3091983360627796e-13,2.2018189504509098e-13
244.78,-1.3088968756305948e-13,2.1886737910090922e-13
244.79,-1.308842774041666e-13,2.1753221570027293e-13
244.8,-1.309037171618662e-13,2.1617686769074426e-13
244.81,-1.3094884949859072e-13,2.1480190734230166e-13
244.82,-1.3101758214879053e-13,2.1340633898918304e-13
244.83,-1.311117938758592e-13,2.119914712040097e-13
244.84,-1.3123080888601734e-13,2.1055724251685923e-13
244.85,-1.3137449428311802e-13,2.0910379686998462e-13
244.86,-1.3154272654699102e-13,2.0763120840705092e-13
244.87,-1.317357054994512e-13,2.06139974573492e-13
244.88,-1.3195308754319317e-13,2.0462992197745507e-13
244.89,-1.3219498482013153e-13,2.0310156863677154e-13
244.9,-1.3246167949684717e-13,2.0155501831846396e-13
244.91,-1.327522135941334e-13,1.9999073152593255e-13
244.92,-1.3306654450397463e-13,1.9840837251154674e-13
244.93,-1.3340628112869612e-13,1.9680869314078663e-13
244.94,-1.3377037053345765e-13,1.951920422560944e-13
244.95,-1.3415688667032005e-13,1.935574464443992e-13
244.96,-1.3456811577533788e-13,1.9190638591849653e-13
244.97,-1.350033150085477e-13,1.9023864989739914e-13
244.98,-1.354622875863743e-13,1.8855456740841546e-13
244.99,-1.3594557586591387e-13,1.868544893605042e-13
245.0,-1.3645137918080253e-13,1.851377278426465e-13
245.01,-1.369813187111168e-13,1.8340562689453203e-13
245.02,-1.3753464186846228e-13,1.8165799558049393e-13
245.03,-1.3811138128263713e-13,1.7989510329273005e-13
245.04,-1.3871128289048094e-13,1.78116995985213e-13
245.05,-1.3933441827506986e-13,1.7632414883741605e-13
245.06,-1.3998055440939744e-13,1.7451666851658345e-13
245.07,-1.4064963554391072e-13,1.7269483024131338e-13
245.08,-1.413417195371757e-13,1.7085884146186376e-13
245.09,-1.4205630343364665e-13,1.6900898347665194e-13
245.1,-1.42793592117271e-13,1.6714543744950888e-13
245.11,-1.4355319090511775e-13,1.6526842048962634e-13
245.12,-1.4433530930504395e-13,1.63378239759382e-13
245.13,-1.451396023748474e-13,1.614749780457202e-13
245.14,-1.4596614958869523e-13,1.595591990043314e-13
245.15,-1.4681485696704521e-13,1.5763085762792995e-13
245.16,-1.4768477991500124e-13,1.556901387623971e-13
245.17,-1.485769755264243e-13,1.537377571019021e-13
245.18,-1.4949067778838678e-13,1.517732697473314e-13
245.19,-1.5042583070153741e-13,1.4979745768383643e-13
245.2,-1.5138245719729423e-13,1.478103603941388e-13
245.21,-1.5236028677066215e-13,1.4581231702197475e-13
245.22,-1.5335908297138122e-13,1.438033481832958e-13
245.23,-1.5437881513825678e-13,1.417839899558675e-13
245.24,-1.5541925325596137e-13,1.3975425818099187e-13
245.25,-1.5648062641685983e-13,1.3771451114721871e-13
245.26,-1.5756169873510618e-13,1.3566470156733175e-13
245.27,-1.5866404634909387e-13,1.3360589307425743e-13
245.28,-1.5978631887116743e-13,1.3153756253094286e-13
245.29,-1.609282928782368e-13,1.2946010279838104e-13
245.3,-1.6209046959653826e-13,1.273739948433214e-13
245.31,-1.6327236641355548e-13,1.2527932669008613e-13
245.32,-1.6447354440810256e-13,1.231761953934e-13
245.33,-1.656944440206266e-13,1.2106504286669177e-13
245.34,-1.6693447777440195e-13,1.1894630491705264e-13
245.35,-1.6819390815500795e-13,1.1682000352207305e-13
245.36,-1.694713103083357e-13,1.1468596819066855e-13
245.37,-1.7076807487315764e-13,1.1254528829397809e-13
245.38,-1.720832718264447e-13,1.1039774345546727e-13
245.39,-1.734169868546697e-13,1.0824357260590691e-13
245.4,-1.747687495652081e-13,1.0608322444830625e-13
245.41,-1.761385962385183e-13,1.0391683477358835e-13
245.42,-1.775264842643541e-13,1.017446393720792e-13
245.43,-1.7893147077952948e-13,9.956687307235826e-14
245.44,-1.8035406911379148e-13,9.738394285808909e-14
245.45,-1.817947295807635e-13,9.519575250912716e-14
245.46,-1.8325211248974126e-13,9.300286458751476e-14
245.47,-1.8472631803997468e-13,9.080554942017964e-14
245.48,-1.8621739757875188e-13,8.8603874654794e-14
245.49,-1.877250584236252e-13,8.63982019915849e-14
245.5,-1.8924891911981505e-13,8.418870128509064e-14
245.51,-1.9078906600874827e-13,8.197572794273074e-14
245.52,-1.923449257336294e-13,7.975915087953678e-14
245.53,-1.9391678960663662e-13,7.753931903751929e-14
245.54,-1.955044875959287e-13,7.531806403838924e-14
245.55,-1.9710734869274037e-13,7.30934458130912e-14
245.56,-1.987255308727588e-13,7.086669555152676e-14
245.57,-2.0035761696018066e-13,6.863714790703881e-14
245.58,-2.0200641502609005e-13,6.64069254984221e-14
245.59,-2.036691947962984e-13,6.41750229075039e-14
245.6,-2.0534554001985925e-13,6.194121255826692e-14
245.61,-2.0703530372016555e-13,5.970641245411328e-14
245.62,-2.0874293286127425e-13,5.747126789146917e-14
245.63,-2.104602790807014e-13,5.5235460598116456e-14
245.64,-2.1219240446581363e-13,5.2999242859574976e-14
245.65,-2.1393789929532633e-13,5.0762959732238426e-14
245.66,-2.1569680521377754e-13,4.8526925979936605e-14
245.67,-2.1746800086543733e-13,4.629117209262766e-14
245.68,-2.1925248672879155e-13,4.405628411077193e-14
245.69,-2.2104931692011443e-13,4.182218347479027e-14
245.7,-2.228579694249201e-13,3.958891232268706e-14
245.71,-2.246792665454858e-13,3.735804956493041e-14
245.72,-2.265119143287002e-13,3.5127876197600873e-14
245.73,-2.2835660794851563e-13,3.28998591044622e-14
245.74,-2.3021252334397147e-13,3.067406905602135e-14
245.75,-2.320794887223387e-13,2.845052845980965e-14
245.76,-2.339572516470156e-13,2.6229519506785353e-14
245.77,-2.35845846801344e-13,2.4011378919701294e-14
245.78,-2.3774497879939383e-13,2.1796356060153893e-14
245.79,-2.396545048750457e-13,1.9584527475539164e-14
245.8,-2.415734589131654e-13,1.7376146106359564e-14
245.81,-2.4350300051226046e-13,1.517186552830547e-14
245.82,-2.4544187430333367e-13,1.2971415391161048e-14
245.83,-2.473899969400593e-13,1.0775124810498877e-14
245.84,-2.493473192041554e-13,8.583359929554201e-15
245.85,-2.513132962245446e-13,6.396115591714575e-15
245.86,-2.532881256416157e-13,4.213960140289184e-15
245.87,-2.5527140045138796e-13,2.0368482640838523e-15
245.88,-2.5726300397353133e-13,-1.3472631453943213e-16
245.89,-2.592619050624779e-13,-2.3010963748884075e-15
245.9,-2.612691180989866e-13,-4.46140400405747e-15
245.91,-2.6328387466451276e-13,-6.615669596127521e-15
245.92,-2.653057609693866e-13,-8.763797131633193e-15
245.93,-2.6733461624285916e-13,-1.090536077955311e-14
245.94,-2.6937016010594527e-13,-1.3040381380632524e-14
245.95,-2.71412516272727e-13,-1.516847572133096e-14
245.96,-2.734610008458713e-13,-1.7289311796615237e-14
245.97,-2.755153665116419e-13,-1.940298860045609e-14
245.98,-2.7757625956946603e-13,-2.1509033165384738e-14
245.99,-2.7964208092429597e-13,-2.360726273108366e-14
246.0,-2.817136397934817e-13,-2.5697763568309607e-14
246.01,-2.837900898982984e-13,-2.7779884873556967e-14
246.02,-2.858716887208413e-13,-2.985372746723901e-14
246.03,-2.879570807979875e-13,-3.191913655985112e-14
246.04,-2.9004804540995897e-13,-3.397545696689815e-14
246.05,-2.9214258361568504e-13,-3.602295983593477e-14
246.06,-2.9424152570203046e-13,-3.806129080075253e-14
246.07,-2.963437167697999e-13,-4.0090132611873345e-14
246.08,-2.984500154014349e-13,-4.2109279801142637e-14
246.09,-3.005587547849394e-13,-4.411894079841451e-14
246.1,-3.0267093487670725e-13,-4.6118415559204864e-14
246.11,-3.0478569289390093e-13,-4.810781549025904e-14
246.12,-3.0690302279422694e-13,-5.008684270826547e-14
246.13,-3.090226855324189e-13,-5.2055317880142795e-14
246.14,-3.1114387137144915e-13,-5.401319347522407e-14
246.15,-3.1326722496478934e-13,-5.596006955938889e-14
246.16,-3.1539225806011283e-13,-5.789566815968961e-14
246.17,-3.1751877931568256e-13,-5.982000233945219e-14
246.18,-3.196460888888978e-13,-6.173291396159874e-14
246.19,-3.217742105716077e-13,-6.363421394446647e-14
246.2,-3.239028561307804e-13,-6.552364416397145e-14
246.21,-3.260320039735476e-13,-6.740108360687164e-14
246.22,-3.2816140687547596e-13,-6.926625293696513e-14
246.23,-3.3029046915607714e-13,-7.1119081344339e-14
246.24,-3.324192575294351e-13,-7.295947744610352e-14
246.25,-3.345476260243298e-13,-7.478703393055726e-14
246.26,-3.3667497682213355e-13,-7.660188504278507e-14
246.27,-3.388013695934288e-13,-7.840358125937927e-14
246.28,-3.4092635759310853e-13,-8.019219209706448e-14
246.29,-3.430499235355167e-13,-8.196732372041527e-14
246.3,-3.4517180073469275e-13,-8.372890449976125e-14
246.31,-3.4729150531963273e-13,-8.547689564949646e-14
246.32,-3.49409333528189e-13,-8.721107106743296e-14
246.33,-3.5152445333157927e-13,-8.893111767225964e-14
246.34,-3.5363649154900617e-13,-9.063732158330515e-14
246.35,-3.557462685898287e-13,-9.232889012029113e-14
246.36,-3.5785247492464316e-13,-9.40062393288798e-14
246.37,-3.5995549713409483e-13,-9.566888455057142e-14
246.38,-3.620549615271226e-13,-9.731678218419688e-14
246.39,-3.6415028523666757e-13,-9.894987284570188e-14
246.4,-3.662420348973042e-13,-1.0056798356772977e-13
246.41,-3.683287655342822e-13,-1.0217085358446875e-13
246.42,-3.70411966911658e-13,-1.0375819121604035e-13
246.43,-3.724896751118256e-13,-1.0533053328918001e-13
246.44,-3.7456259860422395e-13,-1.0688718847228683e-13
246.45,-3.766295004169318e-13,-1.0842819272316618e-13
246.46,-3.7869275413981223e-13,-1.0995317007603075e-13
246.47,-3.807493665183659e-13,-1.1146231412387177e-13
246.48,-3.82799937553694e-13,-1.1295539744931686e-13
246.49,-3.8484493428678074e-13,-1.1443230738358175e-13
246.5,-3.868834792448527e-13,-1.1589274286179424e-13
246.51,-3.8891535925841446e-13,-1.1733702957091134e-13
246.52,-3.9094022099846646e-13,-1.18764571682583e-13
246.53,-3.929587628078441e-13,-1.2017544568681323e-13
246.54,-3.9496979689943173e-13,-1.215695687183671e-13
246.55,-3.969733807727737e-13,-1.2294681605741748e-13
246.56,-3.9896926526730784e-13,-1.2430711958577122e-13
246.57,-4.0095765483854316e-13,-1.2565024101763777e-13
246.58,-4.0293784390277917e-13,-1.2697617633196725e-13
246.59,-4.0490993467808657e-13,-1.282849495670173e-13
246.6,-4.068733941479061e-13,-1.2957616234936164e-13
246.61,-4.088285738741051e-13,-1.3084975975338503e-13
246.62,-4.107743550688435e-13,-1.3210598456923044e-13
246.63,-4.127115461670638e-13,-1.33344295854093e-13
246.64,-4.146392257377669e-13,-1.3456507701441866e-13
246.65,-4.1655749343047555e-13,-1.3576785238502402e-13
246.66,-4.1846615802699937e-13,-1.3695272214811583e-13
246.67,-4.203650655321259e-13,-1.3811946978101522e-13
246.68,-4.2225338156998347e-13,-1.3926803754662261e-13
246.69,-4.241318877230882e-13,-1.403987098807985e-13
246.7,-4.259998335843935e-13,-1.415109961924044e-13
246.71,-4.27857298683873e-13,-1.426047157774003e-13
246.72,-4.2970387665145937e-13,-1.436800861678594e-13
246.73,-4.315391365794302e-13,-1.447370953806261e-13
246.74,-4.333635138188376e-13,-1.4577549716053451e-13
246.75,-4.351762668946949e-13,-1.4679514622570771e-13
246.76,-4.3697720237304185e-13,-1.477963159942475e-13
246.77,-4.387674609728861e-13,-1.4877847177952307e-13
246.78,-4.405441015741654e-13,-1.497417628220802e-13
246.79,-4.4230948036030375e-13,-1.506865786074352e-13
246.8,-4.4406247211724976e-13,-1.51612240955407e-13
246.81,-4.458028948590221e-13,-1.5251897411157062e-13
246.82,-4.4753074186293323e-13,-1.5340655290129253e-13
246.83,-4.4924537251460073e-13,-1.5427518417810918e-13
246.84,-4.509472688195033e-13,-1.5512459011555814e-13
246.85,-4.526358352633306e-13,-1.5595475289894993e-13
246.86,-4.5431035693600976e-13,-1.5676674270650614e-13
246.87,-4.559737790960908e-13,-1.5755747259231757e-13
246.88,-4.576206418246691e-13,-1.5833023917509726e-13
246.89,-4.59254473909881e-13,-1.5908330361407834e-13
246.9,-4.608745539656039e-13,-1.59817101306925e-13
246.91,-4.624801839453562e-13,-1.6053155857546101e-13
246.92,-4.640716252983826e-13,-1.6122655398257108e-13
246.93,-4.656485526260342e-13,-1.6190200582934987e-13
246.94,-4.6721063392504e-13,-1.6255814573542558e-13
246.95,-4.687591695070579e-13,-1.6319438059157222e-13
246.96,-4.702892800386546e-13,-1.6381190009882246e-13
246.97,-4.718072140833701e-13,-1.6440926490524395e-13
246.98,-4.733090519120158e-13,-1.6498729859868874e-13
246.99,-4.747952925418081e-13,-1.655457006256328e-13
247.0,-4.762659100188923e-13,-1.660846453993624e-13
247.01,-4.777208883064109e-13,-1.666038689061915e-13
247.02,-4.791599813935154e-13,-1.6710352070177991e-13
247.03,-4.805830725092277e-13,-1.6758356216307873e-13
247.04,-4.819898259809318e-13,-1.6804454043760346e-13
247.05,-4.833803132190434e-13,-1.684849131618989e-13
247.06,-4.84754470935596e-13,-1.689062584981357e-13
247.07,-4.861119101364439e-13,-1.6930801516432036e-13
247.08,-4.8745299862366e-13,-1.696900977678097e-13
247.09,-4.887768835575432e-13,-1.7005266467246436e-13
247.1,-4.900838140886361e-13,-1.7039571057666352e-13
247.11,-4.913737873507556e-13,-1.7071907222193969e-13
247.12,-4.926464399658537e-13,-1.7102297013559388e-13
247.13,-4.939015776909604e-13,-1.7130713364561975e-13
247.14,-4.951399705690641e-13,-1.7157211685851981e-13
247.15,-4.963600850222401e-13,-1.7181759688537787e-13
247.16,-4.975626430893385e-13,-1.7204355516286056e-13
247.17,-4.987474792599184e-13,-1.7225015756694397e-13
247.18,-4.999144824027123e-13,-1.724371722669852e-13
247.19,-5.010633345464017e-13,-1.72604882894535e-13
247.2,-5.021942398235915e-13,-1.7275327603269987e-13
247.21,-5.033067242517725e-13,-1.7288230594308177e-13
247.22,-5.044010701485077e-13,-1.7299210806696372e-13
247.23,-5.054769056441403e-13,-1.7308261078373861e-13
247.24,-5.065340028859095e-13,-1.731540032209779e-13
247.25,-5.075728344302226e-13,-1.7320608862817117e-13
247.26,-5.085926332221583e-13,-1.7323922942396357e-13
247.27,-5.095938403241574e-13,-1.732531958682006e-13
247.28,-5.105760369976771e-13,-1.7324821281328814e-13
247.29,-5.115391419774721e-13,-1.7322424105767354e-13
247.3,-5.124832828547512e-13,-1.731812768387388e-13
247.31,-5.134080238411472e-13,-1.7311974541930104e-13
247.32,-5.143141147277183e-13,-1.7303892742550265e-13
247.33,-5.152010048906576e-13,-1.7293956398774097e-13
247.34,-5.160675688246198e-13,-1.7282150484666868e-13
247.35,-5.169152123947862e-13,-1.726847974655808e-13
247.36,-5.177431827174567e-13,-1.725294849881168e-13
247.37,-5.185515407031764e-13,-1.723558298780163e-13
247.38,-5.193402590985405e-13,-1.721636229589379e-13
247.39,-5.201094073730777e-13,-1.7195294434479032e-13
247.4,-5.208589436313179e-13,-1.7172399247864406e-13
247.41,-5.215878720054198e-13,-1.714770683839726e-13
247.42,-5.222973011311929e-13,-1.7121176162311253e-13
247.43,-5.229866540774052e-13,-1.7092838889752693e-13
247.44,-5.236559748630363e-13,-1.7062704030696095e-13
247.45,-5.243053385506557e-13,-1.7030770609691077e-13
247.46,-5.249345261379979e-13,-1.69970589985127e-13
247.47,-5.255434907888297e-13,-1.696157574833565e-13
247.48,-5.261322128627811e-13,-1.6924320657362533e-13
247.49,-5.267011059970628e-13,-1.6885271922241218e-13
247.5,-5.272488014052509e-13,-1.6844535413595534e-13
247.51,-5.277768473608686e-13,-1.6802027472931464e-13
247.52,-5.282841335756998e-13,-1.6757797271847893e-13
247.53,-5.287710007096336e-13,-1.6711828434429707e-13
247.54,-5.292392878317789e-13,-1.6664152874215836e-13
247.55,-5.296836528581827e-13,-1.6614782611515166e-13
247.56,-5.301090002433471e-13,-1.6563719826356116e-13
247.57,-5.305140271022827e-13,-1.6510968821878864e-13
247.58,-5.308981063913695e-13,-1.6456569633609886e-13
247.59,-5.3126220632347e-13,-1.640045714964509e-13
247.6,-5.316055918257259e-13,-1.6342704104850463e-13
247.61,-5.319282888424568e-13,-1.6283313600636593e-13
247.62,-5.322303637384161e-13,-1.622229770285315e-13
247.63,-5.325116500660917e-13,-1.61596573014535e-13
247.64,-5.32772201290335e-13,-1.6095413393118925e-13
247.65,-5.3301227627533e-13,-1.602957413273572e-13
247.66,-5.332316832612732e-13,-1.5962140796434604e-13
247.67,-5.334307940576029e-13,-1.5893124550503754e-13
247.68,-5.336085936627267e-13,-1.5822556765443936e-13
247.69,-5.337658060355282e-13,-1.5750438594710713e-13
247.7,-5.339023365744267e-13,-1.5676782549979822e-13
247.71,-5.340186009097645e-13,-1.560158397529789e-13
247.72,-5.34114031936499e-13,-1.552487446231585e-13
247.73,-5.341887995309866e-13,-1.5446643924992276e-13
247.74,-5.342430795780475e-13,-1.536696462538492e-13
247.75,-5.342766223840474e-13,-1.5285783991121385e-13
247.76,-5.342903849281863e-13,-1.5203098895266645e-13
247.77,-5.342821407275994e-13,-1.5119034667627017e-13
247.78,-5.342538575999495e-13,-1.5033509098144029e-13
247.79,-5.34205230441721e-13,-1.4946561796912586e-13
247.8,-5.341362505169299e-13,-1.4858164508669817e-13
247.81,-5.340464417289116e-13,-1.4768387087359775e-13
247.82,-5.339360588688275e-13,-1.4677227664002308e-13
247.83,-5.338057500240646e-13,-1.4584685574758086e-13
247.84,-5.33654988635979e-13,-1.4490796624449305e-13
247.85,-5.334819781326363e-13,-1.4395572732453285e-13
247.86,-5.332923065400631e-13,-1.4298979997669242e-13
247.87,-5.330805118631123e-13,-1.4201092204606364e-13
247.88,-5.328485447919951e-13,-1.4101905330118046e-13
247.89,-5.325964215381475e-13,-1.4001418539423757e-13
247.9,-5.323242083253807e-13,-1.3899667617854599e-13
247.91,-5.320321887178984e-13,-1.37966443789233e-13
247.92,-5.317195691345088e-13,-1.3692392137040226e-13
247.93,-5.313872680240829e-13,-1.3586896179363763e-13
247.94,-5.310353055715186e-13,-1.3480160923579628e-13
247.95,-5.306631796007888e-13,-1.3372278566670498e-13
247.96,-5.302711682632324e-13,-1.326318595954957e-13
247.97,-5.298599863733666e-13,-1.3152898884184643e-13
247.98,-5.294284267549624e-13,-1.304149998766352e-13
247.99,-5.289775517326627e-13,-1.292893282660681e-13
248.0,-5.285075341426505e-13,-1.2815245032865845e-13
248.01,-5.280175553653216e-13,-1.2700450562516162e-13
248.02,-5.275083182860854e-13,-1.258455381723222e-13
248.03,-5.269797660355072e-13,-1.2467604325769553e-13
248.04,-5.264319374448252e-13,-1.2349560176090474e-13
248.05,-5.258655265342746e-13,-1.2230469907973535e-13
248.06,-5.252793034127457e-13,-1.2110352769082545e-13
248.07,-5.246741753753313e-13,-1.198923884294383e-13
248.08,-5.240503357396704e-13,-1.1867113993629993e-13
248.09,-5.234076500058919e-13,-1.1744003804174812e-13
248.1,-5.227462975597938e-13,-1.1619915503558682e-13
248.11,-5.220662596896019e-13,-1.1494889064051476e-13
248.12,-5.213677091144141e-13,-1.1368923950475346e-13
248.13,-5.206504271843258e-13,-1.1242042535950912e-13
248.14,-5.199150968288549e-13,-1.1114256937963669e-13
248.15,-5.191613210617423e-13,-1.0985582399419578e-13
248.16,-5.183892985070974e-13,-1.0856037521201847e-13
248.17,-5.175992868121517e-13,-1.0725650007441042e-13
248.18,-5.167914955068398e-13,-1.0594413034626918e-13
248.19,-5.159655449672214e-13,-1.0462363803431833e-13
248.2,-5.151219999910981e-13,-1.0329508294212984e-13
248.21,-5.142609172171176e-13,-1.0195853677715921e-13
248.22,-5.133820283584199e-13,-1.0061455780013943e-13
248.23,-5.124859330808199e-13,-9.926292368751758e-14
248.24,-5.115723892444539e-13,-9.790385114260671e-14
248.25,-5.106417460268973e-13,-9.653768846941361e-14
248.26,-5.09694166810933e-13,-9.516446871131643e-14
248.27,-5.087292916599195e-13,-9.378441111481655e-14
248.28,-5.077474288137056e-13,-9.239769559327426e-14
248.29,-5.067494717650009e-13,-9.100434010717025e-14
248.3,-5.057346260477468e-13,-8.960466572825584e-14
248.31,-5.047031455926476e-13,-8.819900594384891e-14
248.32,-5.036553500307652e-13,-8.678729683217014e-14
248.33,-5.025913223762202e-13,-8.53695359315615e-14
248.34,-5.015116194592984e-13,-8.394624619647753e-14
248.35,-5.004154528722859e-13,-8.251749443018911e-14
248.36,-4.993034648203053e-13,-8.1083529334375e-14
248.37,-4.981760262963035e-13,-7.964417941437837e-14
248.38,-4.970330185850098e-13,-7.819998145932713e-14
248.39,-4.958745480526156e-13,-7.675088496938976e-14
248.4,-4.947008646525625e-13,-7.529728845161826e-14
248.41,-4.93511922086229e-13,-7.383921209448332e-14
248.42,-4.923080430232539e-13,-7.237692817760059e-14
248.43,-4.910891287103334e-13,-7.091042358660693e-14
248.44,-4.898558049761528e-13,-6.94399268687646e-14
248.45,-4.886078284742295e-13,-6.796567489083436e-14
248.46,-4.873455566331958e-13,-6.648783787743924e-14
248.47,-4.860687173542749e-13,-6.500663652945996e-14
248.48,-4.847779838095452e-13,-6.352193005146329e-14
248.49,-4.83473201863911e-13,-6.203454453267116e-14
248.5,-4.821546546814202e-13,-6.054408990384545e-14
248.51,-4.808223538605037e-13,-5.905085017111718e-14
248.52,-4.794765758389827e-13,-5.755516939857486e-14
248.53,-4.781172562889888e-13,-5.6057072736882904e-14
248.54,-4.767448518471114e-13,-5.455668190045849e-14
248.55,-4.753596929560147e-13,-5.3054212461877054e-14
248.56,-4.739614782727966e-13,-5.154990249593765e-14
248.57,-4.725507744315499e-13,-5.004402884453002e-14
248.58,-4.711270930073776e-13,-4.8536373768873685e-14
248.59,-4.696912350826732e-13,-4.702731147991463e-14
248.6,-4.682433732387696e-13,-4.551695358170239e-14
248.61,-4.667831254416444e-13,-4.400601929452604e-14
248.62,-4.653109340917549e-13,-4.2494085372947114e-14
248.63,-4.638266676681847e-13,-4.0981487379629134e-14
248.64,-4.623320138211121e-13,-3.9468084891849157e-14
248.65,-4.608251956383074e-13,-3.795451296695471e-14
248.66,-4.593073380611093e-13,-3.644099769621629e-14
248.67,-4.577785087296343e-13,-3.49269418347732e-14
248.68,-4.562384963129756e-13,-3.3413260593756746e-14
248.69,-4.546880284370463e-13,-3.189991435133673e-14
248.7,-4.5312720086707315e-13,-3.038706231737378e-14
248.71,-4.5155534201109766e-13,-2.887502491627352e-14
248.72,-4.499741245635993e-13,-2.7363538045737436e-14
248.73,-4.483826480641674e-13,-2.5853119731917156e-14
248.74,-4.4678125204006817e-13,-2.434374966791928e-14
248.75,-4.451697178569289e-13,-2.2836116137466724e-14
248.76,-4.435497955429035e-13,-2.1329280189390732e-14
248.77,-4.419199856430611e-13,-1.982442681308315e-14
248.78,-4.4028114260186424e-13,-1.832134258154888e-14
248.79,-4.3863364165390944e-13,-1.6820209470205665e-14
248.8,-4.3697706788042047e-13,-1.5321203830916427e-14
248.81,-4.3531214959469773e-13,-1.3824397478838388e-14
248.82,-4.336388070642119e-13,-1.2329993475007026e-14
248.83,-4.3195713630075656e-13,-1.0838307170640214e-14
248.84,-4.3026631739876567e-13,-9.349463791802607e-15
248.85,-4.2857025601088847e-13,-7.86317563894778e-15
248.86,-4.2686520825184715e-13,-6.380185327921658e-15
248.87,-4.2515298906839717e-13,-4.9003181988177265e-15
248.88,-4.2343311248940006e-13,-3.4239636142710537e-15
248.89,-4.217066012728442e-13,-1.9508913024483117e-15
248.9,-4.1997297922466325e-13,-4.816089651039012e-16
248.91,-4.182326175061853e-13,9.837885018748538e-16
248.92,-4.164857927629017e-13,2.4452284992353524e-15
248.93,-4.147329332559028e-13,3.9023788096479254e-15
248.94,-4.129734100548341e-13,5.355563724060801e-15
248.95,-4.112083768282269e-13,6.80420289563465e-15
248.96,-4.0943752171708545e-13,8.248193642184608e-15
248.97,-4.0766127663926117e-13,9.687526323464977e-15
248.98,-4.058795595486625e-13,1.1121983965706145e-14
248.99,-4.0409240272117e-13,1.2551325333215107e-14
249.0,-4.0230053952445873e-13,1.3975542553670597e-14
249.01,-4.005040254530116e-13,1.539443803127009e-14
249.02,-3.987025710465702e-13,1.6807773955086968e-14
249.03,-3.9689717323717895e-13,1.8215929339725806e-14
249.04,-3.9508727496130773e-13,1.961809057962191e-14
249.05,-3.9327359669660203e-13,2.1014421615041084e-14
249.06,-3.9145574610349737e-13,2.2404559936538665e-14
249.07,-3.8963458153646293e-13,2.3788796090020563e-14
249.08,-3.87810152785927e-13,2.5166778719796235e-14
249.09,-3.8598223745688646e-13,2.653817040047137e-14
249.1,-3.8415127080500705e-13,2.7903075166324634e-14
249.11,-3.823172978759792e-13,2.9261404250662035e-14
249.12,-3.8048094290469083e-13,3.061261934597021e-14
249.13,-3.786419200567614e-13,3.195707969202676e-14
249.14,-3.7680114255012724e-13,3.329450340630935e-14
249.15,-3.7495787104942087e-13,3.462456277386823e-14
249.16,-3.731128245745675e-13,3.594739144757756e-14
249.17,-3.7126624921574937e-13,3.726285983913802e-14
249.18,-3.694179198077318e-13,3.857056768544559e-14
249.19,-3.675686366630223e-13,3.987064577767562e-14
249.2,-3.6571800837621767e-13,4.1163122120466593e-14
249.21,-3.6386630809740564e-13,4.2447008775265835e-14
249.22,-3.620142511135971e-13,4.372333348736744e-14
249.23,-3.6016170622317654e-13,4.4991290293583277e-14
249.24,-3.5830808435805115e-13,4.6250781098799575e-14
249.25,-3.5645488926845157e-13,4.750205869910862e-14
249.26,-3.5460201342786014e-13,4.874478186198025e-14
249.27,-3.527491357890314e-13,4.997882493552195e-14
249.28,-3.508968274710551e-13,5.120406104409761e-14
249.29,-3.4904439544386567e-13,5.2419992458012314e-14
249.3,-3.4719400591744e-13,5.362767221474028e-14
249.31,-3.453440457338993e-13,5.482588267841293e-14
249.32,-3.4349536257990583e-13,5.601486592177852e-14
249.33,-3.4164815599191446e-13,5.71947655515177e-14
249.34,-3.398021679345993e-13,5.836479187340948e-14
249.35,-3.3795818680002074e-13,5.952543449053233e-14
249.36,-3.3611627453695824e-13,6.067662307385271e-14
249.37,-3.342761719218574e-13,6.181801378600111e-14
249.38,-3.324398590390156e-13,6.294959585841832e-14
249.39,-3.3060389420877873e-13,6.407095564881978e-14
249.4,-3.2877138651970713e-13,6.5182448757343e-14
249.41,-3.269422399815885e-13,6.628388735886619e-14
249.42,-3.251157431165707e-13,6.737497693137524e-14
249.43,-3.232928293117609e-13,6.84558062729592e-14
249.44,-3.2147315594943617e-13,6.95262120316598e-14
249.45,-3.196573426972171e-13,7.058615135827525e-14
249.46,-3.1784219647791887e-13,7.163518783129486e-14
249.47,-3.160367711975161e-13,7.267495146624068e-14
249.48,-3.1423312851514506e-13,7.37017197312753e-14
249.49,-3.1243371438309296e-13,7.471881489309471e-14
249.5,-3.106388828274994e-13,7.572501684659854e-14
249.51,-3.088478821250002e-13,7.672001978334078e-14
249.52,-3.0706287633471176e-13,7.770403260776598e-14
249.53,-3.052825712683992e-13,7.867666776725094e-14
249.54,-3.0350745917984675e-13,7.963820461901337e-14
249.55,-3.0173886672925036e-13,8.058893931190287e-14
249.56,-2.999723744025563e-13,8.152670014729153e-14
249.57,-2.982155416153196e-13,8.245442787316223e-14
249.58,-2.9646330383789163e-13,8.337022512078851e-14
249.59,-2.9471705144759217e-13,8.427430476807911e-14
249.6,-2.9297728891634836e-13,8.516671054275237e-14
249.61,-2.9124393117009036e-13,8.604735535142563e-14
249.62,-2.8951719297922823e-13,8.691615976332823e-14
249.63,-2.877972862017579e-13,8.777309515900672e-14
249.64,-2.8608435894119044e-13,8.861824608209196e-14
249.65,-2.8437924757980076e-13,8.945110270905631e-14
249.66,-2.8268005226254516e-13,9.027183574732711e-14
249.67,-2.809889940529786e-13,9.108061009929648e-14
249.68,-2.7930550261881447e-13,9.187729556440936e-14
249.69,-2.7762997551652914e-13,9.266139184764707e-14
249.7,-2.7596239967946897e-13,9.343343396371712e-14
249.71,-2.743029676630427e-13,9.419308923969515e-14
249.72,-2.726519498626114e-13,9.494029623450692e-14
249.73,-2.710089121736617e-13,9.567514298104125e-14
249.74,-2.6937459057251206e-13,9.639735887831221e-14
249.75,-2.677495314656946e-13,9.710704749543885e-14
249.76,-2.6613298477624505e-13,9.780418929734893e-14
249.77,-2.645252586450761e-13,9.848859143148596e-14
249.78,-2.6292742416276377e-13,9.916045525499311e-14
249.79,-2.613386424148186e-13,9.981950275340459e-14
249.8,-2.597592905882959e-13,1.0046578659417251e-13
249.81,-2.581896276520392e-13,1.0109931717413578e-13
249.82,-2.566297434153827e-13,1.0171972751162683e-13
249.83,-2.5508009418187013e-13,1.0232779647942427e-13
249.84,-2.535404798046812e-13,1.0292278482718951e-13
249.85,-2.520108381954514e-13,1.0350469993640932e-13
249.86,-2.504918021426643e-13,1.0407369493300828e-13
249.87,-2.489833094783909e-13,1.0462969688897429e-13
249.88,-2.4748526383049293e-13,1.0517272431145522e-13
249.89,-2.4599829575356376e-13,1.0570261780379398e-13
249.9,-2.44522333800023e-13,1.0621956545883611e-13
249.91,-2.430561821649579e-13,1.0672305933013801e-13
249.92,-2.4160347267095604e-13,1.0721392572246305e-13
249.93,-2.401609724150721e-13,1.0769150355195999e-13
249.94,-2.3873038180257947e-13,1.0815609442644094e-13
249.95,-2.37310952672919e-13,1.0860727915634966e-13
249.96,-2.3590325402955855e-13,1.0904522186308694e-13
249.97,-2.345075497770479e-13,1.0947013023681462e-13
249.98,-2.3312382440095504e-13,1.0988171482718607e-13
249.99,-2.3175198950435216e-13,1.102800965459755e-13
250.0,-2.3039272788440283e-13,1.1066528634586343e-13
250.01,-2.290459890003461e-13,1.1103740063485523e-13
250.02,-2.2771161627929645e-13,1.1139638214760135e-13
250.03,-2.2638998868066106e-13,1.117415999851096e-13
250.04,-2.2508054515113372e-13,1.120740111025892e-13
250.05,-2.2378446644158934e-13,1.1239297206912389e-13
250.06,-2.225011576408452e-13,1.1269871732619397e-13
250.07,-2.212310096104672e-13,1.1299140663934263e-13
250.08,-2.199741379329135e-13,1.1327072335687601e-13
250.09,-2.1872985643304843e-13,1.1353656530089834e-13
250.1,-2.1749953795256306e-13,1.1378937314888718e-13
250.11,-2.1628283434262213e-13,1.1402910761185484e-13
250.12,-2.150795345158516e-13,1.1425548307130883e-13
250.13,-2.138898684201605e-13,1.1446865881522034e-13
250.14,-2.1271418415635262e-13,1.1466866552482735e-13
250.15,-2.1155233230585205e-13,1.1485551953077874e-13
250.16,-2.1040455983664897e-13,1.1502922616549087e-13
250.17,-2.0927089320481955e-13,1.1518977360488e-13
250.18,-2.0815130832175747e-13,1.1533711781097433e-13
250.19,-2.0704594971778522e-13,1.1547138116432898e-13
250.2,-2.059551084741251e-13,1.1559243535278007e-13
250.21,-2.0487877954203088e-13,1.1570064549053002e-13
250.22,-2.038169668852689e-13,1.1579573721465216e-13
250.23,-2.0276995679126627e-13,1.1587776344872603e-13
250.24,-2.017372474469863e-13,1.1594681121237456e-13
250.25,-2.00719796863367e-13,1.1600301766562373e-13
250.26,-1.9971695527328545e-13,1.160460189146761e-13
250.27,-1.9872884739229176e-13,1.1607624938249922e-13
250.28,-1.9775625426279876e-13,1.1609360968219642e-13
250.29,-1.9679882630496073e-13,1.1609820627872025e-13
250.3,-1.958562802886215e-13,1.1608981980677542e-13
250.31,-1.9492919155316493e-13,1.1606882283412408e-13
250.32,-1.9401717108586215e-13,1.1603488889202169e-13
250.33,-1.9312113433216227e-13,1.1598840474306946e-13
250.34,-1.9224020566291953e-13,1.159293021579676e-13
250.35,-1.9137458871067894e-13,1.1585753642639301e-13
250.36,-1.9052479744445768e-13,1.1577315955460525e-13
250.37,-1.8969115418424585e-13,1.1567630418787244e-13
250.38,-1.8887272925610988e-13,1.1556685815146218e-13
250.39,-1.88070348042731e-13,1.154450555248935e-13
250.4,-1.872834442711179e-13,1.1531074752847682e-13
250.41,-1.8651268888577607e-13,1.1516418076335585e-13
250.42,-1.8575795971192748e-13,1.1500532766838038e-13
250.43,-1.850190746295671e-13,1.1483422869136797e-13
250.44,-1.842964975784456e-13,1.1465089076652756e-13
250.45,-1.835893152863965e-13,1.1445534864999e-13
250.46,-1.8289907206907003e-13,1.1424773363032416e-13
250.47,-1.8222473073770642e-13,1.140281321818199e-13
250.48,-1.815665904300415e-13,1.1379650720557537e-13
250.49,-1.8092474673524198e-13,1.135530231878087e-13
250.5,-1.8029925174386702e-13,1.1329766784483771e-13
250.51,-1.7969012701197147e-13,1.1303057634140252e-13
250.52,-1.790973258496462e-13,1.1275167467243333e-13
250.53,-1.7852032715218917e-13,1.1246093563778563e-13
250.54,-1.779611835283148e-13,1.1215901798200727e-13
250.55,-1.7741790181170494e-13,1.1184535375566079e-13
250.56,-1.768908605545827e-13,1.1152006584939796e-13
250.57,-1.7638037826914235e-13,1.1118336456078824e-13
250.58,-1.7588656737019863e-13,1.1083540800156107e-13
250.59,-1.754093434229215e-13,1.1047608951927599e-13
250.6,-1.7494869157236982e-13,1.101057965839612e-13
250.61,-1.7450456318264703e-13,1.0972417333217703e-13
250.62,-1.7407784196970143e-13,1.0933185834388117e-13
250.63,-1.7366663004848313e-13,1.0892787795386254e-13
250.64,-1.7327267983120954e-13,1.0851345823820616e-13
250.65,-1.7289501378723018e-13,1.0808799878034156e-13
250.66,-1.7253431184586118e-13,1.0765190771672222e-13
250.67,-1.7219041894869352e-13,1.0720508121103242e-13
250.68,-1.7186283005645636e-13,1.0674762124557021e-13
250.69,-1.715525429131432e-13,1.0627972825542719e-13
250.7,-1.7125849630843392e-13,1.0580132658612979e-13
250.71,-1.7098103825216212e-13,1.0531190804548805e-13
250.72,-1.707207206981572e-13,1.0481319571176252e-13
250.73,-1.7047688475066805e-13,1.0430427490061789e-13
250.74,-1.702499343178011e-13,1.037850394610007e-13
250.75,-1.7003948805167111e-13,1.0325562047183451e-13
250.76,-1.6984571697485527e-13,1.0271633928476248e-13
250.77,-1.696686588990758e-13,1.021671010646458e-13
250.78,-1.695081138235256e-13,1.0160805403166412e-13
250.79,-1.6936417701060903e-13,1.0103959921574626e-13
250.8,-1.6923589549567433e-13,1.004611778491038e-13
250.81,-1.6912853887507672e-13,9.987431875074135e-14
250.82,-1.6903326706522346e-13,9.927665528522766e-14
250.83,-1.689558303746789e-13,9.867020429512391e-14
250.84,-1.688950928072456e-13,9.805457735687287e-14
250.85,-1.6885074573786936e-13,9.742985580304941e-14
250.86,-1.6882299682631572e-13,9.67960756425857e-14
250.87,-1.688117189190208e-13,9.61532578238258e-14
250.88,-1.6881694809824143e-13,9.550172764706648e-14
250.89,-1.6883836043631057e-13,9.484073357843241e-14
250.9,-1.6887681552494102e-13,9.417264264577302e-14
250.91,-1.689307963979991e-13,9.349492651389018e-14
250.92,-1.6900133151044284e-13,9.280894000376379e-14
250.93,-1.6908831150118395e-13,9.211465551345707e-14
250.94,-1.6919147868274398e-13,9.141205161848263e-14
250.95,-1.693109924462433e-13,9.070127698097905e-14
250.96,-1.6944625701623517e-13,8.998245561342838e-14
250.97,-1.6959805390097606e-13,8.925579450244736e-14
250.98,-1.6976547586750613e-13,8.852147815277923e-14
250.99,-1.6994967648693358e-13,8.777901351865868e-14
251.0,-1.7014899956413553e-13,8.702890306850128e-14
251.01,-1.7036446819081593e-13,8.627138976274233e-14
251.02,-1.7059572002925062e-13,8.550637914602288e-14
251.03,-1.7084293772969356e-13,8.473420295349149e-14
251.04,-1.7110595032152398e-13,8.395467470184355e-14
251.05,-1.7138473443148893e-13,8.316812899115764e-14
251.06,-1.7167886831707024e-13,8.237457152521018e-14
251.07,-1.719888815646048e-13,8.157404255447121e-14
251.08,-1.7231424338891607e-13,8.076682383983249e-14
251.09,-1.7265474981259696e-13,7.995279259179123e-14
251.1,-1.7301102156406422e-13,7.913228099263369e-14
251.11,-1.7338250437584597e-13,7.83052622411567e-14
251.12,-1.7376934215612633e-13,7.747191496061601e-14
251.13,-1.7417105019123955e-13,7.663232143675111e-14
251.14,-1.7458811999690547e-13,7.578668179515955e-14
251.15,-1.7502008728206875e-13,7.493487132922233e-14
251.16,-1.7546663395409172e-13,7.407706158432355e-14
251.17,-1.7592874982903405e-13,7.321362333681018e-14
251.18,-1.7640556054990966e-13,7.234450146332469e-14
251.19,-1.768966110990136e-13,7.146979887030491e-14
251.2,-1.7740273204449591e-13,7.058968048840024e-14
251.21,-1.779233160769411e-13,6.970408938228846e-14
251.22,-1.784582989820256e-13,6.881336553177416e-14
251.23,-1.7900749751128723e-13,6.791747355201227e-14
251.24,-1.7957130186922425e-13,6.701646446121571e-14
251.25,-1.8014913775699685e-13,6.611072810687369e-14
251.26,-1.807412581497493e-13,6.520020966028222e-14
251.27,-1.8134738902571092e-13,6.428501538345662e-14
251.28,-1.8196724892696126e-13,6.336517303200381e-14
251.29,-1.826010315183597e-13,6.244094223967196e-14
251.3,-1.832488584690628e-13,6.151236242532717e-14
251.31,-1.8390992637435476e-13,6.057969750845838e-14
251.32,-1.8458473025739284e-13,5.964282772258326e-14
251.33,-1.852729887276635e-13,5.870201096293105e-14
251.34,-1.8597422352550164e-13,5.775705843154999e-14
251.35,-1.8668946167036213e-13,5.6808976481917785e-14
251.36,-1.8741755440310736e-13,5.585699352857718e-14
251.37,-1.8815868158121318e-13,5.490148448003001e-14
251.38,-1.889127074461636e-13,5.3942496169894474e-14
251.39,-1.8967963375513435e-13,5.2980242677265454e-14
251.4,-1.9045913884660186e-13,5.2014896899366004e-14
251.41,-1.912514704529196e-13,5.104653096040251e-14
251.42,-1.9205620493386148e-13,5.007510663200296e-14
251.43,-1.928719070869112e-13,4.910073389820083e-14
251.44,-1.9370258224785151e-13,4.8124099413065153e-14
251.45,-1.945443766149405e-13,4.7144798129306194e-14
251.46,-1.9539799983674837e-13,4.6162891181901706e-14
251.47,-1.9626375349536866e-13,4.517872094952046e-14
251.48,-1.9714128276310818e-13,4.419223895921362e-14
251.49,-1.9803061487808213e-13,4.320376163600342e-14
251.5,-1.9893119816794696e-13,4.2213148394535086e-14
251.51,-1.998435859557072e-13,4.1220670973509697e-14
251.52,-2.0076658501411073e-13,4.0226352083425243e-14
251.53,-2.0170189362064483e-13,3.923063642763695e-14
251.54,-2.0264784121916803e-13,3.823316606320544e-14
251.55,-2.0360511837594895e-13,3.723449501295397e-14
251.56,-2.0457281035291798e-13,3.623453331626655e-14
251.57,-2.0555115215156299e-13,3.523301982186577e-14
251.58,-2.0654032738953603e-13,3.4230657613668193e-14
251.59,-2.0754000307419579e-13,3.3227421241412204e-14
251.6,-2.085501012333401e-13,3.2223290823603105e-14
251.61,-2.095698455865909e-13,3.121838490616138e-14
251.62,-2.1060017153458648e-13,3.0212741671306807e-14
251.63,-2.116405524927664e-13,2.920680371151721e-14
251.64,-2.1269008951722899e-13,2.820021710989729e-14
251.65,-2.137503757804836e-13,2.719379793898863e-14
251.66,-2.1481962761570415e-13,2.618698592564543e-14
251.67,-2.1589842838936907e-13,2.5180422466267708e-14
251.68,-2.1698666608520914e-13,2.4173352116028822e-14
251.69,-2.1808372333620715e-13,2.316674922577116e-14
251.7,-2.1918987779708832e-13,2.2160269158831387e-14
251.71,-2.203047690143569e-13,2.115442274046534e-14
251.72,-2.2142873052553117e-13,2.0149117551952555e-14
251.73,-2.2256095670633022e-13,1.914427890451007e-14
251.74,-2.237019168119928e-13,1.814029484894111e-14
251.75,-2.2485106048401585e-13,1.7137132298636803e-14
251.76,-2.2600853346398145e-13,1.6134903352261616e-14
251.77,-2.2717363664837564e-13,1.5133452269767692e-14
251.78,-2.2834725083876277e-13,1.4133728934442159e-14
251.79,-2.2952824984462786e-13,1.3134927874005613e-14
251.8,-2.3071679354029176e-13,1.2137674951213445e-14
251.81,-2.3191294737991627e-13,1.1141910587972044e-14
251.82,-2.33116321347573e-13,1.0147677660796888e-14
251.83,-2.343267129302834e-13,9.15517301636923e-15
251.84,-2.3554441106665937e-13,8.164553464437512e-15
251.85,-2.367688811677733e-13,7.175660274787975e-15
251.86,-2.379999545926261e-13,6.189067466973295e-15
251.87,-2.39237652269568e-13,5.204448913594405e-15
251.88,-2.404814216045783e-13,4.2221764742635054e-15
251.89,-2.4173224468611597e-13,3.2421055267659134e-15
251.9,-2.429887551301781e-13,2.2645390584812724e-15
251.91,-2.4425126398951314e-13,1.2894879322669474e-15
251.92,-2.4551964098828884e-13,3.171726515241304e-16
251.93,-2.4679369772358403e-13,-6.524001268208024e-16
251.94,-2.4807308048540126e-13,-1.6191968983212089e-15
251.95,-2.4935841734202536e-13,-2.5829390695388243e-15
251.96,-2.5064831966121607e-13,-3.543571717442502e-15
251.97,-2.519434552236171e-13,-4.50142738602029e-15
251.98,-2.532436738649608e-13,-5.455616928262204e-15
251.99,-2.5454872699110323e-13,-6.406540559302726e-15
252.0,-2.558581506775018e-13,-7.354082379360843e-15
252.01,-2.571725682420133e-13,-8.298124164649628e-15
252.02,-2.5849057831925544e-13,-9.238460750738665e-15
252.03,-2.5981301445798856e-13,-1.0175090776079583e-14
252.04,-2.611394289813341e-13,-1.1107860140670853e-14
252.05,-2.624695653839886e-13,-1.203673982998879e-14
252.06,-2.6380348808005035e-13,-1.2961582651150945e-14
252.07,-2.651412390574624e-13,-1.3882262005406453e-14
252.08,-2.6648201473549927e-13,-1.4798867453388408e-14
252.09,-2.678261631250592e-13,-1.571112496999007e-14
252.1,-2.6917334248863576e-13,-1.661895408741303e-14
252.11,-2.705233657588412e-13,-1.752238695726841e-14
252.12,-2.718763780602035e-13,-1.842119640682091e-14
252.13,-2.7323177271649285e-13,-1.931536425288722e-14
252.14,-2.74589683648951e-13,-2.0204834289471224e-14
252.15,-2.7594975516365686e-13,-2.1089375729648104e-14
252.16,-2.7731230475941334e-13,-2.1969186746097274e-14
252.17,-2.786764851290373e-13,-2.2843915520737477e-14
252.18,-2.8004259271629093e-13,-2.3713564708852066e-14
252.19,-2.8141067292460505e-13,-2.4578051720042616e-14
252.2,-2.8277975418550163e-13,-2.543743708757583e-14
252.21,-2.8415016203033605e-13,-2.629133934075162e-14
252.22,-2.8552266326283e-13,-2.713974563567836e-14
252.23,-2.868955293084462e-13,-2.7982933618625268e-14
252.24,-2.882688943940418e-13,-2.88202435386783e-14
252.25,-2.896438868263582e-13,-2.9652105392824336e-14
252.26,-2.910191372668479e-13,-3.047826258396856e-14
252.27,-2.92394912577398e-13,-3.129842051430445e-14
252.28,-2.93770739171207e-13,-3.211296072271725e-14
252.29,-2.951466487603505e-13,-3.292151025072477e-14
252.3,-2.965230741044565e-13,-3.372387567531999e-14
252.31,-2.978985659463651e-13,-3.4520323312430494e-14
252.32,-2.992741309165759e-13,-3.5310504494231935e-14
252.33,-3.0064886910216996e-13,-3.6094270985929405e-14
252.34,-3.0202370991393294e-13,-3.687210774714332e-14
252.35,-3.033972905203571e-13,-3.7643305233179094e-14
252.36,-3.047696214103435e-13,-3.840825886983586e-14
252.37,-3.0614140113800165e-13,-3.9166489850561774e-14
252.38,-3.075117686777851e-13,-3.991818528165395e-14
252.39,-3.088806298299843e-13,-4.06633358961739e-14
252.4,-3.102479140900423e-13,-4.1401673038703984e-14
252.41,-3.1161367499895146e-13,-4.213322977565743e-14
252.42,-3.12976513030648e-13,-4.285826726185831e-14
252.43,-3.1433956309011617e-13,-4.3575728263607964e-14
252.44,-3.1569899150637647e-13,-4.4286689507715476e-14
252.45,-3.170563306462356e-13,-4.4990577437611856e-14
252.46,-3.184113418096945e-13,-4.568726487636996e-14
252.47,-3.1976340383047246e-13,-4.637689692074148e-14
252.48,-3.2111372365665425e-13,-4.705916397754426e-14
252.49,-3.2246008705610554e-13,-4.773441459053266e-14
252.5,-3.238037893777982e-13,-4.840222623470848e-14
252.51,-3.2514423953679376e-13,-4.9062449140565417e-14
252.52,-3.2648161156413885e-13,-4.971573935749173e-14
252.53,-3.2781533421122343e-13,-5.0361276813364197e-14
252.54,-3.2914514194335433e-13,-5.0999717650040114e-14
252.55,-3.3047202640686066e-13,-5.162979215500372e-14
252.56,-3.3179444618855286e-13,-5.225266505154283e-14
252.57,-3.331133009232588e-13,-5.286774456062028e-14
252.58,-3.344272548507395e-13,-5.347525333758363e-14
252.59,-3.3573728251559425e-13,-5.407492106376115e-14
252.6,-3.37042902974539e-13,-5.46664870062124e-14
252.61,-3.383437217743113e-13,-5.5250748893273666e-14
252.62,-3.3964003584401877e-13,-5.5826908315842907e-14
252.63,-3.409314369799929e-13,-5.6395056899094074e-14
252.64,-3.422177137816191e-13,-5.695517328825757e-14
252.65,-3.434988212431074e-13,-5.750738329248434e-14
252.66,-3.4477467838569723e-13,-5.805143712172918e-14
252.67,-3.460454386041437e-13,-5.858725546563156e-14
252.68,-3.473101681573054e-13,-5.911519546406972e-14
252.69,-3.4857053498889626e-13,-5.963444745947545e-14
252.7,-3.4982307883468187e-13,-6.014615634086518e-14
252.71,-3.51070464629743e-13,-6.064937472938648e-14
252.72,-3.523117993452171e-13,-6.114423641553821e-14
252.73,-3.535479669445711e-13,-6.163027445925191e-14
252.74,-3.5477665851987333e-13,-6.210886960946227e-14
252.75,-3.5599874913445064e-13,-6.25788169463469e-14
252.76,-3.572144659833755e-13,-6.304028101323391e-14
252.77,-3.584234930923933e-13,-6.349327314449052e-14
252.78,-3.5962361387736937e-13,-6.393816700066614e-14
252.79,-3.6082121850987616e-13,-6.437376199596102e-14
252.8,-3.620096022241777e-13,-6.480132149912065e-14
252.81,-3.631904596597494e-13,-6.522032628744971e-14
252.82,-3.643642767895497e-13,-6.563076631067499e-14
252.83,-3.6553053806001275e-13,-6.60325641115629e-14
252.84,-3.6668900446542105e-13,-6.642580994113955e-14
252.85,-3.6784010177788996e-13,-6.681039057323508e-14
252.86,-3.6898324174485433e-13,-6.718639038458727e-14
252.87,-3.701179746953938e-13,-6.755391463357909e-14
252.88,-3.7124588903237875e-13,-6.791223555294038e-14
252.89,-3.7236500098324774e-13,-6.826219145271058e-14
252.9,-3.7347565224322537e-13,-6.860334905860429e-14
252.91,-3.7457823087111765e-13,-6.893577449639789e-14
252.92,-3.7567208267331216e-13,-6.925959930549623e-14
252.93,-3.7675742977460704e-13,-6.957464076226156e-14
252.94,-3.7783406562852556e-13,-6.988084019210499e-14
252.95,-3.7890178231385075e-13,-7.01783726765444e-14
252.96,-3.7996055055427376e-13,-7.046688763272414e-14
252.97,-3.810106027955998e-13,-7.074684819481032e-14
252.98,-3.820512767723337e-13,-7.101799073892276e-14
252.99,-3.830827086334789e-13,-7.128029658035475e-14
253.0,-3.841046969726045e-13,-7.153382596375696e-14
253.01,-3.851170553011415e-13,-7.177865814375568e-14
253.02,-3.8612081692084905e-13,-7.201428324499531e-14
253.03,-3.871139775069504e-13,-7.224152709221639e-14
253.04,-3.880980492466452e-13,-7.245967800706515e-14
253.05,-3.8907153601096636e-13,-7.266933485277747e-14
253.06,-3.900358458201507e-13,-7.286973323263166e-14
253.07,-3.9098981956155786e-13,-7.306154309461618e-14
253.08,-3.9193374073854126e-13,-7.324453514755739e-14
253.09,-3.928673873114612e-13,-7.341869503073746e-14
253.1,-3.93790792659377e-13,-7.35840514021632e-14
253.11,-3.9470338391118675e-13,-7.374082178457135e-14
253.12,-3.956062607594977e-13,-7.388856406269804e-14
253.13,-3.964981338404218e-13,-7.40276557957555e-14
253.14,-3.9737880022346305e-13,-7.415829019935795e-14
253.15,-3.982497898091996e-13,-7.427949648159119e-14
253.16,-3.9910941253903003e-13,-7.439230371501549e-14
253.17,-3.999582317530275e-13,-7.449637658718535e-14
253.18,-4.0079612448810975e-13,-7.459169745093313e-14
253.19,-4.016230673183681e-13,-7.467820470163639e-14
253.2,-4.0243857049046185e-13,-7.47561493399474e-14
253.21,-4.0324279241425316e-13,-7.482557699203265e-14
253.22,-4.040364246252415e-13,-7.488593317661137e-14
253.23,-4.0481840725651843e-13,-7.493750176264699e-14
253.24,-4.0558821363337054e-13,-7.49813286866455e-14
253.25,-4.0634719516579815e-13,-7.501601270875542e-14
253.26,-4.070943219800468e-13,-7.50422429973184e-14
253.27,-4.078298934663233e-13,-7.505979946588478e-14
253.28,-4.085537975465644e-13,-7.506883141896847e-14
253.29,-4.0926597797169485e-13,-7.506936449644696e-14
253.3,-4.099664018086382e-13,-7.506132551396364e-14
253.31,-4.1065568395966347e-13,-7.504455659869203e-14
253.32,-4.1132990610271043e-13,-7.502062308974189e-14
253.33,-4.1199581213639133e-13,-7.498672149001579e-14
253.34,-4.126479541539212e-13,-7.494501092968529e-14
253.35,-4.1328816696250425e-13,-7.489496469400135e-14
253.36,-4.139161808758327e-13,-7.483656612845016e-14
253.37,-4.1453197957144206e-13,-7.476991864802667e-14
253.38,-4.1513507592177286e-13,-7.469501563829429e-14
253.39,-4.157265291287144e-13,-7.461167213946085e-14
253.4,-4.163042747282708e-13,-7.452049056730483e-14
253.41,-4.1687317827139364e-13,-7.442114688374666e-14
253.42,-4.1742531698643654e-13,-7.431316809147616e-14
253.43,-4.179666444027576e-13,-7.419718119209768e-14
253.44,-4.184950460063665e-13,-7.407345869395592e-14
253.45,-4.1901126385142094e-13,-7.394150452161786e-14
253.46,-4.1951444135069335e-13,-7.380161798968629e-14
253.47,-4.2000503085106484e-13,-7.365374295391781e-14
253.48,-4.204829834632695e-13,-7.349803098863413e-14
253.49,-4.2094764851851866e-13,-7.333477933740894e-14
253.5,-4.214006751595099e-13,-7.316223095083566e-14
253.51,-4.2184007251735577e-13,-7.298343533480423e-14
253.52,-4.2226595735382584e-13,-7.279665732192963e-14
253.53,-4.2267957715646115e-13,-7.26018906230558e-14
253.54,-4.2308010965070677e-13,-7.239959050285278e-14
253.55,-4.234677477948498e-13,-7.218960172637442e-14
253.56,-4.238424728855451e-13,-7.197195157164895e-14
253.57,-4.242039290634844e-13,-7.174680277328862e-14
253.58,-4.2455212376821534e-13,-7.151456943705747e-14
253.59,-4.248872227435002e-13,-7.127466396106357e-14
253.6,-4.252099206350602e-13,-7.102696620423616e-14
253.61,-4.255191182707925e-13,-7.07722816522389e-14
253.62,-4.258151250198405e-13,-7.051024140753147e-14
253.63,-4.2609787220096354e-13,-7.024108784187293e-14
253.64,-4.2636752825377857e-13,-6.996459022123302e-14
253.65,-4.2662402199723376e-13,-6.968111982639365e-14
253.66,-4.268671664982906e-13,-6.939052780502293e-14
253.67,-4.2709692353531755e-13,-6.90929348996434e-14
253.68,-4.2731418205713e-13,-6.878802668769987e-14
253.69,-4.275174602591472e-13,-6.847668864777445e-14
253.7,-4.277077568214093e-13,-6.81582573827792e-14
253.71,-4.278845916093731e-13,-6.783312586133007e-14
253.72,-4.2804834075692065e-13,-6.750113233708104e-14
253.73,-4.281988994431236e-13,-6.716245597976756e-14
253.74,-4.2833642182298206e-13,-6.681710811078408e-14
253.75,-4.28459907876194e-13,-6.64652933160335e-14
253.76,-4.2857092320452233e-13,-6.61069554554352e-14
253.77,-4.2866791924777597e-13,-6.574223299260865e-14
253.78,-4.287525099246193e-13,-6.537072756093168e-14
253.79,-4.288233166907805e-13,-6.499315008171357e-14
253.8,-4.2888081305855124e-13,-6.460940155509037e-14
253.81,-4.289252484596215e-13,-6.421931254999197e-14
253.82,-4.289563930570848e-13,-6.382304844003092e-14
253.83,-4.2897454295384693e-13,-6.342072933949756e-14
253.84,-4.2897946787159614e-13,-6.301229000748491e-14
253.85,-4.2897092184900275e-13,-6.259815353449217e-14
253.86,-4.2894974290284736e-13,-6.217759692342838e-14
253.87,-4.289145129246513e-13,-6.175176266868075e-14
253.88,-4.2886669424261865e-13,-6.131983985250891e-14
253.89,-4.2880561375221696e-13,-6.08823177394139e-14
253.9,-4.287315982898963e-13,-6.04390775261118e-14
253.91,-4.2864448540111936e-13,-5.99903006374695e-14
253.92,-4.2854410700173543e-13,-5.953599893770288e-14
253.93,-4.2843068333735247e-13,-5.907638905761281e-14
253.94,-4.2830467903495383e-13,-5.861121630573835e-14
253.95,-4.2816585030502316e-13,-5.81405325429902e-14
253.96,-4.2801341525520656e-13,-5.766508289033594e-14
253.97,-4.278484060456363e-13,-5.718415768405315e-14
253.98,-4.276700632982645e-13,-5.669840467226165e-14
253.99,-4.274791593939685e-13,-5.620748437892617e-14
254.0,-4.2727575558588973e-13,-5.5711434976023296e-14
254.01,-4.270592336825799e-13,-5.521067044217571e-14
254.02,-4.2683017457693736e-13,-5.47050098331418e-14
254.03,-4.26588120760403e-13,-5.4194737076854445e-14
254.04,-4.263334449243692e-13,-5.367966780926042e-14
254.05,-4.26066378405655e-13,-5.315995431285484e-14
254.06,-4.257864749489417e-13,-5.263584443475651e-14
254.07,-4.2549428848555045e-13,-5.2107128583565987e-14
254.08,-4.2518936832774784e-13,-5.157415384865845e-14
254.09,-4.2487227287205277e-13,-5.103672824660226e-14
254.1,-4.2454260363800755e-13,-5.0495150027160666e-14
254.11,-4.2420038524612354e-13,-4.9949529865778366e-14
254.12,-4.2384624798382335e-13,-4.939953402106844e-14
254.13,-4.234798420149831e-13,-4.8845679045050335e-14
254.14,-4.231008612896204e-13,-4.828798389248203e-14
254.15,-4.2270982790820424e-13,-4.772622737328867e-14
254.16,-4.223070921949289e-13,-4.716075317538237e-14
254.17,-4.218919998765339e-13,-4.659159221730379e-14
254.18,-4.2146481854076466e-13,-4.601874130233785e-14
254.19,-4.210259449246249e-13,-4.5442132590185366e-14
254.2,-4.205749070784299e-13,-4.486260555361969e-14
254.21,-4.201124719835515e-13,-4.427901999155455e-14
254.22,-4.196379527584185e-13,-4.369258074100983e-14
254.23,-4.191520544743773e-13,-4.310254168210866e-14
254.24,-4.1865429361710316e-13,-4.250944689653988e-14
254.25,-4.181451408093161e-13,-4.1913241931724264e-14
254.26,-4.1762453533064805e-13,-4.131396195660952e-14
254.27,-4.170922810365467e-13,-4.0711727280260926e-14
254.28,-4.1654886040398373e-13,-4.010666689120989e-14
254.29,-4.1599432680796605e-13,-3.949867942447971e-14
254.3,-4.1542804445806803e-13,-3.888825792183778e-14
254.31,-4.148513651154951e-13,-3.827484217873314e-14
254.32,-4.1426296861202486e-13,-3.765909184335923e-14
254.33,-4.136639186351911e-13,-3.704085657833086e-14
254.34,-4.130539424097204e-13,-3.6419892394311535e-14
254.35,-4.124330777900328e-13,-3.5796886845305735e-14
254.36,-4.118014157549782e-13,-3.517158153680462e-14
254.37,-4.1115901063868703e-13,-3.454405267231469e-14
254.38,-4.1050620959365656e-13,-3.391453339483974e-14
254.39,-4.0984304423716646e-13,-3.328259731249014e-14
254.4,-4.0916881506592384e-13,-3.2649174217969843e-14
254.41,-4.0848468884609016e-13,-3.2013604458981106e-14
254.42,-4.0779022286143646e-13,-3.137626816039542e-14
254.43,-4.070855461648862e-13,-3.073726960671102e-14
254.44,-4.063707414752178e-13,-3.009668978301502e-14
254.45,-4.0564592465127745e-13,-2.945443299505467e-14
254.46,-4.049111798743552e-13,-2.881070066513457e-14
254.47,-4.041667121934268e-13,-2.8165390455373793e-14
254.48,-4.0341222931329727e-13,-2.7519163968604246e-14
254.49,-4.026484257592151e-13,-2.687145021182929e-14
254.5,-4.018747638806758e-13,-2.6222623366906615e-14
254.51,-4.010916981575281e-13,-2.5572577942854233e-14
254.52,-4.0029933232543566e-13,-2.492166260198564e-14
254.53,-3.9949767878743903e-13,-2.4269758967220775e-14
254.54,-3.986866169261365e-13,-2.361696370811161e-14
254.55,-3.978665010943147e-13,-2.2963387935085914e-14
254.56,-3.9703803589616886e-13,-2.230932791758039e-14
254.57,-3.961993140661175e-13,-2.1654145567504995e-14
254.58,-3.953527954866702e-13,-2.099870907668542e-14
254.59,-3.944973078903897e-13,-2.034268790251148e-14
254.6,-3.9363326695566504e-13,-1.968632010684895e-14
254.61,-3.9276050910942325e-13,-1.902964528275042e-14
254.62,-3.918794940735758e-13,-1.837265205766494e-14
254.63,-3.9099018994120264e-13,-1.771550410989662e-14
254.64,-3.900925915519017e-13,-1.7058314052990522e-14
254.65,-3.8918463665911443e-13,-1.6401480625556067e-14
254.66,-3.8827282900226456e-13,-1.5743527892574342e-14
254.67,-3.8735143230317654e-13,-1.50867202816799e-14
254.68,-3.864220472539523e-13,-1.4429799737073152e-14
254.69,-3.854848148262375e-13,-1.3773309821271625e-14
254.7,-3.8453989701492235e-13,-1.311725005016078e-14
254.71,-3.8358821939232247e-13,-1.2461064292528691e-14
254.72,-3.8262864580257183e-13,-1.1805620295699443e-14
254.73,-3.81661839551542e-13,-1.1150789431072393e-14
254.74,-3.806881982769636e-13,-1.0495524438785388e-14
254.75,-3.797079053673399e-13,-9.843496469592628e-15
254.76,-3.7871884519905005e-13,-9.190374293561616e-15
254.77,-3.7772402996407416e-13,-8.538607487169307e-15
254.78,-3.7672248955337374e-13,-7.88766958227112e-15
254.79,-3.75714432643027e-13,-7.237807410297015e-15
254.8,-3.7469974074248197e-13,-6.588999638409222e-15
254.81,-3.7367871134200923e-13,-5.941345323235384e-15
254.82,-3.726515686512442e-13,-5.294806294097745e-15
254.83,-3.716184684895254e-13,-4.6499123992390035e-15
254.84,-3.7057887476604014e-13,-4.005877438385004e-15
254.85,-3.695333029738672e-13,-3.363499577627882e-15
254.86,-3.6848214156164677e-13,-2.7224763141490856e-15
254.87,-3.6742526120702605e-13,-2.083109665820604e-15
254.88,-3.6636286711453115e-13,-1.4453855559649708e-15
254.89,-3.652948662211977e-13,-8.093390725441677e-16
254.9,-3.6422167578365204e-13,-1.7503798299177488e-16
254.91,-3.631427011203493e-13,4.571633723160859e-16
254.92,-3.6205992327807096e-13,1.0879286119985246e-15
254.93,-3.60970959991401e-13,1.7163798832474444e-15
254.94,-3.598775452348188e-13,2.3430383472531818e-15
254.95,-3.5877925870816786e-13,2.9673821955450517e-15
254.96,-3.5767622034066335e-13,3.589457310202204e-15
254.97,-3.5656899199374373e-13,4.209706251264993e-15
254.98,-3.5545709757234564e-13,4.827413660975033e-15
254.99,-3.543412970987989e-13,5.442875226888131e-15
255.0,-3.532209707016563e-13,6.0558721942479354e-15
255.01,-3.5209650929592457e-13,6.666369165335036e-15
255.02,-3.5096865361658e-13,7.274305395507786e-15
255.03,-3.4983645556798815e-13,7.879616009977017e-15
255.04,-3.487008497046346e-13,8.482348912551757e-15
255.05,-3.475615504166073e-13,9.082196039177464e-15
255.06,-3.464190451636753e-13,9.67944111572366e-15
255.07,-3.4527304503603593e-13,1.0273618552946596e-14
255.08,-3.441241340926976e-13,1.0865265258524858e-14
255.09,-3.4297177142750373e-13,1.145346501202279e-14
255.1,-3.418165741844864e-13,1.2038889680028959e-14
255.11,-3.4065867154479355e-13,1.2621088245539885e-14
255.12,-3.394978171419952e-13,1.3200300013930327e-14
255.13,-3.3833466513250896e-13,1.377617379981572e-14
255.14,-3.371688141035938e-13,1.4348822433402864e-14
255.15,-3.3600086145307094e-13,1.4918243480075985e-14
255.16,-3.348306099183086e-13,1.5484247271614105e-14
255.17,-3.336583524120126e-13,1.6046824840672008e-14
255.18,-3.324838670811657e-13,1.6605915474551036e-14
255.19,-3.3130715413253613e-13,1.716136346049146e-14
255.2,-3.3012971669287125e-13,1.771337189159789e-14
255.21,-3.2895014903931334e-13,1.8261724880728312e-14
255.22,-3.277691214673604e-13,1.8806338121271414e-14
255.23,-3.265867394712192e-13,1.9347196553284658e-14
255.24,-3.2540324898309e-13,1.988423934133748e-14
255.25,-3.2421856166440014e-13,2.0417502997126635e-14
255.26,-3.230329825403138e-13,2.0946884355068374e-14
255.27,-3.218463862701892e-13,2.1472159720966697e-14
255.28,-3.206575352609999e-13,2.199354516154933e-14
255.29,-3.1947099351181446e-13,2.2510878493624858e-14
255.3,-3.182826371837843e-13,2.302424408016102e-14
255.31,-3.1709394699435783e-13,2.3533388407910695e-14
255.32,-3.1590486862044665e-13,2.4038298348120602e-14
255.33,-3.1471556247075415e-13,2.453908493436394e-14
255.34,-3.1352637968774815e-13,2.5035460352676853e-14
255.35,-3.1233727627706236e-13,2.5527422410518207e-14
255.36,-3.111486675204464e-13,2.6015375764395074e-14
255.37,-3.099608982693729e-13,2.6498643930148205e-14
255.38,-3.087719964423934e-13,2.6977599737301356e-14
255.39,-3.075844042718287e-13,2.7451963874736665e-14
255.4,-3.063976893402782e-13,2.7921848564450054e-14
255.41,-3.052116650308421e-13,2.83871231956731e-14
255.42,-3.040268772032169e-13,2.884792647464256e-14
255.43,-3.028429735482713e-13,2.930390526077563e-14
255.44,-3.016601395463802e-13,2.9755214175812876e-14
255.45,-3.0047876511883775e-13,3.0201871891384447e-14
255.46,-2.992990793057845e-13,3.064385954495995e-14
255.47,-2.9812031323516725e-13,3.1080734416047847e-14
255.48,-2.9694365716073013e-13,3.1512963933889625e-14
255.49,-2.957684724731845e-13,3.194028141838567e-14
255.5,-2.9459504707751475e-13,3.236259141839053e-14
255.51,-2.934242108981189e-13,3.278018691616392e-14
255.52,-2.922547747405171e-13,3.319256921205828e-14
255.53,-2.9108836014924185e-13,3.3600165097265785e-14
255.54,-2.8992419844675837e-13,3.400260538607762e-14
255.55,-2.8876273377088687e-13,3.4400383990749146e-14
255.56,-2.8760274250129173e-13,3.4792193268926626e-14
255.57,-2.864460515601074e-13,3.517928117321371e-14
255.58,-2.8529243792784613e-13,3.5561044109786116e-14
255.59,-2.8414129575976165e-13,3.593804922418238e-14
255.6,-2.8299348217750855e-13,3.630956287077573e-14
255.61,-2.818484307218678e-13,3.66758657767715e-14
255.62,-2.807071704327443e-13,3.70369121907931e-14
255.63,-2.795690203615706e-13,3.739244661116803e-14
255.64,-2.784349368517463e-13,3.7742837425979025e-14
255.65,-2.773035045123465e-13,3.8088047669998105e-14
255.66,-2.76176004589281e-13,3.8427677170041545e-14
255.67,-2.7505238382654996e-13,3.876197732473943e-14
255.68,-2.739327759080327e-13,3.9090725600439265e-14
255.69,-2.7281724089231006e-13,3.941415434146081e-14
255.7,-2.7170563208718323e-13,3.97320052520079e-14
255.71,-2.705984664073606e-13,4.004449360915776e-14
255.72,-2.694956941820764e-13,4.035148271241728e-14
255.73,-2.683971656958616e-13,4.065263332633129e-14
255.74,-2.673034635443614e-13,4.0948681283651665e-14
255.75,-2.662145584980737e-13,4.1239040127868596e-14
255.76,-2.651284217473908e-13,4.152354733368977e-14
255.77,-2.6404993805083785e-13,4.180283089993206e-14
255.78,-2.629751461313568e-13,4.207630625106235e-14
255.79,-2.619060739996352e-13,4.234432796027065e-14
255.8,-2.608412199118e-13,4.2606439965198074e-14
255.81,-2.59781894756583e-13,4.286300115913185e-14
255.82,-2.587284770450767e-13,4.311389590328108e-14
255.83,-2.576797906135606e-13,4.3359211791739214e-14
255.84,-2.5663692833421687e-13,4.3598724255832e-14
255.85,-2.555999586807607e-13,4.3832520113795895e-14
255.86,-2.545683527988397e-13,4.406084976761844e-14
255.87,-2.5354279694575706e-13,4.428306445265684e-14
255.88,-2.525234466450481e-13,4.4499773529012366e-14
255.89,-2.515094685281328e-13,4.471072427097698e-14
255.9,-2.505020366297746e-13,4.491597618874349e-14
255.91,-2.495012487064133e-13,4.511538061914881e-14
255.92,-2.4850606799905553e-13,4.5309069054155366e-14
255.93,-2.475174782545107e-13,4.5496963705356374e-14
255.94,-2.465353970650446e-13,4.567910815707817e-14
255.95,-2.455597025340573e-13,4.5855456177438386e-14
255.96,-2.445908896556184e-13,4.602610840315182e-14
255.97,-2.4362899308288304e-13,4.619092593900072e-14
255.98,-2.4267354383022056e-13,4.6349927810599633e-14
255.99,-2.417250696265383e-13,4.650313485013029e-14
256.0,-2.407838954506711e-13,4.665067694614378e-14
256.01,-2.3984981575657935e-13,4.67924165516551e-14
256.02,-2.389225964884675e-13,4.692822230338377e-14
256.03,-2.3800300817039e-13,4.705841179830457e-14
256.04,-2.37090333247233e-13,4.718270806719705e-14
256.05,-2.3618525770222095e-13,4.730130302031522e-14
256.06,-2.352874755155798e-13,4.741408337854805e-14
256.07,-2.343974549566069e-13,4.75210910784024e-14
256.08,-2.3351515027550883e-13,4.7622315350871475e-14
256.09,-2.326406461293548e-13,4.771778855369668e-14
256.1,-2.317739153431274e-13,4.780758209171782e-14
256.11,-2.3091489934389353e-13,4.789157347028147e-14
256.12,-2.3006338116368227e-13,4.796979176242865e-14
256.13,-2.2922069858760875e-13,4.804237071474925e-14
256.14,-2.283859010133955e-13,4.810899822709348e-14
256.15,-2.27558770235122e-13,4.817005958017616e-14
256.16,-2.267405500579966e-13,4.822546308309112e-14
256.17,-2.259301821612883e-13,4.827511386784552e-14
256.18,-2.2512785765835867e-13,4.831924429723225e-14
256.19,-2.2433495131521495e-13,4.8357543773408877e-14
256.2,-2.2354988285913789e-13,4.839017741812042e-14
256.21,-2.2277306333304284e-13,4.841721926761088e-14
256.22,-2.2200550415590692e-13,4.8438498590844384e-14
256.23,-2.2124667148649114e-13,4.845436345000896e-14
256.24,-2.204975256663173e-13,4.8464763772632853e-14
256.25,-2.1975420642546678e-13,4.8468935224074107e-14
256.26,-2.190217734860171e-13,4.846798357731785e-14
256.27,-2.1829825948926853e-13,4.846127309790639e-14
256.28,-2.175837325896985e-13,4.8449398556540995e-14
256.29,-2.168777393413084e-13,4.8431699496049165e-14
256.3,-2.1618140729044793e-13,4.840872820543677e-14
256.31,-2.1549371311945351e-13,4.837996064423046e-14
256.32,-2.1481558177606575e-13,4.8345958833973903e-14
256.33,-2.1414647426658697e-13,4.830642085079208e-14
256.34,-2.1348688933038651e-13,4.8261501152784216e-14
256.35,-2.1283621859406905e-13,4.8211048427319614e-14
256.36,-2.121941037775885e-13,4.81553656990201e-14
256.37,-2.1156358638768647e-13,4.809437137352287e-14
256.38,-2.109415680338943e-13,4.8027791350906136e-14
256.39,-2.1032941499886052e-13,4.79562973308517e-14
256.4,-2.0972595080363945e-13,4.78789645663185e-14
256.41,-2.0913303049446812e-13,4.7796834939635396e-14
256.42,-2.0854948531725077e-13,4.7709484188414875e-14
256.43,-2.0797523669882304e-13,4.761656647279478e-14
256.44,-2.0741101151140383e-13,4.751850573715441e-14
256.45,-2.0685661551651876e-13,4.741497501654497e-14
256.46,-2.0631222003381276e-13,4.730734582272503e-14
256.47,-2.0577743220015955e-13,4.719385583186707e-14
256.48,-2.0525206490412615e-13,4.707514819520823e-14
256.49,-2.047376069558077e-13,4.6952000855208964e-14
256.5,-2.0423281551258983e-13,4.682372429144631e-14
256.51,-2.0373787957261584e-13,4.668998281887395e-14
256.52,-2.0325368422619985e-13,4.6551930881041795e-14
256.53,-2.0277768921806832e-13,4.6408200389700156e-14
256.54,-2.023129325523974e-13,4.625976452763362e-14
256.55,-2.0185865793177268e-13,4.610694068967226e-14
256.56,-2.0141410540450653e-13,4.594894630582591e-14
256.57,-2.009797723745209e-13,4.5786191454173405e-14
256.58,-2.0055551162574513e-13,4.561866377803407e-14
256.59,-2.0014156412667636e-13,4.5446409114038876e-14
256.6,-1.9973796839593245e-13,4.5269421888023816e-14
256.61,-1.9934453645330121e-13,4.5087907274592155e-14
256.62,-1.9896119201996715e-13,4.490153340657579e-14
256.63,-1.985871470429241e-13,4.471024409009619e-14
256.64,-1.982257365306073e-13,4.4515293833161823e-14
256.65,-1.9787274447028058e-13,4.431537536674432e-14
256.66,-1.9753185328413253e-13,4.411100766524153e-14
256.67,-1.972001297806002e-13,4.390219332712565e-14
256.68,-1.9687872163547745e-13,4.368891041027853e-14
256.69,-1.965677966576003e-13,4.347112190979317e-14
256.7,-1.962675505382527e-13,4.3249275571276145e-14
256.71,-1.9597717162415218e-13,4.302280968512055e-14
256.72,-1.9570064011835206e-13,4.279337183680235e-14
256.73,-1.9542852197798831e-13,4.2557715951665645e-14
256.74,-1.9516962893793866e-13,4.231856620452458e-14
256.75,-1.949213315740085e-13,4.207558952651093e-14
256.76,-1.9468332140804704e-13,4.1828347375569834e-14
256.77,-1.944558879436833e-13,4.1577138156974373e-14
256.78,-1.9423881165181634e-13,4.1321817873404456e-14
256.79,-1.9403235170081198e-13,4.1062781247942695e-14
256.8,-1.9383581547263922e-13,4.079938960972056e-14
256.81,-1.9365043928448858e-13,4.053267269615923e-14
256.82,-1.9347484573179904e-13,4.026153612533297e-14
256.83,-1.9330985951484513e-13,3.998681822772355e-14
256.84,-1.9315543633871455e-13,3.970835700804028e-14
256.85,-1.9301130705865228e-13,3.94261549970976e-14
256.86,-1.9287727210689615e-13,3.914026321779835e-14
256.87,-1.9275407711957183e-13,3.885066453667536e-14
256.88,-1.9264144387983717e-13,3.8557785468453667e-14
256.89,-1.9253855676774494e-13,3.8260967063667905e-14
256.9,-1.9244657404796817e-13,3.796111523528694e-14
256.91,-1.9236497174320335e-13,3.765740851026794e-14
256.92,-1.9229344138326923e-13,3.735048020772398e-14
256.93,-1.9223216147200137e-13,3.704012842721149e-14
256.94,-1.921815430129252e-13,3.672648809601972e-14
256.95,-1.921408570905234e-13,3.6409584202174913e-14
256.96,-1.921103873031853e-13,3.608933157429031e-14
256.97,-1.9209067282548195e-13,3.576619333922366e-14
256.98,-1.920806883928311e-13,3.5439588688721757e-14
256.99,-1.9208122223044129e-13,3.511033595424701e-14
257.0,-1.9209175670800565e-13,3.47776999563104e-14
257.01,-1.92112205081197e-13,3.444202162457308e-14
257.02,-1.9214300120419955e-13,3.410346505542551e-14
257.03,-1.921842761859325e-13,3.37622927658915e-14
257.04,-1.922358475616534e-13,3.341836111868076e-14
257.05,-1.9229669685700088e-13,3.3071107029729215e-14
257.06,-1.9236810761750897e-13,3.272154555941973e-14
257.07,-1.9244917311472758e-13,3.236893694401764e-14
257.08,-1.9254056116129774e-13,3.201432485543446e-14
257.09,-1.9264188195648386e-13,3.165649647462571e-14
257.1,-1.9275263799101138e-13,3.129618380524003e-14
257.11,-1.9287387120977125e-13,3.093359795381958e-14
257.12,-1.930044255113561e-13,3.056838000695734e-14
257.13,-1.9314527022050426e-13,3.020088988387438e-14
257.14,-1.9329540410013496e-13,2.983102367495579e-14
257.15,-1.934553969690784e-13,2.945894931708531e-14
257.16,-1.9362501915814046e-13,2.9084261760433145e-14
257.17,-1.938047626647627e-13,2.8708405229154306e-14
257.18,-1.9399380478399505e-13,2.832925548474107e-14
257.19,-1.9419215571136372e-13,2.794826823696584e-14
257.2,-1.9440015751465313e-13,2.7565458243003534e-14
257.21,-1.946179538679266e-13,2.7180577400177643e-14
257.22,-1.9484503515569273e-13,2.6793816556002715e-14
257.23,-1.9508151413172688e-13,2.6405096767128075e-14
257.24,-1.9532744479125553e-13,2.6014669229442195e-14
257.25,-1.9558052829505502e-13,2.5621363260012397e-14
257.26,-1.958475703548523e-13,2.5229148793766164e-14
257.27,-1.9612004720886649e-13,2.483264985490924e-14
257.28,-1.9640329530799343e-13,2.443523707951379e-14
257.29,-1.9669474517577234e-13,2.4036109087352144e-14
257.3,-1.9699539455910665e-13,2.3635420409819853e-14
257.31,-1.973049804785466e-13,2.3233573037233177e-14
257.32,-1.976242525905177e-13,2.2830321579221783e-14
257.33,-1.9795196139431542e-13,2.242559097113071e-14
257.34,-1.982887227002154e-13,2.2019796389933064e-14
257.35,-1.9863584951366695e-13,2.161281394602694e-14
257.36,-1.9898804033807165e-13,2.1203623425186146e-14
257.37,-1.9935065178358649e-13,2.07937699842363e-14
257.38,-1.9972183816298532e-13,2.0382914585845857e-14
257.39,-2.0010178004115161e-13,1.9970968209534872e-14
257.4,-2.0049000104362828e-13,1.955800368470759e-14
257.41,-2.0088685623272778e-13,1.9144058370609812e-14
257.42,-2.0129192560305795e-13,1.8729302042466606e-14
257.43,-2.017052883841632e-13,1.8313668265322352e-14
257.44,-2.021273581153426e-13,1.7896597586460694e-14
257.45,-2.025570656431014e-13,1.7479923984806942e-14
257.46,-2.0299485984620631e-13,1.706177495636918e-14
257.47,-2.0344090716200642e-13,1.6643280765372094e-14
257.48,-2.0389478743492972e-13,1.622396443329829e-14
257.49,-2.043569699100085e-13,1.5804304323985282e-14
257.5,-2.0482627862711132e-13,1.538380075927829e-14
257.51,-2.0530386261959482e-13,1.4963138570706417e-14
257.52,-2.0578910714038192e-13,1.4542005553938452e-14
257.53,-2.0628200298245162e-13,1.4120235521429824e-14
257.54,-2.067827206908573e-13,1.3698785087638776e-14
257.55,-2.0729049483197718e-13,1.3276601138669918e-14
257.56,-2.078057680316681e-13,1.285434355706086e-14
257.57,-2.0832825101923455e-13,1.2431945675451815e-14
257.58,-2.088582868185144e-13,1.2009475693710422e-14
257.59,-2.0939548814862147e-13,1.158690373420425e-14
257.6,-2.0993956488386449e-13,1.1164351040554748e-14
257.61,-2.1049217751367134e-13,1.0742037245730414e-14
257.62,-2.1104939782386484e-13,1.0319210094495875e-14
257.63,-2.116142125756823e-13,9.897115062141523e-15
257.64,-2.1218660700661544e-13,9.475075074521261e-15
257.65,-2.1276533237557803e-13,9.053298698078587e-15
257.66,-2.1335053923108642e-13,8.631749314807098e-15
257.67,-2.1394266065759417e-13,8.210493272721876e-15
257.68,-2.145412567203514e-13,7.789734634512325e-15
257.69,-2.1514615102856324e-13,7.369431674635773e-15
257.7,-2.157575065925331e-13,6.949466939482389e-15
257.71,-2.163751553755443e-13,6.530167711480435e-15
257.72,-2.1699875109372825e-13,6.111547392628056e-15
257.73,-2.1762840946826736e-13,5.6931463872077926e-15
257.74,-2.1826450655396699e-13,5.276005276793907e-15
257.75,-2.1890609145835436e-13,4.859183984553743e-15
257.76,-2.195536585528114e-13,4.443242108640978e-15
257.77,-2.2020711824299378e-13,4.028094622848927e-15
257.78,-2.2086584581253714e-13,3.61387795487425e-15
257.79,-2.2153146377710618e-13,3.2006469899535174e-15
257.8,-2.2220114233988572e-13,2.7881040369113265e-15
257.81,-2.2287644415307402e-13,2.3768439851339153e-15
257.82,-2.2355750266237474e-13,1.9663620196344425e-15
257.83,-2.2424374163191307e-13,1.557200951980539e-15
257.84,-2.2493511039606395e-13,1.1490477625701286e-15
257.85,-2.2563189099115127e-13,7.422254777508331e-16
257.86,-2.263329971669914e-13,3.3641642396239237e-16
257.87,-2.270391663247486e-13,-6.797508591380322e-17
257.88,-2.2775043215542427e-13,-4.709945346122532e-16
257.89,-2.2846630995324426e-13,-8.728743894442597e-16
257.9,-2.2918661776984376e-13,-1.2731986189794752e-15
257.91,-2.299117155497965e-13,-1.6721096594099673e-15
257.92,-2.306410561610187e-13,-2.0695473448475143e-15
257.93,-2.313749156717358e-13,-2.465430324217256e-15
257.94,-2.3211284651209393e-13,-2.859763937592335e-15
257.95,-2.328552309595332e-13,-3.2524459571995763e-15
257.96,-2.336013109153915e-13,-3.6434852384452116e-15
257.97,-2.343518209275635e-13,-4.032923185184895e-15
257.98,-2.3510622773760587e-13,-4.42045249641681e-15
257.99,-2.358641264345774e-13,-4.806234006223068e-15
258.0,-2.3662588631750974e-13,-5.1902898543225265e-15
258.01,-2.373913730124041e-13,-5.5725177337498666e-15
258.02,-2.38160028797313e-13,-5.952684536185239e-15
258.03,-2.389325646317692e-13,-6.331026145264951e-15
258.04,-2.397083615259669e-13,-6.7073975944893346e-15
258.05,-2.404870188240163e-13,-7.081663244294816e-15
258.06,-2.4126909025855896e-13,-7.454130431390876e-15
258.07,-2.4205459259428337e-13,-7.824192212988205e-15
258.08,-2.4284237692358626e-13,-8.192333820170866e-15
258.09,-2.436335226858666e-13,-8.558154951403083e-15
258.1,-2.4442714419800046e-13,-8.921934681008027e-15
258.11,-2.4522382388596364e-13,-9.28332319380153e-15
258.12,-2.4602268558968235e-13,-9.642587724363032e-15
258.13,-2.4682442788583493e-13,-9.999408293057596e-15
258.14,-2.4762795730615693e-13,-1.0353941615366037e-14
258.15,-2.484345736815911e-13,-1.0706219460260408e-14
258.16,-2.492430933370484e-13,-1.1055796977026086e-14
258.17,-2.5005321110070905e-13,-1.140324125549396e-14
258.18,-2.508662757331127e-13,-1.1748089060884708e-14
258.19,-2.5168053174562007e-13,-1.2090369311017277e-14
258.2,-2.5249681131199377e-13,-1.2430095814132915e-14
258.21,-2.5331460354123607e-13,-1.2767311492306379e-14
258.22,-2.541346940603135e-13,-1.3101852765941473e-14
258.23,-2.5495521811549e-13,-1.3433874410719592e-14
258.24,-2.5577830033856337e-13,-1.3763018940937732e-14
258.25,-2.566023060424334e-13,-1.408958752136137e-14
258.26,-2.5742779408641566e-13,-1.4413244419120005e-14
258.27,-2.582538853818214e-13,-1.4734453782129183e-14
258.28,-2.590815235153239e-13,-1.5052660402972378e-14
258.29,-2.5990992752884316e-13,-1.5368153933324438e-14
258.3,-2.60738997619641e-13,-1.568069834475999e-14
258.31,-2.6156946190933125e-13,-1.599027006430001e-14
258.32,-2.623995136156743e-13,-1.6297223967914208e-14
258.33,-2.632313703373101e-13,-1.6600944396829802e-14
258.34,-2.6406337271155946e-13,-1.6901764473395423e-14
258.35,-2.6489537703587427e-13,-1.7199672219637065e-14
258.36,-2.657277630879527e-13,-1.7494591441410647e-14
258.37,-2.6656066108992136e-13,-1.7786363336150786e-14
258.38,-2.673935050216431e-13,-1.8075141359165326e-14
258.39,-2.6822630514569187e-13,-1.8360765398005723e-14
258.4,-2.690590472811266e-13,-1.8643389405516314e-14
258.41,-2.6989081417896857e-13,-1.8922798998702154e-14
258.42,-2.707239967060395e-13,-1.9198904836566386e-14
258.43,-2.7155592350428047e-13,-1.9471972242004962e-14
258.44,-2.7238737862645064e-13,-1.974176820802341e-14
258.45,-2.732185324647e-13,-2.0008294737350332e-14
258.46,-2.740487553894047e-13,-2.0271695989420788e-14
258.47,-2.7487852852435243e-13,-2.0531770821950003e-14
258.48,-2.757071037423942e-13,-2.078843608339035e-14
258.49,-2.765348024812986e-13,-2.1041933393347495e-14
258.5,-2.7735971804169896e-13,-2.1292769399873082e-14
258.51,-2.781878871572804e-13,-2.153862159997207e-14
258.52,-2.7901212267626953e-13,-2.1782088211843222e-14
258.53,-2.7983528310767383e-13,-2.202206415688349e-14
258.54,-2.8065738779379865e-13,-2.2258490974401342e-14
258.55,-2.8147773282723096e-13,-2.249170041494889e-14
258.56,-2.822965749883363e-13,-2.2721346386510198e-14
258.57,-2.8311361061326833e-13,-2.294754009028643e-14
258.58,-2.839291933789647e-13,-2.317012906013694e-14
258.59,-2.8474325709441385e-13,-2.3390254401360987e-14
258.6,-2.855553394030128e-13,-2.360501909507211e-14
258.61,-2.8636430489292843e-13,-2.381734474134641e-14
258.62,-2.8717166556977224e-13,-2.4026017579203465e-14
258.63,-2.879772784831972e-13,-2.4230902154439575e-14
258.64,-2.8878035084327323e-13,-2.443235538208709e-14
258.65,-2.8958117486031617e-13,-2.46302154023744e-14
258.66,-2.903794640381638e-13,-2.482454243118824e-14
258.67,-2.911756437286318e-13,-2.5015209408104512e-14
258.68,-2.919692867122591e-13,-2.5202366168810197e-14
258.69,-2.927580709711678e-13,-2.5386005246625235e-14
258.7,-2.9354686837912784e-13,-2.5565472875430324e-14
258.71,-2.943315585955418e-13,-2.5741747343194773e-14
258.72,-2.9511349254216867e-13,-2.5914114562202687e-14
258.73,-2.9589247435552006e-13,-2.6082811542484403e-14
258.74,-2.9666815029720844e-13,-2.624793418846436e-14
258.75,-2.974404588212978e-13,-2.64093831811035e-14
258.76,-2.9821007744378813e-13,-2.6566988515957214e-14
258.77,-2.989760262610092e-13,-2.6720831216988306e-14
258.78,-2.9973777050177534e-13,-2.6871402254728913e-14
258.79,-3.0049717299906203e-13,-2.701782160781379e-14
258.8,-3.0125222268300766e-13,-2.716076070295185e-14
258.81,-3.0200375095167576e-13,-2.7299825286452618e-14
258.82,-3.0275175382127034e-13,-2.74350294557708e-14
258.83,-3.0349570614667645e-13,-2.7566696076689616e-14
258.84,-3.0423564496691474e-13,-2.7694574485227712e-14
258.85,-3.049718049681585e-13,-2.7818554240327996e-14
258.86,-3.0570394078484115e-13,-2.7938867575875994e-14
258.87,-3.064312033710091e-13,-2.8055676599980286e-14
258.88,-3.071549257764661e-13,-2.8168404768076088e-14
258.89,-3.0787410551518793e-13,-2.827755480692822e-14
258.9,-3.085888529112481e-13,-2.838280866948149e-14
258.91,-3.092992216507217e-13,-2.8484310680409724e-14
258.92,-3.100051715672373e-13,-2.8582114604444696e-14
258.93,-3.1070619135364405e-13,-2.8676193180653383e-14
258.94,-3.114030812189166e-13,-2.8766281542984145e-14
258.95,-3.12094997079536e-13,-2.8852582401988346e-14
258.96,-3.127816616629078e-13,-2.893542415834733e-14
258.97,-3.134640017169977e-13,-2.9014367235555694e-14
258.98,-3.1414124705615985e-13,-2.908945725461928e-14
258.99,-3.148133497397803e-13,-2.91608642658377e-14
259.0,-3.154800006822497e-13,-2.9228678624137285e-14
259.01,-3.1614179142542167e-13,-2.9292477024122e-14
259.02,-3.1679816332969383e-13,-2.935272016686067e-14
259.03,-3.174499288263641e-13,-2.9409033934158344e-14
259.04,-3.180958059579795e-13,-2.9461518493659195e-14
259.05,-3.187360027102806e-13,-2.951057074976855e-14
259.06,-3.19371129401226e-13,-2.955570493327661e-14
259.07,-3.200003337526221e-13,-2.959728058943663e-14
259.08,-3.206240766447699e-13,-2.9635015308554577e-14
259.09,-3.212424094239893e-13,-2.96691765983339e-14
259.1,-3.2185454906381627e-13,-2.9699255410641573e-14
259.11,-3.2246107036986236e-13,-2.9725951343781285e-14
259.12,-3.2306195376720957e-13,-2.974882537540096e-14
259.13,-3.236570696465054e-13,-2.976780297295657e-14
259.14,-3.2424537039580776e-13,-2.978366118413906e-14
259.15,-3.2482812532093317e-13,-2.9795534270907e-14
259.16,-3.254044668630098e-13,-2.980388766140681e-14
259.17,-3.2597512225780035e-13,-2.980851404558459e-14
259.18,-3.2653907772887764e-13,-2.9809514415284414e-14
259.19,-3.2709716812608996e-13,-2.980684437671538e-14
259.2,-3.27648580425738e-13,-2.980064029043795e-14
259.21,-3.281942363291268e-13,-2.9790625920047584e-14
259.22,-3.287350932129168e-13,-2.9776575044794556e-14
259.23,-3.292653878245862e-13,-2.9760059211229125e-14
259.24,-3.2979099538102646e-13,-2.973968023505993e-14
259.25,-3.3030985254970043e-13,-2.9715624913455405e-14
259.26,-3.3082227891868485e-13,-2.968802999890408e-14
259.27,-3.3132936504381575e-13,-2.965691820582394e-14
259.28,-3.318276252970816e-13,-2.9622001404822215e-14
259.29,-3.3232005080198035e-13,-2.9583847774134665e-14
259.3,-3.3280591930239397e-13,-2.9542022790116395e-14
259.31,-3.332836136691757e-13,-2.9497440679622035e-14
259.32,-3.3375615377260374e-13,-2.9448364252076976e-14
259.33,-3.3422117282294977e-13,-2.9396415321502005e-14
259.34,-3.3467856015283293e-13,-2.934118994087497e-14
259.35,-3.35129481736513e-13,-2.9282210304431674e-14
259.36,-3.355730407895727e-13,-2.9220059635509276e-14
259.37,-3.3600965350231003e-13,-2.915448547785018e-14
259.38,-3.3643895507605055e-13,-2.908559321833292e-14
259.39,-3.368616131600052e-13,-2.901326247488869e-14
259.4,-3.372756661204379e-13,-2.893807988532812e-14
259.41,-3.3768363572415345e-13,-2.8859066725276476e-14
259.42,-3.3808408248034936e-13,-2.877692747628232e-14
259.43,-3.3847668808973766e-13,-2.869191051463856e-14
259.44,-3.3886281651455903e-13,-2.860298918072503e-14
259.45,-3.392408728413464e-13,-2.851129357512032e-14
259.46,-3.396120585542472e-13,-2.841630868960632e-14
259.47,-3.399748595317335e-13,-2.8318292598305543e-14
259.48,-3.4033090237241684e-13,-2.8216826146992374e-14
259.49,-3.4067903828769664e-13,-2.8112433099521625e-14
259.5,-3.410191294796276e-13,-2.8005058454839596e-14
259.51,-3.4135232875839456e-13,-2.7894479202715922e-14
259.52,-3.416775184078645e-13,-2.7780876007416624e-14
259.53,-3.4199532407173314e-13,-2.7664278382214656e-14
259.54,-3.4230520348502843e-13,-2.754449840915449e-14
259.55,-3.426075570649164e-13,-2.7421799513082794e-14
259.56,-3.4290193380982283e-13,-2.7296327920731958e-14
259.57,-3.4318891018142875e-13,-2.7167553372640866e-14
259.58,-3.434675668915193e-13,-2.7036283406495504e-14
259.59,-3.437387811761851e-13,-2.690194366425659e-14
259.6,-3.4400264715876976e-13,-2.6764674462157076e-14
259.61,-3.442578051427927e-13,-2.6624620794984494e-14
259.62,-3.4450561517978054e-13,-2.648171936486515e-14
259.63,-3.447452142965047e-13,-2.633611963242656e-14
259.64,-3.4497723918799586e-13,-2.618760046369355e-14
259.65,-3.452011211710618e-13,-2.6036521004644252e-14
259.66,-3.4541728469173536e-13,-2.588247271769879e-14
259.67,-3.4562527821827346e-13,-2.572577253723916e-14
259.68,-3.4582463921650815e-13,-2.556691462526053e-14
259.69,-3.460175380604419e-13,-2.5404954779861784e-14
259.7,-3.4620119539713527e-13,-2.524072787876137e-14
259.71,-3.4637773772078946e-13,-2.5073541630173592e-14
259.72,-3.465454974336597e-13,-2.4904095979744546e-14
259.73,-3.467057015004887e-13,-2.4731980529459287e-14
259.74,-3.4685787187093113e-13,-2.4557397140942294e-14
259.75,-3.4700260192054483e-13,-2.438022908023676e-14
259.76,-3.4713834454884536e-13,-2.4200646152776667e-14
259.77,-3.472657756814315e-13,-2.4019114374181813e-14
259.78,-3.473858688507922e-13,-2.3834709455301572e-14
259.79,-3.474976245246365e-13,-2.364814442509057e-14
259.8,-3.4760133713892175e-13,-2.345923723936926e-14
259.81,-3.4769701365067646e-13,-2.3268091866235918e-14
259.82,-3.47784559033788e-13,-2.3074559257409412e-14
259.83,-3.4786415973783333e-13,-2.2879040991067086e-14
259.84,-3.479359882463799e-13,-2.268099777187436e-14
259.85,-3.4799869017136417e-13,-2.2481156981721388e-14
259.86,-3.4805415632717376e-13,-2.2279105044805975e-14
259.87,-3.4810171515724495e-13,-2.2074668732970425e-14
259.88,-3.4814089019688347e-13,-2.1868409392985088e-14
259.89,-3.481722192514943e-13,-2.165998334593532e-14
259.9,-3.4819539298544993e-13,-2.1449682925370764e-14
259.91,-3.4821038487520295e-13,-2.123728830138918e-14
259.92,-3.482175712323808e-13,-2.1023015843791592e-14
259.93,-3.4821697324084197e-13,-2.080663072294171e-14
259.94,-3.482078215444673e-13,-2.058868681656381e-14
259.95,-3.4819027712431923e-13,-2.0368881742603098e-14
259.96,-3.4816565310229336e-13,-2.0146940470429445e-14
259.97,-3.481324296113024e-13,-1.99235215597627e-14
259.98,-3.480916838510386e-13,-1.9698173596624166e-14
259.99,-3.480422205009994e-13,-1.9471300864575492e-14
260.0,-3.479857949127268e-13,-1.9242389837017397e-14
260.01,-3.479210761705461e-13,-1.9012088036374943e-14
260.02,-3.478482309785927e-13,-1.8779967088154694e-14
260.03,-3.477670848565674e-13,-1.8546757520995767e-14
260.04,-3.476786833169508e-13,-1.831157791334267e-14
260.05,-3.475826127479722e-13,-1.8074779301020433e-14
260.06,-3.4747817660538607e-13,-1.7836592329873116e-14
260.07,-3.4736633031669224e-13,-1.7596973267483278e-14
260.08,-3.4724615415811936e-13,-1.7356116326455773e-14
260.09,-3.4711864785857784e-13,-1.7113471578307684e-14
260.1,-3.469830106143259e-13,-1.686994595588136e-14
260.11,-3.4684012909590914e-13,-1.6624627345360716e-14
260.12,-3.466894659436343e-13,-1.6378181402113896e-14
260.13,-3.4653006547441983e-13,-1.6130936627400107e-14
260.14,-3.463640930100081e-13,-1.588191132511391e-14
260.15,-3.4618987342814104e-13,-1.5632057642163174e-14
260.16,-3.4600854126707257e-13,-1.5380694676344953e-14
260.17,-3.4581924667568664e-13,-1.5128493943218134e-14
260.18,-3.456224812511735e-13,-1.4875122404049674e-14
260.19,-3.454181392800406e-13,-1.4620703668673887e-14
260.2,-3.452066830644827e-13,-1.4365038044299655e-14
260.21,-3.449874408514103e-13,-1.410854824667267e-14
260.22,-3.447603306537584e-13,-1.3851505976395077e-14
260.23,-3.4452524061175665e-13,-1.3593144251786026e-14
260.24,-3.4428474715410226e-13,-1.3334007778709631e-14
260.25,-3.440357664138576e-13,-1.3073922046006364e-14
260.26,-3.437795347384454e-13,-1.2813119784313625e-14
260.27,-3.4351586518814137e-13,-1.2551588273943546e-14
260.28,-3.432451801366984e-13,-1.2289213938562563e-14
260.29,-3.429677132179155e-13,-1.2025924934456496e-14
260.3,-3.4268197092682023e-13,-1.1762507012651115e-14
260.31,-3.42389509130863e-13,-1.1498139600397386e-14
260.32,-3.4209040023565867e-13,-1.1233052351933756e-14
260.33,-3.4178347580979934e-13,-1.0967914842527863e-14
260.34,-3.414706325551753e-13,-1.0701405247686418e-14
260.35,-3.411497859020087e-13,-1.0434889492209694e-14
260.36,-3.4082193038694705e-13,-1.0168110663995765e-14
260.37,-3.40488705437391e-13,-9.900281524934693e-15
260.38,-3.401474409578039e-13,-9.632300109047881e-15
260.39,-3.39799407609487e-13,-9.363886622347811e-15
260.4,-3.394442477233886e-13,-9.095695127784253e-15
260.41,-3.39082810512525e-13,-8.82668521659764e-15
260.42,-3.387148342424192e-13,-8.557521708362606e-15
260.43,-3.3834006011914295e-13,-8.288126359333323e-15
260.44,-3.3795877637127836e-13,-8.018451610493915e-15
260.45,-3.375708717310938e-13,-7.74874616785915e-15
260.46,-3.3717637346661885e-13,-7.478900954687581e-15
260.47,-3.367764558402402e-13,-7.208627239845362e-15
260.48,-3.3636894803266406e-13,-6.938517137382264e-15
260.49,-3.359547522267719e-13,-6.668795721003642e-15
260.5,-3.3553497590941125e-13,-6.398547107043191e-15
260.51,-3.351086957887804e-13,-6.128515845939504e-15
260.52,-3.3467448191807056e-13,-5.858806891715774e-15
260.53,-3.342382828338446e-13,-5.588554523227035e-15
260.54,-3.3379345113040507e-13,-5.3188197168440996e-15
260.55,-3.33342704129876e-13,-5.049337420006414e-15
260.56,-3.328865458126475e-13,-4.77973051769689e-15
260.57,-3.3242419042908614e-13,-4.51030387548929e-15
260.58,-3.319553314954395e-13,-4.2418503185084416e-15
260.59,-3.31481069846942e-13,-3.973108441610059e-15
260.6,-3.3100085328401976e-13,-3.704869482602633e-15
260.61,-3.3051503069643447e-13,-3.437002154232978e-15
260.62,-3.3002337330741193e-13,-3.16944289249452e-15
260.63,-3.2952668771452575e-13,-2.9022188587824364e-15
260.64,-3.2902421180765145e-13,-2.6356317765637675e-15
260.65,-3.285163608647822e-13,-2.369300559492107e-15
260.66,-3.2800389949024156e-13,-2.1038577860287916e-15
260.67,-3.2748368204869073e-13,-1.8385590707251815e-15
260.68,-3.269598713049957e-13,-1.5739421353937995e-15
260.69,-3.264305102178034e-13,-1.3100370305781404e-15
260.7,-3.258949586259436e-13,-1.046901587617992e-15
260.71,-3.2535642761654923e-13,-7.8401550501360705e-16
260.72,-3.248113928923781e-13,-5.221062060255923e-16
260.73,-3.2426150266838846e-13,-2.6097353407029413e-16
260.74,-3.2370710916646293e-13,-3.3151842650478143e-19
260.75,-3.231475063630715e-13,2.592909489646725e-16
260.76,-3.2258241763694893e-13,5.179868466390281e-16
260.77,-3.220134513852069e-13,7.761244252952498e-16
260.78,-3.21439745181056e-13,1.0332801498914522e-15
260.79,-3.2086136438276737e-13,1.2894644748807325e-15
260.8,-3.202783563461368e-13,1.5448851199798267e-15
260.81,-3.196907158840058e-13,1.7991600203982787e-15
260.82,-3.1909861305656424e-13,2.0524328087580836e-15
260.83,-3.1850241647312315e-13,2.304820378678917e-15
260.84,-3.179020975316346e-13,2.556239077848065e-15
260.85,-3.1729702070397314e-13,2.806384568646764e-15
260.86,-3.1668769416750883e-13,3.0555431578541407e-15
260.87,-3.1607473162048315e-13,3.3035028024934616e-15
260.88,-3.1545695442747626e-13,3.550139803950997e-15
260.89,-3.1483622329261464e-13,3.795886057352183e-15
260.9,-3.1421114576222e-13,4.04030878292123e-15
260.91,-3.135824686755874e-13,4.283576916115981e-15
260.92,-3.1294963547507437e-13,4.52550382633984e-15
260.93,-3.1231342558615906e-13,4.76617917587014e-15
260.94,-3.116738271548296e-13,5.005582350758569e-15
260.95,-3.110299509010264e-13,5.243544327655714e-15
260.96,-3.1038285175263165e-13,5.480110318306898e-15
260.97,-3.097329057337062e-13,5.715532405128282e-15
260.98,-3.0907812788835774e-13,5.949142333774498e-15
260.99,-3.0842159604726325e-13,6.181599733814211e-15
261.0,-3.0776219269270894e-13,6.412714628449923e-15
261.01,-3.0709778821415374e-13,6.64199328074495e-15
261.02,-3.0643181711939116e-13,6.869911844397516e-15
261.03,-3.0576206810398016e-13,7.096359545118865e-15
261.04,-3.0508984707718223e-13,7.321263026088989e-15
261.05,-3.044146780734251e-13,7.544537076688154e-15
261.06,-3.0373757671290035e-13,7.766358992803203e-15
261.07,-3.0305578903090797e-13,7.986135445900504e-15
261.08,-3.0237256174239103e-13,8.204499243637515e-15
261.09,-3.016868266483336e-13,8.421270286848506e-15
261.1,-3.0099773735523394e-13,8.63619354751753e-15
261.11,-3.003080154160135e-13,8.849429749652653e-15
261.12,-2.9961449083569997e-13,9.061168767001114e-15
261.13,-2.989192539161725e-13,9.27103827527033e-15
261.14,-2.982216506293067e-13,9.479110531575131e-15
261.15,-2.9752185894977655e-13,9.685369251047175e-15
261.16,-2.9682013982066326e-13,9.889796179356931e-15
261.17,-2.961162950802133e-13,1.0092336861083631e-14
261.18,-2.954108416488105e-13,1.0293110070679337e-14
261.19,-2.947037778525512e-13,1.0491564954097683e-14
261.2,-2.939937210037524e-13,1.0687888958237213e-14
261.21,-2.932829454018411e-13,1.0884025598967395e-14
261.22,-2.9257027286696534e-13,1.1077016464426577e-14
261.23,-2.918561882685378e-13,1.126822908904497e-14
261.24,-2.911424780643844e-13,1.1457903046695684e-14
261.25,-2.904238231645367e-13,1.164471444153144e-14
261.26,-2.8970560030201833e-13,1.1829943513893784e-14
261.27,-2.889862876468539e-13,1.2013134987488443e-14
261.28,-2.8826571945892826e-13,1.2194199759326282e-14
261.29,-2.875418964425103e-13,1.2372072770766872e-14
261.3,-2.868210696611655e-13,1.2550390962894088e-14
261.31,-2.860973779541568e-13,1.2725560657159628e-14
261.32,-2.853726431418498e-13,1.2898217678272397e-14
261.33,-2.8464728108432886e-13,1.3069006529337952e-14
261.34,-2.8392125419711204e-13,1.3237678046891352e-14
261.35,-2.831941310061576e-13,1.3404015475314481e-14
261.36,-2.8246721853886903e-13,1.3568452543840508e-14
261.37,-2.8173915681618714e-13,1.3730454559461002e-14
261.38,-2.8100977872271893e-13,1.389046803674922e-14
261.39,-2.80281908739182e-13,1.4048109056944687e-14
261.4,-2.795533768475118e-13,1.4203887876772695e-14
261.41,-2.7882398421945944e-13,1.4357210849517902e-14
261.42,-2.780947795089687e-13,1.4508196355151654e-14
261.43,-2.7736572602052294e-13,1.4657147386651082e-14
261.44,-2.7663591921294436e-13,1.480354160749624e-14
261.45,-2.759066993543915e-13,1.4947820476912764e-14
261.46,-2.7517766901326327e-13,1.508990404226825e-14
261.47,-2.744481296834657e-13,1.5229564668116758e-14
261.48,-2.737200265917185e-13,1.5366994100230534e-14
261.49,-2.7299183506957663e-13,1.550219442793877e-14
261.5,-2.7226425180797935e-13,1.5634970095675108e-14
261.51,-2.7153665155047065e-13,1.5765330761988532e-14
261.52,-2.708098692911242e-13,1.5893386716013225e-14
261.53,-2.7008440629404314e-13,1.6019308596192537e-14
261.54,-2.6935833287163314e-13,1.6142432042938626e-14
261.55,-2.6863381260147055e-13,1.6263313717134085e-14
261.56,-2.679098497301387e-13,1.6382134719935335e-14
261.57,-2.6718737658645017e-13,1.6498360455673758e-14
261.58,-2.664655250242533e-13,1.6612164892276704e-14
261.59,-2.6574509187742147e-13,1.6723716815371813e-14
261.6,-2.65025268837191e-13,1.68326482056685e-14
261.61,-2.6430692990018594e-13,1.693926446533282e-14
261.62,-2.635896881956346e-13,1.7043362063070114e-14
261.63,-2.628746790601149e-13,1.7145385161793613e-14
261.64,-2.621604615233719e-13,1.7244641331195607e-14
261.65,-2.6144693982160367e-13,1.7341403752138195e-14
261.66,-2.6073623456834196e-13,1.7435979570505416e-14
261.67,-2.6002664502123123e-13,1.752801936415962e-14
261.68,-2.593185227754484e-13,1.7617575681833943e-14
261.69,-2.586126206684774e-13,1.77046461224004e-14
261.7,-2.5790823479804487e-13,1.7789263207138234e-14
261.71,-2.572057025942153e-13,1.787146711910321e-14
261.72,-2.565058284491714e-13,1.795140053164307e-14
261.73,-2.5580704307491243e-13,1.8028467291723336e-14
261.74,-2.551105000580044e-13,1.8103297285179218e-14
261.75,-2.544162305273352e-13,1.8175399392189996e-14
261.76,-2.537244393223662e-13,1.824541328584185e-14
261.77,-2.530346731903737e-13,1.8312621168384305e-14
261.78,-2.523477016866282e-13,1.8377667508293724e-14
261.79,-2.5166257683510517e-13,1.8440120708842303e-14
261.8,-2.509800297227181e-13,1.849992666952261e-14
261.81,-2.5030071814475685e-13,1.855755267732213e-14
261.82,-2.496232614812078e-13,1.86126245069266e-14
261.83,-2.4894819259353186e-13,1.8664881452213215e-14
261.84,-2.4827682893476167e-13,1.8715012473491027e-14
261.85,-2.4760742429178216e-13,1.876245785714625e-14
261.86,-2.469415268755603e-13,1.880764747137243e-14
261.87,-2.4627809984350504e-13,1.8850192495612097e-14
261.88,-2.456179583106703e-13,1.889037759526419e-14
261.89,-2.449603973018595e-13,1.8927907649049594e-14
261.9,-2.443066790158551e-13,1.8963264033240577e-14
261.91,-2.43655435478274e-13,1.899596161023424e-14
261.92,-2.4300730713212784e-13,1.9026064295375408e-14
261.93,-2.4236306610501754e-13,1.9054008523927422e-14
261.94,-2.4172180813188657e-13,1.9079355196995142e-14
261.95,-2.410840648518479e-13,1.9102302231956993e-14
261.96,-2.404495825162497e-13,1.912270148481068e-14
261.97,-2.398188631464946e-13,1.914079868877547e-14
261.98,-2.391914585627721e-13,1.915650544615332e-14
261.99,-2.385680219287205e-13,1.916960043329474e-14
262.0,-2.3794771816556883e-13,1.9180302484413635e-14
262.01,-2.3733110345858026e-13,1.918840588908487e-14
262.02,-2.367189127682029e-13,1.9194462991849504e-14
262.03,-2.361100439506335e-13,1.9197934818666594e-14
262.04,-2.35505256411733e-13,1.9198999922534026e-14
262.05,-2.3490458544944906e-13,1.9197719382793268e-14
262.06,-2.3430722873522786e-13,1.919398866675552e-14
262.07,-2.337144124616761e-13,1.9187912658029194e-14
262.08,-2.3312640806384076e-13,1.9179777536049e-14
262.09,-2.325416735628744e-13,1.9168926198888236e-14
262.1,-2.3196053977690507e-13,1.9155485027787136e-14
262.11,-2.3138458443871536e-13,1.914009572841024e-14
262.12,-2.30812820403774e-13,1.912236073217015e-14
262.13,-2.3024505580790607e-13,1.9102099240370515e-14
262.14,-2.296817889511743e-13,1.9079575998167302e-14
262.15,-2.29123041333486e-13,1.9054797743904977e-14
262.16,-2.285687064088838e-13,1.9027626612568205e-14
262.17,-2.2801957537951397e-13,1.899846335257882e-14
262.18,-2.274738423050257e-13,1.8966716551228105e-14
262.19,-2.2693317033366907e-13,1.8932727597248282e-14
262.2,-2.2639735771595843e-13,1.889651222371879e-14
262.21,-2.2586598848479937e-13,1.8857945620829278e-14
262.22,-2.2533958303890696e-13,1.881733475196701e-14
262.23,-2.248178649041193e-13,1.877445433164936e-14
262.24,-2.243011287284357e-13,1.8729230064080906e-14
262.25,-2.2378898185975113e-13,1.8681905079396228e-14
262.26,-2.2328269303585366e-13,1.863272354245795e-14
262.27,-2.2278000304434978e-13,1.858091686183785e-14
262.28,-2.2228279490750672e-13,1.8526920450771754e-14
262.29,-2.2179077552788817e-13,1.847090406427909e-14
262.3,-2.2130370109887717e-13,1.841272535405726e-14
262.31,-2.208217923508808e-13,1.83525296824034e-14
262.32,-2.2034511719114845e-13,1.8290099965515196e-14
262.33,-2.1987376457743743e-13,1.8225770179552908e-14
262.34,-2.1940693447264636e-13,1.815909992005871e-14
262.35,-2.1894715152853292e-13,1.80909585144902e-14
262.36,-2.1849010508529683e-13,1.8019852174231707e-14
262.37,-2.180394576820385e-13,1.7946984298098702e-14
262.38,-2.1759466382650152e-13,1.7872421499598795e-14
262.39,-2.171549876362188e-13,1.7795651228592006e-14
262.4,-2.1672046663620674e-13,1.771688233484607e-14
262.41,-2.1629177753352966e-13,1.7636243217890844e-14
262.42,-2.158686119788846e-13,1.7553585687117847e-14
262.43,-2.154503729091063e-13,1.7468835728144353e-14
262.44,-2.150371816369461e-13,1.738320035699592e-14
262.45,-2.1463077105307722e-13,1.7293590877700327e-14
262.46,-2.1423000545571692e-13,1.72034062960107e-14
262.47,-2.138346245510833e-13,1.711119631578716e-14
262.48,-2.1344499349533735e-13,1.7017093616305568e-14
262.49,-2.1306113348355159e-13,1.6920934034169912e-14
262.5,-2.1268212349667946e-13,1.682329485755196e-14
262.51,-2.1230941489340868e-13,1.672391118903792e-14
262.52,-2.1194245596538412e-13,1.6622199656633698e-14
262.53,-2.1158021451060557e-13,1.6518845285498e-14
262.54,-2.1122426278011024e-13,1.6414228160757747e-14
262.55,-2.1087624425891576e-13,1.6307650785059204e-14
262.56,-2.1053279522879637e-13,1.6199418196167856e-14
262.57,-2.1019499951704923e-13,1.6089323100955777e-14
262.58,-2.0986280834198014e-13,1.5977510792353248e-14
262.59,-2.0953695590506931e-13,1.5864185172038717e-14
262.6,-2.09216839572613e-13,1.574904473153782e-14
262.61,-2.0890245417048268e-13,1.5632233683749437e-14
262.62,-2.0859384641806036e-13,1.5513612649036854e-14
262.63,-2.0829246288319137e-13,1.5394347464164685e-14
262.64,-2.0799618385502214e-13,1.5272715783305432e-14
262.65,-2.077061447457886e-13,1.5149698790112617e-14
262.66,-2.0742189507693813e-13,1.502518522806186e-14
262.67,-2.0714408007734195e-13,1.4899089726973765e-14
262.68,-2.0687178126062145e-13,1.4771659908863225e-14
262.69,-2.0660590428078515e-13,1.4642687567256498e-14
262.7,-2.06346088404934e-13,1.4512201519430456e-14
262.71,-2.0609220664023734e-13,1.4380212050004584e-14
262.72,-2.0584435000911193e-13,1.424700602696987e-14
262.73,-2.056033175747386e-13,1.4112360371287316e-14
262.74,-2.0536785680370587e-13,1.3976533632090122e-14
262.75,-2.0513832803093076e-13,1.3839248039150427e-14
262.76,-2.0491542142908874e-13,1.370036121329531e-14
262.77,-2.0469849912289855e-13,1.3560561354131832e-14
262.78,-2.044878148370497e-13,1.3419315594539079e-14
262.79,-2.0428299325676514e-13,1.3276610458258893e-14
262.8,-2.040845725201964e-13,1.3132837213520754e-14
262.81,-2.0389195610186628e-13,1.2987763576932456e-14
262.82,-2.037060734687021e-13,1.2841707837746014e-14
262.83,-2.0352651147721174e-13,1.2694572631471855e-14
262.84,-2.033526118907665e-13,1.2545963360467063e-14
262.85,-2.031855141008881e-13,1.2396481208335663e-14
262.86,-2.0302387798707119e-13,1.2245626699444618e-14
262.87,-2.0286902577466503e-13,1.2094081384629535e-14
262.88,-2.0271976144399973e-13,1.1941034702446227e-14
262.89,-2.0257735624883988e-13,1.1787201492518104e-14
262.9,-2.024406248622476e-13,1.1632098820652405e-14
262.91,-2.0231011393091796e-13,1.1476344515877347e-14
262.92,-2.0218631061418248e-13,1.1319540444273012e-14
262.93,-2.0206841471923065e-13,1.1161752263563589e-14
262.94,-2.0195642659606785e-13,1.1002933174670564e-14
262.95,-2.0185111868584194e-13,1.0843356034969904e-14
262.96,-2.0175162356159512e-13,1.0682831958965284e-14
262.97,-2.016580710438566e-13,1.0521490979281238e-14
262.98,-2.0157171875081542e-13,1.035919645446277e-14
262.99,-2.0149059591133845e-13,1.0196131774604897e-14
263.0,-2.0141586534858862e-13,1.0032281594317854e-14
263.01,-2.0134733663121294e-13,9.86792235115722e-15
263.02,-2.0128487081183296e-13,9.702552581400836e-15
263.03,-2.012285349168187e-13,9.536481437459152e-15
263.04,-2.0117840323459105e-13,9.369749082092778e-15
263.05,-2.0113429642806125e-13,9.202422668103065e-15
263.06,-2.0109596094027867e-13,9.034255142412199e-15
263.07,-2.0106442926384424e-13,8.865132607404555e-15
263.08,-2.0103891639393854e-13,8.696470119756147e-15
263.09,-2.0101872980631057e-13,8.526479130025097e-15
263.1,-2.0100514779208735e-13,8.356203816112928e-15
263.11,-2.0099727827317382e-13,8.185148041963676e-15
263.12,-2.009957335342934e-13,8.01372343014657e-15
263.13,-2.0099997465040417e-13,7.841733397936526e-15
263.14,-2.0101097478629372e-13,7.669408609521178e-15
263.15,-2.0102685341462904e-13,7.496571597696111e-15
263.16,-2.0105034836012172e-13,7.323773174562456e-15
263.17,-2.010776031227873e-13,7.149813028135624e-15
263.18,-2.0111100902804508e-13,6.9755410528109255e-15
263.19,-2.0115133549810997e-13,6.8012860188185495e-15
263.2,-2.0119694630588772e-13,6.626485371019423e-15
263.21,-2.0124877145577735e-13,6.451537614478447e-15
263.22,-2.0130637409052295e-13,6.276252078331511e-15
263.23,-2.0136958831702593e-13,6.1006318661003375e-15
263.24,-2.014387912191034e-13,5.924921674361423e-15
263.25,-2.0151397383496976e-13,5.749174504974953e-15
263.26,-2.015950015881078e-13,5.572998928753408e-15
263.27,-2.0168046472385823e-13,5.396284711839752e-15
263.28,-2.0177259748816345e-13,5.2200547619691325e-15
263.29,-2.018705572721677e-13,5.04345533555089e-15
263.3,-2.0197392383885467e-13,4.8666968984288026e-15
263.31,-2.0208304053475244e-13,4.690047800109367e-15
263.32,-2.021976084247596e-13,4.5131624255178546e-15
263.33,-2.0231742895870435e-13,4.336161272440683e-15
263.34,-2.024426370551018e-13,4.1592572939291664e-15
263.35,-2.0257476171074485e-13,3.9827112495743916e-15
263.36,-2.0271136460618953e-13,3.805810727408917e-15
263.37,-2.028526662764103e-13,3.628767095229356e-15
263.38,-2.0300062054748995e-13,3.4524106245348623e-15
263.39,-2.0315392852507884e-13,3.276020051846492e-15
263.4,-2.033120924112037e-13,3.0994285197824324e-15
263.41,-2.0347572215383632e-13,2.9233366218236367e-15
263.42,-2.0364488890505603e-13,2.74727378311552e-15
263.43,-2.038188309708585e-13,2.571270907739378e-15
263.44,-2.0399886111276e-13,2.3959726941591844e-15
263.45,-2.0418285971415135e-13,2.220279343494097e-15
263.46,-2.0437288078985192e-13,2.0452675260103662e-15
263.47,-2.0456757260085815e-13,1.8703321582386883e-15
263.48,-2.0476779191755006e-13,1.6957825304509015e-15
263.49,-2.0497303204495527e-13,1.521555721242997e-15
263.5,-2.051821280185843e-13,1.347621879969716e-15
263.51,-2.0539821408358083e-13,1.1741410233540747e-15
263.52,-2.0561794413735609e-13,1.0011085389373532e-15
263.53,-2.0584389125092443e-13,8.286561711022095e-16
263.54,-2.060729430336001e-13,6.559977553732513e-16
263.55,-2.0630774101946066e-13,4.842731746036875e-16
263.56,-2.0654705584281066e-13,3.1287918406891873e-16
263.57,-2.0679138008026573e-13,1.4207371598921363e-16
263.58,-2.0704069949347402e-13,-2.817723761601636e-17
263.59,-2.0729404560210044e-13,-1.9811896465557652e-16
263.6,-2.0755220974712174e-13,-3.6744439084454735e-16
263.61,-2.0781510483132956e-13,-5.358932256851246e-16
263.62,-2.0808311072888662e-13,-7.038122080238687e-16
263.63,-2.0835454386339416e-13,-8.716032181208922e-16
263.64,-2.0863099305566027e-13,-1.0383706893329548e-15
263.65,-2.0891154595968696e-13,-1.2047856649934556e-15
263.66,-2.0919695764943093e-13,-1.3700665671693888e-15
263.67,-2.094865131453866e-13,-1.5349073482106834e-15
263.68,-2.0978051320731385e-13,-1.699057115410647e-15
263.69,-2.100789838191076e-13,-1.86234405045809e-15
263.7,-2.103810779070848e-13,-2.024986556113383e-15
263.71,-2.106880433408417e-13,-2.186517656323426e-15
263.72,-2.109981898719309e-13,-2.347849672617267e-15
263.73,-2.1131294546494263e-13,-2.5080559167942435e-15
263.74,-2.1163171330969156e-13,-2.6674740111423893e-15
263.75,-2.1195450425691848e-13,-2.826044111531065e-15
263.76,-2.1228142451423152e-13,-2.9837125008583805e-15
263.77,-2.126122518418473e-13,-3.140493562061557e-15
263.78,-2.129465331336006e-13,-3.2965545533852434e-15
263.79,-2.1328481793086893e-13,-3.451471147095171e-15
263.8,-2.1362671474974688e-13,-3.605453798609502e-15
263.81,-2.1397242593136595e-13,-3.758743198834809e-15
263.82,-2.1432161074876917e-13,-3.91091466161949e-15
263.83,-2.1467467754441868e-13,-4.0621654415982964e-15
263.84,-2.1503124367763854e-13,-4.2122702151986116e-15
263.85,-2.1539119035493266e-13,-4.361477474161852e-15
263.86,-2.157546745362504e-13,-4.509596389569271e-15
263.87,-2.161216056550873e-13,-4.656832954043848e-15
263.88,-2.1649158704834757e-13,-4.802755805711687e-15
263.89,-2.1686543587220456e-13,-4.947482281145876e-15
263.9,-2.1724229883994786e-13,-5.091417097175983e-15
263.91,-2.1762228146267492e-13,-5.234100781709059e-15
263.92,-2.1800538397282976e-13,-5.375772463311955e-15
263.93,-2.1839182370950973e-13,-5.5161776758483245e-15
263.94,-2.1878134796137546e-13,-5.655406868237259e-15
263.95,-2.1917366649439998e-13,-5.7934421617263315e-15
263.96,-2.195690318500968e-13,-5.930681226790486e-15
263.97,-2.1996738651291946e-13,-6.066149488205388e-15
263.98,-2.2036861303389824e-13,-6.200549136327162e-15
263.99,-2.2077227229209295e-13,-6.3339489688919065e-15
264.0,-2.211781458849823e-13,-6.4661458967769024e-15
264.01,-2.21587918957818e-13,-6.596823481705383e-15
264.02,-2.219995539457311e-13,-6.7263147701545696e-15
264.03,-2.224145235570806e-13,-6.854424947268528e-15
264.04,-2.2283121420101266e-13,-6.9813231942638364e-15
264.05,-2.2325034343139602e-13,-7.107327561192039e-15
264.06,-2.2367208642474534e-13,-7.231133963706009e-15
264.07,-2.240965667792918e-13,-7.354247367707156e-15
264.08,-2.245234463199938e-13,-7.475805159228945e-15
264.09,-2.2495194683718527e-13,-7.5960841925299e-15
264.1,-2.2538336208989514e-13,-7.714873747025823e-15
264.11,-2.2581631418847246e-13,-7.832354886203099e-15
264.12,-2.2625165230797158e-13,-7.948439858054743e-15
264.13,-2.2668909830502617e-13,-8.063035860820212e-15
264.14,-2.271279705267841e-13,-8.176616410549138e-15
264.15,-2.2756761510319004e-13,-8.288565779590313e-15
264.16,-2.280118780741583e-13,-8.398607910854742e-15
264.17,-2.2845728175073883e-13,-8.50737336114076e-15
264.18,-2.289040986787645e-13,-8.614853050001934e-15
264.19,-2.293521785929617e-13,-8.720920971215876e-15
264.2,-2.2980220783292935e-13,-8.825375377812523e-15
264.21,-2.3025371740465786e-13,-8.92830127326526e-15
264.22,-2.3070694913286737e-13,-9.029926498332496e-15
264.23,-2.3116128221076137e-13,-9.130153057327717e-15
264.24,-2.3161732852473937e-13,-9.228272807718159e-15
264.25,-2.3207493339551684e-13,-9.325427930969785e-15
264.26,-2.325339068478899e-13,-9.420782550896669e-15
264.27,-2.329940340471492e-13,-9.51448052577713e-15
264.28,-2.3345472438634496e-13,-9.60699851200236e-15
264.29,-2.339171389892318e-13,-9.697792121609012e-15
264.3,-2.343811529410195e-13,-9.787007663547467e-15
264.31,-2.3484480777155293e-13,-9.874740978530458e-15
264.32,-2.353098823897823e-13,-9.96096151735106e-15
264.33,-2.3577625629652314e-13,-1.0045434640222131e-14
264.34,-2.362435417903689e-13,-1.0128063428875586e-14
264.35,-2.367116216433623e-13,-1.0209363984949245e-14
264.36,-2.3718042160525733e-13,-1.0289015697400066e-14
264.37,-2.3764976683148475e-13,-1.0367050782066675e-14
264.38,-2.381197881590678e-13,-1.0443388785141888e-14
264.39,-2.385908514656833e-13,-1.051812523436454e-14
264.4,-2.3906167848436474e-13,-1.0591397161523633e-14
264.41,-2.395328354993788e-13,-1.066312202834777e-14
264.42,-2.4000515773357734e-13,-1.0733062858809937e-14
264.43,-2.404777412829005e-13,-1.080099536146207e-14
264.44,-2.409506140493594e-13,-1.0867569015101787e-14
264.45,-2.4142368052773365e-13,-1.0932445200814575e-14
264.46,-2.4189669768860077e-13,-1.0995522440118888e-14
264.47,-2.42369671558091e-13,-1.105734399175752e-14
264.48,-2.428429281310799e-13,-1.1117426916996837e-14
264.49,-2.43316582764874e-13,-1.1175477803487495e-14
264.5,-2.437894377160105e-13,-1.1232492134451636e-14
264.51,-2.442638967384654e-13,-1.1287353834052759e-14
264.52,-2.447365880873324e-13,-1.1340180110827063e-14
264.53,-2.452092869071996e-13,-1.139182387396299e-14
264.54,-2.456820754134614e-13,-1.1441621465205331e-14
264.55,-2.4615446857390925e-13,-1.1489850153082408e-14
264.56,-2.4662629455847515e-13,-1.153633211181344e-14
264.57,-2.4709802002549564e-13,-1.1581133882056779e-14
264.58,-2.475688858925431e-13,-1.1624168552443925e-14
264.59,-2.4803936980076137e-13,-1.1665822735299328e-14
264.6,-2.48508917059657e-13,-1.1705531869087827e-14
264.61,-2.489793281549621e-13,-1.1743215769777072e-14
264.62,-2.494482373275096e-13,-1.1779504581649441e-14
264.63,-2.499156356912559e-13,-1.1814327241842542e-14
264.64,-2.503832114038976e-13,-1.1847119468206748e-14
264.65,-2.508492387160786e-13,-1.1878439518619622e-14
264.66,-2.513149235563637e-13,-1.1907868916606526e-14
264.67,-2.5177928958825225e-13,-1.1935735107535622e-14
264.68,-2.5224231295542146e-13,-1.196206633443174e-14
264.69,-2.5270499797263377e-13,-1.1986413240282422e-14
264.7,-2.531666662778859e-13,-1.2008950198977706e-14
264.71,-2.5362670632853214e-13,-1.203003419797186e-14
264.72,-2.5408603093237104e-13,-1.204935425569463e-14
264.73,-2.5454392223310936e-13,-1.2066889885641369e-14
264.74,-2.550001299341712e-13,-1.2083045673036794e-14
264.75,-2.5545515153971995e-13,-1.2097385140903239e-14
264.76,-2.559087014730646e-13,-1.2109855501820275e-14
264.77,-2.5636027920553627e-13,-1.2121057850006126e-14
264.78,-2.568114927745905e-13,-1.2129984032332875e-14
264.79,-2.57260419027531e-13,-1.2137624690648489e-14
264.8,-2.5770804432263325e-13,-1.214350610392526e-14
264.81,-2.581538026428323e-13,-1.2147703730790963e-14
264.82,-2.585978236437073e-13,-1.215036567958184e-14
264.83,-2.5904011067648093e-13,-1.2151200973003497e-14
264.84,-2.594807768198741e-13,-1.2150346811663535e-14
264.85,-2.599192891373369e-13,-1.214804571220727e-14
264.86,-2.603555926183842e-13,-1.2144113646946408e-14
264.87,-2.6079105026496936e-13,-1.2138227599397058e-14
264.88,-2.61223563104971e-13,-1.2131008200567206e-14
264.89,-2.616544581637817e-13,-1.212196952744049e-14
264.9,-2.620830996849362e-13,-1.2111376948707803e-14
264.91,-2.625095278217404e-13,-1.2099169865635592e-14
264.92,-2.629339801719459e-13,-1.2085278896130782e-14
264.93,-2.6335578338726475e-13,-1.2069877300357787e-14
264.94,-2.6377556850995675e-13,-1.205277228711106e-14
264.95,-2.641933241255853e-13,-1.203397504262905e-14
264.96,-2.646079720018595e-13,-1.2013958192892857e-14
264.97,-2.6502081448445923e-13,-1.1992007390614868e-14
264.98,-2.6543121009783656e-13,-1.1968580272910889e-14
264.99,-2.6583874623420265e-13,-1.1943566512111237e-14
265.0,-2.6624398762843374e-13,-1.1916926429260194e-14
265.01,-2.666466653721306e-13,-1.18887911249875e-14
265.02,-2.6704651679571463e-13,-1.1859229502583498e-14
265.03,-2.674435059585675e-13,-1.1828112699019118e-14
265.04,-2.6784094353217527e-13,-1.1794616812979191e-14
265.05,-2.6822921042398816e-13,-1.176112672533199e-14
265.06,-2.6861878651837443e-13,-1.1725194526984252e-14
265.07,-2.690053270073285e-13,-1.1687732614075752e-14
265.08,-2.693883221247169e-13,-1.1648942138208916e-14
265.09,-2.6976862793927724e-13,-1.1608734179163611e-14
265.1,-2.701461204896343e-13,-1.1566842148529628e-14
265.11,-2.705207283809484e-13,-1.1523327298165073e-14
265.12,-2.7089143439301697e-13,-1.1478787917462917e-14
265.13,-2.712593756448605e-13,-1.1432579730525824e-14
265.14,-2.716241356282821e-13,-1.1384406801059752e-14
265.15,-2.7198683327097614e-13,-1.1335848267055927e-14
265.16,-2.723461438810621e-13,-1.1285212763070315e-14
265.17,-2.727012079635373e-13,-1.123337700216531e-14
265.18,-2.730534329735372e-13,-1.1180116350504154e-14
265.19,-2.7340265104025883e-13,-1.1125213692722254e-14
265.2,-2.7374816519484576e-13,-1.1069153082876834e-14
265.21,-2.7409007814687504e-13,-1.1011730335330135e-14
265.22,-2.744291982016657e-13,-1.0952716418811748e-14
265.23,-2.7476518554353786e-13,-1.0891146585274551e-14
265.24,-2.750961041881207e-13,-1.0830885383165077e-14
265.25,-2.7542472322190576e-13,-1.0768087834234293e-14
265.26,-2.75749414555642e-13,-1.07038265886884e-14
265.27,-2.760709313500959e-13,-1.0638148132408735e-14
265.28,-2.763884567407729e-13,-1.0571475394497003e-14
265.29,-2.767025923426957e-13,-1.0503237562246345e-14
265.3,-2.7701274325690076e-13,-1.0433885030186937e-14
265.31,-2.7731954010150954e-13,-1.0363190385538343e-14
265.32,-2.7762346214290063e-13,-1.0290856470494657e-14
265.33,-2.779213589032202e-13,-1.0218095764116625e-14
265.34,-2.782167443846206e-13,-1.0143807924770959e-14
265.35,-2.785081671399544e-13,-1.0068100275314076e-14
265.36,-2.7879584002040115e-13,-9.991307376961472e-15
265.37,-2.790797002938923e-13,-9.913353090808834e-15
265.38,-2.793593849783488e-13,-9.834135194642823e-15
265.39,-2.7963516613269123e-13,-9.753877626794923e-15
265.4,-2.7990783124355853e-13,-9.672011675033219e-15
265.41,-2.8017601563850716e-13,-9.589422121581635e-15
265.42,-2.8043893503703126e-13,-9.506075235692646e-15
265.43,-2.8069911903785416e-13,-9.421175224413875e-15
265.44,-2.809549877286584e-13,-9.335196739353127e-15
265.45,-2.812065761386529e-13,-9.248240499250481e-15
265.46,-2.814538566829191e-13,-9.160280759441492e-15
265.47,-2.816975590999087e-13,-9.071211620077544e-15
265.48,-2.819367883258994e-13,-8.980834662313424e-15
265.49,-2.821720427259401e-13,-8.889766923729322e-15
265.5,-2.8240350356946296e-13,-8.7973015806768e-15
265.51,-2.8262978128083374e-13,-8.704377300890313e-15
265.52,-2.828517893823737e-13,-8.609894327245204e-15
265.53,-2.830702796443113e-13,-8.514976915242202e-15
265.54,-2.8328416429646747e-13,-8.418792375853746e-15
265.55,-2.8349330789769963e-13,-8.321762691058578e-15
265.56,-2.8369937470428514e-13,-8.22366708709457e-15
265.57,-2.8389984264075513e-13,-8.124986764617251e-15
265.58,-2.840963262943056e-13,-8.025170173731639e-15
265.59,-2.842888495661934e-13,-7.924401915607142e-15
265.6,-2.8447629217048443e-13,-7.823106699448838e-15
265.61,-2.8465969638239965e-13,-7.720675932456253e-15
265.62,-2.848384887495529e-13,-7.617574558036724e-15
265.63,-2.850130723646478e-13,-7.513489489266638e-15
265.64,-2.8518313924655733e-13,-7.408632760985712e-15
265.65,-2.8534855767221505e-13,-7.30317821056463e-15
265.66,-2.855092110594703e-13,-7.196888422980888e-15
265.67,-2.8566614463690107e-13,-7.089707213092232e-15
265.68,-2.8581827775293155e-13,-6.9816305993796466e-15
265.69,-2.859655455488807e-13,-6.873207362845122e-15
265.7,-2.861085097194165e-13,-6.763948173302223e-15
265.71,-2.862468978826151e-13,-6.6539484963426115e-15
265.72,-2.863806325607612e-13,-6.543330934946508e-15
265.73,-2.8650992192898274e-13,-6.432138002941326e-15
265.74,-2.8663471433900997e-13,-6.319966879757139e-15
265.75,-2.8675436877221004e-13,-6.207744040687257e-15
265.76,-2.8687008010212076e-13,-6.0942742014095315e-15
265.77,-2.869811680499849e-13,-5.980410483160866e-15
265.78,-2.8708692835279575e-13,-5.866251015309276e-15
265.79,-2.8718871817881056e-13,-5.751249446313399e-15
265.8,-2.872856326016871e-13,-5.635809485960189e-15
265.81,-2.87377952641537e-13,-5.51977683530882e-15
265.82,-2.874655024971195e-13,-5.403361883263718e-15
265.83,-2.8754883699329483e-13,-5.2862547905332725e-15
265.84,-2.8762675076300505e-13,-5.169044095612246e-15
265.85,-2.877007220653226e-13,-5.050902256711785e-15
265.86,-2.877697535521487e-13,-4.932365783529193e-15
265.87,-2.878341068765301e-13,-4.8136661570938166e-15
265.88,-2.8789372972172675e-13,-4.694463747527461e-15
265.89,-2.87948781659175e-13,-4.574777869551022e-15
265.9,-2.8799893143725203e-13,-4.454825717047186e-15
265.91,-2.880446156782209e-13,-4.33447676479547e-15
265.92,-2.8808599843556054e-13,-4.21356180160946e-15
265.93,-2.88121562566551e-13,-4.0928563742166255e-15
265.94,-2.8815384541810516e-13,-3.971272619705388e-15
265.95,-2.8818047460700996e-13,-3.849525639811973e-15
265.96,-2.882028677394787e-13,-3.727662088276581e-15
265.97,-2.882205062055092e-13,-3.605381359909463e-15
265.98,-2.882334577412047e-13,-3.4830225579181865e-15
265.99,-2.882417933914383e-13,-3.3602236093580405e-15
266.0,-2.882454863691702e-13,-3.2374650261708323e-15
266.01,-2.8824416173347375e-13,-3.1140505263102874e-15
266.02,-2.8823814528057113e-13,-2.9911320852538158e-15
266.03,-2.8822791439782004e-13,-2.8674494083433816e-15
266.04,-2.8821326397948165e-13,-2.7437449437679947e-15
266.05,-2.881935546958907e-13,-2.6200610879344348e-15
266.06,-2.881692094963091e-13,-2.4961626163926336e-15
266.07,-2.8814014370394593e-13,-2.3722032042851958e-15
266.08,-2.8810650585967407e-13,-2.248232894733863e-15
266.09,-2.880684068538007e-13,-2.1241258652231293e-15
266.1,-2.880255968042183e-13,-1.9999173682215108e-15
266.11,-2.879779229746207e-13,-1.8759960731903152e-15
266.12,-2.879265173674681e-13,-1.7516778410580197e-15
266.13,-2.8786976871787964e-13,-1.6273169225611306e-15
266.14,-2.878083420361559e-13,-1.5032274765387275e-15
266.15,-2.877426924373611e-13,-1.3790356208727865e-15
266.16,-2.8767253073712133e-13,-1.2549425945156916e-15
266.17,-2.875978309142886e-13,-1.1308471305009207e-15
266.18,-2.875183272111222e-13,-1.0069249808173767e-15
266.19,-2.8743464313735817e-13,-8.830305996893195e-16
266.2,-2.8734578983030645e-13,-7.597374394493198e-16
266.21,-2.8725313429987455e-13,-6.357600221331615e-16
266.22,-2.8715625358013565e-13,-5.121113481021461e-16
266.23,-2.8705426000090346e-13,-3.8885458513882627e-16
266.24,-2.8694803339254423e-13,-2.657291277174956e-16
266.25,-2.8683746606135435e-13,-1.4269897467648893e-16
266.26,-2.8672278505341983e-13,-1.9802938371680448e-17
266.27,-2.8660266907321874e-13,1.0243562035189623e-16
266.28,-2.8647925207685935e-13,2.248793465770172e-16
266.29,-2.8635190587859245e-13,3.460984177591154e-16
266.3,-2.8621837782178074e-13,4.685926593841345e-16
266.31,-2.860816815206817e-13,5.901834189290543e-16
266.32,-2.8594049792285575e-13,7.113117655980387e-16
266.33,-2.8579472608134724e-13,8.321217116423723e-16
266.34,-2.8564507334014066e-13,9.527029807116704e-16
266.35,-2.8549128898696344e-13,1.0729283490704193e-15
266.36,-2.8533266695885916e-13,1.1926399281085946e-15
266.37,-2.851706027625006e-13,1.3122642816974523e-15
266.38,-2.8500536336709997e-13,1.4320070512541562e-15
266.39,-2.8483394524661975e-13,1.550416289531531e-15
266.4,-2.8465826136699155e-13,1.6683343620686949e-15
266.41,-2.844787684396124e-13,1.7859315261749447e-15
266.42,-2.8429527345102535e-13,1.903189235964442e-15
266.43,-2.841082247891711e-13,2.0200795905340706e-15
266.44,-2.8391676376548225e-13,2.136633026427944e-15
266.45,-2.8372143689185297e-13,2.2525207468239143e-15
266.46,-2.8352216915101703e-13,2.3680025536001905e-15
266.47,-2.8331907704377813e-13,2.4835702861389047e-15
266.48,-2.8311202822318903e-13,2.5971753867269185e-15
266.49,-2.828998105114123e-13,2.7110689529878457e-15
266.5,-2.8268449010150497e-13,2.8241686187966398e-15
266.51,-2.824654600188069e-13,2.9369716401224338e-15
266.52,-2.8224222390347864e-13,3.0489752530435482e-15
266.53,-2.8201543798364134e-13,3.160469400408832e-15
266.54,-2.817847174798008e-13,3.2713046623895903e-15
266.55,-2.8155018203891387e-13,3.3814992772804e-15
266.56,-2.8131208442238364e-13,3.491449177486797e-15
266.57,-2.8107063607743847e-13,3.600249695722961e-15
266.58,-2.8082433843670883e-13,3.708298961688644e-15
266.59,-2.805750543504292e-13,3.8158907082343065e-15
266.6,-2.8032228099308996e-13,3.92277292981969e-15
266.61,-2.8006537402962873e-13,4.028845698300713e-15
266.62,-2.7980533739138345e-13,4.134420106902528e-15
266.63,-2.795414859906616e-13,4.23902636928463e-15
266.64,-2.79274222103584e-13,4.343066994115732e-15
266.65,-2.7900364193508183e-13,4.446434890878295e-15
266.66,-2.787296009516518e-13,4.548933558802708e-15
266.67,-2.784515335451282e-13,4.650391689310334e-15
266.68,-2.781705841656721e-13,4.751228438265037e-15
266.69,-2.7788610383277066e-13,4.851426247240146e-15
266.7,-2.775980401008724e-13,4.9504903647233556e-15
266.71,-2.7730722333569834e-13,5.04908567635911e-15
266.72,-2.7701282618948937e-13,5.146511134317432e-15
266.73,-2.767149481035172e-13,5.243267702869255e-15
266.74,-2.76414545763863e-13,5.339266480804165e-15
266.75,-2.7611018539330546e-13,5.434228714722444e-15
266.76,-2.758033808359719e-13,5.528398856842608e-15
266.77,-2.7549276921314865e-13,5.62143662147731e-15
266.78,-2.7517962445005074e-13,5.713800945495322e-15
266.79,-2.7486352134973195e-13,5.805273617394067e-15
266.8,-2.745440589343284e-13,5.895795690592838e-15
266.81,-2.7422148393567366e-13,5.9852949461974015e-15
266.82,-2.7389648388050287e-13,6.07401957716924e-15
266.83,-2.7356812135708516e-13,6.161451277352162e-15
266.84,-2.732369471853353e-13,6.248229568021084e-15
266.85,-2.7290363545802666e-13,6.334005931789021e-15
266.86,-2.7256697000887856e-13,6.418704369168879e-15
266.87,-2.72227490746129e-13,6.502430086245983e-15
266.88,-2.7188543226263094e-13,6.5851815000937324e-15
266.89,-2.715403399270091e-13,6.6668015449667975e-15
266.9,-2.711931919251244e-13,6.747623447560557e-15
266.91,-2.708433251485087e-13,6.827376386341795e-15
266.92,-2.7049009807233167e-13,6.905780669762135e-15
266.93,-2.701351227458321e-13,6.983541422951657e-15
266.94,-2.69777872597297e-13,7.0601467024646475e-15
266.95,-2.6941791064168234e-13,7.135637371146306e-15
266.96,-2.690555003313653e-13,7.210020127424847e-15
266.97,-2.6869079065583595e-13,7.283447544544936e-15
266.98,-2.683235273818527e-13,7.355682411202258e-15
266.99,-2.6795395831666113e-13,7.426780723584622e-15
267.0,-2.675824728021682e-13,7.497041975626167e-15
267.01,-2.672081276111666e-13,7.565617676492327e-15
267.02,-2.6683167673426543e-13,7.633583202765704e-15
267.03,-2.664543621787541e-13,7.70057075559213e-15
267.04,-2.660737917059135e-13,7.766162786373246e-15
267.05,-2.6569127014244605e-13,7.83061460757932e-15
267.06,-2.653069948510554e-13,7.89409955331934e-15
267.07,-2.649209523321827e-13,7.956329767319274e-15
267.08,-2.645321984688089e-13,8.017256691724526e-15
267.09,-2.641419770843072e-13,8.077222335949114e-15
267.1,-2.637492193295171e-13,8.135381354362657e-15
267.11,-2.633553028435155e-13,8.193175797795967e-15
267.12,-2.6296033860065293e-13,8.249876965065127e-15
267.13,-2.625627351179519e-13,8.30495635620761e-15
267.14,-2.6216363919644383e-13,8.359074777344984e-15
267.15,-2.617631617508626e-13,8.412026544186717e-15
267.16,-2.613606526240885e-13,8.463651939545141e-15
267.17,-2.6095655497096214e-13,8.51406811405947e-15
267.18,-2.605512395738108e-13,8.563478451081489e-15
267.19,-2.601439771723688e-13,8.611305379603863e-15
267.2,-2.597349408445865e-13,8.65772554644265e-15
267.21,-2.5932604516084277e-13,8.703993922348821e-15
267.22,-2.5891519245398047e-13,8.748333248347481e-15
267.23,-2.5850187173476596e-13,8.79131697028218e-15
267.24,-2.5808851837410403e-13,8.833411704434266e-15
267.25,-2.576742139187233e-13,8.874544466295926e-15
267.26,-2.572575982382583e-13,8.913805103534289e-15
267.27,-2.5684011665328103e-13,8.95205535970058e-15
267.28,-2.564217153530072e-13,8.989269558541952e-15
267.29,-2.5600136759080013e-13,9.024368334611772e-15
267.3,-2.555815204355631e-13,9.059433359923286e-15
267.31,-2.5515985806341483e-13,9.092796748299409e-15
267.32,-2.547374730523312e-13,9.124753819242895e-15
267.33,-2.5431412303919467e-13,9.155545962490548e-15
267.34,-2.5388976696496303e-13,9.185183908976018e-15
267.35,-2.5346505154320777e-13,9.21354162220903e-15
267.36,-2.5303905158276967e-13,9.240502685054017e-15
267.37,-2.526114821294059e-13,9.2659112833632e-15
267.38,-2.521851943095563e-13,9.290789935644365e-15
267.39,-2.5175744153943016e-13,9.314283439894186e-15
267.4,-2.513290835233843e-13,9.336297521643855e-15
267.41,-2.5090009159378195e-13,9.357143084947124e-15
267.42,-2.5047045637439976e-13,9.376653249619892e-15
267.43,-2.5004050036584117e-13,9.394904543389671e-15
267.44,-2.4961005916368324e-13,9.411881341652302e-15
267.45,-2.4917904782597933e-13,9.427652270577762e-15
267.46,-2.4874732528237893e-13,9.442190588959384e-15
267.47,-2.4831652164730365e-13,9.455249326654569e-15
267.48,-2.4788476912325745e-13,9.467541913551345e-15
267.49,-2.4745287921829787e-13,9.47795496908443e-15
267.5,-2.4702070025952745e-13,9.487677241895454e-15
267.51,-2.465883693381403e-13,9.495843924207384e-15
267.52,-2.461556947524832e-13,9.502654813547246e-15
267.53,-2.4572337799591047e-13,9.508395452255956e-15
267.54,-2.452912589192806e-13,9.513082888814885e-15
267.55,-2.44857835245145e-13,9.515878583489243e-15
267.56,-2.4442672378944634e-13,9.518159047267585e-15
267.57,-2.439939884216374e-13,9.518914647867624e-15
267.58,-2.4356186864146954e-13,9.518311414492824e-15
267.59,-2.431298899868191e-13,9.51652131537779e-15
267.6,-2.4269816389406203e-13,9.5134629669175e-15
267.61,-2.422666781253961e-13,9.509144852965355e-15
267.62,-2.4183604942521494e-13,9.503925586253725e-15
267.63,-2.4140480678758506e-13,9.496950130500686e-15
267.64,-2.409745284796242e-13,9.4890648919302e-15
267.65,-2.4054538873096823e-13,9.480093191370876e-15
267.66,-2.401153470586605e-13,9.469507321456212e-15
267.67,-2.3968666050781774e-13,9.45797229591861e-15
267.68,-2.3925837902992595e-13,9.445182072174845e-15
267.69,-2.388306849108596e-13,9.431158586208208e-15
267.7,-2.3840355567648384e-13,9.415905900354946e-15
267.71,-2.3797721513878524e-13,9.399475246861474e-15
267.72,-2.375511924811982e-13,9.381771971764507e-15
267.73,-2.3712662198269063e-13,9.362981538228968e-15
267.74,-2.367031606809477e-13,9.343178042620459e-15
267.75,-2.3627939739834954e-13,9.321811849195375e-15
267.76,-2.358570590806939e-13,9.299499828104742e-15
267.77,-2.3543577336469335e-13,9.27602652953931e-15
267.78,-2.350151312401861e-13,9.2512550926377e-15
267.79,-2.345957936662246e-13,9.225257332598472e-15
267.8,-2.341771468876457e-13,9.19831405231961e-15
267.81,-2.337592227316743e-13,9.169900400987192e-15
267.82,-2.3334390882918053e-13,9.140772515994713e-15
267.83,-2.329284272628288e-13,9.110191989280857e-15
267.84,-2.325142396126896e-13,9.078543699960929e-15
267.85,-2.3210186963501046e-13,9.045913935381665e-15
267.86,-2.316900736952697e-13,9.01191907903967e-15
267.87,-2.3127995400125243e-13,8.976836660593446e-15
267.88,-2.3087079172777197e-13,8.94068103153511e-15
267.89,-2.3046358105157016e-13,8.903595160689778e-15
267.9,-2.300568947529075e-13,8.86510158353977e-15
267.91,-2.2965350392428845e-13,8.826158679417705e-15
267.92,-2.292498253886822e-13,8.785287547030847e-15
267.93,-2.288479601678279e-13,8.743741670538373e-15
267.94,-2.284477688549407e-13,8.7011871982355e-15
267.95,-2.280492317618668e-13,8.657376664760427e-15
267.96,-2.276525871942055e-13,8.612569909282508e-15
267.97,-2.2725697273492147e-13,8.566953455206898e-15
267.98,-2.2686399456160303e-13,8.520065648850154e-15
267.99,-2.2647148682180802e-13,8.47201379739735e-15
268.0,-2.2608127889076226e-13,8.422844209138342e-15
268.01,-2.2569368101345275e-13,8.373275996059116e-15
268.02,-2.2530651566498382e-13,8.321923641826721e-15
268.03,-2.249223478655256e-13,8.270177339637792e-15
268.04,-2.2453972649771775e-13,8.217434999860644e-15
268.05,-2.2415881807315005e-13,8.16342965383861e-15
268.06,-2.2378008376997678e-13,8.108543454139436e-15
268.07,-2.2340325592366056e-13,8.052727799600449e-15
268.08,-2.2302796597721655e-13,7.995993185748457e-15
268.09,-2.2265577372472465e-13,7.93815659388672e-15
268.1,-2.2228473433646327e-13,7.879445184397048e-15
268.11,-2.2191636165569502e-13,7.819737076180818e-15
268.12,-2.2155009199415815e-13,7.759312202459783e-15
268.13,-2.2118565060650525e-13,7.697763085315839e-15
268.14,-2.208235207539031e-13,7.635387428774998e-15
268.15,-2.2046384475660343e-13,7.57192903156809e-15
268.16,-2.201064646413404e-13,7.508069798886392e-15
268.17,-2.1975079289996378e-13,7.44311506171224e-15
268.18,-2.1939843960171764e-13,7.376866393899114e-15
268.19,-2.1904749520288903e-13,7.310421455693145e-15
268.2,-2.1869912547087049e-13,7.242791948722762e-15
268.21,-2.1835323593821974e-13,7.174366420568073e-15
268.22,-2.1801019261878915e-13,7.10516117574959e-15
268.23,-2.176695045450342e-13,7.035472570304625e-15
268.24,-2.1733058966519017e-13,6.964326642976771e-15
268.25,-2.1699514254978065e-13,6.892778989478676e-15
268.26,-2.1666194829327742e-13,6.820618889801711e-15
268.27,-2.1633124905405143e-13,6.747352716195925e-15
268.28,-2.1600301985384707e-13,6.673259098018934e-15
268.29,-2.1567715266631199e-13,6.59851460687469e-15
268.3,-2.153543421078086e-13,6.5229868149933646e-15
268.31,-2.1503411999847202e-13,6.446895727252271e-15
268.32,-2.1471665251273928e-13,6.370047838321075e-15
268.33,-2.1440176522301053e-13,6.2924473427577934e-15
268.34,-2.1408990720104487e-13,6.214247176785837e-15
268.35,-2.1378097417087703e-13,6.135728201632247e-15
268.36,-2.1347385485242567e-13,6.05566590764234e-15
268.37,-2.1317079636196124e-13,5.975578899496937e-15
268.38,-2.128699081266712e-13,5.894646200302398e-15
268.39,-2.1257154667986538e-13,5.812811886292042e-15
268.4,-2.1227654721680965e-13,5.73072969339259e-15
268.41,-2.119843040579143e-13,5.647865914671672e-15
268.42,-2.116951134184437e-13,5.564508745171114e-15
268.43,-2.1140886099390164e-13,5.480498555384175e-15
268.44,-2.11126021051947e-13,5.3963441423190875e-15
268.45,-2.1084809259199992e-13,5.311542697137337e-15
268.46,-2.1056785289600948e-13,5.225022926516472e-15
268.47,-2.102932482954276e-13,5.1387945596790085e-15
268.48,-2.1002210796808094e-13,5.052149735080429e-15
268.49,-2.0975392185695943e-13,4.964772594760863e-15
268.5,-2.0948876239391282e-13,4.8770403397384784e-15
268.51,-2.09226627212762e-13,4.788798756068768e-15
268.52,-2.0896791243009594e-13,4.700025723821434e-15
268.53,-2.0871243839667395e-13,4.6110072635887646e-15
268.54,-2.0845924109519292e-13,4.521151054915038e-15
268.55,-2.0820992158360744e-13,4.431029509280147e-15
268.56,-2.079635634558409e-13,4.340331958873427e-15
268.57,-2.0772027415023823e-13,4.249322364944248e-15
268.58,-2.0748068140657844e-13,4.158024225494922e-15
268.59,-2.072441695819402e-13,4.066269302566593e-15
268.6,-2.0701056153107498e-13,3.974037555039595e-15
268.61,-2.0678061607646879e-13,3.881577736959843e-15
268.62,-2.0655394288969926e-13,3.7888214319977986e-15
268.63,-2.0632996395150204e-13,3.695325241713991e-15
268.64,-2.0610973800860606e-13,3.6018270116658495e-15
268.65,-2.0589281235261615e-13,3.5078569757105932e-15
268.66,-2.056791277148862e-13,3.413911138232974e-15
268.67,-2.0546890021150358e-13,3.3192045050876743e-15
268.68,-2.0526200322354495e-13,3.2245231896757237e-15
268.69,-2.0505835125045462e-13,3.12942275677901e-15
268.7,-2.0485826143507459e-13,3.03421314478675e-15
268.71,-2.0466177342837834e-13,2.938848067726378e-15
268.72,-2.0446810453484908e-13,2.8428861143912935e-15
268.73,-2.0427791790169556e-13,2.7469223196419073e-15
268.74,-2.0409138315026657e-13,2.6506731279931335e-15
268.75,-2.039081513362732e-13,2.5543125360288113e-15
268.76,-2.0372819794008824e-13,2.457746277187554e-15
268.77,-2.0355204027588497e-13,2.3607931326308484e-15
268.78,-2.033789511174589e-13,2.2640993969326902e-15
268.79,-2.0320942257922698e-13,2.1671001468996224e-15
268.8,-2.0304424084756635e-13,2.070159231302685e-15
268.81,-2.0288122104626243e-13,1.9728921605733185e-15
268.82,-2.0272205651229627e-13,1.875348803842143e-15
268.83,-2.025661115951444e-13,1.7777373076959022e-15
268.84,-2.0241431079646882e-13,1.680333327319664e-15
268.85,-2.0226545125650869e-13,1.5826282694602457e-15
268.86,-2.0212035496510346e-13,1.4849347527605193e-15
268.87,-2.0197866633851813e-13,1.387207885350672e-15
268.88,-2.018407889034062e-13,1.2896208113794437e-15
268.89,-2.0170622281101835e-13,1.1917508334404965e-15
268.9,-2.01575288937273e-13,1.0945308643832126e-15
268.91,-2.0144742391344848e-13,9.964522244492822e-16
268.92,-2.0132321912768553e-13,8.987305439121348e-16
268.93,-2.0120278226286134e-13,8.010837360728355e-16
268.94,-2.0108547674195893e-13,7.033992114793127e-16
268.95,-2.0097207054585696e-13,6.059286224012131e-16
268.96,-2.0086215033837457e-13,5.084290053811462e-16
268.97,-2.0075565017385132e-13,4.111760164351538e-16
268.98,-2.0065425411830345e-13,3.1366950417135163e-16
268.99,-2.0055391961632162e-13,2.171023013077496e-16
269.0,-2.0045706606306197e-13,1.1973864861888061e-16
269.01,-2.003648809613975e-13,2.262926529085891e-17
269.02,-2.0027565414672875e-13,-7.410917141216435e-17
269.03,-2.0019035495224624e-13,-1.7053202343309383e-16
269.04,-2.0010867655759774e-13,-2.6715492814906727e-16
269.05,-2.0003013342251676e-13,-3.634362315624953e-16
269.06,-1.999553862702602e-13,-4.594291836688435e-16
269.07,-1.9988384943707288e-13,-5.552711109437908e-16
269.08,-1.9981797090080875e-13,-6.506796217788467e-16
269.09,-1.9975223926736232e-13,-7.461854165885085e-16
269.1,-1.9969075634347296e-13,-8.415285549604483e-16
269.11,-1.9963356493180792e-13,-9.362915054202708e-16
269.12,-1.9957961466348458e-13,-1.03091964262807e-15
269.13,-1.995290031913584e-13,-1.1252689909881021e-15
269.14,-1.9948233100301945e-13,-1.2192781928515767e-15
269.15,-1.9943890423719631e-13,-1.312916124928031e-15
269.16,-1.9939829250050853e-13,-1.4065494816275891e-15
269.17,-1.9936330682261756e-13,-1.5003006481009943e-15
269.18,-1.993292912701448e-13,-1.592096885799082e-15
269.19,-1.992992618706345e-13,-1.6845779122369058e-15
269.2,-1.992733368966809e-13,-1.7766311974095938e-15
269.21,-1.9925047838986002e-13,-1.868153598730523e-15
269.22,-1.9923085775168164e-13,-1.9594187450834714e-15
269.23,-1.992150199853068e-13,-2.0502820239452925e-15
269.24,-1.9920234155784197e-13,-2.140658966102581e-15
269.25,-1.9919297140660626e-13,-2.2306869189380703e-15
269.26,-1.991867235780395e-13,-2.3208788139061487e-15
269.27,-1.9918501154823367e-13,-2.409467912895011e-15
269.28,-1.991858975014433e-13,-2.498146600804051e-15
269.29,-1.9919008606490806e-13,-2.586366223065982e-15
269.3,-1.9919773158613497e-13,-2.6741019168107023e-15
269.31,-1.992085624356755e-13,-2.7614310308315543e-15
269.32,-1.9922277439224593e-13,-2.8482214355733395e-15
269.33,-1.9924076238378883e-13,-2.9343566294813212e-15
269.34,-1.9926126411496228e-13,-3.0201158898941075e-15
269.35,-1.992844759865641e-13,-3.1058979823135084e-15
269.36,-1.9931243737875877e-13,-3.190167192434122e-15
269.37,-1.9934295304541878e-13,-3.274312968875074e-15
269.38,-1.9937688985642802e-13,-3.3578689212906996e-15
269.39,-1.9941359440989142e-13,-3.4410201284706563e-15
269.4,-1.9945425548367578e-13,-3.523323813678092e-15
269.41,-1.9949743319695846e-13,-3.6052521164749005e-15
269.42,-1.9954412856650797e-13,-3.686358864270519e-15
269.43,-1.9959323312868735e-13,-3.767255620182473e-15
269.44,-1.9964649411080868e-13,-3.847272405513386e-15
269.45,-1.997028822341237e-13,-3.9264870298359266e-15
269.46,-1.997616104085883e-13,-4.005316235452425e-15
269.47,-1.9982369885799908e-13,-4.0835330888380455e-15
269.48,-1.9988904022150867e-13,-4.160993315168444e-15
269.49,-1.999574338689835e-13,-4.2377054525960135e-15
269.5,-2.0002891961464685e-13,-4.3139334844246416e-15
269.51,-2.0010326333974924e-13,-4.38923408459254e-15
269.52,-2.0018054792705083e-13,-4.464004910117398e-15
269.53,-2.0026089231407886e-13,-4.538289122934798e-15
269.54,-2.0034440843269848e-13,-4.611337341452219e-15
269.55,-2.004305582351795e-13,-4.6841818302999375e-15
269.56,-2.0052002209086768e-13,-4.7560042871483254e-15
269.57,-2.0061227258961512e-13,-4.827235154163611e-15
269.58,-2.0070689815459798e-13,-4.8977711746576956e-15
269.59,-2.0080499007302982e-13,-4.9674298438733926e-15
269.6,-2.0090592464180943e-13,-5.0362435939711496e-15
269.61,-2.010092447187277e-13,-5.104551173478479e-15
269.62,-2.011154987456354e-13,-5.172150706001897e-15
269.63,-2.0122509674429634e-13,-5.238482636710015e-15
269.64,-2.01336993379358e-13,-5.304306385601379e-15
269.65,-2.01451740299102e-13,-5.3693295692610536e-15
269.66,-2.015690216028845e-13,-5.433680117478939e-15
269.67,-2.0168924085441366e-13,-5.49703853324805e-15
269.68,-2.0181196101762247e-13,-5.559645889985801e-15
269.69,-2.0193758896651019e-13,-5.621277524331626e-15
269.7,-2.0206558813902183e-13,-5.68235333739015e-15
269.71,-2.0219614418178483e-13,-5.742592996319301e-15
269.72,-2.0232961661871992e-13,-5.801679581382097e-15
269.73,-2.024654161927852e-13,-5.860151132055124e-15
269.74,-2.0260380346287252e-13,-5.917711435595118e-15
269.75,-2.0274438503258467e-13,-5.974465500387719e-15
269.76,-2.0288802896134652e-13,-6.030165055227181e-15
269.77,-2.0303345171488593e-13,-6.0853574536576644e-15
269.78,-2.0318240825335316e-13,-6.139052538985502e-15
269.79,-2.0333318994528824e-13,-6.192364935685958e-15
269.8,-2.0348609773026428e-13,-6.244722011091273e-15
269.81,-2.0364151230382864e-13,-6.296109351147456e-15
269.82,-2.037996425024556e-13,-6.3464417613281865e-15
269.83,-2.0395974886166703e-13,-6.395961503637628e-15
269.84,-2.0412220523873308e-13,-6.444662638877713e-15
269.85,-2.042869905877969e-13,-6.492287279466962e-15
269.86,-2.0445379086114135e-13,-6.5392526310110264e-15
269.87,-2.04622908978693e-13,-6.584899779762731e-15
269.88,-2.047938887343944e-13,-6.630090106435686e-15
269.89,-2.0496751075907512e-13,-6.674122839383464e-15
269.9,-2.0514327408562168e-13,-6.7170717026260326e-15
269.91,-2.0532059762180356e-13,-6.759403439631169e-15
269.92,-2.055006794181055e-13,-6.800437812825094e-15
269.93,-2.0568270589448107e-13,-6.840468497702626e-15
269.94,-2.0586609788446645e-13,-6.879815124762681e-15
269.95,-2.0605230508847836e-13,-6.918050816092686e-15
269.96,-2.062399669769847e-13,-6.955230108085454e-15
269.97,-2.0642954750228876e-13,-6.991707829172717e-15
269.98,-2.0662128512938412e-13,-7.02715657369876e-15
269.99,-2.068153996578216e-13,-7.061170095869115e-15
270.0,-2.0701049143446264e-13,-7.0947957786364705e-15
270.01,-2.072078449942512e-13,-7.127078727380849e-15
270.02,-2.0740655179977616e-13,-7.15862212237054e-15
270.03,-2.0760741724975573e-13,-7.188954839457356e-15
270.04,-2.0780999789476397e-13,-7.218368086709772e-15
270.05,-2.080139233961214e-13,-7.246690377730174e-15
270.06,-2.0821999885325567e-13,-7.274378541078703e-15
270.07,-2.0842776023866458e-13,-7.300621585875038e-15
270.08,-2.0863681646434443e-13,-7.326045972664042e-15
270.09,-2.0884766302609912e-13,-7.350481224655264e-15
270.1,-2.0905988685047713e-13,-7.373770871125038e-15
270.11,-2.0927377858180626e-13,-7.396337169956558e-15
270.12,-2.0948916846244558e-13,-7.417625515185001e-15
270.13,-2.097058413100795e-13,-7.43811536442882e-15
270.14,-2.0992245853992576e-13,-7.457167186066469e-15
270.15,-2.1014437229551822e-13,-7.475457961511977e-15
270.16,-2.1036455104819765e-13,-7.493177057983861e-15
270.17,-2.1058720738730636e-13,-7.509336246893678e-15
270.18,-2.1081109111454465e-13,-7.524509283777105e-15
270.19,-2.1103575900090674e-13,-7.538933581387008e-15
270.2,-2.1126171142526527e-13,-7.552325722799272e-15
270.21,-2.1148946927988735e-13,-7.56434728884701e-15
270.22,-2.1171808393029607e-13,-7.575658578339495e-15
270.23,-2.1194585624026356e-13,-7.586926856747154e-15
270.24,-2.121786531382276e-13,-7.595002281319972e-15
270.25,-2.1241070053262896e-13,-7.603237647365523e-15
270.26,-2.126436518958474e-13,-7.610360697476282e-15
270.27,-2.1287789408394198e-13,-7.616407396865865e-15
270.28,-2.13114134343158e-13,-7.620964162501068e-15
270.29,-2.1334928541285e-13,-7.625519674209045e-15
270.3,-2.1358606824438972e-13,-7.628608740526078e-15
270.31,-2.1382439896388137e-13,-7.630542795154456e-15
270.32,-2.1406308256601844e-13,-7.632265931590057e-15
270.33,-2.1430199970276107e-13,-7.632251994764789e-15
270.34,-2.145434745659641e-13,-7.630561945217156e-15
270.35,-2.1478417637694245e-13,-7.628667824775699e-15
270.36,-2.1502672114919596e-13,-7.62537679064961e-15
270.37,-2.1526954021866816e-13,-7.621362669623656e-15
270.38,-2.1551300331922735e-13,-7.616228821391655e-15
270.39,-2.1575724523722576e-13,-7.61011940495818e-15
270.4,-2.160019793076656e-13,-7.603059047567682e-15
270.41,-2.1624764620527965e-13,-7.59507061744524e-15
270.42,-2.164926023872287e-13,-7.585826992063488e-15
270.43,-2.1673981657938597e-13,-7.575713698321499e-15
270.44,-2.1698660003568095e-13,-7.564619911234781e-15
270.45,-2.172338727718336e-13,-7.552588662853139e-15
270.46,-2.1748232669821106e-13,-7.539238446360447e-15
270.47,-2.1773022639976852e-13,-7.525343863973146e-15
270.48,-2.1797880672131058e-13,-7.510234579107069e-15
270.49,-2.182280434591765e-13,-7.494130193826694e-15
270.5,-2.1847744817068385e-13,-7.477091887855994e-15
270.51,-2.1872650474645247e-13,-7.45932907153107e-15
270.52,-2.1897680425692774e-13,-7.440078036702299e-15
270.53,-2.192266612093607e-13,-7.420207228564529e-15
270.54,-2.1947693187587135e-13,-7.399248202107893e-15
270.55,-2.1972723521664252e-13,-7.377348059813498e-15
270.56,-2.1997802763794313e-13,-7.354441628574063e-15
270.57,-2.2022870642710566e-13,-7.330622857428309e-15
270.58,-2.2047928899259776e-13,-7.305913701222851e-15
270.59,-2.207300801214346e-13,-7.280187546155292e-15
270.6,-2.2098070389649214e-13,-7.253562419792092e-15
270.61,-2.212315637565466e-13,-7.225871408342628e-15
270.62,-2.2148186616321198e-13,-7.19745049103909e-15
270.63,-2.2173242792612122e-13,-7.167965458782019e-15
270.64,-2.2198314911175318e-13,-7.137430875077513e-15
270.65,-2.2223313851426376e-13,-7.10627698817205e-15
270.66,-2.2248314470364683e-13,-7.074064210802867e-15
270.67,-2.2273299225896586e-13,-7.041004806528181e-15
270.68,-2.2298255099631795e-13,-7.006931692517862e-15
270.69,-2.2323217102461182e-13,-6.9718552259915616e-15
270.7,-2.23481104268181e-13,-6.9361029820136435e-15
270.71,-2.2372960068839036e-13,-6.899390920214068e-15
270.72,-2.2397811349318811e-13,-6.861676908215165e-15
270.73,-2.2422577533623254e-13,-6.823390165796622e-15
270.74,-2.2447364628030113e-13,-6.783824035205707e-15
270.75,-2.2472051422763229e-13,-6.743769674856028e-15
270.76,-2.2496687284028763e-13,-6.702733057382308e-15
270.77,-2.252133111793329e-13,-6.6604538752602e-15
270.78,-2.2545908841424762e-13,-6.6177451924939096e-15
270.79,-2.2570357447061865e-13,-6.574223963007927e-15
270.8,-2.259478603790001e-13,-6.5297954397403825e-15
270.81,-2.2619159354380446e-13,-6.484458622367541e-15
270.82,-2.2643420487503097e-13,-6.43857408295646e-15
270.83,-2.2667705021447271e-13,-6.3913708181954e-15
270.84,-2.2691861556428908e-13,-6.343656793376528e-15
270.85,-2.2715968890675756e-13,-6.295057340532334e-15
270.86,-2.2740041835501223e-13,-6.245445935463967e-15
270.87,-2.276397286736392e-13,-6.1954878604435296e-15
270.88,-2.278776950694089e-13,-6.144700983424686e-15
270.89,-2.2811494511644623e-13,-6.09312306685049e-15
270.9,-2.2835168023319065e-13,-6.040579860144453e-15
270.91,-2.285875855814611e-13,-5.987377275927143e-15
270.92,-2.288223711883158e-13,-5.933432837818676e-15
270.93,-2.290561281095386e-13,-5.878722446137014e-15
270.94,-2.2928930295319854e-13,-5.8231907583552445e-15
270.95,-2.2952115984281903e-13,-5.766564414834398e-15
270.96,-2.297528085995012e-13,-5.709705933606428e-15
270.97,-2.299814482408563e-13,-5.652643263070565e-15
270.98,-2.302103642306458e-13,-5.594130918100591e-15
270.99,-2.304377528565148e-13,-5.535335289306117e-15
271.0,-2.3066326342353036e-13,-5.47600699816554e-15
271.01,-2.308892685052554e-13,-5.415103388375102e-15
271.02,-2.3111324063963794e-13,-5.353934765258671e-15
271.03,-2.3133614441523925e-13,-5.292250085992354e-15
271.04,-2.3155771368943353e-13,-5.229743980795709e-15
271.05,-2.317780122571265e-13,-5.166518285176336e-15
271.06,-2.3199637615276994e-13,-5.103270248122311e-15
271.07,-2.3221363938746274e-13,-5.039115011256306e-15
271.08,-2.324302623969098e-13,-4.973957197945642e-15
271.09,-2.326449623079435e-13,-4.90845449372123e-15
271.1,-2.328582056965361e-13,-4.842454397649208e-15
271.11,-2.330701908441251e-13,-4.775579655224695e-15
271.12,-2.332809890241891e-13,-4.708207125776221e-15
271.13,-2.3348910070212986e-13,-4.640640851261396e-15
271.14,-2.336974150537264e-13,-4.571684337187583e-15
271.15,-2.3390307063697704e-13,-4.502966680692507e-15
271.16,-2.341071741738109e-13,-4.43369667032029e-15
271.17,-2.343103591836878e-13,-4.363391902104927e-15
271.18,-2.345117012416593e-13,-4.292531694124942e-15
271.19,-2.3471157931743444e-13,-4.221412178783204e-15
271.2,-2.3490911655204066e-13,-4.149796881216947e-15
271.21,-2.3510578466746887e-13,-4.077353256278549e-15
271.22,-2.3530016430285303e-13,-4.0048778155376e-15
271.23,-2.35492903458856e-13,-3.931466094104704e-15
271.24,-2.356842498797384e-13,-3.858083216289194e-15
271.25,-2.358736857465288e-13,-3.784015029174512e-15
271.26,-2.3606146042165766e-13,-3.709494429403818e-15
271.27,-2.362471794107846e-13,-3.634296356086297e-15
271.28,-2.36431410372636e-13,-3.5589712776892356e-15
271.29,-2.3661348173626576e-13,-3.483167693559516e-15
271.3,-2.3679417688873635e-13,-3.4067955588763103e-15
271.31,-2.3697226676931153e-13,-3.3302149013552082e-15
271.32,-2.371484407807665e-13,-3.2531672064479582e-15
271.33,-2.3732392622066033e-13,-3.175570329230377e-15
271.34,-2.3749645607216013e-13,-3.0978694131769382e-15
271.35,-2.37667404318492e-13,-3.019627316373538e-15
271.36,-2.378361992635457e-13,-2.94107320434003e-15
271.37,-2.380032845539618e-13,-2.8619693636976226e-15
271.38,-2.381680313269378e-13,-2.78292120981577e-15
271.39,-2.3833084773832063e-13,-2.703434054973381e-15
271.4,-2.384915667972686e-13,-2.6234875057788743e-15
271.41,-2.3864958572247364e-13,-2.54349513784461e-15
271.42,-2.388072140394996e-13,-2.4628170658142368e-15
271.43,-2.389617796088033e-13,-2.3820911308868787e-15
271.44,-2.391142534411084e-13,-2.301081161528998e-15
271.45,-2.3926449028817815e-13,-2.2198255485095724e-15
271.46,-2.3941295551193545e-13,-2.1382151221476008e-15
271.47,-2.3955891033954946e-13,-2.056354559527581e-15
271.48,-2.3970279964096896e-13,-1.974466905591197e-15
271.49,-2.3984450756126655e-13,-1.8921724879307477e-15
271.5,-2.399835274731646e-13,-1.809862898895617e-15
271.51,-2.401215224647128e-13,-1.7269825742899264e-15
271.52,-2.402565922956511e-13,-1.6441404125314557e-15
271.53,-2.403892870769219e-13,-1.5611533513399825e-15
271.54,-2.405197631248803e-13,-1.4780243908962834e-15
271.55,-2.406484570213777e-13,-1.3945806779294028e-15
271.56,-2.407742872654261e-13,-1.3111559541037766e-15
271.57,-2.408982093664721e-13,-1.2274623918703275e-15
271.58,-2.4101946260551143e-13,-1.1437279954376416e-15
271.59,-2.4113834998444374e-13,-1.0599116028793691e-15
271.6,-2.412554448533556e-13,-9.758988649647037e-16
271.61,-2.41369782494471e-13,-8.917940917245764e-16
271.62,-2.414819574045185e-13,-8.076025561444022e-16
271.63,-2.415915178743099e-13,-7.234065653752498e-16
271.64,-2.416989388936739e-13,-6.391338643233799e-16
271.65,-2.4180389568925226e-13,-5.547486085076031e-16
271.66,-2.419066965567727e-13,-4.702351609707926e-16
271.67,-2.42006488516958e-13,-3.8597082728955744e-16
271.68,-2.4210411317569786e-13,-3.016526290438181e-16
271.69,-2.4219948424980666e-13,-2.170608837573479e-16
271.7,-2.422920626455693e-13,-1.326985206661651e-16
271.71,-2.423827030286424e-13,-4.811952811536923e-17
271.72,-2.4247048153466423e-13,3.619454055578775e-17
271.73,-2.4255610927854976e-13,1.2069874548089012e-16
271.74,-2.426389233994954e-13,2.049056633367526e-16
271.75,-2.42719976420876e-13,2.895359865067053e-16
271.76,-2.4279793569517637e-13,3.735464553303118e-16
271.77,-2.4287302045696805e-13,4.577550951129349e-16
271.78,-2.4294605274310724e-13,5.419061362042846e-16
271.79,-2.430164918891828e-13,6.258197911486885e-16
271.8,-2.4308470002915165e-13,7.097342654429978e-16
271.81,-2.431500123133322e-13,7.934910444422349e-16
271.82,-2.4321286426388533e-13,8.770868548121268e-16
271.83,-2.4327303484435065e-13,9.605243924168453e-16
271.84,-2.433319450344314e-13,1.0442873033200915e-15
271.85,-2.4338617879612767e-13,1.1272489084194542e-15
271.86,-2.434388315511761e-13,1.2101681233654073e-15
271.87,-2.434893091634977e-13,1.2931279470838687e-15
271.88,-2.43536750813222e-13,1.3756149438587425e-15
271.89,-2.4358217846673313e-13,1.4584172861963413e-15
271.9,-2.4362428085982356e-13,1.540482932136757e-15
271.91,-2.4366435152958355e-13,1.6225640166484573e-15
271.92,-2.4370160190623886e-13,1.7043931387960568e-15
271.93,-2.4373757440994405e-13,1.786435730135182e-15
271.94,-2.4376869935287015e-13,1.8674610102312573e-15
271.95,-2.4379769402657404e-13,1.9483705023718346e-15
271.96,-2.438251354910656e-13,2.0293407155713513e-15
271.97,-2.438492517170331e-13,2.1098850134485387e-15
271.98,-2.438711890339017e-13,2.190247683605846e-15
271.99,-2.4389048423418887e-13,2.270119450461719e-15
272.0,-2.43907166585481e-13,2.3498277634175468e-15
272.01,-2.439211032220333e-13,2.4291608929054694e-15
272.02,-2.439333798150717e-13,2.5084663415140944e-15
272.03,-2.43941387458542e-13,2.586837767826068e-15
272.04,-2.4394745011201954e-13,2.6652248695179763e-15
272.05,-2.439515162015663e-13,2.7433911467751867e-15
272.06,-2.439519954899746e-13,2.820817675232616e-15
272.07,-2.43950903092239e-13,2.8982244560042803e-15
272.08,-2.439468154047292e-13,2.9750934050431414e-15
272.09,-2.439397858906571e-13,3.051962135512653e-15
272.1,-2.4393072054292363e-13,3.1277320577414175e-15
272.11,-2.4391952341218437e-13,3.203515608731563e-15
272.12,-2.4390461789171554e-13,3.2791252219695677e-15
272.13,-2.438872983302106e-13,3.353570210392833e-15
272.14,-2.438680069702227e-13,3.4281113492293895e-15
272.15,-2.4384589568169813e-13,3.5021970879839264e-15
272.16,-2.438210011148661e-13,3.575639038055753e-15
272.17,-2.4379368655200197e-13,3.648752160985937e-15
272.18,-2.437641024945858e-13,3.721449884403106e-15
272.19,-2.4373119733684895e-13,3.793436078018163e-15
272.2,-2.4369668998294716e-13,3.864979071260471e-15
272.21,-2.4365890402592e-13,3.936286831067342e-15
272.22,-2.4361872796936236e-13,4.0068540104842455e-15
272.23,-2.4357625705489053e-13,4.077136262891791e-15
272.24,-2.4353111451110196e-13,4.1467630007484616e-15
272.25,-2.434829348689242e-13,4.215828217374732e-15
272.26,-2.434327962419967e-13,4.284302490010633e-15
272.27,-2.4338055631656394e-13,4.3523920086686625e-15
272.28,-2.4332494192847927e-13,4.419727766781801e-15
272.29,-2.432677483472821e-13,4.486565702338411e-15
272.3,-2.432081831992318e-13,4.553402277389318e-15
272.31,-2.431444156842508e-13,4.618899912326756e-15
272.32,-2.4307931959891104e-13,4.6841127157952615e-15
272.33,-2.430116553860111e-13,4.748667880389311e-15
272.34,-2.4294169612887763e-13,4.812746186694435e-15
272.35,-2.4286900108315695e-13,4.876081726327364e-15
272.36,-2.4279408024542474e-13,4.938974106570678e-15
272.37,-2.427164146765648e-13,5.0009601754138655e-15
272.38,-2.4263642175655093e-13,5.062338668652034e-15
272.39,-2.42555321547453e-13,5.1233134431415764e-15
272.4,-2.424695701935188e-13,5.1837471601223e-15
272.41,-2.4238292718854703e-13,5.243440084409715e-15
272.42,-2.4229324496161757e-13,5.3024425730252245e-15
272.43,-2.4220112895068575e-13,5.3606874079086315e-15
272.44,-2.421069258045749e-13,5.418336690190024e-15
272.45,-2.420105095427902e-13,5.475360928996682e-15
272.46,-2.4191142348198134e-13,5.531518085627389e-15
272.47,-2.4180958826585244e-13,5.5869255346285864e-15
272.48,-2.4170703631991537e-13,5.642277827260542e-15
272.49,-2.4160043227049076e-13,5.696242609028267e-15
272.5,-2.414926496081848e-13,5.7499703864689905e-15
272.51,-2.4138208038978014e-13,5.80271749352696e-15
272.52,-2.4126911386518505e-13,5.85480530138796e-15
272.53,-2.4115437385188133e-13,5.906106566463936e-15
272.54,-2.4103683575788603e-13,5.9568831896843784e-15
272.55,-2.4091737521230385e-13,6.006636223983163e-15
272.56,-2.4079542983817004e-13,6.0557374418221075e-15
272.57,-2.406714458980095e-13,6.104186826451664e-15
272.58,-2.405453725835992e-13,6.151903446296426e-15
272.59,-2.40417281351349e-13,6.1989021749142905e-15
272.6,-2.4028664556610837e-13,6.2449896587574965e-15
272.61,-2.4015394927996836e-13,6.290452306321821e-15
272.62,-2.4001918272252856e-13,6.3350875111988515e-15
272.63,-2.398822522106304e-13,6.379093758874446e-15
272.64,-2.397433582710222e-13,6.42198276988859e-15
272.65,-2.396021484014099e-13,6.4642315164995104e-15
272.66,-2.394586163805044e-13,6.505664805712137e-15
272.67,-2.393135332428852e-13,6.546408537829676e-15
272.68,-2.3916635387315896e-13,6.586460025932512e-15
272.69,-2.390171116147741e-13,6.6254954341141835e-15
272.7,-2.3886580286316727e-13,6.663940768244229e-15
272.71,-2.387122218819989e-13,6.701374840934945e-15
272.72,-2.3855684367603755e-13,6.738015141841277e-15
272.73,-2.383995728660203e-13,6.7738403804945964e-15
272.74,-2.3823986395544537e-13,6.808660552357718e-15
272.75,-2.3807884415884676e-13,6.84298785052034e-15
272.76,-2.37915941399622e-13,6.87654192754858e-15
272.77,-2.377508220664389e-13,6.909091926618901e-15
272.78,-2.3758401471114165e-13,6.940822463976206e-15
272.79,-2.3741543593404734e-13,6.971794565653234e-15
272.8,-2.3724440199743834e-13,7.001734051431243e-15
272.81,-2.370722158213481e-13,7.0310128853639695e-15
272.82,-2.3689806981427744e-13,7.059345941021972e-15
272.83,-2.367230961834116e-13,7.087280462436457e-15
272.84,-2.3654364292362835e-13,7.113080155717288e-15
272.85,-2.363646188015458e-13,7.139334065998456e-15
272.86,-2.3618327315391466e-13,7.16439504690585e-15
272.87,-2.360000633214036e-13,7.188330422260074e-15
272.88,-2.358153674087472e-13,7.211489112773327e-15
272.89,-2.3562911779179433e-13,7.233981696233226e-15
272.9,-2.354405627979046e-13,7.255269731891707e-15
272.91,-2.35251009512023e-13,7.275973155816523e-15
272.92,-2.350585745050878e-13,7.29507580085108e-15
272.93,-2.3486644753265484e-13,7.313962760010237e-15
272.94,-2.346722998748802e-13,7.33278027558161e-15
272.95,-2.344760604744197e-13,7.349873551608796e-15
272.96,-2.3427827263889347e-13,7.366041557508353e-15
272.97,-2.340802005637083e-13,7.381699486249378e-15
272.98,-2.338786376707701e-13,7.395919296999217e-15
272.99,-2.3367655419806535e-13,7.409488061405227e-15
273.0,-2.3347309943838535e-13,7.422248395633842e-15
273.01,-2.3326817205743506e-13,7.43427149981668e-15
273.02,-2.330596814183877e-13,7.444266752618685e-15
273.03,-2.328535570052198e-13,7.455105836477094e-15
273.04,-2.326445029376159e-13,7.464560335033685e-15
273.05,-2.3243391436879577e-13,7.472768713247051e-15
273.06,-2.322219266041176e-13,7.48024313420125e-15
273.07,-2.320089863681969e-13,7.486768944477192e-15
273.08,-2.3179415262595557e-13,7.492475977741683e-15
273.09,-2.3157848885231135e-13,7.497206771893721e-15
273.1,-2.313619327285802e-13,7.501263714309655e-15
273.11,-2.311411716406598e-13,7.50441093562192e-15
273.12,-2.3092363527557125e-13,7.506295998991644e-15
273.13,-2.3070330433080487e-13,7.507668112085784e-15
273.14,-2.3048119447216354e-13,7.507891384241475e-15
273.15,-2.302583322527147e-13,7.50748432399869e-15
273.16,-2.3003456362840273e-13,7.506146083885556e-15
273.17,-2.2980905726974e-13,7.50388572739832e-15
273.18,-2.2958266998487786e-13,7.500588304475065e-15
273.19,-2.2935532770158533e-13,7.496514486488295e-15
273.2,-2.291269092992689e-13,7.49207555584737e-15
273.21,-2.288977597062874e-13,7.485920217621768e-15
273.22,-2.286675232988231e-13,7.479315059259694e-15
273.23,-2.2843627876989463e-13,7.471853434541451e-15
273.24,-2.2820377172971503e-13,7.463270832839543e-15
273.25,-2.279708277839129e-13,7.45409012074532e-15
273.26,-2.2773718216546936e-13,7.444115442562018e-15
273.27,-2.275019323593763e-13,7.432839962027374e-15
273.28,-2.272666065391623e-13,7.421155639569934e-15
273.29,-2.2702962526234232e-13,7.408577675685553e-15
273.3,-2.2679250420073058e-13,7.39486270551108e-15
273.31,-2.2655433555320244e-13,7.38044648377264e-15
273.32,-2.2631539968375453e-13,7.365093696200717e-15
273.33,-2.2607569088877683e-13,7.349064729437554e-15
273.34,-2.2583517031533966e-13,7.331757430042873e-15
273.35,-2.2559422471838167e-13,7.314037023834747e-15
273.36,-2.2535278629900238e-13,7.295393394196012e-15
273.37,-2.2511072820389036e-13,7.275852785847921e-15
273.38,-2.2486721560800537e-13,7.255533580482483e-15
273.39,-2.2462381881686513e-13,7.234229346953061e-15
273.4,-2.243799386536219e-13,7.212278715421286e-15
273.41,-2.241352933293553e-13,7.189448748220308e-15
273.42,-2.2389036959275303e-13,7.165783824573189e-15
273.43,-2.2364473190494602e-13,7.141255448369787e-15
273.44,-2.2339824247797498e-13,7.115957401494547e-15
273.45,-2.23151927200829e-13,7.089750126567619e-15
273.46,-2.2290548157295897e-13,7.062976692331716e-15
273.47,-2.2265733323617645e-13,7.035131626665917e-15
273.48,-2.224093308755455e-13,7.0062855105145224e-15
273.49,-2.221614383548894e-13,6.977149941014876e-15
273.5,-2.2191281119639054e-13,6.946824841169244e-15
273.51,-2.2166407488052785e-13,6.916000077727195e-15
273.52,-2.214149550986918e-13,6.884214948047463e-15
273.53,-2.2116569849831643e-13,6.851792867465162e-15
273.54,-2.2091622353480676e-13,6.818520870894074e-15
273.55,-2.2066635783063186e-13,6.784383139826616e-15
273.56,-2.204161054395081e-13,6.749649506535601e-15
273.57,-2.201660512978499e-13,6.7139722082322204e-15
273.58,-2.1991566850772154e-13,6.677638295993487e-15
273.59,-2.1966534902574505e-13,6.640532119946725e-15
273.6,-2.1941463332031758e-13,6.602688078293837e-15
273.61,-2.191640289075802e-13,6.5640647783504496e-15
273.62,-2.189133069271066e-13,6.5247868855628245e-15
273.63,-2.1866248108069944e-13,6.484616154754835e-15
273.64,-2.1841200583000704e-13,6.443954210871129e-15
273.65,-2.1816096669165296e-13,6.402318027362867e-15
273.66,-2.1791028259275957e-13,6.360081040157391e-15
273.67,-2.1765948958232752e-13,6.317204923082638e-15
273.68,-2.1740893991599072e-13,6.2735804473046804e-15
273.69,-2.1715865940626604e-13,6.2292552194992885e-15
273.7,-2.1690828042051309e-13,6.1842329746020885e-15
273.71,-2.1665799875850963e-13,6.138566152247695e-15
273.72,-2.1640809145078438e-13,6.092030543303973e-15
273.73,-2.161579807950614e-13,6.0449971427630365e-15
273.74,-2.1590825951669958e-13,5.9971257190719695e-15
273.75,-2.1565880713860206e-13,5.948440040218558e-15
273.76,-2.1540983529296903e-13,5.899698606413637e-15
273.77,-2.1516134391955214e-13,5.850214383370678e-15
273.78,-2.1491259919976703e-13,5.799718265376774e-15
273.79,-2.146645824248667e-13,5.748722904610044e-15
273.8,-2.1441622572281646e-13,5.696971669308304e-15
273.81,-2.1416944690963705e-13,5.6448667346295134e-15
273.82,-2.139212916711357e-13,5.59188069438944e-15
273.83,-2.1367500344206465e-13,5.538466881023907e-15
273.84,-2.1342896655272644e-13,5.48437124314741e-15
273.85,-2.1318360508427403e-13,5.42980461396009e-15
273.86,-2.1293747071143158e-13,5.374404123151284e-15
273.87,-2.1269274026439521e-13,5.318539010452589e-15
273.88,-2.1244837216280828e-13,5.2621179035605355e-15
273.89,-2.1220455058762324e-13,5.205175861809046e-15
273.9,-2.1196180629334165e-13,5.147614188764026e-15
273.91,-2.1171882544478768e-13,5.08941327712009e-15
273.92,-2.1147648303346238e-13,5.030737827802893e-15
273.93,-2.1123522540932504e-13,4.971674145015098e-15
273.94,-2.1099444400939873e-13,4.9118965429740165e-15
273.95,-2.1075437932717193e-13,4.851612634192304e-15
273.96,-2.105150181052645e-13,4.7909087622406795e-15
273.97,-2.1027618629645373e-13,4.729650136896635e-15
273.98,-2.100380640484031e-13,4.66779928402694e-15
273.99,-2.0980200167442146e-13,4.605633215078237e-15
274.0,-2.0956440586020003e-13,4.542886355568749e-15
274.01,-2.0932856469663164e-13,4.479679778368973e-15
274.02,-2.090938014012705e-13,4.415856598341423e-15
274.03,-2.0885947616771226e-13,4.3515760613174225e-15
274.04,-2.0862658617008966e-13,4.28714145150208e-15
274.05,-2.0839400279193957e-13,4.222025135050604e-15
274.06,-2.081624644913315e-13,4.15640652871787e-15
274.07,-2.0793192207490427e-13,4.090689878189854e-15
274.08,-2.0770379025080635e-13,4.0257390013947084e-15
274.09,-2.0747360945504958e-13,3.957416479584548e-15
274.1,-2.072458328448511e-13,3.8904676059943725e-15
274.11,-2.0701922960272156e-13,3.8229286907000015e-15
274.12,-2.0679304535637858e-13,3.7547735359054666e-15
274.13,-2.0656849042189425e-13,3.68651751476817e-15
274.14,-2.0634490434247951e-13,3.6179916381352834e-15
274.15,-2.0612229845764955e-13,3.548861333796959e-15
274.16,-2.0590009572418883e-13,3.4793989442617413e-15
274.17,-2.0567938458709835e-13,3.4104303985523795e-15
274.18,-2.0546094910237896e-13,3.339812900330718e-15
274.19,-2.052418987792549e-13,3.2692176150352533e-15
274.2,-2.050250120707387e-13,3.1985514117886384e-15
274.21,-2.048087334334451e-13,3.127473872541943e-15
274.22,-2.0459337792825503e-13,3.0556697804288933e-15
274.23,-2.043803842884306e-13,2.9844760062097847e-15
274.24,-2.041678122516871e-13,2.9125271009865606e-15
274.25,-2.0395634207451692e-13,2.8401394939676806e-15
274.26,-2.037457719987955e-13,2.767793167882433e-15
274.27,-2.0353711564945755e-13,2.695685135325153e-15
274.28,-2.0332983759703313e-13,2.622181249141795e-15
274.29,-2.0312407069201558e-13,2.5490724775314643e-15
274.3,-2.0291886520204437e-13,2.475468958452058e-15
274.31,-2.027150252105653e-13,2.4017730220687402e-15
274.32,-2.0251305647887617e-13,2.328016341339725e-15
274.33,-2.0231207974268728e-13,2.253919616276041e-15
274.34,-2.0211234529832297e-13,2.179520753702748e-15
274.35,-2.0191382673254267e-13,2.1050569263302077e-15
274.36,-2.0171873592736721e-13,2.0309675218504945e-15
274.37,-2.0152170504431472e-13,1.955549344188118e-15
274.38,-2.0132784360220064e-13,1.8806401581588433e-15
274.39,-2.011354156239642e-13,1.805636026896182e-15
274.4,-2.0094374753532198e-13,1.7302519367124925e-15
274.41,-2.0075431126965456e-13,1.654921822041773e-15
274.42,-2.0056620133251261e-13,1.5794223092957836e-15
274.43,-2.0037944502746785e-13,1.5036814592583557e-15
274.44,-2.0019400090108422e-13,1.427924193361479e-15
274.45,-2.0000991122048682e-13,1.3520809304598303e-15
274.46,-1.9982792593787737e-13,1.2761870041182528e-15
274.47,-1.996471666835904e-13,1.2002621612968575e-15
274.48,-1.9946819428167902e-13,1.124275188884416e-15
274.49,-1.9929068153924217e-13,1.047960781808789e-15
274.5,-1.9911462429605616e-13,9.71955460940572e-16
274.51,-1.9894054366865147e-13,8.957194863216617e-16
274.52,-1.9876729293754213e-13,8.19275092788219e-16
274.53,-1.9859596958638893e-13,7.430146585920378e-16
274.54,-1.984267647364492e-13,6.66764408304757e-16
274.55,-1.9825852903950902e-13,5.904090175927941e-16
274.56,-1.980923618305698e-13,5.142204852695024e-16
274.57,-1.9792759396210074e-13,4.378508949764826e-16
274.58,-1.977646689638204e-13,3.6169455845470465e-16
274.59,-1.9760287867123686e-13,2.8535162677753194e-16
274.6,-1.9744343307615176e-13,2.0918472223936126e-16
274.61,-1.9728531220266253e-13,1.3302936748763594e-16
274.62,-1.971291688418447e-13,5.696709033033911e-17
274.63,-1.9697439830057958e-13,-1.9108901166028963e-17
274.64,-1.968215563821487e-13,-9.499985527267765e-17
274.65,-1.966707058516055e-13,-1.708270291731017e-16
274.66,-1.9652092176434668e-13,-2.466299183778535e-16
274.67,-1.963735820744147e-13,-3.222154695074899e-16
274.68,-1.9622753995435022e-13,-3.9802747245135247e-16
274.69,-1.96083236247961e-13,-4.733337276931747e-16
274.7,-1.959406098386981e-13,-5.487253648617723e-16
274.71,-1.9580069496259137e-13,-6.238245903933868e-16
274.72,-1.956609298359768e-13,-6.990862784856265e-16
274.73,-1.955241734927968e-13,-7.738055291486725e-16
274.74,-1.9538940917037024e-13,-8.483052953421821e-16
274.75,-1.9525567305543732e-13,-9.229249098242524e-16
274.76,-1.9512412904179288e-13,-9.973072764591591e-16
274.77,-1.9499416877808627e-13,-1.0714737371716794e-15
274.78,-1.9486625352242647e-13,-1.1453905431951057e-15
274.79,-1.947397347309773e-13,-1.2192519166975982e-15
274.8,-1.946157428261502e-13,-1.2932105526767974e-15
274.81,-1.9449233749451336e-13,-1.3663617474409505e-15
274.82,-1.9437214859922293e-13,-1.4392028815068266e-15
274.83,-1.942538121435305e-13,-1.5118195724987259e-15
274.84,-1.9413681075886743e-13,-1.584504355724479e-15
274.85,-1.9402165756336042e-13,-1.6568105746659287e-15
274.86,-1.9390850512612257e-13,-1.7288500223038843e-15
274.87,-1.9379699288993603e-13,-1.8008175718236054e-15
274.88,-1.9368743971694193e-13,-1.8723322875819936e-15
274.89,-1.9357984979149811e-13,-1.9435538699355464e-15
274.9,-1.934736193048702e-13,-2.014758611347449e-15
274.91,-1.9337016422855202e-13,-2.084962969803963e-15
274.92,-1.9326865151953803e-13,-2.155324490158669e-15
274.93,-1.9316813294425977e-13,-2.225429636782857e-15
274.94,-1.9306997344898593e-13,-2.2949639909921715e-15
274.95,-1.9297388493295688e-13,-2.3642064391463954e-15
274.96,-1.9287934791325158e-13,-2.433263263523362e-15
274.97,-1.9278701855194886e-13,-2.5018609653083257e-15
274.98,-1.9269626250595906e-13,-2.5700692535652723e-15
274.99,-1.926077503906268e-13,-2.6381250373156407e-15
275.0,-1.9252112933056626e-13,-2.705458277925449e-15
275.01,-1.9243638572139388e-13,-2.7724671830527702e-15
275.02,-1.923533575610404e-13,-2.839373199166416e-15
275.03,-1.9227220642979709e-13,-2.9055349798027556e-15
275.04,-1.9219343725538653e-13,-2.9711875718819923e-15
275.05,-1.9211590211357786e-13,-3.0369608407909626e-15
275.06,-1.92040385510717e-13,-3.1020873856819126e-15
275.07,-1.9196691210186288e-13,-3.1666870776272586e-15
275.08,-1.9189659677407096e-13,-3.230700384182198e-15
275.09,-1.918261741312131e-13,-3.2945655083499414e-15
275.1,-1.9175818085999271e-13,-3.3580882780788066e-15
275.11,-1.916928165125631e-13,-3.420725201899026e-15
275.12,-1.9162901658754036e-13,-3.48303338595837e-15
275.13,-1.9156703289850527e-13,-3.545210486986145e-15
275.14,-1.9150711262807437e-13,-3.6064374949685094e-15
275.15,-1.9144883490985215e-13,-3.667475445819437e-15
275.16,-1.9139306190339134e-13,-3.727816241405159e-15
275.17,-1.9133958120347476e-13,-3.787579684669802e-15
275.18,-1.9128609165032627e-13,-3.847228284696403e-15
275.19,-1.912357982804387e-13,-3.906096683447563e-15
275.2,-1.9118714762129762e-13,-3.9644772151364396e-15
275.21,-1.9114043995252413e-13,-4.022429167244266e-15
275.22,-1.9109545940282194e-13,-4.079766514685973e-15
275.23,-1.9105296126076146e-13,-4.13633504028584e-15
275.24,-1.910112434269933e-13,-4.1928932809723835e-15
275.25,-1.9097238795885339e-13,-4.2483933298969446e-15
275.26,-1.9093661228526566e-13,-4.303133672953667e-15
275.27,-1.9089968151406258e-13,-4.358186270316947e-15
275.28,-1.908671996218179e-13,-4.4120060577721255e-15
275.29,-1.9083485919681718e-13,-4.465558899003244e-15
275.3,-1.9080510572733792e-13,-4.518464163247268e-15
275.31,-1.9077747609593828e-13,-4.570585426996112e-15
275.32,-1.9075136999563391e-13,-4.622211142357488e-15
275.33,-1.9072668993911063e-13,-4.6734055780113435e-15
275.34,-1.9070485963507092e-13,-4.723838827503954e-15
275.35,-1.906849329947221e-13,-4.773276716279905e-15
275.36,-1.9066541675777959e-13,-4.822934232657252e-15
275.37,-1.9064857917537066e-13,-4.871459156538546e-15
275.38,-1.906332216922518e-13,-4.919558174332488e-15
275.39,-1.9062019854353488e-13,-4.96687568848398e-15
275.4,-1.906088488285916e-13,-5.013595068119106e-15
275.41,-1.9059920753350796e-13,-5.0596741623818145e-15
275.42,-1.9059158023440162e-13,-5.105101778728154e-15
275.43,-1.9058531590802547e-13,-5.149828364714456e-15
275.44,-1.9058131952705193e-13,-5.193801742607223e-15
275.45,-1.9057909223744397e-13,-5.237440672268524e-15
275.46,-1.9057801247848108e-13,-5.280168730872325e-15
275.47,-1.9057914526280367e-13,-5.322317815172138e-15
275.48,-1.9058179944744079e-13,-5.36385136508277e-15
275.49,-1.9058645137779815e-13,-5.404602499950921e-15
275.5,-1.9059290086277041e-13,-5.4446631443376336e-15
275.51,-1.9060095926658783e-13,-5.484167265294244e-15
275.52,-1.9061075263299517e-13,-5.522783919753735e-15
275.53,-1.9062165693791935e-13,-5.560798312287128e-15
275.54,-1.9063512754759946e-13,-5.598167207797581e-15
275.55,-1.906499624111485e-13,-5.6347607476564204e-15
275.56,-1.906665535838536e-13,-5.67067730987116e-15
275.57,-1.9068483846325376e-13,-5.7058576255179365e-15
275.58,-1.907046378361511e-13,-5.74036764400653e-15
275.59,-1.9072613869480136e-13,-5.774196912302236e-15
275.6,-1.9074948536332013e-13,-5.807374089073051e-15
275.61,-1.9077430427839773e-13,-5.8395446451837756e-15
275.62,-1.9080053170909454e-13,-5.871115317632762e-15
275.63,-1.9082863931251638e-13,-5.902137028682027e-15
275.64,-1.908585161264617e-13,-5.932149158793505e-15
275.65,-1.9088980634099095e-13,-5.961600645730859e-15
275.66,-1.9092260445933724e-13,-5.990188135367882e-15
275.67,-1.9095700399414421e-13,-6.018186500230826e-15
275.68,-1.9099291577999165e-13,-6.045301584113744e-15
275.69,-1.9103052436634956e-13,-6.072060213924792e-15
275.7,-1.9106975362059066e-13,-6.097548554364268e-15
275.71,-1.9111075750062894e-13,-6.122314142625021e-15
275.72,-1.9115290845979633e-13,-6.146612368314937e-15
275.73,-1.91196635101036e-13,-6.1699545366520546e-15
275.74,-1.912414714270717e-13,-6.192748379771977e-15
275.75,-1.9128805091067607e-13,-6.214649449554546e-15
275.76,-1.9133590058011597e-13,-6.235874199505357e-15
275.77,-1.9138618051886652e-13,-6.256029113209609e-15
275.78,-1.914362032853363e-13,-6.276164338347056e-15
275.79,-1.9148976170537762e-13,-6.294484854852197e-15
275.8,-1.9154407599131666e-13,-6.312414866523141e-15
275.81,-1.9159917430868861e-13,-6.329922009471228e-15
275.82,-1.9165608188939067e-13,-6.346399899528676e-15
275.83,-1.9171381972222508e-13,-6.362310142434412e-15
275.84,-1.9177344560990114e-13,-6.3771595983447944e-15
275.85,-1.918343269455358e-13,-6.39139002159289e-15
275.86,-1.9189665347715489e-13,-6.404747707732501e-15
275.87,-1.9195936974009537e-13,-6.417946648490704e-15
275.88,-1.9202477233564236e-13,-6.429421664853472e-15
275.89,-1.920913941122255e-13,-6.44030748590231e-15
275.9,-1.921590355505603e-13,-6.45065757161056e-15
275.91,-1.9222769649407607e-13,-6.460133731108032e-15
275.92,-1.9229770735030396e-13,-6.4689229969779224e-15
275.93,-1.9236875829461698e-13,-6.47693119129397e-15
275.94,-1.924415626401351e-13,-6.4840314089067984e-15
275.95,-1.92515262779937e-13,-6.490467385819536e-15
275.96,-1.925892754687685e-13,-6.496436004055638e-15
275.97,-1.9266625993299268e-13,-6.500872672213802e-15
275.98,-1.9274359928925662e-13,-6.504998327524068e-15
275.99,-1.9282231202677694e-13,-6.50827195375407e-15
276.0,-1.9290256205894757e-13,-6.510453920457321e-15
276.01,-1.9298292446467083e-13,-6.512417946892295e-15
276.02,-1.9306447755540645e-13,-6.5135018226618245e-15
276.03,-1.931476695396467e-13,-6.513734240383512e-15
276.04,-1.9323224412738195e-13,-6.512756888851926e-15
276.05,-1.9331612511486967e-13,-6.511772227104587e-15
276.06,-1.9340382782051544e-13,-6.509272117994241e-15
276.07,-1.934906341748025e-13,-6.506286810300767e-15
276.08,-1.9357913237256383e-13,-6.5025684943944914e-15
276.09,-1.9366859726407435e-13,-6.4979920772158544e-15
276.1,-1.9375895984638317e-13,-6.4926223440552726e-15
276.11,-1.938505353419488e-13,-6.4865722996185664e-15
276.12,-1.9394273740115274e-13,-6.479779944015628e-15
276.13,-1.94035981925667e-13,-6.472155386538144e-15
276.14,-1.9412924281686e-13,-6.463849005274295e-15
276.15,-1.9422535891357316e-13,-6.454740542005171e-15
276.16,-1.9432125410774213e-13,-6.444677021840212e-15
276.17,-1.9441837379966202e-13,-6.433972961105857e-15
276.18,-1.945162734022808e-13,-6.422527128953468e-15
276.19,-1.9461488333631175e-13,-6.4101628828419214e-15
276.2,-1.9471469135975786e-13,-6.3972473310374965e-15
276.21,-1.9481486782501986e-13,-6.383635393376124e-15
276.22,-1.9491635346065681e-13,-6.368931530811323e-15
276.23,-1.9501747094779015e-13,-6.35394216032942e-15
276.24,-1.9511927234883554e-13,-6.338570201682424e-15
276.25,-1.9522465651516156e-13,-6.321037224346287e-15
276.26,-1.953288634088247e-13,-6.3035744267361606e-15
276.27,-1.9543373200701194e-13,-6.2853914876458575e-15
276.28,-1.9553959732974387e-13,-6.2663000367255765e-15
276.29,-1.956461426797199e-13,-6.246598334450099e-15
276.3,-1.9575308415926799e-13,-6.226290571887146e-15
276.31,-1.958607692184668e-13,-6.2049651719906996e-15
276.32,-1.959689628039886e-13,-6.1831288943543475e-15
276.33,-1.9607735609018306e-13,-6.1607368005758375e-15
276.34,-1.961880825061051e-13,-6.137042249867089e-15
276.35,-1.9629835997557828e-13,-6.1130841544860614e-15
276.36,-1.9640899231775835e-13,-6.088332903119826e-15
276.37,-1.965204629085795e-13,-6.06289685828499e-15
276.38,-1.9663239602103493e-13,-6.036593090424425e-15
276.39,-1.9674463460961337e-13,-6.009796772608855e-15
276.4,-1.968578754017428e-13,-5.982084097799311e-15
276.41,-1.969711857712293e-13,-5.9536565971443034e-15
276.42,-1.9708563345394645e-13,-5.924720630683731e-15
276.43,-1.971996490704433e-13,-5.8950724316065635e-15
276.44,-1.9731429296237116e-13,-5.86481716450419e-15
276.45,-1.9742933438814088e-13,-5.833952142668952e-15
276.46,-1.9754546239263871e-13,-5.801914080644576e-15
276.47,-1.9766135774172536e-13,-5.76962208712035e-15
276.48,-1.9777793427668298e-13,-5.7365338073432035e-15
276.49,-1.9789486896831097e-13,-5.702637372868675e-15
276.5,-1.9801253658216282e-13,-5.668156071888466e-15
276.51,-1.9812934299506628e-13,-5.633268265953095e-15
276.52,-1.9824697616961646e-13,-5.5976090620183196e-15
276.53,-1.983653475260633e-13,-5.5612162243881926e-15
276.54,-1.9848380613914124e-13,-5.524173299944938e-15
276.55,-1.9860230975060485e-13,-5.486609722920134e-15
276.56,-1.9872113522401917e-13,-5.44839588550025e-15
276.57,-1.9884029948975592e-13,-5.409348112645421e-15
276.58,-1.9895939860504678e-13,-5.3699402530697905e-15
276.59,-1.9907914376302389e-13,-5.329711805925032e-15
276.6,-1.9919859716058219e-13,-5.289016417186793e-15
276.61,-1.9931835685035406e-13,-5.2476391405013065e-15
276.62,-1.9943857669841149e-13,-5.205704366518341e-15
276.63,-1.995585958474135e-13,-5.163127242434122e-15
276.64,-1.9967871717723025e-13,-5.120042083261682e-15
276.65,-1.997990562555501e-13,-5.076250236928035e-15
276.66,-1.9991936692591835e-13,-5.032002715175588e-15
276.67,-2.0003977744888945e-13,-4.9869944223824146e-15
276.68,-2.0016057969206043e-13,-4.941409283374549e-15
276.69,-2.0028070969431215e-13,-4.895420484684619e-15
276.7,-2.0040089661561213e-13,-4.8490552056764325e-15
276.71,-2.0052126846138042e-13,-4.802020784863645e-15
276.72,-2.0064186048029463e-13,-4.7541963082223995e-15
276.73,-2.0076207669602069e-13,-4.706033148691116e-15
276.74,-2.0088238878061358e-13,-4.657289044013384e-15
276.75,-2.010026489454915e-13,-4.608057072511394e-15
276.76,-2.0112261924780695e-13,-4.558315348565306e-15
276.77,-2.0124327593752777e-13,-4.507174671373521e-15
276.78,-2.0136242925763652e-13,-4.456962199936935e-15
276.79,-2.014821948145172e-13,-4.405769467669322e-15
276.8,-2.0160202548556318e-13,-4.353962850868878e-15
276.81,-2.01721567932393e-13,-4.301486381243876e-15
276.82,-2.0184053523058007e-13,-4.248850339003838e-15
276.83,-2.019598119312359e-13,-4.195486452771232e-15
276.84,-2.0207857113618733e-13,-4.1417739424720545e-15
276.85,-2.021970682723366e-13,-4.0875862375082445e-15
276.86,-2.0231569967758995e-13,-4.032636056688272e-15
276.87,-2.024332012808664e-13,-3.9772633323838466e-15
276.88,-2.025510195466341e-13,-3.922214707652689e-15
276.89,-2.0266862703755045e-13,-3.866217081044068e-15
276.9,-2.027854161988838e-13,-3.809874581151989e-15
276.91,-2.0290268830835272e-13,-3.7529288594208004e-15
276.92,-2.0301886921602306e-13,-3.6957042470591065e-15
276.93,-2.0313496306417325e-13,-3.637950416110831e-15
276.94,-2.0325039066453714e-13,-3.57990417049236e-15
276.95,-2.0336541105396444e-13,-3.521504654932963e-15
276.96,-2.0348183686408325e-13,-3.4612142512700816e-15
276.97,-2.0359498441919642e-13,-3.4032484834664644e-15
276.98,-2.0370907753571535e-13,-3.343608826537555e-15
276.99,-2.0382248745277932e-13,-3.2835703060619012e-15
277.0,-2.0393576229402662e-13,-3.2232066515234675e-15
277.01,-2.0404765986445963e-13,-3.162764033686761e-15
277.02,-2.0416025204377844e-13,-3.101580292307425e-15
277.03,-2.0427171750891803e-13,-3.0402354475893175e-15
277.04,-2.0438274553537992e-13,-2.978550287022875e-15
277.05,-2.0449562084892315e-13,-2.915881983722047e-15
277.06,-2.0460324512672476e-13,-2.8539731623952613e-15
277.07,-2.0471221005874554e-13,-2.7915549754786142e-15
277.08,-2.0482122903064214e-13,-2.7283619911082274e-15
277.09,-2.0492980151003315e-13,-2.6649112958542018e-15
277.1,-2.050367861336598e-13,-2.6016098024108707e-15
277.11,-2.051440166600013e-13,-2.5376793196311586e-15
277.12,-2.052501797250093e-13,-2.473545411464646e-15
277.13,-2.0535678958931556e-13,-2.408605866164641e-15
277.14,-2.0546175707607042e-13,-2.3444356570989043e-15
277.15,-2.055652379967012e-13,-2.2795700334895866e-15
277.16,-2.056688752797742e-13,-2.214408791372719e-15
277.17,-2.0577162577405576e-13,-2.149051030853586e-15
277.18,-2.0587387623177147e-13,-2.0834192408806295e-15
277.19,-2.0597519077788838e-13,-2.0176915501128288e-15
277.2,-2.0607574787577915e-13,-1.9516967460568704e-15
277.21,-2.061755871624506e-13,-1.8854333208789833e-15
277.22,-2.062744586012647e-13,-1.8191851928889636e-15
277.23,-2.063736814280462e-13,-1.7524034226576128e-15
277.24,-2.0647065371169969e-13,-1.685718147927863e-15
277.25,-2.0656717555906997e-13,-1.6186379757874924e-15
277.26,-2.0666313846671402e-13,-1.5516304957388257e-15
277.27,-2.0675836999567876e-13,-1.4843796160676208e-15
277.28,-2.0685225131123577e-13,-1.4169729087021235e-15
277.29,-2.0694575607399654e-13,-1.3493280729471115e-15
277.3,-2.0703796424691256e-13,-1.281673968479617e-15
277.31,-2.071294446209056e-13,-1.2139636261402738e-15
277.32,-2.072207789772399e-13,-1.14581867003721e-15
277.33,-2.073099572951191e-13,-1.0780190910580318e-15
277.34,-2.0739897015312474e-13,-1.0096982541134784e-15
277.35,-2.0748657604211297e-13,-9.416248387520079e-16
277.36,-2.075737880559797e-13,-8.732013934917355e-16
277.37,-2.0766010417193944e-13,-8.046147668695843e-16
277.38,-2.0774526794708123e-13,-7.362526171130384e-16
277.39,-2.0782886331192158e-13,-6.67689870438472e-16
277.4,-2.0791214047164897e-13,-5.991701628567152e-16
277.41,-2.0799457597942357e-13,-5.303363269649596e-16
277.42,-2.08075659853048e-13,-4.616968570201515e-16
277.43,-2.0815554907955677e-13,-3.9307416624212913e-16
277.44,-2.0823465899348478e-13,-3.243047404731167e-16
277.45,-2.0831263136526131e-13,-2.555489795096437e-16
277.46,-2.0838925440197492e-13,-1.8691435907628354e-16
277.47,-2.0846558290168003e-13,-1.1802597266172955e-16
277.48,-2.0853990597534126e-13,-4.9395930013931695e-17
277.49,-2.086143880854381e-13,1.9520685095094943e-17
277.5,-2.0868706404430593e-13,8.817290700252934e-17
277.51,-2.0875828531482935e-13,1.567654418286815e-16
277.52,-2.0882894432074448e-13,2.254158908023979e-16
277.53,-2.0889811837669267e-13,2.939183408546159e-16
277.54,-2.0896648881469222e-13,3.625585510177442e-16
277.55,-2.0903380701077887e-13,4.309675022691045e-16
277.56,-2.0909945423321745e-13,4.993089173522845e-16
277.57,-2.0916406495380424e-13,5.675355835086349e-16
277.58,-2.092284223394947e-13,6.359667082050513e-16
277.59,-2.092908664423565e-13,7.040086467525466e-16
277.6,-2.0935209324940218e-13,7.720153563784246e-16
277.61,-2.0941205203885747e-13,8.398081269209044e-16
277.62,-2.0947114309005252e-13,9.07637941965646e-16
277.63,-2.0952911197869142e-13,9.754060997887331e-16
277.64,-2.0958575968552644e-13,1.042955254909766e-15
277.65,-2.0964135511053652e-13,1.1105244005218667e-15
277.66,-2.096948767048248e-13,1.1773923730551874e-15
277.67,-2.097484688978016e-13,1.2447346787715863e-15
277.68,-2.098001324692565e-13,1.311589430549158e-15
277.69,-2.0985030557162012e-13,1.3782785411318052e-15
277.7,-2.0989981232636582e-13,1.44481953108527e-15
277.71,-2.0994814916320467e-13,1.5113383941183524e-15
277.72,-2.099946737725521e-13,1.5774238734449706e-15
277.73,-2.1004020000985187e-13,1.6433315840678762e-15
277.74,-2.100843060776262e-13,1.709202269553428e-15
277.75,-2.1012688275607716e-13,1.7746298444503975e-15
277.76,-2.1016927593486483e-13,1.840225281567978e-15
277.77,-2.1020958421594856e-13,1.9052953296613807e-15
277.78,-2.1024875954892778e-13,1.9702326151877154e-15
277.79,-2.1028675834211274e-13,2.034882773002061e-15
277.8,-2.1032310141963045e-13,2.0992974063989187e-15
277.81,-2.1035841405517787e-13,2.163265793665061e-15
277.82,-2.1039240113538862e-13,2.2271873732048735e-15
277.83,-2.1042493165088023e-13,2.290773446394661e-15
277.84,-2.1045520883461653e-13,2.3537069675166685e-15
277.85,-2.1048558307001593e-13,2.416605796494181e-15
277.86,-2.1051502644438518e-13,2.4796143861437648e-15
277.87,-2.1054204358298825e-13,2.5421522505095514e-15
277.88,-2.105684506583406e-13,2.604343549161013e-15
277.89,-2.10593007984733e-13,2.6660727841441737e-15
277.9,-2.1061660355944021e-13,2.7276155304440462e-15
277.91,-2.1063870962268893e-13,2.7888325763681013e-15
277.92,-2.1065920276648665e-13,2.8495878496206516e-15
277.93,-2.106772627428239e-13,2.909040050340738e-15
277.94,-2.1069663930716164e-13,2.9701243083335324e-15
277.95,-2.1071300387220568e-13,3.0300080732512686e-15
277.96,-2.1072836170555006e-13,3.089358389086095e-15
277.97,-2.1074224860873119e-13,3.1484094228462002e-15
277.98,-2.1075487445106108e-13,3.2070261146666817e-15
277.99,-2.1076593748681277e-13,3.265166256523843e-15
278.0,-2.1077559267407063e-13,3.3232194012723542e-15
278.01,-2.1078453035769474e-13,3.380800214200904e-15
278.02,-2.1079283024343267e-13,3.437672603410443e-15
278.03,-2.1079705005460294e-13,3.494516710301878e-15
278.04,-2.1080158310414688e-13,3.550857030026602e-15
278.05,-2.108043667099475e-13,3.606621838303204e-15
278.06,-2.1080560606819253e-13,3.662093163522359e-15
278.07,-2.1080547517414515e-13,3.717054552590011e-15
278.08,-2.108054269587369e-13,3.7717473461533536e-15
278.09,-2.1080244403748246e-13,3.825731506970319e-15
278.1,-2.1079916765159893e-13,3.8796286273900456e-15
278.11,-2.107947602729039e-13,3.933222525917452e-15
278.12,-2.1078700039155098e-13,3.985608481476681e-15
278.13,-2.1077920431466574e-13,4.037923898572394e-15
278.14,-2.1076944713989637e-13,4.089609104719282e-15
278.15,-2.1075910217891022e-13,4.141139110503846e-15
278.16,-2.1074656532690072e-13,4.191901957823888e-15
278.17,-2.1073340346978825e-13,4.242440337606246e-15
278.18,-2.1071863375062185e-13,4.292301944500622e-15
278.19,-2.1070278479261993e-13,4.341851068087154e-15
278.2,-2.1068521586230625e-13,4.391143065776829e-15
278.21,-2.1066694636195317e-13,4.438676267366141e-15
278.22,-2.1064592448953688e-13,4.4871311703154085e-15
278.23,-2.106238096175739e-13,4.5343261401935766e-15
278.24,-2.1060062953485584e-13,4.58113329522408e-15
278.25,-2.1057609456736356e-13,4.6274894943061115e-15
278.26,-2.105506982717249e-13,4.6733749892409986e-15
278.27,-2.1052345462411105e-13,4.71857583630047e-15
278.28,-2.1049493873883554e-13,4.763276724703488e-15
278.29,-2.104656179271295e-13,4.807775770975694e-15
278.3,-2.1043427710094428e-13,4.851047651350391e-15
278.31,-2.1040160534829456e-13,4.894232359353583e-15
278.32,-2.1036795870466672e-13,4.936788559755225e-15
278.33,-2.1033251717276619e-13,4.978722057712744e-15
278.34,-2.1029576654404378e-13,5.020007941054474e-15
278.35,-2.102578919569136e-13,5.060785672544015e-15
278.36,-2.1021887512437907e-13,5.101069063967684e-15
278.37,-2.1017831895841832e-13,5.140763388075863e-15
278.38,-2.101364861350017e-13,5.179896873708369e-15
278.39,-2.100928144567586e-13,5.2181666259669636e-15
278.4,-2.1004887983039392e-13,5.2562619760157905e-15
278.41,-2.1000304702361956e-13,5.293293635180637e-15
278.42,-2.0995603635384698e-13,5.330258034068328e-15
278.43,-2.0990725281698545e-13,5.366202498757554e-15
278.44,-2.0985780148434301e-13,5.401681701609972e-15
278.45,-2.0980671711244822e-13,5.43653921630268e-15
278.46,-2.097543881164717e-13,5.470877938644595e-15
278.47,-2.0970086350221625e-13,5.5045858513308775e-15
278.48,-2.096461355843403e-13,5.537528752669555e-15
278.49,-2.0958971931315748e-13,5.569878705278191e-15
278.5,-2.095320219455266e-13,5.60152226857558e-15
278.51,-2.0947339756773002e-13,5.632781769882166e-15
278.52,-2.0941342273463742e-13,5.663170387133472e-15
278.53,-2.0935219388497217e-13,5.693009781168196e-15
278.54,-2.0928958418203707e-13,5.722280204329007e-15
278.55,-2.0922630908195933e-13,5.7509870516544564e-15
278.56,-2.0916109385245255e-13,5.778769481830304e-15
278.57,-2.0909548974503163e-13,5.806315784206705e-15
278.58,-2.0902770965990973e-13,5.832859664655389e-15
278.59,-2.089586994930213e-13,5.858636620427628e-15
278.6,-2.0888900124858843e-13,5.8840792702234725e-15
278.61,-2.088179908072656e-13,5.908768727637407e-15
278.62,-2.0874564824759983e-13,5.932706148723392e-15
278.63,-2.0867201211909495e-13,5.955988116663692e-15
278.64,-2.0859798302063847e-13,5.9789506859679084e-15
278.65,-2.0852213834631893e-13,6.001146908704017e-15
278.66,-2.0844520728788884e-13,6.022498923839255e-15
278.67,-2.0836687371967568e-13,6.042941422890237e-15
278.68,-2.0828744953225211e-13,6.062831596388292e-15
278.69,-2.0820709125187168e-13,6.082282157892097e-15
278.7,-2.081257079615305e-13,6.101043348685453e-15
278.71,-2.0804259261423765e-13,6.1188707485254965e-15
278.72,-2.07958614908655e-13,6.136161864316135e-15
278.73,-2.0787421409721751e-13,6.153003014896083e-15
278.74,-2.0778602190511373e-13,6.1683953628556195e-15
278.75,-2.0770104102488516e-13,6.184429149591421e-15
278.76,-2.076126932555391e-13,6.19868430823593e-15
278.77,-2.0752311119504265e-13,6.21262398654457e-15
278.78,-2.0743263948449622e-13,6.225841009548267e-15
278.79,-2.073409861452793e-13,6.238349184700077e-15
278.8,-2.072485697746974e-13,6.250279388562557e-15
278.81,-2.0715487913573498e-13,6.261417189137637e-15
278.82,-2.0706011146729824e-13,6.271890641916764e-15
278.83,-2.0696499068811956e-13,6.2817220968402234e-15
278.84,-2.0686731163787575e-13,6.290595822659054e-15
278.85,-2.0677000739500246e-13,6.299221326478387e-15
278.86,-2.0667110326828486e-13,6.306819962113199e-15
278.87,-2.0657150723592117e-13,6.314007479938918e-15
278.88,-2.064707035021026e-13,6.32032712514949e-15
278.89,-2.063693217804037e-13,6.326046592735192e-15
278.9,-2.062664540000447e-13,6.330942779054421e-15
278.91,-2.0616258985109858e-13,6.3352455348287325e-15
278.92,-2.0605809623981757e-13,6.33878197678877e-15
278.93,-2.059521539213233e-13,6.3415346364124936e-15
278.94,-2.0584635397264012e-13,6.3440131427422435e-15
278.95,-2.0573965261029266e-13,6.345676590910922e-15
278.96,-2.0563099262299251e-13,6.346505729749773e-15
278.97,-2.0552144358031013e-13,6.346426818270738e-15
278.98,-2.0541175043204042e-13,6.346191267574353e-15
278.99,-2.0530034370694182e-13,6.344647546216938e-15
279.0,-2.0518871829465694e-13,6.342972492582076e-15
279.01,-2.050759205889906e-13,6.340341075934455e-15
279.02,-2.0496094879939635e-13,6.336363684011082e-15
279.03,-2.04847953356055e-13,6.332937324568111e-15
279.04,-2.0473270107510243e-13,6.3283540666261465e-15
279.05,-2.0461669128328582e-13,6.322937582783656e-15
279.06,-2.0449976842344845e-13,6.316884226490341e-15
279.07,-2.04382159735208e-13,6.310232212914771e-15
279.08,-2.042637765318865e-13,6.3027896633004166e-15
279.09,-2.041449398940031e-13,6.295051616274816e-15
279.1,-2.040243673486164e-13,6.285825283652374e-15
279.11,-2.0390236082134453e-13,6.2761104527533266e-15
279.12,-2.0378237514135746e-13,6.266633499664038e-15
279.13,-2.0366020768486378e-13,6.255818013346047e-15
279.14,-2.0353713558545849e-13,6.244458471838755e-15
279.15,-2.0341343217976575e-13,6.2323849643142925e-15
279.16,-2.0328950160491754e-13,6.219636927269838e-15
279.17,-2.0316424184085828e-13,6.206165520589753e-15
279.18,-2.0303915904305352e-13,6.1923785654746025e-15
279.19,-2.029119329106819e-13,6.177412134920492e-15
279.2,-2.0278436826794688e-13,6.16154403941368e-15
279.21,-2.0265767687033202e-13,6.1460233941772865e-15
279.22,-2.025288130408425e-13,6.129099846711867e-15
279.23,-2.0240077194837398e-13,6.112116906732569e-15
279.24,-2.0227123636045522e-13,6.094135735337707e-15
279.25,-2.0214098030992223e-13,6.075414367773064e-15
279.26,-2.020103562745875e-13,6.0561134622265e-15
279.27,-2.0187909576112596e-13,6.036240194130619e-15
279.28,-2.0174743214280132e-13,6.01577730687032e-15
279.29,-2.0161469551911597e-13,5.994223736474634e-15
279.3,-2.0148225338956812e-13,5.972882289728623e-15
279.31,-2.0134864283301945e-13,5.950224873475702e-15
279.32,-2.012149313869792e-13,5.927292223950312e-15
279.33,-2.0108065758336427e-13,5.90366435106804e-15
279.34,-2.0094571026926763e-13,5.879328025119365e-15
279.35,-2.008102729026843e-13,5.8545023740111734e-15
279.36,-2.006741740213681e-13,5.8288795400364196e-15
279.37,-2.0053792192399615e-13,5.802745049768574e-15
279.38,-2.0040192488250515e-13,5.776087583356665e-15
279.39,-2.0026416471858375e-13,5.748687901306311e-15
279.4,-2.0012667650394423e-13,5.720794927964663e-15
279.41,-1.9998843080649946e-13,5.692320815027581e-15
279.42,-1.9985018433992816e-13,5.663159656029204e-15
279.43,-1.9971156248767843e-13,5.6334636363083455e-15
279.44,-1.9957251577620963e-13,5.603179838783659e-15
279.45,-1.9943275165790674e-13,5.5723670095699375e-15
279.46,-1.9929364623109398e-13,5.5410629015103235e-15
279.47,-1.991539028985778e-13,5.509114959323514e-15
279.48,-1.9901282258464462e-13,5.4764884668394346e-15
279.49,-1.9887224298090913e-13,5.443366889505018e-15
279.5,-1.9873133864139998e-13,5.40980924651483e-15
279.51,-1.9859016013037358e-13,5.375478585090006e-15
279.52,-1.984482954382288e-13,5.340714917854967e-15
279.53,-1.9830687752460739e-13,5.305348559012835e-15
279.54,-1.9816393991587563e-13,5.269497393400534e-15
279.55,-1.9802189358662037e-13,5.233065939751639e-15
279.56,-1.9787944356004622e-13,5.1960709979677956e-15
279.57,-1.9773662892302373e-13,5.158735408693235e-15
279.58,-1.975938717363045e-13,5.120706073141889e-15
279.59,-1.9745070735478741e-13,5.0822311615219244e-15
279.6,-1.9730748736763203e-13,5.0431634501616706e-15
279.61,-1.9716392042790904e-13,5.0036258225777714e-15
279.62,-1.97020349870986e-13,4.963626060361019e-15
279.63,-1.968768453952704e-13,4.9233642176883074e-15
279.64,-1.9673279458130277e-13,4.882091206842571e-15
279.65,-1.9658843154022468e-13,4.840380580030985e-15
279.66,-1.9644477892260146e-13,4.798612537545688e-15
279.67,-1.9630085772921088e-13,4.756250524747265e-15
279.68,-1.961565873483429e-13,4.713386939546023e-15
279.69,-1.960124497191018e-13,4.669937362159925e-15
279.7,-1.9586828952307812e-13,4.626098411659166e-15
279.71,-1.9572369431488922e-13,4.581677784377737e-15
279.72,-1.955798937952553e-13,4.537371552336116e-15
279.73,-1.954349788511515e-13,4.491630419457312e-15
279.74,-1.9529039785762546e-13,4.445918858554666e-15
279.75,-1.951460393542806e-13,4.399857561563109e-15
279.76,-1.9500182241537024e-13,4.35339603659436e-15
279.77,-1.9485753542268017e-13,4.306457141029588e-15
279.78,-1.947132277187601e-13,4.259141901062953e-15
279.79,-1.945692178865738e-13,4.211488018345802e-15
279.8,-1.9442508249796957e-13,4.163275717955254e-15
279.81,-1.9428146656710045e-13,4.114943897457187e-15
279.82,-1.9413704513373882e-13,4.065775076337847e-15
279.83,-1.9399342794349532e-13,4.0163375560646646e-15
279.84,-1.9384940820559897e-13,3.966592309168753e-15
279.85,-1.9370603631278256e-13,3.9165712969968746e-15
279.86,-1.935626460572277e-13,3.866131372215888e-15
279.87,-1.934192935642465e-13,3.81523875663165e-15
279.88,-1.9327595796535138e-13,3.763844310920461e-15
279.89,-1.9313320096244583e-13,3.7123755523341225e-15
279.9,-1.9299119298640986e-13,3.660852060228751e-15
279.91,-1.9284797604752064e-13,3.6081891411742425e-15
279.92,-1.9270591953755557e-13,3.555700841206362e-15
279.93,-1.9256324788881212e-13,3.502711163854426e-15
279.94,-1.9242084045499798e-13,3.4494264853596957e-15
279.95,-1.9227976381059789e-13,3.3959681138773415e-15
279.96,-1.921383635331159e-13,3.342052580762752e-15
279.97,-1.9199687032207793e-13,3.287982822280661e-15
279.98,-1.918566496441305e-13,3.2334665790519145e-15
279.99,-1.9171703869996583e-13,3.179129464007821e-15
280.0,-1.9157514635407794e-13,3.123534984969536e-15
280.01,-1.9143591857493208e-13,3.0684160860351466e-15
280.02,-1.9129624942907623e-13,3.012860935119327e-15
280.03,-1.91157161301126e-13,2.9570459526698454e-15
280.04,-1.9101794648147246e-13,2.9006503096030163e-15
280.05,-1.9087938423323083e-13,2.8444217710959217e-15
280.06,-1.9074111926115205e-13,2.787906064400291e-15
280.07,-1.9060317563064359e-13,2.7309438351692228e-15
280.08,-1.9046728583298274e-13,2.6744465252346058e-15
280.09,-1.903296216806456e-13,2.6170265468368304e-15
280.1,-1.9019237572876644e-13,2.5592034489159367e-15
280.11,-1.9005596752890928e-13,2.5013760199677024e-15
280.12,-1.8991977797410193e-13,2.4431837693068166e-15
280.13,-1.8978474551776447e-13,2.3852627087819715e-15
280.14,-1.89649771862839e-13,2.3268675946136182e-15
280.15,-1.8951522559437696e-13,2.2683749412526146e-15
280.16,-1.893811402102088e-13,2.2094727609597194e-15
280.17,-1.8924893420083998e-13,2.151177780828492e-15
280.18,-1.8911518597287293e-13,2.0924943728851107e-15
280.19,-1.8898214854365513e-13,2.03231013848443e-15
280.2,-1.8885033003648024e-13,1.9733624734654357e-15
280.21,-1.8871863424246806e-13,1.9136524997045347e-15
280.22,-1.8858776420192225e-13,1.8539887407562776e-15
280.23,-1.8845727330270745e-13,1.794253120290033e-15
280.24,-1.8832724772941133e-13,1.73435056647894e-15
280.25,-1.8819806511362514e-13,1.6743209979844487e-15
280.26,-1.8806982727383204e-13,1.6143648973453184e-15
280.27,-1.8794072520210166e-13,1.5539668980906443e-15
280.28,-1.878134443941928e-13,1.493596410131787e-15
280.29,-1.8768610765717647e-13,1.4332740579364152e-15
280.3,-1.8755996214549625e-13,1.3727316823877232e-15
280.31,-1.874341351152137e-13,1.3121355564302473e-15
280.32,-1.8730886607243382e-13,1.2515362217122395e-15
280.33,-1.8718420485459856e-13,1.1908362282167313e-15
280.34,-1.870604038292219e-13,1.1300606983006147e-15
280.35,-1.869367859237176e-13,1.069106829880343e-15
280.36,-1.8681435284229916e-13,1.0082636056919086e-15
280.37,-1.8669237263375367e-13,9.47417797039064e-16
280.38,-1.8657077174566207e-13,8.863911297886546e-16
280.39,-1.8645039379356565e-13,8.256058831615584e-16
280.4,-1.8633012167706424e-13,7.645038157386907e-16
280.41,-1.862109005185492e-13,7.036295053535966e-16
280.42,-1.860924434837035e-13,6.42724288924966e-16
280.43,-1.8597462483728966e-13,5.816198797176601e-16
280.44,-1.85856420829231e-13,5.204200447176367e-16
280.45,-1.8574101209920964e-13,4.597114694909916e-16
280.46,-1.8562526411317148e-13,3.9883046664695375e-16
280.47,-1.855100177262748e-13,3.378510380349278e-16
280.48,-1.8539613928737748e-13,2.770749989405069e-16
280.49,-1.852825090124081e-13,2.1630079807222196e-16
280.5,-1.851698926474333e-13,1.5535399510542462e-16
280.51,-1.8505717393483758e-13,9.461894484895804e-17
280.52,-1.8494672723763858e-13,3.410277489359326e-17
280.53,-1.848367953880459e-13,-2.62942598116227e-17
280.54,-1.8472667618491973e-13,-8.686998276339014e-17
280.55,-1.8461763202742204e-13,-1.4725167954892324e-16
280.56,-1.8450964321011088e-13,-2.0766791723298272e-16
280.57,-1.8440252878892528e-13,-2.6779501598609915e-16
280.58,-1.8429633253611175e-13,-3.278508838568183e-16
280.59,-1.8419024784460162e-13,-3.8802756381278205e-16
280.6,-1.8408587140377364e-13,-4.478897260757805e-16
280.61,-1.8398154291373423e-13,-5.076328797294988e-16
280.62,-1.8387642054941308e-13,-5.674928183048501e-16
280.63,-1.8377653540669124e-13,-6.265454584057516e-16
280.64,-1.8367499259233195e-13,-6.858920843560681e-16
280.65,-1.8357406039655409e-13,-7.452365795693478e-16
280.66,-1.8347452315332629e-13,-8.041931668105749e-16
280.67,-1.8337540596712106e-13,-8.631110165707459e-16
280.68,-1.832778098466196e-13,-9.216680374849761e-16
280.69,-1.831806294735891e-13,-9.80268282835041e-16
280.7,-1.8308452301167268e-13,-1.0384850977424903e-15
280.71,-1.8298912735780633e-13,-1.096870630332019e-15
280.72,-1.8289470352158787e-13,-1.1546047589304042e-15
280.73,-1.8280082282990495e-13,-1.212400596242136e-15
280.74,-1.8270814040819919e-13,-1.2700194132988317e-15
280.75,-1.8261657889057676e-13,-1.327241242232067e-15
280.76,-1.8252585616690085e-13,-1.3842061232680405e-15
280.77,-1.824355065094615e-13,-1.4413781913466279e-15
280.78,-1.8234673715696217e-13,-1.4979507050545889e-15
280.79,-1.8225870735549077e-13,-1.5542729080792018e-15
280.8,-1.8217149766329396e-13,-1.610433663881856e-15
280.81,-1.8208612125816337e-13,-1.6663738501529495e-15
280.82,-1.819999618667841e-13,-1.7221903595462354e-15
280.83,-1.8191542076391545e-13,-1.7774388485029903e-15
280.84,-1.8183177561762645e-13,-1.8326395437337148e-15
280.85,-1.817494795034234e-13,-1.8874101217848964e-15
280.86,-1.8166767264408414e-13,-1.9420094522903242e-15
280.87,-1.815871903668946e-13,-1.9963310449274343e-15
280.88,-1.8150779652645794e-13,-2.0502103941232006e-15
280.89,-1.814285691818451e-13,-2.1039796794867044e-15
280.9,-1.8135090849410152e-13,-2.158605875915471e-15
280.91,-1.8127433523299763e-13,-2.2104702696074176e-15
280.92,-1.8119852918704034e-13,-2.2630685042706103e-15
280.93,-1.811236579000409e-13,-2.3157921755850797e-15
280.94,-1.8104971786058403e-13,-2.367806080741412e-15
280.95,-1.8097714786115585e-13,-2.4192176696244686e-15
280.96,-1.8090473065214254e-13,-2.4709799865930515e-15
280.97,-1.8083387943643677e-13,-2.522045744943178e-15
280.98,-1.8076395429642213e-13,-2.5726742877179316e-15
280.99,-1.8069309384156015e-13,-2.624125288684483e-15
281.0,-1.8062685781238965e-13,-2.6732878502657784e-15
281.01,-1.8056007228930145e-13,-2.7228838471539728e-15
281.02,-1.804933452447965e-13,-2.7723811198462744e-15
281.03,-1.8042843383688468e-13,-2.8213589574519883e-15
281.04,-1.8036472507431285e-13,-2.8697046668136902e-15
281.05,-1.80301287657597e-13,-2.9180203460608e-15
281.06,-1.8023929373371344e-13,-2.9658373184785987e-15
281.07,-1.8017807736954542e-13,-3.013230490570519e-15
281.08,-1.8011698704663603e-13,-3.0605570922275124e-15
281.09,-1.8005853614205257e-13,-3.106814596523182e-15
281.1,-1.8000028541016991e-13,-3.153022854126772e-15
281.11,-1.799430776002994e-13,-3.1988604469066784e-15
281.12,-1.79886901421947e-13,-3.24436753609953e-15
281.13,-1.7983140258321475e-13,-3.2891282764068504e-15
281.14,-1.7977760955796007e-13,-3.333695906774778e-15
281.15,-1.7972471233083044e-13,-3.3776078818681114e-15
281.16,-1.796727135811597e-13,-3.4212563654472807e-15
281.17,-1.796202693065106e-13,-3.4648267173209958e-15
281.18,-1.7957058691437993e-13,-3.5073658192738165e-15
281.19,-1.7952163873761142e-13,-3.5496373728633922e-15
281.2,-1.7947338228379171e-13,-3.5915178899241266e-15
281.21,-1.7942567861624191e-13,-3.632995277725442e-15
281.22,-1.793799099834867e-13,-3.673824658099314e-15
281.23,-1.7933429235700842e-13,-3.7144742748777374e-15
281.24,-1.7929050570243183e-13,-3.754160776380393e-15
281.25,-1.7924694413297634e-13,-3.793806286570735e-15
281.26,-1.792044661095519e-13,-3.8331323954540774e-15
281.27,-1.7916365028231997e-13,-3.871522194190128e-15
281.28,-1.7912285294402797e-13,-3.909707540905941e-15
281.29,-1.790837628899982e-13,-3.947200940511241e-15
281.3,-1.7904527045347437e-13,-3.9843064290222796e-15
281.31,-1.7900799573152675e-13,-4.020933061253619e-15
281.32,-1.7897181855684702e-13,-4.057062815770691e-15
281.33,-1.789362444880534e-13,-4.092633801051251e-15
281.34,-1.7890190007783466e-13,-4.1276477244952856e-15
281.35,-1.788681558477113e-13,-4.162569563662219e-15
281.36,-1.7883615361563185e-13,-4.1963331107171435e-15
281.37,-1.788044463717535e-13,-4.23003946686578e-15
281.38,-1.7877418285736096e-13,-4.263048017225011e-15
281.39,-1.7874445311682215e-13,-4.2955871582610916e-15
281.4,-1.7871611308206418e-13,-4.327512894418578e-15
281.41,-1.7868821582199116e-13,-4.3590448306340216e-15
281.42,-1.7866191806731168e-13,-4.389816425656139e-15
281.43,-1.7863590067064498e-13,-4.4203318227540454e-15
281.44,-1.7861073599674411e-13,-4.45040979438243e-15
281.45,-1.785875291533558e-13,-4.47943367635809e-15
281.46,-1.7856446147949253e-13,-4.5083030763258596e-15
281.47,-1.7854265873383159e-13,-4.536472925757797e-15
281.48,-1.7852144814139603e-13,-4.5642530073034125e-15
281.49,-1.7850150450439956e-13,-4.591322252483712e-15
281.5,-1.7848210529649177e-13,-4.618049768803261e-15
281.51,-1.7846478901163222e-13,-4.643683211965013e-15
281.52,-1.784469215610596e-13,-4.6694425936779495e-15
281.53,-1.7843065438126364e-13,-4.694347674916479e-15
281.54,-1.784152677851515e-13,-4.718691572370117e-15
281.55,-1.784006405220425e-13,-4.742372694936107e-15
281.56,-1.7838741987695317e-13,-4.765534805277042e-15
281.57,-1.783750944941007e-13,-4.788322822891471e-15
281.58,-1.7836319794052885e-13,-4.810229627767397e-15
281.59,-1.7835214062584535e-13,-4.831749367061485e-15
281.6,-1.7834287878889604e-13,-4.852418872090027e-15
281.61,-1.7833321966001734e-13,-4.872980725804121e-15
281.62,-1.783249195427208e-13,-4.892883017152074e-15
281.63,-1.783179250799242e-13,-4.911889589236658e-15
281.64,-1.7831194262404945e-13,-4.930433349874232e-15
281.65,-1.7830578797735328e-13,-4.948712473589944e-15
281.66,-1.7830135315833202e-13,-4.96597944320139e-15
281.67,-1.7829750771345785e-13,-4.982773009994216e-15
281.68,-1.782946214473784e-13,-4.9991131671254014e-15
281.69,-1.7829318636687387e-13,-5.014481919988206e-15
281.7,-1.782916322215356e-13,-5.029762954709113e-15
281.71,-1.7829064845198345e-13,-5.044444728580971e-15
281.72,-1.7829139286957258e-13,-5.058203179762949e-15
281.73,-1.782926681837282e-13,-5.0715184526240585e-15
281.74,-1.7829490019130462e-13,-5.084195781159951e-15
281.75,-1.7829788461098619e-13,-5.096310108534865e-15
281.76,-1.7830133427848437e-13,-5.107940703113554e-15
281.77,-1.7830616683451118e-13,-5.118838260285029e-15
281.78,-1.783117808968977e-13,-5.1282553239866595e-15
281.79,-1.783164540798749e-13,-5.13891996332092e-15
281.8,-1.783245729322181e-13,-5.148071496757229e-15
281.81,-1.7833261272047875e-13,-5.1565160313212146e-15
281.82,-1.7834115512204307e-13,-5.164486749039021e-15
281.83,-1.783506065996656e-13,-5.171734569090766e-15
281.84,-1.7836042449039245e-13,-5.178539771055616e-15
281.85,-1.783713275835047e-13,-5.184801524910379e-15
281.86,-1.783830274543463e-13,-5.190338784376625e-15
281.87,-1.7839346506818142e-13,-5.1950788770989445e-15
281.88,-1.784086766500727e-13,-5.199432452761824e-15
281.89,-1.7842244878744073e-13,-5.203338100845355e-15
281.9,-1.784371422314644e-13,-5.206406106271274e-15
281.91,-1.7845260595564096e-13,-5.208933683622264e-15
281.92,-1.7846819899365266e-13,-5.210939133893263e-15
281.93,-1.784850123813133e-13,-5.2123796993491185e-15
281.94,-1.7850350931752817e-13,-5.212931551951686e-15
281.95,-1.7852050307739854e-13,-5.213423527803929e-15
281.96,-1.7853901990382017e-13,-5.213550440084519e-15
281.97,-1.7855974543993747e-13,-5.211786677966115e-15
281.98,-1.7857935331324204e-13,-5.21025135076245e-15
281.99,-1.786004385873659e-13,-5.2078696536733505e-15
282.0,-1.7862203256804186e-13,-5.205023033010626e-15
282.01,-1.7864445662842683e-13,-5.201526298878304e-15
282.02,-1.7866721760062016e-13,-5.197651216874867e-15
282.03,-1.7869037247155823e-13,-5.193213657693575e-15
282.04,-1.7871466156945094e-13,-5.188053656156685e-15
282.05,-1.787392607025998e-13,-5.182709731105915e-15
282.06,-1.7876444396823144e-13,-5.176200625585874e-15
282.07,-1.787905951964549e-13,-5.169041984270659e-15
282.08,-1.788174729976693e-13,-5.161399661853916e-15
282.09,-1.7884488831679788e-13,-5.153253113544591e-15
282.1,-1.7887244403398142e-13,-5.14464923102478e-15
282.11,-1.7890086078091469e-13,-5.135380903327858e-15
282.12,-1.7892986251958114e-13,-5.125497353953672e-15
282.13,-1.7895937480026662e-13,-5.1152821673513366e-15
282.14,-1.7898960846503969e-13,-5.1042950079849e-15
282.15,-1.790208576354608e-13,-5.092163430870171e-15
282.16,-1.7905128037460407e-13,-5.080502104008545e-15
282.17,-1.790830552865888e-13,-5.067732150424171e-15
282.18,-1.791150759246026e-13,-5.054518776989841e-15
282.19,-1.7914813362706296e-13,-5.040514522281758e-15
282.2,-1.791812130117009e-13,-5.0262433888164945e-15
282.21,-1.7921501148132025e-13,-5.011232625067413e-15
282.22,-1.7924947035172276e-13,-4.995731731377286e-15
282.23,-1.7928393663490895e-13,-4.979760826084225e-15
282.24,-1.7931928667499607e-13,-4.963150676584489e-15
282.25,-1.7935495808682768e-13,-4.945922516387595e-15
282.26,-1.7939073827818587e-13,-4.928388079988966e-15
282.27,-1.7942751624387592e-13,-4.9100690026100496e-15
282.28,-1.7946468441892077e-13,-4.89108095451635e-15
282.29,-1.7950213799994037e-13,-4.871795968429395e-15
282.3,-1.7954018801634767e-13,-4.85180356317194e-15
282.31,-1.795784433509693e-13,-4.831515244086232e-15
282.32,-1.7961739176144014e-13,-4.810494344976598e-15
282.33,-1.796564285457583e-13,-4.789043473509929e-15
282.34,-1.796960195179034e-13,-4.766975861322369e-15
282.35,-1.7973584584885037e-13,-4.744437472004129e-15
282.36,-1.7977628218433323e-13,-4.721308896922491e-15
282.37,-1.7981695949841876e-13,-4.6977843946344336e-15
282.38,-1.7985777692104847e-13,-4.673744911518265e-15
282.39,-1.7989932550407034e-13,-4.6490357310007595e-15
282.4,-1.7994091462421242e-13,-4.6240885495071284e-15
282.41,-1.799831502375429e-13,-4.598402886125831e-15
282.42,-1.8002512436370757e-13,-4.572371557887189e-15
282.43,-1.8006816264103902e-13,-4.54565074037395e-15
282.44,-1.801115722378864e-13,-4.518372360012125e-15
282.45,-1.8015462880305802e-13,-4.490876202474376e-15
282.46,-1.8019835743639476e-13,-4.462755300501705e-15
282.47,-1.8024214077104425e-13,-4.4340107031077675e-15
282.48,-1.8028642175246444e-13,-4.405135203204793e-15
282.49,-1.80330511709082e-13,-4.375666109613732e-15
282.5,-1.8037568587964387e-13,-4.345362994557162e-15
282.51,-1.804201919607092e-13,-4.315208322823123e-15
282.52,-1.804658304786125e-13,-4.284068417040481e-15
282.53,-1.8051128965377873e-13,-4.2526189451292054e-15
282.54,-1.8055695575240212e-13,-4.220744413055327e-15
282.55,-1.806028342222275e-13,-4.188375999005563e-15
282.56,-1.8064859262457884e-13,-4.1557072547584314e-15
282.57,-1.8069501477421814e-13,-4.122409500839224e-15
282.58,-1.8074161296275958e-13,-4.088836469215186e-15
282.59,-1.8079002551325521e-13,-4.053937110797181e-15
282.6,-1.8083514303080169e-13,-4.0202765622075394e-15
282.61,-1.8088201548103449e-13,-3.9852456712599756e-15
282.62,-1.8092923422387205e-13,-3.949807895217685e-15
282.63,-1.8097628040255839e-13,-3.913994712797908e-15
282.64,-1.810234397823975e-13,-3.877778724759412e-15
282.65,-1.8107105003796762e-13,-3.841178063367015e-15
282.66,-1.811187899089514e-13,-3.804039235414032e-15
282.67,-1.8116629459988138e-13,-3.766725061490129e-15
282.68,-1.8121488620463265e-13,-3.7284321860680365e-15
282.69,-1.81263208701577e-13,-3.6903954037442e-15
282.7,-1.8131008393546504e-13,-3.6520511735151804e-15
282.71,-1.8135844657943824e-13,-3.612726765030156e-15
282.72,-1.8140650973716608e-13,-3.573532106412046e-15
282.73,-1.814545466897765e-13,-3.533907494841303e-15
282.74,-1.8150304125397856e-13,-3.493568886146366e-15
282.75,-1.8155131650627294e-13,-3.4530411357070324e-15
282.76,-1.8159993287370565e-13,-3.412191716319896e-15
282.77,-1.8164795661888223e-13,-3.371071313956763e-15
282.78,-1.8169687279391805e-13,-3.3291397144358496e-15
282.79,-1.8174460628303027e-13,-3.2875815451413128e-15
282.8,-1.8179277331968716e-13,-3.2454224719534706e-15
282.81,-1.818414659758822e-13,-3.202658531001761e-15
282.82,-1.818896312414758e-13,-3.159837941706637e-15
282.83,-1.8193745253907673e-13,-3.116636692369547e-15
282.84,-1.8198636339035513e-13,-3.0728916028937665e-15
282.85,-1.820345943666408e-13,-3.029052805207979e-15
282.86,-1.8208219330960304e-13,-2.9852140514616562e-15
282.87,-1.821311732154595e-13,-2.9399158215816853e-15
282.88,-1.8217893595802412e-13,-2.895579219993104e-15
282.89,-1.82226810260148e-13,-2.8505961198616777e-15
282.9,-1.8227455764125e-13,-2.8051688430788294e-15
282.91,-1.823224055823926e-13,-2.759424418441088e-15
282.92,-1.8237013923706428e-13,-2.713576560637522e-15
282.93,-1.8241740932151747e-13,-2.6673384933086163e-15
282.94,-1.8246530620041543e-13,-2.620642386519745e-15
282.95,-1.8251312771579423e-13,-2.5737625729244188e-15
282.96,-1.8256045869641599e-13,-2.5264251100235613e-15
282.97,-1.8260651274609514e-13,-2.4797528928595943e-15
282.98,-1.8265327056092003e-13,-2.4322152887960247e-15
282.99,-1.8270000817896032e-13,-2.384610470858197e-15
283.0,-1.827466597845425e-13,-2.336402847757353e-15
283.01,-1.8279298388804121e-13,-2.288332264107005e-15
283.02,-1.828389845266966e-13,-2.239866437718256e-15
283.03,-1.8288483316212968e-13,-2.191412150328034e-15
283.04,-1.8293100989078133e-13,-2.142210063210534e-15
283.05,-1.8297750517851067e-13,-2.092646483221933e-15
283.06,-1.8302183998344643e-13,-2.0439422793531374e-15
283.07,-1.8306703293842255e-13,-1.9944039420090054e-15
283.08,-1.8311172837285836e-13,-1.944901051570787e-15
283.09,-1.8315650626858493e-13,-1.895046653716595e-15
283.1,-1.8320096352612756e-13,-1.8449474986869373e-15
283.11,-1.832449316886761e-13,-1.794818421106961e-15
283.12,-1.8328846080230763e-13,-1.7446464156670043e-15
283.13,-1.8333211730452427e-13,-1.6939258859465408e-15
283.14,-1.8337581115440994e-13,-1.6429538139504353e-15
283.15,-1.834188763377342e-13,-1.592354023069961e-15
283.16,-1.8346146908639417e-13,-1.5413755724969333e-15
283.17,-1.8350405134986495e-13,-1.4902822300070033e-15
283.18,-1.8354613262662062e-13,-1.4391317110901676e-15
283.19,-1.8358800929557263e-13,-1.3877454039273714e-15
283.2,-1.8362978147553152e-13,-1.336107613639752e-15
283.21,-1.8367085103714471e-13,-1.2844704715477108e-15
283.22,-1.837119837413911e-13,-1.232750860917642e-15
283.23,-1.83751517997788e-13,-1.1809460949981786e-15
283.24,-1.8379252061485416e-13,-1.1289995414956058e-15
283.25,-1.8383238793432357e-13,-1.0769196547632165e-15
283.26,-1.8387174797036343e-13,-1.024864726729141e-15
283.27,-1.8391092182899295e-13,-9.72610221332984e-16
283.28,-1.839496680482965e-13,-9.20376656387386e-16
283.29,-1.8398783965669926e-13,-8.680342787189147e-16
283.3,-1.8402616445479887e-13,-8.156983780872601e-16
283.31,-1.8406345083608325e-13,-7.631599767041247e-16
283.32,-1.8409997686370023e-13,-7.10880563301178e-16
283.33,-1.8413747722595824e-13,-6.580690445604136e-16
283.34,-1.8417380986022624e-13,-6.055143071513719e-16
283.35,-1.8420956065176946e-13,-5.529172402031599e-16
283.36,-1.842452500614914e-13,-5.001832049570003e-16
283.37,-1.842802787208955e-13,-4.475593496525078e-16
283.38,-1.8431483837858977e-13,-3.949527390461664e-16
283.39,-1.8435020021656542e-13,-3.418627900798159e-16
283.4,-1.8438283951765635e-13,-2.894406800929172e-16
283.41,-1.8441595472336285e-13,-2.3683952676681927e-16
283.42,-1.844490681422318e-13,-1.839684666630258e-16
283.43,-1.844812334620161e-13,-1.312937010990337e-16
283.44,-1.845131499355995e-13,-7.872021018017472e-17
283.45,-1.845444671133656e-13,-2.6030076099487086e-17
283.46,-1.84575546352249e-13,2.6608445110223182e-17
283.47,-1.8460546800750005e-13,7.908431715889524e-17
283.48,-1.8463674430122217e-13,1.3196758804121264e-16
283.49,-1.8466517376120025e-13,1.8419202943886193e-16
283.5,-1.8469462261596933e-13,2.369518672638269e-16
283.51,-1.847227882271039e-13,2.8930098339616207e-16
283.52,-1.8475083468894336e-13,3.4157181264456065e-16
283.53,-1.8477799530747666e-13,3.937117130331455e-16
283.54,-1.8480484090721487e-13,4.459964805017739e-16
283.55,-1.848312992356762e-13,4.980857841813864e-16
283.56,-1.8485676961671639e-13,5.500080258218067e-16
283.57,-1.8488239447794874e-13,6.018734893995745e-16
283.58,-1.84907102072855e-13,6.537627599570576e-16
283.59,-1.849309239796577e-13,7.056026363578728e-16
283.6,-1.8495473504297767e-13,7.57244339463281e-16
283.61,-1.8497749126196353e-13,8.086516375456723e-16
283.62,-1.8500052995370582e-13,8.602485127283558e-16
283.63,-1.8502211493096637e-13,9.113936247041773e-16
283.64,-1.8504347804741166e-13,9.625477467909038e-16
283.65,-1.8506429889504072e-13,1.0135084098583035e-15
283.66,-1.8508431241269256e-13,1.0642744042925036e-15
283.67,-1.85104057202176e-13,1.1150704415204964e-15
283.68,-1.8512260892233075e-13,1.1655471568197872e-15
283.69,-1.8514172949188922e-13,1.2161157084854945e-15
283.7,-1.8515909959964544e-13,1.2662070272735966e-15
283.71,-1.851765809190408e-13,1.3163835056773717e-15
283.72,-1.8519317481092055e-13,1.3662935473726778e-15
283.73,-1.852089496907812e-13,1.415885910604028e-15
283.74,-1.8522451495642955e-13,1.465442596879192e-15
283.75,-1.8523901453791462e-13,1.5145714345871928e-15
283.76,-1.852534323825412e-13,1.5639755193772084e-15
283.77,-1.8526691431143614e-13,1.612770601662307e-15
283.78,-1.8528003515339451e-13,1.6616775401154199e-15
283.79,-1.8529225364566637e-13,1.7101167828313348e-15
283.8,-1.853039948767338e-13,1.7585389518312276e-15
283.81,-1.853147487358101e-13,1.80644157633874e-15
283.82,-1.8532525118921068e-13,1.8546493174099914e-15
283.83,-1.853351453987662e-13,1.9020967416457785e-15
283.84,-1.853438988017376e-13,1.9491108833030124e-15
283.85,-1.853525563812066e-13,1.996943627887371e-15
283.86,-1.8536041123115615e-13,2.0435406595394125e-15
283.87,-1.8536765186300792e-13,2.090215942572971e-15
283.88,-1.8537447004393454e-13,2.1367064670681142e-15
283.89,-1.8537988708635378e-13,2.182740411472528e-15
283.9,-1.8538532168150346e-13,2.22871743657437e-15
283.91,-1.8538992727388135e-13,2.2744050025767025e-15
283.92,-1.8539359483108976e-13,2.3195530593594684e-15
283.93,-1.853961312727306e-13,2.364135731615992e-15
283.94,-1.853997791367721e-13,2.40947266570488e-15
283.95,-1.854010870673759e-13,2.45380408155927e-15
283.96,-1.8540246247767403e-13,2.4980764746987746e-15
283.97,-1.8540292011365446e-13,2.5419637242662743e-15
283.98,-1.8540284590395807e-13,2.585762662371657e-15
283.99,-1.854020712089148e-13,2.628970317023234e-15
284.0,-1.8540057892494353e-13,2.6718589837421268e-15
284.01,-1.8539829199472564e-13,2.7145601860772646e-15
284.02,-1.8539423425027544e-13,2.7563306582148715e-15
284.03,-1.8539151414191767e-13,2.7985247399598047e-15
284.04,-1.8538791556195786e-13,2.840608859281853e-15
284.05,-1.853829827556576e-13,2.882000815115747e-15
284.06,-1.8537748893984213e-13,2.9231263436894197e-15
284.07,-1.8537129587249407e-13,2.963823452359659e-15
284.08,-1.8536409684968223e-13,3.0041665719114635e-15
284.09,-1.8535663074931872e-13,3.044143705267904e-15
284.1,-1.853479805774827e-13,3.083791168873949e-15
284.11,-1.8533760450012905e-13,3.122533326513195e-15
284.12,-1.8532776235997918e-13,3.161284031534807e-15
284.13,-1.8531896403510388e-13,3.2005742155167862e-15
284.14,-1.8530796766585706e-13,3.2387950772931317e-15
284.15,-1.8529613383251767e-13,3.276550374619086e-15
284.16,-1.852836739312481e-13,3.3140514972404592e-15
284.17,-1.8527043516849292e-13,3.3510690812339145e-15
284.18,-1.8525657281433116e-13,3.3877998288734238e-15
284.19,-1.852416208705022e-13,3.4240134510739927e-15
284.2,-1.8522637572207946e-13,3.4597658061796845e-15
284.21,-1.852110613042307e-13,3.4955770449974686e-15
284.22,-1.8519400680986946e-13,3.5306006162757653e-15
284.23,-1.8517726056451526e-13,3.565435002753834e-15
284.24,-1.8515877103760611e-13,3.599439484162295e-15
284.25,-1.8514013147377892e-13,3.633556556878564e-15
284.26,-1.8512058396539121e-13,3.6670537877552265e-15
284.27,-1.8510064240444917e-13,3.700117983192026e-15
284.28,-1.85079706566954e-13,3.732743944082302e-15
284.29,-1.850585667872445e-13,3.765105552547167e-15
284.3,-1.850362378681168e-13,3.796835394368122e-15
284.31,-1.8501303525831168e-13,3.828155564190599e-15
284.32,-1.8499006060419515e-13,3.859272575111706e-15
284.33,-1.8496549023699455e-13,3.889708133584431e-15
284.34,-1.8494082457341135e-13,3.919832442623623e-15
284.35,-1.8491523710568848e-13,3.949561936375787e-15
284.36,-1.8488907268270842e-13,3.978855570947645e-15
284.37,-1.8486182696655706e-13,4.007494789159833e-15
284.38,-1.8483483736853063e-13,4.036018715907201e-15
284.39,-1.8480589595047037e-13,4.0636964439729615e-15
284.4,-1.847769034210703e-13,4.09110729280444e-15
284.41,-1.8474721162801184e-13,4.118197669902677e-15
284.42,-1.8471729940074054e-13,4.1447570281379866e-15
284.43,-1.8468597891526457e-13,4.170770441248814e-15
284.44,-1.8465451644524884e-13,4.196483458204628e-15
284.45,-1.8462202088050896e-13,4.2217750573109284e-15
284.46,-1.8458911055454447e-13,4.246192901641455e-15
284.47,-1.8455413064365563e-13,4.270126012308572e-15
284.48,-1.8452055234477239e-13,4.294012180658944e-15
284.49,-1.844861346945858e-13,4.3174886799271464e-15
284.5,-1.8445043778491852e-13,4.340314549955211e-15
284.51,-1.8441400869853255e-13,4.362586802633245e-15
284.52,-1.843769503606426e-13,4.384412337916108e-15
284.53,-1.843395392645385e-13,4.405853996981953e-15
284.54,-1.8430110081160962e-13,4.426705167173709e-15
284.55,-1.8426220252811936e-13,4.446916609940525e-15
284.56,-1.8422072616987016e-13,4.466964858640986e-15
284.57,-1.8418229200199333e-13,4.486326339661729e-15
284.58,-1.8414153891491224e-13,4.5052248450648974e-15
284.59,-1.8409999029140172e-13,4.523838404717029e-15
284.6,-1.8405792765069125e-13,4.5417476232636396e-15
284.61,-1.840151903158721e-13,4.5591995177568146e-15
284.62,-1.839716869013618e-13,4.576255429600275e-15
284.63,-1.8392782907558404e-13,4.592777865923421e-15
284.64,-1.8388308085644987e-13,4.6086734480517015e-15
284.65,-1.8383802716097668e-13,4.62409816575911e-15
284.66,-1.837914558089077e-13,4.6388190945827566e-15
284.67,-1.8374516208059614e-13,4.653700552316713e-15
284.68,-1.8369847633342653e-13,4.667807951061672e-15
284.69,-1.836506832192511e-13,4.6812282281224835e-15
284.7,-1.8360344180259367e-13,4.694050372125083e-15
284.71,-1.835536843068881e-13,4.706686181426312e-15
284.72,-1.83503879168872e-13,4.718615012759111e-15
284.73,-1.8345365796688806e-13,4.729989347164784e-15
284.74,-1.8340311924353793e-13,4.741040008564928e-15
284.75,-1.8335064093903794e-13,4.750952317548603e-15
284.76,-1.8329973867992178e-13,4.761380605906323e-15
284.77,-1.8324762490459523e-13,4.770891597847044e-15
284.78,-1.8319448037877375e-13,4.779709789338505e-15
284.79,-1.8314121458210242e-13,4.788328374473316e-15
284.8,-1.8308671276135537e-13,4.796023294302583e-15
284.81,-1.8303223502617777e-13,4.803679296660126e-15
284.82,-1.8297682680382404e-13,4.8103455933543965e-15
284.83,-1.8292177759409243e-13,4.816813840217021e-15
284.84,-1.8286342905955698e-13,4.82353852339336e-15
284.85,-1.8280765295808482e-13,4.828101491432138e-15
284.86,-1.827508972214598e-13,4.833026225918372e-15
284.87,-1.8269212715047304e-13,4.83729922797057e-15
284.88,-1.8263406836458495e-13,4.8413500324181755e-15
284.89,-1.8257437460690218e-13,4.844384271128636e-15
284.9,-1.825153639702437e-13,4.8474591181971714e-15
284.91,-1.8245487276883376e-13,4.8495422451017125e-15
284.92,-1.823925487097501e-13,4.851331105448218e-15
284.93,-1.8233402787219385e-13,4.8536619936653425e-15
284.94,-1.8227174935924407e-13,4.853590992925899e-15
284.95,-1.8220957232173266e-13,4.853905244472301e-15
284.96,-1.8214686060929463e-13,4.853685797065366e-15
284.97,-1.820838544625129e-13,4.852949067145647e-15
284.98,-1.8202046953967694e-13,4.8517768701334665e-15
284.99,-1.8195625080095365e-13,4.8499738633761325e-15
285.0,-1.8189158645749154e-13,4.8476046353688154e-15
285.01,-1.8182725935104673e-13,4.844932651747787e-15
285.02,-1.8176179875643692e-13,4.8421597630602374e-15
285.03,-1.8169542087723545e-13,4.838022192017135e-15
285.04,-1.816282729045122e-13,4.833667344911014e-15
285.05,-1.8156211972724523e-13,4.829077957044528e-15
285.06,-1.8149477516832527e-13,4.823917265776916e-15
285.07,-1.8142681857633852e-13,4.8179525455731355e-15
285.08,-1.813586727517542e-13,4.8118383725601266e-15
285.09,-1.8129005783958013e-13,4.804977111361524e-15
285.1,-1.8122144326296155e-13,4.797714210225196e-15
285.11,-1.81151960153344e-13,4.790432052697164e-15
285.12,-1.810819527772429e-13,4.781952707534727e-15
285.13,-1.8101180143294741e-13,4.773311680113424e-15
285.14,-1.809411435930848e-13,4.76404086428189e-15
285.15,-1.8087000705778917e-13,4.7543733951935164e-15
285.16,-1.8079897356070128e-13,4.7443233726012246e-15
285.17,-1.807265805936527e-13,4.733844920346425e-15
285.18,-1.8065396088886743e-13,4.7223527473201766e-15
285.19,-1.8058164143939918e-13,4.710943546790212e-15
285.2,-1.8050875869136342e-13,4.698925934300897e-15
285.21,-1.8043483589444244e-13,4.686212348926891e-15
285.22,-1.803617322574077e-13,4.673266607840268e-15
285.23,-1.8028721682344046e-13,4.659625938876237e-15
285.24,-1.802128262008739e-13,4.645710745533811e-15
285.25,-1.8013805420954669e-13,4.631207211437121e-15
285.26,-1.8006317352540592e-13,4.616414799064145e-15
285.27,-1.7998738928389214e-13,4.600836286402994e-15
285.28,-1.799121642140338e-13,4.58520580202014e-15
285.29,-1.79835731920617e-13,4.568961675957413e-15
285.3,-1.7975911264478248e-13,4.552047869659441e-15
285.31,-1.7968265425516133e-13,4.534964063856607e-15
285.32,-1.7960553044351246e-13,4.517248205312024e-15
285.33,-1.7952839793451416e-13,4.4991993322764005e-15
285.34,-1.7945074675597117e-13,4.48060175449935e-15
285.35,-1.793729320931508e-13,4.46173001302667e-15
285.36,-1.7929440394617417e-13,4.442091589008535e-15
285.37,-1.7921627578617748e-13,4.422343547915178e-15
285.38,-1.7913745371295515e-13,4.402006354337282e-15
285.39,-1.7905855143260063e-13,4.3812840377115975e-15
285.4,-1.7897926555648862e-13,4.359989648497833e-15
285.41,-1.7890000458819332e-13,4.3384943075751426e-15
285.42,-1.7882006464748805e-13,4.316406944824741e-15
285.43,-1.787406433190976e-13,4.294009000188655e-15
285.44,-1.7865995923860236e-13,4.271072279674066e-15
285.45,-1.7857977174466662e-13,4.247586448839777e-15
285.46,-1.7849907822298424e-13,4.224031748239657e-15
285.47,-1.7841826400163984e-13,4.199982189108777e-15
285.48,-1.783369008058682e-13,4.175163446221576e-15
285.49,-1.7825557521962032e-13,4.150427390199516e-15
285.5,-1.781746259982812e-13,4.125245452210592e-15
285.51,-1.7809296012469245e-13,4.099404974407029e-15
285.52,-1.7801135141411078e-13,4.073351966356812e-15
285.53,-1.7792887155396023e-13,4.0467233783515606e-15
285.54,-1.778473230973595e-13,4.019771004172959e-15
285.55,-1.7776490015473633e-13,3.992721770911326e-15
285.56,-1.7768222386509356e-13,3.964930004704486e-15
285.57,-1.7759959103040633e-13,3.936750535420733e-15
285.58,-1.7751673833707373e-13,3.908405368835509e-15
285.59,-1.7743373920341996e-13,3.8794721045730475e-15
285.6,-1.773508681435268e-13,3.850357427462273e-15
285.61,-1.772675651700515e-13,3.820855667987988e-15
285.62,-1.7718447562189613e-13,3.791001415016931e-15
285.63,-1.7710131500244804e-13,3.760414207621795e-15
285.64,-1.7701793675140615e-13,3.7302371879472295e-15
285.65,-1.7693470375564797e-13,3.699496862910933e-15
285.66,-1.768503520945654e-13,3.667876086990848e-15
285.67,-1.7676684342971938e-13,3.636328949135995e-15
285.68,-1.7668292361054883e-13,3.604258543427266e-15
285.69,-1.7659888271513595e-13,3.57196741886178e-15
285.7,-1.7651479817332012e-13,3.539411417950689e-15
285.71,-1.7643077831727267e-13,3.5064225514512542e-15
285.72,-1.763485252196601e-13,3.472892935229896e-15
285.73,-1.7626250145647985e-13,3.439473120684808e-15
285.74,-1.761783365976816e-13,3.4056480985994244e-15
285.75,-1.7609390161975784e-13,3.3712054810111266e-15
285.76,-1.760096102907683e-13,3.3366183959920727e-15
285.77,-1.7592520235288248e-13,3.301799576360722e-15
285.78,-1.7584191622405446e-13,3.2669163041914055e-15
285.79,-1.7575671579876212e-13,3.231184246328646e-15
285.8,-1.75672467155253e-13,3.195667241473966e-15
285.81,-1.7558857130196737e-13,3.160681654798426e-15
285.82,-1.7550302249783162e-13,3.12299634944995e-15
285.83,-1.754189073179277e-13,3.086742694674709e-15
285.84,-1.7533458632178572e-13,3.049782909628851e-15
285.85,-1.7524974516646512e-13,3.012427320070315e-15
285.86,-1.7516584080360119e-13,2.9752383698998163e-15
285.87,-1.7508176362744917e-13,2.9377429647875883e-15
285.88,-1.749970331978056e-13,2.89958443643475e-15
285.89,-1.7491351380578968e-13,2.8617756048685937e-15
285.9,-1.7482910120325296e-13,2.823765317242807e-15
285.91,-1.7474481836040886e-13,2.7846276599878003e-15
285.92,-1.746610835975331e-13,2.745884114259568e-15
285.93,-1.7457729382226592e-13,2.706715694258368e-15
285.94,-1.7449350468885174e-13,2.6674656926949582e-15
285.95,-1.744092071161873e-13,2.6277251740992963e-15
285.96,-1.7432580089361557e-13,2.588092313081458e-15
285.97,-1.742422802802913e-13,2.5481434461050594e-15
285.98,-1.741584619615764e-13,2.5079096111014106e-15
285.99,-1.7407487056295995e-13,2.467715541826546e-15
286.0,-1.739927915465805e-13,2.42753248661473e-15
286.01,-1.7390864361557259e-13,2.3862186606832137e-15
286.02,-1.7382552614730268e-13,2.3451227541400375e-15
286.03,-1.7374255160630423e-13,2.3039517321903417e-15
286.04,-1.736597744799475e-13,2.2626610324249933e-15
286.05,-1.73576942062856e-13,2.2210949703660767e-15
286.06,-1.734946082103098e-13,2.1793066770670756e-15
286.07,-1.7341193944967008e-13,2.1373781493602724e-15
286.08,-1.7332973613651934e-13,2.095456021268043e-15
286.09,-1.7324920474963416e-13,2.0535734908508884e-15
286.1,-1.731652927415766e-13,2.01064659708492e-15
286.11,-1.730841324446783e-13,1.968389191976762e-15
286.12,-1.730025701141562e-13,1.9258031652513868e-15
286.13,-1.7292075805539274e-13,1.8829518450293196e-15
286.14,-1.7283985338148308e-13,1.8400944120683068e-15
286.15,-1.7275878120051996e-13,1.7970852816682135e-15
286.16,-1.7267738335310298e-13,1.7536988845113757e-15
286.17,-1.7259729897262343e-13,1.710623041441822e-15
286.18,-1.7251637969538385e-13,1.66702823354117e-15
286.19,-1.7243662017821748e-13,1.6237221299462227e-15
286.2,-1.723574642101458e-13,1.5802527239307463e-15
286.21,-1.7227648558636735e-13,1.5363195605922838e-15
286.22,-1.7219725815268317e-13,1.4924720675823101e-15
286.23,-1.7211801959463344e-13,1.4485853540025601e-15
286.24,-1.7203920048401944e-13,1.4047429540884411e-15
286.25,-1.719597511776459e-13,1.3604851114464438e-15
286.26,-1.7188118818506433e-13,1.3163386787915215e-15
286.27,-1.7180331035872182e-13,1.2723464923900917e-15
286.28,-1.7172495167718834e-13,1.2279534394926833e-15
286.29,-1.7164729228837888e-13,1.1836225613996304e-15
286.3,-1.71569532236393e-13,1.1391204059173748e-15
286.31,-1.7149234135557733e-13,1.094728967583614e-15
286.32,-1.714150039386805e-13,1.0502009018160975e-15
286.33,-1.7133835518631123e-13,1.0055491230934395e-15
286.34,-1.7126191879518546e-13,9.611058775194972e-16
286.35,-1.711854769026649e-13,9.163295469517901e-16
286.36,-1.7111022139289327e-13,8.71917919028367e-16
286.37,-1.7103402506172144e-13,8.270308405961411e-16
286.38,-1.7095884053875385e-13,7.824173993900819e-16
286.39,-1.7088371127628082e-13,7.375834290742424e-16
286.4,-1.70809064393586e-13,6.930319662556524e-16
286.41,-1.7073473287293018e-13,6.481103058503996e-16
286.42,-1.706602576633167e-13,6.03427227879311e-16
286.43,-1.705874744772798e-13,5.590333664925858e-16
286.44,-1.7051238623199302e-13,5.138658527564972e-16
286.45,-1.7044052038361325e-13,4.695863863942006e-16
286.46,-1.7036774001151993e-13,4.248693959682053e-16
286.47,-1.7029531754482576e-13,3.801902076913934e-16
286.48,-1.7022334478363156e-13,3.356336623015669e-16
286.49,-1.7015172875493083e-13,2.91119655854795e-16
286.5,-1.7008027679446956e-13,2.4652571124868395e-16
286.51,-1.7000905621909123e-13,2.0195863411306084e-16
286.52,-1.6993854431386258e-13,1.5775477715767315e-16
286.53,-1.698676843174745e-13,1.1276109343172357e-16
286.54,-1.6979723509537885e-13,6.874839868703749e-17
286.55,-1.6972874326883237e-13,2.4886214764687377e-17
286.56,-1.6965991491759034e-13,-1.930148351351148e-17
286.57,-1.6959078124174512e-13,-6.355841996618075e-17
286.58,-1.6952240579747018e-13,-1.0752206005383959e-16
286.59,-1.6945426551022636e-13,-1.5151482234346588e-16
286.6,-1.6938680141116494e-13,-1.954427414996645e-16
286.61,-1.6931936561586056e-13,-2.3922071638287577e-16
286.62,-1.692532385830187e-13,-2.8268568125865484e-16
286.63,-1.6918479934834047e-13,-3.2675062879056714e-16
286.64,-1.6911999397845327e-13,-3.6972743250902014e-16
286.65,-1.6905433280140508e-13,-4.131707412196495e-16
286.66,-1.6898898415963066e-13,-4.563214230841783e-16
286.67,-1.6892541167653299e-13,-4.990766369249691e-16
286.68,-1.6885971989008338e-13,-5.424476282920018e-16
286.69,-1.6879564695641684e-13,-5.853784069125334e-16
286.7,-1.6873172703076714e-13,-6.28168548876417e-16
286.71,-1.686689438562753e-13,-6.706058762854054e-16
286.72,-1.6860602306604562e-13,-7.133094466845361e-16
286.73,-1.6854358897888684e-13,-7.553513481490386e-16
286.74,-1.684823924268085e-13,-7.971946892108676e-16
286.75,-1.6842025824537832e-13,-8.395248774850656e-16
286.76,-1.683592336143476e-13,-8.81304987075288e-16
286.77,-1.6829843139498572e-13,-9.228648917696342e-16
286.78,-1.6823854373897242e-13,-9.644095109230469e-16
286.79,-1.6817835048598497e-13,-1.0058844976874719e-15
286.8,-1.6811941924702037e-13,-1.0468263932615637e-15
286.81,-1.6806040155982923e-13,-1.0881617070238428e-15
286.82,-1.6800201849587485e-13,-1.1286546605933057e-15
286.83,-1.6794404787900054e-13,-1.1693327710442413e-15
286.84,-1.6788656130221068e-13,-1.2096398161393616e-15
286.85,-1.6782954385315326e-13,-1.2499450853544394e-15
286.86,-1.6777284645424722e-13,-1.289989531869687e-15
286.87,-1.677169571235646e-13,-1.329535145546675e-15
286.88,-1.6766085579506324e-13,-1.369297685961351e-15
286.89,-1.6760582030417098e-13,-1.4086922362293094e-15
286.9,-1.6755064806151064e-13,-1.4482395563921065e-15
286.91,-1.6749678745908764e-13,-1.4866576923595327e-15
286.92,-1.674430535156735e-13,-1.5254005692847678e-15
286.93,-1.6738967456560416e-13,-1.5638003016685564e-15
286.94,-1.6733674703359122e-13,-1.6021268953530253e-15
286.95,-1.672845864172857e-13,-1.6399519024033214e-15
286.96,-1.6723241704001322e-13,-1.6777817554120987e-15
286.97,-1.6718075177603375e-13,-1.7152698607152343e-15
286.98,-1.6713016301925133e-13,-1.7524770627460398e-15
286.99,-1.670793076739281e-13,-1.78987305671855e-15
287.0,-1.6702954879177154e-13,-1.8262335617541133e-15
287.01,-1.6697986079354142e-13,-1.8628173292219704e-15
287.02,-1.669307198065566e-13,-1.8989899715158457e-15
287.03,-1.6688204401266522e-13,-1.9349137702180587e-15
287.04,-1.6683409760237072e-13,-1.9706691453556172e-15
287.05,-1.6678640083865568e-13,-2.0060559968022616e-15
287.06,-1.6673920645280274e-13,-2.0411446380119796e-15
287.07,-1.666924548377858e-13,-2.076045177377886e-15
287.08,-1.6664781214903578e-13,-2.1102317648397532e-15
287.09,-1.666005676996506e-13,-2.1448500767914303e-15
287.1,-1.6655570836026113e-13,-2.1787525633922444e-15
287.11,-1.6651080680423174e-13,-2.2124017114284826e-15
287.12,-1.66466849311345e-13,-2.2456973948483733e-15
287.13,-1.664228638858981e-13,-2.2789442589743715e-15
287.14,-1.6637953244368592e-13,-2.3117494443906853e-15
287.15,-1.6633721375279347e-13,-2.344139481367163e-15
287.16,-1.662947241180321e-13,-2.3763740004091483e-15
287.17,-1.66254201351257e-13,-2.4078467032430364e-15
287.18,-1.6621162165008945e-13,-2.439922257849266e-15
287.19,-1.6617103365667457e-13,-2.4708235329807105e-15
287.2,-1.661305951384519e-13,-2.5020232636278228e-15
287.21,-1.6609080672598732e-13,-2.5324638393713353e-15
287.22,-1.660515662204764e-13,-2.5626095813706728e-15
287.23,-1.6601284660357207e-13,-2.592448654472997e-15
287.24,-1.6597455353303483e-13,-2.6220881487851013e-15
287.25,-1.6593650274591543e-13,-2.6512911011827115e-15
287.26,-1.6589923241833853e-13,-2.6800625799103968e-15
287.27,-1.6586223696513225e-13,-2.7086876690547848e-15
287.28,-1.6582609686448203e-13,-2.736792894479522e-15
287.29,-1.657901660676779e-13,-2.7646216058069164e-15
287.3,-1.6575499868266056e-13,-2.7920896111809027e-15
287.31,-1.65720031226165e-13,-2.8192729101486072e-15
287.32,-1.6568578471505677e-13,-2.8459741861914044e-15
287.33,-1.6565084061246538e-13,-2.8727670054524e-15
287.34,-1.6561823282906138e-13,-2.898537079536102e-15
287.35,-1.6558536214809615e-13,-2.924214700310176e-15
287.36,-1.655527582660098e-13,-2.9495581305505844e-15
287.37,-1.65521426407604e-13,-2.9744462439464553e-15
287.38,-1.6548962671212116e-13,-2.999036369800919e-15
287.39,-1.6545874179683582e-13,-3.0232547345641633e-15
287.4,-1.6542809343661236e-13,-3.0471974124189303e-15
287.41,-1.6539850073368714e-13,-3.0704207995129614e-15
287.42,-1.653674274421325e-13,-3.094002935562768e-15
287.43,-1.653398834921926e-13,-3.1162663352590342e-15
287.44,-1.653113420971457e-13,-3.1386499442857675e-15
287.45,-1.652831222839899e-13,-3.1606973831279443e-15
287.46,-1.6525592619117963e-13,-3.1820941224605416e-15
287.47,-1.6522819477595754e-13,-3.2033717753656133e-15
287.48,-1.6520178063737364e-13,-3.2240705534818974e-15
287.49,-1.6517578168264875e-13,-3.2443670213526993e-15
287.5,-1.651500580676135e-13,-3.2643958446031283e-15
287.51,-1.6512423916414227e-13,-3.2841782585394603e-15
287.52,-1.6509971148384e-13,-3.3032320979495957e-15
287.53,-1.650759906764853e-13,-3.321908431146593e-15
287.54,-1.6505198841923503e-13,-3.3404879174392245e-15
287.55,-1.6502863971910157e-13,-3.358353342567893e-15
287.56,-1.6500570730044955e-13,-3.376111563228147e-15
287.57,-1.6498346170503715e-13,-3.393071356770356e-15
287.58,-1.6496116583635613e-13,-3.409979942207842e-15
287.59,-1.6494000176608617e-13,-3.4262145319790403e-15
287.6,-1.6491898487354286e-13,-3.4421649586356416e-15
287.61,-1.6489862073505986e-13,-3.4576180223944413e-15
287.62,-1.6487844056717413e-13,-3.4727832358392658e-15
287.63,-1.6485856059102118e-13,-3.487545746043695e-15
287.64,-1.6483930503846026e-13,-3.501866359451456e-15
287.65,-1.6482045442959167e-13,-3.51579334622108e-15
287.66,-1.6480222019809122e-13,-3.5291811547671177e-15
287.67,-1.6478446700031634e-13,-3.5423395385823175e-15
287.68,-1.6476685908092552e-13,-3.554940554239096e-15
287.69,-1.6474950290659695e-13,-3.5670785366251314e-15
287.7,-1.6473330025259034e-13,-3.578974472026539e-15
287.71,-1.64717826317504e-13,-3.590207638608834e-15
287.72,-1.6470144075418694e-13,-3.601362077835251e-15
287.73,-1.646866195223488e-13,-3.6117040871775606e-15
287.74,-1.6467137123214877e-13,-3.6219745952091285e-15
287.75,-1.6465680700858647e-13,-3.631732582559747e-15
287.76,-1.646430395224644e-13,-3.641290095254276e-15
287.77,-1.6462965585040167e-13,-3.6496987079216745e-15
287.78,-1.646155703789606e-13,-3.657995753442581e-15
287.79,-1.6460336764207763e-13,-3.666530312490646e-15
287.8,-1.6459140028026755e-13,-3.673720037377818e-15
287.81,-1.6457926320627625e-13,-3.680983791386193e-15
287.82,-1.6456760881808577e-13,-3.687732032119037e-15
287.83,-1.6455708455223952e-13,-3.6941294491727405e-15
287.84,-1.645458191540064e-13,-3.699890001351281e-15
287.85,-1.645353333640073e-13,-3.705497535358047e-15
287.86,-1.645256974111343e-13,-3.710280595002447e-15
287.87,-1.6451587498937336e-13,-3.714695813061229e-15
287.88,-1.6450704350164022e-13,-3.7192208741743675e-15
287.89,-1.6449812690280042e-13,-3.722913438657295e-15
287.9,-1.644899364921331e-13,-3.726203577756913e-15
287.91,-1.6448192750453646e-13,-3.729124687658369e-15
287.92,-1.6447443840836545e-13,-3.7315551266046365e-15
287.93,-1.6446691597401422e-13,-3.733710503447507e-15
287.94,-1.6446012783649146e-13,-3.735362915740595e-15
287.95,-1.6445395620021779e-13,-3.736424074985734e-15
287.96,-1.6444890901815822e-13,-3.7367392602947415e-15
287.97,-1.6444204289192179e-13,-3.737576697881462e-15
287.98,-1.6443637658937129e-13,-3.7376207164280765e-15
287.99,-1.6443141123001126e-13,-3.737122122744995e-15
288.0,-1.6442666107274068e-13,-3.736187981937645e-15
288.01,-1.644226264697354e-13,-3.7346828482653095e-15
288.02,-1.6441848620341212e-13,-3.733070691535992e-15
288.03,-1.6441467573726953e-13,-3.7310217440886465e-15
288.04,-1.6441154661678405e-13,-3.728219509954892e-15
288.05,-1.6440948416524093e-13,-3.724846660624386e-15
288.06,-1.6440460913308284e-13,-3.721768014887463e-15
288.07,-1.6440383526914418e-13,-3.717918688403395e-15
288.08,-1.644014162980139e-13,-3.713974627092997e-15
288.09,-1.6439989653253812e-13,-3.709088448812248e-15
288.1,-1.64398464281e-13,-3.704188183155638e-15
288.11,-1.6439745004418826e-13,-3.6985233677977995e-15
288.12,-1.6439653833903873e-13,-3.692674056337689e-15
288.13,-1.6439632572288682e-13,-3.68625413397735e-15
288.14,-1.643960789430847e-13,-3.679495448625393e-15
288.15,-1.6439665762723073e-13,-3.672397803117158e-15
288.16,-1.6439689979033374e-13,-3.664806225899923e-15
288.17,-1.643971056325978e-13,-3.656945744281149e-15
288.18,-1.643986917900913e-13,-3.6485838497741885e-15
288.19,-1.6439994677250433e-13,-3.639829327478347e-15
288.2,-1.6440134003656142e-13,-3.630733930006213e-15
288.21,-1.6440284768355798e-13,-3.621216557606898e-15
288.22,-1.6440562025900677e-13,-3.611104922851836e-15
288.23,-1.6440767037757198e-13,-3.600936623140592e-15
288.24,-1.6441024976286548e-13,-3.5901504545010795e-15
288.25,-1.6441356370445678e-13,-3.578928505548098e-15
288.26,-1.644166773583611e-13,-3.5675692500988875e-15
288.27,-1.6442026810659154e-13,-3.555470647008944e-15
288.28,-1.6442381681499625e-13,-3.5433009378811094e-15
288.29,-1.6442769806327577e-13,-3.5305654466329308e-15
288.3,-1.6443154612287143e-13,-3.517576895589857e-15
288.31,-1.6443642426771093e-13,-3.5039946772557485e-15
288.32,-1.6444052609738893e-13,-3.490199454481323e-15
288.33,-1.644461576345081e-13,-3.4759089207510448e-15
288.34,-1.6445089043012276e-13,-3.4614737081065847e-15
288.35,-1.64456208988505e-13,-3.4464645536230334e-15
288.36,-1.644616718884312e-13,-3.4311470401828788e-15
288.37,-1.6446758928981523e-13,-3.4155301582327458e-15
288.38,-1.6447339680333869e-13,-3.399430916481716e-15
288.39,-1.6447977112075738e-13,-3.3828503114635863e-15
288.4,-1.6448618534700508e-13,-3.366088139924078e-15
288.41,-1.6449448089287583e-13,-3.3487843823878306e-15
288.42,-1.6449922193863062e-13,-3.3313533070725023e-15
288.43,-1.6450592650661898e-13,-3.3136430081651567e-15
288.44,-1.6451296790918355e-13,-3.295503612039951e-15
288.45,-1.6452054952116732e-13,-3.27683350680925e-15
288.46,-1.6452789415855329e-13,-3.258021659324601e-15
288.47,-1.6453562562694525e-13,-3.2386362515305168e-15
288.48,-1.6454352452138594e-13,-3.2189701708682494e-15
288.49,-1.645514602196521e-13,-3.1990848639461006e-15
288.5,-1.6455992687743235e-13,-3.1783003101435064e-15
288.51,-1.6456770587604203e-13,-3.1579914116447995e-15
288.52,-1.6457612399720648e-13,-3.1372614868238576e-15
288.53,-1.645847858966632e-13,-3.115901395848228e-15
288.54,-1.6459339169676599e-13,-3.09426494484406e-15
288.55,-1.6460237981655553e-13,-3.072274166106899e-15
288.56,-1.6461136154754156e-13,-3.0499893689097246e-15
288.57,-1.6462014297927027e-13,-3.0275387431999848e-15
288.58,-1.6462946851959698e-13,-3.0044754500563707e-15
288.59,-1.6463907820799131e-13,-2.981213455659452e-15
288.6,-1.646486112146867e-13,-2.9573916403598872e-15
288.61,-1.64658062153758e-13,-2.9338270799624793e-15
288.62,-1.6466722834768108e-13,-2.9098940839705725e-15
288.63,-1.6467738427984183e-13,-2.8853311527942196e-15
288.64,-1.6468733156776766e-13,-2.8605241095465764e-15
288.65,-1.6469711865174675e-13,-2.8355945700651784e-15
288.66,-1.6470717839853326e-13,-2.8101848712661854e-15
288.67,-1.6471743964543788e-13,-2.784497435825852e-15
288.68,-1.6472763755582588e-13,-2.7586159244640532e-15
288.69,-1.6473876242662963e-13,-2.7315122877601877e-15
288.7,-1.6474804912745508e-13,-2.7059790918792126e-15
288.71,-1.647575184912751e-13,-2.679410925778024e-15
288.72,-1.6476901681781004e-13,-2.6521438135034897e-15
288.73,-1.6477955168522497e-13,-2.624904802434734e-15
288.74,-1.6478930646982933e-13,-2.597465915120746e-15
288.75,-1.6480077253329125e-13,-2.5695553521740497e-15
288.76,-1.6481142539489203e-13,-2.541423553581612e-15
288.77,-1.6482198399289303e-13,-2.513147480577158e-15
288.78,-1.6483521689853757e-13,-2.4844198898826055e-15
288.79,-1.6484378917205125e-13,-2.4555701432771457e-15
288.8,-1.648546206350028e-13,-2.4264749886528994e-15
288.81,-1.6486537018732697e-13,-2.3971843013933304e-15
288.82,-1.6487616231608381e-13,-2.3676217038107205e-15
288.83,-1.6488736575940426e-13,-2.337744983834985e-15
288.84,-1.6489800208117826e-13,-2.3077452013682762e-15
288.85,-1.6490904450839162e-13,-2.2773874835631354e-15
288.86,-1.6491939247508968e-13,-2.246937671883091e-15
288.87,-1.6493147713325763e-13,-2.2166254321078094e-15
288.88,-1.6494155386226614e-13,-2.1853119039503283e-15
288.89,-1.6495249035305644e-13,-2.154202814193114e-15
288.9,-1.6496341811875602e-13,-2.1227567861838065e-15
288.91,-1.6497473071917381e-13,-2.0909783571492723e-15
288.92,-1.6498480918922042e-13,-2.059368824205053e-15
288.93,-1.649962534782258e-13,-2.027307114947433e-15
288.94,-1.6500672011721323e-13,-1.995127872063182e-15
288.95,-1.6501751428043765e-13,-1.9627822080495492e-15
288.96,-1.6502804785193144e-13,-1.9305700282939523e-15
288.97,-1.6503877821452465e-13,-1.8974806510496758e-15
288.98,-1.650495554939001e-13,-1.8644809641199477e-15
288.99,-1.6505985690378005e-13,-1.8315380596269395e-15
289.0,-1.6507061827076205e-13,-1.798352458735175e-15
289.01,-1.6508133531822024e-13,-1.7646783151012667e-15
289.02,-1.6509154697212889e-13,-1.7311675749612962e-15
289.03,-1.6510120871374055e-13,-1.6974217008731787e-15
289.04,-1.6511169475538887e-13,-1.6635474551544564e-15
289.05,-1.651218053056731e-13,-1.6295894316311914e-15
289.06,-1.6513208536091812e-13,-1.59520931478919e-15
289.07,-1.651423464940839e-13,-1.560744869320587e-15
289.08,-1.651523217350863e-13,-1.5261246909290194e-15
289.09,-1.6516201203660862e-13,-1.4914663436733056e-15
289.1,-1.6517178481766503e-13,-1.4566798696410252e-15
289.11,-1.6518162670434962e-13,-1.4218203611476964e-15
289.12,-1.6519115601004084e-13,-1.3865839015308509e-15
289.13,-1.6520023388099215e-13,-1.3514283232768269e-15
289.14,-1.652100984597925e-13,-1.3161349038002937e-15
289.15,-1.6521926332676925e-13,-1.2807767465910722e-15
289.16,-1.6522832954280725e-13,-1.2451501484187063e-15
289.17,-1.6523738767710717e-13,-1.2094679573705827e-15
289.18,-1.652464217335566e-13,-1.1736920344017805e-15
289.19,-1.6525495966264657e-13,-1.1378808475909664e-15
289.2,-1.6526370441655845e-13,-1.1019215845354113e-15
289.21,-1.6527222504428e-13,-1.0658008353063833e-15
289.22,-1.652807483472936e-13,-1.0297274715560438e-15
289.23,-1.6528900399975993e-13,-9.935952854603617e-16
289.24,-1.6529707464825666e-13,-9.572066880212622e-16
289.25,-1.6530492970368854e-13,-9.20893000109329e-16
289.26,-1.6531259489945494e-13,-8.844535126210934e-16
289.27,-1.6532029315491364e-13,-8.479991041394032e-16
289.28,-1.6532778740128338e-13,-8.113752283080113e-16
289.29,-1.6533497997336417e-13,-7.747368388710959e-16
289.3,-1.6534199768448902e-13,-7.380333920092349e-16
289.31,-1.6534910479597538e-13,-7.013608577964434e-16
289.32,-1.6535601683347746e-13,-6.646169511981675e-16
289.33,-1.653631615869446e-13,-6.275550843946541e-16
289.34,-1.6536865318267041e-13,-5.910023641340272e-16
289.35,-1.6537524652239882e-13,-5.539937317144097e-16
289.36,-1.6538162921361838e-13,-5.169988574458914e-16
289.37,-1.653873641902502e-13,-4.800651736997961e-16
289.38,-1.6539353316407275e-13,-4.428449463648713e-16
289.39,-1.6539854120644754e-13,-4.0598293637401387e-16
289.4,-1.654038933571897e-13,-3.6911976523223874e-16
289.41,-1.6540962957928208e-13,-3.319300615430954e-16
289.42,-1.6541392804957765e-13,-2.94981698685456e-16
289.43,-1.6541896401682286e-13,-2.5794841996795826e-16
289.44,-1.6542344490277343e-13,-2.2093676790339264e-16
289.45,-1.6542777282464344e-13,-1.8381850494392756e-16
289.46,-1.6543119844233936e-13,-1.4698875556845443e-16
289.47,-1.654358198134065e-13,-1.0978896298423773e-16
289.48,-1.6543868077507978e-13,-7.286574646549093e-17
289.49,-1.6544229355742165e-13,-3.6067029956494683e-17
289.5,-1.654459116143361e-13,9.727348026718197e-19
289.51,-1.654486639898807e-13,3.794976549771987e-17
289.52,-1.6545166801863337e-13,7.479446653106502e-17
289.53,-1.6545418753796343e-13,1.1183062401602389e-16
289.54,-1.6545642181096258e-13,1.485136136798184e-16
289.55,-1.6545859068664947e-13,1.8534889643153728e-16
289.56,-1.6546029655362935e-13,2.2198256496630234e-16
289.57,-1.654597176984185e-13,2.5831177969654343e-16
289.58,-1.654613279779611e-13,2.9469268323631086e-16
289.59,-1.654642463272024e-13,3.3172041152363703e-16
289.6,-1.6546470217693618e-13,3.6822057863638075e-16
289.61,-1.6546557225819573e-13,4.046778493129181e-16
289.62,-1.6546587128863592e-13,4.4107338883625456e-16
289.63,-1.6546572851557602e-13,4.771883778420698e-16
289.64,-1.6546603299114807e-13,5.13582547031776e-16
289.65,-1.6546535115836213e-13,5.494992781406779e-16
289.66,-1.6546319071178546e-13,5.84203604205556e-16
289.67,-1.654628900545624e-13,6.212679758337259e-16
289.68,-1.6546228378617755e-13,6.574809445529743e-16
289.69,-1.6546070385834808e-13,6.931358822540066e-16
289.7,-1.6545862140258942e-13,7.287308468741272e-16
289.71,-1.6545648325965572e-13,7.641851917506604e-16
289.72,-1.6545347244370702e-13,7.992276009453071e-16
289.73,-1.65451528040986e-13,8.350656429336698e-16
289.74,-1.6544868647257175e-13,8.701049844775019e-16
289.75,-1.654460635539941e-13,9.04930490540338e-16
289.76,-1.654422736373967e-13,9.404509733216353e-16
289.77,-1.6543834795865495e-13,9.749770436297076e-16
289.78,-1.654341347456653e-13,1.009606209651383e-15
289.79,-1.654301499508283e-13,1.0444417275995082e-15
289.8,-1.6542625335480012e-13,1.0790344627695708e-15
289.81,-1.6542012875989867e-13,1.1128650945810231e-15
289.82,-1.6541432709026826e-13,1.1468439390079329e-15
289.83,-1.6540946900344911e-13,1.1810523288238519e-15
289.84,-1.6540397591504824e-13,1.2149251388241079e-15
289.85,-1.6539756343915205e-13,1.2485062615224056e-15
289.86,-1.6539115320869001e-13,1.2820597575793149e-15
289.87,-1.6538400072292497e-13,1.3152906546952145e-15
289.88,-1.653773030688504e-13,1.3484338269068898e-15
289.89,-1.6537008228147764e-13,1.381563178397567e-15
289.9,-1.6536194668872695e-13,1.4142173304124672e-15
289.91,-1.6535419589096412e-13,1.447020653683309e-15
289.92,-1.6534616748305335e-13,1.4795421184505413e-15
289.93,-1.653378931303841e-13,1.5120958714630453e-15
289.94,-1.653279865538608e-13,1.543225253754075e-15
289.95,-1.6531928382288207e-13,1.576002214386707e-15
289.96,-1.6530948672412366e-13,1.6075079636941545e-15
289.97,-1.653000231278492e-13,1.6391926177661341e-15
289.98,-1.6528953261700144e-13,1.6704038271474598e-15
289.99,-1.652793497729052e-13,1.7015833299687806e-15
290.0,-1.6526832813533954e-13,1.7324959126909067e-15
290.01,-1.6525755295267466e-13,1.7633014100666988e-15
290.02,-1.6524599862110768e-13,1.7938463298262964e-15
290.03,-1.6523439450096295e-13,1.8240259960811095e-15
290.04,-1.6522209451673508e-13,1.8541367368225535e-15
290.05,-1.6520994526726546e-13,1.884114003526204e-15
290.06,-1.6519685820458813e-13,1.913547778229803e-15
290.07,-1.651841701234827e-13,1.943161358965926e-15
290.08,-1.651706513635792e-13,1.9722382170078737e-15
290.09,-1.6515691272514753e-13,2.001172224121126e-15
290.1,-1.6514316778565544e-13,2.0300160349256098e-15
290.11,-1.6512865588006143e-13,2.058456144984325e-15
290.12,-1.6511358118739652e-13,2.0866923091123378e-15
290.13,-1.6509905651322775e-13,2.1146854810293093e-15
290.14,-1.6508336466349088e-13,2.1423421908257382e-15
290.15,-1.6506792188048319e-13,2.169920408545299e-15
290.16,-1.650519239397112e-13,2.1972046132082853e-15
290.17,-1.6503566862765014e-13,2.2240367346293355e-15
290.18,-1.6501860500245582e-13,2.2508052985503447e-15
290.19,-1.650022167848865e-13,2.2774939119165198e-15
290.2,-1.6498493949017585e-13,2.303766044112912e-15
290.21,-1.649670583477036e-13,2.3296748105548408e-15
290.22,-1.6494919131775334e-13,2.3553310317046264e-15
290.23,-1.6493072366399231e-13,2.38073059660535e-15
290.24,-1.6491229473739204e-13,2.4060200733222684e-15
290.25,-1.6489327644079738e-13,2.430775093892595e-15
290.26,-1.6487376386986596e-13,2.4552944973644422e-15
290.27,-1.6485461917595295e-13,2.4798097960413745e-15
290.28,-1.648345655548651e-13,2.5037975605530146e-15
290.29,-1.6481388130557254e-13,2.527512050144233e-15
290.3,-1.6479337328826092e-13,2.550916236128394e-15
290.31,-1.6477285024148056e-13,2.5744361792956833e-15
290.32,-1.6475147903860708e-13,2.5972338480429934e-15
290.33,-1.647299966968294e-13,2.6198833068335163e-15
290.34,-1.6470780874262172e-13,2.6420694317334193e-15
290.35,-1.6468566974422096e-13,2.6642611870660746e-15
290.36,-1.6466316760986748e-13,2.68595738064511e-15
290.37,-1.6464026947776768e-13,2.707502147742642e-15
290.38,-1.6461626687198237e-13,2.729150158751393e-15
290.39,-1.645943507289575e-13,2.749737646344972e-15
290.4,-1.6457005811089698e-13,2.7700628131278206e-15
290.41,-1.6454538610813486e-13,2.7901086087580905e-15
290.42,-1.6452092484685872e-13,2.8101121224153464e-15
290.43,-1.644962986280992e-13,2.8298288027518686e-15
290.44,-1.644711286914853e-13,2.849109274456634e-15
290.45,-1.6444540705215514e-13,2.8680224858689977e-15
290.46,-1.6441947852410073e-13,2.886701056948659e-15
290.47,-1.6439380708370074e-13,2.9052889927561862e-15
290.48,-1.643688618421437e-13,2.9237277715861235e-15
290.49,-1.6434033457460284e-13,2.9405608508855023e-15
290.5,-1.6431326515835245e-13,2.958269706089685e-15
290.51,-1.6428571038829188e-13,2.975306713948301e-15
290.52,-1.6425800162588673e-13,2.992024145783672e-15
290.53,-1.6423012179170348e-13,3.0085252304178325e-15
290.54,-1.642018271878917e-13,3.0247068287960637e-15
290.55,-1.6417310221846848e-13,3.0405558841915254e-15
290.56,-1.6414406352808846e-13,3.0558591989158263e-15
290.57,-1.6411530755976682e-13,3.071281228739152e-15
290.58,-1.6408521505215842e-13,3.0858118346324784e-15
290.59,-1.6405515897096646e-13,3.1001882626944435e-15
290.6,-1.6402508080493124e-13,3.11441186947704e-15
290.61,-1.6399458497725985e-13,3.1282038949327562e-15
290.62,-1.639636142497214e-13,3.141645669472688e-15
290.63,-1.6393264549864406e-13,3.1547885583251655e-15
290.64,-1.6390141358494034e-13,3.167753303752022e-15
290.65,-1.6386996843785773e-13,3.180033778836361e-15
290.66,-1.638367920757751e-13,3.192129690135643e-15
290.67,-1.6380540845864868e-13,3.2040426922414006e-15
290.68,-1.637728120794507e-13,3.2154354647840664e-15
290.69,-1.6373963791013498e-13,3.2265595209162235e-15
290.7,-1.6370633458688778e-13,3.237193476942884e-15
290.71,-1.636731177056778e-13,3.2478047643983614e-15
290.72,-1.6363889491341927e-13,3.2575801790518384e-15
290.73,-1.6360540411269494e-13,3.2675472644903123e-15
290.74,-1.6357044611397416e-13,3.276795060013769e-15
290.75,-1.63535740734686e-13,3.2857696466408e-15
290.76,-1.635010408839865e-13,3.29445049267583e-15
290.77,-1.6346562665826232e-13,3.3027172317479847e-15
290.78,-1.634303004167832e-13,3.3107560317466494e-15
290.79,-1.6339432299641247e-13,3.318329406677394e-15
290.8,-1.6335840205802923e-13,3.325696175360839e-15
290.81,-1.633219722549771e-13,3.3325369437528465e-15
290.82,-1.6328549173124916e-13,3.339239623449e-15
290.83,-1.6324835410248865e-13,3.3453217397304287e-15
290.84,-1.6321073676661052e-13,3.3513559145040945e-15
290.85,-1.6317393886622548e-13,3.3568664730066758e-15
290.86,-1.631362189192713e-13,3.362035624962177e-15
290.87,-1.6309812929659856e-13,3.366917804102835e-15
290.88,-1.6305974859684576e-13,3.3715043801784755e-15
290.89,-1.630210884996952e-13,3.375527450604464e-15
290.9,-1.6298277236675616e-13,3.3793670674120007e-15
290.91,-1.6294362116208442e-13,3.3827968974971375e-15
290.92,-1.6290436433664384e-13,3.3859353009802614e-15
290.93,-1.6286339169984274e-13,3.3884448405551137e-15
290.94,-1.6282520127700801e-13,3.3910842227847708e-15
290.95,-1.627848695460492e-13,3.393095032892852e-15
290.96,-1.6274467426651808e-13,3.3948280225565423e-15
290.97,-1.6270435936642984e-13,3.3962680444572805e-15
290.98,-1.6266377838238148e-13,3.3972622407991807e-15
290.99,-1.6262253885925628e-13,3.3978082556517614e-15
291.0,-1.6258130262616722e-13,3.3981364434583894e-15
291.01,-1.6253968291540646e-13,3.398129151811589e-15
291.02,-1.6249682446767075e-13,3.397250440065941e-15
291.03,-1.624562039464918e-13,3.3970434856089125e-15
291.04,-1.6241416979595882e-13,3.3959589495741436e-15
291.05,-1.6237186421208717e-13,3.3945700605481178e-15
291.06,-1.6232910052857418e-13,3.3927151926031133e-15
291.07,-1.6228651681703836e-13,3.3907077701972454e-15
291.08,-1.6224337406105567e-13,3.3880905697327853e-15
291.09,-1.6219973718391243e-13,3.3855384925018874e-15
291.1,-1.621563244706959e-13,3.3823244774912386e-15
291.11,-1.6211250166241082e-13,3.378594655930719e-15
291.12,-1.6206871669306582e-13,3.3750899970197937e-15
291.13,-1.6202482300002537e-13,3.3709164017107346e-15
291.14,-1.6198065550555977e-13,3.3664771330861185e-15
291.15,-1.6193607806091842e-13,3.361548944556134e-15
291.16,-1.6189141672084494e-13,3.3565289641397542e-15
291.17,-1.618462772835913e-13,3.3508831021567926e-15
291.18,-1.6180120895659244e-13,3.3453238129201416e-15
291.19,-1.6175629517730738e-13,3.3390488434281776e-15
291.2,-1.6171131728089144e-13,3.3326206302502965e-15
291.21,-1.6166536523354605e-13,3.3258081348092395e-15
291.22,-1.6161914693121227e-13,3.3185835983411132e-15
291.23,-1.6157325260823113e-13,3.3111823054615628e-15
291.24,-1.6152753588232337e-13,3.3033111940220415e-15
291.25,-1.6148070010028165e-13,3.2952698666415655e-15
291.26,-1.6143471147233953e-13,3.286669028759379e-15
291.27,-1.6138845400968418e-13,3.278474887197044e-15
291.28,-1.6134042199658706e-13,3.2689883968746678e-15
291.29,-1.6129357887060932e-13,3.259516359085171e-15
291.3,-1.61246085348912e-13,3.2499222856637864e-15
291.31,-1.6119939139093465e-13,3.2398032686042602e-15
291.32,-1.6115184458014295e-13,3.2295362157811473e-15
291.33,-1.6110357051208214e-13,3.218626158534348e-15
291.34,-1.6105615259611344e-13,3.2077820902964266e-15
291.35,-1.6100807068594537e-13,3.196351378228977e-15
291.36,-1.6096143112597362e-13,3.1852896354589914e-15
291.37,-1.60911583559296e-13,3.1728654774442345e-15
291.38,-1.608629523690486e-13,3.1605611171813345e-15
291.39,-1.6081484054559628e-13,3.148183584686309e-15
291.4,-1.6076649576252947e-13,3.1353578824468455e-15
291.41,-1.607175871126279e-13,3.1224495864321365e-15
291.42,-1.6066850365131813e-13,3.108779076585739e-15
291.43,-1.6061963693735047e-13,3.0950901038982484e-15
291.44,-1.6057030249091794e-13,3.0810687334737506e-15
291.45,-1.6052126453151194e-13,3.0668984094182033e-15
291.46,-1.6047180405449863e-13,3.052248747432512e-15
291.47,-1.6042180101096762e-13,3.0371454727344547e-15
291.48,-1.6037238632275686e-13,3.022074921515131e-15
291.49,-1.6032269003137193e-13,3.0066469588084542e-15
291.5,-1.602728190470121e-13,2.9908008869737606e-15
291.51,-1.602229419651437e-13,2.974806968162598e-15
291.52,-1.6017296942046193e-13,2.958539569786009e-15
291.53,-1.601229055316282e-13,2.941959544160859e-15
291.54,-1.6007244520953246e-13,2.925055454542401e-15
291.55,-1.6002285216430519e-13,2.9079544497157638e-15
291.56,-1.599715243415583e-13,2.8904213379490345e-15
291.57,-1.599213622988707e-13,2.8728899978550805e-15
291.58,-1.5987094135565006e-13,2.8550043650849174e-15
291.59,-1.5982014083454526e-13,2.8367656443782125e-15
291.6,-1.5976965401815065e-13,2.8183532664452578e-15
291.61,-1.597184872490905e-13,2.7995644061350415e-15
291.62,-1.596681198043792e-13,2.780661673056011e-15
291.63,-1.5961840652294804e-13,2.761668373723088e-15
291.64,-1.5956582149980355e-13,2.741823359593717e-15
291.65,-1.595151940392319e-13,2.7221347798663364e-15
291.66,-1.5946389632957166e-13,2.702271834034957e-15
291.67,-1.5941238964072345e-13,2.681900288593812e-15
291.68,-1.5936153945909725e-13,2.6615542644454356e-15
291.69,-1.59310070859861e-13,2.6408579752520817e-15
291.7,-1.5925909178700004e-13,2.6201319177846947e-15
291.71,-1.5920779948613838e-13,2.598811515614032e-15
291.72,-1.5915828146546449e-13,2.577744711704454e-15
291.73,-1.5910498340956696e-13,2.555886034526352e-15
291.74,-1.5905387397345066e-13,2.533957128898618e-15
291.75,-1.5900203224008442e-13,2.5118953018627027e-15
291.76,-1.5895089470976193e-13,2.4896443904322397e-15
291.77,-1.5889887634176093e-13,2.4668752647606395e-15
291.78,-1.588474698242504e-13,2.444335850460115e-15
291.79,-1.5879636228988202e-13,2.421506863846447e-15
291.8,-1.5874441025259307e-13,2.3982123768432216e-15
291.81,-1.586931267322152e-13,2.374818764569574e-15
291.82,-1.5864057010041384e-13,2.3512729725074712e-15
291.83,-1.5858972185131105e-13,2.327614004361417e-15
291.84,-1.5853797427082281e-13,2.3037389713109977e-15
291.85,-1.5848620942966202e-13,2.2793910086142833e-15
291.86,-1.5843471414109915e-13,2.255172273097585e-15
291.87,-1.5838309640016564e-13,2.230520736564178e-15
291.88,-1.5833158920900096e-13,2.2058625685786464e-15
291.89,-1.5827907311813925e-13,2.180694160022847e-15
291.9,-1.5822738597913878e-13,2.1554037488008166e-15
291.91,-1.5817849565721957e-13,2.1311978816315604e-15
291.92,-1.5812481564540392e-13,2.104758095473877e-15
291.93,-1.580734301870169e-13,2.0794711759816913e-15
291.94,-1.5802212929379077e-13,2.053696868824481e-15
291.95,-1.5797047423843717e-13,2.0276403181522612e-15
291.96,-1.5791925533393685e-13,2.0015883166659825e-15
291.97,-1.578676685519126e-13,1.975301739193252e-15
291.98,-1.578162876709862e-13,1.948792241446012e-15
291.99,-1.5776457750208723e-13,1.921966083056926e-15
292.0,-1.577137345062603e-13,1.895494406101019e-15
292.01,-1.5766212293674523e-13,1.868489065522392e-15
292.02,-1.5761117306405695e-13,1.841692353580774e-15
292.03,-1.5756085846657646e-13,1.8146394155745183e-15
292.04,-1.5750852809835184e-13,1.7869629228017302e-15
292.05,-1.5745787606596747e-13,1.7596324158697662e-15
292.06,-1.574066960888471e-13,1.7320374789937802e-15
292.07,-1.573555146049148e-13,1.7040793461195364e-15
292.08,-1.5730499440819176e-13,1.676414492643529e-15
292.09,-1.572544377617711e-13,1.6485021325242646e-15
292.1,-1.5720316878753258e-13,1.6202970983971723e-15
292.11,-1.5715263922482253e-13,1.5921980756135063e-15
292.12,-1.5710199455649907e-13,1.5637898131613208e-15
292.13,-1.570513819834563e-13,1.5353859870110948e-15
292.14,-1.5700112893259854e-13,1.506920489889042e-15
292.15,-1.5695062336315816e-13,1.4782583877401535e-15
292.16,-1.569002975235575e-13,1.4494561298711254e-15
292.17,-1.56849999294103e-13,1.4206650889218176e-15
292.18,-1.567996526794257e-13,1.3916028328503752e-15
292.19,-1.5675019100284125e-13,1.3626743986441423e-15
292.2,-1.5669994127504675e-13,1.3335564126736371e-15
292.21,-1.5665040893622507e-13,1.3044798480713805e-15
292.22,-1.5660041054689447e-13,1.2751225329522593e-15
292.23,-1.5655080634110761e-13,1.245653685287394e-15
292.24,-1.565004128198445e-13,1.2162037931382966e-15
292.25,-1.5645189145403577e-13,1.186794121188125e-15
292.26,-1.5640268536694642e-13,1.1570615797527472e-15
292.27,-1.5635331610320706e-13,1.1275608182962162e-15
292.28,-1.5630452815138005e-13,1.0980511573802436e-15
292.29,-1.5625496661284144e-13,1.0681404484136245e-15
292.3,-1.562063396835934e-13,1.0384101947488444e-15
292.31,-1.5615756187680569e-13,1.0084934451547663e-15
292.32,-1.561090784765356e-13,9.786577132022034e-16
292.33,-1.5606026770943314e-13,9.48557178052923e-16
292.34,-1.5601246820984585e-13,9.188885815209336e-16
292.35,-1.5596272145492582e-13,8.879166321886232e-16
292.36,-1.5591561744958668e-13,8.584442199072721e-16
292.37,-1.5586774175958737e-13,8.28506998935382e-16
292.38,-1.5581958791539906e-13,7.982377982589665e-16
292.39,-1.557721922331009e-13,7.682477679869621e-16
292.4,-1.557246839416748e-13,7.38115591252687e-16
292.41,-1.5567693126100994e-13,7.077457039061104e-16
292.42,-1.556295703996309e-13,6.774911706412506e-16
292.43,-1.5558283755108896e-13,6.473112267141896e-16
292.44,-1.5553556339575388e-13,6.169110718903874e-16
292.45,-1.554882661764182e-13,5.865894292991815e-16
292.46,-1.5544182676625647e-13,5.564367214822925e-16
292.47,-1.5539520261148829e-13,5.262592295606383e-16
292.48,-1.553489238443934e-13,4.960625997302017e-16
292.49,-1.553027759475338e-13,4.65928959122948e-16
292.5,-1.5525643817674554e-13,4.3557208672596427e-16
292.51,-1.5521062011562648e-13,4.053171679386393e-16
292.52,-1.5516494565639826e-13,3.751550517659986e-16
292.53,-1.5511931390141615e-13,3.450720310812781e-16
292.54,-1.550740329496547e-13,3.146705778715603e-16
292.55,-1.5502829606585434e-13,2.845625941361807e-16
292.56,-1.5498368116295726e-13,2.5467593156841313e-16
292.57,-1.5493851061169345e-13,2.2458964162635295e-16
292.58,-1.5489395091351746e-13,1.9462237060175894e-16
292.59,-1.5484942719014761e-13,1.645734613286212e-16
292.6,-1.5480471842707208e-13,1.345667458989063e-16
292.61,-1.5476051010760692e-13,1.0457021906219474e-16
292.62,-1.5471702825850894e-13,7.500739613395328e-17
292.63,-1.5467227816388616e-13,4.405501553203551e-17
292.64,-1.5462870391554243e-13,1.517048361661794e-17
292.65,-1.5458602504245667e-13,-1.4090770186693595e-17
292.66,-1.5454171691701275e-13,-4.431922815000941e-17
292.67,-1.544986906897647e-13,-7.375750541179414e-17
292.68,-1.5445670690877355e-13,-1.0285372258856785e-16
292.69,-1.5441309987868414e-13,-1.326252346564185e-16
292.7,-1.543708894944203e-13,-1.6199749088351665e-16
292.71,-1.5432725236286102e-13,-1.9168427573789278e-16
292.72,-1.5428437343687593e-13,-2.2171678881691482e-16
292.73,-1.5424422263096182e-13,-2.4960052430310263e-16
292.74,-1.5420240570580688e-13,-2.785665767020305e-16
292.75,-1.5416077816607925e-13,-3.076048397091489e-16
292.76,-1.5411916942121873e-13,-3.366170450247382e-16
292.77,-1.5407821554779568e-13,-3.651940264512784e-16
292.78,-1.5403728570379605e-13,-3.93867612881843e-16
292.79,-1.539966846033446e-13,-4.2251356760855435e-16
292.8,-1.5395552632136577e-13,-4.508798857254418e-16
292.81,-1.5391455593932227e-13,-4.792603555781325e-16
292.82,-1.5387566199910545e-13,-5.074655075563575e-16
292.83,-1.538349973485749e-13,-5.357358912073639e-16
292.84,-1.5379581640917956e-13,-5.636200837177014e-16
292.85,-1.5375584427721903e-13,-5.918176907902966e-16
292.86,-1.5371700740139082e-13,-6.194061730884089e-16
292.87,-1.5367757517551347e-13,-6.470070116722637e-16
292.88,-1.5363905213428228e-13,-6.745590917470836e-16
292.89,-1.536010250495416e-13,-7.017164149239678e-16
292.9,-1.5356117221224924e-13,-7.292724218970581e-16
292.91,-1.5352381718097047e-13,-7.562327006258627e-16
292.92,-1.5348523601252535e-13,-7.834236905431517e-16
292.93,-1.5344767360838932e-13,-8.102979865577791e-16
292.94,-1.534096335116333e-13,-8.369493359877985e-16
292.95,-1.533730526249465e-13,-8.633416226939345e-16
292.96,-1.5333528028776222e-13,-8.901031820494086e-16
292.97,-1.5329921009951662e-13,-9.160234138334664e-16
292.98,-1.532621513866262e-13,-9.423841940212007e-16
292.99,-1.532250272007764e-13,-9.684123029014948e-16
293.0,-1.5318931885661846e-13,-9.942681063573417e-16
293.01,-1.5315304026375762e-13,-1.0199755152898471e-15
293.02,-1.5311748168031312e-13,-1.0454023344833028e-15
293.03,-1.530818976433379e-13,-1.0707219489322742e-15
293.04,-1.5304679419785315e-13,-1.0957825318279735e-15
293.05,-1.530115299778742e-13,-1.120653322636093e-15
293.06,-1.5297661981553478e-13,-1.1456026678524288e-15
293.07,-1.529415539815728e-13,-1.1704072999092886e-15
293.08,-1.5290686151606498e-13,-1.1949482659877161e-15
293.09,-1.528730104957891e-13,-1.2190702565307612e-15
293.1,-1.5283908799755925e-13,-1.2431510058715827e-15
293.11,-1.5280513187796395e-13,-1.2671391821342944e-15
293.12,-1.5277184271168143e-13,-1.2908192410555902e-15
293.13,-1.5273841150020698e-13,-1.3144115794213203e-15
293.14,-1.5270549228439588e-13,-1.3376837558104485e-15
293.15,-1.5267280820486997e-13,-1.3609804171894878e-15
293.16,-1.526400633938479e-13,-1.383849069385873e-15
293.17,-1.5260720283802517e-13,-1.4067099757765367e-15
293.18,-1.5257538169918182e-13,-1.4291559828831948e-15
293.19,-1.5254333574282173e-13,-1.4515911631134541e-15
293.2,-1.525120240361973e-13,-1.4736315972329059e-15
293.21,-1.5248020298409648e-13,-1.4957213372947835e-15
293.22,-1.5244901446524632e-13,-1.5175059075300118e-15
293.23,-1.524177985226902e-13,-1.5390191271237688e-15
293.24,-1.5238771337950707e-13,-1.560132025319469e-15
293.25,-1.523566810234041e-13,-1.5814572406749008e-15
293.26,-1.5232621773245797e-13,-1.602338956595653e-15
293.27,-1.5229665558169613e-13,-1.6229752774528887e-15
293.28,-1.5226620528580359e-13,-1.6436241751086314e-15
293.29,-1.5223669329067305e-13,-1.663698221577279e-15
293.3,-1.5220705215571379e-13,-1.6839544542344857e-15
293.31,-1.5217854590996703e-13,-1.7034277670021889e-15
293.32,-1.5214954578203375e-13,-1.7229272371247271e-15
293.33,-1.5212163177375484e-13,-1.742045313101721e-15
293.34,-1.5209211732837036e-13,-1.7615435923948503e-15
293.35,-1.5206391172386434e-13,-1.780366900779366e-15
293.36,-1.5203629675444068e-13,-1.7988409173082813e-15
293.37,-1.520081209477262e-13,-1.8172471360888606e-15
293.38,-1.5198080617860467e-13,-1.835652256125833e-15
293.39,-1.519535913342006e-13,-1.853330732927231e-15
293.4,-1.5192661762182713e-13,-1.8709904962416927e-15
293.41,-1.5189951737555218e-13,-1.8885502061819647e-15
293.42,-1.5187413610781565e-13,-1.905306006031946e-15
293.43,-1.5184707614987797e-13,-1.922551967294142e-15
293.44,-1.5182023933038602e-13,-1.939373054427659e-15
293.45,-1.5179462201870574e-13,-1.9557799200134024e-15
293.46,-1.5176877243396886e-13,-1.9718914382645525e-15
293.47,-1.5174347983808389e-13,-1.987935353664487e-15
293.48,-1.517181434937768e-13,-2.0035173551041556e-15
293.49,-1.5169317058548098e-13,-2.0188697814919896e-15
293.5,-1.5166805669312133e-13,-2.0342224849754444e-15
293.51,-1.5164367557804556e-13,-2.0478908195057846e-15
293.52,-1.5161949286387325e-13,-2.0637387036754265e-15
293.53,-1.5159497080675261e-13,-2.07819101825098e-15
293.54,-1.51571335744644e-13,-2.0922975266067043e-15
293.55,-1.515471308561879e-13,-2.106334578177534e-15
293.56,-1.5152403215928553e-13,-2.1198065361114903e-15
293.57,-1.5150089969787276e-13,-2.1331763533813146e-15
293.58,-1.514782303161989e-13,-2.146136738836814e-15
293.59,-1.5145502950962704e-13,-2.159100831158078e-15
293.6,-1.514311443171072e-13,-2.1715965811447956e-15
293.61,-1.5141019808334252e-13,-2.183885371294744e-15
293.62,-1.513878659544402e-13,-2.196030204789154e-15
293.63,-1.5136599827734488e-13,-2.2077395573460107e-15
293.64,-1.5134410990997665e-13,-2.219471412653124e-15
293.65,-1.5132286687354873e-13,-2.2304132400994818e-15
293.66,-1.513015342035921e-13,-2.2413640952248946e-15
293.67,-1.5128024258207146e-13,-2.252271292522267e-15
293.68,-1.5125923827883355e-13,-2.2625085511751563e-15
293.69,-1.5123794259418495e-13,-2.2730536297536804e-15
293.7,-1.5121879585504606e-13,-2.282400879125131e-15
293.71,-1.5119795928950311e-13,-2.292043088351866e-15
293.72,-1.5117811626642956e-13,-2.301291843070053e-15
293.73,-1.5115873472354572e-13,-2.3101981287992187e-15
293.74,-1.5113859690540113e-13,-2.3191044106789416e-15
293.75,-1.511192326082921e-13,-2.327564258857409e-15
293.76,-1.510998655770038e-13,-2.3357628986192652e-15
293.77,-1.5108056602882388e-13,-2.343744875775228e-15
293.78,-1.510616750952076e-13,-2.3516550963281544e-15
293.79,-1.510426999633863e-13,-2.358854401775444e-15
293.8,-1.5102458647468375e-13,-2.3657821212597288e-15
293.81,-1.5100648013318442e-13,-2.3725388370043645e-15
293.82,-1.5098837542210134e-13,-2.3791366719067072e-15
293.83,-1.5097051645387113e-13,-2.385441662484188e-15
293.84,-1.5095292673018704e-13,-2.39129360787589e-15
293.85,-1.509354633461712e-13,-2.3969033507475796e-15
293.86,-1.5091806667573877e-13,-2.402605389002751e-15
293.87,-1.5090099008579583e-13,-2.407576774363432e-15
293.88,-1.5088233674419542e-13,-2.412030361420514e-15
293.89,-1.508674401592066e-13,-2.4168666688507677e-15
293.9,-1.5085087493710422e-13,-2.4210744004943118e-15
293.91,-1.5083457742239816e-13,-2.4250629520723402e-15
293.92,-1.508183172561758e-13,-2.4287626785006034e-15
293.93,-1.5080236342503213e-13,-2.432203539228248e-15
293.94,-1.5078663870302455e-13,-2.435208569722764e-15
293.95,-1.507706722892037e-13,-2.4382482908714977e-15
293.96,-1.5075534398414194e-13,-2.440798241724023e-15
293.97,-1.5073923394022307e-13,-2.443062348031748e-15
293.98,-1.507249208928942e-13,-2.4450857152943304e-15
293.99,-1.507098572807908e-13,-2.446868939249609e-15
294.0,-1.5069520835802828e-13,-2.448265999336282e-15
294.01,-1.506806620474166e-13,-2.4493299929044087e-15
294.02,-1.5066642038859976e-13,-2.4501938425430692e-15
294.03,-1.5065189671238692e-13,-2.4507740846391192e-15
294.04,-1.506376724084139e-13,-2.451281993670996e-15
294.05,-1.5062361833013108e-13,-2.4513246586103613e-15
294.06,-1.5061046413218945e-13,-2.450937244244802e-15
294.07,-1.505962524153254e-13,-2.45058067456011e-15
294.08,-1.505829051178599e-13,-2.4496322567963265e-15
294.09,-1.5056961626505926e-13,-2.4485946290831426e-15
294.1,-1.5055649178047065e-13,-2.4473090977433246e-15
294.11,-1.5054326420808548e-13,-2.4456803405751035e-15
294.12,-1.5053051683811175e-13,-2.4437746350924153e-15
294.13,-1.5051739972712767e-13,-2.441731009383595e-15
294.14,-1.5050491429978802e-13,-2.4392800694646215e-15
294.15,-1.5049306922779298e-13,-2.4364274280850347e-15
294.16,-1.5048034656225848e-13,-2.4334837505373026e-15
294.17,-1.5046853563872498e-13,-2.4300834350753153e-15
294.18,-1.5045636871344807e-13,-2.4265989015736815e-15
294.19,-1.5044446482090864e-13,-2.4228203616841973e-15
294.2,-1.5043274969016784e-13,-2.418701577542325e-15
294.21,-1.5042139206392493e-13,-2.4144887667952022e-15
294.22,-1.5040938126703246e-13,-2.409816001172886e-15
294.23,-1.5039962181693472e-13,-2.4045569055105132e-15
294.24,-1.5038703213866366e-13,-2.3998134958335755e-15
294.25,-1.5037583343289803e-13,-2.3944252981997056e-15
294.26,-1.5036520889803822e-13,-2.3885610170164623e-15
294.27,-1.5035421528174372e-13,-2.382678181863287e-15
294.28,-1.503435824308083e-13,-2.3764500860974256e-15
294.29,-1.5033284762460232e-13,-2.3699604720674745e-15
294.3,-1.5032268769711198e-13,-2.36313721905789e-15
294.31,-1.503121039213351e-13,-2.3563235959318425e-15
294.32,-1.5030246188778412e-13,-2.348854017617495e-15
294.33,-1.5029060038459872e-13,-2.3419212946814475e-15
294.34,-1.5028135768033434e-13,-2.333905081623666e-15
294.35,-1.502719775346492e-13,-2.3256492579619297e-15
294.36,-1.5026174270397506e-13,-2.3174612045305447e-15
294.37,-1.5025199837315554e-13,-2.3089115117559776e-15
294.38,-1.5024263517014158e-13,-2.3002127079506836e-15
294.39,-1.5023330584784017e-13,-2.2910337059526357e-15
294.4,-1.5022417335362157e-13,-2.281785575535573e-15
294.41,-1.5021437665778236e-13,-2.2721582800907755e-15
294.42,-1.5020432866433512e-13,-2.2630865605507974e-15
294.43,-1.5019634263157812e-13,-2.2524828771354446e-15
294.44,-1.5018709491600617e-13,-2.2421975642243025e-15
294.45,-1.50178165254727e-13,-2.231838673227879e-15
294.46,-1.5016925992891716e-13,-2.2209630718235127e-15
294.47,-1.5016061413947247e-13,-2.210006518388116e-15
294.48,-1.5015205328089257e-13,-2.198763753923606e-15
294.49,-1.5014352970022408e-13,-2.1873560767823717e-15
294.5,-1.5013444277369103e-13,-2.175792456094026e-15
294.51,-1.5012705603902316e-13,-2.1637006311470893e-15
294.52,-1.5011806084185597e-13,-2.151719471274405e-15
294.53,-1.5010913312749426e-13,-2.139328861544384e-15
294.54,-1.5010138528309225e-13,-2.1267184985931757e-15
294.55,-1.500932742039163e-13,-2.1138937419142537e-15
294.56,-1.5008488241274747e-13,-2.1009264551118623e-15
294.57,-1.5007730485634257e-13,-2.087486136122267e-15
294.58,-1.5006922122547646e-13,-2.0741250720503123e-15
294.59,-1.500613002833549e-13,-2.060504714005793e-15
294.6,-1.5005448115016574e-13,-2.04594093883063e-15
294.61,-1.5004572122510741e-13,-2.0322941148750186e-15
294.62,-1.500380271563399e-13,-2.018079095444219e-15
294.63,-1.500303549453193e-13,-2.003435688529823e-15
294.64,-1.5002301191405876e-13,-1.9884498753857473e-15
294.65,-1.500149761146737e-13,-1.9736602013300808e-15
294.66,-1.5000777172864465e-13,-1.958378546076395e-15
294.67,-1.4999987776458692e-13,-1.9430893246564135e-15
294.68,-1.4999341870878294e-13,-1.9271800229936304e-15
294.69,-1.4998559844692603e-13,-1.911355043812296e-15
294.7,-1.4997805254778618e-13,-1.8956164839514446e-15
294.71,-1.4997092670526766e-13,-1.879383756852844e-15
294.72,-1.4996337325854205e-13,-1.863018159952027e-15
294.73,-1.4995639881610236e-13,-1.846404945221727e-15
294.74,-1.4994898276773645e-13,-1.8297258036553923e-15
294.75,-1.4994192407161054e-13,-1.8126667544683023e-15
294.76,-1.4993437028933361e-13,-1.7957189479228544e-15
294.77,-1.4992766710749003e-13,-1.7783000007166377e-15
294.78,-1.4992253840966056e-13,-1.7601969375137e-15
294.79,-1.499132265991465e-13,-1.7431689308214327e-15
294.8,-1.49906465138383e-13,-1.725129502504312e-15
294.81,-1.498992935670458e-13,-1.7072145759368273e-15
294.82,-1.4989238649117425e-13,-1.6890898098780555e-15
294.83,-1.4988526727018774e-13,-1.6704869403562717e-15
294.84,-1.4987833879319426e-13,-1.6519887251168308e-15
294.85,-1.4987131485312942e-13,-1.633309582191941e-15
294.86,-1.498648278652824e-13,-1.614345751524378e-15
294.87,-1.4985951353400305e-13,-1.5947092508341555e-15
294.88,-1.4985044130635748e-13,-1.5763107068956661e-15
294.89,-1.498434389489587e-13,-1.5568224192336235e-15
294.9,-1.498359310565851e-13,-1.5374900702679207e-15
294.91,-1.4982935813457905e-13,-1.5178044753074843e-15
294.92,-1.4982251871266098e-13,-1.497894671219127e-15
294.93,-1.4981561772280024e-13,-1.4779336688494985e-15
294.94,-1.498085147566733e-13,-1.4579256424954362e-15
294.95,-1.4980168753858882e-13,-1.4375313942904735e-15
294.96,-1.4979435677587046e-13,-1.4169359175842843e-15
294.97,-1.4978758459884546e-13,-1.396672185779261e-15
294.98,-1.4978030643954146e-13,-1.376020401623338e-15
294.99,-1.4977348723733034e-13,-1.3551839707608362e-15
295.0,-1.497662440435487e-13,-1.334311460257804e-15
295.01,-1.4975909622002683e-13,-1.3133018551545595e-15
295.02,-1.497519412805044e-13,-1.2921222545802068e-15
295.03,-1.497455798861616e-13,-1.2706760655893253e-15
295.04,-1.4973764754791906e-13,-1.2493823729943361e-15
295.05,-1.497298569078604e-13,-1.2277685009973031e-15
295.06,-1.4972311469034192e-13,-1.206261282863585e-15
295.07,-1.4971602539139183e-13,-1.1844053350442814e-15
295.08,-1.4970863042521174e-13,-1.1626562934316295e-15
295.09,-1.497012344315902e-13,-1.14058142724782e-15
295.1,-1.4969399350851365e-13,-1.1185227976020999e-15
295.11,-1.49686396189773e-13,-1.0963284198753863e-15
295.12,-1.4968008886098827e-13,-1.0738802985806082e-15
295.13,-1.496714036551204e-13,-1.0516649998074752e-15
295.14,-1.49664026126504e-13,-1.0290816999048648e-15
295.15,-1.496562814766938e-13,-1.0067107364971415e-15
295.16,-1.49648839891378e-13,-9.8392615627907e-16
295.17,-1.496411414090302e-13,-9.610874388380009e-16
295.18,-1.4963354193588557e-13,-9.382336627903803e-16
295.19,-1.4962588357246374e-13,-9.153278116182364e-16
295.2,-1.4961797958047742e-13,-8.923151745505827e-16
295.21,-1.4960926271269357e-13,-8.696871312381535e-16
295.22,-1.496024488799483e-13,-8.45920840682767e-16
295.23,-1.4959406156340152e-13,-8.227630073779758e-16
295.24,-1.4958630859480792e-13,-7.993994862733969e-16
295.25,-1.4957802199336862e-13,-7.760426302043011e-16
295.26,-1.4956970993514246e-13,-7.527716090660695e-16
295.27,-1.4956152840354782e-13,-7.291493896773967e-16
295.28,-1.4955333264131565e-13,-7.055755061352817e-16
295.29,-1.495444753751806e-13,-6.820827758498597e-16
295.3,-1.495350624482046e-13,-6.587700828536733e-16
295.31,-1.4952738313520184e-13,-6.346575590241404e-16
295.32,-1.4951964763371095e-13,-6.10579208066675e-16
295.33,-1.495106459431493e-13,-5.869716658274364e-16
295.34,-1.495018057820586e-13,-5.630642763110387e-16
295.35,-1.4949331079350769e-13,-5.390475143180545e-16
295.36,-1.4948412648274896e-13,-5.15224144704016e-16
295.37,-1.4947487378242748e-13,-4.913308687207319e-16
295.38,-1.4946593115065847e-13,-4.672606571868675e-16
295.39,-1.4945676907169998e-13,-4.4328739014047525e-16
295.4,-1.4944761183573418e-13,-4.192129916906054e-16
295.41,-1.4943880436079823e-13,-3.948125045072413e-16
295.42,-1.4942898357657358e-13,-3.709266446767908e-16
295.43,-1.4941945917031256e-13,-3.467258406472481e-16
295.44,-1.4940961393889577e-13,-3.2267636180252263e-16
295.45,-1.4940027954973051e-13,-2.983664688038905e-16
295.46,-1.4939071025748682e-13,-2.7407551134710595e-16
295.47,-1.4938028694179716e-13,-2.5004231276086954e-16
295.48,-1.4937044862093786e-13,-2.260104402554714e-16
295.49,-1.4936074104440895e-13,-2.0147771414192408e-16
295.5,-1.4935011644441247e-13,-1.774169191787642e-16
295.51,-1.4934001589183676e-13,-1.5317342227059137e-16
295.52,-1.493296254884281e-13,-1.2887040872297428e-16
295.53,-1.4931927316116417e-13,-1.0475795985488486e-16
295.54,-1.4930844122080113e-13,-8.062578866522351e-17
295.55,-1.4929788730518154e-13,-5.636686194732907e-17
295.56,-1.4928697765180552e-13,-3.2291569957051994e-17
295.57,-1.4927439964911918e-13,-8.726387304226652e-18
295.58,-1.4926588147613451e-13,1.6226660686195365e-17
295.59,-1.492538341072278e-13,4.012482823990574e-17
295.6,-1.4924299609028902e-13,6.424219439648932e-17
295.61,-1.4923215552717538e-13,8.83262399855096e-17
295.62,-1.4922022243751126e-13,1.124012443292172e-16
295.63,-1.4920876463912829e-13,1.36404329053631e-16
295.64,-1.4919710482473797e-13,1.602416354097344e-16
295.65,-1.4918510139477708e-13,1.8420779303909536e-16
295.66,-1.4917112897218146e-13,2.073882215492232e-16
295.67,-1.4916129216068118e-13,2.3189351641798183e-16
295.68,-1.49148823520213e-13,2.5570289315549827e-16
295.69,-1.4913687221446547e-13,2.7955669399815326e-16
295.7,-1.4912446257050963e-13,3.03310538003898e-16
295.71,-1.491123881262665e-13,3.270332132299327e-16
295.72,-1.4909928144551008e-13,3.5054962546098854e-16
295.73,-1.4908663268026104e-13,3.7403397371735132e-16
295.74,-1.490736638638991e-13,3.9755543272351366e-16
295.75,-1.4906035681048419e-13,4.20944652984856e-16
295.76,-1.4904762783828152e-13,4.44244999877102e-16
295.77,-1.4903443451086422e-13,4.676784435701922e-16
295.78,-1.4902126841316523e-13,4.909554436547529e-16
295.79,-1.490074695859867e-13,5.140812457656722e-16
295.8,-1.489940638507245e-13,5.371439696938962e-16
295.81,-1.4898004305609012e-13,5.601921302892759e-16
295.82,-1.489659195026996e-13,5.830784921016891e-16
295.83,-1.489519590358354e-13,6.060007750013056e-16
295.84,-1.489379228329503e-13,6.287604700464698e-16
295.85,-1.4892218764927254e-13,6.504501292441058e-16
295.86,-1.4890931871501724e-13,6.741069840235354e-16
295.87,-1.4889490486003197e-13,6.965860572601336e-16
295.88,-1.488801267378797e-13,7.190224055281793e-16
295.89,-1.4886542651421455e-13,7.414996263761421e-16
295.9,-1.4885015164298994e-13,7.635192620936791e-16
295.91,-1.4883505170458626e-13,7.856477051364444e-16
295.92,-1.4881977866526134e-13,8.076545462104629e-16
295.93,-1.4880464153506108e-13,8.296704603643158e-16
295.94,-1.487893174300113e-13,8.51535013886357e-16
295.95,-1.4877340207040753e-13,8.732711681792388e-16
295.96,-1.487576923585472e-13,8.946129993028876e-16
295.97,-1.487410143346257e-13,9.158881502348389e-16
295.98,-1.4872560805948082e-13,9.377083199818936e-16
295.99,-1.4870955959772596e-13,9.590716347448366e-16
296.0,-1.4869298656410196e-13,9.800872152609274e-16
296.01,-1.4867654004522588e-13,1.0011913890578285e-15
296.02,-1.48660128207203e-13,1.0220857888468843e-15
296.03,-1.4864343546533325e-13,1.0428531300699499e-15
296.04,-1.4862595704553288e-13,1.0634814894601292e-15
296.05,-1.486089974265595e-13,1.0839171788139983e-15
296.06,-1.4859166524594878e-13,1.104321371557831e-15
296.07,-1.485744691629916e-13,1.1246345458142286e-15
296.08,-1.4855700076161889e-13,1.1448486877668757e-15
296.09,-1.4853931046503767e-13,1.1647231178121315e-15
296.1,-1.4852150310151074e-13,1.1846725597781464e-15
296.11,-1.4850353492617688e-13,1.204350771263093e-15
296.12,-1.4848549020851711e-13,1.2240600155800242e-15
296.13,-1.4846709672018968e-13,1.243371108074494e-15
296.14,-1.4844892054843736e-13,1.2626293516145883e-15
296.15,-1.4843020144492632e-13,1.281777301426178e-15
296.16,-1.484116594089475e-13,1.3007304193340946e-15
296.17,-1.4839299702799143e-13,1.3197520288359172e-15
296.18,-1.483742339898327e-13,1.3386584764308872e-15
296.19,-1.4835459759045021e-13,1.3567004531807663e-15
296.2,-1.483364370423552e-13,1.375555547775046e-15
296.21,-1.483157190206848e-13,1.3933532503040286e-15
296.22,-1.482962779955028e-13,1.4114214226280202e-15
296.23,-1.4827710700441605e-13,1.429449441018792e-15
296.24,-1.482569585248405e-13,1.447105896745524e-15
296.25,-1.4823733163532847e-13,1.4647345450200215e-15
296.26,-1.482169295132751e-13,1.4821136471970944e-15
296.27,-1.4819677105267945e-13,1.499385820832323e-15
296.28,-1.4817631023238865e-13,1.5164948846031444e-15
296.29,-1.4815603693545025e-13,1.5337424417215395e-15
296.3,-1.4813499118464668e-13,1.5500749826457817e-15
296.31,-1.4811425052367032e-13,1.5664604480000677e-15
296.32,-1.4809321847631572e-13,1.5829835142779115e-15
296.33,-1.4807196784522854e-13,1.5991264233726354e-15
296.34,-1.4805066375651607e-13,1.6151754165986181e-15
296.35,-1.4802915771997797e-13,1.6309847715699573e-15
296.36,-1.4800764796616535e-13,1.6466833024299047e-15
296.37,-1.4798575266366084e-13,1.6622022649748892e-15
296.38,-1.4796404867172095e-13,1.6774350545533756e-15
296.39,-1.4794172496932486e-13,1.6924442530435332e-15
296.4,-1.4791982586086433e-13,1.7074397543722967e-15
296.41,-1.478977599030711e-13,1.7221814979158613e-15
296.42,-1.4787493033649127e-13,1.7366330750992225e-15
296.43,-1.4785176239426795e-13,1.7507278257289589e-15
296.44,-1.478296100206993e-13,1.7652557360591966e-15
296.45,-1.478067794884886e-13,1.77922350828403e-15
296.46,-1.477835867683955e-13,1.7928882330443438e-15
296.47,-1.477600862140975e-13,1.806357607919121e-15
296.48,-1.4773667565433479e-13,1.819744495007077e-15
296.49,-1.4771356962720853e-13,1.8330546144406136e-15
296.5,-1.4769041578655613e-13,1.8459850949916183e-15
296.51,-1.4766652570906678e-13,1.8588099343786576e-15
296.52,-1.4764260946978827e-13,1.8714262658505774e-15
296.53,-1.4761791511082643e-13,1.8831727523028637e-15
296.54,-1.475943091988951e-13,1.895934365708623e-15
296.55,-1.4756991583156283e-13,1.9077867749476717e-15
296.56,-1.47545107552295e-13,1.9192153305057767e-15
296.57,-1.4752002852656804e-13,1.9317076564707113e-15
296.58,-1.4749612150670872e-13,1.9424754911721392e-15
296.59,-1.4747105540466062e-13,1.9535185773621668e-15
296.6,-1.4744648629853155e-13,1.964780252739333e-15
296.61,-1.474213118679757e-13,1.9753443660173433e-15
296.62,-1.4739580927607693e-13,1.9856498392984564e-15
296.63,-1.4737046169719955e-13,1.996015445096125e-15
296.64,-1.473449054999918e-13,2.0060822346026796e-15
296.65,-1.4731963152643043e-13,2.016027767747235e-15
296.66,-1.4729423917175476e-13,2.027051322548043e-15
296.67,-1.4726750422056438e-13,2.0350933586609263e-15
296.68,-1.472417317159995e-13,2.044410884062742e-15
296.69,-1.472152547692878e-13,2.0533073109418407e-15
296.7,-1.471890696330845e-13,2.0622725471390683e-15
296.71,-1.4716228489234163e-13,2.070625635838365e-15
296.72,-1.4713594772099513e-13,2.0790687492671367e-15
296.73,-1.4710889496820027e-13,2.0871486742743646e-15
296.74,-1.4708176488071807e-13,2.094698115921944e-15
296.75,-1.4705655220761387e-13,2.1032523318015567e-15
296.76,-1.4702817191386556e-13,2.110255907895949e-15
296.77,-1.4700087380063436e-13,2.1176061697114343e-15
296.78,-1.4697377131853341e-13,2.124568469268248e-15
296.79,-1.4694657171562105e-13,2.1316746731271276e-15
296.8,-1.4691868983674367e-13,2.1380389749702352e-15
296.81,-1.4689118868513605e-13,2.1445045478573244e-15
296.82,-1.4686294716555883e-13,2.1504015195596994e-15
296.83,-1.468351667761588e-13,2.1564662427124734e-15
296.84,-1.4680774385750856e-13,2.1623229960916698e-15
296.85,-1.4677899524038974e-13,2.1677003624989023e-15
296.86,-1.4675085602333047e-13,2.1729573655969115e-15
296.87,-1.46722300809576e-13,2.177877697656282e-15
296.88,-1.466940759136616e-13,2.1827302886352184e-15
296.89,-1.4666507443329796e-13,2.18741514808291e-15
296.9,-1.4663653865439443e-13,2.1919263423769223e-15
296.91,-1.4660708762600033e-13,2.195835862984952e-15
296.92,-1.4657814749211986e-13,2.1998425141122706e-15
296.93,-1.465497106244414e-13,2.2036539447471933e-15
296.94,-1.465200972964018e-13,2.2071070353403574e-15
296.95,-1.4649074965808425e-13,2.210225175510411e-15
296.96,-1.4646124534534517e-13,2.21328006601695e-15
296.97,-1.464315886463517e-13,2.21605374141524e-15
296.98,-1.4640213767920823e-13,2.2186539473463433e-15
296.99,-1.4637218358969668e-13,2.2209300615557776e-15
297.0,-1.4634215588974082e-13,2.2229798641338876e-15
297.01,-1.4631251745302778e-13,2.2249456712417503e-15
297.02,-1.4628285444130423e-13,2.226858236633345e-15
297.03,-1.462523881659674e-13,2.22817278959699e-15
297.04,-1.462223031390925e-13,2.22945039615307e-15
297.05,-1.4619176220945366e-13,2.2304128509413735e-15
297.06,-1.4616140276087355e-13,2.231227196652508e-15
297.07,-1.4613071553545645e-13,2.231732212723487e-15
297.08,-1.461002259912692e-13,2.2320521638604313e-15
297.09,-1.46068975780003e-13,2.231925259690001e-15
297.1,-1.460387963456595e-13,2.232135815766611e-15
297.11,-1.460077491082471e-13,2.23187093368739e-15
297.12,-1.459768895618669e-13,2.2313064742206427e-15
297.13,-1.4594539351710164e-13,2.2304339118547354e-15
297.14,-1.4591441154046322e-13,2.229508959318761e-15
297.15,-1.4588316633233653e-13,2.228291146479842e-15
297.16,-1.458516723472258e-13,2.226829487131934e-15
297.17,-1.458202081061018e-13,2.2251227573755734e-15
297.18,-1.4578850744988859e-13,2.2231575608861993e-15
297.19,-1.4575751690080402e-13,2.221271700266901e-15
297.2,-1.4572559875913584e-13,2.219144505459678e-15
297.21,-1.4569342016138998e-13,2.216308190275964e-15
297.22,-1.4566204057529977e-13,2.213799938321226e-15
297.23,-1.456298355613779e-13,2.2107680953690222e-15
297.24,-1.4559797790205314e-13,2.207560159583472e-15
297.25,-1.4556545527936843e-13,2.2040582702406425e-15
297.26,-1.455335112103383e-13,2.2006086091711734e-15
297.27,-1.455005933165516e-13,2.1963354151813447e-15
297.28,-1.4546991269560606e-13,2.1928599066667893e-15
297.29,-1.454368817232332e-13,2.188608785621944e-15
297.3,-1.4540423099206824e-13,2.1839224732661296e-15
297.31,-1.4537177004718132e-13,2.179385298309988e-15
297.32,-1.453390228039998e-13,2.1744516056379315e-15
297.33,-1.4530666532324746e-13,2.169489646721696e-15
297.34,-1.452738526886963e-13,2.16421257170427e-15
297.35,-1.4524118871383272e-13,2.1587952374561933e-15
297.36,-1.4520838992806365e-13,2.152123157592136e-15
297.37,-1.4517452675405798e-13,2.1470860152348272e-15
297.38,-1.4514255338112426e-13,2.141161708315722e-15
297.39,-1.4510944621781016e-13,2.1347124959514225e-15
297.4,-1.4507654848191923e-13,2.1282720310594073e-15
297.41,-1.4504320782804138e-13,2.121485574389685e-15
297.42,-1.45010158382014e-13,2.114670493392314e-15
297.43,-1.4497700859829292e-13,2.1076093657036044e-15
297.44,-1.4494374943301248e-13,2.1003274926506965e-15
297.45,-1.4491212048949782e-13,2.0933034023828014e-15
297.46,-1.4487665474681595e-13,2.085012129833557e-15
297.47,-1.448438860494223e-13,2.0773319368031083e-15
297.48,-1.4481007217687405e-13,2.0690522546005847e-15
297.49,-1.4477650228601178e-13,2.0608177263143336e-15
297.5,-1.447429510664427e-13,2.0523381145520616e-15
297.51,-1.4471016443689416e-13,2.043721150157912e-15
297.52,-1.4467573682956636e-13,2.0347362873459444e-15
297.53,-1.4464229697427338e-13,2.0259348048503007e-15
297.54,-1.4460906991859852e-13,2.0173845248393177e-15
297.55,-1.4457503225192381e-13,2.0071730494756296e-15
297.56,-1.445410898826091e-13,1.9977456277955173e-15
297.57,-1.4450700234069416e-13,1.9878630401305748e-15
297.58,-1.4447227891964258e-13,1.9778223307771256e-15
297.59,-1.4443922801019615e-13,1.967756257790332e-15
297.6,-1.4440539139653338e-13,1.9575307595149913e-15
297.61,-1.4437057767684683e-13,1.946938261681816e-15
297.62,-1.4433779526898886e-13,1.9365087057970448e-15
297.63,-1.4430372503828687e-13,1.926010769713916e-15
297.64,-1.4427007083725218e-13,1.914623496299173e-15
297.65,-1.442358661730396e-13,1.9034979313799684e-15
297.66,-1.4420150548583094e-13,1.89206668514575e-15
297.67,-1.4416775065339586e-13,1.8805163261721963e-15
297.68,-1.4413349250193159e-13,1.8689632171652837e-15
297.69,-1.440992658696337e-13,1.8571089060414563e-15
297.7,-1.4406537644949444e-13,1.845127177700231e-15
297.71,-1.4403093732492827e-13,1.8330305207615498e-15
297.72,-1.4399716849026953e-13,1.82077769579309e-15
297.73,-1.4396235625086585e-13,1.8081992690909106e-15
297.74,-1.4392869990672906e-13,1.795622431722864e-15
297.75,-1.438943234824746e-13,1.7826996528144427e-15
297.76,-1.4386016547251935e-13,1.769713009732448e-15
297.77,-1.4382595173994899e-13,1.7564726424970602e-15
297.78,-1.437917850540874e-13,1.7433898535340846e-15
297.79,-1.4375745811860598e-13,1.7298436579484048e-15
297.8,-1.4372319640594494e-13,1.7163387206275631e-15
297.81,-1.43689208056632e-13,1.7028018251440423e-15
297.82,-1.436555083698896e-13,1.6888846096820527e-15
297.83,-1.4362075172772087e-13,1.6749581378217153e-15
297.84,-1.4358651118390504e-13,1.6608155929776597e-15
297.85,-1.4355229371838853e-13,1.6464918753472734e-15
297.86,-1.435180175409504e-13,1.6321182625195895e-15
297.87,-1.4348402911126885e-13,1.6176263470182623e-15
297.88,-1.4344987046984497e-13,1.6029420307833631e-15
297.89,-1.4341562884775233e-13,1.5881582428619111e-15
297.9,-1.4338119408498167e-13,1.5732186758183907e-15
297.91,-1.433468802448521e-13,1.5580655471646001e-15
297.92,-1.4331311937355053e-13,1.5430509025791728e-15
297.93,-1.4328006547459013e-13,1.527944627650708e-15
297.94,-1.4324490729986548e-13,1.5122255079486036e-15
297.95,-1.4321071440995507e-13,1.496615922569766e-15
297.96,-1.4317679643871183e-13,1.4811136137000023e-15
297.97,-1.4314263899016016e-13,1.4651917263907872e-15
297.98,-1.4310866648671267e-13,1.4493455098973585e-15
297.99,-1.4307488272287607e-13,1.4333945698568978e-15
298.0,-1.4304064448812862e-13,1.4171685576980386e-15
298.01,-1.4300680902362716e-13,1.4009724536502701e-15
298.02,-1.429724435457656e-13,1.384465439977988e-15
298.03,-1.429382995982633e-13,1.368063179284123e-15
298.04,-1.429048867719984e-13,1.3515629549281049e-15
298.05,-1.4287099003595718e-13,1.334960698604549e-15
298.06,-1.4283725702238387e-13,1.3182081573390512e-15
298.07,-1.428035510642107e-13,1.3013663316369116e-15
298.08,-1.4276987078599346e-13,1.28426728496353e-15
298.09,-1.4273636266993266e-13,1.2674742561869143e-15
298.1,-1.4270201502877667e-13,1.2501513389959573e-15
298.11,-1.4266842105642088e-13,1.2328899942263572e-15
298.12,-1.4263460484615296e-13,1.2155401250683307e-15
298.13,-1.426010464382896e-13,1.198201262266569e-15
298.14,-1.4256698864417925e-13,1.1805750591098198e-15
298.15,-1.4253381949151492e-13,1.1629320752112254e-15
298.16,-1.4250101739805145e-13,1.1455741483604785e-15
298.17,-1.4246643211978065e-13,1.127522041314929e-15
298.18,-1.424340253024557e-13,1.1100767023076835e-15
298.19,-1.4240038474470652e-13,1.092060032844077e-15
298.2,-1.423670620564237e-13,1.073992240442691e-15
298.21,-1.423338400252256e-13,1.056039012343786e-15
298.22,-1.4230061738010726e-13,1.0378975600496178e-15
298.23,-1.4226739597504708e-13,1.0197915661370206e-15
298.24,-1.4223408397125024e-13,1.0014165924004024e-15
298.25,-1.4220118319089572e-13,9.83287690629794e-16
298.26,-1.4216853901555215e-13,9.646269602473162e-16
298.27,-1.4213589902279326e-13,9.468214765585627e-16
298.28,-1.4210318985680442e-13,9.28266066499806e-16
298.29,-1.420695088796237e-13,9.094774885785898e-16
298.3,-1.420367432535718e-13,8.909598270617105e-16
298.31,-1.4200385594553572e-13,8.722494648764894e-16
298.32,-1.4197144428052898e-13,8.536331632121621e-16
298.33,-1.419386681358573e-13,8.348670847099336e-16
298.34,-1.4190587020868612e-13,8.160513397641914e-16
298.35,-1.418734358591928e-13,7.973412242950644e-16
298.36,-1.4184107357044557e-13,7.786870422630919e-16
298.37,-1.4180884848006213e-13,7.596820136248891e-16
298.38,-1.417760651815711e-13,7.406031472938908e-16
298.39,-1.4174431060132025e-13,7.217619657728701e-16
298.4,-1.4171188162412902e-13,7.027592571173581e-16
298.41,-1.4168004609092768e-13,6.837705866880668e-16
298.42,-1.4164805276885863e-13,6.647170095129142e-16
298.43,-1.4161579093778024e-13,6.456295718245264e-16
298.44,-1.4158419809262007e-13,6.267372095682675e-16
298.45,-1.4155105214778482e-13,6.071549075041281e-16
298.46,-1.4152056607737317e-13,5.885354560531506e-16
298.47,-1.4148945398412526e-13,5.695993129846899e-16
298.48,-1.4145742406104707e-13,5.501840543462921e-16
298.49,-1.4142556003926286e-13,5.310019600052749e-16
298.5,-1.413941057774225e-13,5.118852145662575e-16
298.51,-1.4136297397658292e-13,4.926011626071059e-16
298.52,-1.4133134984983192e-13,4.734882187954391e-16
298.53,-1.4130040565252737e-13,4.541118942808955e-16
298.54,-1.4126866891242618e-13,4.346354901843562e-16
298.55,-1.4123822369750903e-13,4.1590997508282053e-16
298.56,-1.4120702604123726e-13,3.965917124048928e-16
298.57,-1.4117607692841556e-13,3.7742324840189573e-16
298.58,-1.411451331122052e-13,3.5818923274554646e-16
298.59,-1.4111448750222853e-13,3.39062369297874e-16
298.6,-1.4108396153254834e-13,3.199093808945343e-16
298.61,-1.4105347955280171e-13,3.008959886951177e-16
298.62,-1.4102285682333307e-13,2.8153893724217973e-16
298.63,-1.4099200600122685e-13,2.6202668622208236e-16
298.64,-1.4096194217585818e-13,2.4339301892918073e-16
298.65,-1.4093176350486384e-13,2.242542599972142e-16
298.66,-1.4090169977998615e-13,2.0528724788107213e-16
298.67,-1.4087143702609814e-13,1.8614953158458548e-16
298.68,-1.4084171014655879e-13,1.671812166727833e-16
298.69,-1.4081127438006555e-13,1.4815915323268413e-16
298.7,-1.4078191332416555e-13,1.2919948813212317e-16
298.71,-1.4075188012653346e-13,1.1025040923880917e-16
298.72,-1.4072044639641474e-13,9.054275036641468e-17
298.73,-1.406926214593073e-13,7.250489454606507e-17
298.74,-1.4066304534317744e-13,5.355004722248446e-17
298.75,-1.406339905306549e-13,3.494449432878642e-17
298.76,-1.4060442220997014e-13,1.6267270075878517e-17
298.77,-1.4057559980642919e-13,-2.4688263702840596e-18
298.78,-1.4054617889546e-13,-2.1237374366289748e-17
298.79,-1.4051724142355053e-13,-3.9753202953439616e-17
298.8,-1.4048856420733637e-13,-5.830016438093458e-17
298.81,-1.4045892793764427e-13,-7.722824366023193e-17
298.82,-1.404310119469235e-13,-9.511166193559606e-17
298.83,-1.404022405211172e-13,-1.1362758812902262e-16
298.84,-1.40373760205241e-13,-1.319109393236488e-16
298.85,-1.4034542561065325e-13,-1.4995606927083167e-16
298.86,-1.4031707425124226e-13,-1.6845696609556648e-16
298.87,-1.402885985936555e-13,-1.8659058779885557e-16
298.88,-1.4026025066647967e-13,-2.048051910937088e-16
298.89,-1.402325463232299e-13,-2.227743233810991e-16
298.9,-1.4020572718669802e-13,-2.4060208796899154e-16
298.91,-1.4017679712738246e-13,-2.586485147928558e-16
298.92,-1.401492927783204e-13,-2.7637923941814784e-16
298.93,-1.4012105483450923e-13,-2.9432785673371026e-16
298.94,-1.400936152632341e-13,-3.118986796440084e-16
298.95,-1.4006635946618065e-13,-3.2937576429863547e-16
298.96,-1.4003909705176165e-13,-3.4691731590057156e-16
298.97,-1.400113606604826e-13,-3.6455011034517236e-16
298.98,-1.3998465849801166e-13,-3.816879313147102e-16
298.99,-1.3995812279159522e-13,-3.9882978048262757e-16
299.0,-1.3993061399353383e-13,-4.160648304450407e-16
299.01,-1.399040307766998e-13,-4.3316408968611646e-16
299.02,-1.398771014796478e-13,-4.501660315229947e-16
299.03,-1.3985104038832476e-13,-4.66790220946182e-16
299.04,-1.3982386786993114e-13,-4.839721935551002e-16
299.05,-1.3979763731129316e-13,-5.005803140831594e-16
299.06,-1.3977030334686347e-13,-5.173601630318683e-16
299.07,-1.3974493002952132e-13,-5.337610788127743e-16
299.08,-1.3971910804501868e-13,-5.500910317530784e-16
299.09,-1.396927445183166e-13,-5.667957818678814e-16
299.1,-1.3966706872257536e-13,-5.827485998069074e-16
299.11,-1.396409955438204e-13,-5.988757832151161e-16
299.12,-1.3961541403921486e-13,-6.149429263883343e-16
299.13,-1.395897405728561e-13,-6.308172549020528e-16
299.14,-1.395643716399743e-13,-6.466411643335608e-16
299.15,-1.395394876034836e-13,-6.621046913367734e-16
299.16,-1.3951374876460696e-13,-6.777906890633206e-16
299.17,-1.3948838012540655e-13,-6.934641099787222e-16
299.18,-1.3946321954002815e-13,-7.08936761018831e-16
299.19,-1.3943834706393907e-13,-7.24064726234779e-16
299.2,-1.3941299186386629e-13,-7.393515557974211e-16
299.21,-1.3938879671354414e-13,-7.541291779749197e-16
299.22,-1.393640833598075e-13,-7.690515240482057e-16
299.23,-1.393394202199925e-13,-7.838750615810727e-16
299.24,-1.3931612307040196e-13,-7.98224326674381e-16
299.25,-1.3929057506433776e-13,-8.129569123466344e-16
299.26,-1.392661081179689e-13,-8.275246941270948e-16
299.27,-1.3924235551871387e-13,-8.4169211064718e-16
299.28,-1.3921785880580822e-13,-8.558905357929175e-16
299.29,-1.3919422837052106e-13,-8.699065721960869e-16
299.3,-1.391704081419763e-13,-8.836868379244741e-16
299.31,-1.3914648262390765e-13,-8.974873275491667e-16
299.32,-1.391232631619907e-13,-9.110219124620416e-16
299.33,-1.3909898863162625e-13,-9.244743425773867e-16
299.34,-1.3907685894063842e-13,-9.37613224151836e-16
299.35,-1.3905267984347136e-13,-9.512028215549804e-16
299.36,-1.390293586020333e-13,-9.642289845526513e-16
299.37,-1.3900645857163645e-13,-9.771267382675877e-16
299.38,-1.3898337126169756e-13,-9.90005572231553e-16
299.39,-1.3896048756722291e-13,-1.0025819795888213e-15
299.4,-1.3893740245786235e-13,-1.015202411804789e-15
299.41,-1.3891485375071597e-13,-1.0274607684412057e-15
299.42,-1.3889216701389814e-13,-1.039312560324451e-15
299.43,-1.3886991196443064e-13,-1.0517452713780428e-15
299.44,-1.3884769992797954e-13,-1.0636265891204924e-15
299.45,-1.3882492555159742e-13,-1.0755300924760016e-15
299.46,-1.3880296569802292e-13,-1.087215134249972e-15
299.47,-1.3878056181895526e-13,-1.0986349262502836e-15
299.48,-1.3875867751977014e-13,-1.1099371613161416e-15
299.49,-1.3873667085821546e-13,-1.1214129033067374e-15
299.5,-1.387150131197959e-13,-1.1321337501226563e-15
299.51,-1.3869505132415622e-13,-1.1420990863612528e-15
299.52,-1.3867107475845349e-13,-1.153847641386554e-15
299.53,-1.3865037803178255e-13,-1.1642328775794208e-15
299.54,-1.3862858988446623e-13,-1.1747472882436388e-15
299.55,-1.3860726648682863e-13,-1.1849723691914826e-15
299.56,-1.3858573561470751e-13,-1.1953213968897843e-15
299.57,-1.3856513827725294e-13,-1.2049135711410108e-15
299.58,-1.3854395861406588e-13,-1.2146015272805113e-15
299.59,-1.385231930350842e-13,-1.2243383667061476e-15
299.6,-1.38503801356288e-13,-1.2332211683660367e-15
299.61,-1.384815849685639e-13,-1.2430045440209247e-15
299.62,-1.3846106719997757e-13,-1.2521458230556135e-15
299.63,-1.3844033338938606e-13,-1.2611810113893794e-15
299.64,-1.384196145130309e-13,-1.2700626905963071e-15
299.65,-1.3839922440832433e-13,-1.278766236944887e-15
299.66,-1.383792174681113e-13,-1.287093697671565e-15
299.67,-1.3835885600981483e-13,-1.2954214869457984e-15
299.68,-1.3833880424218036e-13,-1.3035839507657615e-15
299.69,-1.3831937316446356e-13,-1.3113844775405557e-15
299.7,-1.3829992457069764e-13,-1.3189175190134535e-15
299.71,-1.3827915887590567e-13,-1.3270287613509602e-15
299.72,-1.3825909433902665e-13,-1.3345815348738296e-15
299.73,-1.3823983586530017e-13,-1.341748314358549e-15
299.74,-1.3822050199037422e-13,-1.3488080160252015e-15
299.75,-1.382008158667313e-13,-1.3558169119607816e-15
299.76,-1.3818150770945259e-13,-1.362614755156349e-15
299.77,-1.381622518111164e-13,-1.3691647900871915e-15
299.78,-1.381431706560206e-13,-1.3755846218321246e-15
299.79,-1.3812356395412453e-13,-1.381352570104269e-15
299.8,-1.38104773191998e-13,-1.3880627049542705e-15
299.81,-1.38085763985921e-13,-1.3941257049101259e-15
299.82,-1.3806679657326323e-13,-1.3997434815126776e-15
299.83,-1.380481461823698e-13,-1.405359451639754e-15
299.84,-1.3802963612586805e-13,-1.4106474173927242e-15
299.85,-1.380108287246739e-13,-1.4159460262362233e-15
299.86,-1.3799244149200768e-13,-1.4210259356900469e-15
299.87,-1.3797357523760365e-13,-1.4260231639565252e-15
299.88,-1.379562194269803e-13,-1.430512231147952e-15
299.89,-1.3793738339638629e-13,-1.43503928434289e-15
299.9,-1.3791913872820626e-13,-1.4394454984859477e-15
299.91,-1.379009389210818e-13,-1.4436411484122203e-15
299.92,-1.3788285410218934e-13,-1.4476785439590154e-15
299.93,-1.3786476361090225e-13,-1.451539053586183e-15
299.94,-1.3784680164973568e-13,-1.4550975598723498e-15
299.95,-1.3782920841933884e-13,-1.4585697014811605e-15
299.96,-1.3781134211407988e-13,-1.4619474269743174e-15
299.97,-1.3779333781268679e-13,-1.4650419132549068e-15
299.98,-1.3777627790049836e-13,-1.467940854515606e-15
299.99,-1.3775874546178456e-13,-1.4707575381329647e-15
300.0,-1.377414437265403e-13,-1.4733316447548517e-15
300.01,-1.3772375511150318e-13,-1.475769908733214e-15
300.02,-1.377068000926191e-13,-1.4778849431186515e-15
300.03,-1.3768881373756838e-13,-1.4804577057268797e-15
300.04,-1.376722413263653e-13,-1.4819169439186344e-15
300.05,-1.376559347064878e-13,-1.4833063976931696e-15
300.06,-1.376378546457324e-13,-1.48513643124526e-15
300.07,-1.3762110642326054e-13,-1.486498110463707e-15
300.08,-1.376040878454033e-13,-1.487780913787292e-15
300.09,-1.3758744816400227e-13,-1.488701513191384e-15
300.1,-1.3757029585297148e-13,-1.4897092981856852e-15
300.11,-1.3755389879696623e-13,-1.4901971898580699e-15
300.12,-1.3753711154939097e-13,-1.4907750387530293e-15
300.13,-1.3752061093770243e-13,-1.491094070888479e-15
300.14,-1.375047235348429e-13,-1.4913722764793426e-15
300.15,-1.3748773409078723e-13,-1.491050351701061e-15
300.16,-1.374711105666196e-13,-1.4909360716928163e-15
300.17,-1.3745479443656529e-13,-1.4905231344212505e-15
300.18,-1.374386036837273e-13,-1.4899878256025877e-15
300.19,-1.3742192638784363e-13,-1.4894463533208055e-15
300.2,-1.374062747790224e-13,-1.4883548319906214e-15
300.21,-1.3738992783669044e-13,-1.4873238625924576e-15
300.22,-1.373740865421167e-13,-1.4860603363094642e-15
300.23,-1.3735902997453958e-13,-1.4843227177316097e-15
300.24,-1.3734234016448324e-13,-1.4829001228535788e-15
300.25,-1.3732631061996665e-13,-1.481198423986923e-15
300.26,-1.3731038506444804e-13,-1.4793876893156135e-15
300.27,-1.3729454910676097e-13,-1.4772829666905972e-15
300.28,-1.372789349382774e-13,-1.4749308501672838e-15
300.29,-1.3726300686392842e-13,-1.4726509332730872e-15
300.3,-1.3724737191015103e-13,-1.470039330757034e-15
300.31,-1.3723202055152984e-13,-1.4670735257739048e-15
300.32,-1.3721576906631447e-13,-1.4644081924275118e-15
300.33,-1.3720105589495914e-13,-1.460980546074809e-15
300.34,-1.3718515285530231e-13,-1.4579369845178284e-15
300.35,-1.3716980715687465e-13,-1.4544978047654045e-15
300.36,-1.3715455844267055e-13,-1.4508188185850902e-15
300.37,-1.371391123272243e-13,-1.4471333832435054e-15
300.38,-1.3712400578456893e-13,-1.4431234335546363e-15
300.39,-1.371086102251178e-13,-1.439101022375443e-15
300.4,-1.3709364787775102e-13,-1.4347736295673226e-15
300.41,-1.3707780960664534e-13,-1.4304666333756782e-15
300.42,-1.3706373701767377e-13,-1.4253627058846007e-15
300.43,-1.3704820381654673e-13,-1.4211414488490569e-15
300.44,-1.3703245002259924e-13,-1.4160710365124958e-15
300.45,-1.370177309768892e-13,-1.4110865554850458e-15
300.46,-1.370028470179528e-13,-1.4060304670075583e-15
300.47,-1.3698783441469886e-13,-1.4004699434732083e-15
300.48,-1.3697309979965444e-13,-1.3951371608092361e-15
300.49,-1.3695839123061476e-13,-1.3893864364419335e-15
300.5,-1.3694391575013056e-13,-1.3833998558946976e-15
300.51,-1.3693019424797862e-13,-1.3775181348449844e-15
300.52,-1.3691391271527035e-13,-1.3714741915988964e-15
300.53,-1.36899127049803e-13,-1.3652318658792967e-15
300.54,-1.3688436111808342e-13,-1.3588147008054375e-15
300.55,-1.3686962359525435e-13,-1.352299895202747e-15
300.56,-1.3685502841642869e-13,-1.345526688762023e-15
300.57,-1.3684009149918347e-13,-1.3387248406269242e-15
300.58,-1.368257591932966e-13,-1.3314688792810962e-15
300.59,-1.368103278571978e-13,-1.32459152487782e-15
300.6,-1.3679726695693842e-13,-1.3180159673679899e-15
300.61,-1.3678185442197955e-13,-1.3096418199475654e-15
300.62,-1.3676692453943953e-13,-1.3022138567253226e-15
300.63,-1.367525491022578e-13,-1.2943708379348643e-15
300.64,-1.3673816608883063e-13,-1.286574807148927e-15
300.65,-1.3672370952232299e-13,-1.278426515267758e-15
300.66,-1.3670903233905992e-13,-1.2704204487692785e-15
300.67,-1.3669477968555156e-13,-1.261995499567805e-15
300.68,-1.3667982611735546e-13,-1.2536850281148076e-15
300.69,-1.3666515471155386e-13,-1.2455550191333014e-15
300.7,-1.3665141859594257e-13,-1.2363616937801366e-15
300.71,-1.3663663166517347e-13,-1.2276124850918613e-15
300.72,-1.3662229982217285e-13,-1.2185791638715068e-15
300.73,-1.3660801530171279e-13,-1.209707524026647e-15
300.74,-1.3659358822332032e-13,-1.2003403128211487e-15
300.75,-1.3657899268989942e-13,-1.1911368137745877e-15
300.76,-1.3656481456862756e-13,-1.181462964027906e-15
300.77,-1.3655120049907536e-13,-1.1719179122078429e-15
300.78,-1.365359679394629e-13,-1.1625242051726314e-15
300.79,-1.365219034811626e-13,-1.1523558770513425e-15
300.8,-1.3650744129125862e-13,-1.142436238732139e-15
300.81,-1.3649334133305332e-13,-1.1322773841002497e-15
300.82,-1.3647863662737e-13,-1.1219601800788738e-15
300.83,-1.3646430294865287e-13,-1.1117507908928182e-15
300.84,-1.364496766693854e-13,-1.101559846706137e-15
300.85,-1.3643595194470551e-13,-1.090675113689872e-15
300.86,-1.3642156511195623e-13,-1.0799955447039385e-15
300.87,-1.3640706621169291e-13,-1.0695025170380764e-15
300.88,-1.363930210628865e-13,-1.0584248451628902e-15
300.89,-1.3637872286740539e-13,-1.047424069855796e-15
300.9,-1.3636420082105255e-13,-1.0364229881122715e-15
300.91,-1.3634983986298092e-13,-1.0251567891561197e-15
300.92,-1.3633552341665425e-13,-1.0138341388698138e-15
300.93,-1.3632103964340173e-13,-1.002430289116126e-15
300.94,-1.363069734755508e-13,-9.906767795677941e-16
300.95,-1.3629243676988976e-13,-9.792869470816656e-16
300.96,-1.3627786406683245e-13,-9.677485180720374e-16
300.97,-1.3626375926384088e-13,-9.556852039926674e-16
300.98,-1.362492543041179e-13,-9.437963913783898e-16
300.99,-1.3623492577086272e-13,-9.317811918813557e-16
301.0,-1.362204404169132e-13,-9.19584871223966e-16
301.01,-1.3620609702541106e-13,-9.074097055137638e-16
301.02,-1.361915623554416e-13,-8.95148690599217e-16
301.03,-1.3617692541465788e-13,-8.826787271057955e-16
301.04,-1.3616243126106903e-13,-8.703792414628723e-16
301.05,-1.3614787629964502e-13,-8.57886404969169e-16
301.06,-1.361341220254832e-13,-8.448206907111696e-16
301.07,-1.3611890306065485e-13,-8.324234997265983e-16
301.08,-1.3610442362696164e-13,-8.197263213467373e-16
301.09,-1.3609027650728467e-13,-8.065742513856909e-16
301.1,-1.3607540829044627e-13,-7.936690139236047e-16
301.11,-1.360609025840778e-13,-7.806151486630091e-16
301.12,-1.3604660783633546e-13,-7.672443309837469e-16
301.13,-1.3603114356820054e-13,-7.54446683381812e-16
301.14,-1.360167720069525e-13,-7.410996327840566e-16
301.15,-1.360022013992042e-13,-7.27552843949642e-16
301.16,-1.359872881713992e-13,-7.142244688092527e-16
301.17,-1.359730759507696e-13,-7.00797610111316e-16
301.18,-1.359578350129596e-13,-6.872108253734364e-16
301.19,-1.359427485928915e-13,-6.736557626262442e-16
301.2,-1.3592817153966287e-13,-6.599074398690612e-16
301.21,-1.3591240482939684e-13,-6.456668759395682e-16
301.22,-1.358980912137649e-13,-6.325035446759392e-16
301.23,-1.3588356232803108e-13,-6.185686183493541e-16
301.24,-1.358684145408559e-13,-6.045879453644823e-16
301.25,-1.3585328289536563e-13,-5.906925910122816e-16
301.26,-1.3583870069344172e-13,-5.76432489523929e-16
301.27,-1.3582374709885986e-13,-5.624596954870451e-16
301.28,-1.3580844505955435e-13,-5.484182033645977e-16
301.29,-1.3579358057429713e-13,-5.341551628457867e-16
301.3,-1.3577609432763212e-13,-5.205563375780906e-16
301.31,-1.3576290229394297e-13,-5.056747713214494e-16
301.32,-1.357479834661932e-13,-4.913588537144193e-16
301.33,-1.3573274096653955e-13,-4.768839203239658e-16
301.34,-1.3571714650467223e-13,-4.626754368269811e-16
301.35,-1.3570216965428275e-13,-4.479862570704533e-16
301.36,-1.3568668163542512e-13,-4.3360024215129305e-16
301.37,-1.356713507307574e-13,-4.190658626762539e-16
301.38,-1.356558923424912e-13,-4.045439100792044e-16
301.39,-1.3564003313622252e-13,-3.906760083238236e-16
301.4,-1.3562550265778998e-13,-3.7519313957383827e-16
301.41,-1.35609327908409e-13,-3.6055067819760394e-16
301.42,-1.3559393024951887e-13,-3.4582163533455987e-16
301.43,-1.355783027873434e-13,-3.3107636452015836e-16
301.44,-1.3556272663344501e-13,-3.1638069046856725e-16
301.45,-1.3554701148844276e-13,-3.0162503707031993e-16
301.46,-1.35531519181933e-13,-2.865387572177617e-16
301.47,-1.3551515212798368e-13,-2.7218173813484853e-16
301.48,-1.3549974195550462e-13,-2.5758527745641457e-16
301.49,-1.3548406073657116e-13,-2.420540894593418e-16
301.5,-1.3546777925115413e-13,-2.275713967458835e-16
301.51,-1.3545179675248588e-13,-2.1260589310397663e-16
301.52,-1.3543622627361537e-13,-1.9760044122652628e-16
301.53,-1.3541955006251553e-13,-1.827278394633157e-16
301.54,-1.3540353648525394e-13,-1.6796912107463453e-16
301.55,-1.3538717519419294e-13,-1.530066319085747e-16
301.56,-1.3537138946397903e-13,-1.3806964962936313e-16
301.57,-1.3535514961313872e-13,-1.2322560838152313e-16
301.58,-1.3533786079773074e-13,-1.0838582906800491e-16
301.59,-1.3532232825414567e-13,-9.339873756985997e-17
301.6,-1.3530582321463045e-13,-7.835285945299091e-17
301.61,-1.3528935178738526e-13,-6.351806091164702e-17
301.62,-1.352731092244661e-13,-4.8528568692570657e-17
301.63,-1.3525632181698055e-13,-3.3676303836821704e-17
301.64,-1.3523962995166745e-13,-1.8717082981275574e-17
301.65,-1.35223352142067e-13,-3.572862844965084e-18
301.66,-1.352065772794745e-13,1.1173235339452698e-17
301.67,-1.351896358352746e-13,2.5693176486371397e-17
301.68,-1.351728307754887e-13,4.090747126891493e-17
301.69,-1.3515572653894864e-13,5.566162280318696e-17
301.7,-1.351390137631868e-13,7.052674228530074e-17
301.71,-1.3512194113896307e-13,8.538948301726883e-17
301.72,-1.3510491210377582e-13,1.001802487264062e-16
301.73,-1.3508789569778454e-13,1.1502078739750458e-16
301.74,-1.3507079486413383e-13,1.2973483490176114e-16
301.75,-1.350537334602061e-13,1.4447831671431304e-16
301.76,-1.3503424046241247e-13,1.5885799745626412e-16
301.77,-1.3501901898338045e-13,1.7388090920570087e-16
301.78,-1.3500179857272814e-13,1.8845961947244121e-16
301.79,-1.3498428353725526e-13,2.0313649180903047e-16
301.8,-1.3496697443320556e-13,2.1788947863257196e-16
301.81,-1.3494912650039847e-13,2.322469451818533e-16
301.82,-1.3493152743014522e-13,2.4676179087059174e-16
301.83,-1.3491407334037656e-13,2.61334103451166e-16
301.84,-1.3489650684575476e-13,2.7588098367979e-16
301.85,-1.348787413361297e-13,2.9043307062654356e-16
301.86,-1.3486090618963847e-13,3.0464725790317013e-16
301.87,-1.3484259470218128e-13,3.1893111093518374e-16
301.88,-1.3482499764303456e-13,3.3328667220733216e-16
301.89,-1.3480698063674052e-13,3.4755557188108387e-16
301.9,-1.3478885675021617e-13,3.616817248112248e-16
301.91,-1.3477078378872707e-13,3.7574146229626716e-16
301.92,-1.3475270570921722e-13,3.8993713560135562e-16
301.93,-1.3473491509577665e-13,4.041472328689292e-16
301.94,-1.3471663122344377e-13,4.181114595105584e-16
301.95,-1.3469781645010324e-13,4.319188570922838e-16
301.96,-1.3467933840998938e-13,4.459288160502613e-16
301.97,-1.3466130737257532e-13,4.597229307906793e-16
301.98,-1.3464244120841675e-13,4.734842026293324e-16
301.99,-1.3462360363676872e-13,4.871867931323059e-16
302.0,-1.346053342808419e-13,5.008630559261535e-16
302.01,-1.3458622034035002e-13,5.144414669857892e-16
302.02,-1.3456944171968633e-13,5.28365871654645e-16
302.03,-1.3454900588908634e-13,5.414212173495112e-16
302.04,-1.3453005663709293e-13,5.548866752010755e-16
302.05,-1.3451103620305498e-13,5.682785069491165e-16
302.06,-1.3449219034999154e-13,5.815887199375361e-16
302.07,-1.344729710944662e-13,5.947214081110243e-16
302.08,-1.3445373495611453e-13,6.078492646616507e-16
302.09,-1.3443447095757746e-13,6.209625103496122e-16
302.1,-1.3441544353840102e-13,6.338968110705902e-16
302.11,-1.343976068023644e-13,6.477736481594791e-16
302.12,-1.343763999415932e-13,6.59461384705454e-16
302.13,-1.3435749814564438e-13,6.724630958439602e-16
302.14,-1.343377571140637e-13,6.851249784840954e-16
302.15,-1.3431816224463745e-13,6.977331185238646e-16
302.16,-1.3429884698943053e-13,7.101734944121804e-16
302.17,-1.3427900816694948e-13,7.227136687783947e-16
302.18,-1.3425900227885911e-13,7.350693859964844e-16
302.19,-1.3423903715838162e-13,7.471154997047456e-16
302.2,-1.3421944206184038e-13,7.595479862105038e-16
302.21,-1.3419983667541365e-13,7.716295650760925e-16
302.22,-1.3417871698641575e-13,7.831580478114421e-16
302.23,-1.341595031353498e-13,7.95551411104619e-16
302.24,-1.3413937377249266e-13,8.072726779814455e-16
302.25,-1.341188215891197e-13,8.190418245045453e-16
302.26,-1.3409902169347119e-13,8.30698359020789e-16
302.27,-1.3407850338694132e-13,8.422896572751995e-16
302.28,-1.3405876866090767e-13,8.538585109970383e-16
302.29,-1.3403788300122377e-13,8.650295851988631e-16
302.3,-1.340184872983772e-13,8.766161774886457e-16
302.31,-1.3399713411066596e-13,8.876396122729442e-16
302.32,-1.3397585684205112e-13,8.98451194332364e-16
302.33,-1.3395563611110067e-13,9.096044204875186e-16
302.34,-1.3393474058432752e-13,9.204350915753039e-16
302.35,-1.3391409561355333e-13,9.31097325035067e-16
302.36,-1.3389316920409569e-13,9.419076597487042e-16
302.37,-1.3387275687678666e-13,9.525633483672214e-16
302.38,-1.338516363403795e-13,9.62808671224366e-16
302.39,-1.3383096573725299e-13,9.734723759934831e-16
302.4,-1.338092100487441e-13,9.834997881844873e-16
302.41,-1.3378839639291752e-13,9.936138855092013e-16
302.42,-1.3376720715233628e-13,1.0036079445011123e-15
302.43,-1.3374605914465646e-13,1.013704198657311e-15
302.44,-1.337247076829131e-13,1.0235195986217038e-15
302.45,-1.3370324224459023e-13,1.0331175569277999e-15
302.46,-1.336817727749036e-13,1.0427278731028596e-15
302.47,-1.3365979749797655e-13,1.0523360104540514e-15
302.48,-1.3363810875183668e-13,1.0617603731835632e-15
302.49,-1.3361721412898217e-13,1.0708465670242027e-15
302.5,-1.335956922250986e-13,1.0799762348253897e-15
302.51,-1.335737709797555e-13,1.088972382990794e-15
302.52,-1.335524164171866e-13,1.0979592414443747e-15
302.53,-1.3353029250556756e-13,1.1067111329853374e-15
302.54,-1.3350870416917601e-13,1.1154123564214896e-15
302.55,-1.334862300296873e-13,1.1237988033175721e-15
302.56,-1.334650979553022e-13,1.1323752568877796e-15
302.57,-1.3344330511445374e-13,1.141157623882504e-15
302.58,-1.3342059706658353e-13,1.1487936154230275e-15
302.59,-1.3339821161112193e-13,1.156905408476746e-15
302.6,-1.3337624869130577e-13,1.1648376170388905e-15
302.61,-1.333538734922463e-13,1.1727878901683191e-15
302.62,-1.3333197190870587e-13,1.1804856565924484e-15
302.63,-1.3330957448707027e-13,1.1879183080007925e-15
302.64,-1.3328653999840216e-13,1.1953335218054646e-15
302.65,-1.3326446166618658e-13,1.2028327727128165e-15
302.66,-1.33243255441179e-13,1.2107295174299197e-15
302.67,-1.3321949937804174e-13,1.216984894854443e-15
302.68,-1.3319708172927257e-13,1.2240671206481334e-15
302.69,-1.3317415598663719e-13,1.2307574325439186e-15
302.7,-1.3315174974189064e-13,1.237500984506004e-15
302.71,-1.3312846621447166e-13,1.2439647450954022e-15
302.72,-1.3310591279918524e-13,1.2504475997003264e-15
302.73,-1.330830094164442e-13,1.256766318228292e-15
302.74,-1.330607641185879e-13,1.262995761006533e-15
302.75,-1.3303594392308985e-13,1.2688654807492746e-15
302.76,-1.3301445339871113e-13,1.2749294661819165e-15
302.77,-1.329910080545363e-13,1.2806171364226438e-15
302.78,-1.3296824016323375e-13,1.2863829367827076e-15
302.79,-1.3294471648315082e-13,1.2914611889440705e-15
302.8,-1.3292187053230275e-13,1.2972194960160543e-15
302.81,-1.3289875202005768e-13,1.3022838656882693e-15
302.82,-1.3287566410545509e-13,1.307849288517734e-15
302.83,-1.328517172379418e-13,1.3125609963240364e-15
302.84,-1.3282752261066306e-13,1.3170455383414067e-15
302.85,-1.3280555733814027e-13,1.322524340113793e-15
302.86,-1.3278155833857756e-13,1.3266483094379805e-15
302.87,-1.327584915199051e-13,1.3311789084940354e-15
302.88,-1.327346726185555e-13,1.335441480599499e-15
302.89,-1.3271130269764627e-13,1.3397025840841626e-15
302.9,-1.3268732481252364e-13,1.34359008123282e-15
302.91,-1.3266470311363765e-13,1.3479590249905894e-15
302.92,-1.3264027083613124e-13,1.3513364109028776e-15
302.93,-1.3261597116181867e-13,1.3547595146005262e-15
302.94,-1.325927269382822e-13,1.3584660983731557e-15
302.95,-1.3256881159978115e-13,1.3617606065163864e-15
302.96,-1.3254490299427061e-13,1.364981764155646e-15
302.97,-1.3252081659443939e-13,1.36793712649204e-15
302.98,-1.3249736727171663e-13,1.3711435719113894e-15
302.99,-1.3247284116658746e-13,1.3736832529671568e-15
303.0,-1.3245067430090275e-13,1.376915675454067e-15
303.01,-1.3242537998902738e-13,1.379210505017233e-15
303.02,-1.3240098830619299e-13,1.3815326003002092e-15
303.03,-1.3237697547039607e-13,1.3838152524703398e-15
303.04,-1.3235258721441132e-13,1.3858573580822021e-15
303.05,-1.3232909321888336e-13,1.388150084888144e-15
303.06,-1.323041117998428e-13,1.3898188526865812e-15
303.07,-1.3228015032489738e-13,1.3915604534532875e-15
303.08,-1.322558084536018e-13,1.3931598269362798e-15
303.09,-1.3223065297112374e-13,1.3943346506190332e-15
303.1,-1.3220723119479967e-13,1.3960777964624726e-15
303.11,-1.3218340322525326e-13,1.3972475084962164e-15
303.12,-1.321584226544254e-13,1.3981592826208367e-15
303.13,-1.3213371997640925e-13,1.3989552331581285e-15
303.14,-1.3210945605745386e-13,1.39992404692016e-15
303.15,-1.3208514941420835e-13,1.4004653271637304e-15
303.16,-1.3206089001897646e-13,1.4010663202566784e-15
303.17,-1.3203610516651023e-13,1.4013249783317382e-15
303.18,-1.3201063829600448e-13,1.4013291184183006e-15
303.19,-1.319874166949069e-13,1.4017519454302623e-15
303.2,-1.319620459825691e-13,1.4016882294196802e-15
303.21,-1.3193787143261723e-13,1.4015538584522858e-15
303.22,-1.3191321579731037e-13,1.401229327934183e-15
303.23,-1.318881966805337e-13,1.4007138376141775e-15
303.24,-1.318636585639705e-13,1.4001458810410047e-15
303.25,-1.3183889711528223e-13,1.399434078826847e-15
303.26,-1.3181391288311446e-13,1.398507636555538e-15
303.27,-1.3179053294780408e-13,1.3975320751903765e-15
303.28,-1.317647788456517e-13,1.3965107214754665e-15
303.29,-1.317393768531379e-13,1.395223591711223e-15
303.3,-1.3171476700635e-13,1.3939396372895053e-15
303.31,-1.3168989567278467e-13,1.392346419920409e-15
303.32,-1.3166522634003227e-13,1.3907954706147272e-15
303.33,-1.316401232674099e-13,1.3888974435114291e-15
303.34,-1.3161526785303248e-13,1.3870715440100172e-15
303.35,-1.3159028230074037e-13,1.385006827376928e-15
303.36,-1.3156585931027276e-13,1.3823604635075096e-15
303.37,-1.3154082078762878e-13,1.3806965422278556e-15
303.38,-1.3151511504616947e-13,1.377972017131813e-15
303.39,-1.3149052609442135e-13,1.3756609879946854e-15
303.4,-1.314653021520216e-13,1.3732422385269744e-15
303.41,-1.3144028371989437e-13,1.3701682877650733e-15
303.42,-1.3141505976820173e-13,1.3673358224378547e-15
303.43,-1.3139051472732322e-13,1.3644887907788079e-15
303.44,-1.313650050166756e-13,1.3609047363277616e-15
303.45,-1.3133909267197245e-13,1.35717844071921e-15
303.46,-1.3131555734454526e-13,1.3544797394629024e-15
303.47,-1.312896778723256e-13,1.350594289800635e-15
303.48,-1.312649302445525e-13,1.3470614727353513e-15
303.49,-1.3123978573239342e-13,1.343305228402378e-15
303.5,-1.3121407791595578e-13,1.3392499092295048e-15
303.51,-1.3118940915968324e-13,1.3353074240141326e-15
303.52,-1.3116467220240135e-13,1.3312457328047033e-15
303.53,-1.311390524463507e-13,1.326798154331499e-15
303.54,-1.3111299520824596e-13,1.3219911242565497e-15
303.55,-1.310886593099351e-13,1.3177657014216418e-15
303.56,-1.31063589161394e-13,1.3132589781188063e-15
303.57,-1.3103873182492618e-13,1.3086638126486896e-15
303.58,-1.3101345182847955e-13,1.3036739863811026e-15
303.59,-1.3098797495989638e-13,1.2988001110800053e-15
303.6,-1.3096294525556071e-13,1.2935468608967834e-15
303.61,-1.309379858907635e-13,1.288361751011208e-15
303.62,-1.3091160413064418e-13,1.2829167281575654e-15
303.63,-1.3088690475505928e-13,1.2772780237412636e-15
303.64,-1.3086266201847237e-13,1.2719113765129261e-15
303.65,-1.3083711952046869e-13,1.2662660861100502e-15
303.66,-1.3081203597471047e-13,1.260553619494789e-15
303.67,-1.3078678675137825e-13,1.2546542432120347e-15
303.68,-1.3076133172835647e-13,1.2486766697053654e-15
303.69,-1.3073651559862704e-13,1.2425975787614252e-15
303.7,-1.3071131547816308e-13,1.2363453973803187e-15
303.71,-1.3068608504454046e-13,1.2299800920981145e-15
303.72,-1.3066082439959717e-13,1.223540086119688e-15
303.73,-1.3063632644061694e-13,1.2168537813762053e-15
303.74,-1.3061041864140697e-13,1.2103981205947205e-15
303.75,-1.305856221868337e-13,1.2038816054645821e-15
303.76,-1.3056057973372872e-13,1.1968541754218774e-15
303.77,-1.3053510159061353e-13,1.1898731834152524e-15
303.78,-1.3051011139669435e-13,1.1828277927402138e-15
303.79,-1.3048524177334975e-13,1.1757806885534752e-15
303.8,-1.304599623823362e-13,1.168416642121578e-15
303.81,-1.3043558846002133e-13,1.1612487627752806e-15
303.82,-1.3040981440381935e-13,1.153684245714726e-15
303.83,-1.3038436589543307e-13,1.1460733655998095e-15
303.84,-1.303597165631579e-13,1.138584193100828e-15
303.85,-1.3033459998072823e-13,1.1307348498715658e-15
303.86,-1.3030941062627475e-13,1.1229785760552186e-15
303.87,-1.302844918877405e-13,1.1150755625316558e-15
303.88,-1.3025952705877802e-13,1.1071691696516926e-15
303.89,-1.3023456814100166e-13,1.0989809374868964e-15
303.9,-1.302100567899202e-13,1.0907809367145911e-15
303.91,-1.3018441093255467e-13,1.082595242609596e-15
303.92,-1.301594923153658e-13,1.0741266031549792e-15
303.93,-1.3013463684938425e-13,1.065802125456414e-15
303.94,-1.3010968163647788e-13,1.0572785973171842e-15
303.95,-1.3008486099028748e-13,1.0487246567757978e-15
303.96,-1.3005993510342473e-13,1.0399447673039137e-15
303.97,-1.3003507745260067e-13,1.0314216388368784e-15
303.98,-1.3001017449576578e-13,1.0222549631238033e-15
303.99,-1.2998423420055674e-13,1.013310055394621e-15
304.0,-1.2996056760466543e-13,1.004305873677267e-15
304.01,-1.2993606880864682e-13,9.952945158445744e-16
304.02,-1.2991120473098826e-13,9.862300564307275e-16
304.03,-1.2988622987531158e-13,9.769217504657644e-16
304.04,-1.2986150179564447e-13,9.676398205771726e-16
304.05,-1.298369945481341e-13,9.582899400652406e-16
304.06,-1.2981220502074702e-13,9.48834456684583e-16
304.07,-1.2978755323994831e-13,9.39360758905383e-16
304.08,-1.2976260351842607e-13,9.2925093949676e-16
304.09,-1.2973810541577053e-13,9.19896440145698e-16
304.1,-1.2971379359187464e-13,9.103130631893907e-16
304.11,-1.2968911415994426e-13,9.005233896715973e-16
304.12,-1.296646832634778e-13,8.906708674652915e-16
304.13,-1.296404386045161e-13,8.809052435557104e-16
304.14,-1.296157759666284e-13,8.707744169998013e-16
304.15,-1.2959094294180917e-13,8.607018288472254e-16
304.16,-1.2956701464359934e-13,8.504826122505428e-16
304.17,-1.295415480479325e-13,8.401581188135693e-16
304.18,-1.295178783431987e-13,8.300301499363899e-16
304.19,-1.2949358289399535e-13,8.198925128639776e-16
304.2,-1.2946940385468156e-13,8.097086575254814e-16
304.21,-1.2944499377503164e-13,7.993217937846023e-16
304.22,-1.2942065649285616e-13,7.886742501455748e-16
304.23,-1.2939686807783434e-13,7.78426958103836e-16
304.24,-1.293722802746082e-13,7.678063132756043e-16
304.25,-1.2934829353964604e-13,7.571350438120369e-16
304.26,-1.2932383543718562e-13,7.46411571661923e-16
304.27,-1.2929978067623899e-13,7.355314633881006e-16
304.28,-1.292754015339083e-13,7.250712187722803e-16
304.29,-1.2925172763463966e-13,7.143069642781073e-16
304.3,-1.2922772721059623e-13,7.0345563257646645e-16
304.31,-1.292035931471828e-13,6.926621513041095e-16
304.32,-1.291810287867768e-13,6.817428418517483e-16
304.33,-1.2915585547833766e-13,6.707557627941101e-16
304.34,-1.2913211718977776e-13,6.598074203910301e-16
304.35,-1.291101024248505e-13,6.491712781721889e-16
304.36,-1.2908396631731017e-13,6.371421490677236e-16
304.37,-1.2906018682946905e-13,6.265093901771598e-16
304.38,-1.2903669558946137e-13,6.156056756890357e-16
304.39,-1.2901222769707118e-13,6.041736391410837e-16
304.4,-1.2898938594476748e-13,5.930745499590552e-16
304.41,-1.2896598771660142e-13,5.819817081753722e-16
304.42,-1.2894239430947431e-13,5.707963394244774e-16
304.43,-1.2891872507681013e-13,5.593582920940951e-16
304.44,-1.2889552927223292e-13,5.480871783997708e-16
304.45,-1.2886977459266255e-13,5.359910080746037e-16
304.46,-1.288483927945559e-13,5.255033712859687e-16
304.47,-1.2882485101964147e-13,5.141269256753615e-16
304.48,-1.2880152583520565e-13,5.027121664383963e-16
304.49,-1.2877786190796492e-13,4.912791535649043e-16
304.5,-1.287552812440737e-13,4.799928314169721e-16
304.51,-1.2873173864247225e-13,4.68501846563702e-16
304.52,-1.287080865073106e-13,4.569092047016408e-16
304.53,-1.2868588786901293e-13,4.458317460404181e-16
304.54,-1.2866040540157034e-13,4.342941807548681e-16
304.55,-1.286391862517533e-13,4.225935068848111e-16
304.56,-1.2861586458083278e-13,4.1102373608514556e-16
304.57,-1.2859309629475174e-13,3.9952159970844425e-16
304.58,-1.2856996429811728e-13,3.880353976101259e-16
304.59,-1.2854678266014834e-13,3.7632261794771913e-16
304.6,-1.285244722603234e-13,3.6506511705775686e-16
304.61,-1.285015073241736e-13,3.533052135344693e-16
304.62,-1.2847906479419024e-13,3.4188874083951707e-16
304.63,-1.2845570065812432e-13,3.3054712057254385e-16
304.64,-1.284332635463878e-13,3.1870980640390424e-16
304.65,-1.284111814779514e-13,3.0735169131862167e-16
304.66,-1.2838814568266056e-13,2.956380091583496e-16
304.67,-1.2836578120928062e-13,2.8436431788253424e-16
304.68,-1.2834291259115983e-13,2.7257917706186984e-16
304.69,-1.2832054369908713e-13,2.610670752387174e-16
304.7,-1.2829816808251888e-13,2.4943653488977444e-16
304.71,-1.2827557564162973e-13,2.377921272130106e-16
304.72,-1.2825337568257545e-13,2.2670025440722444e-16
304.73,-1.2823083125484853e-13,2.1485459559177322e-16
304.74,-1.2820866135551681e-13,2.0337519563439242e-16
304.75,-1.281864528040728e-13,1.9192872903172533e-16
304.76,-1.2816444876479766e-13,1.8039854505391805e-16
304.77,-1.2814214766411932e-13,1.6893027113571059e-16
304.78,-1.2812038605344133e-13,1.5754298852377542e-16
304.79,-1.280980112025845e-13,1.460171694410307e-16
304.8,-1.2807598815214631e-13,1.3472147694203523e-16
304.81,-1.2805414975121941e-13,1.2344909800702317e-16
304.82,-1.2803196526813812e-13,1.1195333722669072e-16
304.83,-1.280103406313264e-13,1.006694856889269e-16
304.84,-1.279883193445811e-13,8.927288600832232e-17
304.85,-1.2796668431864876e-13,7.80622042708467e-17
304.86,-1.2794502189745205e-13,6.67565076171748e-17
304.87,-1.2792338140021003e-13,5.559187980618037e-17
304.88,-1.279018153062893e-13,4.4284683854126105e-17
304.89,-1.278802107767875e-13,3.320161376723438e-17
304.9,-1.278582996775153e-13,2.1896687942586883e-17
304.91,-1.278367986026633e-13,1.0789908028722574e-17
304.92,-1.278158376289477e-13,-2.0012859594111269e-19
304.93,-1.2779434137753679e-13,-1.1200574784251114e-17
304.94,-1.2777266913690625e-13,-2.233635392566356e-17
304.95,-1.2775121469243608e-13,-3.348914990139624e-17
304.96,-1.277303097613657e-13,-4.4266935763683195e-17
304.97,-1.2770952436477057e-13,-5.516641196075136e-17
304.98,-1.2768792796622282e-13,-6.605309529631395e-17
304.99,-1.276666562414825e-13,-7.686190806923709e-17
305.0,-1.2764573698635083e-13,-8.772858674794119e-17
305.01,-1.2762452956134562e-13,-9.850610980651826e-17
305.02,-1.2760323581257801e-13,-1.0913603707291754e-16
305.03,-1.2758254899850978e-13,-1.199277406628135e-16
305.04,-1.2756156701770483e-13,-1.3056497526551903e-16
305.05,-1.275410221472617e-13,-1.4104243135698404e-16
305.06,-1.2752096265415026e-13,-1.5161728158451778e-16
305.07,-1.2749939067390538e-13,-1.6209709775185584e-16
305.08,-1.274786347331424e-13,-1.725011423169957e-16
305.09,-1.274583776796248e-13,-1.8286693471836878e-16
305.1,-1.2743786202594118e-13,-1.9310273151726205e-16
305.11,-1.2741692582223933e-13,-2.0365565178527734e-16
305.12,-1.2739641622276125e-13,-2.1368620651823883e-16
305.13,-1.2737633718112045e-13,-2.237525407321031e-16
305.14,-1.2735549492265526e-13,-2.339762522570708e-16
305.15,-1.2733693951115417e-13,-2.4290398392284705e-16
305.16,-1.27315234575887e-13,-2.5388867597931487e-16
305.17,-1.2729444563974997e-13,-2.639004685227823e-16
305.18,-1.27274179651596e-13,-2.7396214732504705e-16
305.19,-1.2725425299764197e-13,-2.8360450933989686e-16
305.2,-1.2723403510574547e-13,-2.934476752461313e-16
305.21,-1.2721396626029227e-13,-3.031833113228497e-16
305.22,-1.2719405785558716e-13,-3.126452436754653e-16
305.23,-1.271737942832686e-13,-3.2233759073497216e-16
305.24,-1.2715387987516555e-13,-3.3092759077590483e-16
305.25,-1.271335330088389e-13,-3.4125088398932853e-16
305.26,-1.2711406833256053e-13,-3.506663886072044e-16
305.27,-1.2709424552342045e-13,-3.599760734327606e-16
305.28,-1.2707430186787085e-13,-3.69211701094634e-16
305.29,-1.2705467820603058e-13,-3.784746434527075e-16
305.3,-1.2703515033093503e-13,-3.8734447224278257e-16
305.31,-1.270151558831627e-13,-3.9652366279505864e-16
305.32,-1.269958059117615e-13,-4.0534928786242637e-16
305.33,-1.26975976168779e-13,-4.1405986482505007e-16
305.34,-1.2695679150057006e-13,-4.2315752010532113e-16
305.35,-1.269370928701224e-13,-4.318370382116746e-16
305.36,-1.2691771830401215e-13,-4.4053537579101933e-16
305.37,-1.2689837405777685e-13,-4.492818768614214e-16
305.38,-1.2687939433560592e-13,-4.577529294033699e-16
305.39,-1.2685984941415384e-13,-4.659564413565264e-16
305.4,-1.2683950374305438e-13,-4.750116855810726e-16
305.41,-1.26821267581554e-13,-4.826062220220145e-16
305.42,-1.2680140056123298e-13,-4.910249888083148e-16
305.43,-1.2678203303133928e-13,-4.993374473419967e-16
305.44,-1.267638280132881e-13,-5.07036810826132e-16
305.45,-1.267448015109552e-13,-5.149834053971535e-16
305.46,-1.2672645437570699e-13,-5.22746553685254e-16
305.47,-1.2670734931688817e-13,-5.306508141263422e-16
305.48,-1.2668753036001218e-13,-5.384023026124025e-16
305.49,-1.2666909866105916e-13,-5.4587670786392945e-16
305.5,-1.2665030272429914e-13,-5.534881272079475e-16
305.51,-1.2663125442868562e-13,-5.610342004797799e-16
305.52,-1.2661279546414126e-13,-5.681727750080805e-16
305.53,-1.2659344997997156e-13,-5.75651098656455e-16
305.54,-1.2657528377043657e-13,-5.826279305631026e-16
305.55,-1.2655643045227606e-13,-5.898554515506718e-16
305.56,-1.2653795551575406e-13,-5.970075505167733e-16
305.57,-1.2651957619587984e-13,-6.036437674225804e-16
305.58,-1.2650108902851707e-13,-6.104766845999641e-16
305.59,-1.2648251953443162e-13,-6.172775565806677e-16
305.6,-1.2646383108984875e-13,-6.241522387718586e-16
305.61,-1.2644690341941204e-13,-6.29794043251703e-16
305.62,-1.264271665175776e-13,-6.370096514244558e-16
305.63,-1.2640910166459372e-13,-6.432787429413385e-16
305.64,-1.2639058080416794e-13,-6.495794401638832e-16
305.65,-1.2637223911555873e-13,-6.558327118756428e-16
305.66,-1.263541780951115e-13,-6.618762548215663e-16
305.67,-1.2633638063127771e-13,-6.677509920569259e-16
305.68,-1.2631782657398785e-13,-6.737375023628931e-16
305.69,-1.2629993530923514e-13,-6.795586775396403e-16
305.7,-1.2628065643233917e-13,-6.853428632553621e-16
305.71,-1.262637232643887e-13,-6.908914702087875e-16
305.72,-1.262457463264207e-13,-6.963649064938114e-16
305.73,-1.262277124435063e-13,-7.018106568631401e-16
305.74,-1.26210020821136e-13,-7.070936087376766e-16
305.75,-1.261919162000094e-13,-7.123107485211628e-16
305.76,-1.2617436254060402e-13,-7.173522364162615e-16
305.77,-1.2615625107242704e-13,-7.224431679695691e-16
305.78,-1.2613873666215104e-13,-7.273165189497295e-16
305.79,-1.261208731076798e-13,-7.321844952249292e-16
305.8,-1.2610290616216333e-13,-7.369181900751927e-16
305.81,-1.2608549106974942e-13,-7.414573938911089e-16
305.82,-1.2606764764586288e-13,-7.460032619428667e-16
305.83,-1.2605003771604722e-13,-7.50390969363029e-16
305.84,-1.260323149985158e-13,-7.547549250715451e-16
305.85,-1.2601477746542597e-13,-7.589615219140279e-16
305.86,-1.2599730532182843e-13,-7.630476463441579e-16
305.87,-1.2597987889474295e-13,-7.671337389618837e-16
305.88,-1.2596239241316818e-13,-7.710072315258685e-16
305.89,-1.259445073898996e-13,-7.74832829421407e-16
305.9,-1.259274984536603e-13,-7.785009052995815e-16
305.91,-1.2591017333300838e-13,-7.820888357506837e-16
305.92,-1.2589270415107403e-13,-7.855244193309346e-16
305.93,-1.2587554554868384e-13,-7.889935508683769e-16
305.94,-1.2585812389883033e-13,-7.924604161273283e-16
305.95,-1.2584103693819918e-13,-7.953226899565715e-16
305.96,-1.258232607468896e-13,-7.993225303325238e-16
305.97,-1.258064023075446e-13,-8.014441481742246e-16
305.98,-1.257886565790812e-13,-8.044385107469375e-16
305.99,-1.2577181903430206e-13,-8.072196709160866e-16
306.0,-1.2575479074925875e-13,-8.098789208498618e-16
306.01,-1.2573741040730234e-13,-8.124090675820032e-16
306.02,-1.2572056293465856e-13,-8.148748683778284e-16
306.03,-1.2570337820717524e-13,-8.172383932692825e-16
306.04,-1.256864576835078e-13,-8.194047680538836e-16
306.05,-1.2566996885600227e-13,-8.215435206960992e-16
306.06,-1.2565187537712675e-13,-8.237628847641095e-16
306.07,-1.2563488120112638e-13,-8.256627301839998e-16
306.08,-1.256183619842053e-13,-8.273854441393261e-16
306.09,-1.2560132713235575e-13,-8.29188746400621e-16
306.1,-1.25584297924204e-13,-8.307652894483718e-16
306.11,-1.2556750465682355e-13,-8.323180831604934e-16
306.12,-1.2555111048597802e-13,-8.337603983074113e-16
306.13,-1.255338750669057e-13,-8.350953717793528e-16
306.14,-1.2551665688962043e-13,-8.362078079810503e-16
306.15,-1.2549953602799109e-13,-8.37674484441766e-16
306.16,-1.2548358622920015e-13,-8.383174527255849e-16
306.17,-1.2546672306443427e-13,-8.391268119846429e-16
306.18,-1.2544975047336882e-13,-8.399999010817334e-16
306.19,-1.2543349457871148e-13,-8.405201434822677e-16
306.2,-1.2541677819086496e-13,-8.411409614667913e-16
306.21,-1.2540011911119895e-13,-8.416415297664729e-16
306.22,-1.2538278975244846e-13,-8.42143404476394e-16
306.23,-1.2536677257378567e-13,-8.422501964414898e-16
306.24,-1.2534859400919166e-13,-8.4281579005829e-16
306.25,-1.2533277261809985e-13,-8.426608964559916e-16
306.26,-1.2531622264425334e-13,-8.424138003855393e-16
306.27,-1.252998755033798e-13,-8.422593396722808e-16
306.28,-1.2528287556624415e-13,-8.421532149888368e-16
306.29,-1.25266704344682e-13,-8.418144893094267e-16
306.3,-1.2525042612017914e-13,-8.412024449091516e-16
306.31,-1.2523341403714958e-13,-8.406577073184732e-16
306.32,-1.2521739835575385e-13,-8.400779858134562e-16
306.33,-1.2520101877707933e-13,-8.392893273695205e-16
306.34,-1.25184023870807e-13,-8.38415545716107e-16
306.35,-1.2516762046087883e-13,-8.375420993233397e-16
306.36,-1.2515103641174027e-13,-8.363703535727303e-16
306.37,-1.251349280914664e-13,-8.351771693684896e-16
306.38,-1.25118233797479e-13,-8.338941242388244e-16
306.39,-1.2510193371753772e-13,-8.325182526131859e-16
306.4,-1.2508525263784945e-13,-8.310894846679136e-16
306.41,-1.2506917731274e-13,-8.295043326572475e-16
306.42,-1.2505385508525612e-13,-8.276251798754418e-16
306.43,-1.2503585222511198e-13,-8.261294510606575e-16
306.44,-1.2501953598219132e-13,-8.2422656198604e-16
306.45,-1.2500316738080847e-13,-8.222144736102519e-16
306.46,-1.2498681463048203e-13,-8.201815996715723e-16
306.47,-1.2497041962019682e-13,-8.179952162732438e-16
306.48,-1.2495415393287113e-13,-8.157580520477884e-16
306.49,-1.2493761822328973e-13,-8.134330271230966e-16
306.5,-1.24921182649013e-13,-8.11043727681624e-16
306.51,-1.2490418455979461e-13,-8.086897872376459e-16
306.52,-1.2488868638908908e-13,-8.05923073543112e-16
306.53,-1.2487223889486906e-13,-8.030938775774999e-16
306.54,-1.2485583134451172e-13,-8.003169644483313e-16
306.55,-1.2483951918195148e-13,-7.975345880248892e-16
306.56,-1.248233960623282e-13,-7.944646870556348e-16
306.57,-1.248068751085281e-13,-7.912274702443809e-16
306.58,-1.2479068130217562e-13,-7.880521729641462e-16
306.59,-1.247747235389006e-13,-7.84835724690821e-16
306.6,-1.2475893245862425e-13,-7.81497646329914e-16
306.61,-1.2474146779486963e-13,-7.779802091790462e-16
306.62,-1.247253653282843e-13,-7.743589287002965e-16
306.63,-1.247088687401315e-13,-7.706747528162835e-16
306.64,-1.2469194881819792e-13,-7.672275626792612e-16
306.65,-1.246765589311964e-13,-7.632297039989863e-16
306.66,-1.2465983557200282e-13,-7.593205666806398e-16
306.67,-1.2464325774011748e-13,-7.555346432980253e-16
306.68,-1.2462709657252598e-13,-7.512020175713418e-16
306.69,-1.2461273335467698e-13,-7.464841135132001e-16
306.7,-1.2459439540701954e-13,-7.428232655008798e-16
306.71,-1.2457852733154615e-13,-7.383872653336984e-16
306.72,-1.2456172384818953e-13,-7.340721992032611e-16
306.73,-1.245455553857545e-13,-7.293801601512463e-16
306.74,-1.2452926170693057e-13,-7.24956095920682e-16
306.75,-1.2451297729710782e-13,-7.199911472587669e-16
306.76,-1.244962074967709e-13,-7.15629225180754e-16
306.77,-1.2448019209188572e-13,-7.106921979609148e-16
306.78,-1.244640646871314e-13,-7.054743491775086e-16
306.79,-1.2444713924918392e-13,-7.009045111396513e-16
306.8,-1.2443112533437638e-13,-6.956544926524775e-16
306.81,-1.2441470022186402e-13,-6.905701415938373e-16
306.82,-1.2439811555540038e-13,-6.852911219417558e-16
306.83,-1.2438190723318063e-13,-6.800052725127933e-16
306.84,-1.2436531628180635e-13,-6.745452536668641e-16
306.85,-1.2434826609720568e-13,-6.695369314000544e-16
306.86,-1.2433256014638245e-13,-6.636214251898129e-16
306.87,-1.2431657119805686e-13,-6.577689140838181e-16
306.88,-1.2429961792988434e-13,-6.525942963542863e-16
306.89,-1.242833781603506e-13,-6.465443607762356e-16
306.9,-1.24266685512304e-13,-6.408966377931566e-16
306.91,-1.2425056100695409e-13,-6.348584239441981e-16
306.92,-1.2423379105524295e-13,-6.289478483570043e-16
306.93,-1.2421756645572842e-13,-6.227769966650245e-16
306.94,-1.2419966814369428e-13,-6.172035071885408e-16
306.95,-1.2418469745932615e-13,-6.106649710055903e-16
306.96,-1.241673626003744e-13,-6.043930126547818e-16
306.97,-1.241513493460901e-13,-5.980241261171265e-16
306.98,-1.2413507692131042e-13,-5.916587458421462e-16
306.99,-1.2411842550253914e-13,-5.855291864309647e-16
307.0,-1.2410185827068229e-13,-5.788106559303536e-16
307.01,-1.240851830909312e-13,-5.721593983215897e-16
307.02,-1.2406876338554813e-13,-5.655589709602657e-16
307.03,-1.2405303545357463e-13,-5.586038081370444e-16
307.04,-1.2403503388640425e-13,-5.520989088743521e-16
307.05,-1.2401889719882498e-13,-5.453120710549157e-16
307.06,-1.24002450929436e-13,-5.384192883610257e-16
307.07,-1.2398554602732318e-13,-5.316022777851382e-16
307.08,-1.239687310123794e-13,-5.244597813195296e-16
307.09,-1.2395231523435983e-13,-5.174863675038377e-16
307.1,-1.23935703252853e-13,-5.104215149898179e-16
307.11,-1.2391913924664366e-13,-5.032424899430954e-16
307.12,-1.2390196801024492e-13,-4.96122060256253e-16
307.13,-1.2388605704520482e-13,-4.88718621084705e-16
307.14,-1.2386873262174963e-13,-4.813750668223491e-16
307.15,-1.2385180731695177e-13,-4.742378539243047e-16
307.16,-1.238351146942157e-13,-4.667176999055918e-16
307.17,-1.238185152772073e-13,-4.591806108258306e-16
307.18,-1.2380171074702136e-13,-4.516921657207588e-16
307.19,-1.2378461245310253e-13,-4.442385035319867e-16
307.2,-1.2376785079248094e-13,-4.3658085993642297e-16
307.21,-1.2374858688797876e-13,-4.291017130323544e-16
307.22,-1.2373303324398503e-13,-4.2131148567712134e-16
307.23,-1.237174178248044e-13,-4.134446973888544e-16
307.24,-1.2370042431004295e-13,-4.057555920062279e-16
307.25,-1.2368343945092956e-13,-3.979458263670077e-16
307.26,-1.236660042724381e-13,-3.901549140879853e-16
307.27,-1.2364913885256762e-13,-3.8216927775721834e-16
307.28,-1.236323491703695e-13,-3.7420962182949346e-16
307.29,-1.2361521010930333e-13,-3.661889318025773e-16
307.3,-1.2359732871024333e-13,-3.582863602116115e-16
307.31,-1.2358122931199536e-13,-3.501606227222088e-16
307.32,-1.2356422821670936e-13,-3.4198385237408935e-16
307.33,-1.2354680337806712e-13,-3.3401401712888536e-16
307.34,-1.2352984327581118e-13,-3.2581583657867293e-16
307.35,-1.235135754198154e-13,-3.173894019362838e-16
307.36,-1.2349564602909114e-13,-3.0933183864700534e-16
307.37,-1.2347834600334725e-13,-3.0124376090584666e-16
307.38,-1.2346129288189995e-13,-2.928293795275039e-16
307.39,-1.2344430702950293e-13,-2.8422235025846765e-16
307.4,-1.23426460958033e-13,-2.7627601957463447e-16
307.41,-1.2340921021871733e-13,-2.6773682009409303e-16
307.42,-1.2339172619707964e-13,-2.594606856444953e-16
307.43,-1.2337451605389493e-13,-2.5092665853265425e-16
307.44,-1.233573441922182e-13,-2.4259117605696495e-16
307.45,-1.2334000849108215e-13,-2.3400660079349936e-16
307.46,-1.233226982346331e-13,-2.256216728111052e-16
307.47,-1.2330520675481884e-13,-2.1698528083235262e-16
307.48,-1.2328847071567956e-13,-2.081382315661396e-16
307.49,-1.2327030195054019e-13,-1.997908997769551e-16
307.5,-1.2325306633694407e-13,-1.9139484741733576e-16
307.51,-1.2323471953550838e-13,-1.8286140970768322e-16
307.52,-1.2321795473958795e-13,-1.7410237119076744e-16
307.53,-1.2320063170157294e-13,-1.6538686875839923e-16
307.54,-1.231827413797025e-13,-1.5683974748783837e-16
307.55,-1.231648720176794e-13,-1.4825528488112744e-16
307.56,-1.231474166513613e-13,-1.394286310931458e-16
307.57,-1.2313050540503007e-13,-1.3063224304882422e-16
307.58,-1.2310982173261782e-13,-1.2269581642073187e-16
307.59,-1.2309455617699004e-13,-1.133601553459506e-16
307.6,-1.2307666824059494e-13,-1.0475434914198227e-16
307.61,-1.230589669663287e-13,-9.60060139622678e-17
307.62,-1.2304103859047443e-13,-8.730865503919266e-17
307.63,-1.230233609603066e-13,-7.850438207471792e-17
307.64,-1.2300562327880698e-13,-6.979131409672064e-17
307.65,-1.2298810393958568e-13,-6.091949747397724e-17
307.66,-1.2296961839247858e-13,-5.2330384270892975e-17
307.67,-1.2295195183687639e-13,-4.3595085984173805e-17
307.68,-1.2293425015812957e-13,-3.464705533452795e-17
307.69,-1.229160618477572e-13,-2.6191492282879443e-17
307.7,-1.2289808542458392e-13,-1.7304194249979347e-17
307.71,-1.2288047925870846e-13,-8.413066978008739e-18
307.72,-1.2286209769533332e-13,2.7640424446775263e-19
307.73,-1.2284413021452946e-13,9.074662362743486e-18
307.74,-1.2282609811379297e-13,1.7794626462843877e-17
307.75,-1.2280754022875275e-13,2.643624775848177e-17
307.76,-1.2278993016200696e-13,3.5204968089547497e-17
307.77,-1.227718405497288e-13,4.405706590840384e-17
307.78,-1.227536375091271e-13,5.276443852181978e-17
307.79,-1.2273524338484408e-13,6.135890416997573e-17
307.8,-1.2271712265679295e-13,7.009322631072526e-17
307.81,-1.226989233422439e-13,7.88501371870094e-17
307.82,-1.2268063635101372e-13,8.744058881231862e-17
307.83,-1.226623365510722e-13,9.62224937791447e-17
307.84,-1.226435922286991e-13,1.0496210559008874e-16
307.85,-1.2262574221457557e-13,1.135874338603585e-16
307.86,-1.2260726044732254e-13,1.2216587142590346e-16
307.87,-1.225889901007145e-13,1.3079814381571735e-16
307.88,-1.2257044545884178e-13,1.3932128417218512e-16
307.89,-1.2255167490388074e-13,1.4778138314789258e-16
307.9,-1.225334607894954e-13,1.5655632581695862e-16
307.91,-1.2251494619834844e-13,1.6522076233437758e-16
307.92,-1.22496232379719e-13,1.7354150532717745e-16
307.93,-1.2248026334264996e-13,1.829445841945134e-16
307.94,-1.22459246537505e-13,1.9059648982991274e-16
307.95,-1.2244028926250095e-13,1.9894387834308247e-16
307.96,-1.2242177056675152e-13,2.073925908097959e-16
307.97,-1.2240322862975277e-13,2.1580022762612063e-16
307.98,-1.2238468998680086e-13,2.2421243637432724e-16
307.99,-1.2236593061786838e-13,2.326993380550992e-16
308.0,-1.2234709373391536e-13,2.4093103797894355e-16
308.01,-1.2232833735855537e-13,2.492900712507844e-16
308.02,-1.223099527264375e-13,2.5780466674097876e-16
308.03,-1.222907143642133e-13,2.6578904693385745e-16
308.04,-1.2227182873257523e-13,2.738943180118084e-16
308.05,-1.222533429583626e-13,2.8216736023498104e-16
308.06,-1.2223410389537664e-13,2.9022378794238217e-16
308.07,-1.222150099934736e-13,2.983776041902055e-16
308.08,-1.221963499118607e-13,3.0646362124523015e-16
308.09,-1.2217722802071694e-13,3.144901674296824e-16
308.1,-1.2215831952230247e-13,3.227128914792269e-16
308.11,-1.2213927233190024e-13,3.304919480664489e-16
308.12,-1.2212043768028873e-13,3.3865145699740866e-16
308.13,-1.2210112506432286e-13,3.4640040995674335e-16
308.14,-1.2208191335737168e-13,3.543549806317869e-16
308.15,-1.2206314276120522e-13,3.621355434453347e-16
308.16,-1.2204356870856028e-13,3.6982822819449994e-16
308.17,-1.2202448960130158e-13,3.777026002514422e-16
308.18,-1.2200571645276404e-13,3.85431671528601e-16
308.19,-1.2198631295849917e-13,3.930594569211495e-16
308.2,-1.2196649472703539e-13,4.0043282214948925e-16
308.21,-1.219478791116503e-13,4.084023900896105e-16
308.22,-1.219288760562134e-13,4.159516027327444e-16
308.23,-1.2190824278539242e-13,4.229706122904057e-16
308.24,-1.2188990169297723e-13,4.307755529729876e-16
308.25,-1.2187072231345086e-13,4.3808106467398885e-16
308.26,-1.218506602123056e-13,4.451168710853346e-16
308.27,-1.218318713528648e-13,4.527696761769604e-16
308.28,-1.2181239769670365e-13,4.600474874333851e-16
308.29,-1.2179257745986697e-13,4.669563458938688e-16
308.3,-1.217737153012783e-13,4.750511973511755e-16
308.31,-1.217540602729144e-13,4.815693009535344e-16
308.32,-1.2173452085803095e-13,4.886049369614841e-16
308.33,-1.2171471938412784e-13,4.955138351754931e-16
308.34,-1.2169551059553388e-13,5.025847508129088e-16
308.35,-1.2167559219705965e-13,5.093242320964885e-16
308.36,-1.2165633631407967e-13,5.162620166256268e-16
308.37,-1.216364215886593e-13,5.230032228681273e-16
308.38,-1.216169453538129e-13,5.297390610129115e-16
308.39,-1.2159878213822692e-13,5.377315565479947e-16
308.4,-1.2157750923628705e-13,5.430025413738871e-16
308.41,-1.2155796300435937e-13,5.496034257530417e-16
308.42,-1.2153817424804245e-13,5.560724764809128e-16
308.43,-1.2151837383032e-13,5.62566721544591e-16
308.44,-1.2149849820304347e-13,5.689618106249824e-16
308.45,-1.2147915582512012e-13,5.753802925852523e-16
308.46,-1.2145883060023966e-13,5.815193868456062e-16
308.47,-1.2143863070133715e-13,5.873922674919092e-16
308.48,-1.2142153317059373e-13,5.943574985287971e-16
308.49,-1.2139950154286886e-13,6.000310935444206e-16
308.5,-1.213797564736326e-13,6.06099577284537e-16
308.51,-1.2135954319241412e-13,6.119381149118304e-16
308.52,-1.2134027862338016e-13,6.179521117163056e-16
308.53,-1.213201303163597e-13,6.237749097909281e-16
308.54,-1.2130018168355664e-13,6.295664061294638e-16
308.55,-1.2127973483915325e-13,6.351044773136088e-16
308.56,-1.2126055439626944e-13,6.410372557389333e-16
308.57,-1.21240369429103e-13,6.463127925351624e-16
308.58,-1.212199279223472e-13,6.519078410905363e-16
308.59,-1.2119983021574298e-13,6.573828719429073e-16
308.6,-1.211798701357098e-13,6.627273335412019e-16
308.61,-1.211598025443555e-13,6.679432897540586e-16
308.62,-1.2113979612400362e-13,6.734241854099401e-16
308.63,-1.211197173984268e-13,6.785363203839221e-16
308.64,-1.2109909116895927e-13,6.835626330318581e-16
308.65,-1.2107947765499218e-13,6.885974147493053e-16
308.66,-1.2105959209353342e-13,6.934808244456463e-16
308.67,-1.210391096127757e-13,6.98536445239688e-16
308.68,-1.2101893689985004e-13,7.034494309812217e-16
308.69,-1.209986100931541e-13,7.07977596775127e-16
308.7,-1.209782872831906e-13,7.127762751901438e-16
308.71,-1.2095836588286208e-13,7.174432179544452e-16
308.72,-1.209373895312766e-13,7.21702613049774e-16
308.73,-1.2091723206602463e-13,7.263064758321213e-16
308.74,-1.2089733758992981e-13,7.3074696066482135e-16
308.75,-1.208774320915233e-13,7.351627442369999e-16
308.76,-1.208569274828299e-13,7.393681274709576e-16
308.77,-1.2083658251262074e-13,7.435414908106842e-16
308.78,-1.2081638441071701e-13,7.476293224894027e-16
308.79,-1.2079592398464498e-13,7.516409989544879e-16
308.8,-1.207755159447324e-13,7.556251934011104e-16
308.81,-1.207552006205677e-13,7.594870736823439e-16
308.82,-1.2073465613066543e-13,7.632447531686105e-16
308.83,-1.2071465035825322e-13,7.669765033677984e-16
308.84,-1.2069415949115147e-13,7.70617498721476e-16
308.85,-1.2067417015174637e-13,7.744985667267544e-16
308.86,-1.2065321118065746e-13,7.777527823710502e-16
308.87,-1.2063332549558891e-13,7.813177719558289e-16
308.88,-1.2061243490590336e-13,7.845291942468301e-16
308.89,-1.2059176078516147e-13,7.876753254759443e-16
308.9,-1.205717655264511e-13,7.911015974154506e-16
308.91,-1.2055039134228542e-13,7.939986878378233e-16
308.92,-1.2053049438268614e-13,7.971306882539869e-16
308.93,-1.2051072840547893e-13,8.002640753589089e-16
308.94,-1.204893691659826e-13,8.029995601618695e-16
308.95,-1.2046944654275832e-13,8.058909561520054e-16
308.96,-1.2044850301614389e-13,8.088738353153541e-16
308.97,-1.2042831111830832e-13,8.112189957396424e-16
308.98,-1.2040756980222107e-13,8.137665132902596e-16
308.99,-1.2038755705196062e-13,8.164668911142821e-16
309.0,-1.2036486163717636e-13,8.178319492811462e-16
309.01,-1.2034605149206692e-13,8.209419094129511e-16
309.02,-1.203256932301748e-13,8.23258459417479e-16
309.03,-1.2030491567802593e-13,8.255359847612117e-16
309.04,-1.2028506196329952e-13,8.276224117583911e-16
309.05,-1.2026363418287497e-13,8.295071867737944e-16
309.06,-1.2024326391421653e-13,8.314246869498898e-16
309.07,-1.2022315314471054e-13,8.334226002288662e-16
309.08,-1.2020223488560345e-13,8.351484362132547e-16
309.09,-1.2018255350335052e-13,8.36302373474561e-16
309.1,-1.2016126514341941e-13,8.388640989694257e-16
309.11,-1.2014081032703106e-13,8.400719748609341e-16
309.12,-1.201197887299368e-13,8.415260561519282e-16
309.13,-1.2009912569434728e-13,8.427930002333513e-16
309.14,-1.2007828684181096e-13,8.44100290395212e-16
309.15,-1.2005787452630148e-13,8.453303169414701e-16
309.16,-1.2003748770624e-13,8.465285189715346e-16
309.17,-1.2001695349794558e-13,8.476124858575282e-16
309.18,-1.1999715957218798e-13,8.488151390828401e-16
309.19,-1.1997538220018134e-13,8.494224132001466e-16
309.2,-1.199550459346693e-13,8.503145440837002e-16
309.21,-1.1993450084135976e-13,8.511022197370333e-16
309.22,-1.199139944548237e-13,8.5180482920213935e-16
309.23,-1.198934026289852e-13,8.523706232206049e-16
309.24,-1.1987255083073135e-13,8.527113431219154e-16
309.25,-1.1985190503746293e-13,8.5321454107325e-16
309.26,-1.198313937215071e-13,8.536270381276167e-16
309.27,-1.1981141148449419e-13,8.543453614691901e-16
309.28,-1.197901578144411e-13,8.542235983457151e-16
309.29,-1.1977002638655284e-13,8.543215971054636e-16
309.3,-1.1974925976268078e-13,8.542790410763606e-16
309.31,-1.197286324979104e-13,8.544810421591349e-16
309.32,-1.197081628337928e-13,8.542269601739868e-16
309.33,-1.1968741751290506e-13,8.539634687819942e-16
309.34,-1.196662007540308e-13,8.5352884597103e-16
309.35,-1.1964599103479134e-13,8.531853605490677e-16
309.36,-1.1962601392766884e-13,8.532465038786939e-16
309.37,-1.1960527532530751e-13,8.524033871471847e-16
309.38,-1.195847699815399e-13,8.518819798431845e-16
309.39,-1.1956396529867459e-13,8.510744836859027e-16
309.4,-1.1954336213398435e-13,8.504741759906838e-16
309.41,-1.1952303274834013e-13,8.49740336428618e-16
309.42,-1.195023874461097e-13,8.488333007982587e-16
309.43,-1.1948163066248512e-13,8.478135381311679e-16
309.44,-1.1946135527027141e-13,8.468433421759586e-16
309.45,-1.1944097800277591e-13,8.457674597386811e-16
309.46,-1.1942027749176304e-13,8.444410368392455e-16
309.47,-1.1940005869838677e-13,8.434799142466543e-16
309.48,-1.1937945373875537e-13,8.417237138122624e-16
309.49,-1.1935881872842223e-13,8.405295644774613e-16
309.5,-1.193377541506919e-13,8.388478844774259e-16
309.51,-1.193176219441557e-13,8.373827749610154e-16
309.52,-1.1929733685532988e-13,8.357718873602705e-16
309.53,-1.1927684899175493e-13,8.341007178972355e-16
309.54,-1.1925622150654683e-13,8.32304656146766e-16
309.55,-1.1923630733731025e-13,8.300291238414013e-16
309.56,-1.1921534307680838e-13,8.286079546726277e-16
309.57,-1.1919483713184183e-13,8.265741475785112e-16
309.58,-1.1917458106673227e-13,8.244649247760654e-16
309.59,-1.1915406520571377e-13,8.223278497388341e-16
309.6,-1.1913392026436917e-13,8.201275407044248e-16
309.61,-1.1911324593047345e-13,8.177902890348429e-16
309.62,-1.1909291917293269e-13,8.155112369181871e-16
309.63,-1.190726509563609e-13,8.131807858023718e-16
309.64,-1.1905166550452752e-13,8.105091929674347e-16
309.65,-1.1903184475703515e-13,8.080641692741529e-16
309.66,-1.1901176657538612e-13,8.054429883886355e-16
309.67,-1.189912463317646e-13,8.027012886448183e-16
309.68,-1.1897061875633815e-13,7.999253731036992e-16
309.69,-1.1895067679271019e-13,7.971692479629397e-16
309.7,-1.1893018789550566e-13,7.941519222592754e-16
309.71,-1.1890997625559843e-13,7.913473303403563e-16
309.72,-1.1888947654590314e-13,7.882450345423476e-16
309.73,-1.188695958136262e-13,7.853123217900644e-16
309.74,-1.1884937988431059e-13,7.820779593252184e-16
309.75,-1.1882891402091326e-13,7.787092638818685e-16
309.76,-1.1880885700385098e-13,7.755820099632255e-16
309.77,-1.1878870867010853e-13,7.721052735744323e-16
309.78,-1.1876827365183345e-13,7.686472877857307e-16
309.79,-1.1874838042915466e-13,7.652617914991782e-16
309.8,-1.1872814400490618e-13,7.616918040593363e-16
309.81,-1.187062707915329e-13,7.578060589378686e-16
309.82,-1.1868781827959692e-13,7.545126569738302e-16
309.83,-1.1866777453502495e-13,7.507435798251915e-16
309.84,-1.1864763471394506e-13,7.469110047392632e-16
309.85,-1.186276881318612e-13,7.431347151138518e-16
309.86,-1.1860797946994678e-13,7.39230733019573e-16
309.87,-1.1858705731740337e-13,7.352771919470535e-16
309.88,-1.1856736319681678e-13,7.311628789195822e-16
309.89,-1.185473556039194e-13,7.271650336402124e-16
309.9,-1.1852804210402938e-13,7.230931157567347e-16
309.91,-1.1850730502003196e-13,7.188543633405979e-16
309.92,-1.1848768523535976e-13,7.146524809382311e-16
309.93,-1.1846744033402153e-13,7.102246842196752e-16
309.94,-1.1844777156194644e-13,7.059369357817895e-16
309.95,-1.184285203947337e-13,7.015526030236561e-16
309.96,-1.1840784212571347e-13,6.9706165890458245e-16
309.97,-1.18388081260665e-13,6.924965063339927e-16
309.98,-1.1836815830824228e-13,6.88012324015173e-16
309.99,-1.183480769344617e-13,6.83129164973364e-16
310.0,-1.183295980185492e-13,6.790025188157853e-16
310.01,-1.1830883650281478e-13,6.738385990221234e-16
310.02,-1.1828885229889046e-13,6.69101986175893e-16
310.03,-1.1826925603439779e-13,6.644141786149544e-16
310.04,-1.18249408862817e-13,6.593365696075058e-16
310.05,-1.1823016943468112e-13,6.54580602882966e-16
310.06,-1.1821018643550487e-13,6.495833680192483e-16
310.07,-1.1819052048172942e-13,6.445908301253123e-16
310.08,-1.181710979498436e-13,6.396090224135684e-16
310.09,-1.1815178386138748e-13,6.348083937504768e-16
310.1,-1.1813162796073642e-13,6.293158231888909e-16
310.11,-1.1811146874821352e-13,6.239554966312745e-16
310.12,-1.1809230571864609e-13,6.188419717681255e-16
310.13,-1.1807380736366884e-13,6.135190476727531e-16
310.14,-1.180536964917624e-13,6.083410723201103e-16
310.15,-1.180334946772983e-13,6.027652923865814e-16
310.16,-1.1801452981242122e-13,5.975555597566063e-16
310.17,-1.1799525011444073e-13,5.921473482793491e-16
310.18,-1.1797587204993285e-13,5.867695149052411e-16
310.19,-1.1795592505192962e-13,5.809196000780486e-16
310.2,-1.1793637650707148e-13,5.754447623760672e-16
310.21,-1.1791763145619836e-13,5.699365856864657e-16
310.22,-1.1789877606013084e-13,5.643005717473542e-16
310.23,-1.1787874441374664e-13,5.586034826856311e-16
310.24,-1.1785916729631925e-13,5.526658065082602e-16
310.25,-1.17840165190339e-13,5.470709641056766e-16
310.26,-1.178195264628699e-13,5.408870319129942e-16
310.27,-1.1779964635563207e-13,5.348636681719272e-16
310.28,-1.1778211542191498e-13,5.295250558103341e-16
310.29,-1.1776292802519692e-13,5.235353664470765e-16
310.3,-1.177439246539844e-13,5.176713908773205e-16
310.31,-1.17724686507576e-13,5.116947217325473e-16
310.32,-1.1770534527346792e-13,5.056907509742811e-16
310.33,-1.1768673644958857e-13,4.996950118571997e-16
310.34,-1.1766731068335793e-13,4.936358888906175e-16
310.35,-1.1764772346764303e-13,4.874900334008438e-16
310.36,-1.1762859108165443e-13,4.811565713981014e-16
310.37,-1.176104592305494e-13,4.754434078109798e-16
310.38,-1.175912023555106e-13,4.690890435527323e-16
310.39,-1.1757248673409373e-13,4.631115906262976e-16
310.4,-1.1755331865593336e-13,4.567838883278042e-16
310.41,-1.1753436507008528e-13,4.505675469562671e-16
310.42,-1.1751582508674196e-13,4.444268594871931e-16
310.43,-1.174967647879882e-13,4.380127628830105e-16
310.44,-1.1747772572553498e-13,4.3179987328268196e-16
310.45,-1.1745857912051325e-13,4.2515725358558964e-16
310.46,-1.174401911356312e-13,4.191007357413908e-16
310.47,-1.1742144943932982e-13,4.126230075884521e-16
310.48,-1.1740295493314533e-13,4.0639772917906743e-16
310.49,-1.1738413507248404e-13,4.001863654135249e-16
310.5,-1.173655020592204e-13,3.936316583899896e-16
310.51,-1.173468425255733e-13,3.870971772056488e-16
310.52,-1.1732774444303657e-13,3.806044635205333e-16
310.53,-1.173097555035903e-13,3.742963006200484e-16
310.54,-1.172879936525725e-13,3.669934496378345e-16
310.55,-1.1727255122390732e-13,3.6135872682994007e-16
310.56,-1.172536443516643e-13,3.546794551928969e-16
310.57,-1.172354267491313e-13,3.483494770199527e-16
310.58,-1.1721723899982388e-13,3.4191549562231266e-16
310.59,-1.1719836168955587e-13,3.351576329724614e-16
310.6,-1.1717967503713233e-13,3.2858110566218607e-16
310.61,-1.1716111556153874e-13,3.2200818041699573e-16
310.62,-1.1714276546670008e-13,3.153637030679057e-16
310.63,-1.171239987336241e-13,3.082862339751287e-16
310.64,-1.1710557214938277e-13,3.020145424046464e-16
310.65,-1.1708803862894244e-13,2.956036005624266e-16
310.66,-1.170700804929201e-13,2.8912719136438137e-16
310.67,-1.170517072186476e-13,2.8243534493754505e-16
310.68,-1.170330989948005e-13,2.7582608790174975e-16
310.69,-1.1701496906269842e-13,2.6902248925975386e-16
310.7,-1.1699642909202507e-13,2.6273771974415646e-16
310.71,-1.1697876714320405e-13,2.559642806591311e-16
310.72,-1.169607449572712e-13,2.490917488933488e-16
310.73,-1.1694276181254045e-13,2.4280010003942865e-16
310.74,-1.1692431570745822e-13,2.359903140625034e-16
310.75,-1.1690684296165356e-13,2.294950034857552e-16
310.76,-1.1688854063025249e-13,2.2283246524609947e-16
310.77,-1.1687012887275121e-13,2.1616954098476224e-16
310.78,-1.1685186446133491e-13,2.0961895435244004e-16
310.79,-1.1683459444528513e-13,2.0328359635335485e-16
310.8,-1.1681624366252055e-13,1.9629436710515895e-16
310.81,-1.1679899395218196e-13,1.8970431396212062e-16
310.82,-1.1678027102606645e-13,1.828208902211788e-16
310.83,-1.167624684992462e-13,1.764227264767201e-16
310.84,-1.1674477832557017e-13,1.700048161860577e-16
310.85,-1.1672679478132518e-13,1.631959591170176e-16
310.86,-1.167094732362967e-13,1.5666185557563306e-16
310.87,-1.1669128299632965e-13,1.4994528317693388e-16
310.88,-1.1667465796213127e-13,1.4356030558800174e-16
310.89,-1.1665534065662147e-13,1.3676520074265654e-16
310.9,-1.1663822886561325e-13,1.304784685210875e-16
310.91,-1.166202056546631e-13,1.2368666711781723e-16
310.92,-1.16602561898728e-13,1.173109655385889e-16
310.93,-1.1658450209816171e-13,1.1050507850144841e-16
310.94,-1.1656760021251686e-13,1.042256038967641e-16
310.95,-1.1655016669125624e-13,9.777795536667296e-17
310.96,-1.1653259255236343e-13,9.137189471981534e-17
310.97,-1.165144204330864e-13,8.4726414878981e-17
310.98,-1.1649721260781602e-13,7.852743392294608e-17
310.99,-1.1647957667356054e-13,7.188684930608545e-17
311.0,-1.1646128159875482e-13,6.538495611826623e-17
311.01,-1.164448151428018e-13,5.922609340411495e-17
311.02,-1.1642737516488494e-13,5.27156798569114e-17
311.03,-1.1641016299368556e-13,4.6450165491163205e-17
311.04,-1.1639268131084216e-13,4.0137366159832475e-17
311.05,-1.1637541414078109e-13,3.3784086312469175e-17
311.06,-1.1635982464989196e-13,2.801883274913715e-17
311.07,-1.1634045253959235e-13,2.114933760060589e-17
311.08,-1.1632313282100911e-13,1.4768240762710626e-17
311.09,-1.163057915983088e-13,8.641093197402348e-18
311.1,-1.1628924411847677e-13,2.541500337090101e-18
311.11,-1.1627160091312385e-13,-3.7594822492151085e-18
311.12,-1.1625449095741256e-13,-9.86048488388266e-18
311.13,-1.1623734672155285e-13,-1.597306324318215e-17
311.14,-1.1622033554161221e-13,-2.2058683677991878e-17
311.15,-1.162056184085296e-13,-2.7281899241035622e-17
311.16,-1.161859285834217e-13,-3.4247887072543793e-17
311.17,-1.1616889766259188e-13,-4.029665537585068e-17
311.18,-1.16151729537469e-13,-4.623756193658875e-17
311.19,-1.161349127214732e-13,-5.2184072298887725e-17
311.2,-1.161178359091028e-13,-5.824685866386589e-17
311.21,-1.1610013861926295e-13,-6.429007264279762e-17
311.22,-1.1608391432435674e-13,-6.993966730753912e-17
311.23,-1.1606659353025658e-13,-7.585750432841113e-17
311.24,-1.160503573093881e-13,-8.130780957464254e-17
311.25,-1.1603231316847382e-13,-8.746039910339578e-17
311.26,-1.1601653766588292e-13,-9.312150833981862e-17
311.27,-1.1599940317131047e-13,-9.878283613716495e-17
311.28,-1.159823972911115e-13,-1.0450842440477627e-16
311.29,-1.159654436407299e-13,-1.1037331992904036e-16
311.3,-1.1594883576626469e-13,-1.1579527022540142e-16
311.31,-1.1593271483842318e-13,-1.2098085600108156e-16
311.32,-1.1591536763153728e-13,-1.2690074066316392e-16
311.33,-1.1589863776410645e-13,-1.3248539156420323e-16
311.34,-1.158815147268278e-13,-1.37907031015179e-16
311.35,-1.1586542440978661e-13,-1.4329185878908127e-16
311.36,-1.1584840527298357e-13,-1.4871013830649055e-16
311.37,-1.1583173856181755e-13,-1.5408299446349775e-16
311.38,-1.1581506589468767e-13,-1.594592622661456e-16
311.39,-1.1579829476105338e-13,-1.6470547096894192e-16
311.4,-1.1578177128502688e-13,-1.6989275382641674e-16
311.41,-1.1576511147724774e-13,-1.7519350792372182e-16
311.42,-1.1574828578671383e-13,-1.8041644152852426e-16
311.43,-1.1573180732662344e-13,-1.8536281294375455e-16
311.44,-1.1571591734125343e-13,-1.9041241163281761e-16
311.45,-1.1569907659023193e-13,-1.9543763396418726e-16
311.46,-1.156825143344042e-13,-2.0048017382347662e-16
311.47,-1.1566575934394455e-13,-2.0545261265600273e-16
311.48,-1.1564955432488883e-13,-2.1035059129557932e-16
311.49,-1.1563308173525368e-13,-2.151403378530398e-16
311.5,-1.1561662727020975e-13,-2.2000020700730697e-16
311.51,-1.1559981586999049e-13,-2.248588137608376e-16
311.52,-1.155844569905635e-13,-2.290301265115814e-16
311.53,-1.1556664933268958e-13,-2.3440327455955034e-16
311.54,-1.1555057379741106e-13,-2.389311891080789e-16
311.55,-1.1553480499738957e-13,-2.432998231057846e-16
311.56,-1.155179546448735e-13,-2.4803506618026655e-16
311.57,-1.155016394927124e-13,-2.524211646082042e-16
311.58,-1.154853481159589e-13,-2.5689434575144585e-16
311.59,-1.1546911899173897e-13,-2.6128247184825335e-16
311.6,-1.1545277645040417e-13,-2.6568419091347164e-16
311.61,-1.1543631202366948e-13,-2.7008588357551597e-16
311.62,-1.1542003675383893e-13,-2.743260333919721e-16
311.63,-1.1540422339571272e-13,-2.782678345956256e-16
311.64,-1.1538768134344743e-13,-2.8263231758351493e-16
311.65,-1.1537129291280432e-13,-2.8675677572055964e-16
311.66,-1.1535559069902835e-13,-2.9051367258249877e-16
311.67,-1.1533910058709392e-13,-2.947272054608279e-16
311.68,-1.1532293333446865e-13,-2.9868827085657115e-16
311.69,-1.1530724355676406e-13,-3.023763515177247e-16
311.7,-1.1529021632668865e-13,-3.064623129863632e-16
311.71,-1.1527428465955803e-13,-3.102194347787105e-16
311.72,-1.152583243311577e-13,-3.13943674778864e-16
311.73,-1.1524195120723167e-13,-3.1778134151802763e-16
311.74,-1.1522597293419925e-13,-3.212543482909032e-16
311.75,-1.152099342780152e-13,-3.2484292407696336e-16
311.76,-1.1519302452232608e-13,-3.2869455789177317e-16
311.77,-1.1517800737553665e-13,-3.3172906553108654e-16
311.78,-1.1516137987314151e-13,-3.358182380526765e-16
311.79,-1.151453382138372e-13,-3.386645556900188e-16
311.8,-1.1512978970462603e-13,-3.41881487330372e-16
311.81,-1.1511333779192153e-13,-3.4517967265205543e-16
311.82,-1.1509756075850053e-13,-3.483291643390976e-16
311.83,-1.150813478387983e-13,-3.515693483421681e-16
311.84,-1.150656187191364e-13,-3.545670445717889e-16
311.85,-1.150495567735098e-13,-3.576565168623056e-16
311.86,-1.1503343346001256e-13,-3.605487366722554e-16
311.87,-1.1501763324676805e-13,-3.6383719523359717e-16
311.88,-1.150015801176404e-13,-3.6635271479718236e-16
311.89,-1.149856235107295e-13,-3.691848549672252e-16
311.9,-1.149695076803117e-13,-3.719559204655573e-16
311.91,-1.1495363393840303e-13,-3.7460940566658455e-16
311.92,-1.1493812204615345e-13,-3.770151833864017e-16
311.93,-1.1492173922960273e-13,-3.7988044472169696e-16
311.94,-1.1490577165863893e-13,-3.823273228581422e-16
311.95,-1.1489016097875507e-13,-3.8462420721137025e-16
311.96,-1.1487360047026304e-13,-3.8727709873040285e-16
311.97,-1.148581799879862e-13,-3.8949880374029207e-16
311.98,-1.1484244029921576e-13,-3.917051961591461e-16
311.99,-1.1482607021086642e-13,-3.941870715413238e-16
312.0,-1.1481028235225465e-13,-3.963233110436131e-16
312.01,-1.1479442732175968e-13,-3.9841357400585554e-16
312.02,-1.1477833478032207e-13,-4.005354730890958e-16
312.03,-1.1476254209494848e-13,-4.025365263162634e-16
312.04,-1.1474698573617093e-13,-4.043609051825332e-16
312.05,-1.1473067574131924e-13,-4.063400395903954e-16
312.06,-1.1471526926712393e-13,-4.081187159274196e-16
312.07,-1.1469895964653076e-13,-4.098876662243586e-16
312.08,-1.1468297131596643e-13,-4.1149416763646223e-16
312.09,-1.1466743647676833e-13,-4.1324247974807794e-16
312.1,-1.1465211539568902e-13,-4.1458447197109263e-16
312.11,-1.1463537416775072e-13,-4.1627444842104914e-16
312.12,-1.146198498422808e-13,-4.178308512307293e-16
312.13,-1.1460422727898654e-13,-4.191009447633587e-16
312.14,-1.1458921466612427e-13,-4.198178702214577e-16
312.15,-1.1457268269197245e-13,-4.2167410850680656e-16
312.16,-1.145566174938154e-13,-4.230726802108684e-16
312.17,-1.145412210280234e-13,-4.238453777188995e-16
312.18,-1.1452487793246578e-13,-4.252002938458706e-16
312.19,-1.1450873915200829e-13,-4.2653860287061014e-16
312.2,-1.1449356859746135e-13,-4.272434920003671e-16
312.21,-1.1447752792700775e-13,-4.282951381659589e-16
312.22,-1.144619225766977e-13,-4.2908279481958086e-16
312.23,-1.1444597101185415e-13,-4.2988461177783364e-16
312.24,-1.144307898008621e-13,-4.3082331036575626e-16
312.25,-1.1441425806409556e-13,-4.313678905884833e-16
312.26,-1.1439839651908465e-13,-4.3197537476423725e-16
312.27,-1.1438268222493055e-13,-4.3258257732088006e-16
312.28,-1.143666253653523e-13,-4.332052623461446e-16
312.29,-1.1435112185300225e-13,-4.335572860171306e-16
312.3,-1.1433519642275112e-13,-4.338992094500893e-16
312.31,-1.1431957759895967e-13,-4.3419006269685e-16
312.32,-1.1430322613414143e-13,-4.3443438266937237e-16
312.33,-1.1428752943708167e-13,-4.360199244605875e-16
312.34,-1.142720300939765e-13,-4.34914951997364e-16
312.35,-1.1425614239536185e-13,-4.3500642732635026e-16
312.36,-1.1424016271731918e-13,-4.350844128646254e-16
312.37,-1.1422431712065158e-13,-4.3515599716956e-16
312.38,-1.1420859708101747e-13,-4.3497419544328967e-16
312.39,-1.1419255319020553e-13,-4.3479620405432615e-16
312.4,-1.1417710177123665e-13,-4.345783761637081e-16
312.41,-1.1416147948661518e-13,-4.3440749260144524e-16
312.42,-1.1414369874821764e-13,-4.3490109454749723e-16
312.43,-1.141298531882474e-13,-4.33598149921847e-16
312.44,-1.1411341060133232e-13,-4.333911711559312e-16
312.45,-1.1409771421882205e-13,-4.3277309694455166e-16
312.46,-1.1408153171423844e-13,-4.3245919232876845e-16
312.47,-1.1406585105364608e-13,-4.317332011492738e-16
312.48,-1.1404993081751287e-13,-4.3115859958826213e-16
312.49,-1.1403461871973423e-13,-4.3022093848041e-16
312.5,-1.1401878853370415e-13,-4.296260546287338e-16
312.51,-1.1400184207307735e-13,-4.290404521980983e-16
312.52,-1.1398676664745436e-13,-4.277973508752744e-16
312.53,-1.1397072676648944e-13,-4.2694585326479924e-16
312.54,-1.1395499872607725e-13,-4.2593557502392224e-16
312.55,-1.1393859635167211e-13,-4.247946499222844e-16
312.56,-1.139230775923307e-13,-4.2375162682931587e-16
312.57,-1.1390712959120391e-13,-4.2272679109716333e-16
312.58,-1.1389183992105187e-13,-4.212296226098086e-16
312.59,-1.1387518668623703e-13,-4.202570966170167e-16
312.6,-1.1385881425845434e-13,-4.190482062488854e-16
312.61,-1.1384343491492242e-13,-4.1749369653319464e-16
312.62,-1.1382745734701838e-13,-4.161035877889047e-16
312.63,-1.1381177644778608e-13,-4.1465893177119893e-16
312.64,-1.1379571720393691e-13,-4.13122679977502e-16
312.65,-1.1377976329362387e-13,-4.1145318528213307e-16
312.66,-1.1376403732247166e-13,-4.0979004283370965e-16
312.67,-1.1374813819633495e-13,-4.079393632012524e-16
312.68,-1.137318811685393e-13,-4.0637135764422195e-16
312.69,-1.1371557015233951e-13,-4.046706327592118e-16
312.7,-1.1369981609760652e-13,-4.0285250592062397e-16
312.71,-1.1368392244134437e-13,-4.0088136409724264e-16
312.72,-1.1366759416720653e-13,-3.9889381386421622e-16
312.73,-1.1365189101113915e-13,-3.9669475313716017e-16
312.74,-1.1363564953325726e-13,-3.949092312215827e-16
312.75,-1.1361989430261408e-13,-3.9273787931203567e-16
312.76,-1.1360414046092272e-13,-3.90355602497672e-16
312.77,-1.1358754132665403e-13,-3.88359603492255e-16
312.78,-1.1357129628438578e-13,-3.863184524937074e-16
312.79,-1.1355600101101013e-13,-3.8372100899106304e-16
312.8,-1.1353948334871989e-13,-3.8149578123409026e-16
312.81,-1.1352289791537093e-13,-3.7934840953088654e-16
312.82,-1.1350702819527347e-13,-3.767706788752353e-16
312.83,-1.1349111470221228e-13,-3.7419483656338243e-16
312.84,-1.1347494476114158e-13,-3.7170073316905273e-16
312.85,-1.1345968765669853e-13,-3.6867972805652343e-16
312.86,-1.1344308816707363e-13,-3.664497088915153e-16
312.87,-1.13426096749107e-13,-3.6394998923522665e-16
312.88,-1.1341076327942636e-13,-3.609345791279396e-16
312.89,-1.133943185441877e-13,-3.582568200452248e-16
312.9,-1.1337838999036905e-13,-3.553376271398477e-16
312.91,-1.1336192943475369e-13,-3.525823987759761e-16
312.92,-1.1334567983001666e-13,-3.497181532174783e-16
312.93,-1.1332917897524934e-13,-3.468492086849612e-16
312.94,-1.1331211300440561e-13,-3.432482804819539e-16
312.95,-1.132969379647067e-13,-3.407099211341423e-16
312.96,-1.1328029573501644e-13,-3.3781472075227156e-16
312.97,-1.1326483061954022e-13,-3.346479528457519e-16
312.98,-1.1324778052026265e-13,-3.315552469729075e-16
312.99,-1.1323209964990435e-13,-3.282114351616346e-16
313.0,-1.1321560387135292e-13,-3.2501092246002074e-16
313.01,-1.1319934395562027e-13,-3.2164129079537137e-16
313.02,-1.1318291699123692e-13,-3.1848447744101163e-16
313.03,-1.131655541527065e-13,-3.156737503615919e-16
313.04,-1.1315081756155048e-13,-3.115506617182511e-16
313.05,-1.1313392036791432e-13,-3.0834458659263464e-16
313.06,-1.1311790993419296e-13,-3.0474002240205354e-16
313.07,-1.1310094923605597e-13,-3.013479704773848e-16
313.08,-1.1308492222299814e-13,-2.9765616244415426e-16
313.09,-1.1306781882779483e-13,-2.941464345909155e-16
313.1,-1.1305177587229948e-13,-2.90611369697609e-16
313.11,-1.1303546809006103e-13,-2.86903867334759e-16
313.12,-1.1301854382146363e-13,-2.83746126182586e-16
313.13,-1.1300224582669997e-13,-2.7954044727562885e-16
313.14,-1.1298606135444164e-13,-2.757939823493906e-16
313.15,-1.1296955182514677e-13,-2.719153763277901e-16
313.16,-1.1295302553453422e-13,-2.6809762897980503e-16
313.17,-1.1293678259614777e-13,-2.6412558380896205e-16
313.18,-1.12920397333004e-13,-2.60265543535219e-16
313.19,-1.1290360581620577e-13,-2.562980734526955e-16
313.2,-1.1288693136767392e-13,-2.5248458973362955e-16
313.21,-1.1287037548196013e-13,-2.488089137679868e-16
313.22,-1.1285372339449905e-13,-2.4444748754820617e-16
313.23,-1.1283716634021664e-13,-2.405073159568354e-16
313.24,-1.1282052052834331e-13,-2.364054148298099e-16
313.25,-1.1280532726159327e-13,-2.322237270693013e-16
313.26,-1.1278805863121959e-13,-2.2807748981085527e-16
313.27,-1.1277115853327432e-13,-2.240064382823472e-16
313.28,-1.1275395938291067e-13,-2.1974229580810177e-16
313.29,-1.1273750705570813e-13,-2.1557131584351277e-16
313.3,-1.1272043000353799e-13,-2.1150369963155767e-16
313.31,-1.1270377696260526e-13,-2.0703707716359507e-16
313.32,-1.1268721775072136e-13,-2.0283795154138085e-16
313.33,-1.12670279539346e-13,-1.984715057708996e-16
313.34,-1.126535507518372e-13,-1.9425368269104397e-16
313.35,-1.1263682286102525e-13,-1.89776812470175e-16
313.36,-1.1262017655619998e-13,-1.8541543996907606e-16
313.37,-1.1260345378392916e-13,-1.8087594075109585e-16
313.38,-1.1258670246621952e-13,-1.7633470409773547e-16
313.39,-1.12569834653307e-13,-1.7202370225683516e-16
313.4,-1.1255290351555255e-13,-1.6766334247641314e-16
313.41,-1.1253587734520815e-13,-1.6306893449655466e-16
313.42,-1.1251927225352212e-13,-1.5853919336632234e-16
313.43,-1.1250223372414683e-13,-1.5401829697446764e-16
313.44,-1.124863345247895e-13,-1.4932920146191984e-16
313.45,-1.1246860573194879e-13,-1.448623452645975e-16
313.46,-1.1245188343468443e-13,-1.4011379668317445e-16
313.47,-1.1243486549163101e-13,-1.3568104592566455e-16
313.48,-1.1241788924494136e-13,-1.3107071008509164e-16
313.49,-1.1239935124317732e-13,-1.2645555239429099e-16
313.5,-1.1238409289921692e-13,-1.2163072960064154e-16
313.51,-1.123667663820199e-13,-1.1709534418795733e-16
313.52,-1.1234966313153034e-13,-1.1227604439101348e-16
313.53,-1.1233327468007498e-13,-1.0752152371116176e-16
313.54,-1.1231574990334594e-13,-1.0291794167627182e-16
313.55,-1.1229874346656075e-13,-9.812122311898153e-17
313.56,-1.1228149987873321e-13,-9.343885555081357e-17
313.57,-1.1226409928772036e-13,-8.870796100389079e-17
313.58,-1.122476335079261e-13,-8.370054667419296e-17
313.59,-1.1223044921129336e-13,-7.908909493813972e-17
313.6,-1.12212998402937e-13,-7.408700747710083e-17
313.61,-1.1219631071459125e-13,-6.941549329066583e-17
313.62,-1.121792386568143e-13,-6.456262160416175e-17
313.63,-1.121621304053596e-13,-5.977021094385373e-17
313.64,-1.1214481219566095e-13,-5.495973586581635e-17
313.65,-1.121274949646612e-13,-5.011641368690925e-17
313.66,-1.1211042235708487e-13,-4.51792444487053e-17
313.67,-1.1209338409280294e-13,-4.0389446817672636e-17
313.68,-1.1207589167291375e-13,-3.561694446362301e-17
313.69,-1.120585920763727e-13,-3.0648509616298283e-17
313.7,-1.1204161187437607e-13,-2.5796269040508883e-17
313.71,-1.1202389200451167e-13,-2.0965359285224044e-17
313.72,-1.1200688552239681e-13,-1.5979758210846044e-17
313.73,-1.1198998312667447e-13,-1.1112968028292582e-17
313.74,-1.1197227570921762e-13,-6.23491697101863e-18
313.75,-1.119570257498224e-13,-9.395014426242311e-19
313.76,-1.1193762451871075e-13,3.464910327695324e-18
313.77,-1.1191977211612735e-13,8.320882441622281e-18
313.78,-1.1190285985995938e-13,1.3379521867302866e-17
313.79,-1.1188542612741436e-13,1.827406907531459e-17
313.8,-1.1186807366098372e-13,2.3184724267411065e-17
313.81,-1.1185058299765891e-13,2.801823940521943e-17
313.82,-1.118333186384598e-13,3.299466880058307e-17
313.83,-1.1181569652501562e-13,3.779645529859501e-17
313.84,-1.1179924304894774e-13,4.3077724547547273e-17
313.85,-1.1178057668431727e-13,4.7459799485958356e-17
313.86,-1.1176333615812257e-13,5.249850804401344e-17
313.87,-1.1174601804236611e-13,5.750158939058043e-17
313.88,-1.1172830569237043e-13,6.226607470670991e-17
313.89,-1.1171075560841317e-13,6.707553122171184e-17
313.9,-1.1169327776835995e-13,7.204936475626142e-17
313.91,-1.1167621935362207e-13,7.707480813621075e-17
313.92,-1.1165834342025763e-13,8.172878544600961e-17
313.93,-1.116407803711492e-13,8.66998992803861e-17
313.94,-1.1162244223306573e-13,9.120288202456554e-17
313.95,-1.116055971725485e-13,9.633520814483819e-17
313.96,-1.1158805888597057e-13,1.0116254042012708e-16
313.97,-1.115703993036847e-13,1.0601693529314815e-16
313.98,-1.1155315871762405e-13,1.1097038995551929e-16
313.99,-1.1153521640461856e-13,1.156169820070258e-16
314.0,-1.1151789365624383e-13,1.2053422780660717e-16
314.01,-1.114998223646441e-13,1.2515610757625875e-16
314.02,-1.1148210096037871e-13,1.2997549418708516e-16
314.03,-1.1146466972991058e-13,1.3466383402272026e-16
314.04,-1.1144680752546543e-13,1.3948575529612256e-16
314.05,-1.1142848828162183e-13,1.4399293587166264e-16
314.06,-1.11411544513772e-13,1.4895518448399283e-16
314.07,-1.1139380645813818e-13,1.5364514397128042e-16
314.08,-1.113759718846873e-13,1.5836824781223585e-16
314.09,-1.1135837873394678e-13,1.6312955726766573e-16
314.1,-1.113405292896288e-13,1.6763649790550087e-16
314.11,-1.1132244450797823e-13,1.7230513611913845e-16
314.12,-1.1130545232369343e-13,1.769698748642854e-16
314.13,-1.1128701648620584e-13,1.8158484582710431e-16
314.14,-1.1126959527205702e-13,1.8638776559048225e-16
314.15,-1.112516598416566e-13,1.909516350070477e-16
314.16,-1.1123400954651625e-13,1.9542844179439517e-16
314.17,-1.1121598697418726e-13,1.999872067826839e-16
314.18,-1.1119813362133232e-13,2.0452958512884593e-16
314.19,-1.1117990413601897e-13,2.0890579409706527e-16
314.2,-1.1116260001268029e-13,2.1357904731316055e-16
314.21,-1.1114584854442289e-13,2.1850347328789925e-16
314.22,-1.1112677138584542e-13,2.2242210225529884e-16
314.23,-1.1110901981945657e-13,2.269190327352229e-16
314.24,-1.1109125958585775e-13,2.3139075597291193e-16
314.25,-1.1107305865782933e-13,2.3566162847924107e-16
314.26,-1.1105489892356877e-13,2.399782197293421e-16
314.27,-1.1103722016609904e-13,2.4439043229185317e-16
314.28,-1.1101945135263508e-13,2.4879156220909882e-16
314.29,-1.1100124509018947e-13,2.5295530243749025e-16
314.3,-1.1098308528391287e-13,2.5764362915131816e-16
314.31,-1.1096576096932291e-13,2.615283231653726e-16
314.32,-1.1094806110232703e-13,2.6580410692536527e-16
314.33,-1.1092987621708758e-13,2.6998972458918454e-16
314.34,-1.1091180987680943e-13,2.7414852336869515e-16
314.35,-1.1089371334327746e-13,2.7834448565906586e-16
314.36,-1.1087485701569643e-13,2.8209474272491095e-16
314.37,-1.1085814038246769e-13,2.8657943164669997e-16
314.38,-1.1084013569448102e-13,2.907337553233446e-16
314.39,-1.1082384493867998e-13,2.9553526543769783e-16
314.4,-1.1080406247881838e-13,2.9865210651513896e-16
314.41,-1.1078599322945458e-13,3.0264765907492887e-16
314.42,-1.1076797317670272e-13,3.065753802056032e-16
314.43,-1.107501761805941e-13,3.104652895255725e-16
314.44,-1.1073201090754583e-13,3.1439887860750603e-16
314.45,-1.1071398044894732e-13,3.182520278687413e-16
314.46,-1.1069677862885045e-13,3.223521790360066e-16
314.47,-1.1067792555172124e-13,3.2603158181131808e-16
314.48,-1.106624871837518e-13,3.3076403339747215e-16
314.49,-1.1064185727026678e-13,3.3346773486063637e-16
314.5,-1.1062375517988317e-13,3.372022625995837e-16
314.51,-1.1060568478337593e-13,3.408703974434776e-16
314.52,-1.105873698484584e-13,3.444173937867731e-16
314.53,-1.1056991731224223e-13,3.482498777846738e-16
314.54,-1.105518338168397e-13,3.516828376109233e-16
314.55,-1.1053402056022009e-13,3.5541520990952297e-16
314.56,-1.1051570415290775e-13,3.589496392308953e-16
314.57,-1.1049649053166038e-13,3.624350954328588e-16
314.58,-1.1047916965075978e-13,3.6572035595747306e-16
314.59,-1.10461200793509e-13,3.6924506999771525e-16
314.6,-1.1044340057524949e-13,3.7265132413643866e-16
314.61,-1.1042532176989196e-13,3.761069229732068e-16
314.62,-1.1040711381030215e-13,3.792917428186267e-16
314.63,-1.1038863681934477e-13,3.8247954727169477e-16
314.64,-1.1037148425573787e-13,3.8563407957960643e-16
314.65,-1.1035256870865647e-13,3.8896314293828845e-16
314.66,-1.1033399799609552e-13,3.921351902347266e-16
314.67,-1.1031674143974973e-13,3.9533158870160246e-16
314.68,-1.1029827624189198e-13,3.9839986630878414e-16
314.69,-1.1028039571657859e-13,4.0132407130636947e-16
314.7,-1.1026195612877169e-13,4.044640212506563e-16
314.71,-1.1024399294030802e-13,4.0748990705195906e-16
314.72,-1.1022608086669146e-13,4.1033256252828257e-16
314.73,-1.1020714057658005e-13,4.130000051043344e-16
314.74,-1.1018937095848281e-13,4.161120389078228e-16
314.75,-1.1017107467867879e-13,4.189565299063253e-16
314.76,-1.1015356134362637e-13,4.218313614466855e-16
314.77,-1.101355257334455e-13,4.2468142705365054e-16
314.78,-1.1011800278872779e-13,4.2772804615020817e-16
314.79,-1.100993854419635e-13,4.299873057716914e-16
314.8,-1.100810714803616e-13,4.3260961717346194e-16
314.81,-1.1006316555201731e-13,4.353817995062014e-16
314.82,-1.100442912584811e-13,4.3754926591083425e-16
314.83,-1.1002612523460931e-13,4.400204776124417e-16
314.84,-1.1000917309063412e-13,4.4288046202809683e-16
314.85,-1.0999080555854407e-13,4.452203035178695e-16
314.86,-1.0997267900105556e-13,4.476207958479565e-16
314.87,-1.0995444336191875e-13,4.50131241643733e-16
314.88,-1.099364087947146e-13,4.523246837442663e-16
314.89,-1.0991866858902964e-13,4.545394396928697e-16
314.9,-1.099003143803038e-13,4.568698874642514e-16
314.91,-1.0988319298632549e-13,4.589756507829118e-16
314.92,-1.0986376401901529e-13,4.61022804213206e-16
314.93,-1.0984599533448422e-13,4.633214336762126e-16
314.94,-1.0982799138567795e-13,4.653434036973767e-16
314.95,-1.0981004882280152e-13,4.674400281570755e-16
314.96,-1.0979175321639402e-13,4.694337196860138e-16
314.97,-1.0977382262283427e-13,4.712691446221834e-16
314.98,-1.0975578681682261e-13,4.731495739884207e-16
314.99,-1.0973768088843586e-13,4.75060436827905e-16
315.0,-1.0971707158018797e-13,4.756492815888713e-16
315.01,-1.0970091502738908e-13,4.784028178009729e-16
315.02,-1.0968387289901246e-13,4.80457578952454e-16
315.03,-1.0966590644620253e-13,4.821427095501709e-16
315.04,-1.0964745484527848e-13,4.836268824570536e-16
315.05,-1.0962962363368064e-13,4.853150674394899e-16
315.06,-1.0961141097480295e-13,4.867754354049923e-16
315.07,-1.0959368512421915e-13,4.88379105863556e-16
315.08,-1.095755108940846e-13,4.897709735979982e-16
315.09,-1.0955635678987057e-13,4.905286924804686e-16
315.1,-1.0953904741802972e-13,4.924641892343185e-16
315.11,-1.0952124941225972e-13,4.938995145223099e-16
315.12,-1.095037016155017e-13,4.952279465622108e-16
315.13,-1.0948555496254845e-13,4.966028220002912e-16
315.14,-1.0946814272090851e-13,4.977979051653666e-16
315.15,-1.0945000714732193e-13,4.988669553876071e-16
315.16,-1.0943192728494327e-13,5.001445156376841e-16
315.17,-1.0941368304828761e-13,5.009344098664361e-16
315.18,-1.0939506973678709e-13,5.017671697305877e-16
315.19,-1.0937806807940347e-13,5.030463323282565e-16
315.2,-1.0935977090572623e-13,5.038631427421661e-16
315.21,-1.0934185061028799e-13,5.047774643499546e-16
315.22,-1.093242930866152e-13,5.056927817690458e-16
315.23,-1.0930691815390447e-13,5.066901455436833e-16
315.24,-1.092883609558107e-13,5.07410813563886e-16
315.25,-1.092705267413064e-13,5.079426957705545e-16
315.26,-1.0925263093522989e-13,5.086902967442921e-16
315.27,-1.0923454630448299e-13,5.091716785700761e-16
315.28,-1.0921665099651697e-13,5.098090871463561e-16
315.29,-1.0919868245760299e-13,5.103511746277796e-16
315.3,-1.0918117748636771e-13,5.108872324498909e-16
315.31,-1.0916360379729305e-13,5.115084595036462e-16
315.32,-1.0914551362829887e-13,5.118302873254751e-16
315.33,-1.0912759208086916e-13,5.120785689639488e-16
315.34,-1.0911016013538076e-13,5.125848580300568e-16
315.35,-1.0909240405571518e-13,5.130003683059104e-16
315.36,-1.0907451689902021e-13,5.12931009315289e-16
315.37,-1.0905640331823435e-13,5.129322687175677e-16
315.38,-1.0903915068310877e-13,5.132893056371744e-16
315.39,-1.0902122088253525e-13,5.134394386648935e-16
315.4,-1.0900348222524672e-13,5.134300415172862e-16
315.41,-1.0898618590182034e-13,5.13766615519429e-16
315.42,-1.0896806064972573e-13,5.134415849824308e-16
315.43,-1.0895040797423036e-13,5.133836058861865e-16
315.44,-1.0893254043003251e-13,5.131967156191474e-16
315.45,-1.0891499679217592e-13,5.131664840170415e-16
315.46,-1.0889701143489983e-13,5.126258184225525e-16
315.47,-1.0887994257928303e-13,5.128052440874943e-16
315.48,-1.0886221042614643e-13,5.124970181978537e-16
315.49,-1.0884454457916659e-13,5.120446223872355e-16
315.5,-1.0882706134025327e-13,5.118420687551562e-16
315.51,-1.0880918212627434e-13,5.1126458405011455e-16
315.52,-1.0879178235100471e-13,5.109047444708975e-16
315.53,-1.0877380465465861e-13,5.103042642479798e-16
315.54,-1.087567839890561e-13,5.097540645921113e-16
315.55,-1.0873783796519785e-13,5.091233446026886e-16
315.56,-1.0872148234376045e-13,5.086469983775691e-16
315.57,-1.0870361066617861e-13,5.078850411661276e-16
315.58,-1.0868638439024068e-13,5.071968999684318e-16
315.59,-1.0866902431610977e-13,5.065207736140803e-16
315.6,-1.0865139143372675e-13,5.057015139372944e-16
315.61,-1.0863425453034846e-13,5.049868369193903e-16
315.62,-1.0861637876332472e-13,5.039389661385879e-16
315.63,-1.0859831870906677e-13,5.027263277519918e-16
315.64,-1.0858156004567674e-13,5.021760200568566e-16
315.65,-1.0856391711801713e-13,5.010848230719634e-16
315.66,-1.0854689483306207e-13,5.001239088569139e-16
315.67,-1.0852931593750706e-13,4.990097785329111e-16
315.68,-1.0851217050520451e-13,4.979085784791898e-16
315.69,-1.0849462843599788e-13,4.967603924399304e-16
315.7,-1.084771199142815e-13,4.956085271118709e-16
315.71,-1.0845987377021108e-13,4.942954622110813e-16
315.72,-1.0844125993084011e-13,4.934923190392871e-16
315.73,-1.0842524636504075e-13,4.918586313354337e-16
315.74,-1.0840787058255105e-13,4.902597466073725e-16
315.75,-1.0839092034657813e-13,4.890852609204233e-16
315.76,-1.0837341478627911e-13,4.876419076236004e-16
315.77,-1.0835646319795495e-13,4.862578338679416e-16
315.78,-1.0833911672492488e-13,4.847435189132595e-16
315.79,-1.0832218641898258e-13,4.832034381132491e-16
315.8,-1.0830493472476337e-13,4.81597756808301e-16
315.81,-1.0828666351506993e-13,4.797166321619047e-16
315.82,-1.0827005358728018e-13,4.78229440675648e-16
315.83,-1.0825288509798574e-13,4.765877632256852e-16
315.84,-1.0823620187765918e-13,4.74973754361027e-16
315.85,-1.0821895231465838e-13,4.732369660189435e-16
315.86,-1.0820199470483518e-13,4.714463542218748e-16
315.87,-1.0818478953142829e-13,4.695750198359565e-16
315.88,-1.0816789975172797e-13,4.679492876113277e-16
315.89,-1.0815044921180099e-13,4.657156474278641e-16
315.9,-1.081342786269026e-13,4.641065388351629e-16
315.91,-1.0811665230883183e-13,4.619463598468923e-16
315.92,-1.080997867636146e-13,4.599524121067436e-16
315.93,-1.0808307031460617e-13,4.580841759976157e-16
315.94,-1.0806591752790696e-13,4.559220504131065e-16
315.95,-1.0804857810996924e-13,4.536548407016183e-16
315.96,-1.0803150664327027e-13,4.515729660275973e-16
315.97,-1.0801496908345823e-13,4.496235833685481e-16
315.98,-1.0799804119507356e-13,4.47324129603231e-16
315.99,-1.0798124960782104e-13,4.450385507540338e-16
316.0,-1.0796400581928378e-13,4.4272444800287853e-16
316.01,-1.0794713845088549e-13,4.4061577198873887e-16
316.02,-1.0793114060458258e-13,4.37936477431307e-16
316.03,-1.0791376409252718e-13,4.3585187193217105e-16
316.04,-1.0789725035630223e-13,4.335321093397857e-16
316.05,-1.078805273774118e-13,4.3083241609423493e-16
316.06,-1.0786349833556815e-13,4.287062286329507e-16
316.07,-1.0784669882751002e-13,4.2609331548964915e-16
316.08,-1.0783007854996465e-13,4.235687728729221e-16
316.09,-1.0781284178342178e-13,4.2083810109332783e-16
316.1,-1.0779676967457425e-13,4.1859500112956175e-16
316.11,-1.0777998630444668e-13,4.160397788661543e-16
316.12,-1.0776353070701811e-13,4.1352523279263397e-16
316.13,-1.0774699890684056e-13,4.10892138696429e-16
316.14,-1.0773025100570657e-13,4.0811359678647855e-16
316.15,-1.077138453997327e-13,4.055475822690119e-16
316.16,-1.0769675569032203e-13,4.026123279093582e-16
316.17,-1.0768052931930612e-13,3.9998595165445777e-16
316.18,-1.0766308786865243e-13,3.968112867128361e-16
316.19,-1.076471880895206e-13,3.9437259721835404e-16
316.2,-1.0763107769458104e-13,3.9161273383650315e-16
316.21,-1.0761438372048101e-13,3.8878156104625926e-16
316.22,-1.0759789942911334e-13,3.859597881356209e-16
316.23,-1.0758171378547438e-13,3.829063562450171e-16
316.24,-1.0756519092856989e-13,3.801127716707898e-16
316.25,-1.0754834195306528e-13,3.770734991385175e-16
316.26,-1.0753230242997517e-13,3.742190445930084e-16
316.27,-1.0751460125077224e-13,3.718987195570393e-16
316.28,-1.074994444175734e-13,3.681021335591654e-16
316.29,-1.074834534174391e-13,3.6520372283907043e-16
316.3,-1.0746672560452598e-13,3.620644040353827e-16
316.31,-1.0745056782822362e-13,3.591218193907417e-16
316.32,-1.0743408093721204e-13,3.5586386053952113e-16
316.33,-1.074181066670933e-13,3.5293722240932974e-16
316.34,-1.0740162013649697e-13,3.4962132842344714e-16
316.35,-1.0738531390875404e-13,3.465415330254812e-16
316.36,-1.0736980163852923e-13,3.4411594538215326e-16
316.37,-1.0735297746358141e-13,3.4015416952965234e-16
316.38,-1.0733668165518211e-13,3.3692168924502043e-16
316.39,-1.0732074957301732e-13,3.336594595812732e-16
316.4,-1.0730445084905862e-13,3.3065641598734466e-16
316.41,-1.0728842844620172e-13,3.2713183249612947e-16
316.42,-1.0727209564952704e-13,3.2391507545090465e-16
316.43,-1.0725573034777263e-13,3.2041251284425304e-16
316.44,-1.072397827072836e-13,3.172397630392874e-16
316.45,-1.0722458683606598e-13,3.1438648861636564e-16
316.46,-1.0720818177767714e-13,3.1066777933484164e-16
316.47,-1.0719208142948469e-13,3.0729472273581236e-16
316.48,-1.0717600058774167e-13,3.0388744758852534e-16
316.49,-1.071602295568139e-13,3.0045607345905367e-16
316.5,-1.0714387922979136e-13,2.9702484143009636e-16
316.51,-1.0712842771873971e-13,2.935854525802692e-16
316.52,-1.0711194145276807e-13,2.9002348292506546e-16
316.53,-1.07096096637155e-13,2.8684778785654587e-16
316.54,-1.0708071547626016e-13,2.8364756110045335e-16
316.55,-1.0706450301955054e-13,2.7995008719840287e-16
316.56,-1.0704843185685124e-13,2.7644481341195864e-16
316.57,-1.0703270597962067e-13,2.729788153402674e-16
316.58,-1.0701684347907433e-13,2.6939633041662867e-16
316.59,-1.0700105600330149e-13,2.659266578083031e-16
316.6,-1.0698495855593942e-13,2.6230974116825726e-16
316.61,-1.0696938066363279e-13,2.588361229611902e-16
316.62,-1.0695362604708312e-13,2.5534006151672305e-16
316.63,-1.0693824349028876e-13,2.5191657614763163e-16
316.64,-1.0692160436602728e-13,2.4822821007506033e-16
316.65,-1.0690642728271514e-13,2.4466590634195316e-16
316.66,-1.0689088217749389e-13,2.412514979950834e-16
316.67,-1.0687519742947414e-13,2.3749900150337423e-16
316.68,-1.0685946672844016e-13,2.338460635165765e-16
316.69,-1.0684371055627019e-13,2.302961893560687e-16
316.7,-1.068279161718527e-13,2.2641349498788993e-16
316.71,-1.0681282842966587e-13,2.231245813712224e-16
316.72,-1.067968902894179e-13,2.1965680803192401e-16
316.73,-1.0678138907179795e-13,2.158725068781401e-16
316.74,-1.0676605131182115e-13,2.1239157668594613e-16
316.75,-1.0674987836782504e-13,2.0874646688689073e-16
316.76,-1.0673480969839189e-13,2.0504011339518395e-16
316.77,-1.0671876862698332e-13,2.012605095476786e-16
316.78,-1.0670310104862128e-13,1.9766840854939085e-16
316.79,-1.0668940540033998e-13,1.9365078815526599e-16
316.8,-1.0667310637752028e-13,1.9052158069611635e-16
316.81,-1.0665739168939126e-13,1.8698793289926832e-16
316.82,-1.0664177965408234e-13,1.8312303198834558e-16
316.83,-1.0662681063140956e-13,1.797363898364801e-16
316.84,-1.0661080700208826e-13,1.7579518057440978e-16
316.85,-1.0659561870207967e-13,1.7224888547119514e-16
316.86,-1.0658005951830837e-13,1.686833230399905e-16
316.87,-1.0656521799417259e-13,1.650964103443834e-16
316.88,-1.06550691796524e-13,1.622902106739082e-16
316.89,-1.0653365290530427e-13,1.5752060408226642e-16
316.9,-1.0651919138496739e-13,1.5421077797931813e-16
316.91,-1.0650350230824259e-13,1.5040615646435655e-16
316.92,-1.0648817630488261e-13,1.4679923462026024e-16
316.93,-1.064728712083456e-13,1.4308144797021317e-16
316.94,-1.0645774291028636e-13,1.394608441450071e-16
316.95,-1.0644248986847656e-13,1.359272897661264e-16
316.96,-1.0642722531094448e-13,1.3228871189346352e-16
316.97,-1.0641258546423181e-13,1.294145988576183e-16
316.98,-1.0639689756020732e-13,1.2510097668943134e-16
316.99,-1.0638184458840348e-13,1.2155343844783284e-16
317.0,-1.06366346326721e-13,1.1779819700997907e-16
317.01,-1.063513566375753e-13,1.1429573802863685e-16
317.02,-1.0633617421982303e-13,1.1065309280123288e-16
317.03,-1.0632112429200884e-13,1.0723815106353896e-16
317.04,-1.0630585339788085e-13,1.0353644626086201e-16
317.05,-1.0629087501043686e-13,9.997463599759492e-17
317.06,-1.0627545430842846e-13,9.67087427000617e-17
317.07,-1.062607658504182e-13,9.28628546555456e-17
317.08,-1.0624575590604746e-13,8.948633992740829e-17
317.09,-1.0623066691208194e-13,8.585748212898442e-17
317.1,-1.062151313098069e-13,8.210975721172907e-17
317.11,-1.0620009667827362e-13,7.856044548611604e-17
317.12,-1.0618534533420208e-13,7.529070383184285e-17
317.13,-1.0617001887390642e-13,7.138493235866913e-17
317.14,-1.0615534422621166e-13,6.831811460440515e-17
317.15,-1.0614019205242369e-13,6.472280687404677e-17
317.16,-1.0612422869653739e-13,6.094384680974222e-17
317.17,-1.061106002726489e-13,5.796529116679396e-17
317.18,-1.0609594966938169e-13,5.455802878269978e-17
317.19,-1.0608058187245185e-13,5.096806363946981e-17
317.2,-1.0606570727081712e-13,4.762507134766728e-17
317.21,-1.0605076427760539e-13,4.418793571560921e-17
317.22,-1.0603609014809223e-13,4.087532919213872e-17
317.23,-1.0602052223512665e-13,3.7361655938818195e-17
317.24,-1.0600622481819491e-13,3.410826826907513e-17
317.25,-1.0599141374750367e-13,3.0797074522630486e-17
317.26,-1.059760959161343e-13,2.7384725867411505e-17
317.27,-1.0596223881051574e-13,2.430337963539984e-17
317.28,-1.0594670391252121e-13,2.0800322026240176e-17
317.29,-1.0593191705191111e-13,1.7390230260768892e-17
317.3,-1.059171236770741e-13,1.4312988621457694e-17
317.31,-1.0590226843043325e-13,1.0940165948999694e-17
317.32,-1.0588761576922525e-13,7.821814199679536e-18
317.33,-1.0587241341657287e-13,4.539788958309394e-18
317.34,-1.0585876422402409e-13,1.926424739326467e-18
317.35,-1.0584323461814154e-13,-1.709784485476178e-18
317.36,-1.0582849908247369e-13,-4.956141004570213e-18
317.37,-1.0581377947501591e-13,-8.062359900643822e-18
317.38,-1.0579909389220317e-13,-1.1211739798109066e-17
317.39,-1.0578415338728299e-13,-1.434877574226646e-17
317.4,-1.0576946664358551e-13,-1.7456062094562375e-17
317.41,-1.0575474009161382e-13,-2.047541970043029e-17
317.42,-1.0574009387295228e-13,-2.3670540622093676e-17
317.43,-1.0572720655833033e-13,-2.6304179038959404e-17
317.44,-1.0571090541338453e-13,-2.952934743614865e-17
317.45,-1.0569594687866342e-13,-3.239734461189261e-17
317.46,-1.0568141266997858e-13,-3.554578965616403e-17
317.47,-1.056664389256743e-13,-3.862303352088485e-17
317.48,-1.0565174247050393e-13,-4.1547706496943365e-17
317.49,-1.0563730759880647e-13,-4.4389196911294493e-17
317.5,-1.0562266929601571e-13,-4.726439121554117e-17
317.51,-1.0560820199071388e-13,-5.0131940263507913e-17
317.52,-1.0559322338660999e-13,-5.299260432168568e-17
317.53,-1.0557888548515756e-13,-5.575631184063445e-17
317.54,-1.0556444992441409e-13,-5.863949981731667e-17
317.55,-1.0554975958846931e-13,-6.126393967568476e-17
317.56,-1.0553508096110021e-13,-6.405888547810958e-17
317.57,-1.055203148070856e-13,-6.681471083102078e-17
317.58,-1.0550583442752036e-13,-6.946089103937303e-17
317.59,-1.0549142147895637e-13,-7.213294683007711e-17
317.6,-1.0547759130089657e-13,-7.483590158668837e-17
317.61,-1.0546210546009886e-13,-7.745243270680644e-17
317.62,-1.054475297332434e-13,-8.00134712051861e-17
317.63,-1.0543278238817124e-13,-8.267681110799276e-17
317.64,-1.0541838574942157e-13,-8.512773171129526e-17
317.65,-1.0540420648742545e-13,-8.756945713581593e-17
317.66,-1.0538932289700697e-13,-9.022230115794036e-17
317.67,-1.0537467791204846e-13,-9.29582023689553e-17
317.68,-1.0536036205050506e-13,-9.514409984019207e-17
317.69,-1.0534477723607021e-13,-9.819605437528944e-17
317.7,-1.0533100120371985e-13,-9.988169534537502e-17
317.71,-1.053166112786596e-13,-1.0236376472708409e-16
317.72,-1.0530211804458675e-13,-1.047164476366319e-16
317.73,-1.0528735389581785e-13,-1.0708175377733722e-16
317.74,-1.0527287436950894e-13,-1.0933455061705309e-16
317.75,-1.0525833624078636e-13,-1.1161654298903793e-16
317.76,-1.0524401025039187e-13,-1.1380986956693042e-16
317.77,-1.0522923565570658e-13,-1.1607373529713183e-16
317.78,-1.0521471635827387e-13,-1.182980227901006e-16
317.79,-1.05201217525021e-13,-1.200931533793656e-16
317.8,-1.0518681443125094e-13,-1.2215358824376155e-16
317.81,-1.0517168644084378e-13,-1.245532099297257e-16
317.82,-1.0515704406248175e-13,-1.2656261381431204e-16
317.83,-1.0514280066094698e-13,-1.286520010125677e-16
317.84,-1.0512841264083579e-13,-1.3043013229801092e-16
317.85,-1.05112912041469e-13,-1.329455706349346e-16
317.86,-1.0509909788717503e-13,-1.3470092243838045e-16
317.87,-1.0508435732464913e-13,-1.3649568850649635e-16
317.88,-1.0506972900297589e-13,-1.383898838546312e-16
317.89,-1.0505539186372469e-13,-1.4030387831518832e-16
317.9,-1.0504109876313093e-13,-1.421923284450374e-16
317.91,-1.0502630902248676e-13,-1.4396725968359107e-16
317.92,-1.0501235615636117e-13,-1.456484908633709e-16
317.93,-1.0499764267514309e-13,-1.4740236685793317e-16
317.94,-1.0498292772184236e-13,-1.4928685542504435e-16
317.95,-1.049683335406332e-13,-1.508786222020022e-16
317.96,-1.0495429533692157e-13,-1.5239361283654543e-16
317.97,-1.0493921697051821e-13,-1.541890696763385e-16
317.98,-1.0492477667994253e-13,-1.559951488423139e-16
317.99,-1.049108310712158e-13,-1.5721404409709496e-16
318.0,-1.0489668874495849e-13,-1.585936816658565e-16
318.01,-1.0488226687993194e-13,-1.6015256029904031e-16
318.02,-1.0486691188270942e-13,-1.6195582985218508e-16
318.03,-1.0485281908239884e-13,-1.631821516584293e-16
318.04,-1.0483858278871393e-13,-1.6441329754768333e-16
318.05,-1.0482388232775567e-13,-1.6602033789741565e-16
318.06,-1.0480802823404337e-13,-1.6758772585732865e-16
318.07,-1.0479475960438835e-13,-1.6863609354679777e-16
318.08,-1.0478048888484452e-13,-1.6988807701341727e-16
318.09,-1.0476608724445654e-13,-1.7112664219377501e-16
318.1,-1.0475125917813951e-13,-1.7241685822623311e-16
318.11,-1.0473710471056229e-13,-1.734562260675637e-16
318.12,-1.0472266096712925e-13,-1.745702258268731e-16
318.13,-1.0470811742990824e-13,-1.7574823669234766e-16
318.14,-1.0469265417856329e-13,-1.7711502842053095e-16
318.15,-1.0467905833324335e-13,-1.7820000399516058e-16
318.16,-1.0466428734907718e-13,-1.7897930323364363e-16
318.17,-1.0465000908483759e-13,-1.7991440671799537e-16
318.18,-1.0463532684730063e-13,-1.808287780839105e-16
318.19,-1.046207299595405e-13,-1.8187276460191538e-16
318.2,-1.0460629384372478e-13,-1.8271441238876591e-16
318.21,-1.0459181368160856e-13,-1.8356894135628938e-16
318.22,-1.0457758068591121e-13,-1.8437354344760356e-16
318.23,-1.0456316291465365e-13,-1.850218713574687e-16
318.24,-1.0454905270388192e-13,-1.8610324705674575e-16
318.25,-1.0453320959416065e-13,-1.8690380473778712e-16
318.26,-1.0451858466058352e-13,-1.8777424887866244e-16
318.27,-1.0450452754842781e-13,-1.881244549660826e-16
318.28,-1.0448977497237298e-13,-1.8884911230898097e-16
318.29,-1.0447487981968408e-13,-1.8953152863882997e-16
318.3,-1.0446081275771137e-13,-1.8987365631710386e-16
318.31,-1.044459404959461e-13,-1.905320040482448e-16
318.32,-1.0443131429555481e-13,-1.912073324152541e-16
318.33,-1.0441544875529377e-13,-1.9212202137940364e-16
318.34,-1.0440221453748802e-13,-1.9189344255593861e-16
318.35,-1.0438793147610257e-13,-1.9226604214264302e-16
318.36,-1.0437323243362862e-13,-1.925627301669987e-16
318.37,-1.0435826599091547e-13,-1.9307021761145173e-16
318.38,-1.043438392842612e-13,-1.9341764173567634e-16
318.39,-1.0432960329539949e-13,-1.9361588745313237e-16
318.4,-1.0431425793405003e-13,-1.9406020019748966e-16
318.41,-1.043000792489807e-13,-1.9410315022862674e-16
318.42,-1.0428563597814232e-13,-1.9479955479394437e-16
318.43,-1.0427082519707793e-13,-1.9438477195741996e-16
318.44,-1.0425634079314243e-13,-1.9450889730792722e-16
318.45,-1.0424139483291939e-13,-1.946534018426231e-16
318.46,-1.0422748300733473e-13,-1.9449295677854451e-16
318.47,-1.0421224864468023e-13,-1.9470226396827848e-16
318.48,-1.0419793030456263e-13,-1.942904596005681e-16
318.49,-1.0418202722083337e-13,-1.9490106209759708e-16
318.5,-1.0416849092826918e-13,-1.9456697655313395e-16
318.51,-1.0415512093723099e-13,-1.94043556982247e-16
318.52,-1.0413865173821541e-13,-1.94439250776846e-16
318.53,-1.041244250888987e-13,-1.9408687268173034e-16
318.54,-1.0410949725853655e-13,-1.939980463132221e-16
318.55,-1.040948820622582e-13,-1.9365790153759173e-16
318.56,-1.0408015623229686e-13,-1.9342972782609446e-16
318.57,-1.0406577519602662e-13,-1.9278544381649048e-16
318.58,-1.0404975147567141e-13,-1.9301616553775544e-16
318.59,-1.0403617273218371e-13,-1.92389833815989e-16
318.6,-1.0402193504100896e-13,-1.918331433806357e-16
318.61,-1.0400640695174524e-13,-1.920434582999362e-16
318.62,-1.0399187641837204e-13,-1.9117811328606008e-16
318.63,-1.039765724383519e-13,-1.9090575514593585e-16
318.64,-1.0396214213721768e-13,-1.9026101434072633e-16
318.65,-1.039475228576218e-13,-1.8968371175381416e-16
318.66,-1.0393279071239238e-13,-1.8916870513022492e-16
318.67,-1.0391905299504068e-13,-1.8832618946995496e-16
318.68,-1.0390304489205203e-13,-1.8797781564453606e-16
318.69,-1.0388822586090178e-13,-1.8723649814266013e-16
318.7,-1.0387331839766284e-13,-1.8661986205459517e-16
318.71,-1.0385829737488176e-13,-1.8607866414380831e-16
318.72,-1.038437662468913e-13,-1.8554979414716072e-16
318.73,-1.0382874944291578e-13,-1.8450794441063385e-16
318.74,-1.0381373854539092e-13,-1.8369344994987563e-16
318.75,-1.037990199787319e-13,-1.8292361724546576e-16
318.76,-1.0378350504041527e-13,-1.8193090814808475e-16
318.77,-1.0376946597460728e-13,-1.811391103399567e-16
318.78,-1.0375390754039406e-13,-1.8023065660127784e-16
318.79,-1.0373930294965761e-13,-1.7918839402440847e-16
318.8,-1.0372439444591749e-13,-1.7830137339226924e-16
318.81,-1.0370951259609805e-13,-1.7717467370929443e-16
318.82,-1.0369446331687333e-13,-1.7622370199675438e-16
318.83,-1.0367951930419255e-13,-1.752239302970406e-16
318.84,-1.0366469261187179e-13,-1.7406269462423693e-16
318.85,-1.0364841458554626e-13,-1.7269831869484616e-16
318.86,-1.0363440866262958e-13,-1.719610289210964e-16
318.87,-1.0361967544066158e-13,-1.70672235103381e-16
318.88,-1.036046336538216e-13,-1.6963432686535996e-16
318.89,-1.0358974290412869e-13,-1.6831132701981724e-16
318.9,-1.0357470257554447e-13,-1.6702007551573932e-16
318.91,-1.0355981863941079e-13,-1.658075994860984e-16
318.92,-1.0354443787531136e-13,-1.6452817712425216e-16
318.93,-1.0352965217714654e-13,-1.6315161128560867e-16
318.94,-1.0351587847347861e-13,-1.6099790268478262e-16
318.95,-1.0349943991929939e-13,-1.6045744101490963e-16
318.96,-1.03484471047282e-13,-1.5912191158340438e-16
318.97,-1.0346911090103295e-13,-1.5776320743009552e-16
318.98,-1.0345409172964365e-13,-1.5628551916754966e-16
318.99,-1.0343907642319659e-13,-1.547593011002526e-16
319.0,-1.0342383313554413e-13,-1.532255050055316e-16
319.01,-1.0340869816649963e-13,-1.518044004810635e-16
319.02,-1.03393568507357e-13,-1.5024888264006667e-16
319.03,-1.0337907231732957e-13,-1.4828018410265705e-16
319.04,-1.0336329560538598e-13,-1.4718281939866718e-16
319.05,-1.0334845943140221e-13,-1.4535925247515374e-16
319.06,-1.0333272487483789e-13,-1.4389514924621697e-16
319.07,-1.0331783869244108e-13,-1.4228510740329081e-16
319.08,-1.0330246511900136e-13,-1.4054631333731968e-16
319.09,-1.0328754004419133e-13,-1.387478828779044e-16
319.1,-1.0327168799011748e-13,-1.373528064063638e-16
319.11,-1.032568841054864e-13,-1.353820251509489e-16
319.12,-1.0324284379926031e-13,-1.3317697225412296e-16
319.13,-1.0322626876366602e-13,-1.3195819703243946e-16
319.14,-1.0321120998089318e-13,-1.298201739686004e-16
319.15,-1.0319555665752734e-13,-1.281601803115542e-16
319.16,-1.0318046991957478e-13,-1.263323402202977e-16
319.17,-1.0316507836062248e-13,-1.2459981089306808e-16
319.18,-1.0315010459646318e-13,-1.2245510396781257e-16
319.19,-1.0313474544355134e-13,-1.2067674856002818e-16
319.2,-1.0311930874933204e-13,-1.187923613525319e-16
319.21,-1.0310385095170677e-13,-1.167518167965388e-16
319.22,-1.0308883474890511e-13,-1.1477504512071768e-16
319.23,-1.0307361093782023e-13,-1.1290101022601963e-16
319.24,-1.0305761334747181e-13,-1.1082953213075359e-16
319.25,-1.0304253040254487e-13,-1.088480572849681e-16
319.26,-1.0302709110322582e-13,-1.067730921107847e-16
319.27,-1.0301171441865818e-13,-1.0469431326275977e-16
319.28,-1.0299618287360344e-13,-1.0267966544788778e-16
319.29,-1.029812719199975e-13,-1.0046911080238407e-16
319.3,-1.0296563873088254e-13,-9.84426330954026e-17
319.31,-1.0295046028657336e-13,-9.621212542401825e-17
319.32,-1.0293446193612961e-13,-9.417473653257946e-17
319.33,-1.0291895420262086e-13,-9.21070541993984e-17
319.34,-1.029027852392296e-13,-8.982159950867965e-17
319.35,-1.0288804187501726e-13,-8.771244482662291e-17
319.36,-1.0287264920248283e-13,-8.547030471320387e-17
319.37,-1.0285708983765923e-13,-8.33043671368121e-17
319.38,-1.0284162819006054e-13,-8.101424850621442e-17
319.39,-1.0282557185361732e-13,-7.885200864065434e-17
319.4,-1.0281018048332457e-13,-7.655220703580797e-17
319.41,-1.0279494189246444e-13,-7.430945985107458e-17
319.42,-1.0277900031762055e-13,-7.202768880782039e-17
319.43,-1.027638064546819e-13,-6.968819834350401e-17
319.44,-1.0274824417045684e-13,-6.737312506730247e-17
319.45,-1.0273260243619282e-13,-6.495035116903171e-17
319.46,-1.0271700740731578e-13,-6.271129139378996e-17
319.47,-1.0270167857551703e-13,-6.020633792319266e-17
319.48,-1.026858593275667e-13,-5.781806285156848e-17
319.49,-1.0266970855443151e-13,-5.561941941198798e-17
319.5,-1.0265472761994878e-13,-5.3143308988996044e-17
319.51,-1.0263915891320207e-13,-5.076139141899087e-17
319.52,-1.0262373149062038e-13,-4.8326624398816615e-17
319.53,-1.0260745817176319e-13,-4.596161335843384e-17
319.54,-1.0259196886675045e-13,-4.344797937215635e-17
319.55,-1.0257596998781718e-13,-4.121958022794698e-17
319.56,-1.0256056619798514e-13,-3.8477710394850186e-17
319.57,-1.0254553845326737e-13,-3.596029267402105e-17
319.58,-1.025290692408035e-13,-3.367940216574543e-17
319.59,-1.025134934186081e-13,-3.111115406029721e-17
319.6,-1.0249795007582176e-13,-2.868361243517212e-17
319.61,-1.0248189617093294e-13,-2.6212057207017424e-17
319.62,-1.0246584451529818e-13,-2.3761069588789975e-17
319.63,-1.0245046869361704e-13,-2.1116884988084917e-17
319.64,-1.024347399545497e-13,-1.8549953598955474e-17
319.65,-1.0241856621284483e-13,-1.615661398159686e-17
319.66,-1.0240292368618121e-13,-1.3334830560295156e-17
319.67,-1.023876269742515e-13,-1.0967728525868846e-17
319.68,-1.0237157977920442e-13,-8.402629206136875e-18
319.69,-1.023557605750914e-13,-5.853421611069432e-18
319.7,-1.0233994685875111e-13,-3.330306527345374e-18
319.71,-1.0232382043219965e-13,-7.657114756402661e-19
319.72,-1.0230842656710896e-13,1.86068092769817e-18
319.73,-1.0229229923874318e-13,4.324664918929922e-18
319.74,-1.0227648773453379e-13,7.048937989438485e-18
319.75,-1.0226102733092852e-13,9.664316895296277e-18
319.76,-1.0224480254196877e-13,1.216727678196841e-17
319.77,-1.0222858480144579e-13,1.475944957555603e-17
319.78,-1.0221282360459682e-13,1.7313156526426004e-17
319.79,-1.0219722850833084e-13,1.999683024318532e-17
319.8,-1.0218125320855836e-13,2.26532651854423e-17
319.81,-1.0216515644516482e-13,2.5036247030481995e-17
319.82,-1.021492650952538e-13,2.7705784374452902e-17
319.83,-1.0213368822525591e-13,3.048870499401484e-17
319.84,-1.021177088383791e-13,3.305573435409115e-17
319.85,-1.0210185631783338e-13,3.5755051208939326e-17
319.86,-1.0208546411788877e-13,3.8128497650560626e-17
319.87,-1.0206983932258764e-13,4.0929308484250216e-17
319.88,-1.0205379983876606e-13,4.3426058816915624e-17
319.89,-1.0203763231981942e-13,4.601865893141136e-17
319.9,-1.0202058493836601e-13,4.859129523474138e-17
319.91,-1.0200605229150137e-13,5.1381906428949206e-17
319.92,-1.019898647613459e-13,5.3965379401849403e-17
319.93,-1.0197200752669046e-13,5.633625397716437e-17
319.94,-1.0195823217434281e-13,5.933809072924016e-17
319.95,-1.019419051915134e-13,6.180972790852568e-17
319.96,-1.0192582587606226e-13,6.426595875758297e-17
319.97,-1.0190988087181054e-13,6.706267043070957e-17
319.98,-1.0189362102419404e-13,6.954484227657602e-17
319.99,-1.0187780216550505e-13,7.218728569185397e-17
320.0,-1.0186190495778506e-13,7.486766723353032e-17
320.01,-1.0184567123303997e-13,7.743409169688504e-17
320.02,-1.0182991450562239e-13,8.0080572455865e-17
320.03,-1.018137863822756e-13,8.309249664380681e-17
320.04,-1.0179728207688499e-13,8.516560439322017e-17
320.05,-1.0178144942328192e-13,8.777806276727115e-17
320.06,-1.0176565081968261e-13,9.043756145982012e-17
320.07,-1.0174918183173024e-13,9.285953503106701e-17
320.08,-1.0173330410903134e-13,9.555688317460246e-17
320.09,-1.0171690513509253e-13,9.800442203995822e-17
320.1,-1.01700836872795e-13,1.0073033119597421e-16
320.11,-1.0168500726815635e-13,1.0312843700041011e-16
320.12,-1.0166979860393874e-13,1.0652247558658986e-16
320.13,-1.0165288862187293e-13,1.0836620668343922e-16
320.14,-1.0163653963271758e-13,1.1083690925097679e-16
320.15,-1.0162052734150062e-13,1.134186899004357e-16
320.16,-1.016043568827689e-13,1.1582348974966982e-16
320.17,-1.0158817758262113e-13,1.1844718995475907e-16
320.18,-1.0157205953059785e-13,1.2088487691168266e-16
320.19,-1.0155615045898693e-13,1.234934102034417e-16
320.2,-1.0154037220920209e-13,1.25951354967311e-16
320.21,-1.0152591961394686e-13,1.2844546949816754e-16
320.22,-1.015076222709742e-13,1.3092914665039044e-16
320.23,-1.0149236754951726e-13,1.335621611837251e-16
320.24,-1.0147509203289892e-13,1.357822433439229e-16
320.25,-1.0145910545546503e-13,1.3820299514527345e-16
320.26,-1.0144283250749083e-13,1.4063320400861973e-16
320.27,-1.0142650926524272e-13,1.4305472821879333e-16
320.28,-1.0141059357632886e-13,1.456343313170434e-16
320.29,-1.0139497492676709e-13,1.481074342811271e-16
320.3,-1.013795649398051e-13,1.501991693365668e-16
320.31,-1.0136183810426772e-13,1.5270200134881097e-16
320.32,-1.0134604676166447e-13,1.5515151278545402e-16
320.33,-1.013297287285005e-13,1.5750713607829453e-16
320.34,-1.0131357848684034e-13,1.5952056333023634e-16
320.35,-1.0129777573598035e-13,1.623165295740771e-16
320.36,-1.0128132276445351e-13,1.6454419345316157e-16
320.37,-1.0126499976344197e-13,1.6696347978699017e-16
320.38,-1.0124933142594432e-13,1.6931049799268788e-16
320.39,-1.0123304109863151e-13,1.712302218214114e-16
320.4,-1.0121655453553254e-13,1.7369780159579074e-16
320.41,-1.0120051187688871e-13,1.760406306548073e-16
320.42,-1.0118422674072146e-13,1.782168329051966e-16
320.43,-1.0116738096130185e-13,1.8050516233015064e-16
320.44,-1.0115175945690458e-13,1.826995762818396e-16
320.45,-1.0113567814308492e-13,1.850277721056101e-16
320.46,-1.0111949664390102e-13,1.8712800257014826e-16
320.47,-1.0110353852906026e-13,1.893476141683755e-16
320.48,-1.0108698197418075e-13,1.911694784660544e-16
320.49,-1.0107103722790506e-13,1.936462469641585e-16
320.5,-1.0105479712067566e-13,1.9580712734719853e-16
320.51,-1.0103855567629493e-13,1.977734663753562e-16
320.52,-1.0102214978819034e-13,1.99890803046581e-16
320.53,-1.010059959086108e-13,2.0211614736636048e-16
320.54,-1.0099023972058334e-13,2.0433670658360744e-16
320.55,-1.0097372003081442e-13,2.0637016272967782e-16
320.56,-1.0095751356389014e-13,2.0825892359379973e-16
320.57,-1.0094156655531555e-13,2.1032987777413694e-16
320.58,-1.009254005293523e-13,2.125481659750771e-16
320.59,-1.0090920728945872e-13,2.144272133674649e-16
320.6,-1.0089317595149449e-13,2.1626975568903828e-16
320.61,-1.0087684244859875e-13,2.1834951638610577e-16
320.62,-1.0086036818037545e-13,2.2028804768977692e-16
320.63,-1.0084446099562253e-13,2.2224799170268135e-16
320.64,-1.0082663015705724e-13,2.241233163112539e-16
320.65,-1.0081227457917825e-13,2.2603964435972754e-16
320.66,-1.0079617784177452e-13,2.278598336222278e-16
320.67,-1.0077996494772295e-13,2.2986385735786762e-16
320.68,-1.007636750755396e-13,2.316322012775505e-16
320.69,-1.0074809527021113e-13,2.3392518191499936e-16
320.7,-1.007312678937867e-13,2.3527772163413943e-16
320.71,-1.0071521871417134e-13,2.370952738673273e-16
320.72,-1.0069956090904903e-13,2.3899311617842344e-16
320.73,-1.0068165398835293e-13,2.3950651475134784e-16
320.74,-1.006663664284445e-13,2.4222755288748447e-16
320.75,-1.0065063800573408e-13,2.438982193468581e-16
320.76,-1.0063496030258118e-13,2.46025642695119e-16
320.77,-1.0061751975500429e-13,2.4698427095212656e-16
320.78,-1.0060233050927832e-13,2.491520905088879e-16
320.79,-1.0058613532819361e-13,2.506226877590562e-16
320.8,-1.0056983929615501e-13,2.521772210843104e-16
320.81,-1.0055386633155498e-13,2.5383662494040054e-16
320.82,-1.0053833504077647e-13,2.550155849350506e-16
320.83,-1.0052202720773619e-13,2.5718273010422615e-16
320.84,-1.0050567341625193e-13,2.586052192052619e-16
320.85,-1.004896923797652e-13,2.602190824935854e-16
320.86,-1.0047346729729624e-13,2.6158840944017043e-16
320.87,-1.0045731257098834e-13,2.630515772292815e-16
320.88,-1.0044141208095505e-13,2.6447094598584683e-16
320.89,-1.0042531889609181e-13,2.6588746762621595e-16
320.9,-1.0040919119946338e-13,2.67331467409275e-16
320.91,-1.0039359739468591e-13,2.686305628161418e-16
320.92,-1.0037727635914629e-13,2.7010679902049626e-16
320.93,-1.0036129228447412e-13,2.714553304066975e-16
320.94,-1.0034503709435245e-13,2.7279722704742086e-16
320.95,-1.0032910523760596e-13,2.7403065449984874e-16
320.96,-1.0031282504536415e-13,2.753219136464657e-16
320.97,-1.0029687191831147e-13,2.764950780683294e-16
320.98,-1.0028072269316404e-13,2.7776690230824013e-16
320.99,-1.0026467384794886e-13,2.7905066392817725e-16
321.0,-1.0024992826633857e-13,2.8073752881826507e-16
321.01,-1.0023230741492125e-13,2.8140796961911103e-16
321.02,-1.0021704431396504e-13,2.825703884436343e-16
321.03,-1.0020082349041457e-13,2.8361139593792084e-16
321.04,-1.0018475159093932e-13,2.850455406629559e-16
321.05,-1.001689357685e-13,2.8594683033673693e-16
321.06,-1.0015306518946711e-13,2.869342639715789e-16
321.07,-1.0013830828148972e-13,2.8873037562209353e-16
321.08,-1.0012137099836822e-13,2.8904958487271355e-16
321.09,-1.0010548580259529e-13,2.9000266463453947e-16
321.1,-1.0009019390660682e-13,2.912465187645719e-16
321.11,-1.0007314355741644e-13,2.918383907075738e-16
321.12,-1.0005727736351687e-13,2.9270416675606955e-16
321.13,-1.000414411611406e-13,2.93695189477951e-16
321.14,-1.0002544478165937e-13,2.9451809877307635e-16
321.15,-1.0000976219350865e-13,2.954682302807897e-16
321.16,-9.999368674050292e-14,2.96235401624619e-16
321.17,-9.997829883570483e-14,2.9717800171081023e-16
321.18,-9.996226549589589e-14,2.9783628313754067e-16
321.19,-9.994571704599392e-14,2.984203680069271e-16
321.2,-9.993039368329153e-14,2.993276146330811e-16
321.21,-9.991470462380866e-14,3.001043435909806e-16
321.22,-9.989892624237499e-14,3.007997916157609e-16
321.23,-9.988312173352115e-14,3.014964558355915e-16
321.24,-9.98672445182241e-14,3.02064104887407e-16
321.25,-9.985125805359045e-14,3.025342552709083e-16
321.26,-9.983582944268531e-14,3.0329488233695305e-16
321.27,-9.98200899531243e-14,3.040410465184881e-16
321.28,-9.98021368584257e-14,3.0349323830460384e-16
321.29,-9.978856334740631e-14,3.050636938327871e-16
321.3,-9.977236167864107e-14,3.0549192080489624e-16
321.31,-9.97566147911402e-14,3.059337285476597e-16
321.32,-9.974090000237591e-14,3.063788298287405e-16
321.33,-9.972522716919825e-14,3.0683275772172153e-16
321.34,-9.970941218884004e-14,3.071515152897542e-16
321.35,-9.969413164074291e-14,3.076450110119914e-16
321.36,-9.967854352406611e-14,3.080664896582124e-16
321.37,-9.966368966238891e-14,3.0832693919302525e-16
321.38,-9.964693230971591e-14,3.086733938027481e-16
321.39,-9.96307172207206e-14,3.085156275668199e-16
321.4,-9.961551864032321e-14,3.0916804731567137e-16
321.41,-9.959989598860235e-14,3.0949355620041425e-16
321.42,-9.958404255808422e-14,3.095770786644793e-16
321.43,-9.956860026032743e-14,3.098483050824375e-16
321.44,-9.955295677264494e-14,3.1001457740795595e-16
321.45,-9.953733470901045e-14,3.10081828366406e-16
321.46,-9.952253608264159e-14,3.104253877956136e-16
321.47,-9.950639334790924e-14,3.1045403317723833e-16
321.48,-9.949058012021856e-14,3.1050711850502996e-16
321.49,-9.947534315761155e-14,3.106523891622669e-16
321.5,-9.945957251658437e-14,3.105222722891806e-16
321.51,-9.944405243626394e-14,3.1057103745101075e-16
321.52,-9.942849658083022e-14,3.108333816214332e-16
321.53,-9.941310268177073e-14,3.1055463477419147e-16
321.54,-9.939796930487278e-14,3.1082637095181977e-16
321.55,-9.938213798928752e-14,3.105650844079811e-16
321.56,-9.936692432435277e-14,3.1036047401016957e-16
321.57,-9.935137190027847e-14,3.1022431864472217e-16
321.58,-9.933590080525876e-14,3.100189685991611e-16
321.59,-9.932050224454428e-14,3.099115299049351e-16
321.6,-9.930538974061211e-14,3.0991443738154956e-16
321.61,-9.928958517445794e-14,3.094401676239622e-16
321.62,-9.927399901509579e-14,3.0922500294360554e-16
321.63,-9.925801629216774e-14,3.089761948749002e-16
321.64,-9.92432529863915e-14,3.0863121287812837e-16
321.65,-9.922823231568853e-14,3.084182093043302e-16
321.66,-9.921269743316813e-14,3.079871478265039e-16
321.67,-9.919762845994972e-14,3.0773853887192793e-16
321.68,-9.918190619478383e-14,3.071061583546172e-16
321.69,-9.916689823264853e-14,3.069847652104954e-16
321.7,-9.915166338387313e-14,3.066404370997363e-16
321.71,-9.913666799935547e-14,3.061548812806994e-16
321.72,-9.912141182630006e-14,3.057198423370926e-16
321.73,-9.910537621388029e-14,3.0492039033102454e-16
321.74,-9.909082134171121e-14,3.0452647681199425e-16
321.75,-9.907549148212499e-14,3.0413200945559645e-16
321.76,-9.90603387776666e-14,3.0362928167549555e-16
321.77,-9.904507558007622e-14,3.031835578272509e-16
321.78,-9.902997291367423e-14,3.0249440999031284e-16
321.79,-9.901479360425837e-14,3.019481017986221e-16
321.8,-9.899971461387986e-14,3.01381620839491e-16
321.81,-9.898446686324318e-14,3.0062732608833613e-16
321.82,-9.896996928718919e-14,3.0015453686823283e-16
321.83,-9.895437258380461e-14,2.9931831735520695e-16
321.84,-9.893915990281689e-14,2.985179794317865e-16
321.85,-9.892444187451189e-14,2.978583929789836e-16
321.86,-9.890854559592149e-14,2.969224997268502e-16
321.87,-9.889433991326368e-14,2.9639226335923406e-16
321.88,-9.887883287570124e-14,2.9555662544800947e-16
321.89,-9.886427478424359e-14,2.9479344058771437e-16
321.9,-9.884868717005385e-14,2.9389424037188605e-16
321.91,-9.883444026491942e-14,2.93354916020089e-16
321.92,-9.881900353925922e-14,2.922399979526848e-16
321.93,-9.880385273392229e-14,2.9134275818055653e-16
321.94,-9.878909743742451e-14,2.903943104048131e-16
321.95,-9.877411953962817e-14,2.8955659492993943e-16
321.96,-9.87592204810298e-14,2.8858030005480916e-16
321.97,-9.874407010556898e-14,2.875293556831494e-16
321.98,-9.872912908719239e-14,2.866217265982864e-16
321.99,-9.871492819330316e-14,2.856867241777323e-16
322.0,-9.870060559097417e-14,2.848352021088151e-16
322.01,-9.868482585786989e-14,2.8364078915091515e-16
322.02,-9.867001401131768e-14,2.824621497521674e-16
322.03,-9.865523874493962e-14,2.815220398753892e-16
322.04,-9.86402476724805e-14,2.8033049978440256e-16
322.05,-9.862536996114146e-14,2.7925657336001675e-16
322.06,-9.861046238429065e-14,2.779505509201808e-16
322.07,-9.859568293917176e-14,2.768845608994781e-16
322.08,-9.858114942267416e-14,2.7589026046570146e-16
322.09,-9.856486266684311e-14,2.743982460744382e-16
322.1,-9.855180495337257e-14,2.735132938620737e-16
322.11,-9.853697031480664e-14,2.723119436251575e-16
322.12,-9.852222750536861e-14,2.7108119498244897e-16
322.13,-9.850779700346595e-14,2.6990613550316944e-16
322.14,-9.849252577949446e-14,2.685677859900349e-16
322.15,-9.847824997155337e-14,2.671824060905961e-16
322.16,-9.846344480503186e-14,2.661433244950802e-16
322.17,-9.844905078906049e-14,2.6484493987067284e-16
322.18,-9.843414434421897e-14,2.6335914579526765e-16
322.19,-9.841978423283408e-14,2.620606798775839e-16
322.2,-9.840538173245664e-14,2.6074691570106114e-16
322.21,-9.839086225019724e-14,2.5943125538601373e-16
322.22,-9.837617688709406e-14,2.581583320407222e-16
322.23,-9.836147356941022e-14,2.565906555915488e-16
322.24,-9.834712940762774e-14,2.552180458224202e-16
322.25,-9.83330242234355e-14,2.5395037674719615e-16
322.26,-9.831822534385286e-14,2.5248080199955445e-16
322.27,-9.830349503050207e-14,2.512487414394287e-16
322.28,-9.828925841560094e-14,2.494854666869178e-16
322.29,-9.827454933715649e-14,2.4797450194477474e-16
322.3,-9.826039845421126e-14,2.4651755653368553e-16
322.31,-9.824634405519771e-14,2.4525503365450673e-16
322.32,-9.823137693804232e-14,2.4355440975864867e-16
322.33,-9.821702456846428e-14,2.4207612854397516e-16
322.34,-9.820315103062493e-14,2.4076843828126787e-16
322.35,-9.81881591668227e-14,2.3891065852204834e-16
322.36,-9.817117746965888e-14,2.3705611173430105e-16
322.37,-9.815979661928213e-14,2.3588600690048657e-16
322.38,-9.814505050931729e-14,2.3413232077349236e-16
322.39,-9.813084798534062e-14,2.327046623281491e-16
322.4,-9.811625271873743e-14,2.308660790977187e-16
322.41,-9.810250605588728e-14,2.294284711208154e-16
322.42,-9.808759425869152e-14,2.2758705938210996e-16
322.43,-9.807537933996887e-14,2.266254781276445e-16
322.44,-9.805949034598937e-14,2.2444722417280276e-16
322.45,-9.804468129440106e-14,2.2226011948688075e-16
322.46,-9.803125471032559e-14,2.2125320589052973e-16
322.47,-9.801671788617119e-14,2.193710607210945e-16
322.48,-9.80030518233512e-14,2.1775236646131267e-16
322.49,-9.798861314516536e-14,2.1598881223926986e-16
322.5,-9.797434918202942e-14,2.1435199266894828e-16
322.51,-9.796018635728809e-14,2.1261285285562796e-16
322.52,-9.794575667228588e-14,2.108227377772553e-16
322.53,-9.793203199409734e-14,2.0910822949227806e-16
322.54,-9.791699745529245e-14,2.0700682091399805e-16
322.55,-9.790350822492435e-14,2.055180590821298e-16
322.56,-9.788933656651799e-14,2.0383883222758914e-16
322.57,-9.787543592313224e-14,2.0252909814467767e-16
322.58,-9.786133601991973e-14,2.0029025813574571e-16
322.59,-9.784724789824064e-14,1.985911218967341e-16
322.6,-9.78330583951739e-14,1.9665840424295809e-16
322.61,-9.781806223829008e-14,1.9463928930372955e-16
322.62,-9.780529543674515e-14,1.9314025845025802e-16
322.63,-9.779196688326603e-14,1.915698966783823e-16
322.64,-9.777742667354214e-14,1.8963797769336823e-16
322.65,-9.776336360916765e-14,1.8773738812119596e-16
322.66,-9.774918687853775e-14,1.8576564171178675e-16
322.67,-9.773555747132126e-14,1.840488809681336e-16
322.68,-9.772143621276622e-14,1.8222524565724518e-16
322.69,-9.770767335705414e-14,1.8039927565758391e-16
322.7,-9.769568661403195e-14,1.786783255855728e-16
322.71,-9.767970214967821e-14,1.7676794266020344e-16
322.72,-9.766609990824139e-14,1.7491427426970392e-16
322.73,-9.765178325363936e-14,1.729837654221355e-16
322.74,-9.763877424258117e-14,1.711573671730395e-16
322.75,-9.762408891581861e-14,1.6912587562659264e-16
322.76,-9.761043610795651e-14,1.6734223130678543e-16
322.77,-9.759671008302232e-14,1.6549887143061612e-16
322.78,-9.75828146060709e-14,1.6354206760287268e-16
322.79,-9.757123983861997e-14,1.6176255008681269e-16
322.8,-9.755486368080343e-14,1.5962001041168924e-16
322.81,-9.75415825895928e-14,1.5785137261484293e-16
322.82,-9.752750147657435e-14,1.5603432862735143e-16
322.83,-9.751405829755238e-14,1.5407728449775948e-16
322.84,-9.750001591419499e-14,1.521858310887543e-16
322.85,-9.748641176249203e-14,1.5033527980018854e-16
322.86,-9.747288597347265e-14,1.4848671562706257e-16
322.87,-9.745891169167624e-14,1.4642033747081223e-16
322.88,-9.744482682541439e-14,1.4438597190604215e-16
322.89,-9.743162987942946e-14,1.4269219834551096e-16
322.9,-9.741706812241118e-14,1.4060984693869436e-16
322.91,-9.74041875734829e-14,1.3886652680226307e-16
322.92,-9.739042778434e-14,1.3691671305988389e-16
322.93,-9.737708871847446e-14,1.3500119452154004e-16
322.94,-9.736324799894127e-14,1.3311713281627387e-16
322.95,-9.734970853251326e-14,1.312703449944969e-16
322.96,-9.73359529263e-14,1.2924259451698092e-16
322.97,-9.732196194523405e-14,1.2710977267989157e-16
322.98,-9.730852375135505e-14,1.2544772636577445e-16
322.99,-9.729512115028583e-14,1.2339775626529427e-16
323.0,-9.728168453709748e-14,1.2170482958818838e-16
323.01,-9.726791596964147e-14,1.1979723472798663e-16
323.02,-9.725429033631108e-14,1.17840737806664e-16
323.03,-9.724061309644023e-14,1.1583973179546374e-16
323.04,-9.722730234031179e-14,1.141180901168519e-16
323.05,-9.72136477954748e-14,1.1207555232106643e-16
323.06,-9.719958262249784e-14,1.0996996345666906e-16
323.07,-9.718691930980453e-14,1.0836995375981755e-16
323.08,-9.717288912799003e-14,1.0630317477627655e-16
323.09,-9.715951876585713e-14,1.0444033822892363e-16
323.1,-9.71461089561806e-14,1.025875777507858e-16
323.11,-9.713277011417991e-14,1.0083803754928945e-16
323.12,-9.711936453511133e-14,9.887608322607884e-17
323.13,-9.710559136617384e-14,9.700042766431277e-17
323.14,-9.709239440255518e-14,9.491838253594704e-17
323.15,-9.707900872790734e-14,9.318668814781209e-17
323.16,-9.706518984991866e-14,9.12545716382094e-17
323.17,-9.705221945620206e-14,8.951178270365964e-17
323.18,-9.70389804419045e-14,8.780109336773475e-17
323.19,-9.702525530420941e-14,8.582432715275076e-17
323.2,-9.701136192878087e-14,8.387150218417024e-17
323.21,-9.699829405944114e-14,8.213542616590287e-17
323.22,-9.698499748234953e-14,8.038285396438021e-17
323.23,-9.697154837341291e-14,7.84982950712179e-17
323.24,-9.695793468785921e-14,7.65950404954495e-17
323.25,-9.694626520770178e-14,7.520733932894352e-17
323.26,-9.693101949741763e-14,7.29866513402063e-17
323.27,-9.691818128924403e-14,7.13009426799635e-17
323.28,-9.690480717404997e-14,6.951015486910727e-17
323.29,-9.689130380761555e-14,6.759587506848663e-17
323.3,-9.687793311855758e-14,6.582584654215207e-17
323.31,-9.686441208018375e-14,6.403003955843037e-17
323.32,-9.685119451940529e-14,6.229070911291942e-17
323.33,-9.683867717694247e-14,6.062363867221502e-17
323.34,-9.682403337018448e-14,5.850935274164074e-17
323.35,-9.681140788266486e-14,5.697026446379225e-17
323.36,-9.679843440949318e-14,5.5521816348081e-17
323.37,-9.678462933763778e-14,5.345674157570246e-17
323.38,-9.677132420199252e-14,5.173581333519148e-17
323.39,-9.67581257748542e-14,5.0057719752862584e-17
323.4,-9.674492086643261e-14,4.8452064822125494e-17
323.41,-9.673159753690142e-14,4.661891495721071e-17
323.42,-9.671850920900027e-14,4.495274174626988e-17
323.43,-9.670475319320553e-14,4.3380020274513184e-17
323.44,-9.669141291677851e-14,4.1529562870218615e-17
323.45,-9.667835251525234e-14,3.9936279576126836e-17
323.46,-9.666505183970344e-14,3.82152174803337e-17
323.47,-9.665182894356833e-14,3.6643174810120173e-17
323.48,-9.66387177905698e-14,3.499222750956169e-17
323.49,-9.662490928577017e-14,3.3119580136175885e-17
323.5,-9.661208019212977e-14,3.169092151296665e-17
323.51,-9.659730604458146e-14,2.950581306792777e-17
323.52,-9.658550075507462e-14,2.8404962321368405e-17
323.53,-9.657242720454519e-14,2.6873480479935464e-17
323.54,-9.655923723735306e-14,2.5356337118085412e-17
323.55,-9.654594946015198e-14,2.3788062047413826e-17
323.56,-9.653267402269719e-14,2.2235314043078474e-17
323.57,-9.651957190533062e-14,2.0579464587443216e-17
323.58,-9.650667735495455e-14,1.9254985452194007e-17
323.59,-9.649330266395425e-14,1.7695736707217116e-17
323.6,-9.647954513498664e-14,1.578238924053815e-17
323.61,-9.646655658525673e-14,1.4547500632385292e-17
323.62,-9.645338107092189e-14,1.3097134086137973e-17
323.63,-9.644021326446864e-14,1.1661457535193987e-17
323.64,-9.64270085051648e-14,1.0114283413140453e-17
323.65,-9.64139248501796e-14,8.727932400970419e-18
323.66,-9.640041438623801e-14,7.166766286028907e-18
323.67,-9.63875492358859e-14,5.861614115113645e-18
323.68,-9.637448436744088e-14,4.529285056463093e-18
323.69,-9.636095793015654e-14,3.0589155342629837e-18
323.7,-9.634804699881818e-14,1.6265351488415777e-18
323.71,-9.633496550712867e-14,3.0544400332876583e-19
323.72,-9.632172105524595e-14,-1.035815501986256e-18
323.73,-9.630838284800594e-14,-2.4111644596835042e-18
323.74,-9.629511388953325e-14,-3.917944673423306e-18
323.75,-9.628237928351758e-14,-5.043625702260976e-18
323.76,-9.626882440089928e-14,-6.492962130299297e-18
323.77,-9.625567034116504e-14,-7.783525279265333e-18
323.78,-9.624295494967839e-14,-8.814426107850707e-18
323.79,-9.622946940897837e-14,-1.0379542133198978e-17
323.8,-9.621624017653042e-14,-1.1465084051013486e-17
323.81,-9.620342665829979e-14,-1.2827346969234206e-17
323.82,-9.618986131628047e-14,-1.3987590059843623e-17
323.83,-9.617672989595066e-14,-1.5118918474779166e-17
323.84,-9.616405556928593e-14,-1.5941081292685627e-17
323.85,-9.615018726700579e-14,-1.7612722454092958e-17
323.86,-9.613722201166496e-14,-1.8746413099746835e-17
323.87,-9.6124601640697e-14,-1.9480170399593065e-17
323.88,-9.611127486114662e-14,-2.095447574566242e-17
323.89,-9.60976874878358e-14,-2.2093697659057487e-17
323.9,-9.608435390344987e-14,-2.327448810631281e-17
323.91,-9.607167859421534e-14,-2.41754407168976e-17
323.92,-9.60577448113352e-14,-2.5461254691110867e-17
323.93,-9.604492961147364e-14,-2.6498513657184168e-17
323.94,-9.603189564601091e-14,-2.751003220952702e-17
323.95,-9.60187927441459e-14,-2.8554290828224874e-17
323.96,-9.600607791831245e-14,-2.951936684785453e-17
323.97,-9.599245123409662e-14,-3.0791201785634745e-17
323.98,-9.597903145876536e-14,-3.162159022306036e-17
323.99,-9.596593223339766e-14,-3.246096724057933e-17
324.0,-9.595234261499082e-14,-3.361652035464912e-17
324.01,-9.593941370886395e-14,-3.454435157540837e-17
324.02,-9.592668334415517e-14,-3.5243868606872437e-17
324.03,-9.59131153162044e-14,-3.6214698157688096e-17
324.04,-9.590043084430951e-14,-3.7146456365449825e-17
324.05,-9.588782206999849e-14,-3.762186290424494e-17
324.06,-9.587354682070764e-14,-3.9864692866212154e-17
324.07,-9.586053748728103e-14,-3.979734789447398e-17
324.08,-9.584705957154003e-14,-4.065261081272993e-17
324.09,-9.583416852226127e-14,-4.145356240996967e-17
324.1,-9.582067206322029e-14,-4.232989323535597e-17
324.11,-9.580768459118256e-14,-4.307725073961721e-17
324.12,-9.57949940140438e-14,-4.3525110333913624e-17
324.13,-9.578136673754279e-14,-4.457455874267251e-17
324.14,-9.576768113994334e-14,-4.540542488381154e-17
324.15,-9.575254715778139e-14,-4.669789371802515e-17
324.16,-9.574171920925558e-14,-4.674849518429784e-17
324.17,-9.572819339889312e-14,-4.7437408163636575e-17
324.18,-9.571513646282555e-14,-4.802250114977185e-17
324.19,-9.570152901895606e-14,-4.883606918924794e-17
324.2,-9.568876537906627e-14,-4.9324312575354446e-17
324.21,-9.567534005385489e-14,-4.998289077752055e-17
324.22,-9.566249495496893e-14,-5.0517083356570193e-17
324.23,-9.564867447250202e-14,-5.1198958243888144e-17
324.24,-9.563459642095e-14,-5.17813084216096e-17
324.25,-9.562267451015247e-14,-5.2206619586826274e-17
324.26,-9.560883223120956e-14,-5.296364061485585e-17
324.27,-9.559601278807066e-14,-5.3328741352062344e-17
324.28,-9.558300432050743e-14,-5.3330554851058926e-17
324.29,-9.556959962231455e-14,-5.4330191815016134e-17
324.3,-9.555624567666093e-14,-5.4759780741766893e-17
324.31,-9.55432192016633e-14,-5.521622063287486e-17
324.32,-9.55295491496686e-14,-5.582591108597385e-17
324.33,-9.551582433678223e-14,-5.607533629668294e-17
324.34,-9.550298663529585e-14,-5.660875906541498e-17
324.35,-9.548971373509977e-14,-5.689945461049188e-17
324.36,-9.547639765553136e-14,-5.738987596684879e-17
324.37,-9.546341980406058e-14,-5.759745751097619e-17
324.38,-9.54498658836044e-14,-5.796931894784341e-17
324.39,-9.54364385919387e-14,-5.833198017032077e-17
324.4,-9.542344904566226e-14,-5.849724947907516e-17
324.41,-9.54098587821552e-14,-5.881762027687898e-17
324.42,-9.539624682147511e-14,-5.901599513102206e-17
324.43,-9.538282375929994e-14,-5.944180383142726e-17
324.44,-9.536986547402659e-14,-5.960698647032408e-17
324.45,-9.535604687243315e-14,-5.992071196235454e-17
324.46,-9.534327801919745e-14,-5.999823481053227e-17
324.47,-9.532997147304377e-14,-6.019576108717934e-17
324.48,-9.531636762825248e-14,-6.032060456239165e-17
324.49,-9.530430682822459e-14,-6.035570474358807e-17
324.5,-9.528987423687635e-14,-6.058445300334922e-17
324.51,-9.527606444171644e-14,-6.093330598642283e-17
324.52,-9.52632144576909e-14,-6.077825819183152e-17
324.53,-9.524960582975183e-14,-6.094472056975449e-17
324.54,-9.523546608338039e-14,-6.14458300133852e-17
324.55,-9.522269160732342e-14,-6.110021249602246e-17
324.56,-9.52091976498514e-14,-6.117744013329175e-17
324.57,-9.51958362000649e-14,-6.120998693103554e-17
324.58,-9.518305157102358e-14,-6.010009137039848e-17
324.59,-9.516949370048744e-14,-6.096954610658111e-17
324.6,-9.515534137054832e-14,-6.127423220100501e-17
324.61,-9.514205044748007e-14,-6.120526270604206e-17
324.62,-9.512885331545591e-14,-6.101012842325566e-17
324.63,-9.511544102943243e-14,-6.095925524584198e-17
324.64,-9.510190538224757e-14,-6.08843752166752e-17
324.65,-9.508815508681379e-14,-6.072477201357888e-17
324.66,-9.507460926463063e-14,-6.064621257396738e-17
324.67,-9.506055061643148e-14,-6.012488699294871e-17
324.68,-9.504815149165176e-14,-6.024769398849107e-17
324.69,-9.503454247521598e-14,-5.999265007569232e-17
324.7,-9.502110675025886e-14,-5.991971840344978e-17
324.71,-9.500755522617918e-14,-5.977508102533273e-17
324.72,-9.49941391268926e-14,-5.952584526749461e-17
324.73,-9.498063065885355e-14,-5.914424271636733e-17
324.74,-9.496685388049436e-14,-5.899289328216822e-17
324.75,-9.495334893007172e-14,-5.878443998805896e-17
324.76,-9.49389846395213e-14,-5.866894475186398e-17
324.77,-9.492642781396568e-14,-5.798511946652198e-17
324.78,-9.491264986061762e-14,-5.791352608511781e-17
324.79,-9.48992227237869e-14,-5.759142502500934e-17
324.8,-9.488567342279822e-14,-5.713017952545136e-17
324.81,-9.487198660011868e-14,-5.68873966611579e-17
324.82,-9.48587912816928e-14,-5.6130930193517e-17
324.83,-9.484505378207316e-14,-5.596247525774805e-17
324.84,-9.483143962909444e-14,-5.565197039804117e-17
324.85,-9.48171532714887e-14,-5.56035351968961e-17
324.86,-9.480455004098324e-14,-5.4595874188348674e-17
324.87,-9.479016935153936e-14,-5.440063609067707e-17
324.88,-9.477673124335546e-14,-5.392241019590677e-17
324.89,-9.476308232690592e-14,-5.338403288913599e-17
324.9,-9.474913164276025e-14,-5.299073670905776e-17
324.91,-9.473595128015553e-14,-5.2409161274575046e-17
324.92,-9.472227061082472e-14,-5.1867685438246114e-17
324.93,-9.470870043121248e-14,-5.1292250037416227e-17
324.94,-9.469459240044276e-14,-5.104118841444469e-17
324.95,-9.46809969489287e-14,-5.036223657133993e-17
324.96,-9.466742881767965e-14,-4.969870393750818e-17
324.97,-9.465378967771579e-14,-4.9039792877043094e-17
324.98,-9.463966931065109e-14,-4.8931840173883694e-17
324.99,-9.462594999005725e-14,-4.803565148810459e-17
325.0,-9.46125120325356e-14,-4.7290144068605795e-17
325.01,-9.45993485677187e-14,-4.658789190338951e-17
325.02,-9.458504877853571e-14,-4.6063630825921784e-17
325.03,-9.457143946513835e-14,-4.529504401282646e-17
325.04,-9.455823508466831e-14,-4.4354804022782406e-17
325.05,-9.454367087951991e-14,-4.391850057362069e-17
325.06,-9.453034683931264e-14,-4.3110677032568804e-17
325.07,-9.451660068623215e-14,-4.244072331680691e-17
325.08,-9.450272261248562e-14,-4.1696424975102503e-17
325.09,-9.448881197453919e-14,-4.0977382230108645e-17
325.1,-9.44750887470551e-14,-4.0168429117259914e-17
325.11,-9.446136244121138e-14,-3.932878847664219e-17
325.12,-9.444760187571094e-14,-3.873135814970941e-17
325.13,-9.443399930166807e-14,-3.762561760736431e-17
325.14,-9.441949990548369e-14,-3.708691835659647e-17
325.15,-9.440591291733309e-14,-3.618991460637897e-17
325.16,-9.439209668302319e-14,-3.5372514371502597e-17
325.17,-9.437830135186399e-14,-3.465823338488395e-17
325.18,-9.436429121791033e-14,-3.369222837311326e-17
325.19,-9.435066425291157e-14,-3.283621782254233e-17
325.2,-9.433653003822432e-14,-3.2006148838297976e-17
325.21,-9.432319498437299e-14,-3.098789576882318e-17
325.22,-9.430947853383165e-14,-2.966443233980695e-17
325.23,-9.429466397285884e-14,-2.930800690863146e-17
325.24,-9.42809618290147e-14,-2.833023296496647e-17
325.25,-9.426725845559e-14,-2.7309513765632233e-17
325.26,-9.425346559322044e-14,-2.6440781543493437e-17
325.27,-9.42393937058073e-14,-2.553484875263222e-17
325.28,-9.422542019350207e-14,-2.444202103748558e-17
325.29,-9.421152875970289e-14,-2.3609266574665387e-17
325.3,-9.419761944085103e-14,-2.2537672320590143e-17
325.31,-9.418416332655818e-14,-2.148281735865752e-17
325.32,-9.416965810992465e-14,-2.0563712498807226e-17
325.33,-9.415606506323269e-14,-1.9333231862611946e-17
325.34,-9.414179788017969e-14,-1.8471646138537147e-17
325.35,-9.412778852862952e-14,-1.7465829834484745e-17
325.36,-9.411352250587486e-14,-1.641215244705603e-17
325.37,-9.409948906500061e-14,-1.5405262854164893e-17
325.38,-9.408594052768183e-14,-1.4288725882879565e-17
325.39,-9.407342834620357e-14,-1.3054381259416969e-17
325.4,-9.405718334094815e-14,-1.2298211940307507e-17
325.41,-9.404365372170708e-14,-1.1135002094300749e-17
325.42,-9.402981789440784e-14,-9.95693868696283e-18
325.43,-9.40155744220162e-14,-9.012410782282395e-18
325.44,-9.400155504531136e-14,-7.734083490484814e-18
325.45,-9.3987655596954e-14,-6.689908592687162e-18
325.46,-9.397380551204138e-14,-5.312280986149499e-18
325.47,-9.395946856242761e-14,-4.4289120900697114e-18
325.48,-9.39452829026399e-14,-3.432021512243562e-18
325.49,-9.39312694769887e-14,-2.15442901110473e-18
325.5,-9.391713398000509e-14,-1.0015673662070718e-18
325.51,-9.390308371516464e-14,1.750473447508403e-19
325.52,-9.388873361807541e-14,1.2839557950893907e-18
325.53,-9.38745222807881e-14,2.4602920539056975e-18
325.54,-9.386120177003127e-14,3.613434583834804e-18
325.55,-9.384647472754686e-14,4.952260213511791e-18
325.56,-9.383233642505975e-14,5.9811422659136235e-18
325.57,-9.381882705552863e-14,7.48092589289136e-18
325.58,-9.38042610112029e-14,8.482246014298366e-18
325.59,-9.378956958649041e-14,9.76634915930956e-18
325.6,-9.37759156626391e-14,1.087465781699251e-17
325.61,-9.376176644836719e-14,1.2161108223603707e-17
325.62,-9.374774814592933e-14,1.3480291379469385e-17
325.63,-9.373325143163231e-14,1.4669998494385786e-17
325.64,-9.371939900812434e-14,1.587067736376443e-17
325.65,-9.370518503426058e-14,1.708799854566245e-17
325.66,-9.369047118442917e-14,1.8194408955263035e-17
325.67,-9.367614691687035e-14,1.9458302246008596e-17
325.68,-9.366246806208093e-14,2.0889009037027723e-17
325.69,-9.364821101179926e-14,2.215721436224809e-17
325.7,-9.363395030190888e-14,2.333285990468018e-17
325.71,-9.362006270418192e-14,2.4818701913807894e-17
325.72,-9.360564660158031e-14,2.596146296943639e-17
325.73,-9.359160826912035e-14,2.7306961929592347e-17
325.74,-9.357688522280523e-14,2.837160127673198e-17
325.75,-9.356308967711589e-14,2.9835421643256067e-17
325.76,-9.354818673020308e-14,3.076916856363398e-17
325.77,-9.353446980748179e-14,3.238615185203185e-17
325.78,-9.352053089923808e-14,3.385824821627265e-17
325.79,-9.350579837234723e-14,3.495090291003354e-17
325.8,-9.349156409679817e-14,3.6202107516459186e-17
325.81,-9.347733775759276e-14,3.754191929591714e-17
325.82,-9.34631366644884e-14,3.897966546570301e-17
325.83,-9.344887171947077e-14,4.023355128998767e-17
325.84,-9.343475119345992e-14,4.175650256732722e-17
325.85,-9.34198975166855e-14,4.256477048518785e-17
325.86,-9.340580077765897e-14,4.415798672999406e-17
325.87,-9.339184491590875e-14,4.56095452658809e-17
325.88,-9.337771331014049e-14,4.6933985721209546e-17
325.89,-9.336319619465085e-14,4.812353811960327e-17
325.9,-9.334881306378041e-14,4.9498457469370636e-17
325.91,-9.333448353912475e-14,5.085901930587829e-17
325.92,-9.332021826864543e-14,5.2148077117813465e-17
325.93,-9.33060688216713e-14,5.357067303034903e-17
325.94,-9.329159547770358e-14,5.478648536082256e-17
325.95,-9.327710396508724e-14,5.607137019031259e-17
325.96,-9.326264682102944e-14,5.748355963442225e-17
325.97,-9.324856430348262e-14,5.874967847921532e-17
325.98,-9.323412237382796e-14,6.009296842173396e-17
325.99,-9.32198481076763e-14,6.145108246760585e-17
326.0,-9.3205291721532e-14,6.274537669748941e-17
326.01,-9.319143658717178e-14,6.422816309334113e-17
326.02,-9.317669123396983e-14,6.540295949468408e-17
326.03,-9.316327247188741e-14,6.720589246015196e-17
326.04,-9.314792135900944e-14,6.804756112285617e-17
326.05,-9.313331546736835e-14,6.93581946644954e-17
326.06,-9.311919410083406e-14,7.072052906623306e-17
326.07,-9.310486101188209e-14,7.208842982935801e-17
326.08,-9.309045039205788e-14,7.337209792469139e-17
326.09,-9.307616521065747e-14,7.477582226379429e-17
326.1,-9.306259704812314e-14,7.603740499508422e-17
326.11,-9.304716591552028e-14,7.742473206343866e-17
326.12,-9.303275456729622e-14,7.899405146840025e-17
326.13,-9.301815766590243e-14,7.990983416371912e-17
326.14,-9.300403140092666e-14,8.134938943671195e-17
326.15,-9.29897702616765e-14,8.253482769620887e-17
326.16,-9.29753108200618e-14,8.375025816987664e-17
326.17,-9.296097392979843e-14,8.513270225322042e-17
326.18,-9.294636827570636e-14,8.648679956425798e-17
326.19,-9.293215523855579e-14,8.77448653602801e-17
326.2,-9.291781639077556e-14,8.915469837456025e-17
326.21,-9.29060755817029e-14,9.111563870324965e-17
326.22,-9.288906785169564e-14,9.166417365819212e-17
326.23,-9.287473939165047e-14,9.310172543376027e-17
326.24,-9.286011892087379e-14,9.422731888198647e-17
326.25,-9.284505864300854e-14,9.51867954904472e-17
326.26,-9.283139001931081e-14,9.681454211429587e-17
326.27,-9.281657164896134e-14,9.796001819810643e-17
326.28,-9.280169909716821e-14,9.892413058640437e-17
326.29,-9.278809578291017e-14,1.0066650097161443e-16
326.3,-9.277666143974727e-14,1.0266679164171474e-16
326.31,-9.275988178939872e-14,1.0312984032444773e-16
326.32,-9.274511952479399e-14,1.0448678756530278e-16
326.33,-9.273039376993839e-14,1.0562331163661816e-16
326.34,-9.271581836415429e-14,1.0685693803571673e-16
326.35,-9.270166325914305e-14,1.0812875513704415e-16
326.36,-9.268723287524109e-14,1.0943713491232916e-16
326.37,-9.267164968629052e-14,1.1007585070796868e-16
326.38,-9.265834467419234e-14,1.1182933590090556e-16
326.39,-9.264367851922156e-14,1.133205395537456e-16
326.4,-9.262984078564043e-14,1.1453680638490388e-16
326.41,-9.261516364024882e-14,1.154785992643116e-16
326.42,-9.260066832805096e-14,1.165144439483376e-16
326.43,-9.258622929748155e-14,1.179636527928942e-16
326.44,-9.25719684506716e-14,1.1902724149023562e-16
326.45,-9.255755263100086e-14,1.2032932277596183e-16
326.46,-9.254351028151538e-14,1.2167502438320338e-16
326.47,-9.252858270328962e-14,1.2253517054213408e-16
326.48,-9.251461075776414e-14,1.2400014602843137e-16
326.49,-9.249980734587779e-14,1.2492466954903185e-16
326.5,-9.248549787324609e-14,1.2605807773301528e-16
326.51,-9.247170288079855e-14,1.276308855354995e-16
326.52,-9.24568664281296e-14,1.284804631008844e-16
326.53,-9.244228602120129e-14,1.2941958598058296e-16
326.54,-9.24279704798017e-14,1.3074769513282046e-16
326.55,-9.241440524926297e-14,1.3187946039998402e-16
326.56,-9.239897089212951e-14,1.326751346800011e-16
326.57,-9.238426069173396e-14,1.3381125144869468e-16
326.58,-9.237052463729697e-14,1.3507264404306083e-16
326.59,-9.235581589916773e-14,1.3603684452672129e-16
326.6,-9.234163798309959e-14,1.3727537787663856e-16
326.61,-9.232708535347938e-14,1.3827492341449122e-16
326.62,-9.231285879528545e-14,1.3931244239435007e-16
326.63,-9.229812455311195e-14,1.403423250174611e-16
326.64,-9.22801396486285e-14,1.4058768860283204e-16
326.65,-9.226883876770651e-14,1.4239327931087834e-16
326.66,-9.225547344442933e-14,1.4356698783486404e-16
326.67,-9.224081367913055e-14,1.44511961286984e-16
326.68,-9.222655197134153e-14,1.455140980136596e-16
326.69,-9.22123803377446e-14,1.466565013328474e-16
326.7,-9.219771320850359e-14,1.4759695720342328e-16
326.71,-9.218333813078232e-14,1.4849750463147601e-16
326.72,-9.216905772000862e-14,1.4953767712637221e-16
326.73,-9.215293767493986e-14,1.4968535218231173e-16
326.74,-9.214022902879315e-14,1.5130884392919392e-16
326.75,-9.212608005758448e-14,1.525050155052036e-16
326.76,-9.211171717191204e-14,1.5334483041972406e-16
326.77,-9.209747311153439e-14,1.543352040113131e-16
326.78,-9.208275927291111e-14,1.5513686927519792e-16
326.79,-9.206864445814767e-14,1.5617992743021652e-16
326.8,-9.205440341238723e-14,1.5703766085648045e-16
326.81,-9.204007564542405e-14,1.579829786741524e-16
326.82,-9.202492216489198e-14,1.585820100922105e-16
326.83,-9.201160199572698e-14,1.596216563667251e-16
326.84,-9.199726009772164e-14,1.606731655901083e-16
326.85,-9.198263633479082e-14,1.6136129234423206e-16
326.86,-9.196826466821944e-14,1.6220518450303282e-16
326.87,-9.195428657349328e-14,1.6313756010082675e-16
326.88,-9.193974579092758e-14,1.6388385965556707e-16
326.89,-9.192570181779094e-14,1.646867444586726e-16
326.9,-9.191105080239297e-14,1.654764840978124e-16
326.91,-9.189701064354339e-14,1.664650885487798e-16
326.92,-9.188243144839592e-14,1.6707483078965165e-16
326.93,-9.186825161086061e-14,1.6790235856884748e-16
326.94,-9.185407836202992e-14,1.685235439039396e-16
326.95,-9.183993635751963e-14,1.693505280238837e-16
326.96,-9.182589894075624e-14,1.7014785570321095e-16
326.97,-9.181170545131629e-14,1.7097353224913077e-16
326.98,-9.179710652376655e-14,1.7150310290225537e-16
326.99,-9.178294963836494e-14,1.7241148209971712e-16
327.0,-9.176866295541653e-14,1.7301523025715635e-16
327.01,-9.175457526983294e-14,1.737058852651397e-16
327.02,-9.173985697028707e-14,1.7428430191338608e-16
327.03,-9.172571837995906e-14,1.7481438283935204e-16
327.04,-9.171192218469944e-14,1.757229202968247e-16
327.05,-9.169767045567536e-14,1.7636865348728024e-16
327.06,-9.168349789341974e-14,1.7696671808544646e-16
327.07,-9.166939771219101e-14,1.7765709944703554e-16
327.08,-9.165569033781039e-14,1.7835316593295148e-16
327.09,-9.16415691263411e-14,1.7904559491574014e-16
327.1,-9.162637759816809e-14,1.792983168817633e-16
327.11,-9.16123892079055e-14,1.7990502888250448e-16
327.12,-9.159837449251201e-14,1.804953029524307e-16
327.13,-9.158448823151427e-14,1.810886775403549e-16
327.14,-9.157050928768215e-14,1.8164585990814103e-16
327.15,-9.155610728262713e-14,1.8220455491202249e-16
327.16,-9.154192601840968e-14,1.8265682777586776e-16
327.17,-9.152750846945821e-14,1.8315718392070922e-16
327.18,-9.151332217771337e-14,1.8360842467579927e-16
327.19,-9.14982442973098e-14,1.835532189333748e-16
327.2,-9.148568907107066e-14,1.846572054379729e-16
327.21,-9.147133237178848e-14,1.8488639235804159e-16
327.22,-9.145757101933798e-14,1.8553751212985698e-16
327.23,-9.144348446606924e-14,1.8613052032404413e-16
327.24,-9.142909985227873e-14,1.864503273917816e-16
327.25,-9.141526380577926e-14,1.8682778765595053e-16
327.26,-9.140109624263845e-14,1.8729356682150868e-16
327.27,-9.138694603617087e-14,1.876184068079392e-16
327.28,-9.137233741888957e-14,1.8795211362465098e-16
327.29,-9.135901047936535e-14,1.884778648439884e-16
327.3,-9.134494847231215e-14,1.8879168699323151e-16
327.31,-9.133077185969213e-14,1.8900570441278646e-16
327.32,-9.131707122294293e-14,1.8948100168112522e-16
327.33,-9.130303249400199e-14,1.8975692723081925e-16
327.34,-9.128935449519063e-14,1.9006831335431845e-16
327.35,-9.127492190932219e-14,1.9029849830846635e-16
327.36,-9.126117386231463e-14,1.9065884401960937e-16
327.37,-9.124729801141502e-14,1.9098958328970804e-16
327.38,-9.123332907709995e-14,1.9122391969232967e-16
327.39,-9.121966824430961e-14,1.9163937381766502e-16
327.4,-9.120535126328328e-14,1.916611253120751e-16
327.41,-9.119140395709455e-14,1.9181809823080915e-16
327.42,-9.117758374004542e-14,1.9216572146521359e-16
327.43,-9.116360432406364e-14,1.9233010567837417e-16
327.44,-9.114973100577181e-14,1.925043595226742e-16
327.45,-9.113536582003799e-14,1.9286075689254538e-16
327.46,-9.112241527444653e-14,1.9306095211675577e-16
327.47,-9.110813459310982e-14,1.9306549696746672e-16
327.48,-9.109414144684775e-14,1.9313030258120425e-16
327.49,-9.108035773808905e-14,1.9325258305106893e-16
327.5,-9.106679951912409e-14,1.9338900938186073e-16
327.51,-9.105293752618832e-14,1.935925643097769e-16
327.52,-9.103890637271131e-14,1.9359605969790828e-16
327.53,-9.102481031191234e-14,1.9360684501744145e-16
327.54,-9.101131051713399e-14,1.9382413451269674e-16
327.55,-9.099762768299409e-14,1.9385217889180345e-16
327.56,-9.098363796446422e-14,1.9386833357512976e-16
327.57,-9.096994467278112e-14,1.9389686213841543e-16
327.58,-9.095620173800817e-14,1.939439679551e-16
327.59,-9.094247712602058e-14,1.938980970800142e-16
327.6,-9.092879177468329e-14,1.9395567418123334e-16
327.61,-9.091527665513604e-14,1.941761541313677e-16
327.62,-9.090108914292097e-14,1.938752991287231e-16
327.63,-9.088778691658224e-14,1.9393343264317135e-16
327.64,-9.087425410900533e-14,1.9399312428533213e-16
327.65,-9.086005706865839e-14,1.9375736613927442e-16
327.66,-9.08466586648655e-14,1.9374992159956617e-16
327.67,-9.083272660047466e-14,1.9360229241307898e-16
327.68,-9.081893293680362e-14,1.9355409051948743e-16
327.69,-9.080580065684956e-14,1.935505943298715e-16
327.7,-9.079191663554332e-14,1.9345906465528685e-16
327.71,-9.077827529779105e-14,1.9321092900705493e-16
327.72,-9.076475204285499e-14,1.9297175088349874e-16
327.73,-9.075101412072191e-14,1.9309195645615111e-16
327.74,-9.073786907947178e-14,1.9292221525994738e-16
327.75,-9.07232879790382e-14,1.9212588355780156e-16
327.76,-9.07101990903949e-14,1.9238906937198396e-16
327.77,-9.069650914522552e-14,1.9219745598054433e-16
327.78,-9.068296835767196e-14,1.9193275878357352e-16
327.79,-9.06698544854322e-14,1.9192885050665245e-16
327.8,-9.065597379070367e-14,1.9164395373226921e-16
327.81,-9.064157458929617e-14,1.9115193278783368e-16
327.82,-9.062916705257762e-14,1.9121177802959956e-16
327.83,-9.061553211948157e-14,1.9087821225941314e-16
327.84,-9.060216243293271e-14,1.9068733164531059e-16
327.85,-9.058864613288621e-14,1.9046762624159843e-16
327.86,-9.057542944188956e-14,1.9015233264779698e-16
327.87,-9.056160572118309e-14,1.8978630121740133e-16
327.88,-9.054816065455352e-14,1.8941543382246226e-16
327.89,-9.053455617447467e-14,1.8902191853458692e-16
327.9,-9.052180944921889e-14,1.889808785855402e-16
327.91,-9.050757437307845e-14,1.8838717874183443e-16
327.92,-9.049467530014794e-14,1.881725179177038e-16
327.93,-9.048109005442985e-14,1.8766912454370262e-16
327.94,-9.046764027201879e-14,1.8740048204143798e-16
327.95,-9.045470560625215e-14,1.8710019829646845e-16
327.96,-9.044102686534937e-14,1.8655439429170819e-16
327.97,-9.042803020780121e-14,1.8626218664990554e-16
327.98,-9.04144482624962e-14,1.858170776824462e-16
327.99,-9.040082672728134e-14,1.8533129220914004e-16
328.0,-9.038703029709383e-14,1.8552671724859277e-16
328.01,-9.037428597039413e-14,1.8450721821829227e-16
328.02,-9.036156668477238e-14,1.843516860298038e-16
328.03,-9.034758437709932e-14,1.835574409188028e-16
328.04,-9.033446357176964e-14,1.832868991468527e-16
328.05,-9.032102724064327e-14,1.8267712816312517e-16
328.06,-9.03079423223377e-14,1.8224754941843966e-16
328.07,-9.029458774895584e-14,1.816382428428405e-16
328.08,-9.028164329744222e-14,1.813237970596745e-16
328.09,-9.027002079867942e-14,1.8180985586025562e-16
328.1,-9.025509131462674e-14,1.8012158110892358e-16
328.11,-9.024183753690167e-14,1.7960517178426397e-16
328.12,-9.02286169099932e-14,1.789101258945843e-16
328.13,-9.021605906280552e-14,1.787361446021414e-16
328.14,-9.020228245086127e-14,1.7789098919741187e-16
328.15,-9.01891840030894e-14,1.7740681638567598e-16
328.16,-9.017554477568896e-14,1.7656288831805305e-16
328.17,-9.016304739151329e-14,1.763132257689343e-16
328.18,-9.015094855900076e-14,1.7610654274552926e-16
328.19,-9.013646109219572e-14,1.7506662534281932e-16
328.2,-9.012352622838371e-14,1.7444011112061223e-16
328.21,-9.011041370176477e-14,1.7384127887934878e-16
328.22,-9.009783062947075e-14,1.731164229441812e-16
328.23,-9.008443131083677e-14,1.726076151891043e-16
328.24,-9.007169207747647e-14,1.7187761570774027e-16
328.25,-9.005804907749932e-14,1.7114909204789822e-16
328.26,-9.004529953706796e-14,1.706516790567896e-16
328.27,-9.003321218496136e-14,1.7016291149140128e-16
328.28,-9.001955860840374e-14,1.6938322243300598e-16
328.29,-9.000614806559566e-14,1.686494384103398e-16
328.3,-8.999369197079943e-14,1.6791553829354057e-16
328.31,-8.997997228132568e-14,1.67165713842664e-16
328.32,-8.996724097845999e-14,1.6652343209929504e-16
328.33,-8.99541798036578e-14,1.6576268924217512e-16
328.34,-8.994058641567714e-14,1.6480125831186557e-16
328.35,-8.992827656164935e-14,1.6432247521265035e-16
328.36,-8.991595104173132e-14,1.636725113268105e-16
328.37,-8.990222184522218e-14,1.6296785623315753e-16
328.38,-8.988948854271505e-14,1.6213532271675673e-16
328.39,-8.987726192077142e-14,1.6175202626159965e-16
328.4,-8.986390888888332e-14,1.6064608863937922e-16
328.41,-8.985121293324215e-14,1.5996266628324992e-16
328.42,-8.983844875258257e-14,1.5919003487399214e-16
328.43,-8.98247078575513e-14,1.5747523712409727e-16
328.44,-8.981229003572248e-14,1.5753141971023574e-16
328.45,-8.979985416130781e-14,1.569932508526242e-16
328.46,-8.978667661177278e-14,1.5596197306724174e-16
328.47,-8.977408404483549e-14,1.5527553983404659e-16
328.48,-8.976080253609935e-14,1.5444276652106951e-16
328.49,-8.974843226324099e-14,1.5356629045268616e-16
328.5,-8.973543773493407e-14,1.5280183858338198e-16
328.51,-8.972281196498753e-14,1.5203145225329757e-16
328.52,-8.971144395948519e-14,1.5130656869482486e-16
328.53,-8.969664290316912e-14,1.5016073209834087e-16
328.54,-8.968481286358177e-14,1.4963625504765976e-16
328.55,-8.967163226499938e-14,1.4862266926881668e-16
328.56,-8.965910393964084e-14,1.4783907121785155e-16
328.57,-8.96461430914805e-14,1.4686475068759578e-16
328.58,-8.963352967051576e-14,1.46087982361905e-16
328.59,-8.962130088898615e-14,1.450694501736136e-16
328.6,-8.960840610973616e-14,1.4442267963157787e-16
328.61,-8.959667382712564e-14,1.4412231823634753e-16
328.62,-8.958326695461777e-14,1.426830978211521e-16
328.63,-8.957033424564031e-14,1.4174591306575897e-16
328.64,-8.955726831669539e-14,1.4074967225909695e-16
328.65,-8.954474519220564e-14,1.3992725720738643e-16
328.66,-8.953193477982128e-14,1.389441308649905e-16
328.67,-8.95194869308426e-14,1.3808537542804402e-16
328.68,-8.950709429925659e-14,1.3725473795327353e-16
328.69,-8.949444655733158e-14,1.3637337434926962e-16
328.7,-8.948235560705646e-14,1.359241580360475e-16
328.71,-8.946968032693587e-14,1.34710233968276e-16
328.72,-8.945676107171492e-14,1.3376891436967218e-16
328.73,-8.944407288537965e-14,1.3275391540674186e-16
328.74,-8.943159649995069e-14,1.3187089313585265e-16
328.75,-8.94188947693127e-14,1.3083453800099468e-16
328.76,-8.94063965157212e-14,1.3004635647824552e-16
328.77,-8.939407167415855e-14,1.2906759935218793e-16
328.78,-8.938117584523074e-14,1.280770784133101e-16
328.79,-8.936891768375789e-14,1.2748040706427924e-16
328.8,-8.935698543252238e-14,1.264262898098402e-16
328.81,-8.934406778429993e-14,1.2550845385212426e-16
328.82,-8.93316116453123e-14,1.244602766051383e-16
328.83,-8.931859093402662e-14,1.233460687230297e-16
328.84,-8.930599016222965e-14,1.2247498578216497e-16
328.85,-8.929376408267802e-14,1.2171004049436412e-16
328.86,-8.928132445607608e-14,1.2050855766969083e-16
328.87,-8.926914369828694e-14,1.1981221631777613e-16
328.88,-8.925671261239324e-14,1.1887214930619997e-16
328.89,-8.924338511224063e-14,1.1799530384878139e-16
328.9,-8.92319381566608e-14,1.169229197306884e-16
328.91,-8.92194182604246e-14,1.1592381965496616e-16
328.92,-8.920562238411396e-14,1.1503622074439526e-16
328.93,-8.919460999407002e-14,1.1409186028072533e-16
328.94,-8.918222351272077e-14,1.1305116831934983e-16
328.95,-8.916997285348611e-14,1.1208791921094355e-16
328.96,-8.915722931072511e-14,1.1117041763998175e-16
328.97,-8.914503438818687e-14,1.1028309497747012e-16
328.98,-8.913273174764347e-14,1.0924687433639624e-16
328.99,-8.912042948790949e-14,1.0833256576352594e-16
329.0,-8.910807028379678e-14,1.073478062861598e-16
329.01,-8.909566071114333e-14,1.064319564991641e-16
329.02,-8.908331771816766e-14,1.0539794533544895e-16
329.03,-8.907116184109641e-14,1.0449275047588609e-16
329.04,-8.905849348715518e-14,1.0347847847505421e-16
329.05,-8.904640348124207e-14,1.0254516335207538e-16
329.06,-8.903317868304339e-14,1.0146206411556466e-16
329.07,-8.90224913548786e-14,1.0073019170028444e-16
329.08,-8.900958204129442e-14,9.981626757653777e-17
329.09,-8.899702399755083e-14,9.869277343959979e-17
329.1,-8.89847769817267e-14,9.777917980998348e-17
329.11,-8.897268806900154e-14,9.688478344310445e-17
329.12,-8.896024951523134e-14,9.588368915469716e-17
329.13,-8.894798081862089e-14,9.488775867142864e-17
329.14,-8.893585709875036e-14,9.399322266694126e-17
329.15,-8.892379667280086e-14,9.306409844909105e-17
329.16,-8.891359849616413e-14,9.227127496475273e-17
329.17,-8.889905454374362e-14,9.112631886559544e-17
329.18,-8.888699870562087e-14,9.027675747129226e-17
329.19,-8.88745775879014e-14,8.920985024466761e-17
329.2,-8.886236616047836e-14,8.825375819251433e-17
329.21,-8.885033332466874e-14,8.727352832606866e-17
329.22,-8.883821868389338e-14,8.641850391685311e-17
329.23,-8.882584454890295e-14,8.549779616517036e-17
329.24,-8.881337212318598e-14,8.440909553800305e-17
329.25,-8.88014830442569e-14,8.35809011725301e-17
329.26,-8.878922156722073e-14,8.270942131700926e-17
329.27,-8.877694045209888e-14,8.165108906143179e-17
329.28,-8.876490473770033e-14,8.082486760058363e-17
329.29,-8.875252078263124e-14,7.983108421830085e-17
329.3,-8.874030812985953e-14,7.899161392525977e-17
329.31,-8.872828544164189e-14,7.813722887738874e-17
329.32,-8.871598729797205e-14,7.70890238780808e-17
329.33,-8.870149965527142e-14,7.57536486475573e-17
329.34,-8.869146000126609e-14,7.533163505335735e-17
329.35,-8.86798246189229e-14,7.450540928097552e-17
329.36,-8.866769488299498e-14,7.347396898223769e-17
329.37,-8.86555347554261e-14,7.271259035676188e-17
329.38,-8.864344685452931e-14,7.170930462966291e-17
329.39,-8.863117433675149e-14,7.078686907923979e-17
329.4,-8.861909443865734e-14,6.993423461370126e-17
329.41,-8.86066001931381e-14,6.897647616536637e-17
329.42,-8.859499614643929e-14,6.793493903280395e-17
329.43,-8.858265880421784e-14,6.731230279645957e-17
329.44,-8.857074243790886e-14,6.649530339571962e-17
329.45,-8.855870433681797e-14,6.55500955944323e-17
329.46,-8.85465575449199e-14,6.472944250447525e-17
329.47,-8.85344548540055e-14,6.390768906004326e-17
329.48,-8.852230775021834e-14,6.302270908745779e-17
329.49,-8.851028476841617e-14,6.211298202952766e-17
329.5,-8.849815919721863e-14,6.136227071394612e-17
329.51,-8.848612213639038e-14,6.051413178004432e-17
329.52,-8.847386100217313e-14,5.977504363781907e-17
329.53,-8.84621856530444e-14,5.89212147643643e-17
329.54,-8.845012720550987e-14,5.794396984259043e-17
329.55,-8.843792605311904e-14,5.718022991373808e-17
329.56,-8.842581778723334e-14,5.626986755717882e-17
329.57,-8.841360658014744e-14,5.558956953714438e-17
329.58,-8.840151145456362e-14,5.4656687701314735e-17
329.59,-8.838935862351416e-14,5.3880422283444226e-17
329.6,-8.837771846395638e-14,5.316923542401162e-17
329.61,-8.836640035863031e-14,5.26344518336169e-17
329.62,-8.835321105791955e-14,5.14794738030994e-17
329.63,-8.83412991513562e-14,5.069007588598194e-17
329.64,-8.832946630609341e-14,4.9994855845623805e-17
329.65,-8.831718160178079e-14,4.909698605613308e-17
329.66,-8.830503161440672e-14,4.840584544333693e-17
329.67,-8.829308846571414e-14,4.760103019058757e-17
329.68,-8.82813860667535e-14,4.704248978263751e-17
329.69,-8.826940433183085e-14,4.619721921585605e-17
329.7,-8.82565679066311e-14,4.5451354347966464e-17
329.71,-8.824487902746524e-14,4.4659702444771126e-17
329.72,-8.823253089460432e-14,4.375411192254256e-17
329.73,-8.822100245176203e-14,4.3257171365992416e-17
329.74,-8.820895307277121e-14,4.249255981696498e-17
329.75,-8.819679791277869e-14,4.1742998950218793e-17
329.76,-8.81846982951692e-14,4.0972654407913754e-17
329.77,-8.817259989848075e-14,4.0305009341367686e-17
329.78,-8.816067019017463e-14,3.9574055859650816e-17
329.79,-8.814897245225021e-14,3.909676819041776e-17
329.8,-8.813692581599591e-14,3.8344708566758243e-17
329.81,-8.812459374497616e-14,3.752690595296569e-17
329.82,-8.811284054946363e-14,3.6854597609529536e-17
329.83,-8.810055973279287e-14,3.622311169056451e-17
329.84,-8.808862783648726e-14,3.5538079482800013e-17
329.85,-8.80767435269271e-14,3.499415078691988e-17
329.86,-8.806447324945886e-14,3.4230001357419254e-17
329.87,-8.805246345651574e-14,3.351125070981411e-17
329.88,-8.803940821191246e-14,3.290261710419488e-17
329.89,-8.802843590122217e-14,3.240478836591435e-17
329.9,-8.801645419821599e-14,3.177882034116877e-17
329.91,-8.800441553596492e-14,3.118944839311577e-17
329.92,-8.799230099392744e-14,3.055534477736043e-17
329.93,-8.798044655125522e-14,2.9965677607077094e-17
329.94,-8.796847817155767e-14,2.939472108377874e-17
329.95,-8.795518404395656e-14,2.8656221896264093e-17
329.96,-8.794340286881559e-14,2.790680011182703e-17
329.97,-8.793223497022222e-14,2.7246388603939404e-17
329.98,-8.792036850019795e-14,2.7229677184710077e-17
329.99,-8.790827248213852e-14,2.6420013121416667e-17
330.0,-8.789628363634672e-14,2.606929954686671e-17
330.01,-8.788424730807081e-14,2.5467750075181953e-17
330.02,-8.787217702891507e-14,2.495445487690548e-17
330.03,-8.786038652686908e-14,2.447073232672812e-17
330.04,-8.784787556255612e-14,2.3896156255240208e-17
330.05,-8.783592090090983e-14,2.3266415131147153e-17
330.06,-8.782444966458066e-14,2.255020798351128e-17
330.07,-8.781181101819892e-14,2.244301122767348e-17
330.08,-8.779998343429053e-14,2.1854140764568812e-17
330.09,-8.778846849168459e-14,2.1703789278086622e-17
330.1,-8.777568910337922e-14,2.1078318190575797e-17
330.11,-8.776412537154612e-14,2.0608840520073876e-17
330.12,-8.775185392779543e-14,2.0147801630262988e-17
330.13,-8.773904447304746e-14,1.958115610351177e-17
330.14,-8.772775121739149e-14,1.9157758505157885e-17
330.15,-8.771220215431055e-14,1.7532481089801164e-17
330.16,-8.770378833615831e-14,1.8359668263365693e-17
330.17,-8.769166434195943e-14,1.7890337751103347e-17
330.18,-8.7679797310616e-14,1.763807186451036e-17
330.19,-8.76684056908972e-14,1.7594314956767682e-17
330.2,-8.76556221631677e-14,1.680398026752768e-17
330.21,-8.764379131603973e-14,1.6388730712156114e-17
330.22,-8.763134016632326e-14,1.6270264948531333e-17
330.23,-8.76193135946522e-14,1.562733517809589e-17
330.24,-8.760673712783473e-14,1.4925708847988514e-17
330.25,-8.759494736345779e-14,1.497233452254058e-17
330.26,-8.758315468455597e-14,1.4606587446545743e-17
330.27,-8.757117750158178e-14,1.4584572887759035e-17
330.28,-8.755939522559897e-14,1.4121033145168675e-17
330.29,-8.754705600213597e-14,1.3727571868237772e-17
330.3,-8.753566603095749e-14,1.3696836978633368e-17
330.31,-8.752408225033901e-14,1.3256888177904955e-17
330.32,-8.751056208710199e-14,1.2790647899678303e-17
330.33,-8.749920178828638e-14,1.2563720008404635e-17
330.34,-8.748665981505143e-14,1.2195363161995661e-17
330.35,-8.747454339179245e-14,1.1956492466720403e-17
330.36,-8.746163873788217e-14,1.1687631903801821e-17
330.37,-8.745045978424051e-14,1.148072724413199e-17
330.38,-8.74381258175179e-14,1.1204519167995773e-17
330.39,-8.742617485487601e-14,1.1002485732525935e-17
330.4,-8.741335654115831e-14,1.0676040681249979e-17
330.41,-8.740142805974037e-14,1.0475986409040392e-17
330.42,-8.739049596734475e-14,1.0343530996948756e-17
330.43,-8.737774613454402e-14,1.0176597952261943e-17
330.44,-8.736581329091245e-14,1.0035248486272986e-17
330.45,-8.735340887610974e-14,9.633243976053823e-18
330.46,-8.734129233568766e-14,9.610272646474108e-18
330.47,-8.732901527840701e-14,9.365848834316426e-18
330.48,-8.731690798821968e-14,9.253621438381726e-18
330.49,-8.73054356548552e-14,9.609329326086382e-18
330.5,-8.729297389784046e-14,8.91081163440509e-18
330.51,-8.728033423330405e-14,8.953041684968734e-18
330.52,-8.726830757192766e-14,8.581511254086635e-18
330.53,-8.725656362749088e-14,8.92458585679548e-18
330.54,-8.724417754012444e-14,8.47161201551077e-18
330.55,-8.723221053314491e-14,8.459754071180868e-18
330.56,-8.722031485096414e-14,8.67202248096116e-18
330.57,-8.720776924971642e-14,8.33982398512483e-18
330.58,-8.719841682289948e-14,9.421628249269752e-18
330.59,-8.718325616716728e-14,8.037897456170145e-18
330.6,-8.717089083762459e-14,7.983662827398511e-18
330.61,-8.715907995170978e-14,8.034190469156031e-18
330.62,-8.714679234338715e-14,7.92816901791485e-18
330.63,-8.713463291245784e-14,7.944619160441298e-18
330.64,-8.712261372908132e-14,7.930124618610635e-18
330.65,-8.71101877343108e-14,7.924315284856946e-18
330.66,-8.709806006825818e-14,7.912308805492991e-18
330.67,-8.708649994695789e-14,8.554224228453908e-18
330.68,-8.70729122898763e-14,7.82858280781206e-18
330.69,-8.706071880627967e-14,7.568297401566994e-18
330.7,-8.704899630092631e-14,7.897574334909579e-18
330.71,-8.703684967954329e-14,7.961247320598217e-18
330.72,-8.702475611763517e-14,7.978739642042773e-18
330.73,-8.701256539938965e-14,8.174099998748217e-18
330.74,-8.699995812763669e-14,8.144956725427049e-18
330.75,-8.698789877614297e-14,8.150063446913069e-18
330.76,-8.697672232120558e-14,8.370971127649951e-18
330.77,-8.696340511114275e-14,8.254239711162405e-18
330.78,-8.69514648088702e-14,8.41557676665569e-18
330.79,-8.693899728154839e-14,8.552017383961204e-18
330.8,-8.692657333162287e-14,8.496527111646607e-18
330.81,-8.691481249849659e-14,8.604465912841625e-18
330.82,-8.690263741927772e-14,8.901594238915547e-18
330.83,-8.688966970014857e-14,8.854860484022073e-18
330.84,-8.687750365849935e-14,9.079007398684444e-18
330.85,-8.686473956983724e-14,9.208405016061527e-18
330.86,-8.685294405980203e-14,9.358402781687725e-18
330.87,-8.684095571293039e-14,9.594109045053046e-18
330.88,-8.682837582127674e-14,9.823255871939652e-18
330.89,-8.681599269920494e-14,9.925099275901373e-18
330.9,-8.680374302052282e-14,1.005744234114218e-17
330.91,-8.679154086520632e-14,1.0280371560998707e-17
330.92,-8.677890161427382e-14,1.0413620961962221e-17
330.93,-8.676702113919542e-14,1.0636111768486416e-17
330.94,-8.675434098912869e-14,1.0815066469925632e-17
330.95,-8.674191579613126e-14,1.1028057729193656e-17
330.96,-8.67301362239827e-14,1.1334661451352652e-17
330.97,-8.671747472580604e-14,1.156153312312345e-17
330.98,-8.670498251000467e-14,1.1689020152348004e-17
330.99,-8.66927531246676e-14,1.1951984408202335e-17
331.0,-8.668029905577435e-14,1.2195766168091874e-17
331.01,-8.666775079743599e-14,1.2499314077130364e-17
331.02,-8.665542400441554e-14,1.275876345382476e-17
331.03,-8.664302907299952e-14,1.3013647014827579e-17
331.04,-8.66309931665417e-14,1.3470132041703093e-17
331.05,-8.661835512505667e-14,1.3573146927938719e-17
331.06,-8.660593100503001e-14,1.3812386841104335e-17
331.07,-8.659393217075698e-14,1.441978006521992e-17
331.08,-8.658131289941942e-14,1.433916906913054e-17
331.09,-8.656881074004129e-14,1.4741198699200636e-17
331.1,-8.655625558904584e-14,1.5041352340383095e-17
331.11,-8.654410834110994e-14,1.5436189733006936e-17
331.12,-8.653153379630416e-14,1.5838645725442346e-17
331.13,-8.651956127999448e-14,1.6273113018925865e-17
331.14,-8.650665369051296e-14,1.639849903028477e-17
331.15,-8.649382501265874e-14,1.6757106584606225e-17
331.16,-8.648171768988437e-14,1.7057688148995014e-17
331.17,-8.646906145601687e-14,1.7343855573033176e-17
331.18,-8.645672206780775e-14,1.7859545034024394e-17
331.19,-8.644451695076225e-14,1.8213656777479723e-17
331.2,-8.643209762859393e-14,1.8662699579315247e-17
331.21,-8.642052368525286e-14,1.933840604847562e-17
331.22,-8.640751731616032e-14,1.9418823884696606e-17
331.23,-8.639454003717274e-14,1.9692092255273707e-17
331.24,-8.638209057854939e-14,2.0188804814236714e-17
331.25,-8.636947771085067e-14,2.0521451572923046e-17
331.26,-8.635686311455632e-14,2.0904753574226403e-17
331.27,-8.634464726096258e-14,2.1414289417403225e-17
331.28,-8.633192247061738e-14,2.1690437121535953e-17
331.29,-8.631966408387106e-14,2.227510059782051e-17
331.3,-8.630711836696946e-14,2.2259278053326567e-17
331.31,-8.629402933417902e-14,2.2941892280333334e-17
331.32,-8.628205295440709e-14,2.3482193272050342e-17
331.33,-8.626935684087624e-14,2.3923960893853516e-17
331.34,-8.625681679099842e-14,2.4425282375156e-17
331.35,-8.62444471886379e-14,2.4937668362476313e-17
331.36,-8.623180488654428e-14,2.5449656288996633e-17
331.37,-8.621931777122774e-14,2.5805858499895965e-17
331.38,-8.620680168666589e-14,2.6380625597470965e-17
331.39,-8.619409091100422e-14,2.6865534637482332e-17
331.4,-8.618175959247534e-14,2.7181462038977978e-17
331.41,-8.616903410824114e-14,2.7830208805848566e-17
331.42,-8.61565454585593e-14,2.822161312233717e-17
331.43,-8.614395347034224e-14,2.873643355718261e-17
331.44,-8.613130180247949e-14,2.928674621920459e-17
331.45,-8.611866026601048e-14,2.968776582926348e-17
331.46,-8.610621285293884e-14,3.0329157664708803e-17
331.47,-8.6093735028271e-14,3.085046894433736e-17
331.48,-8.608008576010525e-14,3.10508665978844e-17
331.49,-8.606841273485102e-14,3.182505643422652e-17
331.5,-8.605573079340589e-14,3.237763829684009e-17
331.51,-8.604322239742425e-14,3.2833020421815414e-17
331.52,-8.603041080178798e-14,3.33744553571586e-17
331.53,-8.601798417353759e-14,3.393761581870906e-17
331.54,-8.600539354730835e-14,3.452741692642409e-17
331.55,-8.599280864394443e-14,3.5037716753884586e-17
331.56,-8.598003309221127e-14,3.558064126868914e-17
331.57,-8.596757409212966e-14,3.621824696407616e-17
331.58,-8.595472348840101e-14,3.674134284318221e-17
331.59,-8.594194515661095e-14,3.7179862245297103e-17
331.6,-8.59293531180944e-14,3.7773255522238764e-17
331.61,-8.59167583432577e-14,3.836802052145346e-17
331.62,-8.590426295665177e-14,3.900399310951671e-17
331.63,-8.589130780680259e-14,3.9917654284606987e-17
331.64,-8.587866621168226e-14,3.998706900157093e-17
331.65,-8.586618844278153e-14,4.070261986190008e-17
331.66,-8.585319373047204e-14,4.1543041185272675e-17
331.67,-8.584094826424128e-14,4.1850867311090545e-17
331.68,-8.582775653277919e-14,4.228776359020883e-17
331.69,-8.581540209335328e-14,4.2949001267465813e-17
331.7,-8.580261042289314e-14,4.3494430007393256e-17
331.71,-8.578867624046345e-14,4.392033896313411e-17
331.72,-8.577742933572951e-14,4.477782869493202e-17
331.73,-8.576452187983866e-14,4.5334232243072395e-17
331.74,-8.575202271902834e-14,4.606962108097577e-17
331.75,-8.573895387904322e-14,4.647638414679178e-17
331.76,-8.572680288872292e-14,4.7341855658301376e-17
331.77,-8.571379068404144e-14,4.7782780623957004e-17
331.78,-8.570063664374343e-14,4.829693312943324e-17
331.79,-8.568876014614167e-14,4.8896468514829894e-17
331.8,-8.567595835701449e-14,4.962681186990193e-17
331.81,-8.566304399100243e-14,5.027038542195838e-17
331.82,-8.564998152956872e-14,5.081464715412816e-17
331.83,-8.563773444681219e-14,5.1582058538086074e-17
331.84,-8.562431439100479e-14,5.213174040443153e-17
331.85,-8.561224989513075e-14,5.294246296754239e-17
331.86,-8.559922182410421e-14,5.336723406017673e-17
331.87,-8.558639496641018e-14,5.3906374265382955e-17
331.88,-8.557369175437451e-14,5.4587476884216676e-17
331.89,-8.55609460744051e-14,5.5100987954599424e-17
331.9,-8.554833547398594e-14,5.575422360965867e-17
331.91,-8.553532144200025e-14,5.640288728070271e-17
331.92,-8.55226883545709e-14,5.715671552207049e-17
331.93,-8.551007068402956e-14,5.755024271662457e-17
331.94,-8.549863416149657e-14,5.845225706192772e-17
331.95,-8.548477179185991e-14,5.906293045083908e-17
331.96,-8.547162747330129e-14,5.960174339128656e-17
331.97,-8.545900869839647e-14,6.028722045506537e-17
331.98,-8.544604575164616e-14,6.082299148383012e-17
331.99,-8.54333890454947e-14,6.15558014321692e-17
332.0,-8.542065669593328e-14,6.216491099055838e-17
332.01,-8.54078678102626e-14,6.307457706615615e-17
332.02,-8.53946909168003e-14,6.334897171517663e-17
332.03,-8.538200977161106e-14,6.324088584342086e-17
332.04,-8.536921491133587e-14,6.469101067205681e-17
332.05,-8.535681568458439e-14,6.540108152594975e-17
332.06,-8.534346938139291e-14,6.599191727799676e-17
332.07,-8.533071464477199e-14,6.632954629334147e-17
332.08,-8.531826014374168e-14,6.728722337204308e-17
332.09,-8.53056020522206e-14,6.789953956929479e-17
332.1,-8.529278710055655e-14,6.877121086507326e-17
332.11,-8.527991949001343e-14,6.923658168665902e-17
332.12,-8.52664613700578e-14,6.922239836409932e-17
332.13,-8.525409667387112e-14,7.039314547819953e-17
332.14,-8.524157054998877e-14,7.101803589467372e-17
332.15,-8.522874812980158e-14,7.177951096922374e-17
332.16,-8.52151053012555e-14,7.22676144282238e-17
332.17,-8.520324358355662e-14,7.299346655029112e-17
332.18,-8.519049537451397e-14,7.385604460616211e-17
332.19,-8.517754308006546e-14,7.429462699524212e-17
332.2,-8.516453909988856e-14,7.487027879648926e-17
332.21,-8.515132517987022e-14,7.512628596620746e-17
332.22,-8.513894860788882e-14,7.595267410515503e-17
332.23,-8.512624983985345e-14,7.671720622664828e-17
332.24,-8.511302495776221e-14,7.718126407195679e-17
332.25,-8.510045977052534e-14,7.786694871429416e-17
332.26,-8.508802315517644e-14,7.867506040593708e-17
332.27,-8.507495346400033e-14,7.916799688980448e-17
332.28,-8.506187611544561e-14,8.042357037021295e-17
332.29,-8.50494592454307e-14,8.043994028576127e-17
332.3,-8.503598825127498e-14,8.092573139420904e-17
332.31,-8.502386317366655e-14,8.179338699255427e-17
332.32,-8.501100229275057e-14,8.228226928884116e-17
332.33,-8.499881605996191e-14,8.28998469387147e-17
332.34,-8.498542282264125e-14,8.359665408503105e-17
332.35,-8.497278648446662e-14,8.425105370515588e-17
332.36,-8.495966071854038e-14,8.470392328104949e-17
332.37,-8.494506226988656e-14,8.507614068761603e-17
332.38,-8.493376420602245e-14,8.587301741422285e-17
332.39,-8.492125815790371e-14,8.643577354238299e-17
332.4,-8.490902895202754e-14,8.720677724986121e-17
332.41,-8.489567835274965e-14,8.774120374258043e-17
332.42,-8.488344664635141e-14,8.867827491440373e-17
332.43,-8.487021794353093e-14,8.891878969212692e-17
332.44,-8.485739480094818e-14,8.952370721175036e-17
332.45,-8.484443823742781e-14,9.001191845106175e-17
332.46,-8.483080718365677e-14,8.98568852703974e-17
332.47,-8.481935799652401e-14,9.136755715210897e-17
332.48,-8.480588227227227e-14,9.16190207916962e-17
332.49,-8.479351971234506e-14,9.257677218938993e-17
332.5,-8.478045596593844e-14,9.278608818966066e-17
332.51,-8.476786276022562e-14,9.363829393669592e-17
332.52,-8.475485178497856e-14,9.402435009542295e-17
332.53,-8.474218231995129e-14,9.467759727761432e-17
332.54,-8.472917468472812e-14,9.518297657707198e-17
332.55,-8.47164577300713e-14,9.526673062960633e-17
332.56,-8.470497493073488e-14,9.641600913402385e-17
332.57,-8.469096338595717e-14,9.684170747740039e-17
332.58,-8.467804375620492e-14,9.742805482823166e-17
332.59,-8.46651435092334e-14,9.78559368611903e-17
332.6,-8.465263913553583e-14,9.855013002061007e-17
332.61,-8.463994467297405e-14,9.901456182702259e-17
332.62,-8.462718342383035e-14,9.955444740885468e-17
332.63,-8.461425594943439e-14,1.0009411526784643e-16
332.64,-8.460183110882789e-14,1.0057143476791487e-16
332.65,-8.458856386069885e-14,1.0106049514792047e-16
332.66,-8.457631599503469e-14,1.017039273559228e-16
332.67,-8.456321722446414e-14,1.021904790231243e-16
332.68,-8.455036351412078e-14,1.026455361182293e-16
332.69,-8.45379878439084e-14,1.0331483682002716e-16
332.7,-8.452486356806451e-14,1.0375371381166152e-16
332.71,-8.451198057820204e-14,1.0421840790150358e-16
332.72,-8.449959154956765e-14,1.0473800500591661e-16
332.73,-8.448661028642592e-14,1.0526867444582934e-16
332.74,-8.447379706960402e-14,1.0569779610106676e-16
332.75,-8.446086811602736e-14,1.0593071212361849e-16
332.76,-8.444811064441644e-14,1.0653888429744989e-16
332.77,-8.443568959563675e-14,1.0739078208986799e-16
332.78,-8.442274704468458e-14,1.0760731849091792e-16
332.79,-8.440999745338345e-14,1.0798238380463311e-16
332.8,-8.439768767359276e-14,1.0897203872477509e-16
332.81,-8.438462952118082e-14,1.0888628631521738e-16
332.82,-8.437196144430151e-14,1.0936429766701864e-16
332.83,-8.435950844160644e-14,1.0985629474727981e-16
332.84,-8.434623823967371e-14,1.1019976645237751e-16
332.85,-8.43335853772323e-14,1.1062837099319243e-16
332.86,-8.432068960736235e-14,1.110889456033652e-16
332.87,-8.430825173984219e-14,1.1154530550992833e-16
332.88,-8.429523139115634e-14,1.1186632151538467e-16
332.89,-8.428272455111009e-14,1.1237556655660765e-16
332.9,-8.427002481548286e-14,1.1278730851042484e-16
332.91,-8.425750104040007e-14,1.1319922046636935e-16
332.92,-8.42447033309515e-14,1.1359183890547586e-16
332.93,-8.423198669163196e-14,1.1398277038929674e-16
332.94,-8.421944468695822e-14,1.1446538701410268e-16
332.95,-8.420661635389846e-14,1.1476675306329499e-16
332.96,-8.419410688129795e-14,1.153532274648209e-16
332.97,-8.41812581559269e-14,1.1556389674242612e-16
332.98,-8.41685543611067e-14,1.1581629705302875e-16
332.99,-8.415579028430809e-14,1.1614671165950706e-16
333.0,-8.414329072617227e-14,1.1676401161791202e-16
333.01,-8.413059962274103e-14,1.1667526525514428e-16
333.02,-8.411800212686497e-14,1.1733620546791013e-16
333.03,-8.41050698827915e-14,1.1760352284985403e-16
333.04,-8.409261293276982e-14,1.181452201286591e-16
333.05,-8.408061223475244e-14,1.185260837729624e-16
333.06,-8.406756594214079e-14,1.1875346872998716e-16
333.07,-8.405482311393916e-14,1.1910701021986113e-16
333.08,-8.404248161278291e-14,1.1950735564560155e-16
333.09,-8.402930900146411e-14,1.197972376869494e-16
333.1,-8.401615297951824e-14,1.197352671737232e-16
333.11,-8.400448549595584e-14,1.2041200863529785e-16
333.12,-8.399174697828892e-14,1.2053564394017842e-16
333.13,-8.397919834486373e-14,1.209762130035395e-16
333.14,-8.396665316269077e-14,1.2128659285904917e-16
333.15,-8.395375233917201e-14,1.214075410202462e-16
333.16,-8.394144645173966e-14,1.21830713033892e-16
333.17,-8.392895166113461e-14,1.2214125744754304e-16
333.18,-8.39152431429266e-14,1.2235301339277472e-16
333.19,-8.390383744741391e-14,1.2262883980800022e-16
333.2,-8.389110557861707e-14,1.2284768421265495e-16
333.21,-8.387856030584292e-14,1.2311422366701274e-16
333.22,-8.386612525746256e-14,1.2343001199989085e-16
333.23,-8.385341466165519e-14,1.2359629552986752e-16
333.24,-8.384113846122676e-14,1.2397629287054463e-16
333.25,-8.382840292186292e-14,1.2432020516040782e-16
333.26,-8.381613541165224e-14,1.2434700960957002e-16
333.27,-8.380349255702114e-14,1.2490306444349946e-16
333.28,-8.37907841407895e-14,1.247820057385284e-16
333.29,-8.377842461948246e-14,1.2491879339967115e-16
333.3,-8.376575425086542e-14,1.2514404798353928e-16
333.31,-8.375342631373338e-14,1.254301456068093e-16
333.32,-8.37407511153467e-14,1.25454658190536e-16
333.33,-8.372947980795593e-14,1.2604872057642984e-16
333.34,-8.371560628781567e-14,1.25853428094718e-16
333.35,-8.370336360263139e-14,1.2604780380139796e-16
333.36,-8.369059387588536e-14,1.2638530162236796e-16
333.37,-8.367809520525863e-14,1.263201281190874e-16
333.38,-8.366623180591417e-14,1.2652379619797183e-16
333.39,-8.365380104594502e-14,1.2679137971278788e-16
333.4,-8.364104099271098e-14,1.2683661157316328e-16
333.41,-8.36285033074354e-14,1.2688805602944761e-16
333.42,-8.361613981052807e-14,1.2716281446711728e-16
333.43,-8.360366985402369e-14,1.2731995816392306e-16
333.44,-8.359174508388442e-14,1.2749274869422993e-16
333.45,-8.357936147502293e-14,1.2753803231144048e-16
333.46,-8.356621226006286e-14,1.2746244714443466e-16
333.47,-8.355415195799801e-14,1.2766407522464778e-16
333.48,-8.354165710562652e-14,1.2782912305669708e-16
333.49,-8.352918641384595e-14,1.2785496136528075e-16
333.5,-8.35169678033346e-14,1.2804857226354877e-16
333.51,-8.350472984558167e-14,1.2813545981211357e-16
333.52,-8.349220663311332e-14,1.2820133127778792e-16
333.53,-8.347999931704663e-14,1.2821784511845218e-16
333.54,-8.34670470765872e-14,1.282131683916834e-16
333.55,-8.345450617119078e-14,1.2810417663813373e-16
333.56,-8.34429988830266e-14,1.2850310441527603e-16
333.57,-8.343058378971743e-14,1.284947929868895e-16
333.58,-8.341852854385802e-14,1.285126079012334e-16
333.59,-8.340586097865759e-14,1.2851405101934457e-16
333.6,-8.339371837607892e-14,1.2860263834957985e-16
333.61,-8.338128451566919e-14,1.2858170724352946e-16
333.62,-8.336872679243514e-14,1.285679548713335e-16
333.63,-8.335678668143091e-14,1.2873125616915257e-16
333.64,-8.334524936603897e-14,1.2882585732793324e-16
333.65,-8.333210086874136e-14,1.2854605717551521e-16
333.66,-8.33197525711643e-14,1.2871273402399982e-16
333.67,-8.330736677370566e-14,1.2853918867461084e-16
333.68,-8.32952833730316e-14,1.2852184839996097e-16
333.69,-8.328327780313874e-14,1.286054639412834e-16
333.7,-8.327084225395381e-14,1.2856593331865392e-16
333.71,-8.325891887860398e-14,1.286532330895967e-16
333.72,-8.324690387665312e-14,1.2861112580886844e-16
333.73,-8.323492024288309e-14,1.286037116107721e-16
333.74,-8.322218790161141e-14,1.284684812067412e-16
333.75,-8.320995010787211e-14,1.2836666925406828e-16
333.76,-8.319807608176645e-14,1.2852182339859492e-16
333.77,-8.318555967697574e-14,1.283077597821744e-16
333.78,-8.317358922028792e-14,1.2832406178731524e-16
333.79,-8.316109504631881e-14,1.2810810295971187e-16
333.8,-8.314867867136854e-14,1.2808567312328254e-16
333.81,-8.313642791903002e-14,1.2793778925206544e-16
333.82,-8.312546337565749e-14,1.2808034922201198e-16
333.83,-8.311277366345427e-14,1.2781681852719746e-16
333.84,-8.310012412386853e-14,1.2766635527082004e-16
333.85,-8.30883920925055e-14,1.275799466301043e-16
333.86,-8.307640599862255e-14,1.2759721113853487e-16
333.87,-8.306467307565174e-14,1.2762724699233815e-16
333.88,-8.305205763227465e-14,1.2716404334255277e-16
333.89,-8.304126118973237e-14,1.275520461539963e-16
333.9,-8.302784568592244e-14,1.268941775701097e-16
333.91,-8.301490482393609e-14,1.2695456813399697e-16
333.92,-8.300392744529289e-14,1.2680639436460246e-16
333.93,-8.29916002055549e-14,1.2656069436322608e-16
333.94,-8.297981597995054e-14,1.2656449501399783e-16
333.95,-8.296774308488556e-14,1.2634996198504188e-16
333.96,-8.295578836844842e-14,1.2614830768807102e-16
333.97,-8.294368471945464e-14,1.259971570794247e-16
333.98,-8.293181673930563e-14,1.2594335294616646e-16
333.99,-8.291984308840197e-14,1.25683849040617e-16
334.0,-8.290784439244137e-14,1.259475464799483e-16
334.01,-8.289575941098606e-14,1.2529915099393475e-16
334.02,-8.28836327512146e-14,1.2515075915230112e-16
334.03,-8.287180120989335e-14,1.2488913317280367e-16
334.04,-8.286020555573661e-14,1.2481508381069284e-16
334.05,-8.284774169324634e-14,1.2441902289143664e-16
334.06,-8.283590555142306e-14,1.2433791048306965e-16
334.07,-8.282546133798035e-14,1.242967440645625e-16
334.08,-8.281145602109099e-14,1.2377734916146854e-16
334.09,-8.280145735668021e-14,1.2463929231102706e-16
334.1,-8.278843496272153e-14,1.235243252569646e-16
334.11,-8.277622568852186e-14,1.2318029048676412e-16
334.12,-8.276460434808265e-14,1.2299035996696242e-16
334.13,-8.275194382637214e-14,1.2245814124081168e-16
334.14,-8.274048096611304e-14,1.224849502350544e-16
334.15,-8.272882849133795e-14,1.2228357046416234e-16
334.16,-8.271645959799922e-14,1.2191703553510174e-16
334.17,-8.270448774370258e-14,1.2166516759056056e-16
334.18,-8.269064468735972e-14,1.210688790138287e-16
334.19,-8.268109983010108e-14,1.2126957729225402e-16
334.2,-8.266899941646531e-14,1.2083717986353436e-16
334.21,-8.265787375620564e-14,1.2076647583185834e-16
334.22,-8.264546120633115e-14,1.201971409992059e-16
334.23,-8.263373458218693e-14,1.2007320034927215e-16
334.24,-8.262194615482118e-14,1.1974226051557894e-16
334.25,-8.260925035260019e-14,1.192719205183305e-16
334.26,-8.259839035138945e-14,1.1921320538338663e-16
334.27,-8.258617717013877e-14,1.1866786063608476e-16
334.28,-8.25747411306966e-14,1.185350755474085e-16
334.29,-8.256323269064122e-14,1.182921649047915e-16
334.3,-8.255124927195236e-14,1.1842204913147e-16
334.31,-8.25391885655449e-14,1.1763391852036368e-16
334.32,-8.252795322223606e-14,1.1734357101558197e-16
334.33,-8.25157267314165e-14,1.1695958740174713e-16
334.34,-8.250574562585263e-14,1.166527929612985e-16
334.35,-8.249263993461517e-14,1.164740227948172e-16
334.36,-8.247958247250256e-14,1.1584055476679413e-16
334.37,-8.246915356270684e-14,1.1569080857277307e-16
334.38,-8.245738635936551e-14,1.153892413183247e-16
334.39,-8.244577874782744e-14,1.1509595350081462e-16
334.4,-8.243396081596455e-14,1.1462613628314644e-16
334.41,-8.242227430674146e-14,1.1434873404409443e-16
334.42,-8.241075281565758e-14,1.1401800966649386e-16
334.43,-8.239806399069267e-14,1.1250047634926384e-16
334.44,-8.238747011658779e-14,1.133065724100364e-16
334.45,-8.237623038480171e-14,1.1294174668838295e-16
334.46,-8.236401074972487e-14,1.1257190684290036e-16
334.47,-8.23526438545184e-14,1.1216037401018345e-16
334.48,-8.2340773256735e-14,1.118112147268051e-16
334.49,-8.232908209785079e-14,1.1136316526967996e-16
334.5,-8.231752347782414e-14,1.1109825242335449e-16
334.51,-8.23060376088032e-14,1.1072275510949938e-16
334.52,-8.229359152005454e-14,1.0969172563791402e-16
334.53,-8.228267025050524e-14,1.1002586392974599e-16
334.54,-8.227116715281334e-14,1.0952713628500897e-16
334.55,-8.225981738172754e-14,1.0913909278782725e-16
334.56,-8.224816773440043e-14,1.0879178795946089e-16
334.57,-8.22366731573418e-14,1.0841428419711729e-16
334.58,-8.22247415790373e-14,1.0787205952466687e-16
334.59,-8.221369698768362e-14,1.0768685199274469e-16
334.6,-8.220182593287361e-14,1.0712338857953593e-16
334.61,-8.218932215980557e-14,1.0626833783560432e-16
334.62,-8.21787139326054e-14,1.0635741505032684e-16
334.63,-8.216737320968389e-14,1.0606071610535005e-16
334.64,-8.215587443042773e-14,1.0560589487206959e-16
334.65,-8.214440706361928e-14,1.0519914260259721e-16
334.66,-8.213230815553631e-14,1.0468900314259898e-16
334.67,-8.212143028273175e-14,1.0435513185042198e-16
334.68,-8.210974884130352e-14,1.0387940620810767e-16
334.69,-8.209832606492213e-14,1.0348513671937809e-16
334.7,-8.208691228988442e-14,1.028719717089771e-16
334.71,-8.20751270842246e-14,1.0266024420749259e-16
334.72,-8.206358775473241e-14,1.0222940603051214e-16
334.73,-8.205264096886856e-14,1.0182170083073715e-16
334.74,-8.204098739914165e-14,1.0139259474283516e-16
334.75,-8.202980935987926e-14,1.0105440708174258e-16
334.76,-8.201828766415144e-14,1.0051683300145268e-16
334.77,-8.200673305347959e-14,9.999005398831663e-17
334.78,-8.199525547723145e-14,9.95942189644622e-17
334.79,-8.198393258888109e-14,9.917602153649936e-17
334.8,-8.197313515159963e-14,9.891462447087221e-17
334.81,-8.196084069802495e-14,9.819369875128886e-17
334.82,-8.194989458217579e-14,9.792707133374501e-17
334.83,-8.193864425033658e-14,9.745170637524904e-17
334.84,-8.192692241608271e-14,9.701738158275884e-17
334.85,-8.191568839498682e-14,9.655314410737206e-17
334.86,-8.190427576763541e-14,9.610512423355551e-17
334.87,-8.189314365888827e-14,9.568594268585292e-17
334.88,-8.188169214789178e-14,9.521198441373259e-17
334.89,-8.186974092999172e-14,9.461605448788159e-17
334.9,-8.185863546069987e-14,9.425285683083477e-17
334.91,-8.184757130791531e-14,9.389593654354587e-17
334.92,-8.18361898710289e-14,9.337365580260217e-17
334.93,-8.182486291897009e-14,9.297080074566805e-17
334.94,-8.18135588027638e-14,9.251832999572355e-17
334.95,-8.180223468347805e-14,9.204447820940123e-17
334.96,-8.179066310632825e-14,9.151944877687371e-17
334.97,-8.178008278104642e-14,9.114680535971036e-17
334.98,-8.176812918491348e-14,9.05874177331544e-17
334.99,-8.175756182023142e-14,9.046687553701639e-17
335.0,-8.174589891710679e-14,8.986670234005763e-17
335.01,-8.173491456688977e-14,8.946243810171929e-17
335.02,-8.17233376728767e-14,8.894212821482178e-17
335.03,-8.171189820308039e-14,8.839077159608169e-17
335.04,-8.170076056613373e-14,8.803520247893924e-17
335.05,-8.168932015679802e-14,8.749169691684266e-17
335.06,-8.167738948194453e-14,8.684233598957481e-17
335.07,-8.166797502921816e-14,8.672650832320626e-17
335.08,-8.165567358070233e-14,8.617891154140437e-17
335.09,-8.164482428857084e-14,8.55477659584517e-17
335.1,-8.163325246034259e-14,8.520784529779011e-17
335.11,-8.162214135615133e-14,8.484496539932726e-17
335.12,-8.16109696934045e-14,8.431727537479125e-17
335.13,-8.16000030303867e-14,8.397787671855537e-17
335.14,-8.158850224424489e-14,8.339567549003852e-17
335.15,-8.157601982128331e-14,8.272523649806193e-17
335.16,-8.156615763683523e-14,8.253262845436528e-17
335.17,-8.155497069512626e-14,8.207609244501926e-17
335.18,-8.154374338107639e-14,8.16748116099959e-17
335.19,-8.153260943756722e-14,8.123695409346736e-17
335.2,-8.152150427935663e-14,8.07388556172143e-17
335.21,-8.15101318602335e-14,8.02325372653265e-17
335.22,-8.149903456737989e-14,7.979821760138912e-17
335.23,-8.148765124711876e-14,7.927855155430189e-17
335.24,-8.14764875992168e-14,7.872217290220765e-17
335.25,-8.146526099593307e-14,7.846248062436944e-17
335.26,-8.145408595503442e-14,7.798418870981564e-17
335.27,-8.14432588437924e-14,7.76417614074659e-17
335.28,-8.143199507516735e-14,7.712171964846286e-17
335.29,-8.142115638794791e-14,7.682281028114449e-17
335.3,-8.140964064261103e-14,7.613908472743491e-17
335.31,-8.139847471008229e-14,7.568345269504063e-17
335.32,-8.1387740859784e-14,7.528441100309739e-17
335.33,-8.137644218802603e-14,7.501403501047294e-17
335.34,-8.136510864624983e-14,7.448897965792651e-17
335.35,-8.135397153431765e-14,7.394407070576988e-17
335.36,-8.134297415326827e-14,7.370032016941483e-17
335.37,-8.133193459795866e-14,7.320822612210296e-17
335.38,-8.13207344211162e-14,7.273642361050277e-17
335.39,-8.130982099190198e-14,7.237831029084145e-17
335.4,-8.129846504191172e-14,7.183962604118287e-17
335.41,-8.128754115222431e-14,7.14049408010542e-17
335.42,-8.127670405766832e-14,7.12658019964172e-17
335.43,-8.12652204336012e-14,7.059643981234656e-17
335.44,-8.12543055068843e-14,7.017170384212381e-17
335.45,-8.124336961658229e-14,6.979093043841788e-17
335.46,-8.123199650735044e-14,6.931637958041987e-17
335.47,-8.122087378447984e-14,6.887324994525926e-17
335.48,-8.12098768752194e-14,6.849739655375193e-17
335.49,-8.119878009130215e-14,6.806984761356071e-17
335.5,-8.118772973001423e-14,6.758228383021858e-17
335.51,-8.117884486309126e-14,6.749648177285686e-17
335.52,-8.116553533424622e-14,6.677367517534004e-17
335.53,-8.115505547385715e-14,6.659091581965612e-17
335.54,-8.114510002376386e-14,6.607736009310636e-17
335.55,-8.113304638901046e-14,6.579156422585038e-17
335.56,-8.112213856930193e-14,6.545434325694932e-17
335.57,-8.111073636554066e-14,6.51129359813184e-17
335.58,-8.109942427022031e-14,6.447710172621314e-17
335.59,-8.108849544894512e-14,6.401205490473232e-17
335.6,-8.107758939788958e-14,6.376756012538854e-17
335.61,-8.106601141240681e-14,6.319914794303892e-17
335.62,-8.10553486562146e-14,6.303636996983063e-17
335.63,-8.10443442281513e-14,6.260803133123723e-17
335.64,-8.103324378224191e-14,6.22017949694845e-17
335.65,-8.102213356640827e-14,6.191101773552334e-17
335.66,-8.101109449374083e-14,6.140667836258595e-17
335.67,-8.100012232993802e-14,6.103560528313519e-17
335.68,-8.098914245059896e-14,6.054233390250202e-17
335.69,-8.097679342185847e-14,6.016327645813082e-17
335.7,-8.0967026577367e-14,5.973965112048689e-17
335.71,-8.095607927323704e-14,5.952756411377964e-17
335.72,-8.094506273239446e-14,5.92585469481905e-17
335.73,-8.093414186973704e-14,5.887877044387348e-17
335.74,-8.09231420123344e-14,5.852301308266927e-17
335.75,-8.091198330209509e-14,5.808701629032015e-17
335.76,-8.090106631202114e-14,5.783197509306354e-17
335.77,-8.089000285663574e-14,5.740191178359934e-17
335.78,-8.087902080370444e-14,5.717279261951281e-17
335.79,-8.086771088389683e-14,5.619622609432708e-17
335.8,-8.085679796901341e-14,5.639653221855605e-17
335.81,-8.084564776935085e-14,5.602865706853814e-17
335.82,-8.083489505328041e-14,5.575251872839832e-17
335.83,-8.082390548609238e-14,5.5385437962201943e-17
335.84,-8.081282104357073e-14,5.4985288123953766e-17
335.85,-8.080213739990703e-14,5.4879549101997173e-17
335.86,-8.079098576142497e-14,5.4285787169573454e-17
335.87,-8.078000479824509e-14,5.406826017476909e-17
335.88,-8.076720741126372e-14,5.2999596050040453e-17
335.89,-8.075804330652053e-14,5.349104833464808e-17
335.9,-8.074700555134771e-14,5.321743789343976e-17
335.91,-8.073570291214989e-14,5.2760917779500636e-17
335.92,-8.072501722464492e-14,5.2616082245138814e-17
335.93,-8.071470090954199e-14,5.239010759222848e-17
335.94,-8.070319943681288e-14,5.2067698613048326e-17
335.95,-8.069240778619048e-14,5.1635972144804787e-17
335.96,-8.068036060815925e-14,5.1462466181111404e-17
335.97,-8.066823370663173e-14,5.130920965459077e-17
335.98,-8.065908150580477e-14,5.086610578331233e-17
335.99,-8.064801808934032e-14,5.0466816890013493e-17
336.0,-8.063699830944483e-14,5.015498404949721e-17
336.01,-8.062614620828056e-14,5.035462654246236e-17
336.02,-8.06151517661587e-14,4.968466804622991e-17
336.03,-8.060410501781569e-14,4.961257800247593e-17
336.04,-8.059307872032258e-14,4.9122473897982586e-17
336.05,-8.058271019995473e-14,4.9132079837038764e-17
336.06,-8.057131608423096e-14,4.91444684849554e-17
336.07,-8.056021541017761e-14,4.8390852503747696e-17
336.08,-8.054922390694165e-14,4.821097329442577e-17
336.09,-8.053830363181961e-14,4.823732885856062e-17
336.1,-8.05281961922899e-14,4.7803282071655593e-17
336.11,-8.05163396966365e-14,4.748743906194796e-17
336.12,-8.050518446772156e-14,4.710554677286116e-17
336.13,-8.049453760623692e-14,4.6918240180443806e-17
336.14,-8.048341973837678e-14,4.681726728763854e-17
336.15,-8.047232822697521e-14,4.678277880235358e-17
336.16,-8.046095510275514e-14,4.640417708946192e-17
336.17,-8.04502086769909e-14,4.6126278487168626e-17
336.18,-8.043923128970175e-14,4.6095136705163455e-17
336.19,-8.042827251483275e-14,4.571217268597254e-17
336.2,-8.041743255926802e-14,4.5525142495118205e-17
336.21,-8.040664265838931e-14,4.54717964047165e-17
336.22,-8.039720827921588e-14,4.529893268497349e-17
336.23,-8.038443465838314e-14,4.498491611307627e-17
336.24,-8.037374191906862e-14,4.491764810649288e-17
336.25,-8.036240555447828e-14,4.461580672012548e-17
336.26,-8.0351447078859e-14,4.448334698886447e-17
336.27,-8.034025188515775e-14,4.392749425014431e-17
336.28,-8.03295764265483e-14,4.4109737708113976e-17
336.29,-8.031901957640593e-14,4.3971442605253706e-17
336.3,-8.03074541964819e-14,4.378726845119164e-17
336.31,-8.029716936907315e-14,4.453878896015338e-17
336.32,-8.028506803012933e-14,4.333862841268995e-17
336.33,-8.027434396506383e-14,4.3288219124704126e-17
336.34,-8.026320035850745e-14,4.301286085119772e-17
336.35,-8.025230037581827e-14,4.289330037455879e-17
336.36,-8.024118000757824e-14,4.2643242889481684e-17
336.37,-8.023024020462534e-14,4.258152754005932e-17
336.38,-8.021908567916667e-14,4.241341490767859e-17
336.39,-8.020839678572112e-14,4.2436244912161765e-17
336.4,-8.019694057526772e-14,4.250134231338418e-17
336.41,-8.018596225523096e-14,4.208060532652297e-17
336.42,-8.01750348271612e-14,4.208049696813701e-17
336.43,-8.016434376156866e-14,4.190486162656012e-17
336.44,-8.015295399334926e-14,4.1816814841793534e-17
336.45,-8.014202354447052e-14,4.1533425546253094e-17
336.46,-8.013125186822379e-14,4.1668366745111555e-17
336.47,-8.0120024084851e-14,4.1399651817506695e-17
336.48,-8.010912804596587e-14,4.1375717154650594e-17
336.49,-8.00975176349056e-14,4.135463343320967e-17
336.5,-8.008709948796574e-14,4.1224677268822133e-17
336.51,-8.007601009467901e-14,4.113297301754e-17
336.52,-8.006501454624707e-14,4.104464739516095e-17
336.53,-8.005398126093905e-14,4.097274048060747e-17
336.54,-8.004312422487759e-14,4.0884907258281607e-17
336.55,-8.003195988079051e-14,4.092968482650566e-17
336.56,-8.002081283639808e-14,4.078132525647121e-17
336.57,-8.000986478393964e-14,4.0747573808318615e-17
336.58,-7.9998406216719e-14,4.043253209405138e-17
336.59,-7.998880368010193e-14,4.092420507810321e-17
336.6,-7.997655851223877e-14,4.061554543790569e-17
336.61,-7.996565945121277e-14,4.046513210968071e-17
336.62,-7.995430854995551e-14,4.039495431839708e-17
336.63,-7.994355521838764e-14,4.040475260899138e-17
336.64,-7.99322298653574e-14,4.015585840861324e-17
336.65,-7.992143377365783e-14,4.0237102442113355e-17
336.66,-7.990996575078647e-14,4.0195888707321644e-17
336.67,-7.989906343472237e-14,4.0228992081013835e-17
336.68,-7.988845992128834e-14,4.018075120510194e-17
336.69,-7.987697779513994e-14,4.0292918980490675e-17
336.7,-7.986608248544682e-14,4.029392879986747e-17
336.71,-7.985329796267329e-14,3.9435021336268703e-17
336.72,-7.98437042339321e-14,4.011478954135313e-17
336.73,-7.983269005845983e-14,4.0188043918792346e-17
336.74,-7.982029735572994e-14,3.970847268596543e-17
336.75,-7.981050077080734e-14,4.021365708079878e-17
336.76,-7.979931404491781e-14,4.0168421786467806e-17
336.77,-7.978836423400242e-14,4.035492610870903e-17
336.78,-7.977736910773219e-14,4.0371954836543025e-17
336.79,-7.976616634473307e-14,4.0270922937470167e-17
336.8,-7.97550781968965e-14,4.0350444272741316e-17
336.81,-7.974390035528981e-14,4.0312082611817086e-17
336.82,-7.97328931320899e-14,4.0448209325510514e-17
336.83,-7.972170424174359e-14,4.041852123336543e-17
336.84,-7.971081716927836e-14,4.048491426164852e-17
336.85,-7.969944805183002e-14,4.0343608753555596e-17
336.86,-7.968875756183103e-14,4.065824869133653e-17
336.87,-7.96774963123107e-14,4.068321517002687e-17
336.88,-7.966626737119045e-14,4.064561287787306e-17
336.89,-7.965533345829074e-14,4.069616722665251e-17
336.9,-7.964380135193605e-14,4.067635581312843e-17
336.91,-7.963291015786896e-14,4.0874086344701115e-17
336.92,-7.962180810782787e-14,4.084752419004009e-17
336.93,-7.961070400591593e-14,4.102898043594726e-17
336.94,-7.959933101012415e-14,4.105598999878726e-17
336.95,-7.959000580540665e-14,4.1880866891730606e-17
336.96,-7.957728746755823e-14,4.131618667643386e-17
336.97,-7.956606309370102e-14,4.135317786286265e-17
336.98,-7.955484008196722e-14,4.1464340517985546e-17
336.99,-7.954376170579478e-14,4.143428164368618e-17
337.0,-7.95326003971954e-14,4.1553921533311994e-17
337.01,-7.952169239724028e-14,4.18287833980921e-17
337.02,-7.951026060147101e-14,4.174227307870798e-17
337.03,-7.949889291258505e-14,4.1922532100971227e-17
337.04,-7.948710222329684e-14,4.2007015813505085e-17
337.05,-7.947656645194801e-14,4.208354483776686e-17
337.06,-7.946619134066434e-14,4.2509563377290775e-17
337.07,-7.945445888805434e-14,4.239750846139751e-17
337.08,-7.944317278687179e-14,4.23939593745952e-17
337.09,-7.943158600854598e-14,4.24253891709996e-17
337.1,-7.942094948921606e-14,4.280524764132389e-17
337.11,-7.940982069489612e-14,4.2853170402143933e-17
337.12,-7.939848011631041e-14,4.246314387014219e-17
337.13,-7.938673937576837e-14,4.3045661736375916e-17
337.14,-7.937610767333178e-14,4.320040392366749e-17
337.15,-7.936533958960355e-14,4.3453533878471644e-17
337.16,-7.935352456005606e-14,4.345253882863197e-17
337.17,-7.934281899877948e-14,4.372065753971866e-17
337.18,-7.933136287538616e-14,4.379168591089301e-17
337.19,-7.932051502279664e-14,4.407839024844289e-17
337.2,-7.930867797443754e-14,4.3974479427351944e-17
337.21,-7.929845569279144e-14,4.427944501079194e-17
337.22,-7.92865840637479e-14,4.438083232953089e-17
337.23,-7.927515782623144e-14,4.459892099750384e-17
337.24,-7.926415536053604e-14,4.4814181282400755e-17
337.25,-7.925284928149843e-14,4.490317003142962e-17
337.26,-7.924142458026554e-14,4.507356781536511e-17
337.27,-7.923023700357337e-14,4.525288599094192e-17
337.28,-7.921926448800524e-14,4.550790678312486e-17
337.29,-7.920769004559262e-14,4.553678311076753e-17
337.3,-7.919557243697917e-14,4.567197969249524e-17
337.31,-7.918562132518766e-14,4.610650726187783e-17
337.32,-7.917399951382947e-14,4.626913392645233e-17
337.33,-7.916282896583065e-14,4.63616990171006e-17
337.34,-7.915169307044238e-14,4.662448934871427e-17
337.35,-7.91407245700593e-14,4.685502755267489e-17
337.36,-7.912935699360498e-14,4.7082585423395806e-17
337.37,-7.911801463838936e-14,4.717248364786544e-17
337.38,-7.910641449062716e-14,4.7272817026085704e-17
337.39,-7.909546676913391e-14,4.757724854597065e-17
337.4,-7.908438468685927e-14,4.790860234692934e-17
337.41,-7.907302618509458e-14,4.804338895512241e-17
337.42,-7.906185268666706e-14,4.827926522746085e-17
337.43,-7.905027887858991e-14,4.8390263727554335e-17
337.44,-7.903917598307168e-14,4.8590765249699716e-17
337.45,-7.902782218001139e-14,4.888874397161783e-17
337.46,-7.901674004194933e-14,4.914595444667799e-17
337.47,-7.900504719679019e-14,4.9202923429176286e-17
337.48,-7.899396208811908e-14,4.954770262825513e-17
337.49,-7.898266536627175e-14,4.9757823698895024e-17
337.5,-7.897125014162295e-14,4.9951468083100754e-17
337.51,-7.896017424558582e-14,5.0110626311697853e-17
337.52,-7.894887204150139e-14,5.045515596789627e-17
337.53,-7.89376529424211e-14,5.071692986920262e-17
337.54,-7.892604420314538e-14,5.080333340328523e-17
337.55,-7.891501730866245e-14,5.1177216329376795e-17
337.56,-7.890380918262572e-14,5.140391914937694e-17
337.57,-7.889205579249805e-14,5.15784265958499e-17
337.58,-7.88804609827134e-14,5.153467423582079e-17
337.59,-7.886958917744e-14,5.2101457986523894e-17
337.6,-7.885845954011635e-14,5.237815739529605e-17
337.61,-7.884685039124863e-14,5.255951341404065e-17
337.62,-7.883557055384219e-14,5.271944669815001e-17
337.63,-7.882424585027163e-14,5.306962606485664e-17
337.64,-7.881321523412917e-14,5.341447625481857e-17
337.65,-7.880195927954029e-14,5.357540050130204e-17
337.66,-7.87902015855216e-14,5.356686365197992e-17
337.67,-7.877803733999978e-14,5.379717596633134e-17
337.68,-7.876776049532903e-14,5.4308811767328954e-17
337.69,-7.875679029881928e-14,5.475262301028165e-17
337.7,-7.874512657945879e-14,5.482014604480621e-17
337.71,-7.873359141650542e-14,5.511930595370102e-17
337.72,-7.872252236851792e-14,5.531161255602683e-17
337.73,-7.871107340566974e-14,5.56811246617579e-17
337.74,-7.870008236310079e-14,5.57945402284323e-17
337.75,-7.868819469874449e-14,5.621751386571475e-17
337.76,-7.867778379916444e-14,5.668707783745459e-17
337.77,-7.86655343232717e-14,5.665668566461902e-17
337.78,-7.86544271177486e-14,5.699245753982074e-17
337.79,-7.864269661088323e-14,5.718015091432929e-17
337.8,-7.863144452190816e-14,5.751731666479321e-17
337.81,-7.862002867248839e-14,5.777667211456184e-17
337.82,-7.860902056666184e-14,5.814953896790716e-17
337.83,-7.859710749351478e-14,5.817023967244355e-17
337.84,-7.858607747610558e-14,5.85443522222616e-17
337.85,-7.857587470883743e-14,5.917631580491847e-17
337.86,-7.856326471640272e-14,5.908526659079577e-17
337.87,-7.855204602312184e-14,5.950012878481665e-17
337.88,-7.854055210376794e-14,5.967667620837037e-17
337.89,-7.85290539922028e-14,5.975650907044661e-17
337.9,-7.851785626811481e-14,6.026999762343332e-17
337.91,-7.85066760751138e-14,6.061272067040014e-17
337.92,-7.849473970945158e-14,6.056666364224768e-17
337.93,-7.848376440327112e-14,6.094633043850415e-17
337.94,-7.847230353404062e-14,6.119658781865769e-17
337.95,-7.846112782529002e-14,6.167931715893415e-17
337.96,-7.845000404719979e-14,6.200433930193584e-17
337.97,-7.84381068587511e-14,6.214933417794404e-17
337.98,-7.842632085134718e-14,6.226334100741481e-17
337.99,-7.84154877826296e-14,6.280216879586273e-17
338.0,-7.840406691117978e-14,6.30251307970668e-17
338.01,-7.839193722920118e-14,6.303217712642078e-17
338.02,-7.838136271909666e-14,6.368414159443029e-17
338.03,-7.837220171694918e-14,6.383938587094316e-17
338.04,-7.835853501393896e-14,6.393542679260607e-17
338.05,-7.8347337151164e-14,6.452105522356698e-17
338.06,-7.833519541972499e-14,6.455156493552477e-17
338.07,-7.832452718353404e-14,6.513186261836796e-17
338.08,-7.831306636022841e-14,6.538844228090041e-17
338.09,-7.830193053126095e-14,6.571289582173686e-17
338.1,-7.829095782946826e-14,6.600652954878878e-17
338.11,-7.827874612157673e-14,6.620159171271591e-17
338.12,-7.826982491495942e-14,6.716139171161096e-17
338.13,-7.825645903393948e-14,6.691302783277159e-17
338.14,-7.824471542652533e-14,6.706053735056804e-17
338.15,-7.823356727924495e-14,6.689056806883507e-17
338.16,-7.822205164163768e-14,6.770369126756822e-17
338.17,-7.82103858830987e-14,6.780965418016218e-17
338.18,-7.819922556094137e-14,6.833492554620688e-17
338.19,-7.818793665841782e-14,6.860284369027613e-17
338.2,-7.817597956927803e-14,6.867811257159688e-17
338.21,-7.816571601186527e-14,6.933230600378085e-17
338.22,-7.81536129580385e-14,6.938163063206421e-17
338.23,-7.8142033104565e-14,6.956452808715922e-17
338.24,-7.813112603732614e-14,7.017294174637158e-17
338.25,-7.811936932171424e-14,7.017709590999251e-17
338.26,-7.81079852866985e-14,7.036373471996194e-17
338.27,-7.80964608498437e-14,7.077807130761628e-17
338.28,-7.808230948017778e-14,7.119977003163069e-17
338.29,-7.807342049104526e-14,7.121740944878112e-17
338.3,-7.806234692556283e-14,7.163626967756031e-17
338.31,-7.805080326188291e-14,7.180627778389708e-17
338.32,-7.803931773405315e-14,7.201831379951075e-17
338.33,-7.802825222816183e-14,7.240764237069851e-17
338.34,-7.801672387010681e-14,7.26823953222542e-17
338.35,-7.800537936405019e-14,7.290691610099461e-17
338.36,-7.799380877254514e-14,7.32436133016248e-17
338.37,-7.798278256824515e-14,7.373733085180903e-17
338.38,-7.79701369949439e-14,7.377093184362916e-17
338.39,-7.795946591242738e-14,7.382813914427555e-17
338.4,-7.79482614070305e-14,7.422621702373682e-17
338.41,-7.79362598545128e-14,7.442726503218355e-17
338.42,-7.79257433868979e-14,7.47980793990762e-17
338.43,-7.791391483592475e-14,7.505601127889826e-17
338.44,-7.790234193920499e-14,7.522703987417661e-17
338.45,-7.789124080175877e-14,7.558904336093523e-17
338.46,-7.788010343119355e-14,7.612908285056475e-17
338.47,-7.786888231940665e-14,7.60077667480863e-17
338.48,-7.785699780603865e-14,7.63444742200404e-17
338.49,-7.784546048313527e-14,7.653263378989032e-17
338.5,-7.78343332358489e-14,7.684489942446115e-17
338.51,-7.782289634171358e-14,7.71180605451443e-17
338.52,-7.781139666648616e-14,7.722422879857795e-17
338.53,-7.779993676696554e-14,7.748185178123553e-17
338.54,-7.778872157418372e-14,7.77894910270819e-17
338.55,-7.777830102829044e-14,7.841373530007033e-17
338.56,-7.776515349598124e-14,7.822080664618744e-17
338.57,-7.775495493644136e-14,7.867894129481138e-17
338.58,-7.774300805574104e-14,7.876418512645415e-17
338.59,-7.77318278277285e-14,7.910037197262007e-17
338.6,-7.772027892698044e-14,7.926065866728665e-17
338.61,-7.770916449023456e-14,7.962595808760075e-17
338.62,-7.769761406808671e-14,7.973707683630271e-17
338.63,-7.768617022601504e-14,8.003996104403963e-17
338.64,-7.767455975265338e-14,8.02011071258425e-17
338.65,-7.766329420409979e-14,8.044479806890312e-17
338.66,-7.765277630353172e-14,8.086335088914888e-17
338.67,-7.764059167146241e-14,8.095888399982327e-17
338.68,-7.762962965166858e-14,8.127920947741805e-17
338.69,-7.76179010715399e-14,8.134685782815004e-17
338.7,-7.760662974842535e-14,8.159928006319765e-17
338.71,-7.759519465628519e-14,8.183133069156059e-17
338.72,-7.758409028349992e-14,8.212002321381065e-17
338.73,-7.757246717536722e-14,8.227681916271565e-17
338.74,-7.756134970922588e-14,8.242055101133387e-17
338.75,-7.754973367823597e-14,8.279742032550658e-17
338.76,-7.753864107321143e-14,8.287211869099938e-17
338.77,-7.752719448021435e-14,8.313831487460563e-17
338.78,-7.751612554288252e-14,8.339826073328949e-17
338.79,-7.750445830014064e-14,8.358827156992036e-17
338.8,-7.749324367047277e-14,8.381465507760462e-17
338.81,-7.748231279229561e-14,8.409363028486555e-17
338.82,-7.747028813529502e-14,8.419901120228833e-17
338.83,-7.74594073695248e-14,8.450312040830589e-17
338.84,-7.744742963979182e-14,8.453968899999155e-17
338.85,-7.7436478770345e-14,8.474482355009664e-17
338.86,-7.742481505975054e-14,8.477895726935718e-17
338.87,-7.741389961677547e-14,8.50743742829423e-17
338.88,-7.740236993253114e-14,8.533094391691324e-17
338.89,-7.739106231119305e-14,8.549341802270664e-17
338.9,-7.73798645466051e-14,8.581722772057324e-17
338.91,-7.736793094931482e-14,8.577755804301781e-17
338.92,-7.735695603200153e-14,8.595733782929465e-17
338.93,-7.734554893648711e-14,8.610325238189813e-17
338.94,-7.733425803930562e-14,8.620762041934766e-17
338.95,-7.732304301579291e-14,8.660098005572283e-17
338.96,-7.731197344192862e-14,8.679862153944611e-17
338.97,-7.730072818718822e-14,8.700694237797476e-17
338.98,-7.728928782011841e-14,8.707098792822545e-17
338.99,-7.727840812619049e-14,8.7376733642544e-17
339.0,-7.726634464037331e-14,8.748086561753454e-17
339.01,-7.725582040984399e-14,8.767823139006676e-17
339.02,-7.724413279430426e-14,8.778001066263094e-17
339.03,-7.723274643899515e-14,8.789692661539292e-17
339.04,-7.722150893134325e-14,8.793019402378652e-17
339.05,-7.721041642775759e-14,8.822023734045425e-17
339.06,-7.719897785821057e-14,8.832556824671936e-17
339.07,-7.718825941894398e-14,8.852795272133708e-17
339.08,-7.717669766296079e-14,8.867460911892666e-17
339.09,-7.716606992101978e-14,8.928477371368815e-17
339.1,-7.715348868936781e-14,8.874045104447359e-17
339.11,-7.714283045592624e-14,8.906297208930043e-17
339.12,-7.713158416472578e-14,8.930520823479885e-17
339.13,-7.712009207281074e-14,8.9207448008841e-17
339.14,-7.71090511177103e-14,8.945545098058383e-17
339.15,-7.709765441374194e-14,8.955031223819589e-17
339.16,-7.708650029718464e-14,8.976870289625638e-17
339.17,-7.707535653538041e-14,8.991194586092653e-17
339.18,-7.706439833903885e-14,9.018409766355565e-17
339.19,-7.705294969893927e-14,9.016456774565518e-17
339.2,-7.704142073790884e-14,9.019278947637562e-17
339.21,-7.703041235695667e-14,9.02648788260714e-17
339.22,-7.70193249616798e-14,9.041666125305054e-17
339.23,-7.700798060440898e-14,9.042547285357274e-17
339.24,-7.699711395833061e-14,9.067611607531072e-17
339.25,-7.698554446008808e-14,9.070486919024779e-17
339.26,-7.697420863515032e-14,9.085190701230489e-17
339.27,-7.696331841864443e-14,9.079828710173108e-17
339.28,-7.695183675378963e-14,9.099743335046646e-17
339.29,-7.694051230129055e-14,9.11679226961059e-17
339.3,-7.692970075146388e-14,9.121585698840253e-17
339.31,-7.691825653797157e-14,9.120198441459712e-17
339.32,-7.690722869457513e-14,9.132404964190525e-17
339.33,-7.689604677514646e-14,9.139725426727376e-17
339.34,-7.688498682731033e-14,9.154075554481295e-17
339.35,-7.687396334238954e-14,9.171486617010121e-17
339.36,-7.686226772228844e-14,9.15427411525983e-17
339.37,-7.68516467143069e-14,9.187289187794406e-17
339.38,-7.684020088408884e-14,9.182059905927964e-17
339.39,-7.682887641014187e-14,9.17525553157642e-17
339.4,-7.681768341121507e-14,9.183462555496906e-17
339.41,-7.680720330923517e-14,9.208388268879871e-17
339.42,-7.679460618177739e-14,9.175685320208935e-17
339.43,-7.678485117649357e-14,9.216004967245846e-17
339.44,-7.677336215680997e-14,9.217470410017613e-17
339.45,-7.676172364475542e-14,9.1682295129558e-17
339.46,-7.675135744645298e-14,9.248421810177561e-17
339.47,-7.673982908352955e-14,9.222861554678354e-17
339.48,-7.672897859456477e-14,9.202956681901574e-17
339.49,-7.671761170743263e-14,9.223177767482052e-17
339.5,-7.670688596297092e-14,9.233372827864923e-17
339.51,-7.669584382154416e-14,9.242515964184044e-17
339.52,-7.668470030439385e-14,9.250613412325766e-17
339.53,-7.667340728851708e-14,9.248500664771473e-17
339.54,-7.666268242801007e-14,9.251821638924664e-17
339.55,-7.665157179693112e-14,9.273967348799612e-17
339.56,-7.664069977117525e-14,9.274640018407179e-17
339.57,-7.662923370511272e-14,9.255493741958288e-17
339.58,-7.661902800479287e-14,9.288829540675844e-17
339.59,-7.660768908443607e-14,9.272441761725993e-17
339.6,-7.659602794118746e-14,9.25677855055815e-17
339.61,-7.658517716595268e-14,9.261867051937289e-17
339.62,-7.657406341126226e-14,9.265505702524921e-17
339.63,-7.656293140332408e-14,9.25990626436775e-17
339.64,-7.655216149575087e-14,9.285623003447026e-17
339.65,-7.654105244313044e-14,9.270379340867814e-17
339.66,-7.652990594374693e-14,9.260860876629271e-17
339.67,-7.651903336499386e-14,9.268740036204783e-17
339.68,-7.650785066551387e-14,9.267592768135937e-17
339.69,-7.649707813067305e-14,9.269423566717085e-17
339.7,-7.648584763971035e-14,9.262576481141235e-17
339.71,-7.647470758526531e-14,9.264013740885239e-17
339.72,-7.64638082348913e-14,9.251286282304454e-17
339.73,-7.645301063451091e-14,9.30230031593044e-17
339.74,-7.644208595745031e-14,9.256577807077211e-17
339.75,-7.643118891087817e-14,9.265536879797628e-17
339.76,-7.642025437473e-14,9.251734473958198e-17
339.77,-7.640926525648336e-14,9.253040558969645e-17
339.78,-7.639834592305095e-14,9.248331626426613e-17
339.79,-7.638735545886328e-14,9.241502261188357e-17
339.8,-7.637590534581477e-14,9.22975415899126e-17
339.81,-7.636534408569727e-14,9.231972309707594e-17
339.82,-7.635532820187775e-14,9.336411881280268e-17
339.83,-7.63433018559861e-14,9.204113434449294e-17
339.84,-7.633262328322208e-14,9.212163099791927e-17
339.85,-7.632146267370466e-14,9.192113461222572e-17
339.86,-7.631124434799431e-14,9.213933216623738e-17
339.87,-7.629985107582349e-14,9.205782030421463e-17
339.88,-7.62890988857728e-14,9.200820720839313e-17
339.89,-7.627786019389758e-14,9.180637029039033e-17
339.9,-7.626739409135735e-14,9.17723731335285e-17
339.91,-7.625829374878805e-14,9.221844756225292e-17
339.92,-7.62455756362684e-14,9.174821400446174e-17
339.93,-7.623482849842416e-14,9.169785557835514e-17
339.94,-7.622363246325123e-14,9.158126582767405e-17
339.95,-7.621296621921442e-14,9.10956771838451e-17
339.96,-7.620206293509714e-14,9.147027019965441e-17
339.97,-7.619149979678973e-14,9.136866430893339e-17
339.98,-7.617996210249361e-14,9.1202114051817e-17
339.99,-7.616903089995325e-14,9.1029037653004e-17
340.0,-7.615951072795874e-14,9.110583761904483e-17
340.01,-7.614806501857881e-14,9.116690930664758e-17
340.02,-7.613703664786519e-14,9.094401804592851e-17
340.03,-7.612618248810143e-14,9.069450095347458e-17
340.04,-7.611493785266262e-14,9.072420571657606e-17
340.05,-7.610448072804095e-14,9.065296396542773e-17
340.06,-7.609338083809113e-14,9.054183322401383e-17
340.07,-7.608118428895433e-14,8.990433165697037e-17
340.08,-7.607205968798352e-14,9.032254376777887e-17
340.09,-7.606179619262843e-14,9.015827374259275e-17
340.1,-7.60506709746671e-14,9.022212311773193e-17
340.11,-7.603990991951338e-14,9.003279372255353e-17
340.12,-7.602998978734282e-14,9.051691867745042e-17
340.13,-7.601802643244161e-14,8.964478045277743e-17
340.14,-7.600776688936031e-14,8.985994503248779e-17
340.15,-7.599686738364209e-14,8.955508567997164e-17
340.16,-7.598586856832305e-14,8.840253489085962e-17
340.17,-7.597514688352929e-14,8.932252126081918e-17
340.18,-7.596464713751382e-14,8.920077588677629e-17
340.19,-7.595393378392385e-14,8.91803810725869e-17
340.2,-7.594305884964421e-14,8.896648330052707e-17
340.21,-7.593238550697512e-14,8.894905588392314e-17
340.22,-7.592177439894581e-14,8.874985512397378e-17
340.23,-7.591103064576109e-14,8.868485185162804e-17
340.24,-7.590069384453977e-14,8.865254388678336e-17
340.25,-7.589046743125378e-14,8.828757129441369e-17
340.26,-7.58790301847686e-14,8.817246740171505e-17
340.27,-7.586865163364516e-14,8.814559269996234e-17
340.28,-7.585771601417748e-14,8.806020122857053e-17
340.29,-7.584699180575551e-14,8.778158321785415e-17
340.3,-7.583606285232177e-14,8.761350494082697e-17
340.31,-7.582557592007065e-14,8.751934053553689e-17
340.32,-7.581454597824205e-14,8.7088245395362e-17
340.33,-7.580436140014831e-14,8.727542539114518e-17
340.34,-7.579431476601036e-14,8.735353750235753e-17
340.35,-7.578305082038677e-14,8.661298680022966e-17
340.36,-7.577242780021049e-14,8.66792098608777e-17
340.37,-7.57617312291886e-14,8.663390549459235e-17
340.38,-7.575121736842254e-14,8.650403032700561e-17
340.39,-7.574044979480704e-14,8.629564774231199e-17
340.4,-7.573032679083402e-14,8.610459015640566e-17
340.41,-7.571941868548948e-14,8.598694463520666e-17
340.42,-7.570875636486774e-14,8.583742805707892e-17
340.43,-7.569825485504295e-14,8.59859321107539e-17
340.44,-7.568749669408448e-14,8.55281047706095e-17
340.45,-7.567717550159983e-14,8.540670243574602e-17
340.46,-7.566638528598852e-14,8.515642435549142e-17
340.47,-7.565596088481688e-14,8.507104999779455e-17
340.48,-7.564505098087058e-14,8.481702761054856e-17
340.49,-7.563457771579048e-14,8.465029075999666e-17
340.5,-7.56241243562886e-14,8.448383590770763e-17
340.51,-7.561374409004366e-14,8.43740635430206e-17
340.52,-7.56032405395967e-14,8.430730950074128e-17
340.53,-7.55926529378315e-14,8.392898128784921e-17
340.54,-7.5582227137467e-14,8.389574323632638e-17
340.55,-7.557128708716084e-14,8.355431180741798e-17
340.56,-7.556080027252413e-14,8.343500106639491e-17
340.57,-7.555097208008174e-14,8.359324263265246e-17
340.58,-7.554001567150928e-14,8.310871272113467e-17
340.59,-7.552944052497471e-14,8.294165151844603e-17
340.6,-7.551918001542792e-14,8.281175105565073e-17
340.61,-7.550878712701344e-14,8.269840378893579e-17
340.62,-7.549804565287569e-14,8.264647769207993e-17
340.63,-7.548755600701873e-14,8.216002079383684e-17
340.64,-7.547698919569694e-14,8.20104834228607e-17
340.65,-7.546599512537779e-14,8.189818262632344e-17
340.66,-7.545599419255263e-14,8.16524882300725e-17
340.67,-7.544572932763013e-14,8.145027300665119e-17
340.68,-7.543485008088736e-14,8.121694598580211e-17
340.69,-7.542486711245602e-14,8.108601476971876e-17
340.7,-7.541404744451935e-14,8.097626320255372e-17
340.71,-7.540377256188644e-14,8.058473393242146e-17
340.72,-7.539353863215566e-14,8.04638758871494e-17
340.73,-7.538270592808037e-14,8.021073804546403e-17
340.74,-7.537250191669264e-14,8.01839935464991e-17
340.75,-7.536197463084729e-14,7.988791170139817e-17
340.76,-7.53516318264637e-14,7.975517367808183e-17
340.77,-7.534129052843466e-14,7.953864341507605e-17
340.78,-7.533069939041038e-14,7.954783594400903e-17
340.79,-7.532034443144262e-14,7.919528356814482e-17
340.8,-7.530903484171613e-14,7.861368135712904e-17
340.81,-7.529975471336838e-14,7.874995409766294e-17
340.82,-7.528910415797919e-14,7.854498386451661e-17
340.83,-7.527864305847038e-14,7.815064361450135e-17
340.84,-7.526840070544186e-14,7.823139163600209e-17
340.85,-7.525798088762162e-14,7.791110508043199e-17
340.86,-7.524754658048736e-14,7.770140943481024e-17
340.87,-7.523729493297168e-14,7.753358231416446e-17
340.88,-7.522728240953238e-14,7.726196137968442e-17
340.89,-7.521747137486037e-14,7.675015829065347e-17
340.9,-7.520628394624438e-14,7.697518003748477e-17
340.91,-7.519611148828306e-14,7.665274730234646e-17
340.92,-7.518561473025456e-14,7.648371909347441e-17
340.93,-7.51750667957056e-14,7.624971060332894e-17
340.94,-7.516481573962874e-14,7.603586535233182e-17
340.95,-7.515458494824661e-14,7.596235061355136e-17
340.96,-7.514418463219312e-14,7.57163887121099e-17
340.97,-7.513420785694553e-14,7.538963359639575e-17
340.98,-7.512316286632369e-14,7.531455918775605e-17
340.99,-7.511327080393038e-14,7.509437582585125e-17
341.0,-7.510277271902813e-14,7.471170667817538e-17
341.01,-7.509271152481671e-14,7.468525826506403e-17
341.02,-7.508232652870558e-14,7.444316284275889e-17
341.03,-7.507182473525637e-14,7.426249586475877e-17
341.04,-7.506165347895153e-14,7.42588197987477e-17
341.05,-7.505133408637828e-14,7.384968351734709e-17
341.06,-7.504136535890136e-14,7.369412007201671e-17
341.07,-7.503223400753329e-14,7.370464697257102e-17
341.08,-7.502065042461317e-14,7.323114982049159e-17
341.09,-7.501033868739585e-14,7.299612023278713e-17
341.1,-7.499983749407106e-14,7.277785413658024e-17
341.11,-7.498963589534887e-14,7.251684275877047e-17
341.12,-7.497995085203112e-14,7.24718697884172e-17
341.13,-7.496932422961939e-14,7.224932091086617e-17
341.14,-7.495919601882896e-14,7.198128785066695e-17
341.15,-7.494823355774606e-14,7.165739356485403e-17
341.16,-7.493868729212644e-14,7.162788394650627e-17
341.17,-7.492862021888161e-14,7.138965810079586e-17
341.18,-7.49180739220456e-14,7.11826820605593e-17
341.19,-7.490784605957025e-14,7.098570509331367e-17
341.2,-7.489731940215565e-14,7.066581456692259e-17
341.21,-7.488714971866727e-14,7.055640745693785e-17
341.22,-7.487715880286095e-14,7.031936514894448e-17
341.23,-7.48669461726708e-14,7.022750036590102e-17
341.24,-7.485657728002948e-14,7.023409771333333e-17
341.25,-7.484651284137093e-14,6.975364456162427e-17
341.26,-7.483656726611422e-14,6.958649852059124e-17
341.27,-7.482596634557414e-14,6.93297261373744e-17
341.28,-7.481600006987829e-14,6.914984775744674e-17
341.29,-7.480573117710811e-14,6.899708274892508e-17
341.3,-7.479573069358504e-14,6.885972890744836e-17
341.31,-7.47854777406415e-14,6.858357328115226e-17
341.32,-7.477565527876738e-14,6.852817124664535e-17
341.33,-7.476492603384322e-14,6.813610622889274e-17
341.34,-7.475517506967158e-14,6.805396362122043e-17
341.35,-7.474463157275372e-14,6.778257723364592e-17
341.36,-7.47345114709992e-14,6.762411133440739e-17
341.37,-7.472451580978662e-14,6.743854170474715e-17
341.38,-7.471372609945283e-14,6.706843253783226e-17
341.39,-7.470398632481037e-14,6.697961713523271e-17
341.4,-7.469373721034932e-14,6.676806369964414e-17
341.41,-7.468358677919474e-14,6.659826066327742e-17
341.42,-7.467329595337757e-14,6.635192885778641e-17
341.43,-7.466420039963809e-14,6.642720993515235e-17
341.44,-7.465319544659295e-14,6.614287040813191e-17
341.45,-7.464259435887649e-14,6.574715811935729e-17
341.46,-7.463278219089423e-14,6.556348497156457e-17
341.47,-7.46226889659942e-14,6.54974487981946e-17
341.48,-7.461263520691716e-14,6.536270257860593e-17
341.49,-7.460222407000841e-14,6.504689631922652e-17
341.5,-7.459230992236455e-14,6.492354572064691e-17
341.51,-7.458195642472049e-14,6.483341070648434e-17
341.52,-7.457215800349161e-14,6.489445240424367e-17
341.53,-7.456186838180959e-14,6.441806990247225e-17
341.54,-7.455172408530472e-14,6.417768418297278e-17
341.55,-7.454146861557085e-14,6.386726637043203e-17
341.56,-7.453134909885789e-14,6.387548795777857e-17
341.57,-7.452116590022746e-14,6.359358593045415e-17
341.58,-7.451129268837232e-14,6.33871624985018e-17
341.59,-7.45003725390087e-14,6.322786316005573e-17
341.6,-7.449120098620551e-14,6.308944432262973e-17
341.61,-7.44818972860878e-14,6.336556698655969e-17
341.62,-7.447085813913611e-14,6.279843135770401e-17
341.63,-7.446066476809193e-14,6.259779557492646e-17
341.64,-7.445079877199637e-14,6.249857050006945e-17
341.65,-7.44404120985217e-14,6.229395490169261e-17
341.66,-7.443041838689748e-14,6.207343689513155e-17
341.67,-7.442025099786876e-14,6.190987103160057e-17
341.68,-7.440992102214202e-14,6.176917944864658e-17
341.69,-7.439984864539335e-14,6.148448905658524e-17
341.7,-7.438869431123829e-14,6.091101844752192e-17
341.71,-7.437982578362986e-14,6.12383286391657e-17
341.72,-7.436988973695681e-14,6.10292610818406e-17
341.73,-7.435982927642677e-14,6.101123008185434e-17
341.74,-7.434970879151845e-14,6.07868592187603e-17
341.75,-7.433963614545625e-14,6.061935855033019e-17
341.76,-7.432971836586909e-14,6.048189860260206e-17
341.77,-7.431923688238022e-14,6.045382182024625e-17
341.78,-7.430947166361736e-14,6.022670912650208e-17
341.79,-7.429913433100972e-14,5.957752799769267e-17
341.8,-7.428966393972028e-14,6.004609770264633e-17
341.81,-7.427921801355155e-14,5.969549437539486e-17
341.82,-7.426932514563579e-14,5.969978051881372e-17
341.83,-7.425915177296085e-14,5.967499757783345e-17
341.84,-7.42491856319365e-14,5.932149412029429e-17
341.85,-7.423900860116735e-14,5.915644368842309e-17
341.86,-7.422998201169263e-14,5.95068061974952e-17
341.87,-7.421875656552395e-14,5.879945589897303e-17
341.88,-7.420796888729355e-14,5.818683138875317e-17
341.89,-7.419896037801769e-14,5.867082630726774e-17
341.9,-7.418858012671817e-14,5.835738085942092e-17
341.91,-7.417868716671595e-14,5.832884734122862e-17
341.92,-7.416912435099877e-14,5.854125609610372e-17
341.93,-7.415851878440267e-14,5.801896762099267e-17
341.94,-7.414896419789537e-14,5.792253972766273e-17
341.95,-7.413862621432328e-14,5.79115500902753e-17
341.96,-7.412813029633044e-14,5.757172936602748e-17
341.97,-7.411458895275203e-14,5.67835113999576e-17
341.98,-7.410836731516703e-14,5.755267150919478e-17
341.99,-7.409817492885974e-14,5.724654211649686e-17
342.0,-7.408832592465771e-14,5.730265093762593e-17
342.01,-7.407874698731068e-14,5.699625447358969e-17
342.02,-7.406800613353455e-14,5.690945641692935e-17
342.03,-7.405799454096935e-14,5.674006395942343e-17
342.04,-7.40477285506731e-14,5.645258207844178e-17
342.05,-7.403795232429067e-14,5.659503569410852e-17
342.06,-7.402781958029423e-14,5.597318488886701e-17
342.07,-7.401801565814342e-14,5.639200054204892e-17
342.08,-7.400805842417262e-14,5.622340331908607e-17
342.09,-7.399739346365004e-14,5.574670988898995e-17
342.1,-7.398827615289894e-14,5.60304262502345e-17
342.11,-7.397744280338822e-14,5.587533351958852e-17
342.12,-7.39676046181046e-14,5.573406404986126e-17
342.13,-7.395939874828546e-14,5.602054114707416e-17
342.14,-7.394764655426201e-14,5.55279488703181e-17
342.15,-7.393698656780588e-14,5.5247072212854693e-17
342.16,-7.39275586653325e-14,5.5397012743167514e-17
342.17,-7.391743533750918e-14,5.530525325370074e-17
342.18,-7.390746298970628e-14,5.511884441027409e-17
342.19,-7.389753922043965e-14,5.5112066819406724e-17
342.2,-7.388725121208745e-14,5.5032339217204783e-17
342.21,-7.387740559988362e-14,5.493496003340318e-17
342.22,-7.387152573083393e-14,5.564364635917562e-17
342.23,-7.38574118497914e-14,5.4677312582890723e-17
342.24,-7.384850560699485e-14,5.4836068109239545e-17
342.25,-7.383716026620687e-14,5.4606920151743744e-17
342.26,-7.382742577688542e-14,5.466852442447335e-17
342.27,-7.381708205942589e-14,5.44072856588787e-17
342.28,-7.380726950921766e-14,5.4364407131795905e-17
342.29,-7.379717128825723e-14,5.452893564665687e-17
342.3,-7.378702447672562e-14,5.4170048649133494e-17
342.31,-7.377739111284996e-14,5.446315234532958e-17
342.32,-7.376695769618295e-14,5.3930537646740945e-17
342.33,-7.375677503663693e-14,5.408588852490373e-17
342.34,-7.374702630219225e-14,5.402920296354023e-17
342.35,-7.373698494214082e-14,5.39794460586522e-17
342.36,-7.372688696327135e-14,5.3835525065487006e-17
342.37,-7.371702428703791e-14,5.3735752803819614e-17
342.38,-7.370655388136747e-14,5.36390427089594e-17
342.39,-7.369671536386485e-14,5.360452814751875e-17
342.4,-7.368618568246769e-14,5.327515497903301e-17
342.41,-7.36767991159277e-14,5.362791181348521e-17
342.42,-7.366654455152488e-14,5.335825134692879e-17
342.43,-7.365668040200093e-14,5.3485312227060845e-17
342.44,-7.364661208724413e-14,5.334454149237915e-17
342.45,-7.36363625341079e-14,5.328876311245721e-17
342.46,-7.36266028057599e-14,5.3369391662215436e-17
342.47,-7.361660094567079e-14,5.327722542726915e-17
342.48,-7.36064478749395e-14,5.3193849322328914e-17
342.49,-7.359589804220197e-14,5.299399798630806e-17
342.5,-7.358657845550692e-14,5.320507378822097e-17
342.51,-7.357567820892284e-14,5.285880560263183e-17
342.52,-7.356627524846337e-14,5.310308051192568e-17
342.53,-7.355631229216689e-14,5.3041152134034536e-17
342.54,-7.354525518076528e-14,5.27173016444516e-17
342.55,-7.353555655700401e-14,5.2815792852700395e-17
342.56,-7.352603171556008e-14,5.292735745466453e-17
342.57,-7.351640228679974e-14,5.298814823854154e-17
342.58,-7.350586398189629e-14,5.284559475590631e-17
342.59,-7.34961569202148e-14,5.285261328080494e-17
342.6,-7.348603139566231e-14,5.2735937852379765e-17
342.61,-7.347580465324764e-14,5.280809520924569e-17
342.62,-7.346580589006812e-14,5.27331877516156e-17
342.63,-7.345567873630382e-14,5.274130552355035e-17
342.64,-7.344580822972108e-14,5.2772755652752634e-17
342.65,-7.343570561738078e-14,5.2742117129283017e-17
342.66,-7.342584743051933e-14,5.279263811850863e-17
342.67,-7.341548286151821e-14,5.2715170195978715e-17
342.68,-7.340536531272244e-14,5.269564826764637e-17
342.69,-7.339556689839464e-14,5.272360290392393e-17
342.7,-7.338567547964632e-14,5.27574013310741e-17
342.71,-7.337549368394629e-14,5.282772507152477e-17
342.72,-7.336514017790955e-14,5.2600211852758085e-17
342.73,-7.335539702567704e-14,5.269987411831496e-17
342.74,-7.334547993769571e-14,5.2840952551423143e-17
342.75,-7.333534132435963e-14,5.2690367550697115e-17
342.76,-7.332577280108366e-14,5.29137765580214e-17
342.77,-7.331591459055947e-14,5.2866898427440286e-17
342.78,-7.33053516332131e-14,5.270740566911728e-17
342.79,-7.329505121464902e-14,5.2750144890612743e-17
342.8,-7.328505137823647e-14,5.2867447948798044e-17
342.81,-7.327434099328184e-14,5.256235403094539e-17
342.82,-7.32648569963477e-14,5.2783780653273485e-17
342.83,-7.325474238486305e-14,5.277081382645249e-17
342.84,-7.324488054641985e-14,5.2770041963713193e-17
342.85,-7.323572762467073e-14,5.311334705587816e-17
342.86,-7.322690819745029e-14,5.356440352114235e-17
342.87,-7.321441289605685e-14,5.2907973085188866e-17
342.88,-7.320419887583536e-14,5.2986848308636076e-17
342.89,-7.31943225784998e-14,5.2883873580880863e-17
342.9,-7.318415272447657e-14,5.2901122924166424e-17
342.91,-7.317434859463808e-14,5.3040018905003924e-17
342.92,-7.316371549745733e-14,5.2883023900948744e-17
342.93,-7.315424935034635e-14,5.310018986648549e-17
342.94,-7.31437143470882e-14,5.291831173799523e-17
342.95,-7.313416125094289e-14,5.317491779685588e-17
342.96,-7.312388957318211e-14,5.312748409481498e-17
342.97,-7.311409990721918e-14,5.3198140665654855e-17
342.98,-7.31038818108861e-14,5.3202754625972064e-17
342.99,-7.309370994357177e-14,5.330815180689484e-17
343.0,-7.308362770814471e-14,5.327379909266114e-17
343.01,-7.307375549104134e-14,5.333218906977101e-17
343.02,-7.306346946597833e-14,5.3419120536736904e-17
343.03,-7.305337148730002e-14,5.329885649995115e-17
343.04,-7.304322547332972e-14,5.358335543128331e-17
343.05,-7.303286556086819e-14,5.345697796833934e-17
343.06,-7.302278807497081e-14,5.3472495243610445e-17
343.07,-7.301287752583853e-14,5.361167053652659e-17
343.08,-7.300279241407638e-14,5.372438067625883e-17
343.09,-7.299281128039049e-14,5.3690366120548424e-17
343.1,-7.298268511865913e-14,5.3703003598066417e-17
343.11,-7.297287378387529e-14,5.391952413556872e-17
343.12,-7.296163059621342e-14,5.3839579937712743e-17
343.13,-7.295174383326084e-14,5.3732409626123704e-17
343.14,-7.294218270190597e-14,5.3871590221897154e-17
343.15,-7.293195044207919e-14,5.395298516039252e-17
343.16,-7.292197044510263e-14,5.40930236111609e-17
343.17,-7.291200812690338e-14,5.42174839763922e-17
343.18,-7.290180830107489e-14,5.41987690008907e-17
343.19,-7.28920846175511e-14,5.444106397466609e-17
343.2,-7.288179245520433e-14,5.4441048722434685e-17
343.21,-7.287167129197681e-14,5.451626562805237e-17
343.22,-7.28617249785434e-14,5.4553032094252065e-17
343.23,-7.285134224626392e-14,5.464314126955786e-17
343.24,-7.284101561235677e-14,5.463310902685222e-17
343.25,-7.283125129451726e-14,5.477022176841882e-17
343.26,-7.282084256761126e-14,5.476660400987777e-17
343.27,-7.281056797864605e-14,5.48230831776633e-17
343.28,-7.280063199694909e-14,5.4937405322954457e-17
343.29,-7.279062334994262e-14,5.506434167388208e-17
343.3,-7.278015084031852e-14,5.521901745473446e-17
343.31,-7.277043198074977e-14,5.52852845721476e-17
343.32,-7.27605018802744e-14,5.536096119343106e-17
343.33,-7.275099649712845e-14,5.600952060737795e-17
343.34,-7.274018769939414e-14,5.552558560114549e-17
343.35,-7.2729963060183e-14,5.5494238561437546e-17
343.36,-7.272000097277549e-14,5.604084400460996e-17
343.37,-7.270972070427738e-14,5.562888341851506e-17
343.38,-7.269971498311269e-14,5.584099704805413e-17
343.39,-7.268922714178646e-14,5.591580826145722e-17
343.4,-7.267923959052897e-14,5.590662406859483e-17
343.41,-7.266912668516255e-14,5.604583370501604e-17
343.42,-7.265878240187184e-14,5.608655981390594e-17
343.43,-7.264886221715401e-14,5.621843139115093e-17
343.44,-7.263919803860655e-14,5.660194870689166e-17
343.45,-7.2628512725992e-14,5.638667619685492e-17
343.46,-7.261820838431747e-14,5.650699033958627e-17
343.47,-7.260829495530293e-14,5.665874425646667e-17
343.48,-7.259799610533377e-14,5.66702769073632e-17
343.49,-7.25880300655882e-14,5.660746226298415e-17
343.5,-7.257762394563954e-14,5.682926480444496e-17
343.51,-7.256760541024604e-14,5.695339990204625e-17
343.52,-7.255755773306394e-14,5.70357363044027e-17
343.53,-7.25473954353733e-14,5.720057053695184e-17
343.54,-7.253724666749704e-14,5.726582615553062e-17
343.55,-7.252698973745213e-14,5.742447320843147e-17
343.56,-7.251706258605314e-14,5.751727753476168e-17
343.57,-7.250707990120408e-14,5.769869287336392e-17
343.58,-7.249690282279136e-14,5.7739381993376e-17
343.59,-7.248638954761976e-14,5.775506768597313e-17
343.6,-7.247626391429102e-14,5.780829180934044e-17
343.61,-7.2466127624454e-14,5.799142024415574e-17
343.62,-7.245581715206242e-14,5.797072955554248e-17
343.63,-7.2445323671158e-14,5.779164971641307e-17
343.64,-7.243577441267945e-14,5.838511011636425e-17
343.65,-7.242614274019595e-14,5.849598910522025e-17
343.66,-7.241521427861299e-14,5.83166068183883e-17
343.67,-7.240552946106318e-14,5.845393159104418e-17
343.68,-7.23950730462008e-14,5.861383855149606e-17
343.69,-7.238486414473267e-14,5.879819142606734e-17
343.7,-7.237462120901032e-14,5.891483870774746e-17
343.71,-7.23641406886825e-14,5.88665726293085e-17
343.72,-7.235434673667121e-14,5.908098278152934e-17
343.73,-7.234405211721365e-14,5.920396135465318e-17
343.74,-7.23344180905032e-14,5.97666149304505e-17
343.75,-7.232350706774827e-14,5.935043346662969e-17
343.76,-7.23134321425001e-14,5.843399468753482e-17
343.77,-7.23034961619548e-14,5.970722484129964e-17
343.78,-7.229325986221966e-14,5.976846968246461e-17
343.79,-7.22830901201099e-14,5.988458351987074e-17
343.8,-7.227260288084124e-14,5.981184645169581e-17
343.81,-7.226270189193709e-14,6.014650685116703e-17
343.82,-7.225245027528778e-14,6.020213862683212e-17
343.83,-7.224273787491993e-14,6.040165929520805e-17
343.84,-7.223251916829857e-14,6.05967437764234e-17
343.85,-7.2220779928903e-14,5.981381133673633e-17
343.86,-7.221202973250385e-14,6.07594778549276e-17
343.87,-7.220170169170152e-14,6.080612012368415e-17
343.88,-7.219132560571926e-14,6.091414798628853e-17
343.89,-7.218117417387207e-14,6.150226840419917e-17
343.9,-7.217114626675518e-14,6.117606416215039e-17
343.91,-7.216085539452934e-14,6.148457466409408e-17
343.92,-7.215149649104707e-14,6.162129967253074e-17
343.93,-7.214082847124713e-14,6.155681729427563e-17
343.94,-7.21293862654204e-14,6.123589579237149e-17
343.95,-7.212034956094904e-14,6.148697173147794e-17
343.96,-7.21099649751066e-14,6.178842937107386e-17
343.97,-7.209939680204122e-14,6.190439609342157e-17
343.98,-7.208975118135183e-14,6.207655443730255e-17
343.99,-7.207960923309455e-14,6.217631222590837e-17
344.0,-7.206927887096973e-14,6.226306075324961e-17
344.01,-7.205844857569872e-14,6.31844437184896e-17
344.02,-7.204900301535925e-14,6.254460623740783e-17
344.03,-7.203835967047674e-14,6.260949561391022e-17
344.04,-7.202854989947809e-14,6.282310740121707e-17
344.05,-7.201836832968008e-14,6.288328149491265e-17
344.06,-7.200877991388458e-14,6.301433927498102e-17
344.07,-7.199815497018878e-14,6.310649668938511e-17
344.08,-7.198783343756914e-14,6.334528176694866e-17
344.09,-7.197747379128916e-14,6.321687050972905e-17
344.1,-7.196612552608319e-14,6.323665535867637e-17
344.11,-7.195793369102154e-14,6.366205172559113e-17
344.12,-7.194683373600694e-14,6.36051347900843e-17
344.13,-7.193700349049856e-14,6.377246958334764e-17
344.14,-7.192701959646955e-14,6.386023243828427e-17
344.15,-7.191670976736115e-14,6.405173302525806e-17
344.16,-7.190647875392465e-14,6.398405810257693e-17
344.17,-7.189598070366579e-14,6.421218536062298e-17
344.18,-7.188593476982911e-14,6.428373685840668e-17
344.19,-7.187495284325143e-14,6.396202014381336e-17
344.2,-7.186521825502352e-14,6.447879386587118e-17
344.21,-7.185519842910308e-14,6.456289166599298e-17
344.22,-7.184520552663748e-14,6.479988330773886e-17
344.23,-7.18347857564785e-14,6.48558977295824e-17
344.24,-7.182488101220719e-14,6.511175350417284e-17
344.25,-7.18147160361476e-14,6.518329517350285e-17
344.26,-7.180440441085585e-14,6.516854332276513e-17
344.27,-7.179416110636637e-14,6.531792401668855e-17
344.28,-7.178389326221253e-14,6.503287462138548e-17
344.29,-7.177324628927207e-14,6.529871013539158e-17
344.3,-7.176319500688057e-14,6.550658469134778e-17
344.31,-7.175342396580775e-14,6.582206822946922e-17
344.32,-7.174313140988648e-14,6.584825060449637e-17
344.33,-7.173324863078837e-14,6.609331297914708e-17
344.34,-7.17229074623031e-14,6.609664195813977e-17
344.35,-7.171301177982691e-14,6.621389836487242e-17
344.36,-7.170258233718605e-14,6.629751735120899e-17
344.37,-7.169233320788278e-14,6.628944811490003e-17
344.38,-7.168206860049851e-14,6.649128668905837e-17
344.39,-7.167171219255554e-14,6.647876654818508e-17
344.4,-7.166183442072916e-14,6.676250569960424e-17
344.41,-7.165149903901323e-14,6.670548959066051e-17
344.42,-7.164129868647357e-14,6.695446788582452e-17
344.43,-7.163139121621025e-14,6.711179551173549e-17
344.44,-7.16209282947288e-14,6.717573406222701e-17
344.45,-7.16109185489745e-14,6.719573445520909e-17
344.46,-7.160055620300224e-14,6.724393341274494e-17
344.47,-7.159033057276237e-14,6.74344566088678e-17
344.48,-7.158017646218313e-14,6.744223249026837e-17
344.49,-7.157021743360589e-14,6.765650742226106e-17
344.5,-7.156009619026258e-14,6.781253654008532e-17
344.51,-7.154980040264875e-14,6.782781018197597e-17
344.52,-7.153951166716213e-14,6.79035108659618e-17
344.53,-7.153016558627501e-14,6.783706091490216e-17
344.54,-7.151899637147245e-14,6.809628946682167e-17
344.55,-7.150929872073046e-14,6.815701785128699e-17
344.56,-7.150018530808081e-14,6.816845835621738e-17
344.57,-7.148857291798005e-14,6.830959079263428e-17
344.58,-7.147828708988e-14,6.841823254707017e-17
344.59,-7.146820141950843e-14,6.854955886551733e-17
344.6,-7.145837720165973e-14,6.867805212797585e-17
344.61,-7.144796089952889e-14,6.870207991522002e-17
344.62,-7.14379469772189e-14,6.885871221068167e-17
344.63,-7.142750891233231e-14,6.887613235863225e-17
344.64,-7.141775091685942e-14,6.906641028417669e-17
344.65,-7.140796790159162e-14,6.924029081890799e-17
344.66,-7.13969598381895e-14,6.910772264263539e-17
344.67,-7.138698336239551e-14,6.935925870466654e-17
344.68,-7.137676472657175e-14,6.932631070627303e-17
344.69,-7.136680696482868e-14,6.94535773520131e-17
344.7,-7.135658786124658e-14,6.95076694630719e-17
344.71,-7.13465485752964e-14,6.968725073949238e-17
344.72,-7.133668677098474e-14,6.967501789552645e-17
344.73,-7.132601313110078e-14,6.975814823435813e-17
344.74,-7.131582147657833e-14,6.999590244686289e-17
344.75,-7.130581267422814e-14,6.992059757325395e-17
344.76,-7.12958807905793e-14,7.001337896294906e-17
344.77,-7.128535254221138e-14,6.988764778955635e-17
344.78,-7.127554904023223e-14,7.020344362298909e-17
344.79,-7.126541119505401e-14,7.025243223311296e-17
344.8,-7.125523635552238e-14,7.033446384301662e-17
344.81,-7.124513735121356e-14,7.037539158147017e-17
344.82,-7.123556139658735e-14,7.060964609226926e-17
344.83,-7.122345303591796e-14,7.034668188940401e-17
344.84,-7.121456473638017e-14,7.052430128944459e-17
344.85,-7.120468401268062e-14,7.069678548706086e-17
344.86,-7.119435404086231e-14,7.069363760479194e-17
344.87,-7.118440662805968e-14,7.08708569825151e-17
344.88,-7.117421076492217e-14,7.086749525574558e-17
344.89,-7.116374135928951e-14,7.08974570713001e-17
344.9,-7.115420980013514e-14,7.102510096425693e-17
344.91,-7.114517682031927e-14,7.134646614377728e-17
344.92,-7.113345072651975e-14,7.108932093230366e-17
344.93,-7.112337858531062e-14,7.116165328609349e-17
344.94,-7.111351442570039e-14,7.131338391305633e-17
344.95,-7.110312622339247e-14,7.123992764578166e-17
344.96,-7.109318902211311e-14,7.139810797009328e-17
344.97,-7.108329892617201e-14,7.150141741188423e-17
344.98,-7.10731077848861e-14,7.167821394387376e-17
344.99,-7.1063128888808e-14,7.15163798539881e-17
345.0,-7.105260267245392e-14,7.179715558917756e-17
345.01,-7.104280541611586e-14,7.142527298722189e-17
345.02,-7.103245596948301e-14,7.160653235020197e-17
345.03,-7.102248576300285e-14,7.177181968498499e-17
345.04,-7.101236817234242e-14,7.17802187753426e-17
345.05,-7.100214584396166e-14,7.178549694039052e-17
345.06,-7.099214238492638e-14,7.191995316819872e-17
345.07,-7.098191822830158e-14,7.196124247055005e-17
345.08,-7.097185811351994e-14,7.187253285574084e-17
345.09,-7.096140887920239e-14,7.182149146045071e-17
345.1,-7.095271291894558e-14,7.221374205069401e-17
345.11,-7.094138672905494e-14,7.194954865557783e-17
345.12,-7.093176135053697e-14,7.215534627835629e-17
345.13,-7.09215142059847e-14,7.214889529399825e-17
345.14,-7.091165912874511e-14,7.233752967264649e-17
345.15,-7.090143722027693e-14,7.219015834641605e-17
345.16,-7.089122426858434e-14,7.230185945193141e-17
345.17,-7.088137693508462e-14,7.224985133456525e-17
345.18,-7.087099760061068e-14,7.230348900734132e-17
345.19,-7.08611429630122e-14,7.235973504503738e-17
345.2,-7.085133988342275e-14,7.250851838077483e-17
345.21,-7.08411665384064e-14,7.252206240491865e-17
345.22,-7.083091032957166e-14,7.245759864511663e-17
345.23,-7.08211026128194e-14,7.25394554967118e-17
345.24,-7.081108264441901e-14,7.256945591214378e-17
345.25,-7.080090071541637e-14,7.25800536635057e-17
345.26,-7.079081476561897e-14,7.257078474288481e-17
345.27,-7.078078888619886e-14,7.263015563853588e-17
345.28,-7.077045901031749e-14,7.243940925583924e-17
345.29,-7.076056668462074e-14,7.259795672271246e-17
345.3,-7.0751013765851e-14,7.286910770818382e-17
345.31,-7.074058454645056e-14,7.260834215756817e-17
345.32,-7.073061285945475e-14,7.278393200305178e-17
345.33,-7.072076963660784e-14,7.273040609892025e-17
345.34,-7.071073364503223e-14,7.280579765739487e-17
345.35,-7.070056207595122e-14,7.278703916568267e-17
345.36,-7.069087031512443e-14,7.285747754369215e-17
345.37,-7.067997052548005e-14,7.263210741335441e-17
345.38,-7.067076660243081e-14,7.270788283761201e-17
345.39,-7.066081249990203e-14,7.289591966665534e-17
345.4,-7.065068545832661e-14,7.287193460190472e-17
345.41,-7.064009125105749e-14,7.262651948876944e-17
345.42,-7.063078209145177e-14,7.293998798008524e-17
345.43,-7.062068587437477e-14,7.285448489750214e-17
345.44,-7.061097718458285e-14,7.305943182019353e-17
345.45,-7.060138802314026e-14,7.314481530254381e-17
345.46,-7.059095865654102e-14,7.274821934341702e-17
345.47,-7.058077078303534e-14,7.286789313058391e-17
345.48,-7.057079965662475e-14,7.288771751978378e-17
345.49,-7.056125436783359e-14,7.306966602619526e-17
345.5,-7.055083569133101e-14,7.290813535295529e-17
345.51,-7.054125423560319e-14,7.304873690279213e-17
345.52,-7.053095693833751e-14,7.287045177555576e-17
345.53,-7.052206348242068e-14,7.312593126318371e-17
345.54,-7.051086747314695e-14,7.287111304344088e-17
345.55,-7.050107506044533e-14,7.275228049376238e-17
345.56,-7.049114587028839e-14,7.282733950147214e-17
345.57,-7.048170424680445e-14,7.300883946725237e-17
345.58,-7.047108425027293e-14,7.280707921318941e-17
345.59,-7.046146892074542e-14,7.289680768513989e-17
345.6,-7.045236199501614e-14,7.317318891826124e-17
345.61,-7.044110035731633e-14,7.277246211018124e-17
345.62,-7.043141275514266e-14,7.284828374670747e-17
345.63,-7.042176664744396e-14,7.274052437298153e-17
345.64,-7.041225514759596e-14,7.33069707050337e-17
345.65,-7.040189076416996e-14,7.274937543476635e-17
345.66,-7.039160011409276e-14,7.27151145226293e-17
345.67,-7.038191837967342e-14,7.268308447042501e-17
345.68,-7.037222325089045e-14,7.281521518440403e-17
345.69,-7.03620633176953e-14,7.266814753890893e-17
345.7,-7.035229447684658e-14,7.26237304396506e-17
345.71,-7.034297467656296e-14,7.241299997749881e-17
345.72,-7.033240799502427e-14,7.264506120367736e-17
345.73,-7.032209070059417e-14,7.291177116043204e-17
345.74,-7.03128037291679e-14,7.253510429218391e-17
345.75,-7.030279625520612e-14,7.258310918357355e-17
345.76,-7.029306423642506e-14,7.243767485604205e-17
345.77,-7.028307219401236e-14,7.229355656182974e-17
345.78,-7.027331794949057e-14,7.250300484679952e-17
345.79,-7.02631171665848e-14,7.229613725025803e-17
345.8,-7.025231943601954e-14,7.212331675485792e-17
345.81,-7.024391168793484e-14,7.244759411866093e-17
345.82,-7.023517175450796e-14,7.326431814602343e-17
345.83,-7.022435671436275e-14,7.24289113709192e-17
345.84,-7.021408312809624e-14,7.224778555094776e-17
345.85,-7.020412446460729e-14,7.204824528569681e-17
345.86,-7.019364425336575e-14,7.161350057115358e-17
345.87,-7.018442144387126e-14,7.207430635641505e-17
345.88,-7.017414933307398e-14,7.201078943521225e-17
345.89,-7.016420763096335e-14,7.208079677886535e-17
345.9,-7.015509025651042e-14,7.197608263439918e-17
345.91,-7.014939203516308e-14,7.331415820097776e-17
345.92,-7.013590278707984e-14,7.21219366838759e-17
345.93,-7.012571127968509e-14,7.186302456350953e-17
345.94,-7.011679345297054e-14,7.18590846437491e-17
345.95,-7.010594985582947e-14,7.178006353274699e-17
345.96,-7.009623891084004e-14,7.174737340593213e-17
345.97,-7.008595077555787e-14,7.157468744302117e-17
345.98,-7.007740038869669e-14,7.164575407112503e-17
345.99,-7.006726538391682e-14,7.16818692787144e-17
346.0,-7.00557254180283e-14,7.152160414000477e-17
346.01,-7.004739106132856e-14,7.145279134842453e-17
346.02,-7.003755709334415e-14,7.13963781891006e-17
346.03,-7.002784317346598e-14,7.144676296756434e-17
346.04,-7.001785678004814e-14,7.136701260046456e-17
346.05,-7.000790263824084e-14,7.109849879912584e-17
346.06,-6.999848047403515e-14,7.123695300560951e-17
346.07,-6.998430266916851e-14,6.971213457246713e-17
346.08,-6.997882887749988e-14,7.103847112590389e-17
346.09,-6.996845847452581e-14,7.10363772508343e-17
346.1,-6.995925578553099e-14,7.092296189637951e-17
346.11,-6.994955312717711e-14,7.091118725351328e-17
346.12,-6.99400709024726e-14,7.098907982959302e-17
346.13,-6.993002360570287e-14,7.075125496415042e-17
346.14,-6.992046145404033e-14,7.074927815952949e-17
346.15,-6.991063706060967e-14,7.053977953796351e-17
346.16,-6.989913359258808e-14,6.95107107275638e-17
346.17,-6.989149181562075e-14,7.048120166276779e-17
346.18,-6.988088819338706e-14,7.027454332687544e-17
346.19,-6.987218534058586e-14,7.0485769136458e-17
346.2,-6.986173767810049e-14,7.01408724130017e-17
346.21,-6.985271909543687e-14,7.038582985426984e-17
346.22,-6.984259002331209e-14,7.014205123791621e-17
346.23,-6.983344485657998e-14,7.013040307240939e-17
346.24,-6.982337369345788e-14,7.001898245644922e-17
346.25,-6.981249059088855e-14,6.966368442142461e-17
346.26,-6.980440179974089e-14,7.022147185523403e-17
346.27,-6.979458052609545e-14,6.989459813640332e-17
346.28,-6.978473532944711e-14,6.977415457077807e-17
346.29,-6.977493337405919e-14,6.963714013849854e-17
346.3,-6.976508477496596e-14,6.95805899961545e-17
346.31,-6.975533001657834e-14,6.936968742758367e-17
346.32,-6.974605107249448e-14,6.944346490201101e-17
346.33,-6.973644552858913e-14,6.946796162824594e-17
346.34,-6.972668470394866e-14,6.927794089055648e-17
346.35,-6.97173131402603e-14,6.924133669666121e-17
346.36,-6.970746897169856e-14,6.924654062815778e-17
346.37,-6.969772268371919e-14,6.910454714871236e-17
346.38,-6.968822963421468e-14,6.907081704330972e-17
346.39,-6.967858058503611e-14,6.903256508313948e-17
346.4,-6.966885592424261e-14,6.894986442438183e-17
346.41,-6.965941354981456e-14,6.885287747363485e-17
346.42,-6.96495037959645e-14,6.873200484649257e-17
346.43,-6.964049750980862e-14,6.867620413743392e-17
346.44,-6.963047852397765e-14,6.843005022062231e-17
346.45,-6.962122627499352e-14,6.864840220652958e-17
346.46,-6.961117986895109e-14,6.831791063555474e-17
346.47,-6.960146739796572e-14,6.825301718132886e-17
346.48,-6.959225418878028e-14,6.833389834983539e-17
346.49,-6.958201093734676e-14,6.810415211708054e-17
346.5,-6.957252477803801e-14,6.798775742834535e-17
346.51,-6.956316272114372e-14,6.799308570881765e-17
346.52,-6.955368495028749e-14,6.792298751173698e-17
346.53,-6.954440161243933e-14,6.79335804057448e-17
346.54,-6.953409316251959e-14,6.769520018053544e-17
346.55,-6.952512034915962e-14,6.767259739453538e-17
346.56,-6.951521679011693e-14,6.750877100325772e-17
346.57,-6.950611745708002e-14,6.760748471113122e-17
346.58,-6.949623626062363e-14,6.743508636082405e-17
346.59,-6.94867761548626e-14,6.736556171199473e-17
346.6,-6.947727545903281e-14,6.726965333543435e-17
346.61,-6.946797263158954e-14,6.720684221558599e-17
346.62,-6.94583549086987e-14,6.708469059330521e-17
346.63,-6.944808534559944e-14,6.682248269183393e-17
346.64,-6.9438848473506e-14,6.690945620329645e-17
346.65,-6.942953893359325e-14,6.670759612570947e-17
346.66,-6.941995127803496e-14,6.675102554738994e-17
346.67,-6.941039706816112e-14,6.658614774978803e-17
346.68,-6.940093371606246e-14,6.651613859910863e-17
346.69,-6.939135198108904e-14,6.638827953949143e-17
346.7,-6.938167895495008e-14,6.611057128910619e-17
346.71,-6.93719945341725e-14,6.58449915822769e-17
346.72,-6.936240917212368e-14,6.617439360538913e-17
346.73,-6.935337663403635e-14,6.610534406861361e-17
346.74,-6.934357863495492e-14,6.596080906434213e-17
346.75,-6.933439872755534e-14,6.591990679079387e-17
346.76,-6.932479419395541e-14,6.57511906737682e-17
346.77,-6.931545980748005e-14,6.572787095225648e-17
346.78,-6.930587612984882e-14,6.557390036519432e-17
346.79,-6.929596442174787e-14,6.532500789943504e-17
346.8,-6.928689278795067e-14,6.515428809488227e-17
346.81,-6.927756852625919e-14,6.539126494813346e-17
346.82,-6.926798515367391e-14,6.502275878863962e-17
346.83,-6.925860052800485e-14,6.517124844876956e-17
346.84,-6.924911191066375e-14,6.51262554918576e-17
346.85,-6.923940461882113e-14,6.496680881941935e-17
346.86,-6.923021068646406e-14,6.486304696385758e-17
346.87,-6.922062564793377e-14,6.478607536138776e-17
346.88,-6.921195208319049e-14,6.508554293921949e-17
346.89,-6.9201238163456e-14,6.456128229988258e-17
346.9,-6.919212671178085e-14,6.449673399979148e-17
346.91,-6.918270215054043e-14,6.445261596378048e-17
346.92,-6.917343681820564e-14,6.436935559593886e-17
346.93,-6.916394549475907e-14,6.425659552772507e-17
346.94,-6.915441802546891e-14,6.408023213806986e-17
346.95,-6.914523955716317e-14,6.395426106936349e-17
346.96,-6.91355304984759e-14,6.389731674541493e-17
346.97,-6.912596740006746e-14,6.379686344520956e-17
346.98,-6.911774286218531e-14,6.395345258741926e-17
346.99,-6.91074648720172e-14,6.376441566476589e-17
347.0,-6.909809163415941e-14,6.362342036487284e-17
347.01,-6.908875981640207e-14,6.354723132722464e-17
347.02,-6.907928555929702e-14,6.3453969256554e-17
347.03,-6.906953705210321e-14,6.34264074150811e-17
347.04,-6.906047833364377e-14,6.313087587070524e-17
347.05,-6.905064518789215e-14,6.287520579090822e-17
347.06,-6.904213982139396e-14,6.320743112673287e-17
347.07,-6.903225985355695e-14,6.302924898656722e-17
347.08,-6.902266048239524e-14,6.256076863344256e-17
347.09,-6.901361122400152e-14,6.281339396213218e-17
347.1,-6.900399519642824e-14,6.264588772596518e-17
347.11,-6.899486795066329e-14,6.267278517787095e-17
347.12,-6.898559072722366e-14,6.250171394080044e-17
347.13,-6.897621164243778e-14,6.257922678543015e-17
347.14,-6.896662705186722e-14,6.23307151827833e-17
347.15,-6.895746876001732e-14,6.227547341094535e-17
347.16,-6.89479788536e-14,6.217765782884454e-17
347.17,-6.893869518042796e-14,6.213757609084054e-17
347.18,-6.892921973766541e-14,6.207197376176204e-17
347.19,-6.891987012660191e-14,6.191511662146467e-17
347.2,-6.891070773752753e-14,6.185269578454119e-17
347.21,-6.890148878191104e-14,6.125938690886632e-17
347.22,-6.889193775411894e-14,6.167304504674598e-17
347.23,-6.888237422247534e-14,6.146676615267392e-17
347.24,-6.887277306654708e-14,6.100314177816617e-17
347.25,-6.88639089540551e-14,6.136888416531877e-17
347.26,-6.885417368536635e-14,6.125010502757773e-17
347.27,-6.884533479232515e-14,6.129419090520844e-17
347.28,-6.883587296282322e-14,6.108002100138626e-17
347.29,-6.882628395060814e-14,6.106908908154572e-17
347.3,-6.881725450182618e-14,6.104912781859516e-17
347.31,-6.880788705999563e-14,6.091823100315292e-17
347.32,-6.879843382724951e-14,6.064130996338201e-17
347.33,-6.878929692915432e-14,6.06733567119511e-17
347.34,-6.877976055908639e-14,6.053832188896162e-17
347.35,-6.87708045751774e-14,6.049733229652186e-17
347.36,-6.87616111948117e-14,6.052976841173263e-17
347.37,-6.875223659873523e-14,6.047268332562244e-17
347.38,-6.874296353839588e-14,6.047263357460493e-17
347.39,-6.87335414673425e-14,6.019233730776391e-17
347.4,-6.872436088458112e-14,6.015689905703953e-17
347.41,-6.871464671248915e-14,5.992510217856069e-17
347.42,-6.870582696059849e-14,6.018062519069327e-17
347.43,-6.869617834994067e-14,5.986795896323442e-17
347.44,-6.86868480278428e-14,5.979623705889496e-17
347.45,-6.867767464874936e-14,5.970067614639821e-17
347.46,-6.866840192044695e-14,5.959728998695424e-17
347.47,-6.86592691374951e-14,5.959159534908025e-17
347.48,-6.864982722328804e-14,5.94092242602349e-17
347.49,-6.864066383972601e-14,5.94340761130833e-17
347.5,-6.863128947490296e-14,5.931147530666665e-17
347.51,-6.862163393257757e-14,5.913803083294756e-17
347.52,-6.861263867997498e-14,5.897250567054394e-17
347.53,-6.860355329402808e-14,5.911075325622192e-17
347.54,-6.859391199258811e-14,5.913025013421447e-17
347.55,-6.858528091138382e-14,5.900010094108181e-17
347.56,-6.857603750304059e-14,5.901392331626012e-17
347.57,-6.856646049716059e-14,5.87438978614608e-17
347.58,-6.855735705981481e-14,5.882871952319463e-17
347.59,-6.854812340496434e-14,5.842642718104297e-17
347.6,-6.853958422301219e-14,5.85948667864463e-17
347.61,-6.852865080741097e-14,5.819519242860831e-17
347.62,-6.852007995427735e-14,5.849589153896511e-17
347.63,-6.851159357869689e-14,5.845787840767868e-17
347.64,-6.850196394096817e-14,5.835954552052636e-17
347.65,-6.849284385980854e-14,5.851632877996241e-17
347.66,-6.848346243690888e-14,5.824608032500554e-17
347.67,-6.847411305772879e-14,5.821919972849764e-17
347.68,-6.846470238117713e-14,5.801937102151193e-17
347.69,-6.845591442020298e-14,5.814181429146541e-17
347.7,-6.844542961821653e-14,5.863042549418093e-17
347.71,-6.843724717746517e-14,5.783630044155435e-17
347.72,-6.842811103267641e-14,5.783387546860803e-17
347.73,-6.841897841318293e-14,5.784568885761472e-17
347.74,-6.840978281409779e-14,5.802884002941807e-17
347.75,-6.840028854548693e-14,5.762017755226131e-17
347.76,-6.839139598254771e-14,5.770300401893871e-17
347.77,-6.838158842028816e-14,5.729156365420352e-17
347.78,-6.837267781626272e-14,5.740926410282761e-17
347.79,-6.836406710421432e-14,5.81570569603513e-17
347.8,-6.835404038711443e-14,5.722798164240211e-17
347.81,-6.834503790685556e-14,5.729917791404505e-17
347.82,-6.833600511138217e-14,5.746582790858644e-17
347.83,-6.832687852328909e-14,5.685590854912118e-17
347.84,-6.831743407499833e-14,5.708224928270514e-17
347.85,-6.830795747144897e-14,5.68991234961589e-17
347.86,-6.829949404626524e-14,5.63586067684616e-17
347.87,-6.828952047707844e-14,5.691170651485957e-17
347.88,-6.828133780008084e-14,5.734367713557906e-17
347.89,-6.827158488068305e-14,5.676795197612065e-17
347.9,-6.826220522519887e-14,5.684543615306669e-17
347.91,-6.825282295426438e-14,5.718805877921399e-17
347.92,-6.824390306581733e-14,5.670904778733658e-17
347.93,-6.823460191194108e-14,5.662480385492275e-17
347.94,-6.822569497446917e-14,5.673590328611072e-17
347.95,-6.821778224533508e-14,5.724475953626527e-17
347.96,-6.820703810508498e-14,5.648725030175789e-17
347.97,-6.819863303887375e-14,5.67612239967219e-17
347.98,-6.81888005178585e-14,5.643590037706721e-17
347.99,-6.817964231140555e-14,5.643345721886174e-17
348.0,-6.817024816032028e-14,5.609181670064653e-17
348.01,-6.816131988221376e-14,5.628719341814122e-17
348.02,-6.815207820746515e-14,5.620997891966194e-17
348.03,-6.814266145546833e-14,5.619265435913709e-17
348.04,-6.813448135892325e-14,5.687724488075316e-17
348.05,-6.812486623989121e-14,5.606024693382288e-17
348.06,-6.811529787679655e-14,5.616669603285884e-17
348.07,-6.81063373323505e-14,5.606855071861716e-17
348.08,-6.809712561885623e-14,5.60601224601747e-17
348.09,-6.80877827762066e-14,5.586526663268949e-17
348.1,-6.807878035896906e-14,5.5949418794471e-17
348.11,-6.80694703653666e-14,5.585553691246352e-17
348.12,-6.806056570497005e-14,5.587442758039526e-17
348.13,-6.805111644960703e-14,5.626044269332166e-17
348.14,-6.804296689611397e-14,5.604305213176747e-17
348.15,-6.803295817023026e-14,5.597586175227449e-17
348.16,-6.802362506163187e-14,5.578186765121231e-17
348.17,-6.80152020015704e-14,5.574589203199421e-17
348.18,-6.800518721082196e-14,5.55768739469982e-17
348.19,-6.799631422986133e-14,5.571005001423731e-17
348.2,-6.79872408215069e-14,5.564213118381734e-17
348.21,-6.797765581405757e-14,5.556156060476874e-17
348.22,-6.796847580033122e-14,5.561868035560972e-17
348.23,-6.795972841993755e-14,5.55962079960706e-17
348.24,-6.795064883076645e-14,5.567338432391689e-17
348.25,-6.79413394804211e-14,5.5449809192739195e-17
348.26,-6.793212479317188e-14,5.54701004796984e-17
348.27,-6.792300841945938e-14,5.532173263579791e-17
348.28,-6.791364349556765e-14,5.532682966745758e-17
348.29,-6.790469033676747e-14,5.536359708041741e-17
348.3,-6.789533139334869e-14,5.5383624100904886e-17
348.31,-6.788677933539602e-14,5.5383967878245196e-17
348.32,-6.787801310266007e-14,5.557487155701233e-17
348.33,-6.786806904224695e-14,5.5268448775242863e-17
348.34,-6.785897548175251e-14,5.530674868157652e-17
348.35,-6.784977279794629e-14,5.5322402248705835e-17
348.36,-6.78409426051435e-14,5.521840245915034e-17
348.37,-6.783131307293585e-14,5.508954910793097e-17
348.38,-6.782243978744218e-14,5.519134211895035e-17
348.39,-6.781333099248222e-14,5.5220004802002766e-17
348.4,-6.780396034231874e-14,5.516701969031513e-17
348.41,-6.779499314740979e-14,5.5182524675279724e-17
348.42,-6.77858392972573e-14,5.5245190173505964e-17
348.43,-6.777685686075688e-14,5.5200983517112697e-17
348.44,-6.776716421920133e-14,5.480090643912203e-17
348.45,-6.775837104606559e-14,5.512394861632579e-17
348.46,-6.774932477007807e-14,5.518016588641594e-17
348.47,-6.773903650015125e-14,5.4678126407713824e-17
348.48,-6.773092301079405e-14,5.5101999228444116e-17
348.49,-6.772161004706544e-14,5.501658683893905e-17
348.5,-6.77127542810527e-14,5.5077909567334593e-17
348.51,-6.770370344869642e-14,5.52088260354714e-17
348.52,-6.769442500785321e-14,5.50451591101176e-17
348.53,-6.768507246891689e-14,5.4996597854735856e-17
348.54,-6.767583816902044e-14,5.505000001113667e-17
348.55,-6.766686441556286e-14,5.50550042201498e-17
348.56,-6.76577232374049e-14,5.501349622943788e-17
348.57,-6.764880259039412e-14,5.504773568580356e-17
348.58,-6.763944250993163e-14,5.4894753678779225e-17
348.59,-6.763013037325048e-14,5.496015326809061e-17
348.6,-6.762141292187086e-14,5.5109702460173077e-17
348.61,-6.761191236251804e-14,5.5016508364023404e-17
348.62,-6.760302410617905e-14,5.512066258047183e-17
348.63,-6.7593659189512e-14,5.4981891058801015e-17
348.64,-6.758478036775183e-14,5.508760804256715e-17
348.65,-6.757543066792345e-14,5.501978016589198e-17
348.66,-6.756662183871594e-14,5.514513034636544e-17
348.67,-6.755729386614034e-14,5.52036817825784e-17
348.68,-6.754867080171672e-14,5.535468352680266e-17
348.69,-6.75387701627111e-14,5.507368025164107e-17
348.7,-6.753056089956143e-14,5.529718602162959e-17
348.71,-6.752051596858329e-14,5.5102682060580115e-17
348.72,-6.751158725055477e-14,5.5073012137962025e-17
348.73,-6.750241626980285e-14,5.516936284865157e-17
348.74,-6.74932781361278e-14,5.515531952073469e-17
348.75,-6.748435283037322e-14,5.508390564131342e-17
348.76,-6.747520290482472e-14,5.488903977262831e-17
348.77,-6.746558481647398e-14,5.5330992940723834e-17
348.78,-6.745671509360644e-14,5.520697043141924e-17
348.79,-6.74479200713026e-14,5.540853717595171e-17
348.8,-6.743829890442713e-14,5.526298985174555e-17
348.81,-6.742926913825706e-14,5.512715903564637e-17
348.82,-6.7420548745145e-14,5.546478862867077e-17
348.83,-6.741099125682334e-14,5.502317706042648e-17
348.84,-6.740161005111071e-14,5.521396405342594e-17
348.85,-6.73916376297508e-14,5.468628810963484e-17
348.86,-6.738412322964914e-14,5.544507226715235e-17
348.87,-6.737474817731366e-14,5.538504651865169e-17
348.88,-6.736561664698706e-14,5.5340121483600726e-17
348.89,-6.7356000038587e-14,5.527075484201457e-17
348.9,-6.734710877569907e-14,5.537588199217548e-17
348.91,-6.73380130824652e-14,5.5415167959294797e-17
348.92,-6.732906077834133e-14,5.5434052771703016e-17
348.93,-6.73195116265587e-14,5.5418334912036697e-17
348.94,-6.731033276502765e-14,5.523313767934819e-17
348.95,-6.730117694541238e-14,5.5406670568075703e-17
348.96,-6.729254002971643e-14,5.571660061595565e-17
348.97,-6.728330537991357e-14,5.551440686410371e-17
348.98,-6.727396592555776e-14,5.556134056357397e-17
348.99,-6.72648763639109e-14,5.562918110707431e-17
349.0,-6.725595672848124e-14,5.553971099117404e-17
349.01,-6.724668468118814e-14,5.565951614491371e-17
349.02,-6.723724414298108e-14,5.562837715599246e-17
349.03,-6.722793842048058e-14,5.559544447953897e-17
349.04,-6.721916531423458e-14,5.5588538506865e-17
349.05,-6.720998659674225e-14,5.582358823910801e-17
349.06,-6.720095680396836e-14,5.572286315456431e-17
349.07,-6.719182395930252e-14,5.581646720634423e-17
349.08,-6.718255585731866e-14,5.578279576867152e-17
349.09,-6.717355649333418e-14,5.587694984839796e-17
349.1,-6.71644059558016e-14,5.583440003738222e-17
349.11,-6.715504410402783e-14,5.587355169845017e-17
349.12,-6.714633189900377e-14,5.594163710546748e-17
349.13,-6.713684676070094e-14,5.59916139330654e-17
349.14,-6.712781833603053e-14,5.600569345680119e-17
349.15,-6.711884780757119e-14,5.60371856302368e-17
349.16,-6.710964097826284e-14,5.607600413653024e-17
349.17,-6.710021302278405e-14,5.603105867415678e-17
349.18,-6.709125124994875e-14,5.613016937830931e-17
349.19,-6.708217275769712e-14,5.615471610148375e-17
349.2,-6.707309445982178e-14,5.628866220784797e-17
349.21,-6.706395194441512e-14,5.627496384001394e-17
349.22,-6.705502683438089e-14,5.645584014975413e-17
349.23,-6.704564556460794e-14,5.627032554553231e-17
349.24,-6.703585400463185e-14,5.609730833308394e-17
349.25,-6.702705105121943e-14,5.635237403828283e-17
349.26,-6.701781704215917e-14,5.642847592212848e-17
349.27,-6.700897482534337e-14,5.644947390842598e-17
349.28,-6.69996815192462e-14,5.6413611420692e-17
349.29,-6.699089497302593e-14,5.65819454839637e-17
349.3,-6.698112225285799e-14,5.6403017599869e-17
349.31,-6.697217098518837e-14,5.65955122967023e-17
349.32,-6.69629494013115e-14,5.651480062794715e-17
349.33,-6.695404516452635e-14,5.662361594327e-17
349.34,-6.694487756768103e-14,5.66629609329815e-17
349.35,-6.693542995306313e-14,5.66811362209766e-17
349.36,-6.692682569340406e-14,5.68648502210446e-17
349.37,-6.69174658470577e-14,5.680218089707275e-17
349.38,-6.690778513141969e-14,5.666079201010604e-17
349.39,-6.689920434677895e-14,5.680542325623482e-17
349.4,-6.688987208099574e-14,5.68487387885228e-17
349.41,-6.688074698934792e-14,5.693586379898486e-17
349.42,-6.687174701561647e-14,5.700560172141503e-17
349.43,-6.686241291953127e-14,5.709844264252914e-17
349.44,-6.685371089453611e-14,5.718510070507325e-17
349.45,-6.684428883828437e-14,5.709056605015268e-17
349.46,-6.683510340310525e-14,5.722194673447235e-17
349.47,-6.682498395834158e-14,5.687757895181086e-17
349.48,-6.68173378086929e-14,5.724987286499563e-17
349.49,-6.680633978958289e-14,5.714900022634116e-17
349.5,-6.679845773282526e-14,5.731190978064571e-17
349.51,-6.678955866961301e-14,5.733028374878629e-17
349.52,-6.678011898249821e-14,5.739145065401023e-17
349.53,-6.677097887279515e-14,5.739089855573766e-17
349.54,-6.676210496371231e-14,5.750592161567123e-17
349.55,-6.675258074961667e-14,5.755862000220696e-17
349.56,-6.674284485379474e-14,5.741133950913002e-17
349.57,-6.673456388984105e-14,5.752647381920507e-17
349.58,-6.67265801942739e-14,5.760364032360036e-17
349.59,-6.671611520168859e-14,5.786834819250566e-17
349.6,-6.670706536069912e-14,5.773352863879763e-17
349.61,-6.669774888727992e-14,5.78229460058809e-17
349.62,-6.668860688662115e-14,5.773616862312329e-17
349.63,-6.667959074343933e-14,5.788457277625907e-17
349.64,-6.667028748877639e-14,5.789853918746832e-17
349.65,-6.666137892777599e-14,5.808263270334387e-17
349.66,-6.665186141959259e-14,5.783502738718267e-17
349.67,-6.664312268400746e-14,5.785453381242476e-17
349.68,-6.663368251087079e-14,5.811523430087819e-17
349.69,-6.66245312173627e-14,5.810306486397217e-17
349.7,-6.661530565814805e-14,5.821865345072971e-17
349.71,-6.660590591085373e-14,5.832243124014016e-17
349.72,-6.659715830555151e-14,5.825035762023573e-17
349.73,-6.658790055029625e-14,5.831265455197523e-17
349.74,-6.657959547192601e-14,5.84970524471204e-17
349.75,-6.656994848976857e-14,5.84202306569518e-17
349.76,-6.655869804398321e-14,5.732239671907542e-17
349.77,-6.655119909288636e-14,5.840662425446028e-17
349.78,-6.65421984271631e-14,5.853451574398565e-17
349.79,-6.653257012530576e-14,5.847427267391351e-17
349.8,-6.65245781563839e-14,5.917708114664409e-17
349.81,-6.651468698904446e-14,5.869718343415252e-17
349.82,-6.650568075595297e-14,5.878663684177368e-17
349.83,-6.64965970081948e-14,5.887295809454755e-17
349.84,-6.648724407585493e-14,5.881048661276968e-17
349.85,-6.64774461119851e-14,5.799382311993245e-17
349.86,-6.646896759897275e-14,5.894598646876374e-17
349.87,-6.645985095779614e-14,5.895541424524291e-17
349.88,-6.645072970713055e-14,5.849287391141986e-17
349.89,-6.644174774009942e-14,5.916227577667427e-17
349.9,-6.64323371003797e-14,5.911504120298088e-17
349.91,-6.642317450775761e-14,5.910549952117955e-17
349.92,-6.641278739017101e-14,5.952019129916587e-17
349.93,-6.640474923175593e-14,5.91669275004972e-17
349.94,-6.639640492128234e-14,5.960749556068616e-17
349.95,-6.638645873993536e-14,5.932536530670382e-17
349.96,-6.637734745400322e-14,5.932795453657657e-17
349.97,-6.636823594593086e-14,5.940477050782031e-17
349.98,-6.635923994703746e-14,5.945181132079524e-17
349.99,-6.634965232211672e-14,5.940085851784593e-17
350.0,-6.634122947839447e-14,5.958079937933482e-17
350.01,-6.633384606174389e-14,6.072963538249364e-17
350.02,-6.632237272270436e-14,5.959202620755238e-17
350.03,-6.631465347226363e-14,5.997553098548481e-17
350.04,-6.630420847444722e-14,5.973973229284282e-17
350.05,-6.629512749883274e-14,5.979012598189726e-17
350.06,-6.628569792335422e-14,5.979441994400268e-17
350.07,-6.627674340147168e-14,5.988733842848863e-17
350.08,-6.626738062984755e-14,5.988296474763946e-17
350.09,-6.625838304572e-14,5.990294806563168e-17
350.1,-6.624976553132159e-14,6.04379445602177e-17
350.11,-6.624032672477811e-14,6.023959040775549e-17
350.12,-6.62306484051448e-14,5.993278162800154e-17
350.13,-6.62214860175071e-14,5.992063791732581e-17
350.14,-6.621241311389649e-14,6.007905619142914e-17
350.15,-6.620341823922359e-14,6.00390193860569e-17
350.16,-6.619433586110421e-14,6.022258907020632e-17
350.17,-6.618497109971005e-14,6.020019503010435e-17
350.18,-6.617596961926727e-14,6.024607039616262e-17
350.19,-6.616799071456077e-14,6.059926830406469e-17
350.2,-6.615778492688147e-14,6.02425208562214e-17
350.21,-6.614818253253106e-14,6.02872206446412e-17
350.22,-6.613946841815015e-14,6.041240767088767e-17
350.23,-6.61300290282888e-14,6.038334568110076e-17
350.24,-6.612122610065067e-14,6.048599365437218e-17
350.25,-6.611185152132717e-14,6.043008282097604e-17
350.26,-6.610283800983969e-14,6.054379669786045e-17
350.27,-6.609348109824005e-14,6.054635652452166e-17
350.28,-6.608388001014557e-14,6.055753123518341e-17
350.29,-6.607551881526898e-14,6.07926774562589e-17
350.3,-6.606620434733799e-14,6.063189277234335e-17
350.31,-6.60568666326485e-14,6.069744287959932e-17
350.32,-6.604776062252961e-14,6.068846803532821e-17
350.33,-6.603835604782623e-14,6.055026160340375e-17
350.34,-6.602942591048804e-14,6.06672547830405e-17
350.35,-6.602036460083122e-14,6.085161444021375e-17
350.36,-6.601127127458576e-14,6.093113833897144e-17
350.37,-6.600229598413148e-14,6.089781614210918e-17
350.38,-6.599304906198058e-14,6.100229354111677e-17
350.39,-6.598428439137857e-14,6.094428629286149e-17
350.4,-6.597459183236171e-14,6.09223478698353e-17
350.41,-6.596568771140488e-14,6.106214587196555e-17
350.42,-6.595648295808855e-14,6.098231992308797e-17
350.43,-6.594721341152435e-14,6.10583172216333e-17
350.44,-6.593832296512793e-14,6.109573337809824e-17
350.45,-6.592891209090424e-14,6.110767724846389e-17
350.46,-6.591964981370456e-14,6.11590526886134e-17
350.47,-6.591035576228764e-14,6.110708338215944e-17
350.48,-6.590192160913108e-14,6.135112336486951e-17
350.49,-6.589232191571967e-14,6.122887465869879e-17
350.5,-6.588348650040947e-14,6.131514992893308e-17
350.51,-6.587407936690161e-14,6.131744281597167e-17
350.52,-6.586509381384877e-14,6.138193359138294e-17
350.53,-6.585588261526405e-14,6.1331149642574e-17
350.54,-6.584676238214464e-14,6.132214664629183e-17
350.55,-6.583788514489905e-14,6.152521157070925e-17
350.56,-6.582886942529258e-14,6.156363111835047e-17
350.57,-6.581968483030326e-14,6.157918055147529e-17
350.58,-6.581013383638239e-14,6.144654520348272e-17
350.59,-6.580105068986515e-14,6.147181750077086e-17
350.6,-6.57920440573982e-14,6.151988152612852e-17
350.61,-6.578286653087572e-14,6.160806427678818e-17
350.62,-6.577386409838338e-14,6.164328782551045e-17
350.63,-6.576477676636748e-14,6.176341654938654e-17
350.64,-6.575642979100706e-14,6.194715639574954e-17
350.65,-6.574717174611654e-14,6.19448579214899e-17
350.66,-6.573734739833495e-14,6.165824618120194e-17
350.67,-6.572794734791729e-14,6.158543576403124e-17
350.68,-6.571931766418047e-14,6.172377122653292e-17
350.69,-6.570994310670953e-14,6.170809272491571e-17
350.7,-6.570071830028733e-14,6.182635282403957e-17
350.71,-6.569162803352974e-14,6.166198337383363e-17
350.72,-6.568249235722393e-14,6.182677585460964e-17
350.73,-6.567520611558608e-14,6.223691968574306e-17
350.74,-6.566348678140722e-14,6.17642571512693e-17
350.75,-6.565511619059844e-14,6.182006159681494e-17
350.76,-6.56464248186992e-14,6.200591867714962e-17
350.77,-6.563732356205738e-14,6.195371651628106e-17
350.78,-6.562791518970095e-14,6.182435051462344e-17
350.79,-6.561824557777639e-14,6.184714593415567e-17
350.8,-6.560999085804052e-14,6.195452572756564e-17
350.81,-6.560045782729953e-14,6.195345208274562e-17
350.82,-6.55919826528524e-14,6.215854923375186e-17
350.83,-6.558129319140552e-14,6.167231579012172e-17
350.84,-6.557296648390944e-14,6.189217519115325e-17
350.85,-6.556412296516055e-14,6.188783647335349e-17
350.86,-6.555497738547751e-14,6.19290471791447e-17
350.87,-6.554606266056218e-14,6.196981809006969e-17
350.88,-6.553682186213946e-14,6.207920331563102e-17
350.89,-6.552799243839369e-14,6.211466922441609e-17
350.9,-6.55189516905417e-14,6.216374646887711e-17
350.91,-6.551035890806047e-14,6.21721021432096e-17
350.92,-6.550062243437769e-14,6.199966304331405e-17
350.93,-6.549154886416764e-14,6.206642317492707e-17
350.94,-6.548239425349325e-14,6.199801921310729e-17
350.95,-6.547333992037488e-14,6.205399257598523e-17
350.96,-6.546444205326923e-14,6.212204378984164e-17
350.97,-6.545556245251116e-14,6.224333176334778e-17
350.98,-6.544606120228793e-14,6.206618013344448e-17
350.99,-6.543700779078405e-14,6.213755141412311e-17
351.0,-6.542720060364452e-14,6.184406658730203e-17
351.01,-6.541928839468756e-14,6.222803378597621e-17
351.02,-6.540981754026964e-14,6.203889713129549e-17
351.03,-6.540057357484888e-14,6.197420553649395e-17
351.04,-6.539194298371548e-14,6.213164730851471e-17
351.05,-6.538257804032379e-14,6.197327569626439e-17
351.06,-6.53734022735184e-14,6.200953968428319e-17
351.07,-6.536438593212348e-14,6.200387031311559e-17
351.08,-6.535540769588575e-14,6.209270124724177e-17
351.09,-6.534460672472648e-14,6.19567642668994e-17
351.1,-6.533766737395921e-14,6.213522944529617e-17
351.11,-6.532784353456497e-14,6.204690767650667e-17
351.12,-6.531739315746848e-14,6.202276797040545e-17
351.13,-6.531012680918226e-14,6.211649527385934e-17
351.14,-6.530136281747276e-14,6.214071385015499e-17
351.15,-6.529172846085404e-14,6.192252017369319e-17
351.16,-6.528294346342513e-14,6.20520495336351e-17
351.17,-6.527366687573095e-14,6.214144069936365e-17
351.18,-6.526498098828476e-14,6.195384665679845e-17
351.19,-6.525591332551567e-14,6.217997237255225e-17
351.2,-6.524709111020976e-14,6.214638928537953e-17
351.21,-6.523763771732577e-14,6.198448164744345e-17
351.22,-6.522853765193636e-14,6.200093287200029e-17
351.23,-6.521966264164648e-14,6.187472032870825e-17
351.24,-6.521092804532958e-14,6.204805845117548e-17
351.25,-6.520160248413263e-14,6.200435509860533e-17
351.26,-6.519254854504447e-14,6.197207545612667e-17
351.27,-6.518348384325503e-14,6.202707430075412e-17
351.28,-6.517503956729565e-14,6.218426323324972e-17
351.29,-6.516546509862906e-14,6.19489248986591e-17
351.3,-6.515650192238179e-14,6.192626586208679e-17
351.31,-6.514738905634878e-14,6.19005874422864e-17
351.32,-6.513851098842505e-14,6.179369773715766e-17
351.33,-6.51296451434168e-14,6.198308452569514e-17
351.34,-6.512036433120847e-14,6.181838997979391e-17
351.35,-6.511128252664787e-14,6.191192925851475e-17
351.36,-6.510180240338727e-14,6.17282103465896e-17
351.37,-6.509375300367934e-14,6.203048606303654e-17
351.38,-6.50844959705574e-14,6.188696092665482e-17
351.39,-6.507554992814222e-14,6.184979506459368e-17
351.4,-6.50663926462285e-14,6.178736383325366e-17
351.41,-6.505735988160859e-14,6.174829560319287e-17
351.42,-6.504834835705223e-14,6.178801239455533e-17
351.43,-6.503929987937313e-14,6.165727691025251e-17
351.44,-6.503054731010041e-14,6.199635486868911e-17
351.45,-6.502180014830663e-14,6.19210534493098e-17
351.46,-6.50128299825859e-14,6.211907785988907e-17
351.47,-6.500346672953129e-14,6.162572520342316e-17
351.48,-6.499449102868759e-14,6.171429948346882e-17
351.49,-6.498557486783064e-14,6.163015595133715e-17
351.5,-6.497654128928637e-14,6.159551076161627e-17
351.51,-6.496752155138238e-14,6.158226372802403e-17
351.52,-6.495876463013893e-14,6.15030466630164e-17
351.53,-6.494947319637009e-14,6.148977216778509e-17
351.54,-6.49405100482527e-14,6.152831252367846e-17
351.55,-6.493220205906774e-14,6.210976129622862e-17
351.56,-6.492242181318371e-14,6.137260727562575e-17
351.57,-6.491387907296903e-14,6.148927406255257e-17
351.58,-6.490486209648717e-14,6.144286465189683e-17
351.59,-6.489640296418601e-14,6.136166572006693e-17
351.6,-6.488684744020199e-14,6.139572107407618e-17
351.61,-6.487820168791154e-14,6.137127725161015e-17
351.62,-6.486890197513651e-14,6.135781407945227e-17
351.63,-6.485966270166388e-14,6.11527145998229e-17
351.64,-6.485311453601656e-14,6.136518104578328e-17
351.65,-6.48420593074492e-14,6.124581060311792e-17
351.66,-6.483352725821402e-14,6.130764660281254e-17
351.67,-6.482413144374932e-14,6.115063780184959e-17
351.68,-6.481512971356988e-14,6.072423858404967e-17
351.69,-6.480629143799193e-14,6.111427137416026e-17
351.7,-6.479715578707585e-14,6.089165244202013e-17
351.71,-6.478766890228488e-14,6.129654535383887e-17
351.72,-6.477954969716894e-14,6.099881541860427e-17
351.73,-6.477128826608106e-14,6.059451082273089e-17
351.74,-6.4762240053692e-14,6.117976999893947e-17
351.75,-6.475296546671007e-14,6.093946086228351e-17
351.76,-6.47440192573344e-14,6.0601391818789e-17
351.77,-6.473486483601598e-14,6.096637491365976e-17
351.78,-6.472624053069743e-14,6.089722363021874e-17
351.79,-6.471693486279259e-14,6.073146155700429e-17
351.8,-6.47067494656827e-14,5.999676005050331e-17
351.81,-6.469946235694829e-14,6.079142436527553e-17
351.82,-6.469066687893431e-14,6.040855227035234e-17
351.83,-6.468168016317974e-14,6.068625543049486e-17
351.84,-6.467251852702696e-14,6.05845416985086e-17
351.85,-6.466448113570824e-14,6.117235718579992e-17
351.86,-6.465498122962859e-14,6.052719196874977e-17
351.87,-6.4646141328094e-14,6.050426415682889e-17
351.88,-6.463713184161694e-14,6.044809779522201e-17
351.89,-6.462846545555526e-14,5.991704048210385e-17
351.9,-6.462000418883922e-14,6.047137304592976e-17
351.91,-6.461048214748641e-14,6.018092361991477e-17
351.92,-6.460175383219715e-14,6.038759152043443e-17
351.93,-6.459288467470576e-14,6.032441480886009e-17
351.94,-6.45842178504735e-14,6.039728004609541e-17
351.95,-6.45756815447822e-14,6.043092753612775e-17
351.96,-6.456610950401632e-14,6.0208500435772e-17
351.97,-6.455769733211969e-14,6.031659826870956e-17
351.98,-6.454892563008017e-14,5.988971477734045e-17
351.99,-6.453996073704915e-14,6.004530063369377e-17
352.0,-6.453081216758279e-14,5.997032496878575e-17
352.01,-6.452175556947901e-14,6.006181648228204e-17
352.02,-6.451327717095178e-14,5.995415534148623e-17
352.03,-6.450445120539252e-14,5.997169487639679e-17
352.04,-6.449529702009918e-14,5.983316367052938e-17
352.05,-6.44865472911482e-14,5.97524344338872e-17
352.06,-6.447806543434362e-14,5.995035628815416e-17
352.07,-6.446935789230759e-14,5.987555920683945e-17
352.08,-6.446005634581005e-14,5.975513289840753e-17
352.09,-6.445164526750674e-14,5.96060988228289e-17
352.1,-6.444280992855163e-14,5.967921799267835e-17
352.11,-6.44337489995024e-14,5.961594126510787e-17
352.12,-6.442493020526036e-14,5.95393559223425e-17
352.13,-6.441535879926928e-14,5.928708241901387e-17
352.14,-6.44072296572336e-14,5.949424534942479e-17
352.15,-6.439875271604634e-14,5.950751309207028e-17
352.16,-6.438995387910078e-14,5.962577629497179e-17
352.17,-6.438123296402874e-14,5.942727804065369e-17
352.18,-6.437212214697594e-14,5.921798941434319e-17
352.19,-6.436309537482194e-14,5.926826632363194e-17
352.2,-6.435468599892633e-14,5.927707085297561e-17
352.21,-6.434561922289792e-14,5.913964074777469e-17
352.22,-6.43366979666623e-14,5.908438267557479e-17
352.23,-6.432797511049705e-14,5.90897716392709e-17
352.24,-6.431952514321368e-14,5.90834749612145e-17
352.25,-6.43107661838252e-14,5.899826769433943e-17
352.26,-6.430204570924635e-14,5.884016172430211e-17
352.27,-6.429309181648333e-14,5.885766299912358e-17
352.28,-6.428422647557828e-14,5.884693311393336e-17
352.29,-6.427547478168776e-14,5.880078173546913e-17
352.3,-6.42672403594081e-14,5.914219449853048e-17
352.31,-6.42578552390251e-14,5.864516550643452e-17
352.32,-6.424915315237672e-14,5.87327156272715e-17
352.33,-6.424010872686417e-14,5.840174683429017e-17
352.34,-6.423164363730469e-14,5.866314936865347e-17
352.35,-6.422277892461287e-14,5.868547239101578e-17
352.36,-6.421425941531079e-14,5.846241770460767e-17
352.37,-6.420526275631065e-14,5.837494060627477e-17
352.38,-6.419855852482048e-14,5.908972167498059e-17
352.39,-6.418799336931352e-14,5.83988982541473e-17
352.4,-6.417896464157086e-14,5.823737619133629e-17
352.41,-6.417141741786046e-14,5.863288829171853e-17
352.42,-6.416171925205147e-14,5.816436425768918e-17
352.43,-6.415303419245976e-14,5.824341105674313e-17
352.44,-6.4144148936266e-14,5.809518324191191e-17
352.45,-6.413530971370568e-14,5.791656170814891e-17
352.46,-6.412691136341104e-14,5.78712169000726e-17
352.47,-6.41179616897519e-14,5.801541979039355e-17
352.48,-6.410916652588823e-14,5.79182513140733e-17
352.49,-6.410058177173918e-14,5.783184249108827e-17
352.5,-6.409166906861637e-14,5.780143728096478e-17
352.51,-6.408304876349164e-14,5.793892674341188e-17
352.52,-6.407456151659539e-14,5.770857592173288e-17
352.53,-6.406557392734014e-14,5.756196691204541e-17
352.54,-6.405724900251724e-14,5.766051383742112e-17
352.55,-6.404847765189628e-14,5.755846090872061e-17
352.56,-6.40395692512507e-14,5.721016556164026e-17
352.57,-6.403111240894029e-14,5.759713989878689e-17
352.58,-6.402245380849379e-14,5.74726017740254e-17
352.59,-6.401375808117408e-14,5.743199269490432e-17
352.6,-6.400488215617238e-14,5.733383953709425e-17
352.61,-6.399565445595568e-14,5.721752412910365e-17
352.62,-6.39866890535668e-14,5.670412819523275e-17
352.63,-6.397903183928887e-14,5.729423182476921e-17
352.64,-6.397056982431447e-14,5.726198586017378e-17
352.65,-6.396167337499801e-14,5.713273224973301e-17
352.66,-6.395289387036981e-14,5.715720120139712e-17
352.67,-6.394448924296134e-14,5.71069008472389e-17
352.68,-6.393545312344846e-14,5.699262010563858e-17
352.69,-6.392713836941739e-14,5.705023694899535e-17
352.7,-6.391914544332716e-14,5.743153318178189e-17
352.71,-6.390936020113101e-14,5.676229678147325e-17
352.72,-6.390099564158042e-14,5.676809430754889e-17
352.73,-6.389183214260524e-14,5.663122695056949e-17
352.74,-6.388372817294957e-14,5.672144454001498e-17
352.75,-6.387523292490001e-14,5.662784720145755e-17
352.76,-6.386644269027128e-14,5.664987827111437e-17
352.77,-6.385740202076046e-14,5.648637081984673e-17
352.78,-6.384934310679866e-14,5.660693854842642e-17
352.79,-6.384048490577337e-14,5.65622919278652e-17
352.8,-6.383143125810646e-14,5.630541493117499e-17
352.81,-6.382317624285451e-14,5.631428600558517e-17
352.82,-6.38146636399822e-14,5.629743200136993e-17
352.83,-6.380611606796982e-14,5.62675951343247e-17
352.84,-6.379741742560467e-14,5.61561462304908e-17
352.85,-6.378882696856908e-14,5.614425329019902e-17
352.86,-6.378000549895446e-14,5.609829004810693e-17
352.87,-6.37715424781623e-14,5.598940940784868e-17
352.88,-6.376368004115412e-14,5.628327719470155e-17
352.89,-6.37550846493364e-14,5.615592506447942e-17
352.9,-6.374580982663009e-14,5.59294672944125e-17
352.91,-6.373707500606183e-14,5.586378851756325e-17
352.92,-6.372859165494786e-14,5.588604592325401e-17
352.93,-6.371972150508005e-14,5.580942461716344e-17
352.94,-6.371147953568489e-14,5.581007326377424e-17
352.95,-6.37023616280922e-14,5.564654531106522e-17
352.96,-6.36944790307633e-14,5.576409751783954e-17
352.97,-6.368584433268436e-14,5.574322570136731e-17
352.98,-6.367659063893333e-14,5.557694956892922e-17
352.99,-6.366823966262698e-14,5.548687277468951e-17
353.0,-6.365991362569747e-14,5.550980788580652e-17
353.01,-6.365123280005237e-14,5.540568420212563e-17
353.02,-6.36429953490434e-14,5.54702294687401e-17
353.03,-6.363416537208272e-14,5.5427634247466813e-17
353.04,-6.36255971779176e-14,5.531102745602481e-17
353.05,-6.361669868541393e-14,5.527199304813554e-17
353.06,-6.360842897449309e-14,5.524224064791875e-17
353.07,-6.360008185861736e-14,5.522409989906045e-17
353.08,-6.359112309124674e-14,5.5103892918807524e-17
353.09,-6.358276469349944e-14,5.511085799122052e-17
353.1,-6.35742970203131e-14,5.513128558122818e-17
353.11,-6.356549452114753e-14,5.4994485565007197e-17
353.12,-6.35568844389938e-14,5.485819349616402e-17
353.13,-6.354822035664933e-14,5.4857701809126614e-17
353.14,-6.353993829887206e-14,5.485989627260604e-17
353.15,-6.35312019856611e-14,5.488425893133921e-17
353.16,-6.352267750942588e-14,5.4638646700413424e-17
353.17,-6.351450983899153e-14,5.487164002672345e-17
353.18,-6.350595590970739e-14,5.477946275003816e-17
353.19,-6.349719659618598e-14,5.4689401429267474e-17
353.2,-6.348854362070139e-14,5.447139230310083e-17
353.21,-6.348003688311416e-14,5.45993724838361e-17
353.22,-6.347163519915643e-14,5.4577988210977564e-17
353.23,-6.346305101081855e-14,5.4611212355006723e-17
353.24,-6.345426684991618e-14,5.465011399504187e-17
353.25,-6.344689930483913e-14,5.475456503563642e-17
353.26,-6.34377158150261e-14,5.447374777438756e-17
353.27,-6.342905639542218e-14,5.44207425950449e-17
353.28,-6.342038089813838e-14,5.452492573865889e-17
353.29,-6.341236760039935e-14,5.443893260781614e-17
353.3,-6.340358686418464e-14,5.433153541661079e-17
353.31,-6.33952158736152e-14,5.424039349674665e-17
353.32,-6.338711761405968e-14,5.4569100238778255e-17
353.33,-6.337821941153567e-14,5.40266984519472e-17
353.34,-6.33701563096073e-14,5.444671181943216e-17
353.35,-6.336116549596863e-14,5.412814928122286e-17
353.36,-6.335235082732537e-14,5.404876036677673e-17
353.37,-6.334422654064217e-14,5.419138289924917e-17
353.38,-6.333571097489311e-14,5.404704014198579e-17
353.39,-6.332714661889083e-14,5.4112889035497744e-17
353.4,-6.331839992875316e-14,5.3750261064358023e-17
353.41,-6.331057483217506e-14,5.4140760629135315e-17
353.42,-6.33017861548827e-14,5.398976057002956e-17
353.43,-6.32945451057202e-14,5.4071475959085714e-17
353.44,-6.3284562025286e-14,5.3831164836096315e-17
353.45,-6.327626589457659e-14,5.384376289474295e-17
353.46,-6.326795342727271e-14,5.3869961759707875e-17
353.47,-6.325927266062061e-14,5.3749070537612e-17
353.48,-6.325100511001978e-14,5.374931298087752e-17
353.49,-6.3242552147997e-14,5.3744130576901525e-17
353.5,-6.323538983882308e-14,5.394114165515852e-17
353.51,-6.322545307783208e-14,5.367117165023685e-17
353.52,-6.321539431006188e-14,5.32941485974368e-17
353.53,-6.320854744980468e-14,5.357462494236062e-17
353.54,-6.320005893533385e-14,5.355772685096914e-17
353.55,-6.319182406283976e-14,5.357197117666188e-17
353.56,-6.318337388982634e-14,5.3698110133725036e-17
353.57,-6.317458300629797e-14,5.3476356624736674e-17
353.58,-6.316628418329116e-14,5.347013671436023e-17
353.59,-6.3156932331251e-14,5.3346536877011424e-17
353.6,-6.314943524664696e-14,5.340609258803469e-17
353.61,-6.314084649176247e-14,5.3311252791460013e-17
353.62,-6.313274438035545e-14,5.3441573194212726e-17
353.63,-6.312392170555142e-14,5.327615926332211e-17
353.64,-6.31161899517952e-14,5.3492503140635877e-17
353.65,-6.310809103815541e-14,5.340808699635142e-17
353.66,-6.309879735388974e-14,5.3244638646665896e-17
353.67,-6.309055483002687e-14,5.32469043285194e-17
353.68,-6.308138401383374e-14,5.2969721360247036e-17
353.69,-6.307332235331782e-14,5.317797661817623e-17
353.7,-6.306549046782362e-14,5.37675902638298e-17
353.71,-6.305645062507774e-14,5.312172074307429e-17
353.72,-6.304811108768243e-14,5.309005481548967e-17
353.73,-6.303992176212638e-14,5.3400247123628775e-17
353.74,-6.303074069044176e-14,5.2686561424080114e-17
353.75,-6.302298493459488e-14,5.306284961039108e-17
353.76,-6.301431655241536e-14,5.2907383937742833e-17
353.77,-6.300823725435521e-14,5.30665806797234e-17
353.78,-6.299787617120063e-14,5.306058726717861e-17
353.79,-6.298574210691773e-14,5.284576587653105e-17
353.8,-6.298087927664452e-14,5.2970529878000046e-17
353.81,-6.297251599685297e-14,5.2926683814849984e-17
353.82,-6.296375381473379e-14,5.275262592745178e-17
353.83,-6.295527328352663e-14,5.280937084606148e-17
353.84,-6.294729098841198e-14,5.291050998107339e-17
353.85,-6.293887792018382e-14,5.288892751089532e-17
353.86,-6.293185285344926e-14,5.2240797230938734e-17
353.87,-6.292244021316949e-14,5.289916596444889e-17
353.88,-6.291358717518089e-14,5.243937516819181e-17
353.89,-6.290529354400603e-14,5.275327459854946e-17
353.9,-6.289675613244201e-14,5.274042014122308e-17
353.91,-6.288837759977293e-14,5.270851909115965e-17
353.92,-6.287972027132866e-14,5.262021958285146e-17
353.93,-6.287156298447922e-14,5.2792707446390384e-17
353.94,-6.286325190933568e-14,5.27389393649261e-17
353.95,-6.285497478331205e-14,5.253685859605721e-17
353.96,-6.284674076911912e-14,5.285610693115788e-17
353.97,-6.283716179437194e-14,5.2406302861239085e-17
353.98,-6.282948066226865e-14,5.2650471914547955e-17
353.99,-6.282123785796679e-14,5.274498519360863e-17
354.0,-6.281286844447552e-14,5.2652570681200604e-17
354.01,-6.280442447478222e-14,5.25670434740397e-17
354.02,-6.279660528005186e-14,5.269369939281148e-17
354.03,-6.278773959645479e-14,5.2661003830436227e-17
354.04,-6.27788440192946e-14,5.23478277224527e-17
354.05,-6.277088207252304e-14,5.2533468417509856e-17
354.06,-6.27629572362464e-14,5.273667769286474e-17
354.07,-6.275408208253924e-14,5.268854604080513e-17
354.08,-6.274589770645983e-14,5.2631304346100134e-17
354.09,-6.273750990841624e-14,5.259187685614616e-17
354.1,-6.272916307234074e-14,5.248429725744498e-17
354.11,-6.272086243509927e-14,5.261939280525964e-17
354.12,-6.271242336655418e-14,5.258811061417782e-17
354.13,-6.270367799032461e-14,5.234247182525777e-17
354.14,-6.269582335334347e-14,5.2781396766149335e-17
354.15,-6.268711970918641e-14,5.2601993926400915e-17
354.16,-6.267912863314987e-14,5.2598745471322646e-17
354.17,-6.26708097131783e-14,5.2590975492707895e-17
354.18,-6.266237756429748e-14,5.259031715850878e-17
354.19,-6.265418379415527e-14,5.259176773866697e-17
354.2,-6.264548555065134e-14,5.252298676074181e-17
354.21,-6.263686873835179e-14,5.250851124080532e-17
354.22,-6.262934185896654e-14,5.258641879666703e-17
354.23,-6.262101029540441e-14,5.269598055182021e-17
354.24,-6.261230882917243e-14,5.256953838197122e-17
354.25,-6.260392255503629e-14,5.259242612434119e-17
354.26,-6.259560262242013e-14,5.252416739788278e-17
354.27,-6.258735740515178e-14,5.2694856973055176e-17
354.28,-6.257829491275703e-14,5.248965171702317e-17
354.29,-6.257123414657362e-14,5.2572405169358787e-17
354.3,-6.256297752050954e-14,5.260000193491273e-17
354.31,-6.255389207548e-14,5.25675806970603e-17
354.32,-6.254544564798765e-14,5.2532202832294305e-17
354.33,-6.25364356563657e-14,5.247228335223771e-17
354.34,-6.252895199539277e-14,5.271147857263764e-17
354.35,-6.252019593685681e-14,5.252905466533251e-17
354.36,-6.251197944276094e-14,5.253572854979418e-17
354.37,-6.250375231983277e-14,5.2511548234311704e-17
354.38,-6.249522216304622e-14,5.260562299682653e-17
354.39,-6.248702533968306e-14,5.258216562535641e-17
354.4,-6.247919608284997e-14,5.261708615501564e-17
354.41,-6.247020983323654e-14,5.26369332396022e-17
354.42,-6.246238011921185e-14,5.252332381426181e-17
354.43,-6.245393660896294e-14,5.2733806281209193e-17
354.44,-6.244548146729834e-14,5.260247976107441e-17
354.45,-6.243687265783615e-14,5.254657275447707e-17
354.46,-6.24286867901962e-14,5.2610583537573365e-17
354.47,-6.242043507678128e-14,5.2652344606228375e-17
354.48,-6.241174481007965e-14,5.2503069657177436e-17
354.49,-6.240407205722077e-14,5.2742571575201444e-17
354.5,-6.239482254658369e-14,5.247086044712303e-17
354.51,-6.238674197861107e-14,5.246194197217236e-17
354.52,-6.237875575984858e-14,5.2706452060093696e-17
354.53,-6.237015633011725e-14,5.2616394478245537e-17
354.54,-6.236192065353069e-14,5.261858670788974e-17
354.55,-6.23539560196186e-14,5.269957185090694e-17
354.56,-6.234536620044354e-14,5.269406794178878e-17
354.57,-6.23374975218807e-14,5.272619287735522e-17
354.58,-6.232940013467077e-14,5.246645205967843e-17
354.59,-6.232231807567326e-14,5.2932190731312255e-17
354.6,-6.231222275290285e-14,5.2698718559884344e-17
354.61,-6.230389770142064e-14,5.280298361289613e-17
354.62,-6.229557919008769e-14,5.280203410338409e-17
354.63,-6.22870887404415e-14,5.272480184625711e-17
354.64,-6.227887631195787e-14,5.2807057243123835e-17
354.65,-6.227062562438462e-14,5.286876977207909e-17
354.66,-6.226222019396294e-14,5.276791266903241e-17
354.67,-6.225159814456764e-14,5.2252052610329795e-17
354.68,-6.224505164123339e-14,5.271689135074444e-17
354.69,-6.223725246314214e-14,5.2860759914606907e-17
354.7,-6.222886449329019e-14,5.277586095227438e-17
354.71,-6.222063711187536e-14,5.2820921305501007e-17
354.72,-6.221251209691685e-14,5.2982040399077776e-17
354.73,-6.220391253273729e-14,5.2766154630708777e-17
354.74,-6.219563462826632e-14,5.284200151136343e-17
354.75,-6.218732400762452e-14,5.288249592541089e-17
354.76,-6.217872753294332e-14,5.274869616790276e-17
354.77,-6.217131608302987e-14,5.3202126696050207e-17
354.78,-6.216239764846939e-14,5.291682157980097e-17
354.79,-6.215420680631906e-14,5.298214757577438e-17
354.8,-6.214593643324197e-14,5.297460133284508e-17
354.81,-6.213768891128128e-14,5.3033392512974354e-17
354.82,-6.212936179144986e-14,5.295780809795267e-17
354.83,-6.212125245551431e-14,5.305110569724061e-17
354.84,-6.211286197191605e-14,5.3163199618098e-17
354.85,-6.210480390813683e-14,5.3219803838791204e-17
354.86,-6.209600143616568e-14,5.30387660904853e-17
354.87,-6.208738667751634e-14,5.2962277924291425e-17
354.88,-6.207937199761491e-14,5.3082757444552995e-17
354.89,-6.207101068322132e-14,5.312203649636723e-17
354.9,-6.206277158584341e-14,5.323057655074166e-17
354.91,-6.205442058719554e-14,5.3171120560818805e-17
354.92,-6.204606123710905e-14,5.314051683715275e-17
354.93,-6.203772638661586e-14,5.317065588623105e-17
354.94,-6.203054035642079e-14,5.356765864349731e-17
354.95,-6.202159519334863e-14,5.322204642188278e-17
354.96,-6.201323892242955e-14,5.327027044713621e-17
354.97,-6.200481476232339e-14,5.3386235458035435e-17
354.98,-6.199649310261006e-14,5.3336151880286537e-17
354.99,-6.19880060623406e-14,5.336629967828949e-17
355.0,-6.198049439975003e-14,5.3549102073216554e-17
355.01,-6.197156530489895e-14,5.343509075395817e-17
355.02,-6.196351329096265e-14,5.3365556641082044e-17
355.03,-6.195511225307433e-14,5.387826596894138e-17
355.04,-6.194688057800307e-14,5.33730154884996e-17
355.05,-6.193836545898762e-14,5.3481811924175995e-17
355.06,-6.193024619889733e-14,5.3806035173557755e-17
355.07,-6.19226523498812e-14,5.372933623379428e-17
355.08,-6.191345293463278e-14,5.353485336726891e-17
355.09,-6.190517513651809e-14,5.356754700018346e-17
355.1,-6.1896867922891e-14,5.35675358973589e-17
355.11,-6.188885734908809e-14,5.3608486924808454e-17
355.12,-6.188023224558354e-14,5.3544397102281816e-17
355.13,-6.187199483200447e-14,5.3578017471384995e-17
355.14,-6.186408933752833e-14,5.373005450291927e-17
355.15,-6.185531671071788e-14,5.36699151405693e-17
355.16,-6.184702629520543e-14,5.362754848824363e-17
355.17,-6.183909705087785e-14,5.4047048206331035e-17
355.18,-6.183073107168813e-14,5.3635544161757396e-17
355.19,-6.182238909634197e-14,5.382062363204548e-17
355.2,-6.181412922972336e-14,5.3730379542268383e-17
355.21,-6.180543137040856e-14,5.3457178467952034e-17
355.22,-6.179731997675216e-14,5.357763412061636e-17
355.23,-6.17891992852785e-14,5.3828268870421036e-17
355.24,-6.178067181321538e-14,5.375517707216212e-17
355.25,-6.177231520936204e-14,5.375629969600473e-17
355.26,-6.176435110328095e-14,5.393289335921025e-17
355.27,-6.175604323621994e-14,5.388110819829389e-17
355.28,-6.174765341849283e-14,5.398162032598633e-17
355.29,-6.173948758146229e-14,5.391514644940349e-17
355.3,-6.173083021627492e-14,5.403189512361094e-17
355.31,-6.172265754989765e-14,5.391930296692434e-17
355.32,-6.171454480446938e-14,5.401424397382291e-17
355.33,-6.170532633003257e-14,5.370174825297374e-17
355.34,-6.169812228950417e-14,5.412855668705817e-17
355.35,-6.168954131877397e-14,5.412799813557162e-17
355.36,-6.168119971486043e-14,5.3885657179914885e-17
355.37,-6.167315268811401e-14,5.413270283478101e-17
355.38,-6.166454712663744e-14,5.4041121499202325e-17
355.39,-6.165742485924763e-14,5.449418020805772e-17
355.4,-6.16480683891531e-14,5.384981009153107e-17
355.41,-6.163976699617496e-14,5.408724258028902e-17
355.42,-6.163151965609016e-14,5.419200594074755e-17
355.43,-6.162323775857397e-14,5.4238098916163964e-17
355.44,-6.161529786126001e-14,5.4357870058419574e-17
355.45,-6.160681019571659e-14,5.441242782959715e-17
355.46,-6.159835238833144e-14,5.423553717268045e-17
355.47,-6.159061894725973e-14,5.453111827375859e-17
355.48,-6.15816309657426e-14,5.4391462110686046e-17
355.49,-6.157323658813801e-14,5.3499659737299125e-17
355.5,-6.156546838758975e-14,5.4385397289138156e-17
355.51,-6.155720080895995e-14,5.438983949849098e-17
355.52,-6.154898097806719e-14,5.4488359935120275e-17
355.53,-6.154017016916838e-14,5.4445775208449085e-17
355.54,-6.153225595036742e-14,5.4514156437493614e-17
355.55,-6.15239319346175e-14,5.445648366367129e-17
355.56,-6.151634514456259e-14,5.4550211468447934e-17
355.57,-6.150709943244593e-14,5.4403983030926646e-17
355.58,-6.149734400603416e-14,5.397425826492999e-17
355.59,-6.149097737781755e-14,5.4526249759966395e-17
355.6,-6.14825627512097e-14,5.459985791487107e-17
355.61,-6.147420753017093e-14,5.47318569421048e-17
355.62,-6.146585018656951e-14,5.507568227643016e-17
355.63,-6.145792029982526e-14,5.4701820577302486e-17
355.64,-6.144973489234589e-14,5.469720491396238e-17
355.65,-6.144248916682324e-14,5.573731849685231e-17
355.66,-6.143286195121332e-14,5.4743343213537316e-17
355.67,-6.142337342807087e-14,5.465785027668414e-17
355.68,-6.141633510372176e-14,5.4597684353706906e-17
355.69,-6.14080549045749e-14,5.476383745946069e-17
355.7,-6.139925613250917e-14,5.4197541751989526e-17
355.71,-6.139187714177705e-14,5.480824878323865e-17
355.72,-6.138346112759839e-14,5.487567934214577e-17
355.73,-6.137482611586308e-14,5.4879898536727914e-17
355.74,-6.13663706422333e-14,5.551718582489198e-17
355.75,-6.135868705457743e-14,5.4911585189953656e-17
355.76,-6.134979331889788e-14,5.505924090731524e-17
355.77,-6.134182141660206e-14,5.4994931674262584e-17
355.78,-6.133369396939195e-14,5.4880360589376595e-17
355.79,-6.132592986984077e-14,5.501366473628584e-17
355.8,-6.131691450028739e-14,5.494025869831269e-17
355.81,-6.130925068688424e-14,5.5089247277798035e-17
355.82,-6.130043533458364e-14,5.4949170418900277e-17
355.83,-6.129150460704994e-14,5.496591667025321e-17
355.84,-6.12845874967853e-14,5.5274005141441875e-17
355.85,-6.127569199033583e-14,5.5280947162223606e-17
355.86,-6.126741711470585e-14,5.51319307618925e-17
355.87,-6.125886937734016e-14,5.494075254151189e-17
355.88,-6.125106275776664e-14,5.5120413417927913e-17
355.89,-6.124253514513514e-14,5.5124737307079764e-17
355.9,-6.123445107926725e-14,5.5131177433218727e-17
355.91,-6.122619269142334e-14,5.5172628124898724e-17
355.92,-6.121729494246872e-14,5.492528082276136e-17
355.93,-6.120974846853495e-14,5.525177323797913e-17
355.94,-6.120095184122382e-14,5.516758920033797e-17
355.95,-6.119283259595099e-14,5.5162990802880064e-17
355.96,-6.118550945263282e-14,5.561051254592402e-17
355.97,-6.117668983731522e-14,5.5308104759104025e-17
355.98,-6.116833396965014e-14,5.53117220331735e-17
355.99,-6.116021444516055e-14,5.538990495490861e-17
356.0,-6.115182031874814e-14,5.528322119838124e-17
356.01,-6.114347776939084e-14,5.5163191105807835e-17
356.02,-6.113536553051427e-14,5.5277659286496707e-17
356.03,-6.112668063125949e-14,5.533972151124442e-17
356.04,-6.11187270461418e-14,5.526858716033421e-17
356.05,-6.111026731649878e-14,5.5278218755846244e-17
356.06,-6.110237076850031e-14,5.541753239462207e-17
356.07,-6.109378675092497e-14,5.5390909286591663e-17
356.08,-6.108575218913837e-14,5.5487661000719386e-17
356.09,-6.107720391049998e-14,5.533332900155176e-17
356.1,-6.106894824314615e-14,5.528892058473487e-17
356.11,-6.10607440527556e-14,5.547082189466319e-17
356.12,-6.105249824504805e-14,5.552748803852462e-17
356.13,-6.104469882746354e-14,5.554739073669547e-17
356.14,-6.103593395956826e-14,5.5427919930346614e-17
356.15,-6.102867532071289e-14,5.5471015205007404e-17
356.16,-6.101983071846755e-14,5.556274704878858e-17
356.17,-6.101146903333209e-14,5.549041914581802e-17
356.18,-6.100296559155019e-14,5.5421186878214576e-17
356.19,-6.099478872610241e-14,5.536036237458965e-17
356.2,-6.098648668675387e-14,5.558993317992548e-17
356.21,-6.097823794264518e-14,5.5499648867422837e-17
356.22,-6.097031965124824e-14,5.56452394112325e-17
356.23,-6.096204099838824e-14,5.561922670710158e-17
356.24,-6.095344535112076e-14,5.54910692861284e-17
356.25,-6.094553114544689e-14,5.554396420500759e-17
356.26,-6.093718501833128e-14,5.529741173588114e-17
356.27,-6.092882086022227e-14,5.558428379432918e-17
356.28,-6.092072482327145e-14,5.5499320408862954e-17
356.29,-6.091206981663613e-14,5.523852109373842e-17
356.3,-6.090395485510516e-14,5.563116243044584e-17
356.31,-6.08957332294443e-14,5.564495584264983e-17
356.32,-6.088812201520224e-14,5.563651320093101e-17
356.33,-6.087938288546789e-14,5.552578235768871e-17
356.34,-6.087120258667962e-14,5.561829023988018e-17
356.35,-6.086290590647766e-14,5.563487069907158e-17
356.36,-6.085498073412731e-14,5.568320691424917e-17
356.37,-6.084649084396312e-14,5.562758181481298e-17
356.38,-6.083813958140832e-14,5.568479736701075e-17
356.39,-6.082982457466897e-14,5.567171843452151e-17
356.4,-6.082133618898542e-14,5.564791346259846e-17
356.41,-6.081372293650775e-14,5.568005748252694e-17
356.42,-6.080586664656097e-14,5.57352659595828e-17
356.43,-6.079702832540372e-14,5.571658330978859e-17
356.44,-6.07888103309223e-14,5.571597918743162e-17
356.45,-6.078071243686663e-14,5.574824097502652e-17
356.46,-6.077241733634583e-14,5.580781138660236e-17
356.47,-6.0764585296143e-14,5.592082838904762e-17
356.48,-6.075609782832797e-14,5.56998282923307e-17
356.49,-6.074761836045322e-14,5.56686057478615e-17
356.5,-6.073950699914872e-14,5.566727762381704e-17
356.51,-6.07311785627225e-14,5.5684568498428e-17
356.52,-6.072284645392462e-14,5.562863494542158e-17
356.53,-6.071472476547944e-14,5.57211086965909e-17
356.54,-6.070647052066961e-14,5.57462740825886e-17
356.55,-6.069871809781765e-14,5.589883793272156e-17
356.56,-6.06905998304948e-14,5.619693044332001e-17
356.57,-6.068153388125543e-14,5.555248600938104e-17
356.58,-6.067375869941227e-14,5.575907489890672e-17
356.59,-6.066525548707477e-14,5.560731552961476e-17
356.6,-6.065738025676355e-14,5.568411574394727e-17
356.61,-6.064892126950832e-14,5.570337460632317e-17
356.62,-6.064075758852689e-14,5.562377379981005e-17
356.63,-6.06323845321264e-14,5.554397685392836e-17
356.64,-6.06244064408921e-14,5.555993450806456e-17
356.65,-6.061609762165296e-14,5.575463432833165e-17
356.66,-6.060761179604108e-14,5.563502319176442e-17
356.67,-6.059986884921668e-14,5.571071656233593e-17
356.68,-6.059137616078181e-14,5.569119403578651e-17
356.69,-6.058321927517264e-14,5.576194119175151e-17
356.7,-6.057517968644558e-14,5.573870391097652e-17
356.71,-6.05667947708962e-14,5.569162548194373e-17
356.72,-6.055839441632056e-14,5.557820040382855e-17
356.73,-6.05507480312387e-14,5.572901930426926e-17
356.74,-6.054114356853987e-14,5.5291520461528624e-17
356.75,-6.053390107590919e-14,5.560519124710833e-17
356.76,-6.052583940468804e-14,5.56841178598242e-17
356.77,-6.05175976412578e-14,5.565154275814538e-17
356.78,-6.050887688780105e-14,5.557826365580488e-17
356.79,-6.050121607755476e-14,5.562726025733998e-17
356.8,-6.049290406963361e-14,5.570055785806888e-17
356.81,-6.048439407625787e-14,5.5479827373993803e-17
356.82,-6.047620065561662e-14,5.539342188833332e-17
356.83,-6.046863651345965e-14,5.55623055329951e-17
356.84,-6.045996397767605e-14,5.54727954039559e-17
356.85,-6.045202218435522e-14,5.553471347313459e-17
356.86,-6.044370634971096e-14,5.552399714419615e-17
356.87,-6.043533333873235e-14,5.552128040983162e-17
356.88,-6.042755485297456e-14,5.565443583068283e-17
356.89,-6.04195843960338e-14,5.55758989921967e-17
356.9,-6.041087056461751e-14,5.534732856062183e-17
356.91,-6.040256870971942e-14,5.548658123628619e-17
356.92,-6.039496758815315e-14,5.556881614000549e-17
356.93,-6.038660259142385e-14,5.545083590325679e-17
356.94,-6.03783880745036e-14,5.5455955761953014e-17
356.95,-6.036997942536155e-14,5.5436178450751414e-17
356.96,-6.03615559862785e-14,5.542913376438798e-17
356.97,-6.035372002644157e-14,5.547952999007237e-17
356.98,-6.034564049145501e-14,5.535194991176349e-17
356.99,-6.03375922543351e-14,5.5489863393207996e-17
357.0,-6.032954418094919e-14,5.55443670931455e-17
357.01,-6.032076977594193e-14,5.525823741839487e-17
357.02,-6.031311241050836e-14,5.5334602810540575e-17
357.03,-6.030465451981252e-14,5.53127285778911e-17
357.04,-6.029609494152879e-14,5.533480706322815e-17
357.05,-6.028832656785145e-14,5.5326817374518075e-17
357.06,-6.02802575403213e-14,5.526685122760578e-17
357.07,-6.027196446352304e-14,5.5287175448231455e-17
357.08,-6.026395343151797e-14,5.525154161528082e-17
357.09,-6.025547646741179e-14,5.5151023248963705e-17
357.1,-6.024691716652384e-14,5.5134740978337824e-17
357.11,-6.023927239811203e-14,5.51453882016195e-17
357.12,-6.023112570361631e-14,5.518547251100903e-17
357.13,-6.022279711246528e-14,5.5112123461505725e-17
357.14,-6.021361698075008e-14,5.503775237762285e-17
357.15,-6.020665126995417e-14,5.51598068875773e-17
357.16,-6.019829554166312e-14,5.50889614612936e-17
357.17,-6.019072626589163e-14,5.5098074696975267e-17
357.18,-6.018234292643254e-14,5.511293524944183e-17
357.19,-6.017345625185241e-14,5.4762125714238726e-17
357.2,-6.016565499561298e-14,5.4971409041904717e-17
357.21,-6.0157782000281e-14,5.506474627333683e-17
357.22,-6.014995324604504e-14,5.5091375653694283e-17
357.23,-6.01416243972457e-14,5.4977660294432174e-17
357.24,-6.013315607994808e-14,5.490615776803538e-17
357.25,-6.012482632826752e-14,5.495941421671504e-17
357.26,-6.011673386967533e-14,5.486436310601634e-17
357.27,-6.010968545491241e-14,5.4965682695893025e-17
357.28,-6.010010938452279e-14,5.460223376003043e-17
357.29,-6.009235173444462e-14,5.4853669212456085e-17
357.3,-6.008492587312493e-14,5.4890990463178396e-17
357.31,-6.007609387467923e-14,5.4721949749673824e-17
357.32,-6.006819027806491e-14,5.474115886616657e-17
357.33,-6.006002621746667e-14,5.480285057719413e-17
357.34,-6.005146962058727e-14,5.4643942186307376e-17
357.35,-6.004396968320319e-14,5.4511015093681965e-17
357.36,-6.003575706069554e-14,5.468567983253921e-17
357.37,-6.002732478054082e-14,5.46847342124255e-17
357.38,-6.001923555541827e-14,5.4596993731452365e-17
357.39,-6.001118655728251e-14,5.464443535098307e-17
357.4,-6.000266874086523e-14,5.443960274245255e-17
357.41,-5.999512170850214e-14,5.457930238059518e-17
357.42,-5.998672944383816e-14,5.455902573803987e-17
357.43,-5.99790408616722e-14,5.449808996130057e-17
357.44,-5.99694028189315e-14,5.4096957129972337e-17
357.45,-5.996257772733598e-14,5.447351782482761e-17
357.46,-5.995465138337329e-14,5.485594375711139e-17
357.47,-5.994620366146663e-14,5.434875211204178e-17
357.48,-5.993850504774174e-14,5.445491121508446e-17
357.49,-5.99298182879234e-14,5.421598292798795e-17
357.5,-5.992212054283287e-14,5.4154023059708016e-17
357.51,-5.991400309942461e-14,5.4353357161768286e-17
357.52,-5.990561519815172e-14,5.4239099576395064e-17
357.53,-5.98977732554495e-14,5.439395024819319e-17
357.54,-5.988980618695193e-14,5.423124532250246e-17
357.55,-5.988174879465952e-14,5.4572938395285267e-17
357.56,-5.987334902125808e-14,5.411064434811443e-17
357.57,-5.986525646317333e-14,5.413857896307774e-17
357.58,-5.9857044016492e-14,5.389350563989613e-17
357.59,-5.98480565461229e-14,5.3907361404644444e-17
357.6,-5.984103234661405e-14,5.40138181685999e-17
357.61,-5.983253910475283e-14,5.4087537406516514e-17
357.62,-5.982578054150746e-14,5.4182769720114604e-17
357.63,-5.981652179832831e-14,5.389268035179109e-17
357.64,-5.981143610243768e-14,5.466552226210319e-17
357.65,-5.98006016606005e-14,5.403852306502799e-17
357.66,-5.979244482749659e-14,5.3836374352839174e-17
357.67,-5.978554434601192e-14,5.4018725246592424e-17
357.68,-5.977656310793146e-14,5.395752520759419e-17
357.69,-5.976843881429214e-14,5.375595245219135e-17
357.7,-5.976046503203072e-14,5.384503455428411e-17
357.71,-5.97476342544688e-14,5.3232156463350265e-17
357.72,-5.974375145516408e-14,5.364321649183584e-17
357.73,-5.973965205927957e-14,5.4405268784246073e-17
357.74,-5.9727728940924e-14,5.3502618001278985e-17
357.75,-5.972004254857322e-14,5.358391559311123e-17
357.76,-5.971187147911106e-14,5.36812221530446e-17
357.77,-5.97039298120767e-14,5.365060798796299e-17
357.78,-5.969574264713458e-14,5.3448707717929934e-17
357.79,-5.968782183991467e-14,5.350941034693867e-17
357.8,-5.967875913154672e-14,5.295818779938654e-17
357.81,-5.967127667299114e-14,5.3302869826106706e-17
357.82,-5.966353538283754e-14,5.36192315563654e-17
357.83,-5.96557461686814e-14,5.3354699010744055e-17
357.84,-5.964728633821722e-14,5.317543574488542e-17
357.85,-5.963965751599758e-14,5.337367717661114e-17
357.86,-5.9631420966131e-14,5.32902932769446e-17
357.87,-5.962331178787884e-14,5.313692058046054e-17
357.88,-5.961517226922013e-14,5.3115836825317255e-17
357.89,-5.960719248066186e-14,5.312110634465403e-17
357.9,-5.959899815231678e-14,5.293488160779661e-17
357.91,-5.959104244844851e-14,5.321237526136801e-17
357.92,-5.958315778899428e-14,5.303712819742499e-17
357.93,-5.95742726958689e-14,5.2806639738689273e-17
357.94,-5.956695674539431e-14,5.298156786446538e-17
357.95,-5.955936825439553e-14,5.3113423182686485e-17
357.96,-5.955091656617909e-14,5.284516680110401e-17
357.97,-5.954298077217819e-14,5.289798610555621e-17
357.98,-5.953537783271793e-14,5.3099204543465786e-17
357.99,-5.95271435643483e-14,5.297561749511325e-17
358.0,-5.951857290832326e-14,5.2643673349747786e-17
358.01,-5.95109427154472e-14,5.268891360938576e-17
358.02,-5.950287921658285e-14,5.2657299807782535e-17
358.03,-5.949542974974028e-14,5.282077894352998e-17
358.04,-5.948690199530949e-14,5.2447897558143945e-17
358.05,-5.947872795557585e-14,5.260683514890899e-17
358.06,-5.947083672131685e-14,5.259722992181539e-17
358.07,-5.946296469136426e-14,5.2522383645572285e-17
358.08,-5.94550007237454e-14,5.228570603829847e-17
358.09,-5.94468775006146e-14,5.251942098817252e-17
358.1,-5.943911925557218e-14,5.244939413611311e-17
358.11,-5.943108087345577e-14,5.2312078186105814e-17
358.12,-5.942415060835867e-14,5.2564880904061e-17
358.13,-5.941499862204077e-14,5.2357671665540323e-17
358.14,-5.940684454535907e-14,5.224997332048749e-17
358.15,-5.939893981705467e-14,5.225311810760184e-17
358.16,-5.93911772243286e-14,5.229286710315876e-17
358.17,-5.938291375076157e-14,5.211159066097602e-17
358.18,-5.93753004795854e-14,5.2293889566716943e-17
358.19,-5.936696741429236e-14,5.207497034069413e-17
358.2,-5.935923045688521e-14,5.2169772027260586e-17
358.21,-5.935135368320554e-14,5.21632109772809e-17
358.22,-5.934343617018879e-14,5.2080193005310833e-17
358.23,-5.933548906036422e-14,5.208192146085249e-17
358.24,-5.932740713683092e-14,5.2029233537717845e-17
358.25,-5.93190078491204e-14,5.191186370881813e-17
358.26,-5.931102860270279e-14,5.1933820418539715e-17
358.27,-5.930365934225344e-14,5.19332757029293e-17
358.28,-5.929555659853386e-14,5.1895614659777e-17
358.29,-5.928766651550781e-14,5.1911174175176467e-17
358.3,-5.92796780038209e-14,5.190620500293669e-17
358.31,-5.927211927135088e-14,5.1908515157173976e-17
358.32,-5.926419965146655e-14,5.1853908452787976e-17
358.33,-5.925585860286157e-14,5.1772433961954304e-17
358.34,-5.924771393571718e-14,5.152041672828854e-17
358.35,-5.92397414512532e-14,5.165626419862456e-17
358.36,-5.923142034579088e-14,5.151391721988991e-17
358.37,-5.922369852901129e-14,5.1413741330212256e-17
358.38,-5.921549886229188e-14,5.136623016274701e-17
358.39,-5.920802877743565e-14,5.1461478924944815e-17
358.4,-5.919988123695383e-14,5.137460357453158e-17
358.41,-5.919217585149807e-14,5.14145106542152e-17
358.42,-5.918381057078128e-14,5.1367515111948947e-17
358.43,-5.917552863637548e-14,5.1170625755067675e-17
358.44,-5.916788425813984e-14,5.1219854206792075e-17
358.45,-5.916051326175743e-14,5.128206283147604e-17
358.46,-5.915243536197898e-14,5.118072793835362e-17
358.47,-5.914440429563853e-14,5.113302703812974e-17
358.48,-5.913677016405263e-14,5.117421399270219e-17
358.49,-5.912887280322105e-14,5.1140804329763857e-17
358.5,-5.912060972271744e-14,5.10274086759242e-17
358.51,-5.911290329955281e-14,5.103212064115394e-17
358.52,-5.910556348982204e-14,5.141178276541936e-17
358.53,-5.909619706142809e-14,5.0652291663299816e-17
358.54,-5.908887433700773e-14,5.089102337210706e-17
358.55,-5.908130741000076e-14,5.0852047715347913e-17
358.56,-5.907325701256786e-14,5.08995384138893e-17
358.57,-5.906562795172281e-14,5.094825317882759e-17
358.58,-5.905705130404644e-14,5.059298395011395e-17
358.59,-5.904988105883851e-14,5.093689676447028e-17
358.6,-5.904172811774856e-14,5.083513799558555e-17
358.61,-5.903409718729823e-14,5.100849482313151e-17
358.62,-5.902564079278699e-14,5.061872693891612e-17
358.63,-5.901809864023748e-14,5.066450038742732e-17
358.64,-5.901034603542516e-14,5.06187011229006e-17
358.65,-5.900233047494112e-14,5.0613289525956544e-17
358.66,-5.899421373179123e-14,5.048754315305823e-17
358.67,-5.898635901836891e-14,5.0507002281236635e-17
358.68,-5.897850442104914e-14,5.041678691746409e-17
358.69,-5.897053909939386e-14,5.0417137672774805e-17
358.7,-5.896378412427554e-14,5.058349841330166e-17
358.71,-5.895587055765231e-14,5.05243600561055e-17
358.72,-5.894689584530701e-14,5.0328215224601935e-17
358.73,-5.893935670903746e-14,5.0393489898184833e-17
358.74,-5.893144841591361e-14,5.0367575284802174e-17
358.75,-5.892354958026459e-14,5.0262840894690364e-17
358.76,-5.891549158229952e-14,5.038109429204526e-17
358.77,-5.89078130964579e-14,5.023554773851752e-17
358.78,-5.890009196596468e-14,5.025581285387488e-17
358.79,-5.889231819971537e-14,5.017290510524302e-17
358.8,-5.888477792725046e-14,5.0351793230019744e-17
358.81,-5.887677915088165e-14,5.0040424351602046e-17
358.82,-5.886862668928375e-14,5.014827652506744e-17
358.83,-5.88609198605082e-14,5.016875313043306e-17
358.84,-5.885289370272354e-14,5.005071509938557e-17
358.85,-5.884566250303828e-14,5.0212337388305953e-17
358.86,-5.883748435392779e-14,5.0206603438723605e-17
358.87,-5.88291542819578e-14,4.99636648530239e-17
358.88,-5.882171294485414e-14,4.985352113627027e-17
358.89,-5.881401261116144e-14,5.010521266680821e-17
358.9,-5.880560550210423e-14,4.9773831795868863e-17
358.91,-5.8798616479579e-14,4.9925682366999826e-17
358.92,-5.879026498147043e-14,4.9883135071155105e-17
358.93,-5.878220526810421e-14,4.9668412623162207e-17
358.94,-5.877382749981226e-14,4.921148332618018e-17
358.95,-5.876678566031647e-14,4.9844111754241905e-17
358.96,-5.875859616680177e-14,4.963456411415838e-17
358.97,-5.875093751558643e-14,4.931730129475395e-17
358.98,-5.874336906178941e-14,4.9725694592462803e-17
358.99,-5.873549369184951e-14,4.975336310700569e-17
359.0,-5.872787280420731e-14,4.9726517145409865e-17
359.01,-5.87198112754482e-14,4.9578665660524825e-17
359.02,-5.871216920566837e-14,4.962093890475694e-17
359.03,-5.870409076161385e-14,4.9632861382674794e-17
359.04,-5.86963984642134e-14,4.95454444679544e-17
359.05,-5.868833647593826e-14,4.9470423656746845e-17
359.06,-5.868085312971808e-14,4.955464784812902e-17
359.07,-5.867302335642565e-14,4.9495372492904675e-17
359.08,-5.866507324107334e-14,4.952831600809306e-17
359.09,-5.865740365665431e-14,4.947318536113172e-17
359.1,-5.864954706346229e-14,4.946770514194929e-17
359.11,-5.864157573966135e-14,4.915847657283151e-17
359.12,-5.863395808105585e-14,4.9395074170941934e-17
359.13,-5.862590994755861e-14,4.928559542893918e-17
359.14,-5.861801666789066e-14,4.916638626396339e-17
359.15,-5.861038181607478e-14,4.919430120701123e-17
359.16,-5.860255361086728e-14,4.936165633333576e-17
359.17,-5.859518840302905e-14,4.928262103521561e-17
359.18,-5.858750076389963e-14,4.928031757932439e-17
359.19,-5.857963661659203e-14,4.931464739911678e-17
359.2,-5.857169684732284e-14,4.917403543366776e-17
359.21,-5.856336357795107e-14,4.9075174387457655e-17
359.22,-5.855617246425979e-14,4.90555333215102e-17
359.23,-5.854783966562166e-14,4.893724925710488e-17
359.24,-5.854047001283578e-14,4.9265063950322406e-17
359.25,-5.853287953866104e-14,4.908481186837772e-17
359.26,-5.852503305959874e-14,4.906344772156092e-17
359.27,-5.851723827547927e-14,4.9064864272659795e-17
359.28,-5.85096254455893e-14,4.9075649376550464e-17
359.29,-5.850187295835825e-14,4.9076228223972925e-17
359.3,-5.84940296455915e-14,4.8993344600972094e-17
359.31,-5.848618292948832e-14,4.895585564817757e-17
359.32,-5.847839107079091e-14,4.89541592599145e-17
359.33,-5.847086679254249e-14,4.897462027108813e-17
359.34,-5.846256891314752e-14,4.891737254787168e-17
359.35,-5.845551084456555e-14,4.904925578587343e-17
359.36,-5.844726673239739e-14,4.8762464568352744e-17
359.37,-5.843989048339573e-14,4.892449006716335e-17
359.38,-5.84320725287699e-14,4.8989408489842805e-17
359.39,-5.842397978262382e-14,4.884952342185214e-17
359.4,-5.841656303073355e-14,4.8881086688857743e-17
359.41,-5.840845344230037e-14,4.870274888587006e-17
359.42,-5.840070334645153e-14,4.872174520783586e-17
359.43,-5.8392831551044e-14,4.9293422923939806e-17
359.44,-5.83852949463322e-14,4.87370767309142e-17
359.45,-5.837780746463584e-14,4.876307038109421e-17
359.46,-5.837029184852686e-14,4.884907930255056e-17
359.47,-5.836254880491634e-14,4.8933945063835715e-17
359.48,-5.835440715401508e-14,4.870996768289038e-17
359.49,-5.834699415899434e-14,4.87794729181013e-17
359.5,-5.833824590766876e-14,4.799977783751372e-17
359.51,-5.833120327698035e-14,4.867301346269562e-17
359.52,-5.832508744662038e-14,4.964582871555794e-17
359.53,-5.831583638975121e-14,4.876934779087368e-17
359.54,-5.830821162501521e-14,4.867390603521293e-17
359.55,-5.830094330718063e-14,4.881248438227055e-17
359.56,-5.829332004067928e-14,4.828237913161897e-17
359.57,-5.828504615823233e-14,4.861429471843855e-17
359.58,-5.827775142800484e-14,4.854813317857089e-17
359.59,-5.827060314767972e-14,4.843657069880287e-17
359.6,-5.82623302702148e-14,4.863332578333515e-17
359.61,-5.825530628114328e-14,4.9029671779355104e-17
359.62,-5.824631253641974e-14,4.85248062979385e-17
359.63,-5.823886100349866e-14,4.857476976570625e-17
359.64,-5.823060684606394e-14,4.850826633741081e-17
359.65,-5.82231814065988e-14,4.851040209978707e-17
359.66,-5.821583950210537e-14,4.862672930479207e-17
359.67,-5.820799569277276e-14,4.85934169395431e-17
359.68,-5.820154617068802e-14,4.89855795751576e-17
359.69,-5.81925775528404e-14,4.8484903492136697e-17
359.7,-5.818553932441053e-14,4.874977915000314e-17
359.71,-5.817730188678376e-14,4.854222488978745e-17
359.72,-5.816944620377753e-14,4.848179192186771e-17
359.73,-5.816189006385121e-14,4.8369949130008535e-17
359.74,-5.815410258697356e-14,4.846523216856997e-17
359.75,-5.814677627382995e-14,4.859083559286537e-17
359.76,-5.813866131060763e-14,4.860990135329883e-17
359.77,-5.813147705358349e-14,4.9060330081903186e-17
359.78,-5.81237550395251e-14,4.858385940235643e-17
359.79,-5.811613908133578e-14,4.858336790278844e-17
359.8,-5.810803993269437e-14,4.845051778012305e-17
359.81,-5.810054972917221e-14,4.8509862169913214e-17
359.82,-5.809247519316923e-14,4.833602308356788e-17
359.83,-5.808498250425645e-14,4.839508077361455e-17
359.84,-5.807712710796711e-14,4.840427734577874e-17
359.85,-5.806990271839234e-14,4.8409515672518764e-17
359.86,-5.806196444352652e-14,4.8741495708802025e-17
359.87,-5.805429217909635e-14,4.8381285053851404e-17
359.88,-5.804682965605539e-14,4.856919054159877e-17
359.89,-5.803912819253365e-14,4.8579813625557835e-17
359.9,-5.803129219002319e-14,4.84039790808563e-17
359.91,-5.802359502424455e-14,4.842676173456264e-17
359.92,-5.80160287935209e-14,4.8510410564347966e-17
359.93,-5.80082097027979e-14,4.8419174712818676e-17
359.94,-5.800081980898069e-14,4.853706623439722e-17
359.95,-5.799337689696527e-14,4.8539705654471473e-17
359.96,-5.798567436964744e-14,4.8508210869628774e-17
359.97,-5.797810398980973e-14,4.857140204689229e-17
359.98,-5.796990742595379e-14,4.839203099769438e-17
359.99,-5.796262184377759e-14,4.852682917317281e-17
360.0,-5.795443171282403e-14,4.8471842445074015e-17
360.01,-5.794692569483673e-14,4.835970043936004e-17
360.02,-5.793937269234087e-14,4.8470960285535885e-17
360.03,-5.793185805244107e-14,4.850591444910731e-17
360.04,-5.792459716902627e-14,4.859062470976308e-17
360.05,-5.791667452473072e-14,4.8486974434323205e-17
360.06,-5.790913735749267e-14,4.837121314898542e-17
360.07,-5.790136384166593e-14,4.844544221792637e-17
360.08,-5.789355132337615e-14,4.8453031933753534e-17
360.09,-5.788595309201298e-14,4.8488879410241207e-17
360.1,-5.787857493007955e-14,4.853812890119676e-17
360.11,-5.787062962046299e-14,4.8470545948070917e-17
360.12,-5.786316854299067e-14,4.8458085219736764e-17
360.13,-5.785515908296843e-14,4.84487779200153e-17
360.14,-5.784769389169317e-14,4.841681525464689e-17
360.15,-5.784035941319051e-14,4.8582249946197505e-17
360.16,-5.783273330890168e-14,4.8467077932583246e-17
360.17,-5.782488134673391e-14,4.849782402190652e-17
360.18,-5.781726869686093e-14,4.8437542687795786e-17
360.19,-5.78095291597277e-14,4.850640641050308e-17
360.2,-5.780118859079012e-14,4.873530549969246e-17
360.21,-5.779471839223483e-14,4.861998247786944e-17
360.22,-5.778656874978436e-14,4.8517984863447194e-17
360.23,-5.777772516472921e-14,4.861895870097202e-17
360.24,-5.777158410429681e-14,4.873595580061569e-17
360.25,-5.776370853625123e-14,4.849235045841559e-17
360.26,-5.775611400010887e-14,4.854346827290843e-17
360.27,-5.774829908476224e-14,4.852384047700592e-17
360.28,-5.774094157206824e-14,4.8515770814151325e-17
360.29,-5.773333730206526e-14,4.862883988781164e-17
360.3,-5.772557600440379e-14,4.8512748154947536e-17
360.31,-5.771851045374452e-14,4.873572018629292e-17
360.32,-5.771083230402296e-14,4.8583166469514785e-17
360.33,-5.770300423482872e-14,4.8633627052771236e-17
360.34,-5.769524666074309e-14,4.860993655252813e-17
360.35,-5.768767788006677e-14,4.855355049570237e-17
360.36,-5.768023271449394e-14,4.866001064806253e-17
360.37,-5.767254165955557e-14,4.8615057239565416e-17
360.38,-5.766500961746432e-14,4.865311730271876e-17
360.39,-5.765699528274706e-14,4.864249526721936e-17
360.4,-5.764912129127518e-14,4.849697710978155e-17
360.41,-5.764161131650273e-14,4.847379779550337e-17
360.42,-5.763414425344472e-14,4.8825867982342654e-17
360.43,-5.762698522326076e-14,4.8795514062223793e-17
360.44,-5.761940166550643e-14,4.8811670772695006e-17
360.45,-5.761172417938242e-14,4.871442532081964e-17
360.46,-5.760403759277275e-14,4.872312525867546e-17
360.47,-5.759660656710619e-14,4.872191344322175e-17
360.48,-5.758822477853433e-14,4.875043006474395e-17
360.49,-5.757982920753828e-14,4.8452007005117115e-17
360.5,-5.757581188765081e-14,4.907183463107891e-17
360.51,-5.756623518686994e-14,4.8859174191050654e-17
360.52,-5.755821139021225e-14,4.861994813396943e-17
360.53,-5.75506385993794e-14,4.8746848225886186e-17
360.54,-5.754310525209961e-14,4.8773434476557016e-17
360.55,-5.75358424244188e-14,4.89360355724203e-17
360.56,-5.752796283949831e-14,4.8735433192048635e-17
360.57,-5.752084961586753e-14,4.8917160010654425e-17
360.58,-5.751305891835212e-14,4.8738507290679686e-17
360.59,-5.750500531173637e-14,4.890997626640291e-17
360.6,-5.749798020007076e-14,4.900403039595813e-17
360.61,-5.749039807202364e-14,4.887612111460927e-17
360.62,-5.748272870611603e-14,4.897950451032724e-17
360.63,-5.74753139523445e-14,4.897290196627907e-17
360.64,-5.746758537900617e-14,4.900481974140697e-17
360.65,-5.745983748765676e-14,4.8879210752271e-17
360.66,-5.745223175070545e-14,4.903701312266931e-17
360.67,-5.744473938827345e-14,4.8997979841966344e-17
360.68,-5.743751077735992e-14,4.9280223578148106e-17
360.69,-5.74296024732965e-14,4.906970698386476e-17
360.7,-5.74220416267795e-14,4.9000409404754195e-17
360.71,-5.741441127641646e-14,4.905055197428921e-17
360.72,-5.740721937333352e-14,4.9129759410424375e-17
360.73,-5.739849581259338e-14,4.8889153943572663e-17
360.74,-5.739194640125748e-14,4.9082269593937207e-17
360.75,-5.738395550098512e-14,4.918969796668073e-17
360.76,-5.737703473982066e-14,4.9225848758180367e-17
360.77,-5.736842169252977e-14,4.899346791926089e-17
360.78,-5.736138887444334e-14,4.9202011709763246e-17
360.79,-5.735380262562637e-14,4.907354633364631e-17
360.8,-5.734636568208691e-14,4.921243965528782e-17
360.81,-5.733924202746411e-14,4.9268412405730487e-17
360.82,-5.733146056530387e-14,4.9171925558924565e-17
360.83,-5.73236326739423e-14,4.9207137323929075e-17
360.84,-5.731589203502803e-14,4.924711968680856e-17
360.85,-5.730845211169457e-14,4.9160709770076316e-17
360.86,-5.73007360238953e-14,4.923536058731745e-17
360.87,-5.729366425479908e-14,4.9473202728647625e-17
360.88,-5.728579199484492e-14,4.919590876477884e-17
360.89,-5.727821343475978e-14,4.9292978727754704e-17
360.9,-5.727037739160427e-14,4.925652256961131e-17
360.91,-5.726304372937354e-14,4.9131395759494866e-17
360.92,-5.725535359463784e-14,4.9309874556874586e-17
360.93,-5.724795798381465e-14,4.932402522526053e-17
360.94,-5.724023821469445e-14,4.9374621727806014e-17
360.95,-5.723282058083369e-14,4.9595571231999375e-17
360.96,-5.722527277011226e-14,4.9386226569705944e-17
360.97,-5.721774477653718e-14,4.933894725243001e-17
360.98,-5.721117284565304e-14,4.955349745379673e-17
360.99,-5.720277272397762e-14,4.954232310016945e-17
361.0,-5.719509295936539e-14,4.941996094866127e-17
361.01,-5.718745972344017e-14,4.943462251390901e-17
361.02,-5.717898754140647e-14,4.9397155343640876e-17
361.03,-5.717074323750922e-14,4.93086263232453e-17
361.04,-5.716584408632311e-14,4.981270692912155e-17
361.05,-5.715728013114468e-14,4.947097602937777e-17
361.06,-5.714963551311022e-14,4.954470477504895e-17
361.07,-5.714229824960116e-14,4.9575853563987514e-17
361.08,-5.713470289904523e-14,4.96397096668965e-17
361.09,-5.712706705204574e-14,4.9556601831769294e-17
361.1,-5.711969419326661e-14,4.958093061435448e-17
361.11,-5.711169713191241e-14,4.9542967108228263e-17
361.12,-5.710467071845431e-14,4.959582121564361e-17
361.13,-5.709700319649974e-14,4.9795119386237934e-17
361.14,-5.708952056823352e-14,4.971485628707701e-17
361.15,-5.708183442288424e-14,4.9618250135592266e-17
361.16,-5.707424060037062e-14,4.981002458697254e-17
361.17,-5.70669203687316e-14,4.9691709932137027e-17
361.18,-5.705899332825599e-14,4.95693655491503e-17
361.19,-5.705193823471598e-14,4.981922712129665e-17
361.2,-5.704400161091217e-14,4.978648787538372e-17
361.21,-5.703670669347302e-14,4.965911997297898e-17
361.22,-5.702930400264943e-14,4.999475546522078e-17
361.23,-5.70216866765489e-14,4.98063158686308e-17
361.24,-5.70138605329658e-14,4.972840071986206e-17
361.25,-5.700654094159045e-14,4.985646142503837e-17
361.26,-5.699892777814654e-14,4.9800698956847915e-17
361.27,-5.699160766985938e-14,4.987187853423245e-17
361.28,-5.698417820191788e-14,4.9888882408938174e-17
361.29,-5.697604795275564e-14,5.008311256245392e-17
361.3,-5.696830514491794e-14,4.97489664348209e-17
361.31,-5.696045515040056e-14,4.9647108610457556e-17
361.32,-5.695431598142638e-14,5.021679337481907e-17
361.33,-5.694628224762894e-14,4.995053773022653e-17
361.34,-5.693869162222133e-14,4.997810719791387e-17
361.35,-5.693136779543635e-14,5.003489514497143e-17
361.36,-5.692345087172714e-14,4.9883718573914923e-17
361.37,-5.691623398305574e-14,4.9997038200473567e-17
361.38,-5.690869872365633e-14,4.989775164788569e-17
361.39,-5.690097819305622e-14,4.9993236544686605e-17
361.4,-5.689429334792105e-14,4.971811913148752e-17
361.41,-5.68860958121335e-14,5.00449675153514e-17
361.42,-5.687853159619968e-14,5.0105297721585024e-17
361.43,-5.687103151551944e-14,5.0141731232788894e-17
361.44,-5.686353667976581e-14,5.029496982122302e-17
361.45,-5.685613150267494e-14,5.008447367269316e-17
361.46,-5.684841702101531e-14,5.0197436865091716e-17
361.47,-5.6841571296208197e-14,5.0126398355296554e-17
361.48,-5.683298174757523e-14,4.9992849729946243e-17
361.49,-5.682533030824478e-14,4.9477640127513724e-17
361.5,-5.681766337545425e-14,4.9994545399400955e-17
361.51,-5.6810792895368956e-14,5.0152064843931324e-17
361.52,-5.6801899377111826e-14,4.9900938617729047e-17
361.53,-5.679689666386044e-14,5.04610785886126e-17
361.54,-5.678841763168809e-14,5.02399086593334e-17
361.55,-5.678093412689299e-14,5.0254816661577514e-17
361.56,-5.677439271606165e-14,5.0699738535595045e-17
361.57,-5.6765863074165687e-14,5.027620923891069e-17
361.58,-5.675370113991647e-14,4.869534621819711e-17
361.59,-5.675087142934088e-14,5.028388714962769e-17
361.6,-5.674322721274257e-14,5.026454258001814e-17
361.61,-5.6735664644591566e-14,4.988879862063323e-17
361.62,-5.672836758386888e-14,5.029957912376736e-17
361.63,-5.672077584954778e-14,5.037289826978957e-17
361.64,-5.6713283090440196e-14,5.028648885780297e-17
361.65,-5.670839871496084e-14,5.158572782992075e-17
361.66,-5.6698411383714253e-14,5.0381561897949327e-17
361.67,-5.6690537427928983e-14,4.983421791762577e-17
361.68,-5.6683152363167187e-14,5.037138894863829e-17
361.69,-5.667564524499182e-14,5.039515535715092e-17
361.7,-5.6668241545578216e-14,5.035746477176481e-17
361.71,-5.6660776557181754e-14,5.033824727430884e-17
361.72,-5.665324007470582e-14,5.0424462346844084e-17
361.73,-5.6645358400768136e-14,5.022560104269596e-17
361.74,-5.6638919820645895e-14,5.096242060361068e-17
361.75,-5.663046200925963e-14,5.036741902165667e-17
361.76,-5.662308829936347e-14,5.036892565030454e-17
361.77,-5.661483243985031e-14,5.0231348234676776e-17
361.78,-5.6608108385647614e-14,5.041524482023126e-17
361.79,-5.66008507490565e-14,5.053543247428131e-17
361.8,-5.659335881109005e-14,5.0499195569013196e-17
361.81,-5.658556474999174e-14,5.0495717190046716e-17
361.82,-5.6578304631343236e-14,5.046263239109985e-17
361.83,-5.65711716951551e-14,5.0520614851261897e-17
361.84,-5.656309025568448e-14,5.053084381180569e-17
361.85,-5.6556735716068855e-14,5.055452748205285e-17
361.86,-5.6548012972919756e-14,5.044965294642744e-17
361.87,-5.6541108617888987e-14,5.0518035766329166e-17
361.88,-5.653313900536168e-14,5.039256229731978e-17
361.89,-5.652591138041204e-14,5.0446857922510293e-17
361.9,-5.651835435213134e-14,5.0526318911054744e-17
361.91,-5.651083040794554e-14,5.058638332222984e-17
361.92,-5.6502768988820224e-14,5.049124039758603e-17
361.93,-5.649529802000928e-14,5.042846390744957e-17
361.94,-5.648831448495872e-14,5.061992090777999e-17
361.95,-5.6480735710753455e-14,5.057874852579642e-17
361.96,-5.647331080074426e-14,5.057339254539878e-17
361.97,-5.6465900699093076e-14,5.066228071957773e-17
361.98,-5.645835416626968e-14,5.057456116297122e-17
361.99,-5.645076361547787e-14,5.055006415500553e-17
362.0,-5.6443336806115776e-14,5.0565182556933564e-17
362.01,-5.6435844356442024e-14,5.0584800325591066e-17
362.02,-5.642952832423086e-14,5.097190691083809e-17
362.03,-5.642088605311139e-14,5.0481931577440064e-17
362.04,-5.641353294120337e-14,5.066515409492293e-17
362.05,-5.6406138058688396e-14,5.0727504602701465e-17
362.06,-5.6398465422557676e-14,5.043234755616618e-17
362.07,-5.639098660541787e-14,5.045483713577333e-17
362.08,-5.6384282554515505e-14,5.1024513579269795e-17
362.09,-5.637653416365905e-14,5.092120474714944e-17
362.1,-5.636839810436328e-14,5.063514636963118e-17
362.11,-5.636089430610308e-14,5.062975680969275e-17
362.12,-5.635291242029318e-14,5.036255112819873e-17
362.13,-5.634627297619401e-14,5.066938872137275e-17
362.14,-5.633856097521262e-14,5.0596220195652913e-17
362.15,-5.633094513774314e-14,5.057488451430553e-17
362.16,-5.632370810369525e-14,5.062304201739953e-17
362.17,-5.631638203368854e-14,5.0578988570269423e-17
362.18,-5.630861014107617e-14,5.056033442030526e-17
362.19,-5.6301396139866255e-14,5.0767753467533526e-17
362.2,-5.629363265736544e-14,5.0493128981250457e-17
362.21,-5.6286712865995117e-14,5.07549183569474e-17
362.22,-5.6278752627954787e-14,5.059379063767028e-17
362.23,-5.6271051302168585e-14,5.042276682799684e-17
362.24,-5.626379848011585e-14,5.056422213680578e-17
362.25,-5.625653249421857e-14,5.059030967941928e-17
362.26,-5.6249054892501034e-14,5.0613780737211274e-17
362.27,-5.6241624203902394e-14,5.059289593374136e-17
362.28,-5.6234465533952546e-14,5.0801434859780524e-17
362.29,-5.62262159817558e-14,5.057495801680509e-17
362.3,-5.621962581428063e-14,5.0727817283483614e-17
362.31,-5.621164151057845e-14,5.059897803512634e-17
362.32,-5.6204057074492967e-14,5.0680394984955604e-17
362.33,-5.6196530097223386e-14,5.049004329334854e-17
362.34,-5.618943158107735e-14,5.063375167563836e-17
362.35,-5.6181680691687246e-14,5.0572490931694085e-17
362.36,-5.617482551235346e-14,5.068265223516068e-17
362.37,-5.616728875083506e-14,5.074115282700385e-17
362.38,-5.615977839559023e-14,5.0805107462346467e-17
362.39,-5.615259041326199e-14,5.0652228199498816e-17
362.4,-5.614462653323822e-14,5.056058365742883e-17
362.41,-5.613704563807014e-14,5.0501253144128796e-17
362.42,-5.612963729620718e-14,5.051381827595476e-17
362.43,-5.612254884383215e-14,5.070506437554181e-17
362.44,-5.6114844443682036e-14,5.055249675627269e-17
362.45,-5.610746869400469e-14,5.055298007748662e-17
362.46,-5.609909771661393e-14,5.024550735972462e-17
362.47,-5.609269364248956e-14,5.104673165126668e-17
362.48,-5.6084900826765975e-14,5.047839039976779e-17
362.49,-5.6077668866851603e-14,5.065128882136684e-17
362.5,-5.607018648412479e-14,5.0493841567313284e-17
362.51,-5.6062759560770753e-14,5.057146692677907e-17
362.52,-5.6055392276307815e-14,5.060968431865207e-17
362.53,-5.6047769695035155e-14,5.0539810437437887e-17
362.54,-5.60404570455313e-14,5.0515667920480004e-17
362.55,-5.6033789718549785e-14,5.054253940049678e-17
362.56,-5.6026192626446e-14,5.053716911212652e-17
362.57,-5.6018045094779185e-14,5.047329345552366e-17
362.58,-5.601056703986535e-14,5.03600739271107e-17
362.59,-5.600311739407215e-14,5.039354148229532e-17
362.6,-5.599567011572985e-14,5.049114020754873e-17
362.61,-5.598827365308083e-14,5.0490977425101e-17
362.62,-5.5981181164397786e-14,5.0484566036815074e-17
362.63,-5.597330992093871e-14,5.048757047146222e-17
362.64,-5.596564558131044e-14,5.026781277365174e-17
362.65,-5.595825569248617e-14,5.023349084758636e-17
362.66,-5.5951161677957295e-14,5.036842248655689e-17
362.67,-5.594366877238526e-14,5.040061549288036e-17
362.68,-5.5936059176547874e-14,5.0277341736494543e-17
362.69,-5.592865762974677e-14,5.022524404718077e-17
362.7,-5.592096314545823e-14,5.01097325522252e-17
362.71,-5.591373630792471e-14,5.02391350024695e-17
362.72,-5.590665004618347e-14,5.02739911521762e-17
362.73,-5.589866930432653e-14,5.0365735574577123e-17
362.74,-5.589155745056335e-14,5.012607016688223e-17
362.75,-5.588422707235898e-14,5.0091258146216426e-17
362.76,-5.587675811508347e-14,5.016342166429688e-17
362.77,-5.586942305647798e-14,5.017180411779544e-17
362.78,-5.586181325340129e-14,5.005097323242089e-17
362.79,-5.585446374945812e-14,5.0119634176919306e-17
362.8,-5.5846885552294825e-14,5.0097552347148616e-17
362.81,-5.5839843204311366e-14,5.021671377614003e-17
362.82,-5.5832743896118295e-14,5.065311174570517e-17
362.83,-5.5825498925044005e-14,5.0212877635456027e-17
362.84,-5.58176675856241e-14,5.0234626138254146e-17
362.85,-5.581029323614345e-14,5.0440793001435094e-17
362.86,-5.5802825872719106e-14,5.0132140777865396e-17
362.87,-5.579510933271247e-14,5.0065899483445224e-17
362.88,-5.5787729747589924e-14,5.0037641056109707e-17
362.89,-5.57802774505768e-14,5.000677209584393e-17
362.9,-5.5773171145452006e-14,5.0178346304979844e-17
362.91,-5.576499798752702e-14,4.993577967614632e-17
362.92,-5.5757869914036324e-14,4.985906788314144e-17
362.93,-5.575081223865075e-14,5.004594150752895e-17
362.94,-5.5743573524779965e-14,5.0045203612039354e-17
362.95,-5.573593055559973e-14,4.995157349568892e-17
362.96,-5.57283942044747e-14,4.983591494465409e-17
362.97,-5.5721425055719363e-14,4.999738529802393e-17
362.98,-5.5713860645133417e-14,4.987352857594401e-17
362.99,-5.570662633966521e-14,4.9836595148005217e-17
363.0,-5.569931389366312e-14,4.957795926490281e-17
363.01,-5.5691899346936564e-14,4.9916962308499915e-17
363.02,-5.568423309525698e-14,4.9887358576283556e-17
363.03,-5.56768855387031e-14,4.9800514362647526e-17
363.04,-5.5669375427603243e-14,4.9674787718274123e-17
363.05,-5.5661720978441535e-14,4.964262591929221e-17
363.06,-5.565471165228994e-14,4.979215778519683e-17
363.07,-5.564737470573665e-14,4.98598934901025e-17
363.08,-5.564015113518477e-14,4.9902197909948524e-17
363.09,-5.5632227490184234e-14,4.9749698166989556e-17
363.1,-5.5625268772213055e-14,4.974592370269609e-17
363.11,-5.5617605482095015e-14,4.963852626082937e-17
363.12,-5.561031869204324e-14,4.9637289184791e-17
363.13,-5.560329318591588e-14,4.9657799619437227e-17
363.14,-5.559553866458591e-14,4.9577434780193266e-17
363.15,-5.558828575340423e-14,4.9610322176459285e-17
363.16,-5.558090623723794e-14,4.955931853137826e-17
363.17,-5.557357006044808e-14,4.9770874426713255e-17
363.18,-5.5566295853472174e-14,4.9562451754366855e-17
363.19,-5.555873419029054e-14,4.959204344957108e-17
363.2,-5.555145904278217e-14,4.9553194610617934e-17
363.21,-5.554383429893518e-14,4.936061123705623e-17
363.22,-5.553658433822263e-14,4.943704850213923e-17
363.23,-5.5529247030137435e-14,4.923216280032978e-17
363.24,-5.552171484167969e-14,4.9321166503337237e-17
363.25,-5.55141637033816e-14,4.937438698447887e-17
363.26,-5.550744030769847e-14,4.947926446958825e-17
363.27,-5.549963729008945e-14,4.917165277457373e-17
363.28,-5.549326605009896e-14,4.9667383458690786e-17
363.29,-5.5484828222365604e-14,4.9328797931640035e-17
363.3,-5.5477760881344806e-14,4.9280997437752824e-17
363.31,-5.54703050450871e-14,4.9193577763519227e-17
363.32,-5.546300281923922e-14,4.902813555739327e-17
363.33,-5.545556319112904e-14,4.9178045595486716e-17
363.34,-5.544828753317602e-14,4.915578933067384e-17
363.35,-5.544141211510345e-14,4.9467721820146406e-17
363.36,-5.5433611443406355e-14,4.9107204199795857e-17
363.37,-5.542732860406025e-14,4.919391461607567e-17
363.38,-5.5419047625789384e-14,4.915911698052931e-17
363.39,-5.541159439351107e-14,4.8996282382599814e-17
363.4,-5.5403901729707925e-14,4.8849574283994656e-17
363.41,-5.539660984928861e-14,4.868418532708691e-17
363.42,-5.538954345045653e-14,4.9034776388255443e-17
363.43,-5.5382070114248926e-14,4.888656561576492e-17
363.44,-5.537345160354264e-14,4.9071117915159243e-17
363.45,-5.5367411689819855e-14,4.887387432056453e-17
363.46,-5.535983113740277e-14,4.7971053771913306e-17
363.47,-5.535319897301871e-14,4.897385524835017e-17
363.48,-5.5345383700322695e-14,4.87982829591684e-17
363.49,-5.533840547597366e-14,4.8341855717112865e-17
363.5,-5.533016297275191e-14,4.906878796499229e-17
363.51,-5.532338185928017e-14,4.877811329339935e-17
363.52,-5.531585169140405e-14,4.855272409515582e-17
363.53,-5.530801254003113e-14,4.806940039199155e-17
363.54,-5.530152553700858e-14,4.8711320996560226e-17
363.55,-5.5293497502726513e-14,4.814140702738216e-17
363.56,-5.5286929787337464e-14,4.8588401133491755e-17
363.57,-5.5279630249483726e-14,4.860414140075812e-17
363.58,-5.5272405941429725e-14,4.879996620258557e-17
363.59,-5.526463249592378e-14,4.8547207418961094e-17
363.6,-5.5257561096885896e-14,4.853498916153894e-17
363.61,-5.5250212167292455e-14,4.848261628342087e-17
363.62,-5.524251504571157e-14,4.797014897076746e-17
363.63,-5.523548820250033e-14,4.841578823758254e-17
363.64,-5.522759107449249e-14,4.80242830996638e-17
363.65,-5.522070395994707e-14,4.831135587573674e-17
363.66,-5.521365839145674e-14,4.836132905136688e-17
363.67,-5.520631042987014e-14,4.8417901760804786e-17
363.68,-5.519887990764748e-14,4.831009401864841e-17
363.69,-5.5192077676448606e-14,4.8300069245822976e-17
363.7,-5.5184400512218033e-14,4.8243141475333265e-17
363.71,-5.5177592498507626e-14,4.80904689644804e-17
363.72,-5.516951772194292e-14,4.811062882720419e-17
363.73,-5.5162533901604956e-14,4.809802399938385e-17
363.74,-5.515560307135505e-14,4.816441840182843e-17
363.75,-5.514794700760548e-14,4.810881211450231e-17
363.76,-5.514063051384288e-14,4.815888582324935e-17
363.77,-5.5133259795622915e-14,4.8026820574281205e-17
363.78,-5.512505046466356e-14,4.794535974923204e-17
363.79,-5.5118774711591484e-14,4.8018384420795246e-17
363.8,-5.511165405148957e-14,4.805165750672172e-17
363.81,-5.510332489263896e-14,4.782163597405008e-17
363.82,-5.5096642479044745e-14,4.775435475824399e-17
363.83,-5.508959985238691e-14,4.7927709359853725e-17
363.84,-5.5082096738344864e-14,4.776558309780222e-17
363.85,-5.507492881262253e-14,4.783877757428123e-17
363.86,-5.5067702133843754e-14,4.7817306375901034e-17
363.87,-5.5060176455682593e-14,4.77369396058799e-17
363.88,-5.505298218568746e-14,4.7716979204972763e-17
363.89,-5.5045807027605e-14,4.77118645854153e-17
363.9,-5.503855717850259e-14,4.76804365939308e-17
363.91,-5.503116085718604e-14,4.750761920704772e-17
363.92,-5.5024179618889874e-14,4.7657289038343867e-17
363.93,-5.501680516166682e-14,4.760023245851456e-17
363.94,-5.500949632901115e-14,4.758332536069126e-17
363.95,-5.500224406126131e-14,4.762101063650593e-17
363.96,-5.499481097474536e-14,4.763100452841571e-17
363.97,-5.498770110633826e-14,4.7459637873614794e-17
363.98,-5.498030401816745e-14,4.7424904632634114e-17
363.99,-5.49718002622821e-14,4.729195130949353e-17
364.0,-5.4965567651793074e-14,4.731641882893856e-17
364.01,-5.49584180320797e-14,4.738054182039e-17
364.02,-5.495119730127109e-14,4.736278140488501e-17
364.03,-5.494378286548826e-14,4.735396880461359e-17
364.04,-5.493670651001395e-14,4.730126779600715e-17
364.05,-5.492937690903152e-14,4.7238457040039055e-17
364.06,-5.492204530181334e-14,4.7098660523446107e-17
364.07,-5.491531181077218e-14,4.736359069226323e-17
364.08,-5.490816290341369e-14,4.753189688578121e-17
364.09,-5.490030913155028e-14,4.700768175464937e-17
364.1,-5.4892975692628825e-14,4.714417218774413e-17
364.11,-5.488642191844213e-14,4.742463014223244e-17
364.12,-5.4878844815561634e-14,4.707202083674589e-17
364.13,-5.4871282849221254e-14,4.7096345694058155e-17
364.14,-5.486443969520803e-14,4.710790694773492e-17
364.15,-5.485714571364763e-14,4.7193031600095415e-17
364.16,-5.484998503398226e-14,4.705384065032194e-17
364.17,-5.484201121352341e-14,4.689688490004917e-17
364.18,-5.483509231807372e-14,4.679234746237559e-17
364.19,-5.482775702447135e-14,4.679487629654787e-17
364.2,-5.4821147445236675e-14,4.69389356821768e-17
364.21,-5.4814143046249944e-14,4.694444872641454e-17
364.22,-5.4806354077684026e-14,4.685443985495738e-17
364.23,-5.4799135844052014e-14,4.680928367009449e-17
364.24,-5.4791820944276714e-14,4.6929671064927306e-17
364.25,-5.478443995262434e-14,4.6691837411591714e-17
364.26,-5.4777880349392097e-14,4.68154598379541e-17
364.27,-5.477031523368002e-14,4.668967028073446e-17
364.28,-5.476281426792736e-14,4.6684228100995904e-17
364.29,-5.475535581617826e-14,4.6375143663486895e-17
364.3,-5.474864216819714e-14,4.6667375584687636e-17
364.31,-5.4741127918942814e-14,4.656033633477024e-17
364.32,-5.473405625031546e-14,4.657581365956776e-17
364.33,-5.47270782609749e-14,4.65090378792597e-17
364.34,-5.471994479358607e-14,4.67720632148673e-17
364.35,-5.4712223529125144e-14,4.631929572397939e-17
364.36,-5.470531548323051e-14,4.645912666701684e-17
364.37,-5.4697994275279385e-14,4.6400421137248454e-17
364.38,-5.4690766515784756e-14,4.635632806732131e-17
364.39,-5.4683920028650565e-14,4.6466066733851e-17
364.4,-5.4676466601179315e-14,4.6370702119755866e-17
364.41,-5.466921617844736e-14,4.6339390339836166e-17
364.42,-5.4662413958222954e-14,4.639476014276544e-17
364.43,-5.46548802237716e-14,4.6619103722079403e-17
364.44,-5.4646936095340576e-14,4.5945378620524925e-17
364.45,-5.4640561384865736e-14,4.621462146416189e-17
364.46,-5.463328508245598e-14,4.628613986727132e-17
364.47,-5.462636029414034e-14,4.625041217532628e-17
364.48,-5.461848871847799e-14,4.6078822291428656e-17
364.49,-5.461145599488977e-14,4.612516959388225e-17
364.5,-5.460452841918164e-14,4.615625975017558e-17
364.51,-5.4597163703182516e-14,4.597670494196414e-17
364.52,-5.459143747327563e-14,4.6402517863854496e-17
364.53,-5.4581869258830675e-14,4.5728200125078885e-17
364.54,-5.45756486500175e-14,4.5920306288877545e-17
364.55,-5.456840631566776e-14,4.595943807081311e-17
364.56,-5.456136704718439e-14,4.594848962627921e-17
364.57,-5.4553862423231396e-14,4.589941245817513e-17
364.58,-5.4547135630918346e-14,4.59406200364917e-17
364.59,-5.45397220160489e-14,4.586084143417816e-17
364.6,-5.45329312183138e-14,4.5849726122890554e-17
364.61,-5.4525576280639113e-14,4.587254281915032e-17
364.62,-5.451840302121075e-14,4.5770914805982894e-17
364.63,-5.4510964800536554e-14,4.5706385815243494e-17
364.64,-5.4503951346606085e-14,4.583115731548985e-17
364.65,-5.449672551053981e-14,4.571718258331383e-17
364.66,-5.4489799780848194e-14,4.579736589211347e-17
364.67,-5.448267484785658e-14,4.5858631509736435e-17
364.68,-5.447538557714607e-14,4.565257282905721e-17
364.69,-5.4468029729358625e-14,4.567173564810383e-17
364.7,-5.446075458359659e-14,4.551367886667571e-17
364.71,-5.445382496030043e-14,4.5628516925084154e-17
364.72,-5.444671783650192e-14,4.558992179546695e-17
364.73,-5.443959838017231e-14,4.562482960248146e-17
364.74,-5.443250421973273e-14,4.559041256622118e-17
364.75,-5.442543467116883e-14,4.55949148131868e-17
364.76,-5.441793262461963e-14,4.5543673919218036e-17
364.77,-5.4411266411054236e-14,4.56288501762264e-17
364.78,-5.440352924049089e-14,4.5359215759495686e-17
364.79,-5.439657784960613e-14,4.5501056051531817e-17
364.8,-5.438922369673299e-14,4.540150771051797e-17
364.81,-5.438229963487163e-14,4.536520544055618e-17
364.82,-5.4374885106763795e-14,4.519441490999989e-17
364.83,-5.436793913784104e-14,4.5230863101218946e-17
364.84,-5.43609088203662e-14,4.5421636177245936e-17
364.85,-5.4353508237411277e-14,4.513855894300911e-17
364.86,-5.4346657503024634e-14,4.5352406109775344e-17
364.87,-5.433928403911733e-14,4.5291427473626624e-17
364.88,-5.433242164402341e-14,4.527908499005807e-17
364.89,-5.4325049649319863e-14,4.5052805555029474e-17
364.9,-5.431812132544518e-14,4.517773837430345e-17
364.91,-5.431079257141543e-14,4.522120686611475e-17
364.92,-5.430386148481581e-14,4.520879994256132e-17
364.93,-5.4296619303768274e-14,4.495738799925027e-17
364.94,-5.428943774943833e-14,4.505228439052998e-17
364.95,-5.4282247306444217e-14,4.5093374626672556e-17
364.96,-5.427576886822815e-14,4.529881715219549e-17
364.97,-5.426965881345704e-14,4.555521076447984e-17
364.98,-5.426067129852816e-14,4.49440681132456e-17
364.99,-5.4254092016933295e-14,4.507227102873226e-17
365.0,-5.424683339404757e-14,4.506078546057341e-17
365.01,-5.424008105156145e-14,4.527080087796916e-17
365.02,-5.423299610668898e-14,4.510612102261512e-17
365.03,-5.422564513559342e-14,4.505242389359214e-17
365.04,-5.4218080124120675e-14,4.4940743699344257e-17
365.05,-5.4211684525492046e-14,4.510409569211049e-17
365.06,-5.420415282694696e-14,4.484745732478867e-17
365.07,-5.419735605777747e-14,4.497048369840534e-17
365.08,-5.419001916384069e-14,4.4894571456216613e-17
365.09,-5.418302300738417e-14,4.512465310575427e-17
365.1,-5.4176324989486215e-14,4.5011220314009133e-17
365.11,-5.4168458021108016e-14,4.481172500403373e-17
365.12,-5.416185165058333e-14,4.4961222245492447e-17
365.13,-5.415453050272668e-14,4.481590016344135e-17
365.14,-5.4148872205189477e-14,4.492541040610158e-17
365.15,-5.4140479427536445e-14,4.492535071367479e-17
365.16,-5.413387706790977e-14,4.49226570588513e-17
365.17,-5.41262910236525e-14,4.4835195422270594e-17
365.18,-5.411904064947137e-14,4.471884805034657e-17
365.19,-5.41120778951411e-14,4.4838141860997165e-17
365.2,-5.41049001413853e-14,4.476395810871071e-17
365.21,-5.409773413379228e-14,4.462241214342242e-17
365.22,-5.408995863125374e-14,4.445058436232722e-17
365.23,-5.4082635690971295e-14,4.45088402785178e-17
365.24,-5.407692639708769e-14,4.488217241552906e-17
365.25,-5.4070702134646253e-14,4.5048277446629124e-17
365.26,-5.4062435814758914e-14,4.470439566294019e-17
365.27,-5.405557351081464e-14,4.475389727296692e-17
365.28,-5.404819418565495e-14,4.4550404916660536e-17
365.29,-5.4041208040966676e-14,4.474459415108867e-17
365.3,-5.403412996772206e-14,4.4664838883190356e-17
365.31,-5.402680882596238e-14,4.453361714662061e-17
365.32,-5.401928572644644e-14,4.447052278033683e-17
365.33,-5.4012988421862983e-14,4.4719178111612133e-17
365.34,-5.400512146996524e-14,4.4739782169862774e-17
365.35,-5.3999003585939753e-14,4.465251378662189e-17
365.36,-5.399185411516663e-14,4.468996996149176e-17
365.37,-5.398511694455862e-14,4.4650121817511415e-17
365.38,-5.397814045592378e-14,4.460543365509282e-17
365.39,-5.397047707676197e-14,4.453065888027104e-17
365.4,-5.3963307195055176e-14,4.4387423105527635e-17
365.41,-5.3956800714830493e-14,4.4463449875215856e-17
365.42,-5.3949537728938104e-14,4.466604051618384e-17
365.43,-5.3942847689077845e-14,4.536591060103899e-17
365.44,-5.393535931323706e-14,4.4630533014987843e-17
365.45,-5.3928250038180196e-14,4.453223689185533e-17
365.46,-5.392105600517277e-14,4.492778133650751e-17
365.47,-5.391347095158192e-14,4.377401872193639e-17
365.48,-5.390700830778573e-14,4.447516137958795e-17
365.49,-5.389979945153856e-14,4.447731121165053e-17
365.5,-5.3889785179484346e-14,4.2832080681022885e-17
365.51,-5.388572817429248e-14,4.4353260518870574e-17
365.52,-5.3881092174477786e-14,4.584213369757713e-17
365.53,-5.387190326111085e-14,4.4458287825101726e-17
365.54,-5.386489993586425e-14,4.4485343576579207e-17
365.55,-5.385763170453286e-14,4.434817651633657e-17
365.56,-5.385071464147893e-14,4.446066302662481e-17
365.57,-5.384376237185384e-14,4.445876218622459e-17
365.58,-5.3836764866327245e-14,4.4437632215126465e-17
365.59,-5.3828969915686476e-14,4.3664324702884835e-17
365.6,-5.382247886682761e-14,4.453869355137654e-17
365.61,-5.3812984503597347e-14,4.418058553411174e-17
365.62,-5.3808519258233246e-14,4.433241996174159e-17
365.63,-5.3801424059131875e-14,4.443512192989615e-17
365.64,-5.3794397894970195e-14,4.44364228956229e-17
365.65,-5.378737760389992e-14,4.437035340746005e-17
365.66,-5.3780365966656215e-14,4.443827380819982e-17
365.67,-5.377358362204373e-14,4.448638158239348e-17
365.68,-5.3765519087858904e-14,4.405722467289713e-17
365.69,-5.375926671788566e-14,4.43263168837908e-17
365.7,-5.375164383384038e-14,4.414599227131764e-17
365.71,-5.374559494886368e-14,4.4519341584623353e-17
365.72,-5.373836802242357e-14,4.44092654246656e-17
365.73,-5.3731316628137865e-14,4.432625275660603e-17
365.74,-5.372419417797616e-14,4.4364193760081e-17
365.75,-5.371709262540455e-14,4.4209802303086667e-17
365.76,-5.371028793384894e-14,4.4369740171771563e-17
365.77,-5.3702996748882234e-14,4.421730258124911e-17
365.78,-5.3696252468571255e-14,4.437298554571597e-17
365.79,-5.3688587363407335e-14,4.423367686513804e-17
365.8,-5.368242826849807e-14,4.4459936213554045e-17
365.81,-5.3675512332896366e-14,4.444568492410908e-17
365.82,-5.366833720390696e-14,4.440355423155548e-17
365.83,-5.366146039089118e-14,4.441965640356118e-17
365.84,-5.36540048480621e-14,4.4338527537905595e-17
365.85,-5.364718742748701e-14,4.4381350146437147e-17
365.86,-5.3640371374419016e-14,4.438397329563903e-17
365.87,-5.363331705363487e-14,4.449981794168293e-17
365.88,-5.362711715979458e-14,4.445570998057419e-17
365.89,-5.361946634136342e-14,4.446280601249852e-17
365.9,-5.361229946359153e-14,4.448109734617955e-17
365.91,-5.3605213279068464e-14,4.442662268662651e-17
365.92,-5.35983098205884e-14,4.439872882204148e-17
365.93,-5.3591312141005264e-14,4.4312487734436095e-17
365.94,-5.358428738712335e-14,4.4369694944244057e-17
365.95,-5.3577259904290496e-14,4.4404087331433387e-17
365.96,-5.3570329537837334e-14,4.445552404249179e-17
365.97,-5.356316291842123e-14,4.4425675485726814e-17
365.98,-5.355641654379434e-14,4.4399704196016195e-17
365.99,-5.354948235858954e-14,4.445723656945076e-17
366.0,-5.354244047544121e-14,4.443887028591136e-17
366.01,-5.3535386060607965e-14,4.453494032431566e-17
366.02,-5.352846587093278e-14,4.4488565736633854e-17
366.03,-5.35214276669786e-14,4.448999652020414e-17
366.04,-5.351438673885015e-14,4.4303438176223195e-17
366.05,-5.35071958957502e-14,4.426184491640845e-17
366.06,-5.3500717974068384e-14,4.4512899698852057e-17
366.07,-5.349369350226063e-14,4.4557190485839954e-17
366.08,-5.348647586553096e-14,4.440515123837484e-17
366.09,-5.34796050007659e-14,4.451014098923872e-17
366.1,-5.347280739173084e-14,4.438946440489981e-17
366.11,-5.346550803811269e-14,4.445355424954363e-17
366.12,-5.345875583602525e-14,4.443073866756848e-17
366.13,-5.345138874915207e-14,4.4408206144427644e-17
366.14,-5.344487581854677e-14,4.4513249903339667e-17
366.15,-5.343731266572209e-14,4.438423686923742e-17
366.16,-5.343103363851663e-14,4.4475211893911476e-17
366.17,-5.342401255209649e-14,4.4568767913494776e-17
366.18,-5.3417094113274153e-14,4.4673474818270554e-17
366.19,-5.3409813510086005e-14,4.44760594284771e-17
366.2,-5.34031547512562e-14,4.4569452799368957e-17
366.21,-5.33958442003992e-14,4.443107196926427e-17
366.22,-5.3388993726562936e-14,4.433722057578997e-17
366.23,-5.3381625072119456e-14,4.459255995213329e-17
366.24,-5.337515239572115e-14,4.44458697142045e-17
366.25,-5.336837916313239e-14,4.458794583646922e-17
366.26,-5.336114930471483e-14,4.447174757778553e-17
366.27,-5.335432448961514e-14,4.4650075510191563e-17
366.28,-5.3347326262018423e-14,4.451874653978915e-17
366.29,-5.3340592430444304e-14,4.461313236227859e-17
366.3,-5.33332088470981e-14,4.447158775798678e-17
366.31,-5.332513490326375e-14,4.42529542817219e-17
366.32,-5.331909456572805e-14,4.4292256774587764e-17
366.33,-5.331249744324536e-14,4.4522877619392933e-17
366.34,-5.330576007871734e-14,4.4663280903452303e-17
366.35,-5.3298861642696384e-14,4.462437953303613e-17
366.36,-5.329174642796277e-14,4.466790881075815e-17
366.37,-5.328475111656422e-14,4.46236738238366e-17
366.38,-5.3277721089129873e-14,4.4648685348509274e-17
366.39,-5.327078576084e-14,4.458439659458335e-17
366.4,-5.326446151062446e-14,4.466890644567494e-17
366.41,-5.3258227417824636e-14,4.4727557624578896e-17
366.42,-5.3250169396348995e-14,4.4701134695725363e-17
366.43,-5.324324235717391e-14,4.463040775117706e-17
366.44,-5.3236422262000576e-14,4.476990288801133e-17
366.45,-5.322935865525136e-14,4.47202159287063e-17
366.46,-5.3222277631507994e-14,4.465992526377843e-17
366.47,-5.3215561824510126e-14,4.46650081836238e-17
366.48,-5.3208560491145224e-14,4.4671776774905145e-17
366.49,-5.3201362621229324e-14,4.479400966729189e-17
366.5,-5.319517983478557e-14,4.488244610938311e-17
366.51,-5.318767172579739e-14,4.472196088893053e-17
366.52,-5.318086108352328e-14,4.4800346897725136e-17
366.53,-5.31739309208415e-14,4.4852189380580505e-17
366.54,-5.316693775792639e-14,4.4775060466505524e-17
366.55,-5.3159891583209416e-14,4.463866621734211e-17
366.56,-5.3152336579926155e-14,4.4830376569447387e-17
366.57,-5.314624174556562e-14,4.4870061942828495e-17
366.58,-5.31399751604861e-14,4.5028885419474696e-17
366.59,-5.3132695248093325e-14,4.4939075561566335e-17
366.6,-5.312573827807661e-14,4.4830247327177134e-17
366.61,-5.311838591571772e-14,4.4862304961611774e-17
366.62,-5.311176264689628e-14,4.4910470268120954e-17
366.63,-5.3104710782345065e-14,4.493136631738721e-17
366.64,-5.309810460854322e-14,4.501267666714635e-17
366.65,-5.3090644618914425e-14,4.4915165635196705e-17
366.66,-5.3084031332682346e-14,4.488787213726077e-17
366.67,-5.307746793153685e-14,4.5032705482285036e-17
366.68,-5.306977180179249e-14,4.48499090252943e-17
366.69,-5.3063096678352695e-14,4.4911308187769e-17
366.7,-5.3058116762059566e-14,4.506830866793273e-17
366.71,-5.304949223659661e-14,4.5006464451442284e-17
366.72,-5.3042468567678896e-14,4.5092363817683596e-17
366.73,-5.303692881034648e-14,4.499305999776537e-17
366.74,-5.302863630798932e-14,4.502178184848815e-17
366.75,-5.3022150665646255e-14,4.490252544555947e-17
366.76,-5.301478657758298e-14,4.5169732388785966e-17
366.77,-5.300796231550284e-14,4.506872010949522e-17
366.78,-5.3000674647055136e-14,4.4945516847672424e-17
366.79,-5.2994318746369293e-14,4.5204704902902985e-17
366.8,-5.2987362183440344e-14,4.508649401121426e-17
366.81,-5.2980703856451913e-14,4.504493312252602e-17
366.82,-5.2973492655032694e-14,4.509157830318053e-17
366.83,-5.2966626328327186e-14,4.516081712214295e-17
366.84,-5.295947486675084e-14,4.499829314816364e-17
366.85,-5.2952871404756495e-14,4.510536428559169e-17
366.86,-5.294590069103857e-14,4.507165396479681e-17
366.87,-5.2938629237077075e-14,4.507366159405309e-17
366.88,-5.293191292169581e-14,4.5101199834783057e-17
366.89,-5.2925254773955534e-14,4.522749849737287e-17
366.9,-5.291930486381715e-14,4.534604545277194e-17
366.91,-5.291155517722462e-14,4.509915930437785e-17
366.92,-5.2904572301421913e-14,4.5195071664137104e-17
366.93,-5.28972844453963e-14,4.503258365848571e-17
366.94,-5.289064015477203e-14,4.514756201222531e-17
366.95,-5.288346983300812e-14,4.504273195319649e-17
366.96,-5.287707738916252e-14,4.527193690113688e-17
366.97,-5.2870050032320834e-14,4.523323927392322e-17
366.98,-5.2862740062145926e-14,4.52307526922544e-17
366.99,-5.2856507440828966e-14,4.5331187779751626e-17
367.0,-5.2849265845609725e-14,4.5235035284022704e-17
367.01,-5.2842675932473705e-14,4.529147065057556e-17
367.02,-5.2836083362577736e-14,4.521233954504273e-17
367.03,-5.2827808973974365e-14,4.510302354520284e-17
367.04,-5.2821580297104867e-14,4.515168387607397e-17
367.05,-5.281507754971784e-14,4.53619592588081e-17
367.06,-5.280808146098518e-14,4.522264323848588e-17
367.07,-5.280112722012741e-14,4.5308596173591306e-17
367.08,-5.279446331454995e-14,4.5423491368444063e-17
367.09,-5.278750873842523e-14,4.5347599975910654e-17
367.1,-5.27805636787724e-14,4.530109159673105e-17
367.11,-5.277377543678808e-14,4.522461397654855e-17
367.12,-5.276717850225298e-14,4.560601536889218e-17
367.13,-5.275978588253515e-14,4.5277758307053224e-17
367.14,-5.275346406787984e-14,4.548041786989472e-17
367.15,-5.274642115748281e-14,4.548786853448213e-17
367.16,-5.273927002273783e-14,4.5522481513426055e-17
367.17,-5.273275514717692e-14,4.559289193479289e-17
367.18,-5.272556971461835e-14,4.5474096701010525e-17
367.19,-5.271888118643524e-14,4.552926387370539e-17
367.2,-5.271223729059263e-14,4.529484069748606e-17
367.21,-5.270544321261006e-14,4.5687095633886945e-17
367.22,-5.2697846604103176e-14,4.500150944815285e-17
367.23,-5.269110703098221e-14,4.543480530412342e-17
367.24,-5.268442074532902e-14,4.55288219187279e-17
367.25,-5.2678185273129616e-14,4.5690030916009984e-17
367.26,-5.267060174099331e-14,4.562046267369151e-17
367.27,-5.2663233701923774e-14,4.539582052508057e-17
367.28,-5.265697954204029e-14,4.5566843515101826e-17
367.29,-5.265149655507019e-14,4.546641477233908e-17
367.3,-5.264366797301384e-14,4.5661213783947454e-17
367.31,-5.263509236188861e-14,4.499835949351729e-17
367.32,-5.262950856281077e-14,4.5532699656562223e-17
367.33,-5.262278601740367e-14,4.56726221657797e-17
367.34,-5.261539258640238e-14,4.5827098667545456e-17
367.35,-5.2609092760555675e-14,4.595272043330262e-17
367.36,-5.260222198707729e-14,4.56323730976144e-17
367.37,-5.259597788040123e-14,4.5667112107361316e-17
367.38,-5.2589667709535126e-14,4.6552022630947144e-17
367.39,-5.258176370177032e-14,4.5650593653158564e-17
367.4,-5.2574079437164166e-14,4.607164355494123e-17
367.41,-5.256775129042725e-14,4.5679415739996104e-17
367.42,-5.2561141775652586e-14,4.567900679754335e-17
367.43,-5.2553747063269284e-14,4.5165398707515796e-17
367.44,-5.254788987601604e-14,4.554360874831301e-17
367.45,-5.254042790593697e-14,4.562560169745115e-17
367.46,-5.253366910607173e-14,4.567483315289929e-17
367.47,-5.252680580906843e-14,4.62230899440134e-17
367.48,-5.252000237232393e-14,4.572432613979283e-17
367.49,-5.251297730066276e-14,4.605145574360546e-17
367.5,-5.250719002753795e-14,4.593372994816604e-17
367.51,-5.249952314143231e-14,4.5735475821178774e-17
367.52,-5.2493022116304064e-14,4.576455276849883e-17
367.53,-5.248592771278163e-14,4.5722382586246215e-17
367.54,-5.247877358285857e-14,4.5687003233573244e-17
367.55,-5.2472088768144596e-14,4.574711524223705e-17
367.56,-5.2464743225281e-14,4.5913529398387565e-17
367.57,-5.245802678304934e-14,4.581884392285931e-17
367.58,-5.245158787112851e-14,4.609902887814419e-17
367.59,-5.244478702456088e-14,4.577751116972728e-17
367.6,-5.243787853734332e-14,4.5780678366811366e-17
367.61,-5.243109676513737e-14,4.57322465453821e-17
367.62,-5.2424466059047725e-14,4.5849569537466137e-17
367.63,-5.2417257979488797e-14,4.5736161516963034e-17
367.64,-5.241050455441778e-14,4.5838012111114786e-17
367.65,-5.240355630484971e-14,4.5622508429675536e-17
367.66,-5.239734532397219e-14,4.593219111900992e-17
367.67,-5.2391387326868196e-14,4.620058724536374e-17
367.68,-5.2383407816040494e-14,4.5882647533273626e-17
367.69,-5.237669258036521e-14,4.597754130630046e-17
367.7,-5.236962851758948e-14,4.5792296244682745e-17
367.71,-5.236275035991312e-14,4.5848372099627834e-17
367.72,-5.2356977960207444e-14,4.616464336324631e-17
367.73,-5.2348964415755984e-14,4.583240891724974e-17
367.74,-5.234211927180738e-14,4.5750674486354465e-17
367.75,-5.233602362236371e-14,4.598174121878244e-17
367.76,-5.232873654824046e-14,4.600260543668671e-17
367.77,-5.232144338206546e-14,4.5758047799263034e-17
367.78,-5.231493838682038e-14,4.589561376609034e-17
367.79,-5.2308382592986516e-14,4.591601067535599e-17
367.8,-5.2301941711357586e-14,4.6016216873996375e-17
367.81,-5.229468154101596e-14,4.5929182667461544e-17
367.82,-5.228774234590571e-14,4.5881964259847216e-17
367.83,-5.228102049719402e-14,4.598148252254893e-17
367.84,-5.2274138161213395e-14,4.6103842027367853e-17
367.85,-5.2267474835483634e-14,4.610832589600976e-17
367.86,-5.226041566312626e-14,4.5855336977725605e-17
367.87,-5.225346603362729e-14,4.581132165495356e-17
367.88,-5.22455835065855e-14,4.542699688677069e-17
367.89,-5.224018827616822e-14,4.593609253065287e-17
367.9,-5.223329062094483e-14,4.5911681646987646e-17
367.91,-5.222627526076393e-14,4.590506913875476e-17
367.92,-5.221962701222217e-14,4.5779359124394624e-17
367.93,-5.2212833534995937e-14,4.590193534282588e-17
367.94,-5.220609740967746e-14,4.597973211570573e-17
367.95,-5.219957493276446e-14,4.6057402189791076e-17
367.96,-5.219249915756123e-14,4.5971083722597074e-17
367.97,-5.2185863133443247e-14,4.597141611169587e-17
367.98,-5.2178154624755676e-14,4.5719624615978635e-17
367.99,-5.217188891983621e-14,4.571540707347088e-17
368.0,-5.216525794094776e-14,4.598938181412992e-17
368.01,-5.215816991288135e-14,4.5812685159114276e-17
368.02,-5.2149944308053264e-14,4.53626853005422e-17
368.03,-5.214446401446864e-14,4.5781921811017896e-17
368.04,-5.213808215627524e-14,4.589857694482365e-17
368.05,-5.212965277070598e-14,4.540281950734391e-17
368.06,-5.212445313100931e-14,4.582437659240846e-17
368.07,-5.211766305477349e-14,4.589284878467657e-17
368.08,-5.211051010731758e-14,4.582154194556263e-17
368.09,-5.210402953456716e-14,4.5900835472822496e-17
368.1,-5.20969715399877e-14,4.586715204869121e-17
368.11,-5.20903710571133e-14,4.5919339312058986e-17
368.12,-5.208365047191242e-14,4.601396592587121e-17
368.13,-5.207733118082318e-14,4.616890357506104e-17
368.14,-5.207054811960511e-14,4.599333691575488e-17
368.15,-5.206330972097247e-14,4.594194341060838e-17
368.16,-5.2056645317072814e-14,4.5958414900031757e-17
368.17,-5.204970875555162e-14,4.5857490454383564e-17
368.18,-5.204263860145822e-14,4.57862397075987e-17
368.19,-5.2036568112712494e-14,4.595509946860196e-17
368.2,-5.2029737205474957e-14,4.608642895349211e-17
368.21,-5.202212567834588e-14,4.5619010587327006e-17
368.22,-5.201581884656369e-14,4.591540808066427e-17
368.23,-5.200879872080565e-14,4.5876008187158834e-17
368.24,-5.200201500210173e-14,4.5785586709432665e-17
368.25,-5.1995144179627474e-14,4.577680474540559e-17
368.26,-5.198855789044202e-14,4.5856293936251344e-17
368.27,-5.19810462262835e-14,4.556501657333566e-17
368.28,-5.197332965258874e-14,4.532699305822454e-17
368.29,-5.196904885012034e-14,4.627543984461908e-17
368.3,-5.196132153324323e-14,4.5743678140380035e-17
368.31,-5.1954523788101543e-14,4.574154979252521e-17
368.32,-5.1947850538528277e-14,4.585641577440051e-17
368.33,-5.194105696756416e-14,4.577505433237485e-17
368.34,-5.193447900017426e-14,4.586442551898293e-17
368.35,-5.1927683270387963e-14,4.5770229854810376e-17
368.36,-5.192047185702191e-14,4.5678628180246275e-17
368.37,-5.191376227520148e-14,4.571898953582249e-17
368.38,-5.1907475282140416e-14,4.5908406442232886e-17
368.39,-5.1900470726659364e-14,4.5884232842408424e-17
368.4,-5.189386209016529e-14,4.581532267934907e-17
368.41,-5.1886924356586244e-14,4.578617552123732e-17
368.42,-5.1880249049472744e-14,4.579058498202343e-17
368.43,-5.1873535843619595e-14,4.5771354223145593e-17
368.44,-5.186679608901611e-14,4.578508169363447e-17
368.45,-5.1859755422994714e-14,4.577971292937489e-17
368.46,-5.185270241360876e-14,4.5530375808762317e-17
368.47,-5.1847476399648396e-14,4.5964357032314e-17
368.48,-5.18394273628476e-14,4.5680727997596636e-17
368.49,-5.1832929681281723e-14,4.57373445517775e-17
368.5,-5.182564529357966e-14,4.5550163821914585e-17
368.51,-5.181960217804324e-14,4.5721645957228505e-17
368.52,-5.1812296498638195e-14,4.560785419048051e-17
368.53,-5.180617203763836e-14,4.584943314818702e-17
368.54,-5.1798832606965256e-14,4.5647798736931023e-17
368.55,-5.179211537979797e-14,4.5555464880877206e-17
368.56,-5.178499068449863e-14,4.5543824555384236e-17
368.57,-5.177909358643238e-14,4.584610924930001e-17
368.58,-5.1772088350460456e-14,4.562960174908567e-17
368.59,-5.176531090502829e-14,4.562982279977175e-17
368.6,-5.175867117223673e-14,4.560364024991357e-17
368.61,-5.1752130041766975e-14,4.5526692782026964e-17
368.62,-5.174476280842053e-14,4.5407145614664644e-17
368.63,-5.173846535287783e-14,4.563401191117071e-17
368.64,-5.173172325907499e-14,4.5532670420019434e-17
368.65,-5.1725008133790766e-14,4.560416418840775e-17
368.66,-5.171786978626478e-14,4.547772950608004e-17
368.67,-5.171139122428097e-14,4.5541636168863416e-17
368.68,-5.1704499416314e-14,4.549657068214707e-17
368.69,-5.1697627690140183e-14,4.5523017612025e-17
368.7,-5.1691405739705567e-14,4.569005024208121e-17
368.71,-5.168440326733114e-14,4.5491418565214113e-17
368.72,-5.167772428047966e-14,4.568232731171185e-17
368.73,-5.167064710848381e-14,4.5487326952665545e-17
368.74,-5.16642544413105e-14,4.552792954684501e-17
368.75,-5.165708396500332e-14,4.536562588604914e-17
368.76,-5.16505991954184e-14,4.541704675436058e-17
368.77,-5.164439327151345e-14,4.572396506155146e-17
368.78,-5.163718620071043e-14,4.537369676798164e-17
368.79,-5.1630561669400306e-14,4.5461670356992906e-17
368.8,-5.1623771229467465e-14,4.536570825358853e-17
368.81,-5.1616958641084227e-14,4.524591387407532e-17
368.82,-5.161013296836295e-14,4.541491358022103e-17
368.83,-5.1603670959708454e-14,4.5502255635789824e-17
368.84,-5.1596756193276734e-14,4.5371814673339963e-17
368.85,-5.1589976747065454e-14,4.531535839973244e-17
368.86,-5.158318875680466e-14,4.5260406486181986e-17
368.87,-5.157710258288636e-14,4.5724545994044775e-17
368.88,-5.156998499486712e-14,4.533949880186659e-17
368.89,-5.1563257341894794e-14,4.5339422884118284e-17
368.9,-5.155620731911703e-14,4.513608144965833e-17
368.91,-5.1549773700440763e-14,4.522014956957724e-17
368.92,-5.1542924028778836e-14,4.5278832312330626e-17
368.93,-5.1536196096321706e-14,4.5209197985456923e-17
368.94,-5.152951742182168e-14,4.512962818828392e-17
368.95,-5.152236195220308e-14,4.4856832458692304e-17
368.96,-5.15162131865463e-14,4.512859670196933e-17
368.97,-5.150950322783041e-14,4.510072091870588e-17
368.98,-5.150289634327822e-14,4.5298660070714316e-17
368.99,-5.149545462699605e-14,4.496979923302089e-17
369.0,-5.1488789030701274e-14,4.47763177249976e-17
369.01,-5.148221928244265e-14,4.49312126490609e-17
369.02,-5.147573750659583e-14,4.503133802731133e-17
369.03,-5.146897140852104e-14,4.5026486155117585e-17
369.04,-5.146231095151885e-14,4.499732624098786e-17
369.05,-5.145573122075802e-14,4.498181442497412e-17
369.06,-5.144887572797085e-14,4.49422955913284e-17
369.07,-5.144247536934111e-14,4.495552922822851e-17
369.08,-5.1434892589836125e-14,4.462208569495877e-17
369.09,-5.142870557917338e-14,4.4781954717073887e-17
369.1,-5.142149334867296e-14,4.468782905476467e-17
369.11,-5.1415615298902474e-14,4.490311937281782e-17
369.12,-5.140907143117828e-14,4.5003497813739944e-17
369.13,-5.1401857843762577e-14,4.4825676387935394e-17
369.14,-5.139535049704785e-14,4.4739703433227164e-17
369.15,-5.138872438234844e-14,4.47763180578085e-17
369.16,-5.138191311199249e-14,4.480650165720732e-17
369.17,-5.137648080559082e-14,4.4996564673796044e-17
369.18,-5.136856605124423e-14,4.472729389616024e-17
369.19,-5.1362335250651696e-14,4.494380389245638e-17
369.2,-5.1355279257913964e-14,4.469859152119461e-17
369.21,-5.134841548343641e-14,4.46388852343008e-17
369.22,-5.13416713724645e-14,4.4694529129127534e-17
369.23,-5.1334875099691426e-14,4.4494508303887305e-17
369.24,-5.132838401206602e-14,4.456030847641045e-17
369.25,-5.1321696365205826e-14,4.459276171769126e-17
369.26,-5.131600955484065e-14,4.485540699272411e-17
369.27,-5.130833379574102e-14,4.450927855401271e-17
369.28,-5.130166990209235e-14,4.468221356058773e-17
369.29,-5.129481215151838e-14,4.4436303374380035e-17
369.3,-5.1288438491363067e-14,4.456080554740149e-17
369.31,-5.128108360762666e-14,4.4018005344842354e-17
369.32,-5.1273967693203396e-14,4.430825887267137e-17
369.33,-5.126843726527156e-14,4.447168199823925e-17
369.34,-5.126161430832519e-14,4.465616055948073e-17
369.35,-5.125195266220067e-14,4.4678387949788e-17
369.36,-5.1248408059136666e-14,4.442459469389794e-17
369.37,-5.1242168553210645e-14,4.434778025189923e-17
369.38,-5.1235683462852895e-14,4.4532125852024553e-17
369.39,-5.12282321675796e-14,4.438042340287613e-17
369.4,-5.122195848262292e-14,4.4561211284969484e-17
369.41,-5.121543584461601e-14,4.477303251063891e-17
369.42,-5.1208152063772514e-14,4.430922970419851e-17
369.43,-5.12015648762355e-14,4.430580800787919e-17
369.44,-5.1195526148323896e-14,4.493243402084799e-17
369.45,-5.118817668541266e-14,4.425533037780595e-17
369.46,-5.118456036410207e-14,4.403247045265541e-17
369.47,-5.117497127030399e-14,4.426283250011995e-17
369.48,-5.116836915461427e-14,4.4168379189687527e-17
369.49,-5.116180813708155e-14,4.4258185434069885e-17
369.5,-5.115514873074048e-14,4.423923102521414e-17
369.51,-5.114830018292306e-14,4.4166484127532334e-17
369.52,-5.1141812168397064e-14,4.413989423345099e-17
369.53,-5.113555876913394e-14,4.4415563353922486e-17
369.54,-5.1128275959611704e-14,4.400186674004794e-17
369.55,-5.1123505373840616e-14,4.465285176294174e-17
369.56,-5.1115081310747125e-14,4.398556977676848e-17
369.57,-5.1108343495814046e-14,4.393157575777444e-17
369.58,-5.110177329650713e-14,4.3988321986037165e-17
369.59,-5.10952633453259e-14,4.4016118128493613e-17
369.6,-5.108821011033943e-14,4.378483589889823e-17
369.61,-5.1081686889199104e-14,4.3929800342192803e-17
369.62,-5.107610415966492e-14,4.426406992318741e-17
369.63,-5.106868751424675e-14,4.389545458486554e-17
369.64,-5.106265312084581e-14,4.415659548088373e-17
369.65,-5.105553022095494e-14,4.3820384865594675e-17
369.66,-5.104862542348998e-14,4.386216474965101e-17
369.67,-5.104208462868951e-14,4.3819149634234474e-17
369.68,-5.10353958770518e-14,4.386420396105604e-17
369.69,-5.102863036743514e-14,4.372611757644738e-17
369.7,-5.102207585243454e-14,4.3723143645604804e-17
369.71,-5.101515660607156e-14,4.3683399069271157e-17
369.72,-5.100898512861714e-14,4.377648676019254e-17
369.73,-5.1002500388673985e-14,4.371996960483318e-17
369.74,-5.099548901841887e-14,4.354947150026371e-17
369.75,-5.098879555580488e-14,4.356661190959002e-17
369.76,-5.0982261628284656e-14,4.356948034964439e-17
369.77,-5.0975623961209305e-14,4.3518658297936316e-17
369.78,-5.0968991480153564e-14,4.352354457366747e-17
369.79,-5.096244951093292e-14,4.3532432546130085e-17
369.8,-5.095540399975874e-14,4.3436573308941844e-17
369.81,-5.0948908688082455e-14,4.328265488103686e-17
369.82,-5.094207489319003e-14,4.3345514965952934e-17
369.83,-5.0935854253387926e-14,4.337532488031755e-17
369.84,-5.092918488797701e-14,4.340422261897064e-17
369.85,-5.092303995050293e-14,4.3311962575583505e-17
369.86,-5.091602782525469e-14,4.338397143756858e-17
369.87,-5.0909449004823044e-14,4.3362773190339627e-17
369.88,-5.0902992813780574e-14,4.3305439230525354e-17
369.89,-5.0895735467820796e-14,4.327535372766739e-17
369.9,-5.08892925973347e-14,4.316398365986478e-17
369.91,-5.0882827833925874e-14,4.318010594935499e-17
369.92,-5.0876205268498164e-14,4.319311966887704e-17
369.93,-5.0869494533792316e-14,4.31661535897302e-17
369.94,-5.086302790485094e-14,4.312235022215128e-17
369.95,-5.085660371786668e-14,4.317084574935403e-17
369.96,-5.085004918935669e-14,4.3250369685105334e-17
369.97,-5.084322383964104e-14,4.304772972828854e-17
369.98,-5.083668258243878e-14,4.31309390549438e-17
369.99,-5.082996522432093e-14,4.3159873084006245e-17
370.0,-5.082414344446205e-14,4.313407187185833e-17
370.01,-5.081695236607611e-14,4.296621893223491e-17
370.02,-5.081060854917707e-14,4.3016525088071825e-17
370.03,-5.080373016743498e-14,4.297340389273386e-17
370.04,-5.079706413041115e-14,4.2974594761242986e-17
370.05,-5.0790851542998383e-14,4.287360934116142e-17
370.06,-5.078388964849877e-14,4.2885543744320664e-17
370.07,-5.0777123025813946e-14,4.284668548476517e-17
370.08,-5.077075576906815e-14,4.2854903305081945e-17
370.09,-5.076450510020149e-14,4.2981614196368904e-17
370.1,-5.0757142993677494e-14,4.266065212102393e-17
370.11,-5.075098470537389e-14,4.277757084843886e-17
370.12,-5.074427275371443e-14,4.2706571580840926e-17
370.13,-5.073790225632144e-14,4.2764329118757123e-17
370.14,-5.07312330591538e-14,4.272938943324997e-17
370.15,-5.07255539087248e-14,4.294317789812312e-17
370.16,-5.071846060582777e-14,4.296680442020913e-17
370.17,-5.071201682586216e-14,4.2823512584995906e-17
370.18,-5.070478477630107e-14,4.270267971881721e-17
370.19,-5.069818550707009e-14,4.2552619926348494e-17
370.2,-5.0691622586160194e-14,4.258488421845078e-17
370.21,-5.0685274089605974e-14,4.2606251765849884e-17
370.22,-5.0678717604762923e-14,4.26082684266831e-17
370.23,-5.067215137423079e-14,4.2536035022788684e-17
370.24,-5.066556362682171e-14,4.2594799824296663e-17
370.25,-5.065978442288055e-14,4.272336741397544e-17
370.26,-5.065168751753656e-14,4.238452382682341e-17
370.27,-5.0645884713254785e-14,4.251882409941517e-17
370.28,-5.0638915185228364e-14,4.23952362433906e-17
370.29,-5.0632475980735484e-14,4.234853780937092e-17
370.3,-5.06261568919958e-14,4.2416924575082945e-17
370.31,-5.0619631291895745e-14,4.244077468185199e-17
370.32,-5.061278912732091e-14,4.242364320997296e-17
370.33,-5.060627585241563e-14,4.236579973311933e-17
370.34,-5.0600945859856084e-14,4.2596289004924716e-17
370.35,-5.0594093266615205e-14,4.2365023927729334e-17
370.36,-5.058637405583795e-14,4.2179715592018093e-17
370.37,-5.058015303308898e-14,4.228577960645645e-17
370.38,-5.057323237477625e-14,4.2204220023457406e-17
370.39,-5.0567006391725615e-14,4.2218438621603344e-17
370.4,-5.056035369205984e-14,4.2208372329761786e-17
370.41,-5.055401240101074e-14,4.219394740307292e-17
370.42,-5.05473348484247e-14,4.215306995316335e-17
370.43,-5.054051079075838e-14,4.194837957186019e-17
370.44,-5.0533568251616294e-14,4.173373770320632e-17
370.45,-5.052769294421557e-14,4.2129423605658113e-17
370.46,-5.0521028548518754e-14,4.195875987342364e-17
370.47,-5.0514865322766856e-14,4.204505009171228e-17
370.48,-5.0508281671779764e-14,4.204955824080547e-17
370.49,-5.050157549974501e-14,4.214480989930071e-17
370.5,-5.049481353359028e-14,4.19031736328202e-17
370.51,-5.048867868100228e-14,4.2097039394203715e-17
370.52,-5.04812959449363e-14,4.1722822665093605e-17
370.53,-5.047574058983419e-14,4.195814006366658e-17
370.54,-5.046871732666669e-14,4.1782136651133116e-17
370.55,-5.0462400404107356e-14,4.1832139898229606e-17
370.56,-5.045575557135598e-14,4.187379656905375e-17
370.57,-5.044886831425085e-14,4.1634305872339195e-17
370.58,-5.044260811665016e-14,4.170499641464157e-17
370.59,-5.04362672299405e-14,4.181530279759608e-17
370.6,-5.042963783352867e-14,4.191301296500232e-17
370.61,-5.042174838289679e-14,4.145719202674232e-17
370.62,-5.0416532469180515e-14,4.184207271973326e-17
370.63,-5.041026650201895e-14,4.1692991656731484e-17
370.64,-5.0403259230692166e-14,4.1378337945739757e-17
370.65,-5.03971937938239e-14,4.1717696593576083e-17
370.66,-5.039044664942245e-14,4.148419735782846e-17
370.67,-5.0383830051273984e-14,4.1422779966847617e-17
370.68,-5.0377582756760516e-14,4.168885841385681e-17
370.69,-5.037101009308948e-14,4.1706609541725837e-17
370.7,-5.03643779903649e-14,4.158791404378867e-17
370.71,-5.0358159800250835e-14,4.165619451169871e-17
370.72,-5.035172559369846e-14,4.1735568531803635e-17
370.73,-5.0345309670626894e-14,4.170639041628765e-17
370.74,-5.0338377143613326e-14,4.158704634256732e-17
370.75,-5.033216234299805e-14,4.163205274145897e-17
370.76,-5.032536611718679e-14,4.155856187975454e-17
370.77,-5.0319089175291526e-14,4.158433992007485e-17
370.78,-5.0312422327556456e-14,4.1621263613294663e-17
370.79,-5.030593540352482e-14,4.148401538398734e-17
370.8,-5.0299545317913707e-14,4.150421751672402e-17
370.81,-5.0292715844467404e-14,4.143506744340872e-17
370.82,-5.0286264282723e-14,4.145906152564976e-17
370.83,-5.0279997920980404e-14,4.1455374026109625e-17
370.84,-5.027323885348661e-14,4.138191465189769e-17
370.85,-5.0266704486951944e-14,4.147337708024856e-17
370.86,-5.026045079526363e-14,4.136765525597952e-17
370.87,-5.0253603335837135e-14,4.1371281029628765e-17
370.88,-5.0247440138868373e-14,4.135173861657458e-17
370.89,-5.024098744296996e-14,4.148447140759796e-17
370.9,-5.023429551900266e-14,4.1280303076008105e-17
370.91,-5.0227955620534434e-14,4.1288066756097484e-17
370.92,-5.022155799755793e-14,4.1359863563954565e-17
370.93,-5.021515409467241e-14,4.137149622242164e-17
370.94,-5.020864554065875e-14,4.140613932575516e-17
370.95,-5.020204527225307e-14,4.1225912240568765e-17
370.96,-5.019534775220442e-14,4.117935868698238e-17
370.97,-5.018988434939408e-14,4.152301263238054e-17
370.98,-5.018272008772655e-14,4.13398523246019e-17
370.99,-5.0176198221467307e-14,4.1253962483098e-17
371.0,-5.0170003135311855e-14,4.1336512146943523e-17
371.01,-5.0163259290973085e-14,4.119476882399864e-17
371.02,-5.015717078305989e-14,4.134822877065298e-17
371.03,-5.015011479268117e-14,4.111690342414101e-17
371.04,-5.014404254235574e-14,4.1243714705573095e-17
371.05,-5.013722474202886e-14,4.1203551632164767e-17
371.06,-5.013058392610487e-14,4.114484784228124e-17
371.07,-5.012427207291044e-14,4.120084823340681e-17
371.08,-5.011738246934098e-14,4.098203083014315e-17
371.09,-5.0111208107312546e-14,4.1054717972469514e-17
371.1,-5.01045584677767e-14,4.0973843358547375e-17
371.11,-5.009857003295718e-14,4.1115005099175115e-17
371.12,-5.0092104840145937e-14,4.1157032825721985e-17
371.13,-5.0085626258129225e-14,4.106097826776416e-17
371.14,-5.0077731201471697e-14,4.0845387397766794e-17
371.15,-5.007223027614389e-14,4.092896961007816e-17
371.16,-5.006612916773539e-14,4.140343577691634e-17
371.17,-5.005982418241548e-14,4.111284261766514e-17
371.18,-5.0053216218762906e-14,4.098336516542911e-17
371.19,-5.00470416329015e-14,4.104030125178117e-17
371.2,-5.004041722517059e-14,4.094277082227443e-17
371.21,-5.0033791202384185e-14,4.102119628127308e-17
371.22,-5.002745979661465e-14,4.0993182632672015e-17
371.23,-5.002022058011711e-14,4.0069239560619863e-17
371.24,-5.0014928478765265e-14,4.1087804899405086e-17
371.25,-5.0009012824454165e-14,4.196835143683915e-17
371.26,-5.000141721307139e-14,4.1034180435325104e-17
371.27,-4.9995117487796234e-14,4.0938759351855635e-17
371.28,-4.998902335089362e-14,4.163102587605529e-17
371.29,-4.998237467579321e-14,4.057992557511408e-17
371.3,-4.9975752153347605e-14,4.091833186558808e-17
371.31,-4.996951569750346e-14,4.0878535025830563e-17
371.32,-4.996343528767519e-14,4.070174934600423e-17
371.33,-4.995659912270993e-14,4.088197308280749e-17
371.34,-4.995131001068774e-14,4.0971383573685705e-17
371.35,-4.994357205751008e-14,4.078550126212428e-17
371.36,-4.993707822206922e-14,4.080516048969975e-17
371.37,-4.9930432018819646e-14,4.095229861211677e-17
371.38,-4.992376558162757e-14,4.0782979069688624e-17
371.39,-4.991781009855583e-14,4.0868132519144597e-17
371.4,-4.99116411361787e-14,4.094383371630168e-17
371.41,-4.9905602053387855e-14,4.089364896983025e-17
371.42,-4.989863537883896e-14,4.083707058779635e-17
371.43,-4.9893176130205404e-14,4.0933080094900805e-17
371.44,-4.9885702332357475e-14,4.0836306878792585e-17
371.45,-4.9879357957434605e-14,4.078007372711876e-17
371.46,-4.987259630155443e-14,4.076358535399279e-17
371.47,-4.986620715437567e-14,4.07428354106886e-17
371.48,-4.985961697231158e-14,4.0573471599868165e-17
371.49,-4.9853910395505676e-14,4.0912255951550145e-17
371.5,-4.9847982750074546e-14,4.136615583325385e-17
371.51,-4.9840590586024344e-14,4.081562958976774e-17
371.52,-4.9835079109953675e-14,4.080614410568123e-17
371.53,-4.9828253330584405e-14,4.0987360778487824e-17
371.54,-4.982155284631119e-14,4.0772424591445876e-17
371.55,-4.98147854474334e-14,4.072436128423835e-17
371.56,-4.980858122067291e-14,4.079599404449232e-17
371.57,-4.980223019924665e-14,4.0768967527253754e-17
371.58,-4.979607119010834e-14,4.084442217320818e-17
371.59,-4.978957538958549e-14,4.0904381587413783e-17
371.6,-4.9783076416466864e-14,4.081501552402674e-17
371.61,-4.977674367875755e-14,4.066058095669833e-17
371.62,-4.9770247915770713e-14,4.0875835334596625e-17
371.63,-4.976405866026128e-14,4.076655833155857e-17
371.64,-4.975737923637905e-14,4.07679901949212e-17
371.65,-4.9750738128174804e-14,4.067820005974516e-17
371.66,-4.974451259349312e-14,4.0717196703602106e-17
371.67,-4.973834134908849e-14,4.0808305415573066e-17
371.68,-4.973209750017447e-14,4.086224931940603e-17
371.69,-4.972530599502978e-14,4.066308509993498e-17
371.7,-4.971926875351421e-14,4.0805810132373566e-17
371.71,-4.971262080359402e-14,4.077685968926949e-17
371.72,-4.9706352623358156e-14,4.077932836128818e-17
371.73,-4.969977838317972e-14,4.0675336454664394e-17
371.74,-4.9693043045210756e-14,4.060118178159912e-17
371.75,-4.968702908173792e-14,4.07681052692943e-17
371.76,-4.968079638173856e-14,4.076484636964089e-17
371.77,-4.967407392940531e-14,4.0777281462583164e-17
371.78,-4.966749019752515e-14,4.0289853558113534e-17
371.79,-4.966151436192911e-14,4.060770537889845e-17
371.8,-4.965478669934951e-14,4.066377583817307e-17
371.81,-4.964873101802131e-14,4.0707934266408855e-17
371.82,-4.96423053342716e-14,4.0752199172872785e-17
371.83,-4.963572620775186e-14,4.064358981266797e-17
371.84,-4.962940501519492e-14,4.071200785575927e-17
371.85,-4.962326251097826e-14,4.0646079715468394e-17
371.86,-4.961654580628301e-14,4.070418357867674e-17
371.87,-4.9610330768227674e-14,4.0756129434600286e-17
371.88,-4.9604013060166145e-14,4.079666208346005e-17
371.89,-4.959735872121761e-14,4.065165345425184e-17
371.9,-4.9591560090835355e-14,4.106553503041986e-17
371.91,-4.9584697801127177e-14,4.066887336588949e-17
371.92,-4.9578404555625046e-14,4.075117982711297e-17
371.93,-4.95723825428635e-14,4.112438922713548e-17
371.94,-4.956590647261493e-14,4.0893005386473963e-17
371.95,-4.9559302856588115e-14,4.0696523463337775e-17
371.96,-4.955250079863469e-14,4.075473244608165e-17
371.97,-4.9546547719267076e-14,4.0934388349291686e-17
371.98,-4.9540207412916446e-14,4.080907033667731e-17
371.99,-4.953369448015657e-14,4.0706036543938644e-17
372.0,-4.952745964337586e-14,4.0794948462227254e-17
372.01,-4.952119655286983e-14,4.079771907088364e-17
372.02,-4.951490469423656e-14,4.0696878011218335e-17
372.03,-4.950828122916357e-14,4.0733150142835634e-17
372.04,-4.950217615400454e-14,4.090704565853375e-17
372.05,-4.9495487428584106e-14,4.068126987172436e-17
372.06,-4.948943332617824e-14,4.0812195837610355e-17
372.07,-4.948307293389011e-14,4.076864611097525e-17
372.08,-4.9476614460090285e-14,4.075207491993564e-17
372.09,-4.94702872721513e-14,4.0781138862353624e-17
372.1,-4.946366277515545e-14,4.074896347183774e-17
372.11,-4.945733388636318e-14,4.076480203759589e-17
372.12,-4.9451183382540875e-14,4.09225441610581e-17
372.13,-4.944385269396453e-14,4.056036872428048e-17
372.14,-4.943797545120888e-14,4.053085551978988e-17
372.15,-4.9432307856480294e-14,4.084544160697595e-17
372.16,-4.94257762316853e-14,4.079396825933482e-17
372.17,-4.941948463871017e-14,4.083056398320571e-17
372.18,-4.9412940140497644e-14,4.0813130623399445e-17
372.19,-4.9406477261397023e-14,4.07901944206416e-17
372.2,-4.940028113593907e-14,4.076665513398107e-17
372.21,-4.93941847122889e-14,4.09658131669608e-17
372.22,-4.938874002820648e-14,4.105866344100921e-17
372.23,-4.9380223450748095e-14,4.030273413438182e-17
372.24,-4.9374995592628927e-14,4.0874291412959715e-17
372.25,-4.936854215795876e-14,4.074480998331741e-17
372.26,-4.936251607393596e-14,4.0902037328352673e-17
372.27,-4.935572478201057e-14,4.076578952651947e-17
372.28,-4.934938481459203e-14,4.0771628500059533e-17
372.29,-4.934314621206608e-14,4.069200647474482e-17
372.3,-4.933702511006593e-14,4.0929535610315105e-17
372.31,-4.932986849101368e-14,4.092235707709511e-17
372.32,-4.932459931884246e-14,4.0808178772071514e-17
372.33,-4.9317828835393625e-14,4.087598140567146e-17
372.34,-4.93113406329861e-14,4.081779309143266e-17
372.35,-4.930538451253566e-14,4.0946590619941906e-17
372.36,-4.9298709435821506e-14,4.085960524919459e-17
372.37,-4.929243219366958e-14,4.084783494182231e-17
372.38,-4.928623499329389e-14,4.088400702690069e-17
372.39,-4.9280225996853066e-14,4.1025410438272425e-17
372.4,-4.927393140033061e-14,4.111203964131903e-17
372.41,-4.926862391818005e-14,4.1144481920903954e-17
372.42,-4.9261369855014114e-14,4.097697950468998e-17
372.43,-4.925444931692932e-14,4.093124392553102e-17
372.44,-4.924819746406313e-14,4.0929727402077925e-17
372.45,-4.924190011258387e-14,4.1030164574645996e-17
372.46,-4.923549883717778e-14,4.087243188047503e-17
372.47,-4.922904459468787e-14,4.082966175074657e-17
372.48,-4.922270775368286e-14,4.105591975949336e-17
372.49,-4.9216431206955e-14,4.088984873981153e-17
372.5,-4.921104663954217e-14,4.111673230140989e-17
372.51,-4.92038208219735e-14,4.101985000428949e-17
372.52,-4.919735795126767e-14,4.0890180124685015e-17
372.53,-4.919144149240912e-14,4.1018356728099394e-17
372.54,-4.9185125291518894e-14,4.092672730239814e-17
372.55,-4.91782821664281e-14,4.0806578820507565e-17
372.56,-4.917237007663106e-14,4.099529354639609e-17
372.57,-4.916610368263952e-14,4.103055485757089e-17
372.58,-4.915929382283695e-14,4.089383222409813e-17
372.59,-4.9152957428843703e-14,4.0921604418914194e-17
372.6,-4.914728759138197e-14,4.108793239283828e-17
372.61,-4.9140742273990216e-14,4.0825140865317066e-17
372.62,-4.913442915812742e-14,4.101718268707836e-17
372.63,-4.912822075673834e-14,4.095677353830871e-17
372.64,-4.912183083429763e-14,4.1048785373745225e-17
372.65,-4.9115470380594045e-14,4.1091967703471155e-17
372.66,-4.9108810070538407e-14,4.1047193980476896e-17
372.67,-4.9103083638603306e-14,4.115053306297578e-17
372.68,-4.909702816066628e-14,4.1198648535001426e-17
372.69,-4.909051084787003e-14,4.1129382602416415e-17
372.7,-4.9083711224092404e-14,4.106007573935608e-17
372.71,-4.907773280136869e-14,4.1164009805077024e-17
372.72,-4.907126470162007e-14,4.110631384718365e-17
372.73,-4.906516839645124e-14,4.1111548263922137e-17
372.74,-4.905882040718245e-14,4.1113945309188814e-17
372.75,-4.9052589750117034e-14,4.1236065570360984e-17
372.76,-4.904587232271764e-14,4.124090159085558e-17
372.77,-4.904021812986529e-14,4.1225761975391954e-17
372.78,-4.903375514816702e-14,4.122040875621895e-17
372.79,-4.902733667737961e-14,4.111715992340128e-17
372.8,-4.902093402639838e-14,4.115144518602736e-17
372.81,-4.9014736721916197e-14,4.1258766805986884e-17
372.82,-4.900860192231727e-14,4.120068712133281e-17
372.83,-4.9002047688028985e-14,4.1150266661537896e-17
372.84,-4.8996203712180926e-14,4.138547921256399e-17
372.85,-4.898972287665103e-14,4.107575615516259e-17
372.86,-4.898397527515061e-14,4.138853777427077e-17
372.87,-4.8977014244196296e-14,4.123690138756039e-17
372.88,-4.897051156119554e-14,4.1085561120405965e-17
372.89,-4.89647065571053e-14,4.1388194270235615e-17
372.9,-4.895811599611705e-14,4.132764648071054e-17
372.91,-4.895118223871519e-14,4.1153114153462837e-17
372.92,-4.8945554551241903e-14,4.12747050359727e-17
372.93,-4.894007076545981e-14,4.167449042653238e-17
372.94,-4.8932716920591585e-14,4.1187194133372654e-17
372.95,-4.89271055111735e-14,4.155833953073732e-17
372.96,-4.892044781161577e-14,4.1349335610464485e-17
372.97,-4.891424205350595e-14,4.1276340882140634e-17
372.98,-4.890803568311359e-14,4.1369110376083934e-17
372.99,-4.8901620927295257e-14,4.1266854673650643e-17
373.0,-4.8895367808774985e-14,4.130228175361911e-17
373.01,-4.8889079611248086e-14,4.121052017170909e-17
373.02,-4.888208490141209e-14,4.119670648134194e-17
373.03,-4.887659758260316e-14,4.1346719483599025e-17
373.04,-4.8871117333648895e-14,4.157927244960659e-17
373.05,-4.886402765716692e-14,4.1404773209463284e-17
373.06,-4.8857671478038414e-14,4.1325821619670776e-17
373.07,-4.885166583881193e-14,4.1460750923040734e-17
373.08,-4.884525982220354e-14,4.1382476134437243e-17
373.09,-4.883884834051886e-14,4.132753235777114e-17
373.1,-4.883265484644033e-14,4.139267075726857e-17
373.11,-4.882632994130822e-14,4.110230340297569e-17
373.12,-4.881994402779815e-14,4.134880119079649e-17
373.13,-4.881245075668706e-14,4.089072115021502e-17
373.14,-4.880773356048085e-14,4.14865313448416e-17
373.15,-4.880147793578704e-14,4.14824307081543e-17
373.16,-4.879516722196891e-14,4.1585298198522314e-17
373.17,-4.878895125870663e-14,4.162138195534953e-17
373.18,-4.878248022822413e-14,4.138772868700037e-17
373.19,-4.877636827486264e-14,4.149681979145099e-17
373.2,-4.8772385734299274e-14,4.163260288736377e-17
373.21,-4.876345067191407e-14,4.139477750322064e-17
373.22,-4.875747191623094e-14,4.104582412289281e-17
373.23,-4.875120562616618e-14,4.148877654756838e-17
373.24,-4.874493947718269e-14,4.145849799674442e-17
373.25,-4.873757057518556e-14,4.122216669369877e-17
373.26,-4.8733403134367414e-14,4.1781682633340114e-17
373.27,-4.872615346271114e-14,4.14785900122527e-17
373.28,-4.8719778344624207e-14,4.136890468419984e-17
373.29,-4.871703447364101e-14,4.167207886949906e-17
373.3,-4.870761594813277e-14,4.154814789003915e-17
373.31,-4.870030004039963e-14,4.08239845670141e-17
373.32,-4.869467580738242e-14,4.143276200408035e-17
373.33,-4.868870197311949e-14,4.1478450509717137e-17
373.34,-4.8682417433316083e-14,4.1410412119875845e-17
373.35,-4.867611368210324e-14,4.129157992670524e-17
373.36,-4.8669880376034165e-14,4.1536540481361445e-17
373.37,-4.866385912990043e-14,4.1470442869097324e-17
373.38,-4.8657974617015354e-14,4.1822077787785816e-17
373.39,-4.865095416078662e-14,4.1453068481527174e-17
373.4,-4.8639452052251236e-14,4.062162627189724e-17
373.41,-4.863860529156154e-14,4.1563053138562654e-17
373.42,-4.8632358870461575e-14,4.155049088644624e-17
373.43,-4.8626132100085654e-14,4.150693286455199e-17
373.44,-4.861984690514872e-14,4.144238383011785e-17
373.45,-4.8614014496566524e-14,4.1567268328355345e-17
373.46,-4.860717538879615e-14,4.156090561787707e-17
373.47,-4.860118345152521e-14,4.141841990807517e-17
373.48,-4.859463871055267e-14,4.142983050531167e-17
373.49,-4.8589302910543934e-14,4.124078721396355e-17
373.5,-4.8582223432440236e-14,4.152783401604111e-17
373.51,-4.8576340774079686e-14,4.1615127456467593e-17
373.52,-4.856987092025856e-14,4.153120958224132e-17
373.53,-4.8563851673863916e-14,4.151085075402093e-17
373.54,-4.855745542423082e-14,4.1561515444886775e-17
373.55,-4.855139269837003e-14,4.1537606345278416e-17
373.56,-4.8544358080877187e-14,4.139447514082723e-17
373.57,-4.8539471343042836e-14,4.1693487574469554e-17
373.58,-4.85324979701463e-14,4.136173783490698e-17
373.59,-4.852639614138597e-14,4.164151747074389e-17
373.6,-4.8519930239272006e-14,4.157913290178347e-17
373.61,-4.8513782781424636e-14,4.1521597594136303e-17
373.62,-4.850798711500943e-14,4.151846964030264e-17
373.63,-4.8501442471459906e-14,4.168524651926487e-17
373.64,-4.849524388972951e-14,4.159454426682985e-17
373.65,-4.848893494955548e-14,4.1631858254559744e-17
373.66,-4.8482589660640116e-14,4.1610527898121025e-17
373.67,-4.847659183025121e-14,4.1608923962305e-17
373.68,-4.8470241092403015e-14,4.1588931355097026e-17
373.69,-4.846392080305721e-14,4.157434569601241e-17
373.7,-4.845793682425975e-14,4.159573087567535e-17
373.71,-4.845179585554624e-14,4.160462158724543e-17
373.72,-4.844541579772082e-14,4.1623564514124956e-17
373.73,-4.8439359228117674e-14,4.169993681894273e-17
373.74,-4.843318667761113e-14,4.169166972128473e-17
373.75,-4.8427533932163154e-14,4.200613627774913e-17
373.76,-4.8420175173745816e-14,4.1588198948880954e-17
373.77,-4.8414523538344113e-14,4.1715903696996344e-17
373.78,-4.8408310202323505e-14,4.167761649856262e-17
373.79,-4.8401457015554536e-14,4.1481348687110463e-17
373.8,-4.839571456117513e-14,4.153714803411942e-17
373.81,-4.838961778567248e-14,4.185239641605968e-17
373.82,-4.838333305491053e-14,4.16836961133446e-17
373.83,-4.837758782940416e-14,4.1675664363550015e-17
373.84,-4.8371265103784787e-14,4.169794458548206e-17
373.85,-4.836506152088688e-14,4.164820896364077e-17
373.86,-4.835846351626276e-14,4.165158932400313e-17
373.87,-4.835251321628361e-14,4.158947372312671e-17
373.88,-4.834617412471485e-14,4.174096337761654e-17
373.89,-4.83400950642444e-14,4.1709516125754104e-17
373.9,-4.833358955898874e-14,4.145730743208323e-17
373.91,-4.8327182597141695e-14,4.159887002606829e-17
373.92,-4.832168728072669e-14,4.1719367662407004e-17
373.93,-4.831508145760544e-14,4.143945821135955e-17
373.94,-4.830857379465085e-14,4.1519169873393614e-17
373.95,-4.8303309164045074e-14,4.18340318007876e-17
373.96,-4.829592744770578e-14,4.162297510601215e-17
373.97,-4.829015408866372e-14,4.161927122501373e-17
373.98,-4.828403467866798e-14,4.159213188593156e-17
373.99,-4.8277809187879954e-14,4.1683037140380255e-17
374.0,-4.8271553382445595e-14,4.158095025364554e-17
374.01,-4.826586807161775e-14,4.1641367982827985e-17
374.02,-4.825892716606747e-14,4.1380178561716e-17
374.03,-4.8253425874163986e-14,4.154691656604749e-17
374.04,-4.8247078630262356e-14,4.1713939605014735e-17
374.05,-4.824142831232105e-14,4.182354738101763e-17
374.06,-4.823441866660726e-14,4.159255383855238e-17
374.07,-4.822833627315675e-14,4.157385069982353e-17
374.08,-4.8222182369672375e-14,4.162160370917763e-17
374.09,-4.8216113089858055e-14,4.156312575466354e-17
374.1,-4.8210278870452256e-14,4.1510987197013197e-17
374.11,-4.820374614943028e-14,4.155136623626251e-17
374.12,-4.819726583772104e-14,4.157042151420565e-17
374.13,-4.8191335816519006e-14,4.1655713690516064e-17
374.14,-4.818522000989064e-14,4.164256566500847e-17
374.15,-4.8178661456548835e-14,4.150714723111019e-17
374.16,-4.8172739572255854e-14,4.1612676804421624e-17
374.17,-4.8166428045615337e-14,4.159228435229443e-17
374.18,-4.816035527806935e-14,4.150405582223093e-17
374.19,-4.815370689649565e-14,4.1460726400616964e-17
374.2,-4.8148952666684363e-14,4.191504552545524e-17
374.21,-4.81418401334327e-14,4.152965749172915e-17
374.22,-4.813579536725846e-14,4.1596936088755756e-17
374.23,-4.8129245915457874e-14,4.150138707898826e-17
374.24,-4.8123487701427864e-14,4.163176613492359e-17
374.25,-4.811723322071941e-14,4.1593647493628066e-17
374.26,-4.811092221223882e-14,4.1599505033487876e-17
374.27,-4.810504565014676e-14,4.170585547383797e-17
374.28,-4.809779505081642e-14,4.140357965496742e-17
374.29,-4.809297494806815e-14,4.1579004158729576e-17
374.3,-4.808607955377457e-14,4.155787519501636e-17
374.31,-4.80799875560746e-14,4.149499001105004e-17
374.32,-4.807362801035315e-14,4.147066160919631e-17
374.33,-4.8067489256735805e-14,4.146378040671117e-17
374.34,-4.806146716470313e-14,4.1457710312848756e-17
374.35,-4.8055284692422347e-14,4.1498700112242146e-17
374.36,-4.8050035029545726e-14,4.172478017984705e-17
374.37,-4.804296679964598e-14,4.153549245784677e-17
374.38,-4.803595864565332e-14,4.1461503063837605e-17
374.39,-4.803143055563973e-14,4.17170146498135e-17
374.4,-4.802431998396632e-14,4.14752661080997e-17
374.41,-4.8018366633053964e-14,4.145408560872316e-17
374.42,-4.8012013821385185e-14,4.1424969863129294e-17
374.43,-4.800578819719843e-14,4.1245637848648394e-17
374.44,-4.800014916203813e-14,4.156124590596887e-17
374.45,-4.799389232545238e-14,4.141701076932551e-17
374.46,-4.798764106996753e-14,4.153256391145837e-17
374.47,-4.79808172462299e-14,4.1325074691024437e-17
374.48,-4.797504888600737e-14,4.116506705843337e-17
374.49,-4.796854539203701e-14,4.139037414796117e-17
374.5,-4.7962837187559334e-14,4.1308039683227716e-17
374.51,-4.7956545800533865e-14,4.132178249342935e-17
374.52,-4.795149599206334e-14,4.202008875065863e-17
374.53,-4.7944385253626393e-14,4.129805630158637e-17
374.54,-4.793863584301961e-14,4.1486762750646724e-17
374.55,-4.793224789078892e-14,4.170746303555508e-17
374.56,-4.7925808168421205e-14,4.113608395904914e-17
374.57,-4.79203510656481e-14,4.142722345359926e-17
374.58,-4.7913530926025026e-14,4.137867809138638e-17
374.59,-4.7907811667632306e-14,4.1390299122009165e-17
374.6,-4.790164304102978e-14,4.133660084499921e-17
374.61,-4.7895507647551915e-14,4.1435107122551906e-17
374.62,-4.788922596192325e-14,4.122871767614859e-17
374.63,-4.788323892268623e-14,4.1316004798236384e-17
374.64,-4.7876924513453766e-14,4.132529663943107e-17
374.65,-4.787073197735247e-14,4.131029405286752e-17
374.66,-4.7864725927943916e-14,4.1277709261296524e-17
374.67,-4.785863790627843e-14,4.129347570325852e-17
374.68,-4.7852309558469225e-14,4.116993227597579e-17
374.69,-4.78460609610703e-14,4.1189498052408177e-17
374.7,-4.784016337814385e-14,4.1256377254889814e-17
374.71,-4.783407525022742e-14,4.1256581858950924e-17
374.72,-4.7828029542482685e-14,4.1160318550355616e-17
374.73,-4.7820893639014664e-14,4.066389499961681e-17
374.74,-4.781542960191783e-14,4.112673761579014e-17
374.75,-4.7809363030834605e-14,4.1065464364448694e-17
374.76,-4.780313417013553e-14,4.111033158453184e-17
374.77,-4.7796720068415956e-14,4.0986260754849035e-17
374.78,-4.779096110521886e-14,4.1134840858185515e-17
374.79,-4.778497980523955e-14,4.1162049074906835e-17
374.8,-4.777890051970023e-14,4.107291123199017e-17
374.81,-4.7773006499370223e-14,4.13131174974273e-17
374.82,-4.7767417442385615e-14,4.1371944756997e-17
374.83,-4.776052500291627e-14,4.0991574858998596e-17
374.84,-4.775405902480557e-14,4.103017715300245e-17
374.85,-4.774863192079648e-14,4.1115077613773947e-17
374.86,-4.774166006050602e-14,4.082512405178387e-17
374.87,-4.773586665466413e-14,4.0982496622701713e-17
374.88,-4.773007058560407e-14,4.0996576209102857e-17
374.89,-4.7723903602588204e-14,4.105718173447416e-17
374.9,-4.7717800920063105e-14,4.0968066078512326e-17
374.91,-4.7711132592297616e-14,4.0894185478386936e-17
374.92,-4.770530919081444e-14,4.0783007742243315e-17
374.93,-4.769917129515992e-14,4.089936444156158e-17
374.94,-4.769295743568174e-14,4.095858186188507e-17
374.95,-4.7686617193961724e-14,4.0800162371336823e-17
374.96,-4.768082052074033e-14,4.0924416692520604e-17
374.97,-4.767460693643674e-14,4.090562982393936e-17
374.98,-4.7668805901315597e-14,4.1037249024803486e-17
374.99,-4.766311586482093e-14,4.1026517402888014e-17
375.0,-4.765666666349679e-14,4.098129900265997e-17
375.01,-4.7650594000856045e-14,4.087160548809078e-17
375.02,-4.764427304914992e-14,4.077403578716053e-17
375.03,-4.763803443701918e-14,4.0703342673999244e-17
375.04,-4.763161804667066e-14,4.0754407736383845e-17
375.05,-4.762562761078502e-14,4.0683557477496236e-17
375.06,-4.7619875389528004e-14,4.08030425377096e-17
375.07,-4.761357635813305e-14,4.0780436421757405e-17
375.08,-4.760784576896452e-14,4.163535870857866e-17
375.09,-4.7601552682894613e-14,4.082396036607936e-17
375.1,-4.759617311288898e-14,4.064704002474696e-17
375.11,-4.758932221131646e-14,4.0625384444649287e-17
375.12,-4.7583141451785386e-14,4.06106047115195e-17
375.13,-4.757651307472202e-14,4.053049115082803e-17
375.14,-4.757065144129808e-14,4.04555325277341e-17
375.15,-4.756499788395763e-14,4.065598242943364e-17
375.16,-4.7558766392807005e-14,4.060936912259821e-17
375.17,-4.755172432446843e-14,4.0709732654434355e-17
375.18,-4.754684739582633e-14,4.058989460191544e-17
375.19,-4.754037728430057e-14,3.9602088604330756e-17
375.2,-4.7534344609759996e-14,4.037594993840523e-17
375.21,-4.7528290905301185e-14,4.0550308561530894e-17
375.22,-4.752306108952654e-14,4.027916944561301e-17
375.23,-4.7515703649393206e-14,4.088905240967812e-17
375.24,-4.751032673213904e-14,4.057975328701818e-17
375.25,-4.7504043249895216e-14,4.0372999229548864e-17
375.26,-4.749714883748596e-14,4.01006453970088e-17
375.27,-4.749177866671563e-14,4.044610243606007e-17
375.28,-4.7484618328452384e-14,4.006557527200735e-17
375.29,-4.7479850255776194e-14,4.043119029474363e-17
375.3,-4.747364032492853e-14,4.036929331903585e-17
375.31,-4.746786900409443e-14,4.0593975073197685e-17
375.32,-4.746186993843336e-14,4.052763437574322e-17
375.33,-4.7455259672289095e-14,4.0274404321213585e-17
375.34,-4.744937854097846e-14,4.033750720458656e-17
375.35,-4.744261052188332e-14,3.98246338525578e-17
375.36,-4.7437042892654875e-14,4.028841417425133e-17
375.37,-4.74303474887525e-14,3.9969052386440814e-17
375.38,-4.7424963443121754e-14,4.03097689670148e-17
375.39,-4.74189991622302e-14,4.022445380252835e-17
375.4,-4.741302378616257e-14,4.03156646511118e-17
375.41,-4.740692892517163e-14,4.028126018056957e-17
375.42,-4.740063826827786e-14,4.019794186782171e-17
375.43,-4.7394671787316264e-14,4.016429319715321e-17
375.44,-4.738873325963865e-14,4.0013690143541984e-17
375.45,-4.7382349854525046e-14,4.021467467963048e-17
375.46,-4.737607533509001e-14,4.036299003004891e-17
375.47,-4.7370583901627644e-14,4.0027258391264333e-17
375.48,-4.7364272543479435e-14,4.014735158336351e-17
375.49,-4.7358354146040285e-14,4.012049171802604e-17
375.5,-4.7352361037494956e-14,4.0130472624386274e-17
375.51,-4.734645405100961e-14,4.022990635417131e-17
375.52,-4.733994099977182e-14,3.9983502815818475e-17
375.53,-4.733383798025541e-14,3.9975023236302e-17
375.54,-4.732754596435187e-14,4.014309089918899e-17
375.55,-4.732169535415618e-14,3.994999095465552e-17
375.56,-4.731589822739029e-14,3.996476030534892e-17
375.57,-4.7309590817137985e-14,3.9851977381662185e-17
375.58,-4.7303804338126586e-14,4.0032185451339434e-17
375.59,-4.7297964091880225e-14,4.015159757541105e-17
375.6,-4.7291347768368435e-14,3.980127095462373e-17
375.61,-4.7285462394943366e-14,3.984803908698794e-17
375.62,-4.727934070433233e-14,3.971337738609776e-17
375.63,-4.7273972082560865e-14,3.9854303589812855e-17
375.64,-4.726739403045478e-14,3.969990974732264e-17
375.65,-4.726157007382906e-14,3.981008774847053e-17
375.66,-4.7255579337862265e-14,3.9788855973570836e-17
375.67,-4.7249379148944296e-14,3.9811941750606917e-17
375.68,-4.724322918513798e-14,3.979917846503752e-17
375.69,-4.723742286200622e-14,3.979226144219894e-17
375.7,-4.72309445150646e-14,3.96802481310917e-17
375.71,-4.722537093924027e-14,3.9805550912341173e-17
375.72,-4.721891413403333e-14,3.9804514671886e-17
375.73,-4.721279406156857e-14,3.9568352727726347e-17
375.74,-4.7207109904375914e-14,3.974209781394859e-17
375.75,-4.7201041432906555e-14,3.960868231927949e-17
375.76,-4.719525954750174e-14,3.970428063087509e-17
375.77,-4.718891054103987e-14,3.960362198423491e-17
375.78,-4.718301718395434e-14,3.965536274227863e-17
375.79,-4.717706734340661e-14,3.955337016162133e-17
375.8,-4.717114292969839e-14,3.964757234990132e-17
375.81,-4.716461488371227e-14,3.9494197950920965e-17
375.82,-4.715855475367016e-14,3.9405687902853375e-17
375.83,-4.715278166876343e-14,3.953651834832343e-17
375.84,-4.714687992682232e-14,3.921298052089418e-17
375.85,-4.714073581212948e-14,3.9406672570783254e-17
375.86,-4.7134480237953415e-14,3.953677243575783e-17
375.87,-4.7129639465408836e-14,3.926582030585542e-17
375.88,-4.712277346244987e-14,3.951311018494669e-17
375.89,-4.7116412675034627e-14,3.9318965173623273e-17
375.9,-4.7110410677558295e-14,3.931067655384235e-17
375.91,-4.7104706598408704e-14,3.9386323012294444e-17
375.92,-4.709881819690415e-14,3.940776088034708e-17
375.93,-4.709267712672017e-14,3.928573086095713e-17
375.94,-4.7086627239131665e-14,3.933321347303608e-17
375.95,-4.7080738678770986e-14,3.933843209758117e-17
375.96,-4.7074794418177756e-14,3.9363418127464045e-17
375.97,-4.7068879747996934e-14,3.939020565803642e-17
375.98,-4.706295105624308e-14,3.944370833860194e-17
375.99,-4.705671489441841e-14,3.944235539012886e-17
376.0,-4.705030749679431e-14,3.915905547064101e-17
376.01,-4.704426008369701e-14,3.90922849479027e-17
376.02,-4.703850319077121e-14,3.917063115367158e-17
376.03,-4.7032539196547156e-14,3.920543956344439e-17
376.04,-4.702656752896642e-14,3.915313951904447e-17
376.05,-4.7020490440115986e-14,3.918011877292173e-17
376.06,-4.701455699051429e-14,3.9111231957245106e-17
376.07,-4.701017814108016e-14,3.938606748329382e-17
376.08,-4.700263975796907e-14,3.9250894284691785e-17
376.09,-4.6996409263386455e-14,3.9062299302271134e-17
376.1,-4.69903449980172e-14,3.904528827555385e-17
376.11,-4.69843971370777e-14,3.90509180919216e-17
376.12,-4.697846125447662e-14,3.904394389511848e-17
376.13,-4.6972458659889594e-14,3.900550176794247e-17
376.14,-4.696665113287469e-14,3.910527103128377e-17
376.15,-4.6960295891886404e-14,3.888828837083176e-17
376.16,-4.6954618157842686e-14,3.8937250556717654e-17
376.17,-4.694719298725518e-14,3.884463787147697e-17
376.18,-4.694255289454988e-14,3.886166056632341e-17
376.19,-4.6936556865312005e-14,3.901952104355732e-17
376.2,-4.693043753442797e-14,3.8813918643995885e-17
376.21,-4.692465611147641e-14,3.8949716228899874e-17
376.22,-4.691868229109675e-14,3.885583816184271e-17
376.23,-4.691251175616808e-14,3.88702935172957e-17
376.24,-4.69063325006216e-14,3.8708585531081247e-17
376.25,-4.690043278680171e-14,3.875388724718862e-17
376.26,-4.6895093619066264e-14,3.874080663458358e-17
376.27,-4.6888541630924036e-14,3.8713307967676885e-17
376.28,-4.688254188616415e-14,3.879866681905808e-17
376.29,-4.687687684442987e-14,3.877671355323162e-17
376.3,-4.6870727711732146e-14,3.8684234838466754e-17
376.31,-4.6864636574157213e-14,3.865352521326485e-17
376.32,-4.6858886305393294e-14,3.879680098429601e-17
376.33,-4.6852675546427845e-14,3.853928710338547e-17
376.34,-4.68463401723938e-14,3.857545389179409e-17
376.35,-4.684006847694386e-14,3.835390121391282e-17
376.36,-4.683478710077414e-14,3.860288231585234e-17
376.37,-4.6828930018565126e-14,3.8615294155212415e-17
376.38,-4.682282144021692e-14,3.8582053526774775e-17
376.39,-4.681701029319988e-14,3.8673136250268876e-17
376.4,-4.681233918638769e-14,3.876294981807094e-17
376.41,-4.6805036793751517e-14,3.858297952388095e-17
376.42,-4.6799095380014347e-14,3.858205997788235e-17
376.43,-4.679344144491509e-14,3.86453014435582e-17
376.44,-4.678740856547938e-14,3.8487149586690743e-17
376.45,-4.6781220297594746e-14,3.847284725605943e-17
376.46,-4.6775288773176684e-14,3.863558008783923e-17
376.47,-4.676934594906588e-14,3.849188315303335e-17
376.48,-4.676322446525865e-14,3.8436126607771146e-17
376.49,-4.675718726444923e-14,3.857186663955895e-17
376.5,-4.675141594790534e-14,3.848759708992092e-17
376.51,-4.674525517942958e-14,3.8256121139365334e-17
376.52,-4.6739033682141235e-14,3.823999624992159e-17
376.53,-4.673335122633438e-14,3.836475135580797e-17
376.54,-4.672710438557355e-14,3.832628349930789e-17
376.55,-4.672128613685733e-14,3.8199781874331014e-17
376.56,-4.6715605484971936e-14,3.831752083607526e-17
376.57,-4.670968277572527e-14,3.8393875484010685e-17
376.58,-4.670362528902271e-14,3.8283781389126024e-17
376.59,-4.66978234417408e-14,3.836010068353848e-17
376.6,-4.6692898919705354e-14,3.847546642838163e-17
376.61,-4.668552103645366e-14,3.819087985350935e-17
376.62,-4.6679614965404135e-14,3.8111341723925874e-17
376.63,-4.667344281837788e-14,3.818277786165621e-17
376.64,-4.666809395695979e-14,3.8231312712284157e-17
376.65,-4.666193273100174e-14,3.817093230373723e-17
376.66,-4.665611917085656e-14,3.811367411751465e-17
376.67,-4.6649842441198815e-14,3.8114550355967634e-17
376.68,-4.6644108640212843e-14,3.819257813700414e-17
376.69,-4.663815902146041e-14,3.816106408809731e-17
376.7,-4.6632240174618583e-14,3.816144526874927e-17
376.71,-4.6625851777872074e-14,3.7893741511249003e-17
376.72,-4.662064337774929e-14,3.8146945632858025e-17
376.73,-4.6614495483453066e-14,3.809513291604127e-17
376.74,-4.660860776076954e-14,3.8186423388580554e-17
376.75,-4.660271463679883e-14,3.814557896383412e-17
376.76,-4.6596829211886545e-14,3.8154000017078465e-17
376.77,-4.659080094667972e-14,3.8079312271518446e-17
376.78,-4.658504600383678e-14,3.789009686743208e-17
376.79,-4.657914486285369e-14,3.805266872905645e-17
376.8,-4.657245301604876e-14,3.7876086519390774e-17
376.81,-4.656715952085587e-14,3.7987484244069217e-17
376.82,-4.656132294609253e-14,3.809838031739388e-17
376.83,-4.6555097299762264e-14,3.793661229731865e-17
376.84,-4.6549361016537493e-14,3.799745233615641e-17
376.85,-4.654328136275581e-14,3.79907707054156e-17
376.86,-4.653748254967169e-14,3.8024854102956393e-17
376.87,-4.653029394798419e-14,3.7643086800162417e-17
376.88,-4.6525522077858435e-14,3.7928690449899857e-17
376.89,-4.651967105045848e-14,3.7775135350922655e-17
376.9,-4.651378201794392e-14,3.7911237901859804e-17
376.91,-4.6507542258714567e-14,3.7816771618121275e-17
376.92,-4.650208846727964e-14,3.790877135914632e-17
376.93,-4.6495801005059334e-14,3.7894456250050724e-17
376.94,-4.6490124141211475e-14,3.7801025303122576e-17
376.95,-4.6484136772343806e-14,3.7844386454464816e-17
376.96,-4.647808477349889e-14,3.7980285099743475e-17
376.97,-4.647249140305983e-14,3.7884146154737044e-17
376.98,-4.646679426861813e-14,3.783365529437713e-17
376.99,-4.646059978805997e-14,3.783867459994568e-17
377.0,-4.6454857194370774e-14,3.7899795144663214e-17
377.01,-4.64487848429459e-14,3.768182123957975e-17
377.02,-4.6442906179698674e-14,3.776925312670973e-17
377.03,-4.643690724452594e-14,3.787069673946538e-17
377.04,-4.643094894735661e-14,3.777812902292854e-17
377.05,-4.6426203594441496e-14,3.7930278444494805e-17
377.06,-4.641934602291334e-14,3.785234811912752e-17
377.07,-4.6414071910641914e-14,3.820156025940742e-17
377.08,-4.640746219500447e-14,3.76573088380565e-17
377.09,-4.6401474205913146e-14,3.7712274148299074e-17
377.1,-4.639629381232606e-14,3.7656355707646074e-17
377.11,-4.6389864882565354e-14,3.757311475974204e-17
377.12,-4.638396134206501e-14,3.7761768769757574e-17
377.13,-4.637773746897482e-14,3.768778050109161e-17
377.14,-4.636638448268436e-14,3.6326704754124695e-17
377.15,-4.636611450072695e-14,3.76699470983647e-17
377.16,-4.635955974190682e-14,3.800765898415137e-17
377.17,-4.635401401887178e-14,3.759437207893189e-17
377.18,-4.6348374050271154e-14,3.760584469010922e-17
377.19,-4.634263101992878e-14,3.797460678750822e-17
377.2,-4.633545643556572e-14,3.7296075257193314e-17
377.21,-4.633089032641075e-14,3.766998566967412e-17
377.22,-4.6324996575737366e-14,3.771073069033306e-17
377.23,-4.6317425414281394e-14,3.651868988533983e-17
377.24,-4.631308656208238e-14,3.750376244271639e-17
377.25,-4.63083936741327e-14,3.882156201676095e-17
377.26,-4.6301428537965086e-14,3.754693970866121e-17
377.27,-4.629563241681985e-14,3.76461973709455e-17
377.28,-4.628953667045647e-14,3.763374109395719e-17
377.29,-4.628342190571679e-14,3.758453771047698e-17
377.3,-4.627779102908038e-14,3.753558121160274e-17
377.31,-4.62720058486868e-14,3.7580325868409166e-17
377.32,-4.6265585710698435e-14,3.7264869018352076e-17
377.33,-4.626064493892345e-14,3.7616900743151345e-17
377.34,-4.625686512373759e-14,3.8536371264238754e-17
377.35,-4.624826079112657e-14,3.746276807717844e-17
377.36,-4.6242880262434377e-14,3.7635968903298876e-17
377.37,-4.623655490078524e-14,3.7528323042841723e-17
377.38,-4.623101252695168e-14,3.763671728180538e-17
377.39,-4.6224904359711294e-14,3.748395090149193e-17
377.4,-4.621866188996988e-14,3.735699350870015e-17
377.41,-4.621328680416201e-14,3.755906685672841e-17
377.42,-4.620752030036187e-14,3.737155628018924e-17
377.43,-4.6200390334282516e-14,3.745548729044087e-17
377.44,-4.619571557666687e-14,3.747111603366818e-17
377.45,-4.618952585502418e-14,3.738556987945607e-17
377.46,-4.618393610016564e-14,3.7494702653727757e-17
377.47,-4.6177985787720485e-14,3.7509085449820965e-17
377.48,-4.617203385339141e-14,3.730311950911213e-17
377.49,-4.616621897137768e-14,3.747617819864614e-17
377.5,-4.6160584856727604e-14,3.7336721271347407e-17
377.51,-4.615483332141597e-14,3.748138161710311e-17
377.52,-4.614815828052171e-14,3.736910896889071e-17
377.53,-4.61427271861362e-14,3.748779271839229e-17
377.54,-4.6136972192833964e-14,3.7431177220570093e-17
377.55,-4.613120074770394e-14,3.7455027210434046e-17
377.56,-4.612547143276095e-14,3.7418487618913793e-17
377.57,-4.611979617255861e-14,3.7570508933558405e-17
377.58,-4.611371391685469e-14,3.739287901357312e-17
377.59,-4.610731707716788e-14,3.724941332521019e-17
377.6,-4.610216556193755e-14,3.746692188903089e-17
377.61,-4.609557595173844e-14,3.739132284902366e-17
377.62,-4.609038220892125e-14,3.746385647442109e-17
377.63,-4.6084546664103386e-14,3.7461692864408317e-17
377.64,-4.6079246207132496e-14,3.788962731389965e-17
377.65,-4.607254791774931e-14,3.741358397092734e-17
377.66,-4.606672134857299e-14,3.7376735648318925e-17
377.67,-4.606113734700604e-14,3.736607896441333e-17
377.68,-4.605515825428447e-14,3.729138394888346e-17
377.69,-4.6050071355635236e-14,3.7431043927959534e-17
377.7,-4.6043801796126714e-14,3.748448741873751e-17
377.71,-4.603759582449763e-14,3.734922180520863e-17
377.72,-4.6031899395552256e-14,3.739240289979535e-17
377.73,-4.6025983267620694e-14,3.7362516787794775e-17
377.74,-4.6019911613855653e-14,3.735357245654371e-17
377.75,-4.6014457776019666e-14,3.749278151686503e-17
377.76,-4.6008620847892244e-14,3.73343295911426e-17
377.77,-4.600263551553177e-14,3.723920975709842e-17
377.78,-4.5996449752594743e-14,3.7284905024273216e-17
377.79,-4.59911771145291e-14,3.741953030837015e-17
377.8,-4.5985313004262695e-14,3.737655622539177e-17
377.81,-4.5979037205907274e-14,3.739490653782559e-17
377.82,-4.5973441201478165e-14,3.7396875037971884e-17
377.83,-4.596751227511368e-14,3.7353377894735706e-17
377.84,-4.5962234559837585e-14,3.766326634296397e-17
377.85,-4.5955835171969335e-14,3.725796158890631e-17
377.86,-4.595021837775822e-14,3.7240860538353196e-17
377.87,-4.594467302795456e-14,3.7603393190238004e-17
377.88,-4.593902849594085e-14,3.756216197945088e-17
377.89,-4.5932577813658214e-14,3.71863751644744e-17
377.9,-4.5926923464782316e-14,3.7356889935787453e-17
377.91,-4.592138735294786e-14,3.758135255424241e-17
377.92,-4.591515332231363e-14,3.7367451181163326e-17
377.93,-4.590960989934503e-14,3.7451444545802384e-17
377.94,-4.590337429277218e-14,3.73676431327491e-17
377.95,-4.589751657685434e-14,3.728405300906964e-17
377.96,-4.5892250718839844e-14,3.748903362175607e-17
377.97,-4.5885706958594146e-14,3.7309509001126176e-17
377.98,-4.58804106116747e-14,3.7389020387878956e-17
377.99,-4.5874358435800574e-14,3.7365538488982357e-17
378.0,-4.5868737604586864e-14,3.744952477901999e-17
378.01,-4.586283900137592e-14,3.738133022003122e-17
378.02,-4.585713783345918e-14,3.748414358373455e-17
378.03,-4.585120233426679e-14,3.7338381984335205e-17
378.04,-4.5846307332414857e-14,3.7702501847761453e-17
378.05,-4.583931931582323e-14,3.719908670360901e-17
378.06,-4.5833686381588136e-14,3.741924145838911e-17
378.07,-4.5827939925438543e-14,3.732951679533305e-17
378.08,-4.582220085472102e-14,3.736033648477427e-17
378.09,-4.5816451800648446e-14,3.743469151750842e-17
378.1,-4.581067112988955e-14,3.739204207267613e-17
378.11,-4.580491503828816e-14,3.741245476011447e-17
378.12,-4.5799007493758384e-14,3.733198401696498e-17
378.13,-4.5792670191481677e-14,3.742578888300082e-17
378.14,-4.5788221337246845e-14,3.7403028224040487e-17
378.15,-4.578116644494686e-14,3.7286645300855363e-17
378.16,-4.5775824352154276e-14,3.738287296313837e-17
378.17,-4.5770096020174075e-14,3.7440799281470977e-17
378.18,-4.576427672076698e-14,3.740521945182908e-17
378.19,-4.575861087479936e-14,3.7448696790512545e-17
378.2,-4.575269725997139e-14,3.741036827349964e-17
378.21,-4.574692236418419e-14,3.7366061883894177e-17
378.22,-4.574219214815997e-14,3.7786969269938756e-17
378.23,-4.573502639530211e-14,3.734904671468166e-17
378.24,-4.572989070450466e-14,3.7452940179578593e-17
378.25,-4.572393970582342e-14,3.742626262931874e-17
378.26,-4.5717923687088964e-14,3.744392662076299e-17
378.27,-4.5712270922766866e-14,3.742662759017847e-17
378.28,-4.5706004930959646e-14,3.736870505177731e-17
378.29,-4.5701072365479686e-14,3.772199242262089e-17
378.3,-4.5694798605536295e-14,3.7430797201070106e-17
378.31,-4.568875003801381e-14,3.732686471778075e-17
378.32,-4.568330942778358e-14,3.7597315050987914e-17
378.33,-4.56776155407352e-14,3.7520250006590516e-17
378.34,-4.567202529040126e-14,3.7515209775009724e-17
378.35,-4.566590130241262e-14,3.745076537721934e-17
378.36,-4.565999851637735e-14,3.741986902535224e-17
378.37,-4.5654431855509754e-14,3.7540678807777094e-17
378.38,-4.5648757089169836e-14,3.7572717598374046e-17
378.39,-4.5642531194798813e-14,3.74112747650958e-17
378.4,-4.563637078748687e-14,3.6924491610005484e-17
378.41,-4.563141392767684e-14,3.7546059201592407e-17
378.42,-4.562548019396757e-14,3.754213461957e-17
378.43,-4.5618877096385366e-14,3.7091563303610014e-17
378.44,-4.561403734376456e-14,3.75201111454532e-17
378.45,-4.560838784925089e-14,3.758931405460606e-17
378.46,-4.5602405981930344e-14,3.751077012071782e-17
378.47,-4.559669505474799e-14,3.7563353647601393e-17
378.48,-4.559077556582599e-14,3.731022683922945e-17
378.49,-4.558536694123587e-14,3.7567268098901984e-17
378.5,-4.557913941692805e-14,3.747129289159483e-17
378.51,-4.557308758868967e-14,3.746913723323501e-17
378.52,-4.556753618894208e-14,3.754596813146912e-17
378.53,-4.556184796770078e-14,3.747298856631554e-17
378.54,-4.555594411616297e-14,3.7429329268009146e-17
378.55,-4.555019551062339e-14,3.742411238966811e-17
378.56,-4.5544534085174346e-14,3.7507634397434636e-17
378.57,-4.553851074430439e-14,3.7387039129542465e-17
378.58,-4.5532401381560635e-14,3.752409938914638e-17
378.59,-4.552725237621976e-14,3.759161383588575e-17
378.6,-4.552145492756499e-14,3.7558481575049553e-17
378.61,-4.5515979159398215e-14,3.756685882785112e-17
378.62,-4.551014410093307e-14,3.755624453810426e-17
378.63,-4.550420842810087e-14,3.7343081297747865e-17
378.64,-4.5498362916779807e-14,3.744354276445881e-17
378.65,-4.5492771823052683e-14,3.750599658231105e-17
378.66,-4.548668911246945e-14,3.732786897152708e-17
378.67,-4.5481854453161323e-14,3.766606970492647e-17
378.68,-4.547565770214446e-14,3.760238368734754e-17
378.69,-4.546956799989607e-14,3.75113131838589e-17
378.7,-4.546386177864253e-14,3.758332477376122e-17
378.71,-4.545828526267609e-14,3.756909076520654e-17
378.72,-4.545255069581719e-14,3.75673686099017e-17
378.73,-4.544648855251082e-14,3.746554719989608e-17
378.74,-4.5440642860436967e-14,3.7448640761902005e-17
378.75,-4.5435155103859264e-14,3.7525242705191044e-17
378.76,-4.542910729787343e-14,3.751561726088816e-17
378.77,-4.542356423956368e-14,3.75114476794861e-17
378.78,-4.5418380374727647e-14,3.759008556820987e-17
378.79,-4.54121412586567e-14,3.7594184866478626e-17
378.8,-4.540643017292574e-14,3.757897931864702e-17
378.81,-4.540074955314475e-14,3.759771099380458e-17
378.82,-4.539497910404116e-14,3.7639652499156665e-17
378.83,-4.538933583885004e-14,3.7670741293663605e-17
378.84,-4.5383196386597313e-14,3.745312073265417e-17
378.85,-4.5377851120761207e-14,3.76476977383249e-17
378.86,-4.537224047384891e-14,3.7700169384924833e-17
378.87,-4.536626034017006e-14,3.7669756612568735e-17
378.88,-4.536049281526752e-14,3.758158709746173e-17
378.89,-4.5354894322683635e-14,3.7568295037502994e-17
378.9,-4.534905211504109e-14,3.762525069282031e-17
378.91,-4.534356965993086e-14,3.7586602949590534e-17
378.92,-4.533757516781253e-14,3.7579443688860254e-17
378.93,-4.5331796351552366e-14,3.699538002471547e-17
378.94,-4.53262202916414e-14,3.767971685832288e-17
378.95,-4.532024230820753e-14,3.7490497395207314e-17
378.96,-4.531460951980207e-14,3.7607908541633014e-17
378.97,-4.530890372852416e-14,3.765866510726623e-17
378.98,-4.530324506460322e-14,3.7710952580418793e-17
378.99,-4.529730473542728e-14,3.7646367592138226e-17
379.0,-4.529162499783294e-14,3.764546470880205e-17
379.01,-4.5285986596455716e-14,3.768480734171734e-17
379.02,-4.5281513323256035e-14,3.802911983932683e-17
379.03,-4.5274771378552473e-14,3.7712103087180095e-17
379.04,-4.526823314796208e-14,3.741584749372276e-17
379.05,-4.526289629301913e-14,3.76610423002571e-17
379.06,-4.525738188106865e-14,3.7702014408012574e-17
379.07,-4.5250774260678924e-14,3.80156421809424e-17
379.08,-4.5246338732928395e-14,3.79731006749279e-17
379.09,-4.524005998237068e-14,3.764926797335059e-17
379.1,-4.5234674855365027e-14,3.7630182231097845e-17
379.11,-4.522938679531072e-14,3.8283846672460055e-17
379.12,-4.522295433251673e-14,3.76929350342607e-17
379.13,-4.5216645361566116e-14,3.825797342452394e-17
379.14,-4.521174394792779e-14,3.7753227496472776e-17
379.15,-4.5206031737424213e-14,3.7721067602201366e-17
379.16,-4.5199612075106355e-14,3.7375355331414913e-17
379.17,-4.519512679861745e-14,3.7394306391097625e-17
379.18,-4.518871640951516e-14,3.7699281534425545e-17
379.19,-4.518286520120167e-14,3.7750503022148296e-17
379.2,-4.517734735992759e-14,3.814087360690191e-17
379.21,-4.5171692833138996e-14,3.7766403121851806e-17
379.22,-4.516625510875478e-14,3.841688649997432e-17
379.23,-4.51601113997163e-14,3.7674070420894066e-17
379.24,-4.515440847373859e-14,3.7714874464935096e-17
379.25,-4.514853516331808e-14,3.7618079609140606e-17
379.26,-4.514282323608082e-14,3.761317381289135e-17
379.27,-4.513733405807854e-14,3.775096465299075e-17
379.28,-4.51314745360391e-14,3.7718569699432475e-17
379.29,-4.5126159472287215e-14,3.7920943846775094e-17
379.3,-4.5120041946441046e-14,3.77149054306991e-17
379.31,-4.511505932160218e-14,3.819029323242457e-17
379.32,-4.510874874663043e-14,3.773248710068142e-17
379.33,-4.510316733508536e-14,3.773993669298053e-17
379.34,-4.5096738736501915e-14,3.7683237275927584e-17
379.35,-4.50915031349387e-14,3.7633239274157387e-17
379.36,-4.508554597632625e-14,3.764935897778058e-17
379.37,-4.5080031688017114e-14,3.772181978552115e-17
379.38,-4.507429989268921e-14,3.763349359171579e-17
379.39,-4.506827349297967e-14,3.7752364004756445e-17
379.4,-4.5063887242001637e-14,3.7966042305928786e-17
379.41,-4.505753939783577e-14,3.780060875709916e-17
379.42,-4.505161929996302e-14,3.773073363574308e-17
379.43,-4.504606032320632e-14,3.775696427954168e-17
379.44,-4.504081394656777e-14,3.7801149059673834e-17
379.45,-4.50344584568539e-14,3.7682234368762096e-17
379.46,-4.502899273775917e-14,3.7795517317005e-17
379.47,-4.502324899459455e-14,3.7837262939179193e-17
379.48,-4.5017677750123514e-14,3.780324031662219e-17
379.49,-4.501222178645893e-14,3.789150847646016e-17
379.5,-4.500624591510784e-14,3.7800915839930793e-17
379.51,-4.5000614547844437e-14,3.78734067259835e-17
379.52,-4.4994783418193994e-14,3.780529608405324e-17
379.53,-4.4989045447778807e-14,3.7648720086821084e-17
379.54,-4.498327582733619e-14,3.774318079729345e-17
379.55,-4.497780284704265e-14,3.787544507244879e-17
379.56,-4.4972104408123724e-14,3.775805534256281e-17
379.57,-4.496649286041218e-14,3.7838763185045765e-17
379.58,-4.496073297141097e-14,3.789894277038458e-17
379.59,-4.4954907698692167e-14,3.773764886393045e-17
379.6,-4.494936041539407e-14,3.786346986809442e-17
379.61,-4.494335458740797e-14,3.7556317811533015e-17
379.62,-4.493785957219731e-14,3.773782551385029e-17
379.63,-4.4931959090231953e-14,3.7690869251696424e-17
379.64,-4.4926564623544384e-14,3.788550262576604e-17
379.65,-4.492070649187832e-14,3.769062159121185e-17
379.66,-4.4915468770709854e-14,3.7784431909922556e-17
379.67,-4.4909914633042674e-14,3.795922630811689e-17
379.68,-4.4903713788922724e-14,3.772302430612317e-17
379.69,-4.489864090366001e-14,3.791798669036569e-17
379.7,-4.489253678969784e-14,3.775361939895453e-17
379.71,-4.488710116826305e-14,3.779840299279375e-17
379.72,-4.488098207281062e-14,3.7725682284486534e-17
379.73,-4.487557756995375e-14,3.784753426794668e-17
379.74,-4.486975651839571e-14,3.779442874453636e-17
379.75,-4.486390759817615e-14,3.7635986006198514e-17
379.76,-4.48583740963317e-14,3.765930289039196e-17
379.77,-4.485271985706803e-14,3.772092916813626e-17
379.78,-4.484647992791818e-14,3.7677203124392227e-17
379.79,-4.484119543408964e-14,3.762846750979862e-17
379.8,-4.4835683801196054e-14,3.773314306926377e-17
379.81,-4.483060507306506e-14,3.784037825580891e-17
379.82,-4.4824576236425603e-14,3.7734010564584703e-17
379.83,-4.4819137486083306e-14,3.775562529898958e-17
379.84,-4.481310182314569e-14,3.782496144309036e-17
379.85,-4.480754287274792e-14,3.789384635721608e-17
379.86,-4.480214595921983e-14,3.794467859098943e-17
379.87,-4.47964828983197e-14,3.7869721765706305e-17
379.88,-4.479039928787687e-14,3.779338344762241e-17
379.89,-4.4784715055348995e-14,3.773642736575947e-17
379.9,-4.477919515289483e-14,3.767624216081374e-17
379.91,-4.477283649160783e-14,3.7530810408353945e-17
379.92,-4.4768046716620835e-14,3.760752711242608e-17
379.93,-4.476199210274991e-14,3.7662359877566124e-17
379.94,-4.475669032308791e-14,3.7790831007046265e-17
379.95,-4.475101553376876e-14,3.787776100058666e-17
379.96,-4.4745563197212755e-14,3.791969181807463e-17
379.97,-4.4739478772492224e-14,3.769188295263837e-17
379.98,-4.4734062720446347e-14,3.782805518849175e-17
379.99,-4.4728643632247404e-14,3.778446752141347e-17
380.0,-4.472247140184702e-14,3.768864302373315e-17
380.01,-4.471685662346972e-14,3.7577415180064135e-17
380.02,-4.4711803839506466e-14,3.795642139090849e-17
380.03,-4.470572113436511e-14,3.775338553267891e-17
380.04,-4.4699918114499807e-14,3.764392939101162e-17
380.05,-4.469485801063821e-14,3.781374308627949e-17
380.06,-4.468869261848216e-14,3.7686899929777666e-17
380.07,-4.4683219408734066e-14,3.773135297787975e-17
380.08,-4.46777782768862e-14,3.776100166800466e-17
380.09,-4.4671794894431907e-14,3.785636619573746e-17
380.1,-4.46653422973287e-14,3.7448887028280136e-17
380.11,-4.466150392399249e-14,3.8052040494760056e-17
380.12,-4.4654947336377494e-14,3.777702599174817e-17
380.13,-4.4649120620181036e-14,3.763001749812545e-17
380.14,-4.464363239543424e-14,3.7762722910185915e-17
380.15,-4.463798201051052e-14,3.772512757612338e-17
380.16,-4.463220594726754e-14,3.7715454215475763e-17
380.17,-4.4626886832223466e-14,3.777520025852793e-17
380.18,-4.4621330140291507e-14,3.787538888559509e-17
380.19,-4.461522682997479e-14,3.7664926441541756e-17
380.2,-4.4611472016647154e-14,3.8141679992453407e-17
380.21,-4.460451914230952e-14,3.788021741679112e-17
380.22,-4.459841861844045e-14,3.769332499490667e-17
380.23,-4.4592787870929935e-14,3.7615818329395903e-17
380.24,-4.458744941509676e-14,3.776611044494031e-17
380.25,-4.4581526021357463e-14,3.760075612932965e-17
380.26,-4.4575808642007204e-14,3.758158162398618e-17
380.27,-4.457038152342211e-14,3.7642762217901697e-17
380.28,-4.456483392077535e-14,3.768866667858418e-17
380.29,-4.4558919556147065e-14,3.777654469557274e-17
380.3,-4.455405540537445e-14,3.7900403038526034e-17
380.31,-4.4547759910950026e-14,3.760662077249057e-17
380.32,-4.454226462140681e-14,3.769006527955059e-17
380.33,-4.453705308034136e-14,3.786498467430643e-17
380.34,-4.453117995624756e-14,3.762160313585477e-17
380.35,-4.45252238156805e-14,3.7466944478044466e-17
380.36,-4.451977979566801e-14,3.7587449267711245e-17
380.37,-4.451429306523216e-14,3.7491627598923604e-17
380.38,-4.4508083668296916e-14,3.750576609601453e-17
380.39,-4.4502854850633754e-14,3.759978106920826e-17
380.4,-4.4497770565008267e-14,3.7794460517445796e-17
380.41,-4.449150381040293e-14,3.760538219985633e-17
380.42,-4.4486066938623507e-14,3.7651054260579584e-17
380.43,-4.4480624258950457e-14,3.777482910591089e-17
380.44,-4.4474723585190797e-14,3.7529016464894334e-17
380.45,-4.4468560943614677e-14,3.741490502326668e-17
380.46,-4.446373116160745e-14,3.759817763787459e-17
380.47,-4.4458201634343996e-14,3.7583746756924806e-17
380.48,-4.4452291416668473e-14,3.7489670436991857e-17
380.49,-4.4446788301682416e-14,3.7511560865209983e-17
380.5,-4.4441100500043525e-14,3.767910572060694e-17
380.51,-4.44354658576949e-14,3.753664672835896e-17
380.52,-4.4429871615953996e-14,3.7542137987700614e-17
380.53,-4.4424369276114024e-14,3.7511674384797966e-17
380.54,-4.4418096786609916e-14,3.72912402783126e-17
380.55,-4.441326044539883e-14,3.7450258741600973e-17
380.56,-4.4407718200824654e-14,3.7691348875391733e-17
380.57,-4.44019710598687e-14,3.7498607280260857e-17
380.58,-4.439647092804477e-14,3.7580499941150885e-17
380.59,-4.439061659783175e-14,3.747979160510535e-17
380.6,-4.438546745024085e-14,3.7879779250170676e-17
380.61,-4.437959729777297e-14,3.746050800676957e-17
380.62,-4.437393779732235e-14,3.753052131205597e-17
380.63,-4.4368069226912714e-14,3.7444670893372934e-17
380.64,-4.436282935557516e-14,3.758069605418947e-17
380.65,-4.435768717220252e-14,3.771838571029495e-17
380.66,-4.4351463211913374e-14,3.745073832738111e-17
380.67,-4.434588165949134e-14,3.740932019666676e-17
380.68,-4.43401175140988e-14,3.721960129496865e-17
380.69,-4.43345348947524e-14,3.734446372105001e-17
380.7,-4.432842257104611e-14,3.717203829273154e-17
380.71,-4.4323460042599836e-14,3.7398658963204496e-17
380.72,-4.431699826664178e-14,3.7326236401334836e-17
380.73,-4.431211637950793e-14,3.712752952987224e-17
380.74,-4.430675568953371e-14,3.739388217093921e-17
380.75,-4.430101637288999e-14,3.7340265608485235e-17
380.76,-4.429548793243642e-14,3.7269264655242186e-17
380.77,-4.428984481173473e-14,3.7330427201801793e-17
380.78,-4.428440090074966e-14,3.727046875430128e-17
380.79,-4.4278657116899963e-14,3.729521743050312e-17
380.8,-4.4273102285957124e-14,3.726598477770647e-17
380.81,-4.4267997564365535e-14,3.7061536184052405e-17
380.82,-4.426220887606661e-14,3.717655801674577e-17
380.83,-4.425606949331713e-14,3.7314971630567696e-17
380.84,-4.425085092015236e-14,3.7257973494992634e-17
380.85,-4.4245263696288105e-14,3.734034843495612e-17
380.86,-4.423944988502288e-14,3.727344968338836e-17
380.87,-4.423400003457223e-14,3.7235031567834564e-17
380.88,-4.4228460706078256e-14,3.724650142344818e-17
380.89,-4.4223000718312755e-14,3.7260428941069103e-17
380.9,-4.4217729955731346e-14,3.7274954830382605e-17
380.91,-4.421203525713621e-14,3.7216956859033834e-17
380.92,-4.420496278208487e-14,3.703019161633432e-17
380.93,-4.420043309326664e-14,3.7135079838808183e-17
380.94,-4.4194884278996244e-14,3.710814614105655e-17
380.95,-4.418894347908139e-14,3.7063635297668315e-17
380.96,-4.418376506981468e-14,3.712830009842735e-17
380.97,-4.4178271114460357e-14,3.704284799851226e-17
380.98,-4.41726330405896e-14,3.7062765940225607e-17
380.99,-4.416681620800379e-14,3.7711622692938014e-17
381.0,-4.416149389931238e-14,3.6998642008135754e-17
381.01,-4.415690470706183e-14,3.70023146671795e-17
381.02,-4.415019235697083e-14,3.697347966009076e-17
381.03,-4.4144939966692e-14,3.7071641525619056e-17
381.04,-4.413884594255856e-14,3.6350450486628196e-17
381.05,-4.413372653197432e-14,3.7265030315657466e-17
381.06,-4.412811997812936e-14,3.6987752330793264e-17
381.07,-4.4123291798644945e-14,3.737180599447782e-17
381.08,-4.411936852100221e-14,3.855863480481409e-17
381.09,-4.41115946762285e-14,3.707623661998138e-17
381.1,-4.4106330826530855e-14,3.6878367620509565e-17
381.11,-4.409970170451136e-14,3.6669419266492885e-17
381.12,-4.4094886625284603e-14,3.702462745468493e-17
381.13,-4.408963080819617e-14,3.708470203160072e-17
381.14,-4.408469332171887e-14,3.721291219783635e-17
381.15,-4.40781496469424e-14,3.688630719221546e-17
381.16,-4.4072675482888916e-14,3.6976251028103666e-17
381.17,-4.406809625672937e-14,3.7591219987092116e-17
381.18,-4.406155773928019e-14,3.6996112739518867e-17
381.19,-4.4054500672973537e-14,3.55524099557003e-17
381.2,-4.4050269397770503e-14,3.68440063681227e-17
381.21,-4.404482711206643e-14,3.680231464972992e-17
381.22,-4.4039395646232363e-14,3.6872905620288666e-17
381.23,-4.4033988352548045e-14,3.6890821644836716e-17
381.24,-4.4028172897662467e-14,3.692188041908911e-17
381.25,-4.402266721417192e-14,3.681544679918314e-17
381.26,-4.401844907980526e-14,3.706443334984802e-17
381.27,-4.4011483251191643e-14,3.67318780823013e-17
381.28,-4.400811318247729e-14,3.656057679838159e-17
381.29,-4.4000455287430453e-14,3.673764381295539e-17
381.3,-4.39947279939988e-14,3.663335633233277e-17
381.31,-4.398922309551491e-14,3.670482696285914e-17
381.32,-4.398407377540051e-14,3.6808786955181514e-17
381.33,-4.3978089470674284e-14,3.6727874031669925e-17
381.34,-4.397292780278031e-14,3.6811282061706876e-17
381.35,-4.39671215868134e-14,3.6787611651762564e-17
381.36,-4.396193851952527e-14,3.6778453876292376e-17
381.37,-4.3956334764130817e-14,3.689262226492016e-17
381.38,-4.3950447761294104e-14,3.662642187431024e-17
381.39,-4.394492425060522e-14,3.669667110250675e-17
381.4,-4.393947089792538e-14,3.6613195080571063e-17
381.41,-4.393432957517752e-14,3.6782614899925427e-17
381.42,-4.3928589308502955e-14,3.6638830976932547e-17
381.43,-4.3923130528752054e-14,3.671200618118514e-17
381.44,-4.391736431709195e-14,3.654062196178844e-17
381.45,-4.391204464313704e-14,3.641555227034358e-17
381.46,-4.3906788916428874e-14,3.6686397760680904e-17
381.47,-4.390096146469124e-14,3.6545591929193514e-17
381.48,-4.3895185548759095e-14,3.6546998073171637e-17
381.49,-4.3889630841783564e-14,3.653958164545288e-17
381.5,-4.3884232341939686e-14,3.649126287546462e-17
381.51,-4.3878777535899375e-14,3.650196051538561e-17
381.52,-4.387314867871109e-14,3.651048007223225e-17
381.53,-4.386750016670577e-14,3.658427266072445e-17
381.54,-4.3862012375980983e-14,3.639833112277683e-17
381.55,-4.385662869822305e-14,3.641228088448864e-17
381.56,-4.3851104549194165e-14,3.644893865231654e-17
381.57,-4.384554761015437e-14,3.645364991190291e-17
381.58,-4.384002775218813e-14,3.632091394759073e-17
381.59,-4.383452410324121e-14,3.640543120214517e-17
381.6,-4.382908428636899e-14,3.6390847252402643e-17
381.61,-4.382345650640824e-14,3.6453804107618645e-17
381.62,-4.381869161593881e-14,3.650495559657185e-17
381.63,-4.38124425616171e-14,3.635527770145704e-17
381.64,-4.3807092554043006e-14,3.633696521321956e-17
381.65,-4.38012865541732e-14,3.631679054686134e-17
381.66,-4.379577691631154e-14,3.636941860826744e-17
381.67,-4.379028701729089e-14,3.626554392348966e-17
381.68,-4.3784938347414297e-14,3.6279025885772083e-17
381.69,-4.37796382003496e-14,3.644436545343621e-17
381.7,-4.377392658242788e-14,3.6121541027245854e-17
381.71,-4.3768703914855963e-14,3.637698844496223e-17
381.72,-4.376318996373658e-14,3.6378168949465935e-17
381.73,-4.37575024798848e-14,3.618485523817113e-17
381.74,-4.3751777932674134e-14,3.618374563608178e-17
381.75,-4.374656415333912e-14,3.620167367085121e-17
381.76,-4.374065853830778e-14,3.615041085665028e-17
381.77,-4.3735366404692485e-14,3.618249975845881e-17
381.78,-4.3729515873700074e-14,3.5961309916344864e-17
381.79,-4.3724309861728684e-14,3.622178555917267e-17
381.8,-4.371926430190691e-14,3.6290797569675534e-17
381.81,-4.371320549315121e-14,3.604682688009165e-17
381.82,-4.3708067696021454e-14,3.6067980927847036e-17
381.83,-4.3702400706542547e-14,3.6105424748691855e-17
381.84,-4.369703990431731e-14,3.616976077124509e-17
381.85,-4.369122520372553e-14,3.5955753284410556e-17
381.86,-4.3685912029380126e-14,3.607633106814503e-17
381.87,-4.3680571580046755e-14,3.609346894031479e-17
381.88,-4.3674819605599835e-14,3.5862733457950824e-17
381.89,-4.3670418493076965e-14,3.6221792552414474e-17
381.9,-4.3664251831204654e-14,3.6094994698217297e-17
381.91,-4.365872779437806e-14,3.6175738316292736e-17
381.92,-4.3652842556284605e-14,3.597436587013686e-17
381.93,-4.3647346225536153e-14,3.5927277097636043e-17
381.94,-4.364214812207619e-14,3.5944016709951183e-17
381.95,-4.3636290926034795e-14,3.600260744839371e-17
381.96,-4.363092845399693e-14,3.5881187462440476e-17
381.97,-4.362556069669941e-14,3.6014798425590336e-17
381.98,-4.362000744259384e-14,3.578938657698439e-17
381.99,-4.361467622917764e-14,3.611900267636682e-17
382.0,-4.360925227902852e-14,3.597583006328793e-17
382.01,-4.360388409441747e-14,3.588986612080411e-17
382.02,-4.35980475641144e-14,3.5805625476346116e-17
382.03,-4.359269209973216e-14,3.587386313592689e-17
382.04,-4.358735550944293e-14,3.592717416427847e-17
382.05,-4.3581772748099634e-14,3.586216793744605e-17
382.06,-4.357604121490113e-14,3.5857875496160074e-17
382.07,-4.3570070180906257e-14,3.5492402023904944e-17
382.08,-4.3565632094706123e-14,3.573806658460614e-17
382.09,-4.355932399789704e-14,3.5653042133078235e-17
382.1,-4.355413109927735e-14,3.5671701868420355e-17
382.11,-4.3548765817459463e-14,3.5746087678659175e-17
382.12,-4.3543228879363486e-14,3.5650207892767254e-17
382.13,-4.353780601395509e-14,3.5710949293193226e-17
382.14,-4.353239338576538e-14,3.5634943979276385e-17
382.15,-4.352701432993416e-14,3.5847995843304896e-17
382.16,-4.352103785581934e-14,3.5471286668050263e-17
382.17,-4.35159813855572e-14,3.5660798045824503e-17
382.18,-4.351042368824831e-14,3.5629566146841205e-17
382.19,-4.350488941292867e-14,3.5611816248055495e-17
382.2,-4.3499466475635755e-14,3.5568016684170816e-17
382.21,-4.349351686725576e-14,3.554085899256831e-17
382.22,-4.348893673281628e-14,3.5679027907962225e-17
382.23,-4.348312866823066e-14,3.5551947219788724e-17
382.24,-4.347789495776746e-14,3.566901091742217e-17
382.25,-4.347198176586949e-14,3.544791109749843e-17
382.26,-4.346610755473208e-14,3.535186711365923e-17
382.27,-4.346141501304396e-14,3.553578368050641e-17
382.28,-4.3454169555424626e-14,3.532440483267389e-17
382.29,-4.3450267578921526e-14,3.5450281374131035e-17
382.3,-4.344479152796398e-14,3.545635420789083e-17
382.31,-4.343793627438702e-14,3.546954162620311e-17
382.32,-4.3433949997294535e-14,3.546666140585387e-17
382.33,-4.342861887489305e-14,3.544285200970485e-17
382.34,-4.3422922575521694e-14,3.5329209586321193e-17
382.35,-4.341843444369848e-14,3.555853371426796e-17
382.36,-4.3412307633031546e-14,3.534324274981388e-17
382.37,-4.340691128801716e-14,3.5239615282716293e-17
382.38,-4.340129144325286e-14,3.536059613758203e-17
382.39,-4.339595775445696e-14,3.552583845705714e-17
382.4,-4.339031065767498e-14,3.5273620392020975e-17
382.41,-4.338492203730596e-14,3.5306328562505545e-17
382.42,-4.3379656786817755e-14,3.545751562131836e-17
382.43,-4.3374379307444556e-14,3.538654997828546e-17
382.44,-4.336863465184514e-14,3.532286448519966e-17
382.45,-4.336336772422062e-14,3.533614603818121e-17
382.46,-4.335787078198427e-14,3.543119474245168e-17
382.47,-4.3352248010536694e-14,3.530928748243095e-17
382.48,-4.3346902458432785e-14,3.527451418118067e-17
382.49,-4.334167621767549e-14,3.535799733412977e-17
382.5,-4.33360242969195e-14,3.525843796717489e-17
382.51,-4.333068962492751e-14,3.541521904398753e-17
382.52,-4.332523984590903e-14,3.533363419276813e-17
382.53,-4.331978180388036e-14,3.5161532599333996e-17
382.54,-4.3314688269006967e-14,3.5291136307823444e-17
382.55,-4.330849092406929e-14,3.517889155319338e-17
382.56,-4.330344792877724e-14,3.5198588251682703e-17
382.57,-4.3296588330268607e-14,3.508616478733873e-17
382.58,-4.329244411137981e-14,3.5154072998747455e-17
382.59,-4.328712382471265e-14,3.517209628510376e-17
382.6,-4.328135839697863e-14,3.5198524151486165e-17
382.61,-4.327627773966395e-14,3.5140545457827275e-17
382.62,-4.327119507629467e-14,3.5143344994834075e-17
382.63,-4.326545595245168e-14,3.513844636376137e-17
382.64,-4.3260293124027653e-14,3.527698454865239e-17
382.65,-4.325487211468356e-14,3.5128935624685316e-17
382.66,-4.3248979117326865e-14,3.5072958454756067e-17
382.67,-4.324398496820898e-14,3.521699018838021e-17
382.68,-4.3238117307969756e-14,3.5055440887208334e-17
382.69,-4.323278391844037e-14,3.514749435718376e-17
382.7,-4.322729089762328e-14,3.491681691003785e-17
382.71,-4.3222587649851755e-14,3.519419382333852e-17
382.72,-4.3216206077371256e-14,3.490977560365352e-17
382.73,-4.3211182699541115e-14,3.4976675456604215e-17
382.74,-4.3205724508972406e-14,3.492894089903446e-17
382.75,-4.3200368497106226e-14,3.499349715393809e-17
382.76,-4.319488887044515e-14,3.493358679971976e-17
382.77,-4.318942371176819e-14,3.4889168509161616e-17
382.78,-4.318307564524357e-14,3.522625572046474e-17
382.79,-4.3178635931270044e-14,3.507616797714599e-17
382.8,-4.3173539660614116e-14,3.497436716685839e-17
382.81,-4.316798486129252e-14,3.4950292215187806e-17
382.82,-4.31625049096553e-14,3.494162112445442e-17
382.83,-4.3156913593929415e-14,3.4775852130142296e-17
382.84,-4.315160752771245e-14,3.4827437372153605e-17
382.85,-4.314610483268057e-14,3.485945599056553e-17
382.86,-4.3140380644763294e-14,3.478894915435344e-17
382.87,-4.3133823067675936e-14,3.439618121732562e-17
382.88,-4.3129764584147505e-14,3.481132483982868e-17
382.89,-4.312494542211137e-14,3.5227507779707977e-17
382.9,-4.311929832118715e-14,3.491242061568823e-17
382.91,-4.3113750204860726e-14,3.4807765990134316e-17
382.92,-4.310842101397787e-14,3.467893351911304e-17
382.93,-4.3102975045090275e-14,3.4705537596626213e-17
382.94,-4.3097723096598435e-14,3.4866261952246044e-17
382.95,-4.309187174393347e-14,3.472487394601704e-17
382.96,-4.308632214702137e-14,3.4174545441248106e-17
382.97,-4.308120452685975e-14,3.476672103365261e-17
382.98,-4.3076596661604065e-14,3.532936221171712e-17
382.99,-4.307080907143684e-14,3.4867148077605264e-17
383.0,-4.306520142954352e-14,3.475138152995834e-17
383.01,-4.306028302389373e-14,3.537466404663852e-17
383.02,-4.305390663006833e-14,3.4198845152906066e-17
383.03,-4.3049086240182186e-14,3.476303421921847e-17
383.04,-4.3043755554375413e-14,3.465372973505717e-17
383.05,-4.3038458945217294e-14,3.4410166409180626e-17
383.06,-4.3032810560535037e-14,3.4673125547014095e-17
383.07,-4.302903666278843e-14,3.471906557106946e-17
383.08,-4.30220950265518e-14,3.468498607563121e-17
383.09,-4.301671812257689e-14,3.465132758388142e-17
383.1,-4.301131564519877e-14,3.478447556493442e-17
383.11,-4.3004933779310704e-14,3.480450218941905e-17
383.12,-4.3000511344454924e-14,3.4696940542232656e-17
383.13,-4.299502155613958e-14,3.4623130266315337e-17
383.14,-4.299024876340538e-14,3.4674286112353075e-17
383.15,-4.29842486875492e-14,3.4597213467018017e-17
383.16,-4.2979364362059146e-14,3.430139084580334e-17
383.17,-4.297345231910683e-14,3.4633142820254327e-17
383.18,-4.2968467546600747e-14,3.4697093277161286e-17
383.19,-4.296296053924133e-14,3.463963503314302e-17
383.2,-4.2957506167640113e-14,3.464070285061261e-17
383.21,-4.2951988289229973e-14,3.4621567659083894e-17
383.22,-4.294700309196318e-14,3.467837129670114e-17
383.23,-4.2941633555810196e-14,3.481260694381334e-17
383.24,-4.293598422431594e-14,3.4633623987939464e-17
383.25,-4.293070330223826e-14,3.433382622482799e-17
383.26,-4.2925648245204306e-14,3.480792326856372e-17
383.27,-4.2919927571604234e-14,3.4598466782332796e-17
383.28,-4.291431233058936e-14,3.457683539737728e-17
383.29,-4.290925585090918e-14,3.468191703354052e-17
383.3,-4.2903610286366794e-14,3.453616494847824e-17
383.31,-4.2898493121415954e-14,3.449374600376572e-17
383.32,-4.2893028721555133e-14,3.452304345410834e-17
383.33,-4.288688863329454e-14,3.430672700525786e-17
383.34,-4.288202780725288e-14,3.4329718356678424e-17
383.35,-4.287689488526325e-14,3.447989454028239e-17
383.36,-4.287128817074653e-14,3.441969904663497e-17
383.37,-4.286588586023832e-14,3.439429768296081e-17
383.38,-4.2860970571405826e-14,3.455419380494111e-17
383.39,-4.2855535829399504e-14,3.4414856629009247e-17
383.4,-4.2849946882949714e-14,3.444648365457994e-17
383.41,-4.284499302077369e-14,3.4574432895486235e-17
383.42,-4.283920760396752e-14,3.444066178183312e-17
383.43,-4.283416375243252e-14,3.447977106427703e-17
383.44,-4.282876396528475e-14,3.451339502794862e-17
383.45,-4.2823384194955913e-14,3.4485023397511436e-17
383.46,-4.281895946649534e-14,3.478050646313427e-17
383.47,-4.281260988853132e-14,3.454078975727244e-17
383.48,-4.2807282930515534e-14,3.4492702961750974e-17
383.49,-4.280164574060923e-14,3.4332697447143234e-17
383.5,-4.279645502839184e-14,3.449369884993711e-17
383.51,-4.279111069102351e-14,3.414626833595375e-17
383.52,-4.2785959766749495e-14,3.439821649345234e-17
383.53,-4.2780501040050594e-14,3.440716056956593e-17
383.54,-4.277484282616873e-14,3.4373496673851726e-17
383.55,-4.27698409041829e-14,3.447778128161059e-17
383.56,-4.2764320318465594e-14,3.444594741090282e-17
383.57,-4.275895559142117e-14,3.4405698774549135e-17
383.58,-4.27538792749453e-14,3.448862408817172e-17
383.59,-4.274854399460494e-14,3.44584853866491e-17
383.6,-4.2743165474573925e-14,3.4440523095526835e-17
383.61,-4.2737570938878115e-14,3.4229159663895655e-17
383.62,-4.273243537729792e-14,3.435877837592988e-17
383.63,-4.2727052520003785e-14,3.454861395575998e-17
383.64,-4.27220573828975e-14,3.4444097518349195e-17
383.65,-4.271605675127395e-14,3.428481063674672e-17
383.66,-4.2710974149525514e-14,3.4471615787396916e-17
383.67,-4.270608031471715e-14,3.462633199674362e-17
383.68,-4.2700819883431956e-14,3.4479692954821454e-17
383.69,-4.269678369382021e-14,3.485618159809055e-17
383.7,-4.2689796838057747e-14,3.439163631474461e-17
383.71,-4.268408252620296e-14,3.4305486120851664e-17
383.72,-4.267996174318404e-14,3.4694016485105276e-17
383.73,-4.267370608773893e-14,3.43779639972629e-17
383.74,-4.266829861246046e-14,3.4331604985868687e-17
383.75,-4.266304751890507e-14,3.4368312648475776e-17
383.76,-4.2657972562208846e-14,3.453896926951015e-17
383.77,-4.2652127924170836e-14,3.4451987371160147e-17
383.78,-4.26470796531066e-14,3.4425991205940775e-17
383.79,-4.264177051290857e-14,3.435537428909895e-17
383.8,-4.263624449787028e-14,3.433978416457501e-17
383.81,-4.263110175260436e-14,3.43864939849931e-17
383.82,-4.262593460934066e-14,3.4441834489504135e-17
383.83,-4.262045397182861e-14,3.436687800598411e-17
383.84,-4.261488331144072e-14,3.430097845043745e-17
383.85,-4.2610212546540115e-14,3.45390977255673e-17
383.86,-4.2604500512549543e-14,3.462061426748009e-17
383.87,-4.2598622561379016e-14,3.4146665762727904e-17
383.88,-4.259364866462725e-14,3.4213434598241316e-17
383.89,-4.258832383352091e-14,3.42719582521161e-17
383.9,-4.258319283777432e-14,3.4313667202162104e-17
383.91,-4.257785859292196e-14,3.437930406932418e-17
383.92,-4.257233719122524e-14,3.420198857033503e-17
383.93,-4.256700324271572e-14,3.4291112311442795e-17
383.94,-4.2562017078846774e-14,3.4434173153770743e-17
383.95,-4.255590356790182e-14,3.437537698832369e-17
383.96,-4.2549869640155996e-14,3.3898050393643034e-17
383.97,-4.254604287743558e-14,3.439732184270998e-17
383.98,-4.2540552990565037e-14,3.432072469621608e-17
383.99,-4.253535181230567e-14,3.4332324113350925e-17
384.0,-4.2529977955572686e-14,3.4318103575738905e-17
384.01,-4.2524682169343755e-14,3.428137567275216e-17
384.02,-4.251926692992126e-14,3.425982195688335e-17
384.03,-4.251397942271853e-14,3.422213951470077e-17
384.04,-4.2510015909147335e-14,3.468829301050919e-17
384.05,-4.2503650386600164e-14,3.416792860555192e-17
384.06,-4.2497966365668933e-14,3.4189596129058655e-17
384.07,-4.249297671057146e-14,3.43415243995558e-17
384.08,-4.248797973523812e-14,3.448828562705117e-17
384.09,-4.2482083365625427e-14,3.4222331486363155e-17
384.1,-4.247683397519982e-14,3.430870387320239e-17
384.11,-4.2471557639250094e-14,3.435411729364334e-17
384.12,-4.246601626527396e-14,3.4297170377508575e-17
384.13,-4.2461202314955494e-14,3.442233582936712e-17
384.14,-4.2456383281823554e-14,3.420454476345945e-17
384.15,-4.2450439565061244e-14,3.4170370281840487e-17
384.16,-4.244496740914769e-14,3.429821262001358e-17
384.17,-4.243996558040237e-14,3.43575311061094e-17
384.18,-4.24344105922622e-14,3.4182990054160625e-17
384.19,-4.2428869826101985e-14,3.4273851471436224e-17
384.2,-4.2423881790775186e-14,3.431955622372181e-17
384.21,-4.24187619608808e-14,3.4299950833312934e-17
384.22,-4.2413180197674666e-14,3.433841811167256e-17
384.23,-4.24087974092318e-14,3.4429367367725057e-17
384.24,-4.240260881023401e-14,3.422663777267493e-17
384.25,-4.2397205092764015e-14,3.425611047823852e-17
384.26,-4.239220076611277e-14,3.434806706074561e-17
384.27,-4.2386891166031145e-14,3.4310993340108665e-17
384.28,-4.2380956729783083e-14,3.4074641569718965e-17
384.29,-4.2376127748732026e-14,3.434512135906091e-17
384.3,-4.237075907527402e-14,3.43267180740053e-17
384.31,-4.2365553081737955e-14,3.4080406100252714e-17
384.32,-4.2360567168535665e-14,3.4277365776339365e-17
384.33,-4.2355149756004354e-14,3.407020826753394e-17
384.34,-4.234998322748031e-14,3.432672699789264e-17
384.35,-4.234468325901158e-14,3.435601097347476e-17
384.36,-4.233884330169301e-14,3.4128435414472996e-17
384.37,-4.2334177652660536e-14,3.429583790454186e-17
384.38,-4.232851862133848e-14,3.42876023509858e-17
384.39,-4.232393907665572e-14,3.461562794547331e-17
384.4,-4.231802720059201e-14,3.4230160545298566e-17
384.41,-4.231241592257737e-14,3.424001171017219e-17
384.42,-4.2307661821905137e-14,3.428135846690231e-17
384.43,-4.230295157138932e-14,3.452197934310957e-17
384.44,-4.2297095070089635e-14,3.432587338386705e-17
384.45,-4.229180113756531e-14,3.4297475317606706e-17
384.46,-4.22863416510557e-14,3.4287209266024797e-17
384.47,-4.2281234291326303e-14,3.4329857307337675e-17
384.48,-4.227614509228651e-14,3.437608837821568e-17
384.49,-4.227040000093704e-14,3.442918232644166e-17
384.5,-4.2265533229423624e-14,3.431390613669493e-17
384.51,-4.226021493782935e-14,3.435925943144932e-17
384.52,-4.2254983249104454e-14,3.4319067952735566e-17
384.53,-4.224968664664152e-14,3.433494285017531e-17
384.54,-4.224462249280191e-14,3.4069832412119765e-17
384.55,-4.223894894521869e-14,3.425370983155763e-17
384.56,-4.223375955596309e-14,3.4304584121149514e-17
384.57,-4.222943820140167e-14,3.444681711952159e-17
384.58,-4.222312351833902e-14,3.431132689957493e-17
384.59,-4.221772470805208e-14,3.4099269696229046e-17
384.6,-4.221274982906895e-14,3.436589411742154e-17
384.61,-4.220691088036753e-14,3.4171472078408255e-17
384.62,-4.220251805263e-14,3.43974443437163e-17
384.63,-4.219686930519335e-14,3.440141736762978e-17
384.64,-4.219156964549994e-14,3.4348383299036725e-17
384.65,-4.218636506102523e-14,3.43738627195065e-17
384.66,-4.2180990146891437e-14,3.4360034915087e-17
384.67,-4.217625877650549e-14,3.4522451745808774e-17
384.68,-4.217095587556774e-14,3.449462074351643e-17
384.69,-4.216545153459267e-14,3.437112511600246e-17
384.7,-4.215983971977509e-14,3.4323914127122364e-17
384.71,-4.215509055307456e-14,3.4366262696020064e-17
384.72,-4.2149635615394114e-14,3.438449708428077e-17
384.73,-4.214418549596116e-14,3.428533804250388e-17
384.74,-4.213869107140902e-14,3.412245340919312e-17
384.75,-4.2133661299594184e-14,3.4132931821515614e-17
384.76,-4.212853732640755e-14,3.443541793527678e-17
384.77,-4.212386289726337e-14,3.4478831315813934e-17
384.78,-4.2118188917070195e-14,3.4314522114913786e-17
384.79,-4.211276892798967e-14,3.4365791846526187e-17
384.8,-4.2107808396121834e-14,3.444463171776693e-17
384.81,-4.21023973556958e-14,3.4370709129754355e-17
384.82,-4.209691404792522e-14,3.427404771796779e-17
384.83,-4.209162328679346e-14,3.4305269408292535e-17
384.84,-4.208883560266386e-14,3.423824382917668e-17
384.85,-4.2081202951553894e-14,3.4346373603535535e-17
384.86,-4.207672866084111e-14,3.434848230396178e-17
384.87,-4.207077987059498e-14,3.435805598984974e-17
384.88,-4.206555147678528e-14,3.436697751907771e-17
384.89,-4.206090135367669e-14,3.497499497059384e-17
384.9,-4.2055276679352394e-14,3.45113542251598e-17
384.91,-4.2049809398601777e-14,3.4382652446137287e-17
384.92,-4.204452360892013e-14,3.434404242428528e-17
384.93,-4.203873449193516e-14,3.3073672716004024e-17
384.94,-4.203414808545156e-14,3.4399865993819573e-17
384.95,-4.202750473856554e-14,3.4021082060638217e-17
384.96,-4.202349542215908e-14,3.43080127338271e-17
384.97,-4.2018480046353634e-14,3.437966053402704e-17
384.98,-4.2012719076252935e-14,3.429081092299522e-17
384.99,-4.200830614214296e-14,3.4567016792152793e-17
385.0,-4.200272647748652e-14,3.435319019436434e-17
385.01,-4.1997333595689763e-14,3.428970295547082e-17
385.02,-4.199176966380207e-14,3.3875366281454156e-17
385.03,-4.1987011249321e-14,3.436588420260553e-17
385.04,-4.198175499907232e-14,3.427801959178788e-17
385.05,-4.197667943794832e-14,3.436611430132479e-17
385.06,-4.1971379732265923e-14,3.439263075952142e-17
385.07,-4.196605740236282e-14,3.4287769971830035e-17
385.08,-4.1960290047178934e-14,3.408888322186587e-17
385.09,-4.1955747112947976e-14,3.440023334122839e-17
385.1,-4.1950416993393954e-14,3.4335441464629585e-17
385.11,-4.194490226009189e-14,3.4130761888095644e-17
385.12,-4.193994766997324e-14,3.44077899497429e-17
385.13,-4.193482991969374e-14,3.4875329649706465e-17
385.14,-4.1929305142162186e-14,3.4401420371353515e-17
385.15,-4.1924178851298386e-14,3.4365216591302436e-17
385.16,-4.191899053840143e-14,3.4331941015350067e-17
385.17,-4.191350938618053e-14,3.417030328969096e-17
385.18,-4.190867376957691e-14,3.440255122805323e-17
385.19,-4.190353048446563e-14,3.437633546134969e-17
385.2,-4.189819875443002e-14,3.4251884696027865e-17
385.21,-4.189316804200757e-14,3.4450011648174653e-17
385.22,-4.1883464491986396e-14,3.435301662452517e-17
385.23,-4.18825945272304e-14,3.446964807188392e-17
385.24,-4.187730956866935e-14,3.435836816384566e-17
385.25,-4.1871992848487585e-14,3.435216977769854e-17
385.26,-4.186659634972667e-14,3.4253809724856095e-17
385.27,-4.186148609174984e-14,3.430222246495127e-17
385.28,-4.1856190205695546e-14,3.430791628185659e-17
385.29,-4.185169689762588e-14,3.439790859017864e-17
385.3,-4.1845767332869e-14,3.431934235427356e-17
385.31,-4.184057617979143e-14,3.414129085028714e-17
385.32,-4.183543146742769e-14,3.441895115997243e-17
385.33,-4.183017258183693e-14,3.4350910378052753e-17
385.34,-4.182515300348824e-14,3.439280198125327e-17
385.35,-4.1820082755679285e-14,3.435100972052811e-17
385.36,-4.1815128476022385e-14,3.45500020521189e-17
385.37,-4.180956585744023e-14,3.4384032340181876e-17
385.38,-4.1804563402635466e-14,3.4327878731235897e-17
385.39,-4.179908538633262e-14,3.44671740151217e-17
385.4,-4.179326026126811e-14,3.42763991402307e-17
385.41,-4.178867970741106e-14,3.441852143842869e-17
385.42,-4.1783542332876917e-14,3.4372344311353674e-17
385.43,-4.17767677109419e-14,3.4386777117551356e-17
385.44,-4.1773072768045855e-14,3.4407958659594974e-17
385.45,-4.1767387526938213e-14,3.4385757736706844e-17
385.46,-4.176287994029334e-14,3.4359906577778045e-17
385.47,-4.175793549410179e-14,3.4336591572228434e-17
385.48,-4.175261039776939e-14,3.452813329478807e-17
385.49,-4.1747999904146426e-14,3.4597548397749467e-17
385.5,-4.174190168427855e-14,3.4425451475911446e-17
385.51,-4.173667280349874e-14,3.439825158420214e-17
385.52,-4.1731483474894764e-14,3.441006469332118e-17
385.53,-4.172580814651569e-14,3.4379555279418733e-17
385.54,-4.172094564257648e-14,3.440140635037764e-17
385.55,-4.171599087717206e-14,3.43518660911706e-17
385.56,-4.171075218149956e-14,3.4347931310231727e-17
385.57,-4.170533418913793e-14,3.433969594743635e-17
385.58,-4.170032016599567e-14,3.441033431833811e-17
385.59,-4.169517653791618e-14,3.440655728910997e-17
385.6,-4.1689804237047843e-14,3.426358915199686e-17
385.61,-4.168472279591187e-14,3.457778965602721e-17
385.62,-4.167956877992566e-14,3.434397436886547e-17
385.63,-4.167437844410423e-14,3.422983344556295e-17
385.64,-4.1669282794166977e-14,3.4318632023899834e-17
385.65,-4.166471773754019e-14,3.444043903859031e-17
385.66,-4.165865082519625e-14,3.4228860173707744e-17
385.67,-4.1653354772130913e-14,3.426563743335477e-17
385.68,-4.16484732921554e-14,3.4455739897712005e-17
385.69,-4.164263636979002e-14,3.44108388347883e-17
385.7,-4.163799923446981e-14,3.4331935019027e-17
385.71,-4.163266030495114e-14,3.432728786273094e-17
385.72,-4.162741576170995e-14,3.45161626461779e-17
385.73,-4.16225366092812e-14,3.4402008924926927e-17
385.74,-4.1616478315303135e-14,3.413512107718896e-17
385.75,-4.161216439353773e-14,3.4372960369352356e-17
385.76,-4.160619171015492e-14,3.422424604250899e-17
385.77,-4.160177564310079e-14,3.437820724411931e-17
385.78,-4.159637986199445e-14,3.437280982349799e-17
385.79,-4.159092423872169e-14,3.434567977942418e-17
385.8,-4.158624941259492e-14,3.430924319498544e-17
385.81,-4.1581030417863e-14,3.4374687461264525e-17
385.82,-4.1575826200377604e-14,3.4267021043151494e-17
385.83,-4.157088895406445e-14,3.4285749109785746e-17
385.84,-4.1565287410127374e-14,3.4178341362892754e-17
385.85,-4.156029469211112e-14,3.427172512123673e-17
385.86,-4.1555342021191045e-14,3.442065867975974e-17
385.87,-4.154995564905132e-14,3.434378073749302e-17
385.88,-4.1544848627225575e-14,3.429991778129323e-17
385.89,-4.1539647685794864e-14,3.427478860401614e-17
385.9,-4.153453483135691e-14,3.434180507927926e-17
385.91,-4.1529139714769686e-14,3.4248961140354883e-17
385.92,-4.152451310453325e-14,3.426938024579086e-17
385.93,-4.1518792158149956e-14,3.427690860256954e-17
385.94,-4.1513699939837524e-14,3.426707724606648e-17
385.95,-4.150864558742283e-14,3.439176853138067e-17
385.96,-4.1503526751168054e-14,3.4374281393650274e-17
385.97,-4.149825873184372e-14,3.4325765035881437e-17
385.98,-4.149323502768827e-14,3.433659772001469e-17
385.99,-4.148779326848263e-14,3.4306561161423745e-17
386.0,-4.1482861326417004e-14,3.4325541274919207e-17
386.01,-4.147814352158759e-14,3.452371792568685e-17
386.02,-4.147288563621103e-14,3.436960299005693e-17
386.03,-4.1467877253538515e-14,3.4440922308526614e-17
386.04,-4.146239489043247e-14,3.438012436974174e-17
386.05,-4.145668389640224e-14,3.430952024242279e-17
386.06,-4.145222609731088e-14,3.4341611466535256e-17
386.07,-4.1446750135287563e-14,3.4198185711794735e-17
386.08,-4.144150636211235e-14,3.4207340091224526e-17
386.09,-4.143650801342479e-14,3.426659002485641e-17
386.1,-4.143187439148557e-14,3.4453096267606125e-17
386.11,-4.1427414396369364e-14,3.470216817478936e-17
386.12,-4.1421202160768786e-14,3.447695632289355e-17
386.13,-4.1415779417523066e-14,3.437692435602794e-17
386.14,-4.141061871062269e-14,3.4318199977682465e-17
386.15,-4.140574741284779e-14,3.423996473433423e-17
386.16,-4.1400244370624094e-14,3.426982827390912e-17
386.17,-4.139526287815484e-14,3.427447214139362e-17
386.18,-4.139023240794896e-14,3.427077662911498e-17
386.19,-4.13856443910912e-14,3.449110413605683e-17
386.2,-4.137956334897646e-14,3.4271027908720674e-17
386.21,-4.1374482647482704e-14,3.4180176041985854e-17
386.22,-4.137148624650639e-14,3.465606460577015e-17
386.23,-4.136428097594812e-14,3.421381770782736e-17
386.24,-4.135926798644439e-14,3.4273156329246235e-17
386.25,-4.135427139297627e-14,3.4469959118430235e-17
386.26,-4.134907712783343e-14,3.432421784234998e-17
386.27,-4.134383485914017e-14,3.4362755891737374e-17
386.28,-4.1338950454837126e-14,3.4373367530582186e-17
386.29,-4.13336042558573e-14,3.415902355507149e-17
386.3,-4.132829960603957e-14,3.429876475501647e-17
386.31,-4.1323318259997375e-14,3.426591164248646e-17
386.32,-4.131792214810597e-14,3.417670148033939e-17
386.33,-4.131295421900865e-14,3.417125903414148e-17
386.34,-4.1307536304639835e-14,3.4036555571801906e-17
386.35,-4.1302386000424e-14,3.415969324222994e-17
386.36,-4.129746795948849e-14,3.409510864152662e-17
386.37,-4.129235064486004e-14,3.412250912237054e-17
386.38,-4.128783772919693e-14,3.431027544881884e-17
386.39,-4.128191314963263e-14,3.400862516331567e-17
386.4,-4.1277031213893715e-14,3.4156339733177785e-17
386.41,-4.1271732150264176e-14,3.4209753138797825e-17
386.42,-4.126673211231628e-14,3.4206420269287774e-17
386.43,-4.126154406942804e-14,3.405154059028096e-17
386.44,-4.125631380335641e-14,3.411884420025879e-17
386.45,-4.12516673609987e-14,3.4190241817233275e-17
386.46,-4.1246393808992156e-14,3.416931433682068e-17
386.47,-4.1240650985276226e-14,3.4056050705696805e-17
386.48,-4.123586211280376e-14,3.4040858389205085e-17
386.49,-4.1230781685755185e-14,3.4114611533285846e-17
386.5,-4.122559036869834e-14,3.4186233722844087e-17
386.51,-4.1220564573333995e-14,3.412826230547425e-17
386.52,-4.1215405530604916e-14,3.40455561783754e-17
386.53,-4.1210124544498654e-14,3.4082764079469716e-17
386.54,-4.1205362418176104e-14,3.418603089460825e-17
386.55,-4.120051930686029e-14,3.429966041235384e-17
386.56,-4.119503388005898e-14,3.4022017335111674e-17
386.57,-4.118988035931461e-14,3.4069954223544e-17
386.58,-4.118473305181545e-14,3.3989360108129253e-17
386.59,-4.117942834297277e-14,3.39975468245813e-17
386.6,-4.1174504944072494e-14,3.403698573937545e-17
386.61,-4.116878341166896e-14,3.3878353849118255e-17
386.62,-4.1164087638202124e-14,3.4017492784549423e-17
386.63,-4.1159274051848454e-14,3.3902208584697195e-17
386.64,-4.115392330155785e-14,3.408551858365918e-17
386.65,-4.1148839723616575e-14,3.393735109080449e-17
386.66,-4.1144032821609054e-14,3.3942572352560044e-17
386.67,-4.113847831394829e-14,3.3981549483797876e-17
386.68,-4.113355244597473e-14,3.4052113955012384e-17
386.69,-4.112840596894779e-14,3.403010789975494e-17
386.7,-4.112385642607306e-14,3.4198510159772575e-17
386.71,-4.1118292524575163e-14,3.405150832552756e-17
386.72,-4.1114766683693315e-14,3.4374317614087724e-17
386.73,-4.110807298371121e-14,3.40670515121287e-17
386.74,-4.1102984368323854e-14,3.399998746281054e-17
386.75,-4.109792039376808e-14,3.394200672884176e-17
386.76,-4.109256387592071e-14,3.3840161016794283e-17
386.77,-4.108745789137349e-14,3.3978576333902405e-17
386.78,-4.1082107624521526e-14,3.386317724161721e-17
386.79,-4.107745175129333e-14,3.397467560789205e-17
386.8,-4.1072174704979e-14,3.3936816455362344e-17
386.81,-4.1067197534910325e-14,3.461776041923548e-17
386.82,-4.106183807929331e-14,3.3785601507838244e-17
386.83,-4.105738487108457e-14,3.373897646520562e-17
386.84,-4.1051790021651485e-14,3.380795908987473e-17
386.85,-4.1046783491081663e-14,3.393579531198919e-17
386.86,-4.104059565053413e-14,3.357015091500435e-17
386.87,-4.103628471318626e-14,3.3817445532438215e-17
386.88,-4.103137019561882e-14,3.379709469852533e-17
386.89,-4.1026419918204216e-14,3.3999026197490516e-17
386.9,-4.102041873147841e-14,3.37927844955637e-17
386.91,-4.101601896193943e-14,3.3814300238208516e-17
386.92,-4.101090426677333e-14,3.324857005413842e-17
386.93,-4.100591206795052e-14,3.365124477390277e-17
386.94,-4.10009287277504e-14,3.382819525779244e-17
386.95,-4.099586502879432e-14,3.3599912087316166e-17
386.96,-4.099101361010599e-14,3.443639749361139e-17
386.97,-4.0985520862129596e-14,3.3727634347499035e-17
386.98,-4.0980514161341216e-14,3.3790557333412854e-17
386.99,-4.0974846467741196e-14,3.3651349021126174e-17
387.0,-4.0970319538390885e-14,3.3762198135990654e-17
387.01,-4.096359761248022e-14,3.320811218925817e-17
387.02,-4.096025239462081e-14,3.37634793531817e-17
387.03,-4.095517203549311e-14,3.3792058346666595e-17
387.04,-4.095012045679508e-14,3.372998927717814e-17
387.05,-4.094562359636552e-14,3.379157077500453e-17
387.06,-4.0939798543365106e-14,3.372977542695078e-17
387.07,-4.093477333347097e-14,3.3657836330583315e-17
387.08,-4.092997592302772e-14,3.3656938807240497e-17
387.09,-4.09248391924953e-14,3.376744065735926e-17
387.1,-4.091851827156892e-14,3.359804203626911e-17
387.11,-4.091446021609851e-14,3.3659724471904143e-17
387.12,-4.090927816841239e-14,3.361441697840746e-17
387.13,-4.0904367562594794e-14,3.3639359178621275e-17
387.14,-4.089951777691057e-14,3.363356649094213e-17
387.15,-4.0893939974700815e-14,3.344375331081308e-17
387.16,-4.088901253003322e-14,3.358199054051629e-17
387.17,-4.088407025561923e-14,3.3441679103051217e-17
387.18,-4.087907816712744e-14,3.3621045117036034e-17
387.19,-4.0873453757798393e-14,3.388562724009451e-17
387.2,-4.086855637894041e-14,3.3598891882409206e-17
387.21,-4.0863750622916165e-14,3.3569838322822576e-17
387.22,-4.085871512808553e-14,3.360410440623288e-17
387.23,-4.08536647892682e-14,3.358078347926899e-17
387.24,-4.084865468984644e-14,3.3577383513671834e-17
387.25,-4.0843322335337905e-14,3.349010175888395e-17
387.26,-4.083806971290978e-14,3.3414085059029477e-17
387.27,-4.083349573316554e-14,3.368971988115183e-17
387.28,-4.0828455476691323e-14,3.377933534839702e-17
387.29,-4.082332215161279e-14,3.3520014702052306e-17
387.3,-4.081823745831816e-14,3.3600290472382855e-17
387.31,-4.081293481097548e-14,3.349590048652809e-17
387.32,-4.080823731186356e-14,3.372523995208121e-17
387.33,-4.080274392298394e-14,3.344352130251226e-17
387.34,-4.079777569575651e-14,3.349848212270391e-17
387.35,-4.079291037035176e-14,3.34456773861012e-17
387.36,-4.078740413547359e-14,3.316868838602752e-17
387.37,-4.078239002588054e-14,3.3298915875558584e-17
387.38,-4.077758428247993e-14,3.3349954919186843e-17
387.39,-4.077230674645832e-14,3.3337731434211124e-17
387.4,-4.076742979049518e-14,3.3209707745295816e-17
387.41,-4.0762615520812e-14,3.339072103200019e-17
387.42,-4.0757114851746496e-14,3.320703038583158e-17
387.43,-4.075257068187502e-14,3.344712892743519e-17
387.44,-4.074751416653173e-14,3.3336529750927386e-17
387.45,-4.074281369779025e-14,3.379458042404025e-17
387.46,-4.0736958191496695e-14,3.333703121112554e-17
387.47,-4.073209002027224e-14,3.331423498194653e-17
387.48,-4.07270698157867e-14,3.3299044333327183e-17
387.49,-4.0722013701409994e-14,3.3326356025671945e-17
387.5,-4.0717199094994846e-14,3.3338452394852155e-17
387.51,-4.071186095931339e-14,3.329853558334587e-17
387.52,-4.070690090410713e-14,3.331958510036982e-17
387.53,-4.0701737891286904e-14,3.321820076310578e-17
387.54,-4.069663320930034e-14,3.3166370798837825e-17
387.55,-4.069135058848576e-14,3.320978167855379e-17
387.56,-4.068675594500796e-14,3.3248486629187163e-17
387.57,-4.068127108348886e-14,3.2918720682747937e-17
387.58,-4.067658587325268e-14,3.319240772918027e-17
387.59,-4.06714072077953e-14,3.31122109002009e-17
387.6,-4.066601932349553e-14,3.281822510291923e-17
387.61,-4.066174627100773e-14,3.3309421304280236e-17
387.62,-4.0656604909039793e-14,3.3259427014641805e-17
387.63,-4.065162864609622e-14,3.3108006412095575e-17
387.64,-4.0646227544891723e-14,3.314457982710385e-17
387.65,-4.064141343686775e-14,3.3227313940334895e-17
387.66,-4.06361159320623e-14,3.308752644333875e-17
387.67,-4.06311944842096e-14,3.302998224932446e-17
387.68,-4.062631666437521e-14,3.315551962855961e-17
387.69,-4.06208944549013e-14,3.3094124750235416e-17
387.7,-4.061607338187548e-14,3.294306290941921e-17
387.71,-4.061231343322548e-14,3.328071917576318e-17
387.72,-4.0606035520385997e-14,3.3113535355953024e-17
387.73,-4.0601011009902924e-14,3.3053344257305316e-17
387.74,-4.0596060671914625e-14,3.325274056814825e-17
387.75,-4.0591005830205764e-14,3.307800804250279e-17
387.76,-4.058601891877244e-14,3.302732442143692e-17
387.77,-4.058096128585698e-14,3.3073967251548573e-17
387.78,-4.0576129785657504e-14,3.320563417668025e-17
387.79,-4.057070848911656e-14,3.2988385786731365e-17
387.8,-4.056520765133172e-14,3.27347255540962e-17
387.81,-4.0561303541843014e-14,3.323495062778723e-17
387.82,-4.055589615321465e-14,3.3065817124285305e-17
387.83,-4.0550878358175006e-14,3.295055006419469e-17
387.84,-4.054573068925426e-14,3.301394192116794e-17
387.85,-4.0540752518430584e-14,3.2987723483551565e-17
387.86,-4.053584526465914e-14,3.300118841560508e-17
387.87,-4.053058004933699e-14,3.29615131618872e-17
387.88,-4.0525492158233793e-14,3.289974574862219e-17
387.89,-4.0521124135762956e-14,3.275211503868255e-17
387.9,-4.051548457093778e-14,3.313404913239989e-17
387.91,-4.0510604770149946e-14,3.2882731892748913e-17
387.92,-4.050542314931949e-14,3.283444338643583e-17
387.93,-4.050046355262475e-14,3.2821021132114886e-17
387.94,-4.049559173884761e-14,3.2905765278397425e-17
387.95,-4.049061999895051e-14,3.2799483235427706e-17
387.96,-4.0485595406932577e-14,3.286137175078739e-17
387.97,-4.048042881502531e-14,3.281505730603828e-17
387.98,-4.0475007654889634e-14,3.25787133975163e-17
387.99,-4.047062410118673e-14,3.296603189036501e-17
388.0,-4.046533521388181e-14,3.274421416361676e-17
388.01,-4.0460503193846825e-14,3.268589500413873e-17
388.02,-4.0455404328399936e-14,3.273292009917079e-17
388.03,-4.04504524153128e-14,3.2784900339937456e-17
388.04,-4.04457575933577e-14,3.2815760257436044e-17
388.05,-4.044067661951535e-14,3.283591545751592e-17
388.06,-4.0435540073909884e-14,3.274454352108205e-17
388.07,-4.0430592231662004e-14,3.274378860905513e-17
388.08,-4.042416732288731e-14,3.24197968496686e-17
388.09,-4.042042685290325e-14,3.278849098307863e-17
388.1,-4.041533978683565e-14,3.261239342192101e-17
388.11,-4.0410484189243266e-14,3.267274777906243e-17
388.12,-4.0405339659040705e-14,3.2777765723012123e-17
388.13,-4.040074120672588e-14,3.261075794068655e-17
388.14,-4.0395380297903207e-14,3.268871278558131e-17
388.15,-4.0390790373729854e-14,3.273725182372874e-17
388.16,-4.038593264785938e-14,3.2752340945669523e-17
388.17,-4.037999117886665e-14,3.239994455385306e-17
388.18,-4.0375418680961645e-14,3.256874907798817e-17
388.19,-4.03708449780105e-14,3.2881871625006577e-17
388.2,-4.036532485044504e-14,3.2644064180529745e-17
388.21,-4.036029033644158e-14,3.2572005616895867e-17
388.22,-4.035562305072697e-14,3.290501931856257e-17
388.23,-4.0350613514754867e-14,3.2631678187727963e-17
388.24,-4.034543944416172e-14,3.235136121604649e-17
388.25,-4.0340164230421673e-14,3.2452571870647424e-17
388.26,-4.0335805258372936e-14,3.26046734359013e-17
388.27,-4.0330567935148624e-14,3.252701925406327e-17
388.28,-4.0325202895007015e-14,3.250414214630504e-17
388.29,-4.0320672009253456e-14,3.2462137812362644e-17
388.3,-4.0315605512789175e-14,3.253475089373065e-17
388.31,-4.0310677258937135e-14,3.2512301181526025e-17
388.32,-4.0305711570162683e-14,3.2469957178246275e-17
388.33,-4.0300271212087796e-14,3.2373754414642404e-17
388.34,-4.0296260529913975e-14,3.223856002567515e-17
388.35,-4.029047062634761e-14,3.2571103150099936e-17
388.36,-4.0285716712842027e-14,3.249962324194299e-17
388.37,-4.02802831470633e-14,3.239882404904698e-17
388.38,-4.027556451013921e-14,3.240946255815957e-17
388.39,-4.027069247796229e-14,3.241301643833414e-17
388.4,-4.0265731543046224e-14,3.239047827109951e-17
388.41,-4.026073465283611e-14,3.2414792267823006e-17
388.42,-4.02557465884426e-14,3.225773945419766e-17
388.43,-4.0250977040251634e-14,3.245673945834365e-17
388.44,-4.024553554503403e-14,3.223851196714855e-17
388.45,-4.024082235386319e-14,3.242189546413398e-17
388.46,-4.023577082745964e-14,3.237884410497797e-17
388.47,-4.023083997371779e-14,3.2268654450709e-17
388.48,-4.022601840591011e-14,3.236549076726455e-17
388.49,-4.0221106117807636e-14,3.2360087981910486e-17
388.5,-4.021603753783681e-14,3.236072885775527e-17
388.51,-4.0210401853669473e-14,3.2132153009051e-17
388.52,-4.020606728910652e-14,3.2287794682321855e-17
388.53,-4.020060409615715e-14,3.225367855240727e-17
388.54,-4.0196113258032566e-14,3.223120862562636e-17
388.55,-4.019153592255386e-14,3.236060999528842e-17
388.56,-4.0186090023102625e-14,3.2167186558555266e-17
388.57,-4.01813135387938e-14,3.2277120889460724e-17
388.58,-4.017624886013088e-14,3.2204627526283813e-17
388.59,-4.017137679173602e-14,3.230210113043493e-17
388.6,-4.016729140375612e-14,3.2444848684219045e-17
388.61,-4.0161095160493115e-14,3.2194115791269455e-17
388.62,-4.015581666088598e-14,3.191907897728854e-17
388.63,-4.015143223679864e-14,3.219620004483896e-17
388.64,-4.0146355799649453e-14,3.215856042401898e-17
388.65,-4.0141463676313793e-14,3.2052602602589306e-17
388.66,-4.013647869546124e-14,3.2200157467714666e-17
388.67,-4.013165724583355e-14,3.2140609145936054e-17
388.68,-4.012673418236349e-14,3.220632730742769e-17
388.69,-4.0122695145930436e-14,3.2345416779364695e-17
388.7,-4.011715353454533e-14,3.211577807138875e-17
388.71,-4.0111461775010673e-14,3.1886287224926047e-17
388.72,-4.010673412817448e-14,3.207039048684245e-17
388.73,-4.010198485358055e-14,3.2212545309670715e-17
388.74,-4.009685186947626e-14,3.198513783669805e-17
388.75,-4.009195773670208e-14,3.2052155669008175e-17
388.76,-4.008703426575036e-14,3.2076358863923876e-17
388.77,-4.008207743800418e-14,3.209050051067244e-17
388.78,-4.0073033642740695e-14,3.2187401334683434e-17
388.79,-4.007236432133722e-14,3.212137325422674e-17
388.8,-4.0066898851658995e-14,3.2166636973281495e-17
388.81,-4.006214386562129e-14,3.2043865618258844e-17
388.82,-4.0057412132897214e-14,3.209337776738533e-17
388.83,-4.005333765543826e-14,3.239977028310992e-17
388.84,-4.004700412868484e-14,3.176000962987211e-17
388.85,-4.00427473804058e-14,3.205496867597026e-17
388.86,-4.00377700556975e-14,3.210530690125799e-17
388.87,-4.003226686196428e-14,3.1819809772205785e-17
388.88,-4.002795555882985e-14,3.203194796195214e-17
388.89,-4.0022798695415696e-14,3.252519135572905e-17
388.9,-4.001806965275793e-14,3.212151411696889e-17
388.91,-4.001276871920604e-14,3.1964335119168436e-17
388.92,-4.000810283718908e-14,3.228194599617999e-17
388.93,-4.000215975670435e-14,3.171384438327751e-17
388.94,-3.9997891291435095e-14,3.196140902673385e-17
388.95,-3.999312116437064e-14,3.2037595828440436e-17
388.96,-3.9988604295640165e-14,3.197405198904929e-17
388.97,-3.998336440191476e-14,3.195041310688233e-17
388.98,-3.997870676577561e-14,3.248533331036098e-17
388.99,-3.9973056311566665e-14,3.188941363792948e-17
389.0,-3.9968482524457803e-14,3.190647616687102e-17
389.01,-3.9963522514036727e-14,3.197695352667423e-17
389.02,-3.995872152412162e-14,3.2080448924715275e-17
389.03,-3.995363695550048e-14,3.1854210603155334e-17
389.04,-3.994888161601233e-14,3.199540261377745e-17
389.05,-3.994465465842941e-14,3.225158148443307e-17
389.06,-3.9938477845772904e-14,3.195948332346327e-17
389.07,-3.993695370927246e-14,3.2701315333620614e-17
389.08,-3.9929031173259475e-14,3.1927550214283556e-17
389.09,-3.9924013390780026e-14,3.188799327313096e-17
389.1,-3.991917063933338e-14,3.1851061176435795e-17
389.11,-3.99144063603142e-14,3.202038081088721e-17
389.12,-3.990932981204198e-14,3.1819524451363163e-17
389.13,-3.990440991391484e-14,3.18296772016326e-17
389.14,-3.9899952278299994e-14,3.1929675935064964e-17
389.15,-3.989485028131385e-14,3.200231021890998e-17
389.16,-3.9893868973768834e-14,3.2689662955449164e-17
389.17,-3.988471910443919e-14,3.175879730914615e-17
389.18,-3.98799123238792e-14,3.1891816545038864e-17
389.19,-3.9875054432827623e-14,3.1848089051566315e-17
389.2,-3.987022297401571e-14,3.191336643766341e-17
389.21,-3.986481845783587e-14,3.171665702194905e-17
389.22,-3.9860352877597647e-14,3.1860430482989e-17
389.23,-3.9855114492357155e-14,3.177281475416937e-17
389.24,-3.985050659988996e-14,3.175553411717995e-17
389.25,-3.9845855199789876e-14,3.198359449866508e-17
389.26,-3.984088620876248e-14,3.181284163050741e-17
389.27,-3.983550422589095e-14,3.17292186172642e-17
389.28,-3.9830629416796173e-14,3.176940659303785e-17
389.29,-3.9825966936954495e-14,3.178031390382901e-17
389.3,-3.9821050898312725e-14,3.1783048114978855e-17
389.31,-3.981585391620907e-14,3.175142959925662e-17
389.32,-3.98105488743014e-14,3.163775229997578e-17
389.33,-3.9806099609871337e-14,3.168749495508044e-17
389.34,-3.9801300333036644e-14,3.183401716563015e-17
389.35,-3.9796369477334264e-14,3.176267058773563e-17
389.36,-3.979143924771239e-14,3.177413885236041e-17
389.37,-3.978657224633301e-14,3.193956453273982e-17
389.38,-3.978190399863084e-14,3.181939591262989e-17
389.39,-3.9776863351565914e-14,3.1689404871555263e-17
389.4,-3.977175143374894e-14,3.1680299313694796e-17
389.41,-3.976660941890395e-14,3.1696173328027123e-17
389.42,-3.9760202427393675e-14,3.1405611109658104e-17
389.43,-3.9756566815342757e-14,3.155447432369896e-17
389.44,-3.9752258143236243e-14,3.1677149315351465e-17
389.45,-3.974733750482812e-14,3.168996431088863e-17
389.46,-3.9742438037368435e-14,3.1652851813831755e-17
389.47,-3.9738180849875114e-14,3.182097870231505e-17
389.48,-3.973251452074478e-14,3.162556749136608e-17
389.49,-3.9727377116557673e-14,3.15452117054213e-17
389.5,-3.9722669726300265e-14,3.168469787215912e-17
389.51,-3.97181581921031e-14,3.1783568894534085e-17
389.52,-3.971298471968174e-14,3.1828404780496854e-17
389.53,-3.970800802037239e-14,3.155096945624935e-17
389.54,-3.970318646864482e-14,3.1685538728389457e-17
389.55,-3.9698354856739095e-14,3.1676485889461467e-17
389.56,-3.969378988216863e-14,3.168890559200578e-17
389.57,-3.968826057013733e-14,3.18050759430206e-17
389.58,-3.968355396274521e-14,3.1591907796862953e-17
389.59,-3.967865140514558e-14,3.1682486827113585e-17
389.6,-3.967409966005706e-14,3.195395887926718e-17
389.61,-3.96689879581522e-14,3.165104025983055e-17
389.62,-3.966410880763768e-14,3.160588804342174e-17
389.63,-3.9659526043040625e-14,3.156680003243938e-17
389.64,-3.965458605351423e-14,3.1675786858070624e-17
389.65,-3.9649575375035475e-14,3.16791527580098e-17
389.66,-3.964489562614252e-14,3.161834878808048e-17
389.67,-3.963966301380996e-14,3.166523318835563e-17
389.68,-3.963478560940691e-14,3.176501415366011e-17
389.69,-3.963008171578686e-14,3.1710527536084863e-17
389.7,-3.96253667059478e-14,3.172766977060516e-17
389.71,-3.9620276812171556e-14,3.147866589428902e-17
389.72,-3.961565504468557e-14,3.1617373232955524e-17
389.73,-3.961041597439595e-14,3.1641238090830693e-17
389.74,-3.960556653749282e-14,3.155729562177322e-17
389.75,-3.9600711370473486e-14,3.162205700931225e-17
389.76,-3.959562672793937e-14,3.158015227113958e-17
389.77,-3.959127227337581e-14,3.1613264806610455e-17
389.78,-3.958573676269159e-14,3.147005974868112e-17
389.79,-3.958106976883317e-14,3.158442960955094e-17
389.8,-3.957625321745819e-14,3.158128303410457e-17
389.81,-3.957139369291145e-14,3.155613037601759e-17
389.82,-3.9566696494133204e-14,3.1553097645071125e-17
389.83,-3.9561701170703884e-14,3.1534321335337126e-17
389.84,-3.955710326040598e-14,3.1606867132029564e-17
389.85,-3.955179865335011e-14,3.152456600420616e-17
389.86,-3.954885963659293e-14,3.1905718000722284e-17
389.87,-3.9540837907946964e-14,3.120915750441182e-17
389.88,-3.953740096213233e-14,3.155619966177138e-17
389.89,-3.953269320188378e-14,3.155396269855002e-17
389.9,-3.95275661063628e-14,3.149216998270403e-17
389.91,-3.9522630213688754e-14,3.148637334302704e-17
389.92,-3.951785183690785e-14,3.152865506906619e-17
389.93,-3.951329643147529e-14,3.159352137103023e-17
389.94,-3.95082401421501e-14,3.153834023712854e-17
389.95,-3.9503341258981565e-14,3.1416003505633034e-17
389.96,-3.9498293990366424e-14,3.13090525290688e-17
389.97,-3.949313992615949e-14,3.1406509643808724e-17
389.98,-3.94888618095899e-14,3.1472157940287075e-17
389.99,-3.94837832513473e-14,3.1469647619248e-17
390.0,-3.947901954478235e-14,3.147691124515998e-17
390.01,-3.947435781370781e-14,3.152906410841325e-17
390.02,-3.946940096120039e-14,3.152479554104372e-17
390.03,-3.9464419067650814e-14,3.151372054253019e-17
390.04,-3.9459607875614884e-14,3.1405629178867885e-17
390.05,-3.945548309492246e-14,3.1596015239520093e-17
390.06,-3.945007170137379e-14,3.1521485017784865e-17
390.07,-3.9445109070466523e-14,3.1419715922809884e-17
390.08,-3.94401827378239e-14,3.1477865021181443e-17
390.09,-3.9435183097447195e-14,3.136967016017347e-17
390.1,-3.9431014795423965e-14,3.1440250073392695e-17
390.11,-3.942577089077317e-14,3.1595436680937475e-17
390.12,-3.942051774853548e-14,3.134652647930592e-17
390.13,-3.941561873713785e-14,3.10750410199282e-17
390.14,-3.941194628637792e-14,3.1699694546392236e-17
390.15,-3.9406417113665574e-14,3.160478597591851e-17
390.16,-3.9401523007179245e-14,3.129327074443193e-17
390.17,-3.9396270555921246e-14,3.140642739501752e-17
390.18,-3.9391774934597245e-14,3.149844235476908e-17
390.19,-3.9386876822320924e-14,3.144137008740802e-17
390.2,-3.9381910777339865e-14,3.149939768136286e-17
390.21,-3.9376692775206986e-14,3.144846828523622e-17
390.22,-3.937209286382388e-14,3.141226938860591e-17
390.23,-3.9367607510604145e-14,3.1506226741805305e-17
390.24,-3.936281232085536e-14,3.1588963572026645e-17
390.25,-3.9357569074013737e-14,3.137518272151945e-17
390.26,-3.9352806982634884e-14,3.14159186951984e-17
390.27,-3.9348081474739625e-14,3.146007964828147e-17
390.28,-3.934337133057217e-14,3.149547060681321e-17
390.29,-3.933855446674383e-14,3.155429440451757e-17
390.3,-3.93332412600136e-14,3.14311389038243e-17
390.31,-3.933036644980368e-14,3.2095737705289295e-17
390.32,-3.932424411855983e-14,3.154079903461609e-17
390.33,-3.931911040036948e-14,3.1511503125367e-17
390.34,-3.931402925702028e-14,3.1383025568739564e-17
390.35,-3.930922678813142e-14,3.1397459041941377e-17
390.36,-3.930460240261162e-14,3.130361868415019e-17
390.37,-3.9299883101475434e-14,3.146332034668026e-17
390.38,-3.929484711606994e-14,3.1416333763715174e-17
390.39,-3.929000365966871e-14,3.129880462818795e-17
390.4,-3.928547703177873e-14,3.139309574688568e-17
390.41,-3.928070630734608e-14,3.16931330233287e-17
390.42,-3.927532135334627e-14,3.140174959457812e-17
390.43,-3.9270650428590063e-14,3.1388207552620775e-17
390.44,-3.926594929109244e-14,3.148930565539201e-17
390.45,-3.926110287817396e-14,3.1468101742610324e-17
390.46,-3.925610557596975e-14,3.138605517984709e-17
390.47,-3.9251839391699025e-14,3.1539714372017335e-17
390.48,-3.924639785230445e-14,3.138446703701438e-17
390.49,-3.9242149830646466e-14,3.144409660915148e-17
390.5,-3.923692548089019e-14,3.147041444585265e-17
390.51,-3.923175922951654e-14,3.134784056736643e-17
390.52,-3.922749349995819e-14,3.152052971436146e-17
390.53,-3.9222710670879077e-14,3.1526953354775433e-17
390.54,-3.921768957303534e-14,3.148387320326334e-17
390.55,-3.921302982147108e-14,3.1516119001716617e-17
390.56,-3.920823483601763e-14,3.1544871053975826e-17
390.57,-3.9202297010814036e-14,3.10698497143137e-17
390.58,-3.919777789912869e-14,3.128654245591927e-17
390.59,-3.91935930628638e-14,3.1421360908902623e-17
390.6,-3.91888289034538e-14,3.1492518741939226e-17
390.61,-3.918425077724799e-14,3.146739969617385e-17
390.62,-3.917918462068664e-14,3.12926902230812e-17
390.63,-3.91743591824182e-14,3.142014847390456e-17
390.64,-3.9169449499305146e-14,3.137335977243094e-17
390.65,-3.916488163525829e-14,3.150163228199542e-17
390.66,-3.916010796849709e-14,3.0703360854681614e-17
390.67,-3.9155081005465685e-14,3.1461995100568064e-17
390.68,-3.915033268560251e-14,3.149474634314243e-17
390.69,-3.914555663506319e-14,3.141447746389338e-17
390.7,-3.9140635142822374e-14,3.138850333212507e-17
390.71,-3.913665989456932e-14,3.1678108593021554e-17
390.72,-3.9131376820649555e-14,3.1593150501197136e-17
390.73,-3.9126248355664483e-14,3.142139025603131e-17
390.74,-3.912147503129935e-14,3.152493528528846e-17
390.75,-3.911736186088702e-14,3.154280999816895e-17
390.76,-3.9111704560945774e-14,3.134519794609361e-17
390.77,-3.910676929374005e-14,3.1480748786598736e-17
390.78,-3.9102295862076565e-14,3.147230293999516e-17
390.79,-3.909741063421424e-14,3.146838953820744e-17
390.8,-3.90921203997957e-14,3.1714704608365294e-17
390.81,-3.9087891919643436e-14,3.1488036984698144e-17
390.82,-3.908288144310165e-14,3.139803777265622e-17
390.83,-3.907821651459846e-14,3.151473182743348e-17
390.84,-3.9074018052193606e-14,3.1817892806406304e-17
390.85,-3.9068746452339485e-14,3.146810251987123e-17
390.86,-3.906327303669084e-14,3.167187362479476e-17
390.87,-3.9059110451240986e-14,3.150055290013678e-17
390.88,-3.905431329554342e-14,3.1490138993097516e-17
390.89,-3.9049276986936936e-14,3.1298122128994504e-17
390.9,-3.9044358808644377e-14,3.0773179935052064e-17
390.91,-3.9039893080488025e-14,3.1455958505347576e-17
390.92,-3.903519308467978e-14,3.140985643819023e-17
390.93,-3.903055810978313e-14,3.187518636958553e-17
390.94,-3.902546692935467e-14,3.143193808470428e-17
390.95,-3.902173170697221e-14,3.212530686756279e-17
390.96,-3.901587452603844e-14,3.139412269312238e-17
390.97,-3.901109663724679e-14,3.1450949888696354e-17
390.98,-3.9006063941152596e-14,3.133916863525864e-17
390.99,-3.900114446755789e-14,3.130283217740195e-17
391.0,-3.899652668854335e-14,3.133263831341492e-17
391.01,-3.899215710056925e-14,3.1526016212980034e-17
391.02,-3.898704152883267e-14,3.139305874089337e-17
391.03,-3.898230835626066e-14,3.137934871151269e-17
391.04,-3.8978500201852624e-14,3.178020705467731e-17
391.05,-3.8972628966556554e-14,3.1349177758928265e-17
391.06,-3.8967908285990794e-14,3.1447255003071164e-17
391.07,-3.896311905142434e-14,3.148711319220091e-17
391.08,-3.895823805097141e-14,3.1361153764503825e-17
391.09,-3.895356188423558e-14,3.143125017193598e-17
391.1,-3.894851011988276e-14,3.140399123472741e-17
391.11,-3.8944127839269254e-14,3.152598749750748e-17
391.12,-3.893922796265253e-14,3.1452944745675895e-17
391.13,-3.8935100759297946e-14,3.1531774090191975e-17
391.14,-3.892986100867471e-14,3.138371637754199e-17
391.15,-3.892466994664312e-14,3.1362691806920246e-17
391.16,-3.892011004503876e-14,3.1392740251389254e-17
391.17,-3.891493280500139e-14,3.136482483519173e-17
391.18,-3.8910855266838145e-14,3.1412015440457087e-17
391.19,-3.8905874249810463e-14,3.144887250409116e-17
391.2,-3.890114211734382e-14,3.1543203167385884e-17
391.21,-3.88962186510999e-14,3.137642260012053e-17
391.22,-3.889190466303876e-14,3.133940272770876e-17
391.23,-3.88866574676405e-14,3.1437908817660365e-17
391.24,-3.888200588060956e-14,3.148012641914775e-17
391.25,-3.8877113601717454e-14,3.139289435021068e-17
391.26,-3.887231108244026e-14,3.131918335620976e-17
391.27,-3.8867578934128174e-14,3.136913074689376e-17
391.28,-3.8862825620572956e-14,3.1335739620259004e-17
391.29,-3.8858064352868716e-14,3.128526376903898e-17
391.3,-3.885343510618566e-14,3.1299729386600376e-17
391.31,-3.884858914668017e-14,3.151996942220015e-17
391.32,-3.884363024835673e-14,3.146544600479632e-17
391.33,-3.883884783188599e-14,3.1422645141665896e-17
391.34,-3.883418012460081e-14,3.134478921322747e-17
391.35,-3.882933744236671e-14,3.133915610324294e-17
391.36,-3.8824322837678745e-14,3.130540006630201e-17
391.37,-3.8819864097805466e-14,3.1404976620412455e-17
391.38,-3.881480978388363e-14,3.142299824771693e-17
391.39,-3.8810466717730086e-14,3.1370358732770984e-17
391.4,-3.8806080248723526e-14,3.15555584404773e-17
391.41,-3.8801032623310606e-14,3.14411193970672e-17
391.42,-3.879611381098865e-14,3.137358530711205e-17
391.43,-3.879112558621073e-14,3.143746648353121e-17
391.44,-3.878676744558233e-14,3.143133261846531e-17
391.45,-3.8781945852147016e-14,3.1470451595606626e-17
391.46,-3.8776749619502716e-14,3.1312961531644014e-17
391.47,-3.8772264799891425e-14,3.14059015271943e-17
391.48,-3.87677374408301e-14,3.144130977227727e-17
391.49,-3.8762877092594275e-14,3.125234938138729e-17
391.5,-3.875806731913165e-14,3.132991504079058e-17
391.51,-3.875315439295537e-14,3.160974233651825e-17
391.52,-3.874846654604323e-14,3.1309788340277446e-17
391.53,-3.874379280980424e-14,3.1377158504537287e-17
391.54,-3.873775480022693e-14,3.141440877267046e-17
391.55,-3.873399341505395e-14,3.134433320120204e-17
391.56,-3.872946727398206e-14,3.1212309537009143e-17
391.57,-3.8725359004405156e-14,3.152969093826869e-17
391.58,-3.872017947481005e-14,3.143188502032251e-17
391.59,-3.871519501103927e-14,3.133236738058805e-17
391.6,-3.871103770115569e-14,3.1506525004884654e-17
391.61,-3.87056569616141e-14,3.141160479182185e-17
391.62,-3.870096718906806e-14,3.132468842720397e-17
391.63,-3.86958290425116e-14,3.109727496324007e-17
391.64,-3.869174477057938e-14,3.1413781623695705e-17
391.65,-3.86859885709661e-14,3.121021968937279e-17
391.66,-3.868157994774708e-14,3.116146499660469e-17
391.67,-3.867743844875119e-14,3.1397900778840836e-17
391.68,-3.867291707018967e-14,3.14151454891037e-17
391.69,-3.866790882978644e-14,3.1376495685816554e-17
391.7,-3.866312997199451e-14,3.1331295462487896e-17
391.71,-3.865838308538623e-14,3.131883036969682e-17
391.72,-3.865377685386506e-14,3.1239224152900084e-17
391.73,-3.864906680328697e-14,3.1419041760082e-17
391.74,-3.864431584305214e-14,3.1444848438728024e-17
391.75,-3.8639073239757286e-14,3.113886605372803e-17
391.76,-3.863487206287823e-14,3.1372554983792533e-17
391.77,-3.862986687388759e-14,3.12369897031383e-17
391.78,-3.862526367773774e-14,3.1349487243053767e-17
391.79,-3.86204833396366e-14,3.137510331873542e-17
391.8,-3.861573328844212e-14,3.1267696730624695e-17
391.81,-3.861048139923854e-14,3.1244712645487785e-17
391.82,-3.860680545088455e-14,3.142610583742005e-17
391.83,-3.8601499109887424e-14,3.140359484035164e-17
391.84,-3.859760188987566e-14,3.14705067964027e-17
391.85,-3.859206782307469e-14,3.130105112088611e-17
391.86,-3.8587285548338477e-14,3.1312886995824526e-17
391.87,-3.858262514714103e-14,3.126077156971693e-17
391.88,-3.8577779728729996e-14,3.1282136404075243e-17
391.89,-3.857314412447475e-14,3.129193314291236e-17
391.9,-3.856836691874141e-14,3.1249930864287936e-17
391.91,-3.8563453498628457e-14,3.129710431932552e-17
391.92,-3.855926023722181e-14,3.147405638795067e-17
391.93,-3.8554601255012094e-14,3.140643200500148e-17
391.94,-3.854950316056926e-14,3.132011842840317e-17
391.95,-3.854454372021008e-14,3.122917053815239e-17
391.96,-3.854002943450298e-14,3.13182568561352e-17
391.97,-3.8535380258549734e-14,3.130992022186455e-17
391.98,-3.853059377699943e-14,3.129017205847372e-17
391.99,-3.852542770324253e-14,3.1180775720609034e-17
392.0,-3.8521041320532467e-14,3.1239833500440915e-17
392.01,-3.8516102289879976e-14,3.122355274944964e-17
392.02,-3.8511807869338066e-14,3.151810125361477e-17
392.03,-3.8506972684346283e-14,3.131077538185472e-17
392.04,-3.8502064973813996e-14,3.112917856796948e-17
392.05,-3.8497632006337744e-14,3.131911978313936e-17
392.06,-3.849287148225812e-14,3.130269003844583e-17
392.07,-3.848799716751077e-14,3.1065297480940585e-17
392.08,-3.8483016518291135e-14,3.1170305624609665e-17
392.09,-3.8477900406751864e-14,3.123720180821481e-17
392.1,-3.84739214446893e-14,3.099817102931443e-17
392.11,-3.846906107950882e-14,3.133882245346486e-17
392.12,-3.846440381426214e-14,3.124353823058108e-17
392.13,-3.8460056056947475e-14,3.143620597539341e-17
392.14,-3.845492931925733e-14,3.1128961628051e-17
392.15,-3.8450695324752234e-14,3.1235933018772744e-17
392.16,-3.8445704958815964e-14,3.1373100557760185e-17
392.17,-3.844091525716428e-14,3.118005540459166e-17
392.18,-3.843603354735756e-14,3.10816512456154e-17
392.19,-3.843176608571118e-14,3.129237006294006e-17
392.2,-3.8426625753011515e-14,3.115350718981016e-17
392.21,-3.8422191448129374e-14,3.1282073014722246e-17
392.22,-3.841789049536248e-14,3.132397726269658e-17
392.23,-3.8412648630235896e-14,3.125847136886907e-17
392.24,-3.8407902832370045e-14,3.119355103871446e-17
392.25,-3.8403254364632084e-14,3.119235995100828e-17
392.26,-3.839866229285471e-14,3.1137399413995526e-17
392.27,-3.8393745074904876e-14,3.1215332610910066e-17
392.28,-3.8389071655458156e-14,3.0988666533865753e-17
392.29,-3.8384853866751946e-14,3.1286820361713856e-17
392.3,-3.837978089582729e-14,3.1167124738307415e-17
392.31,-3.8375247683629006e-14,3.117358118508241e-17
392.32,-3.837030175415612e-14,3.1136025710391746e-17
392.33,-3.836693134446066e-14,3.1395355556364486e-17
392.34,-3.836121441651101e-14,3.1270289135102725e-17
392.35,-3.83563888702665e-14,3.1171948940328683e-17
392.36,-3.835222981189396e-14,3.1514375135239615e-17
392.37,-3.8346970967159946e-14,3.120267495936395e-17
392.38,-3.8341822191377275e-14,3.1148997179714227e-17
392.39,-3.833746780705867e-14,3.112791935197528e-17
392.4,-3.833255283388416e-14,3.1061453721414543e-17
392.41,-3.8328118333095404e-14,3.1102294156642915e-17
392.42,-3.832364745571874e-14,3.1172987114983944e-17
392.43,-3.8318754949004407e-14,3.117221126799258e-17
392.44,-3.8313977547510325e-14,3.105750475046135e-17
392.45,-3.830934833567104e-14,3.09808303776193e-17
392.46,-3.8304574669770836e-14,3.10010752470677e-17
392.47,-3.830063455174517e-14,3.124945826253411e-17
392.48,-3.829524823222695e-14,3.1100945095001e-17
392.49,-3.829075818491215e-14,3.109735442658304e-17
392.5,-3.828588715409478e-14,3.11304820986309e-17
392.51,-3.828122943721159e-14,3.110971452859218e-17
392.52,-3.8276445435991424e-14,3.099265476992324e-17
392.53,-3.827173803420636e-14,3.1086860103582246e-17
392.54,-3.826726715043679e-14,3.077894807884851e-17
392.55,-3.826249927944401e-14,3.093904029175021e-17
392.56,-3.825778508330773e-14,3.123881045051415e-17
392.57,-3.825310196819914e-14,3.10419023361575e-17
392.58,-3.8248289340617334e-14,3.098021409186632e-17
392.59,-3.824363304321637e-14,3.107332123484786e-17
392.6,-3.823901584087597e-14,3.102275075369171e-17
392.61,-3.823439023748073e-14,3.106459704036939e-17
392.62,-3.8229674894736894e-14,3.1000340898752556e-17
392.63,-3.8226687542991775e-14,3.14740540935565e-17
392.64,-3.8219911176655666e-14,3.0824576596109563e-17
392.65,-3.821548109492826e-14,3.11548374997693e-17
392.66,-3.821104336621681e-14,3.103305668570948e-17
392.67,-3.820637791010091e-14,3.1045855530438954e-17
392.68,-3.820092804042188e-14,3.111991304694354e-17
392.69,-3.8196918442358325e-14,3.0999291107838196e-17
392.7,-3.81920570909494e-14,3.091675781597216e-17
392.71,-3.818763394331387e-14,3.098432368515595e-17
392.72,-3.818813943399e-14,3.2192493124834635e-17
392.73,-3.81782475109215e-14,3.093022957907482e-17
392.74,-3.817286624383945e-14,3.0798354144751547e-17
392.75,-3.816889067082191e-14,3.1022945414368785e-17
392.76,-3.8164296984753604e-14,3.0914284056738676e-17
392.77,-3.815950407787783e-14,3.0656570430569264e-17
392.78,-3.8154396509171424e-14,3.1064010252615866e-17
392.79,-3.815016385128817e-14,3.0908189493902335e-17
392.8,-3.814587321698164e-14,3.1072375605321183e-17
392.81,-3.8141796391212355e-14,3.153998122080152e-17
392.82,-3.813628222123093e-14,3.0912905635066383e-17
392.83,-3.8132080233536435e-14,3.046145552032648e-17
392.84,-3.8127244311705274e-14,3.093415912271803e-17
392.85,-3.812233301762577e-14,3.093367635627671e-17
392.86,-3.811763028314765e-14,3.084528724284514e-17
392.87,-3.811409578112027e-14,3.1344728506833275e-17
392.88,-3.81081631705883e-14,3.090398358450487e-17
392.89,-3.8103651543653807e-14,3.089547616683067e-17
392.9,-3.8099893342799775e-14,3.100289874961231e-17
392.91,-3.809454045846088e-14,3.0913519899730356e-17
392.92,-3.8089005999714774e-14,3.004020935700416e-17
392.93,-3.808471462832555e-14,3.074141619581694e-17
392.94,-3.8080178703911914e-14,3.08268265621266e-17
392.95,-3.8075701785085516e-14,3.082243665885221e-17
392.96,-3.807124971145127e-14,3.080429073825989e-17
392.97,-3.806625793212948e-14,3.083651405670569e-17
392.98,-3.8061654376311614e-14,3.0801879433731055e-17
392.99,-3.8056995800285765e-14,3.08882772805387e-17
393.0,-3.8052198545238154e-14,3.078552516904998e-17
393.01,-3.804249670391135e-14,2.900304278281897e-17
393.02,-3.804296370777673e-14,3.071783046307758e-17
393.03,-3.803826030060787e-14,3.07400605032337e-17
393.04,-3.80336828252459e-14,3.0771493331534916e-17
393.05,-3.802902159217377e-14,3.0743133583289604e-17
393.06,-3.802421908243948e-14,3.066443390285e-17
393.07,-3.801969548854349e-14,3.072674282789387e-17
393.08,-3.801531738543625e-14,3.089126041792092e-17
393.09,-3.8010152156469284e-14,3.057718264778554e-17
393.1,-3.800555313034106e-14,3.018085118275311e-17
393.11,-3.800103617449259e-14,3.066417755209081e-17
393.12,-3.7996889049054515e-14,3.0791582759859683e-17
393.13,-3.799180668266105e-14,3.069904381619474e-17
393.14,-3.798729842105513e-14,3.0720699881290584e-17
393.15,-3.798281816867333e-14,3.067100930319357e-17
393.16,-3.797806614531145e-14,3.072404394841311e-17
393.17,-3.79731447311822e-14,3.065970331548097e-17
393.18,-3.796875292367913e-14,3.071286205914651e-17
393.19,-3.796412528452198e-14,3.0588448154212225e-17
393.2,-3.7959270180213547e-14,3.061093661097751e-17
393.21,-3.795481426023996e-14,3.060297396104708e-17
393.22,-3.795054321126697e-14,3.076120608590159e-17
393.23,-3.794554381866429e-14,3.064555164760911e-17
393.24,-3.7940881983750115e-14,3.066734001609829e-17
393.25,-3.793632014000081e-14,3.066520029790634e-17
393.26,-3.793229451724799e-14,3.0854187269434375e-17
393.27,-3.792690441179036e-14,3.0702248892109853e-17
393.28,-3.7922964038655125e-14,3.0658936826689914e-17
393.29,-3.79176676609317e-14,3.0544753389427266e-17
393.3,-3.791314777753264e-14,3.0616579970168755e-17
393.31,-3.790835769309154e-14,3.055629762314382e-17
393.32,-3.79038688338985e-14,3.057086337939906e-17
393.33,-3.789920652608109e-14,3.0592432136925284e-17
393.34,-3.7894727918727773e-14,3.0607843936942876e-17
393.35,-3.788972948803024e-14,3.04594858716666e-17
393.36,-3.7885265836437527e-14,3.049777914705894e-17
393.37,-3.7880202363764425e-14,3.0599539487316675e-17
393.38,-3.7875903065760737e-14,3.0555782709117485e-17
393.39,-3.7871403606182284e-14,3.0562117702819225e-17
393.4,-3.786666084177093e-14,3.032400839042595e-17
393.41,-3.7861910848132713e-14,3.046809687462859e-17
393.42,-3.78571465339172e-14,3.04489914953476e-17
393.43,-3.7852786570789984e-14,3.038134272452084e-17
393.44,-3.784826279413841e-14,3.057953352422804e-17
393.45,-3.7844018271586876e-14,3.047352934123875e-17
393.46,-3.783888330362312e-14,3.041079755584812e-17
393.47,-3.7834353764960534e-14,3.0501819525619895e-17
393.48,-3.7829944559925915e-14,3.0401007239353087e-17
393.49,-3.782503143939439e-14,3.04112750050823e-17
393.5,-3.7820561641547824e-14,3.045271138997453e-17
393.51,-3.7815657808154104e-14,3.011800178741261e-17
393.52,-3.781130534913342e-14,3.04484774839787e-17
393.53,-3.7806893234622685e-14,3.0614146858494995e-17
393.54,-3.780168943754066e-14,3.0268491303070695e-17
393.55,-3.779736027404581e-14,3.026851428835042e-17
393.56,-3.779285076280604e-14,3.0379350968093523e-17
393.57,-3.7788288124333795e-14,3.0475220854901594e-17
393.58,-3.7783430526154755e-14,3.025542568137204e-17
393.59,-3.777894317230441e-14,3.039557724348211e-17
393.6,-3.7774326191110014e-14,3.0443777349136594e-17
393.61,-3.776996420591852e-14,3.020040792787185e-17
393.62,-3.776395609635675e-14,3.013194241038447e-17
393.63,-3.7760095560208976e-14,3.0233528357991276e-17
393.64,-3.775641404071313e-14,3.026848571196597e-17
393.65,-3.775138540432219e-14,3.036399493713873e-17
393.66,-3.7746522514278093e-14,3.0290386672964667e-17
393.67,-3.774203155154741e-14,3.0300472324184865e-17
393.68,-3.7737560098016096e-14,3.037124157126358e-17
393.69,-3.773283455428258e-14,3.024769729253523e-17
393.7,-3.77281123886145e-14,3.0309740448060653e-17
393.71,-3.7723725593560144e-14,3.008509970731356e-17
393.72,-3.7719374959779795e-14,3.0383554415440697e-17
393.73,-3.771456676506362e-14,3.028935059496545e-17
393.74,-3.770970984559977e-14,3.023703121330406e-17
393.75,-3.770512924194852e-14,3.02416861017269e-17
393.76,-3.7700574190070416e-14,3.020840748611037e-17
393.77,-3.769606739998212e-14,3.0235820300310306e-17
393.78,-3.769119665858859e-14,3.012484387540091e-17
393.79,-3.768699472155995e-14,3.031259594949867e-17
393.8,-3.768173098323916e-14,2.997314504096334e-17
393.81,-3.7676866404881155e-14,3.0214893972294965e-17
393.82,-3.7673232773867655e-14,3.022582957721322e-17
393.83,-3.7668351085786855e-14,3.021961256616216e-17
393.84,-3.766383010025026e-14,3.014866586267643e-17
393.85,-3.765933187708802e-14,3.0219593350545194e-17
393.86,-3.765476395422105e-14,3.021061615211086e-17
393.87,-3.7650061535110754e-14,3.0109827986472374e-17
393.88,-3.76455889909065e-14,3.029436926782466e-17
393.89,-3.7641558322079477e-14,3.0144146990963546e-17
393.9,-3.7637294168097984e-14,3.04377556255477e-17
393.91,-3.763175423416725e-14,3.0093987102096485e-17
393.92,-3.7626996726360766e-14,3.0076946569217454e-17
393.93,-3.762251632662219e-14,3.007038355449491e-17
393.94,-3.7618229856001234e-14,3.0284948869268236e-17
393.95,-3.7613204961474924e-14,3.006996933972764e-17
393.96,-3.760907772724574e-14,3.013784033542579e-17
393.97,-3.760433516997546e-14,3.0185493186075264e-17
393.98,-3.7599418830060305e-14,3.00226155570649e-17
393.99,-3.7595219792906286e-14,2.996783431652958e-17
394.0,-3.7590397949100945e-14,3.002766419738704e-17
394.01,-3.758665941259725e-14,3.0570385115120445e-17
394.02,-3.758126276661806e-14,3.0056107362158026e-17
394.03,-3.7576805377487074e-14,3.0034488025799826e-17
394.04,-3.7572306198113814e-14,3.044904608015388e-17
394.05,-3.756760626298195e-14,3.001777639593069e-17
394.06,-3.756295799033911e-14,3.0009437228913764e-17
394.07,-3.7557733975209457e-14,2.9840541112268636e-17
394.08,-3.7553994434874874e-14,2.988407185709696e-17
394.09,-3.75491239633686e-14,2.9985628322239e-17
394.1,-3.754387078519682e-14,2.984430396082959e-17
394.11,-3.7540198651187025e-14,2.997886484529233e-17
394.12,-3.753551729003824e-14,3.01903626661776e-17
394.13,-3.7531450160067757e-14,3.01091812300906e-17
394.14,-3.752629150208586e-14,2.9938638823228994e-17
394.15,-3.7522103135979805e-14,3.0038111857349994e-17
394.16,-3.751724847411872e-14,3.000336472954467e-17
394.17,-3.7512711354065576e-14,2.995437801333602e-17
394.18,-3.750788907631615e-14,2.991560053072603e-17
394.19,-3.7503570890333875e-14,2.994207806163197e-17
394.2,-3.749860750491572e-14,2.979211939207162e-17
394.21,-3.749429756708642e-14,2.987729073906593e-17
394.22,-3.748973876260646e-14,2.990305183446645e-17
394.23,-3.7485160474929556e-14,2.988497100684244e-17
394.24,-3.7480653750371174e-14,3.006261398491635e-17
394.25,-3.747616745354038e-14,2.9846935916882064e-17
394.26,-3.7471312949258864e-14,2.970616222903019e-17
394.27,-3.746693859981464e-14,2.988855715282361e-17
394.28,-3.746243657730223e-14,2.9834665629582925e-17
394.29,-3.745768321301853e-14,2.976155636401749e-17
394.3,-3.745354771849538e-14,3.0249036375642585e-17
394.31,-3.74486782698593e-14,2.993688889295837e-17
394.32,-3.7443943265743793e-14,2.974525015680983e-17
394.33,-3.743966132665163e-14,2.999989824698824e-17
394.34,-3.7435263937379474e-14,2.997538175694622e-17
394.35,-3.7430434669306853e-14,2.97060369825972e-17
394.36,-3.7425918255466225e-14,2.981104513916797e-17
394.37,-3.742115441526888e-14,2.984113500174347e-17
394.38,-3.7416690122447106e-14,2.9642017455842253e-17
394.39,-3.741186119256968e-14,2.968063439721212e-17
394.4,-3.7407206491143e-14,2.951875728572439e-17
394.41,-3.7403187984215276e-14,2.9777910578145015e-17
394.42,-3.739912969449311e-14,2.995939514720809e-17
394.43,-3.7393381872063916e-14,2.961069045087685e-17
394.44,-3.738944378695521e-14,2.9850090429236595e-17
394.45,-3.738493223576152e-14,2.9791546795122316e-17
394.46,-3.738026706058964e-14,2.9656562194983523e-17
394.47,-3.737564558798253e-14,2.959865068989579e-17
394.48,-3.73710953070646e-14,2.9652035691790205e-17
394.49,-3.7366754161395344e-14,2.97434098546869e-17
394.5,-3.736220571327286e-14,2.969812728067004e-17
394.51,-3.735670763699097e-14,3.0189077280951246e-17
394.52,-3.7352879300882e-14,2.965459737840096e-17
394.53,-3.7348713198260964e-14,2.962009766285435e-17
394.54,-3.734389172663352e-14,2.9696344883431786e-17
394.55,-3.733940135021942e-14,2.9614675015745687e-17
394.56,-3.733457201373856e-14,2.953849141365787e-17
394.57,-3.7330190636929344e-14,2.9591294914858075e-17
394.58,-3.732562963229939e-14,2.96027543252383e-17
394.59,-3.73211224624413e-14,2.9564775446618504e-17
394.6,-3.731554598201697e-14,2.9230656774305346e-17
394.61,-3.731226926158541e-14,2.959252394340238e-17
394.62,-3.730747171909442e-14,2.9680542609860273e-17
394.63,-3.730318650297574e-14,2.959668191697093e-17
394.64,-3.729830498541893e-14,2.952466035064046e-17
394.65,-3.729486288941938e-14,2.9393828625533535e-17
394.66,-3.728938034073702e-14,2.948919658722189e-17
394.67,-3.7284984680703385e-14,2.959785126704332e-17
394.68,-3.728047107297054e-14,2.9618967326961575e-17
394.69,-3.727527843455157e-14,2.910731281693575e-17
394.7,-3.7271006993992847e-14,2.952631957782767e-17
394.71,-3.726706386155927e-14,2.971732092422034e-17
394.72,-3.726216941670008e-14,2.949847241893505e-17
394.73,-3.7257610749362304e-14,2.9523871455565864e-17
394.74,-3.7253439637564576e-14,2.992016476424931e-17
394.75,-3.7248181031539724e-14,2.921954677114103e-17
394.76,-3.724404765965975e-14,2.954105851160543e-17
394.77,-3.723947528192186e-14,2.951607303991807e-17
394.78,-3.7235180933330295e-14,2.919456786667645e-17
394.79,-3.723041099711868e-14,2.946944350065203e-17
394.8,-3.7226811165632924e-14,2.947834381055181e-17
394.81,-3.722133057044157e-14,2.945983370583407e-17
394.82,-3.7216774602865854e-14,2.947354322020041e-17
394.83,-3.7212518154052394e-14,2.956525152893195e-17
394.84,-3.720800454055381e-14,2.991677354119178e-17
394.85,-3.720323227958693e-14,2.9460432967150737e-17
394.86,-3.719892745551093e-14,2.9441119763915796e-17
394.87,-3.7194441915569535e-14,2.9491657717018775e-17
394.88,-3.718982716712241e-14,2.941338986715404e-17
394.89,-3.7184892320860346e-14,2.873443455112535e-17
394.9,-3.71806477211999e-14,2.9412131210803497e-17
394.91,-3.7176199401042844e-14,2.9424665638058825e-17
394.92,-3.717157317292284e-14,2.948087032005044e-17
394.93,-3.71672739447136e-14,2.958199989754413e-17
394.94,-3.7162768492238675e-14,2.9505887845588085e-17
394.95,-3.7158021312508244e-14,2.939457498505743e-17
394.96,-3.71537782125485e-14,2.945836430698331e-17
394.97,-3.714891998870391e-14,2.935855601958865e-17
394.98,-3.7143991277964664e-14,2.893900886488868e-17
394.99,-3.7140387346202217e-14,2.942762808218579e-17
395.0,-3.7135388753332034e-14,2.9329758871451805e-17
395.01,-3.71310019820031e-14,2.935890442152606e-17
395.02,-3.7126626454457836e-14,2.9404040994242525e-17
395.03,-3.712201896557074e-14,2.943648510757868e-17
395.04,-3.711739266237449e-14,2.929312789483593e-17
395.05,-3.7112853921833726e-14,2.9253623292016e-17
395.06,-3.7108845001755416e-14,2.94551410628577e-17
395.07,-3.7103044234632365e-14,2.8976430628190505e-17
395.08,-3.709944553387587e-14,2.9325236545245986e-17
395.09,-3.709457530265197e-14,2.9164935360074224e-17
395.1,-3.709027981985032e-14,2.9299799226277245e-17
395.11,-3.708502564664239e-14,2.932545199251808e-17
395.12,-3.7081450152000404e-14,2.93253771972825e-17
395.13,-3.707665367526235e-14,2.9211233520522665e-17
395.14,-3.707223218991609e-14,2.9338497931571804e-17
395.15,-3.7068036144336624e-14,2.9437370563761544e-17
395.16,-3.706288904248433e-14,2.915807368396561e-17
395.17,-3.705894657806016e-14,2.9284764330923405e-17
395.18,-3.705445789904315e-14,2.9271290918511003e-17
395.19,-3.705054853593999e-14,2.940173125022627e-17
395.2,-3.7045416906751026e-14,2.9319009605292374e-17
395.21,-3.704098269771105e-14,2.9279495657700426e-17
395.22,-3.7036097899282217e-14,2.920107467216482e-17
395.23,-3.703188040754919e-14,2.9312676525516636e-17
395.24,-3.7027375593640443e-14,2.9153882560034885e-17
395.25,-3.702263304570994e-14,2.9064605490257517e-17
395.26,-3.701824024135659e-14,2.9250875465964344e-17
395.27,-3.7013681586965795e-14,2.922462998904174e-17
395.28,-3.700938225784008e-14,2.9197173003277994e-17
395.29,-3.7005162061899433e-14,2.9318524122650664e-17
395.3,-3.7000208413572706e-14,2.917720133287756e-17
395.31,-3.69959734873182e-14,2.921865246374157e-17
395.32,-3.699167954561534e-14,2.9223459201879214e-17
395.33,-3.6986680023338065e-14,2.914995874618955e-17
395.34,-3.698224153630248e-14,2.895548568810708e-17
395.35,-3.697771806263943e-14,2.913974694074458e-17
395.36,-3.697297165576753e-14,2.900360177612253e-17
395.37,-3.69692557395569e-14,2.931096569802601e-17
395.38,-3.696451149732189e-14,2.920868219093988e-17
395.39,-3.6959901235575973e-14,2.920029012087812e-17
395.4,-3.695563215362497e-14,2.9197357881315535e-17
395.41,-3.6950350852077034e-14,2.9084454559071117e-17
395.42,-3.6946755254734836e-14,2.9295989677421535e-17
395.43,-3.694189431565933e-14,2.915976600437894e-17
395.44,-3.6937311241660164e-14,2.9203839239671353e-17
395.45,-3.693301861589111e-14,2.922833239977426e-17
395.46,-3.69285195860758e-14,2.924754095399035e-17
395.47,-3.6923975053334065e-14,2.9194544125989696e-17
395.48,-3.691920463546028e-14,2.911154677881695e-17
395.49,-3.691517515696306e-14,2.912206976726334e-17
395.5,-3.691015583256437e-14,2.929918844757054e-17
395.51,-3.690613164533715e-14,2.911452826004364e-17
395.52,-3.690148767085341e-14,2.901895883875164e-17
395.53,-3.68968805953659e-14,2.905453212592093e-17
395.54,-3.6893249709923365e-14,2.925801806771839e-17
395.55,-3.688831676894581e-14,2.9205581696967996e-17
395.56,-3.688375795514964e-14,2.9140094123406594e-17
395.57,-3.68793499281324e-14,2.914464829729899e-17
395.58,-3.687465187613469e-14,2.9046723570072516e-17
395.59,-3.6870594346003656e-14,2.9270842810086315e-17
395.6,-3.686578436017871e-14,2.9196906180823784e-17
395.61,-3.68615822659243e-14,2.902723169530213e-17
395.62,-3.685685537482479e-14,2.9077572703339266e-17
395.63,-3.6852042764684755e-14,2.897308366542879e-17
395.64,-3.6847725668720067e-14,2.90159261889015e-17
395.65,-3.684344716220878e-14,2.9100329780106277e-17
395.66,-3.6838953998893427e-14,2.906878775401944e-17
395.67,-3.68344041838768e-14,2.8986795711685695e-17
395.68,-3.683105408447948e-14,2.945014369305601e-17
395.69,-3.682503300243731e-14,2.9026142840181195e-17
395.7,-3.682091718829574e-14,2.8984184551048785e-17
395.71,-3.681696037704486e-14,2.9203613704463647e-17
395.72,-3.68120162946459e-14,2.904988922790617e-17
395.73,-3.680762394396595e-14,2.9033523255864266e-17
395.74,-3.680322609902347e-14,2.902515255712049e-17
395.75,-3.679876694724219e-14,2.910653513843121e-17
395.76,-3.6793992191394696e-14,2.8977153775338624e-17
395.77,-3.678990822125864e-14,2.904895693082647e-17
395.78,-3.6785538962849355e-14,2.881594168007148e-17
395.79,-3.678094251439307e-14,2.901460574899742e-17
395.8,-3.677641524046077e-14,2.905266927533259e-17
395.81,-3.6772011688514796e-14,2.914969413453182e-17
395.82,-3.676745371970235e-14,2.8975168164393685e-17
395.83,-3.6763076269364786e-14,2.907804250279368e-17
395.84,-3.675856815239569e-14,2.904896475188274e-17
395.85,-3.675362908275907e-14,2.900713908157679e-17
395.86,-3.674962926181145e-14,2.897782240719161e-17
395.87,-3.67438580248602e-14,2.851329985504112e-17
395.88,-3.673979276922969e-14,2.8725497642558004e-17
395.89,-3.6736417971580444e-14,2.9098021229891165e-17
395.9,-3.6731990619578556e-14,2.9022076399616916e-17
395.91,-3.672692407433323e-14,2.8826090913972525e-17
395.92,-3.6722936401623364e-14,2.9060461883640733e-17
395.93,-3.671845902020948e-14,2.900294745777146e-17
395.94,-3.6713893375024785e-14,2.8977472684015966e-17
395.95,-3.670976396884859e-14,2.917604007769319e-17
395.96,-3.670513839800116e-14,2.878606725989704e-17
395.97,-3.6700616210106306e-14,2.887069963648184e-17
395.98,-3.669601442874061e-14,2.90711597742231e-17
395.99,-3.669177263544769e-14,2.893038203892721e-17
396.0,-3.6687259367003703e-14,2.892189604753482e-17
396.01,-3.668227480635625e-14,2.8684807483038445e-17
396.02,-3.6678265340307714e-14,2.892813379383745e-17
396.03,-3.6674307551805266e-14,2.9028840277832435e-17
396.04,-3.6669331057879347e-14,2.8693764250200785e-17
396.05,-3.666531968120579e-14,2.907533684071093e-17
396.06,-3.666044794388142e-14,2.876846373787719e-17
396.07,-3.6656036894046204e-14,2.889590264906939e-17
396.08,-3.6651835974041085e-14,2.889953450494325e-17
396.09,-3.664711926917067e-14,2.8936974389983154e-17
396.1,-3.664265172677598e-14,2.8894344792818934e-17
396.11,-3.663850006600495e-14,2.8984824353683726e-17
396.12,-3.66345482661197e-14,2.9117416966017756e-17
396.13,-3.662955383528621e-14,2.892851977339095e-17
396.14,-3.662449123650628e-14,2.877176721049489e-17
396.15,-3.6620679345592254e-14,2.8941627843685556e-17
396.16,-3.661627593774568e-14,2.8969301089396124e-17
396.17,-3.6611690393477244e-14,2.88260605960576e-17
396.18,-3.6606952143785495e-14,2.880793269359492e-17
396.19,-3.660285922284391e-14,2.892861548864872e-17
396.2,-3.6598394861900825e-14,2.893466585767242e-17
396.21,-3.6594451785539036e-14,2.874360876439996e-17
396.22,-3.6589495111670236e-14,2.906671128043144e-17
396.23,-3.658500304262766e-14,2.886055172381902e-17
396.24,-3.6580397930301114e-14,2.8773299286012e-17
396.25,-3.6576254292899314e-14,2.889880112188505e-17
396.26,-3.657169349699462e-14,2.8839045066069353e-17
396.27,-3.6567276387379255e-14,2.890351068318792e-17
396.28,-3.656274885450533e-14,2.8876695878445913e-17
396.29,-3.6558529978936124e-14,2.890460709185257e-17
396.3,-3.655327903893295e-14,2.868493191587516e-17
396.31,-3.654966455519855e-14,2.892190630200753e-17
396.32,-3.6545099301552436e-14,2.869369421720225e-17
396.33,-3.6540860378043064e-14,2.888649350868439e-17
396.34,-3.6536586002651933e-14,2.900054098689974e-17
396.35,-3.653211046260187e-14,2.8928718910164056e-17
396.36,-3.652748719720824e-14,2.879919843053337e-17
396.37,-3.652358117736071e-14,2.9079214647529794e-17
396.38,-3.6518454187678465e-14,2.874230313879395e-17
396.39,-3.6513999853897974e-14,2.887061727473504e-17
396.4,-3.6509794971262175e-14,2.8750554843420993e-17
396.41,-3.650446898043306e-14,2.851169202818115e-17
396.42,-3.6500906643093165e-14,2.881949475612856e-17
396.43,-3.649665993786556e-14,2.8895974727907103e-17
396.44,-3.6492396398705336e-14,2.888482431402121e-17
396.45,-3.64878556412873e-14,2.899756190986322e-17
396.46,-3.648314283604705e-14,2.883752767267383e-17
396.47,-3.647866985243761e-14,2.8784691161845184e-17
396.48,-3.6474753264356204e-14,2.8873600444239827e-17
396.49,-3.646998998534374e-14,2.891241163817213e-17
396.5,-3.646581342729197e-14,2.885071489614428e-17
396.51,-3.6461258613206204e-14,2.8805314856202526e-17
396.52,-3.645665711378636e-14,2.8859371829907464e-17
396.53,-3.645283267339307e-14,2.891264442623521e-17
396.54,-3.6447943720266644e-14,2.883474812736007e-17
396.55,-3.644390633173943e-14,2.896145431637649e-17
396.56,-3.643905879486059e-14,2.882996962772744e-17
396.57,-3.642954850206291e-14,2.698195866650042e-17
396.58,-3.643049649365284e-14,2.891120889852973e-17
396.59,-3.6426108570744465e-14,2.877762644719005e-17
396.6,-3.6421586239001974e-14,2.893997299899131e-17
396.61,-3.641692258434412e-14,2.878750967618266e-17
396.62,-3.641294858400768e-14,2.950556401406083e-17
396.63,-3.6408402409361245e-14,2.8856497791902575e-17
396.64,-3.6403777697782594e-14,2.8867968170627003e-17
396.65,-3.639909256615772e-14,2.861684047047264e-17
396.66,-3.639365747252996e-14,2.7439705692580317e-17
396.67,-3.6390725586713776e-14,2.885171641249458e-17
396.68,-3.6386783884564546e-14,2.88606530053655e-17
396.69,-3.6381925194591966e-14,2.8772463489086675e-17
396.7,-3.6377197345504686e-14,2.8757008979345587e-17
396.71,-3.637241975549061e-14,2.872458199207945e-17
396.72,-3.636903809883083e-14,2.8997669480719574e-17
396.73,-3.6364163178906867e-14,2.8794416926255456e-17
396.74,-3.6359769275234863e-14,2.874879485378279e-17
396.75,-3.635484339810242e-14,2.841467941650221e-17
396.76,-3.6350906576951604e-14,2.884035383284158e-17
396.77,-3.6345924078300724e-14,2.896795522816287e-17
396.78,-3.634197932192476e-14,2.872313924574757e-17
396.79,-3.6337877588551284e-14,2.8799039178935513e-17
396.8,-3.633310101383374e-14,2.8736254175001095e-17
396.81,-3.6327850846169344e-14,2.8358704209341064e-17
396.82,-3.6324336088542264e-14,2.862739833099836e-17
396.83,-3.632004132123772e-14,2.8701184875971017e-17
396.84,-3.631554248901309e-14,2.856646091205842e-17
396.85,-3.631120634815553e-14,2.884190542756029e-17
396.86,-3.63072765386775e-14,2.9483788728871226e-17
396.87,-3.6302712673724395e-14,2.885136602935808e-17
396.88,-3.6298293205140595e-14,2.8801083067597596e-17
396.89,-3.629371979108537e-14,2.8712727397712484e-17
396.9,-3.6289192104929377e-14,2.8760917703218e-17
396.91,-3.628466910226643e-14,2.873754410754607e-17
396.92,-3.6280430529048956e-14,2.873032516604001e-17
396.93,-3.6276136337365093e-14,2.875039898378238e-17
396.94,-3.627208845577344e-14,2.8763772778044574e-17
396.95,-3.6269962172517386e-14,3.007263376031221e-17
396.96,-3.626299378640205e-14,2.880531955439191e-17
396.97,-3.625876683858544e-14,2.879699912470793e-17
396.98,-3.6254113091110545e-14,2.869876913747411e-17
396.99,-3.62497688850183e-14,2.867340689040318e-17
397.0,-3.624546448969122e-14,2.871066448537896e-17
397.01,-3.624108288215782e-14,2.87750924553703e-17
397.02,-3.623685043819818e-14,2.8824746621742586e-17
397.03,-3.6232400795809215e-14,2.877793366153991e-17
397.04,-3.622536139444872e-14,2.866526552917904e-17
397.05,-3.622355280724399e-14,2.875181943428498e-17
397.06,-3.621901897648189e-14,2.8619292599498645e-17
397.07,-3.6214768739086323e-14,2.874139941184533e-17
397.08,-3.6210428893384625e-14,2.8773667208467506e-17
397.09,-3.620640034504122e-14,2.880786357529978e-17
397.1,-3.620148730677769e-14,2.870522007022539e-17
397.11,-3.619709229908609e-14,2.8540872694018676e-17
397.12,-3.619316639617458e-14,2.8863263187448824e-17
397.13,-3.618764358593839e-14,2.8601570864835766e-17
397.14,-3.618420628295194e-14,2.876750793708052e-17
397.15,-3.6179811951891235e-14,2.876026561264626e-17
397.16,-3.617569417838865e-14,2.9135144011436925e-17
397.17,-3.617094597144947e-14,2.867107620852619e-17
397.18,-3.6166770515746935e-14,2.879274779215122e-17
397.19,-3.616194978705244e-14,2.860132519456831e-17
397.2,-3.615747151353057e-14,2.8570656817117954e-17
397.21,-3.6153249761628384e-14,2.8291857712771586e-17
397.22,-3.6148464773008816e-14,2.863262924084726e-17
397.23,-3.614479788075103e-14,2.874809673209264e-17
397.24,-3.6140309462931876e-14,2.866317459832745e-17
397.25,-3.613602459706955e-14,2.8723232344068963e-17
397.26,-3.613176720979596e-14,2.8791062415610984e-17
397.27,-3.612718455981947e-14,2.865085810086607e-17
397.28,-3.612295183996829e-14,2.868164563199282e-17
397.29,-3.611853899526912e-14,2.8691622969061416e-17
397.3,-3.611374385882799e-14,2.866932736515701e-17
397.31,-3.6110569433568936e-14,2.8908836988911975e-17
397.32,-3.610540343369343e-14,2.869340458166636e-17
397.33,-3.6100977921366805e-14,2.8618688407103944e-17
397.34,-3.60965274975352e-14,2.8606357825211446e-17
397.35,-3.6091989609586063e-14,2.854653690497164e-17
397.36,-3.608768752305248e-14,2.85118216132677e-17
397.37,-3.608344784867668e-14,2.860896903324231e-17
397.38,-3.607838100785558e-14,2.8396629175490544e-17
397.39,-3.60743815230399e-14,2.858811936528315e-17
397.4,-3.607055828819697e-14,2.866039061193652e-17
397.41,-3.6066313741038755e-14,2.873667004566061e-17
397.42,-3.6061255580254503e-14,2.8707972935637105e-17
397.43,-3.6057254731326763e-14,2.862602959217499e-17
397.44,-3.605292639855789e-14,2.8656490047065627e-17
397.45,-3.604882260999821e-14,2.8788268725043854e-17
397.46,-3.6044113910135756e-14,2.8588520608850724e-17
397.47,-3.603965397099211e-14,2.837391064159657e-17
397.48,-3.6035992065415936e-14,2.880306153890606e-17
397.49,-3.6031353508438387e-14,2.875776610848819e-17
397.5,-3.602683250227607e-14,2.8675545480882236e-17
397.51,-3.602269576242333e-14,2.8716383987703117e-17
397.52,-3.601814598887088e-14,2.8652337701266285e-17
397.53,-3.6013645591720276e-14,2.856215395979571e-17
397.54,-3.6009538839763194e-14,2.8715206918734764e-17
397.55,-3.600448257112877e-14,2.855529361486489e-17
397.56,-3.600092981784824e-14,2.8773769890637097e-17
397.57,-3.599572695775977e-14,2.855943179197719e-17
397.58,-3.599193469557614e-14,2.8653341652744477e-17
397.59,-3.598770324996681e-14,2.870186746692443e-17
397.6,-3.598346478274803e-14,2.875492004654428e-17
397.61,-3.5979090607815007e-14,2.8682216126756785e-17
397.62,-3.5974431404014053e-14,2.8596137776311565e-17
397.63,-3.597063701253627e-14,2.878810849765707e-17
397.64,-3.5965749175781635e-14,2.8620368264881073e-17
397.65,-3.5962804647349374e-14,2.902107328227239e-17
397.66,-3.5956746156571324e-14,2.846325717406518e-17
397.67,-3.5952900914273964e-14,2.8590581106462087e-17
397.68,-3.594862015407544e-14,2.874685241847029e-17
397.69,-3.594449761830869e-14,2.872812650009883e-17
397.7,-3.593998293903979e-14,2.860640861889603e-17
397.71,-3.5935765105648324e-14,2.8595935574729177e-17
397.72,-3.5931437399704466e-14,2.868595668962549e-17
397.73,-3.592682011906448e-14,2.8582533685065383e-17
397.74,-3.5922738729896284e-14,2.881573991398691e-17
397.75,-3.591842758132145e-14,2.866157066619763e-17
397.76,-3.591367211238368e-14,2.854908641238839e-17
397.77,-3.5909601211374167e-14,2.861900733263248e-17
397.78,-3.5905125108020846e-14,2.859983160452489e-17
397.79,-3.590082330547081e-14,2.859490102255211e-17
397.8,-3.5896177422016645e-14,2.848974313003705e-17
397.81,-3.589227290583195e-14,2.8674666654719144e-17
397.82,-3.5887691669765733e-14,2.842473325176346e-17
397.83,-3.588336950283449e-14,2.867878404062867e-17
397.84,-3.588073195146871e-14,2.886027244807574e-17
397.85,-3.587503777857473e-14,2.8623875686865013e-17
397.86,-3.587070323543964e-14,2.874455044337695e-17
397.87,-3.586623682900782e-14,2.861637491317241e-17
397.88,-3.586217734336259e-14,2.8633318494337973e-17
397.89,-3.5858851065802854e-14,2.872880217574717e-17
397.9,-3.585356279084169e-14,2.859795890283908e-17
397.91,-3.584910163208639e-14,2.8620705773580534e-17
397.92,-3.584449987797143e-14,2.844915062629453e-17
397.93,-3.5840741085963076e-14,2.884429016066658e-17
397.94,-3.58358726024572e-14,2.851008915714939e-17
397.95,-3.5831712342846874e-14,2.8678710832761553e-17
397.96,-3.5827277506600524e-14,2.856168870489527e-17
397.97,-3.5822882173688943e-14,2.855631957767697e-17
397.98,-3.581859988299339e-14,2.86459560532156e-17
397.99,-3.58142167693037e-14,2.862144275068055e-17
398.0,-3.580985649838748e-14,2.859404006549098e-17
398.01,-3.580539703828481e-14,2.8532282888794295e-17
398.02,-3.580138205632444e-14,2.8563495766212556e-17
398.03,-3.579677206414114e-14,2.84429601541485e-17
398.04,-3.5792430960600105e-14,2.84580614436981e-17
398.05,-3.578811371274463e-14,2.8472196018939e-17
398.06,-3.5783948192646676e-14,2.850238139218835e-17
398.07,-3.577922173086165e-14,2.8409296867446656e-17
398.08,-3.5775211595882415e-14,2.8593898131382076e-17
398.09,-3.5771064946263886e-14,2.8308865279993235e-17
398.1,-3.5766552886440346e-14,2.840604660876499e-17
398.11,-3.576219557574126e-14,2.8508690336064374e-17
398.12,-3.5757638918667714e-14,2.8459237535034416e-17
398.13,-3.5753755686587694e-14,2.867468389769426e-17
398.14,-3.574935985263772e-14,2.851119619390911e-17
398.15,-3.5744941779141414e-14,2.8511079812384314e-17
398.16,-3.5740632356676126e-14,2.842943936436599e-17
398.17,-3.5736340570631633e-14,2.84346008256102e-17
398.18,-3.57323292084185e-14,2.8482447471602055e-17
398.19,-3.572778971786625e-14,2.848102129340799e-17
398.2,-3.572343468867228e-14,2.8503593657621357e-17
398.21,-3.571895508192783e-14,2.8422101831756394e-17
398.22,-3.5714940959195697e-14,2.850228647288578e-17
398.23,-3.571069587700577e-14,2.8550018258303934e-17
398.24,-3.5705988182558276e-14,2.843106842075702e-17
398.25,-3.570193570841521e-14,2.834838777182718e-17
398.26,-3.569769277492516e-14,2.840673280672773e-17
398.27,-3.5693237443301757e-14,2.8333248128091734e-17
398.28,-3.5689156902351444e-14,2.852178988749251e-17
398.29,-3.568466930928273e-14,2.844970319969153e-17
398.3,-3.568039589124797e-14,2.8385845186806034e-17
398.31,-3.5675266384306735e-14,2.839197299439751e-17
398.32,-3.5671311639619363e-14,2.8452313933914466e-17
398.33,-3.566737700524473e-14,2.839339274083652e-17
398.34,-3.5663324126282486e-14,2.848007840167228e-17
398.35,-3.565903289797536e-14,2.84735201653139e-17
398.36,-3.5655520933866125e-14,2.82474155034044e-17
398.37,-3.565064445420384e-14,2.848467611139119e-17
398.38,-3.5645854321786366e-14,2.834200771420581e-17
398.39,-3.564187771342361e-14,2.8419771224162845e-17
398.4,-3.5638068837389376e-14,2.8528520655564896e-17
398.41,-3.563330946280703e-14,2.8505286061237417e-17
398.42,-3.562921284309943e-14,2.8530891501978195e-17
398.43,-3.5624698378431694e-14,2.8477156667375436e-17
398.44,-3.5620380777867224e-14,2.849163893680398e-17
398.45,-3.561677729724892e-14,2.900998527648708e-17
398.46,-3.561150034247523e-14,2.8301860731572825e-17
398.47,-3.560718439585984e-14,2.8337471203778255e-17
398.48,-3.560294635655215e-14,2.843773430794906e-17
398.49,-3.55986869934642e-14,2.8336334557774926e-17
398.5,-3.5594468641728836e-14,2.8567633604820093e-17
398.51,-3.5590132039751235e-14,2.8375913566903776e-17
398.52,-3.5585898632147113e-14,2.83369647054049e-17
398.53,-3.5581423665472307e-14,2.8337064035965937e-17
398.54,-3.557759949655687e-14,2.8794703788718204e-17
398.55,-3.5573213924315614e-14,2.8411341023358e-17
398.56,-3.5568556230651255e-14,2.825033966242879e-17
398.57,-3.5564475416183044e-14,2.8348575299549004e-17
398.58,-3.5559892874668155e-14,2.82793021401753e-17
398.59,-3.555533188750988e-14,2.784206301737768e-17
398.6,-3.555161188485422e-14,2.8415288275753623e-17
398.61,-3.55470262792299e-14,2.826825003873607e-17
398.62,-3.554295489956906e-14,2.840538504967033e-17
398.63,-3.55381414000556e-14,2.8448984167655464e-17
398.64,-3.553455582646495e-14,2.832860818370793e-17
398.65,-3.552972696932224e-14,2.792505696903663e-17
398.66,-3.552554361581419e-14,2.820775879204598e-17
398.67,-3.5521440905416905e-14,2.831033756592593e-17
398.68,-3.551708988244579e-14,2.798777643055003e-17
398.69,-3.5513149563663e-14,2.8759733611254974e-17
398.7,-3.550874986576157e-14,2.832590482655134e-17
398.71,-3.5504372183230416e-14,2.832490377242378e-17
398.72,-3.549965890655192e-14,2.814214813426927e-17
398.73,-3.549584057999132e-14,2.828855000366064e-17
398.74,-3.5490151364149894e-14,2.77531000631687e-17
398.75,-3.5487271527581655e-14,2.8281908672002304e-17
398.76,-3.548314059925253e-14,2.829795637887148e-17
398.77,-3.5478614231407406e-14,2.823376804326376e-17
398.78,-3.5474418999268876e-14,2.8011742864735773e-17
398.79,-3.547046007654292e-14,2.826350103565475e-17
398.8,-3.5465816880052596e-14,2.826899243559848e-17
398.81,-3.54615261386731e-14,2.815367517372115e-17
398.82,-3.5457611963132676e-14,2.833365193771301e-17
398.83,-3.5452370473142166e-14,2.853229451927159e-17
398.84,-3.5448796451576274e-14,2.814533155799137e-17
398.85,-3.5444376610971496e-14,2.818903827658573e-17
398.86,-3.5440119034497533e-14,2.8170943815299804e-17
398.87,-3.543597397087883e-14,2.808119835419518e-17
398.88,-3.543171637672139e-14,2.810878746931111e-17
398.89,-3.542661292326653e-14,2.802458560890874e-17
398.9,-3.542286183309547e-14,2.807417717207531e-17
398.91,-3.541841159251444e-14,2.817641996070825e-17
398.92,-3.541454635979026e-14,2.854319555615591e-17
398.93,-3.5410457877690156e-14,2.817670656145104e-17
398.94,-3.540589410057846e-14,2.8157371049353466e-17
398.95,-3.540182492289396e-14,2.8149477264423793e-17
398.96,-3.5397359879708924e-14,2.8007214269889104e-17
398.97,-3.5393449883919066e-14,2.813408797653625e-17
398.98,-3.5389044112415105e-14,2.815784515428566e-17
398.99,-3.538445273114795e-14,2.8041005560562396e-17
399.0,-3.5380753058008666e-14,2.8156012968114746e-17
399.01,-3.537655008052173e-14,2.8422491859313423e-17
399.02,-3.537202703315812e-14,2.811647053333114e-17
399.03,-3.536746937704294e-14,2.82312322000517e-17
399.04,-3.536333675284008e-14,2.805740410383863e-17
399.05,-3.535924440708766e-14,2.8203677735185054e-17
399.06,-3.5355176725842775e-14,2.821834308352383e-17
399.07,-3.5350746487832215e-14,2.811892430284635e-17
399.08,-3.5346739658071606e-14,2.8187729753629086e-17
399.09,-3.5341983783920106e-14,2.809683979373724e-17
399.1,-3.5338297557497924e-14,2.819054346445727e-17
399.11,-3.533359979160726e-14,2.794371058107937e-17
399.12,-3.5329346728352097e-14,2.8138356714524035e-17
399.13,-3.53250725827952e-14,2.795033243961356e-17
399.14,-3.532091083208196e-14,2.801867927907557e-17
399.15,-3.531645573810186e-14,2.798503749843537e-17
399.16,-3.531245175894294e-14,2.80102530588366e-17
399.17,-3.530777714428064e-14,2.79230847747946e-17
399.18,-3.530485369640496e-14,2.850349532582216e-17
399.19,-3.529951501830044e-14,2.810322617802413e-17
399.2,-3.529528611444224e-14,2.7937933354494176e-17
399.21,-3.5291212128534733e-14,2.803911274909361e-17
399.22,-3.5286900201942e-14,2.804849645261475e-17
399.23,-3.5282885273939914e-14,2.7956342575906324e-17
399.24,-3.527845792675463e-14,2.8106858956500366e-17
399.25,-3.527408946011157e-14,2.806273206624481e-17
399.26,-3.526978796796524e-14,2.787378387350641e-17
399.27,-3.5265304417951594e-14,2.797224968280652e-17
399.28,-3.5261380052225467e-14,2.8055028135191665e-17
399.29,-3.525694166830957e-14,2.8026858024917076e-17
399.3,-3.5252860440502413e-14,2.795837115526677e-17
399.31,-3.524867360925245e-14,2.796753944903604e-17
399.32,-3.5244409109033336e-14,2.805890627640124e-17
399.33,-3.5238395191704315e-14,2.74519411771796e-17
399.34,-3.523572924046367e-14,2.7900504872967155e-17
399.35,-3.523193246435573e-14,2.804489565558137e-17
399.36,-3.5226214143244883e-14,2.7595923321715592e-17
399.37,-3.522372317349508e-14,2.8212791332113995e-17
399.38,-3.5219039555469455e-14,2.801070197598652e-17
399.39,-3.5214536709821775e-14,2.802423301945184e-17
399.4,-3.521043687539518e-14,2.7846527786254507e-17
399.41,-3.520605077315993e-14,2.7859055537544256e-17
399.42,-3.5201998500284256e-14,2.7929540248413656e-17
399.43,-3.5197477854850916e-14,2.777551067957078e-17
399.44,-3.5192918061008784e-14,2.764727754095711e-17
399.45,-3.518948637512633e-14,2.7844903307264104e-17
399.46,-3.5184776980499585e-14,2.788757097441498e-17
399.47,-3.518109493694873e-14,2.800204970025951e-17
399.48,-3.5177059559123336e-14,2.787315354439707e-17
399.49,-3.517226268341664e-14,2.7850489788439754e-17
399.5,-3.516826710498764e-14,2.788465917283854e-17
399.51,-3.5164304371784825e-14,2.80113999531251e-17
399.52,-3.5159362968929924e-14,2.783348754408619e-17
399.53,-3.5156225611072316e-14,2.77306465978892e-17
399.54,-3.5151249714212313e-14,2.778583675349409e-17
399.55,-3.514677401744307e-14,2.786031788983362e-17
399.56,-3.514274739138333e-14,2.783595638961943e-17
399.57,-3.513844036061095e-14,2.777104275899574e-17
399.58,-3.5134364016196565e-14,2.786111192030687e-17
399.59,-3.513013269344686e-14,2.782227064885232e-17
399.6,-3.512590023181297e-14,2.784386284927327e-17
399.61,-3.512157939774727e-14,2.776770613035492e-17
399.62,-3.511657264212618e-14,2.7339614027495314e-17
399.63,-3.5113449074404274e-14,2.783362928993576e-17
399.64,-3.510911002391894e-14,2.785897621164376e-17
399.65,-3.510461075585105e-14,2.7769428074493345e-17
399.66,-3.510044645167774e-14,2.7747217086971634e-17
399.67,-3.509635077067279e-14,2.7806728573376194e-17
399.68,-3.5092041782904876e-14,2.777047840095943e-17
399.69,-3.5088057484438524e-14,2.7836739406790036e-17
399.7,-3.50837749798077e-14,2.778367781152288e-17
399.71,-3.5079482632653495e-14,2.7718915488479783e-17
399.72,-3.507460546552501e-14,2.7880254260160945e-17
399.73,-3.507067669548284e-14,2.7713577344929875e-17
399.74,-3.5066767369397514e-14,2.7559343651626416e-17
399.75,-3.5062492876453045e-14,2.770817381496407e-17
399.76,-3.5058321737876147e-14,2.7726715757099688e-17
399.77,-3.505421488505683e-14,2.7722444035596427e-17
399.78,-3.504972510962378e-14,2.7491929157625435e-17
399.79,-3.504549097898112e-14,2.7622897550088944e-17
399.8,-3.504143720939268e-14,2.7600010364729623e-17
399.81,-3.5037531080297335e-14,2.7989743588459945e-17
399.82,-3.503309915551975e-14,2.7761964470400935e-17
399.83,-3.502918085164857e-14,2.77365308919016e-17
399.84,-3.502461559085809e-14,2.763778881802017e-17
399.85,-3.502032512146725e-14,2.7713519307012987e-17
399.86,-3.501627780009325e-14,2.7511258789910092e-17
399.87,-3.5012157837582757e-14,2.770242190109689e-17
399.88,-3.5007115502394804e-14,2.741246808423264e-17
399.89,-3.500399119172732e-14,2.78475042076357e-17
399.9,-3.499903636475709e-14,2.748466615777447e-17
399.91,-3.49950666584133e-14,2.7636307428168914e-17
399.92,-3.4991207612191493e-14,2.7996212197775237e-17
399.93,-3.498668556574378e-14,2.7592932330891235e-17
399.94,-3.498231779871269e-14,2.7533451607378206e-17
399.95,-3.49781956411563e-14,2.7577225666204387e-17
399.96,-3.497414811120781e-14,2.7540424104318022e-17
399.97,-3.496961582322172e-14,2.743256802269419e-17
399.98,-3.49653692799993e-14,2.7510567294948472e-17
399.99,-3.496128878684843e-14,2.755425065016464e-17
400.0,-3.495763642968381e-14,2.7586247014743587e-17
400.01,-3.495327299794551e-14,2.7683377884221464e-17
400.02,-3.494860885188814e-14,2.7536953186740328e-17
400.03,-3.494462163027725e-14,2.7496254992628387e-17
400.04,-3.494042553599471e-14,2.746030618706862e-17
400.05,-3.493635457467244e-14,2.7583022509017143e-17
400.06,-3.493209422501395e-14,2.747845882022519e-17
400.07,-3.492777777227111e-14,2.711029766560808e-17
400.08,-3.492400780172846e-14,2.7619505900650352e-17
400.09,-3.4919461212142665e-14,2.7527370359479418e-17
400.1,-3.491531573255668e-14,2.7447689301435477e-17
400.11,-3.4911134751492215e-14,2.7535617379608665e-17
400.12,-3.4907220558154307e-14,2.758271629704949e-17
400.13,-3.490263267185953e-14,2.7479220169668096e-17
400.14,-3.4898637184846115e-14,2.7480236225826454e-17
400.15,-3.489430078063929e-14,2.73677373199118e-17
400.16,-3.4890137711948e-14,2.740428325116383e-17
400.17,-3.4886090528912216e-14,2.7477788451120342e-17
400.18,-3.4881740889051094e-14,2.7396107153591372e-17
400.19,-3.487797997287714e-14,2.7564325764128177e-17
400.2,-3.487330552624959e-14,2.7377865155440813e-17
400.21,-3.4869366234055215e-14,2.740437075673487e-17
400.22,-3.486540319399337e-14,2.7484455602480385e-17
400.23,-3.4860804813985926e-14,2.7400316231538233e-17
400.24,-3.485773936183906e-14,2.747215764395557e-17
400.25,-3.4852724503198726e-14,2.739458934418222e-17
400.26,-3.484846850978327e-14,2.7542895787169553e-17
400.27,-3.484433621670827e-14,2.7426515727895995e-17
400.28,-3.48399095384629e-14,2.7351824811680192e-17
400.29,-3.483562845011678e-14,2.734601619239042e-17
400.3,-3.483138665618918e-14,2.730639613314942e-17
400.31,-3.482740266579671e-14,2.7313007521831687e-17
400.32,-3.482324378520575e-14,2.7387236202142174e-17
400.33,-3.481992208601084e-14,2.7506201484392625e-17
400.34,-3.4815133685761956e-14,2.73300851952492e-17
400.35,-3.481061748390502e-14,2.7414356136031542e-17
400.36,-3.4806468942610366e-14,2.728455935752474e-17
400.37,-3.4802283523305535e-14,2.7277301238264072e-17
400.38,-3.4797912507667445e-14,2.724265745877675e-17
400.39,-3.479384588760987e-14,2.724936476335121e-17
400.4,-3.478995009510201e-14,2.7370624631450348e-17
400.41,-3.478556914787439e-14,2.730506018699548e-17
400.42,-3.4778985929422726e-14,2.776241412600797e-17
400.43,-3.4777305443806775e-14,2.7214212348747094e-17
400.44,-3.477284517981017e-14,2.7051283986611097e-17
400.45,-3.476874971870554e-14,2.7246494506265144e-17
400.46,-3.4764639324268444e-14,2.7257843654075495e-17
400.47,-3.47600452354861e-14,2.7039970884538794e-17
400.48,-3.4756274026608313e-14,2.721897473798855e-17
400.49,-3.475234587639749e-14,2.72086164388068e-17
400.5,-3.4747987821629594e-14,2.7255639782368807e-17
400.51,-3.474486663492207e-14,2.842920939361042e-17
400.52,-3.4739775151512066e-14,2.7232485600053355e-17
400.53,-3.473492376174643e-14,2.7169522040172096e-17
400.54,-3.473128286013418e-14,2.7245776371949633e-17
400.55,-3.4727340113515456e-14,2.7223733668524265e-17
400.56,-3.4723653186053704e-14,2.7391051620081335e-17
400.57,-3.471886878092357e-14,2.7136024748965034e-17
400.58,-3.471474978322179e-14,2.71931372909217e-17
400.59,-3.471041361678609e-14,2.723170875831548e-17
400.6,-3.470719115870948e-14,2.7597065269128076e-17
400.61,-3.470217398358516e-14,2.714642137932681e-17
400.62,-3.4698852661604323e-14,2.7512397955823838e-17
400.63,-3.469392551818069e-14,2.7144835977707966e-17
400.64,-3.468980949398864e-14,2.716853689777604e-17
400.65,-3.468587503004505e-14,2.7369083335702015e-17
400.66,-3.4681364395678e-14,2.703779454029611e-17
400.67,-3.467714338352888e-14,2.7124713832280796e-17
400.68,-3.467301530221985e-14,2.7157429666631672e-17
400.69,-3.4670266522992896e-14,2.7522152787738447e-17
400.7,-3.466490774733844e-14,2.7214208405569788e-17
400.71,-3.466108442136246e-14,2.729603506405412e-17
400.72,-3.465648227075675e-14,2.7176312487440465e-17
400.73,-3.465235097727667e-14,2.7131233201907424e-17
400.74,-3.464830150682759e-14,2.7197818404791188e-17
400.75,-3.464458699237831e-14,2.7405730559954064e-17
400.76,-3.463994802852547e-14,2.7183009340067386e-17
400.77,-3.463597109426053e-14,2.7144034396324013e-17
400.78,-3.4631422561294965e-14,2.714419819405564e-17
400.79,-3.4627423582537746e-14,2.7159906632856318e-17
400.8,-3.46237897871936e-14,2.7060736734703448e-17
400.81,-3.461918481653075e-14,2.713321055261208e-17
400.82,-3.461502624296522e-14,2.710495329538073e-17
400.83,-3.461079927860878e-14,2.710362167892815e-17
400.84,-3.460683798259496e-14,2.7103650956809005e-17
400.85,-3.4602592182494923e-14,2.708772588654553e-17
400.86,-3.459844476492516e-14,2.7147036725626225e-17
400.87,-3.4593994576070833e-14,2.696441112385406e-17
400.88,-3.459016308555765e-14,2.7076489733303428e-17
400.89,-3.458871151403147e-14,2.6658059592581242e-17
400.9,-3.4581650515424154e-14,2.6928880894095605e-17
400.91,-3.457781847076509e-14,2.7030494205657256e-17
400.92,-3.4573606470485977e-14,2.705876502545959e-17
400.93,-3.4569579180487707e-14,2.7102792267285465e-17
400.94,-3.4565049946787065e-14,2.696688590100444e-17
400.95,-3.4561110427363416e-14,2.699254658387936e-17
400.96,-3.4556612577959413e-14,2.701052822964087e-17
400.97,-3.4552645779304984e-14,2.698599991322653e-17
400.98,-3.4549955911314556e-14,2.7420091935031454e-17
400.99,-3.4544359604913797e-14,2.6878564175461943e-17
401.0,-3.4539992799959514e-14,2.6846362648758034e-17
401.01,-3.4536353287996176e-14,2.714999562099893e-17
401.02,-3.453217679306052e-14,2.7024304086596214e-17
401.03,-3.4528001601806793e-14,2.699034481067181e-17
401.04,-3.452386632870503e-14,2.6995612662267865e-17
401.05,-3.451973911399636e-14,2.7054282461204723e-17
401.06,-3.451523982415832e-14,2.6885541775151237e-17
401.07,-3.4511914017033645e-14,2.7160219972217e-17
401.08,-3.4507275395783836e-14,2.693564229150072e-17
401.09,-3.450319935653388e-14,2.6993813452812924e-17
401.1,-3.449909661891877e-14,2.7020086451933538e-17
401.11,-3.449506450898841e-14,2.698808102878942e-17
401.12,-3.4490419709274224e-14,2.6878992802731848e-17
401.13,-3.448650126918018e-14,2.6951428071974848e-17
401.14,-3.448273429120578e-14,2.7016715552984995e-17
401.15,-3.447845699587658e-14,2.6963389315385696e-17
401.16,-3.4474951863625345e-14,2.704994513626073e-17
401.17,-3.4469984061941945e-14,2.679693098095724e-17
401.18,-3.4465951464555246e-14,2.693220608394136e-17
401.19,-3.446197319113638e-14,2.6925394240933953e-17
401.2,-3.4457720610244936e-14,2.689368693579101e-17
401.21,-3.4453565954392464e-14,2.6875837660037678e-17
401.22,-3.444938681885399e-14,2.682964834507976e-17
401.23,-3.444562390178981e-14,2.6957266735084493e-17
401.24,-3.4441526669649065e-14,2.6984414320452053e-17
401.25,-3.443716998369819e-14,2.6887637018063103e-17
401.26,-3.443292814368154e-14,2.6833832427979773e-17
401.27,-3.4428947997196576e-14,2.6999760632288386e-17
401.28,-3.442491533248623e-14,2.6943822735757373e-17
401.29,-3.4420510859775187e-14,2.6841707150664593e-17
401.3,-3.4417205708294975e-14,2.7093379414900355e-17
401.31,-3.4412310100658736e-14,2.688262700934602e-17
401.32,-3.440876374581373e-14,2.697003550795267e-17
401.33,-3.4404606015338265e-14,2.6785174875513607e-17
401.34,-3.440021349593003e-14,2.691035268040982e-17
401.35,-3.439609750872047e-14,2.6897137822114884e-17
401.36,-3.439134307064223e-14,2.6743631766701632e-17
401.37,-3.438766254378229e-14,2.6806110920442272e-17
401.38,-3.4383690032319675e-14,2.685738719186136e-17
401.39,-3.4379334230601026e-14,2.6793144692397863e-17
401.4,-3.4375166471738885e-14,2.701223926237367e-17
401.41,-3.4372255127331926e-14,2.7048873411751734e-17
401.42,-3.43670763550928e-14,2.6808903117079438e-17
401.43,-3.436331437683131e-14,2.686736814647128e-17
401.44,-3.435891005746815e-14,2.6723781720815506e-17
401.45,-3.435468221614484e-14,2.6730364625465723e-17
401.46,-3.4350632548542426e-14,2.6723783741904515e-17
401.47,-3.434651447969439e-14,2.6826097741539142e-17
401.48,-3.4342363440338995e-14,2.671879761710926e-17
401.49,-3.433834241427561e-14,2.6778734437825194e-17
401.5,-3.4334721901368335e-14,2.686975553047962e-17
401.51,-3.4330239925439945e-14,2.6948395357616272e-17
401.52,-3.432612698069184e-14,2.6829288025668316e-17
401.53,-3.432188242719522e-14,2.6645521732423555e-17
401.54,-3.4317849651297594e-14,2.6723167015256076e-17
401.55,-3.431359650230004e-14,2.6710430277938857e-17
401.56,-3.4309708241284004e-14,2.6687087744661943e-17
401.57,-3.430588432277402e-14,2.68122788467888e-17
401.58,-3.4301278158986175e-14,2.672265636247317e-17
401.59,-3.4296715753401514e-14,2.658510544296423e-17
401.6,-3.429363345324498e-14,2.6860251937095936e-17
401.61,-3.42889978187566e-14,2.677898463856009e-17
401.62,-3.428481753008101e-14,2.6624592950651864e-17
401.63,-3.4280821701262885e-14,2.6766201006698708e-17
401.64,-3.427678853586803e-14,2.66836886962037e-17
401.65,-3.4272614526500073e-14,2.6717799806769003e-17
401.66,-3.4268469401182345e-14,2.6663521782114684e-17
401.67,-3.426448613387476e-14,2.6697769381354764e-17
401.68,-3.425997333755333e-14,2.652525919539327e-17
401.69,-3.4256133269059256e-14,2.6638134560468468e-17
401.7,-3.4252101219882153e-14,2.6647923495495452e-17
401.71,-3.4248134909745686e-14,2.665932312708656e-17
401.72,-3.4243963040275496e-14,2.6692066378842137e-17
401.73,-3.4239943283134257e-14,2.6660671488351097e-17
401.74,-3.42358910204762e-14,2.6661109869297555e-17
401.75,-3.423174940746466e-14,2.6671010620363036e-17
401.76,-3.422756262932134e-14,2.6615923991593388e-17
401.77,-3.422349305563676e-14,2.6564175378264422e-17
401.78,-3.421906119611223e-14,2.6367345944723834e-17
401.79,-3.421510329939384e-14,2.65925722881122e-17
401.8,-3.4210056716583484e-14,2.6334346396975416e-17
401.81,-3.4207060844591675e-14,2.6615372084739743e-17
401.82,-3.42030035782412e-14,2.662792394638912e-17
401.83,-3.4198634297629295e-14,2.627009648766406e-17
401.84,-3.419498953802577e-14,2.6605930734367696e-17
401.85,-3.419085324789812e-14,2.6629674094671952e-17
401.86,-3.41867467668349e-14,2.657615467772007e-17
401.87,-3.4182871614459467e-14,2.6638869723169785e-17
401.88,-3.4178566474670726e-14,2.6662234130338112e-17
401.89,-3.417368915169036e-14,2.6483069371241373e-17
401.9,-3.4170531667853675e-14,2.6728928561550267e-17
401.91,-3.416623462214727e-14,2.65406745596998e-17
401.92,-3.4161942532362795e-14,2.660780763673798e-17
401.93,-3.415825795614939e-14,2.6746772252978853e-17
401.94,-3.4153630405359326e-14,2.663940837024718e-17
401.95,-3.41495881543147e-14,2.6563852103023745e-17
401.96,-3.41461770371562e-14,2.6662472057486038e-17
401.97,-3.414178020439172e-14,2.668548099417142e-17
401.98,-3.4137645942018775e-14,2.664126385212825e-17
401.99,-3.4133472003688046e-14,2.6397010653479953e-17
402.0,-3.412957039674461e-14,2.6602448299531605e-17
402.01,-3.412557431185825e-14,2.665282566084092e-17
402.02,-3.4121426172691326e-14,2.6617726163170704e-17
402.03,-3.4117390638135695e-14,2.6536080895055205e-17
402.04,-3.4113891831366724e-14,2.6990387496303376e-17
402.05,-3.4108935037584636e-14,2.6593828615049706e-17
402.06,-3.410539013563537e-14,2.6709671399037655e-17
402.07,-3.4100986828722874e-14,2.65802849173976e-17
402.08,-3.4097078410227894e-14,2.653608312046483e-17
402.09,-3.4092580850400316e-14,2.6249099318649034e-17
402.1,-3.408891514664674e-14,2.6580028154837573e-17
402.11,-3.408477090255634e-14,2.659281977883425e-17
402.12,-3.408094408522236e-14,2.661499809111822e-17
402.13,-3.407492371599612e-14,2.6169261926763597e-17
402.14,-3.4072943503647766e-14,2.6644428553130548e-17
402.15,-3.406841803428459e-14,2.659859664733176e-17
402.16,-3.406437336646714e-14,2.6576317985187528e-17
402.17,-3.4060392511951303e-14,2.6537366049630962e-17
402.18,-3.405646565969062e-14,2.662394275386369e-17
402.19,-3.405223161918264e-14,2.6543310916017975e-17
402.2,-3.404837450168711e-14,2.6549583351538264e-17
402.21,-3.40432270246025e-14,2.6530167284456888e-17
402.22,-3.4039970878796676e-14,2.6513839738382934e-17
402.23,-3.403589430137977e-14,2.6551054544250332e-17
402.24,-3.40318758717271e-14,2.6628270316178934e-17
402.25,-3.402793953820956e-14,2.6490673648598838e-17
402.26,-3.402373860193304e-14,2.654314173959872e-17
402.27,-3.4019581599922196e-14,2.654448848104309e-17
402.28,-3.4015643893271624e-14,2.6529303158846372e-17
402.29,-3.4011714853859843e-14,2.655956853599311e-17
402.3,-3.40067002798197e-14,2.5950152636224438e-17
402.31,-3.4003612460115947e-14,2.6615626386500156e-17
402.32,-3.399870210277645e-14,2.6344342635807663e-17
402.33,-3.3995124047554764e-14,2.639096430609688e-17
402.34,-3.399104880491641e-14,2.6448229557705398e-17
402.35,-3.398728960514282e-14,2.6398546449422762e-17
402.36,-3.398297980975501e-14,2.6372483648298447e-17
402.37,-3.397907533595658e-14,2.6566667719089044e-17
402.38,-3.3975085296880215e-14,2.6497822247794972e-17
402.39,-3.397116804785583e-14,2.617883246147995e-17
402.4,-3.396703599872727e-14,2.6663860201238916e-17
402.41,-3.396319005752108e-14,2.670463581522434e-17
402.42,-3.3958718971503654e-14,2.649501959029099e-17
402.43,-3.395436598920833e-14,2.6319948543295158e-17
402.44,-3.395154082307401e-14,2.683188052493426e-17
402.45,-3.394660412184791e-14,2.6447263905811264e-17
402.46,-3.394248930670265e-14,2.6499965551603142e-17
402.47,-3.393845727751013e-14,2.646534838119024e-17
402.48,-3.393504883858657e-14,2.6343013980950863e-17
402.49,-3.3930359240975586e-14,2.6392628441191743e-17
402.5,-3.3926314153062386e-14,2.6550518731858227e-17
402.51,-3.392251777282038e-14,2.653674032036855e-17
402.52,-3.3918261151997915e-14,2.6462349394215267e-17
402.53,-3.391406502282394e-14,2.6448796068743896e-17
402.54,-3.391005639935177e-14,2.641539383401858e-17
402.55,-3.390608262927783e-14,2.6461183153186517e-17
402.56,-3.3902133478890054e-14,2.6518681411396914e-17
402.57,-3.389853589289001e-14,2.673814200175072e-17
402.58,-3.3894068815921625e-14,2.6445473960821908e-17
402.59,-3.388991381270146e-14,2.6887246375734035e-17
402.6,-3.3886203555476334e-14,2.654248567978299e-17
402.61,-3.3881902100157606e-14,2.6451785220419384e-17
402.62,-3.3877670983151395e-14,2.6341265068597138e-17
402.63,-3.3873626628209453e-14,2.5867935434675043e-17
402.64,-3.3869713492826335e-14,2.6451449407370415e-17
402.65,-3.386579239765851e-14,2.6444547580087968e-17
402.66,-3.386178529908167e-14,2.6627584381318484e-17
402.67,-3.3857653052062535e-14,2.6429114463847867e-17
402.68,-3.385450667625427e-14,2.7203284108257486e-17
402.69,-3.384936331762417e-14,2.6445338800099504e-17
402.7,-3.384571107148147e-14,2.655698598182265e-17
402.71,-3.384126500195395e-14,2.6383139695281902e-17
402.72,-3.383669616322402e-14,2.6397355302342485e-17
402.73,-3.3833172517199243e-14,2.6419089959259072e-17
402.74,-3.3829436186227625e-14,2.6488112194481774e-17
402.75,-3.382533177397491e-14,2.641868909615966e-17
402.76,-3.3821546634260873e-14,2.6408331032631204e-17
402.77,-3.381852318753695e-14,2.6482174413228182e-17
402.78,-3.381330436750443e-14,2.6631754436396828e-17
402.79,-3.380920739858657e-14,2.6442343708644575e-17
402.8,-3.380512389188035e-14,2.6474574621182246e-17
402.81,-3.380119588197302e-14,2.656988843790659e-17
402.82,-3.3797082783140843e-14,2.6474027949781162e-17
402.83,-3.379330536937288e-14,2.6465082166958487e-17
402.84,-3.378901218957213e-14,2.6464398023984598e-17
402.85,-3.378542208274835e-14,2.6461531340008017e-17
402.86,-3.378141454341297e-14,2.6395389590409064e-17
402.87,-3.377677633140314e-14,2.6305230241160518e-17
402.88,-3.377298318292432e-14,2.6404025533519903e-17
402.89,-3.376889897541944e-14,2.636366204238511e-17
402.9,-3.376353235846636e-14,2.5919931705131504e-17
402.91,-3.376043959788404e-14,2.6264919609428626e-17
402.92,-3.375703852249996e-14,2.643835589396545e-17
402.93,-3.375245266592569e-14,2.6354545302183555e-17
402.94,-3.374800953784624e-14,2.604621110270273e-17
402.95,-3.3745254997230837e-14,2.6199291977374203e-17
402.96,-3.3740836949547395e-14,2.6407997435710545e-17
402.97,-3.373689617812387e-14,2.630230443236561e-17
402.98,-3.373213652787509e-14,2.6389588798889703e-17
402.99,-3.372862215301952e-14,2.640051262766007e-17
403.0,-3.372461404568967e-14,2.6353776665261354e-17
403.01,-3.3720433031260915e-14,2.635578840778658e-17
403.02,-3.371652076929894e-14,2.634790480768683e-17
403.03,-3.371264055129245e-14,2.6362461737475652e-17
403.04,-3.370843465272187e-14,2.6246688821923875e-17
403.05,-3.370451077463139e-14,2.6382000153244434e-17
403.06,-3.37006375509852e-14,2.637536814937529e-17
403.07,-3.369660420169019e-14,2.638622751564864e-17
403.08,-3.369257726742333e-14,2.6470709100457084e-17
403.09,-3.368856111207703e-14,2.6319777400553244e-17
403.1,-3.3683995115269966e-14,2.6216876013104925e-17
403.11,-3.368063235190085e-14,2.647705790370499e-17
403.12,-3.3676762298255356e-14,2.6269753228760996e-17
403.13,-3.367245381110772e-14,2.6359375053774004e-17
403.14,-3.3668363271427765e-14,2.6289318472801252e-17
403.15,-3.366424457220322e-14,2.636662314420986e-17
403.16,-3.366057529810126e-14,2.6418341357737667e-17
403.17,-3.365637151132857e-14,2.6428298677441505e-17
403.18,-3.36524708999642e-14,2.6366681707080655e-17
403.19,-3.364809836958651e-14,2.6361393575873272e-17
403.2,-3.3643621860965083e-14,2.60648704042914e-17
403.21,-3.364067205802316e-14,2.6526908779160704e-17
403.22,-3.3636406367555356e-14,2.624698547824931e-17
403.23,-3.363184920472719e-14,2.628769499000551e-17
403.24,-3.362869285601318e-14,2.6658211138448125e-17
403.25,-3.362369854736618e-14,2.6255960012057092e-17
403.26,-3.362000171967982e-14,2.6259906817501354e-17
403.27,-3.361532846518988e-14,2.628657488396692e-17
403.28,-3.3612172724096966e-14,2.6399566416109257e-17
403.29,-3.360831552292668e-14,2.6247170316100724e-17
403.3,-3.360401151326741e-14,2.6279006508585833e-17
403.31,-3.3600276202403865e-14,2.627614883828181e-17
403.32,-3.359654681329636e-14,2.6304244238300818e-17
403.33,-3.3592697000280663e-14,2.641904262217383e-17
403.34,-3.358819808769431e-14,2.627933653272613e-17
403.35,-3.3584135889315817e-14,2.6301864546595163e-17
403.36,-3.358043080591215e-14,2.633707219306472e-17
403.37,-3.357602598886398e-14,2.631683804254982e-17
403.38,-3.357252302599535e-14,2.6454199396495482e-17
403.39,-3.356816978790752e-14,2.6249085733434274e-17
403.4,-3.35644847540412e-14,2.6410333289913987e-17
403.41,-3.355967722425226e-14,2.6176575979320288e-17
403.42,-3.355587274382701e-14,2.617940539913915e-17
403.43,-3.3552326829457755e-14,2.6376584157746127e-17
403.44,-3.354798346599586e-14,2.6175601293084564e-17
403.45,-3.3544243331707555e-14,2.619680455261953e-17
403.46,-3.3540326951711955e-14,2.6312199522683582e-17
403.47,-3.3535133112058374e-14,2.623597197165191e-17
403.48,-3.353129132726478e-14,2.6023162205966232e-17
403.49,-3.352822867228773e-14,2.627576864553058e-17
403.5,-3.3524137480013504e-14,2.6289547569928205e-17
403.51,-3.352023765394964e-14,2.63060404714152e-17
403.52,-3.351621985939852e-14,2.6274031819162744e-17
403.53,-3.3512275742137716e-14,2.6240776369844532e-17
403.54,-3.3508204694180073e-14,2.633710198069392e-17
403.55,-3.3503893709292654e-14,2.616061761322153e-17
403.56,-3.350061402075008e-14,2.641731583753249e-17
403.57,-3.34957582568731e-14,2.6086056760244648e-17
403.58,-3.349249046109415e-14,2.6254980322204248e-17
403.59,-3.348842863902658e-14,2.6254662444608785e-17
403.6,-3.348417918593204e-14,2.6184886563567747e-17
403.61,-3.3480453555067196e-14,2.623203490079497e-17
403.62,-3.347619619998594e-14,2.6193719074304218e-17
403.63,-3.347222739361458e-14,2.6152646663555847e-17
403.64,-3.3468069930417207e-14,2.5974752543845327e-17
403.65,-3.346418779284457e-14,2.6202818044404522e-17
403.66,-3.346036536596752e-14,2.614595701165094e-17
403.67,-3.34565304315943e-14,2.6291930672945636e-17
403.68,-3.3452481695700755e-14,2.6237239747389873e-17
403.69,-3.344859077591086e-14,2.6301426869712277e-17
403.7,-3.3444243142788046e-14,2.6161327795884085e-17
403.71,-3.3440100314465656e-14,2.6152395129075986e-17
403.72,-3.343637908382126e-14,2.6227584056262995e-17
403.73,-3.3432487395691756e-14,2.6260530706561695e-17
403.74,-3.342797326569375e-14,2.609779328099087e-17
403.75,-3.3426086868955165e-14,2.6483119310781512e-17
403.76,-3.3420683117062573e-14,2.6254906184362356e-17
403.77,-3.34161269403e-14,2.5926005312466015e-17
403.78,-3.3412719433928184e-14,2.6309626452044117e-17
403.79,-3.340846279763647e-14,2.6161081074523958e-17
403.8,-3.340393088475776e-14,2.601174164493997e-17
403.81,-3.340069563952305e-14,2.620369537923773e-17
403.82,-3.3396952794900407e-14,2.6344095141399425e-17
403.83,-3.339312316487463e-14,2.6269810305567906e-17
403.84,-3.338881364837907e-14,2.6327676353530737e-17
403.85,-3.338483064114847e-14,2.6273659761847703e-17
403.86,-3.338097067498729e-14,2.627971907621768e-17
403.87,-3.337687537877177e-14,2.6223420448606037e-17
403.88,-3.337289091825415e-14,2.616419513666194e-17
403.89,-3.336879805838929e-14,2.61794915397642e-17
403.9,-3.33649525640132e-14,2.62390412349144e-17
403.91,-3.336150969397579e-14,2.617862686333057e-17
403.92,-3.3356942620254784e-14,2.6181041308499026e-17
403.93,-3.335316647480363e-14,2.6172661655456787e-17
403.94,-3.334896635741282e-14,2.621559333854967e-17
403.95,-3.33450931452702e-14,2.6297618423950933e-17
403.96,-3.334104318615887e-14,2.6181336462271432e-17
403.97,-3.3337228684456944e-14,2.6171255344020014e-17
403.98,-3.3333309941233377e-14,2.6228852388090063e-17
403.99,-3.332899838320799e-14,2.6097523304995348e-17
404.0,-3.332634232058136e-14,2.6487505275091392e-17
404.01,-3.332071882333776e-14,2.5971428082550025e-17
404.02,-3.3317155636852954e-14,2.6122027399937562e-17
404.03,-3.331327179415077e-14,2.6118626258377823e-17
404.04,-3.3309324136805774e-14,2.605093129331845e-17
404.05,-3.330539437091465e-14,2.6234134276723275e-17
404.06,-3.330138337345806e-14,2.5976603596497723e-17
404.07,-3.3297270873237897e-14,2.6055029059709164e-17
404.08,-3.329363275989369e-14,2.6123305786129517e-17
404.09,-3.328889813780065e-14,2.6071190276687538e-17
404.1,-3.328566329159989e-14,2.6132923647925725e-17
404.11,-3.3281722624864887e-14,2.6176962925710534e-17
404.12,-3.327771614545483e-14,2.6118380112064386e-17
404.13,-3.3273947839673395e-14,2.619235505354936e-17
404.14,-3.3269640167741864e-14,2.613177427914602e-17
404.15,-3.326597233081533e-14,2.6184754298616175e-17
404.16,-3.3262063609614885e-14,2.6151591955255042e-17
404.17,-3.325783851764615e-14,2.5996430672408416e-17
404.18,-3.325375588449641e-14,2.579405763763897e-17
404.19,-3.324986708482803e-14,2.6116625362354835e-17
404.2,-3.32463100552565e-14,2.6141489775128692e-17
404.21,-3.324190719002844e-14,2.6072222585023997e-17
404.22,-3.3238259796814816e-14,2.6120804901227474e-17
404.23,-3.323415497425366e-14,2.608385561632354e-17
404.24,-3.323002620606636e-14,2.6104846427702408e-17
404.25,-3.3226100812188616e-14,2.60404545239865e-17
404.26,-3.322214840582645e-14,2.5984235431335363e-17
404.27,-3.322075164870618e-14,2.617690376225297e-17
404.28,-3.321401549227411e-14,2.606327356308759e-17
404.29,-3.3211248181325126e-14,2.6204291471478412e-17
404.3,-3.3206540407642304e-14,2.6079806390561305e-17
404.31,-3.3202366054717655e-14,2.6036272521154645e-17
404.32,-3.319873310534618e-14,2.6189091786806023e-17
404.33,-3.319464133672825e-14,2.6103669174424214e-17
404.34,-3.319071378178186e-14,2.6076521051135226e-17
404.35,-3.3186721669189285e-14,2.6076092212962212e-17
404.36,-3.318507938832998e-14,2.5689343673796452e-17
404.37,-3.317871363194945e-14,2.6042744050530175e-17
404.38,-3.31754671811564e-14,2.62891237902703e-17
404.39,-3.3170951243095817e-14,2.6021389721174298e-17
404.4,-3.316714101979564e-14,2.6036808272987805e-17
404.41,-3.3162405469900047e-14,2.618770450588648e-17
404.42,-3.315926451678207e-14,2.6092357595409414e-17
404.43,-3.315514409613104e-14,2.602843530947108e-17
404.44,-3.315118571656406e-14,2.5908256692922217e-17
404.45,-3.314730995382133e-14,2.6167804824933488e-17
404.46,-3.314333602836735e-14,2.604468878392304e-17
404.47,-3.313966876239162e-14,2.6176391294544776e-17
404.48,-3.313556340272737e-14,2.610287819111917e-17
404.49,-3.313142904717211e-14,2.5996224728513534e-17
404.5,-3.312771226952257e-14,2.5803379388469384e-17
404.51,-3.312391467445731e-14,2.621172736126272e-17
404.52,-3.311974583742685e-14,2.5997420640727162e-17
404.53,-3.311580561804079e-14,2.609306067493543e-17
404.54,-3.311165816449013e-14,2.5919535664696446e-17
404.55,-3.310779480208371e-14,2.594357047098579e-17
404.56,-3.310292234404206e-14,2.5525688919671835e-17
404.57,-3.3098795648724834e-14,2.5882851727043956e-17
404.58,-3.3096150430952956e-14,2.6011395190762585e-17
404.59,-3.309198988206203e-14,2.5909788759618784e-17
404.6,-3.3088957221405014e-14,2.6366559382748476e-17
404.61,-3.308421556117177e-14,2.5985051889024482e-17
404.62,-3.308016921541082e-14,2.592459542660326e-17
404.63,-3.307636782591366e-14,2.5772933716116282e-17
404.64,-3.307236764837656e-14,2.5939481385522556e-17
404.65,-3.3068262749771265e-14,2.548467362160497e-17
404.66,-3.30645906719428e-14,2.5931636841072144e-17
404.67,-3.306054106502256e-14,2.597549607473983e-17
404.68,-3.30566617839725e-14,2.587654713696122e-17
404.69,-3.305265463958256e-14,2.5684004883713967e-17
404.7,-3.3048602559600295e-14,2.588608186159281e-17
404.71,-3.3044935853745325e-14,2.5890779125480086e-17
404.72,-3.304124223637507e-14,2.6008827781726352e-17
404.73,-3.303729810075253e-14,2.609827051919029e-17
404.74,-3.3031788741735206e-14,2.5046955504135183e-17
404.75,-3.302936946088328e-14,2.5968296754266547e-17
404.76,-3.302540404099124e-14,2.5908973017183485e-17
404.77,-3.302126678177668e-14,2.5818043434757905e-17
404.78,-3.301730747007482e-14,2.5825384625753192e-17
404.79,-3.301358559763641e-14,2.589909896912461e-17
404.8,-3.300952365277715e-14,2.5887880350132994e-17
404.81,-3.300565988093591e-14,2.5934652964517478e-17
404.82,-3.300133723733993e-14,2.5797021087702686e-17
404.83,-3.2991701413729174e-14,2.4978984297599044e-17
404.84,-3.299381471970278e-14,2.5828536242863484e-17
404.85,-3.2989904744182264e-14,2.583479965641727e-17
404.86,-3.298626161993254e-14,2.5899041336294418e-17
404.87,-3.298200889398767e-14,2.5792405496375074e-17
404.88,-3.297859442754345e-14,2.607007234800637e-17
404.89,-3.2974301009783963e-14,2.5840279139676857e-17
404.9,-3.2970936191026826e-14,2.5921044615845725e-17
404.91,-3.2967183596829574e-14,2.597630582552564e-17
404.92,-3.296351733591171e-14,2.5681176894929335e-17
404.93,-3.295866314769689e-14,2.5877368246235666e-17
404.94,-3.295466295120168e-14,2.582709513688915e-17
404.95,-3.295072960717758e-14,2.5575628153394893e-17
404.96,-3.2947137564238997e-14,2.5895888338966746e-17
404.97,-3.2943115878137856e-14,2.5835827686395818e-17
404.98,-3.293907993380459e-14,2.573992494339724e-17
404.99,-3.293515916612902e-14,2.5851384135406202e-17
405.0,-3.293132023684088e-14,2.5854816087778036e-17
405.01,-3.2927595481445385e-14,2.5732686600055444e-17
405.02,-3.292349256152151e-14,2.580824981417992e-17
405.03,-3.2919510198469054e-14,2.581846635118752e-17
405.04,-3.2915618842240516e-14,2.5839105260321876e-17
405.05,-3.291150204494078e-14,2.5778490117399994e-17
405.06,-3.290848363437309e-14,2.594186037132154e-17
405.07,-3.290373759243783e-14,2.575000299209998e-17
405.08,-3.290003572923191e-14,2.5802669735401392e-17
405.09,-3.2895746866443324e-14,2.559161043290506e-17
405.1,-3.2892702839991895e-14,2.5785641921480887e-17
405.11,-3.2888301081667894e-14,2.57711094984495e-17
405.12,-3.288421558127427e-14,2.5745631653565536e-17
405.13,-3.288032197499335e-14,2.5583566290117053e-17
405.14,-3.287661866857927e-14,2.5755315323978814e-17
405.15,-3.2872762358000166e-14,2.5744808665910556e-17
405.16,-3.286888581790963e-14,2.568318208853112e-17
405.17,-3.286522003216175e-14,2.575591144096967e-17
405.18,-3.286097813030862e-14,2.5617183532272202e-17
405.19,-3.2856789031190496e-14,2.574532571503469e-17
405.2,-3.285304747564744e-14,2.573235105451904e-17
405.21,-3.284912463985278e-14,2.5464322472522267e-17
405.22,-3.2845218357596754e-14,2.557078405117726e-17
405.23,-3.2841289268465544e-14,2.5641026839588076e-17
405.24,-3.283723727419566e-14,2.52950770887367e-17
405.25,-3.283367595422005e-14,2.5644670829368376e-17
405.26,-3.282951388341546e-14,2.550902126145615e-17
405.27,-3.2825455165568545e-14,2.583755447314355e-17
405.28,-3.282182671992463e-14,2.556995288543153e-17
405.29,-3.2818061618101374e-14,2.5744896401605594e-17
405.3,-3.2814006092098664e-14,2.5833252110722373e-17
405.31,-3.28103115712471e-14,2.5663999275553407e-17
405.32,-3.280651509304399e-14,2.5678433744752418e-17
405.33,-3.280228721991268e-14,2.5646547442635518e-17
405.34,-3.279730391437776e-14,2.543836233408336e-17
405.35,-3.2794509712525335e-14,2.5635446331630928e-17
405.36,-3.279049786314083e-14,2.5558255107666167e-17
405.37,-3.278635680385384e-14,2.5424375380752917e-17
405.38,-3.278294332869624e-14,2.564350544248407e-17
405.39,-3.2779211244203244e-14,2.5729835916147433e-17
405.4,-3.2775149389352084e-14,2.5560172897857214e-17
405.41,-3.2771851187803765e-14,2.5754998332123765e-17
405.42,-3.27672905631079e-14,2.5679740501494226e-17
405.43,-3.276348936222974e-14,2.562364459574531e-17
405.44,-3.275782061422185e-14,2.5264270295652222e-17
405.45,-3.2755611096791534e-14,2.5507276365477066e-17
405.46,-3.275205520340115e-14,2.5578154869057238e-17
405.47,-3.2747921960812155e-14,2.5709605099534176e-17
405.48,-3.274383856974483e-14,2.5563192117312855e-17
405.49,-3.274009891002881e-14,2.556527149141109e-17
405.5,-3.273638557373408e-14,2.5643137085057347e-17
405.51,-3.2732618810483543e-14,2.5555195232620165e-17
405.52,-3.27287326218373e-14,2.559401308961636e-17
405.53,-3.272463749628427e-14,2.570233828084922e-17
405.54,-3.2721942383042585e-14,2.5781948162778697e-17
405.55,-3.2716992022684595e-14,2.5627529885016942e-17
405.56,-3.271302638279684e-14,2.5666059936410625e-17
405.57,-3.2709189394008886e-14,2.5580177839079466e-17
405.58,-3.2705284625343094e-14,2.5606777705376174e-17
405.59,-3.270112110348592e-14,2.54810290322911e-17
405.6,-3.269740786819101e-14,2.5570832940677928e-17
405.61,-3.269386642590852e-14,2.565752019711027e-17
405.62,-3.268948826121072e-14,2.5583726489067467e-17
405.63,-3.2686042207918633e-14,2.5789612971699312e-17
405.64,-3.2682277069648926e-14,2.5562200101739688e-17
405.65,-3.26782159945133e-14,2.5546926050154612e-17
405.66,-3.267412167068857e-14,2.5522536144108393e-17
405.67,-3.2670638941383286e-14,2.5615729338719667e-17
405.68,-3.266596832145923e-14,2.5497808082698485e-17
405.69,-3.266251052106094e-14,2.5384981136870575e-17
405.7,-3.2659095954079916e-14,2.5649848211164618e-17
405.71,-3.2655001740586216e-14,2.5733011146507398e-17
405.72,-3.265112314107338e-14,2.5759143813698193e-17
405.73,-3.2646811179426765e-14,2.5468617077605723e-17
405.74,-3.2643422428364885e-14,2.5679167185209962e-17
405.75,-3.2639231293558304e-14,2.5487984781259362e-17
405.76,-3.263551762207613e-14,2.561012138808104e-17
405.77,-3.263135282713101e-14,2.5563357242075304e-17
405.78,-3.262772742952649e-14,2.5485797545885125e-17
405.79,-3.262405004913299e-14,2.5503920732648993e-17
405.8,-3.262036253240412e-14,2.5591774430744506e-17
405.81,-3.26154445039781e-14,2.526246726097827e-17
405.82,-3.2612119145894854e-14,2.5420297381328884e-17
405.83,-3.260867092708146e-14,2.5475938236623117e-17
405.84,-3.2604580220142954e-14,2.5458490599123707e-17
405.85,-3.2600866963856075e-14,2.5597094948613088e-17
405.86,-3.2596978327251344e-14,2.5448292090251134e-17
405.87,-3.2592783458381715e-14,2.5507408862132435e-17
405.88,-3.2589378253241896e-14,2.5520174402337724e-17
405.89,-3.258538621898943e-14,2.524867344092295e-17
405.9,-3.2581358140600825e-14,2.5405317619103074e-17
405.91,-3.2577420656504386e-14,2.5308163562394547e-17
405.92,-3.2573537887618157e-14,2.5332329817932785e-17
405.93,-3.2569718489494383e-14,2.5318390496846626e-17
405.94,-3.2565809356857504e-14,2.5377764875953605e-17
405.95,-3.25620251473036e-14,2.5386428904855602e-17
405.96,-3.255793911083534e-14,2.542627732319431e-17
405.97,-3.255421349065178e-14,2.546919918968199e-17
405.98,-3.255072623166896e-14,2.535262074970061e-17
405.99,-3.254647928147989e-14,2.5337778788567266e-17
406.0,-3.2542734553865015e-14,2.535799320068351e-17
406.01,-3.253890148262017e-14,2.5410629712563972e-17
406.02,-3.2534860423501463e-14,2.5293422294069408e-17
406.03,-3.253085884540445e-14,2.5437910472057198e-17
406.04,-3.252775134937497e-14,2.5419728666142214e-17
406.05,-3.252340607685495e-14,2.5264263931038613e-17
406.06,-3.2520087682470744e-14,2.535513234998161e-17
406.07,-3.2515612643643387e-14,2.5364338272743333e-17
406.08,-3.251148069185701e-14,2.5282226518373122e-17
406.09,-3.250822028348541e-14,2.5347852992731374e-17
406.1,-3.2504023462830425e-14,2.5296553609517022e-17
406.11,-3.250023227612129e-14,2.51594976248152e-17
406.12,-3.249626461897428e-14,2.5300223548674173e-17
406.13,-3.2492286957533586e-14,2.5060898928155782e-17
406.14,-3.2488757620800424e-14,2.5237506126746585e-17
406.15,-3.248554730680923e-14,2.5945754120809626e-17
406.16,-3.2481157732376234e-14,2.527747857744306e-17
406.17,-3.2477159768447676e-14,2.533100755309802e-17
406.18,-3.247343766531707e-14,2.5292916775763605e-17
406.19,-3.2469581307083613e-14,2.5168386171370045e-17
406.2,-3.2465602950912785e-14,2.5259149796347667e-17
406.21,-3.2462181236423677e-14,2.5425184333213837e-17
406.22,-3.2458132926108386e-14,2.5287522118210035e-17
406.23,-3.245412430857942e-14,2.5319290362767467e-17
406.24,-3.2449561390977817e-14,2.565139451171492e-17
406.25,-3.244650968454588e-14,2.5171705746348275e-17
406.26,-3.2442772858343204e-14,2.5258360766463593e-17
406.27,-3.243862741572872e-14,2.5179992444040905e-17
406.28,-3.243500796657778e-14,2.512541277000894e-17
406.29,-3.2430939313067435e-14,2.521264675603161e-17
406.3,-3.242718544222809e-14,2.5207139227660678e-17
406.31,-3.24234487506053e-14,2.52089460233085e-17
406.32,-3.2419720729664993e-14,2.515025447475772e-17
406.33,-3.2415194890931804e-14,2.5092333897018275e-17
406.34,-3.241203672411238e-14,2.530320322748231e-17
406.35,-3.2407754688214116e-14,2.5056381802054527e-17
406.36,-3.240401875366241e-14,2.508737975787867e-17
406.37,-3.2400383880689187e-14,2.5199864671188003e-17
406.38,-3.2397003940572214e-14,2.495241016490503e-17
406.39,-3.2392584954276703e-14,2.5148751588652744e-17
406.4,-3.238889129031293e-14,2.5157747347614223e-17
406.41,-3.23851633582442e-14,2.5199208087866517e-17
406.42,-3.2380537466670265e-14,2.476364063185358e-17
406.43,-3.2377446727123763e-14,2.519179966051117e-17
406.44,-3.2373252387330787e-14,2.5045224529341362e-17
406.45,-3.236976546479873e-14,2.5105193903782193e-17
406.46,-3.236579332111639e-14,2.5088514110541035e-17
406.47,-3.2362394986060435e-14,2.5321503912320378e-17
406.48,-3.2357999414015263e-14,2.5012714408465162e-17
406.49,-3.235432675589097e-14,2.508489903212831e-17
406.5,-3.235027061262932e-14,2.497246084156004e-17
406.51,-3.234690717596004e-14,2.5047690502800748e-17
406.52,-3.234278977934686e-14,2.5095136874299825e-17
406.53,-3.2339290981491366e-14,2.4838134562981973e-17
406.54,-3.233526954248232e-14,2.5113782811680968e-17
406.55,-3.2331228413685543e-14,2.5027855571604817e-17
406.56,-3.23275319654705e-14,2.5100072660655794e-17
406.57,-3.2323773080519434e-14,2.5666314559923354e-17
406.58,-3.2320316537450734e-14,2.5217772651138283e-17
406.59,-3.231619384123095e-14,2.505854386241652e-17
406.6,-3.23122892092723e-14,2.5025225658758532e-17
406.61,-3.230807613288783e-14,2.5048112653422993e-17
406.62,-3.230421163364939e-14,2.430528129479398e-17
406.63,-3.230072445900149e-14,2.5088199151886786e-17
406.64,-3.229660607308735e-14,2.5007594828866688e-17
406.65,-3.229313108642819e-14,2.5103502862084177e-17
406.66,-3.228976971158882e-14,2.521134131947483e-17
406.67,-3.228562482361635e-14,2.5070929094808586e-17
406.68,-3.228160956668308e-14,2.5009233506560314e-17
406.69,-3.227766124883285e-14,2.491079375551151e-17
406.7,-3.227422508921274e-14,2.4894916562624398e-17
406.71,-3.226902991606538e-14,2.4588073898296878e-17
406.72,-3.2266930832479853e-14,2.5026283050083957e-17
406.73,-3.226249810775598e-14,2.4837396821259437e-17
406.74,-3.2259002064176134e-14,2.501687617618335e-17
406.75,-3.225561559638085e-14,2.5050265215377556e-17
406.76,-3.22512477055441e-14,2.5081369697284592e-17
406.77,-3.22470391086367e-14,2.4948077807111132e-17
406.78,-3.2243574866204934e-14,2.4966792608966442e-17
406.79,-3.223953325965771e-14,2.493567531278637e-17
406.8,-3.2235031838204005e-14,2.458247689513595e-17
406.81,-3.2232258727467334e-14,2.507573120966563e-17
406.82,-3.222810381620171e-14,2.4838072481109794e-17
406.83,-3.2224605803185627e-14,2.4982184209679137e-17
406.84,-3.222073771848849e-14,2.4929079010127532e-17
406.85,-3.221679549941379e-14,2.5036895993842412e-17
406.86,-3.221307725697462e-14,2.4922860861753125e-17
406.87,-3.2209484592453524e-14,2.497635248952104e-17
406.88,-3.2205341464025486e-14,2.4883435022425384e-17
406.89,-3.2200901304385016e-14,2.4882469974014317e-17
406.9,-3.2197730489587774e-14,2.4963843950688665e-17
406.91,-3.21935355220738e-14,2.4802700353382416e-17
406.92,-3.2190128020511035e-14,2.4789749960679657e-17
406.93,-3.218636581774983e-14,2.492504437617506e-17
406.94,-3.2182535598708255e-14,2.488669400896772e-17
406.95,-3.21787409883919e-14,2.4944366949722098e-17
406.96,-3.2174819447093034e-14,2.4818369156089422e-17
406.97,-3.217111391584305e-14,2.4886769739246596e-17
406.98,-3.2166871126666814e-14,2.4823439095256293e-17
406.99,-3.216361775024471e-14,2.48730646904443e-17
407.0,-3.215977405867818e-14,2.4846674233824387e-17
407.01,-3.215578685330447e-14,2.4866211869567613e-17
407.02,-3.215253473951612e-14,2.489586847448351e-17
407.03,-3.2148313243411497e-14,2.4827526461832825e-17
407.04,-3.2144466904153065e-14,2.480380947415979e-17
407.05,-3.214086967679179e-14,2.4874343255153497e-17
407.06,-3.2136972841833286e-14,2.488934109633118e-17
407.07,-3.213300054012553e-14,2.464867966037467e-17
407.08,-3.212931476675128e-14,2.4801233738926686e-17
407.09,-3.212520306694924e-14,2.4665635490245377e-17
407.1,-3.212211392908682e-14,2.4915321048604126e-17
407.11,-3.211795531771105e-14,2.483005345290673e-17
407.12,-3.211390304487303e-14,2.4661026336202107e-17
407.13,-3.211029626546062e-14,2.478417269130964e-17
407.14,-3.210694333799e-14,2.5096486807990566e-17
407.15,-3.2102484121705963e-14,2.4582128548491493e-17
407.16,-3.209871433359638e-14,2.4680746955277754e-17
407.17,-3.209509011680943e-14,2.46802760741879e-17
407.18,-3.209195399545808e-14,2.4644004816725827e-17
407.19,-3.208808232912758e-14,2.489139417415512e-17
407.2,-3.208366720097803e-14,2.4716547063610812e-17
407.21,-3.207995199464964e-14,2.469022606336294e-17
407.22,-3.207632426872267e-14,2.4770050277621655e-17
407.23,-3.207357600152332e-14,2.500266566871264e-17
407.24,-3.206806179383184e-14,2.4547025724292023e-17
407.25,-3.2065363763493875e-14,2.478528999755016e-17
407.26,-3.206108203986862e-14,2.472142549379882e-17
407.27,-3.205809856571862e-14,2.4899079304551724e-17
407.28,-3.205340019257681e-14,2.4691671104615587e-17
407.29,-3.2049789956671234e-14,2.476329262591902e-17
407.3,-3.204623497132855e-14,2.4832661325456148e-17
407.31,-3.2041908665132236e-14,2.459586414059332e-17
407.32,-3.2037754891771586e-14,2.460468917308982e-17
407.33,-3.203496400020262e-14,2.485187467804719e-17
407.34,-3.203097660731103e-14,2.4662128957161448e-17
407.35,-3.2027178486175986e-14,2.4709455192875997e-17
407.36,-3.202293496408036e-14,2.470092123195232e-17
407.37,-3.2019709287642586e-14,2.4770761242284523e-17
407.38,-3.201586185461402e-14,2.471840666665983e-17
407.39,-3.201171321076674e-14,2.451268593123108e-17
407.4,-3.200823262713076e-14,2.4632044761850126e-17
407.41,-3.200408339135454e-14,2.4506694159570435e-17
407.42,-3.200059210502485e-14,2.485053149641566e-17
407.43,-3.199664927890474e-14,2.4600778769233246e-17
407.44,-3.199311406418017e-14,2.464382403958215e-17
407.45,-3.1989251807117766e-14,2.4584843184620188e-17
407.46,-3.198530605010052e-14,2.4614553176196765e-17
407.47,-3.198150540206393e-14,2.4670049200558066e-17
407.48,-3.1977841200771106e-14,2.4733620629025365e-17
407.49,-3.1974164291182333e-14,2.466154091794413e-17
407.5,-3.196959498274562e-14,2.4374266384212207e-17
407.51,-3.196532265104358e-14,2.4329596923712735e-17
407.52,-3.19628102009352e-14,2.4579265423142906e-17
407.53,-3.195901528858913e-14,2.472372220605642e-17
407.54,-3.195515605464722e-14,2.4562616460987923e-17
407.55,-3.1951210825206885e-14,2.4568055050239208e-17
407.56,-3.19480147094713e-14,2.4654390182465338e-17
407.57,-3.194407044458226e-14,2.4666049928554154e-17
407.58,-3.1940108103742965e-14,2.4554131897733466e-17
407.59,-3.193637021095717e-14,2.4664147236498328e-17
407.6,-3.193246555400242e-14,2.448511769868294e-17
407.61,-3.1928410514989974e-14,2.4565061255601454e-17
407.62,-3.1925274044792754e-14,2.4599678763169713e-17
407.63,-3.1921302749368525e-14,2.4550048342486878e-17
407.64,-3.191719274326383e-14,2.4506478291545312e-17
407.65,-3.191415269471763e-14,2.477935296321218e-17
407.66,-3.191063200516377e-14,2.4675589026529046e-17
407.67,-3.190673736431119e-14,2.4524464533302988e-17
407.68,-3.190267506204725e-14,2.4816915981967756e-17
407.69,-3.1899114669071856e-14,2.429538976929155e-17
407.7,-3.1894849822252303e-14,2.4481775745528415e-17
407.71,-3.1890782730921585e-14,2.4344848365944326e-17
407.72,-3.1887342517924004e-14,2.4458889432744526e-17
407.73,-3.188293973857906e-14,2.4412202216216457e-17
407.74,-3.18797284356508e-14,2.4294425231352902e-17
407.75,-3.187660599128365e-14,2.4547923976316947e-17
407.76,-3.1872333063130743e-14,2.446191932400301e-17
407.77,-3.186815438348002e-14,2.424829611830683e-17
407.78,-3.1865126650186404e-14,2.4482475772258203e-17
407.79,-3.1860939426216016e-14,2.443665503747861e-17
407.8,-3.1857273486072577e-14,2.4388064549503576e-17
407.81,-3.185327287909356e-14,2.4416060814000847e-17
407.82,-3.184988766713073e-14,2.4515274991012174e-17
407.83,-3.184572553456754e-14,2.4365469253855282e-17
407.84,-3.1842376862966115e-14,2.4533709892313863e-17
407.85,-3.183888782234647e-14,2.4432804170965266e-17
407.86,-3.1836246272682634e-14,2.4642116511632547e-17
407.87,-3.183079152875211e-14,2.439616859693799e-17
407.88,-3.1827287381717e-14,2.4476621144230507e-17
407.89,-3.182335830341926e-14,2.443599205103592e-17
407.9,-3.1819797767072935e-14,2.4397981970077284e-17
407.91,-3.181590332620284e-14,2.4344743556510093e-17
407.92,-3.1812260298468284e-14,2.438485015619962e-17
407.93,-3.180858785464103e-14,2.4514164233793832e-17
407.94,-3.180409381824156e-14,2.424120239381001e-17
407.95,-3.1801114875069274e-14,2.4455301289108028e-17
407.96,-3.17973733916951e-14,2.442642984949388e-17
407.97,-3.179347353049125e-14,2.4386705050395614e-17
407.98,-3.178961792482329e-14,2.4398647196674387e-17
407.99,-3.1786462258519616e-14,2.445989213815657e-17
408.0,-3.1781179029215597e-14,2.427610145782412e-17
408.01,-3.177881406114074e-14,2.4485297233051714e-17
408.02,-3.1774602827559213e-14,2.442908712208222e-17
408.03,-3.177170036769577e-14,2.4660672050041513e-17
408.04,-3.176725820418448e-14,2.4320601820367672e-17
408.05,-3.1763457540330944e-14,2.4267160514977755e-17
408.06,-3.1759856999667803e-14,2.435680177835934e-17
408.07,-3.175656199298068e-14,2.4508551601454973e-17
408.08,-3.175229740171462e-14,2.430927012248605e-17
408.09,-3.1748513056627686e-14,2.4317465762167184e-17
408.1,-3.1745017869829505e-14,2.453169725549098e-17
408.11,-3.174109015800068e-14,2.433641150530101e-17
408.12,-3.1738349856456036e-14,2.4576482614755132e-17
408.13,-3.173413618639537e-14,2.4452153991562055e-17
408.14,-3.172966828552673e-14,2.4202561107875364e-17
408.15,-3.172625313966379e-14,2.435980114869877e-17
408.16,-3.1722457391987094e-14,2.4430803762836746e-17
408.17,-3.1718940997015674e-14,2.4373660051453705e-17
408.18,-3.17150297283389e-14,2.4415643587874138e-17
408.19,-3.17111350319169e-14,2.4312334162407767e-17
408.2,-3.17071733161918e-14,2.4236153461883373e-17
408.21,-3.169756202402072e-14,2.3313091602543397e-17
408.22,-3.170046761553367e-14,2.44015019396116e-17
408.23,-3.16954405869659e-14,2.409041047540783e-17
408.24,-3.1692716545380387e-14,2.425624908775805e-17
408.25,-3.1689346859920694e-14,2.441425126818696e-17
408.26,-3.1685737428160516e-14,2.4122274017892897e-17
408.27,-3.168119340480483e-14,2.4243845860406733e-17
408.28,-3.1678033673782575e-14,2.441141826485828e-17
408.29,-3.1674125631146173e-14,2.438310534816266e-17
408.3,-3.1668212992826477e-14,2.3169502154337954e-17
408.31,-3.166657828674916e-14,2.4286178198453622e-17
408.32,-3.166265937755472e-14,2.4106548337170304e-17
408.33,-3.1659038354486775e-14,2.4173357098407127e-17
408.34,-3.1655502839617323e-14,2.430660050140196e-17
408.35,-3.165201564680911e-14,2.4773922338713015e-17
408.36,-3.1647797811120757e-14,2.410641796060466e-17
408.37,-3.1644328814529444e-14,2.427680170197369e-17
408.38,-3.16395134567842e-14,2.3910071754279983e-17
408.39,-3.163644304418005e-14,2.399847937241915e-17
408.4,-3.16330689837693e-14,2.4301689021300645e-17
408.41,-3.16293405693161e-14,2.4093085141842047e-17
408.42,-3.162570981856057e-14,2.432540239544768e-17
408.43,-3.1621863349303015e-14,2.428775460153964e-17
408.44,-3.161817629252441e-14,2.436533626114315e-17
408.45,-3.1614929886654855e-14,2.4157468621545222e-17
408.46,-3.161053408588758e-14,2.4224848221942104e-17
408.47,-3.160695759753993e-14,2.4161201350719268e-17
408.48,-3.160329568538117e-14,2.4334468466768745e-17
408.49,-3.159951320969678e-14,2.4282065379215247e-17
408.5,-3.1595638980773063e-14,2.4574709858501142e-17
408.51,-3.159195365632821e-14,2.4183603529943627e-17
408.52,-3.1588262798201547e-14,2.4191379662005574e-17
408.53,-3.1584542223319005e-14,2.426791602680154e-17
408.54,-3.158004559599756e-14,2.3688425703192373e-17
408.55,-3.157708241953086e-14,2.4187925997934987e-17
408.56,-3.1573388990609e-14,2.4194868233306026e-17
408.57,-3.156973841537083e-14,2.409245783330764e-17
408.58,-3.156608375007095e-14,2.4268329890853528e-17
408.59,-3.156252811252395e-14,2.4822258620242155e-17
408.6,-3.1558701271903403e-14,2.4184263085327056e-17
408.61,-3.15548457858628e-14,2.4185053756621876e-17
408.62,-3.1551167417510383e-14,2.4150119791302153e-17
408.63,-3.1547542198116884e-14,2.4317494023710937e-17
408.64,-3.154403680757201e-14,2.4231130882972126e-17
408.65,-3.1540081986278094e-14,2.421448125387884e-17
408.66,-3.1536834950263133e-14,2.4212263914915682e-17
408.67,-3.153292462373665e-14,2.4250570849246718e-17
408.68,-3.153030340804843e-14,2.5384990602497185e-17
408.69,-3.152537282073935e-14,2.412712000481026e-17
408.7,-3.152181659650985e-14,2.4290309664581467e-17
408.71,-3.151793160216014e-14,2.4188790544825133e-17
408.72,-3.151409985987618e-14,2.4193350657707063e-17
408.73,-3.151041495332195e-14,2.4151976469090762e-17
408.74,-3.1506709542138045e-14,2.4097794004347343e-17
408.75,-3.1502736354606676e-14,2.4012719711226817e-17
408.76,-3.149971361398533e-14,2.4180485652065427e-17
408.77,-3.1498571788990124e-14,2.527538436311173e-17
408.78,-3.149211086975763e-14,2.4177073618847544e-17
408.79,-3.148834175482258e-14,2.4074060075967328e-17
408.8,-3.1484392216365185e-14,2.4190064727699614e-17
408.81,-3.14809783536768e-14,2.4231938674017778e-17
408.82,-3.147749330443675e-14,2.4175798435960548e-17
408.83,-3.1473480467933447e-14,2.4156045681148384e-17
408.84,-3.146929954992507e-14,2.4019443765879232e-17
408.85,-3.1466305379203626e-14,2.416765086639121e-17
408.86,-3.1461583512519804e-14,2.3972584019941023e-17
408.87,-3.1458853249982824e-14,2.4189510559100976e-17
408.88,-3.1455183802117235e-14,2.412795404789584e-17
408.89,-3.145148025300291e-14,2.426291553242152e-17
408.9,-3.144744341648259e-14,2.4020488462996306e-17
408.91,-3.144389169772054e-14,2.4080018482281542e-17
408.92,-3.144004470792027e-14,2.405414553082096e-17
408.93,-3.1436673236629124e-14,2.4103617339461073e-17
408.94,-3.143277778051357e-14,2.3880043118905616e-17
408.95,-3.142866192452366e-14,2.4087559335464617e-17
408.96,-3.1425279634944957e-14,2.4078943816385028e-17
408.97,-3.1421629357087554e-14,2.4053793071434146e-17
408.98,-3.14182122783921e-14,2.417545437636289e-17
408.99,-3.1414834349682074e-14,2.4251640190168754e-17
409.0,-3.1410509293225466e-14,2.4031896113381808e-17
409.01,-3.140706671474068e-14,2.4042224168899166e-17
409.02,-3.140314793057176e-14,2.4055735282151948e-17
409.03,-3.139950634221698e-14,2.404937864836899e-17
409.04,-3.139502575587312e-14,2.410591065120219e-17
409.05,-3.139209404818449e-14,2.404005881189244e-17
409.06,-3.13883050693113e-14,2.4015325622192978e-17
409.07,-3.138475774344097e-14,2.3942537200558178e-17
409.08,-3.1381072503633166e-14,2.397683758685955e-17
409.09,-3.137755228692251e-14,2.421967428384351e-17
409.1,-3.137374107842201e-14,2.4053701671132957e-17
409.11,-3.1369363150053654e-14,2.3915689253221344e-17
409.12,-3.136637683086332e-14,2.4162862226163025e-17
409.13,-3.1362854394612505e-14,2.3985044683240134e-17
409.14,-3.135921222202188e-14,2.4051144142420464e-17
409.15,-3.1354988678019326e-14,2.4011911398715983e-17
409.16,-3.135169127198728e-14,2.4047040835939363e-17
409.17,-3.134801766958366e-14,2.4042243880177945e-17
409.18,-3.1344851651899266e-14,2.437178392351386e-17
409.19,-3.134049106233345e-14,2.3917506446182e-17
409.2,-3.1337836348671295e-14,2.4162291137723906e-17
409.21,-3.1333707093711714e-14,2.4183339968325375e-17
409.22,-3.132950732812889e-14,2.4083001390395492e-17
409.23,-3.132597454221091e-14,2.397345163401015e-17
409.24,-3.1322504423135046e-14,2.4095979627114392e-17
409.25,-3.1318745908862134e-14,2.4021367549464124e-17
409.26,-3.1314855924701836e-14,2.3941892159574384e-17
409.27,-3.131137001022031e-14,2.4051457201959325e-17
409.28,-3.130762131951635e-14,2.4000872424020796e-17
409.29,-3.130377788057568e-14,2.3986377306682666e-17
409.3,-3.130069089216775e-14,2.4186318895412677e-17
409.31,-3.12970934722414e-14,2.4196992751729046e-17
409.32,-3.129314054977272e-14,2.407587403560685e-17
409.33,-3.1289482516675037e-14,2.4085386482840138e-17
409.34,-3.128551671220314e-14,2.404784042427573e-17
409.35,-3.1281996884575804e-14,2.40375830815969e-17
409.36,-3.127866527802416e-14,2.4140197844868757e-17
409.37,-3.127460505099419e-14,2.4092411017555932e-17
409.38,-3.12716718085881e-14,2.4274842864402223e-17
409.39,-3.1266709721545986e-14,2.3934333922550813e-17
409.4,-3.1263432848896733e-14,2.3868497477061918e-17
409.41,-3.1260171824270976e-14,2.4092050611782162e-17
409.42,-3.125642129689527e-14,2.4023661318392377e-17
409.43,-3.125255394185543e-14,2.3937678279829683e-17
409.44,-3.124888587634047e-14,2.3947129601627192e-17
409.45,-3.1245238429730184e-14,2.3928017157881818e-17
409.46,-3.1241881052091436e-14,2.3918161156981374e-17
409.47,-3.123813394898607e-14,2.3969332598527588e-17
409.48,-3.1234996283746e-14,2.403044056949642e-17
409.49,-3.123027193002315e-14,2.3897583361269737e-17
409.5,-3.122663653218712e-14,2.388048059610854e-17
409.51,-3.1223305415134495e-14,2.3957238016231242e-17
409.52,-3.121959107851182e-14,2.390215378210715e-17
409.53,-3.121627224501891e-14,2.4024917319101476e-17
409.54,-3.1212694910972125e-14,2.4036185191013262e-17
409.55,-3.1208457232032303e-14,2.3850468547138413e-17
409.56,-3.1204980367598196e-14,2.397975307700243e-17
409.57,-3.1200350868943315e-14,2.3511249568769697e-17
409.58,-3.1197273200835796e-14,2.3867958353675247e-17
409.59,-3.1193365705346837e-14,2.368723930340689e-17
409.6,-3.1190358025335754e-14,2.3952300780870834e-17
409.61,-3.118659845235607e-14,2.3863810952645524e-17
409.62,-3.1182392723142536e-14,2.3640323207632426e-17
409.63,-3.117902407701997e-14,2.3922791385274665e-17
409.64,-3.1175460517633186e-14,2.3881583488891975e-17
409.65,-3.117237681935594e-14,2.3969297186288773e-17
409.66,-3.1168949692020266e-14,2.4179026789681432e-17
409.67,-3.116497536406993e-14,2.3950585381311408e-17
409.68,-3.1161800804167547e-14,2.400530813928236e-17
409.69,-3.1157571009193674e-14,2.3994399248166e-17
409.7,-3.11540294212219e-14,2.3937231764500234e-17
409.71,-3.1149878201818433e-14,2.3802414704635944e-17
409.72,-3.114661962646239e-14,2.4005099176688564e-17
409.73,-3.1142604828897166e-14,2.368902032727355e-17
409.74,-3.11392240219526e-14,2.3900516879580546e-17
409.75,-3.113524175440792e-14,2.4053869915997638e-17
409.76,-3.113166133624092e-14,2.393348379342929e-17
409.77,-3.112805948074248e-14,2.385157405649619e-17
409.78,-3.112481464817558e-14,2.402736094183357e-17
409.79,-3.112097571113906e-14,2.3864973062500935e-17
409.8,-3.111745944054649e-14,2.3838779312923883e-17
409.81,-3.1113617238294544e-14,2.3905278501039883e-17
409.82,-3.111011612488796e-14,2.382908375926553e-17
409.83,-3.110632617054101e-14,2.3951790049887897e-17
409.84,-3.110260675185553e-14,2.3862786107277653e-17
409.85,-3.1099204469253606e-14,2.3914866548350315e-17
409.86,-3.109550130543346e-14,2.4069730145007384e-17
409.87,-3.1091996814855863e-14,2.3952135283275915e-17
409.88,-3.1088038195780626e-14,2.3914741505184738e-17
409.89,-3.108441523533799e-14,2.387619155780749e-17
409.9,-3.1081006644952286e-14,2.391005714430253e-17
409.91,-3.1076907012881695e-14,2.3756632026941327e-17
409.92,-3.1073713892399096e-14,2.3899755296590745e-17
409.93,-3.107026691683993e-14,2.402090795323771e-17
409.94,-3.1066043772674666e-14,2.382752063912614e-17
409.95,-3.106257580195033e-14,2.386069960302174e-17
409.96,-3.105903496601008e-14,2.395183879931309e-17
409.97,-3.105597686424956e-14,2.3677667007215098e-17
409.98,-3.105125093777139e-14,2.380156988153132e-17
409.99,-3.104828853156805e-14,2.390021050607849e-17
410.0,-3.104424789923684e-14,2.3541273168799325e-17
410.01,-3.1040695792992215e-14,2.4007367359363252e-17
410.02,-3.103715436696366e-14,2.3907985941975857e-17
410.03,-3.103350141178395e-14,2.3843232724101985e-17
410.04,-3.103037392487707e-14,2.406717283654515e-17
410.05,-3.102666755550493e-14,2.4214907495126255e-17
410.06,-3.102299493214844e-14,2.395898379551522e-17
410.07,-3.1018856980810233e-14,2.3808915979776008e-17
410.08,-3.1015589876848e-14,2.391659770956037e-17
410.09,-3.101292065531314e-14,2.4012128690139644e-17
410.1,-3.100752934903939e-14,2.3632231599268887e-17
410.11,-3.100460105676383e-14,2.384681049820377e-17
410.12,-3.1000654400646875e-14,2.382088251077277e-17
410.13,-3.099716059763456e-14,2.373948566282749e-17
410.14,-3.099365292655114e-14,2.392850994077286e-17
410.15,-3.0989980310582976e-14,2.385850569457822e-17
410.16,-3.098637320230974e-14,2.3783542238353775e-17
410.17,-3.098285993885486e-14,2.3836022768687828e-17
410.18,-3.097942721913378e-14,2.4063973649592615e-17
410.19,-3.097541958242041e-14,2.3767059688760398e-17
410.2,-3.097179515282984e-14,2.3822106935783952e-17
410.21,-3.096841170937677e-14,2.3946634071729687e-17
410.22,-3.0964409841717946e-14,2.3868374438397466e-17
410.23,-3.0961213709402106e-14,2.4242684794798196e-17
410.24,-3.095754890522812e-14,2.3889392855177067e-17
410.25,-3.095349426493328e-14,2.3828051697904258e-17
410.26,-3.0950056702840375e-14,2.379534664409903e-17
410.27,-3.094719690855138e-14,2.4288017486345846e-17
410.28,-3.094274560135218e-14,2.3880435274418443e-17
410.29,-3.0939329772206164e-14,2.3927686607668587e-17
410.3,-3.0935765491439434e-14,2.388333096731517e-17
410.31,-3.0932164782070386e-14,2.388172623949345e-17
410.32,-3.0928207035944196e-14,2.3503205754579798e-17
410.33,-3.092517236005844e-14,2.3802034294925706e-17
410.34,-3.092115164272298e-14,2.379950687519978e-17
410.35,-3.091761136472731e-14,2.380829012254991e-17
410.36,-3.0913814658124457e-14,2.4028566715215883e-17
410.37,-3.09102791019933e-14,2.3791692647347795e-17
410.38,-3.090645220023429e-14,2.368725401659785e-17
410.39,-3.090313683144613e-14,2.386806680263633e-17
410.4,-3.0899559022838385e-14,2.3842474233304642e-17
410.41,-3.0895585822662036e-14,2.3535740123258107e-17
410.42,-3.089258361019542e-14,2.4061763351265223e-17
410.43,-3.088859745426453e-14,2.3778046849945185e-17
410.44,-3.0885200774900176e-14,2.3959991158305188e-17
410.45,-3.088116114440967e-14,2.3714290413896858e-17
410.46,-3.087787582682747e-14,2.3789466335128594e-17
410.47,-3.0873814278719357e-14,2.3581222696618115e-17
410.48,-3.087036712353327e-14,2.383788327538165e-17
410.49,-3.086684263121934e-14,2.3780254513168512e-17
410.5,-3.08637488219388e-14,2.3835216795463772e-17
410.51,-3.0859734445211914e-14,2.3263470955284603e-17
410.52,-3.0855477093144386e-14,2.3750731224823456e-17
410.53,-3.0851992028976815e-14,2.37909322981807e-17
410.54,-3.08490323065469e-14,2.3819444967770878e-17
410.55,-3.084499106428688e-14,2.3762278931200625e-17
410.56,-3.084100144243532e-14,2.4207601437930275e-17
410.57,-3.0837471129001154e-14,2.3639601498759282e-17
410.58,-3.083456813666396e-14,2.3830162523949514e-17
410.59,-3.083077776084016e-14,2.3742290711356655e-17
410.6,-3.082680163055606e-14,2.357821190091191e-17
410.61,-3.082336300423236e-14,2.3727367656528186e-17
410.62,-3.0820067518939464e-14,2.3828050491201428e-17
410.63,-3.0816445161580465e-14,2.3804454291243142e-17
410.64,-3.081351434542696e-14,2.3814755037572002e-17
410.65,-3.080964279867168e-14,2.4128481450230098e-17
410.66,-3.080577127685616e-14,2.379637384310351e-17
410.67,-3.080182576898369e-14,2.371315917883538e-17
410.68,-3.07984022746682e-14,2.373751304704254e-17
410.69,-3.0794583241907607e-14,2.3616288301025866e-17
410.7,-3.079107050119149e-14,2.3706685109012054e-17
410.71,-3.078737576387674e-14,2.3671376768154488e-17
410.72,-3.078399496447361e-14,2.361770906919963e-17
410.73,-3.077893382901038e-14,2.3559056075238733e-17
410.74,-3.077701110531788e-14,2.4114578875127718e-17
410.75,-3.0772896614843226e-14,2.3714939246792242e-17
410.76,-3.077050843330305e-14,2.3815813137305447e-17
410.77,-3.076452044652179e-14,2.3562249847563215e-17
410.78,-3.0762255832959685e-14,2.367332655762695e-17
410.79,-3.075863965205397e-14,2.370809447910348e-17
410.8,-3.0755065045880186e-14,2.3718010232890926e-17
410.81,-3.075147405203108e-14,2.3658435729702544e-17
410.82,-3.074727410413002e-14,2.3779437967636012e-17
410.83,-3.0744985317223824e-14,2.3855156100991066e-17
410.84,-3.0740734039702035e-14,2.371291759978552e-17
410.85,-3.073709992339442e-14,2.3865573760446958e-17
410.86,-3.0733425835804106e-14,2.3598283211184784e-17
410.87,-3.072993474356005e-14,2.3670747549511923e-17
410.88,-3.072642207992758e-14,2.3606047280036274e-17
410.89,-3.0722950493038715e-14,2.3674182466507474e-17
410.9,-3.07192864886899e-14,2.3712225263120368e-17
410.91,-3.0715631894257675e-14,2.3787210683153098e-17
410.92,-3.071232560789755e-14,2.3647544651868596e-17
410.93,-3.070865886945028e-14,2.3696206720254888e-17
410.94,-3.070483232159722e-14,2.3712208874947945e-17
410.95,-3.070136544903275e-14,2.375649170896639e-17
410.96,-3.069752859310653e-14,2.369893988847436e-17
410.97,-3.06942043612696e-14,2.372916604396126e-17
410.98,-3.069017957957733e-14,2.374893396878948e-17
410.99,-3.068707662160779e-14,2.365435091160445e-17
411.0,-3.0684079788083675e-14,2.3874667850746862e-17
411.01,-3.068023373372323e-14,2.3803787112804867e-17
411.02,-3.067612526599376e-14,2.3700836453544617e-17
411.03,-3.0672416605625365e-14,2.372272458394568e-17
411.04,-3.066915129826882e-14,2.3735564889436206e-17
411.05,-3.0665377432869634e-14,2.3736018953240842e-17
411.06,-3.066152705080995e-14,2.358232329885814e-17
411.07,-3.065799288479888e-14,2.359961640766635e-17
411.08,-3.0654640723449214e-14,2.3455920109618045e-17
411.09,-3.0650420786751416e-14,2.3527858342296452e-17
411.1,-3.0647868286221903e-14,2.3852753806119468e-17
411.11,-3.0643660636409294e-14,2.3564713785715406e-17
411.12,-3.064069457497483e-14,2.3856229493372436e-17
411.13,-3.0636991314983124e-14,2.373840630361264e-17
411.14,-3.0633051584571576e-14,2.3635003607626834e-17
411.15,-3.0629557558352425e-14,2.3656948836425388e-17
411.16,-3.062601384059834e-14,2.3676330688755287e-17
411.17,-3.062223608591405e-14,2.3613478708995934e-17
411.18,-3.061830834635607e-14,2.3526028814268326e-17
411.19,-3.0615481385613795e-14,2.373744119806552e-17
411.2,-3.0611692652982233e-14,2.364441622251555e-17
411.21,-3.060810984737356e-14,2.3626453220483914e-17
411.22,-3.0604777410029005e-14,2.3714671794656635e-17
411.23,-3.0601095647221e-14,2.3615593473742403e-17
411.24,-3.0597263161773376e-14,2.3592618374763228e-17
411.25,-3.0594322111032605e-14,2.376475207115306e-17
411.26,-3.058807588353379e-14,2.3204416294765052e-17
411.27,-3.0586213890109946e-14,2.339783657084781e-17
411.28,-3.058276620647281e-14,2.3555922900302344e-17
411.29,-3.057937814890144e-14,2.3590900698714016e-17
411.3,-3.0575954930986456e-14,2.3690557950516744e-17
411.31,-3.057216723551058e-14,2.3543643391192176e-17
411.32,-3.056837889564907e-14,2.3609624471192377e-17
411.33,-3.056500229424844e-14,2.344632291481295e-17
411.34,-3.0561389659764134e-14,2.3540773614364885e-17
411.35,-3.055789658565168e-14,2.3495363955029454e-17
411.36,-3.055424703222356e-14,2.3438649389616857e-17
411.37,-3.055097475347909e-14,2.371966992776435e-17
411.38,-3.0547081932737745e-14,2.3651961710301122e-17
411.39,-3.054397739440536e-14,2.3611491148052926e-17
411.4,-3.054028250247466e-14,2.366276120194424e-17
411.41,-3.0536639371036594e-14,2.3628901836696084e-17
411.42,-3.0532758056232807e-14,2.350358488465317e-17
411.43,-3.0529633936483185e-14,2.364156520527003e-17
411.44,-3.052567185042038e-14,2.350367815174971e-17
411.45,-3.052210020590451e-14,2.3816320038724927e-17
411.46,-3.0518813925558817e-14,2.3654825400691007e-17
411.47,-3.0515581576941444e-14,2.3587400407414356e-17
411.48,-3.0511579121054745e-14,2.3553034724087357e-17
411.49,-3.050833366542832e-14,2.3629640752735576e-17
411.5,-3.050434055861213e-14,2.352322848275448e-17
411.51,-3.0500932486806644e-14,2.349206213909388e-17
411.52,-3.0496860567900644e-14,2.3529690047550342e-17
411.53,-3.049339241604239e-14,2.340513523563954e-17
411.54,-3.049124143906934e-14,2.40657818417824e-17
411.55,-3.048656250292675e-14,2.3694265134874035e-17
411.56,-3.04828413915947e-14,2.340276519018413e-17
411.57,-3.047962260279139e-14,2.3563395168635606e-17
411.58,-3.0475836154529046e-14,2.3591317492765808e-17
411.59,-3.0471971601991823e-14,2.3409244464522294e-17
411.6,-3.0468261747953784e-14,2.3408588119289617e-17
411.61,-3.04649817276624e-14,2.3383584121304073e-17
411.62,-3.046184815765702e-14,2.3827880122297528e-17
411.63,-3.0457985692698906e-14,2.3676526197784206e-17
411.64,-3.0454714472425814e-14,2.365065528110422e-17
411.65,-3.045109379140408e-14,2.3667389728531136e-17
411.66,-3.044759373153622e-14,2.354822178023751e-17
411.67,-3.0444177178093396e-14,2.365789674928765e-17
411.68,-3.044035624143075e-14,2.3619548442137677e-17
411.69,-3.0436782820966376e-14,2.350947552182025e-17
411.7,-3.043347035830121e-14,2.3674328592611962e-17
411.71,-3.042960559063867e-14,2.352903123888505e-17
411.72,-3.042572277529583e-14,2.3544223787080564e-17
411.73,-3.0422118907797743e-14,2.340663201266333e-17
411.74,-3.041894444936608e-14,2.3564152408232457e-17
411.75,-3.041566116292199e-14,2.3588279331524957e-17
411.76,-3.0411891013346555e-14,2.3493320641414057e-17
411.77,-3.040844451842123e-14,2.353973553502414e-17
411.78,-3.0404602515286575e-14,2.348073224797526e-17
411.79,-3.040069629398102e-14,2.355060642724478e-17
411.8,-3.0397553307228323e-14,2.3235111535637402e-17
411.81,-3.03941715126516e-14,2.359444184992467e-17
411.82,-3.039041176161032e-14,2.349805396973367e-17
411.83,-3.0387017315285096e-14,2.3425340390004336e-17
411.84,-3.0383385647120014e-14,2.3445680885715178e-17
411.85,-3.0379790852157267e-14,2.3435550893761082e-17
411.86,-3.037654656830724e-14,2.3547886991951236e-17
411.87,-3.037280626107612e-14,2.346545518529405e-17
411.88,-3.0369752574254465e-14,2.3350456559842116e-17
411.89,-3.036590539861906e-14,2.350163053581613e-17
411.9,-3.036214248711945e-14,2.3512430051682825e-17
411.91,-3.035865921480132e-14,2.3515231556460425e-17
411.92,-3.0355118295090674e-14,2.3501685778740166e-17
411.93,-3.03513324959192e-14,2.3467674992955816e-17
411.94,-3.0347805833263736e-14,2.3432579612240753e-17
411.95,-3.0344860960050174e-14,2.353496090181694e-17
411.96,-3.034096952389751e-14,2.3497023347042318e-17
411.97,-3.0337184435015594e-14,2.3409016203635402e-17
411.98,-3.033276815907628e-14,2.314773504361873e-17
411.99,-3.033011815221656e-14,2.3428587278448992e-17
412.0,-3.0326665112275956e-14,2.3440439913339102e-17
412.01,-3.0323204676762023e-14,2.349142073928256e-17
412.02,-3.03195569085495e-14,2.3446223960441453e-17
412.03,-3.031570698306689e-14,2.3337548451502085e-17
412.04,-3.031248316190141e-14,2.337809202203617e-17
412.05,-3.03090389090676e-14,2.3404814886712466e-17
412.06,-3.030569049642519e-14,2.3999026220231078e-17
412.07,-3.030166148669055e-14,2.3250776873846076e-17
412.08,-3.029888742965452e-14,2.3658446166905295e-17
412.09,-3.029465480351989e-14,2.349792584227463e-17
412.1,-3.029125332343353e-14,2.3351254850505585e-17
412.11,-3.02874721804883e-14,2.3391134154170218e-17
412.12,-3.0284157666910425e-14,2.3479540423687983e-17
412.13,-3.028076338959245e-14,2.338550639127735e-17
412.14,-3.027729374699438e-14,2.3404392325342584e-17
412.15,-3.027627116790447e-14,2.521200126164562e-17
412.16,-3.0269823681097306e-14,2.330392367739381e-17
412.17,-3.026622727257592e-14,2.3356296738505216e-17
412.18,-3.0262553549128136e-14,2.3368705625485014e-17
412.19,-3.025939063564057e-14,2.3334221864851063e-17
412.2,-3.025572217292422e-14,2.2868762728047482e-17
412.21,-3.0252300085782735e-14,2.334457913532063e-17
412.22,-3.0248560979379855e-14,2.3264103320491034e-17
412.23,-3.0245197079133954e-14,2.3341232690074612e-17
412.24,-3.024269896865631e-14,2.4205492206955006e-17
412.25,-3.0237941188380367e-14,2.3257458399530284e-17
412.26,-3.0234517527601503e-14,2.341659259728428e-17
412.27,-3.023073083868008e-14,2.3206878675104175e-17
412.28,-3.0227470474915674e-14,2.3286045745015423e-17
412.29,-3.0224226679079487e-14,2.3249340624962536e-17
412.3,-3.022042539886121e-14,2.337425893246987e-17
412.31,-3.0216851464379874e-14,2.328483289940138e-17
412.32,-3.021334277459176e-14,2.3247971308393645e-17
412.33,-3.021036201577327e-14,2.341652386018138e-17
412.34,-3.020648188498325e-14,2.3312984290444883e-17
412.35,-3.020260632845373e-14,2.3318873900249183e-17
412.36,-3.019919460030654e-14,2.3187963505483525e-17
412.37,-3.019589450992284e-14,2.3315163653781435e-17
412.38,-3.0192307587729745e-14,2.3205295342429073e-17
412.39,-3.0188687442203583e-14,2.3546755329422586e-17
412.4,-3.018529934101029e-14,2.3269130370232314e-17
412.41,-3.018164741401429e-14,2.3358743898538028e-17
412.42,-3.0178065474135253e-14,2.3326702340923835e-17
412.43,-3.0174756143684376e-14,2.3280820258088516e-17
412.44,-3.01720318061357e-14,2.315100233924345e-17
412.45,-3.0167550409765913e-14,2.3279814452453373e-17
412.46,-3.016388954179547e-14,2.3251336508152918e-17
412.47,-3.016077955580012e-14,2.3360989779590833e-17
412.48,-3.015803472240677e-14,2.3769974712599388e-17
412.49,-3.0153406218205624e-14,2.3231040657682154e-17
412.5,-3.014984985631385e-14,2.3113636100069817e-17
412.51,-3.014632971307119e-14,2.328492292514614e-17
412.52,-3.014315186602761e-14,2.3324607394619155e-17
412.53,-3.013938088026004e-14,2.271103884678301e-17
412.54,-3.013571296728306e-14,2.319180148130107e-17
412.55,-3.0132461977645435e-14,2.3227811009053018e-17
412.56,-3.01291007685875e-14,2.3313351266666854e-17
412.57,-3.012564096190081e-14,2.3186923299668047e-17
412.58,-3.0121719097245744e-14,2.3067165171266698e-17
412.59,-3.011813339306473e-14,2.319721848931863e-17
412.6,-3.0114875713772035e-14,2.3212485739080835e-17
412.61,-3.0111361793345534e-14,2.3244357418318594e-17
412.62,-3.010626377653084e-14,2.1570912929053016e-17
412.63,-3.010402830404325e-14,2.3060140263323482e-17
412.64,-3.010082677703774e-14,2.316517890796666e-17
412.65,-3.009727765183579e-14,2.3221403179987508e-17
412.66,-3.009400843789533e-14,2.3214181952644517e-17
412.67,-3.009016510829041e-14,2.3088205596878837e-17
412.68,-3.008693604777343e-14,2.3265423107674992e-17
412.69,-3.0083706250112936e-14,2.336327530713765e-17
412.7,-3.0079902883685825e-14,2.3407120238098715e-17
412.71,-3.0078736269526026e-14,2.2856532821717053e-17
412.72,-3.0072428012413196e-14,2.3140961470705804e-17
412.73,-3.006930393681184e-14,2.3400028257567896e-17
412.74,-3.0065359642137284e-14,2.286817108504626e-17
412.75,-3.006218634091941e-14,2.3181994856215965e-17
412.76,-3.005855931252461e-14,2.3143106689756484e-17
412.77,-3.005525120167456e-14,2.3245281584964797e-17
412.78,-3.005165588512419e-14,2.3167704426207497e-17
412.79,-3.0047929313429504e-14,2.310376963353025e-17
412.8,-3.0044343358424927e-14,2.3297466173733548e-17
412.81,-3.004094032523067e-14,2.3120879261534043e-17
412.82,-3.003754873955775e-14,2.3146498438886943e-17
412.83,-3.00339815574953e-14,2.308693590576673e-17
412.84,-3.003059647871371e-14,2.3139593368277968e-17
412.85,-3.00270378544882e-14,2.3081756808309204e-17
412.86,-3.002355585816102e-14,2.3116542076138925e-17
412.87,-3.002020463196261e-14,2.313533605486706e-17
412.88,-3.001684523193257e-14,2.33895210739533e-17
412.89,-3.0013444789218336e-14,2.3217249467991503e-17
412.9,-3.0009624128072434e-14,2.3101909419625775e-17
412.91,-3.000614161018897e-14,2.3121882111366005e-17
412.92,-3.0002703107074815e-14,2.3150499392059863e-17
412.93,-2.999894091754264e-14,2.3051671978445448e-17
412.94,-2.9995517843940686e-14,2.298179082910451e-17
412.95,-2.9992065969541784e-14,2.3104180485959507e-17
412.96,-2.9988779281044583e-14,2.3176259644901132e-17
412.97,-2.998525020709144e-14,2.312511206542287e-17
412.98,-2.9981535170158e-14,2.318099771682934e-17
412.99,-2.997794305570904e-14,2.299512507916465e-17
413.0,-2.997467781895053e-14,2.314690858251323e-17
413.01,-2.9970998706330777e-14,2.306448129302684e-17
413.02,-2.996754871322792e-14,2.3075748586205746e-17
413.03,-2.996434683278513e-14,2.3094595204349827e-17
413.04,-2.996074376606063e-14,2.3128669275812884e-17
413.05,-2.995774620695805e-14,2.316914386233471e-17
413.06,-2.995411144789818e-14,2.3027081912969835e-17
413.07,-2.9949868844470455e-14,2.300619211391344e-17
413.08,-2.994648325448763e-14,2.3076285565015815e-17
413.09,-2.9942427988355045e-14,2.2607835166979014e-17
413.1,-2.993948288812087e-14,2.3017474638457243e-17
413.11,-2.993589005937598e-14,2.289451845634556e-17
413.12,-2.993218229008417e-14,2.2830773824025772e-17
413.13,-2.99290163695703e-14,2.2920753111121162e-17
413.14,-2.992533374023167e-14,2.2804310793564583e-17
413.15,-2.992201309470249e-14,2.2945256719485406e-17
413.16,-2.991856711480668e-14,2.287575085024865e-17
413.17,-2.9914922037782095e-14,2.28585743846523e-17
413.18,-2.991151608383875e-14,2.2849120301103532e-17
413.19,-2.9908098988163556e-14,2.2858520778926208e-17
413.2,-2.990487691158994e-14,2.3000509338220536e-17
413.21,-2.9900890514615426e-14,2.280482596588798e-17
413.22,-2.98976642514681e-14,2.2975918775634963e-17
413.23,-2.989480417809754e-14,2.2710537050351052e-17
413.24,-2.9890933588447575e-14,2.298202410005936e-17
413.25,-2.988730802012542e-14,2.283060746280762e-17
413.26,-2.9883438227091926e-14,2.2771647883519998e-17
413.27,-2.988040967404161e-14,2.271292553416252e-17
413.28,-2.9876718915638153e-14,2.2854298430144513e-17
413.29,-2.987319910728568e-14,2.2704887905410742e-17
413.3,-2.986990145853285e-14,2.286091831814325e-17
413.31,-2.986637622298213e-14,2.2945672262336706e-17
413.32,-2.986225668077654e-14,2.2693261825225034e-17
413.33,-2.985963506364043e-14,2.2943148117006673e-17
413.34,-2.985569489375261e-14,2.2902719407836184e-17
413.35,-2.985209494817722e-14,2.2700188366876782e-17
413.36,-2.984874583476932e-14,2.2893575872670583e-17
413.37,-2.98452145929673e-14,2.2831019649113496e-17
413.38,-2.9842074348009587e-14,2.2942856254481356e-17
413.39,-2.983828215701273e-14,2.2687745292791984e-17
413.4,-2.983477332706962e-14,2.2874671783559835e-17
413.41,-2.983187748412027e-14,2.282764338148271e-17
413.42,-2.982737164895735e-14,2.26254952858103e-17
413.43,-2.9824616269624354e-14,2.288054750690153e-17
413.44,-2.982090290804308e-14,2.2695448175385456e-17
413.45,-2.981753012854026e-14,2.2804654812087476e-17
413.46,-2.981408751459531e-14,2.2843851822327432e-17
413.47,-2.9810382075247746e-14,2.2727863574697207e-17
413.48,-2.9807335947826375e-14,2.2792318883629917e-17
413.49,-2.980365546535351e-14,2.2763210404056408e-17
413.5,-2.979974217862226e-14,2.2729629275044055e-17
413.51,-2.9795416391850033e-14,2.275324917882713e-17
413.52,-2.979312344808403e-14,2.2761661017106246e-17
413.53,-2.9789816550337104e-14,2.2775016677650206e-17
413.54,-2.978629770902175e-14,2.2745745432480165e-17
413.55,-2.978279523514975e-14,2.2786930450219532e-17
413.56,-2.9779165358541313e-14,2.2654270054520174e-17
413.57,-2.977601759492948e-14,2.275660848363375e-17
413.58,-2.9772457668537076e-14,2.2858733271843274e-17
413.59,-2.976888268164499e-14,2.2732668629032847e-17
413.6,-2.976478638397039e-14,2.249772791711141e-17
413.61,-2.9761787395146e-14,2.268995291388735e-17
413.62,-2.975867759446735e-14,2.2822146168933337e-17
413.63,-2.9755088768268864e-14,2.2695252960725672e-17
413.64,-2.975163672888264e-14,2.2685761390135933e-17
413.65,-2.97483720347623e-14,2.286342804043866e-17
413.66,-2.974447131513644e-14,2.286954278625531e-17
413.67,-2.974075569188524e-14,2.2740354237581825e-17
413.68,-2.973837673160211e-14,2.291749266747792e-17
413.69,-2.9734375262415884e-14,2.2668381881977742e-17
413.7,-2.9730968293165526e-14,2.2733239931073898e-17
413.71,-2.972743127453845e-14,2.2729416267112644e-17
413.72,-2.972383212248616e-14,2.2571511492062694e-17
413.73,-2.9720498564015406e-14,2.2639442364760785e-17
413.74,-2.971686779063114e-14,2.2691885839075582e-17
413.75,-2.971357263214802e-14,2.2771538978260424e-17
413.76,-2.971007522381229e-14,2.252415549873512e-17
413.77,-2.970653307154014e-14,2.2742730004014565e-17
413.78,-2.970285866321069e-14,2.2589414728733508e-17
413.79,-2.9699743887964255e-14,2.2686535079912306e-17
413.8,-2.9696123083772673e-14,2.2563630065634173e-17
413.81,-2.9692701935212706e-14,2.2565558629525068e-17
413.82,-2.968908020907066e-14,2.2552687616699258e-17
413.83,-2.9685834935103294e-14,2.2788884878573106e-17
413.84,-2.9682260509311966e-14,2.2705268792220154e-17
413.85,-2.967910368383844e-14,2.2804717919775543e-17
413.86,-2.967510622628273e-14,2.2535609077157162e-17
413.87,-2.967195539157822e-14,2.2536670069633498e-17
413.88,-2.9668522942868423e-14,2.2612919289446063e-17
413.89,-2.9665067598783134e-14,2.251878568469938e-17
413.9,-2.9661472711295e-14,2.2516539024937517e-17
413.91,-2.965830760416545e-14,2.2596571408402e-17
413.92,-2.965512427341871e-14,2.263640210367138e-17
413.93,-2.965113742112892e-14,2.2510929548081793e-17
413.94,-2.9646757472249765e-14,2.2446425720769436e-17
413.95,-2.9644265089495187e-14,2.2486971483175346e-17
413.96,-2.9641065535709204e-14,2.2502046697721187e-17
413.97,-2.963743037611944e-14,2.2518801881025015e-17
413.98,-2.963384979049538e-14,2.2500939538066297e-17
413.99,-2.963065445303704e-14,2.245472167542361e-17
414.0,-2.962727057834213e-14,2.2504293706881842e-17
414.01,-2.962357483431863e-14,2.242762861351347e-17
414.02,-2.961985419510629e-14,2.2457776259592455e-17
414.03,-2.9616333005996935e-14,2.1870342039973685e-17
414.04,-2.9613300242112726e-14,2.255234366123666e-17
414.05,-2.960983101157668e-14,2.2472657583119362e-17
414.06,-2.960634336437837e-14,2.2412348154660224e-17
414.07,-2.9603171994237325e-14,2.2522449446054107e-17
414.08,-2.959968225144881e-14,2.232385596568921e-17
414.09,-2.959608997163417e-14,2.2459737103113195e-17
414.1,-2.959278982281372e-14,2.256436660644647e-17
414.11,-2.958917050615628e-14,2.2422339487427923e-17
414.12,-2.9585505771122173e-14,2.200648776654326e-17
414.13,-2.9582078094867046e-14,2.2368913494235935e-17
414.14,-2.957908778995437e-14,2.2545063571321916e-17
414.15,-2.957529416984038e-14,2.2404931928365787e-17
414.16,-2.957193665999355e-14,2.2347289780255818e-17
414.17,-2.9569407445585873e-14,2.281832814116689e-17
414.18,-2.956537688774023e-14,2.2429453561178856e-17
414.19,-2.956187214128108e-14,2.2459128425867743e-17
414.2,-2.955806009884808e-14,2.239276748470945e-17
414.21,-2.955550215613726e-14,2.2381626188038753e-17
414.22,-2.955160024613684e-14,2.2367317101299982e-17
414.23,-2.9548030000562116e-14,2.237509029243519e-17
414.24,-2.954475421207283e-14,2.234974827205234e-17
414.25,-2.9541256218965176e-14,2.238180027476827e-17
414.26,-2.9537620561324944e-14,2.2530112120403517e-17
414.27,-2.9534240697343733e-14,2.2278339831877648e-17
414.28,-2.953089844360514e-14,2.2409245557383984e-17
414.29,-2.952766467422302e-14,2.238984413213933e-17
414.3,-2.952414082019038e-14,2.248713053489576e-17
414.31,-2.952039997991378e-14,2.2327712033426143e-17
414.32,-2.9517193311443715e-14,2.2516458896104383e-17
414.33,-2.95136821061623e-14,2.2368345893136403e-17
414.34,-2.9510236155360956e-14,2.2361675081909602e-17
414.35,-2.950688635300026e-14,2.2280852799342684e-17
414.36,-2.950300490232221e-14,2.1949458412304763e-17
414.37,-2.950009296232171e-14,2.2371940048696472e-17
414.38,-2.9496271182962236e-14,2.2257907751819076e-17
414.39,-2.9493114512075694e-14,2.2338004902615884e-17
414.4,-2.948942552002188e-14,2.2280933028887976e-17
414.41,-2.948718025724695e-14,2.285128781163905e-17
414.42,-2.9483008414533284e-14,2.2371236456427075e-17
414.43,-2.947952166850844e-14,2.22711642794743e-17
414.44,-2.947602949650627e-14,2.2281041377268544e-17
414.45,-2.947235352194026e-14,2.2539349399501535e-17
414.46,-2.9469173955668747e-14,2.2279767357639918e-17
414.47,-2.9466458297456697e-14,2.2404289435070537e-17
414.48,-2.946251648913658e-14,2.2315507955486324e-17
414.49,-2.945844144264523e-14,2.224826764171919e-17
414.5,-2.9456277336297124e-14,2.219045523318482e-17
414.51,-2.9452526593448475e-14,2.236476860034659e-17
414.52,-2.944901127693552e-14,2.2277532848372382e-17
414.53,-2.9445533155476734e-14,2.2338763206996995e-17
414.54,-2.944229121165215e-14,2.2478621116143332e-17
414.55,-2.943827889251314e-14,2.220675558249928e-17
414.56,-2.9434936860823405e-14,2.215812682864256e-17
414.57,-2.943140084079545e-14,2.2341551253470326e-17
414.58,-2.942787791351269e-14,2.22880652813814e-17
414.59,-2.942456183617275e-14,2.1903404881826405e-17
414.6,-2.942145922020617e-14,2.2327187429705102e-17
414.61,-2.9418037919029236e-14,2.2255209746493542e-17
414.62,-2.9414271110439926e-14,2.21729507382072e-17
414.63,-2.9410561756386844e-14,2.1966609786486556e-17
414.64,-2.940761433170362e-14,2.2086749178215983e-17
414.65,-2.940423278199541e-14,2.2247709588395793e-17
414.66,-2.940078955602306e-14,2.2195918356840005e-17
414.67,-2.9397000167767046e-14,2.2007924245550797e-17
414.68,-2.939349336118404e-14,2.180138314914554e-17
414.69,-2.9390688649302586e-14,2.226207753754176e-17
414.7,-2.938699783747311e-14,2.2065404349768887e-17
414.71,-2.938371353015513e-14,2.2300323411603712e-17
414.72,-2.9380285192593734e-14,2.2207409970888092e-17
414.73,-2.9376890383670606e-14,2.216014039254392e-17
414.74,-2.937344469647947e-14,2.2170185264949466e-17
414.75,-2.937007346938236e-14,2.2178974214319345e-17
414.76,-2.936662801993602e-14,2.2121776985678938e-17
414.77,-2.936259952111989e-14,2.189296088488981e-17
414.78,-2.935975988697291e-14,2.2120205745374744e-17
414.79,-2.9356621695483885e-14,2.216128179176629e-17
414.8,-2.935310047478725e-14,2.209811355317844e-17
414.81,-2.93497251441183e-14,2.219774933920439e-17
414.82,-2.9346508255808394e-14,2.20705384424505e-17
414.83,-2.934303756976664e-14,2.2116314174823874e-17
414.84,-2.933996758960985e-14,2.2318832753278725e-17
414.85,-2.933456604549933e-14,2.1757833406712448e-17
414.86,-2.9332552958691356e-14,2.2114293059485204e-17
414.87,-2.932916782890728e-14,2.2242610794734098e-17
414.88,-2.932636413790353e-14,2.223101108559982e-17
414.89,-2.9322634495742307e-14,2.2177974089113365e-17
414.9,-2.931913951178894e-14,2.205106390175695e-17
414.91,-2.93154410896245e-14,2.2085364636403915e-17
414.92,-2.931240832623635e-14,2.2141188928432768e-17
414.93,-2.930879634609936e-14,2.1955923868671176e-17
414.94,-2.93054601465063e-14,2.2033492703469655e-17
414.95,-2.930235202674258e-14,2.2104949759839852e-17
414.96,-2.929828364041066e-14,2.2178676680317053e-17
414.97,-2.9295478246191023e-14,2.216473653325952e-17
414.98,-2.929190699717543e-14,2.206289298658933e-17
414.99,-2.9288417480356175e-14,2.208289517422262e-17
415.0,-2.928654074462943e-14,2.2406843548126804e-17
415.01,-2.928174541665655e-14,2.205692682135759e-17
415.02,-2.927893000848116e-14,2.2229939826802286e-17
415.03,-2.927466722222676e-14,2.202266145734808e-17
415.04,-2.927142831187035e-14,2.1868069368037974e-17
415.05,-2.926791461571364e-14,2.2047132743032968e-17
415.06,-2.9264816485006456e-14,2.202963374259488e-17
415.07,-2.926147050584315e-14,2.203464125496688e-17
415.08,-2.925794227886532e-14,2.2029394308845695e-17
415.09,-2.92548050089551e-14,2.216512182296764e-17
415.1,-2.92518807249323e-14,2.2131360065049372e-17
415.11,-2.924821845393219e-14,2.2152939591536055e-17
415.12,-2.9243906257164143e-14,2.207689005484361e-17
415.13,-2.92409887296735e-14,2.1991320968801622e-17
415.14,-2.923758718127824e-14,2.2145981787249815e-17
415.15,-2.92336730161708e-14,2.1836610106019986e-17
415.16,-2.923098053623405e-14,2.210720315507305e-17
415.17,-2.922746577381228e-14,2.2066326094320537e-17
415.18,-2.92238850666185e-14,2.1898205403387147e-17
415.19,-2.9220556504588367e-14,2.2031677936684697e-17
415.2,-2.921787236031095e-14,2.2402693457753267e-17
415.21,-2.9213745490538674e-14,2.1974007685800735e-17
415.22,-2.921060340442495e-14,2.197376127460773e-17
415.23,-2.9207775030138916e-14,2.214528533040409e-17
415.24,-2.9204356970921984e-14,2.220556225529694e-17
415.25,-2.920050400296265e-14,2.1999294455623853e-17
415.26,-2.919717190612894e-14,2.2035052166901887e-17
415.27,-2.9193449534903347e-14,2.192188997201311e-17
415.28,-2.9190290656577386e-14,2.1964886146697634e-17
415.29,-2.9187256366330737e-14,2.201047396466056e-17
415.3,-2.9183189608989457e-14,2.1860220585514513e-17
415.31,-2.9180062741749693e-14,2.1848942909109314e-17
415.32,-2.9176977811636074e-14,2.1945726379295298e-17
415.33,-2.917335475824309e-14,2.1941400584511387e-17
415.34,-2.91699021710201e-14,2.1873270758823434e-17
415.35,-2.916647088319266e-14,2.1908906936458484e-17
415.36,-2.916308900186762e-14,2.1917763963299526e-17
415.37,-2.9159849269930627e-14,2.1815846267728852e-17
415.38,-2.9156510638746584e-14,2.1942122175162935e-17
415.39,-2.91531283587878e-14,2.1711385620642316e-17
415.4,-2.9149509487915816e-14,2.1579217671863502e-17
415.41,-2.914619747230338e-14,2.1846080036923455e-17
415.42,-2.914326057046128e-14,2.2044189369839756e-17
415.43,-2.913975304628123e-14,2.1898019712806527e-17
415.44,-2.913632548712919e-14,2.2007712201691483e-17
415.45,-2.9133191877355345e-14,2.1910431234890387e-17
415.46,-2.91301580057648e-14,2.2168612944721277e-17
415.47,-2.912623017573124e-14,2.196447434540184e-17
415.48,-2.9121102327804974e-14,2.1259507779117716e-17
415.49,-2.911966469022159e-14,2.1968898454607164e-17
415.5,-2.9115603297443484e-14,2.1545211683071774e-17
415.51,-2.9112626617628115e-14,2.185442069092581e-17
415.52,-2.910896214796753e-14,2.1743646928373392e-17
415.53,-2.910631894605132e-14,2.1894396184215654e-17
415.54,-2.9102365376059006e-14,2.1788011755420232e-17
415.55,-2.909972291463863e-14,2.2049197993995017e-17
415.56,-2.9096134802045174e-14,2.18792619106106e-17
415.57,-2.909278159890417e-14,2.1974983497906262e-17
415.58,-2.908909462451436e-14,2.184738848010027e-17
415.59,-2.908587296137746e-14,2.188544718752311e-17
415.6,-2.90826050714936e-14,2.1870599372182757e-17
415.61,-2.90793297741163e-14,2.188717011126832e-17
415.62,-2.907584646180215e-14,2.1908674897614895e-17
415.63,-2.9072379860629177e-14,2.1881830224805603e-17
415.64,-2.907027808389042e-14,2.2030226810837742e-17
415.65,-2.9066485451724535e-14,2.2290869871242365e-17
415.66,-2.906229717117958e-14,2.1867272875711908e-17
415.67,-2.9058918088801615e-14,2.1867689605518556e-17
415.68,-2.905581582319672e-14,2.1973501295051154e-17
415.69,-2.905220405192385e-14,2.1790462977477278e-17
415.7,-2.9048772326645964e-14,2.1799154272386612e-17
415.71,-2.904540481645072e-14,2.1846219429794657e-17
415.72,-2.90420629988603e-14,2.1815513793320925e-17
415.73,-2.903840634551237e-14,2.2035875694584687e-17
415.74,-2.9035712077928184e-14,2.1893537149604858e-17
415.75,-2.903195714916407e-14,2.1769611971560355e-17
415.76,-2.902866377633362e-14,2.1828321006506885e-17
415.77,-2.902527570547615e-14,2.1900339127823208e-17
415.78,-2.9022232412194244e-14,2.1986059137061042e-17
415.79,-2.901842773967233e-14,2.1703392616593238e-17
415.8,-2.901510403540651e-14,2.164417493849927e-17
415.81,-2.9011790441846465e-14,2.1749788638587492e-17
415.82,-2.9008076507344147e-14,2.1607213925565482e-17
415.83,-2.900542468676927e-14,2.1824028651583237e-17
415.84,-2.900181833012182e-14,2.178096725438692e-17
415.85,-2.8998660694980454e-14,2.1823970839906673e-17
415.86,-2.899553217681113e-14,2.1844921897233575e-17
415.87,-2.899202278721857e-14,2.1751491329457086e-17
415.88,-2.898838119165728e-14,2.1839417271742568e-17
415.89,-2.8985224939112995e-14,2.188338649599147e-17
415.9,-2.89817000423306e-14,2.178673008900687e-17
415.91,-2.897800355633994e-14,2.1790239404116134e-17
415.92,-2.89751415465319e-14,2.1762963577280733e-17
415.93,-2.8971610969889074e-14,2.1715678971892284e-17
415.94,-2.896850603107221e-14,2.1917439179614483e-17
415.95,-2.8964943633903756e-14,2.182599241865293e-17
415.96,-2.896176777910101e-14,2.1873898026019782e-17
415.97,-2.89585557018213e-14,2.186167062603983e-17
415.98,-2.8954959319308664e-14,2.1824902058510526e-17
415.99,-2.8951664792673365e-14,2.1828934608708643e-17
416.0,-2.8945461916484806e-14,2.0087552898982556e-17
416.01,-2.894524468620672e-14,2.198570535192699e-17
416.02,-2.8941335494299486e-14,2.161651413857372e-17
416.03,-2.8938405799521254e-14,2.1818012878569067e-17
416.04,-2.8935098203066264e-14,2.1762805491574247e-17
416.05,-2.893219179136611e-14,2.1994748079617343e-17
416.06,-2.892845833702765e-14,2.184037975930011e-17
416.07,-2.892503838023141e-14,2.183420335341751e-17
416.08,-2.8921676606956036e-14,2.1745599950837864e-17
416.09,-2.8917322820323954e-14,2.1105232283026807e-17
416.1,-2.891487216046799e-14,2.1828625020316434e-17
416.11,-2.891211418778015e-14,2.1819060361397675e-17
416.12,-2.890862352515285e-14,2.181311287675778e-17
416.13,-2.890491463107011e-14,2.181065271959024e-17
416.14,-2.8901205486418146e-14,2.163788147599127e-17
416.15,-2.889859565082257e-14,2.1915881615100166e-17
416.16,-2.8894993520937855e-14,2.1762943384295028e-17
416.17,-2.8891557094496614e-14,2.1769305905197473e-17
416.18,-2.8887726906368145e-14,2.1520128359514867e-17
416.19,-2.8884979286884117e-14,2.1824574292429028e-17
416.2,-2.888213238103865e-14,2.2079792512964538e-17
416.21,-2.887819111029924e-14,2.1764791099886184e-17
416.22,-2.887494041201228e-14,2.1738967826772374e-17
416.23,-2.887125308647064e-14,2.1401056847393767e-17
416.24,-2.886841098748048e-14,2.1815049046325736e-17
416.25,-2.886493021767997e-14,2.1710852080527198e-17
416.26,-2.8861530032122976e-14,2.1833173819733995e-17
416.27,-2.885811765202009e-14,2.146442566247784e-17
416.28,-2.885491104903074e-14,2.16889673769726e-17
416.29,-2.885220330237482e-14,2.1661000836385984e-17
416.3,-2.8848522298219575e-14,2.1988849301221483e-17
416.31,-2.884486632278895e-14,2.1742559033375053e-17
416.32,-2.884132980533488e-14,2.1678213880639113e-17
416.33,-2.883869211080667e-14,2.161357956472706e-17
416.34,-2.883486365016236e-14,2.172598974020016e-17
416.35,-2.8831754496349825e-14,2.1530662519770348e-17
416.36,-2.882844463214227e-14,2.167163882943104e-17
416.37,-2.882497357604967e-14,2.179802013181221e-17
416.38,-2.8820723249765826e-14,2.1449800050286645e-17
416.39,-2.8818464182234685e-14,2.1774257298383812e-17
416.4,-2.8815032572378334e-14,2.1798078530647252e-17
416.41,-2.88115182891104e-14,2.1745482369587677e-17
416.42,-2.880776769021682e-14,2.1458712651546132e-17
416.43,-2.8805246135869714e-14,2.174250715700183e-17
416.44,-2.880175734151355e-14,2.1744914734259178e-17
416.45,-2.8798380004781446e-14,2.184463215058518e-17
416.46,-2.8795330597034144e-14,2.1720312769740507e-17
416.47,-2.879133814621406e-14,2.1572981126207806e-17
416.48,-2.878856746813132e-14,2.1750857701728274e-17
416.49,-2.878515415692772e-14,2.1724981974034952e-17
416.5,-2.878168064843898e-14,2.1780153413239233e-17
416.51,-2.8778275995334506e-14,2.165398928787798e-17
416.52,-2.877515069316383e-14,2.1681886557455587e-17
416.53,-2.877189687268614e-14,2.1661329185939763e-17
416.54,-2.876904389927252e-14,2.1745989378565112e-17
416.55,-2.876502018828658e-14,2.169167627448288e-17
416.56,-2.876191132612044e-14,2.2364813108012543e-17
416.57,-2.8758710059485704e-14,2.1792437848161435e-17
416.58,-2.875534886963529e-14,2.180091267406392e-17
416.59,-2.8751677198702183e-14,2.162477901556149e-17
416.6,-2.874858273862861e-14,2.1606897878693296e-17
416.61,-2.874543074610011e-14,2.1782065231791574e-17
416.62,-2.874195966939773e-14,2.1675055043322622e-17
416.63,-2.873852191728613e-14,2.1643119803257897e-17
416.64,-2.8735403062935733e-14,2.17037947157534e-17
416.65,-2.8728884077109065e-14,2.149682929176343e-17
416.66,-2.8728958452631657e-14,2.1800301411543894e-17
416.67,-2.872553277544735e-14,2.173546789987959e-17
416.68,-2.872204739324526e-14,2.1645859405733763e-17
416.69,-2.8718620339609295e-14,2.1586812169741035e-17
416.7,-2.871551220076029e-14,2.1737976630588077e-17
416.71,-2.871202713044309e-14,2.167369698367448e-17
416.72,-2.8708916305202905e-14,2.169783159110737e-17
416.73,-2.870555140671123e-14,2.169868294351961e-17
416.74,-2.8701996464734015e-14,2.1416993098418528e-17
416.75,-2.869902785664524e-14,2.1743790624879287e-17
416.76,-2.8695586455682826e-14,2.1707091822835946e-17
416.77,-2.869246696940167e-14,2.1713762091665233e-17
416.78,-2.868880669959458e-14,2.18421714694511e-17
416.79,-2.868581876220074e-14,2.166222684540856e-17
416.8,-2.86823846620111e-14,2.1749622500910844e-17
416.81,-2.867908541986128e-14,2.1674466341379792e-17
416.82,-2.867571417549873e-14,2.1601533191235668e-17
416.83,-2.867161034805218e-14,2.1473532482070787e-17
416.84,-2.8669125713313986e-14,2.1721376105848064e-17
416.85,-2.8665721808470586e-14,2.1631474293655812e-17
416.86,-2.866244065989e-14,2.162044276277415e-17
416.87,-2.865891562529915e-14,2.159828224112881e-17
416.88,-2.8655581767074254e-14,2.1597070525334065e-17
416.89,-2.86527201860125e-14,2.1673774872748143e-17
416.9,-2.8649158868209315e-14,2.150425210265843e-17
416.91,-2.8645943516321486e-14,2.159823361598111e-17
416.92,-2.864343786975375e-14,2.1826093651620607e-17
416.93,-2.863984432445724e-14,2.1671601726017826e-17
416.94,-2.863591071542666e-14,2.1553733032529056e-17
416.95,-2.86328463332163e-14,2.1711453489053468e-17
416.96,-2.862967653406069e-14,2.1751504374117424e-17
416.97,-2.8626034807355574e-14,2.148380565749119e-17
416.98,-2.86229849361862e-14,2.1590496427007845e-17
416.99,-2.861958398199057e-14,2.165787681388113e-17
417.0,-2.861591408243581e-14,2.1857837814649733e-17
417.01,-2.8613140191280216e-14,2.165723131831029e-17
417.02,-2.861008764382564e-14,2.1783504904756928e-17
417.03,-2.860678119002477e-14,2.1780696440308244e-17
417.04,-2.8603287205655e-14,2.1752742401128724e-17
417.05,-2.8599772758717434e-14,2.1700067485594978e-17
417.06,-2.8596689138511734e-14,2.1827511289324707e-17
417.07,-2.859323286502355e-14,2.172402901355161e-17
417.08,-2.858934377987609e-14,2.1641416401446022e-17
417.09,-2.8586666290756726e-14,2.162537209295402e-17
417.1,-2.8583369868533726e-14,2.166270246069404e-17
417.11,-2.85800812773629e-14,2.1656018869324428e-17
417.12,-2.8577179237219827e-14,2.1784785474493848e-17
417.13,-2.85735351482703e-14,2.1730258484902085e-17
417.14,-2.857046667315986e-14,2.1747508521719232e-17
417.15,-2.856677744753598e-14,2.1808499095616066e-17
417.16,-2.8563624124050464e-14,2.1623216260618876e-17
417.17,-2.8560272057201713e-14,2.175696957204817e-17
417.18,-2.855676511546285e-14,2.160742420215676e-17
417.19,-2.855316520764439e-14,2.15814380042817e-17
417.2,-2.855069674709438e-14,2.1736001045045058e-17
417.21,-2.854735085183418e-14,2.1806826983459822e-17
417.22,-2.854395471912069e-14,2.1686929554210538e-17
417.23,-2.8540550896352045e-14,2.1654329445109792e-17
417.24,-2.8537502114285295e-14,2.1722398212635064e-17
417.25,-2.8534270200314485e-14,2.1664917608147415e-17
417.26,-2.853113877102501e-14,2.184073150119506e-17
417.27,-2.852796582036392e-14,2.1825824090322223e-17
417.28,-2.8524199600250507e-14,2.1640589756853496e-17
417.29,-2.852118410615586e-14,2.1876724326526308e-17
417.3,-2.851765176532086e-14,2.1677942746124623e-17
417.31,-2.8514576772146766e-14,2.1762648851910077e-17
417.32,-2.8510940387504283e-14,2.1662817606487213e-17
417.33,-2.85081039494333e-14,2.1774064182881424e-17
417.34,-2.85044837571272e-14,2.1643775618665617e-17
417.35,-2.8501253131394736e-14,2.175581335411746e-17
417.36,-2.849788038221714e-14,2.1786636084341864e-17
417.37,-2.8494667311672235e-14,2.147412523172093e-17
417.38,-2.849205705346263e-14,2.1950361784720247e-17
417.39,-2.848813096895591e-14,2.1693672796306845e-17
417.4,-2.848509240426399e-14,2.1734258562734933e-17
417.41,-2.8482854807311686e-14,2.1964883976317657e-17
417.42,-2.847791742090884e-14,2.151663406855358e-17
417.43,-2.847488109106215e-14,2.154152545717843e-17
417.44,-2.8471586848077054e-14,2.1673117505649075e-17
417.45,-2.846947084937518e-14,2.199093661538748e-17
417.46,-2.846550889070233e-14,2.1737750998486058e-17
417.47,-2.846193783789371e-14,2.1744000835513974e-17
417.48,-2.845863334761977e-14,2.1687004448775958e-17
417.49,-2.845564896923308e-14,2.171595498429825e-17
417.5,-2.845266912346867e-14,2.1766755864335397e-17
417.51,-2.844861364381459e-14,2.1613483244933028e-17
417.52,-2.84460184654851e-14,2.1716025091020718e-17
417.53,-2.844247466149139e-14,2.166258043698437e-17
417.54,-2.8438608307519893e-14,2.1639309720298605e-17
417.55,-2.843566236968321e-14,2.174257147165603e-17
417.56,-2.843248784622046e-14,2.1604602162762012e-17
417.57,-2.842906528940643e-14,2.165985791687076e-17
417.58,-2.8426030248130367e-14,2.1677369590979815e-17
417.59,-2.8422795957583746e-14,2.1684734723164636e-17
417.6,-2.8419279541528857e-14,2.1619756080668962e-17
417.61,-2.841611661043391e-14,2.1691307152960237e-17
417.62,-2.8411864590700094e-14,2.133446944543035e-17
417.63,-2.8409754793832542e-14,2.1761725714502663e-17
417.64,-2.840611542739077e-14,2.1523206925684706e-17
417.65,-2.8402822646888694e-14,2.1540638653032416e-17
417.66,-2.8399833831793242e-14,2.1697618570010973e-17
417.67,-2.8396613056301736e-14,2.1658192524256212e-17
417.68,-2.8393447713156856e-14,2.167438271526751e-17
417.69,-2.8389804436147194e-14,2.1606880976428075e-17
417.7,-2.8386811614065585e-14,2.1464274196654085e-17
417.71,-2.8383289795941253e-14,2.1672007471221505e-17
417.72,-2.838039808625604e-14,2.1738433980176323e-17
417.73,-2.8376741165787864e-14,2.1599281494285964e-17
417.74,-2.8373666033812657e-14,2.1669264704935643e-17
417.75,-2.8369782658299302e-14,2.1545941317597017e-17
417.76,-2.8368105272772043e-14,2.1915751111097435e-17
417.77,-2.8363247298194405e-14,2.1461296020366072e-17
417.78,-2.836039245581479e-14,2.161081971028634e-17
417.79,-2.8357929121261915e-14,2.1670247025811403e-17
417.8,-2.8354087566148394e-14,2.171072157231167e-17
417.81,-2.8350597519286696e-14,2.1638023736855183e-17
417.82,-2.834752259221775e-14,2.1650069224079564e-17
417.83,-2.834384859001614e-14,2.1489990574275443e-17
417.84,-2.8340323646336043e-14,2.1405992807000983e-17
417.85,-2.8337810223111093e-14,2.166467513723542e-17
417.86,-2.8334173192016933e-14,2.1473757453816997e-17
417.87,-2.833108343593858e-14,2.1618743804178753e-17
417.88,-2.832814493358812e-14,2.221470229910764e-17
417.89,-2.8324720305159057e-14,2.1711737726154244e-17
417.9,-2.8320966845985973e-14,2.1564739771894586e-17
417.91,-2.831787526086833e-14,2.1515249880353104e-17
417.92,-2.8314705172241745e-14,2.1519094744684967e-17
417.93,-2.8311386444089405e-14,2.1608349081160486e-17
417.94,-2.8308464067040972e-14,2.1735120243080518e-17
417.95,-2.8304948245763404e-14,2.158028896067721e-17
417.96,-2.830188096453099e-14,2.1651949516171045e-17
417.97,-2.8298513643515842e-14,2.1755797012614918e-17
417.98,-2.829453986054916e-14,2.1400427991709926e-17
417.99,-2.829216895176054e-14,2.1620981160243363e-17
418.0,-2.8288715590554725e-14,2.1577067524894397e-17
418.01,-2.828505871330668e-14,2.1493924481322387e-17
418.02,-2.8281314217715248e-14,2.113739413045589e-17
418.03,-2.8278967235549234e-14,2.1578056088081023e-17
418.04,-2.827561670081997e-14,2.1524236151834095e-17
418.05,-2.827239828662394e-14,2.155298130247982e-17
418.06,-2.8268532906884753e-14,2.1489421806757943e-17
418.07,-2.8266139819097032e-14,2.1657339255021672e-17
418.08,-2.8262284663595577e-14,2.1418391079050688e-17
418.09,-2.8259065543933903e-14,2.1561837241629526e-17
418.1,-2.8256228839562326e-14,2.1616296382294324e-17
418.11,-2.825302430607093e-14,2.1344422622112362e-17
418.12,-2.824972220848281e-14,2.1647733911022974e-17
418.13,-2.824633353998693e-14,2.1573235392686045e-17
418.14,-2.824325324697212e-14,2.154988246749394e-17
418.15,-2.82397357200618e-14,2.1361866294317288e-17
418.16,-2.8236562399863444e-14,2.1545298628143438e-17
418.17,-2.8233027465067605e-14,2.130027848519549e-17
418.18,-2.8230193090586693e-14,2.1537313871038002e-17
418.19,-2.8226884954653128e-14,2.153437766999878e-17
418.2,-2.8223726632646923e-14,2.1500552568475857e-17
418.21,-2.8220465212815323e-14,2.1584370231864142e-17
418.22,-2.821717729186932e-14,2.1531724762657274e-17
418.23,-2.8213525479482968e-14,2.135528113766417e-17
418.24,-2.8210911975877303e-14,2.1644627903751452e-17
418.25,-2.8207548488541776e-14,2.1585072343335657e-17
418.26,-2.8204289315576888e-14,2.145701636175717e-17
418.27,-2.8200630455117616e-14,2.134372855708172e-17
418.28,-2.8197712453979654e-14,2.1512953838983302e-17
418.29,-2.8194549822682558e-14,2.146770911483449e-17
418.3,-2.8191275039150553e-14,2.1963842037265636e-17
418.31,-2.8188012181878375e-14,2.1449141141040843e-17
418.32,-2.8184788558087137e-14,2.1550079673753157e-17
418.33,-2.8181201461164634e-14,2.1401708084084368e-17
418.34,-2.8178011060153005e-14,2.1538718454175106e-17
418.35,-2.817478971762886e-14,2.101559621718262e-17
418.36,-2.8171710106749266e-14,2.1477529042877003e-17
418.37,-2.8168544771739034e-14,2.1488561563239186e-17
418.38,-2.816520942792051e-14,2.146675120658649e-17
418.39,-2.816213617624424e-14,2.140638534745807e-17
418.4,-2.8158609598044806e-14,2.14860514760103e-17
418.41,-2.8155462826522797e-14,2.1502142257141504e-17
418.42,-2.8152056028172944e-14,2.1327897929811538e-17
418.43,-2.814893176759455e-14,2.1482651315768788e-17
418.44,-2.8145776457747154e-14,2.1440462545869158e-17
418.45,-2.8142712370726376e-14,2.1534567973854613e-17
418.46,-2.8139099783135762e-14,2.1386000683737973e-17
418.47,-2.81360563365639e-14,2.152575086378479e-17
418.48,-2.8132297774039726e-14,2.1257132576673078e-17
418.49,-2.8129622611258062e-14,2.145586846508646e-17
418.5,-2.812680986294008e-14,2.1668363088071358e-17
418.51,-2.8123473078931337e-14,2.1579618057337137e-17
418.52,-2.811878291107388e-14,2.1094740069847046e-17
418.53,-2.8116208886468816e-14,2.1496748718348643e-17
418.54,-2.8113499217350144e-14,2.154141686603548e-17
418.55,-2.810996982646886e-14,2.136635073550454e-17
418.56,-2.810703962759111e-14,2.1478316323397428e-17
418.57,-2.810399942274491e-14,2.153217754320467e-17
418.58,-2.810041677890551e-14,2.1528723488660527e-17
418.59,-2.8097359178046992e-14,2.1442922931580896e-17
418.6,-2.8093969126004644e-14,2.1378155450890317e-17
418.61,-2.809103580397459e-14,2.1453026819864486e-17
418.62,-2.808705099779783e-14,2.1528504819389186e-17
418.63,-2.8084021780889015e-14,2.1341393466612167e-17
418.64,-2.8080891492029816e-14,2.1222642936061655e-17
418.65,-2.8077728966152156e-14,2.1388280193338236e-17
418.66,-2.807466545004953e-14,2.1427871033414234e-17
418.67,-2.807142310895509e-14,2.1437193706254606e-17
418.68,-2.8068262236982274e-14,2.1353425091136747e-17
418.69,-2.8064778708861313e-14,2.131744841575746e-17
418.7,-2.8061530436375113e-14,2.1462504016722488e-17
418.71,-2.8058827901045552e-14,2.1745292146169925e-17
418.72,-2.8055255868790234e-14,2.14677096107596e-17
418.73,-2.8051762586765223e-14,2.131430492848823e-17
418.74,-2.8048999559232667e-14,2.1467012094132318e-17
418.75,-2.8045323629607714e-14,2.123510688149109e-17
418.76,-2.8042422196365332e-14,2.1427146048269183e-17
418.77,-2.803901852116778e-14,2.1316619049863107e-17
418.78,-2.80365323008663e-14,2.158221169695437e-17
418.79,-2.8032919586542137e-14,2.147594008381501e-17
418.8,-2.8029569599137e-14,2.1338703274081872e-17
418.81,-2.8026117848760714e-14,2.132913176647288e-17
418.82,-2.802305734170153e-14,2.1374739196055624e-17
418.83,-2.8019844163619732e-14,2.14187642990975e-17
418.84,-2.8016717928711206e-14,2.1371347511696903e-17
418.85,-2.8012945395135955e-14,2.1227664812719512e-17
418.86,-2.8010025995654008e-14,2.124561278244087e-17
418.87,-2.8006878815252208e-14,2.143114368676134e-17
418.88,-2.8002937660408405e-14,2.104841781194066e-17
418.89,-2.8000352046731518e-14,2.1373248516264526e-17
418.9,-2.7997189914990438e-14,2.1276994424082602e-17
418.91,-2.7993393831276893e-14,2.0992121473490097e-17
418.92,-2.7990457272894603e-14,2.1217018089509915e-17
418.93,-2.7987418085155913e-14,2.128721077355494e-17
418.94,-2.7984556697992322e-14,2.129089867877419e-17
418.95,-2.7980874216673482e-14,2.1305046173344746e-17
418.96,-2.7977533998047248e-14,2.115950248794136e-17
418.97,-2.7974804136571105e-14,2.125192063046327e-17
418.98,-2.7971315853387477e-14,2.1390134637785312e-17
418.99,-2.796829131612122e-14,2.1287736131563987e-17
419.0,-2.7964627592655325e-14,2.1257413501199492e-17
419.01,-2.796197718806131e-14,2.1237761877194695e-17
419.02,-2.7958697889302184e-14,2.1262986266037103e-17
419.03,-2.795558204655003e-14,2.136171496909561e-17
419.04,-2.7952085595987743e-14,2.12892156253278e-17
419.05,-2.7949661700511984e-14,2.1068284217727396e-17
419.06,-2.7946069669703618e-14,2.1342005475488303e-17
419.07,-2.7942600493796478e-14,2.1226901574364076e-17
419.08,-2.793942278038069e-14,2.1296635851408988e-17
419.09,-2.7936076295016742e-14,2.1316096533056017e-17
419.1,-2.793276505949779e-14,2.1241720240577163e-17
419.11,-2.792991006579756e-14,2.1307716887912768e-17
419.12,-2.7926359945673733e-14,2.1111275270704856e-17
419.13,-2.7923472905155423e-14,2.1222074090047912e-17
419.14,-2.7919971430632953e-14,2.1043065844758053e-17
419.15,-2.7916937701993646e-14,2.1294536305389033e-17
419.16,-2.7913173739704692e-14,2.1091901375820505e-17
419.17,-2.7910489174132908e-14,2.1219338838863993e-17
419.18,-2.7907055868802073e-14,2.1186818448243692e-17
419.19,-2.7903948587538833e-14,2.1225913575692146e-17
419.2,-2.7900771351885215e-14,2.134226874471216e-17
419.21,-2.7897770825421254e-14,2.1346337095779547e-17
419.22,-2.7894403945411628e-14,2.128005148800865e-17
419.23,-2.7891465010990918e-14,2.1122112656450386e-17
419.24,-2.7889013234478538e-14,2.1401073759664376e-17
419.25,-2.7884534567578392e-14,2.118666873862938e-17
419.26,-2.7881494006993403e-14,2.1355552964657044e-17
419.27,-2.7878301710065212e-14,2.1215946390935947e-17
419.28,-2.787519113899909e-14,2.1250673307851184e-17
419.29,-2.7871890931818773e-14,2.1101445909158303e-17
419.3,-2.7868614479252982e-14,2.116047903649634e-17
419.31,-2.7865625082971223e-14,2.0997761689112516e-17
419.32,-2.786273045268258e-14,2.1133605799743518e-17
419.33,-2.785921118481528e-14,2.1357209069635623e-17
419.34,-2.7855768323711236e-14,2.109174847659282e-17
419.35,-2.7852632742458137e-14,2.1210472857461184e-17
419.36,-2.7849436623312947e-14,2.11116235194018e-17
419.37,-2.7846390883850224e-14,2.124075245806132e-17
419.38,-2.7843435419474642e-14,2.1484467798478327e-17
419.39,-2.7839833417496417e-14,2.1086926790137524e-17
419.4,-2.783641736907801e-14,2.0981918828408578e-17
419.41,-2.783373562454429e-14,2.1441298171386334e-17
419.42,-2.7828714891326592e-14,2.0961582529696017e-17
419.43,-2.7826925851433786e-14,2.1000557783079914e-17
419.44,-2.782358356280016e-14,2.097082027667772e-17
419.45,-2.7820833753898113e-14,2.108232750562271e-17
419.46,-2.7817673672160882e-14,2.1142163399193644e-17
419.47,-2.781389282400818e-14,2.0890896817364563e-17
419.48,-2.781099777664106e-14,2.093349802976075e-17
419.49,-2.780782754865089e-14,2.1066556106581837e-17
419.5,-2.780496674467627e-14,2.098305811491362e-17
419.51,-2.7801085404678777e-14,2.0931124505588823e-17
419.52,-2.7798113342278616e-14,2.0982478896501785e-17
419.53,-2.7795072082323236e-14,2.1021311649945584e-17
419.54,-2.7791929342323104e-14,2.0971353763079685e-17
419.55,-2.7788840318679858e-14,2.110639821757463e-17
419.56,-2.7785334287019787e-14,2.1019907331161443e-17
419.57,-2.778232921271746e-14,2.0963403487711684e-17
419.58,-2.7778839423113192e-14,2.0778757742703588e-17
419.59,-2.777628380259309e-14,2.1091853821776254e-17
419.6,-2.7772755223148234e-14,2.0993995834721425e-17
419.61,-2.7769382533613305e-14,2.1007417120099223e-17
419.62,-2.7766635303285272e-14,2.1074300686906148e-17
419.63,-2.776311880823019e-14,2.0944468353452054e-17
419.64,-2.7760043140337003e-14,2.1045134642104662e-17
419.65,-2.7756759391297075e-14,2.0963440686702715e-17
419.66,-2.7753833893458402e-14,2.1036386073440193e-17
419.67,-2.7751274069580804e-14,2.1202607573151454e-17
419.68,-2.7747268095739868e-14,2.0911862940704113e-17
419.69,-2.7743904490407607e-14,2.0914652194670173e-17
419.7,-2.774082084298989e-14,2.0874711601139063e-17
419.71,-2.773775270041621e-14,2.0899060327628375e-17
419.72,-2.773451247297029e-14,2.0888967048613938e-17
419.73,-2.7731364430345352e-14,2.1125698112059568e-17
419.74,-2.7727977465243025e-14,2.0922966090175494e-17
419.75,-2.7724974436570558e-14,2.0953550243296498e-17
419.76,-2.7722899492146242e-14,2.1055984597254453e-17
419.77,-2.7718652816184927e-14,2.0764564933189997e-17
419.78,-2.7715312989669973e-14,2.091377614684622e-17
419.79,-2.771206410376641e-14,2.0821624882598077e-17
419.8,-2.7708936550359553e-14,2.081243946486519e-17
419.81,-2.7705847188350038e-14,2.0860754944659566e-17
419.82,-2.7702434244591005e-14,2.0805200832946848e-17
419.83,-2.7699553599149033e-14,2.0934347780257204e-17
419.84,-2.7696496944192295e-14,2.0962158543223088e-17
419.85,-2.7688917777895242e-14,2.101410998794748e-17
419.86,-2.7689949172910633e-14,2.0838654044613382e-17
419.87,-2.7686488422330094e-14,2.0797866274604334e-17
419.88,-2.7683756476232814e-14,2.0916574612091316e-17
419.89,-2.7680480699204964e-14,2.0969086781051932e-17
419.9,-2.7676816680002358e-14,2.070546527263393e-17
419.91,-2.767421410623962e-14,2.0923262889571437e-17
419.92,-2.7670741590824133e-14,2.0774708641482142e-17
419.93,-2.7667724402762e-14,2.080338983608795e-17
419.94,-2.7663784079476262e-14,2.117001568663912e-17
419.95,-2.766133262404794e-14,2.0796128129631265e-17
419.96,-2.765787117276827e-14,2.0743415430515182e-17
419.97,-2.7654988429804003e-14,2.072525819856489e-17
419.98,-2.7652007379843902e-14,2.0760253644380126e-17
419.99,-2.7649466948039407e-14,2.0740120490389717e-17
420.0,-2.7645354538375402e-14,2.0765267006746342e-17
420.01,-2.7642263576842448e-14,2.073997165098113e-17
420.02,-2.763909628461657e-14,2.078526352079626e-17
420.03,-2.7635886986233666e-14,2.0838500101138823e-17
420.04,-2.763296715521393e-14,2.081673530719425e-17
420.05,-2.762920306100179e-14,2.0572511770317857e-17
420.06,-2.7626346815028387e-14,2.0632213141141722e-17
420.07,-2.7623250386380154e-14,2.073746953831228e-17
420.08,-2.762021956595154e-14,2.0998913501314056e-17
420.09,-2.7616716827394294e-14,2.0646136119474667e-17
420.1,-2.7613670373408282e-14,2.066798871836212e-17
420.11,-2.7610552464740862e-14,2.0588445090552923e-17
420.12,-2.760807789193848e-14,2.0835648262924633e-17
420.13,-2.760433907788681e-14,2.07561313546441e-17
420.14,-2.760066089890775e-14,2.0525519613560006e-17
420.15,-2.759796558729681e-14,2.074510910547416e-17
420.16,-2.75948346390718e-14,2.0741906153993213e-17
420.17,-2.7591773024546415e-14,2.0825756109123134e-17
420.18,-2.7588474682200388e-14,2.064521610315686e-17
420.19,-2.7585307637616367e-14,2.068867960497681e-17
420.2,-2.7582091125353825e-14,2.0608608535568773e-17
420.21,-2.757883028648921e-14,2.0773189824688078e-17
420.22,-2.7575846707778668e-14,2.070731158911595e-17
420.23,-2.7572091920352812e-14,2.0785681929435136e-17
420.24,-2.7569336491827406e-14,2.067245203319891e-17
420.25,-2.7566323974189174e-14,2.0660311681010446e-17
420.26,-2.7563352095489177e-14,2.0679773418423715e-17
420.27,-2.7558971122824697e-14,2.0616631426478152e-17
420.28,-2.7556827839659226e-14,2.0734466435764476e-17
420.29,-2.7553784563641363e-14,2.0687048302967897e-17
420.3,-2.755063162804169e-14,2.0631856358372744e-17
420.31,-2.7547360119978794e-14,2.059468320218398e-17
420.32,-2.754439106410085e-14,2.106958649916307e-17
420.33,-2.7540989530078064e-14,2.059004938261352e-17
420.34,-2.7537875474327736e-14,2.057311089366545e-17
420.35,-2.753475640624086e-14,2.064531592858981e-17
420.36,-2.7531842118633305e-14,2.0871289178375686e-17
420.37,-2.7528517182809685e-14,2.0568831336690256e-17
420.38,-2.7524951130038354e-14,2.0581420622715268e-17
420.39,-2.7521751044280466e-14,2.0618702718787524e-17
420.4,-2.7519102624247353e-14,2.0520435706603818e-17
420.41,-2.751618004308894e-14,2.134107954789326e-17
420.42,-2.7512727145235416e-14,2.0528235069867477e-17
420.43,-2.750959505263906e-14,2.0619525884959745e-17
420.44,-2.750643008917218e-14,2.0557143853419173e-17
420.45,-2.750344705301187e-14,2.0657394225071512e-17
420.46,-2.7500201244313218e-14,2.056854446843491e-17
420.47,-2.7496832444662665e-14,2.0527582040237112e-17
420.48,-2.7493452646401074e-14,2.051266161281119e-17
420.49,-2.7490648426960222e-14,2.0495831629696946e-17
420.5,-2.7490399190940402e-14,2.1296775309973482e-17
420.51,-2.7484432661871043e-14,2.049170895863703e-17
420.52,-2.7480618900736183e-14,2.0357046242857898e-17
420.53,-2.747856218087088e-14,2.0736851921578975e-17
420.54,-2.7474861284561734e-14,2.0478499000943182e-17
420.55,-2.7471140610498516e-14,2.040159242035074e-17
420.56,-2.746857581005048e-14,2.0580029458387467e-17
420.57,-2.7465437160134573e-14,2.0542104045154986e-17
420.58,-2.7462249591910893e-14,2.0572402134664728e-17
420.59,-2.7459203194702318e-14,2.0716715854176644e-17
420.6,-2.7456111921999065e-14,2.046234943050338e-17
420.61,-2.7453215212539857e-14,2.0598700555377815e-17
420.62,-2.7449827510099318e-14,2.050105276421289e-17
420.63,-2.7446667917519553e-14,2.0507826817384585e-17
420.64,-2.7443266342381984e-14,2.0405118229873883e-17
420.65,-2.7440461394984154e-14,2.0482343730202262e-17
420.66,-2.7437174393862194e-14,2.054348240942793e-17
420.67,-2.7434080298574387e-14,2.045703239293112e-17
420.68,-2.743100571565081e-14,2.068518607363536e-17
420.69,-2.7427676353051418e-14,2.042643566408666e-17
420.7,-2.7424698128226192e-14,2.051380001219349e-17
420.71,-2.7421449938480893e-14,2.0399597524139533e-17
420.72,-2.7418668964476266e-14,2.0517997596052337e-17
420.73,-2.741515300233227e-14,2.0392131061039524e-17
420.74,-2.741205006953735e-14,2.0479837151179464e-17
420.75,-2.7408517988597128e-14,2.037578104759648e-17
420.76,-2.7405880041749306e-14,2.0499940232650333e-17
420.77,-2.7402614973804912e-14,2.0471012447807677e-17
420.78,-2.7399459552252592e-14,2.0401061990595763e-17
420.79,-2.7396346827960478e-14,2.0436141243673524e-17
420.8,-2.7393146002361318e-14,2.037804605961538e-17
420.81,-2.739001605474388e-14,2.042972245877055e-17
420.82,-2.738687481100115e-14,2.0459209252188148e-17
420.83,-2.738375364079081e-14,2.04350179573687e-17
420.84,-2.73813714818231e-14,2.0653101771147152e-17
420.85,-2.737769597472345e-14,2.0605213802758265e-17
420.86,-2.737419489459375e-14,2.0315311108176703e-17
420.87,-2.737140351897581e-14,2.035048147139931e-17
420.88,-2.7368374691187982e-14,2.0568601047605267e-17
420.89,-2.7364996624525205e-14,2.034948752215266e-17
420.9,-2.7361939416553912e-14,2.0367858389214402e-17
420.91,-2.7359261359752096e-14,2.0689440828299133e-17
420.92,-2.7355596112142198e-14,2.0299563466147175e-17
420.93,-2.735238620453892e-14,2.0234870930443925e-17
420.94,-2.7349706171006867e-14,2.0227625111495157e-17
420.95,-2.734620044633524e-14,2.0432719475736666e-17
420.96,-2.7343291386926004e-14,2.0297344646386134e-17
420.97,-2.73400075797146e-14,2.018124678074387e-17
420.98,-2.7336881324746125e-14,2.0355988942107593e-17
420.99,-2.7333638529989642e-14,2.032829944553543e-17
421.0,-2.7330619953977187e-14,2.016305897758427e-17
421.01,-2.7327426133863314e-14,2.0272862156769572e-17
421.02,-2.7325368653032332e-14,2.067056718085421e-17
421.03,-2.7321574336790924e-14,2.0369780109944362e-17
421.04,-2.7318571159754998e-14,2.0519471271154607e-17
421.05,-2.7315015759088195e-14,2.0284875977457623e-17
421.06,-2.731196943136653e-14,2.026924734586941e-17
421.07,-2.7308916672154698e-14,2.0378771366216536e-17
421.08,-2.730593270521286e-14,2.041307810620458e-17
421.09,-2.7302384080568517e-14,2.0284717605807588e-17
421.1,-2.7299302053128268e-14,2.0361262295088974e-17
421.11,-2.7296467929054517e-14,2.023600524900897e-17
421.12,-2.7293009213801318e-14,2.0374961212166307e-17
421.13,-2.7290250706449994e-14,2.0331377171252415e-17
421.14,-2.7287093364805453e-14,2.026673836765914e-17
421.15,-2.728347867583283e-14,2.0066038906227992e-17
421.16,-2.7280674460333575e-14,2.019747480371883e-17
421.17,-2.727720169407661e-14,2.0140997894782e-17
421.18,-2.7274700566163625e-14,2.0165674883936173e-17
421.19,-2.7271102601477433e-14,2.0107704043719424e-17
421.2,-2.726820716204386e-14,2.0284445513935143e-17
421.21,-2.7264978281297687e-14,1.9996306428573686e-17
421.22,-2.7261994972191362e-14,2.020108869517621e-17
421.23,-2.7258788953064864e-14,2.0018954844686597e-17
421.24,-2.7255692578187578e-14,2.017264079943502e-17
421.25,-2.725235581147355e-14,2.0107024541798874e-17
421.26,-2.724977614520409e-14,2.0223415370032886e-17
421.27,-2.7246587804242462e-14,2.017779112770684e-17
421.28,-2.7243051432524646e-14,2.0227482522033133e-17
421.29,-2.7241117836883678e-14,2.0236583018218887e-17
421.3,-2.7237005636678528e-14,1.9925775959364442e-17
421.31,-2.7233839671294687e-14,2.0142543175835602e-17
421.32,-2.7230577102321928e-14,2.003879299077268e-17
421.33,-2.7227736923887398e-14,2.0183482818203246e-17
421.34,-2.7224277757548378e-14,2.006804966019424e-17
421.35,-2.72212633029878e-14,2.000295840544158e-17
421.36,-2.7218959952368037e-14,2.0362601125428558e-17
421.37,-2.721503158933412e-14,2.018043564737098e-17
421.38,-2.7212191247728775e-14,2.0040620576570076e-17
421.39,-2.7209686741502847e-14,2.0172150372550293e-17
421.4,-2.720586845407596e-14,2.008988573596814e-17
421.41,-2.7201941793710536e-14,1.9935643980162528e-17
421.42,-2.7199978135195646e-14,2.0225069114265756e-17
421.43,-2.719641603691192e-14,2.0038375920256133e-17
421.44,-2.7193292346179525e-14,2.0054722718282426e-17
421.45,-2.7190881774746743e-14,2.0107229273165414e-17
421.46,-2.7187273483504783e-14,2.007444843905435e-17
421.47,-2.7183807039687652e-14,2.0069921700471036e-17
421.48,-2.718173080602261e-14,2.0246524364315785e-17
421.49,-2.7178319220905117e-14,2.029091728265016e-17
421.5,-2.7175022710939046e-14,2.0161426256257968e-17
421.51,-2.717210652137141e-14,2.0147483220275402e-17
421.52,-2.7168748508575168e-14,2.0166654766129493e-17
421.53,-2.716553851182386e-14,2.0084791380487314e-17
421.54,-2.7162963381254984e-14,2.04857799633017e-17
421.55,-2.715950606919193e-14,2.0073500353467448e-17
421.56,-2.7156221296849305e-14,2.0151566595227466e-17
421.57,-2.7153066226758468e-14,2.007392216627609e-17
421.58,-2.7150107943793638e-14,2.020959779823222e-17
421.59,-2.7147010300909038e-14,2.010132687966376e-17
421.6,-2.7143969007169802e-14,2.0115049983194355e-17
421.61,-2.714099984635742e-14,2.010748765343921e-17
421.62,-2.7137784562828527e-14,2.0136802339384556e-17
421.63,-2.713481161987509e-14,2.018011604068595e-17
421.64,-2.713079088520134e-14,1.9816685742760632e-17
421.65,-2.7128296743292574e-14,1.982677088001969e-17
421.66,-2.7125505298649286e-14,2.0132623365816517e-17
421.67,-2.7122500157248693e-14,2.0223373006153632e-17
421.68,-2.7119360010614742e-14,2.01219835241438e-17
421.69,-2.7116181876445928e-14,2.012273460384261e-17
421.7,-2.7112957764773916e-14,2.0135876840309884e-17
421.71,-2.7110346484061783e-14,2.031206358728601e-17
421.72,-2.7106772520327845e-14,2.0173572059245288e-17
421.73,-2.710357289546567e-14,1.9604193876787592e-17
421.74,-2.710128690193619e-14,2.044456614464901e-17
421.75,-2.7097776543006603e-14,2.0190733069276987e-17
421.76,-2.7094337262374556e-14,2.0062487001196623e-17
421.77,-2.7091188973585007e-14,1.9997834827833625e-17
421.78,-2.7088441959326027e-14,2.0142772516811047e-17
421.79,-2.7085299027413407e-14,2.015784811360233e-17
421.8,-2.708204338570598e-14,2.0061380416061827e-17
421.81,-2.7079051390919612e-14,2.0178131307977387e-17
421.82,-2.7076592316613437e-14,2.0035548869641484e-17
421.83,-2.7072877867245802e-14,2.0124455576668196e-17
421.84,-2.7069821586854572e-14,2.0043977152998688e-17
421.85,-2.7066356651391755e-14,1.997165041335232e-17
421.86,-2.7063576700837534e-14,1.998097470565082e-17
421.87,-2.7060635785300138e-14,2.0023692837624875e-17
421.88,-2.7057295625284956e-14,2.0012073530167417e-17
421.89,-2.7054210982743136e-14,2.0024854562404377e-17
421.9,-2.7051125462847524e-14,2.0051650943271817e-17
421.91,-2.7048184512707275e-14,2.0125162211761348e-17
421.92,-2.704554955410959e-14,2.007306315605344e-17
421.93,-2.704203114064108e-14,2.0066684218410544e-17
421.94,-2.7038813995514382e-14,1.9925042712695525e-17
421.95,-2.703571168070297e-14,1.9991161604583486e-17
421.96,-2.7032159565945965e-14,2.0167518270879163e-17
421.97,-2.702972915173092e-14,2.0044993218438367e-17
421.98,-2.7026373382596768e-14,1.992705734691044e-17
421.99,-2.7023604801717207e-14,2.017621816515887e-17
422.0,-2.7020508644247724e-14,2.026059180864819e-17
422.01,-2.7017365628639477e-14,2.010724917257188e-17
422.02,-2.7014301816937577e-14,2.0109338002817933e-17
422.03,-2.7011166209307238e-14,2.01882964339941e-17
422.04,-2.7008278330781075e-14,2.003978676308189e-17
422.05,-2.7004743109805774e-14,1.9876519779146668e-17
422.06,-2.7002305169636624e-14,2.000095071664665e-17
422.07,-2.6998880835935692e-14,2.002836314567194e-17
422.08,-2.6996007663379232e-14,2.0119849155281558e-17
422.09,-2.6992868566896914e-14,2.0087644875646936e-17
422.1,-2.6989669996588224e-14,1.9956004217299978e-17
422.11,-2.6986579378520865e-14,2.0081033426142418e-17
422.12,-2.6983384779058067e-14,1.9969011694445337e-17
422.13,-2.698041306618005e-14,2.0005359971301953e-17
422.14,-2.697732474054106e-14,2.008569524382521e-17
422.15,-2.6974553570053e-14,2.0161088075090902e-17
422.16,-2.6971066421613433e-14,1.998673564898855e-17
422.17,-2.6968367292412854e-14,2.0126185448235995e-17
422.18,-2.6964973571204e-14,1.9996197626264314e-17
422.19,-2.6961932195910815e-14,1.9945699176025324e-17
422.2,-2.6958988611480102e-14,2.0112782436915203e-17
422.21,-2.695582602225462e-14,1.997977276722961e-17
422.22,-2.6952866367225227e-14,2.0037607924337212e-17
422.23,-2.6949690859098225e-14,1.987465718330085e-17
422.24,-2.6946825854751404e-14,1.9454477042270305e-17
422.25,-2.6943785947844685e-14,2.001717206829669e-17
422.26,-2.6940670005220296e-14,2.010119394171798e-17
422.27,-2.6937554054285645e-14,2.0050396211799244e-17
422.28,-2.6934250269953664e-14,1.9816252173880712e-17
422.29,-2.6931252499784862e-14,2.042146548551517e-17
422.3,-2.6928244783426827e-14,2.0003764140642646e-17
422.31,-2.6925262224881758e-14,1.998212544753881e-17
422.32,-2.6921955688694388e-14,1.9895935159937196e-17
422.33,-2.6918839419199664e-14,1.9978356571519595e-17
422.34,-2.6915566308499544e-14,1.9922208022668534e-17
422.35,-2.6913030637073205e-14,2.002000100522378e-17
422.36,-2.6909656177635927e-14,2.0092812814723647e-17
422.37,-2.690679176545897e-14,1.9923611596840935e-17
422.38,-2.6904130164662706e-14,2.046502278043877e-17
422.39,-2.6900318132952068e-14,1.9908790353976327e-17
422.4,-2.6897690018796798e-14,1.9946262490078053e-17
422.41,-2.689431019463836e-14,1.989634530514328e-17
422.42,-2.68917823830792e-14,1.9850801658875807e-17
422.43,-2.6888279217509765e-14,1.9980192466004427e-17
422.44,-2.688514902976557e-14,1.9975027438759836e-17
422.45,-2.6882212033976808e-14,1.9918369489116258e-17
422.46,-2.687898800107408e-14,1.982677419443715e-17
422.47,-2.6876912877355784e-14,2.024631676508818e-17
422.48,-2.6873052712434088e-14,2.0036548344464127e-17
422.49,-2.6869805134628517e-14,1.9712580067203986e-17
422.5,-2.686726467728447e-14,2.016080134743763e-17
422.51,-2.686375355376105e-14,1.9925752314518798e-17
422.52,-2.686086299138377e-14,1.997137235036777e-17
422.53,-2.6857813393288704e-14,1.9929938998820503e-17
422.54,-2.6854587601175312e-14,2.0002401572775903e-17
422.55,-2.6851566628401128e-14,2.0091250052671935e-17
422.56,-2.684947367096997e-14,2.0157214914986312e-17
422.57,-2.6845576503568556e-14,1.994557405702942e-17
422.58,-2.6842762532552226e-14,1.997010073887881e-17
422.59,-2.6839626056854417e-14,1.9973551429768433e-17
422.6,-2.683627801226979e-14,1.9904906260085637e-17
422.61,-2.6833529903001256e-14,1.993635551407949e-17
422.62,-2.683012859175489e-14,1.991873896609359e-17
422.63,-2.682742766176236e-14,2.000508966117903e-17
422.64,-2.6824003992868064e-14,1.9646767420591097e-17
422.65,-2.6821292939922174e-14,1.9887174498441048e-17
422.66,-2.6817917794167856e-14,1.9927669392747277e-17
422.67,-2.681482342219675e-14,1.9915812710413154e-17
422.68,-2.6811989036228727e-14,1.9909167598296776e-17
422.69,-2.6808929241758508e-14,1.9942969927549482e-17
422.7,-2.6805891049239618e-14,1.9909995774010356e-17
422.71,-2.6803217686508915e-14,1.9839441791605352e-17
422.72,-2.6799386397557826e-14,1.979303663376744e-17
422.73,-2.6796579709463914e-14,1.9922456072112686e-17
422.74,-2.6793744103698505e-14,2.000564825900634e-17
422.75,-2.6790318600854454e-14,1.9868046667720607e-17
422.76,-2.6787932882275856e-14,2.008598264183969e-17
422.77,-2.6784770070907788e-14,1.9917891177706993e-17
422.78,-2.6781493297819557e-14,1.988280652382442e-17
422.79,-2.6778680992872312e-14,2.009108688791295e-17
422.8,-2.677545657158479e-14,1.997133139672207e-17
422.81,-2.677138120380743e-14,1.9775424592420344e-17
422.82,-2.6769565296342852e-14,2.0027145768668912e-17
422.83,-2.67668559836012e-14,2.0021678401148087e-17
422.84,-2.6763322553148405e-14,1.9721569733672168e-17
422.85,-2.6759822668571777e-14,1.9682074900853375e-17
422.86,-2.6757299454298058e-14,2.0020780364107423e-17
422.87,-2.6754221045262557e-14,1.9928199390427332e-17
422.88,-2.6751304876876466e-14,1.9981404954583986e-17
422.89,-2.6748491829290124e-14,2.009520168295277e-17
422.9,-2.674538223468593e-14,1.9970606326564103e-17
422.91,-2.674240653546709e-14,2.0029308369190384e-17
422.92,-2.673899323021591e-14,1.988491801364839e-17
422.93,-2.6735296454603664e-14,1.9921440310060162e-17
422.94,-2.6732008748790947e-14,1.9688577192330537e-17
422.95,-2.6729806308745142e-14,1.9851036272659465e-17
422.96,-2.6726707012366975e-14,1.9866033211772147e-17
422.97,-2.6723503817238957e-14,1.9795273855022574e-17
422.98,-2.6720436390656112e-14,1.9948548724584746e-17
422.99,-2.6718097049308988e-14,2.012533361977778e-17
423.0,-2.671454950635643e-14,1.9784655023354737e-17
423.01,-2.6711641116440898e-14,1.9896336239205718e-17
423.02,-2.670832285523266e-14,1.9844470345314905e-17
423.03,-2.6705611263616522e-14,1.9931893561456958e-17
423.04,-2.6702360911384446e-14,1.987687196562327e-17
423.05,-2.6699177907172067e-14,1.9806871559919027e-17
423.06,-2.669630933360259e-14,1.9821120843546367e-17
423.07,-2.6693354488956193e-14,1.9857272621366936e-17
423.08,-2.6690793245103482e-14,2.0112559095521147e-17
423.09,-2.6686582975411326e-14,1.9634894355218895e-17
423.1,-2.6684484280948627e-14,2.0049694729087576e-17
423.11,-2.6681152277869117e-14,2.010084648134054e-17
423.12,-2.667804349680512e-14,1.9830770276037792e-17
423.13,-2.6675415625921198e-14,1.9951539581916123e-17
423.14,-2.6671982089725438e-14,1.9842549580626393e-17
423.15,-2.6668991994721662e-14,1.9860103484331816e-17
423.16,-2.6665796048369973e-14,1.993418274334124e-17
423.17,-2.6662705371498824e-14,1.9830116479810158e-17
423.18,-2.6660980876352172e-14,2.0151844822247774e-17
423.19,-2.6657717218967824e-14,1.993305014122737e-17
423.2,-2.6653660523683995e-14,1.9716426098480416e-17
423.21,-2.665093986657316e-14,1.9916833646306088e-17
423.22,-2.6647950015499768e-14,1.9906606618119292e-17
423.23,-2.664471326525781e-14,1.9781726694715237e-17
423.24,-2.6641793162192544e-14,1.9790027742245146e-17
423.25,-2.6638893976065166e-14,2.001867425033809e-17
423.26,-2.663553978018609e-14,1.9724089594983342e-17
423.27,-2.663331846158072e-14,2.004446893528479e-17
423.28,-2.6629939370508603e-14,1.9979631024407988e-17
423.29,-2.6626637277797578e-14,1.968424661523297e-17
423.3,-2.6623691505163075e-14,1.9906983693927887e-17
423.31,-2.6620783331936405e-14,1.9925789604743198e-17
423.32,-2.6618218655013345e-14,2.014684148416445e-17
423.33,-2.661453390278826e-14,1.9838684165352793e-17
423.34,-2.661178499456667e-14,1.996053960350335e-17
423.35,-2.6608966133350704e-14,2.0220957852083468e-17
423.36,-2.66057323732578e-14,2.021001200338905e-17
423.37,-2.660253149944161e-14,1.9968536504356066e-17
423.38,-2.6599456509938958e-14,2.00336028187295e-17
423.39,-2.6596736592786835e-14,1.9984220256730136e-17
423.4,-2.6593658775654277e-14,1.997143382836193e-17
423.41,-2.6590580074987758e-14,2.001711035616321e-17
423.42,-2.6587560845308713e-14,1.9888872968747027e-17
423.43,-2.6585044234547955e-14,2.0274440774601584e-17
423.44,-2.6581429194292633e-14,1.9847202145297137e-17
423.45,-2.6578174712425944e-14,1.9926328231283208e-17
423.46,-2.6575525108468586e-14,1.9898017128064733e-17
423.47,-2.657225633137088e-14,2.0000683681742434e-17
423.48,-2.6569490346558556e-14,1.9894032857301727e-17
423.49,-2.6566435953506373e-14,1.987235408181111e-17
423.5,-2.656345281020412e-14,1.994199799911551e-17
423.51,-2.6560197042036976e-14,1.9854880494539898e-17
423.52,-2.6556806809955513e-14,1.9679834504729657e-17
423.53,-2.6554553779973856e-14,1.9933017264828608e-17
423.54,-2.6551182886606214e-14,1.9867400674908157e-17
423.55,-2.6548232501057743e-14,1.985168412357837e-17
423.56,-2.6544467676331986e-14,1.9776372170365298e-17
423.57,-2.654218976382517e-14,1.9923527341442214e-17
423.58,-2.653928128470104e-14,1.991343204528826e-17
423.59,-2.6536554817334248e-14,1.9937125729352145e-17
423.6,-2.653323549584102e-14,1.9857163233083937e-17
423.61,-2.6529960093519283e-14,1.9714803366878906e-17
423.62,-2.6527458178789712e-14,1.990663624882183e-17
423.63,-2.652402899316709e-14,1.9968552722601405e-17
423.64,-2.652117692461247e-14,1.996841823026546e-17
423.65,-2.6518346582332357e-14,1.990107577442238e-17
423.66,-2.6515128423415714e-14,1.9980319296448816e-17
423.67,-2.651195291490535e-14,1.9881046839877245e-17
423.68,-2.6507938345851146e-14,1.9725452613224338e-17
423.69,-2.6506011254502637e-14,1.9795105052752284e-17
423.7,-2.650538947472988e-14,2.0172355223718227e-17
423.71,-2.6500044747553617e-14,1.9846204600297218e-17
423.72,-2.649703061105521e-14,1.9916897431727758e-17
423.73,-2.649401057542717e-14,1.9885948609483162e-17
423.74,-2.6491010548704585e-14,1.9844486117497522e-17
423.75,-2.6487753058787092e-14,1.9783882086352395e-17
423.76,-2.648486993585019e-14,1.989216184679032e-17
423.77,-2.6482116724856482e-14,1.9909606849185663e-17
423.78,-2.6478959188275062e-14,1.9742814639331225e-17
423.79,-2.6480572283589584e-14,2.0569789282063522e-17
423.8,-2.6472716158478723e-14,1.976634658203466e-17
423.81,-2.6470670200533237e-14,2.003239544310228e-17
423.82,-2.6467069661504664e-14,1.9988416518889976e-17
423.83,-2.6464014641470965e-14,1.9916642128901633e-17
423.84,-2.6460154415894745e-14,1.997377793549908e-17
423.85,-2.645791693934416e-14,1.9885908008659146e-17
423.86,-2.6454647632727977e-14,1.979618467105411e-17
423.87,-2.6452254455521288e-14,1.9917209192869642e-17
423.88,-2.6449536361840114e-14,2.0622271351121415e-17
423.89,-2.6445976651171314e-14,1.9842956568604976e-17
423.9,-2.6443436353656017e-14,2.004587870608555e-17
423.91,-2.6440615398217952e-14,2.0025497482113604e-17
423.92,-2.6437000707529405e-14,1.9904475326309773e-17
423.93,-2.6433661859189147e-14,1.9431062869866287e-17
423.94,-2.643094336239497e-14,1.9864520989057447e-17
423.95,-2.6427842117146707e-14,1.987352902068435e-17
423.96,-2.6425451794063146e-14,2.005272247103006e-17
423.97,-2.6422373709614976e-14,2.0005797721645468e-17
423.98,-2.6418808613270303e-14,1.9793902742551802e-17
423.99,-2.6416128166913835e-14,1.9951152041521602e-17
424.0,-2.6412623751430388e-14,1.966944711671629e-17
424.01,-2.640981962027869e-14,1.9809957509014326e-17
424.02,-2.6407347445647707e-14,2.0024030305776173e-17
424.03,-2.6404057431960666e-14,1.9944298021051182e-17
424.04,-2.6400939511135117e-14,1.9846634919004822e-17
424.05,-2.6398071822711788e-14,1.9856127025146286e-17
424.06,-2.63947839801596e-14,1.9893634246468517e-17
424.07,-2.6391896154392393e-14,1.982736067781615e-17
424.08,-2.6388901227794852e-14,2.006770000758294e-17
424.09,-2.6385668633287357e-14,1.9592948920907692e-17
424.1,-2.6383008902999033e-14,1.9818637573398712e-17
424.11,-2.6379958960965094e-14,1.965482139393919e-17
424.12,-2.6376815138460433e-14,1.989842330797633e-17
424.13,-2.637387928602836e-14,1.9840909675165955e-17
424.14,-2.6371410339471145e-14,2.0102540971212298e-17
424.15,-2.636800082921393e-14,1.9887368581965032e-17
424.16,-2.636483161514831e-14,1.9755845172057354e-17
424.17,-2.6361723971773092e-14,1.9617476811829615e-17
424.18,-2.6359105353477333e-14,1.990842630413379e-17
424.19,-2.6356464852163475e-14,1.9952724144395834e-17
424.2,-2.6352865609307648e-14,1.9755842483240138e-17
424.21,-2.6351055071125238e-14,1.9936038067242447e-17
424.22,-2.634701416769674e-14,1.9792970628728744e-17
424.23,-2.6343973071262626e-14,1.9712332916138638e-17
424.24,-2.6340995921031816e-14,1.9840816976796913e-17
424.25,-2.633836865039711e-14,1.9986990079239243e-17
424.26,-2.633548482262727e-14,1.942669094575316e-17
424.27,-2.633198656916182e-14,1.9765372556154752e-17
424.28,-2.6329300300064768e-14,1.974889692502604e-17
424.29,-2.632610740641716e-14,1.9753043172802787e-17
424.3,-2.6323316596742324e-14,1.9707386199156152e-17
424.31,-2.632011173649947e-14,1.9640772683121884e-17
424.32,-2.6317224517055018e-14,1.9814136615548745e-17
424.33,-2.6314854154292847e-14,1.9968279330093938e-17
424.34,-2.6311234488038088e-14,1.9834057786370443e-17
424.35,-2.6308195188440443e-14,1.8866329895747154e-17
424.36,-2.6305313330069395e-14,1.981844588168981e-17
424.37,-2.6302255878233276e-14,1.9820478600122595e-17
424.38,-2.62994479627887e-14,1.976210747685582e-17
424.39,-2.6296588175490702e-14,1.983880926341637e-17
424.4,-2.6293177869473538e-14,1.9813309955388622e-17
424.41,-2.6290359055630994e-14,1.9759765591310452e-17
424.42,-2.628763761637578e-14,1.9959958215435618e-17
424.43,-2.6284453290145265e-14,1.9953722497594385e-17
424.44,-2.6276210827581477e-14,1.8080706658828953e-17
424.45,-2.6278288004074276e-14,1.967963703201108e-17
424.46,-2.627565849666882e-14,1.9838631905746762e-17
424.47,-2.6271866453975034e-14,1.9377254737347897e-17
424.48,-2.6269427711796374e-14,1.9733516824193956e-17
424.49,-2.626664648193941e-14,1.974535433461887e-17
424.5,-2.6263570085177443e-14,1.9729306337593347e-17
424.51,-2.6260818223177447e-14,1.98352243565239e-17
424.52,-2.625735714673343e-14,1.96115380387258e-17
424.53,-2.625575283561624e-14,1.985838777908136e-17
424.54,-2.6251533504286733e-14,1.969602951360008e-17
424.55,-2.624879283719881e-14,1.976813912842571e-17
424.56,-2.6245652310802338e-14,1.985781706472539e-17
424.57,-2.6242790425563003e-14,1.9757450939913147e-17
424.58,-2.6239986417023157e-14,1.991932888448134e-17
424.59,-2.623672369377688e-14,1.9746659993927257e-17
424.6,-2.6233080433038877e-14,1.9597648393616708e-17
424.61,-2.6231244628293448e-14,2.0048442954603034e-17
424.62,-2.6228101603705106e-14,1.951824475966043e-17
424.63,-2.6224834638889165e-14,1.9726137161548215e-17
424.64,-2.6221921967468763e-14,1.9642891385779658e-17
424.65,-2.6218849763007283e-14,1.9713470861394667e-17
424.66,-2.6216147088959292e-14,1.9762240903485963e-17
424.67,-2.6212899250862944e-14,1.9718856919841158e-17
424.68,-2.6210629240014243e-14,1.991362881420656e-17
424.69,-2.62072780227954e-14,1.9899551786552553e-17
424.7,-2.620374912581656e-14,1.9674813356062743e-17
424.71,-2.6201766111315382e-14,1.980841729727113e-17
424.72,-2.619809086502336e-14,1.9639391944411645e-17
424.73,-2.6195248143234994e-14,1.9772512721069464e-17
424.74,-2.6192218051253623e-14,1.9827218459343498e-17
424.75,-2.618913247967121e-14,1.9669110620141126e-17
424.76,-2.6186384097756357e-14,1.9731174448121126e-17
424.77,-2.618316771412734e-14,1.96731969290425e-17
424.78,-2.6179942251102977e-14,1.9648965351201853e-17
424.79,-2.6177527554250487e-14,1.9603120848089028e-17
424.8,-2.617417304916059e-14,1.970905490355517e-17
424.81,-2.6171440511174388e-14,1.9769901899825956e-17
424.82,-2.6167867673129103e-14,1.9307082709432862e-17
424.83,-2.6165439868135754e-14,1.9660514848675683e-17
424.84,-2.6162487009073443e-14,1.968816904807103e-17
424.85,-2.6158886084554527e-14,1.9436535589481466e-17
424.86,-2.615626585710274e-14,1.9515115280926165e-17
424.87,-2.6154447547757395e-14,1.9737323611430067e-17
424.88,-2.6150057118158357e-14,1.9553039502595555e-17
424.89,-2.614775657105129e-14,1.9652426359821955e-17
424.9,-2.614460911556337e-14,1.9608302525752614e-17
424.91,-2.614151571450015e-14,1.9549217923705152e-17
424.92,-2.6138807214644136e-14,1.966369185393938e-17
424.93,-2.613566798490423e-14,1.9597288339183568e-17
424.94,-2.6132342513781652e-14,1.9537989158917804e-17
424.95,-2.6129900331360364e-14,1.9699466305750747e-17
424.96,-2.6126541651278782e-14,1.9399650358202928e-17
424.97,-2.6123521924050596e-14,1.9483256783527924e-17
424.98,-2.6120938536517414e-14,1.9572091663596062e-17
424.99,-2.6117845695375893e-14,1.9610638390158918e-17
425.0,-2.611474947354647e-14,1.9467393352661368e-17
425.01,-2.6111986461438015e-14,1.958110847916648e-17
425.02,-2.6109139448867146e-14,1.9595177894297637e-17
425.03,-2.6106344013951703e-14,1.968320680667101e-17
425.04,-2.6103332309150392e-14,1.9669326533322163e-17
425.05,-2.6100083957836455e-14,1.9655454072735643e-17
425.06,-2.6097555153116894e-14,1.9665387137528283e-17
425.07,-2.6094459532623063e-14,1.959725963572407e-17
425.08,-2.6091266738140196e-14,1.952187996102112e-17
425.09,-2.6088410629365986e-14,1.9607257650513244e-17
425.1,-2.608550353675842e-14,1.962973984679998e-17
425.11,-2.6082165652944443e-14,1.9545725853677403e-17
425.12,-2.607942825127231e-14,1.9583767557727915e-17
425.13,-2.60769956333804e-14,1.982045465116572e-17
425.14,-2.607344317271807e-14,1.953534179903908e-17
425.15,-2.6069961715377102e-14,1.9518034062184478e-17
425.16,-2.606791180269124e-14,1.957883763031835e-17
425.17,-2.6064831722902143e-14,1.943605907430321e-17
425.18,-2.6061812663460616e-14,1.9548810576980635e-17
425.19,-2.6058770451453962e-14,1.955231745525056e-17
425.2,-2.605661473338934e-14,1.9777789330608182e-17
425.21,-2.6052835718886757e-14,1.9433719219259818e-17
425.22,-2.6050250150952935e-14,1.9601389704388406e-17
425.23,-2.6047083210060575e-14,1.968240357189617e-17
425.24,-2.604445401560032e-14,1.9892787590534215e-17
425.25,-2.6041158987328412e-14,1.9544853785892725e-17
425.26,-2.6037845789805448e-14,1.9517199944058462e-17
425.27,-2.6035157176184055e-14,1.9562617709867105e-17
425.28,-2.60324215997017e-14,1.9645894836738874e-17
425.29,-2.602868099822324e-14,1.971807255299595e-17
425.3,-2.6026409762425037e-14,1.9510075291976102e-17
425.31,-2.6023644155313068e-14,1.9625808589075288e-17
425.32,-2.6020894330460733e-14,1.9664988931913414e-17
425.33,-2.601672556415207e-14,1.930882477046336e-17
425.34,-2.601439339051549e-14,1.943967843160044e-17
425.35,-2.6011847956404056e-14,1.9603209001904095e-17
425.36,-2.6008607616695903e-14,1.9526523180261596e-17
425.37,-2.6005641446136846e-14,1.942259208877481e-17
425.38,-2.6002884717179684e-14,1.9492987854350043e-17
425.39,-2.599971177476146e-14,1.941495731340538e-17
425.4,-2.599691289900886e-14,1.9475531060337952e-17
425.41,-2.599413859082066e-14,1.9524744238042888e-17
425.42,-2.599107692529885e-14,1.9391013082235757e-17
425.43,-2.5987954394644683e-14,1.9422299277843733e-17
425.44,-2.5985238029006722e-14,1.946694287546033e-17
425.45,-2.598207937990743e-14,1.9524398795594855e-17
425.46,-2.597916188662996e-14,1.9528051811291158e-17
425.47,-2.5976198994566373e-14,1.9446180731503197e-17
425.48,-2.5973250406572256e-14,1.9344071906105325e-17
425.49,-2.597104141885526e-14,1.9541419705268882e-17
425.5,-2.5967362670773767e-14,1.949592962154633e-17
425.51,-2.5964356793900567e-14,1.9424361936092982e-17
425.52,-2.5961490729881717e-14,1.939710125057396e-17
425.53,-2.595874900178262e-14,1.9481049785004853e-17
425.54,-2.595571866854836e-14,1.9353236399405753e-17
425.55,-2.5953212819183985e-14,1.9599662122343725e-17
425.56,-2.594998311320895e-14,1.9542013232443232e-17
425.57,-2.594691710439451e-14,1.9459660424141628e-17
425.58,-2.5943730803352828e-14,1.9754454084613087e-17
425.59,-2.59411738824797e-14,1.9387411920268897e-17
425.6,-2.5937868812867287e-14,1.9258138840785133e-17
425.61,-2.5935095040241607e-14,1.935914645335082e-17
425.62,-2.5932288507668206e-14,1.93671285732458e-17
425.63,-2.592899656146567e-14,1.9299502567448508e-17
425.64,-2.5926400532896608e-14,1.9306407412146286e-17
425.65,-2.5923325688601016e-14,1.9378343947923518e-17
425.66,-2.5920089824314322e-14,1.9351809052424025e-17
425.67,-2.591665374285804e-14,1.9280024333185834e-17
425.68,-2.5914989684988603e-14,1.9398221373068786e-17
425.69,-2.5911807836888704e-14,1.9352480359402637e-17
425.7,-2.5908747888784384e-14,1.9268941484653058e-17
425.71,-2.5905629401225143e-14,1.929727541793605e-17
425.72,-2.5902864736549463e-14,1.9205248779260047e-17
425.73,-2.5899728466329265e-14,1.9243348097512296e-17
425.74,-2.5896896181680093e-14,1.933248483693964e-17
425.75,-2.5894130859319136e-14,1.9377430824332828e-17
425.76,-2.5890634350559967e-14,1.9057094924280078e-17
425.77,-2.58880966670962e-14,1.925890590041008e-17
425.78,-2.5885229364082912e-14,1.9345471615563747e-17
425.79,-2.5882588960010293e-14,1.9331589756755358e-17
425.8,-2.5879395008423956e-14,1.9345085486455977e-17
425.81,-2.5876511240734915e-14,1.8855254970430955e-17
425.82,-2.5873555341619025e-14,1.9315943372443685e-17
425.83,-2.5870609970735465e-14,1.9313985256313576e-17
425.84,-2.586768148393825e-14,1.92988296732989e-17
425.85,-2.5864563375011608e-14,1.8976278175221055e-17
425.86,-2.5861981138696628e-14,1.931820584941243e-17
425.87,-2.5859164830320404e-14,1.9169819696633546e-17
425.88,-2.5855706131012766e-14,1.9113688116925848e-17
425.89,-2.5852952226391897e-14,1.9205453238901233e-17
425.9,-2.5850333322811865e-14,1.9456798190326052e-17
425.91,-2.5847122402249893e-14,1.920027390605372e-17
425.92,-2.584415487366989e-14,1.928488932402715e-17
425.93,-2.5841472253950523e-14,1.9219964349396313e-17
425.94,-2.5838600001445067e-14,1.9169464516833545e-17
425.95,-2.583536926739029e-14,1.9206284683744716e-17
425.96,-2.583301611379028e-14,1.918718685234649e-17
425.97,-2.5829989287108985e-14,1.916001135957336e-17
425.98,-2.582668182678291e-14,1.9183647467877274e-17
425.99,-2.582383039017276e-14,1.9352557378797175e-17
426.0,-2.5820733880969562e-14,1.9076951488711434e-17
426.01,-2.581803765248294e-14,1.9199193352774425e-17
426.02,-2.5814949723998074e-14,1.917142959618928e-17
426.03,-2.5811818868797926e-14,1.9163996772267453e-17
426.04,-2.580923532278778e-14,1.9202323820067664e-17
426.05,-2.580626427436094e-14,1.9125847145855393e-17
426.06,-2.5803301392533138e-14,1.9247323205706726e-17
426.07,-2.5800468433844823e-14,1.9175909713862713e-17
426.08,-2.5797601970013703e-14,1.9266491431350762e-17
426.09,-2.5794203255691813e-14,1.8988365804099686e-17
426.1,-2.5791717040261378e-14,1.918136367257962e-17
426.11,-2.5788134680150648e-14,1.91520793129748e-17
426.12,-2.5786198955407642e-14,1.9173823858904024e-17
426.13,-2.5782972216103484e-14,1.9157728534272047e-17
426.14,-2.57802174703565e-14,1.9334412094863693e-17
426.15,-2.5777197507034258e-14,1.9135164992312307e-17
426.16,-2.5773714982113315e-14,1.910407067377627e-17
426.17,-2.577132924733888e-14,1.9164726929903507e-17
426.18,-2.5768153260043695e-14,1.9544714917646303e-17
426.19,-2.5765419452923124e-14,1.9124204378063194e-17
426.2,-2.5762247268629714e-14,1.904676528317153e-17
426.21,-2.5759798385232528e-14,1.9094276551743884e-17
426.22,-2.575673911378175e-14,1.9122358675662054e-17
426.23,-2.575455576039869e-14,1.9055658587191115e-17
426.24,-2.5750853623233574e-14,1.90327235898196e-17
426.25,-2.574795321128254e-14,1.9040063979198752e-17
426.26,-2.57451819257388e-14,1.9096264513429135e-17
426.27,-2.5742238550583478e-14,1.9144007835984818e-17
426.28,-2.573928191431856e-14,1.9122831547034846e-17
426.29,-2.5736230632687092e-14,1.9026718004136698e-17
426.3,-2.5733704634557677e-14,1.9167237720406076e-17
426.31,-2.5730426843765293e-14,1.9073570223124478e-17
426.32,-2.5727492368735033e-14,1.8586527575318843e-17
426.33,-2.572487552821241e-14,1.9083928683182386e-17
426.34,-2.5721819458324078e-14,1.9056374556919242e-17
426.35,-2.5718876045108247e-14,1.916329356915511e-17
426.36,-2.571612104001626e-14,1.9028462532022712e-17
426.37,-2.5713212895024803e-14,1.902296777606016e-17
426.38,-2.5710318171994877e-14,1.914005340840726e-17
426.39,-2.5707499004883564e-14,1.9120268606064003e-17
426.4,-2.5704095267422993e-14,1.8990275140788423e-17
426.41,-2.5700923606822285e-14,1.8634186092705892e-17
426.42,-2.569859519455452e-14,1.895284933004259e-17
426.43,-2.56954187135333e-14,1.9058891874228073e-17
426.44,-2.5692769745264784e-14,1.9068617874159988e-17
426.45,-2.5689977563286303e-14,1.9001824027406797e-17
426.46,-2.5686845045079566e-14,1.901126096368991e-17
426.47,-2.5684147950449998e-14,1.8997126462370416e-17
426.48,-2.5681162105359328e-14,1.9031007285430526e-17
426.49,-2.5678222036593985e-14,1.89590612049051e-17
426.5,-2.5674771199782576e-14,1.8710074422997193e-17
426.51,-2.567260340176374e-14,1.8874385267546134e-17
426.52,-2.566941149939525e-14,1.8915928292365482e-17
426.53,-2.5666529306227226e-14,1.8983217693766363e-17
426.54,-2.5663879228112277e-14,1.899247249108649e-17
426.55,-2.5660972849812754e-14,1.894322864672608e-17
426.56,-2.5658019727707655e-14,1.897902473322103e-17
426.57,-2.565480236562827e-14,1.8925701997442803e-17
426.58,-2.565199795172948e-14,1.887189768948517e-17
426.59,-2.5649019334420677e-14,1.893897587391965e-17
426.6,-2.5646122397087103e-14,1.8848917536730277e-17
426.61,-2.5643491209383372e-14,1.902071804372167e-17
426.62,-2.5640463062970314e-14,1.8879241584832365e-17
426.63,-2.5637562210447152e-14,1.8895314554919203e-17
426.64,-2.563427789985017e-14,1.8801675501121498e-17
426.65,-2.5631712405004292e-14,1.885885250228393e-17
426.66,-2.5629335955795242e-14,1.900770989608345e-17
426.67,-2.5625833809656146e-14,1.8681651962605885e-17
426.68,-2.5623084868107126e-14,1.880303919828094e-17
426.69,-2.5620405726599527e-14,1.8919026615200402e-17
426.7,-2.5617414948964774e-14,1.888138650595935e-17
426.71,-2.5614531384665326e-14,1.8901396999120482e-17
426.72,-2.5611779267272448e-14,1.8941842127927718e-17
426.73,-2.5608677732528726e-14,1.880090699782393e-17
426.74,-2.560570723092337e-14,1.8823368411860086e-17
426.75,-2.5603068246258983e-14,1.8912649709310158e-17
426.76,-2.560011539184023e-14,1.9001643991517788e-17
426.77,-2.55968884207754e-14,1.8732883139694232e-17
426.78,-2.5593979639757556e-14,1.873680734750185e-17
426.79,-2.5591292320198704e-14,1.881474917498779e-17
426.8,-2.5588591908751433e-14,1.8868710149202865e-17
426.81,-2.5585642584778648e-14,1.8834581767291893e-17
426.82,-2.5582844003026035e-14,1.8876827491827345e-17
426.83,-2.557956578810828e-14,1.880322638229784e-17
426.84,-2.5579616053191723e-14,1.913357666122026e-17
426.85,-2.557511866248698e-14,1.9044198247362714e-17
426.86,-2.5571080603408447e-14,1.872401657620147e-17
426.87,-2.5568481743624255e-14,1.8859232251901655e-17
426.88,-2.5565409939207805e-14,1.886948336174841e-17
426.89,-2.5562621344921402e-14,1.8912174983385463e-17
426.9,-2.555967677798708e-14,1.882179143951997e-17
426.91,-2.5556682161487017e-14,1.8730167820105166e-17
426.92,-2.5553782815039576e-14,1.883504731787797e-17
426.93,-2.5550746321658984e-14,1.8854187375186374e-17
426.94,-2.5548329597961227e-14,1.8847683591852733e-17
426.95,-2.5545013949780945e-14,1.8746167386298217e-17
426.96,-2.5542724438592915e-14,1.8824274677018455e-17
426.97,-2.553962208413804e-14,1.8848968157163614e-17
426.98,-2.5536601788637867e-14,1.8805395654572094e-17
426.99,-2.553369657342925e-14,1.8817926903009342e-17
427.0,-2.553079546825153e-14,1.8828630554590604e-17
427.01,-2.552811350458803e-14,1.879826672281533e-17
427.02,-2.552524007910002e-14,1.8840611818789108e-17
427.03,-2.5522094842158553e-14,1.8909144963373393e-17
427.04,-2.551903538086075e-14,1.8582759835438124e-17
427.05,-2.5516218869129693e-14,1.8628869691529163e-17
427.06,-2.551337474703944e-14,1.8744529948219893e-17
427.07,-2.5510574017043517e-14,1.8697013184581406e-17
427.08,-2.5507778927214804e-14,1.874376454843667e-17
427.09,-2.5504903612480927e-14,1.8785619898945515e-17
427.1,-2.5502347529586953e-14,1.8690930957339134e-17
427.11,-2.5498887672245605e-14,1.8761871215246577e-17
427.12,-2.5496181316842964e-14,1.8494260823843555e-17
427.13,-2.5493239061232192e-14,1.853453760062311e-17
427.14,-2.5490530444018997e-14,1.8756896604286816e-17
427.15,-2.5487633513377453e-14,1.874991787030213e-17
427.16,-2.5484656400298107e-14,1.8643953458479293e-17
427.17,-2.548160944481398e-14,1.8763589919218076e-17
427.18,-2.5479116392536808e-14,1.8673888206949468e-17
427.19,-2.547654714284734e-14,1.8762084316386103e-17
427.2,-2.5472628907824573e-14,1.8495555351891006e-17
427.21,-2.5467697538550865e-14,1.8087445598343773e-17
427.22,-2.5467685951388754e-14,1.8690298545002048e-17
427.23,-2.546419308496755e-14,1.8269901360181267e-17
427.24,-2.5461665538606152e-14,1.867499615972908e-17
427.25,-2.545883539487065e-14,1.870252972491345e-17
427.26,-2.5456078389926027e-14,1.8596255581989928e-17
427.27,-2.5453449038880416e-14,1.8818597340572126e-17
427.28,-2.545074023092658e-14,1.850553014232426e-17
427.29,-2.5447358441771066e-14,1.8578725592222512e-17
427.3,-2.5444036835961445e-14,1.8511231622832595e-17
427.31,-2.5441553515692417e-14,1.8561880364051783e-17
427.32,-2.54390160844395e-14,1.8720906799530487e-17
427.33,-2.5436160656450136e-14,1.8692826842042797e-17
427.34,-2.5433186513449096e-14,1.8652644982722723e-17
427.35,-2.5430303921441234e-14,1.8582151321241057e-17
427.36,-2.5427350703357912e-14,1.8655638506227535e-17
427.37,-2.5424009407521645e-14,1.8590335266726357e-17
427.38,-2.5421979975159335e-14,1.883616643562089e-17
427.39,-2.5418998681142603e-14,1.8687171767591737e-17
427.4,-2.541560364829648e-14,1.854067391227044e-17
427.41,-2.541318005346245e-14,1.857286599809792e-17
427.42,-2.540969169109853e-14,1.855140592018337e-17
427.43,-2.5407299542366263e-14,1.8597834754989495e-17
427.44,-2.5404456702768365e-14,1.8578477768162958e-17
427.45,-2.5401573853692715e-14,1.8597575156164383e-17
427.46,-2.5398930505272823e-14,1.8646521237846648e-17
427.47,-2.5396118102131618e-14,1.860659602207511e-17
427.48,-2.539290301522657e-14,1.8447001271954502e-17
427.49,-2.539003539059814e-14,1.855416594102954e-17
427.5,-2.5387311046210258e-14,1.8592657994054103e-17
427.51,-2.5384702725872716e-14,1.8647541281153378e-17
427.52,-2.5381176583240478e-14,1.83144302907495e-17
427.53,-2.537854577151354e-14,1.854008581907667e-17
427.54,-2.5375779277854473e-14,1.85860246430117e-17
427.55,-2.5373238991038162e-14,1.884650259129226e-17
427.56,-2.5370211983628236e-14,1.8594859411806966e-17
427.57,-2.536728014554547e-14,1.8487889521367296e-17
427.58,-2.536448978999111e-14,1.8549402364832736e-17
427.59,-2.5361553368795635e-14,1.8693416606136882e-17
427.6,-2.535871546106619e-14,1.8560614406662008e-17
427.61,-2.5355718464517124e-14,1.8538828913406278e-17
427.62,-2.5353063451781446e-14,1.8559261731494097e-17
427.63,-2.535012398660212e-14,1.8493625288771237e-17
427.64,-2.534097810167725e-14,1.6758833307635417e-17
427.65,-2.5344448771745268e-14,1.8561242258647138e-17
427.66,-2.5341752093445294e-14,1.8624591994503525e-17
427.67,-2.5338917290713364e-14,1.8603834631543556e-17
427.68,-2.5335836895272077e-14,1.847243511523467e-17
427.69,-2.5333231204303406e-14,1.847139139337993e-17
427.7,-2.5329843587084047e-14,1.846787641679908e-17
427.71,-2.53272267514251e-14,1.8485801610037433e-17
427.72,-2.5324419535879353e-14,1.8547140518730234e-17
427.73,-2.5319208999431263e-14,1.6651236366168507e-17
427.74,-2.5318963599842285e-14,1.8650408894183188e-17
427.75,-2.531560766412469e-14,1.8254230103520436e-17
427.76,-2.5313298881834528e-14,1.8492429419672946e-17
427.77,-2.5310469931017325e-14,1.8724457588565794e-17
427.78,-2.5307379125155092e-14,1.899787226113163e-17
427.79,-2.53047399487021e-14,1.8540810155154886e-17
427.8,-2.5301604416372863e-14,1.847107069110457e-17
427.81,-2.5298928940774753e-14,1.8518898035775386e-17
427.82,-2.529552228380371e-14,1.8189733335933078e-17
427.83,-2.5293296772952618e-14,1.860449440599239e-17
427.84,-2.5290065414319993e-14,1.8341134796059668e-17
427.85,-2.5287643257119273e-14,1.851375818525448e-17
427.86,-2.5284736802591837e-14,1.8563383869964408e-17
427.87,-2.5281429131730443e-14,1.8447096127801833e-17
427.88,-2.5278873761387245e-14,1.8462330628339065e-17
427.89,-2.527593527944429e-14,1.8463488994861694e-17
427.9,-2.5273451630765303e-14,1.841313386842777e-17
427.91,-2.527011879813723e-14,1.8407232943348912e-17
427.92,-2.5267568505573212e-14,1.857196850872077e-17
427.93,-2.526510684433419e-14,1.8690924274527758e-17
427.94,-2.5261753417331512e-14,1.8353202377030767e-17
427.95,-2.5259070806526153e-14,1.849478066262872e-17
427.96,-2.5256222220670724e-14,1.8453902951262485e-17
427.97,-2.525350362571208e-14,1.846910694904835e-17
427.98,-2.5250571325196657e-14,1.843711517049309e-17
427.99,-2.524739946200047e-14,1.8444259672481556e-17
428.0,-2.5244818081520313e-14,1.8368704527310076e-17
428.01,-2.5242075089741372e-14,1.8459299912294064e-17
428.02,-2.5239350187282e-14,1.8264559965932443e-17
428.03,-2.523583289350733e-14,1.8501744582117864e-17
428.04,-2.5233459936816967e-14,1.847021141448838e-17
428.05,-2.5230404533424598e-14,1.8352795632999414e-17
428.06,-2.5228147626755154e-14,1.8333263295275357e-17
428.07,-2.5224895919617233e-14,1.8475259872705824e-17
428.08,-2.5221771872270575e-14,1.8354755880014534e-17
428.09,-2.5219449372746626e-14,1.8498959449813437e-17
428.1,-2.5216596336896595e-14,1.840610656537823e-17
428.11,-2.521410403189444e-14,1.8481738165495372e-17
428.12,-2.5210942428290563e-14,1.8479105779474377e-17
428.13,-2.520795948074642e-14,1.844686430539065e-17
428.14,-2.520496813514353e-14,1.843234314211048e-17
428.15,-2.5201563712460057e-14,1.826333365161379e-17
428.16,-2.5199499810508042e-14,1.8339778810292136e-17
428.17,-2.5196497194943167e-14,1.8399743969698656e-17
428.18,-2.5193496027944072e-14,1.832061452334931e-17
428.19,-2.5190540623750388e-14,1.8354050503230962e-17
428.2,-2.518783401636566e-14,1.8547646184088954e-17
428.21,-2.5185359101015545e-14,1.8551045677128857e-17
428.22,-2.5182523822443014e-14,1.8464798658432925e-17
428.23,-2.5179566993888166e-14,1.8493002230421658e-17
428.24,-2.5176683442299773e-14,1.8414123262851764e-17
428.25,-2.5173925171809366e-14,1.8247088477292022e-17
428.26,-2.5171234862667552e-14,1.839058122892147e-17
428.27,-2.5168121622857925e-14,1.821551353899766e-17
428.28,-2.516580176697738e-14,1.8530172799031968e-17
428.29,-2.516286603370073e-14,1.9257869515666637e-17
428.3,-2.5159880325024614e-14,1.843121005670989e-17
428.31,-2.515694747831647e-14,1.8421510686916375e-17
428.32,-2.515331671606504e-14,1.8365269658103432e-17
428.33,-2.515137543196389e-14,1.8392243300667708e-17
428.34,-2.5147899622693072e-14,1.8041485918993742e-17
428.35,-2.5145515027887614e-14,1.833480398102396e-17
428.36,-2.5142597921032038e-14,1.8281238152715898e-17
428.37,-2.5140318290846535e-14,1.8350361921002188e-17
428.38,-2.51406981646596e-14,2.0098059848523657e-17
428.39,-2.5134436760272086e-14,1.848359073613675e-17
428.4,-2.5131689256479864e-14,1.8505578869895575e-17
428.41,-2.5128231918779316e-14,1.8312400168452413e-17
428.42,-2.5125914772012183e-14,1.8376354076692716e-17
428.43,-2.5123180435648028e-14,1.8352518792647332e-17
428.44,-2.512021350202413e-14,1.8419697349454205e-17
428.45,-2.5117252121323324e-14,1.834175039249386e-17
428.46,-2.5114348515361813e-14,1.8334582697218848e-17
428.47,-2.5109339330762463e-14,1.8527428393178454e-17
428.48,-2.510910061975586e-14,1.8367835272883407e-17
428.49,-2.510599260817332e-14,1.8331129035254658e-17
428.5,-2.5103438990000025e-14,1.8399628665991447e-17
428.51,-2.5100584051618552e-14,1.853449798980621e-17
428.52,-2.5097548814690753e-14,1.8290252886045938e-17
428.53,-2.5094737509476664e-14,1.8313260642621766e-17
428.54,-2.5092123658547536e-14,1.8236355688695284e-17
428.55,-2.5089833376013888e-14,1.8405878558838914e-17
428.56,-2.5085610020016322e-14,1.8185239809982328e-17
428.57,-2.5083513082025316e-14,1.8307767701321207e-17
428.58,-2.508068391201948e-14,1.8329625244451678e-17
428.59,-2.5078041041184293e-14,1.8405333024366224e-17
428.6,-2.5075292983424108e-14,1.8536892563214685e-17
428.61,-2.5072619835917265e-14,1.8377376804077263e-17
428.62,-2.5069644234560367e-14,1.837309467940275e-17
428.63,-2.506589297224392e-14,1.8264184056410165e-17
428.64,-2.5063758456595483e-14,1.8358028234944267e-17
428.65,-2.506110880955702e-14,1.832037185272444e-17
428.66,-2.5058375954623725e-14,1.8346375093335145e-17
428.67,-2.505576065667754e-14,1.8164336402540798e-17
428.68,-2.5052725680886506e-14,1.845964849393356e-17
428.69,-2.5049909835616655e-14,1.8432627030997315e-17
428.7,-2.5046360323216072e-14,1.8313776841287653e-17
428.71,-2.5044323510653854e-14,1.8279640739559174e-17
428.72,-2.50420061144102e-14,1.8526768519728906e-17
428.73,-2.5038004791871147e-14,1.8529232744351245e-17
428.74,-2.5036358519537465e-14,1.842967639481169e-17
428.75,-2.503296055982428e-14,1.8275930438259248e-17
428.76,-2.503065723695012e-14,1.8644320872239652e-17
428.77,-2.5027175433269772e-14,1.8301530177243578e-17
428.78,-2.5024448185542374e-14,1.830028675778723e-17
428.79,-2.5022472455567053e-14,1.848441095440478e-17
428.8,-2.5018851446333927e-14,1.8432931916329095e-17
428.81,-2.5016750018298063e-14,1.88714365304759e-17
428.82,-2.501359525444723e-14,1.8552922227730653e-17
428.83,-2.5010698166568137e-14,1.8411040053127237e-17
428.84,-2.500792534299159e-14,1.8436250307511574e-17
428.85,-2.5004875768085534e-14,1.8318592467635523e-17
428.86,-2.5002151800893588e-14,1.8375710150256834e-17
428.87,-2.4999310383528662e-14,1.833168679473551e-17
428.88,-2.4996159428036294e-14,1.837007065051357e-17
428.89,-2.499361718288642e-14,1.8325258907033003e-17
428.9,-2.4991568354211987e-14,1.8534659454701904e-17
428.91,-2.4988229158745013e-14,1.8456947762928843e-17
428.92,-2.498536174777809e-14,1.835498313048857e-17
428.93,-2.4982653873013624e-14,1.8480551251551267e-17
428.94,-2.4979929205680415e-14,1.8465843112787617e-17
428.95,-2.4976986519187345e-14,1.8358067613530764e-17
428.96,-2.4973918346944697e-14,1.8136888813155828e-17
428.97,-2.4971499771225347e-14,1.82089004493989e-17
428.98,-2.4968500436628457e-14,1.8280307647325288e-17
428.99,-2.4965340044280788e-14,1.823871911532116e-17
429.0,-2.4962455621578282e-14,1.8216901003437142e-17
429.01,-2.4960011546781285e-14,1.8396434089417828e-17
429.02,-2.495787245546527e-14,1.849616156063532e-17
429.03,-2.4954529629608937e-14,1.836170859642773e-17
429.04,-2.495187127000147e-14,1.8343559789016775e-17
429.05,-2.494910340744922e-14,1.8429992317669685e-17
429.06,-2.4945978851222574e-14,1.820167685611003e-17
429.07,-2.49432079976953e-14,1.828549016504678e-17
429.08,-2.4941641956301605e-14,1.8538525102864148e-17
429.09,-2.493786882234799e-14,1.8437759104696315e-17
429.1,-2.493484072300648e-14,1.812839596543751e-17
429.11,-2.4932233385436176e-14,1.8379880513659203e-17
429.12,-2.492929856022585e-14,1.833567167293108e-17
429.13,-2.4926468937500897e-14,1.8246558937490258e-17
429.14,-2.492361252961155e-14,1.8239867279767733e-17
429.15,-2.492051832800534e-14,1.8145097189699875e-17
429.16,-2.4918335699074606e-14,1.818861432930266e-17
429.17,-2.4915064652786708e-14,1.8288930991147348e-17
429.18,-2.4912984575652294e-14,1.8204613978171835e-17
429.19,-2.4909736633141e-14,1.8394191668518905e-17
429.2,-2.4906547436023587e-14,1.8183730445123287e-17
429.21,-2.4904299823246897e-14,1.8365494439483907e-17
429.22,-2.4901308854407542e-14,1.825349769625118e-17
429.23,-2.4898110557335552e-14,1.8102076345933615e-17
429.24,-2.489602908738223e-14,1.8125614900094195e-17
429.25,-2.4893192140637694e-14,1.8234956090875962e-17
429.26,-2.4889621897073528e-14,1.8059203350778918e-17
429.27,-2.4887657959623083e-14,1.8511266996103043e-17
429.28,-2.4884713552544896e-14,1.8377449528526007e-17
429.29,-2.488138939679949e-14,1.8160606127320568e-17
429.3,-2.4879138443426762e-14,1.8320024126940833e-17
429.31,-2.48761539186533e-14,1.8328230472390477e-17
429.32,-2.487361578987341e-14,1.832547991295812e-17
429.33,-2.4870699263044573e-14,1.816047475284881e-17
429.34,-2.4867632541347333e-14,1.8168307921959403e-17
429.35,-2.4865084562124532e-14,1.8291093921320122e-17
429.36,-2.4862151451129772e-14,1.8207483783435504e-17
429.37,-2.4859475891497434e-14,1.8349534351404667e-17
429.38,-2.4856733322586343e-14,1.8286044971357447e-17
429.39,-2.4854275690769516e-14,1.8448575121032788e-17
429.4,-2.485120844697938e-14,1.8270999302303757e-17
429.41,-2.4848270923768797e-14,1.8285850212206263e-17
429.42,-2.484591877320872e-14,1.8339187436514928e-17
429.43,-2.4843100797431436e-14,1.8066638166826778e-17
429.44,-2.484135737885999e-14,1.8462051421317024e-17
429.45,-2.4837500036340383e-14,1.8391757986142897e-17
429.46,-2.4834506186156393e-14,1.8290502475530425e-17
429.47,-2.483166291459179e-14,1.8261093148853666e-17
429.48,-2.4829000728572826e-14,1.835867386466634e-17
429.49,-2.4825903249542834e-14,1.8225793997026306e-17
429.5,-2.4823425096987388e-14,1.82738087682131e-17
429.51,-2.4820994774761906e-14,1.8312789554578295e-17
429.52,-2.4818598685642004e-14,1.8575662222661998e-17
429.53,-2.4814808594908663e-14,1.8225385336304304e-17
429.54,-2.4812173347259442e-14,1.8305712394269796e-17
429.55,-2.4809218072218502e-14,1.8326732430737905e-17
429.56,-2.480673565217522e-14,1.832255932993951e-17
429.57,-2.480379668401554e-14,1.834596788234166e-17
429.58,-2.4801579004265606e-14,1.851408760828141e-17
429.59,-2.4798130850020677e-14,1.8263911098018192e-17
429.6,-2.479569664657233e-14,1.8357036268871456e-17
429.61,-2.4793286959992117e-14,1.8758204885929226e-17
429.62,-2.4789825899367675e-14,1.8311363818003763e-17
429.63,-2.4787151258606237e-14,1.8342762931493937e-17
429.64,-2.4784361485351948e-14,1.823781063880679e-17
429.65,-2.4781632589886316e-14,1.8296172252245505e-17
429.66,-2.4779373202478082e-14,1.8437258301595642e-17
429.67,-2.477599174312251e-14,1.8213696942476802e-17
429.68,-2.4773586831970146e-14,1.8284306373706258e-17
429.69,-2.4770483176609046e-14,1.8161343610680207e-17
429.7,-2.4766757262745136e-14,1.8389175122529388e-17
429.71,-2.476486399228272e-14,1.8363831162219683e-17
429.72,-2.4762159818683053e-14,1.830314755135309e-17
429.73,-2.4759393244544765e-14,1.83325370227261e-17
429.74,-2.4756667642021867e-14,1.8172744543432937e-17
429.75,-2.475309383090174e-14,1.7843619688217715e-17
429.76,-2.475113981499461e-14,1.8328493418018926e-17
429.77,-2.4748412889447257e-14,1.827785304130673e-17
429.78,-2.474522538797955e-14,1.8147206390922273e-17
429.79,-2.4742630382051376e-14,1.834057133060957e-17
429.8,-2.473959441363944e-14,1.8219819507572443e-17
429.81,-2.4737326342179413e-14,1.8211844476233782e-17
429.82,-2.4734642988148327e-14,1.8471497173007978e-17
429.83,-2.4731855405253204e-14,1.827348178176221e-17
429.84,-2.4729206239714183e-14,1.8134893342687833e-17
429.85,-2.472612279962132e-14,1.8314767873699496e-17
429.86,-2.47233891958261e-14,1.8248746419839674e-17
429.87,-2.4720938424534826e-14,1.8276261117489363e-17
429.88,-2.4718131391544288e-14,1.828604164311675e-17
429.89,-2.471515727363881e-14,1.8279814178933304e-17
429.9,-2.4712206162352976e-14,1.8228962979941056e-17
429.91,-2.4709494217513888e-14,1.8272125462558442e-17
429.92,-2.4706738154364952e-14,1.823726888094139e-17
429.93,-2.470417299997094e-14,1.8312809819576484e-17
429.94,-2.4701387665006522e-14,1.8327228276595132e-17
429.95,-2.469852879382913e-14,1.8244430103057462e-17
429.96,-2.469576722345804e-14,1.831124014656415e-17
429.97,-2.469295250491635e-14,1.8405628972777325e-17
429.98,-2.4690258306117646e-14,1.8257024960505533e-17
429.99,-2.4687563952362293e-14,1.8306200246741056e-17
430.0,-2.468434628705057e-14,1.8069955667529447e-17
430.01,-2.4681887548646436e-14,1.8278489063220315e-17
430.02,-2.4679267233536892e-14,1.8298354018488637e-17
430.03,-2.4677120198760497e-14,1.8753884009979906e-17
430.04,-2.46734204730779e-14,1.82343306449241e-17
430.05,-2.46712124009632e-14,1.818777522348917e-17
430.06,-2.4668446753109804e-14,1.8226413237265967e-17
430.07,-2.4665616938409225e-14,1.8238496318431028e-17
430.08,-2.466237207645912e-14,1.7898398330642582e-17
430.09,-2.465953275656061e-14,1.8152740966235127e-17
430.1,-2.4656723259553453e-14,1.8208106882333245e-17
430.11,-2.465421850633339e-14,1.816488333934804e-17
430.12,-2.4651888082035184e-14,1.8084938313151003e-17
430.13,-2.4649029293501262e-14,1.8313699426943466e-17
430.14,-2.4646046061661303e-14,1.8223813175240823e-17
430.15,-2.4643052176114572e-14,1.8124864805926408e-17
430.16,-2.4640816581851893e-14,1.830192100045959e-17
430.17,-2.463753254815885e-14,1.8209964849237512e-17
430.18,-2.4634878298379794e-14,1.8091469228472395e-17
430.19,-2.4632238849767e-14,1.8197709590035854e-17
430.2,-2.4629638732738536e-14,1.8216541405467056e-17
430.21,-2.462768009744501e-14,1.834892382665058e-17
430.22,-2.4623792752804843e-14,1.8178342857431757e-17
430.23,-2.4621293259881514e-14,1.8203393458949394e-17
430.24,-2.46186082232962e-14,1.827232573491053e-17
430.25,-2.461537174163843e-14,1.8069779856482674e-17
430.26,-2.4612276187999042e-14,1.8365287062481303e-17
430.27,-2.4610190296035146e-14,1.805858969117781e-17
430.28,-2.4607957924540545e-14,1.8467107181264863e-17
430.29,-2.460449554095616e-14,1.7975497486577943e-17
430.3,-2.4602026431176854e-14,1.8212794800395302e-17
430.31,-2.460031715331778e-14,1.8443945489640068e-17
430.32,-2.459633551124275e-14,1.8175950515225508e-17
430.33,-2.459328429659698e-14,1.813791980657325e-17
430.34,-2.4590910520433747e-14,1.8088160023292172e-17
430.35,-2.4588159386392966e-14,1.8497144925231355e-17
430.36,-2.4585289805636848e-14,1.81301486466641e-17
430.37,-2.4582730002628915e-14,1.8133852856260624e-17
430.38,-2.4580056926142182e-14,1.822673324442994e-17
430.39,-2.457723091140036e-14,1.8169232225784786e-17
430.4,-2.457468091108789e-14,1.8291865161092167e-17
430.41,-2.457142100480617e-14,1.8050846484225083e-17
430.42,-2.4569161705751297e-14,1.8170078746119707e-17
430.43,-2.4566281612035493e-14,1.8180371344637287e-17
430.44,-2.4563638751357337e-14,1.8497826210217922e-17
430.45,-2.4560829761226395e-14,1.809331081760458e-17
430.46,-2.455771583080631e-14,1.8152771432124527e-17
430.47,-2.455528129762184e-14,1.8262970180240833e-17
430.48,-2.45523370851597e-14,1.8040871772781752e-17
430.49,-2.4549749324578446e-14,1.8207821429050846e-17
430.5,-2.454669071712255e-14,1.8073187327242198e-17
430.51,-2.454425742643035e-14,1.81657371488737e-17
430.52,-2.4541668465201573e-14,1.8216505696752702e-17
430.53,-2.4539134795499858e-14,1.8246617582773883e-17
430.54,-2.4535834490611897e-14,1.7996973664746624e-17
430.55,-2.4533270103900607e-14,1.8193423937671063e-17
430.56,-2.453048739121124e-14,1.821014879256088e-17
430.57,-2.452781028779734e-14,1.814972890116075e-17
430.58,-2.4524813491402966e-14,1.820655421572119e-17
430.59,-2.452215063737117e-14,1.8269426977204517e-17
430.6,-2.451958476058713e-14,1.7956895231681282e-17
430.61,-2.4516709222360725e-14,1.817061893718693e-17
430.62,-2.451391863471684e-14,1.816349028031512e-17
430.63,-2.4511446106605394e-14,1.7941931614207264e-17
430.64,-2.4508626923445958e-14,1.8257202773683734e-17
430.65,-2.450570205559042e-14,1.8143521866142896e-17
430.66,-2.4503130991473172e-14,1.817383851828619e-17
430.67,-2.449926365410443e-14,1.7873415250770302e-17
430.68,-2.449752879979734e-14,1.8185429846588897e-17
430.69,-2.4494535674089004e-14,1.8104349801449436e-17
430.7,-2.4492240956184228e-14,1.80625683391743e-17
430.71,-2.44895540543495e-14,1.8258992682337725e-17
430.72,-2.4486669715170488e-14,1.8186816066673677e-17
430.73,-2.4483750921822108e-14,1.802285569372996e-17
430.74,-2.448130370641512e-14,1.8165324273249037e-17
430.75,-2.4478486376986098e-14,1.8090910783885548e-17
430.76,-2.447597219823971e-14,1.8110987797099723e-17
430.77,-2.4472893366038634e-14,1.8038517488450375e-17
430.78,-2.446938043490334e-14,1.7645056816055737e-17
430.79,-2.4467861810363924e-14,1.808641192190173e-17
430.8,-2.446482042605641e-14,1.8084169047074007e-17
430.81,-2.4462231475126073e-14,1.7841217882096304e-17
430.82,-2.4459510283638886e-14,1.8147685914563666e-17
430.83,-2.4456541368142375e-14,1.8095276332458127e-17
430.84,-2.4454037279218666e-14,1.8057376419544742e-17
430.85,-2.445130792896114e-14,1.789932517215112e-17
430.86,-2.4448246915253174e-14,1.808088901708773e-17
430.87,-2.4445093184026904e-14,1.7972640661466172e-17
430.88,-2.4443070079714954e-14,1.803248168148356e-17
430.89,-2.444008301724096e-14,1.809612714089305e-17
430.9,-2.443776415719594e-14,1.804017555290582e-17
430.91,-2.443442341370848e-14,1.8027928362788808e-17
430.92,-2.4431985739748557e-14,1.8146813839406592e-17
430.93,-2.4429707289872192e-14,1.8204798484956705e-17
430.94,-2.4426322377784102e-14,1.810751764203815e-17
430.95,-2.4423465407075463e-14,1.8067721179852495e-17
430.96,-2.442088806970435e-14,1.795401808719992e-17
430.97,-2.441883575922651e-14,1.79850191649694e-17
430.98,-2.4415463044090412e-14,1.8158861604700555e-17
430.99,-2.441292971992936e-14,1.8138406024874512e-17
431.0,-2.4410048339265442e-14,1.79155879254185e-17
431.01,-2.4407368246277273e-14,1.8126866662993547e-17
431.02,-2.4404663175260374e-14,1.8064207625616986e-17
431.03,-2.440196591214002e-14,1.8123040037963115e-17
431.04,-2.4398825755958816e-14,1.7827527569918646e-17
431.05,-2.439615577505453e-14,1.7950756357337318e-17
431.06,-2.4393809890462807e-14,1.8246191111402466e-17
431.07,-2.4391003138940244e-14,1.806889885467361e-17
431.08,-2.4389110655603e-14,1.8327210846150582e-17
431.09,-2.4385487643829284e-14,1.8038843814018852e-17
431.1,-2.4382957523686208e-14,1.8166056458029997e-17
431.11,-2.438058607469033e-14,1.8400662634432932e-17
431.12,-2.4377333609088996e-14,1.7954320615077235e-17
431.13,-2.4374713474453536e-14,1.806300384370246e-17
431.14,-2.4371521996408425e-14,1.7994736453496884e-17
431.15,-2.436887973106949e-14,1.8320018425316035e-17
431.16,-2.436672410994447e-14,1.8127264587535914e-17
431.17,-2.436376103469745e-14,1.7886290754436934e-17
431.18,-2.436114370429192e-14,1.8040794801241948e-17
431.19,-2.435850012282067e-14,1.8169203871427864e-17
431.2,-2.4355368119297567e-14,1.790023294779442e-17
431.21,-2.4352942795930846e-14,1.8005996706731185e-17
431.22,-2.434924800269333e-14,1.7875639594428797e-17
431.23,-2.4347598697926228e-14,1.7966009333191315e-17
431.24,-2.4344398846267115e-14,1.8039622700542715e-17
431.25,-2.434175258705093e-14,1.7942624189915692e-17
431.26,-2.4339428699394816e-14,1.7949990837291926e-17
431.27,-2.433672376918852e-14,1.8222915705150384e-17
431.28,-2.4333930699660236e-14,1.8083347809243453e-17
431.29,-2.43311243812858e-14,1.804678917423846e-17
431.3,-2.4328343753402403e-14,1.7934291391165658e-17
431.31,-2.4325790656939162e-14,1.7931494206347327e-17
431.32,-2.4323189464092075e-14,1.7813603776804574e-17
431.33,-2.4320025590863172e-14,1.8004327185411734e-17
431.34,-2.4317590102663616e-14,1.7957982748976106e-17
431.35,-2.4314769484173427e-14,1.7852419481193532e-17
431.36,-2.4311807651201035e-14,1.7961467135916664e-17
431.37,-2.430933012646703e-14,1.7960330996370433e-17
431.38,-2.4306655870110614e-14,1.795409456077404e-17
431.39,-2.4304319485729402e-14,1.8057278901473473e-17
431.4,-2.4302213450746728e-14,1.7933720312139507e-17
431.41,-2.4298301694998566e-14,1.785875610208783e-17
431.42,-2.4295798298285203e-14,1.806748385171154e-17
431.43,-2.429315152502678e-14,1.7887926227772396e-17
431.44,-2.4290406457996488e-14,1.7900648447793685e-17
431.45,-2.428782858465395e-14,1.7902599021965275e-17
431.46,-2.428436105755312e-14,1.8043361777479192e-17
431.47,-2.4282431484443173e-14,1.7983942893405082e-17
431.48,-2.427949659606861e-14,1.7966972680817537e-17
431.49,-2.4274973750980046e-14,1.8817486508280443e-17
431.5,-2.4273935939737974e-14,1.772477443090258e-17
431.51,-2.427141321992868e-14,1.7866471175065544e-17
431.52,-2.426858372769606e-14,1.7936599629107247e-17
431.53,-2.426584560152461e-14,1.8028143159315534e-17
431.54,-2.4263329869409917e-14,1.7960139367326876e-17
431.55,-2.4259990271185338e-14,1.782888784813062e-17
431.56,-2.4257898518833207e-14,1.786546935460402e-17
431.57,-2.425514785692248e-14,1.7895883020072927e-17
431.58,-2.4254421795680494e-14,1.9722286187081965e-17
431.59,-2.4249770244314165e-14,1.7775427119906823e-17
431.6,-2.424734842534201e-14,1.8016493910593463e-17
431.61,-2.424441517383996e-14,1.797283097822369e-17
431.62,-2.4241629487866416e-14,1.801903357007234e-17
431.63,-2.4238250364643288e-14,1.7587675714656297e-17
431.64,-2.4235972129728538e-14,1.774205294240464e-17
431.65,-2.4233350341748012e-14,1.7817142330168073e-17
431.66,-2.4230754003395584e-14,1.7872574193905538e-17
431.67,-2.4228282794719026e-14,1.8439040250796422e-17
431.68,-2.4225436862757257e-14,1.7825922165679832e-17
431.69,-2.422269628974055e-14,1.791898634761825e-17
431.7,-2.4220293114415064e-14,1.7950261004903853e-17
431.71,-2.4217261372856442e-14,1.7919046134569656e-17
431.72,-2.4215050466663623e-14,1.7802700175775477e-17
431.73,-2.4211708169546394e-14,1.7769196836046175e-17
431.74,-2.4209299651137727e-14,1.7848931403580145e-17
431.75,-2.4206325242962685e-14,1.7764254077512383e-17
431.76,-2.420481984853564e-14,1.8165503301818963e-17
431.77,-2.420103174118836e-14,1.779007024574529e-17
431.78,-2.4197864482345208e-14,1.778467026927314e-17
431.79,-2.4195284775151658e-14,1.7624858026699495e-17
431.8,-2.419299492319133e-14,1.783299376443901e-17
431.81,-2.4190707536932203e-14,1.7977861036954706e-17
431.82,-2.4187406373458985e-14,1.7923292864909748e-17
431.83,-2.4184821272807208e-14,1.778992402169329e-17
431.84,-2.4182280463321578e-14,1.7811182350901055e-17
431.85,-2.4178683703101742e-14,1.7724294697016326e-17
431.86,-2.4176829608184578e-14,1.7762278363479077e-17
431.87,-2.4173924906406033e-14,1.7620756723139718e-17
431.88,-2.417146692851695e-14,1.781037221754068e-17
431.89,-2.416858888576605e-14,1.7813373400962308e-17
431.9,-2.4166271774033982e-14,1.7907116478178614e-17
431.91,-2.416317703654909e-14,1.7765764921062912e-17
431.92,-2.4160698471664765e-14,1.7798718413995948e-17
431.93,-2.4157817413690514e-14,1.769351191265777e-17
431.94,-2.4155101581129125e-14,1.7830153124363893e-17
431.95,-2.415237938585397e-14,1.7669087800812268e-17
431.96,-2.4149393704391338e-14,1.783567672376268e-17
431.97,-2.4148028971623163e-14,1.769484616842721e-17
431.98,-2.4144392761046973e-14,1.781190920991763e-17
431.99,-2.4141590482754295e-14,1.7780525776652636e-17
432.0,-2.4138475873226463e-14,1.774467173768158e-17
432.01,-2.4136234085241272e-14,1.775857503330377e-17
432.02,-2.4133687666134658e-14,1.7743885268651034e-17
432.03,-2.4130577413400883e-14,1.7722538156868363e-17
432.04,-2.4128294175301518e-14,1.7675944321577275e-17
432.05,-2.412592606019774e-14,1.7856972611102355e-17
432.06,-2.4122678444340413e-14,1.7688486109904182e-17
432.07,-2.4119664398855325e-14,1.7730747542377113e-17
432.08,-2.4117721752990557e-14,1.772707436739748e-17
432.09,-2.4115205289151728e-14,1.7897663340402612e-17
432.1,-2.4112050183766607e-14,1.7693774512047023e-17
432.11,-2.4109619872725573e-14,1.7785404575986915e-17
432.12,-2.4106901736402476e-14,1.7837187484110482e-17
432.13,-2.4103914573234226e-14,1.7588314720546142e-17
432.14,-2.4101774320489512e-14,1.7916098375723883e-17
432.15,-2.409863753733051e-14,1.7674320879461347e-17
432.16,-2.4095469652664882e-14,1.764191869411168e-17
432.17,-2.4093080871237793e-14,1.7636401244342246e-17
432.18,-2.4090969517216208e-14,1.7698148677367768e-17
432.19,-2.4087945774914348e-14,1.765295581168779e-17
432.2,-2.4085415759448457e-14,1.7756894245551866e-17
432.21,-2.4082625502472745e-14,1.764656305028055e-17
432.22,-2.40794684050519e-14,1.7503168888352423e-17
432.23,-2.4077696078590812e-14,1.7497958132784158e-17
432.24,-2.407406623321947e-14,1.761508286067051e-17
432.25,-2.407180591633245e-14,1.7693957091477604e-17
432.26,-2.4069085901913804e-14,1.7611702109571297e-17
432.27,-2.4066626828947775e-14,1.7690371013954376e-17
432.28,-2.406385685998701e-14,1.7645390123544125e-17
432.29,-2.406107582098262e-14,1.765480609129207e-17
432.3,-2.405808971799944e-14,1.759160558479122e-17
432.31,-2.4055846259187054e-14,1.7735242822430908e-17
432.32,-2.4055948887459978e-14,1.7276147989595786e-17
432.33,-2.4050470892689e-14,1.761505854546366e-17
432.34,-2.404800443121034e-14,1.7590371134904723e-17
432.35,-2.4044852142414178e-14,1.7520153020841637e-17
432.36,-2.4042280546711547e-14,1.7518687523303523e-17
432.37,-2.4039848437299407e-14,1.7590545742144966e-17
432.38,-2.4036771223757867e-14,1.7628506523645202e-17
432.39,-2.4033839514349894e-14,1.7553830887768058e-17
432.4,-2.4031567859326324e-14,1.762477624526538e-17
432.41,-2.402966531117593e-14,1.7685166092582343e-17
432.42,-2.4025946257560587e-14,1.7506121943736303e-17
432.43,-2.402354852231581e-14,1.7552980977185342e-17
432.44,-2.402099818444265e-14,1.7673323838022235e-17
432.45,-2.4018286549346765e-14,1.7618914587923818e-17
432.46,-2.4015637109479405e-14,1.7641160084302843e-17
432.47,-2.401296026575043e-14,1.7603633688438408e-17
432.48,-2.4010216194159137e-14,1.7614926383199e-17
432.49,-2.4007626210768275e-14,1.764556535901761e-17
432.5,-2.4005213373064903e-14,1.7889360463465924e-17
432.51,-2.400225428341278e-14,1.7564236881069536e-17
432.52,-2.39994688008541e-14,1.7525432884173052e-17
432.53,-2.399670160014663e-14,1.7469286811392995e-17
432.54,-2.3994254021832648e-14,1.7561914916257912e-17
432.55,-2.3991434660219165e-14,1.7596596446085976e-17
432.56,-2.3988655591487455e-14,1.756055709884556e-17
432.57,-2.3985738009199918e-14,1.7539261855537117e-17
432.58,-2.3983698817770912e-14,1.7723001231383437e-17
432.59,-2.3980249713891142e-14,1.7417316236624063e-17
432.6,-2.3978124116753202e-14,1.7467484889950456e-17
432.61,-2.3975474648553205e-14,1.761170294423156e-17
432.62,-2.3972729458548756e-14,1.740620159780406e-17
432.63,-2.3970088013230618e-14,1.7505048014025936e-17
432.64,-2.396784551038017e-14,1.7319707689499452e-17
432.65,-2.3964732357749095e-14,1.751712491106938e-17
432.66,-2.3961565610955e-14,1.7421847860471246e-17
432.67,-2.3959553161316137e-14,1.7249845310272275e-17
432.68,-2.3956331943369645e-14,1.7497391023265293e-17
432.69,-2.3953961717675017e-14,1.742378333361132e-17
432.7,-2.3951058714926946e-14,1.7362099421522848e-17
432.71,-2.3948753449636566e-14,1.7479368637262537e-17
432.72,-2.394605745986337e-14,1.748432907347936e-17
432.73,-2.394333346042846e-14,1.7370302865277414e-17
432.74,-2.3941588144314575e-14,1.7587232799292908e-17
432.75,-2.3938039654964713e-14,1.741352500921931e-17
432.76,-2.393502226985746e-14,1.736214343872716e-17
432.77,-2.393283699162515e-14,1.7504367978495495e-17
432.78,-2.392945846389657e-14,1.726260560067517e-17
432.79,-2.3927286731022802e-14,1.7381185151762538e-17
432.8,-2.3924645057172054e-14,1.7412665844966295e-17
432.81,-2.3922134124748808e-14,1.748529214233696e-17
432.82,-2.3919450497416776e-14,1.7454379532696644e-17
432.83,-2.391675098633254e-14,1.7493508809795708e-17
432.84,-2.3914008901958316e-14,1.7349713454261134e-17
432.85,-2.391185730750927e-14,1.7593267883830985e-17
432.86,-2.3908725090328942e-14,1.748602197354713e-17
432.87,-2.390595700149135e-14,1.7335464815454926e-17
432.88,-2.3903329006238304e-14,1.733446341324508e-17
432.89,-2.3900696799200065e-14,1.7398920685999095e-17
432.9,-2.3897780374377776e-14,1.7306582234837753e-17
432.91,-2.3895534685218893e-14,1.7445350874034372e-17
432.92,-2.38927310553257e-14,1.743852103435627e-17
432.93,-2.389022006629827e-14,1.7432501712324543e-17
432.94,-2.3887587808975043e-14,1.7371126225238263e-17
432.95,-2.3884996288695546e-14,1.7488527638524787e-17
432.96,-2.3882205415212642e-14,1.7315241962474765e-17
432.97,-2.3879431680627725e-14,1.7367304180570575e-17
432.98,-2.387676545405267e-14,1.7319896752950085e-17
432.99,-2.3873122512035875e-14,1.707906549180369e-17
433.0,-2.38715221482119e-14,1.7317580839556997e-17
433.01,-2.386896554552995e-14,1.7444701334442414e-17
433.02,-2.3866501280492157e-14,1.743733533995086e-17
433.03,-2.38630089121642e-14,1.700714934266914e-17
433.04,-2.3861058327333712e-14,1.7472713046078745e-17
433.05,-2.385824426401981e-14,1.7397742274136106e-17
433.06,-2.3855710488447632e-14,1.738692463649841e-17
433.07,-2.3852759637987075e-14,1.7301248341670156e-17
433.08,-2.384863780571017e-14,1.7201477549017986e-17
433.09,-2.3847597504468002e-14,1.733828812685085e-17
433.1,-2.3844923138744234e-14,1.7423753564939703e-17
433.11,-2.38420529831181e-14,1.7228068035392163e-17
433.12,-2.3837779587068867e-14,1.681449500389608e-17
433.13,-2.3837109494944322e-14,1.73417349509201e-17
433.14,-2.383445268576515e-14,1.7381405761191123e-17
433.15,-2.3831503950623853e-14,1.7292174259124566e-17
433.16,-2.382893463400398e-14,1.719258055524712e-17
433.17,-2.3826550559808516e-14,1.7328891327852515e-17
433.18,-2.38239130667768e-14,1.7312620552367842e-17
433.19,-2.3821494623009074e-14,1.7344676515902166e-17
433.2,-2.3819324549764288e-14,1.7559180073188628e-17
433.21,-2.381576272462353e-14,1.725661938134836e-17
433.22,-2.3813079025900928e-14,1.7302127574302258e-17
433.23,-2.3810502087315747e-14,1.7273971913392262e-17
433.24,-2.3807645090346112e-14,1.7245996978282486e-17
433.25,-2.3805083433188596e-14,1.7233752643388144e-17
433.26,-2.3802271945833732e-14,1.7217876396800398e-17
433.27,-2.3799977270321994e-14,1.728533313981611e-17
433.28,-2.379659746937264e-14,1.7289035110311422e-17
433.29,-2.3794943559716422e-14,1.7400298037621136e-17
433.3,-2.3791821673572165e-14,1.7280761540745157e-17
433.31,-2.378933771022152e-14,1.7311870007957456e-17
433.32,-2.3786698108485695e-14,1.7315456761634483e-17
433.33,-2.3783929362512964e-14,1.72214968033472e-17
433.34,-2.378123108329564e-14,1.7217026108645816e-17
433.35,-2.3778869868547626e-14,1.733288597815562e-17
433.36,-2.377636706699732e-14,1.721844712116176e-17
433.37,-2.3772921936406344e-14,1.699887197487209e-17
433.38,-2.3770758461320747e-14,1.7106937821627406e-17
433.39,-2.3768238166614473e-14,1.7189988978846854e-17
433.4,-2.376558565616998e-14,1.7311480122088615e-17
433.41,-2.3762839844462123e-14,1.7278158723551256e-17
433.42,-2.3760252738403737e-14,1.7232637152336215e-17
433.43,-2.3756627280705787e-14,1.703451263518567e-17
433.44,-2.3755694424792346e-14,1.7543822594545894e-17
433.45,-2.3752081605784673e-14,1.7137610904771192e-17
433.46,-2.3749510301129917e-14,1.6792842817995696e-17
433.47,-2.374723164108307e-14,1.743942149665108e-17
433.48,-2.374453061500133e-14,1.727250303613834e-17
433.49,-2.3741788229873344e-14,1.7196600571849744e-17
433.5,-2.3739009638132728e-14,1.721184378945235e-17
433.51,-2.3737577919824045e-14,1.746856947066298e-17
433.52,-2.373385648539073e-14,1.7184560839305064e-17
433.53,-2.373091704674603e-14,1.708148231404244e-17
433.54,-2.3728650630534663e-14,1.7202563300492926e-17
433.55,-2.3726140944384843e-14,1.691708936169932e-17
433.56,-2.3723313743555837e-14,1.7236781006191482e-17
433.57,-2.372090440338769e-14,1.7237354359337712e-17
433.58,-2.3718082880831807e-14,1.7240360420124217e-17
433.59,-2.3715439911299208e-14,1.7161468469242828e-17
433.6,-2.3713077520110805e-14,1.7115218915247802e-17
433.61,-2.370989988990067e-14,1.7128001635499567e-17
433.62,-2.370753075879415e-14,1.7217630253646555e-17
433.63,-2.3704902252917948e-14,1.7059386932759366e-17
433.64,-2.3702741441740424e-14,1.731852696435054e-17
433.65,-2.3699767101476843e-14,1.7197889408409438e-17
433.66,-2.369702625908209e-14,1.7183213349036152e-17
433.67,-2.369402939050303e-14,1.71106979202856e-17
433.68,-2.3691609296471364e-14,1.7135199840371738e-17
433.69,-2.368872130268968e-14,1.7305066305125636e-17
433.7,-2.3686481707278454e-14,1.7222895332696074e-17
433.71,-2.3683383599683196e-14,1.7077689512500032e-17
433.72,-2.368143305844646e-14,1.7257720242412056e-17
433.73,-2.3678672099880288e-14,1.7346689547411402e-17
433.74,-2.3675574612692745e-14,1.7055633973737646e-17
433.75,-2.3673339459519836e-14,1.7134780088936967e-17
433.76,-2.3670742079550634e-14,1.7326099955376532e-17
433.77,-2.3668083201125458e-14,1.7086793474763914e-17
433.78,-2.3665157368341576e-14,1.702217622067674e-17
433.79,-2.3662849036593123e-14,1.7078490866392986e-17
433.8,-2.3660122105024104e-14,1.7121806197783238e-17
433.81,-2.3657572794460397e-14,1.7208378154721172e-17
433.82,-2.365477195559193e-14,1.701915061462196e-17
433.83,-2.365223483907408e-14,1.7116023182289374e-17
433.84,-2.3649728871270718e-14,1.717950428471853e-17
433.85,-2.3646974429552813e-14,1.7131094456192175e-17
433.86,-2.36442418014917e-14,1.70639295588506e-17
433.87,-2.3641788120731158e-14,1.716365038227558e-17
433.88,-2.3639191383995127e-14,1.7132457038277107e-17
433.89,-2.363646399247038e-14,1.707411109120742e-17
433.9,-2.363372442991839e-14,1.681118952783045e-17
433.91,-2.3631306272269038e-14,1.717543785415964e-17
433.92,-2.362852377126847e-14,1.7060574213545868e-17
433.93,-2.362600628936464e-14,1.7028815733460283e-17
433.94,-2.3623607039532195e-14,1.7100906329090572e-17
433.95,-2.362047381259147e-14,1.6973687797170044e-17
433.96,-2.3618092970543347e-14,1.705976894069919e-17
433.97,-2.3615493606490604e-14,1.6906984208918603e-17
433.98,-2.3613040933108128e-14,1.710283116728977e-17
433.99,-2.3610173467490376e-14,1.7099574991735745e-17
434.0,-2.3607712709228428e-14,1.7119571417316943e-17
434.01,-2.3605244718204563e-14,1.712233497217258e-17
434.02,-2.3602578698753743e-14,1.7465579403230905e-17
434.03,-2.359982236025223e-14,1.7163072206530822e-17
434.04,-2.3596817123051598e-14,1.695239408889924e-17
434.05,-2.3594483800442243e-14,1.7097290148505023e-17
434.06,-2.359155310723445e-14,1.7117284354995785e-17
434.07,-2.358940678164123e-14,1.7086448359860793e-17
434.08,-2.3586531499758217e-14,1.705163486418969e-17
434.09,-2.358447043294226e-14,1.7166728318632378e-17
434.1,-2.3581209138674366e-14,1.694053583729851e-17
434.11,-2.357975392287207e-14,1.7600486349949324e-17
434.12,-2.357608167201985e-14,1.7000672031099085e-17
434.13,-2.35733795643839e-14,1.6996021564005933e-17
434.14,-2.3570743676801976e-14,1.7011427903449663e-17
434.15,-2.356850625435054e-14,1.7081160317648728e-17
434.16,-2.3565824037291028e-14,1.704563012791184e-17
434.17,-2.3563342669814364e-14,1.713536195983065e-17
434.18,-2.3560423082468032e-14,1.7087368915613998e-17
434.19,-2.3557949687547688e-14,1.697794908482763e-17
434.2,-2.355613372843712e-14,1.7115350363706798e-17
434.21,-2.3552617345230984e-14,1.7046151328483396e-17
434.22,-2.354991893630482e-14,1.6811293478841618e-17
434.23,-2.3547380291419998e-14,1.7158988499821045e-17
434.24,-2.3544697478801695e-14,1.706997549864563e-17
434.25,-2.3542192903874537e-14,1.692250222985465e-17
434.26,-2.3539699301468045e-14,1.7060630274937233e-17
434.27,-2.3537062870288483e-14,1.7105946217855072e-17
434.28,-2.353458484704798e-14,1.723672407656914e-17
434.29,-2.3532355522185495e-14,1.692593512036355e-17
434.3,-2.3529309209332373e-14,1.7075998225274986e-17
434.31,-2.3526731000144138e-14,1.7069285640750306e-17
434.32,-2.3523955989985598e-14,1.694024386807096e-17
434.33,-2.3521210963434486e-14,1.703826023553054e-17
434.34,-2.3518602274588382e-14,1.6993111779865215e-17
434.35,-2.3516333283822483e-14,1.7049942032876076e-17
434.36,-2.351324634806397e-14,1.6888597443356177e-17
434.37,-2.3510712114558207e-14,1.6862927174098795e-17
434.38,-2.3508399189773343e-14,1.6861337791617866e-17
434.39,-2.3505909802452774e-14,1.7065751522210603e-17
434.4,-2.3502961507019976e-14,1.6950716828903434e-17
434.41,-2.3500532101732774e-14,1.6952404047159714e-17
434.42,-2.3497810079955048e-14,1.7008281433586507e-17
434.43,-2.3495294543443648e-14,1.6978629065163855e-17
434.44,-2.349280502368751e-14,1.7179236741349554e-17
434.45,-2.3490009690401564e-14,1.6952563282432984e-17
434.46,-2.3487443528116056e-14,1.6920863102445023e-17
434.47,-2.3484894477926723e-14,1.6881481908094062e-17
434.48,-2.3482219483902305e-14,1.688556368665965e-17
434.49,-2.3479845180889672e-14,1.7012841455103424e-17
434.5,-2.3477089901209726e-14,1.70596524905848e-17
434.51,-2.3474555158213644e-14,1.6979406842142507e-17
434.52,-2.3472198307438357e-14,1.7063548138595854e-17
434.53,-2.3469344457880405e-14,1.6991864557274127e-17
434.54,-2.346680135590453e-14,1.6913750171415074e-17
434.55,-2.3464171349961766e-14,1.7048706283572317e-17
434.56,-2.346150261639062e-14,1.6938737726066893e-17
434.57,-2.345889948419857e-14,1.706793150571684e-17
434.58,-2.3455685459633826e-14,1.7026232717725332e-17
434.59,-2.345373583601389e-14,1.707051125153199e-17
434.6,-2.345100231558306e-14,1.6975620088200788e-17
434.61,-2.3448443408118196e-14,1.6994716814793197e-17
434.62,-2.3445750629155585e-14,1.6990082210819823e-17
434.63,-2.3443005926371558e-14,1.7363179001646204e-17
434.64,-2.3441350082717467e-14,1.7190800883753883e-17
434.65,-2.3438125170320852e-14,1.691561521450057e-17
434.66,-2.3435559709494355e-14,1.6913730641418186e-17
434.67,-2.343362021848094e-14,1.714907562669761e-17
434.68,-2.343030401380923e-14,1.6952289201594103e-17
434.69,-2.3427565629673518e-14,1.697957086841833e-17
434.7,-2.3425050277050672e-14,1.704517963017342e-17
434.71,-2.342262790230063e-14,1.7102270885923754e-17
434.72,-2.3420484304668877e-14,1.7361284528360945e-17
434.73,-2.341719126528652e-14,1.6892356349200602e-17
434.74,-2.341435176203553e-14,1.7070541390403076e-17
434.75,-2.3412135637935922e-14,1.6995795399775088e-17
434.76,-2.34095724741803e-14,1.6993830260913606e-17
434.77,-2.3406948690400704e-14,1.6935044523717108e-17
434.78,-2.3404399111341668e-14,1.692723010944889e-17
434.79,-2.3401850032446343e-14,1.6951935774580646e-17
434.8,-2.3398876903935552e-14,1.6907023535371748e-17
434.81,-2.3396387891771862e-14,1.7003129847531703e-17
434.82,-2.339363746809423e-14,1.6796681269398444e-17
434.83,-2.3391285217753025e-14,1.691637322161624e-17
434.84,-2.33887522860566e-14,1.6966224608465933e-17
434.85,-2.3386368520888168e-14,1.6911805563089597e-17
434.86,-2.3383517130042923e-14,1.687356166693549e-17
434.87,-2.338112173085477e-14,1.695724946350648e-17
434.88,-2.3378284992309783e-14,1.687438713434767e-17
434.89,-2.3376044100107714e-14,1.7116345344298638e-17
434.9,-2.3373017815513112e-14,1.6823181190263337e-17
434.91,-2.337000304353598e-14,1.6802157360567137e-17
434.92,-2.3367819737301222e-14,1.668437961608376e-17
434.93,-2.336503330431122e-14,1.666318560890259e-17
434.94,-2.3362969248728004e-14,1.6872265067772078e-17
434.95,-2.3360396382778304e-14,1.6872568714015152e-17
434.96,-2.3357214042602144e-14,1.6529889274755672e-17
434.97,-2.3355239998426487e-14,1.6876127742226755e-17
434.98,-2.3352638811275367e-14,1.692609955659711e-17
434.99,-2.334987219678718e-14,1.6653319867227283e-17
435.0,-2.3347190793450596e-14,1.6712820357970287e-17
435.01,-2.3344812785043254e-14,1.691324748424001e-17
435.02,-2.334263843787532e-14,1.6907229159324504e-17
435.03,-2.3339508548937657e-14,1.682646247092351e-17
435.04,-2.3337076917156422e-14,1.6884105301769775e-17
435.05,-2.3335069742569613e-14,1.7152922441290845e-17
435.06,-2.3331686131745835e-14,1.682868407744928e-17
435.07,-2.3330162425166783e-14,1.715877594160564e-17
435.08,-2.332700067237831e-14,1.6946631598675386e-17
435.09,-2.3324239466521263e-14,1.7049867865774997e-17
435.1,-2.3321575854185217e-14,1.6868639177744334e-17
435.11,-2.3319163877028356e-14,1.703806715043927e-17
435.12,-2.3316419896414567e-14,1.6906969270869646e-17
435.13,-2.3314042992360105e-14,1.6927019149989665e-17
435.14,-2.3311245992662442e-14,1.692727358182016e-17
435.15,-2.3308782718837215e-14,1.6907387963839352e-17
435.16,-2.330549820192271e-14,1.6896289144595932e-17
435.17,-2.330265749361735e-14,1.685961801377827e-17
435.18,-2.330183392900261e-14,1.7036100242203358e-17
435.19,-2.3298627422112014e-14,1.7029302020219483e-17
435.2,-2.329566278452376e-14,1.690725802119172e-17
435.21,-2.3293186533886667e-14,1.687635901210338e-17
435.22,-2.3290689516347457e-14,1.6896972703439287e-17
435.23,-2.3288157566349464e-14,1.694921784588837e-17
435.24,-2.3285375649188088e-14,1.686125922336245e-17
435.25,-2.328236367897561e-14,1.67519754429884e-17
435.26,-2.328032033196077e-14,1.7061660902236327e-17
435.27,-2.3277709072576316e-14,1.6877552728989375e-17
435.28,-2.327526605909171e-14,1.6979018173508485e-17
435.29,-2.327241427764916e-14,1.6927019016233384e-17
435.3,-2.3270016791061002e-14,1.6886357793358174e-17
435.31,-2.3267110773288634e-14,1.6753071318734316e-17
435.32,-2.3264944295110694e-14,1.687254532772988e-17
435.33,-2.3262493955905395e-14,1.6850598137874662e-17
435.34,-2.32625826227698e-14,1.6682899359013924e-17
435.35,-2.3257307516721982e-14,1.6801887603110427e-17
435.36,-2.325507442046239e-14,1.7058280920499035e-17
435.37,-2.3252127091202296e-14,1.69274541759705e-17
435.38,-2.3248759051242134e-14,1.7017616038810267e-17
435.39,-2.324690566139988e-14,1.6810597741067557e-17
435.4,-2.3243990273460824e-14,1.677729355864874e-17
435.41,-2.324165200429041e-14,1.70117383628375e-17
435.42,-2.3238981137505184e-14,1.6871405834271224e-17
435.43,-2.3236635066893165e-14,1.5917029162324835e-17
435.44,-2.3234026261597475e-14,1.6843732942962143e-17
435.45,-2.3231457917359044e-14,1.6721529586490024e-17
435.46,-2.3228934370272416e-14,1.6875933241109344e-17
435.47,-2.3226476144692236e-14,1.6877105508016553e-17
435.48,-2.3223576108906783e-14,1.6853637424458717e-17
435.49,-2.3221341990015907e-14,1.6952716135583208e-17
435.5,-2.321868838645716e-14,1.6841332081428647e-17
435.51,-2.3215962850735516e-14,1.6690622887995294e-17
435.52,-2.321372006602056e-14,1.6826107886180982e-17
435.53,-2.3211040317489042e-14,1.6929688250793417e-17
435.54,-2.3208447500123802e-14,1.6844506056901927e-17
435.55,-2.320569893544679e-14,1.6894976856452622e-17
435.56,-2.320341329051883e-14,1.693974129391732e-17
435.57,-2.3199840373008624e-14,1.6811192310382386e-17
435.58,-2.3198339889151715e-14,1.6959195676907333e-17
435.59,-2.3195581628855748e-14,1.6732618543577386e-17
435.6,-2.3192961531222332e-14,1.6870189891725322e-17
435.61,-2.3189740369054315e-14,1.678038627244164e-17
435.62,-2.318735582511943e-14,1.683951043251439e-17
435.63,-2.318552044889227e-14,1.6796298559501444e-17
435.64,-2.3182847305621395e-14,1.7017234058780218e-17
435.65,-2.3180048914283487e-14,1.6839600632695246e-17
435.66,-2.317722882184043e-14,1.6516425023068753e-17
435.67,-2.3174950429461363e-14,1.6823412030961342e-17
435.68,-2.3172599599094217e-14,1.6820076348356586e-17
435.69,-2.31701485108548e-14,1.6826209574657255e-17
435.7,-2.3167376544786483e-14,1.6776536938596237e-17
435.71,-2.3164584361423573e-14,1.677393528123781e-17
435.72,-2.3162887368752197e-14,1.6974244225407276e-17
435.73,-2.315948395256368e-14,1.6711556283963745e-17
435.74,-2.3156994510869075e-14,1.681371531904732e-17
435.75,-2.3154579450428044e-14,1.6843036720716512e-17
435.76,-2.3152156205716087e-14,1.6882717242536123e-17
435.77,-2.3149343158200046e-14,1.6781079528088802e-17
435.78,-2.3146400067441122e-14,1.6760638343124298e-17
435.79,-2.3144457854342036e-14,1.6930321305055338e-17
435.8,-2.3141740508797656e-14,1.6832263466368537e-17
435.81,-2.313932468474412e-14,1.7070098377223822e-17
435.82,-2.3136648540363022e-14,1.6824571687652827e-17
435.83,-2.3133918035750343e-14,1.6861689866587017e-17
435.84,-2.3130976867959136e-14,1.6735418092037722e-17
435.85,-2.3128977002605178e-14,1.679491958279324e-17
435.86,-2.3126441247408964e-14,1.677456205909154e-17
435.87,-2.3123947488648752e-14,1.6928406192359618e-17
435.88,-2.312102765835362e-14,1.6740145530736505e-17
435.89,-2.3118926516096733e-14,1.6855283361721858e-17
435.9,-2.31166871734575e-14,1.6782974829912605e-17
435.91,-2.3113782247838607e-14,1.6860444414785597e-17
435.92,-2.311110439219755e-14,1.679951352505453e-17
435.93,-2.3108663456031982e-14,1.6803059772860023e-17
435.94,-2.3106466416350755e-14,1.6863516268753227e-17
435.95,-2.3102971683084836e-14,1.6709965256352965e-17
435.96,-2.31008289710945e-14,1.6716010867154935e-17
435.97,-2.3098864484008417e-14,1.691134487446536e-17
435.98,-2.3095657956334223e-14,1.6723929517324668e-17
435.99,-2.3092434267566924e-14,1.6547510598604394e-17
436.0,-2.3090677578099556e-14,1.6761277732905202e-17
436.01,-2.3087910096061546e-14,1.6801756137273645e-17
436.02,-2.308528561885253e-14,1.663094748932371e-17
436.03,-2.308262091004054e-14,1.6684877306750803e-17
436.04,-2.3080388720891562e-14,1.6627933777045992e-17
436.05,-2.3077742334963938e-14,1.681016617260761e-17
436.06,-2.3075640869627707e-14,1.679377471433315e-17
436.07,-2.3073038527860505e-14,1.69108641266117e-17
436.08,-2.3069785341201174e-14,1.608887013519911e-17
436.09,-2.306761106294959e-14,1.6826923498546198e-17
436.1,-2.3065204776632042e-14,1.6809226653083665e-17
436.11,-2.306249770928579e-14,1.6680412991671115e-17
436.12,-2.306023907846101e-14,1.675327022775312e-17
436.13,-2.3057221161354474e-14,1.6814746995464337e-17
436.14,-2.305499705102328e-14,1.6753471399306824e-17
436.15,-2.305226008363673e-14,1.6715302528314817e-17
436.16,-2.304975269151898e-14,1.680407136477084e-17
436.17,-2.3045549377445722e-14,1.6034441626302562e-17
436.18,-2.3044865981537004e-14,1.6764507749824886e-17
436.19,-2.304205726720736e-14,1.6781067370090427e-17
436.2,-2.3038979270365865e-14,1.666929067266022e-17
436.21,-2.3036894020695428e-14,1.6789933369134316e-17
436.22,-2.3034797345001017e-14,1.668431460289528e-17
436.23,-2.3032017444762322e-14,1.679487196108095e-17
436.24,-2.3029640069702824e-14,1.6674935077414835e-17
436.25,-2.302679606032172e-14,1.6589339006306366e-17
436.26,-2.3017778026612837e-14,1.5676926315506743e-17
436.27,-2.3021890651586533e-14,1.6892736687819903e-17
436.28,-2.3019139867057102e-14,1.6720496240225887e-17
436.29,-2.3017219848799735e-14,1.6880252263559957e-17
436.3,-2.3014271158047616e-14,1.67281901622017e-17
436.31,-2.3011629016212595e-14,1.6777596084288005e-17
436.32,-2.30092230575258e-14,1.663851000207219e-17
436.33,-2.3006871452956232e-14,1.685022690310809e-17
436.34,-2.3004934547079955e-14,1.6823302968511806e-17
436.35,-2.300216768846207e-14,1.6701094983229787e-17
436.36,-2.299923547037527e-14,1.6747702128324076e-17
436.37,-2.299642500213901e-14,1.6769941643059003e-17
436.38,-2.2993760751143178e-14,1.676506832246627e-17
436.39,-2.2990886753575864e-14,1.6567351577137714e-17
436.4,-2.298849613140747e-14,1.6715068595687656e-17
436.41,-2.298605470360963e-14,1.658389634867874e-17
436.42,-2.298393032476392e-14,1.6654469777877904e-17
436.43,-2.2981786406374602e-14,1.6822313808161304e-17
436.44,-2.297881502820904e-14,1.648527877497294e-17
436.45,-2.2976070216953408e-14,1.6793459087424092e-17
436.46,-2.2974409150461975e-14,1.6885248924295376e-17
436.47,-2.2971078776169036e-14,1.674144070347343e-17
436.48,-2.296857899481003e-14,1.671930035796261e-17
436.49,-2.2965736148303143e-14,1.6648689315338578e-17
436.5,-2.2963498053607906e-14,1.670590308973632e-17
436.51,-2.2961519141855807e-14,1.6846018357026762e-17
436.52,-2.2958208397140258e-14,1.63103068018867e-17
436.53,-2.2956544685717627e-14,1.6918584186092048e-17
436.54,-2.2953276249934355e-14,1.6681293134596335e-17
436.55,-2.2950283945645428e-14,1.631358988878327e-17
436.56,-2.294782780293123e-14,1.6617210007256158e-17
436.57,-2.2945922821077658e-14,1.6740114242430285e-17
436.58,-2.2942679167259576e-14,1.695576476614938e-17
436.59,-2.2940911270766504e-14,1.6714985656261165e-17
436.6,-2.2935557009961464e-14,1.631501076912273e-17
436.61,-2.2935614424880823e-14,1.6941020895500998e-17
436.62,-2.2932897689070905e-14,1.6663670326395182e-17
436.63,-2.2930582724233396e-14,1.673764611149261e-17
436.64,-2.2927923753223727e-14,1.673473139360795e-17
436.65,-2.2925598023807068e-14,1.6699912301763608e-17
436.66,-2.2922851950419003e-14,1.6668516851497264e-17
436.67,-2.2919740076168128e-14,1.6694005572767994e-17
436.68,-2.2918006618284187e-14,1.6716068177442918e-17
436.69,-2.2915291502105186e-14,1.6710312320266782e-17
436.7,-2.2912843159218052e-14,1.6608917558043428e-17
436.71,-2.2909847754403167e-14,1.654238894038591e-17
436.72,-2.2908225965945592e-14,1.6800987195845265e-17
436.73,-2.2905287691593084e-14,1.6715531785264728e-17
436.74,-2.290280330741993e-14,1.668998259983559e-17
436.75,-2.290031551197694e-14,1.6658115825082584e-17
436.76,-2.2897387666611458e-14,1.6799136688223386e-17
436.77,-2.2895258329203767e-14,1.6772876336443762e-17
436.78,-2.2892413162280797e-14,1.6635081321989858e-17
436.79,-2.289014103123008e-14,1.6594680896480303e-17
436.8,-2.2887584713202957e-14,1.6573769833334758e-17
436.81,-2.288460426493167e-14,1.667065833695725e-17
436.82,-2.2882557141764786e-14,1.6639012522315205e-17
436.83,-2.2880094909136175e-14,1.670190734831898e-17
436.84,-2.287764657609487e-14,1.675111138794222e-17
436.85,-2.2874721038671716e-14,1.641638058948579e-17
436.86,-2.2872962114111344e-14,1.687996571126433e-17
436.87,-2.286938382345991e-14,1.6675545894694963e-17
436.88,-2.2867589519611375e-14,1.6803526189175733e-17
436.89,-2.286535979570151e-14,1.6791025132269526e-17
436.9,-2.2862628835199504e-14,1.6686756207697967e-17
436.91,-2.286010455952556e-14,1.6739623317908994e-17
436.92,-2.2857505874295688e-14,1.6701675312766637e-17
436.93,-2.2855083671302135e-14,1.6730818924954604e-17
436.94,-2.2851659742729237e-14,1.6462912862658438e-17
436.95,-2.2850816029207215e-14,1.6869729854373056e-17
436.96,-2.2846802187434493e-14,1.6747644704224772e-17
436.97,-2.284488720262403e-14,1.7063425009092987e-17
436.98,-2.2842281300722183e-14,1.665385335310265e-17
436.99,-2.2840754995390443e-14,1.6870240503206465e-17
437.0,-2.2837233307240948e-14,1.6580645977304772e-17
437.01,-2.2835002314520712e-14,1.6685205937113785e-17
437.02,-2.2832443213492864e-14,1.66164351755487e-17
437.03,-2.2829201958507063e-14,1.6768435413046988e-17
437.04,-2.2827189437785163e-14,1.677304850026217e-17
437.05,-2.282529892089959e-14,1.6797118048429125e-17
437.06,-2.282085220424312e-14,1.6543424102891838e-17
437.07,-2.2819922322076215e-14,1.665843121660165e-17
437.08,-2.2816781146762194e-14,1.657200989293361e-17
437.09,-2.2814669054100776e-14,1.6585256664805882e-17
437.1,-2.2812036564585067e-14,1.6648971023971697e-17
437.11,-2.280931828638131e-14,1.6503145582014637e-17
437.12,-2.2806541005702515e-14,1.629149479344374e-17
437.13,-2.2805066761393546e-14,1.6666763755310247e-17
437.14,-2.2801778518194433e-14,1.6547209213448062e-17
437.15,-2.2799244646569446e-14,1.6541950056536897e-17
437.16,-2.2796684082529346e-14,1.6616381575615205e-17
437.17,-2.279453045797907e-14,1.6605354528201972e-17
437.18,-2.2792125499126266e-14,1.667378725604786e-17
437.19,-2.2789641018277836e-14,1.6657036604626707e-17
437.2,-2.2787151139734162e-14,1.6652406628311292e-17
437.21,-2.2784063698295283e-14,1.6611619768792836e-17
437.22,-2.278236944775248e-14,1.687768346100971e-17
437.23,-2.2779168465618974e-14,1.6535244892589543e-17
437.24,-2.2776872753420755e-14,1.665866551284579e-17
437.25,-2.2774464622433997e-14,1.6528350588308023e-17
437.26,-2.2771831720537667e-14,1.6569035537651803e-17
437.27,-2.276927572650947e-14,1.6480518371801625e-17
437.28,-2.2766893690274735e-14,1.6632986957182716e-17
437.29,-2.2764290970006744e-14,1.6630771823881707e-17
437.3,-2.2761529265457568e-14,1.658435195969863e-17
437.31,-2.2759259161167994e-14,1.6946290518051288e-17
437.32,-2.2757316523865074e-14,1.6546569119866884e-17
437.33,-2.2754275853776608e-14,1.6558329911322294e-17
437.34,-2.275155271313707e-14,1.653397915294868e-17
437.35,-2.2748499161029586e-14,1.619080984473667e-17
437.36,-2.274662558910329e-14,1.647142341123017e-17
437.37,-2.274440711833556e-14,1.661775250588254e-17
437.38,-2.2741931594824074e-14,1.657935445219116e-17
437.39,-2.2739134417952127e-14,1.6582161419385722e-17
437.4,-2.273636303422759e-14,1.6507227517243583e-17
437.41,-2.2734157954480508e-14,1.6728602677500632e-17
437.42,-2.2731754218188552e-14,1.648228757324547e-17
437.43,-2.2729205428862937e-14,1.6533149954052205e-17
437.44,-2.272684602086239e-14,1.659332022108063e-17
437.45,-2.2723725931395697e-14,1.647169629352851e-17
437.46,-2.2721596387967195e-14,1.6493086404730247e-17
437.47,-2.2719355947118327e-14,1.661099758413771e-17
437.48,-2.271666028111748e-14,1.6455062585579682e-17
437.49,-2.2714361364518446e-14,1.6542351290329468e-17
437.5,-2.2711582468877895e-14,1.65293083766888e-17
437.51,-2.2709190407700967e-14,1.650625119226302e-17
437.52,-2.27066664887961e-14,1.6496013220975884e-17
437.53,-2.270439062729125e-14,1.6548264134890028e-17
437.54,-2.2701895135893244e-14,1.6138525863465613e-17
437.55,-2.269933900159736e-14,1.656767035673235e-17
437.56,-2.2696977115986028e-14,1.6594003275836586e-17
437.57,-2.2694234445980462e-14,1.6547576836795036e-17
437.58,-2.269151139711669e-14,1.6261163591223696e-17
437.59,-2.2688954964890803e-14,1.6409785845561568e-17
437.6,-2.268648782605401e-14,1.638084092319535e-17
437.61,-2.2683997599243212e-14,1.6446278031406984e-17
437.62,-2.268185429461249e-14,1.6521182249396733e-17
437.63,-2.26799876494427e-14,1.6834838931192782e-17
437.64,-2.2676716190142923e-14,1.6522462264755995e-17
437.65,-2.267420214701303e-14,1.6448632520453928e-17
437.66,-2.2671813059170836e-14,1.644798636386902e-17
437.67,-2.266927831046115e-14,1.645999299884314e-17
437.68,-2.2667053993625527e-14,1.6542930283389614e-17
437.69,-2.2664591340641604e-14,1.64662875797169e-17
437.7,-2.2661746637997482e-14,1.6493627105611645e-17
437.71,-2.2659111461185908e-14,1.6477009846065064e-17
437.72,-2.265687390156688e-14,1.6596596619241582e-17
437.73,-2.2654258618881023e-14,1.6446693839006198e-17
437.74,-2.2651909541822812e-14,1.650559613295349e-17
437.75,-2.264924397269885e-14,1.644295482822379e-17
437.76,-2.2646610335456298e-14,1.635735988611181e-17
437.77,-2.264429035609922e-14,1.6445416669555377e-17
437.78,-2.264196775874888e-14,1.6477483501742033e-17
437.79,-2.2639240455523287e-14,1.6480816285087232e-17
437.8,-2.2636812570262476e-14,1.6465456487168505e-17
437.81,-2.2634433540816816e-14,1.6516836233322394e-17
437.82,-2.263168937268245e-14,1.6437150209313198e-17
437.83,-2.2629277169658426e-14,1.645171380282416e-17
437.84,-2.2627369677474074e-14,1.6832307912159046e-17
437.85,-2.2624433006336815e-14,1.63782935020343e-17
437.86,-2.2621962268717764e-14,1.6434583981044768e-17
437.87,-2.2619323746289807e-14,1.6474908872170472e-17
437.88,-2.2616946247491e-14,1.6301269941041744e-17
437.89,-2.261410966330181e-14,1.626539777967435e-17
437.9,-2.2612101698780684e-14,1.650884477550119e-17
437.91,-2.2609235139621877e-14,1.671617620354457e-17
437.92,-2.2606753047498967e-14,1.6368275939607153e-17
437.93,-2.2604603585553705e-14,1.6422584081541984e-17
437.94,-2.260187918041019e-14,1.6399146156339415e-17
437.95,-2.2599482193626602e-14,1.6438690712792537e-17
437.96,-2.2597188230028465e-14,1.6328198872541002e-17
437.97,-2.259425734693046e-14,1.6249037808760728e-17
437.98,-2.2591890497200666e-14,1.6336829442888453e-17
437.99,-2.2589644803691543e-14,1.6483468021929625e-17
438.0,-2.258723058942329e-14,1.637283868811975e-17
438.01,-2.2584587384314833e-14,1.6330587769733102e-17
438.02,-2.2582345398448734e-14,1.6504743886375247e-17
438.03,-2.25798102557931e-14,1.6422759402324595e-17
438.04,-2.2577035025262656e-14,1.640838421032865e-17
438.05,-2.2574462746402976e-14,1.5919060050824242e-17
438.06,-2.2572182796130533e-14,1.6344211229836713e-17
438.07,-2.2569497147335606e-14,1.6275678816172578e-17
438.08,-2.256718305931581e-14,1.62784151969125e-17
438.09,-2.2564999428791845e-14,1.646551270035218e-17
438.1,-2.2562201849959106e-14,1.6287715858320244e-17
438.11,-2.255989224700307e-14,1.6440528501982488e-17
438.12,-2.255732197635757e-14,1.6410484436715202e-17
438.13,-2.2554903106353858e-14,1.6637578447497837e-17
438.14,-2.255131157777558e-14,1.5896883307280278e-17
438.15,-2.2550232502522678e-14,1.63015596202854e-17
438.16,-2.254714637621953e-14,1.6376249587042244e-17
438.17,-2.2544822330019304e-14,1.6308652938115732e-17
438.18,-2.2542546397238416e-14,1.6412563901388554e-17
438.19,-2.253983106015598e-14,1.635083759237671e-17
438.2,-2.2537474689795603e-14,1.62952892290245e-17
438.21,-2.2534876182287014e-14,1.6333281830828134e-17
438.22,-2.2532407702394475e-14,1.620576087121585e-17
438.23,-2.2529164172208666e-14,1.6116071835251212e-17
438.24,-2.2527561582451685e-14,1.626473757867989e-17
438.25,-2.2524933903670415e-14,1.6309096234868834e-17
438.26,-2.25225859600653e-14,1.6330056341282113e-17
438.27,-2.2520081817895076e-14,1.6306658188562496e-17
438.28,-2.25176242324927e-14,1.635381885875079e-17
438.29,-2.2515063321386177e-14,1.63560475269763e-17
438.3,-2.2512810558191062e-14,1.6330752135139023e-17
438.31,-2.2510170814970432e-14,1.6484870729319194e-17
438.32,-2.250712698720939e-14,1.6221814081050152e-17
438.33,-2.250545297584968e-14,1.6373158185535377e-17
438.34,-2.250281193848807e-14,1.6319640917636192e-17
438.35,-2.250021265517778e-14,1.6267173357448637e-17
438.36,-2.249793831321419e-14,1.6307340759505128e-17
438.37,-2.249521475202384e-14,1.6311832145881973e-17
438.38,-2.249270282697114e-14,1.6207285810782682e-17
438.39,-2.249066301194955e-14,1.6388815882258228e-17
438.4,-2.2487808836822362e-14,1.606961061352059e-17
438.41,-2.248517219915298e-14,1.6319569398047178e-17
438.42,-2.248332682400436e-14,1.6209638049801473e-17
438.43,-2.248047264991391e-14,1.6166596056744762e-17
438.44,-2.2477913670415497e-14,1.619785743792953e-17
438.45,-2.247568204031985e-14,1.6278541120552493e-17
438.46,-2.2472688752271375e-14,1.6203390322331287e-17
438.47,-2.247038775071418e-14,1.6246577095504082e-17
438.48,-2.2468253640145324e-14,1.622613694715076e-17
438.49,-2.2466002229661818e-14,1.632952112131448e-17
438.5,-2.246310954785017e-14,1.613971468718875e-17
438.51,-2.246071514275739e-14,1.6558829631108986e-17
438.52,-2.2458229189301935e-14,1.6169880822967244e-17
438.53,-2.2455871378426562e-14,1.625163275223841e-17
438.54,-2.2453272082077206e-14,1.6254014432383906e-17
438.55,-2.245055201802272e-14,1.6099023129020823e-17
438.56,-2.24484161122372e-14,1.6252493371749236e-17
438.57,-2.2445824047717874e-14,1.5889984088245315e-17
438.58,-2.2444719430535164e-14,1.63632120763457e-17
438.59,-2.2440840675548824e-14,1.6249297880998825e-17
438.6,-2.2439217838457842e-14,1.612534013290484e-17
438.61,-2.2436558555970736e-14,1.6389185112260375e-17
438.62,-2.2433481966686612e-14,1.6244354659584045e-17
438.63,-2.2431189577208486e-14,1.6205340835943933e-17
438.64,-2.242909854425925e-14,1.642078853879959e-17
438.65,-2.2426325948419494e-14,1.6228449943445732e-17
438.66,-2.2423364794544065e-14,1.6046441054498768e-17
438.67,-2.2421167610457133e-14,1.6157864386659314e-17
438.68,-2.2418822972555578e-14,1.61910745078695e-17
438.69,-2.2416746815212185e-14,1.642377457353244e-17
438.7,-2.2413756094970988e-14,1.613556264576394e-17
438.71,-2.241129107845196e-14,1.617149556091949e-17
438.72,-2.2409083644002952e-14,1.6203559874742613e-17
438.73,-2.2406547155931323e-14,1.6269670662527054e-17
438.74,-2.2404113626978512e-14,1.610652403225691e-17
438.75,-2.240176836501543e-14,1.6296426886757186e-17
438.76,-2.239954651851246e-14,1.6372722754599506e-17
438.77,-2.23961884866828e-14,1.590173640013174e-17
438.78,-2.239377937601185e-14,1.6355858690490067e-17
438.79,-2.2392036922608885e-14,1.6269431453635868e-17
438.8,-2.2389167873276212e-14,1.61646681305659e-17
438.81,-2.2386763899393084e-14,1.618855872651986e-17
438.82,-2.2384247015568347e-14,1.6212796148298824e-17
438.83,-2.2381853734913288e-14,1.6135688745814774e-17
438.84,-2.2379656465229183e-14,1.625698233418843e-17
438.85,-2.237680848916337e-14,1.5942505843950432e-17
438.86,-2.2374246275772456e-14,1.6038418463849858e-17
438.87,-2.2372561324134855e-14,1.6494726357650468e-17
438.88,-2.2369456011136372e-14,1.610434193886382e-17
438.89,-2.2366968114191482e-14,1.6135545229274274e-17
438.9,-2.2363949607237645e-14,1.6039049015974096e-17
438.91,-2.236225105358149e-14,1.6160181931457756e-17
438.92,-2.235940096392736e-14,1.5988113392807972e-17
438.93,-2.2356659836882653e-14,1.582788777197041e-17
438.94,-2.235412700289203e-14,1.5950657836429255e-17
438.95,-2.2352208292435648e-14,1.6048084265951076e-17
438.96,-2.2349969173034595e-14,1.6170558743509398e-17
438.97,-2.2347490537789594e-14,1.616919437124935e-17
438.98,-2.234514047276641e-14,1.6158901474544783e-17
438.99,-2.2343225085760782e-14,1.6036131737894154e-17
439.0,-2.2340088844449e-14,1.6091441528487414e-17
439.01,-2.233698057213703e-14,1.6049217909678816e-17
439.02,-2.2335534886331816e-14,1.6270161757008345e-17
439.03,-2.2331794588369006e-14,1.5845475843296655e-17
439.04,-2.2330406183587062e-14,1.6093132593882407e-17
439.05,-2.2327971882754655e-14,1.6169895304783535e-17
439.06,-2.23255082413729e-14,1.611752203846287e-17
439.07,-2.2323251995878654e-14,1.6151791126880496e-17
439.08,-2.2320434132279176e-14,1.6062109652391467e-17
439.09,-2.231804183895295e-14,1.6083658122966885e-17
439.1,-2.231539042155953e-14,1.6012416587033207e-17
439.11,-2.2313411985461618e-14,1.6118397891576646e-17
439.12,-2.2310801683851786e-14,1.6139849211318143e-17
439.13,-2.230823891208685e-14,1.6032114780834818e-17
439.14,-2.230573160071576e-14,1.6063531328916512e-17
439.15,-2.2302943630214948e-14,1.5968988551593083e-17
439.16,-2.2300490796330197e-14,1.605955705854194e-17
439.17,-2.2298549706890248e-14,1.6049238580948546e-17
439.18,-2.2296102602708587e-14,1.6123118092461053e-17
439.19,-2.229423280792908e-14,1.6462006114345e-17
439.2,-2.2290926663220016e-14,1.6088076495989317e-17
439.21,-2.2288615625900587e-14,1.586136997504765e-17
439.22,-2.2286288272069447e-14,1.5947864887577566e-17
439.23,-2.2283654930861146e-14,1.6101975203349776e-17
439.24,-2.2281058917790305e-14,1.604892129696241e-17
439.25,-2.2278881740041665e-14,1.6103289574457537e-17
439.26,-2.227674072095613e-14,1.608533217807793e-17
439.27,-2.2274133212871512e-14,1.6012383743382353e-17
439.28,-2.2265983212107453e-14,1.5331424310911227e-17
439.29,-2.2269282037787074e-14,1.6132897909417117e-17
439.3,-2.2266387345421563e-14,1.5968929890906425e-17
439.31,-2.226414231899398e-14,1.5973750353939357e-17
439.32,-2.226175334320954e-14,1.6035020885986635e-17
439.33,-2.225950363983823e-14,1.6018486476048414e-17
439.34,-2.2256255747583225e-14,1.5899700212494145e-17
439.35,-2.2254535266700604e-14,1.6089094922174705e-17
439.36,-2.2251824003419276e-14,1.5971998676279834e-17
439.37,-2.22474251279136e-14,1.5445704452253907e-17
439.38,-2.2247226033934607e-14,1.6025468439240176e-17
439.39,-2.2244772449176324e-14,1.5942924683051512e-17
439.4,-2.2242052945390616e-14,1.5933093828858584e-17
439.41,-2.2239588614631088e-14,1.603236665378653e-17
439.42,-2.2237389937659757e-14,1.5894066901315684e-17
439.43,-2.2234961758613807e-14,1.593361356206054e-17
439.44,-2.223251938473936e-14,1.591220563277117e-17
439.45,-2.2230205440749012e-14,1.5992866769035116e-17
439.46,-2.2227503280426252e-14,1.5673886544187818e-17
439.47,-2.222517768060969e-14,1.5979018987535723e-17
439.48,-2.2222680301512968e-14,1.587617168475577e-17
439.49,-2.222017585407082e-14,1.586202535554998e-17
439.5,-2.221784015369711e-14,1.5952984494295917e-17
439.51,-2.2215667073356245e-14,1.627403770295611e-17
439.52,-2.2212879611912355e-14,1.58895582935543e-17
439.53,-2.221063975236565e-14,1.595373171428345e-17
439.54,-2.22082950338317e-14,1.6073986098499758e-17
439.55,-2.220602411115958e-14,1.6124527014778312e-17
439.56,-2.2203252043018375e-14,1.5986701795628382e-17
439.57,-2.220050233574729e-14,1.5797102194001333e-17
439.58,-2.2198948862974008e-14,1.595008950598937e-17
439.59,-2.2196075131961898e-14,1.5966455030948265e-17
439.6,-2.219264658878755e-14,1.591524779985467e-17
439.61,-2.2190813415463674e-14,1.58695043285485e-17
439.62,-2.2188762729618063e-14,1.5936982091311183e-17
439.63,-2.2186068558670156e-14,1.585132058494471e-17
439.64,-2.2183566044013385e-14,1.5779598862808686e-17
439.65,-2.21815305755791e-14,1.5979679938407915e-17
439.66,-2.217862680391225e-14,1.5819770100089573e-17
439.67,-2.2176152326106842e-14,1.5811775887889514e-17
439.68,-2.2174169394402384e-14,1.5903645506696484e-17
439.69,-2.21714539302865e-14,1.5889351396283874e-17
439.7,-2.2169194414773716e-14,1.5858107367606925e-17
439.71,-2.2166725937222696e-14,1.5925806559154152e-17
439.72,-2.2164808940767756e-14,1.598805171194134e-17
439.73,-2.2161818818408187e-14,1.585261030145222e-17
439.74,-2.2159534310580817e-14,1.590700889896868e-17
439.75,-2.2156904344535867e-14,1.5740689053634982e-17
439.76,-2.2155694419816457e-14,1.6087795174933455e-17
439.77,-2.2152204993200012e-14,1.5857902545665262e-17
439.78,-2.2149445279573328e-14,1.5794959947605024e-17
439.79,-2.2147036117211632e-14,1.5799010660747643e-17
439.8,-2.2144810349316115e-14,1.5793357479948505e-17
439.81,-2.214176934998887e-14,1.57823701144431e-17
439.82,-2.21396735220448e-14,1.580209701743098e-17
439.83,-2.2137552809956993e-14,1.5772217087972218e-17
439.84,-2.213529193586194e-14,1.6016601650033687e-17
439.85,-2.2132263422137124e-14,1.5893434250955606e-17
439.86,-2.213044912476587e-14,1.5757942444891154e-17
439.87,-2.2127684537326484e-14,1.5851662725613668e-17
439.88,-2.2124616643686372e-14,1.565852990336494e-17
439.89,-2.2122944909375238e-14,1.5869168293801133e-17
439.9,-2.2120641847951462e-14,1.5912264941570205e-17
439.91,-2.2117988765989944e-14,1.584207683841452e-17
439.92,-2.2115850316482113e-14,1.5934401134317108e-17
439.93,-2.2113122852637084e-14,1.5860134724203264e-17
439.94,-2.2110964707329736e-14,1.590937429665661e-17
439.95,-2.2108549484598364e-14,1.583674289594404e-17
439.96,-2.2105659104309196e-14,1.5714777409747096e-17
439.97,-2.2103666543465944e-14,1.6055410796020406e-17
439.98,-2.2101205089160265e-14,1.571232787198574e-17
439.99,-2.2098295564671687e-14,1.568781769481892e-17
440.0,-2.2096315435253215e-14,1.5721048495066177e-17
440.01,-2.209378409928397e-14,1.5778943846186633e-17
440.02,-2.2091632432909598e-14,1.6734331823573692e-17
440.03,-2.208924142297252e-14,1.5869977273908527e-17
440.04,-2.2086862568717838e-14,1.5823575525275992e-17
440.05,-2.20849407867533e-14,1.5928282839746204e-17
440.06,-2.2081475084904116e-14,1.565680218769563e-17
440.07,-2.2078982057799453e-14,1.5531395394086144e-17
440.08,-2.207696565577174e-14,1.5793515339743794e-17
440.09,-2.2074392162946502e-14,1.579000941909512e-17
440.1,-2.2071126200588137e-14,1.5585838600375666e-17
440.11,-2.2072069153891128e-14,1.731325704848431e-17
440.12,-2.2067225409212793e-14,1.571441424511837e-17
440.13,-2.2064602636651655e-14,1.5827572600569953e-17
440.14,-2.206259815799359e-14,1.5795898838764078e-17
440.15,-2.2060058818602837e-14,1.588058121597456e-17
440.16,-2.2057618498426285e-14,1.5781459296305168e-17
440.17,-2.2055194974844068e-14,1.579376577731683e-17
440.18,-2.2052998129971228e-14,1.569556010081376e-17
440.19,-2.205075922394304e-14,1.591885619361292e-17
440.2,-2.205095138502406e-14,1.7093078091584605e-17
440.21,-2.2045590114568112e-14,1.56888966872572e-17
440.22,-2.2043369087357648e-14,1.5863725728065125e-17
440.23,-2.2040738024415352e-14,1.570776828833634e-17
440.24,-2.2038214904468874e-14,1.5759911701234385e-17
440.25,-2.2035994323597854e-14,1.5733079681953635e-17
440.26,-2.2033623070923022e-14,1.5735308626643902e-17
440.27,-2.203100142777843e-14,1.5675696474156063e-17
440.28,-2.2028809642461e-14,1.5817935454698837e-17
440.29,-2.2026459919861273e-14,1.5668348379045942e-17
440.3,-2.2024077838098323e-14,1.5729334542408383e-17
440.31,-2.2021501779250852e-14,1.583444420419879e-17
440.32,-2.2019009369453803e-14,1.575633975606283e-17
440.33,-2.2016663878423615e-14,1.5748408632593252e-17
440.34,-2.2013951371909248e-14,1.5763745761323623e-17
440.35,-2.2011347792728456e-14,1.5606655510684256e-17
440.36,-2.2010201694221374e-14,1.5861470878890615e-17
440.37,-2.2007421322291158e-14,1.5862402381858218e-17
440.38,-2.2004220391023484e-14,1.5815476887335284e-17
440.39,-2.2002369781448778e-14,1.5797217313925302e-17
440.4,-2.1999984612314384e-14,1.564135315235164e-17
440.41,-2.1997639067276147e-14,1.591538025964807e-17
440.42,-2.1994882806519154e-14,1.574746250727311e-17
440.43,-2.1992607929234627e-14,1.5730480166538806e-17
440.44,-2.1990133643234147e-14,1.568827422817789e-17
440.45,-2.1986908668388618e-14,1.5672267026554912e-17
440.46,-2.1985553595494543e-14,1.601351536470459e-17
440.47,-2.198247819320158e-14,1.5683148212216622e-17
440.48,-2.198051159922763e-14,1.567741677846354e-17
440.49,-2.1978561000895652e-14,1.5972580695806233e-17
440.5,-2.1975714940858034e-14,1.5715773955392746e-17
440.51,-2.1973345572405302e-14,1.5724724013677034e-17
440.52,-2.19712239379615e-14,1.5691189679879e-17
440.53,-2.1969137719168873e-14,1.5988633669197346e-17
440.54,-2.1967047432589695e-14,1.6338212263114998e-17
440.55,-2.1964126729560105e-14,1.5841273402215365e-17
440.56,-2.1961280545478805e-14,1.5642491007690802e-17
440.57,-2.1959040094747765e-14,1.570865525954606e-17
440.58,-2.19566232426266e-14,1.5692270300826338e-17
440.59,-2.19541821533301e-14,1.5766879916261746e-17
440.6,-2.1951664089034566e-14,1.5675872142494367e-17
440.61,-2.1949266950673518e-14,1.5676561432254617e-17
440.62,-2.19466202384227e-14,1.5703387034393455e-17
440.63,-2.1944164627386824e-14,1.5706497428897337e-17
440.64,-2.194236759079214e-14,1.5838743944977105e-17
440.65,-2.1939770165068548e-14,1.5852173520446793e-17
440.66,-2.1937450115050763e-14,1.5803332147157475e-17
440.67,-2.1935116061962545e-14,1.572417237943739e-17
440.68,-2.1932326077943116e-14,1.561751915574338e-17
440.69,-2.193007463332938e-14,1.569581489863093e-17
440.7,-2.192774263551069e-14,1.5606950792946946e-17
440.71,-2.1925208051549775e-14,1.569302564815359e-17
440.72,-2.1923170953360236e-14,1.5722397374767955e-17
440.73,-2.1920352140005853e-14,1.561016175650814e-17
440.74,-2.1918223124435453e-14,1.5715461469649907e-17
440.75,-2.191613448103324e-14,1.5670663969106913e-17
440.76,-2.1913397382391756e-14,1.5675320801603574e-17
440.77,-2.1910859778446766e-14,1.5636640758996478e-17
440.78,-2.1907847590158623e-14,1.547418956528546e-17
440.79,-2.1906215783948562e-14,1.5685174661218663e-17
440.8,-2.1903505702913203e-14,1.5553226424773215e-17
440.81,-2.1901010696821952e-14,1.55959978904847e-17
440.82,-2.1899954179563285e-14,1.5722422620212878e-17
440.83,-2.189634364606894e-14,1.5627232671810546e-17
440.84,-2.1893866857551625e-14,1.556054704929208e-17
440.85,-2.189193482156041e-14,1.5673753544103297e-17
440.86,-2.188918645974797e-14,1.5599279654036644e-17
440.87,-2.1887545277669136e-14,1.5562194574516118e-17
440.88,-2.1884235872836595e-14,1.5745615862390458e-17
440.89,-2.1882458593769822e-14,1.56032471705089e-17
440.9,-2.1879354069795434e-14,1.5277869665898715e-17
440.91,-2.1877020176518587e-14,1.518200633897394e-17
440.92,-2.1874889981919216e-14,1.5556599224351125e-17
440.93,-2.1872049185384007e-14,1.5392642678469513e-17
440.94,-2.187043634793527e-14,1.568114999540041e-17
440.95,-2.1867895717280998e-14,1.5648752243097264e-17
440.96,-2.1865299275608686e-14,1.572982793036229e-17
440.97,-2.1863292246147705e-14,1.5603341030293212e-17
440.98,-2.1860421557092042e-14,1.562137733524318e-17
440.99,-2.1858123159623248e-14,1.5566066104926796e-17
441.0,-2.185617852204938e-14,1.575219437190932e-17
441.01,-2.1853470385689223e-14,1.561083125540726e-17
441.02,-2.18510705447883e-14,1.5635073534540322e-17
441.03,-2.1848660506865618e-14,1.5619299454054625e-17
441.04,-2.1846325626902393e-14,1.5663735020632e-17
441.05,-2.1843895780998825e-14,1.5574385928363067e-17
441.06,-2.184156013787333e-14,1.567417805283825e-17
441.07,-2.1839115114902545e-14,1.524243551119716e-17
441.08,-2.1836873448425384e-14,1.5674349503114293e-17
441.09,-2.183403492023978e-14,1.5600361681004734e-17
441.1,-2.1832206630171857e-14,1.5640731238302848e-17
441.11,-2.1829686269901302e-14,1.5603143306649954e-17
441.12,-2.1827239549047236e-14,1.5631341478887073e-17
441.13,-2.182476848790965e-14,1.5559589027561884e-17
441.14,-2.1822550615992486e-14,1.568638810294338e-17
441.15,-2.182012872144224e-14,1.5670912862953417e-17
441.16,-2.1817787045587227e-14,1.5300857526096027e-17
441.17,-2.181500046572098e-14,1.5464741773811218e-17
441.18,-2.1813271671515266e-14,1.564773967776721e-17
441.19,-2.1810484736818882e-14,1.5531108416824696e-17
441.2,-2.1808312298687476e-14,1.5615985669564857e-17
441.21,-2.1805940151639156e-14,1.565450845072539e-17
441.22,-2.180326268328467e-14,1.5553355237601547e-17
441.23,-2.1801013282338423e-14,1.5527996860247293e-17
441.24,-2.179851063679244e-14,1.55440939553069e-17
441.25,-2.1797013422302667e-14,1.572848846389047e-17
441.26,-2.1793896576750445e-14,1.562753208840617e-17
441.27,-2.179155886487816e-14,1.5634871441964037e-17
441.28,-2.1789038625786586e-14,1.5557787093480955e-17
441.29,-2.1786309440169876e-14,1.548609052384504e-17
441.3,-2.178455793057354e-14,1.5743739456208583e-17
441.31,-2.1781779895013e-14,1.5597990539169097e-17
441.32,-2.17795390412577e-14,1.5626650209018986e-17
441.33,-2.177719247045689e-14,1.5607293859377885e-17
441.34,-2.177509795871531e-14,1.588012835196114e-17
441.35,-2.1772393415019252e-14,1.5572171272424533e-17
441.36,-2.1770355709556975e-14,1.5624922958337063e-17
441.37,-2.1767559486658395e-14,1.5504005272508243e-17
441.38,-2.1765532797574295e-14,1.5545580149786473e-17
441.39,-2.1762352507382778e-14,1.562199929352633e-17
441.4,-2.176043342006755e-14,1.5523045259054138e-17
441.41,-2.175799489402627e-14,1.5416507210774524e-17
441.42,-2.1755675710599702e-14,1.54254357290315e-17
441.43,-2.1753675966327598e-14,1.5968181006206116e-17
441.44,-2.1751569943790654e-14,1.5679379804081094e-17
441.45,-2.174883323357642e-14,1.5615459247495632e-17
441.46,-2.1746247637571822e-14,1.544749818415216e-17
441.47,-2.1743969888053843e-14,1.5535099811162886e-17
441.48,-2.1741106021762006e-14,1.5309916101272737e-17
441.49,-2.1739382493549388e-14,1.5662605526771882e-17
441.5,-2.1736885693239134e-14,1.5527223674689974e-17
441.51,-2.1734480260474267e-14,1.560056145917607e-17
441.52,-2.1732010053032986e-14,1.557005272669342e-17
441.53,-2.1729580828504232e-14,1.5433847021226902e-17
441.54,-2.172739285853892e-14,1.5537710269316014e-17
441.55,-2.1724716595434115e-14,1.5783193959402122e-17
441.56,-2.172271071018295e-14,1.5533994941096944e-17
441.57,-2.172024324695742e-14,1.541799963913937e-17
441.58,-2.171802428939292e-14,1.5501728057071757e-17
441.59,-2.171561367627452e-14,1.5566166805502343e-17
441.6,-2.1713380532656248e-14,1.5489070191462934e-17
441.61,-2.171071312350979e-14,1.557763030124175e-17
441.62,-2.170852483667242e-14,1.5538686996651536e-17
441.63,-2.1705906181556008e-14,1.556229929528415e-17
441.64,-2.1703728703418137e-14,1.5485007085326898e-17
441.65,-2.170124833617937e-14,1.5504064480200168e-17
441.66,-2.1698864760269766e-14,1.5452704524183335e-17
441.67,-2.1696773963929864e-14,1.5605656116925028e-17
441.68,-2.1694231288400045e-14,1.551450321377443e-17
441.69,-2.1692123522732024e-14,1.568083277065672e-17
441.7,-2.168931444958479e-14,1.554235473080479e-17
441.71,-2.1687052361456614e-14,1.5463296508227168e-17
441.72,-2.1684752962400114e-14,1.5598006343474287e-17
441.73,-2.1682146357826143e-14,1.5356912538758193e-17
441.74,-2.1679991871478094e-14,1.5466069152190752e-17
441.75,-2.1677703964128982e-14,1.5552316379946694e-17
441.76,-2.1675599882610987e-14,1.562300911184992e-17
441.77,-2.1672896906326724e-14,1.5472182320315198e-17
441.78,-2.167048793779605e-14,1.5435659148694998e-17
441.79,-2.166811472884871e-14,1.5394713486241488e-17
441.8,-2.1665845464348474e-14,1.5502167238976108e-17
441.81,-2.166351431177365e-14,1.5399918854169927e-17
441.82,-2.1661172209118664e-14,1.552465801699214e-17
441.83,-2.1658592988139994e-14,1.5409579098802968e-17
441.84,-2.1656204611437295e-14,1.552395116559823e-17
441.85,-2.1654522541249645e-14,1.518660697793567e-17
441.86,-2.165156595140974e-14,1.5461478265358694e-17
441.87,-2.164949118133752e-14,1.55631798608055e-17
441.88,-2.1647130252181553e-14,1.5582513875780598e-17
441.89,-2.1644611928610527e-14,1.5376471002566157e-17
441.9,-2.1641655670679462e-14,1.5589271391620553e-17
441.91,-2.1639559468256373e-14,1.5376630558538542e-17
441.92,-2.1637356747666774e-14,1.541518683722198e-17
441.93,-2.1634455973138798e-14,1.5448760917172988e-17
441.94,-2.163245764381091e-14,1.524011141365743e-17
441.95,-2.1630437498785064e-14,1.5542504005974487e-17
441.96,-2.1628163757317804e-14,1.5435184002148923e-17
441.97,-2.1625448878605238e-14,1.539907415323639e-17
441.98,-2.162341899631432e-14,1.5509445301614298e-17
441.99,-2.1620782472967723e-14,1.572510697897481e-17
442.0,-2.1618611832278766e-14,1.5500784961542032e-17
442.01,-2.161647494814071e-14,1.5548723535092864e-17
442.02,-2.1613687175944644e-14,1.5299838570743936e-17
442.03,-2.1611402284977143e-14,1.5372113490955658e-17
442.04,-2.1609250381522654e-14,1.5437197781692794e-17
442.05,-2.160678306709441e-14,1.545440516921374e-17
442.06,-2.160493026121839e-14,1.5495878789827315e-17
442.07,-2.1602212962090598e-14,1.5462783706128272e-17
442.08,-2.1600410949789627e-14,1.5905800570788733e-17
442.09,-2.1597430997701612e-14,1.547638452297855e-17
442.1,-2.159501378438161e-14,1.541592665111368e-17
442.11,-2.1592764086599633e-14,1.5568164464254703e-17
442.12,-2.1590233296391297e-14,1.5354952496985243e-17
442.13,-2.1588060945867886e-14,1.5504097886226408e-17
442.14,-2.1585734445106925e-14,1.547516644757289e-17
442.15,-2.1583374695269557e-14,1.5418179779360912e-17
442.16,-2.158095224652438e-14,1.5425805213644523e-17
442.17,-2.1579281951816898e-14,1.577954639243119e-17
442.18,-2.1576401730470282e-14,1.5481425804335518e-17
442.19,-2.1573970907225364e-14,1.5497662309709938e-17
442.2,-2.157166096296016e-14,1.549192801165035e-17
442.21,-2.1569073346028083e-14,1.542908368720006e-17
442.22,-2.1566944305313613e-14,1.5446926481138475e-17
442.23,-2.1564684683301078e-14,1.549420706409639e-17
442.24,-2.156185298663013e-14,1.5305081416728246e-17
442.25,-2.1559776564244454e-14,1.5393169327470226e-17
442.26,-2.1557811336001127e-14,1.5538121947650815e-17
442.27,-2.1555052717862347e-14,1.552243007303846e-17
442.28,-2.1552858611382648e-14,1.5459045677256518e-17
442.29,-2.1550448065365666e-14,1.542703851370094e-17
442.3,-2.1548053336852575e-14,1.5397089580350787e-17
442.31,-2.154611552726515e-14,1.556104476852715e-17
442.32,-2.154348295093635e-14,1.551392102231328e-17
442.33,-2.154141864784398e-14,1.5523001117111564e-17
442.34,-2.1538580874865297e-14,1.5484222472954657e-17
442.35,-2.1536970366374092e-14,1.550217885997461e-17
442.36,-2.153383033292112e-14,1.5418570747655093e-17
442.37,-2.1532279967604844e-14,1.561827230981649e-17
442.38,-2.1529091130100408e-14,1.5374920188794558e-17
442.39,-2.1526940280263107e-14,1.5377230437293163e-17
442.4,-2.152430909769793e-14,1.5264564359723673e-17
442.41,-2.152264751323056e-14,1.547293788848513e-17
442.42,-2.1518914020254956e-14,1.525293694671455e-17
442.43,-2.1517918542661637e-14,1.5282182386401066e-17
442.44,-2.1515111106484903e-14,1.5532966764987025e-17
442.45,-2.1512771127578982e-14,1.544197676395389e-17
442.46,-2.1510442846902123e-14,1.537701024838722e-17
442.47,-2.1508227958163417e-14,1.5444197357927498e-17
442.48,-2.1505860218150234e-14,1.5392221253336863e-17
442.49,-2.1502450060778887e-14,1.5232261113210816e-17
442.5,-2.1501099624742733e-14,1.5170460590790047e-17
442.51,-2.1498751910113365e-14,1.5339938972093658e-17
442.52,-2.1496417956600904e-14,1.530822786898323e-17
442.53,-2.1493677112632934e-14,1.52825265868641e-17
442.54,-2.14918171185627e-14,1.5462990143940602e-17
442.55,-2.1489423522450295e-14,1.5291577220129944e-17
442.56,-2.1487116806655714e-14,1.534311822501581e-17
442.57,-2.148470154017893e-14,1.5354404243020916e-17
442.58,-2.1482821719856387e-14,1.539456214838142e-17
442.59,-2.1479266434776403e-14,1.5259876383998968e-17
442.6,-2.147786682188896e-14,1.5381134290514845e-17
442.61,-2.147528770513276e-14,1.535427743206071e-17
442.62,-2.1473264603687093e-14,1.539550948461719e-17
442.63,-2.1470921313435892e-14,1.539737134309201e-17
442.64,-2.1468564195070628e-14,1.5425761185974047e-17
442.65,-2.1466175620264344e-14,1.541385471997325e-17
442.66,-2.146366236632284e-14,1.533428997920896e-17
442.67,-2.1461427244749068e-14,1.530392633121692e-17
442.68,-2.1458826727997854e-14,1.5293604911906885e-17
442.69,-2.14567843917533e-14,1.530061591801737e-17
442.7,-2.1454608152264427e-14,1.5302485525930918e-17
442.71,-2.14523734316567e-14,1.561591964451538e-17
442.72,-2.1449798868566226e-14,1.5540417727103173e-17
442.73,-2.144741073076962e-14,1.534453017159419e-17
442.74,-2.144518192126061e-14,1.5417123608693207e-17
442.75,-2.144273767128054e-14,1.5311719084339936e-17
442.76,-2.1440700592991726e-14,1.5383519231891253e-17
442.77,-2.143798758855354e-14,1.5440463863900536e-17
442.78,-2.1436179514197775e-14,1.5442818867040278e-17
442.79,-2.1433916113379654e-14,1.5704966804096116e-17
442.8,-2.143127477799812e-14,1.5340668790467963e-17
442.81,-2.1429288845651057e-14,1.5535498806150456e-17
442.82,-2.1426426493118883e-14,1.5355727991023266e-17
442.83,-2.1424241999657055e-14,1.5448173235253455e-17
442.84,-2.142169103503829e-14,1.557580883347773e-17
442.85,-2.141939712288813e-14,1.522161356712363e-17
442.86,-2.141679912761423e-14,1.538105105671922e-17
442.87,-2.1414832154426478e-14,1.5388568001756884e-17
442.88,-2.141464482687224e-14,1.597252342916019e-17
442.89,-2.141008495726797e-14,1.538308265770779e-17
442.9,-2.1407834670087226e-14,1.5324474626789792e-17
442.91,-2.1405743830863558e-14,1.5439825882773383e-17
442.92,-2.140320466447945e-14,1.5446326340104376e-17
442.93,-2.1400738049434365e-14,1.537902391497549e-17
442.94,-2.1398428235557178e-14,1.5279839590101806e-17
442.95,-2.1396133338997387e-14,1.5372669193012135e-17
442.96,-2.1393321278283782e-14,1.5140364528294946e-17
442.97,-2.139215684841928e-14,1.5486933943561907e-17
442.98,-2.138909495595796e-14,1.5372069108620393e-17
442.99,-2.138680210178477e-14,1.5296216066751193e-17
443.0,-2.138455829090722e-14,1.5412052059711563e-17
443.01,-2.138215310723025e-14,1.537030452203156e-17
443.02,-2.1379913973450365e-14,1.52939232913517e-17
443.03,-2.137728515725297e-14,1.52541350040972e-17
443.04,-2.137465930088754e-14,1.5164227387198292e-17
443.05,-2.1372390754173606e-14,1.5194015212292285e-17
443.06,-2.1370395914818827e-14,1.5126031849732522e-17
443.07,-2.136840768874177e-14,1.5377690800873842e-17
443.08,-2.1365774923080298e-14,1.5052708056996025e-17
443.09,-2.136347544896296e-14,1.5307281205741667e-17
443.1,-2.1361401260551395e-14,1.535077560151061e-17
443.11,-2.1358711043073312e-14,1.5276919616753803e-17
443.12,-2.1356703834213163e-14,1.5352239052156345e-17
443.13,-2.1355625963102636e-14,1.608618461554851e-17
443.14,-2.1352319169262487e-14,1.5442388559391264e-17
443.15,-2.1349802376111348e-14,1.5436480921484854e-17
443.16,-2.1347473995526183e-14,1.5348904135227308e-17
443.17,-2.1345347920511277e-14,1.5343601651812945e-17
443.18,-2.1342531496737346e-14,1.5279524160140973e-17
443.19,-2.134138190589852e-14,1.5556460627698413e-17
443.2,-2.133789401949974e-14,1.5047393906769006e-17
443.21,-2.133561527988647e-14,1.5198788957126076e-17
443.22,-2.133878029034788e-14,1.6944949077884415e-17
443.23,-2.1330965557368857e-14,1.5191211926555062e-17
443.24,-2.1328915070256702e-14,1.53295195861812e-17
443.25,-2.1326433163742915e-14,1.5312450807556405e-17
443.26,-2.132426699970663e-14,1.526375847365184e-17
443.27,-2.1321761679731458e-14,1.509153698258782e-17
443.28,-2.131951973295458e-14,1.5323776959291738e-17
443.29,-2.1317187256700996e-14,1.5349914272143615e-17
443.3,-2.131519235202931e-14,1.5290052952767417e-17
443.31,-2.1313239246566964e-14,1.638947064031991e-17
443.32,-2.1310281857591992e-14,1.525009736800079e-17
443.33,-2.130788423855747e-14,1.524377582654743e-17
443.34,-2.130583786151538e-14,1.5349238818193676e-17
443.35,-2.1303272297526983e-14,1.5258943444994437e-17
443.36,-2.1300488562764268e-14,1.4824545761123423e-17
443.37,-2.1298651232145616e-14,1.5207938209582816e-17
443.38,-2.1296319428258264e-14,1.5241729857290587e-17
443.39,-2.1293849262801716e-14,1.5323253309769055e-17
443.4,-2.1291817674934946e-14,1.5182030891710093e-17
443.41,-2.128893049439382e-14,1.5203410562088708e-17
443.42,-2.1287311270830418e-14,1.5395660352223873e-17
443.43,-2.1284727118494096e-14,1.5274380758232813e-17
443.44,-2.128255126889793e-14,1.5285991136273638e-17
443.45,-2.128075301611952e-14,1.5229980131007872e-17
443.46,-2.1277733092598724e-14,1.5240401277737518e-17
443.47,-2.127537126235986e-14,1.5202887342271243e-17
443.48,-2.12732021604632e-14,1.5245528876393684e-17
443.49,-2.1270943929293234e-14,1.5337023547380777e-17
443.5,-2.1268593269520644e-14,1.520079909602407e-17
443.51,-2.1266589390187548e-14,1.534025768369113e-17
443.52,-2.1263967304100077e-14,1.513856637941146e-17
443.53,-2.126154887963854e-14,1.518467789692403e-17
443.54,-2.125935076340092e-14,1.5310559285729875e-17
443.55,-2.1257583190548284e-14,1.5499321672562355e-17
443.56,-2.125488110922493e-14,1.5170879571546402e-17
443.57,-2.1252511444591562e-14,1.522502901323309e-17
443.58,-2.1250171211819375e-14,1.5310082433264614e-17
443.59,-2.124775212064913e-14,1.5204769773936627e-17
443.6,-2.1245172911031316e-14,1.5293294429348667e-17
443.61,-2.12432987908375e-14,1.5240777273227173e-17
443.62,-2.1240916036668557e-14,1.5211850874131187e-17
443.63,-2.1238871157649688e-14,1.530371511820002e-17
443.64,-2.1236246573706316e-14,1.529939530242721e-17
443.65,-2.123386616354406e-14,1.5145512304665428e-17
443.66,-2.1231527748960508e-14,1.5212830164426633e-17
443.67,-2.1229392111386236e-14,1.5136797295662615e-17
443.68,-2.1226886660217467e-14,1.5145953892734694e-17
443.69,-2.1224765108868962e-14,1.5287545278417587e-17
443.7,-2.1222212010737453e-14,1.5198995070289795e-17
443.71,-2.1220382397498154e-14,1.5276812454407032e-17
443.72,-2.1218030778656685e-14,1.5256697116595327e-17
443.73,-2.1215412429581223e-14,1.5257597483180674e-17
443.74,-2.1213371211922545e-14,1.5082813928197335e-17
443.75,-2.1211083035389445e-14,1.5167401678038865e-17
443.76,-2.1209235136823914e-14,1.5438316077677137e-17
443.77,-2.1206546313487946e-14,1.5226554315100403e-17
443.78,-2.1203618766548595e-14,1.5055116266238637e-17
443.79,-2.1201910305556248e-14,1.5264988124373486e-17
443.8,-2.1199762378181006e-14,1.5284864843842467e-17
443.81,-2.119702535616186e-14,1.513996431343956e-17
443.82,-2.119561879992687e-14,1.536242532785846e-17
443.83,-2.1192234540829046e-14,1.513176302742658e-17
443.84,-2.119030027465089e-14,1.514136254493057e-17
443.85,-2.1188168321727256e-14,1.5230077086078414e-17
443.86,-2.1185833721217757e-14,1.5267954731533058e-17
443.87,-2.1183927505455908e-14,1.5195267090253638e-17
443.88,-2.1180919264731647e-14,1.520787576330376e-17
443.89,-2.1178511318341724e-14,1.522075351225915e-17
443.9,-2.117632164805761e-14,1.5223775775328445e-17
443.91,-2.1174462802353507e-14,1.509229055441892e-17
443.92,-2.117165959062353e-14,1.5065163792113404e-17
443.93,-2.11698266037338e-14,1.5292521425468186e-17
443.94,-2.116777798272603e-14,1.532007959048645e-17
443.95,-2.116491584086526e-14,1.518148364552562e-17
443.96,-2.116299328359192e-14,1.4335032865713293e-17
443.97,-2.116015613840519e-14,1.5076598744841607e-17
443.98,-2.1158041252206443e-14,1.5206871860799327e-17
443.99,-2.11559199162719e-14,1.5142570665169528e-17
444.0,-2.1153589626054363e-14,1.5123470681822308e-17
444.01,-2.1151165985983064e-14,1.521895081289745e-17
444.02,-2.1148800093207843e-14,1.5157512518416488e-17
444.03,-2.114641904183588e-14,1.5170255359351422e-17
444.04,-2.1144623419572746e-14,1.5208849222068888e-17
444.05,-2.114010547557763e-14,1.3485544029585068e-17
444.06,-2.1139611951415066e-14,1.5087203527097198e-17
444.07,-2.1137306256056637e-14,1.5062746440510473e-17
444.08,-2.1135151474980043e-14,1.5106877139660457e-17
444.09,-2.1132733261618567e-14,1.5179426860177667e-17
444.1,-2.1129956143718535e-14,1.5135928192633308e-17
444.11,-2.112830981618511e-14,1.5270647432948093e-17
444.12,-2.1126089728736273e-14,1.5239499440491325e-17
444.13,-2.1123737963351105e-14,1.5114547722350003e-17
444.14,-2.112408775068342e-14,1.4387378844600602e-17
444.15,-2.111885710301526e-14,1.512450308389348e-17
444.16,-2.1116653133236252e-14,1.5074190375841865e-17
444.17,-2.1114220656419305e-14,1.508144227964824e-17
444.18,-2.1112135460332472e-14,1.5049230283092408e-17
444.19,-2.1109671962136816e-14,1.5134922832501368e-17
444.2,-2.1107685941291013e-14,1.5063083124686715e-17
444.21,-2.1105894353033066e-14,1.5137692347410525e-17
444.22,-2.1102967125983976e-14,1.500530186662114e-17
444.23,-2.11002526462585e-14,1.5247604042435047e-17
444.24,-2.1098128166217214e-14,1.501552027042408e-17
444.25,-2.10961946208485e-14,1.5119927088769624e-17
444.26,-2.109394936249648e-14,1.5163195669179912e-17
444.27,-2.1091450177368735e-14,1.5105270654181147e-17
444.28,-2.1089463757147217e-14,1.523452288664259e-17
444.29,-2.1087019521422192e-14,1.513623809435224e-17
444.3,-2.1083915528734598e-14,1.5063188456705158e-17
444.31,-2.108225169721594e-14,1.5016175993742707e-17
444.32,-2.108096973110452e-14,1.5270773244422385e-17
444.33,-2.1077803384259613e-14,1.4988386602818883e-17
444.34,-2.1076048261812646e-14,1.5078029127406348e-17
444.35,-2.1073147375908336e-14,1.4927040251694878e-17
444.36,-2.107105893353944e-14,1.5031568718218805e-17
444.37,-2.106857435428272e-14,1.504567311325056e-17
444.38,-2.106666599844012e-14,1.512610001277611e-17
444.39,-2.1062902437248073e-14,1.429305036669394e-17
444.4,-2.1061755145739493e-14,1.4676385504272927e-17
444.41,-2.1059425627083475e-14,1.4868085222227224e-17
444.42,-2.1057169957171737e-14,1.5006278135288463e-17
444.43,-2.105434891199954e-14,1.480264285302296e-17
444.44,-2.1052614770274303e-14,1.505675647521788e-17
444.45,-2.1050319839599547e-14,1.5020987236676063e-17
444.46,-2.1048394090703067e-14,1.492019087583234e-17
444.47,-2.1045487647538854e-14,1.4933221004130023e-17
444.48,-2.1043300550445705e-14,1.485259638912351e-17
444.49,-2.1041317071502568e-14,1.4967794101321595e-17
444.5,-2.1038998233813145e-14,1.5162830092198727e-17
444.51,-2.103669807157359e-14,1.499177949888313e-17
444.52,-2.1034117353438346e-14,1.500343199646102e-17
444.53,-2.103218130107703e-14,1.5049910254739743e-17
444.54,-2.1029958910573836e-14,1.5077286207630603e-17
444.55,-2.1027069014868994e-14,1.537486497825639e-17
444.56,-2.102538360194603e-14,1.496097074684839e-17
444.57,-2.1023462649772008e-14,1.5020865061371548e-17
444.58,-2.102090928602956e-14,1.5093210836603667e-17
444.59,-2.1018323710680555e-14,1.495248027409397e-17
444.6,-2.1016345450838027e-14,1.5017278182363828e-17
444.61,-2.1013993123419397e-14,1.5019830140574805e-17
444.62,-2.101163044871815e-14,1.5049066730756165e-17
444.63,-2.1009301275002733e-14,1.5008378416441366e-17
444.64,-2.10074891396026e-14,1.545313728052018e-17
444.65,-2.100493633214324e-14,1.5264503407670797e-17
444.66,-2.1002405020059232e-14,1.49755643017664e-17
444.67,-2.1000390439682803e-14,1.5029443856452887e-17
444.68,-2.0998179571855395e-14,1.512031562443726e-17
444.69,-2.0994934355100034e-14,1.504914304345413e-17
444.7,-2.0993310822108427e-14,1.4959685812391238e-17
444.71,-2.0991126121065013e-14,1.501633496571621e-17
444.72,-2.0989002897677152e-14,1.5018380276197032e-17
444.73,-2.098599344064936e-14,1.5211610585710956e-17
444.74,-2.098422900565932e-14,1.5074025381149502e-17
444.75,-2.098230851343104e-14,1.5033267651537426e-17
444.76,-2.0979654172162167e-14,1.4881784936576252e-17
444.77,-2.0977419584672745e-14,1.5006914852576737e-17
444.78,-2.0975772172138903e-14,1.5263060406991338e-17
444.79,-2.0972835695026982e-14,1.4953652998089574e-17
444.8,-2.0970737750743106e-14,1.4948397835962468e-17
444.81,-2.0968632953734196e-14,1.5295197168271853e-17
444.82,-2.0966290829623377e-14,1.5224952534656274e-17
444.83,-2.0963955992134433e-14,1.4971531634663185e-17
444.84,-2.096198428363997e-14,1.5152646143276646e-17
444.85,-2.095937132790326e-14,1.5181368902383618e-17
444.86,-2.0956978431756433e-14,1.4911160446874085e-17
444.87,-2.095520202450244e-14,1.513003148324701e-17
444.88,-2.095256548231964e-14,1.4982278264665354e-17
444.89,-2.0950230303097265e-14,1.497333463774117e-17
444.9,-2.0947944009149073e-14,1.4941899046898802e-17
444.91,-2.094520316849552e-14,1.4995475554612485e-17
444.92,-2.0943287503699687e-14,1.505253801168754e-17
444.93,-2.09411140494642e-14,1.493620247482472e-17
444.94,-2.093873937776765e-14,1.4743110742084376e-17
444.95,-2.0935985072323696e-14,1.4812844645243624e-17
444.96,-2.0934201093832912e-14,1.493508834713898e-17
444.97,-2.0931950633883417e-14,1.488684788250132e-17
444.98,-2.0929713361029956e-14,1.4872484235673542e-17
444.99,-2.0927624191869186e-14,1.4973259174448254e-17
445.0,-2.0925262559817634e-14,1.506808897405739e-17
445.01,-2.0922774341884525e-14,1.4987864775857183e-17
445.02,-2.092060752103958e-14,1.4829791042663484e-17
445.03,-2.0918423190658515e-14,1.4874017660338656e-17
445.04,-2.091602675379018e-14,1.484099588061114e-17
445.05,-2.0913982503922944e-14,1.5040226154094645e-17
445.06,-2.0911582247464424e-14,1.4888036215960288e-17
445.07,-2.090927647547523e-14,1.4895377126146377e-17
445.08,-2.0906858152701645e-14,1.4902791427982818e-17
445.09,-2.0904980705236595e-14,1.477961800355288e-17
445.1,-2.0901856251544145e-14,1.466347105725431e-17
445.11,-2.0899923135680017e-14,1.4821849791105083e-17
445.12,-2.0898044547627237e-14,1.4811770442754697e-17
445.13,-2.0896140103107142e-14,1.489386076725564e-17
445.14,-2.089339317883244e-14,1.4882631737062126e-17
445.15,-2.0891403040021472e-14,1.4913229735801358e-17
445.16,-2.088902775523773e-14,1.4955023098172742e-17
445.17,-2.088682265866105e-14,1.4978149841229613e-17
445.18,-2.0884625589655603e-14,1.4975528750768606e-17
445.19,-2.088192125158679e-14,1.4515118680306192e-17
445.2,-2.0879147436897657e-14,1.475404170641007e-17
445.21,-2.0877714025350304e-14,1.4849137770277913e-17
445.22,-2.0875405982138904e-14,1.487617079707661e-17
445.23,-2.087317988792875e-14,1.4949455013751782e-17
445.24,-2.0870841251713146e-14,1.4757525109926002e-17
445.25,-2.0868413844065472e-14,1.4770729865211413e-17
445.26,-2.0866280759004446e-14,1.4856962164397186e-17
445.27,-2.0864273753820227e-14,1.4864874728656115e-17
445.28,-2.0861875757005047e-14,1.4771252077117372e-17
445.29,-2.0859690856130796e-14,1.4934901822688e-17
445.3,-2.0857072450478533e-14,1.4903776879229506e-17
445.31,-2.0855240425694573e-14,1.4900623262620783e-17
445.32,-2.085289046490756e-14,1.4856734790764686e-17
445.33,-2.0851006697104337e-14,1.521792334782855e-17
445.34,-2.0848060408925727e-14,1.4836272463256782e-17
445.35,-2.0845882831839806e-14,1.4804794337291578e-17
445.36,-2.084390549144597e-14,1.4818158915897376e-17
445.37,-2.0841523478234693e-14,1.4873052625224225e-17
445.38,-2.0839348247831117e-14,1.4807269889399e-17
445.39,-2.0836892905821248e-14,1.4743515236416697e-17
445.4,-2.0834251930045584e-14,1.470417233276342e-17
445.41,-2.0831919523022195e-14,1.4714910287762354e-17
445.42,-2.08304783407636e-14,1.5123087668998924e-17
445.43,-2.0828132629966576e-14,1.4840138043388948e-17
445.44,-2.082568937247233e-14,1.480283566020132e-17
445.45,-2.082345581379594e-14,1.48519044869688e-17
445.46,-2.0820987013676644e-14,1.4851994404497357e-17
445.47,-2.0818665466800742e-14,1.4797169683823424e-17
445.48,-2.0816665918265917e-14,1.477112477312835e-17
445.49,-2.0814606302480225e-14,1.512862513547487e-17
445.5,-2.0812170374037145e-14,1.479713169901424e-17
445.51,-2.080972795860715e-14,1.477354405629837e-17
445.52,-2.080761248834896e-14,1.4783276610683025e-17
445.53,-2.0805432447919943e-14,1.4798415977065072e-17
445.54,-2.080321260382908e-14,1.468328836974636e-17
445.55,-2.0800917345349536e-14,1.4781073318499122e-17
445.56,-2.0798671611410737e-14,1.4815329350901605e-17
445.57,-2.0796775470700185e-14,1.4886494387293226e-17
445.58,-2.0794036840165917e-14,1.4700091840285546e-17
445.59,-2.0791923998570953e-14,1.47984217568899e-17
445.6,-2.0789470226089416e-14,1.4794119595300618e-17
445.61,-2.0787264409365233e-14,1.4608076431805368e-17
445.62,-2.078515351697897e-14,1.477245718254109e-17
445.63,-2.0782531629613835e-14,1.4489784945835347e-17
445.64,-2.078084702669992e-14,1.4869772908696314e-17
445.65,-2.077848501494852e-14,1.4770565294300024e-17
445.66,-2.0776218777184947e-14,1.4719852516076243e-17
445.67,-2.077399928721173e-14,1.482129927684391e-17
445.68,-2.0771482674251366e-14,1.4729433656243895e-17
445.69,-2.0769277342083006e-14,1.4729250265850036e-17
445.7,-2.076681378544691e-14,1.4409325181891176e-17
445.71,-2.0764800224934746e-14,1.4806020447684566e-17
445.72,-2.07626089436152e-14,1.4737598263941133e-17
445.73,-2.0760415182846515e-14,1.484329035534733e-17
445.74,-2.075830091919268e-14,1.4814935910485917e-17
445.75,-2.075598465238285e-14,1.489737069559006e-17
445.76,-2.0753725720404223e-14,1.4703733218263814e-17
445.77,-2.075142498116205e-14,1.469076147721598e-17
445.78,-2.0749181971313157e-14,1.4672941521734756e-17
445.79,-2.0746685141926317e-14,1.4893709582372736e-17
445.8,-2.0744777352947306e-14,1.4745672892629322e-17
445.81,-2.0742325092968636e-14,1.4800955869300946e-17
445.82,-2.0740431412588503e-14,1.4777044711741608e-17
445.83,-2.073802574075627e-14,1.4672245451413092e-17
445.84,-2.0736416550816577e-14,1.4900453608312447e-17
445.85,-2.0734035611691937e-14,1.4721735246060262e-17
445.86,-2.0731193224337454e-14,1.4731171444709076e-17
445.87,-2.072908991818198e-14,1.4812002451977067e-17
445.88,-2.0726661865170256e-14,1.479818356657386e-17
445.89,-2.0724729359022547e-14,1.478155096402328e-17
445.9,-2.072237157793388e-14,1.473338580891147e-17
445.91,-2.0720395693395543e-14,1.4891221464876376e-17
445.92,-2.0717804723162682e-14,1.467295143549757e-17
445.93,-2.0715946346022372e-14,1.4771463116883024e-17
445.94,-2.0713401799253795e-14,1.4710877147048688e-17
445.95,-2.0710455174314258e-14,1.4612595303189127e-17
445.96,-2.0708979431591593e-14,1.4716762071664028e-17
445.97,-2.070663227348499e-14,1.4810953891725815e-17
445.98,-2.070429057513364e-14,1.4672166975970844e-17
445.99,-2.0702170390557376e-14,1.4734951045454386e-17
446.0,-2.0699860019735488e-14,1.4742226231805928e-17
446.01,-2.069791902122401e-14,1.4735463282511987e-17
446.02,-2.0695585723492002e-14,1.4366324534796816e-17
446.03,-2.0693233717457962e-14,1.481578933454072e-17
446.04,-2.069076615715236e-14,1.4705108605669595e-17
446.05,-2.0688546145389698e-14,1.462558149886755e-17
446.06,-2.0686656945120793e-14,1.4692492716362766e-17
446.07,-2.0684196570123375e-14,1.4636449350502483e-17
446.08,-2.0681917605570483e-14,1.4727555363650842e-17
446.09,-2.0679684936128236e-14,1.4735101490728243e-17
446.1,-2.0677566337770212e-14,1.474135269480855e-17
446.11,-2.0675247274587708e-14,1.4362214276938574e-17
446.12,-2.0673179721842445e-14,1.4660790981063087e-17
446.13,-2.067103206743971e-14,1.4725713809274228e-17
446.14,-2.066869178486217e-14,1.4704928271659427e-17
446.15,-2.066657999543037e-14,1.4790588329350585e-17
446.16,-2.0664040869710526e-14,1.4659158367689684e-17
446.17,-2.0661987800619776e-14,1.4757428667434276e-17
446.18,-2.0659536553037102e-14,1.4783987704362774e-17
446.19,-2.0656913927251327e-14,1.4480711126787003e-17
446.2,-2.0654946924007446e-14,1.4519776518213013e-17
446.21,-2.065260944626059e-14,1.4781083663810252e-17
446.22,-2.065054282312372e-14,1.4589629704065536e-17
446.23,-2.064843964245204e-14,1.4647288741539038e-17
446.24,-2.0646272962547508e-14,1.4609555256195347e-17
446.25,-2.0644075538222314e-14,1.4558786695677956e-17
446.26,-2.0641712950810864e-14,1.4717128554923013e-17
446.27,-2.0639271677446504e-14,1.4570062671429964e-17
446.28,-2.0637690632238152e-14,1.4745623719291505e-17
446.29,-2.0634822221271024e-14,1.449228562970802e-17
446.3,-2.063313267037813e-14,1.4937392270650596e-17
446.31,-2.0631708035036968e-14,1.485921507963491e-17
446.32,-2.0628457584457954e-14,1.462500598666323e-17
446.33,-2.0626065009780393e-14,1.4601809919674106e-17
446.34,-2.0623867029042892e-14,1.4762566725410373e-17
446.35,-2.0621531271227968e-14,1.4668613056827913e-17
446.36,-2.0621146894612642e-14,1.537665371206682e-17
446.37,-2.0617277885282878e-14,1.472462232326202e-17
446.38,-2.0615081624170238e-14,1.4575404571345994e-17
446.39,-2.06123847137964e-14,1.486661344025028e-17
446.4,-2.061122743094334e-14,1.4927432920115653e-17
446.41,-2.0608373236109505e-14,1.4605381113388126e-17
446.42,-2.0606155818987097e-14,1.4693014173124995e-17
446.43,-2.0603738589763268e-14,1.4992824775786294e-17
446.44,-2.0601968465792215e-14,1.4782036134918068e-17
446.45,-2.05995747188538e-14,1.458979890786797e-17
446.46,-2.0597007569910612e-14,1.4648454613421514e-17
446.47,-2.059559119355668e-14,1.4751907714198145e-17
446.48,-2.0592715373347814e-14,1.499955270515807e-17
446.49,-2.059030173901836e-14,1.4504162425511317e-17
446.5,-2.0588259644719438e-14,1.4582012387050426e-17
446.51,-2.0585997537593127e-14,1.4557409539950942e-17
446.52,-2.0583839909434037e-14,1.4576774449994057e-17
446.53,-2.0581711495494128e-14,1.4548768225393212e-17
446.54,-2.0579193977729922e-14,1.4560807881054363e-17
446.55,-2.0577347203764558e-14,1.45781770715479e-17
446.56,-2.0574923592117523e-14,1.4544723728758085e-17
446.57,-2.0571735659243676e-14,1.4720290917823383e-17
446.58,-2.05706528245193e-14,1.4657732101816796e-17
446.59,-2.0568136277567133e-14,1.4498958630009083e-17
446.6,-2.0565538041827087e-14,1.4364975728555677e-17
446.61,-2.056370900334853e-14,1.4586769219087006e-17
446.62,-2.0561663148481747e-14,1.4470568485385512e-17
446.63,-2.0559623828038494e-14,1.4655982315307848e-17
446.64,-2.0556798618983223e-14,1.4635260913830002e-17
446.65,-2.0555005031456977e-14,1.4492015412529917e-17
446.66,-2.0552294022070348e-14,1.4688523764116884e-17
446.67,-2.055055507755015e-14,1.4462631111179474e-17
446.68,-2.054822772726039e-14,1.4527628257329547e-17
446.69,-2.0545758879451188e-14,1.4275158757340826e-17
446.7,-2.0543929817653753e-14,1.4436523078051548e-17
446.71,-2.0541678309918636e-14,1.4505989269593267e-17
446.72,-2.0539235179814083e-14,1.4277225824544666e-17
446.73,-2.0537141249359927e-14,1.441739883031433e-17
446.74,-2.0535046319564664e-14,1.4462407505959058e-17
446.75,-2.0532347218482395e-14,1.448666015041403e-17
446.76,-2.053051668080341e-14,1.4505425256742958e-17
446.77,-2.0528198150117433e-14,1.4497328116714623e-17
446.78,-2.052681211682172e-14,1.483582863085322e-17
446.79,-2.0524033136516602e-14,1.4487580969467e-17
446.8,-2.052101944318804e-14,1.4306786654960348e-17
446.81,-2.0519375393503023e-14,1.4489595555234757e-17
446.82,-2.0517039520366748e-14,1.4121437887990148e-17
446.83,-2.0514865906078183e-14,1.445976252078093e-17
446.84,-2.0513005602107285e-14,1.441619425191801e-17
446.85,-2.0510388760039618e-14,1.4454513837276234e-17
446.86,-2.050849653630857e-14,1.4512207908231834e-17
446.87,-2.0506163686815195e-14,1.454796901449706e-17
446.88,-2.0503798105746352e-14,1.4407474516157786e-17
446.89,-2.050188500992263e-14,1.480042299098979e-17
446.9,-2.0499654107958793e-14,1.4640121354719703e-17
446.91,-2.04975388549524e-14,1.4450448813890038e-17
446.92,-2.0495327558219676e-14,1.4492564434539665e-17
446.93,-2.0492820081539512e-14,1.4448583317106127e-17
446.94,-2.0490687751029268e-14,1.4466331118643374e-17
446.95,-2.0487814168297585e-14,1.4272454979299557e-17
446.96,-2.0486376226503968e-14,1.448637439397486e-17
446.97,-2.0484174083260196e-14,1.4529482701348762e-17
446.98,-2.0480706898406407e-14,1.429804577366169e-17
446.99,-2.0480073400431722e-14,1.4648985943200915e-17
447.0,-2.0477523164980586e-14,1.4504966929127726e-17
447.01,-2.0475470811899783e-14,1.4536835619649832e-17
447.02,-2.047339039058255e-14,1.439990667251058e-17
447.03,-2.0470787429249928e-14,1.445975360979528e-17
447.04,-2.046853143779678e-14,1.437092860649634e-17
447.05,-2.046654499948288e-14,1.4459942932069582e-17
447.06,-2.0464141039139676e-14,1.4453235163429284e-17
447.07,-2.0457764212879707e-14,1.2638745086516568e-17
447.08,-2.0459754821936687e-14,1.4595739946139673e-17
447.09,-2.0457820351654868e-14,1.4372152215409893e-17
447.1,-2.0455360815224957e-14,1.4453412943958315e-17
447.11,-2.0453520441749373e-14,1.461242711888339e-17
447.12,-2.0451110754211278e-14,1.456103386518817e-17
447.13,-2.044855660327302e-14,1.431808634454254e-17
447.14,-2.044659434132484e-14,1.4351407678044853e-17
447.15,-2.0444327163198796e-14,1.4317713766157258e-17
447.16,-2.0440288820570638e-14,1.272601854986315e-17
447.17,-2.044000250021209e-14,1.4418077658648254e-17
447.18,-2.0438000251045788e-14,1.450986356586926e-17
447.19,-2.043580409661787e-14,1.4474390112229385e-17
447.2,-2.0433449033042406e-14,1.4453176782630277e-17
447.21,-2.043180870307165e-14,1.4673877292528277e-17
447.22,-2.0429033106142208e-14,1.4455143205604717e-17
447.23,-2.0426532451710666e-14,1.435884043456194e-17
447.24,-2.0424292558038204e-14,1.4394373007161717e-17
447.25,-2.0422118299312397e-14,1.4216886995506986e-17
447.26,-2.0420254638591752e-14,1.4463314284551972e-17
447.27,-2.041799097552496e-14,1.4378693639551572e-17
447.28,-2.0415724806228284e-14,1.4445558195062146e-17
447.29,-2.0413673266930704e-14,1.4359881136105058e-17
447.3,-2.041092485434459e-14,1.4491724493670962e-17
447.31,-2.0409071576412638e-14,1.4353214245411778e-17
447.32,-2.0407083377738108e-14,1.4479435347789335e-17
447.33,-2.0405026828509488e-14,1.446237874361915e-17
447.34,-2.0402385057441093e-14,1.4304190574554277e-17
447.35,-2.040053569237327e-14,1.4514428109000152e-17
447.36,-2.039803248102031e-14,1.4279614130102193e-17
447.37,-2.0395953661723648e-14,1.430761806873446e-17
447.38,-2.039391366096488e-14,1.4519562235384133e-17
447.39,-2.03913320702209e-14,1.4035395382121957e-17
447.4,-2.038939493677727e-14,1.4354687196439688e-17
447.41,-2.0387053613239464e-14,1.432223907265314e-17
447.42,-2.0384677155759637e-14,1.4195004818576947e-17
447.43,-2.0383111140763585e-14,1.4323185471015138e-17
447.44,-2.038041410332431e-14,1.436345905186212e-17
447.45,-2.037835104412639e-14,1.4421617592163307e-17
447.46,-2.0376079207340675e-14,1.4358207329483167e-17
447.47,-2.0374207224643853e-14,1.446391185548414e-17
447.48,-2.0371656407582226e-14,1.4332406536903428e-17
447.49,-2.036968093034335e-14,1.4425149178746632e-17
447.5,-2.0367295386464406e-14,1.4330286317638996e-17
447.51,-2.0365289751893708e-14,1.4433789543845403e-17
447.52,-2.0362875950997927e-14,1.438464046488885e-17
447.53,-2.0360841231244942e-14,1.4464201859639707e-17
447.54,-2.0359160350824422e-14,1.4404775454605237e-17
447.55,-2.035673306168113e-14,1.4406633284067027e-17
447.56,-2.035412459420905e-14,1.4402672461991338e-17
447.57,-2.0352300055658317e-14,1.455961233844778e-17
447.58,-2.0349750366935716e-14,1.4340708481758944e-17
447.59,-2.0347800128736734e-14,1.4344452505439783e-17
447.6,-2.0345651894675454e-14,1.4379551243753472e-17
447.61,-2.0343619630336555e-14,1.4326077302357483e-17
447.62,-2.0340887386863386e-14,1.4255501557700172e-17
447.63,-2.0338885954389107e-14,1.43045909766158e-17
447.64,-2.033642726947327e-14,1.42518228976598e-17
447.65,-2.033440714735306e-14,1.424426631652846e-17
447.66,-2.0332119992336955e-14,1.4230119997328062e-17
447.67,-2.033038489017099e-14,1.4333521139581947e-17
447.68,-2.032792366418893e-14,1.4340171541917238e-17
447.69,-2.0325712422730458e-14,1.42861469438149e-17
447.7,-2.032376487746045e-14,1.4211633932405622e-17
447.71,-2.0321108110150947e-14,1.4348869860347845e-17
447.72,-2.0319625000433627e-14,1.4454533614379954e-17
447.73,-2.0316879345109606e-14,1.4293485594888993e-17
447.74,-2.0314649723136132e-14,1.434107289706156e-17
447.75,-2.0312633845118694e-14,1.428845768889687e-17
447.76,-2.0310141430914932e-14,1.4080421837610024e-17
447.77,-2.030846001479096e-14,1.4385529858851376e-17
447.78,-2.0305981067422056e-14,1.4243125418628847e-17
447.79,-2.0303768536452517e-14,1.4381780429099724e-17
447.8,-2.030183223955003e-14,1.4401752760119278e-17
447.81,-2.0298823054629252e-14,1.3837593627830744e-17
447.82,-2.0297460016293088e-14,1.4225276224235142e-17
447.83,-2.0295202075244316e-14,1.4244821673662244e-17
447.84,-2.029304850258029e-14,1.43179627310947e-17
447.85,-2.029063314563252e-14,1.4342486911596306e-17
447.86,-2.028865725813996e-14,1.4296146640299684e-17
447.87,-2.0286440602544232e-14,1.4296219434259566e-17
447.88,-2.028404832477639e-14,1.4064576452387925e-17
447.89,-2.0281953897609327e-14,1.4063418839692528e-17
447.9,-2.0279225174008665e-14,1.4535137196474512e-17
447.91,-2.0277554339791793e-14,1.438029428359391e-17
447.92,-2.0276117546285326e-14,1.4133380416580184e-17
447.93,-2.0273269925232912e-14,1.4344039591899952e-17
447.94,-2.0271309897045835e-14,1.4140033137006618e-17
447.95,-2.0269003943563586e-14,1.4274441865273613e-17
447.96,-2.026666438031591e-14,1.417514421565377e-17
447.97,-2.0264681126401695e-14,1.4285159371688596e-17
447.98,-2.0262149129026422e-14,1.410483617524159e-17
447.99,-2.0260441778554617e-14,1.495243445361538e-17
448.0,-2.0258030227952003e-14,1.4176213833567158e-17
448.01,-2.0256026797292373e-14,1.4307627451158346e-17
448.02,-2.0253721961480507e-14,1.4256999607515036e-17
448.03,-2.02515199595484e-14,1.4243999754477717e-17
448.04,-2.0249350112370954e-14,1.4268020767018888e-17
448.05,-2.0247201825998064e-14,1.419403823618144e-17
448.06,-2.0244800965193378e-14,1.4226641571494222e-17
448.07,-2.0242856987130136e-14,1.4241396238486236e-17
448.08,-2.0236888569709078e-14,1.4193994860704483e-17
448.09,-2.023844516753568e-14,1.4257379212581188e-17
448.1,-2.0236279208858446e-14,1.4247028607018618e-17
448.11,-2.023398780567939e-14,1.431523129986379e-17
448.12,-2.023167828896192e-14,1.428290496907049e-17
448.13,-2.0229666739521262e-14,1.433709672987547e-17
448.14,-2.0227605511505288e-14,1.422724372594873e-17
448.15,-2.0226149911530204e-14,1.4338014042565447e-17
448.16,-2.022327564655038e-14,1.4281434075993557e-17
448.17,-2.0220892218306125e-14,1.415651361548403e-17
448.18,-2.0218717542942144e-14,1.4225133912291075e-17
448.19,-2.0216703182280415e-14,1.419210264587297e-17
448.2,-2.0214501842789725e-14,1.4221726928109515e-17
448.21,-2.021241237046033e-14,1.41636996332632e-17
448.22,-2.021009335367296e-14,1.4153445315372093e-17
448.23,-2.020801638318511e-14,1.4219569146500372e-17
448.24,-2.0206327513321013e-14,1.433403637404409e-17
448.25,-2.0203549496708317e-14,1.4023514101797038e-17
448.26,-2.0201044681367938e-14,1.398325515199149e-17
448.27,-2.0199391732419896e-14,1.420409728306662e-17
448.28,-2.0196613653850128e-14,1.4248880988544938e-17
448.29,-2.0194882699207168e-14,1.4135856425973474e-17
448.3,-2.0192777250760535e-14,1.4198128381360408e-17
448.31,-2.019038226274498e-14,1.438695894966746e-17
448.32,-2.0188698715881144e-14,1.4277542203437856e-17
448.33,-2.0186559761507596e-14,1.4315464436272457e-17
448.34,-2.0184542505081885e-14,1.4445209343935338e-17
448.35,-2.018229195436085e-14,1.4331952299781722e-17
448.36,-2.0179942827532662e-14,1.424750379121656e-17
448.37,-2.0177825146614898e-14,1.4298470653583494e-17
448.38,-2.0175411703896056e-14,1.4226887312062723e-17
448.39,-2.017351140220821e-14,1.4218633713520455e-17
448.4,-2.0171051471318388e-14,1.417231630572742e-17
448.41,-2.0168949155289046e-14,1.4240518328474684e-17
448.42,-2.016733463934063e-14,1.4336769059898388e-17
448.43,-2.01648096712715e-14,1.4262747608089433e-17
448.44,-2.0162502769988033e-14,1.4166248164891015e-17
448.45,-2.0160343261953918e-14,1.4229998025093493e-17
448.46,-2.01581685387689e-14,1.413413211707402e-17
448.47,-2.01560162616931e-14,1.418690766933312e-17
448.48,-2.0153732741084508e-14,1.4139783527017664e-17
448.49,-2.0151507808600317e-14,1.4200237692444632e-17
448.5,-2.0149376497711047e-14,1.4092124039765923e-17
448.51,-2.014742612124072e-14,1.4092467970412522e-17
448.52,-2.0145231787714474e-14,1.4171523530535815e-17
448.53,-2.0142693088232863e-14,1.4098393239562467e-17
448.54,-2.0141022190472014e-14,1.4265065404931578e-17
448.55,-2.0138737317855987e-14,1.411405436543565e-17
448.56,-2.013654574021783e-14,1.4199819311090197e-17
448.57,-2.013463587512332e-14,1.4315860421612042e-17
448.58,-2.0132144321571323e-14,1.426115242225126e-17
448.59,-2.013028341385827e-14,1.4219463924672883e-17
448.6,-2.0128330718563774e-14,1.4265278184384612e-17
448.61,-2.0125274180683274e-14,1.410866745751829e-17
448.62,-2.0123435647750473e-14,1.4257090584035254e-17
448.63,-2.012079704988345e-14,1.3877163908671067e-17
448.64,-2.0119284060894805e-14,1.4182453767890853e-17
448.65,-2.011735951174293e-14,1.4209898541284815e-17
448.66,-2.0114829911159804e-14,1.404109574070998e-17
448.67,-2.0112726203555387e-14,1.420497289065336e-17
448.68,-2.011058980564301e-14,1.4167208649790532e-17
448.69,-2.0109328414540496e-14,1.438120914575296e-17
448.7,-2.0106288091092497e-14,1.4434508150520695e-17
448.71,-2.0104133101688385e-14,1.4131267359069402e-17
448.72,-2.0102273228882437e-14,1.411775289216749e-17
448.73,-2.009984918984827e-14,1.4096761982841114e-17
448.74,-2.0097495422267963e-14,1.4104251601444152e-17
448.75,-2.0095459096933273e-14,1.396534909123321e-17
448.76,-2.0093344717760885e-14,1.4247290346273362e-17
448.77,-2.0091410757830895e-14,1.4088513276079387e-17
448.78,-2.0089021906298135e-14,1.3960335003147014e-17
448.79,-2.0089796389359315e-14,1.4553588508065807e-17
448.8,-2.008475010876496e-14,1.4057039810421314e-17
448.81,-2.0082589325783353e-14,1.4128497352579585e-17
448.82,-2.008027087791042e-14,1.410028043418898e-17
448.83,-2.0078284475338934e-14,1.415391975522159e-17
448.84,-2.007596047528015e-14,1.417755789093371e-17
448.85,-2.007365457177009e-14,1.406987613797897e-17
448.86,-2.0071938650564322e-14,1.422440221961738e-17
448.87,-2.0069981331519496e-14,1.4093836751660073e-17
448.88,-2.0067488141297204e-14,1.411992314233708e-17
448.89,-2.00655675550222e-14,1.431253226924896e-17
448.9,-2.006303414183791e-14,1.4072819573442574e-17
448.91,-2.0061029675340018e-14,1.412532218830786e-17
448.92,-2.0059071253125514e-14,1.4100719836738534e-17
448.93,-2.0056821749674034e-14,1.4125928249077702e-17
448.94,-2.0054581405556234e-14,1.4152966369936984e-17
448.95,-2.0052817120436153e-14,1.435374613516396e-17
448.96,-2.005051136285051e-14,1.4300284999088823e-17
448.97,-2.0048214778336475e-14,1.4113275890646797e-17
448.98,-2.004607381877354e-14,1.410513006622831e-17
448.99,-2.0043642038143292e-14,1.4078022389469676e-17
449.0,-2.004161483304385e-14,1.416433746062329e-17
449.01,-2.0039563863456402e-14,1.4037379578620548e-17
449.02,-2.0037390074691716e-14,1.4087453673365048e-17
449.03,-2.0035168396660046e-14,1.4134587260012746e-17
449.04,-2.0033133970724064e-14,1.453103267697138e-17
449.05,-2.0029758282308005e-14,1.3902000926157405e-17
449.06,-2.0029017844463266e-14,1.419584881018091e-17
449.07,-2.0026478633286204e-14,1.406888381013228e-17
449.08,-2.0024080740242726e-14,1.4012507578600612e-17
449.09,-2.002218848803318e-14,1.4088888899855593e-17
449.1,-2.002018642773785e-14,1.4244206208351336e-17
449.11,-2.001799480721843e-14,1.412825695646975e-17
449.12,-2.001578467193468e-14,1.4050475626121208e-17
449.13,-2.0013543912617108e-14,1.4149161332327822e-17
449.14,-2.0011758456136e-14,1.416895093172953e-17
449.15,-2.0009507848109873e-14,1.4158586270172218e-17
449.16,-2.0006966925030407e-14,1.413204631299801e-17
449.17,-2.0005082232043148e-14,1.4125374952001295e-17
449.18,-2.0002292802144393e-14,1.4185724689811604e-17
449.19,-2.0000909294815518e-14,1.4124997826692343e-17
449.2,-1.999891441320942e-14,1.428352197995103e-17
449.21,-1.9996270562333794e-14,1.4015606522065994e-17
449.22,-1.99944990873644e-14,1.413380145976361e-17
449.23,-1.999209102801927e-14,1.4248404924399177e-17
449.24,-1.9989984932623915e-14,1.4081460814276372e-17
449.25,-1.9987945321697827e-14,1.4076081834907407e-17
449.26,-1.9986004565595054e-14,1.412908743342329e-17
449.27,-1.9983693978622754e-14,1.3897833651787896e-17
449.28,-1.9981226719401258e-14,1.408518473449343e-17
449.29,-1.997918814378657e-14,1.4014006436745762e-17
449.3,-1.9976972616405378e-14,1.3994029745482077e-17
449.31,-1.997501020528457e-14,1.400201337355812e-17
449.32,-1.9973341077597152e-14,1.4190988421819516e-17
449.33,-1.9970593064157492e-14,1.394199781475842e-17
449.34,-1.996821318969606e-14,1.3720075151467977e-17
449.35,-1.9966327988459483e-14,1.401828525490181e-17
449.36,-1.996485057623396e-14,1.427583921609273e-17
449.37,-1.9961766574841684e-14,1.393866486941804e-17
449.38,-1.9960216412492136e-14,1.413291162240428e-17
449.39,-1.995815969480077e-14,1.4221735952445714e-17
449.4,-1.9955860192968105e-14,1.4020833506905272e-17
449.41,-1.995355939145725e-14,1.4101829102857382e-17
449.42,-1.9951393472067238e-14,1.404023082914966e-17
449.43,-1.994960772025173e-14,1.4085567682940016e-17
449.44,-1.9947442119166912e-14,1.411293207802432e-17
449.45,-1.9945471387667517e-14,1.4121534853395205e-17
449.46,-1.9942937148522922e-14,1.4136418895360553e-17
449.47,-1.9941068706637916e-14,1.4072982416449248e-17
449.48,-1.9938684142774662e-14,1.404527498810978e-17
449.49,-1.993654172073266e-14,1.404212881393226e-17
449.5,-1.993448561652751e-14,1.406749693127148e-17
449.51,-1.99323333711372e-14,1.3986307991141132e-17
449.52,-1.9930332037693125e-14,1.3965676478097218e-17
449.53,-1.9927987423263754e-14,1.4060618109542838e-17
449.54,-1.992584216608145e-14,1.4003078681254325e-17
449.55,-1.9923910509802952e-14,1.4158400297860846e-17
449.56,-1.9921587576042723e-14,1.403822018576931e-17
449.57,-1.9919779871185594e-14,1.4344422472415202e-17
449.58,-1.9917470551118432e-14,1.4145746121608353e-17
449.59,-1.9915292863428838e-14,1.402689036205543e-17
449.6,-1.9913096987485708e-14,1.401773788470315e-17
449.61,-1.9911081516326936e-14,1.4166260952307482e-17
449.62,-1.9908892478373275e-14,1.403977767708629e-17
449.63,-1.9906722279477106e-14,1.4053247217412323e-17
449.64,-1.9905151866392316e-14,1.4567988150473028e-17
449.65,-1.990234819837174e-14,1.4075299497050197e-17
449.66,-1.9900571858489442e-14,1.4112682036980733e-17
449.67,-1.989846142311416e-14,1.4118093502801505e-17
449.68,-1.989622005841276e-14,1.4058488314065894e-17
449.69,-1.9893881480864026e-14,1.3995274762641405e-17
449.7,-1.9891673779010408e-14,1.4082831019416146e-17
449.71,-1.988971484228499e-14,1.3936281040746444e-17
449.72,-1.988758086690898e-14,1.404910693284869e-17
449.73,-1.9885493460505917e-14,1.3996663627835644e-17
449.74,-1.988299443886837e-14,1.3972216326126495e-17
449.75,-1.988112356227122e-14,1.4006737248362906e-17
449.76,-1.9879195709181744e-14,1.397042998097155e-17
449.77,-1.9876247127050258e-14,1.3919222070564558e-17
449.78,-1.9874173105221213e-14,1.3701460553604853e-17
449.79,-1.9872610383534935e-14,1.397748679860843e-17
449.8,-1.987027204336358e-14,1.391520504768028e-17
449.81,-1.9867918670390103e-14,1.3923849019459253e-17
449.82,-1.9866270573737117e-14,1.3997497162226074e-17
449.83,-1.9864032369633986e-14,1.4155159469523623e-17
449.84,-1.9861849378807335e-14,1.3942562239146267e-17
449.85,-1.9859734800507118e-14,1.4023465420039885e-17
449.86,-1.9858039211825403e-14,1.4157612605276286e-17
449.87,-1.9854905196740006e-14,1.3723495731922887e-17
449.88,-1.9853521530932055e-14,1.4052763659491905e-17
449.89,-1.9851446825225046e-14,1.4065387255056305e-17
449.9,-1.9849133765122008e-14,1.4063355290450753e-17
449.91,-1.984684684640033e-14,1.397613652420779e-17
449.92,-1.9845078261546614e-14,1.4102595811503742e-17
449.93,-1.9842719649998373e-14,1.400704570298632e-17
449.94,-1.9841205011397722e-14,1.4158278556474347e-17
449.95,-1.983822474668968e-14,1.4025725749535735e-17
449.96,-1.983566112714373e-14,1.4101783166921846e-17
449.97,-1.9834265419800688e-14,1.397711454500341e-17
449.98,-1.9832123173065246e-14,1.3981313244858317e-17
449.99,-1.9830146072965098e-14,1.4040128427525967e-17
450.0,-1.982811135063467e-14,1.4034532522851668e-17
450.01,-1.982583311442396e-14,1.4113812754789818e-17
450.02,-1.982337037420145e-14,1.3922043908798287e-17
450.03,-1.9821774636773436e-14,1.395371595810248e-17
450.04,-1.981987968195082e-14,1.4119663485191065e-17
450.05,-1.9816966323526033e-14,1.407881882334319e-17
450.06,-1.98150247629596e-14,1.4003027894053503e-17
450.07,-1.9813160940124235e-14,1.406280960714787e-17
450.08,-1.9810918895666038e-14,1.3988329908721276e-17
450.09,-1.9808907521147525e-14,1.3908084053325363e-17
450.1,-1.9806748774748008e-14,1.400096717092589e-17
450.11,-1.9805008115559173e-14,1.4209317976028847e-17
450.12,-1.9802391024777493e-14,1.393046322656805e-17
450.13,-1.980012284183845e-14,1.4023878162039918e-17
450.14,-1.9798062902304635e-14,1.3937517137178034e-17
450.15,-1.9795959218071762e-14,1.3839511450144363e-17
450.16,-1.979408339704413e-14,1.41999911146487e-17
450.17,-1.9792044342251906e-14,1.4025550525779088e-17
450.18,-1.9789936970770153e-14,1.3949245662563542e-17
450.19,-1.9787363801642883e-14,1.3934841621470415e-17
450.2,-1.9785776052441214e-14,1.4087708765024757e-17
450.21,-1.9781925029521487e-14,1.3259559345348576e-17
450.22,-1.9781119013336384e-14,1.398890476560539e-17
450.23,-1.9779222510089963e-14,1.4054420681806873e-17
450.24,-1.977719477031664e-14,1.4194335822053785e-17
450.25,-1.977541431538495e-14,1.402030403082205e-17
450.26,-1.977271314742005e-14,1.3951858255419528e-17
450.27,-1.9770682741723946e-14,1.3918906515536337e-17
450.28,-1.9767482719731474e-14,1.3434950813678917e-17
450.29,-1.9766474250751784e-14,1.3992665387966817e-17
450.3,-1.9763975312821444e-14,1.3634483028407856e-17
450.31,-1.976117018799486e-14,1.3621293951899474e-17
450.32,-1.976004510475391e-14,1.4001503091007598e-17
450.33,-1.975793652073829e-14,1.3884143400169185e-17
450.34,-1.975590048207912e-14,1.4029726058216654e-17
450.35,-1.9753670625468017e-14,1.3925731475348216e-17
450.36,-1.9751570080353942e-14,1.386229247007565e-17
450.37,-1.9749954730395615e-14,1.4095338630116844e-17
450.38,-1.9747068533766754e-14,1.3959936168245706e-17
450.39,-1.974548487932459e-14,1.3881722074977825e-17
450.4,-1.9743109699751223e-14,1.3914781846228668e-17
450.41,-1.974086015059933e-14,1.3946787460791714e-17
450.42,-1.9739158544980814e-14,1.3979967659563223e-17
450.43,-1.9736340312398308e-14,1.3840490499257223e-17
450.44,-1.9734632788140168e-14,1.3951232441111294e-17
450.45,-1.9732454534532883e-14,1.397963471911471e-17
450.46,-1.9730753739926095e-14,1.4087309763717995e-17
450.47,-1.972812184100335e-14,1.3886146809915043e-17
450.48,-1.9726383063122942e-14,1.402181297624456e-17
450.49,-1.972423031673795e-14,1.4008186877877285e-17
450.5,-1.9721555682711193e-14,1.3832440662875062e-17
450.51,-1.971985155703007e-14,1.3883913310138815e-17
450.52,-1.9717682072515137e-14,1.3888436641623147e-17
450.53,-1.9715740337820668e-14,1.3940291792883482e-17
450.54,-1.9713693412730385e-14,1.3920457444633234e-17
450.55,-1.9711652500018653e-14,1.3987757278892414e-17
450.56,-1.9709282586172053e-14,1.3792826160312334e-17
450.57,-1.9707547968784466e-14,1.4151479815789933e-17
450.58,-1.9705357379606284e-14,1.3831665364073816e-17
450.59,-1.9703141760949018e-14,1.3940196225073585e-17
450.6,-1.9701261411663035e-14,1.410774013838398e-17
450.61,-1.969883634725427e-14,1.386550747844786e-17
450.62,-1.969666286401921e-14,1.3963726226731143e-17
450.63,-1.9693966870722536e-14,1.3940600671419523e-17
450.64,-1.969259325212272e-14,1.3929283234906464e-17
450.65,-1.9690212836525174e-14,1.3981163732982133e-17
450.66,-1.9687536949079096e-14,1.367824460116415e-17
450.67,-1.9685775468732926e-14,1.3950901784524956e-17
450.68,-1.9683939596618833e-14,1.3858121292287101e-17
450.69,-1.9682042757105173e-14,1.3811617468127639e-17
450.7,-1.9680025888733024e-14,1.3965888048411904e-17
450.71,-1.96777664242688e-14,1.3895313188441804e-17
450.72,-1.9675226691460936e-14,1.3619919268359793e-17
450.73,-1.9673335375248617e-14,1.3872905373549243e-17
450.74,-1.9671250022252238e-14,1.3741376040450016e-17
450.75,-1.966966048039504e-14,1.4011812209182926e-17
450.76,-1.9666358058238744e-14,1.381611787304809e-17
450.77,-1.966508579151515e-14,1.387277385320941e-17
450.78,-1.966301620230055e-14,1.3957854609286007e-17
450.79,-1.9660141340227686e-14,1.3920769565969198e-17
450.8,-1.9658838622144363e-14,1.3947073651840063e-17
450.81,-1.965675521058013e-14,1.401701574243859e-17
450.82,-1.9654788112781285e-14,1.396246592449376e-17
450.83,-1.9653512615659052e-14,1.41651498067549e-17
450.84,-1.9650080919204457e-14,1.371700332787856e-17
450.85,-1.964780153619413e-14,1.3772634324176333e-17
450.86,-1.964582761392252e-14,1.3832096911338131e-17
450.87,-1.9644293024594344e-14,1.3911515505987152e-17
450.88,-1.964175367148403e-14,1.3860341057294304e-17
450.89,-1.9639861315885682e-14,1.394451628439868e-17
450.9,-1.9637817805685122e-14,1.392828119340478e-17
450.91,-1.9635928800160817e-14,1.3890538790624593e-17
450.92,-1.9629031795389605e-14,1.4342565992101417e-17
450.93,-1.9631478934683086e-14,1.400559020609994e-17
450.94,-1.962938441303393e-14,1.3878391722350244e-17
450.95,-1.9627064350377887e-14,1.3858845029095045e-17
450.96,-1.9625523463360575e-14,1.395655657197927e-17
450.97,-1.9623191554323933e-14,1.3898488074932274e-17
450.98,-1.9621246724157608e-14,1.398217810059909e-17
450.99,-1.9619015416401305e-14,1.3966198069142327e-17
451.0,-1.9616709916875238e-14,1.38407360368216e-17
451.01,-1.9615323888121445e-14,1.5029207880882835e-17
451.02,-1.9612814358791057e-14,1.3904318161578618e-17
451.03,-1.961007594259544e-14,1.3853676083949926e-17
451.04,-1.9608288546738825e-14,1.3848855395927343e-17
451.05,-1.9606339555712898e-14,1.3893112295182074e-17
451.06,-1.9604128882356064e-14,1.373340003121602e-17
451.07,-1.9602119469187263e-14,1.39339562791647e-17
451.08,-1.9599930865256543e-14,1.3830937245431153e-17
451.09,-1.9597620015840727e-14,1.3873614286580326e-17
451.1,-1.9595597946874406e-14,1.4135392179511142e-17
451.11,-1.9593740081492923e-14,1.3880908749107783e-17
451.12,-1.9591654566012982e-14,1.3737785985520512e-17
451.13,-1.9589407121606393e-14,1.3812641608905333e-17
451.14,-1.9587358692394205e-14,1.381414657297207e-17
451.15,-1.9585428447713843e-14,1.3816078853075875e-17
451.16,-1.9582845404500536e-14,1.3750586365814225e-17
451.17,-1.9581108160959232e-14,1.3800598685694078e-17
451.18,-1.9579109721695527e-14,1.3786472025507458e-17
451.19,-1.9578148570053334e-14,1.3933134452135095e-17
451.2,-1.957460515196177e-14,1.3776342691276173e-17
451.21,-1.9572643229399618e-14,1.3839899986865199e-17
451.22,-1.9570456364622964e-14,1.3822902855266502e-17
451.23,-1.9568656366530977e-14,1.3873736696221635e-17
451.24,-1.9566820611015764e-14,1.4039820941977347e-17
451.25,-1.9564268986750515e-14,1.3761638873261695e-17
451.26,-1.9562536682974815e-14,1.377493110963127e-17
451.27,-1.9560060655944655e-14,1.3697992969402203e-17
451.28,-1.9557944119955908e-14,1.391852628302684e-17
451.29,-1.9556148133955202e-14,1.3865382219903078e-17
451.3,-1.9553659984561654e-14,1.3814355848365988e-17
451.31,-1.9552014660196123e-14,1.3838250202660817e-17
451.32,-1.9549589184347243e-14,1.386127906376614e-17
451.33,-1.9547604007844816e-14,1.3847621244096183e-17
451.34,-1.9545347331086617e-14,1.3831367297679395e-17
451.35,-1.9543775513196996e-14,1.3871953413242973e-17
451.36,-1.9540925192668464e-14,1.3799498207468243e-17
451.37,-1.953906640185341e-14,1.373116783056084e-17
451.38,-1.9537126576470353e-14,1.383382647115901e-17
451.39,-1.9534699611145752e-14,1.3626355728049503e-17
451.4,-1.9532975745415086e-14,1.3787904059225036e-17
451.41,-1.953086341618304e-14,1.37899369108875e-17
451.42,-1.952873764444786e-14,1.3895483522063536e-17
451.43,-1.9526532270492777e-14,1.3674168765537599e-17
451.44,-1.9524531809337264e-14,1.3701876940331908e-17
451.45,-1.9522413583100933e-14,1.3763429855388832e-17
451.46,-1.9520250839160605e-14,1.3708698802948631e-17
451.47,-1.9518267544190938e-14,1.3792367232505285e-17
451.48,-1.951610239185344e-14,1.373558968736831e-17
451.49,-1.9514100889700172e-14,1.3680885726104398e-17
451.5,-1.951215532926957e-14,1.380167399930802e-17
451.51,-1.950999695973417e-14,1.3778657414291017e-17
451.52,-1.9507829971002972e-14,1.3731682280389679e-17
451.53,-1.9505612490720517e-14,1.3862222891532519e-17
451.54,-1.9503527352165735e-14,1.3736714790441522e-17
451.55,-1.9501376873903387e-14,1.384169745274909e-17
451.56,-1.9499347586957456e-14,1.3769708639988042e-17
451.57,-1.9497519165599316e-14,1.3724165758079787e-17
451.58,-1.9495297613052107e-14,1.3858532430659905e-17
451.59,-1.9493307898893104e-14,1.3837042651083531e-17
451.6,-1.9491151007892268e-14,1.3782749127288445e-17
451.61,-1.9488622039462388e-14,1.3641920552098867e-17
451.62,-1.9486993117589635e-14,1.37639535217627e-17
451.63,-1.9484993426584353e-14,1.3824726642339426e-17
451.64,-1.94829646660684e-14,1.376713347104691e-17
451.65,-1.9480638268760024e-14,1.3702200558882569e-17
451.66,-1.947853338592974e-14,1.3645417666226069e-17
451.67,-1.947658425080933e-14,1.3642389305956992e-17
451.68,-1.947474482459205e-14,1.381196193406266e-17
451.69,-1.9472394381315586e-14,1.3765297306416519e-17
451.7,-1.947049801139469e-14,1.4140758629563234e-17
451.71,-1.9468118094430812e-14,1.3827229713123221e-17
451.72,-1.9466189982985806e-14,1.3777502216054477e-17
451.73,-1.9464262266386185e-14,1.3813148608140675e-17
451.74,-1.9462146053231916e-14,1.3698947232001632e-17
451.75,-1.9459769409430643e-14,1.436554004406907e-17
451.76,-1.9458006203749032e-14,1.3787884877705385e-17
451.77,-1.9455833102455827e-14,1.3735078253506647e-17
451.78,-1.9453559490415673e-14,1.3749941797980112e-17
451.79,-1.945157635592932e-14,1.366344584015012e-17
451.8,-1.9449318370390126e-14,1.3698449525668254e-17
451.81,-1.9447484840502028e-14,1.3745474073300094e-17
451.82,-1.9445633313736273e-14,1.3810675595098728e-17
451.83,-1.9443445192449426e-14,1.3807570461719135e-17
451.84,-1.9442417904489114e-14,1.4372508667211067e-17
451.85,-1.9439080623912282e-14,1.3747408524047175e-17
451.86,-1.9436927453075424e-14,1.3681858181269554e-17
451.87,-1.9434865241139292e-14,1.3616894820560688e-17
451.88,-1.9432942155751387e-14,1.3732436471304358e-17
451.89,-1.943017327349523e-14,1.378086046325176e-17
451.9,-1.9428449828968358e-14,1.359266457567511e-17
451.91,-1.9426018993625874e-14,1.354853653453627e-17
451.92,-1.942525694702837e-14,1.3798682479777728e-17
451.93,-1.9424830428301444e-14,1.4251584370715008e-17
451.94,-1.9420440359219287e-14,1.3643540982855365e-17
451.95,-1.941819331497078e-14,1.3620789617586894e-17
451.96,-1.941660626547033e-14,1.3655877879729467e-17
451.97,-1.9414230926886025e-14,1.373657616153459e-17
451.98,-1.9411895113015898e-14,1.3850294033203067e-17
451.99,-1.9410175576298857e-14,1.3585335102046035e-17
452.0,-1.9408041323157916e-14,1.3750623755960887e-17
452.01,-1.9406080584898632e-14,1.3631779394128261e-17
452.02,-1.9404394822990754e-14,1.403597146516017e-17
452.03,-1.9401903614690574e-14,1.3582059855689914e-17
452.04,-1.9400069226801216e-14,1.3701564252638145e-17
452.05,-1.9397666135445185e-14,1.3681605956549352e-17
452.06,-1.939559213310928e-14,1.3571630910021177e-17
452.07,-1.9394538783244642e-14,1.4033185186481473e-17
452.08,-1.9391669630650016e-14,1.3732407878200374e-17
452.09,-1.9389237703411822e-14,1.3425169400599667e-17
452.1,-1.9387621255502952e-14,1.3681721226027589e-17
452.11,-1.9385296439930537e-14,1.3564406736946225e-17
452.12,-1.9383090029752906e-14,1.3681618801365169e-17
452.13,-1.9380318237329732e-14,1.350229075533835e-17
452.14,-1.9379185661483175e-14,1.3661107628426396e-17
452.15,-1.9377175119909788e-14,1.3665475567234255e-17
452.16,-1.9374487863231133e-14,1.3940862694182287e-17
452.17,-1.937265765898549e-14,1.3725439270198112e-17
452.18,-1.9373641611663133e-14,1.4037004382245687e-17
452.19,-1.9369113492003294e-14,1.387862071310409e-17
452.2,-1.9366458955992385e-14,1.379128281872481e-17
452.21,-1.9364595703051988e-14,1.3590129974579699e-17
452.22,-1.936281159764755e-14,1.3834492183544181e-17
452.23,-1.936040825205085e-14,1.3615424186834022e-17
452.24,-1.935843774730521e-14,1.3582601360622974e-17
452.25,-1.9357636243267145e-14,1.3588589731503828e-17
452.26,-1.9354187051063737e-14,1.3623262581918387e-17
452.27,-1.9352152025770857e-14,1.35989942687576e-17
452.28,-1.9350136704713228e-14,1.3585239987638335e-17
452.29,-1.9347882127566347e-14,1.355460728730636e-17
452.3,-1.9345738519248046e-14,1.345832517673802e-17
452.31,-1.9343909759681356e-14,1.361794134787444e-17
452.32,-1.9341711012415434e-14,1.36198681492367e-17
452.33,-1.9339824633138775e-14,1.3628597518082185e-17
452.34,-1.9338042685088353e-14,1.3027751858258836e-17
452.35,-1.933618745601166e-14,1.3776041639062399e-17
452.36,-1.9333463361991444e-14,1.3697188148904523e-17
452.37,-1.9331683918447608e-14,1.3619122199933842e-17
452.38,-1.9329415009148564e-14,1.357833933888564e-17
452.39,-1.9327330439804832e-14,1.3538728986453835e-17
452.4,-1.932519824628847e-14,1.345710731421022e-17
452.41,-1.9323181345849273e-14,1.3618387866363488e-17
452.42,-1.9321138743892006e-14,1.361178641461441e-17
452.43,-1.9319312400913192e-14,1.3650120997527342e-17
452.44,-1.9316748616298953e-14,1.349177780177267e-17
452.45,-1.931549063543853e-14,1.3611951241321523e-17
452.46,-1.9313029193893048e-14,1.3683605486046553e-17
452.47,-1.931063613508377e-14,1.3629933858132577e-17
452.48,-1.9309098713801178e-14,1.3422784936322438e-17
452.49,-1.9306769986828118e-14,1.359285847054481e-17
452.5,-1.9304586950565872e-14,1.3548280905876687e-17
452.51,-1.9302406699071286e-14,1.3468018131101071e-17
452.52,-1.9300924725175727e-14,1.3203583476120167e-17
452.53,-1.929846130089819e-14,1.3534719941025885e-17
452.54,-1.929649156847238e-14,1.3601808994343084e-17
452.55,-1.9294097821127433e-14,1.3453728139750012e-17
452.56,-1.9292746758104102e-14,1.3764163941194105e-17
452.57,-1.928920874318889e-14,1.326140233339242e-17
452.58,-1.9288142571878663e-14,1.3547171008891597e-17
452.59,-1.9285916617163672e-14,1.3394319483226213e-17
452.6,-1.9282407150866628e-14,1.3126813106816204e-17
452.61,-1.9283252568493702e-14,1.3867015326700241e-17
452.62,-1.927975327718944e-14,1.3463632516979877e-17
452.63,-1.9277663778364983e-14,1.3336047786164117e-17
452.64,-1.9275019060236278e-14,1.283342402158286e-17
452.65,-1.927350114492414e-14,1.3420771637827242e-17
452.66,-1.9271385490874154e-14,1.3448495173793236e-17
452.67,-1.926964838032675e-14,1.3557897038846626e-17
452.68,-1.9267542227559815e-14,1.3464181797681645e-17
452.69,-1.9265761751943145e-14,1.3689899638004993e-17
452.7,-1.9263552594660865e-14,1.3271989781834474e-17
452.71,-1.9261220032707028e-14,1.337368949205495e-17
452.72,-1.925890092326644e-14,1.353682225274659e-17
452.73,-1.9257930945058298e-14,1.3353047908848162e-17
452.74,-1.925506085264385e-14,1.3542173618289228e-17
452.75,-1.925315672654296e-14,1.3470709042604292e-17
452.76,-1.925110697236988e-14,1.3415145858108219e-17
452.77,-1.9248876365189616e-14,1.3473919457712075e-17
452.78,-1.9247094001048676e-14,1.3451611981621182e-17
452.79,-1.9245120997746497e-14,1.3345440764156241e-17
452.8,-1.9242448079867597e-14,1.3313115370183513e-17
452.81,-1.9241052763293e-14,1.3591394931430356e-17
452.82,-1.9239229208327508e-14,1.3528822325888392e-17
452.83,-1.9236711764930214e-14,1.3413446179124659e-17
452.84,-1.9234837295222807e-14,1.3469087836429981e-17
452.85,-1.9232227711661983e-14,1.3193561595576846e-17
452.86,-1.9230685457903763e-14,1.339965367899107e-17
452.87,-1.922865022266434e-14,1.3517706881897705e-17
452.88,-1.9226187801829188e-14,1.333593010380682e-17
452.89,-1.9224749989838672e-14,1.3175127766168509e-17
452.9,-1.922196500447737e-14,1.3359796394559321e-17
452.91,-1.922040243661661e-14,1.3468204213998344e-17
452.92,-1.921822941895952e-14,1.3287720192474075e-17
452.93,-1.9216239553558504e-14,1.345454266547709e-17
452.94,-1.9214457022373872e-14,1.3509634504949123e-17
452.95,-1.9211680464971116e-14,1.3331744237314188e-17
452.96,-1.9209859683800733e-14,1.3475574171941287e-17
452.97,-1.9208057511767902e-14,1.3218075999231522e-17
452.98,-1.920634439366778e-14,1.3535016060318532e-17
452.99,-1.920396393965927e-14,1.3411667356444044e-17
453.0,-1.9202119205514062e-14,1.3436067818441206e-17
453.01,-1.91997410930804e-14,1.3412221452898545e-17
453.02,-1.9197721019038072e-14,1.3417606746459211e-17
453.03,-1.919650861899885e-14,1.352174075465055e-17
453.04,-1.9193441159263933e-14,1.3283220171444683e-17
453.05,-1.9191296196868394e-14,1.3302470663521008e-17
453.06,-1.9189439696585956e-14,1.338816484749492e-17
453.07,-1.918777307530095e-14,1.3544376133475519e-17
453.08,-1.9185386903364645e-14,1.347803071637273e-17
453.09,-1.9183208572792733e-14,1.3291839943605406e-17
453.1,-1.9181518202114174e-14,1.343785118909869e-17
453.11,-1.917875065083043e-14,1.3260836077754697e-17
453.12,-1.9177575181104842e-14,1.370030589170994e-17
453.13,-1.9175387139981715e-14,1.3386020473241546e-17
453.14,-1.9173222404148638e-14,1.3353251398887958e-17
453.15,-1.9171394446123306e-14,1.3503063682203649e-17
453.16,-1.9169578638345862e-14,1.3701057365700153e-17
453.17,-1.9166811023593187e-14,1.3235500897241536e-17
453.18,-1.9165128520718187e-14,1.3348984761176589e-17
453.19,-1.9163306879716614e-14,1.3431383812289607e-17
453.2,-1.916093640817478e-14,1.3252721338802873e-17
453.21,-1.915855416148507e-14,1.3139233678973821e-17
453.22,-1.915685397802021e-14,1.3348878156762024e-17
453.23,-1.9154961813813868e-14,1.3326748192864788e-17
453.24,-1.9152952939600474e-14,1.3479404955199105e-17
453.25,-1.9150895227798586e-14,1.3440843096173325e-17
453.26,-1.914841837837372e-14,1.3203155088716352e-17
453.27,-1.9146851699878056e-14,1.3324650733725872e-17
453.28,-1.9144476305473142e-14,1.3384172536478588e-17
453.29,-1.9142588762628474e-14,1.3367301280336026e-17
453.3,-1.9140427369093146e-14,1.3228960297754723e-17
453.31,-1.913854926687004e-14,1.326021730592532e-17
453.32,-1.913655105968217e-14,1.3259090834746521e-17
453.33,-1.913474456995603e-14,1.3483719179735546e-17
453.34,-1.9132462402673482e-14,1.3377329323673686e-17
453.35,-1.9130195674266596e-14,1.333151623393447e-17
453.36,-1.9128447152609706e-14,1.3348818783257073e-17
453.37,-1.9126172865915505e-14,1.3392570918954781e-17
453.38,-1.9124407918890357e-14,1.3308316433617952e-17
453.39,-1.9122110161732364e-14,1.3221199724207636e-17
453.4,-1.9120144392742408e-14,1.328042820233143e-17
453.41,-1.911816802031803e-14,1.33024284744728e-17
453.42,-1.911636210315724e-14,1.3475703544018323e-17
453.43,-1.911431575725535e-14,1.3356880441272157e-17
453.44,-1.9112025181253577e-14,1.325180663419582e-17
453.45,-1.9109923145387297e-14,1.3317214866651169e-17
453.46,-1.9108119603371028e-14,1.333676728664338e-17
453.47,-1.9106091081868594e-14,1.3276699251640682e-17
453.48,-1.9103952342071192e-14,1.3335195113237722e-17
453.49,-1.9101946871067837e-14,1.332325388515106e-17
453.5,-1.9099720807915997e-14,1.3309121809283189e-17
453.51,-1.9097440459273903e-14,1.3127664930798325e-17
453.52,-1.9095580193864305e-14,1.3161305538174767e-17
453.53,-1.9094100924766813e-14,1.3293751638406854e-17
453.54,-1.9091792024003346e-14,1.3231171080422038e-17
453.55,-1.9089253974435608e-14,1.3238512730480471e-17
453.56,-1.908758924305261e-14,1.3128396209828085e-17
453.57,-1.908579720857739e-14,1.3322370478098632e-17
453.58,-1.908360223198359e-14,1.2860713023411986e-17
453.59,-1.908150802217733e-14,1.3252394972653321e-17
453.6,-1.907968201329856e-14,1.3320221323243047e-17
453.61,-1.9077521634504735e-14,1.3251912700688963e-17
453.62,-1.9075383835533224e-14,1.3135312837190421e-17
453.63,-1.9073543446340224e-14,1.3398690520019125e-17
453.64,-1.9071998852430022e-14,1.3382853789986955e-17
453.65,-1.9069462613316748e-14,1.325857971671293e-17
453.66,-1.906750268331139e-14,1.3352975031158955e-17
453.67,-1.906470063547539e-14,1.2996346355207402e-17
453.68,-1.9063417117097042e-14,1.3284744056759251e-17
453.69,-1.906129195669074e-14,1.3104661319877322e-17
453.7,-1.9059361398739606e-14,1.3255081539710392e-17
453.71,-1.9057158644746747e-14,1.3357747199880342e-17
453.72,-1.9055267341364237e-14,1.3413321971145945e-17
453.73,-1.9053167678828342e-14,1.3097300573740014e-17
453.74,-1.9051111007833055e-14,1.3187718957957228e-17
453.75,-1.9048638843213523e-14,1.3173762124013688e-17
453.76,-1.9047076018221845e-14,1.3201834823906612e-17
453.77,-1.9045507148478645e-14,1.3201132460720525e-17
453.78,-1.9043151378675282e-14,1.3243383791434608e-17
453.79,-1.9041079064450016e-14,1.3162139906962159e-17
453.8,-1.9038980597496487e-14,1.3101115829486521e-17
453.81,-1.9037373821146243e-14,1.3559514089097419e-17
453.82,-1.903522251937648e-14,1.3250955078384512e-17
453.83,-1.9033077483706987e-14,1.3224127113393567e-17
453.84,-1.9030754573158672e-14,1.3166174070661244e-17
453.85,-1.902862817152883e-14,1.3055553296726783e-17
453.86,-1.9026995338607396e-14,1.3183151517969388e-17
453.87,-1.9024636859040002e-14,1.3094090605188637e-17
453.88,-1.9022820613105678e-14,1.3120816549945604e-17
453.89,-1.9020803965439162e-14,1.3101370782650554e-17
453.9,-1.9019607040442982e-14,1.3372255394067203e-17
453.91,-1.9016987145584224e-14,1.3082825580600524e-17
453.92,-1.9014921042597422e-14,1.3234283460074511e-17
453.93,-1.9012820368937765e-14,1.3193709124015892e-17
453.94,-1.9010742878171684e-14,1.3227085890281378e-17
453.95,-1.9008790726061247e-14,1.3155894368566233e-17
453.96,-1.900671276882573e-14,1.3133338984686461e-17
453.97,-1.9003988586690663e-14,1.3010386508782294e-17
453.98,-1.9003197147094494e-14,1.3155660968067897e-17
453.99,-1.9000851522030344e-14,1.3103409685468255e-17
454.0,-1.8998870822855632e-14,1.3425557221671738e-17
454.01,-1.899660138588764e-14,1.3139319354414011e-17
454.02,-1.899410770151543e-14,1.304692382328616e-17
454.03,-1.8992736013499476e-14,1.3201271488263303e-17
454.04,-1.8990872639722126e-14,1.3233996441211697e-17
454.05,-1.8988346837451273e-14,1.3119493757194807e-17
454.06,-1.8986616565003524e-14,1.3261546318343204e-17
454.07,-1.8984887337318383e-14,1.3132586581379723e-17
454.08,-1.8982862716238377e-14,1.3164714035540086e-17
454.09,-1.8980185807181966e-14,1.3055955354943834e-17
454.1,-1.897879103729667e-14,1.3230144038080914e-17
454.11,-1.8976685248335775e-14,1.3124483875457621e-17
454.12,-1.897432600256277e-14,1.3079793067666266e-17
454.13,-1.8972747336485686e-14,1.315863682310517e-17
454.14,-1.897006356193723e-14,1.31290738360011e-17
454.15,-1.8968636898285006e-14,1.3458823221938199e-17
454.16,-1.8965768430985688e-14,1.2955303858472117e-17
454.17,-1.89646735818216e-14,1.318732913422713e-17
454.18,-1.896207954976133e-14,1.32543575169589e-17
454.19,-1.8960410445570848e-14,1.323703403846445e-17
454.2,-1.89583721756281e-14,1.307282719376878e-17
454.21,-1.895632224015496e-14,1.3116564120218768e-17
454.22,-1.8954636751079746e-14,1.3514240151839498e-17
454.23,-1.8952060112828758e-14,1.293508341428987e-17
454.24,-1.8950829429982558e-14,1.3310558482474304e-17
454.25,-1.8947360889968472e-14,1.2959670633495007e-17
454.26,-1.89466200510865e-14,1.3298888547079468e-17
454.27,-1.894378666647974e-14,1.2594643159448581e-17
454.28,-1.894172326148688e-14,1.297742221371303e-17
454.29,-1.894024544164765e-14,1.302387364543173e-17
454.3,-1.893835015354993e-14,1.312013736451137e-17
454.31,-1.8936054294743763e-14,1.2906487579362004e-17
454.32,-1.8934407547542892e-14,1.3291417167119615e-17
454.33,-1.8932010997972516e-14,1.301221507510802e-17
454.34,-1.8929857410559094e-14,1.3067409657308589e-17
454.35,-1.8928224014503967e-14,1.308601809606357e-17
454.36,-1.892529314449828e-14,1.285292832568203e-17
454.37,-1.892425196195757e-14,1.3063722972944529e-17
454.38,-1.892246659202283e-14,1.3086179093338877e-17
454.39,-1.892024611033736e-14,1.3007776966385754e-17
454.4,-1.8918186489722756e-14,1.3096417510030481e-17
454.41,-1.891639048904677e-14,1.3216988614903079e-17
454.42,-1.8914073185498847e-14,1.3010366068294811e-17
454.43,-1.891171381740138e-14,1.2902129218346457e-17
454.44,-1.8910108234679024e-14,1.3055667189147239e-17
454.45,-1.8908618753327885e-14,1.2286606489658519e-17
454.46,-1.890616203135762e-14,1.3040682945296102e-17
454.47,-1.890421209854003e-14,1.3036795153623487e-17
454.48,-1.890250402386689e-14,1.292537465140883e-17
454.49,-1.8900090679043957e-14,1.2956152779574312e-17
454.5,-1.889839122408479e-14,1.3061886436008268e-17
454.51,-1.8896689763164765e-14,1.3096931781868677e-17
454.52,-1.8894764171212057e-14,1.3169644903983015e-17
454.53,-1.889235384961495e-14,1.3111077403851293e-17
454.54,-1.8889543058055523e-14,1.2734223404772816e-17
454.55,-1.8888134107183933e-14,1.3043331201183931e-17
454.56,-1.8886304556919086e-14,1.3054070411661977e-17
454.57,-1.8884907191248813e-14,1.3269515564459394e-17
454.58,-1.8882288848572058e-14,1.3098787990193804e-17
454.59,-1.8879836201526934e-14,1.3219648551031854e-17
454.6,-1.8878229762181955e-14,1.3092027466154014e-17
454.61,-1.8876596859120885e-14,1.3169510145582652e-17
454.62,-1.8874219910586466e-14,1.303258196767367e-17
454.63,-1.8872671434529743e-14,1.27677769757784e-17
454.64,-1.8869962770861778e-14,1.2981896079333505e-17
454.65,-1.8868659474718303e-14,1.3057509840430683e-17
454.66,-1.8866351413980616e-14,1.3119157776160588e-17
454.67,-1.886416742246161e-14,1.2992987892433437e-17
454.68,-1.8861257338897187e-14,1.2747634989265664e-17
454.69,-1.8860206130018794e-14,1.3002904977694888e-17
454.7,-1.8858530975930857e-14,1.3205370213723416e-17
454.71,-1.885638388471984e-14,1.3094824377535538e-17
454.72,-1.8853892618942907e-14,1.259791052524269e-17
454.73,-1.885234136816531e-14,1.3128315182221201e-17
454.74,-1.8850073574298015e-14,1.3048111819721429e-17
454.75,-1.8848404954407695e-14,1.300442453034597e-17
454.76,-1.8846161354109074e-14,1.2914860301498663e-17
454.77,-1.8847662142568002e-14,1.3178928190930321e-17
454.78,-1.8842310261749828e-14,1.3116831599178035e-17
454.79,-1.8840475331326558e-14,1.3056676839189365e-17
454.8,-1.8838334909377513e-14,1.3007835043271004e-17
454.81,-1.8836639012100045e-14,1.3097742883843065e-17
454.82,-1.8834215777822133e-14,1.2927426207162644e-17
454.83,-1.883225050209006e-14,1.298245394472669e-17
454.84,-1.883031234882061e-14,1.2976495961337726e-17
454.85,-1.8828050872825945e-14,1.2949718677799836e-17
454.86,-1.882921077080323e-14,1.3458859698697966e-17
454.87,-1.8824149127893945e-14,1.3030040692192474e-17
454.88,-1.8822431664294997e-14,1.2922587514372895e-17
454.89,-1.882026811520558e-14,1.3020300111772682e-17
454.9,-1.881808917878195e-14,1.3055576153121275e-17
454.91,-1.881616731106437e-14,1.3010783003870226e-17
454.92,-1.881427090985714e-14,1.286995757537616e-17
454.93,-1.8812182961523122e-14,1.28964541702384e-17
454.94,-1.8810739202962675e-14,1.3035381037718328e-17
454.95,-1.880942311896723e-14,1.3539006012037304e-17
454.96,-1.880640759239245e-14,1.2913345666497322e-17
454.97,-1.8804565087822273e-14,1.3148264491625658e-17
454.98,-1.8802470067517718e-14,1.3022876629795992e-17
454.99,-1.8800529194246353e-14,1.3133468137434793e-17
455.0,-1.879849631419754e-14,1.2988155168056972e-17
455.01,-1.879690493005781e-14,1.313707296032161e-17
455.02,-1.8794076551844926e-14,1.2866977650251092e-17
455.03,-1.8792314349567133e-14,1.2848413779918484e-17
455.04,-1.8790619000530326e-14,1.338570672319905e-17
455.05,-1.878829357210401e-14,1.2881320733762045e-17
455.06,-1.8786470544760185e-14,1.3004599627126307e-17
455.07,-1.8784626182416887e-14,1.301738238542489e-17
455.08,-1.8782259766493468e-14,1.2879134554351525e-17
455.09,-1.8780353813423165e-14,1.2643797683707607e-17
455.1,-1.877841689642774e-14,1.2951258900535798e-17
455.11,-1.8776573585634204e-14,1.30098746029558e-17
455.12,-1.8774601955356575e-14,1.3079212505899023e-17
455.13,-1.877221182176196e-14,1.2787209907736425e-17
455.14,-1.8770615714002298e-14,1.3003197476220796e-17
455.15,-1.8768539749257415e-14,1.2824234297318991e-17
455.16,-1.87666533779361e-14,1.3040286342123615e-17
455.17,-1.8764379246589813e-14,1.3001551322920194e-17
455.18,-1.8762817274071415e-14,1.2945174188270331e-17
455.19,-1.8760396679262552e-14,1.2859841913511858e-17
455.2,-1.87587222813073e-14,1.290216024190476e-17
455.21,-1.8756693038027008e-14,1.3035899280906906e-17
455.22,-1.8755104731660912e-14,1.3006188872790095e-17
455.23,-1.8752558702480948e-14,1.2890693375928342e-17
455.24,-1.8750784433264368e-14,1.3002052161730898e-17
455.25,-1.8748776457395546e-14,1.2917161672911464e-17
455.26,-1.8746944870290574e-14,1.2813169838168516e-17
455.27,-1.8745202899458155e-14,1.3019359953878452e-17
455.28,-1.8742778544304182e-14,1.2960136143796222e-17
455.29,-1.8740863311038234e-14,1.2915102181631808e-17
455.3,-1.87386953896703e-14,1.2879693177192312e-17
455.31,-1.8737011616169606e-14,1.3088995056433266e-17
455.32,-1.8734765742811995e-14,1.286991921128366e-17
455.33,-1.8733332216514925e-14,1.307819319351245e-17
455.34,-1.873111818364343e-14,1.3028410557391425e-17
455.35,-1.8728790146732126e-14,1.2839816687675587e-17
455.36,-1.872723241271095e-14,1.3055139322615491e-17
455.37,-1.872499924332748e-14,1.2958724485794387e-17
455.38,-1.8723214641254374e-14,1.3003462542202264e-17
455.39,-1.8721148872652887e-14,1.2966048845483743e-17
455.4,-1.8719283443181035e-14,1.294102477721019e-17
455.41,-1.8717286069332452e-14,1.2970422240389368e-17
455.42,-1.8715145804801125e-14,1.2890184188408638e-17
455.43,-1.8713482073035164e-14,1.29146294448052e-17
455.44,-1.8711320804778656e-14,1.287863856736562e-17
455.45,-1.8709419404711873e-14,1.3014442045576636e-17
455.46,-1.870745053222429e-14,1.3097900170500586e-17
455.47,-1.8705289913510006e-14,1.2974787317655363e-17
455.48,-1.8703410838792235e-14,1.282686214273551e-17
455.49,-1.8701488403121916e-14,1.2819035709886144e-17
455.5,-1.869920371202382e-14,1.2894416914360738e-17
455.51,-1.8697329693494523e-14,1.29262035164412e-17
455.52,-1.8695786602821998e-14,1.2937099928728417e-17
455.53,-1.869331962461735e-14,1.2988141615359732e-17
455.54,-1.869144942063381e-14,1.2951770055431358e-17
455.55,-1.8689985906224115e-14,1.2975557860209624e-17
455.56,-1.8687408438952655e-14,1.2962461409860318e-17
455.57,-1.8685633392723882e-14,1.2865736000432478e-17
455.58,-1.868372570629648e-14,1.2964738410444193e-17
455.59,-1.8681497806801446e-14,1.2944391621868926e-17
455.6,-1.8679006570037754e-14,1.2874941946068369e-17
455.61,-1.8677385606206227e-14,1.2981303182235496e-17
455.62,-1.8675494098009416e-14,1.2932799982345896e-17
455.63,-1.8673848013169912e-14,1.2823162330245085e-17
455.64,-1.8671956184950925e-14,1.2786295049526871e-17
455.65,-1.8669812294089987e-14,1.2947001314346334e-17
455.66,-1.8667955895246548e-14,1.2934923007332642e-17
455.67,-1.8665108172309892e-14,1.2796061539301949e-17
455.68,-1.866365290865958e-14,1.2793900998311254e-17
455.69,-1.866240360768414e-14,1.2281242446232116e-17
455.7,-1.8660119029087978e-14,1.2802061829236641e-17
455.71,-1.8658198231180253e-14,1.297529761682668e-17
455.72,-1.865617935414658e-14,1.2805269273796454e-17
455.73,-1.8653738697396573e-14,1.2906537099202314e-17
455.74,-1.8652074346029914e-14,1.2998048380191882e-17
455.75,-1.8650234003288525e-14,1.2934609251431725e-17
455.76,-1.8648168871854298e-14,1.2927554959892804e-17
455.77,-1.8646110883613722e-14,1.294468934702685e-17
455.78,-1.8641870706040473e-14,1.1533841103612923e-17
455.79,-1.864217687430418e-14,1.2917328173151893e-17
455.8,-1.8640124288842774e-14,1.2949071161732411e-17
455.81,-1.8638308226668186e-14,1.2930125047345914e-17
455.82,-1.863600269315944e-14,1.2850347370794351e-17
455.83,-1.8634564716897082e-14,1.2974180590210509e-17
455.84,-1.8632144192325075e-14,1.2877948226973477e-17
455.85,-1.863054409424501e-14,1.3082789128854232e-17
455.86,-1.8628381597100163e-14,1.2953322848427304e-17
455.87,-1.8621419494025272e-14,1.1414189213507817e-17
455.88,-1.8624475527220412e-14,1.2918793166207657e-17
455.89,-1.8622506129113165e-14,1.2751160646206595e-17
455.9,-1.8620536505724264e-14,1.2799152140904122e-17
455.91,-1.8618569202129798e-14,1.2858495668650845e-17
455.92,-1.8616225144966417e-14,1.2888064773788295e-17
455.93,-1.861453139311127e-14,1.2850861792186814e-17
455.94,-1.8612370589653362e-14,1.2867679363350058e-17
455.95,-1.8610761371423164e-14,1.2966688810311338e-17
455.96,-1.8609517812730215e-14,1.2704773281113714e-17
455.97,-1.8606896571264684e-14,1.2845587838881964e-17
455.98,-1.860455409758031e-14,1.2920978110347323e-17
455.99,-1.8602997070227532e-14,1.2881122791185033e-17
456.0,-1.860096899739685e-14,1.2941127718466752e-17
456.01,-1.8598914059151527e-14,1.2905927182670689e-17
456.02,-1.8596947252128574e-14,1.2973213423816117e-17
456.03,-1.8594830289563134e-14,1.2640870408267177e-17
456.04,-1.8592682271452685e-14,1.2838686625614569e-17
456.05,-1.8591390449125245e-14,1.312288190596426e-17
456.06,-1.8589093901675918e-14,1.2910357556172411e-17
456.07,-1.858746590525392e-14,1.2811070669720428e-17
456.08,-1.858512150438166e-14,1.2952649675706544e-17
456.09,-1.8583253886603068e-14,1.2864476016261213e-17
456.1,-1.8581083463567707e-14,1.281217622015297e-17
456.11,-1.857947822392705e-14,1.2868113605224184e-17
456.12,-1.857628439985574e-14,1.2240010966615929e-17
456.13,-1.8575008067820083e-14,1.2745537976057815e-17
456.14,-1.8573974759533778e-14,1.2914853589526839e-17
456.15,-1.857139021268225e-14,1.2899792617754006e-17
456.16,-1.8569336416920943e-14,1.2618508753773201e-17
456.17,-1.8567513768671376e-14,1.2934427760745682e-17
456.18,-1.8565552551885833e-14,1.2915175940585335e-17
456.19,-1.8563478271046173e-14,1.283689175428658e-17
456.2,-1.856216062652989e-14,1.294725602632778e-17
456.21,-1.8559740579902713e-14,1.2848432323133675e-17
456.22,-1.8557413962530502e-14,1.2909404079786085e-17
456.23,-1.8555664448090778e-14,1.2804542785769248e-17
456.24,-1.8553833952911007e-14,1.2975720364876095e-17
456.25,-1.855177677956241e-14,1.2873554785213522e-17
456.26,-1.8550090314444043e-14,1.287488850951238e-17
456.27,-1.8547989063213705e-14,1.2849627512523618e-17
456.28,-1.8546089117617733e-14,1.287501008370353e-17
456.29,-1.854424015051434e-14,1.2906778510596048e-17
456.3,-1.8541842825870812e-14,1.2822034052303289e-17
456.31,-1.8539956641908867e-14,1.2842002842665054e-17
456.32,-1.853803836647952e-14,1.2958715814214046e-17
456.33,-1.8535964074968326e-14,1.2855695481227799e-17
456.34,-1.8534111313413026e-14,1.2856625698700116e-17
456.35,-1.8532172087566698e-14,1.2934891070222885e-17
456.36,-1.853041800761803e-14,1.2910094444105597e-17
456.37,-1.852845200514279e-14,1.2889887324570078e-17
456.38,-1.8526460131687688e-14,1.3075800425517567e-17
456.39,-1.8524553485378056e-14,1.2931520321881807e-17
456.4,-1.8522623250346716e-14,1.281555581345728e-17
456.41,-1.852077874387207e-14,1.3114715295411521e-17
456.42,-1.8518502626478818e-14,1.3060259290120346e-17
456.43,-1.8516289882166103e-14,1.2813447991201587e-17
456.44,-1.8514942506571613e-14,1.2879838132534387e-17
456.45,-1.851257242006356e-14,1.2959302275015088e-17
456.46,-1.8510967319847505e-14,1.2720034181138747e-17
456.47,-1.8508933915629415e-14,1.2956407236549935e-17
456.48,-1.85059262745788e-14,1.3020087523804401e-17
456.49,-1.8504273076811955e-14,1.289466863157064e-17
456.5,-1.8502842838474402e-14,1.2773365646818213e-17
456.51,-1.850179667220308e-14,1.3231799412139343e-17
456.52,-1.8499157186312304e-14,1.2862884656431948e-17
456.53,-1.8497262081330355e-14,1.2870207021625573e-17
456.54,-1.8495562245784538e-14,1.3170725823512287e-17
456.55,-1.8493283333130398e-14,1.2894176800244954e-17
456.56,-1.8491319704214617e-14,1.293447981037015e-17
456.57,-1.8489614134351124e-14,1.2988597677675421e-17
456.58,-1.8489184439410674e-14,1.3718170435163543e-17
456.59,-1.8485448162450257e-14,1.293395351613296e-17
456.6,-1.8483418973591395e-14,1.2892302038205559e-17
456.61,-1.8481762630289137e-14,1.2862642641423498e-17
456.62,-1.8479230346844634e-14,1.2981604016897838e-17
456.63,-1.8477215150919164e-14,1.2820104746170347e-17
456.64,-1.847582776780877e-14,1.2861263362578814e-17
456.65,-1.847372584079062e-14,1.2953935260777418e-17
456.66,-1.8471442322887693e-14,1.2858019522092259e-17
456.67,-1.8469940070019705e-14,1.2719048938688776e-17
456.68,-1.8468161058811195e-14,1.2972883209046789e-17
456.69,-1.8466075795428102e-14,1.297355622431429e-17
456.7,-1.846397366497507e-14,1.2880139170661625e-17
456.71,-1.8462185575318043e-14,1.3110759569963592e-17
456.72,-1.8460015511175002e-14,1.2975411589816864e-17
456.73,-1.845856310212136e-14,1.2921286938856404e-17
456.74,-1.8456149281460986e-14,1.3138419187278234e-17
456.75,-1.8453415374503467e-14,1.2829864620538789e-17
456.76,-1.8452827766265744e-14,1.2977433867360703e-17
456.77,-1.8450515217116964e-14,1.2914420940879598e-17
456.78,-1.8448449168612548e-14,1.289729164490984e-17
456.79,-1.8446605708682337e-14,1.2957840572153207e-17
456.8,-1.8444464932244916e-14,1.2931254760798039e-17
456.81,-1.8442824593425716e-14,1.2976793451237308e-17
456.82,-1.844065260402162e-14,1.2900814033379117e-17
456.83,-1.8438207793833376e-14,1.260624618879292e-17
456.84,-1.843652401646955e-14,1.2700588465713751e-17
456.85,-1.8434874609993432e-14,1.289101006288226e-17
456.86,-1.84327511346614e-14,1.2821309383414169e-17
456.87,-1.8430783645550392e-14,1.2778685453514121e-17
456.88,-1.842896851399521e-14,1.2905279231434575e-17
456.89,-1.842635316514054e-14,1.281095729810691e-17
456.9,-1.8424944804237627e-14,1.286893882197499e-17
456.91,-1.8422965837383466e-14,1.286956609628043e-17
456.92,-1.842112901113658e-14,1.2624954643544055e-17
456.93,-1.841937823798943e-14,1.3035870703403435e-17
456.94,-1.8417082387996434e-14,1.2835045234076366e-17
456.95,-1.8415146198269194e-14,1.2855859164884802e-17
456.96,-1.8413382014798097e-14,1.285738553100977e-17
456.97,-1.8410873240996386e-14,1.2629612737641547e-17
456.98,-1.8408614686141488e-14,1.2754900788322275e-17
456.99,-1.8407581370465417e-14,1.2850094438719326e-17
457.0,-1.8405231150588792e-14,1.2972544273262591e-17
457.01,-1.840393802301964e-14,1.294102608686323e-17
457.02,-1.8400855128277205e-14,1.262347710372781e-17
457.03,-1.8399759569703634e-14,1.283476124421407e-17
457.04,-1.8397888542906477e-14,1.287571316582963e-17
457.05,-1.8395972934473116e-14,1.2903373257083854e-17
457.06,-1.8394354733337198e-14,1.3045843817143777e-17
457.07,-1.8392150454202556e-14,1.303508538446627e-17
457.08,-1.839002318959022e-14,1.284539365741047e-17
457.09,-1.8387888654036388e-14,1.2983391236800434e-17
457.1,-1.8386117799483393e-14,1.275482288424052e-17
457.11,-1.83842212478848e-14,1.2808630639187049e-17
457.12,-1.8382235731400534e-14,1.2895513397802516e-17
457.13,-1.8380056199413175e-14,1.2679004886517062e-17
457.14,-1.8378372303834633e-14,1.2822165063421372e-17
457.15,-1.8376773634090693e-14,1.3013741749293716e-17
457.16,-1.8374524809452252e-14,1.2774857531995642e-17
457.17,-1.8372774147905627e-14,1.2881590759126269e-17
457.18,-1.837068017749036e-14,1.300553486197315e-17
457.19,-1.83687461705511e-14,1.2893194773738332e-17
457.2,-1.836702731689744e-14,1.2948746182942243e-17
457.21,-1.836479252305064e-14,1.2794997149995325e-17
457.22,-1.836308950383097e-14,1.2998069830170671e-17
457.23,-1.8360892415855432e-14,1.2837084312778313e-17
457.24,-1.8359185115368653e-14,1.2888128677694855e-17
457.25,-1.8356973221851077e-14,1.2824691541587332e-17
457.26,-1.8355385918678552e-14,1.2921109459015707e-17
457.27,-1.8353098663645534e-14,1.2786371226362155e-17
457.28,-1.8351505245215468e-14,1.2856583990173982e-17
457.29,-1.834953135170415e-14,1.2958754994338346e-17
457.3,-1.8347382248195706e-14,1.2836549971705305e-17
457.31,-1.83456351831721e-14,1.2897689870008889e-17
457.32,-1.834358984884659e-14,1.2856371064392099e-17
457.33,-1.834169385770347e-14,1.3018475244018777e-17
457.34,-1.83397936817647e-14,1.287110325769583e-17
457.35,-1.8337627432395042e-14,1.2852308609659687e-17
457.36,-1.8335738396875036e-14,1.2771199716344595e-17
457.37,-1.8333838069020987e-14,1.2858832175757995e-17
457.38,-1.8331895095026193e-14,1.2866764818467227e-17
457.39,-1.8329862033710266e-14,1.2850759918874107e-17
457.4,-1.832791881266923e-14,1.2686716747632574e-17
457.41,-1.8325951776015305e-14,1.2858872060406646e-17
457.42,-1.832449096847144e-14,1.2922418994096653e-17
457.43,-1.832202329264122e-14,1.2718114039417484e-17
457.44,-1.8320560997665825e-14,1.2908810925970802e-17
457.45,-1.8318657678578977e-14,1.2934772828518146e-17
457.46,-1.8316586813533774e-14,1.291400005988883e-17
457.47,-1.8314253080228916e-14,1.2823625590913094e-17
457.48,-1.8311903221020052e-14,1.2823453203816482e-17
457.49,-1.8310750270921177e-14,1.2835844090307733e-17
457.5,-1.8308479955249286e-14,1.2818273662435554e-17
457.51,-1.8306549273606768e-14,1.2940775728806724e-17
457.52,-1.8304270960119155e-14,1.2995868198618396e-17
457.53,-1.830307172135679e-14,1.2831002038142085e-17
457.54,-1.830129924399992e-14,1.2956252167337224e-17
457.55,-1.8299119382276144e-14,1.2802298188171154e-17
457.56,-1.829756233798424e-14,1.2803367990394379e-17
457.57,-1.8295352372809516e-14,1.2810406038970696e-17
457.58,-1.829341388594084e-14,1.2887047594129829e-17
457.59,-1.8291122666690358e-14,1.2806163249174917e-17
457.6,-1.829020844752303e-14,1.3050764593833252e-17
457.61,-1.8287985802714126e-14,1.3043638944897975e-17
457.62,-1.8285506629730957e-14,1.28324907797836e-17
457.63,-1.8283766327286972e-14,1.2836529786618595e-17
457.64,-1.8281826825015913e-14,1.2831397261097196e-17
457.65,-1.8280007215554246e-14,1.2864891908774603e-17
457.66,-1.8278063218977337e-14,1.2757831956123154e-17
457.67,-1.8276260119698046e-14,1.2827071473422379e-17
457.68,-1.8274030743386792e-14,1.2879824980842693e-17
457.69,-1.8271869584882315e-14,1.2667705213522758e-17
457.7,-1.8270077097326648e-14,1.2873935914522024e-17
457.71,-1.8268269389888586e-14,1.280296377285594e-17
457.72,-1.8266362934713527e-14,1.281933748301468e-17
457.73,-1.8264639888738247e-14,1.2901765498945124e-17
457.74,-1.8262047416974488e-14,1.2611971116672065e-17
457.75,-1.8260809987730015e-14,1.2519820638373723e-17
457.76,-1.825875905000394e-14,1.281606645630062e-17
457.77,-1.8256631230417972e-14,1.2745169220521846e-17
457.78,-1.825501522181581e-14,1.2823077916603202e-17
457.79,-1.825286459127825e-14,1.2813853928087502e-17
457.8,-1.8250657852425098e-14,1.2690142233098835e-17
457.81,-1.824896316491948e-14,1.271665353720254e-17
457.82,-1.8247027809438594e-14,1.2882780020058666e-17
457.83,-1.8245407655039426e-14,1.300743843358185e-17
457.84,-1.8242615720185684e-14,1.237682228326794e-17
457.85,-1.8241206029537587e-14,1.2814140675619905e-17
457.86,-1.8239544743184006e-14,1.2809503295051757e-17
457.87,-1.8237618973568202e-14,1.2824493593744325e-17
457.88,-1.8235225177877732e-14,1.2825393667540332e-17
457.89,-1.8233531681937316e-14,1.2863575173827361e-17
457.9,-1.823165501938467e-14,1.2698689967891556e-17
457.91,-1.822938978529559e-14,1.2849512363636675e-17
457.92,-1.8227803827449667e-14,1.2664887399727223e-17
457.93,-1.8225443427421958e-14,1.2713602526933077e-17
457.94,-1.822380547031976e-14,1.2694970548849834e-17
457.95,-1.8221615907757904e-14,1.2681611080201345e-17
457.96,-1.822023448205328e-14,1.2917761663338099e-17
457.97,-1.821823751143592e-14,1.2811740511040891e-17
457.98,-1.8215893106236063e-14,1.256610837057161e-17
457.99,-1.821433925747019e-14,1.2823686936928246e-17
458.0,-1.8214747258552553e-14,1.2948155391584115e-17
458.01,-1.8210815122674693e-14,1.2777247633125924e-17
458.02,-1.8208151334466116e-14,1.2681889608239109e-17
458.03,-1.8206860092975856e-14,1.273329231281615e-17
458.04,-1.820464950736314e-14,1.2736534992414036e-17
458.05,-1.8203114138921203e-14,1.2781956858458299e-17
458.06,-1.8200997452248632e-14,1.2864347334556163e-17
458.07,-1.819917399637759e-14,1.2994302724315789e-17
458.08,-1.819714144114063e-14,1.2823415095914657e-17
458.09,-1.8195302104886562e-14,1.2786428987748461e-17
458.1,-1.819323945306867e-14,1.3035160721638595e-17
458.11,-1.8191194929610862e-14,1.272263154644768e-17
458.12,-1.8189441135169715e-14,1.2657944957632958e-17
458.13,-1.8187892419485455e-14,1.2907092852602246e-17
458.14,-1.818553756545922e-14,1.2810696462562791e-17
458.15,-1.818350931085586e-14,1.2761738980658875e-17
458.16,-1.818342662895813e-14,1.3266510634677039e-17
458.17,-1.818063812289348e-14,1.2785877544368235e-17
458.18,-1.8177866274904044e-14,1.2780496380401108e-17
458.19,-1.8176032982419653e-14,1.2782850857072965e-17
458.2,-1.8173936746798682e-14,1.2622308895454854e-17
458.21,-1.8172483698108287e-14,1.2835733969788084e-17
458.22,-1.8170654123319175e-14,1.278890613907284e-17
458.23,-1.8168513264980258e-14,1.2820188286183607e-17
458.24,-1.8166666447585703e-14,1.2806092810958048e-17
458.25,-1.8164426326026774e-14,1.2801870202299481e-17
458.26,-1.8162637201089275e-14,1.2776163483040165e-17
458.27,-1.8160602656109676e-14,1.272122532953552e-17
458.28,-1.8158989250066674e-14,1.2717817133648435e-17
458.29,-1.8156453509981236e-14,1.250628322279075e-17
458.3,-1.8154970242653613e-14,1.2609513181227954e-17
458.31,-1.8153076293085803e-14,1.269940616813863e-17
458.32,-1.815096676561604e-14,1.268795526866006e-17
458.33,-1.8149396362671454e-14,1.2792803495372782e-17
458.34,-1.8147202931665712e-14,1.2710382163306913e-17
458.35,-1.8145086814514752e-14,1.272724728535481e-17
458.36,-1.8143175976219546e-14,1.2817263672967115e-17
458.37,-1.8141478880415232e-14,1.2872497533700272e-17
458.38,-1.8139347721407268e-14,1.2643602282368293e-17
458.39,-1.813716539817823e-14,1.2773776425260235e-17
458.4,-1.8135791274755087e-14,1.2701960127427836e-17
458.41,-1.8133820566643822e-14,1.2648724780907978e-17
458.42,-1.813137302056774e-14,1.2500972556546239e-17
458.43,-1.8130449191417072e-14,1.279852762018764e-17
458.44,-1.81276571645448e-14,1.2492309752514756e-17
458.45,-1.812629611000821e-14,1.2467577311376531e-17
458.46,-1.81244107738257e-14,1.2444113931932324e-17
458.47,-1.8122246436302245e-14,1.2636682298460534e-17
458.48,-1.8120910214379713e-14,1.2680634063828507e-17
458.49,-1.811856401498626e-14,1.261761853541911e-17
458.5,-1.8116767986433944e-14,1.278661856173734e-17
458.51,-1.8114715042538486e-14,1.2742820481810154e-17
458.52,-1.8112933960569198e-14,1.270740685803955e-17
458.53,-1.8111579233713682e-14,1.3047459827360495e-17
458.54,-1.8109000085396794e-14,1.2758091536517287e-17
458.55,-1.8105489194451066e-14,1.202079729773008e-17
458.56,-1.8105047487752616e-14,1.2644519070565136e-17
458.57,-1.8103324208580106e-14,1.2699503868676638e-17
458.58,-1.81004873469014e-14,1.2453772656272516e-17
458.59,-1.8099264377465046e-14,1.2571447968194478e-17
458.6,-1.8097588686526002e-14,1.269298534476886e-17
458.61,-1.809530657870523e-14,1.2696907043132227e-17
458.62,-1.80930206288086e-14,1.2829940850034026e-17
458.63,-1.809262913355522e-14,1.285746488271364e-17
458.64,-1.8089989989612643e-14,1.2571305051187547e-17
458.65,-1.808777190992247e-14,1.2453992339379609e-17
458.66,-1.808613641909561e-14,1.2707314682583846e-17
458.67,-1.8084170814780963e-14,1.268192659343073e-17
458.68,-1.8081982029546498e-14,1.2468086806430361e-17
458.69,-1.808036997755921e-14,1.2689245365372436e-17
458.7,-1.8078592995958474e-14,1.2716860474494531e-17
458.71,-1.807052794075246e-14,1.1032307115701787e-17
458.72,-1.8074506255766715e-14,1.2633707120103659e-17
458.73,-1.80727158221956e-14,1.2765778120855201e-17
458.74,-1.8070788429842254e-14,1.2594639452714469e-17
458.75,-1.8069424658737572e-14,1.2841221243956114e-17
458.76,-1.8067179213653524e-14,1.2670836890678427e-17
458.77,-1.8065072566653782e-14,1.260454980316284e-17
458.78,-1.8063968431042462e-14,1.2815967864229603e-17
458.79,-1.8061164041412935e-14,1.2460872264334271e-17
458.8,-1.8056628963341774e-14,1.1464361388995188e-17
458.81,-1.8057763551524727e-14,1.2845796986312195e-17
458.82,-1.8055347681540124e-14,1.2526987857339455e-17
458.83,-1.8053627766461714e-14,1.252685765033886e-17
458.84,-1.805176373279946e-14,1.2604305623172059e-17
458.85,-1.80500341351403e-14,1.2617808467758972e-17
458.86,-1.804766307678675e-14,1.2385075501736991e-17
458.87,-1.804606816633565e-14,1.2596055218192662e-17
458.88,-1.8043854193452794e-14,1.2430017349004648e-17
458.89,-1.804182828517026e-14,1.1843342025533206e-17
458.9,-1.8040924032153187e-14,1.2698331924048342e-17
458.91,-1.803874605341848e-14,1.26030672943534e-17
458.92,-1.803642459222901e-14,1.2456431178218244e-17
458.93,-1.8034551333707507e-14,1.2560633810227759e-17
458.94,-1.8033343083094617e-14,1.2824353475218964e-17
458.95,-1.8030954493659658e-14,1.2488625765393506e-17
458.96,-1.8029029380455423e-14,1.2493633696412134e-17
458.97,-1.8026974086067e-14,1.2772708801579279e-17
458.98,-1.802534913525983e-14,1.2462518394464492e-17
458.99,-1.8023417311760807e-14,1.2550945860140073e-17
459.0,-1.802132869459088e-14,1.2265573403922323e-17
459.01,-1.801937300205943e-14,1.2513065855322045e-17
459.02,-1.801774485325032e-14,1.2582077299203812e-17
459.03,-1.801497256439308e-14,1.2442886414728684e-17
459.04,-1.8013370386903962e-14,1.2341208109726035e-17
459.05,-1.8011980868941947e-14,1.2635067850664633e-17
459.06,-1.800977698471851e-14,1.2343296888365335e-17
459.07,-1.800796132948747e-14,1.2516620451145376e-17
459.08,-1.8006169588055414e-14,1.2582635354107003e-17
459.09,-1.8003978049170245e-14,1.2378661662656832e-17
459.1,-1.8002714978951938e-14,1.2423530357350324e-17
459.11,-1.800043003435607e-14,1.2488503659600129e-17
459.12,-1.799834666739955e-14,1.2372346950672814e-17
459.13,-1.7996746665310483e-14,1.2487963639677754e-17
459.14,-1.799465501996338e-14,1.2346431280404895e-17
459.15,-1.7992737054279355e-14,1.2399802888766781e-17
459.16,-1.7990546437098188e-14,1.226587875266169e-17
459.17,-1.79892459586856e-14,1.2569849885532275e-17
459.18,-1.7987172883190143e-14,1.2397351252506288e-17
459.19,-1.798514910359486e-14,1.2410776195644447e-17
459.2,-1.798347668173332e-14,1.2468471395234496e-17
459.21,-1.7981632681313986e-14,1.2362067676176623e-17
459.22,-1.7979599379500546e-14,1.2443337488830294e-17
459.23,-1.797784072838725e-14,1.243585998399127e-17
459.24,-1.797561598609923e-14,1.238122860262453e-17
459.25,-1.7974078467650397e-14,1.2487644872129081e-17
459.26,-1.7971942797154704e-14,1.2327263192729936e-17
459.27,-1.7969773394796144e-14,1.2369100323158229e-17
459.28,-1.7968244686477045e-14,1.2490895227441763e-17
459.29,-1.796650721344077e-14,1.2435125797605485e-17
459.3,-1.796472808469998e-14,1.2564941679300257e-17
459.31,-1.7962411569132426e-14,1.23832808573734e-17
459.32,-1.7960382585931745e-14,1.2345084494199564e-17
459.33,-1.7958795595895445e-14,1.219016861911053e-17
459.34,-1.7956611450309744e-14,1.241459030314067e-17
459.35,-1.7955127865325174e-14,1.2482235351303684e-17
459.36,-1.7953171359026693e-14,1.2520999483299004e-17
459.37,-1.795150798323359e-14,1.243809684584222e-17
459.38,-1.7949456847859445e-14,1.2416655496440072e-17
459.39,-1.7947294539498556e-14,1.2379214840721745e-17
459.4,-1.7945504595988945e-14,1.2307641215225663e-17
459.41,-1.7943432395062095e-14,1.2292490436641825e-17
459.42,-1.7941560885573407e-14,1.2368704085050868e-17
459.43,-1.7939548393131476e-14,1.2063364327629008e-17
459.44,-1.7937907345861068e-14,1.233860663114815e-17
459.45,-1.793634598337295e-14,1.2287282785706936e-17
459.46,-1.7934245048961742e-14,1.2456873755241434e-17
459.47,-1.7932265600960698e-14,1.2196341974138731e-17
459.48,-1.793028433482105e-14,1.2293846495014265e-17
459.49,-1.792792678582112e-14,1.2127090545388453e-17
459.5,-1.7926322412753715e-14,1.2308298558002416e-17
459.51,-1.792468924733865e-14,1.240174200897066e-17
459.52,-1.7922759276490704e-14,1.2363924693490283e-17
459.53,-1.7920849909110693e-14,1.2135000323507986e-17
459.54,-1.791924644976088e-14,1.2177035064887235e-17
459.55,-1.7917060231250343e-14,1.2209778098104005e-17
459.56,-1.7915196094125632e-14,1.2227854115307101e-17
459.57,-1.791349794065458e-14,1.2397783451042576e-17
459.58,-1.7911537108008122e-14,1.2490906011936905e-17
459.59,-1.7910030945533547e-14,1.23748048021243e-17
459.6,-1.7907769445060433e-14,1.227429926153377e-17
459.61,-1.7906027738567285e-14,1.244133159011174e-17
459.62,-1.7904069104127378e-14,1.2341242030898272e-17
459.63,-1.7901566961803068e-14,1.2651497677376037e-17
459.64,-1.790032614950678e-14,1.2355380147257738e-17
459.65,-1.7898446268512598e-14,1.2318209728464998e-17
459.66,-1.7897377139088206e-14,1.2588263569348868e-17
459.67,-1.789445373594847e-14,1.2224521992646841e-17
459.68,-1.789309740266106e-14,1.2555878731767627e-17
459.69,-1.7890958969612628e-14,1.2323074641896182e-17
459.7,-1.7888774501727473e-14,1.2079711933064036e-17
459.71,-1.7887267430019827e-14,1.2534955936247779e-17
459.72,-1.7885817898138054e-14,1.3535271251637205e-17
459.73,-1.7883231537621913e-14,1.2341775022691627e-17
459.74,-1.7881668254260887e-14,1.2379181003871259e-17
459.75,-1.787954897469805e-14,1.2295782069524749e-17
459.76,-1.7877616984424625e-14,1.2370673821521224e-17
459.77,-1.7876118200630063e-14,1.2016800916099357e-17
459.78,-1.78740961935983e-14,1.2335504522292974e-17
459.79,-1.7871614961239177e-14,1.2076705555527912e-17
459.8,-1.78698173101002e-14,1.2217486084960926e-17
459.81,-1.7871141128059723e-14,1.35957324230431e-17
459.82,-1.7866339305940937e-14,1.2214366254451658e-17
459.83,-1.7864743851107297e-14,1.2254561448851714e-17
459.84,-1.7862606779547203e-14,1.2227333077586452e-17
459.85,-1.7860902316100403e-14,1.2365960565332722e-17
459.86,-1.7859809933788407e-14,1.2407765782512801e-17
459.87,-1.785687901195111e-14,1.2102041810435773e-17
459.88,-1.785546542700415e-14,1.2399886747109458e-17
459.89,-1.785345014500388e-14,1.2154438300750316e-17
459.9,-1.7851730983525342e-14,1.2583184831230397e-17
459.91,-1.7849848316319358e-14,1.2289229912165557e-17
459.92,-1.784744550086515e-14,1.2206247945385385e-17
459.93,-1.784555729703749e-14,1.2142429636524898e-17
459.94,-1.7843777645855195e-14,1.218955936109162e-17
459.95,-1.7841920428590112e-14,1.163671969009135e-17
459.96,-1.7840071032473452e-14,1.2182372552359949e-17
459.97,-1.7837609700376518e-14,1.2673440328206578e-17
459.98,-1.7836212794311256e-14,1.2178844732016487e-17
459.99,-1.7834905795250983e-14,1.2069036476938283e-17
460.0,-1.7832455256706172e-14,1.207608552512565e-17
460.01,-1.783061409923553e-14,1.2415138274452697e-17
460.02,-1.7829076317930853e-14,1.2284529870729043e-17
460.03,-1.782709535786876e-14,1.2224572778169128e-17
460.04,-1.7826438502848768e-14,1.2257511875977324e-17
460.05,-1.7823040467686773e-14,1.214901398748073e-17
460.06,-1.7821790243169232e-14,1.239934316368804e-17
460.07,-1.7819797386894823e-14,1.2553288398142261e-17
460.08,-1.781712595042756e-14,1.1989304655094279e-17
460.09,-1.78155876892222e-14,1.2146302511739136e-17
460.1,-1.7814350536714733e-14,1.2471578905421083e-17
460.11,-1.7811877521655117e-14,1.2183470348087764e-17
460.12,-1.7810066632555863e-14,1.2117065302276723e-17
460.13,-1.7808112731368443e-14,1.1261227194621964e-17
460.14,-1.7806511859596294e-14,1.2180417117674669e-17
460.15,-1.7804566552719952e-14,1.210154463939082e-17
460.16,-1.780277094182636e-14,1.2167525022173242e-17
460.17,-1.7800891830153152e-14,1.2376527252061578e-17
460.18,-1.779858511905992e-14,1.212081756460726e-17
460.19,-1.7797185224123662e-14,1.2267975255462942e-17
460.2,-1.779510561824949e-14,1.2154507057271575e-17
460.21,-1.7793507041496717e-14,1.217936397390108e-17
460.22,-1.779252444046882e-14,1.1919307855017042e-17
460.23,-1.7790002109058672e-14,1.2050961299200667e-17
460.24,-1.778767163665777e-14,1.2255598228544807e-17
460.25,-1.778594573490564e-14,1.2074194927481303e-17
460.26,-1.7784159390453177e-14,1.2046656018364875e-17
460.27,-1.778278610797974e-14,1.2204821670033703e-17
460.28,-1.7780329000168894e-14,1.2144204008912857e-17
460.29,-1.777844326806892e-14,1.2112920166151595e-17
460.3,-1.7776353365552134e-14,1.2164169039156478e-17
460.31,-1.777410762118648e-14,1.1657749629921936e-17
460.32,-1.7772750439922622e-14,1.2040155601055451e-17
460.33,-1.7770758627737336e-14,1.1921953585860108e-17
460.34,-1.7768985536285496e-14,1.2215464904850515e-17
460.35,-1.776763860084179e-14,1.2165495378028534e-17
460.36,-1.7765174521288804e-14,1.189635239872706e-17
460.37,-1.7763529530271313e-14,1.2129614132819189e-17
460.38,-1.776197343108865e-14,1.2151757430446996e-17
460.39,-1.7759303692049952e-14,1.1802600903290613e-17
460.4,-1.775779970054765e-14,1.2465653635382501e-17
460.41,-1.775577756663094e-14,1.1988323291576471e-17
460.42,-1.775380320693896e-14,1.1811877759766455e-17
460.43,-1.7752415720671665e-14,1.2192364751120578e-17
460.44,-1.7750007211506138e-14,1.2055363156811064e-17
460.45,-1.774833274937341e-14,1.2003647392234389e-17
460.46,-1.774692363569804e-14,1.2066062123762877e-17
460.47,-1.7744795182120985e-14,1.20112445083648e-17
460.48,-1.7742032664631934e-14,1.186569139472337e-17
460.49,-1.7740418388224436e-14,1.198242040412445e-17
460.5,-1.773910074926733e-14,1.2031961274186953e-17
460.51,-1.7736538552074356e-14,1.1952134253152725e-17
460.52,-1.773787772105121e-14,1.2005526829128226e-17
460.53,-1.773349877772997e-14,1.2338412770375769e-17
460.54,-1.773185694192417e-14,1.2039294451785494e-17
460.55,-1.7730002784605487e-14,1.1965405834708808e-17
460.56,-1.7728383991402263e-14,1.2100129342059612e-17
460.57,-1.7726223800838018e-14,1.2004778891912131e-17
460.58,-1.7724317631153232e-14,1.2313688347242037e-17
460.59,-1.7723167040599156e-14,1.1943784221334229e-17
460.6,-1.7720001284228464e-14,1.2109943563869581e-17
460.61,-1.7718890767975753e-14,1.2207238998861206e-17
460.62,-1.7717198501220016e-14,1.225648413536522e-17
460.63,-1.7715207126580524e-14,1.1930913991825223e-17
460.64,-1.7713199935280235e-14,1.2071335242934068e-17
460.65,-1.7711538925032265e-14,1.2097373057437128e-17
460.66,-1.7709431517699615e-14,1.1955707840261624e-17
460.67,-1.770765490312299e-14,1.2254559014382071e-17
460.68,-1.7706495325693683e-14,1.227125777099902e-17
460.69,-1.77039437707105e-14,1.19915840854084e-17
460.7,-1.7702224781210946e-14,1.203591699719936e-17
460.71,-1.770013365957603e-14,1.2038481650671888e-17
460.72,-1.7698382419646575e-14,1.1977536254538912e-17
460.73,-1.7696447150966144e-14,1.2132436678407742e-17
460.74,-1.7694400729968527e-14,1.19143563554576e-17
460.75,-1.7692476659047492e-14,1.2088174358864015e-17
460.76,-1.7691286731170466e-14,1.2096380466290671e-17
460.77,-1.7688764238454587e-14,1.2149871428963372e-17
460.78,-1.7686927463371588e-14,1.204689300711243e-17
460.79,-1.768557929712529e-14,1.2053725202138596e-17
460.8,-1.7683448728303226e-14,1.2033537228083571e-17
460.81,-1.768182249714292e-14,1.2028893043059553e-17
460.82,-1.768012011845996e-14,1.2072224853855596e-17
460.83,-1.767823244404914e-14,1.2090246925873381e-17
460.84,-1.7676121908470395e-14,1.200208906204435e-17
460.85,-1.7674425063490174e-14,1.2145910837274979e-17
460.86,-1.767238576213352e-14,1.2091821654899486e-17
460.87,-1.7669786853120697e-14,1.1906079408281927e-17
460.88,-1.7668784378295533e-14,1.2062910404755573e-17
460.89,-1.7666957397544147e-14,1.1984593249903139e-17
460.9,-1.7665209427511328e-14,1.1935174637557978e-17
460.91,-1.766253166787621e-14,1.1862447951556162e-17
460.92,-1.7661790013523884e-14,1.2185947695833769e-17
460.93,-1.7659769647586906e-14,1.2111297155320683e-17
460.94,-1.7657956580649443e-14,1.1858145700774082e-17
460.95,-1.7655822562165996e-14,1.1963497812675803e-17
460.96,-1.7654131724560582e-14,1.1924695102920228e-17
460.97,-1.7652334759620295e-14,1.2033605913513895e-17
460.98,-1.7650053381930566e-14,1.1858910117395974e-17
460.99,-1.76480404552989e-14,1.1923663753521521e-17
461.0,-1.7647201358908376e-14,1.1737819867269799e-17
461.01,-1.7645152563165403e-14,1.202818888706535e-17
461.02,-1.7643273067219745e-14,1.1984618714742594e-17
461.03,-1.7640467114184267e-14,1.189213181418545e-17
461.04,-1.7639267763003437e-14,1.1890309501097532e-17
461.05,-1.7637184617057057e-14,1.1935848942270259e-17
461.06,-1.763579130389668e-14,1.1986638603499299e-17
461.07,-1.763348717398754e-14,1.1751626854913535e-17
461.08,-1.7631885373129256e-14,1.1971212741069034e-17
461.09,-1.7630181539527092e-14,1.2022047317584977e-17
461.1,-1.7628022233286973e-14,1.19294518301635e-17
461.11,-1.762640699642801e-14,1.2004076114358033e-17
461.12,-1.7624323641719672e-14,1.200235850551609e-17
461.13,-1.762265390166578e-14,1.1989778222368353e-17
461.14,-1.7620658443526533e-14,1.1978996280576229e-17
461.15,-1.7619020664289647e-14,1.1974120883601536e-17
461.16,-1.7617115090871804e-14,1.19642457509451e-17
461.17,-1.761536714231634e-14,1.1946710080748515e-17
461.18,-1.7613631454428262e-14,1.1970492624665793e-17
461.19,-1.7611711774993985e-14,1.206443481021883e-17
461.2,-1.760980500106612e-14,1.1957370283918787e-17
461.21,-1.7607809679571024e-14,1.2064364097511954e-17
461.22,-1.760580624720666e-14,1.1871943172533865e-17
461.23,-1.7604203416760978e-14,1.1923479224751121e-17
461.24,-1.7601942315382377e-14,1.1910560559406946e-17
461.25,-1.760044737190654e-14,1.1930742129221747e-17
461.26,-1.759875860027432e-14,1.1962798993767874e-17
461.27,-1.7596815358117072e-14,1.1880108066701249e-17
461.28,-1.7594942789155937e-14,1.1940617367856338e-17
461.29,-1.7593085409190028e-14,1.1926380940498356e-17
461.3,-1.759158257242532e-14,1.2172031984706034e-17
461.31,-1.7589605578538713e-14,1.1840162218727085e-17
461.32,-1.7587565080381932e-14,1.1855708220035643e-17
461.33,-1.7585971534367858e-14,1.1935263364905763e-17
461.34,-1.7583158079954153e-14,1.1694254945341862e-17
461.35,-1.758209778428222e-14,1.1956474815630647e-17
461.36,-1.758037437411597e-14,1.1947821440363807e-17
461.37,-1.7578790038713733e-14,1.2116504510635759e-17
461.38,-1.757671875645662e-14,1.1999399720334336e-17
461.39,-1.7574817098752336e-14,1.2027856161732749e-17
461.4,-1.757306131397454e-14,1.1897760427668211e-17
461.41,-1.757103434168528e-14,1.1989227136483384e-17
461.42,-1.756940533449813e-14,1.190913715481262e-17
461.43,-1.7567264581711347e-14,1.1868910163806147e-17
461.44,-1.756575664081642e-14,1.188268701024201e-17
461.45,-1.7563557281755982e-14,1.173692112774536e-17
461.46,-1.7561593947923934e-14,1.1557813120280319e-17
461.47,-1.7560049555440163e-14,1.1887070750722062e-17
461.48,-1.7557248094258683e-14,1.1783265678716387e-17
461.49,-1.755647914283597e-14,1.190647943645778e-17
461.5,-1.7556690248814668e-14,1.2328355205868274e-17
461.51,-1.7552881406984127e-14,1.1905563767284945e-17
461.52,-1.7551087969900518e-14,1.190183299442816e-17
461.53,-1.754911152687968e-14,1.1870729461980087e-17
461.54,-1.7547442846533625e-14,1.2038124225451476e-17
461.55,-1.7545066336301694e-14,1.168480365724672e-17
461.56,-1.7543723997244164e-14,1.1959481809024922e-17
461.57,-1.7541985880999735e-14,1.1882781698630686e-17
461.58,-1.7539879288373433e-14,1.1854531697414305e-17
461.59,-1.7538229863065062e-14,1.1972274500965452e-17
461.6,-1.753637256298694e-14,1.1920500632976073e-17
461.61,-1.753434866151546e-14,1.1803780549437082e-17
461.62,-1.7532512062863314e-14,1.1924462039050646e-17
461.63,-1.7531361840526587e-14,1.2030113452222692e-17
461.64,-1.752905183546257e-14,1.1944421705878021e-17
461.65,-1.75274343058577e-14,1.188689895289033e-17
461.66,-1.7525422517308728e-14,1.207089996260566e-17
461.67,-1.7523771653201417e-14,1.2028876173970103e-17
461.68,-1.752163806618045e-14,1.1832149140341758e-17
461.69,-1.751944719627258e-14,1.198826802706185e-17
461.7,-1.751844757317057e-14,1.2113389768131181e-17
461.71,-1.7516158505746648e-14,1.1976043158445857e-17
461.72,-1.7514298948849077e-14,1.1966145965086826e-17
461.73,-1.7511951525780755e-14,1.1797682799093771e-17
461.74,-1.751088855600664e-14,1.193259306022965e-17
461.75,-1.7508465631068038e-14,1.1807093807327313e-17
461.76,-1.7506526066943257e-14,1.1655585423798491e-17
461.77,-1.7506175373412532e-14,1.2126196450241511e-17
461.78,-1.7503320045794354e-14,1.2041993096402864e-17
461.79,-1.750196082154199e-14,1.2054360497081529e-17
461.8,-1.750005675461772e-14,1.1986771184739715e-17
461.81,-1.7497979884916082e-14,1.1958116356445937e-17
461.82,-1.749578947914633e-14,1.1759669166484579e-17
461.83,-1.7494414806025815e-14,1.2013280110456627e-17
461.84,-1.7492701914516665e-14,1.1912599411934392e-17
461.85,-1.749092183461521e-14,1.1930823863261905e-17
461.86,-1.7490185028882367e-14,1.2295071365989426e-17
461.87,-1.7487092656944706e-14,1.199466628616822e-17
461.88,-1.7485056937278622e-14,1.2097491710843966e-17
461.89,-1.74832153070071e-14,1.2100821974739524e-17
461.9,-1.7481788652700277e-14,1.1987256616827873e-17
461.91,-1.747962724494077e-14,1.191674584928697e-17
461.92,-1.7477788228108416e-14,1.1984039993111595e-17
461.93,-1.7475942859025233e-14,1.1863208948703983e-17
461.94,-1.7472997986184635e-14,1.1166140390217012e-17
461.95,-1.7472260907826248e-14,1.177204630820141e-17
461.96,-1.7470731535673273e-14,1.1936142300535729e-17
461.97,-1.7468772706612182e-14,1.2344200185082134e-17
461.98,-1.746627232368456e-14,1.1723762375405273e-17
461.99,-1.746512833314093e-14,1.1864535778366803e-17
462.0,-1.7463263919467732e-14,1.1903626470793988e-17
462.01,-1.7460787277930672e-14,1.1506162209069163e-17
462.02,-1.745912111806613e-14,1.1844434050783336e-17
462.03,-1.7458193854591023e-14,1.2011951571451724e-17
462.04,-1.7455642881536923e-14,1.1744283922354851e-17
462.05,-1.745448459780785e-14,1.190420138056844e-17
462.06,-1.7451867208786266e-14,1.1529573920673563e-17
462.07,-1.7450874256192946e-14,1.1626490556822919e-17
462.08,-1.7448462116608368e-14,1.1835507674733259e-17
462.09,-1.7446585931804792e-14,1.176994944573268e-17
462.1,-1.7445554288424984e-14,1.1836925365985949e-17
462.11,-1.7442778840023203e-14,1.178954289207424e-17
462.12,-1.7441402347290267e-14,1.1819780948183993e-17
462.13,-1.7440051235395996e-14,1.198804140389951e-17
462.14,-1.7437946276550936e-14,1.1902113854709432e-17
462.15,-1.74369484626223e-14,1.1685029439956206e-17
462.16,-1.743438299278674e-14,1.1901332039765561e-17
462.17,-1.743223404751461e-14,1.1855946286995743e-17
462.18,-1.7430712752822242e-14,1.1966817906617878e-17
462.19,-1.7428787013649422e-14,1.195135508384491e-17
462.2,-1.7427433694945282e-14,1.2033119563036151e-17
462.21,-1.7425132699339714e-14,1.1740856463456838e-17
462.22,-1.7423193892642915e-14,1.1902555303098173e-17
462.23,-1.742203136070376e-14,1.2107896421875582e-17
462.24,-1.7420097873279954e-14,1.1264120599970313e-17
462.25,-1.7417993323890386e-14,1.1981923247297685e-17
462.26,-1.7416190641327206e-14,1.1948292600551414e-17
462.27,-1.7414279561827296e-14,1.2096987542344414e-17
462.28,-1.741250783179152e-14,1.2011953815292336e-17
462.29,-1.7410366612896218e-14,1.2062183744003719e-17
462.3,-1.740889231507631e-14,1.1994185214324199e-17
462.31,-1.7406968311951806e-14,1.1911076385503663e-17
462.32,-1.740520069267837e-14,1.1873290974812996e-17
462.33,-1.740473109201791e-14,1.2534159574781701e-17
462.34,-1.7401483669748252e-14,1.1903561767509335e-17
462.35,-1.7400030424917435e-14,1.2010937414474578e-17
462.36,-1.739759510263939e-14,1.1957643647002502e-17
462.37,-1.7396196515226076e-14,1.1856653320593093e-17
462.38,-1.739484941913219e-14,1.186192476043837e-17
462.39,-1.739265727061064e-14,1.1905352272800595e-17
462.4,-1.7390535609697837e-14,1.2280128855151301e-17
462.41,-1.7388860112204337e-14,1.1915985815026395e-17
462.42,-1.738819687303495e-14,1.138594220600978e-17
462.43,-1.7385480647412432e-14,1.1930982848926995e-17
462.44,-1.7383421846633254e-14,1.1954843375784307e-17
462.45,-1.738187126966609e-14,1.194178579664285e-17
462.46,-1.738000610716941e-14,1.1812070225576672e-17
462.47,-1.7378349182560246e-14,1.1677929936687756e-17
462.48,-1.7375469944119033e-14,1.1635069307143299e-17
462.49,-1.7376444599802507e-14,1.2752964258823536e-17
462.5,-1.737191048916012e-14,1.1748705177785655e-17
462.51,-1.7371301063646224e-14,1.2463647353562785e-17
462.52,-1.736897714513085e-14,1.191541025332172e-17
462.53,-1.7366905830826994e-14,1.188237963409444e-17
462.54,-1.736533771358505e-14,1.1851114355019926e-17
462.55,-1.7363151834269912e-14,1.1906778167552462e-17
462.56,-1.7360224711730815e-14,1.2991797061576181e-17
462.57,-1.7359776108632218e-14,1.1829329706034896e-17
462.58,-1.735778638078795e-14,1.1845985750558651e-17
462.59,-1.7356340994964376e-14,1.188747627870344e-17
462.6,-1.7355155284972673e-14,1.208133704950318e-17
462.61,-1.7352548611775808e-14,1.190516767326838e-17
462.62,-1.735093794756912e-14,1.2017063766742417e-17
462.63,-1.734874155153786e-14,1.1799520807447865e-17
462.64,-1.7347295999852285e-14,1.1869581912009347e-17
462.65,-1.7348440212140923e-14,1.350403851608472e-17
462.66,-1.73436807080351e-14,1.1998921665313215e-17
462.67,-1.734225093278812e-14,1.1928121083686264e-17
462.68,-1.734011599929217e-14,1.1834316664766337e-17
462.69,-1.7338051861254e-14,1.2051498689679925e-17
462.7,-1.7336323642149215e-14,1.1705489450590724e-17
462.71,-1.7334943788636992e-14,1.2013106688065334e-17
462.72,-1.7332428646437003e-14,1.1677388003365977e-17
462.73,-1.733113794839009e-14,1.1947984961367378e-17
462.74,-1.732985716815448e-14,1.304722131450224e-17
462.75,-1.7327190669857232e-14,1.1808157720719608e-17
462.76,-1.7325910222025468e-14,1.2008583368166192e-17
462.77,-1.7323683584080236e-14,1.1891762367224293e-17
462.78,-1.7321957009123457e-14,1.1698977025232142e-17
462.79,-1.7319848972295307e-14,1.1870192361788824e-17
462.8,-1.731834941020191e-14,1.2001920094421808e-17
462.81,-1.731660658260679e-14,1.1915544257894849e-17
462.82,-1.7315267297676472e-14,1.194297224619199e-17
462.83,-1.7313026639586866e-14,1.1929941040734959e-17
462.84,-1.731123129054305e-14,1.1903366821415317e-17
462.85,-1.7309192150066766e-14,1.1924173275695228e-17
462.86,-1.7307457788216868e-14,1.1923953841801366e-17
462.87,-1.7305353392554868e-14,1.1671406378817567e-17
462.88,-1.730405408290098e-14,1.1760071589766757e-17
462.89,-1.7301865272039417e-14,1.1903682325001346e-17
462.9,-1.7300404798250842e-14,1.1891249992790041e-17
462.91,-1.7298551474617948e-14,1.1980250779686757e-17
462.92,-1.7296379552447447e-14,1.1679319742652061e-17
462.93,-1.729499439780675e-14,1.1856628969050876e-17
462.94,-1.7293322522141618e-14,1.187835638522388e-17
462.95,-1.729141312197552e-14,1.2043404937924635e-17
462.96,-1.7289958468042815e-14,1.1954039607959094e-17
462.97,-1.7287992990573623e-14,1.2106900058696665e-17
462.98,-1.728604316832192e-14,1.1918087197298921e-17
462.99,-1.7284232437151444e-14,1.1870617838150421e-17
463.0,-1.72824774855073e-14,1.1953305000293681e-17
463.01,-1.72808353389056e-14,1.20670958233753e-17
463.02,-1.727865660579047e-14,1.1832008943748015e-17
463.03,-1.7276961203948373e-14,1.196019025706862e-17
463.04,-1.7275315034111492e-14,1.1883374489092291e-17
463.05,-1.7273526911806346e-14,1.1699313639238998e-17
463.06,-1.727166874652624e-14,1.194645117150549e-17
463.07,-1.726969338754635e-14,1.1929874636533812e-17
463.08,-1.7267791647744142e-14,1.1897416420467207e-17
463.09,-1.726642512640086e-14,1.1891393367214491e-17
463.1,-1.7264138864077603e-14,1.194812973858716e-17
463.11,-1.7262614650550923e-14,1.1852847665809276e-17
463.12,-1.7260589810357326e-14,1.1996314949242197e-17
463.13,-1.7259021892787703e-14,1.1890377111738208e-17
463.14,-1.7257241888162336e-14,1.2061301202154325e-17
463.15,-1.7255402207178304e-14,1.1926940784128512e-17
463.16,-1.7253696365650544e-14,1.1932145397966418e-17
463.17,-1.725162112806484e-14,1.1770106303935653e-17
463.18,-1.725015100706418e-14,1.1877665627238306e-17
463.19,-1.724813903692763e-14,1.1701251004187895e-17
463.2,-1.7246490213122048e-14,1.1952349418562421e-17
463.21,-1.724463245650293e-14,1.185834525277092e-17
463.22,-1.7242782921986697e-14,1.1865032801963886e-17
463.23,-1.724108809490956e-14,1.1929165940461736e-17
463.24,-1.723936676803636e-14,1.1880290921806685e-17
463.25,-1.723749718271393e-14,1.1879471544518105e-17
463.26,-1.723549294753252e-14,1.1830502686352824e-17
463.27,-1.7234004725312456e-14,1.2069645976403078e-17
463.28,-1.723220184803357e-14,1.2080179324115482e-17
463.29,-1.723036626757795e-14,1.1959221335517984e-17
463.3,-1.7228425584595167e-14,1.1767128156084012e-17
463.31,-1.7226971492225573e-14,1.1850599884653704e-17
463.32,-1.7224407017184584e-14,1.1891521814319449e-17
463.33,-1.7223153465179116e-14,1.1871471678745456e-17
463.34,-1.7221208769186138e-14,1.2143538779946054e-17
463.35,-1.7219531971439405e-14,1.1826878344527708e-17
463.36,-1.721778274763589e-14,1.1943935885159408e-17
463.37,-1.721591501694738e-14,1.1955546452776063e-17
463.38,-1.7214104599113304e-14,1.1930704208262757e-17
463.39,-1.7211807710062876e-14,1.1857110831320796e-17
463.4,-1.7211118147425987e-14,1.1926158458909693e-17
463.41,-1.7208466330465226e-14,1.1960042254163395e-17
463.42,-1.7207170064383522e-14,1.2026244057831371e-17
463.43,-1.720525017230407e-14,1.2023978577138886e-17
463.44,-1.720329888890223e-14,1.1932717771110919e-17
463.45,-1.720132439684266e-14,1.1913609360328066e-17
463.46,-1.7200080787071103e-14,1.1734541924197468e-17
463.47,-1.7197916156251783e-14,1.1959843137401074e-17
463.48,-1.719640660404759e-14,1.2264672398966691e-17
463.49,-1.7194103614183325e-14,1.1821349983615942e-17
463.5,-1.719285040187846e-14,1.1824002252718813e-17
463.51,-1.7190821053847908e-14,1.1609157105059904e-17
463.52,-1.7189123080955078e-14,1.1596188951208092e-17
463.53,-1.7187276652067753e-14,1.1867153648934962e-17
463.54,-1.718536746689671e-14,1.1836352185564362e-17
463.55,-1.7183406764246613e-14,1.1882853225065492e-17
463.56,-1.7181863134226833e-14,1.1866343281764397e-17
463.57,-1.718081869275356e-14,1.1881192819875123e-17
463.58,-1.717816401732094e-14,1.1819974565667385e-17
463.59,-1.717665765892291e-14,1.187233168740082e-17
463.6,-1.7174611508368644e-14,1.1847347516940906e-17
463.61,-1.717301775869773e-14,1.1926567754710732e-17
463.62,-1.717131418327047e-14,1.190797285377655e-17
463.63,-1.7169575384963527e-14,1.1883754765572849e-17
463.64,-1.716768304321389e-14,1.1931127411030867e-17
463.65,-1.71660707417741e-14,1.173996952397474e-17
463.66,-1.7163967732104826e-14,1.1147618135268245e-17
463.67,-1.7162457507501798e-14,1.1877573948365961e-17
463.68,-1.7160731112572143e-14,1.191304408943147e-17
463.69,-1.7158394688505894e-14,1.1707422758616816e-17
463.7,-1.715702010300542e-14,1.1901754201972995e-17
463.71,-1.715509859216421e-14,1.1701527308856604e-17
463.72,-1.7153507535973156e-14,1.170062478466132e-17
463.73,-1.7151971395725617e-14,1.1884140718796377e-17
463.74,-1.7149453847433378e-14,1.1671611327867195e-17
463.75,-1.715110070031435e-14,1.2081122085781104e-17
463.76,-1.7146222633948695e-14,1.1921535620650953e-17
463.77,-1.714399320008222e-14,1.1881833744167068e-17
463.78,-1.7143011169003134e-14,1.1813047182509585e-17
463.79,-1.7141455931593242e-14,1.1795280856978032e-17
463.8,-1.7139162110119043e-14,1.1919825947334854e-17
463.81,-1.7137122516523872e-14,1.1757320148148533e-17
463.82,-1.713586453472311e-14,1.1681935850428283e-17
463.83,-1.713346638921465e-14,1.1643142098525715e-17
463.84,-1.7132113595094746e-14,1.1577197590863097e-17
463.85,-1.7130138539938563e-14,1.192425486900166e-17
463.86,-1.7128584614455038e-14,1.2035203532241911e-17
463.87,-1.71264083082539e-14,1.1769941375068231e-17
463.88,-1.7124898090389455e-14,1.184656478308085e-17
463.89,-1.7123445603761912e-14,1.1905320435119412e-17
463.9,-1.7121622237537068e-14,1.1871192207633752e-17
463.91,-1.712008432848461e-14,1.1722631844144074e-17
463.92,-1.711801062363847e-14,1.1925901229255877e-17
463.93,-1.711543477893638e-14,1.1739333970998036e-17
463.94,-1.711352745683578e-14,1.1738107817687187e-17
463.95,-1.7112216691272874e-14,1.1673368692670026e-17
463.96,-1.7110807399192164e-14,1.1802095803236486e-17
463.97,-1.7108799610287766e-14,1.1770935291665714e-17
463.98,-1.7107397688856955e-14,1.161867498192933e-17
463.99,-1.7105191218113528e-14,1.1764820229099448e-17
464.0,-1.7103210931464812e-14,1.1882348102894186e-17
464.01,-1.710145963281477e-14,1.1566926997623512e-17
464.02,-1.7099821792147415e-14,1.2104627565278197e-17
464.03,-1.7098076123125483e-14,1.1797741127101174e-17
464.04,-1.7095757196721025e-14,1.1589491698628824e-17
464.05,-1.7094843431911145e-14,1.177367940999588e-17
464.06,-1.7093193926612307e-14,1.1823498779857246e-17
464.07,-1.7090855465716957e-14,1.1761553648728545e-17
464.08,-1.708931578720792e-14,1.1868522984922206e-17
464.09,-1.708740208480473e-14,1.1719537850714307e-17
464.1,-1.7085650806281324e-14,1.1742656080499821e-17
464.11,-1.7084621537997653e-14,1.1935057476929169e-17
464.12,-1.7082125837255793e-14,1.1767906500473658e-17
464.13,-1.7080555920572163e-14,1.1706325934333491e-17
464.14,-1.7078412958904133e-14,1.1751636201166613e-17
464.15,-1.707683257827387e-14,1.1690650011869146e-17
464.16,-1.7075206274069467e-14,1.1764747023733679e-17
464.17,-1.707257855459976e-14,1.1596688068367446e-17
464.18,-1.7070925553807468e-14,1.164002653004977e-17
464.19,-1.7069853063357873e-14,1.1809254235856094e-17
464.2,-1.706786070917005e-14,1.159037091236917e-17
464.21,-1.7066135267733518e-14,1.1661581830193274e-17
464.22,-1.706439187604919e-14,1.1778912941421817e-17
464.23,-1.7062536155438434e-14,1.1755346066639604e-17
464.24,-1.7061045771435135e-14,1.1901383034084564e-17
464.25,-1.7059191502012626e-14,1.1710085739807394e-17
464.26,-1.705725378752908e-14,1.1891156340946719e-17
464.27,-1.705427195406839e-14,1.1511887480488681e-17
464.28,-1.705330874789733e-14,1.1536580940359756e-17
464.29,-1.7052026899699966e-14,1.1807144767417346e-17
464.3,-1.7050044003074408e-14,1.1896521519985015e-17
464.31,-1.704845472210528e-14,1.182410631681723e-17
464.32,-1.70465801173351e-14,1.1724661913912855e-17
464.33,-1.7044884199499184e-14,1.1747363405729428e-17
464.34,-1.7042735779935054e-14,1.1621813897722182e-17
464.35,-1.7040700156369024e-14,1.1774495692195701e-17
464.36,-1.7039182034369336e-14,1.1766761449810126e-17
464.37,-1.7037361899814205e-14,1.138128608587064e-17
464.38,-1.7036087738665115e-14,1.1823015045262685e-17
464.39,-1.7034348473705418e-14,1.1791976577609845e-17
464.4,-1.7032488308495074e-14,1.1789513583387316e-17
464.41,-1.703082208937571e-14,1.1808758982192955e-17
464.42,-1.702926375344837e-14,1.191665703037669e-17
464.43,-1.7027047642620122e-14,1.163364462120066e-17
464.44,-1.702521727061145e-14,1.1671390829715674e-17
464.45,-1.7023238858479086e-14,1.1501495577410914e-17
464.46,-1.702182320290116e-14,1.1602787907895668e-17
464.47,-1.702096256773611e-14,1.178424654301784e-17
464.48,-1.701828136067186e-14,1.1709459483682148e-17
464.49,-1.701641064184446e-14,1.1623856037942167e-17
464.5,-1.701476969240624e-14,1.1668662571246952e-17
464.51,-1.7012732959913748e-14,1.172800943408017e-17
464.52,-1.7011821508416125e-14,1.1830737523151386e-17
464.53,-1.7009013835527634e-14,1.1431342397348905e-17
464.54,-1.7007904055416573e-14,1.1608140754795706e-17
464.55,-1.7005826784967096e-14,1.1582218182914303e-17
464.56,-1.7004134869317123e-14,1.1617588695034315e-17
464.57,-1.7002706619374647e-14,1.1761892898366066e-17
464.58,-1.7000805940771607e-14,1.1598266012481174e-17
464.59,-1.6998671491058962e-14,1.1616175347174578e-17
464.6,-1.6997291574532786e-14,1.170059206334612e-17
464.61,-1.6995648137189817e-14,1.1769433843704061e-17
464.62,-1.6993782811336167e-14,1.1572829068582956e-17
464.63,-1.6992130105073105e-14,1.1826508191396578e-17
464.64,-1.6990012373674982e-14,1.1643012750935557e-17
464.65,-1.698840312761031e-14,1.1675157300096568e-17
464.66,-1.698645496655212e-14,1.1760819674299072e-17
464.67,-1.6984853939542906e-14,1.172410916594811e-17
464.68,-1.6982973688941677e-14,1.169885931496507e-17
464.69,-1.6980931959766333e-14,1.16916269232512e-17
464.7,-1.6979489642111747e-14,1.1679892071298902e-17
464.71,-1.6977874089435248e-14,1.1662941158814639e-17
464.72,-1.6976416534769564e-14,1.1815311994947264e-17
464.73,-1.697391440466921e-14,1.1663090486644288e-17
464.74,-1.6972545952638787e-14,1.1733047583223115e-17
464.75,-1.6970345534609332e-14,1.1582991304226478e-17
464.76,-1.6969424119026254e-14,1.1765801851440927e-17
464.77,-1.6966266701771762e-14,1.1325309797469003e-17
464.78,-1.6965481454745974e-14,1.1648836883320979e-17
464.79,-1.6963630458004757e-14,1.164248253840289e-17
464.8,-1.6961990564081064e-14,1.1765039998305564e-17
464.81,-1.695971111298785e-14,1.1506685166640061e-17
464.82,-1.6958477422427865e-14,1.1542453723762083e-17
464.83,-1.6956813742427165e-14,1.1651637012094e-17
464.84,-1.6954806403400434e-14,1.161619896200405e-17
464.85,-1.6953507769033037e-14,1.192131737200099e-17
464.86,-1.6951416882124863e-14,1.1524740030800682e-17
464.87,-1.694953049893926e-14,1.1617876700744653e-17
464.88,-1.6948106023340747e-14,1.18119521751263e-17
464.89,-1.694604613121471e-14,1.1780319776133966e-17
464.9,-1.694422333413311e-14,1.1485630039553802e-17
464.91,-1.694235370934955e-14,1.1574728826952785e-17
464.92,-1.694071900478384e-14,1.1574902900747701e-17
464.93,-1.6939236608911702e-14,1.1698458062445304e-17
464.94,-1.6937023357593565e-14,1.150777525295071e-17
464.95,-1.6935384003958156e-14,1.160068698011145e-17
464.96,-1.693374801082248e-14,1.1624254202877218e-17
464.97,-1.6932240604672064e-14,1.1816657628952816e-17
464.98,-1.693025111294252e-14,1.1609709269947317e-17
464.99,-1.692888057778675e-14,1.1665301772872407e-17
465.0,-1.6926271723071202e-14,1.1512866640516568e-17
465.01,-1.6924658595926947e-14,1.160087720787365e-17
465.02,-1.6923202303999818e-14,1.152556044654354e-17
465.03,-1.692137491228914e-14,1.15950370863466e-17
465.04,-1.691948858788758e-14,1.1475120796935033e-17
465.05,-1.6917951491648543e-14,1.1620310368375872e-17
465.06,-1.691627697333798e-14,1.1663634231205163e-17
465.07,-1.691452294150353e-14,1.1625906071889152e-17
465.08,-1.6912726592906132e-14,1.1684346966434488e-17
465.09,-1.6911162188690902e-14,1.1652703045444366e-17
465.1,-1.690888471190228e-14,1.154447186276019e-17
465.11,-1.690725774269627e-14,1.1568507721722004e-17
465.12,-1.690572109630956e-14,1.1536588393915376e-17
465.13,-1.6903687148419845e-14,1.1535777083078447e-17
465.14,-1.6902106168333156e-14,1.156852019107235e-17
465.15,-1.690030446175613e-14,1.1402909106055873e-17
465.16,-1.6898803843325917e-14,1.153148008775971e-17
465.17,-1.689691674955875e-14,1.1473262763152625e-17
465.18,-1.6895514836854482e-14,1.162585473949325e-17
465.19,-1.689372844715369e-14,1.179316828867822e-17
465.2,-1.6891343252714348e-14,1.1456193424225926e-17
465.21,-1.688976285793633e-14,1.153115124214917e-17
465.22,-1.6888052194721058e-14,1.1514799911680695e-17
465.23,-1.6886630037795322e-14,1.165301270703391e-17
465.24,-1.6884774458510484e-14,1.157494603662187e-17
465.25,-1.6883033171429117e-14,1.15893533980567e-17
465.26,-1.6880889856585293e-14,1.1492868532449862e-17
465.27,-1.6878535401631388e-14,1.1301634921434048e-17
465.28,-1.6877715293897783e-14,1.1598446242751235e-17
465.29,-1.6875902940056658e-14,1.1650274185666886e-17
465.3,-1.687413082522881e-14,1.1520940089095202e-17
465.31,-1.6872412978068716e-14,1.1315585112324474e-17
465.32,-1.6870759191939584e-14,1.1585379499988e-17
465.33,-1.686858581488911e-14,1.1495467504413971e-17
465.34,-1.6866964061278247e-14,1.1575840211581553e-17
465.35,-1.686532138121279e-14,1.1629697156190483e-17
465.36,-1.6863395060953444e-14,1.1743796558699607e-17
465.37,-1.686214743870517e-14,1.1653151430202159e-17
465.38,-1.6859963925875146e-14,1.1577664464530502e-17
465.39,-1.6858684794634374e-14,1.1517749138159371e-17
465.4,-1.685609616904618e-14,1.1394075766978337e-17
465.41,-1.6854668108281955e-14,1.1365493656814104e-17
465.42,-1.6853084479438847e-14,1.1379824854052043e-17
465.43,-1.6851596486675583e-14,1.1589200524105795e-17
465.44,-1.6849984916571297e-14,1.157113627804789e-17
465.45,-1.684789689814425e-14,1.1696045107553527e-17
465.46,-1.68459801132691e-14,1.1563884088297968e-17
465.47,-1.6844339052297627e-14,1.1494172667252598e-17
465.48,-1.6843868451614126e-14,1.1918804118329108e-17
465.49,-1.6841412537590256e-14,1.1652790294561437e-17
465.5,-1.6838441175925165e-14,1.1249687670021741e-17
465.51,-1.6837496104593465e-14,1.1538274182783047e-17
465.52,-1.6835777456204548e-14,1.1504122627991262e-17
465.53,-1.683352858810857e-14,1.130323273869009e-17
465.54,-1.6832608521464173e-14,1.1681875089004434e-17
465.55,-1.6830329963066703e-14,1.1521863563789618e-17
465.56,-1.6828910936587722e-14,1.1505556794436948e-17
465.57,-1.682707108040034e-14,1.1454899559430588e-17
465.58,-1.6824868555395597e-14,1.147833079866218e-17
465.59,-1.6823299205765403e-14,1.1323314640854329e-17
465.6,-1.682154871717342e-14,1.1431296189556357e-17
465.61,-1.68199065300878e-14,1.1431395731086332e-17
465.62,-1.6818616100908917e-14,1.1472090345374648e-17
465.63,-1.6817240977940883e-14,1.1698136489964216e-17
465.64,-1.681473431397021e-14,1.1375243084764304e-17
465.65,-1.6813127277908444e-14,1.1544552946449925e-17
465.66,-1.6811419508059025e-14,1.1417092842259505e-17
465.67,-1.6809406088241087e-14,1.1356265666931852e-17
465.68,-1.6807811107770415e-14,1.145941101319915e-17
465.69,-1.6805758819412384e-14,1.1343720846576482e-17
465.7,-1.680462403807009e-14,1.1416325737741948e-17
465.71,-1.6802664682373132e-14,1.1411204598224008e-17
465.72,-1.6801042569372308e-14,1.1265502623056815e-17
465.73,-1.6798763581211164e-14,1.1260236675052245e-17
465.74,-1.679711779821746e-14,1.1399693586750466e-17
465.75,-1.6796073228223618e-14,1.1617111322157065e-17
465.76,-1.6793754358763e-14,1.149174053976045e-17
465.77,-1.679194582683437e-14,1.1390689034136288e-17
465.78,-1.6790529671941082e-14,1.1393658411999305e-17
465.79,-1.6787752240595847e-14,1.1533986365962525e-17
465.8,-1.678700333105268e-14,1.1537763199098162e-17
465.81,-1.678501824645872e-14,1.1348750068112978e-17
465.82,-1.6783318201551678e-14,1.1306719522777547e-17
465.83,-1.6781885374677256e-14,1.1508288099481443e-17
465.84,-1.677976464390353e-14,1.1446533399645662e-17
465.85,-1.6777951309969572e-14,1.1346130565579953e-17
465.86,-1.6776737102522796e-14,1.1462636654800785e-17
465.87,-1.6774944738198267e-14,1.1517620475016955e-17
465.88,-1.6772809479132152e-14,1.1599810829863891e-17
465.89,-1.677051092083407e-14,1.1242149453785828e-17
465.9,-1.6769387333862505e-14,1.124146840234615e-17
465.91,-1.6767212966030016e-14,1.1191477924366788e-17
465.92,-1.6765698857154268e-14,1.1402554102666716e-17
465.93,-1.676440710613209e-14,1.1420833065471515e-17
465.94,-1.6762447742542458e-14,1.142332225802082e-17
465.95,-1.6761253788108465e-14,1.171230248976897e-17
465.96,-1.675910303499012e-14,1.1611183600929306e-17
465.97,-1.675729757412888e-14,1.146421879690017e-17
465.98,-1.675633932144424e-14,1.1772166997178743e-17
465.99,-1.675395728019575e-14,1.1485325660284177e-17
466.0,-1.6752332666537515e-14,1.153306060042849e-17
466.01,-1.6750626981510393e-14,1.1607640252021332e-17
466.02,-1.6748813905958816e-14,1.1372604176084017e-17
466.03,-1.6747013614240198e-14,1.1336538887793601e-17
466.04,-1.6745150846732937e-14,1.1310201161000193e-17
466.05,-1.674340386158448e-14,1.1345144765526902e-17
466.06,-1.6741512653240546e-14,1.1344851209325834e-17
466.07,-1.6739812638410763e-14,1.1426441033487925e-17
466.08,-1.6738569614506494e-14,1.139413016786972e-17
466.09,-1.6736379092294396e-14,1.14575259453765e-17
466.1,-1.6734942845297136e-14,1.1416196859746923e-17
466.11,-1.6732686494223898e-14,1.1240899121920709e-17
466.12,-1.6731486209126167e-14,1.1344285025963896e-17
466.13,-1.6729500162799267e-14,1.1421346993440216e-17
466.14,-1.6728372323789765e-14,1.1347338271648378e-17
466.15,-1.6725764668013988e-14,1.1141823103299631e-17
466.16,-1.6724093898434315e-14,1.1207029103037396e-17
466.17,-1.672262625436697e-14,1.1309021733721655e-17
466.18,-1.672096514397241e-14,1.1185163806781995e-17
466.19,-1.6718894126844997e-14,1.1315121416685252e-17
466.2,-1.67175586175475e-14,1.1349199043748362e-17
466.21,-1.6715776989194597e-14,1.104351097786051e-17
466.22,-1.6713761516203522e-14,1.1223931350878988e-17
466.23,-1.671200376768341e-14,1.1437561146310074e-17
466.24,-1.67107646700189e-14,1.1304679147521725e-17
466.25,-1.6708709876108714e-14,1.1249222747932207e-17
466.26,-1.6706930146928606e-14,1.1318474175333074e-17
466.27,-1.6705170727418124e-14,1.1385805556590494e-17
466.28,-1.6703521009022885e-14,1.130027938841047e-17
466.29,-1.67018245033576e-14,1.124285345969916e-17
466.3,-1.6699975439552103e-14,1.1225712653843404e-17
466.31,-1.6698206805898936e-14,1.1374953413419642e-17
466.32,-1.6695920754601755e-14,1.1247574059054855e-17
466.33,-1.669467972229271e-14,1.1281037282431714e-17
466.34,-1.669277132241585e-14,1.0733517576370514e-17
466.35,-1.669109653254785e-14,1.1104546756904375e-17
466.36,-1.66896906733329e-14,1.1346438762762021e-17
466.37,-1.6688144884336923e-14,1.1378297168268645e-17
466.38,-1.6686060719186374e-14,1.1196659352422195e-17
466.39,-1.6684366109134067e-14,1.1333999458603285e-17
466.4,-1.6683060656874352e-14,1.1193245586165244e-17
466.41,-1.6680536564110807e-14,1.07317838848497e-17
466.42,-1.6679313185018716e-14,1.1381456594850017e-17
466.43,-1.6678769980164962e-14,1.1443979863281708e-17
466.44,-1.6676043247459936e-14,1.1345688368959101e-17
466.45,-1.6674173337829865e-14,1.120587639509005e-17
466.46,-1.667241462791199e-14,1.1374119924843371e-17
466.47,-1.6670845130704122e-14,1.1361468084586405e-17
466.48,-1.6668516605255112e-14,1.1012677783181834e-17
466.49,-1.6667360991224533e-14,1.1190480598958875e-17
466.5,-1.666390712028893e-14,1.0320008703655168e-17
466.51,-1.666350394611689e-14,1.1222111794144679e-17
466.52,-1.6662273177063118e-14,1.1200033394643351e-17
466.53,-1.666035701543787e-14,1.121198074793831e-17
466.54,-1.6658886460944425e-14,1.1443485458464105e-17
466.55,-1.6656876783992932e-14,1.1297835707489125e-17
466.56,-1.6655233678925778e-14,1.1192780305461425e-17
466.57,-1.665331172099744e-14,1.1351491170903828e-17
466.58,-1.6651726028252812e-14,1.1199217484486101e-17
466.59,-1.6649611040830552e-14,1.0232070044517552e-17
466.6,-1.664850225648284e-14,1.1318093774575027e-17
466.61,-1.6646534821750507e-14,1.1258192415203314e-17
466.62,-1.664487858099199e-14,1.1200703873807502e-17
466.63,-1.6642712007411193e-14,1.117020173224461e-17
466.64,-1.664163916875279e-14,1.1242751079271103e-17
466.65,-1.6639497616151366e-14,1.1311326814699042e-17
466.66,-1.6637326370916668e-14,1.1094997531564736e-17
466.67,-1.6636239515370776e-14,1.1262556366072906e-17
466.68,-1.6634827406832235e-14,1.1038728378255568e-17
466.69,-1.6632942824328718e-14,1.123304932542985e-17
466.7,-1.6631072219960756e-14,1.121378316859721e-17
466.71,-1.6629360039884876e-14,1.1223171871654322e-17
466.72,-1.662740897202359e-14,1.1228403585884008e-17
466.73,-1.6625620667680357e-14,1.115754079076791e-17
466.74,-1.662441154069394e-14,1.1135672152185272e-17
466.75,-1.662278053773827e-14,1.1400178459458268e-17
466.76,-1.6620316364451488e-14,1.0983482781198614e-17
466.77,-1.6619006444890744e-14,1.1462102767261625e-17
466.78,-1.6617270647057764e-14,1.134219016457339e-17
466.79,-1.6615979791844586e-14,1.1293389501245836e-17
466.8,-1.6613895569296067e-14,1.1149337855576843e-17
466.81,-1.6612322222403258e-14,1.134138739728729e-17
466.82,-1.6610165062545496e-14,1.0717122180579693e-17
466.83,-1.6608352947008103e-14,1.1222655675621429e-17
466.84,-1.6607182487334476e-14,1.105420580889959e-17
466.85,-1.660555421530766e-14,1.1448354765315197e-17
466.86,-1.660310593592777e-14,1.1128350832555022e-17
466.87,-1.66019130746133e-14,1.1300339457619229e-17
466.88,-1.660041019862851e-14,1.1170073434167322e-17
466.89,-1.65982674533268e-14,1.1358720181322095e-17
466.9,-1.6596709872598748e-14,1.1230375162424784e-17
466.91,-1.65948585315736e-14,1.1276666673237622e-17
466.92,-1.659318882748067e-14,1.1242139123746084e-17
466.93,-1.6591570775378474e-14,1.1110881687677473e-17
466.94,-1.6589887600673056e-14,1.1350269209851863e-17
466.95,-1.6588383850203394e-14,1.1045124100731985e-17
466.96,-1.65862516270947e-14,1.1209655841015094e-17
466.97,-1.6584639974457e-14,1.1081534181942819e-17
466.98,-1.6582878150132328e-14,1.1095588626375845e-17
466.99,-1.6581454454816093e-14,1.122219907591092e-17
467.0,-1.6579624271942494e-14,1.127049622898834e-17
467.01,-1.6577593425120807e-14,1.112871919261474e-17
467.02,-1.6575874370321328e-14,1.1150978236293359e-17
467.03,-1.6574689628220095e-14,1.1263679944640469e-17
467.04,-1.6573151071302237e-14,1.133384423233226e-17
467.05,-1.6570807840430928e-14,1.1161736932797234e-17
467.06,-1.656904814880119e-14,1.1098890304868938e-17
467.07,-1.6567552432892835e-14,1.1211365540661174e-17
467.08,-1.65657656396396e-14,1.1299154119985004e-17
467.09,-1.656396782659602e-14,1.1288290487465534e-17
467.1,-1.6562536521466286e-14,1.1104350516428706e-17
467.11,-1.6560536989703654e-14,1.1111758295803328e-17
467.12,-1.655908241747813e-14,1.1103133970663042e-17
467.13,-1.6557326327991416e-14,1.1264645880371754e-17
467.14,-1.6555642370456827e-14,1.1245787571981333e-17
467.15,-1.6553798469265165e-14,1.1264989751973377e-17
467.16,-1.6551404695941486e-14,1.1061848864256784e-17
467.17,-1.6550403793129674e-14,1.1224496607030797e-17
467.18,-1.654873626337095e-14,1.1114392550462765e-17
467.19,-1.6547232260112447e-14,1.1195592375668766e-17
467.2,-1.6545227352017132e-14,1.140714968702991e-17
467.21,-1.6543449727071887e-14,1.1046785205773133e-17
467.22,-1.6541698683558793e-14,1.1089143399857103e-17
467.23,-1.6540223198833564e-14,1.1199300054503016e-17
467.24,-1.653862488155336e-14,1.1314533603247487e-17
467.25,-1.653696819794827e-14,1.1035663680611036e-17
467.26,-1.6535267147341435e-14,1.1226894620977318e-17
467.27,-1.6533595129896225e-14,1.1158282390490274e-17
467.28,-1.6531966289335174e-14,1.1022579930920926e-17
467.29,-1.6529717977289335e-14,1.1169519368518893e-17
467.3,-1.652823428581528e-14,1.1163300342237246e-17
467.31,-1.65263266841393e-14,1.0979356649194916e-17
467.32,-1.6524538805799294e-14,1.100730169833303e-17
467.33,-1.652329979325749e-14,1.1097379315450341e-17
467.34,-1.6521494425426376e-14,1.1228266545760782e-17
467.35,-1.6519494216076542e-14,1.1011221958849282e-17
467.36,-1.6517752595539183e-14,1.1028745468249932e-17
467.37,-1.6516185777588377e-14,1.1102176497254608e-17
467.38,-1.6514859742377838e-14,1.1242995524470574e-17
467.39,-1.651276776648737e-14,1.119450781374926e-17
467.4,-1.6511091333605124e-14,1.1241229180553274e-17
467.41,-1.6509173157485078e-14,1.108991854015189e-17
467.42,-1.650734597159053e-14,1.0679159242851844e-17
467.43,-1.6505841922623185e-14,1.1016034746726927e-17
467.44,-1.6504408356042825e-14,1.1152024135110569e-17
467.45,-1.6502571719883624e-14,1.1275164576768643e-17
467.46,-1.6500841711797004e-14,1.1164585760441893e-17
467.47,-1.6499762260568886e-14,1.1405555801365983e-17
467.48,-1.6497289553001006e-14,1.1092968735903524e-17
467.49,-1.6495902197093166e-14,1.1208125685479885e-17
467.5,-1.6494114611416113e-14,1.1159700092143303e-17
467.51,-1.649119481286914e-14,1.0671693351968053e-17
467.52,-1.6490469961725502e-14,1.1115000224733577e-17
467.53,-1.6488777795360438e-14,1.1204150003555267e-17
467.54,-1.6487138784498345e-14,1.1164904666486245e-17
467.55,-1.6485098263524006e-14,1.0932704820352955e-17
467.56,-1.6483799596325237e-14,1.0783788753360039e-17
467.57,-1.6482091446049255e-14,1.1140039625874092e-17
467.58,-1.6480146589790188e-14,1.0919467399242771e-17
467.59,-1.6478668721394264e-14,1.1187420651406696e-17
467.6,-1.647585427520143e-14,1.1166158162885435e-17
467.61,-1.647525911669966e-14,1.1264651614283684e-17
467.62,-1.6473360398133785e-14,1.1186829742518137e-17
467.63,-1.6471899956410383e-14,1.1062415446386216e-17
467.64,-1.6470441661915008e-14,1.11326177088818e-17
467.65,-1.6467160526971774e-14,1.0995061662004852e-17
467.66,-1.6466604338068762e-14,1.1105906117516662e-17
467.67,-1.6465346651860426e-14,1.1313299057914824e-17
467.68,-1.6463504353356018e-14,1.131886014198489e-17
467.69,-1.6454996212879194e-14,9.422751146154218e-18
467.7,-1.646090440368141e-14,1.1292490202999292e-17
467.71,-1.6457923667052248e-14,1.1142143824005975e-17
467.72,-1.645618525858457e-14,1.1001744403607382e-17
467.73,-1.6454742586480054e-14,1.1056965477977271e-17
467.74,-1.6452095113162312e-14,1.0421247192727628e-17
467.75,-1.6451646048727243e-14,1.115666944653099e-17
467.76,-1.6447532643683748e-14,1.0821893734926969e-17
467.77,-1.6448045757902403e-14,1.1112480453865871e-17
467.78,-1.6445803654518777e-14,1.133588335316217e-17
467.79,-1.6444679508811416e-14,1.1057623361933782e-17
467.8,-1.6442377402357822e-14,1.0850985973644267e-17
467.81,-1.6441052645156427e-14,1.1061687442805552e-17
467.82,-1.6439487050324143e-14,1.107904355677948e-17
467.83,-1.6436178776553676e-14,1.1425434689141455e-17
467.84,-1.6436243709036037e-14,1.1063319861337127e-17
467.85,-1.6434446052605792e-14,1.1029220059694272e-17
467.86,-1.6432630030245882e-14,1.1110983620495929e-17
467.87,-1.6431375065582927e-14,1.1288135124278635e-17
467.88,-1.6429459244077387e-14,1.1137044793374489e-17
467.89,-1.6427341947487497e-14,1.1017242821349201e-17
467.9,-1.6425966040484376e-14,1.1121121250249661e-17
467.91,-1.642447101052115e-14,1.1110305612011654e-17
467.92,-1.6420922434404795e-14,1.0388371894559285e-17
467.93,-1.6420216890808186e-14,1.102784258484794e-17
467.94,-1.6419002871801628e-14,1.1096480906630409e-17
467.95,-1.6417494144444775e-14,1.1262060421478269e-17
467.96,-1.6416395974315487e-14,1.1030571646380949e-17
467.97,-1.6413992374246143e-14,1.1172708783627189e-17
467.98,-1.641202069205423e-14,1.1025916018875672e-17
467.99,-1.6410533256396144e-14,1.1078586374649885e-17
468.0,-1.6408742366609028e-14,1.0977633788049226e-17
468.01,-1.6406962679385472e-14,1.1709465395025211e-17
468.02,-1.64057782683363e-14,1.1236077312767718e-17
468.03,-1.6403930411011805e-14,1.1108842222451468e-17
468.04,-1.6402071956493615e-14,1.094603880500693e-17
468.05,-1.6400354870327906e-14,1.1006016729844383e-17
468.06,-1.639878008367483e-14,1.1237842879884881e-17
468.07,-1.6397129004909224e-14,1.1232415997862774e-17
468.08,-1.6395504141684675e-14,1.112707370546255e-17
468.09,-1.6393762817328943e-14,1.0977769864528221e-17
468.1,-1.6391444963953183e-14,1.1275263478743484e-17
468.11,-1.6390531132407478e-14,1.1101199463833111e-17
468.12,-1.638891059874767e-14,1.1147678217115395e-17
468.13,-1.638708604786421e-14,1.1039093300673535e-17
468.14,-1.638479357039389e-14,1.1144226628900166e-17
468.15,-1.6384261037742786e-14,1.1580423698636971e-17
468.16,-1.6382070793961786e-14,1.1097362928199465e-17
468.17,-1.638029116309771e-14,1.113276507525984e-17
468.18,-1.638045704942511e-14,1.1543116778926014e-17
468.19,-1.637699399418119e-14,1.1462471820326329e-17
468.2,-1.6375520666528105e-14,1.1082259350048295e-17
468.21,-1.6373896100685832e-14,1.1332797553094543e-17
468.22,-1.6372221936754574e-14,1.1203129787260591e-17
468.23,-1.636998009045723e-14,1.1214359861437681e-17
468.24,-1.636887984797934e-14,1.1268745808980151e-17
468.25,-1.6366780878299143e-14,1.1090498210912723e-17
468.26,-1.63650095511881e-14,1.1129301971366017e-17
468.27,-1.6362779068225292e-14,1.0932132768960769e-17
468.28,-1.6361913685502152e-14,1.0727412842264193e-17
468.29,-1.6360123663701407e-14,1.1212417377941323e-17
468.3,-1.635825391260123e-14,1.0866124999316421e-17
468.31,-1.6357278668761632e-14,1.1812356874240012e-17
468.32,-1.635556015701134e-14,1.1127794329540653e-17
468.33,-1.635322202180516e-14,1.1066053887123935e-17
468.34,-1.6351749887050234e-14,1.1202407748209542e-17
468.35,-1.6350300648744543e-14,1.1233111389924242e-17
468.36,-1.6348025270967965e-14,1.102387622452496e-17
468.37,-1.6346765656265715e-14,1.088563252883773e-17
468.38,-1.634499536440522e-14,1.1272258342665762e-17
468.39,-1.6342174664879328e-14,1.0748664949698467e-17
468.4,-1.6341491030112792e-14,1.1111935801974001e-17
468.41,-1.6339664676699895e-14,1.0862937075274705e-17
468.42,-1.6338279149839295e-14,1.1169704713913521e-17
468.43,-1.6336333852197137e-14,1.1164204830451314e-17
468.44,-1.63348239624121e-14,1.1207146168220041e-17
468.45,-1.633304782303968e-14,1.1161744184072806e-17
468.46,-1.6330860960083743e-14,1.0858356084301076e-17
468.47,-1.632950472367327e-14,1.153852167824449e-17
468.48,-1.63283190184494e-14,1.1119938778896696e-17
468.49,-1.632616171793896e-14,1.1074982554408583e-17
468.5,-1.6324757019051065e-14,1.1115295066232457e-17
468.51,-1.6323194771896795e-14,1.107438955857316e-17
468.52,-1.6320991567430153e-14,1.102066494948014e-17
468.53,-1.6319232178314996e-14,1.1010746602617855e-17
468.54,-1.6317892730032977e-14,1.1095860465480511e-17
468.55,-1.631606440805365e-14,1.0786339774487148e-17
468.56,-1.6314285959226055e-14,1.1041081873214245e-17
468.57,-1.6312560877446468e-14,1.106689152635773e-17
468.58,-1.631111512803488e-14,1.100251535532948e-17
468.59,-1.630910933910285e-14,1.106496580768411e-17
468.6,-1.6307727493586767e-14,1.1069196915922443e-17
468.61,-1.6306065690397332e-14,1.1068559226531431e-17
468.62,-1.630495755453223e-14,1.1134055935541537e-17
468.63,-1.630279830513221e-14,1.1127921048872541e-17
468.64,-1.630093548678598e-14,1.1216350365545481e-17
468.65,-1.629928062593987e-14,1.0903893656769536e-17
468.66,-1.629757324892054e-14,1.1229529652634366e-17
468.67,-1.6295820578618792e-14,1.100525257494246e-17
468.68,-1.6294342946157365e-14,1.1217860956591531e-17
468.69,-1.6292714787289415e-14,1.1051215835202228e-17
468.7,-1.6290516071262303e-14,1.0803367478874948e-17
468.71,-1.628948077792009e-14,1.1131318618244347e-17
468.72,-1.6287776128239257e-14,1.107332842602135e-17
468.73,-1.628612015872156e-14,1.1151308216725894e-17
468.74,-1.628416248613571e-14,1.0999258946228564e-17
468.75,-1.628272350927227e-14,1.0937433001952028e-17
468.76,-1.628107043425683e-14,1.1183670436330582e-17
468.77,-1.627908214091656e-14,1.0884578243659652e-17
468.78,-1.6277170937002243e-14,1.0836262162225308e-17
468.79,-1.6276400569990992e-14,1.1048971359248627e-17
468.8,-1.627389842821698e-14,1.0898276688903803e-17
468.81,-1.627240388366346e-14,1.0990921691294545e-17
468.82,-1.627142632949137e-14,1.1438030611373782e-17
468.83,-1.6269243287516636e-14,1.1111067610093538e-17
468.84,-1.626731581007535e-14,1.103225032747142e-17
468.85,-1.626578124116106e-14,1.0971986576914049e-17
468.86,-1.6264012539089975e-14,1.0665780499146465e-17
468.87,-1.626250004966946e-14,1.107983189602827e-17
468.88,-1.6260897300890937e-14,1.109410510142678e-17
468.89,-1.625903604129144e-14,1.0995785849121223e-17
468.9,-1.625744040043862e-14,1.1068779354549306e-17
468.91,-1.6255607640167838e-14,1.124469180431997e-17
468.92,-1.625425472386684e-14,1.1154923702397535e-17
468.93,-1.625231183070764e-14,1.1066129583404233e-17
468.94,-1.6250521022426805e-14,1.0826359842353996e-17
468.95,-1.6249173570165745e-14,1.1063086238910001e-17
468.96,-1.624719941552741e-14,1.0981582674055332e-17
468.97,-1.6245905471528346e-14,1.1119129662136722e-17
468.98,-1.6243800968890285e-14,1.0850610573541213e-17
468.99,-1.6242291580817685e-14,1.1027124856277369e-17
469.0,-1.6240838189656446e-14,1.0986100597132071e-17
469.01,-1.6239020796300443e-14,1.0943903606487125e-17
469.02,-1.623729126033979e-14,1.1124906680056852e-17
469.03,-1.6235187688574884e-14,1.08071264396832e-17
469.04,-1.6234039050829078e-14,1.099978476047028e-17
469.05,-1.6232223981621167e-14,1.0990923695137418e-17
469.06,-1.6230904747994426e-14,1.1136914673789414e-17
469.07,-1.6228889772715212e-14,1.1099469836080896e-17
469.08,-1.6227219538723597e-14,1.1031410272988869e-17
469.09,-1.622546225255366e-14,1.101871833823334e-17
469.1,-1.622407378569985e-14,1.1066582191523196e-17
469.11,-1.6222436343902677e-14,1.0995565104323647e-17
469.12,-1.6220412307870274e-14,1.1002276338120524e-17
469.13,-1.62190930795348e-14,1.1061145735263324e-17
469.14,-1.6217326963956325e-14,1.1015793230539886e-17
469.15,-1.6215372530847032e-14,1.0881382481052233e-17
469.16,-1.6214000044337476e-14,1.1053223830576825e-17
469.17,-1.6212060183915015e-14,1.1064290587149414e-17
469.18,-1.6210782104423578e-14,1.0969819939348908e-17
469.19,-1.6209022841904528e-14,1.1142339630102854e-17
469.2,-1.6207163358028672e-14,1.0956465858471893e-17
469.21,-1.6205627085892434e-14,1.108914925880351e-17
469.22,-1.6204151593822724e-14,1.1241636833100468e-17
469.23,-1.6202412585763024e-14,1.1104629083632309e-17
469.24,-1.6200654045737482e-14,1.1112979020926189e-17
469.25,-1.6199442575078504e-14,1.141211885742659e-17
469.26,-1.6197046998465803e-14,1.0939521972010256e-17
469.27,-1.6194901865024942e-14,1.0865661714951434e-17
469.28,-1.619359821768065e-14,1.08951976295735e-17
469.29,-1.6192006184641803e-14,1.0892147316521819e-17
469.3,-1.6190707841293322e-14,1.0734636811545127e-17
469.31,-1.6188476165213952e-14,1.0858221394358654e-17
469.32,-1.6187212693420842e-14,1.1039792976095606e-17
469.33,-1.6185542701723995e-14,1.0952990351184316e-17
469.34,-1.6184168647992616e-14,1.0961954738768503e-17
469.35,-1.6182179461341533e-14,1.0928854435678185e-17
469.36,-1.6180266826453017e-14,1.0877879667209157e-17
469.37,-1.6178946846608932e-14,1.0928497267438345e-17
469.38,-1.6177411701938095e-14,1.1044440602974175e-17
469.39,-1.617544495828402e-14,1.0783011007714062e-17
469.4,-1.617395954458357e-14,1.0808734928873731e-17
469.41,-1.617246031468548e-14,1.1115758876670379e-17
469.42,-1.6170307188434754e-14,1.0884546858590769e-17
469.43,-1.6169061536915722e-14,1.1097643621022085e-17
469.44,-1.6167639954195695e-14,1.1034916581214797e-17
469.45,-1.6165902737583903e-14,1.0921817812606804e-17
469.46,-1.6164110257297153e-14,1.1062252921182365e-17
469.47,-1.6162615000259204e-14,1.0966290755112653e-17
469.48,-1.6160342033944876e-14,1.080340452883831e-17
469.49,-1.6158990780134667e-14,1.0802759677167049e-17
469.5,-1.615734762077727e-14,1.0912768437123942e-17
469.51,-1.6155387182824272e-14,1.0877553992254405e-17
469.52,-1.6153988210606775e-14,1.0918871313387111e-17
469.53,-1.615244923090032e-14,1.1039791565335456e-17
469.54,-1.6150834417687786e-14,1.1096990327433704e-17
469.55,-1.614939596262656e-14,1.0995566168844603e-17
469.56,-1.6147508333223675e-14,1.1120182036285095e-17
469.57,-1.614559485709056e-14,1.0833211814418057e-17
469.58,-1.6144209538967306e-14,1.1163869651428188e-17
469.59,-1.614225149748637e-14,1.0849029932316323e-17
469.6,-1.6140779693178972e-14,1.1050881732021947e-17
469.61,-1.613895346656209e-14,1.1023720820789894e-17
469.62,-1.613751125002923e-14,1.0937702952407467e-17
469.63,-1.613589388416153e-14,1.0888569257529681e-17
469.64,-1.6133436038651537e-14,1.0824671510076402e-17
469.65,-1.6132676800469644e-14,1.123973983990479e-17
469.66,-1.6130330383213738e-14,1.0859432585923565e-17
469.67,-1.612959249746584e-14,1.1235190331684258e-17
469.68,-1.6127441231296772e-14,1.0957661308528606e-17
469.69,-1.6125458040412167e-14,1.0856493807706228e-17
469.7,-1.6124062138058287e-14,1.0847408657684075e-17
469.71,-1.6122161814384734e-14,1.0830541255460198e-17
469.72,-1.612112110649924e-14,1.0828362283485838e-17
469.73,-1.6118409395353547e-14,1.020427445815022e-17
469.74,-1.6116811241158734e-14,1.0858469242641784e-17
469.75,-1.611567148572109e-14,1.0944555249844219e-17
469.76,-1.6113751765806316e-14,1.082499908500227e-17
469.77,-1.6112267493929853e-14,1.0986588600474098e-17
469.78,-1.6110791703236276e-14,1.095492868981575e-17
469.79,-1.610929581632835e-14,1.0946382576554642e-17
469.8,-1.6107533271042705e-14,1.0898267141917563e-17
469.81,-1.6106212776206656e-14,1.1088208127490042e-17
469.82,-1.610368045324994e-14,1.0800295402517756e-17
469.83,-1.610268621197528e-14,1.0714685592427463e-17
469.84,-1.6100775017047645e-14,1.0997373711210564e-17
469.85,-1.6098573039382562e-14,1.086658816993591e-17
469.86,-1.609752509952296e-14,1.0738936214476928e-17
469.87,-1.6095768050121124e-14,1.08623887387659e-17
469.88,-1.609439172222332e-14,1.0886008608846607e-17
469.89,-1.6094750293610786e-14,1.1221563441311288e-17
469.9,-1.6090916643832368e-14,1.0854715004509798e-17
469.91,-1.6089532238270293e-14,1.0920894431910404e-17
469.92,-1.608821455472719e-14,1.0921108321369432e-17
469.93,-1.608615959806773e-14,1.0896650687777441e-17
469.94,-1.608496704752137e-14,1.0475371573542527e-17
469.95,-1.608258778159411e-14,1.0927930339859618e-17
469.96,-1.608105193271972e-14,1.0851806537361596e-17
469.97,-1.6079654351126585e-14,1.0996562015429377e-17
469.98,-1.6077929468382205e-14,1.1027606969471968e-17
469.99,-1.607573154333326e-14,1.081435518614345e-17
470.0,-1.607474605429832e-14,1.0859096579085969e-17
470.01,-1.607270342317646e-14,1.0799221487025577e-17
470.02,-1.6071301363228906e-14,1.083001382969226e-17
470.03,-1.6070174195742286e-14,1.1785703423807793e-17
470.04,-1.60677017224567e-14,1.070151132330553e-17
470.05,-1.6066279739275105e-14,1.0894232301538077e-17
470.06,-1.6064616859773103e-14,1.1093542130519471e-17
470.07,-1.606319149863139e-14,1.0950744774900988e-17
470.08,-1.606129594376861e-14,1.0644280601355008e-17
470.09,-1.6059217743496546e-14,1.0831478042327515e-17
470.1,-1.6058402176947595e-14,1.1120718474277445e-17
470.11,-1.605651387168159e-14,1.0905898896185475e-17
470.12,-1.6055380094565135e-14,1.1312554823746646e-17
470.13,-1.6053273895117004e-14,1.0943882787506226e-17
470.14,-1.605145254384681e-14,1.0920823315696635e-17
470.15,-1.6049947766153653e-14,1.0732766966661786e-17
470.16,-1.6048250474825036e-14,1.0851635701627209e-17
470.17,-1.6047038601469078e-14,1.1004674027945031e-17
470.18,-1.60448465641901e-14,1.0719427185200148e-17
470.19,-1.6042877787803374e-14,1.0643801407891521e-17
470.2,-1.6041456075405053e-14,1.0918396541779905e-17
470.21,-1.6038959223694603e-14,1.161680678424933e-17
470.22,-1.6038314357539222e-14,1.082314250779417e-17
470.23,-1.6036602965631842e-14,1.0826159440228038e-17
470.24,-1.6034991100355353e-14,1.0826537440218814e-17
470.25,-1.6033194492908748e-14,1.0826316709705248e-17
470.26,-1.6031601807197697e-14,1.1228051102273618e-17
470.27,-1.602978685383642e-14,1.0817890561083816e-17
470.28,-1.6027663300843595e-14,1.0733876882867757e-17
470.29,-1.602688652834039e-14,1.0850569157475295e-17
470.3,-1.6025759158452083e-14,1.1846177658436661e-17
470.31,-1.602380323269062e-14,1.0861612836744888e-17
470.32,-1.6021825859799273e-14,1.0808921759015741e-17
470.33,-1.6020475757168024e-14,1.0933062234251476e-17
470.34,-1.601852161638098e-14,1.0645336291763941e-17
470.35,-1.601057050992043e-14,9.802241086327137e-18
470.36,-1.6015417610990226e-14,1.083681426023458e-17
470.37,-1.601374130825232e-14,1.0680647442951566e-17
470.38,-1.601195361189089e-14,1.0678968137577348e-17
470.39,-1.6009057450861926e-14,1.0749927240638988e-17
470.4,-1.6008539536044494e-14,1.0732033669834263e-17
470.41,-1.600678280072505e-14,1.0701241593231995e-17
470.42,-1.6005499300395376e-14,1.0842967513905397e-17
470.43,-1.60035650507456e-14,1.0799819250693173e-17
470.44,-1.6001690711740727e-14,1.1281603548338128e-17
470.45,-1.6000128727888852e-14,1.0838576628852001e-17
470.46,-1.599860488661591e-14,1.083490666849922e-17
470.47,-1.5997128850543603e-14,1.0786160255060632e-17
470.48,-1.5994856873440176e-14,1.112251132191634e-17
470.49,-1.599386428837489e-14,1.0691683934565393e-17
470.5,-1.5992293511550953e-14,1.0841379822039357e-17
470.51,-1.599085899679022e-14,1.0868761860149861e-17
470.52,-1.598877173731896e-14,1.07231098593442e-17
470.53,-1.598653020322102e-14,1.0609330601211141e-17
470.54,-1.598575546432357e-14,1.0857837868232376e-17
470.55,-1.5984144053140706e-14,1.0800655959425591e-17
470.56,-1.598249979041353e-14,1.0811816207755241e-17
470.57,-1.5980712974665015e-14,1.0276169984725499e-17
470.58,-1.5979277195861603e-14,1.0598314699803631e-17
470.59,-1.597765123294583e-14,1.0696166738126832e-17
470.6,-1.5975589307826877e-14,1.0666225755903031e-17
470.61,-1.5974266923895306e-14,1.088854036459309e-17
470.62,-1.5972684712474358e-14,1.0397023698716417e-17
470.63,-1.597123255371506e-14,1.0771749098752089e-17
470.64,-1.5969737856983753e-14,1.0735199851502798e-17
470.65,-1.5967786192683197e-14,1.0781892576393638e-17
470.66,-1.596587194510731e-14,1.0439728253901304e-17
470.67,-1.5964821947342542e-14,1.1142660872076911e-17
470.68,-1.596249324389789e-14,1.0693015807570679e-17
470.69,-1.5960695584235902e-14,1.0724093845492247e-17
470.7,-1.595966014920155e-14,1.0703023139748694e-17
470.71,-1.595834637882906e-14,1.0714848163840423e-17
470.72,-1.5956429226714454e-14,1.0741751512871057e-17
470.73,-1.5954468746886523e-14,1.062664006320582e-17
470.74,-1.5952997276159917e-14,1.0829068038565347e-17
470.75,-1.5952187796713995e-14,1.0960564354334612e-17
470.76,-1.5949707542462423e-14,1.0785406039132476e-17
470.77,-1.5947808672299605e-14,1.0622448630161173e-17
470.78,-1.594626594165443e-14,1.0810023171560801e-17
470.79,-1.5944661441042508e-14,1.0656953741509897e-17
470.8,-1.594330577348117e-14,1.08775720509322e-17
470.81,-1.594197542067895e-14,1.082636574296759e-17
470.82,-1.5940032134220464e-14,1.0725776412623973e-17
470.83,-1.5938475425302423e-14,1.1018740451990838e-17
470.84,-1.5936616724329464e-14,1.0967323953402321e-17
470.85,-1.5934908350895874e-14,1.0787340335717542e-17
470.86,-1.5932921143257973e-14,1.0491000023453897e-17
470.87,-1.593144794256817e-14,1.073961691335822e-17
470.88,-1.5930222586166187e-14,1.078165363896451e-17
470.89,-1.5928195678787162e-14,1.065194628179785e-17
470.9,-1.5926954602137908e-14,1.0758335242377206e-17
470.91,-1.5925083093147383e-14,1.085030681875281e-17
470.92,-1.5923346683618887e-14,1.0515724338634725e-17
470.93,-1.592191113397053e-14,1.0807656459875387e-17
470.94,-1.5920480785788004e-14,1.0727195015947055e-17
470.95,-1.5918636694274848e-14,1.0661347396805961e-17
470.96,-1.591720320921578e-14,1.0772598785793303e-17
470.97,-1.59153950908463e-14,1.0676978621370273e-17
470.98,-1.591364180365637e-14,1.0581810203516456e-17
470.99,-1.5912121406009983e-14,1.0603622850877122e-17
471.0,-1.5910753481619126e-14,1.0849071781707833e-17
471.01,-1.590890480654256e-14,1.0631040308236794e-17
471.02,-1.5907305796086752e-14,1.0479649344818699e-17
471.03,-1.590540087421524e-14,1.0670740034088187e-17
471.04,-1.590423918928115e-14,1.0706378089840474e-17
471.05,-1.5902426509023624e-14,1.0759974464048149e-17
471.06,-1.590065585060631e-14,1.0510245942013274e-17
471.07,-1.5899189867788554e-14,1.0807002460117033e-17
471.08,-1.5897707734569914e-14,1.076569403904304e-17
471.09,-1.589591931788483e-14,1.0472952417941245e-17
471.1,-1.589409487898516e-14,1.0694059898308391e-17
471.11,-1.5892348500137337e-14,1.0331149497094186e-17
471.12,-1.5890902203506948e-14,1.059621929061796e-17
471.13,-1.5889580236705927e-14,1.0628161206384966e-17
471.14,-1.588788122306034e-14,1.0710880491626356e-17
471.15,-1.5886413807648304e-14,1.071569486993333e-17
471.16,-1.5884268474111995e-14,1.073676333631237e-17
471.17,-1.5882926213954613e-14,1.0635802420486893e-17
471.18,-1.5880679951667964e-14,1.0282643464625698e-17
471.19,-1.5879684293273674e-14,1.0395283068456853e-17
471.2,-1.5878106217497687e-14,1.0680171615512296e-17
471.21,-1.5876295249335698e-14,1.0692985198709507e-17
471.22,-1.5873907392580523e-14,1.0667169823535495e-17
471.23,-1.587304507883707e-14,1.0675119282674221e-17
471.24,-1.5871405445054534e-14,1.0737029453386509e-17
471.25,-1.5869607248677297e-14,1.0492313496972754e-17
471.26,-1.5867981188575344e-14,1.0560057669598914e-17
471.27,-1.5866395511939036e-14,1.0664996926939952e-17
471.28,-1.586570433081372e-14,1.0714252823978828e-17
471.29,-1.58635957396109e-14,1.0540220262858578e-17
471.3,-1.5861697826122888e-14,1.0601442901534028e-17
471.31,-1.5860033194576924e-14,1.0929126293213834e-17
471.32,-1.5858703939880896e-14,1.0691821316320066e-17
471.33,-1.585692561215569e-14,1.0621985907414587e-17
471.34,-1.585496546285849e-14,1.0339293911805722e-17
471.35,-1.5853960087456348e-14,1.0875179196344609e-17
471.36,-1.585197373594455e-14,1.1126432483641869e-17
471.37,-1.585050969450022e-14,1.0842735320636493e-17
471.38,-1.584901132873156e-14,1.0743409198306486e-17
471.39,-1.584712313936432e-14,1.0620948681691689e-17
471.4,-1.5845433579602043e-14,1.0633940039625337e-17
471.41,-1.58441914187037e-14,1.0508637485866863e-17
471.42,-1.584242825162526e-14,1.0612454761816723e-17
471.43,-1.5840767978430223e-14,1.0417337381822127e-17
471.44,-1.5839361170491187e-14,1.083202870324666e-17
471.45,-1.583861442119464e-14,1.1532732991800253e-17
471.46,-1.5835778297273723e-14,1.0736411352971535e-17
471.47,-1.5834491537975937e-14,1.0776692777518563e-17
471.48,-1.5832558794078022e-14,1.057940996547681e-17
471.49,-1.5831197535424868e-14,1.0743339844094755e-17
471.5,-1.5829489838510142e-14,1.0609731271706776e-17
471.51,-1.5828015501592194e-14,1.0846510852873806e-17
471.52,-1.5826337693620798e-14,1.0703219471589383e-17
471.53,-1.582450672134466e-14,1.064259798156333e-17
471.54,-1.5825428951803473e-14,1.1629357214601175e-17
471.55,-1.582135423395006e-14,1.0475940352645212e-17
471.56,-1.5819752270774312e-14,1.0549706518479226e-17
471.57,-1.5818324857752527e-14,1.06768779492311e-17
471.58,-1.5817017471044696e-14,1.0695875167995902e-17
471.59,-1.5814993745030387e-14,1.0723926126173898e-17
471.6,-1.5813196788885104e-14,1.0667001039432889e-17
471.61,-1.581144082149918e-14,1.0747515863702714e-17
471.62,-1.5809346373620957e-14,1.0351034252504957e-17
471.63,-1.5810602190509426e-14,1.2387395791962098e-17
471.64,-1.5806695315725973e-14,1.0615024894557392e-17
471.65,-1.5805068099113102e-14,1.0560199315921172e-17
471.66,-1.5803743013624295e-14,1.0646104924868296e-17
471.67,-1.580204648930633e-14,1.0583088897769139e-17
471.68,-1.580034731192989e-14,1.058455665810545e-17
471.69,-1.5798750833625304e-14,1.0589594403609855e-17
471.7,-1.5797557294051163e-14,1.1126228641175337e-17
471.71,-1.5795507258321633e-14,1.0729168339218482e-17
471.72,-1.57945462137395e-14,1.096090109051256e-17
471.73,-1.5792220977609426e-14,1.0585298549958906e-17
471.74,-1.5790846928614283e-14,1.0816408753178353e-17
471.75,-1.578896623280738e-14,1.0591086888847452e-17
471.76,-1.578740586780883e-14,1.0574036414822432e-17
471.77,-1.578622773040952e-14,1.0880652923607997e-17
471.78,-1.5784142906372632e-14,1.054096522531391e-17
471.79,-1.5782839273665176e-14,1.0701377740801925e-17
471.8,-1.57813468048975e-14,1.0658487754386688e-17
471.81,-1.5779456995601094e-14,1.030311519420623e-17
471.82,-1.57779809341667e-14,1.0587851366790423e-17
471.83,-1.5776385219400896e-14,1.0672645262247367e-17
471.84,-1.577468859928131e-14,1.0696731890933483e-17
471.85,-1.5772884185538495e-14,1.0504936726813778e-17
471.86,-1.5771426979640204e-14,1.0497449858245152e-17
471.87,-1.5769888849809842e-14,1.06969152162923e-17
471.88,-1.5768095635831713e-14,1.0618311588397466e-17
471.89,-1.5766404627142008e-14,1.0482165991897974e-17
471.9,-1.5764472600940805e-14,1.04868988512807e-17
471.91,-1.5763365340830207e-14,1.0687195050688266e-17
471.92,-1.5761331020412657e-14,1.0535711806231261e-17
471.93,-1.575995518772221e-14,1.0599416443579796e-17
471.94,-1.5758464166944222e-14,1.044350614398803e-17
471.95,-1.5756532313124847e-14,1.0539503202016214e-17
471.96,-1.5754532317526502e-14,1.0439809696731921e-17
471.97,-1.5754025922943275e-14,1.0668025003536441e-17
471.98,-1.5751824015848322e-14,1.0543449814330099e-17
471.99,-1.574981500043621e-14,1.0437778019518064e-17
472.0,-1.574864898807014e-14,1.0524423013573213e-17
472.01,-1.5747195542195734e-14,1.030700211304012e-17
472.02,-1.574560893825958e-14,1.0546696896892506e-17
472.03,-1.5743719786780777e-14,1.0510092155136253e-17
472.04,-1.5742093111060404e-14,1.0443024491107247e-17
472.05,-1.5740174614739403e-14,1.0408288675943485e-17
472.06,-1.5739459638145344e-14,1.0364876577050862e-17
472.07,-1.573715911614549e-14,1.0473525301097394e-17
472.08,-1.5736199741124004e-14,1.085011819942306e-17
472.09,-1.5733098985449533e-14,1.0106787756218042e-17
472.1,-1.5732422054774427e-14,1.0395778390972883e-17
472.11,-1.573085806641985e-14,1.0447697783525519e-17
472.12,-1.5728789822503024e-14,1.0226100487129098e-17
472.13,-1.5728126852942588e-14,1.059443404381799e-17
472.14,-1.5725888355139624e-14,1.0159652752461068e-17
472.15,-1.572446991403869e-14,1.0347706149247284e-17
472.16,-1.5723185292963552e-14,1.0573336352876303e-17
472.17,-1.5721568185274968e-14,1.0578270312853443e-17
472.18,-1.572000843048943e-14,1.0563848409109198e-17
472.19,-1.571813819024253e-14,1.0514720841216984e-17
472.2,-1.571633094683766e-14,1.0355347533309211e-17
472.21,-1.5714995614870975e-14,1.0721462213561786e-17
472.22,-1.5713125472499443e-14,1.039219535525312e-17
472.23,-1.571194131440236e-14,1.0619950647612455e-17
472.24,-1.5710467269101146e-14,1.0494452730429834e-17
472.25,-1.5707674836601892e-14,9.66928917987095e-18
472.26,-1.5707310649317402e-14,1.076003062746817e-17
472.27,-1.5705227218050442e-14,1.0414555426130648e-17
472.28,-1.5703628429234064e-14,1.0480143216059328e-17
472.29,-1.5702171642861295e-14,1.0564724892957565e-17
472.3,-1.5700558868893084e-14,1.0516216319448853e-17
472.31,-1.5698936689143132e-14,1.0625818764684668e-17
472.32,-1.569748245339681e-14,1.0549793462201482e-17
472.33,-1.569607944509984e-14,1.0668080839740679e-17
472.34,-1.5694310707613887e-14,1.0631642840131514e-17
472.35,-1.569243305222154e-14,1.0447738185097436e-17
472.36,-1.5690799240878436e-14,1.0533699693638214e-17
472.37,-1.5689022075706716e-14,1.0445787674381088e-17
472.38,-1.5687339869399934e-14,1.041678452129673e-17
472.39,-1.568602116678247e-14,1.0583068340639858e-17
472.4,-1.5684327680908527e-14,1.0564583370781146e-17
472.41,-1.5682886495737835e-14,1.0372302849877016e-17
472.42,-1.5681812368507355e-14,1.043290790367844e-17
472.43,-1.567980775929467e-14,1.0529038943899275e-17
472.44,-1.567752030359313e-14,1.0584205821698399e-17
472.45,-1.567596196805705e-14,1.0562854046350261e-17
472.46,-1.567511055197103e-14,1.0471168107040295e-17
472.47,-1.5673221463541987e-14,1.0514522710117339e-17
472.48,-1.5671916632118636e-14,1.0670966527180446e-17
472.49,-1.567020489850029e-14,1.0464939063321549e-17
472.5,-1.5668455187526252e-14,1.059927713193657e-17
472.51,-1.566703454613923e-14,1.0670948513263611e-17
472.52,-1.5665395169599046e-14,1.0502899969625872e-17
472.53,-1.56637822635939e-14,1.0606527631301988e-17
472.54,-1.5662448882399384e-14,1.060276150413234e-17
472.55,-1.566072715500775e-14,1.0649751515523692e-17
472.56,-1.565873737133761e-14,1.0487353982041815e-17
472.57,-1.565717061622698e-14,1.042152032358095e-17
472.58,-1.565573124667669e-14,1.040765301945706e-17
472.59,-1.5654094697479422e-14,1.0638707267789903e-17
472.6,-1.5652553027781696e-14,1.0498951807529562e-17
472.61,-1.565095965167786e-14,1.0524938545037495e-17
472.62,-1.564987537585751e-14,1.0599010554087839e-17
472.63,-1.5647546762915038e-14,1.0430256529268175e-17
472.64,-1.564591217719837e-14,1.0475015558029065e-17
472.65,-1.564489038786084e-14,1.0561709771367842e-17
472.66,-1.5643174337356988e-14,1.046213945008947e-17
472.67,-1.5641154969157612e-14,1.0502757717187552e-17
472.68,-1.5639318529502716e-14,1.0568557722778644e-17
472.69,-1.5638212917437755e-14,1.0500633893349316e-17
472.7,-1.563661369593086e-14,1.049864486372021e-17
472.71,-1.5634949382973318e-14,1.0379667646091336e-17
472.72,-1.5633307433099726e-14,1.056477278020767e-17
472.73,-1.5631699308649408e-14,1.0328605817554471e-17
472.74,-1.563030105814223e-14,1.0541169063041048e-17
472.75,-1.5628358860822436e-14,1.0417660308453913e-17
472.76,-1.5626532048772084e-14,1.0295913041943958e-17
472.77,-1.562528045142799e-14,1.0412777068305772e-17
472.78,-1.5623828159345144e-14,1.0514301822150514e-17
472.79,-1.562199770785286e-14,1.058723660685959e-17
472.8,-1.5620162107936616e-14,1.0265709532343388e-17
472.81,-1.5618948911192454e-14,1.0523648828529982e-17
472.82,-1.5617197478355765e-14,1.0404560246158411e-17
472.83,-1.5615523597217506e-14,1.0235395517410558e-17
472.84,-1.5614027774185672e-14,1.046835110127883e-17
472.85,-1.5612670281738203e-14,1.05529516954754e-17
472.86,-1.561105521610848e-14,1.0532817986975679e-17
472.87,-1.5609499825583303e-14,1.0477534755956479e-17
472.88,-1.560790381700425e-14,1.0605469496418023e-17
472.89,-1.5606049222396263e-14,1.038207905909968e-17
472.9,-1.5604606948354225e-14,1.0470947769369982e-17
472.91,-1.5602821321008153e-14,1.0414562494017933e-17
472.92,-1.5601488877983294e-14,1.0443348211258706e-17
472.93,-1.5599789135099118e-14,1.0495249086103316e-17
472.94,-1.559832626042005e-14,1.0641555775262046e-17
472.95,-1.5596645645388317e-14,1.0667779899626779e-17
472.96,-1.5595091737942273e-14,1.0385732509767194e-17
472.97,-1.559336168216561e-14,1.0629462746105199e-17
472.98,-1.559173379998109e-14,1.03577552270767e-17
472.99,-1.5590276831992043e-14,1.0440877290923303e-17
473.0,-1.5588638284142326e-14,1.0448681851987654e-17
473.01,-1.5587061775458883e-14,1.0599349131257755e-17
473.02,-1.558549348122499e-14,1.0599725625700465e-17
473.03,-1.5584288958776448e-14,1.0500098333198386e-17
473.04,-1.558262950050077e-14,1.0479892337854133e-17
473.05,-1.5580958861619414e-14,1.0420452483994185e-17
473.06,-1.5579292143455103e-14,1.0550222737682498e-17
473.07,-1.557797831868264e-14,1.0722937908436564e-17
473.08,-1.5575913090745827e-14,1.0446986951894858e-17
473.09,-1.5574692169262162e-14,1.0531201749794564e-17
473.1,-1.5572527481776748e-14,1.0410725418093166e-17
473.11,-1.5571175629460793e-14,1.044104333302214e-17
473.12,-1.5569196124265115e-14,1.0449382180393148e-17
473.13,-1.5567761968922912e-14,1.0366012065522593e-17
473.14,-1.5565733530697716e-14,1.0418969728736164e-17
473.15,-1.5564227072023283e-14,1.0189950059838856e-17
473.16,-1.5563345882245044e-14,1.0514786748176519e-17
473.17,-1.5561572875049525e-14,1.0555867123216231e-17
473.18,-1.5560136104821653e-14,1.0560578220083346e-17
473.19,-1.5559150705240173e-14,1.0476027546995931e-17
473.2,-1.5556985039601886e-14,1.0563462988146151e-17
473.21,-1.555524229571345e-14,1.0424022204282712e-17
473.22,-1.5553556676403458e-14,1.0480559977593598e-17
473.23,-1.5551767371576402e-14,1.0501961903648289e-17
473.24,-1.555034802315237e-14,1.0469292262608471e-17
473.25,-1.5548837219128932e-14,1.0494154230380697e-17
473.26,-1.5547182152454025e-14,1.0409592214339335e-17
473.27,-1.554558304673373e-14,1.059569209286762e-17
473.28,-1.55439775160868e-14,1.0382949581841328e-17
473.29,-1.5542225852204703e-14,1.033786331833787e-17
473.3,-1.554110002741419e-14,1.043922684162371e-17
473.31,-1.5539509573199737e-14,1.034579542918157e-17
473.32,-1.5538127682818952e-14,1.0420271218429442e-17
473.33,-1.5536112340129665e-14,1.062072162513793e-17
473.34,-1.553428789939269e-14,1.02714937337394e-17
473.35,-1.55326842785764e-14,1.0466121698973569e-17
473.36,-1.5531242634823348e-14,1.0394932367912482e-17
473.37,-1.5530246015311053e-14,1.054869218351144e-17
473.38,-1.552855896585731e-14,1.054353810111155e-17
473.39,-1.552693538464064e-14,1.0518053004162108e-17
473.4,-1.5525019382204455e-14,1.0414440585699382e-17
473.41,-1.5523352857065992e-14,1.0432069600402634e-17
473.42,-1.5522153298611895e-14,1.0552789582072382e-17
473.43,-1.552014318606547e-14,1.0360466216766927e-17
473.44,-1.5518869828277143e-14,1.0428802729085491e-17
473.45,-1.5517084045272987e-14,1.0590607294905019e-17
473.46,-1.551528806879689e-14,1.0321628852154315e-17
473.47,-1.551400506150182e-14,1.03994597787001e-17
473.48,-1.5512084026186965e-14,1.0464348008268706e-17
473.49,-1.5510968855085325e-14,1.0355099445291642e-17
473.5,-1.5509180933611023e-14,1.034697003313751e-17
473.51,-1.5507764288933828e-14,1.0760850629567094e-17
473.52,-1.550648899583482e-14,1.0529241590853218e-17
473.53,-1.550480795524352e-14,1.0304538946751194e-17
473.54,-1.5502968331269158e-14,1.0376903113603666e-17
473.55,-1.5501133119657538e-14,1.0354519114438295e-17
473.56,-1.5500017584658243e-14,1.0492184623453825e-17
473.57,-1.5497916713462675e-14,1.0337424496627601e-17
473.58,-1.5493597720062977e-14,1.0324631214500646e-17
473.59,-1.5494684919971523e-14,1.0576808384870262e-17
473.6,-1.549383668774999e-14,1.0593308580484871e-17
473.61,-1.549194191630565e-14,1.0490395397931082e-17
473.62,-1.5491058457402124e-14,1.0786656376954752e-17
473.63,-1.5488890716948512e-14,1.0560094814086892e-17
473.64,-1.5487106684725087e-14,1.043738786840762e-17
473.65,-1.5485717102492917e-14,1.0536659042478941e-17
473.66,-1.5483760677874236e-14,1.0236005351266057e-17
473.67,-1.548240486600304e-14,1.0324343441053613e-17
473.68,-1.5481028046639894e-14,1.0375988730057766e-17
473.69,-1.5479571128070112e-14,1.055805720137222e-17
473.7,-1.5477699289583623e-14,1.0425852502791777e-17
473.71,-1.5475751876412095e-14,1.0254376653562314e-17
473.72,-1.5474520579353364e-14,1.0439049242376568e-17
473.73,-1.5472734557517362e-14,1.0377112160716685e-17
473.74,-1.5470996504646028e-14,1.0192333933139758e-17
473.75,-1.5469976816742907e-14,1.034882505345409e-17
473.76,-1.5467968232555254e-14,1.040236936381911e-17
473.77,-1.546613529658243e-14,1.0287070679583419e-17
473.78,-1.5465331592808574e-14,1.0472271650338714e-17
473.79,-1.5463635054561523e-14,1.0638736371103008e-17
473.8,-1.5461213417958157e-14,1.0140115504426748e-17
473.81,-1.5460165933394934e-14,1.0322136698425006e-17
473.82,-1.5458660889377747e-14,1.0403783968671933e-17
473.83,-1.5456767749092312e-14,1.0348477817934647e-17
473.84,-1.545536310467166e-14,1.0662564849639323e-17
473.85,-1.5454069330208156e-14,1.0427727692989505e-17
473.86,-1.5452380576412387e-14,1.0469027561560479e-17
473.87,-1.5450019870939048e-14,1.0193253838081764e-17
473.88,-1.5448830051036517e-14,1.0391881882662752e-17
473.89,-1.544823159397267e-14,1.047859888443177e-17
473.9,-1.5446238152027685e-14,1.0423652546945042e-17
473.91,-1.5444598388728585e-14,1.0473825061694162e-17
473.92,-1.5443184593460406e-14,1.0344821407777754e-17
473.93,-1.5441174577283796e-14,1.0446521445543141e-17
473.94,-1.543967031154544e-14,1.028112568391622e-17
473.95,-1.5438258935589787e-14,1.031483942938534e-17
473.96,-1.54369992771335e-14,1.0484502469266134e-17
473.97,-1.543522165001919e-14,1.0518063162003804e-17
473.98,-1.5433547019490726e-14,1.0472443872346373e-17
473.99,-1.543211400468399e-14,1.0484918030548419e-17
474.0,-1.5430489335593783e-14,1.03777360795299e-17
474.01,-1.5428715840657037e-14,1.0368479769388046e-17
474.02,-1.54269784800466e-14,1.0200089641697058e-17
474.03,-1.5425625159301362e-14,1.0534846319360949e-17
474.04,-1.542378788448541e-14,1.0339425811823818e-17
474.05,-1.5422229218477582e-14,1.0367580339491619e-17
474.06,-1.5420670476677338e-14,1.0426444923909634e-17
474.07,-1.541925933616381e-14,1.0377846552212987e-17
474.08,-1.5417634697633227e-14,1.0435551904115438e-17
474.09,-1.541587418848141e-14,1.0393712827638572e-17
474.1,-1.5414716552858395e-14,1.0225946174837391e-17
474.11,-1.5413470642183407e-14,1.0253830414236152e-17
474.12,-1.541140677225549e-14,1.0356264712901156e-17
474.13,-1.5409478015391667e-14,1.0791204976494878e-17
474.14,-1.540854640915579e-14,1.0474917814309896e-17
474.15,-1.540674096827532e-14,1.0312879921452667e-17
474.16,-1.540520678915e-14,1.0414648825272016e-17
474.17,-1.5403784703490558e-14,1.0399350956643247e-17
474.18,-1.5401622030347328e-14,1.0211996241454137e-17
474.19,-1.5400261572926423e-14,1.0336637923856946e-17
474.2,-1.5401013463369187e-14,1.1679967083296016e-17
474.21,-1.539738668148063e-14,1.0343374948655865e-17
474.22,-1.539707414838069e-14,1.1201083851179524e-17
474.23,-1.5394077357231773e-14,1.0319678607897334e-17
474.24,-1.539248636624467e-14,1.0433815959801823e-17
474.25,-1.5390992059803926e-14,1.0428133609074738e-17
474.26,-1.538927079541887e-14,1.032907600669254e-17
474.27,-1.5387814902955398e-14,1.0484245350724822e-17
474.28,-1.538642354426787e-14,1.0320493235258122e-17
474.29,-1.538825286484132e-14,1.1432550773449409e-17
474.3,-1.538301708476323e-14,1.0279165129893576e-17
474.31,-1.5381397313972864e-14,1.055291038953461e-17
474.32,-1.5380615719508978e-14,1.0390886964472957e-17
474.33,-1.537841546133131e-14,1.0317931197932079e-17
474.34,-1.53766397182024e-14,1.0359487836435474e-17
474.35,-1.5375308500532193e-14,1.0262835226233509e-17
474.36,-1.537342339963857e-14,1.039294384171253e-17
474.37,-1.53718804909102e-14,1.0173478602538049e-17
474.38,-1.5372290644488757e-14,1.099621454715294e-17
474.39,-1.5369062682940435e-14,1.0298226177261206e-17
474.4,-1.5367630738746165e-14,1.025957806383196e-17
474.41,-1.5365684274558964e-14,1.0299170760434614e-17
474.42,-1.536344932337063e-14,1.0096145021868264e-17
474.43,-1.536295603537831e-14,1.0335950614571714e-17
474.44,-1.5361219013039573e-14,1.0283544058307094e-17
474.45,-1.535944122688289e-14,1.0351265972624183e-17
474.46,-1.5357953476353335e-14,1.026938544985339e-17
474.47,-1.535728439217442e-14,1.1120503040828586e-17
474.48,-1.5354517250400083e-14,1.0040956490822931e-17
474.49,-1.5353644627654077e-14,1.0445643555410721e-17
474.5,-1.5351781908752746e-14,1.0332398945588588e-17
474.51,-1.5350497561860476e-14,1.0337562889617942e-17
474.52,-1.534851422766204e-14,1.0133092244608424e-17
474.53,-1.534742535850446e-14,1.0564972406718339e-17
474.54,-1.5345906034418245e-14,1.0578792362171795e-17
474.55,-1.5343807430562658e-14,1.027812035325997e-17
474.56,-1.5341870228372908e-14,1.040257508071668e-17
474.57,-1.5340858079886405e-14,1.0286050039112822e-17
474.58,-1.5338841561987574e-14,1.0581946035653268e-17
474.59,-1.5337773202282665e-14,1.0478516472822574e-17
474.6,-1.5336215592522388e-14,1.0303269491555674e-17
474.61,-1.5334854978888365e-14,1.0076347006879414e-17
474.62,-1.5332953526539995e-14,1.0414310629360162e-17
474.63,-1.5331714709432706e-14,1.0230535010564268e-17
474.64,-1.5329295466440655e-14,1.0062912657093793e-17
474.65,-1.5327952065984115e-14,1.0015958830462772e-17
474.66,-1.532684980548321e-14,1.0342124365339466e-17
474.67,-1.5325887216226795e-14,1.0557981579375372e-17
474.68,-1.5323549059528248e-14,1.034788887823213e-17
474.69,-1.5322434192880257e-14,1.0352625553091775e-17
474.7,-1.5320297073796794e-14,9.989851001392164e-18
474.71,-1.5318988512313734e-14,1.0326008084679064e-17
474.72,-1.5317292169017254e-14,1.0224970464892171e-17
474.73,-1.5316345349484108e-14,1.0668481587185669e-17
474.74,-1.531456066700347e-14,1.0213957961631447e-17
474.75,-1.5312481008028845e-14,1.0148892744066107e-17
474.76,-1.531141786373227e-14,1.0309148733108852e-17
474.77,-1.5309782864054128e-14,1.0317520292842865e-17
474.78,-1.530769379656972e-14,1.0277107772921828e-17
474.79,-1.530680354447692e-14,1.0441903894607015e-17
474.8,-1.5304855818101895e-14,1.0339706194479311e-17
474.81,-1.530289052477192e-14,1.0202948574786761e-17
474.82,-1.5301594491053183e-14,1.0352433453794833e-17
474.83,-1.530029763557745e-14,1.0429895754348134e-17
474.84,-1.5298586727113718e-14,1.022584976394164e-17
474.85,-1.5297336210973518e-14,1.0134033798254717e-17
474.86,-1.5295611601544233e-14,1.030084777773386e-17
474.87,-1.529397767465308e-14,1.0163899755974665e-17
474.88,-1.5292226517373425e-14,1.0221447308640776e-17
474.89,-1.5291054921414052e-14,1.0386426903922547e-17
474.9,-1.528971203019585e-14,1.0578399623186684e-17
474.91,-1.528802115588118e-14,1.0315729462639694e-17
474.92,-1.5286121039094547e-14,1.0356857330638114e-17
474.93,-1.5284580721437438e-14,1.0252037420235497e-17
474.94,-1.528341774696036e-14,1.0218464994860225e-17
474.95,-1.5281386613679058e-14,1.0242974114088582e-17
474.96,-1.5280124880255255e-14,1.0287763396519259e-17
474.97,-1.5278766754289278e-14,1.03167495304333e-17
474.98,-1.5276901206726694e-14,1.014595507276099e-17
474.99,-1.5275304316672356e-14,1.0426879362468687e-17
475.0,-1.5273978963764193e-14,1.0405608241368363e-17
475.01,-1.5272467019352075e-14,1.0391378571467242e-17
475.02,-1.5270552901643004e-14,1.0301223783228904e-17
475.03,-1.5269082315469855e-14,1.0691144137230055e-17
475.04,-1.526761062550038e-14,9.998364212977732e-18
475.05,-1.5265919061460917e-14,1.0008465298040353e-17
475.06,-1.5264254010023885e-14,1.0215314155274141e-17
475.07,-1.5262999748596693e-14,1.0293458959102033e-17
475.08,-1.5261563415424577e-14,1.0028303605792492e-17
475.09,-1.5259789352232165e-14,1.0342688266550676e-17
475.1,-1.5258112342740814e-14,1.0123315998787095e-17
475.11,-1.5256628644216645e-14,1.0186532330393818e-17
475.12,-1.5255165418688e-14,1.046975660491192e-17
475.13,-1.5253549020186805e-14,1.0183508882080628e-17
475.14,-1.5252361917878048e-14,1.0318091500885901e-17
475.15,-1.5250363122643327e-14,1.0166869173859243e-17
475.16,-1.5249246495144843e-14,1.0507883872895173e-17
475.17,-1.5247749362621078e-14,1.0106546516890705e-17
475.18,-1.524542024437344e-14,1.0139575429145598e-17
475.19,-1.52443953439775e-14,1.0232540725565409e-17
475.2,-1.5242989296842084e-14,1.0234668555279207e-17
475.21,-1.5241267931891528e-14,1.0128239013228372e-17
475.22,-1.5239259741469204e-14,9.93843518231452e-18
475.23,-1.523803458897867e-14,1.0166546412118934e-17
475.24,-1.5235641960443932e-14,9.880725841980113e-18
475.25,-1.5235092220487866e-14,1.0062700693870034e-17
475.26,-1.523307030422975e-14,9.954356709484682e-18
475.27,-1.523173600067035e-14,1.0169754809297303e-17
475.28,-1.5230471245637385e-14,1.040647012432312e-17
475.29,-1.5228763978376666e-14,1.0201662205082581e-17
475.3,-1.522765727417877e-14,9.877302734012007e-18
475.31,-1.5225463177371646e-14,1.0035843210539726e-17
475.32,-1.5224153711740753e-14,1.0249940870040287e-17
475.33,-1.5222525456935847e-14,1.017722456634322e-17
475.34,-1.5221192788037767e-14,1.0278470824996844e-17
475.35,-1.5218564512715924e-14,9.57926997784744e-18
475.36,-1.52180669103196e-14,1.0263807490901282e-17
475.37,-1.521659416221998e-14,1.0327907492070304e-17
475.38,-1.5214635744334125e-14,1.0017436810779525e-17
475.39,-1.52122571589293e-14,8.957519891875761e-18
475.4,-1.5211591771853622e-14,1.0103883938877896e-17
475.41,-1.5210042180915648e-14,1.013707029741579e-17
475.42,-1.5208265934127194e-14,1.0090723055652799e-17
475.43,-1.5207146314105216e-14,1.0249767199225663e-17
475.44,-1.520434075703046e-14,1.0643451348218783e-17
475.45,-1.5204230755253215e-14,1.022634760294519e-17
475.46,-1.5202423753491705e-14,1.0040438767519743e-17
475.47,-1.520106497306993e-14,1.0089508030245811e-17
475.48,-1.5196999329293398e-14,9.073941436660549e-18
475.49,-1.519792128135844e-14,1.0278509796521905e-17
475.5,-1.5196386211789124e-14,1.0161387134748822e-17
475.51,-1.5194631730641647e-14,1.0077083125095586e-17
475.52,-1.51927908228429e-14,9.977257166600388e-18
475.53,-1.519336210337973e-14,1.1011216970009866e-17
475.54,-1.5190395896269926e-14,1.0301033319813412e-17
475.55,-1.518724174565926e-14,9.163408123081358e-18
475.56,-1.5186751120189106e-14,1.0024864926638224e-17
475.57,-1.5189994782744e-14,9.697444422397617e-18
475.58,-1.51842686430024e-14,1.0131911337782671e-17
475.59,-1.518237102854039e-14,1.0180747132144888e-17
475.6,-1.5180804907244957e-14,1.0167766665869388e-17
475.61,-1.5179315547295545e-14,1.0063254470744441e-17
475.62,-1.5177731287785255e-14,1.1272825777359841e-17
475.63,-1.5176245573376985e-14,1.021230564553651e-17
475.64,-1.5174519304759485e-14,1.0012847789426315e-17
475.65,-1.5173128851511675e-14,1.0014113451393747e-17
475.66,-1.5171365168938366e-14,9.517024887198995e-18
475.67,-1.5170102629995796e-14,1.0180436419989276e-17
475.68,-1.5168705914942928e-14,1.0045779956131453e-17
475.69,-1.5166741796904648e-14,1.0025825214062911e-17
475.7,-1.516565635884648e-14,1.0178346775093748e-17
475.71,-1.51655644508986e-14,1.0206041338606618e-17
475.72,-1.5162260532612865e-14,1.0070542108015345e-17
475.73,-1.516101612879191e-14,1.0099090833875565e-17
475.74,-1.51591025557084e-14,9.933920701717666e-18
475.75,-1.515734048501282e-14,1.007003295683101e-17
475.76,-1.5156264545725173e-14,1.0096523329919766e-17
475.77,-1.5154325534280952e-14,9.910593699967387e-18
475.78,-1.515300460324197e-14,1.0008375093646702e-17
475.79,-1.5151944287725924e-14,1.010014374647196e-17
475.8,-1.515107340142891e-14,1.0724739334348945e-17
475.81,-1.51495209725015e-14,1.0117684567338582e-17
475.82,-1.5146570825300665e-14,1.003373227983281e-17
475.83,-1.514558959079e-14,1.0126828474810058e-17
475.84,-1.5143591790917658e-14,1.0244143102387098e-17
475.85,-1.5142241953057235e-14,1.0009138903625932e-17
475.86,-1.5140896052874578e-14,1.0193612381075509e-17
475.87,-1.513935339998656e-14,1.0163141225682355e-17
475.88,-1.5137791425284487e-14,1.0148747438403691e-17
475.89,-1.513612659291484e-14,9.340404504333153e-18
475.9,-1.5134818872987987e-14,1.0239124235475964e-17
475.91,-1.5133197091194968e-14,1.0070933182419334e-17
475.92,-1.513132172511655e-14,9.95495400493947e-18
475.93,-1.5130251281654655e-14,1.0174513329019563e-17
475.94,-1.5128575071870516e-14,1.0033676560336197e-17
475.95,-1.5126889607129333e-14,1.0048915925863216e-17
475.96,-1.5125490088846878e-14,1.0032004707398574e-17
475.97,-1.5123616567858164e-14,1.0148687072192794e-17
475.98,-1.5122790967956008e-14,9.767622786094933e-18
475.99,-1.5120513103778702e-14,1.0179229587615301e-17
476.0,-1.5120060279395835e-14,1.0344293508333536e-17
476.01,-1.5117760252966427e-14,1.0067797544971874e-17
476.02,-1.5116218429624985e-14,1.0071633287020024e-17
476.03,-1.5114991985156565e-14,1.038128417816819e-17
476.04,-1.511319866007584e-14,1.0030028923327527e-17
476.05,-1.5111488298352955e-14,1.001070382315593e-17
476.06,-1.5110248682631407e-14,1.0130312296182717e-17
476.07,-1.5107912695824018e-14,9.847931500360632e-18
476.08,-1.51067419331988e-14,9.931384946974328e-18
476.09,-1.510567749635472e-14,1.000679132448641e-17
476.1,-1.5103550755554363e-14,9.897038634611158e-18
476.11,-1.5102575264462987e-14,1.0028427428300347e-17
476.12,-1.5100892858220847e-14,1.0035152065371844e-17
476.13,-1.509946798065351e-14,1.0065941849291394e-17
476.14,-1.509800562783405e-14,1.0075950404233526e-17
476.15,-1.5096455829157827e-14,1.0182080757048086e-17
476.16,-1.5094185057055264e-14,9.763870431082878e-18
476.17,-1.509321382728722e-14,1.002716542567307e-17
476.18,-1.5091846831312143e-14,1.0014928085073731e-17
476.19,-1.5089049844435468e-14,1.0392501902006424e-17
476.2,-1.5088405027579147e-14,9.868830728708268e-18
476.21,-1.50869439822018e-14,1.0022893204229376e-17
476.22,-1.508563811533342e-14,9.967191833696578e-18
476.23,-1.5084121629948142e-14,9.98672610130919e-18
476.24,-1.508257575065897e-14,1.012860663292206e-17
476.25,-1.5080501561521617e-14,1.0184211148109101e-17
476.26,-1.5079563080944847e-14,1.0029448698583986e-17
476.27,-1.5078045071204992e-14,1.0087571365871767e-17
476.28,-1.5075958164525268e-14,9.889876187427097e-18
476.29,-1.5074551430413116e-14,1.0081317519841605e-17
476.3,-1.507392953622371e-14,1.0127725414417292e-17
476.31,-1.507161739647974e-14,9.87265019619784e-18
476.32,-1.5070228074994115e-14,9.917152780464818e-18
476.33,-1.5068786712406248e-14,1.0026488320306995e-17
476.34,-1.50677725694614e-14,9.928524726875366e-18
476.35,-1.5065724118705895e-14,9.925232418167767e-18
476.36,-1.506418817712145e-14,1.0195202557372323e-17
476.37,-1.5062736824974665e-14,9.900652305949931e-18
476.38,-1.5061390292058446e-14,1.0067394550987451e-17
476.39,-1.505971392138551e-14,9.908955770045099e-18
476.4,-1.5058064675489602e-14,9.931214483545811e-18
476.41,-1.5056597086024835e-14,9.999079531828839e-18
476.42,-1.5055028670316805e-14,9.88380464278296e-18
476.43,-1.50539193552242e-14,1.0134617431677037e-17
476.44,-1.505215331883155e-14,9.886904631548413e-18
476.45,-1.5050346767579625e-14,9.946594698123394e-18
476.46,-1.5048803276111342e-14,9.972443052646377e-18
476.47,-1.504769140503836e-14,9.927482737006491e-18
476.48,-1.5045897146997663e-14,9.947956168556714e-18
476.49,-1.5044757308460966e-14,9.954461848701873e-18
476.5,-1.504278102115719e-14,9.910504938983058e-18
476.51,-1.5041399210595726e-14,1.0003078540269681e-17
476.52,-1.5039855746029307e-14,9.835001441245654e-18
476.53,-1.503834058820468e-14,9.938636023492838e-18
476.54,-1.5036613303574463e-14,9.824830445355594e-18
476.55,-1.5035296179349577e-14,9.826873724742019e-18
476.56,-1.503377093732767e-14,9.934785795481427e-18
476.57,-1.5032150769160554e-14,9.943425436769139e-18
476.58,-1.503161059373544e-14,1.0374204867622143e-17
476.59,-1.5029567526437508e-14,1.0025811194666838e-17
476.6,-1.502775833313251e-14,1.002788933915516e-17
476.61,-1.502595059997796e-14,9.794720707860514e-18
476.62,-1.5024920327234116e-14,1.0059010262289518e-17
476.63,-1.5023041685991096e-14,1.0034955718259768e-17
476.64,-1.5021814312124688e-14,1.0069939397471732e-17
476.65,-1.5020346933437178e-14,9.850146282419753e-18
476.66,-1.501838394210757e-14,9.92397586558236e-18
476.67,-1.501718605509988e-14,1.0006163096640865e-17
476.68,-1.501523536772835e-14,9.901742742975868e-18
476.69,-1.5013757343167755e-14,9.869309560792826e-18
476.7,-1.501193134558139e-14,9.936582349426575e-18
476.71,-1.5010809793614225e-14,9.819735668595139e-18
476.72,-1.5009391664131725e-14,9.938534433753976e-18
476.73,-1.5007974733166066e-14,9.866115251073517e-18
476.74,-1.5006024560634045e-14,9.762207856039132e-18
476.75,-1.5004907709948987e-14,9.992262598447045e-18
476.76,-1.5003359506134217e-14,9.930222681278366e-18
476.77,-1.5001632371073015e-14,9.687749077108122e-18
476.78,-1.5000290709810698e-14,9.907242604041137e-18
476.79,-1.4998621006053206e-14,9.931253977803189e-18
476.8,-1.4997354632507625e-14,9.909521751242184e-18
476.81,-1.499572758867785e-14,9.947262858538149e-18
476.82,-1.4994156808369404e-14,9.870385770218396e-18
476.83,-1.4992968128222578e-14,9.956918031491087e-18
476.84,-1.4991256563913885e-14,9.832736478266337e-18
476.85,-1.4989627986916952e-14,9.888385929244751e-18
476.86,-1.498790494049459e-14,9.771954435217505e-18
476.87,-1.4986720770378924e-14,9.868894381953451e-18
476.88,-1.4985448544835414e-14,9.977738544662039e-18
476.89,-1.498354776675878e-14,9.814242533637602e-18
476.9,-1.4982223478076675e-14,9.850939804724447e-18
476.91,-1.4980480552451366e-14,9.90610908566054e-18
476.92,-1.4979510538053984e-14,1.0066393892599445e-17
476.93,-1.497761851450712e-14,9.852639478442012e-18
476.94,-1.4976039091382253e-14,9.862612648528506e-18
476.95,-1.497436634758251e-14,9.89001492823643e-18
476.96,-1.4972755839066024e-14,9.800123189366648e-18
476.97,-1.497172322865891e-14,9.9981327256155e-18
476.98,-1.4969926734113137e-14,9.916162954755811e-18
476.99,-1.496844534866952e-14,9.833311679052855e-18
477.0,-1.4966764893976022e-14,9.771844760464362e-18
477.01,-1.49654683283154e-14,1.0094611589962406e-17
477.02,-1.4963879083167676e-14,9.789064682304872e-18
477.03,-1.4962147872020188e-14,9.945202785596398e-18
477.04,-1.4960871025882256e-14,9.746081630151595e-18
477.05,-1.4959450499878984e-14,9.884042964222283e-18
477.06,-1.4958104445686498e-14,9.735262662619688e-18
477.07,-1.4956390247006764e-14,9.793271454864797e-18
477.08,-1.4954897774306974e-14,9.884996071857286e-18
477.09,-1.4953735648653575e-14,1.0037566019222934e-17
477.1,-1.4951919410726988e-14,9.991120803748427e-18
477.11,-1.4950753066601105e-14,1.0001037248796497e-17
477.12,-1.4948803213644968e-14,9.594136327121666e-18
477.13,-1.49474856471028e-14,1.0061890043981344e-17
477.14,-1.494545119104743e-14,9.682627201173646e-18
477.15,-1.4943999362015268e-14,9.863372351294673e-18
477.16,-1.4942853514949985e-14,9.933163041367787e-18
477.17,-1.494102580656127e-14,9.723765129329549e-18
477.18,-1.49401081686113e-14,9.873645132818621e-18
477.19,-1.4938130518743868e-14,9.684743381946257e-18
477.2,-1.4936664748889022e-14,9.874363194463396e-18
477.21,-1.4935040836712972e-14,9.845370987013638e-18
477.22,-1.493392687403614e-14,1.0036135376254726e-17
477.23,-1.493203443306699e-14,9.772758671847953e-18
477.24,-1.49306385589267e-14,9.777964276219582e-18
477.25,-1.4929193402314524e-14,9.76032771271202e-18
477.26,-1.4927562834356927e-14,9.889323934070965e-18
477.27,-1.4926449230751992e-14,9.835685457177406e-18
477.28,-1.492491586251992e-14,9.890056953775483e-18
477.29,-1.4922361375020317e-14,9.687286515928856e-18
477.3,-1.4921661726907167e-14,9.827649306590514e-18
477.31,-1.4919812257323556e-14,9.793270469860372e-18
477.32,-1.491875536641882e-14,9.82099011688881e-18
477.33,-1.4917468657614556e-14,1.002932645640133e-17
477.34,-1.4916003444118436e-14,9.91508656872192e-18
477.35,-1.491420527518994e-14,9.86939102745207e-18
477.36,-1.491263189644324e-14,9.68210958068902e-18
477.37,-1.4911370195130686e-14,9.894427315994393e-18
477.38,-1.4909866142572988e-14,9.881400213011025e-18
477.39,-1.4908320150565513e-14,9.954139013171806e-18
477.4,-1.4906552032845608e-14,9.872010785879556e-18
477.41,-1.4904892449564154e-14,9.771501537633362e-18
477.42,-1.4903986760105985e-14,1.0158904287460589e-17
477.43,-1.4902153197439697e-14,9.729150538478816e-18
477.44,-1.4900847230338625e-14,9.692414943452689e-18
477.45,-1.4899217503153264e-14,9.662951256696005e-18
477.46,-1.4896965866916144e-14,9.966568777979997e-18
477.47,-1.489591874747031e-14,9.861243125598424e-18
477.48,-1.4894750512043776e-14,9.929020436606615e-18
477.49,-1.4893377349443083e-14,9.94761693366398e-18
477.5,-1.4891507938070434e-14,9.817097849646761e-18
477.51,-1.4889868077723908e-14,9.757827919450807e-18
477.52,-1.4889786628147157e-14,1.0541967506418381e-17
477.53,-1.4887226920814462e-14,9.590437887476227e-18
477.54,-1.4885530866008757e-14,9.747805977295341e-18
477.55,-1.4883669811976534e-14,1.008613380601869e-17
477.56,-1.4882644694021885e-14,9.800632555140291e-18
477.57,-1.4880952258134187e-14,9.836622684808531e-18
477.58,-1.487950847208911e-14,9.789214404360097e-18
477.59,-1.4878194731103166e-14,9.913630758508818e-18
477.6,-1.4876789450246034e-14,9.79147889451886e-18
477.61,-1.487513761842167e-14,9.929887178363614e-18
477.62,-1.4873449243439028e-14,9.849569528757034e-18
477.63,-1.487208074706563e-14,9.58616700991454e-18
477.64,-1.4870388177105998e-14,9.351431089918597e-18
477.65,-1.4869312896332514e-14,9.987047483951146e-18
477.66,-1.4867757757547602e-14,9.919020148223955e-18
477.67,-1.4866030413919282e-14,9.820765211494146e-18
477.68,-1.4864625269111116e-14,9.989640151465643e-18
477.69,-1.4863446645064456e-14,9.94022586223935e-18
477.7,-1.4861510610320726e-14,9.867030658789685e-18
477.71,-1.4860583451212246e-14,1.0448465124683743e-17
477.72,-1.4858650925781517e-14,9.668820349622979e-18
477.73,-1.4856502015708617e-14,9.264211629880748e-18
477.74,-1.485533847991435e-14,1.0220501692279082e-17
477.75,-1.485408451361881e-14,9.844708149335317e-18
477.76,-1.4852490281770457e-14,9.872057656924214e-18
477.77,-1.485114635414026e-14,9.77549973089813e-18
477.78,-1.484978578262288e-14,1.0122474165451318e-17
477.79,-1.4848453091020922e-14,9.942527908423627e-18
477.8,-1.484678459074176e-14,9.696856695717124e-18
477.81,-1.484477677861049e-14,9.753187607566354e-18
477.82,-1.484406742688574e-14,9.955426100367848e-18
477.83,-1.4842086979854685e-14,9.745005399332916e-18
477.84,-1.484049252285436e-14,9.740919487224295e-18
477.85,-1.4838802632168243e-14,9.74831322903516e-18
477.86,-1.4837632064306783e-14,9.854418908028587e-18
477.87,-1.4835509098815516e-14,9.950856451294969e-18
477.88,-1.483484147167152e-14,9.716272342045472e-18
477.89,-1.483342593072036e-14,9.869896491913072e-18
477.9,-1.4831235059422532e-14,9.64885762588531e-18
477.91,-1.483105105917112e-14,9.621563379124835e-18
477.92,-1.4828958024008313e-14,1.0074891160330944e-17
477.93,-1.48271142781909e-14,9.73724454234363e-18
477.94,-1.482554589221784e-14,9.686604467372962e-18
477.95,-1.4824297619648104e-14,9.82197630932434e-18
477.96,-1.4821810533425838e-14,9.608490564142384e-18
477.97,-1.4821151955511196e-14,9.773469297380719e-18
477.98,-1.48196838220412e-14,9.799646791356783e-18
477.99,-1.4818101842440955e-14,9.78874026572553e-18
478.0,-1.4816092291574013e-14,1.0762130129253764e-17
478.01,-1.4815345258135416e-14,9.776398552045497e-18
478.02,-1.4813676066378543e-14,9.877430015357247e-18
478.03,-1.4812194625430277e-14,1.0032224819684286e-17
478.04,-1.4810621182541385e-14,9.798796818635321e-18
478.05,-1.480863674329621e-14,9.239509353943588e-18
478.06,-1.480733001039777e-14,9.919540884071422e-18
478.07,-1.4806488893402715e-14,9.48657377049788e-18
478.08,-1.4804857116406288e-14,9.843740616954247e-18
478.09,-1.4801950203412344e-14,8.58865989936023e-18
478.1,-1.480205586117104e-14,9.882775241802525e-18
478.11,-1.4799828963209913e-14,9.643595682209417e-18
478.12,-1.4798733659177838e-14,9.878911304562167e-18
478.13,-1.479716238138028e-14,9.983610286121364e-18
478.14,-1.4791242131626743e-14,8.456840530772763e-18
478.15,-1.479479187165682e-14,1.010621575031089e-17
478.16,-1.478959368209151e-14,8.793687036062223e-18
478.17,-1.4791140859781276e-14,9.922893487109083e-18
478.18,-1.4787478197309702e-14,9.449022441198746e-18
478.19,-1.4788149157368232e-14,9.761717594506654e-18
478.2,-1.478667571752641e-14,9.708477938822819e-18
478.21,-1.4785488458590104e-14,9.93051111745091e-18
478.22,-1.4783933339828877e-14,1.0021665465853933e-17
478.23,-1.4779300453029967e-14,8.7086499724755e-18
478.24,-1.478062646863784e-14,9.668580133741834e-18
478.25,-1.4779283742979894e-14,9.848139939251191e-18
478.26,-1.4777858831818536e-14,9.819838387495049e-18
478.27,-1.4777303725134964e-14,9.119149828864464e-18
478.28,-1.47750422086706e-14,9.9180683415531e-18
478.29,-1.4773450317085342e-14,9.710378602417242e-18
478.3,-1.4771834314974045e-14,9.694813945299931e-18
478.31,-1.477014883792386e-14,9.797560119773869e-18
478.32,-1.476824619326568e-14,8.818302068609084e-18
478.33,-1.4767766327257178e-14,9.990981720813961e-18
478.34,-1.4765901043067558e-14,9.825199814709145e-18
478.35,-1.47642641736983e-14,9.782420745262439e-18
478.36,-1.4762420715112494e-14,9.082540927844079e-18
478.37,-1.4761440992612063e-14,9.826338506206082e-18
478.38,-1.4759490188538702e-14,9.723140213235555e-18
478.39,-1.4758709948380202e-14,9.73830093286664e-18
478.4,-1.4756804289624797e-14,9.737286667804944e-18
478.41,-1.4756067139533152e-14,9.557595513824675e-18
478.42,-1.475390177892554e-14,9.844631745272332e-18
478.43,-1.475272443303903e-14,9.708227816814552e-18
478.44,-1.4751060801586067e-14,9.789027528798876e-18
478.45,-1.4750117950527012e-14,1.0136506886732047e-17
478.46,-1.474781229802062e-14,9.824467470697654e-18
478.47,-1.4746361343386973e-14,9.589034575945342e-18
478.48,-1.4745212690800538e-14,9.868608630484065e-18
478.49,-1.474369580731345e-14,9.792527766780334e-18
478.5,-1.4742507499261855e-14,9.877527494723448e-18
478.51,-1.4740624448358603e-14,9.870238292662031e-18
478.52,-1.4739218824220053e-14,9.627971472740787e-18
478.53,-1.4737829865072033e-14,9.899699356953036e-18
478.54,-1.4737022197336514e-14,1.0195442991923922e-17
478.55,-1.473467463657742e-14,9.689957865839217e-18
478.56,-1.473309355565772e-14,9.772852181575224e-18
478.57,-1.4731639589847372e-14,9.888502009620442e-18
478.58,-1.473015972391197e-14,9.795761946930105e-18
478.59,-1.472858201366952e-14,1.0018382064873651e-17
478.6,-1.4727179367082716e-14,9.824693456115048e-18
478.61,-1.4725737587245285e-14,9.709302923079926e-18
478.62,-1.4724050380628437e-14,9.922016650833979e-18
478.63,-1.4721832590734416e-14,9.681082506751922e-18
478.64,-1.4721207606360737e-14,9.68135413100398e-18
478.65,-1.4719297933337088e-14,9.697156607842911e-18
478.66,-1.4718486200070443e-14,9.717164148360454e-18
478.67,-1.4717264870691466e-14,9.766079438451515e-18
478.68,-1.471527262462348e-14,9.738417682352865e-18
478.69,-1.4714032548376953e-14,9.857374979774595e-18
478.7,-1.471215441100122e-14,9.857381740259405e-18
478.71,-1.4711315617923075e-14,9.791320111067992e-18
478.72,-1.4709140867366473e-14,9.943078515629619e-18
478.73,-1.4707692849690058e-14,9.665557065501856e-18
478.74,-1.4706241899914818e-14,9.720304396713425e-18
478.75,-1.4704800770125547e-14,9.759314094972797e-18
478.76,-1.4703665802108984e-14,9.763703724942031e-18
478.77,-1.4702013903114578e-14,9.619272761203629e-18
478.78,-1.470045551705707e-14,9.716841595614335e-18
478.79,-1.469901710024698e-14,9.857447960677312e-18
478.8,-1.4697447934878698e-14,9.805979743168833e-18
478.81,-1.469629868994046e-14,9.517123398700284e-18
478.82,-1.4694557879926672e-14,9.740112464487367e-18
478.83,-1.4693161453213907e-14,9.763201316338118e-18
478.84,-1.469169586105428e-14,9.61420839556622e-18
478.85,-1.469016530819393e-14,9.749590914849735e-18
478.86,-1.4689153665145556e-14,9.730372802852113e-18
478.87,-1.4687175392834842e-14,9.701308247472276e-18
478.88,-1.4685706452532742e-14,9.796958209003297e-18
478.89,-1.4684126407397195e-14,9.846286234906845e-18
478.9,-1.46831227077884e-14,9.980968658541861e-18
478.91,-1.4680764025844334e-14,9.685182829783372e-18
478.92,-1.467978281222624e-14,9.553636117319749e-18
478.93,-1.467823065458843e-14,9.642636432712408e-18
478.94,-1.4676664966520116e-14,9.706582586247983e-18
478.95,-1.4675985153903734e-14,9.705871494674632e-18
478.96,-1.4673958197586495e-14,9.755412846049107e-18
478.97,-1.4672972020218562e-14,9.63882308483601e-18
478.98,-1.4670491019972398e-14,9.79387196764526e-18
478.99,-1.466924766562956e-14,9.805632020018225e-18
479.0,-1.4667814425550124e-14,9.713971234788162e-18
479.01,-1.4666929998205306e-14,9.173901753603767e-18
479.02,-1.466482982450754e-14,9.808203645668569e-18
479.03,-1.4663320536413816e-14,9.74967969373845e-18
479.04,-1.466182967851925e-14,1.0118951058700278e-17
479.05,-1.4660527959579288e-14,9.847820710138026e-18
479.06,-1.4659253177053677e-14,9.557017504551195e-18
479.07,-1.4657059685777832e-14,9.63206456898354e-18
479.08,-1.4655975726995284e-14,9.660807461043869e-18
479.09,-1.4654202771096417e-14,9.762689639055824e-18
479.1,-1.4653598352231994e-14,1.0069181337432807e-17
479.11,-1.4651886199981172e-14,9.835853331842617e-18
479.12,-1.4650182202966024e-14,9.762030316955986e-18
479.13,-1.4648704336581862e-14,1.0015116901022581e-17
479.14,-1.4647215132703765e-14,9.767561915401685e-18
479.15,-1.464529694078381e-14,9.594313460459871e-18
479.16,-1.4644534528764657e-14,9.618418939039579e-18
479.17,-1.4642533867859178e-14,9.602966450255852e-18
479.18,-1.464171049753913e-14,9.939391950803652e-18
479.19,-1.464004803724129e-14,9.89992337318439e-18
479.2,-1.463857248836531e-14,9.942891945627776e-18
479.21,-1.4637026432561357e-14,9.748493016961612e-18
479.22,-1.463545785088324e-14,9.678472154445301e-18
479.23,-1.4633802912028128e-14,9.6506599443839e-18
479.24,-1.4631623373122898e-14,9.838320023057168e-18
479.25,-1.4631135576211177e-14,9.705354032696462e-18
479.26,-1.4630089366985265e-14,9.910211613037637e-18
479.27,-1.4628399949318105e-14,9.80421180740697e-18
479.28,-1.4626620319526415e-14,9.733937908548929e-18
479.29,-1.4624998026625237e-14,9.705569101738445e-18
479.3,-1.4623950677403092e-14,9.736779185282879e-18
479.31,-1.462227324419001e-14,9.65143220365264e-18
479.32,-1.4620744817553998e-14,9.838352977655958e-18
479.33,-1.4619704965652634e-14,1.0391045202893309e-17
479.34,-1.4617965782039002e-14,9.848266091698681e-18
479.35,-1.4616787171724347e-14,9.843292130036146e-18
479.36,-1.4614615575088857e-14,9.722479036353425e-18
479.37,-1.4613449149121808e-14,9.826374310119755e-18
479.38,-1.4611839750259272e-14,9.765504990768152e-18
479.39,-1.461027486983677e-14,9.617137292669913e-18
479.4,-1.460793906531352e-14,9.75710306677845e-18
479.41,-1.4607831409507705e-14,9.951831292877556e-18
479.42,-1.4607078051459558e-14,1.0087801585182323e-17
479.43,-1.4604375245125813e-14,9.598155946141644e-18
479.44,-1.4603665090369872e-14,9.938395520746596e-18
479.45,-1.4601849909563674e-14,9.89314756222345e-18
479.46,-1.4600094073872126e-14,9.756673481623995e-18
479.47,-1.459882937008309e-14,9.860603174462419e-18
479.48,-1.4597166517972685e-14,9.745642771711007e-18
479.49,-1.4595719190136395e-14,9.933255063056428e-18
479.5,-1.45943596807471e-14,9.780648108118678e-18
479.51,-1.4587839104765198e-14,8.939121642954786e-18
479.52,-1.4591183154427792e-14,9.706025187487811e-18
479.53,-1.4589566188927924e-14,9.623683389855853e-18
479.54,-1.4588049281394724e-14,9.665779117780247e-18
479.55,-1.4586822878744788e-14,9.747197109749985e-18
479.56,-1.45852935535038e-14,9.810707290478767e-18
479.57,-1.45840222042751e-14,9.772429533448071e-18
479.58,-1.4582180171253736e-14,9.831163139923775e-18
479.59,-1.458116782207436e-14,9.976315006838033e-18
479.6,-1.4578425471929567e-14,9.94873468066831e-18
479.61,-1.4578069794457725e-14,9.723447502395465e-18
479.62,-1.4576649943254364e-14,9.686732960292078e-18
479.63,-1.4575219052592693e-14,9.746370489611425e-18
479.64,-1.4573960456090713e-14,9.808712269726772e-18
479.65,-1.4572162833561892e-14,9.861768765140746e-18
479.66,-1.4570624524408066e-14,9.698008071894251e-18
479.67,-1.4569176738474944e-14,9.67212962405104e-18
479.68,-1.456795097224529e-14,9.947017251067684e-18
479.69,-1.4566776972037826e-14,1.0166388861108449e-17
479.7,-1.4564755201313913e-14,9.827960210691658e-18
479.71,-1.4563760433945387e-14,1.0027201963518387e-17
479.72,-1.4562049772371523e-14,9.803626512299822e-18
479.73,-1.4560736346538887e-14,9.835407820211877e-18
479.74,-1.4559057465432222e-14,9.795408990564983e-18
479.75,-1.4557648031372383e-14,9.887806203388441e-18
479.76,-1.4556170421523664e-14,9.903161046663813e-18
479.77,-1.4554641682830306e-14,9.74915255312416e-18
479.78,-1.4553974903378593e-14,9.881199661001676e-18
479.79,-1.4551940041639366e-14,9.720065725743663e-18
479.8,-1.4550579643806094e-14,9.886532952068535e-18
479.81,-1.4548773071116305e-14,9.704145496772997e-18
479.82,-1.454711081091062e-14,9.50701282576222e-18
479.83,-1.4545873666542803e-14,9.775825910861834e-18
479.84,-1.45443973535813e-14,9.627141033175812e-18
479.85,-1.454320885921247e-14,9.670532067330117e-18
479.86,-1.454136821615374e-14,9.798329188112737e-18
479.87,-1.454028659275152e-14,9.762936557495829e-18
479.88,-1.4539213121123767e-14,1.0051182681782296e-17
479.89,-1.4536768531415904e-14,9.726379277760557e-18
479.9,-1.4535406730263337e-14,9.819309197717412e-18
479.91,-1.4534060990429183e-14,9.609832384020428e-18
479.92,-1.4532794936213027e-14,9.869473059531108e-18
479.93,-1.4531496505561713e-14,9.901545012486818e-18
479.94,-1.45301316429127e-14,9.672702290100074e-18
479.95,-1.4527994600413e-14,9.797872673546787e-18
479.96,-1.4526513196362514e-14,9.566578935052782e-18
479.97,-1.452517212253725e-14,9.51221522485414e-18
479.98,-1.4523657058982362e-14,9.64329012032889e-18
479.99,-1.452226944601601e-14,9.720334186449023e-18
480.0,-1.452091160790619e-14,9.658701062120889e-18
480.01,-1.4519420074138632e-14,9.657541574731151e-18
480.02,-1.4518044663615655e-14,9.797393587542518e-18
480.03,-1.451656817430387e-14,9.949421410035806e-18
480.04,-1.4515171985135414e-14,1.005375668549031e-17
480.05,-1.4513110566012257e-14,9.540407639120313e-18
480.06,-1.4512190800127284e-14,9.679058749200096e-18
480.07,-1.4510828867519146e-14,9.879182387206604e-18
480.08,-1.450937859690301e-14,9.854103824833549e-18
480.09,-1.4507831754773e-14,9.674790805851011e-18
480.1,-1.4506277772980713e-14,9.664920770809709e-18
480.11,-1.4505035957903577e-14,9.92445313827405e-18
480.12,-1.4503026212954692e-14,9.713268393186398e-18
480.13,-1.4503230260088873e-14,1.0029314581976805e-17
480.14,-1.45002681877138e-14,9.770765500250218e-18
480.15,-1.449875940516853e-14,9.547781086970011e-18
480.16,-1.449753248362163e-14,9.672025339899842e-18
480.17,-1.4496369893886068e-14,1.0008957236529045e-17
480.18,-1.4494222483519926e-14,9.559678453594173e-18
480.19,-1.4492856560564332e-14,9.536011766445262e-18
480.2,-1.449196612220854e-14,9.857342759387204e-18
480.21,-1.449127414648577e-14,9.894726327371675e-18
480.22,-1.4488712850111595e-14,9.748831242099739e-18
480.23,-1.448727760185353e-14,9.769425279161267e-18
480.24,-1.4485915595487233e-14,9.640455907006126e-18
480.25,-1.4484350045694476e-14,9.726561390228999e-18
480.26,-1.448280501831124e-14,9.573997518505465e-18
480.27,-1.448142702031144e-14,9.682925859465945e-18
480.28,-1.44800482605475e-14,9.807721274703498e-18
480.29,-1.4478214959802868e-14,9.756566161692313e-18
480.3,-1.447668032447279e-14,9.647580077513214e-18
480.31,-1.4475487121382586e-14,9.6355486173206e-18
480.32,-1.447445717139844e-14,9.807268452818039e-18
480.33,-1.4472523059525532e-14,9.734407057652917e-18
480.34,-1.447083684501009e-14,9.534465519344814e-18
480.35,-1.4469843129477265e-14,9.61855661111516e-18
480.36,-1.4468341025416826e-14,9.702409682002866e-18
480.37,-1.446680655641321e-14,9.735303406415477e-18
480.38,-1.446503896600585e-14,9.56947497797363e-18
480.39,-1.4463830834830475e-14,9.502763394361478e-18
480.4,-1.4462373462280285e-14,9.596663278174008e-18
480.41,-1.44611664165761e-14,9.6643203101626e-18
480.42,-1.4459772356552245e-14,9.715747804675973e-18
480.43,-1.4458219991730694e-14,9.439108550421711e-18
480.44,-1.4456574444009026e-14,9.73270703690626e-18
480.45,-1.4455519083144502e-14,9.742569919146104e-18
480.46,-1.4454045956468262e-14,9.781490957528254e-18
480.47,-1.4452120334803493e-14,9.59441422844016e-18
480.48,-1.4450947494755095e-14,9.47340462202981e-18
480.49,-1.444921776230673e-14,9.608664554734573e-18
480.5,-1.4447821459637116e-14,9.471151980360545e-18
480.51,-1.444626741213337e-14,9.581684918546056e-18
480.52,-1.4445023555256596e-14,9.717415594371596e-18
480.53,-1.444373414300539e-14,9.791958974775961e-18
480.54,-1.4442159749080637e-14,9.619030449061392e-18
480.55,-1.4440730659856724e-14,9.567366789402136e-18
480.56,-1.4439112128105295e-14,9.565761766684683e-18
480.57,-1.4437493973495236e-14,9.720525413697137e-18
480.58,-1.443590384205338e-14,9.587368636852129e-18
480.59,-1.4434654810281937e-14,9.4019419363106e-18
480.6,-1.4433264288777877e-14,9.603389418687172e-18
480.61,-1.4431947014733578e-14,9.586087062626598e-18
480.62,-1.4430706740895847e-14,9.710992873663708e-18
480.63,-1.4429158954879092e-14,9.655051748156007e-18
480.64,-1.4427417003772298e-14,9.624370278914657e-18
480.65,-1.4425925019983576e-14,9.550945423828733e-18
480.66,-1.4424308632217373e-14,9.659515607068851e-18
480.67,-1.4422968399030656e-14,9.453964891145211e-18
480.68,-1.4421777169589092e-14,9.545952523540584e-18
480.69,-1.4420382169343033e-14,9.666786844977092e-18
480.7,-1.441885808446982e-14,9.604398489239425e-18
480.71,-1.441749370305434e-14,9.61288121729451e-18
480.72,-1.441587661430047e-14,9.601380501500091e-18
480.73,-1.4414623022727745e-14,9.618344610568658e-18
480.74,-1.4412993400080602e-14,9.528967929223576e-18
480.75,-1.44115722684409e-14,9.601216491022256e-18
480.76,-1.441001450865347e-14,9.55923584773966e-18
480.77,-1.4408680435479196e-14,9.766213553083948e-18
480.78,-1.4407213655027117e-14,9.593579003138628e-18
480.79,-1.4405921514865132e-14,9.686933592607855e-18
480.8,-1.4404523310430278e-14,9.637829895999082e-18
480.81,-1.4402853338511982e-14,9.579882842809852e-18
480.82,-1.440144336471316e-14,9.553823287118459e-18
480.83,-1.440041453533835e-14,9.727043128748031e-18
480.84,-1.4398800860415735e-14,9.557398064868902e-18
480.85,-1.4396892994935243e-14,9.434383471283789e-18
480.86,-1.439587039881616e-14,9.71212879888393e-18
480.87,-1.4394144986932917e-14,9.630038096547822e-18
480.88,-1.4393127917065716e-14,9.695932525121425e-18
480.89,-1.4390980078815866e-14,9.484199278962612e-18
480.9,-1.4389785252492076e-14,9.573410214684397e-18
480.91,-1.4388582279650338e-14,9.610171904823796e-18
480.92,-1.4387083239246323e-14,9.525436563285456e-18
480.93,-1.4385453490649755e-14,9.46235032309073e-18
480.94,-1.438443468754407e-14,9.637632791373577e-18
480.95,-1.438275209440228e-14,9.637874581129077e-18
480.96,-1.4381218917365627e-14,9.580334724715143e-18
480.97,-1.4379610977601795e-14,9.459900243985055e-18
480.98,-1.4378471207343202e-14,9.793201507438693e-18
480.99,-1.437681089860125e-14,9.553247445789432e-18
481.0,-1.4375011521099836e-14,9.502265420252237e-18
481.01,-1.437376995183989e-14,9.33523059862043e-18
481.02,-1.4372468101157366e-14,9.516462473631468e-18
481.03,-1.4371097361578833e-14,9.39654410783794e-18
481.04,-1.4369656805334654e-14,9.510161422165942e-18
481.05,-1.436825435220419e-14,9.636602175001421e-18
481.06,-1.436682573318864e-14,9.428529383810517e-18
481.07,-1.4365385219987912e-14,9.604349675042488e-18
481.08,-1.436350808108123e-14,9.505937784795189e-18
481.09,-1.4362131081447796e-14,9.36903999641867e-18
481.1,-1.4360950947492693e-14,9.542411019508248e-18
481.11,-1.4359217312012074e-14,9.517647065074152e-18
481.12,-1.435790671872094e-14,9.440601313177263e-18
481.13,-1.435654362125041e-14,9.635588659949109e-18
481.14,-1.4355016341485784e-14,9.468714365339224e-18
481.15,-1.4353428342040854e-14,9.45700742105579e-18
481.16,-1.4352048637420438e-14,9.496076793047671e-18
481.17,-1.4350945796476253e-14,9.581071560159882e-18
481.18,-1.4349500101188566e-14,9.472527886993467e-18
481.19,-1.4348272933533794e-14,9.743947820538058e-18
481.2,-1.4346210143554094e-14,9.490718790244515e-18
481.21,-1.434481554432549e-14,9.626869788865318e-18
481.22,-1.4343581971116105e-14,9.402651475995129e-18
481.23,-1.4342449338340457e-14,9.498490867490056e-18
481.24,-1.4340499485376416e-14,9.305250505980941e-18
481.25,-1.4339405061284264e-14,9.488199757669355e-18
481.26,-1.4337506526009782e-14,9.691854940921123e-18
481.27,-1.4336610800605735e-14,9.416038766476758e-18
481.28,-1.4334649610853706e-14,9.523934072920024e-18
481.29,-1.4333046867863565e-14,9.304862130662863e-18
481.3,-1.433249459258878e-14,9.516901192918127e-18
481.31,-1.4330438872795498e-14,9.398092057434681e-18
481.32,-1.4329338349419018e-14,9.553104801824358e-18
481.33,-1.4327990305548658e-14,9.50905059257308e-18
481.34,-1.432596605467681e-14,9.259822021765396e-18
481.35,-1.4324546813680663e-14,9.37089730902302e-18
481.36,-1.432364045875919e-14,9.678640440648047e-18
481.37,-1.4322214990707766e-14,9.31674003890767e-18
481.38,-1.4320816314339677e-14,9.601670578852995e-18
481.39,-1.4318978725796787e-14,9.495320334002977e-18
481.4,-1.4317494164355026e-14,9.536840410964076e-18
481.41,-1.4316293176956247e-14,9.561865040066133e-18
481.42,-1.4314653689806468e-14,9.417675544067618e-18
481.43,-1.4312912528848846e-14,9.28757005145548e-18
481.44,-1.4311822629356756e-14,9.645323029456529e-18
481.45,-1.4310210820471705e-14,9.513155086207008e-18
481.46,-1.4308932713886726e-14,9.210027374764742e-18
481.47,-1.4307314715032172e-14,9.489199692904554e-18
481.48,-1.430623722496867e-14,9.634809817758342e-18
481.49,-1.4304647022182847e-14,9.624853745173844e-18
481.5,-1.430323670417408e-14,9.462696871611712e-18
481.51,-1.4301782772107176e-14,9.520508520213583e-18
481.52,-1.4300405741467034e-14,9.538139084337227e-18
481.53,-1.4299037635104445e-14,9.306769789802962e-18
481.54,-1.4297026816995735e-14,9.304299302464026e-18
481.55,-1.4296216107450166e-14,9.461870591442519e-18
481.56,-1.4294572337236783e-14,9.275186566847268e-18
481.57,-1.4292845558149494e-14,9.411213594985748e-18
481.58,-1.4291618197638703e-14,9.425111028896886e-18
481.59,-1.4289444165639274e-14,9.120142446735848e-18
481.6,-1.4288774746419407e-14,9.398084112759172e-18
481.61,-1.4287296990672602e-14,9.532567996258354e-18
481.62,-1.4285149346534183e-14,9.270481355783137e-18
481.63,-1.4284272956015054e-14,9.146603702161661e-18
481.64,-1.4283241247361193e-14,9.414671152206687e-18
481.65,-1.428154871922541e-14,9.34451534461048e-18
481.66,-1.4280233669705263e-14,9.575522987568128e-18
481.67,-1.427875135052484e-14,9.437406725545054e-18
481.68,-1.427735693816535e-14,9.246537420035851e-18
481.69,-1.4276067387526684e-14,9.36563224524489e-18
481.7,-1.427497813958777e-14,9.446103764997043e-18
481.71,-1.427332323003068e-14,9.59080835037953e-18
481.72,-1.427227852376762e-14,9.170911365670046e-18
481.73,-1.427058368054073e-14,9.53882057879522e-18
481.74,-1.4268758602970088e-14,9.532017072895167e-18
481.75,-1.4267645877471985e-14,9.531826590719569e-18
481.76,-1.4265864556321982e-14,9.400014902191347e-18
481.77,-1.4264402597802347e-14,9.374446561177586e-18
481.78,-1.4263127004081354e-14,9.451789144856291e-18
481.79,-1.42617951368447e-14,9.511292292820542e-18
481.8,-1.426028730080627e-14,9.46540331179464e-18
481.81,-1.425951650086648e-14,9.75753145207587e-18
481.82,-1.4257604500107543e-14,9.450402479531606e-18
481.83,-1.425619697776041e-14,9.393698702563649e-18
481.84,-1.4254607630517677e-14,9.399335820497223e-18
481.85,-1.425255117218224e-14,9.338337215167609e-18
481.86,-1.4251486047767948e-14,9.3095008774935e-18
481.87,-1.4250325770610035e-14,9.486143715090043e-18
481.88,-1.4248369164048582e-14,9.183279651891654e-18
481.89,-1.424723921226488e-14,9.289059270986072e-18
481.9,-1.4246186495488736e-14,9.999332378068139e-18
481.91,-1.424412057950309e-14,9.201636282335014e-18
481.92,-1.4243338028064487e-14,9.38175738673234e-18
481.93,-1.424154064412791e-14,9.479006740578603e-18
481.94,-1.424010638501703e-14,9.282108841726297e-18
481.95,-1.4238958105060848e-14,9.390830966309547e-18
481.96,-1.4237291854594598e-14,9.321482195931756e-18
481.97,-1.423560288761765e-14,9.28510176859384e-18
481.98,-1.4234520613257836e-14,9.29791625701565e-18
481.99,-1.4228198051640576e-14,9.445291952705708e-18
482.0,-1.4231393527111696e-14,9.310590613088859e-18
482.01,-1.4230549357464432e-14,9.697653007946147e-18
482.02,-1.4228591103581155e-14,9.206702645891053e-18
482.03,-1.4227261502196975e-14,9.362802622948507e-18
482.04,-1.4225806434010798e-14,9.339907058403242e-18
482.05,-1.4224470309481535e-14,9.381229191602481e-18
482.06,-1.4223013357223334e-14,9.35495014237983e-18
482.07,-1.4221728741968706e-14,9.386137476824427e-18
482.08,-1.4222627365865577e-14,1.0232185489880032e-17
482.09,-1.421859690326257e-14,9.228939966812327e-18
482.1,-1.4215854758844413e-14,9.436953723562552e-18
482.11,-1.421591169858984e-14,9.371683242765138e-18
482.12,-1.421456084309952e-14,9.223947861689472e-18
482.13,-1.4213350408013006e-14,9.358114013987863e-18
482.14,-1.4211955808720423e-14,9.359078727481629e-18
482.15,-1.4210509866358815e-14,9.352514425223225e-18
482.16,-1.4208542746963598e-14,9.187818532807003e-18
482.17,-1.4208533282912837e-14,1.056836638494463e-17
482.18,-1.420605712563381e-14,9.35024748005744e-18
482.19,-1.4204608916986997e-14,9.380315477167116e-18
482.2,-1.4203129070889786e-14,9.277858953895409e-18
482.21,-1.4201644161013047e-14,9.258329554168883e-18
482.22,-1.4200328602444138e-14,9.195784111684044e-18
482.23,-1.4199121258495304e-14,9.398701887340683e-18
482.24,-1.4197609282191333e-14,9.363305013648034e-18
482.25,-1.4195951753188284e-14,9.199525718799624e-18
482.26,-1.4194342807753792e-14,9.605382788023033e-18
482.27,-1.4193171700071167e-14,9.226892704753633e-18
482.28,-1.4191559250823963e-14,9.439204069784452e-18
482.29,-1.4190274562962116e-14,9.253734511939909e-18
482.3,-1.4188805107497455e-14,9.144027018522798e-18
482.31,-1.4187949023710894e-14,9.195823241715563e-18
482.32,-1.418555475712617e-14,9.152249982400515e-18
482.33,-1.4184405265759688e-14,9.101233844272154e-18
482.34,-1.4183524054453603e-14,9.237780101656839e-18
482.35,-1.418125694781581e-14,9.02989878521583e-18
482.36,-1.4180394725826796e-14,9.141605169364905e-18
482.37,-1.4178696095055274e-14,9.572661422270658e-18
482.38,-1.4177377805135178e-14,9.386116166921114e-18
482.39,-1.4176356923247657e-14,9.365833318061177e-18
482.4,-1.4174687240904205e-14,9.605990292728794e-18
482.41,-1.4171850003239226e-14,9.107995725095641e-18
482.42,-1.4172006937266874e-14,9.116738782369395e-18
482.43,-1.4170116220315083e-14,9.050324211952599e-18
482.44,-1.4168930398433618e-14,9.018469372051415e-18
482.45,-1.4168026843663826e-14,9.2233000852844e-18
482.46,-1.4165661974005149e-14,9.494681326928284e-18
482.47,-1.4164730339014042e-14,9.139146320270603e-18
482.48,-1.4163439343309242e-14,9.245267140053811e-18
482.49,-1.4162220822715547e-14,8.881337446990413e-18
482.5,-1.4160461562095745e-14,9.190390142659366e-18
482.51,-1.415916260230172e-14,9.32228131440969e-18
482.52,-1.4157092582478717e-14,8.965238632224275e-18
482.53,-1.4156365507079791e-14,9.123721162002653e-18
482.54,-1.4154768492649818e-14,9.249109886402354e-18
482.55,-1.4154264718556202e-14,9.365706923114602e-18
482.56,-1.4152370365331684e-14,9.428127952246909e-18
482.57,-1.4150353079734988e-14,9.07997811541289e-18
482.58,-1.4149574817013293e-14,9.240771498226137e-18
482.59,-1.4147619021411437e-14,9.237988291729119e-18
482.6,-1.4145723344266193e-14,9.152685659784971e-18
482.61,-1.4144832286082475e-14,9.5312351708649e-18
482.62,-1.4143632427196501e-14,9.216873293435523e-18
482.63,-1.414220309055533e-14,9.230671135921375e-18
482.64,-1.4141038470953925e-14,9.231146616858153e-18
482.65,-1.4139175015846173e-14,9.115648027277341e-18
482.66,-1.4138135321296172e-14,9.23933266452879e-18
482.67,-1.4136274462423646e-14,9.201284664980856e-18
482.68,-1.4135001364224138e-14,9.276035656198013e-18
482.69,-1.413414976259867e-14,9.591987120132726e-18
482.7,-1.4132100598418227e-14,9.182186668756974e-18
482.71,-1.413065171790058e-14,9.406055792423453e-18
482.72,-1.4129548253572607e-14,9.199474579139152e-18
482.73,-1.4128233308497684e-14,9.114625745396e-18
482.74,-1.4126113267966401e-14,9.031174551048508e-18
482.75,-1.4125011858287622e-14,8.99833993216751e-18
482.76,-1.412426010636555e-14,9.322095672802828e-18
482.77,-1.4122351522639893e-14,9.179735792906206e-18
482.78,-1.4120524040261908e-14,8.792769749438922e-18
482.79,-1.4119442040226749e-14,9.189299109522758e-18
482.8,-1.4117869011911237e-14,9.200512263530242e-18
482.81,-1.4116513787258553e-14,9.149225555138792e-18
482.82,-1.4114811189060475e-14,9.189110516852107e-18
482.83,-1.4114574842923909e-14,9.279023537188827e-18
482.84,-1.4112693836707642e-14,9.45414025774198e-18
482.85,-1.4110815088892991e-14,9.093561409927001e-18
482.86,-1.4109370795986199e-14,9.148535820862709e-18
482.87,-1.4108306588689227e-14,8.953768631927434e-18
482.88,-1.4106912209442313e-14,9.150055953365702e-18
482.89,-1.4105473516925771e-14,9.10933254303511e-18
482.9,-1.4104313965400951e-14,9.253411892315649e-18
482.91,-1.410172841120401e-14,9.197247101818483e-18
482.92,-1.410112632873566e-14,9.090019634959206e-18
482.93,-1.4099598049198649e-14,9.091201505198803e-18
482.94,-1.4098728008503581e-14,9.256985873847598e-18
482.95,-1.4096860985048385e-14,9.194793684466719e-18
482.96,-1.4094974172033808e-14,9.385686101639535e-18
482.97,-1.409428651992912e-14,9.226001636862842e-18
482.98,-1.4092726089161455e-14,8.96362455094165e-18
482.99,-1.4091523808480562e-14,9.28449779184165e-18
483.0,-1.4089729289569829e-14,9.31811023957135e-18
483.01,-1.4088497522534704e-14,9.191847893720872e-18
483.02,-1.4087179418669859e-14,9.211425018175725e-18
483.03,-1.4086004751850049e-14,9.245082277221832e-18
483.04,-1.4084456450367916e-14,9.245374268369089e-18
483.05,-1.4081871299113351e-14,9.094448815943372e-18
483.06,-1.4081485211870243e-14,9.138373059294357e-18
483.07,-1.4080039272873345e-14,9.039626036315319e-18
483.08,-1.4078642525925398e-14,9.080947456202578e-18
483.09,-1.4077975078557481e-14,9.51835388056056e-18
483.1,-1.4075855964239472e-14,9.30442712907017e-18
483.11,-1.4074707020598842e-14,9.175948533626411e-18
483.12,-1.4073262290621812e-14,9.277171687659689e-18
483.13,-1.4071764943976883e-14,9.150632203730916e-18
483.14,-1.4071121966865149e-14,9.730354726006634e-18
483.15,-1.4068604195749692e-14,9.133176642883279e-18
483.16,-1.406729584359508e-14,9.272898257801716e-18
483.17,-1.4066176788986709e-14,9.169577367605256e-18
483.18,-1.4065631550320777e-14,9.412927471487676e-18
483.19,-1.4063217346741967e-14,9.267239841681668e-18
483.2,-1.406160974076891e-14,9.09230375464217e-18
483.21,-1.4060475757828394e-14,9.168010012420765e-18
483.22,-1.4058916508194518e-14,9.147780543902317e-18
483.23,-1.4057975191198894e-14,1.05118754803087e-17
483.24,-1.4056087086109172e-14,9.143731438468072e-18
483.25,-1.405455628423412e-14,9.180430777379634e-18
483.26,-1.4053686773734732e-14,9.227122383246466e-18
483.27,-1.4052240158408676e-14,8.928981666015284e-18
483.28,-1.4050502517869516e-14,9.208399595509233e-18
483.29,-1.404946392408579e-14,9.128761391740353e-18
483.3,-1.4047716746803804e-14,9.191743367152871e-18
483.31,-1.4046258497817686e-14,9.263553577017436e-18
483.32,-1.4047414442719178e-14,8.94677373568152e-18
483.33,-1.4043959434050404e-14,9.050596505644312e-18
483.34,-1.4043408420517054e-14,9.476270657104117e-18
483.35,-1.4040641270776514e-14,8.851778578421291e-18
483.36,-1.4040106626820831e-14,9.576197618179698e-18
483.37,-1.4038353794656077e-14,8.984904026543569e-18
483.38,-1.4036280717028421e-14,9.143631377710957e-18
483.39,-1.4035349787838932e-14,9.226259152855154e-18
483.4,-1.40338454537211e-14,9.228849732402502e-18
483.41,-1.4034267946211233e-14,1.0112962937427602e-17
483.42,-1.4030607413929036e-14,8.969932276529658e-18
483.43,-1.402945635901554e-14,9.18419670549466e-18
483.44,-1.4028369981734457e-14,9.232705238784333e-18
483.45,-1.4027962640811487e-14,1.0390505946013657e-17
483.46,-1.4025262813731193e-14,9.015039978426716e-18
483.47,-1.4024072942173986e-14,9.220043518466924e-18
483.48,-1.4022523252392754e-14,9.101283544209505e-18
483.49,-1.4020834348154871e-14,9.107844252952693e-18
483.5,-1.4019896147945487e-14,8.056538695625205e-18
483.51,-1.4017978779904009e-14,8.899682046214239e-18
483.52,-1.4016896887593214e-14,9.128200617213874e-18
483.53,-1.4015525750047353e-14,9.176289112598629e-18
483.54,-1.401538123015991e-14,9.314243483970288e-18
483.55,-1.401265300489487e-14,9.047366931134062e-18
483.56,-1.4011343931532179e-14,9.007304308166508e-18
483.57,-1.4009969781610023e-14,9.082209494572799e-18
483.58,-1.4008937694594399e-14,9.194140647200661e-18
483.59,-1.4006099516195163e-14,9.339607914059576e-18
483.6,-1.4005717166776605e-14,9.200180803353018e-18
483.61,-1.4004662475659009e-14,9.055093635510617e-18
483.62,-1.4002848756322916e-14,8.992790783739168e-18
483.63,-1.4001858691828403e-14,8.995597618230647e-18
483.64,-1.4000569527236166e-14,9.19746004313505e-18
483.65,-1.3998763920738825e-14,9.118360258689266e-18
483.66,-1.3997392353175998e-14,9.101366957048977e-18
483.67,-1.3996331684117349e-14,9.258138514916802e-18
483.68,-1.3993421707529775e-14,8.805652821130745e-18
483.69,-1.3993019014968293e-14,9.038821189125626e-18
483.7,-1.3991805683830004e-14,9.10380473794915e-18
483.71,-1.3990529096371196e-14,9.153505098159095e-18
483.72,-1.3988448193686431e-14,8.687267411328748e-18
483.73,-1.3987450495648132e-14,9.090273253720021e-18
483.74,-1.3986176209411642e-14,9.031409153246976e-18
483.75,-1.3984711833151774e-14,9.004495714305987e-18
483.76,-1.3982160225159108e-14,8.563465310258808e-18
483.77,-1.3982729483627586e-14,9.608448461983099e-18
483.78,-1.3980450494602557e-14,9.003316077111712e-18
483.79,-1.3977806467633497e-14,8.765107475429633e-18
483.8,-1.3977946649700004e-14,9.163095415640115e-18
483.81,-1.3976245448437916e-14,8.900265020860543e-18
483.82,-1.3974202141525346e-14,9.005866719350453e-18
483.83,-1.3973653860875717e-14,9.112246889930398e-18
483.84,-1.3972117971284783e-14,9.000722100997374e-18
483.85,-1.3970658929249182e-14,9.014046610545947e-18
483.86,-1.3969627356939032e-14,9.510221273362498e-18
483.87,-1.3968122380682735e-14,9.003966130533161e-18
483.88,-1.3966580491921894e-14,8.986221070143961e-18
483.89,-1.396528215329309e-14,8.929689807709701e-18
483.9,-1.396394102650488e-14,9.220066390791051e-18
483.91,-1.3962560381464256e-14,9.059334933976517e-18
483.92,-1.3961112701318331e-14,9.051016730360414e-18
483.93,-1.3959671439352576e-14,8.947421872675621e-18
483.94,-1.3958379018493685e-14,9.185436341333362e-18
483.95,-1.3956676413277353e-14,8.729857345016125e-18
483.96,-1.3955546913553022e-14,8.981600919122639e-18
483.97,-1.3953983022048128e-14,9.09565186710231e-18
483.98,-1.3952301407528507e-14,8.467710040406324e-18
483.99,-1.3951549011134837e-14,9.265297454421373e-18
484.0,-1.3949928179201648e-14,9.09529555563991e-18
484.01,-1.3948589531687683e-14,8.984867022657666e-18
484.02,-1.3947128124961419e-14,9.151465214813063e-18
484.03,-1.3945849970989851e-14,8.99765212471912e-18
484.04,-1.3944884966255212e-14,8.823207136110406e-18
484.05,-1.3943290987807345e-14,9.104131795227676e-18
484.06,-1.3941816615806808e-14,9.138880686088238e-18
484.07,-1.394021918513117e-14,9.00775410263125e-18
484.08,-1.3938623645629277e-14,9.14553301577782e-18
484.09,-1.3937830677388788e-14,9.148593222054934e-18
484.1,-1.393620867875478e-14,9.067168269492566e-18
484.11,-1.3934488659965748e-14,9.121478144466458e-18
484.12,-1.393329533787741e-14,9.121143682145295e-18
484.13,-1.3931615693095444e-14,9.032366713939282e-18
484.14,-1.3930501111287778e-14,9.004904635694757e-18
484.15,-1.3928958956573452e-14,8.918965936286162e-18
484.16,-1.3927820199585569e-14,9.045693379386345e-18
484.17,-1.392691941082406e-14,9.426098359182356e-18
484.18,-1.3925049261809742e-14,9.187404737739556e-18
484.19,-1.3923651313924175e-14,9.02983199923002e-18
484.2,-1.3922425045393347e-14,9.202134948922643e-18
484.21,-1.3921035378326517e-14,9.129090347146898e-18
484.22,-1.3919094764304842e-14,8.883884205557601e-18
484.23,-1.3918102442845276e-14,9.10539132968294e-18
484.24,-1.391658369226268e-14,8.965761072674433e-18
484.25,-1.3915333736774573e-14,9.117403711701063e-18
484.26,-1.3913933135434002e-14,8.896809536335369e-18
484.27,-1.3912368774920478e-14,9.082833973687918e-18
484.28,-1.3911074764406624e-14,9.018422618438453e-18
484.29,-1.3909649423423665e-14,9.036084478207796e-18
484.3,-1.3908349048415742e-14,9.173492563122634e-18
484.31,-1.390722930676086e-14,9.280512245127975e-18
484.32,-1.3906023543821542e-14,9.215756245228772e-18
484.33,-1.3904123316821837e-14,9.144530663055815e-18
484.34,-1.3903117897529597e-14,9.170781385962974e-18
484.35,-1.3901335009490054e-14,8.861984368585613e-18
484.36,-1.389994401403746e-14,9.035122745793988e-18
484.37,-1.3898283422686258e-14,9.07325539832329e-18
484.38,-1.3896860030085236e-14,8.885265036159458e-18
484.39,-1.389595480325529e-14,9.09413277831959e-18
484.4,-1.3894332198856531e-14,8.871988558017614e-18
484.41,-1.3893012203856383e-14,8.988082900972306e-18
484.42,-1.3892020137483738e-14,9.176480799831435e-18
484.43,-1.389039099862143e-14,9.00561347157901e-18
484.44,-1.3889229999497139e-14,9.19438899154055e-18
484.45,-1.3887591909825614e-14,9.007451638077528e-18
484.46,-1.388636097377403e-14,9.148931269729018e-18
484.47,-1.3885117934157612e-14,9.181306306503046e-18
484.48,-1.3883540416112932e-14,9.04740494503787e-18
484.49,-1.3881937669449236e-14,8.660855965241338e-18
484.5,-1.3880747677710957e-14,9.20644086826037e-18
484.51,-1.3879307239661779e-14,9.114003663625255e-18
484.52,-1.3878083041634481e-14,9.220006890573089e-18
484.53,-1.3876103605584614e-14,8.88613635525125e-18
484.54,-1.3875060799445913e-14,8.979792349229342e-18
484.55,-1.3873607689369284e-14,9.01075600275484e-18
484.56,-1.3872447759073004e-14,9.056370451909363e-18
484.57,-1.3870859018587207e-14,9.121425647627336e-18
484.58,-1.386931731754628e-14,9.072720941530035e-18
484.59,-1.3868224343767694e-14,9.110284296256112e-18
484.6,-1.3866798291138127e-14,9.136104267590851e-18
484.61,-1.3865492004641802e-14,9.089737219234563e-18
484.62,-1.38638326932766e-14,9.048864468337193e-18
484.63,-1.3862742773290835e-14,9.170493055785041e-18
484.64,-1.3861361458800879e-14,9.087054108678089e-18
484.65,-1.3859965589901834e-14,8.998883848037796e-18
484.66,-1.3858649711799963e-14,9.148610976934166e-18
484.67,-1.3856954115858546e-14,9.012962367054597e-18
484.68,-1.3855794078268664e-14,9.088103484730755e-18
484.69,-1.3854538448024974e-14,9.087196411373753e-18
484.7,-1.385302665737834e-14,8.932132123816707e-18
484.71,-1.385175915437523e-14,9.224759759289929e-18
484.72,-1.3850340972957906e-14,9.123152446091911e-18
484.73,-1.3848922700811693e-14,9.105289941368402e-18
484.74,-1.3847490847462881e-14,9.028107730681255e-18
484.75,-1.3845917804348869e-14,8.936923936017183e-18
484.76,-1.3845172816332922e-14,9.25650262069666e-18
484.77,-1.3843363172087051e-14,9.039350656783255e-18
484.78,-1.3841977237170136e-14,9.06905761725292e-18
484.79,-1.384081621953429e-14,9.119122692400616e-18
484.8,-1.383995231497393e-14,9.340298167826098e-18
484.81,-1.3838130207365678e-14,9.092656953638027e-18
484.82,-1.3836669597798153e-14,9.201775358324951e-18
484.83,-1.38351754707101e-14,9.048853830730409e-18
484.84,-1.3833898140536624e-14,9.104444561779719e-18
484.85,-1.3832556602878276e-14,9.45590886307515e-18
484.86,-1.3831274726394619e-14,9.351203935878099e-18
484.87,-1.3829796538459153e-14,9.08407957376002e-18
484.88,-1.382816639269957e-14,9.027902785054525e-18
484.89,-1.3827106193421682e-14,9.437720488818362e-18
484.9,-1.3825474462740213e-14,9.057800295236181e-18
484.91,-1.382435825690314e-14,9.066054546761868e-18
484.92,-1.3822748756546189e-14,8.919452251481735e-18
484.93,-1.3821262983061878e-14,9.102564674248329e-18
484.94,-1.3820159586899055e-14,9.114103752028845e-18
484.95,-1.3818154543766772e-14,8.999485575518817e-18
484.96,-1.3817122378210406e-14,9.014068073689723e-18
484.97,-1.3815599719315083e-14,9.155690229241595e-18
484.98,-1.3814181268085007e-14,9.230232563819286e-18
484.99,-1.38129729380588e-14,9.151747080899441e-18
485.0,-1.38117828168634e-14,9.176872155176273e-18
485.01,-1.3810153841190073e-14,9.133311591122773e-18
485.02,-1.3808588866724686e-14,8.998794817269942e-18
485.03,-1.3807357529457444e-14,9.014230950398765e-18
485.04,-1.380636813620777e-14,9.145112142686043e-18
485.05,-1.3803888444505103e-14,8.922625098452216e-18
485.06,-1.380378330765761e-14,9.22146047932606e-18
485.07,-1.3802313595637585e-14,8.791554804272538e-18
485.08,-1.3800477772435898e-14,8.938807096101371e-18
485.09,-1.3799344886695525e-14,9.021705532610379e-18
485.1,-1.379792592381239e-14,9.078650724394968e-18
485.11,-1.3796895836265178e-14,9.057082618272365e-18
485.12,-1.3795031925601435e-14,9.026269955182892e-18
485.13,-1.3793309544254273e-14,9.066375409123484e-18
485.14,-1.3792366686384182e-14,9.140236619327461e-18
485.15,-1.3791544918318978e-14,9.231118713928683e-18
485.16,-1.3789341447745796e-14,8.699207770855305e-18
485.17,-1.3788220833157924e-14,9.093434452835423e-18
485.18,-1.3786854825801324e-14,9.217960904728361e-18
485.19,-1.3785986561939181e-14,9.153079793205648e-18
485.2,-1.37844367101159e-14,9.043754185030669e-18
485.21,-1.3783007021296545e-14,9.043855990938637e-18
485.22,-1.3781779804533472e-14,9.126242247262793e-18
485.23,-1.3780103184403232e-14,9.221927228189376e-18
485.24,-1.3778648559185736e-14,9.083724178613722e-18
485.25,-1.3777751384183771e-14,9.275181283737452e-18
485.26,-1.3776102353412196e-14,9.055418798084023e-18
485.27,-1.3774546853734934e-14,9.120612724474287e-18
485.28,-1.3773240392689556e-14,9.17758265537835e-18
485.29,-1.3771882832200903e-14,9.162511882271706e-18
485.3,-1.3770715830514397e-14,9.208768842889166e-18
485.31,-1.3769615116051665e-14,9.839806865780765e-18
485.32,-1.3768411548545036e-14,8.997123420367514e-18
485.33,-1.3766427384954045e-14,9.118219674518268e-18
485.34,-1.3764074076015337e-14,8.768574797912314e-18
485.35,-1.3763995519905414e-14,9.170618700409563e-18
485.36,-1.3762232578868767e-14,9.238264733840304e-18
485.37,-1.3760862084977486e-14,9.073979131445041e-18
485.38,-1.3759660793045539e-14,9.07533673927078e-18
485.39,-1.3758441013692413e-14,9.315409615992936e-18
485.4,-1.375700530151783e-14,9.153530147445694e-18
485.41,-1.3755306890158743e-14,8.966648299679874e-18
485.42,-1.37541596164357e-14,9.162384492052014e-18
485.43,-1.3751847192901337e-14,8.976269719182529e-18
485.44,-1.3751246660656603e-14,9.132787667241732e-18
485.45,-1.374984848212398e-14,9.01833520238933e-18
485.46,-1.374866549987422e-14,9.07832855343351e-18
485.47,-1.3746960722923332e-14,9.11172378491163e-18
485.48,-1.3745797512895844e-14,9.159067279399285e-18
485.49,-1.3744460778496127e-14,9.19703136794459e-18
485.5,-1.3743514009037924e-14,9.338208377325798e-18
485.51,-1.3742454576269101e-14,9.228323384057207e-18
485.52,-1.3740969021777921e-14,8.922342824251196e-18
485.53,-1.373736619898288e-14,8.855822788586274e-18
485.54,-1.3737586329237486e-14,9.082017206753224e-18
485.55,-1.3736066784769891e-14,8.96888332870115e-18
485.56,-1.373322064717693e-14,8.717104858949962e-18
485.57,-1.3733238883423034e-14,9.240119432141271e-18
485.58,-1.3732239426878133e-14,9.11566444401779e-18
485.59,-1.3730744935864514e-14,9.220046174634971e-18
485.6,-1.3729779517276089e-14,9.100776026010323e-18
485.61,-1.3728456305862865e-14,8.670267116973253e-18
485.62,-1.3726827000429753e-14,9.373242603510463e-18
485.63,-1.3725406712347043e-14,9.063671600144493e-18
485.64,-1.3723989638895399e-14,8.946076296069417e-18
485.65,-1.372300249237638e-14,9.148659461430424e-18
485.66,-1.3720848711964735e-14,8.665891233358238e-18
485.67,-1.3720103341024848e-14,9.112180442548092e-18
485.68,-1.3718412922438302e-14,9.040537507601239e-18
485.69,-1.3716844976645712e-14,8.892323302734957e-18
485.7,-1.3715903050293858e-14,9.853504645403106e-18
485.71,-1.3714327128706097e-14,9.00143973188373e-18
485.72,-1.3713258708173938e-14,9.125662854019914e-18
485.73,-1.3711737693550374e-14,8.998617955130496e-18
485.74,-1.3710231545227374e-14,8.967380023949541e-18
485.75,-1.3709381746411985e-14,8.821041143234744e-18
485.76,-1.3707552051480247e-14,9.02692999925069e-18
485.77,-1.3705796126857627e-14,8.942354288988465e-18
485.78,-1.3704982134843912e-14,9.130496836574316e-18
485.79,-1.3704284291504799e-14,9.914408866191975e-18
485.8,-1.3702324758099982e-14,9.187119575666695e-18
485.81,-1.3700906721837183e-14,9.080614494097662e-18
485.82,-1.3699611878333971e-14,9.257779006995238e-18
485.83,-1.3698218281134759e-14,9.108239461689616e-18
485.84,-1.3701337074037046e-14,9.988419109856461e-18
485.85,-1.369506389324993e-14,9.02689818105369e-18
485.86,-1.3694104295144555e-14,9.309136863459731e-18
485.87,-1.3692689698056969e-14,9.161910273374317e-18
485.88,-1.3689416423609672e-14,8.196501479701593e-18
485.89,-1.3689943393525145e-14,9.03890670783663e-18
485.9,-1.3688096157928412e-14,8.89462196762363e-18
485.91,-1.3687131836199948e-14,9.10007417467898e-18
485.92,-1.3686361821729178e-14,9.152355163811492e-18
485.93,-1.368472450371502e-14,9.488773951268441e-18
485.94,-1.3681837334561085e-14,9.177981873644121e-18
485.95,-1.3682366899483753e-14,9.002512213971982e-18
485.96,-1.3680422149702056e-14,8.895844434474448e-18
485.97,-1.3676737593250353e-14,8.914598128338287e-18
485.98,-1.3677537744493711e-14,8.936880008532267e-18
485.99,-1.3676318676054037e-14,9.135320103881412e-18
486.0,-1.367468039490671e-14,9.020998375788737e-18
486.01,-1.3672891197562306e-14,9.034826501433951e-18
486.02,-1.367201309802021e-14,8.345970587316943e-18
486.03,-1.3670798696843258e-14,9.110194441919501e-18
486.04,-1.3669440476545925e-14,9.269365921603956e-18
486.05,-1.366842491547696e-14,9.101708678808004e-18
486.06,-1.3667668404995078e-14,7.662867757039628e-18
486.07,-1.3665286749153729e-14,9.102564097621841e-18
486.08,-1.3663891560432231e-14,9.090524390090636e-18
486.09,-1.366267825146273e-14,8.981051441604296e-18
486.1,-1.3661385489243068e-14,9.10189177075158e-18
486.11,-1.3660791540808046e-14,8.825210760972176e-18
486.12,-1.365839034987285e-14,9.055163439438348e-18
486.13,-1.3656964062643191e-14,9.03059945354132e-18
486.14,-1.3656001352178177e-14,9.157809620033311e-18
486.15,-1.365502214055196e-14,1.0023564753312127e-17
486.16,-1.3653007598416135e-14,8.958157923622293e-18
486.17,-1.3651683698800514e-14,9.037864307220118e-18
486.18,-1.3650232350464202e-14,9.14971636282081e-18
486.19,-1.3649024939418954e-14,8.994735361949735e-18
486.2,-1.3648345938097083e-14,9.31519915158664e-18
486.21,-1.3646238197099912e-14,8.947826901062147e-18
486.22,-1.364529508743204e-14,8.968741989090206e-18
486.23,-1.36437489037347e-14,9.097410484915819e-18
486.24,-1.3643711819284863e-14,9.586878209967398e-18
486.25,-1.3640736729757958e-14,8.835695176068573e-18
486.26,-1.3639347025767548e-14,9.073406929445388e-18
486.27,-1.3638196103350182e-14,9.059485694222723e-18
486.28,-1.3636972907361225e-14,9.130085071284766e-18
486.29,-1.363599010922146e-14,9.301535711602145e-18
486.3,-1.363425706061022e-14,9.086399833343616e-18
486.31,-1.3633055024983474e-14,8.992288997839204e-18
486.32,-1.3631604862478222e-14,9.108263086919427e-18
486.33,-1.3628960012274925e-14,8.9038626891028e-18
486.34,-1.3628639974418624e-14,8.971522297742909e-18
486.35,-1.3627434903415297e-14,9.138527166393265e-18
486.36,-1.362606064545756e-14,9.111794745515238e-18
486.37,-1.3624545058990389e-14,9.155571564512868e-18
486.38,-1.3622736645963718e-14,9.046097071378447e-18
486.39,-1.3621393512238533e-14,8.966754681474487e-18
486.4,-1.3620215823328244e-14,8.969391342693792e-18
486.41,-1.361912496294472e-14,9.12456237223953e-18
486.42,-1.3617209312557175e-14,9.077717467455972e-18
486.43,-1.3616316640300865e-14,8.872028485452475e-18
486.44,-1.3615342013454506e-14,9.136606305616797e-18
486.45,-1.3613948417594435e-14,9.193392005723512e-18
486.46,-1.3612767550324735e-14,9.094321882450036e-18
486.47,-1.3610829567224868e-14,8.965366407914828e-18
486.48,-1.3609711163439807e-14,8.971261670205605e-18
486.49,-1.3608245797692703e-14,9.019199939908506e-18
486.5,-1.3607235270589311e-14,9.063772622209057e-18
486.51,-1.3606099255024623e-14,8.919414545901955e-18
486.52,-1.360432539515914e-14,9.01741786916197e-18
486.53,-1.3602765280435449e-14,9.005663287104957e-18
486.54,-1.3601561285221252e-14,8.834781819655065e-18
486.55,-1.3600331624409955e-14,9.120082386610931e-18
486.56,-1.35988094627594e-14,8.71468809463716e-18
486.57,-1.3597419063456445e-14,8.922770754829918e-18
486.58,-1.3596291913220176e-14,9.237919262955898e-18
486.59,-1.3594949958473933e-14,8.896552142909098e-18
486.6,-1.3593720612760312e-14,8.796611384662448e-18
486.61,-1.359213670923657e-14,8.937588761213793e-18
486.62,-1.3590791887040545e-14,8.972943122526121e-18
486.63,-1.3589346891514641e-14,8.887274578156884e-18
486.64,-1.3588124667042843e-14,8.953790466323884e-18
486.65,-1.3586805466048944e-14,8.8433107499734e-18
486.66,-1.3585396026122786e-14,8.956038842010328e-18
486.67,-1.3584401461960065e-14,9.181417298413274e-18
486.68,-1.3583091871046927e-14,8.976001409347933e-18
486.69,-1.3581283726369061e-14,9.081601425352335e-18
486.7,-1.3579790961364402e-14,8.867296126997555e-18
486.71,-1.3579183691017022e-14,9.24861164425395e-18
486.72,-1.3577336779003063e-14,8.981405939852851e-18
486.73,-1.3576171635673674e-14,9.057984247248443e-18
486.74,-1.3574713806382646e-14,8.767800104173932e-18
486.75,-1.3573238082780018e-14,8.947230123040771e-18
486.76,-1.3572447653508499e-14,9.270047871422438e-18
486.77,-1.357105669251447e-14,8.646747642040365e-18
486.78,-1.3569070640488451e-14,8.635855750083542e-18
486.79,-1.3568176656731e-14,9.021889205261588e-18
486.8,-1.356585938573351e-14,9.071350561954163e-18
486.81,-1.356554155336268e-14,9.08415433618187e-18
486.82,-1.3563860076110047e-14,9.067141304963465e-18
486.83,-1.3562036549635435e-14,8.47301643592862e-18
486.84,-1.3560591427418107e-14,8.810141339646533e-18
486.85,-1.3560228692465903e-14,8.954769528601731e-18
486.86,-1.3558825266874878e-14,9.411966106508693e-18
486.87,-1.3556428405920406e-14,8.521396993419918e-18
486.88,-1.3555830095553367e-14,8.955314152057226e-18
486.89,-1.3554099284969341e-14,8.934473796484214e-18
486.9,-1.3553007265700461e-14,8.943317669132213e-18
486.91,-1.3551427242309397e-14,8.866053407391988e-18
486.92,-1.3550663823560708e-14,9.028699703860384e-18
486.93,-1.354874363613732e-14,8.914664759240531e-18
486.94,-1.3547669066177038e-14,8.619274813792969e-18
486.95,-1.3546547961245288e-14,9.102095237357695e-18
486.96,-1.3545071682602605e-14,9.015621788234852e-18
486.97,-1.3543274623408012e-14,8.674381216375093e-18
486.98,-1.3542159483200124e-14,8.759454087150279e-18
486.99,-1.3540819151599258e-14,8.937328718991869e-18
487.0,-1.3539575728413515e-14,8.922901843884735e-18
487.01,-1.3538236645274002e-14,8.9236906573364e-18
487.02,-1.3536854075977584e-14,9.060245529362849e-18
487.03,-1.3534724657707868e-14,8.258901990409686e-18
487.04,-1.3534247399042486e-14,8.9100697796769e-18
487.05,-1.3533504172141322e-14,9.300953570431252e-18
487.06,-1.3531279517542588e-14,9.010388404158047e-18
487.07,-1.3530099916309331e-14,8.930924003775225e-18
487.08,-1.3528711389001102e-14,8.815783802565371e-18
487.09,-1.3527433750069552e-14,8.985346175046388e-18
487.1,-1.3525644903550628e-14,8.730230611403695e-18
487.11,-1.3524405277600546e-14,8.8789192287363e-18
487.12,-1.3522208794633629e-14,8.223763296356412e-18
487.13,-1.3522322319624264e-14,9.034236613062374e-18
487.14,-1.3520162278889302e-14,8.738097642444078e-18
487.15,-1.3519472417151121e-14,8.748864964121709e-18
487.16,-1.351780333879877e-14,8.75553582379567e-18
487.17,-1.3516663375061978e-14,8.837279439113404e-18
487.18,-1.3515535922568373e-14,8.937639951427822e-18
487.19,-1.3514728068764173e-14,8.912510217271721e-18
487.2,-1.3512856322003294e-14,8.977648524219282e-18
487.21,-1.3509492583237688e-14,8.479818328311244e-18
487.22,-1.3509881702060399e-14,8.855191547406548e-18
487.23,-1.3508457320615779e-14,8.953616716387679e-18
487.24,-1.3507345149787497e-14,8.753900612180171e-18
487.25,-1.350567358404143e-14,8.811610232171841e-18
487.26,-1.3504227918957845e-14,8.817397769575897e-18
487.27,-1.3503344854247115e-14,8.811926939136541e-18
487.28,-1.3501517846578072e-14,8.412192105554945e-18
487.29,-1.3501974474619638e-14,9.168772460876901e-18
487.3,-1.3496044762967286e-14,7.915735868388156e-18
487.31,-1.3498156292272528e-14,8.818797406890187e-18
487.32,-1.3496898016055758e-14,8.97359576207788e-18
487.33,-1.3494872669014846e-14,8.719624701435204e-18
487.34,-1.3493913270044667e-14,8.79412034295888e-18
487.35,-1.3492405756028696e-14,8.758558097528602e-18
487.36,-1.3491110268268343e-14,8.748771580120075e-18
487.37,-1.3489977254235156e-14,8.879786135845555e-18
487.38,-1.3488269941848547e-14,8.713667889664378e-18
487.39,-1.3488208326650457e-14,8.038064367026561e-18
487.4,-1.3485823996877807e-14,8.8568327906931e-18
487.41,-1.3484576745060182e-14,8.818965942437812e-18
487.42,-1.3483016718219632e-14,8.703552784152482e-18
487.43,-1.3481827986022655e-14,8.885821923328184e-18
487.44,-1.3481013788912115e-14,9.30145228283304e-18
487.45,-1.347936669440332e-14,8.832812163622788e-18
487.46,-1.3477805104640107e-14,8.980732516997312e-18
487.47,-1.3476282890134756e-14,8.761251616226112e-18
487.48,-1.3474826982315903e-14,8.292068039451733e-18
487.49,-1.3473670528010463e-14,8.724440031834135e-18
487.5,-1.347231308641271e-14,8.810738495618268e-18
487.51,-1.347105740814788e-14,8.840307673953052e-18
487.52,-1.3469764554741186e-14,8.749884591678105e-18
487.53,-1.3468476201962167e-14,8.752849608243785e-18
487.54,-1.3466606541586665e-14,8.700545617506959e-18
487.55,-1.3465881000862515e-14,8.547870241491852e-18
487.56,-1.3464113982445992e-14,8.803435273897477e-18
487.57,-1.346314223438658e-14,8.99893798599145e-18
487.58,-1.3462014752119824e-14,8.852776006647762e-18
487.59,-1.3460455866891773e-14,8.785846012982888e-18
487.6,-1.3459059112565111e-14,8.814473458364239e-18
487.61,-1.3458031318999211e-14,8.845466442562191e-18
487.62,-1.34567094054274e-14,8.855380424967545e-18
487.63,-1.345541879541792e-14,8.976129824330319e-18
487.64,-1.3453150091504479e-14,9.014357495426206e-18
487.65,-1.3452344669957677e-14,8.66327027875991e-18
487.66,-1.3450494257521296e-14,8.699324783377996e-18
487.67,-1.3448649205906606e-14,8.996108392131442e-18
487.68,-1.3448474423479336e-14,8.624738300670183e-18
487.69,-1.3447183018983876e-14,8.829528443885227e-18
487.7,-1.3446580590055688e-14,8.987814680659631e-18
487.71,-1.3444284566347512e-14,8.808650080200998e-18
487.72,-1.3442839033839638e-14,8.599765331508939e-18
487.73,-1.3442195071015726e-14,9.177928375936761e-18
487.74,-1.3440645484424307e-14,8.777510115885766e-18
487.75,-1.343898312230529e-14,8.892065937613412e-18
487.76,-1.3437795823564375e-14,8.891190571275079e-18
487.77,-1.3436496713125197e-14,8.83659159167636e-18
487.78,-1.3434986163853236e-14,8.764197938113413e-18
487.79,-1.3433623808438333e-14,8.85124672530069e-18
487.8,-1.3432490546745916e-14,8.702647204116561e-18
487.81,-1.3431302298892545e-14,8.786535547809398e-18
487.82,-1.3429655725060617e-14,8.550303468951686e-18
487.83,-1.3427773984076332e-14,8.679173079919022e-18
487.84,-1.3427316376244728e-14,8.923045393271878e-18
487.85,-1.3425709486745621e-14,8.698037408658607e-18
487.86,-1.342472790124715e-14,8.830122007131647e-18
487.87,-1.3423306339530548e-14,8.722652305408613e-18
487.88,-1.3421694563191984e-14,8.716254282350486e-18
487.89,-1.3420262639651667e-14,8.706219116885789e-18
487.9,-1.3418792891065621e-14,8.604341227500433e-18
487.91,-1.3416757629179734e-14,8.306274566751516e-18
487.92,-1.3417434855940167e-14,9.636122257200277e-18
487.93,-1.3415420753206367e-14,8.848582782243155e-18
487.94,-1.3413810031293319e-14,8.828600505074918e-18
487.95,-1.3412026776222853e-14,8.486925726623196e-18
487.96,-1.3411034474858324e-14,8.699844006305004e-18
487.97,-1.3409715094788464e-14,8.604783884435103e-18
487.98,-1.3408661594788194e-14,8.804393780099244e-18
487.99,-1.3407102199030846e-14,8.879000637601247e-18
488.0,-1.340607278671957e-14,8.830844835687047e-18
488.01,-1.3403929272084115e-14,8.614002909421078e-18
488.02,-1.3403515888022862e-14,8.618638729921654e-18
488.03,-1.3402088180051886e-14,8.735253228756706e-18
488.04,-1.3400081407498279e-14,8.596255836039335e-18
488.05,-1.3399400226018004e-14,8.751238150216735e-18
488.06,-1.3397976812489921e-14,8.693014382137759e-18
488.07,-1.3396735204240545e-14,8.820303180077107e-18
488.08,-1.3395352300065083e-14,8.654159473335097e-18
488.09,-1.3393979054661354e-14,8.662009948876051e-18
488.1,-1.3392125257193673e-14,8.54586176638508e-18
488.11,-1.3391395741915842e-14,8.639174119148844e-18
488.12,-1.3389427052132096e-14,8.417553052576091e-18
488.13,-1.3388467775929643e-14,8.59513949334431e-18
488.14,-1.3387243025874374e-14,8.690267185570021e-18
488.15,-1.3386083676577992e-14,8.715869937230285e-18
488.16,-1.3384507999534761e-14,8.638671974371299e-18
488.17,-1.3383062848608807e-14,8.524825789880746e-18
488.18,-1.3381653851415411e-14,8.757581416533844e-18
488.19,-1.3380622053881032e-14,8.712512001055851e-18
488.2,-1.3379165451361015e-14,8.577197226695894e-18
488.21,-1.3377534737416332e-14,8.588567680196764e-18
488.22,-1.3376861252642166e-14,8.72540581906435e-18
488.23,-1.337544250618986e-14,8.90269442830154e-18
488.24,-1.3374056756424287e-14,8.669558283458698e-18
488.25,-1.3372499010039341e-14,8.695183359779574e-18
488.26,-1.337138439141855e-14,8.532745865818715e-18
488.27,-1.3370381243055203e-14,8.799676825865522e-18
488.28,-1.3368795971019864e-14,8.62432352678585e-18
488.29,-1.3367449464907031e-14,8.523942848342306e-18
488.3,-1.3366121184261337e-14,8.618808412485343e-18
488.31,-1.3364269262327658e-14,8.729855472954785e-18
488.32,-1.3363251488520104e-14,8.547078519104362e-18
488.33,-1.336206017632744e-14,8.603880198297947e-18
488.34,-1.336091920642245e-14,8.82572867951214e-18
488.35,-1.3359281937277255e-14,8.50345552983579e-18
488.36,-1.3357956501050778e-14,8.510370709049408e-18
488.37,-1.335662605942491e-14,8.453386019666827e-18
488.38,-1.3355607605175456e-14,8.644390121754855e-18
488.39,-1.3354134553682358e-14,8.504799755714192e-18
488.4,-1.3352989724135601e-14,8.657254425965913e-18
488.41,-1.3351487947592953e-14,8.54295783510196e-18
488.42,-1.3350105335456164e-14,8.553037899627712e-18
488.43,-1.33485493007909e-14,8.52497865645926e-18
488.44,-1.3347682372526039e-14,8.631431451960637e-18
488.45,-1.3345919096727963e-14,8.57748659893202e-18
488.46,-1.3345106793885336e-14,8.65523025950955e-18
488.47,-1.3343588726485988e-14,8.593074247384955e-18
488.48,-1.3342319621984692e-14,8.690446959278286e-18
488.49,-1.3341041624647524e-14,8.54953297109256e-18
488.5,-1.333942787899469e-14,8.604511203561082e-18
488.51,-1.3338204019133551e-14,8.550991073593432e-18
488.52,-1.3337114765120708e-14,8.474185932922285e-18
488.53,-1.333568926612807e-14,8.607273211793892e-18
488.54,-1.333411360855918e-14,8.573963772331932e-18
488.55,-1.3332943526827978e-14,8.536748438811801e-18
488.56,-1.3331692401053468e-14,8.719887574656217e-18
488.57,-1.333043316246415e-14,8.617875673062039e-18
488.58,-1.3328988665615807e-14,8.645023329257238e-18
488.59,-1.3327881195447493e-14,8.498524711946417e-18
488.6,-1.3326362734682112e-14,8.549888114030595e-18
488.61,-1.3325224570794563e-14,8.589783950814173e-18
488.62,-1.3323474294096488e-14,8.460317085861763e-18
488.63,-1.332247493519512e-14,8.57949363352577e-18
488.64,-1.3321470619649843e-14,8.711312935498393e-18
488.65,-1.3319933299210203e-14,8.591058473871951e-18
488.66,-1.3318517455576214e-14,8.526303710428454e-18
488.67,-1.3317386774155551e-14,8.592903524342869e-18
488.68,-1.3315984244397219e-14,8.597276065630647e-18
488.69,-1.331460084343263e-14,8.518378838748534e-18
488.7,-1.3313338838882211e-14,8.729355137573235e-18
488.71,-1.3311816001170012e-14,8.71046402492819e-18
488.72,-1.3310672828663208e-14,8.54650487211559e-18
488.73,-1.3309376774455536e-14,8.632787716430967e-18
488.74,-1.3307919525492464e-14,8.486003232457112e-18
488.75,-1.3306792563972354e-14,8.662293421617608e-18
488.76,-1.3305566495933899e-14,8.460784405032374e-18
488.77,-1.3303688221114631e-14,8.47878424744076e-18
488.78,-1.3302502860837483e-14,8.39473304505846e-18
488.79,-1.3301312171087081e-14,8.566649973596214e-18
488.8,-1.3300101726129826e-14,8.490146885151356e-18
488.81,-1.3299088995189675e-14,8.480417355817723e-18
488.82,-1.3297471431761055e-14,8.473027582987541e-18
488.83,-1.3296366298785685e-14,8.711515869054131e-18
488.84,-1.3294739631949835e-14,8.566056921941242e-18
488.85,-1.329320419985689e-14,8.33536367391304e-18
488.86,-1.3292179123792346e-14,8.743083012885502e-18
488.87,-1.329124129214971e-14,8.58446874001569e-18
488.88,-1.3289575327252857e-14,8.611349643004515e-18
488.89,-1.3288264240140904e-14,8.56849407618797e-18
488.9,-1.328695947076572e-14,8.359914893720886e-18
488.91,-1.3285777886340126e-14,8.500368813484973e-18
488.92,-1.3284411187621795e-14,8.363036365640897e-18
488.93,-1.3283087104496767e-14,8.578475798777484e-18
488.94,-1.328158926944183e-14,8.55388126457823e-18
488.95,-1.328078739738178e-14,8.851388901085866e-18
488.96,-1.3278860913238868e-14,8.461813190417953e-18
488.97,-1.3277484613886971e-14,8.509674976804642e-18
488.98,-1.3276573366766839e-14,8.650899965195926e-18
488.99,-1.3274515958711778e-14,8.349625793930602e-18
489.0,-1.327402097829192e-14,8.368199333354715e-18
489.01,-1.3272585588486007e-14,8.460231529762192e-18
489.02,-1.327117158476498e-14,8.715298636242434e-18
489.03,-1.3269774802861359e-14,8.341804449085926e-18
489.04,-1.326857833900523e-14,8.648207087896646e-18
489.05,-1.3267052141361041e-14,8.503996518701308e-18
489.06,-1.3265771606916296e-14,8.348436329335836e-18
489.07,-1.3264856798470924e-14,8.593301654654002e-18
489.08,-1.326341606155492e-14,8.509204198401697e-18
489.09,-1.3262410924878645e-14,8.697311553077439e-18
489.1,-1.326067898233601e-14,8.423156545023069e-18
489.11,-1.3259521100752046e-14,8.629701617781403e-18
489.12,-1.325785440674417e-14,8.52100603328803e-18
489.13,-1.325692013644231e-14,8.511759280401106e-18
489.14,-1.3255699745246745e-14,8.350730995227654e-18
489.15,-1.3254216835828289e-14,8.420521639486607e-18
489.16,-1.3252574667181554e-14,8.461973720072875e-18
489.17,-1.3251447890794618e-14,8.53091116013233e-18
489.18,-1.3250400013728849e-14,8.572569995017249e-18
489.19,-1.3248864407935338e-14,8.416740994494427e-18
489.2,-1.3247425009568468e-14,8.319473413458515e-18
489.21,-1.3246493420522908e-14,8.500737228837645e-18
489.22,-1.3245137876004188e-14,8.564217236466371e-18
489.23,-1.3243567158059871e-14,8.364091702701543e-18
489.24,-1.3242889694734604e-14,8.573195413849235e-18
489.25,-1.324131250493837e-14,8.649870659530008e-18
489.26,-1.323950535361206e-14,8.554600623369306e-18
489.27,-1.3238568402899089e-14,8.511965198591349e-18
489.28,-1.3236652763707049e-14,8.401143897397716e-18
489.29,-1.3235477841077823e-14,8.41753471940829e-18
489.3,-1.3234903928697632e-14,8.516432206371926e-18
489.31,-1.3233038552329397e-14,8.411242743622422e-18
489.32,-1.3232239251228324e-14,8.61165935040822e-18
489.33,-1.3231009259997937e-14,8.502415812441377e-18
489.34,-1.3229537731603415e-14,8.491331660936792e-18
489.35,-1.3228347082143375e-14,8.491482726446164e-18
489.36,-1.322677790704143e-14,8.436938385235219e-18
489.37,-1.3225163812228881e-14,8.353280997154277e-18
489.38,-1.322444080316938e-14,8.454697341960766e-18
489.39,-1.3222861667941218e-14,8.593522585275388e-18
489.4,-1.3221633426369904e-14,8.535692928499908e-18
489.41,-1.3220489114090546e-14,8.586050640405887e-18
489.42,-1.321946200736473e-14,8.775073772470668e-18
489.43,-1.3217665146230376e-14,8.436631749716979e-18
489.44,-1.3216418166030684e-14,8.673375763561634e-18
489.45,-1.3214886484208865e-14,8.371042565747684e-18
489.46,-1.3213815702640051e-14,8.501629221173914e-18
489.47,-1.321354178323921e-14,8.839470943893354e-18
489.48,-1.3211091614314088e-14,8.468081862199725e-18
489.49,-1.321015599557829e-14,8.728942843577756e-18
489.5,-1.3209098673000433e-14,8.647631056728487e-18
489.51,-1.3207428604505363e-14,8.81816847879891e-18
489.52,-1.3205687721316356e-14,8.461996720097389e-18
489.53,-1.3204660424961522e-14,8.410656489709174e-18
489.54,-1.3202336833545026e-14,8.244092751381441e-18
489.55,-1.3201759379999405e-14,8.370858744068808e-18
489.56,-1.3200567866818182e-14,8.340862011410668e-18
489.57,-1.3199469992066209e-14,8.461221071304928e-18
489.58,-1.3198068783004499e-14,8.249199056014561e-18
489.59,-1.3196856887755165e-14,8.480644057969993e-18
489.6,-1.3194664137108651e-14,8.482210129633946e-18
489.61,-1.3194342897088279e-14,8.522847937458384e-18
489.62,-1.319368836680038e-14,8.429488470097679e-18
489.63,-1.3191268407496044e-14,8.5268981457237e-18
489.64,-1.3190640888483484e-14,8.494054528046578e-18
489.65,-1.3189070541471668e-14,8.455253159145064e-18
489.66,-1.3187824194325183e-14,8.48211501634527e-18
489.67,-1.3186362254457703e-14,8.298873095644353e-18
489.68,-1.3185002702433859e-14,8.444536932103648e-18
489.69,-1.3182697070009341e-14,7.867808130149321e-18
489.7,-1.318264957353295e-14,8.432521552154382e-18
489.71,-1.3181048354606643e-14,8.444608818732534e-18
489.72,-1.31797548533514e-14,8.37868715390447e-18
489.73,-1.3178837593386146e-14,8.520874069024791e-18
489.74,-1.3177029478763948e-14,8.503949393835675e-18
489.75,-1.317603177087047e-14,8.523689442327701e-18
489.76,-1.3174182519639246e-14,8.33381681042784e-18
489.77,-1.317359932108124e-14,8.516574343287474e-18
489.78,-1.3167991911094984e-14,7.147493091193506e-18
489.79,-1.317111158409096e-14,8.495299081271722e-18
489.8,-1.3169598779855023e-14,8.167580678095346e-18
489.81,-1.316804837071987e-14,8.330650944060774e-18
489.82,-1.3167004382486337e-14,8.528283199653814e-18
489.83,-1.3165510967925368e-14,8.265071457290234e-18
489.84,-1.3164246901881012e-14,8.36533618378255e-18
489.85,-1.316276970027174e-14,8.451213988800916e-18
489.86,-1.3161649926431091e-14,8.437885529755843e-18
489.87,-1.3159406878821324e-14,8.588644137183e-18
489.88,-1.3159093926207449e-14,8.563125036385196e-18
489.89,-1.3154049127485769e-14,7.76391864634486e-18
489.9,-1.3156081979295682e-14,8.381511234004065e-18
489.91,-1.3155168966296424e-14,8.478688936084835e-18
489.92,-1.3153890797663537e-14,8.373336033230614e-18
489.93,-1.31527113245948e-14,8.351576389692773e-18
489.94,-1.3151644575564598e-14,8.518002012548119e-18
489.95,-1.3150074727733593e-14,8.35033893555594e-18
489.96,-1.3147889719524406e-14,8.382380644567497e-18
489.97,-1.314758908147853e-14,8.488701631152497e-18
489.98,-1.314593677238763e-14,8.391650487790757e-18
489.99,-1.3144824506619081e-14,8.526765748858944e-18
490.0,-1.3143564638993773e-14,8.343109497538852e-18
490.01,-1.3142591097474053e-14,8.550640874371816e-18
490.02,-1.3140753920490553e-14,8.52645212671431e-18
490.03,-1.3139464253425206e-14,8.37485779792886e-18
490.04,-1.3138428926845478e-14,8.513553874211141e-18
490.05,-1.313632034573945e-14,7.972763740512265e-18
490.06,-1.3135944233286512e-14,8.593152516400183e-18
490.07,-1.3134393096104336e-14,8.744895976593656e-18
490.08,-1.3133296406405238e-14,8.52367584658095e-18
490.09,-1.3132053888706291e-14,8.540975017767547e-18
490.1,-1.313091494281024e-14,8.41637082451211e-18
490.11,-1.31297950789553e-14,8.565680562834611e-18
490.12,-1.3127784729809577e-14,8.328598736705863e-18
490.13,-1.3126633806372796e-14,8.199509078158732e-18
490.14,-1.3125230513043986e-14,8.157887505193488e-18
490.15,-1.3124314971418105e-14,8.444512902313747e-18
490.16,-1.3123078417920321e-14,8.677483407906393e-18
490.17,-1.3121650808408353e-14,8.451337536950414e-18
490.18,-1.3120473682936263e-14,8.435844473146049e-18
490.19,-1.3119266949221569e-14,8.537984129366798e-18
490.2,-1.3116296247022274e-14,8.105584027101308e-18
490.21,-1.3116529046635324e-14,8.675365326636066e-18
490.22,-1.3114959480146044e-14,8.335019164072783e-18
490.23,-1.3113965265546148e-14,8.139078933339087e-18
490.24,-1.3112529618923173e-14,8.43783791936544e-18
490.25,-1.3111052109361124e-14,8.607970247372502e-18
490.26,-1.3110235222304866e-14,8.418982290576746e-18
490.27,-1.3108680782980392e-14,8.540229832034011e-18
490.28,-1.3107747271075857e-14,8.951564500080577e-18
490.29,-1.310631698066393e-14,8.431339285122035e-18
490.3,-1.3104993016904798e-14,8.65649607050465e-18
490.31,-1.3102703579320374e-14,7.850756459690162e-18
490.32,-1.3102439374315186e-14,8.398874260650064e-18
490.33,-1.3101007518237668e-14,8.417303817229791e-18
490.34,-1.3099123857932895e-14,8.617847551593763e-18
490.35,-1.3098641019416753e-14,8.492173548216108e-18
490.36,-1.3097276836554188e-14,8.463509692426528e-18
490.37,-1.3096604681067586e-14,8.188889295978737e-18
490.38,-1.3094584183431524e-14,8.475460315904588e-18
490.39,-1.3093667746531465e-14,8.35644681767427e-18
490.4,-1.3091535406665916e-14,8.066650493565433e-18
490.41,-1.309073995908397e-14,8.476931182124948e-18
490.42,-1.3089669750748896e-14,8.499712296580851e-18
490.43,-1.308861350682198e-14,8.600324727792792e-18
490.44,-1.3086758967925852e-14,8.402294731572272e-18
490.45,-1.3085335270707012e-14,8.637524096921473e-18
490.46,-1.3084573363318733e-14,8.515945729839419e-18
490.47,-1.308333657444141e-14,8.525669016335589e-18
490.48,-1.3082578549927941e-14,8.629109894737052e-18
490.49,-1.3079897898676335e-14,8.23776242940746e-18
490.5,-1.3079082075239493e-14,8.507638796506526e-18
490.51,-1.3077836215202843e-14,8.455247952918779e-18
490.52,-1.3076043412373618e-14,8.251234188823923e-18
490.53,-1.3075008254944112e-14,8.440630602021063e-18
490.54,-1.3073949733763053e-14,8.370521823186073e-18
490.55,-1.3072753295829838e-14,8.498520943600157e-18
490.56,-1.3071325570571127e-14,8.318937694274528e-18
490.57,-1.3069375556426557e-14,8.173027316552144e-18
490.58,-1.3068831969500618e-14,8.369789025706557e-18
490.59,-1.3067248533780516e-14,8.517529795475249e-18
490.6,-1.30663372716028e-14,8.506974027261118e-18
490.61,-1.3064518801243851e-14,8.363500279292327e-18
490.62,-1.3063499887000752e-14,8.42423239892813e-18
490.63,-1.3062237037518224e-14,8.122169753867838e-18
490.64,-1.3060740515757761e-14,8.438369527386872e-18
490.65,-1.3059597087153495e-14,8.314562739581087e-18
490.66,-1.3057857971358907e-14,7.863715864090731e-18
490.67,-1.3056992584317647e-14,8.199174306460343e-18
490.68,-1.3055695004831805e-14,8.543891308078414e-18
490.69,-1.3054964271613507e-14,8.555478894101539e-18
490.7,-1.3053069107835667e-14,8.086336551650412e-18
490.71,-1.3051900517917597e-14,8.386900532880781e-18
490.72,-1.3051039028454862e-14,8.590805871974835e-18
490.73,-1.3049527168063282e-14,8.495604612477826e-18
490.74,-1.304860461053516e-14,8.487756862616054e-18
490.75,-1.3047400705115663e-14,9.184617432191767e-18
490.76,-1.30458511033329e-14,8.613276229514165e-18
490.77,-1.30443292349451e-14,8.450123883795986e-18
490.78,-1.3043067206447042e-14,8.455458936074983e-18
490.79,-1.3041484872965588e-14,8.409165950783451e-18
490.8,-1.3040514342807672e-14,8.331500802641788e-18
490.81,-1.3039384066891952e-14,8.589788673227138e-18
490.82,-1.3039210819365405e-14,8.956925227509717e-18
490.83,-1.3036697029853747e-14,8.525957776926357e-18
490.84,-1.3036510798796117e-14,7.95424223939073e-18
490.85,-1.3034046181779717e-14,8.427686809848506e-18
490.86,-1.3032641984442068e-14,8.310250966036349e-18
490.87,-1.3031966574632228e-14,8.556377823333459e-18
490.88,-1.3030343242555063e-14,8.856672648023012e-18
490.89,-1.3028950799481405e-14,8.556364724696669e-18
490.9,-1.3027762289810645e-14,8.660884432389295e-18
490.91,-1.3026385777673043e-14,8.452429488081658e-18
490.92,-1.3024981931573071e-14,8.49511590997618e-18
490.93,-1.3026470004632758e-14,8.363952501348007e-18
490.94,-1.3022567892389156e-14,8.481227606724983e-18
490.95,-1.3021177400803318e-14,8.271076425963041e-18
490.96,-1.302043399711894e-14,8.52730891919594e-18
490.97,-1.3019270454631066e-14,8.974833080944458e-18
490.98,-1.301747404201312e-14,8.429912538595423e-18
490.99,-1.3016160289578715e-14,8.543291740939065e-18
491.0,-1.3015083348927562e-14,8.454790975636401e-18
491.01,-1.3013782695360597e-14,8.525262468594214e-18
491.02,-1.3010300145992796e-14,6.6421558603244174e-18
491.03,-1.3010809333242882e-14,8.4264509039143e-18
491.04,-1.3009945752043072e-14,8.455654177986288e-18
491.05,-1.3008637078078745e-14,8.496341467011796e-18
491.06,-1.3008296424021332e-14,9.336737208574008e-18
491.07,-1.3006118513047087e-14,8.704180202482895e-18
491.08,-1.3004700429257102e-14,8.474075445494411e-18
491.09,-1.3003234189999328e-14,8.46458715930596e-18
491.1,-1.3002336079591767e-14,8.547644846622922e-18
491.11,-1.3001398433326124e-14,6.818720015261796e-18
491.12,-1.2999286151302142e-14,8.399853486305419e-18
491.13,-1.3000848672153362e-14,9.61493413621704e-18
491.14,-1.2997273804359662e-14,8.354347839789388e-18
491.15,-1.29986008493306e-14,9.219918521526916e-18
491.16,-1.29945343944049e-14,8.399644804060051e-18
491.17,-1.2992646742777933e-14,8.2538986954417e-18
491.18,-1.299192735154938e-14,8.389437921530822e-18
491.19,-1.2990530427058398e-14,8.456475262642203e-18
491.2,-1.2987505911832437e-14,8.767783516551935e-18
491.21,-1.2988055818540984e-14,8.348318955039265e-18
491.22,-1.2987305447438716e-14,8.811890139571256e-18
491.23,-1.2985636511446496e-14,8.440423791112961e-18
491.24,-1.2986212535768861e-14,8.76787005028354e-18
491.25,-1.2983125305846582e-14,8.320483662013922e-18
491.26,-1.2981954978377544e-14,8.514857998481885e-18
491.27,-1.2980485419098762e-14,8.494080630532244e-18
491.28,-1.2978887490299463e-14,8.348548040054426e-18
491.29,-1.2976300920778598e-14,8.131829497178125e-18
491.3,-1.2976583430406996e-14,8.352605837013964e-18
491.31,-1.2975410017710303e-14,8.466853876980749e-18
491.32,-1.2974155746572087e-14,8.469673433063752e-18
491.33,-1.2971534675941769e-14,8.61017476416362e-18
491.34,-1.2971740302799244e-14,8.611428071579402e-18
491.35,-1.297043730962217e-14,8.42811755918288e-18
491.36,-1.2968801790820101e-14,8.403650167701537e-18
491.37,-1.2967572362313974e-14,8.534669072612561e-18
491.38,-1.2967470405958626e-14,9.422649830510416e-18
491.39,-1.296501625366928e-14,8.402195224271267e-18
491.4,-1.2963679116860631e-14,8.555428361873625e-18
491.41,-1.29626409592672e-14,8.513955007719414e-18
491.42,-1.2960932875023114e-14,8.848958971258133e-18
491.43,-1.2960036124071217e-14,8.445982840665727e-18
491.44,-1.2958984748250239e-14,8.570240480348118e-18
491.45,-1.2957472358160088e-14,8.44421243778505e-18
491.46,-1.295601133138118e-14,8.509403740129841e-18
491.47,-1.2955380689777151e-14,9.347489603524568e-18
491.48,-1.2953494244327733e-14,8.55344150920699e-18
491.49,-1.2951720968441909e-14,8.284277958294748e-18
491.5,-1.2951241460713828e-14,8.443394525496374e-18
491.51,-1.2950235714892488e-14,8.829279212093472e-18
491.52,-1.2948920964953762e-14,8.380861790911471e-18
491.53,-1.2947352006274484e-14,8.469471956608922e-18
491.54,-1.294606254480597e-14,8.481542872798166e-18
491.55,-1.2945318430718284e-14,8.392940060536597e-18
491.56,-1.2943556482305171e-14,7.963658205822179e-18
491.57,-1.2942425914452676e-14,8.489008452790759e-18
491.58,-1.2939807997422903e-14,8.21810905867201e-18
491.59,-1.293939856785018e-14,8.270010172592808e-18
491.6,-1.2939143559201382e-14,8.759332219379892e-18
491.61,-1.2936563425162708e-14,8.334825201140094e-18
491.62,-1.2935653375456718e-14,8.45439170471068e-18
491.63,-1.2934414772753906e-14,8.386293792007642e-18
491.64,-1.2933064765936259e-14,8.059032357161452e-18
491.65,-1.2931604355723717e-14,8.537523098321214e-18
491.66,-1.2930688356578875e-14,8.588381159695279e-18
491.67,-1.2929253991335415e-14,8.394011195583242e-18
491.68,-1.2928020156324832e-14,8.34310585610308e-18
491.69,-1.292701636273175e-14,8.578235709938477e-18
491.7,-1.2925624178011014e-14,8.457555110278125e-18
491.71,-1.2924421892084244e-14,8.463540550105979e-18
491.72,-1.292328914046038e-14,8.465384683767108e-18
491.73,-1.2921946483317619e-14,8.390039017388616e-18
491.74,-1.2920164721603007e-14,8.365003079034983e-18
491.75,-1.2919256457299559e-14,8.413140809896301e-18
491.76,-1.2918328369110931e-14,8.57827739819053e-18
491.77,-1.29168798212834e-14,8.505765805190975e-18
491.78,-1.2915678673917506e-14,8.390531729188723e-18
491.79,-1.2914051540574371e-14,8.35930057481716e-18
491.8,-1.291295065765587e-14,8.405559937781692e-18
491.81,-1.2911769602839325e-14,8.452520206831404e-18
491.82,-1.2910535082215107e-14,8.549685605967279e-18
491.83,-1.290984453680868e-14,8.762719988997683e-18
491.84,-1.2907870436827823e-14,8.50208004922189e-18
491.85,-1.290658522413075e-14,8.371052439620583e-18
491.86,-1.2905283581355516e-14,7.897195309892812e-18
491.87,-1.2904360186310857e-14,8.25218006111299e-18
491.88,-1.290273544135082e-14,8.51704056344486e-18
491.89,-1.2901855090013565e-14,8.546327017336025e-18
491.9,-1.2900121663589933e-14,8.26765486297214e-18
491.91,-1.2899212401297165e-14,8.436874320156287e-18
491.92,-1.2898341469820939e-14,8.66697180085572e-18
491.93,-1.2896493466307575e-14,8.313156241201478e-18
491.94,-1.2894997432402301e-14,8.364039065391997e-18
491.95,-1.289408548985066e-14,8.371224012067718e-18
491.96,-1.2892732636738677e-14,8.46196327655093e-18
491.97,-1.2891365830817056e-14,8.33331629652905e-18
491.98,-1.289027475459776e-14,8.47346341361246e-18
491.99,-1.2888762136743566e-14,8.371102646146685e-18
492.0,-1.2887630278162702e-14,8.403937665243325e-18
492.01,-1.2886371834165792e-14,8.319179140160532e-18
492.02,-1.2884940081543097e-14,8.4893321082363e-18
492.03,-1.288394352207368e-14,8.467294257425637e-18
492.04,-1.2882416707229563e-14,8.357803359135956e-18
492.05,-1.288094726063097e-14,8.269154267727605e-18
492.06,-1.288041669389166e-14,8.661231315646561e-18
492.07,-1.2878738564083494e-14,8.47129881833196e-18
492.08,-1.287748075166663e-14,8.375252619615128e-18
492.09,-1.2875991466133107e-14,8.423139882360637e-18
492.1,-1.2874979293890119e-14,8.384693173242084e-18
492.11,-1.2873559711285696e-14,8.525691921308888e-18
492.12,-1.2872318367754219e-14,8.442477239136372e-18
492.13,-1.2871480303941128e-14,8.458678172778145e-18
492.14,-1.2869577078141392e-14,8.181353400203665e-18
492.15,-1.286893133114139e-14,8.475280764421326e-18
492.16,-1.2867328158834661e-14,8.303509878785333e-18
492.17,-1.2866924054206536e-14,8.584227947639705e-18
492.18,-1.2864541574769838e-14,8.377582523967912e-18
492.19,-1.2863504523459337e-14,8.449679172333236e-18
492.2,-1.2862391620351851e-14,8.452614418647503e-18
492.21,-1.2861281960218066e-14,8.547142682624493e-18
492.22,-1.28597368020175e-14,8.391825148217554e-18
492.23,-1.285804900286401e-14,8.339481604326485e-18
492.24,-1.2857278630839002e-14,8.436099149845327e-18
492.25,-1.285556856435737e-14,8.294787427614616e-18
492.26,-1.285462702530631e-14,8.493675883234675e-18
492.27,-1.2853294400743172e-14,8.39563419746196e-18
492.28,-1.2852140878793011e-14,8.374841677927249e-18
492.29,-1.2851014572200265e-14,8.418822810171394e-18
492.3,-1.2849860356100293e-14,8.406918562471131e-18
492.31,-1.2848586122761777e-14,8.31378831203877e-18
492.32,-1.284742321074783e-14,8.506459126663077e-18
492.33,-1.2845808813784581e-14,8.345680999175007e-18
492.34,-1.2844515379977787e-14,8.428117157650735e-18
492.35,-1.2843702712267639e-14,8.602366977940428e-18
492.36,-1.284194153728232e-14,8.298931305956761e-18
492.37,-1.2841124481329265e-14,8.372090811487366e-18
492.38,-1.2839300494407342e-14,8.37244968762114e-18
492.39,-1.283826536345526e-14,8.412763767395126e-18
492.4,-1.2837108738869646e-14,8.424083167334545e-18
492.41,-1.2835975440972456e-14,8.44244720545354e-18
492.42,-1.2834492260441604e-14,8.387939311150754e-18
492.43,-1.2833257027371005e-14,8.500259652956274e-18
492.44,-1.283201676739548e-14,8.44579345651598e-18
492.45,-1.2830739460821562e-14,8.424389255814607e-18
492.46,-1.2829193242876298e-14,8.194388287447158e-18
492.47,-1.2828170982390168e-14,8.350208980993993e-18
492.48,-1.2826793712971365e-14,8.428317781771307e-18
492.49,-1.2825543649710977e-14,8.327637875139577e-18
492.5,-1.2824105000715254e-14,8.442468354562978e-18
492.51,-1.2823301202974447e-14,8.482911900329736e-18
492.52,-1.2821937260987822e-14,8.468714875979304e-18
492.53,-1.282056999013279e-14,8.403639083373786e-18
492.54,-1.2819521227557785e-14,8.42581391345252e-18
492.55,-1.2817990214202467e-14,8.376924086818592e-18
492.56,-1.2816702464709562e-14,8.251970228708416e-18
492.57,-1.2815504679201298e-14,8.330358648670638e-18
492.58,-1.2814391430016285e-14,8.359478812697888e-18
492.59,-1.2813688065551208e-14,8.489741206825813e-18
492.6,-1.2811854038176102e-14,8.367328620115686e-18
492.61,-1.2810955943878798e-14,8.515890423986738e-18
492.62,-1.2809184125080458e-14,8.314282855747001e-18
492.63,-1.2807856757386156e-14,8.276792849490115e-18
492.64,-1.2807033772224099e-14,8.361168643216977e-18
492.65,-1.2805148252522705e-14,8.285759377043153e-18
492.66,-1.2804590534573705e-14,8.379826332719906e-18
492.67,-1.2803039210142211e-14,8.190480550751393e-18
492.68,-1.2802179367915468e-14,8.428482186705107e-18
492.69,-1.280041448014593e-14,8.323454259349808e-18
492.7,-1.2799259398847664e-14,8.517794445179788e-18
492.71,-1.2798146067356198e-14,8.354709481755562e-18
492.72,-1.2796609439666275e-14,8.354943525692702e-18
492.73,-1.2795748894329101e-14,8.582012510079361e-18
492.74,-1.279423432843605e-14,8.332187595003752e-18
492.75,-1.2793265401392454e-14,8.363338315838526e-18
492.76,-1.2791444887062694e-14,8.287883267891182e-18
492.77,-1.2790348228047366e-14,8.325402482649431e-18
492.78,-1.2789107078552019e-14,8.274938999672647e-18
492.79,-1.2786997722309252e-14,7.891642075315392e-18
492.8,-1.278673111399832e-14,8.172988493528153e-18
492.81,-1.2785611347458975e-14,8.295631575618641e-18
492.82,-1.2784157995357201e-14,8.312179227395816e-18
492.83,-1.2783189830834467e-14,8.36298736134153e-18
492.84,-1.2781182326177965e-14,8.138335393229094e-18
492.85,-1.2780130593563689e-14,8.23622787255335e-18
492.86,-1.2778998905723507e-14,8.557503738554801e-18
492.87,-1.277772454624808e-14,8.196928062185508e-18
492.88,-1.2776571327087387e-14,8.281172628756828e-18
492.89,-1.2775419799070553e-14,8.318050231352493e-18
492.9,-1.2774779824271795e-14,8.430767974128794e-18
492.91,-1.2772813698740254e-14,8.288317445915116e-18
492.92,-1.2771795852024468e-14,8.315443788520806e-18
492.93,-1.2770831705178131e-14,8.401372227664096e-18
492.94,-1.2769177630494045e-14,8.313872448689298e-18
492.95,-1.2767856068486927e-14,8.070529898613883e-18
492.96,-1.276669710101523e-14,8.220837303449144e-18
492.97,-1.2765198108651971e-14,8.250156110562434e-18
492.98,-1.2764078984875277e-14,8.369432608924253e-18
492.99,-1.2762953085412951e-14,8.451779031153314e-18
493.0,-1.2761237600414332e-14,8.140308793910651e-18
493.01,-1.2760041420848227e-14,8.364463670494665e-18
493.02,-1.2758423590104253e-14,8.093338117147764e-18
493.03,-1.2757935641335841e-14,8.342882467315071e-18
493.04,-1.275675871178445e-14,8.034854180989577e-18
493.05,-1.2755395606219034e-14,8.335538211115547e-18
493.06,-1.2753989095809524e-14,8.249696532404962e-18
493.07,-1.2752840093343248e-14,8.29236130378501e-18
493.08,-1.2751482702765619e-14,8.229641241421538e-18
493.09,-1.274987218384932e-14,8.07740335481988e-18
493.1,-1.2746442271167045e-14,7.633384751715769e-18
493.11,-1.274776621645333e-14,8.419044642067884e-18
493.12,-1.2746691113831233e-14,8.277585011983165e-18
493.13,-1.2745402920063945e-14,8.547392302915054e-18
493.14,-1.2744239997322636e-14,8.367521826193196e-18
493.15,-1.2742631271237091e-14,8.170149334777524e-18
493.16,-1.2741821793977477e-14,8.403647458346939e-18
493.17,-1.2740417593925208e-14,8.239204391106037e-18
493.18,-1.2739152883081315e-14,8.128688105577566e-18
493.19,-1.2737870041402194e-14,8.186250621042817e-18
493.2,-1.2736477470819962e-14,8.14759336900527e-18
493.21,-1.2735082366389936e-14,8.158768583096182e-18
493.22,-1.2734667005071186e-14,8.732682773737122e-18
493.23,-1.2732704151172606e-14,8.180926148411743e-18
493.24,-1.273156440565129e-14,8.364337439847145e-18
493.25,-1.2730290173185944e-14,8.225935728491166e-18
493.26,-1.2728814753831594e-14,8.087661863916675e-18
493.27,-1.2727754101078722e-14,8.008897609209308e-18
493.28,-1.2726549410597937e-14,8.05818777734581e-18
493.29,-1.2724791356244925e-14,8.174904326875334e-18
493.3,-1.2723963861962666e-14,8.257241103380745e-18
493.31,-1.2722279237715596e-14,7.840141328963843e-18
493.32,-1.2721166607853891e-14,8.262124499928948e-18
493.33,-1.2720150546563753e-14,8.175287702920744e-18
493.34,-1.2719221730590675e-14,8.257586977113794e-18
493.35,-1.2717469515596296e-14,8.256989345622679e-18
493.36,-1.2716908969857303e-14,8.28655754553553e-18
493.37,-1.2715274130657601e-14,8.196534984070297e-18
493.38,-1.2714258278319985e-14,7.850071792354788e-18
493.39,-1.2712720107515836e-14,8.24323392020263e-18
493.4,-1.2712451036415657e-14,8.668085939073451e-18
493.41,-1.271047561240836e-14,7.680839786830364e-18
493.42,-1.2709017909149716e-14,8.232926511073176e-18
493.43,-1.2707978316593618e-14,8.209603707900976e-18
493.44,-1.2706526510779757e-14,8.2294583907922e-18
493.45,-1.2705987681762225e-14,8.770022433720863e-18
493.46,-1.2704170722558048e-14,8.323526205089491e-18
493.47,-1.2702803700157284e-14,8.171906236699367e-18
493.48,-1.270188413105821e-14,8.462859486817811e-18
493.49,-1.2701377028401882e-14,8.531888695008234e-18
493.5,-1.2698932059223763e-14,8.137156213649809e-18
493.51,-1.2697917298446414e-14,8.303194125492388e-18
493.52,-1.269676258656647e-14,8.216269946137432e-18
493.53,-1.2695483431450399e-14,8.323289329034237e-18
493.54,-1.2694328557231738e-14,8.74744764570149e-18
493.55,-1.26928397643825e-14,8.14872400190018e-18
493.56,-1.2691863465219664e-14,8.210295005651072e-18
493.57,-1.2690321857146461e-14,8.144138175689637e-18
493.58,-1.2688198820488428e-14,8.321149865189862e-18
493.59,-1.2687654849006599e-14,8.137141865918926e-18
493.6,-1.2686946345185479e-14,8.421990680512984e-18
493.61,-1.2685183877994943e-14,8.13706181120468e-18
493.62,-1.2683944678786247e-14,8.15969784380297e-18
493.63,-1.2681347395930688e-14,9.262683611286446e-18
493.64,-1.2681641405224314e-14,8.139366417189287e-18
493.65,-1.2680702709365756e-14,8.184165346923412e-18
493.66,-1.267952048804541e-14,8.272685680006484e-18
493.67,-1.2676661497036077e-14,8.460663173920821e-18
493.68,-1.2676743386796984e-14,8.13413521218135e-18
493.69,-1.2675660561739392e-14,8.331147555330423e-18
493.7,-1.2674238827863708e-14,8.110155556661124e-18
493.71,-1.2672458440288842e-14,8.137310474663887e-18
493.72,-1.2674966933628907e-14,8.668062082534795e-18
493.73,-1.267060746632358e-14,8.217259104381531e-18
493.74,-1.2669548133810093e-14,8.371765204727253e-18
493.75,-1.2668183695447588e-14,8.223228807308933e-18
493.76,-1.2667723076112791e-14,7.04345466818985e-18
493.77,-1.2665640833617421e-14,8.098271442704114e-18
493.78,-1.2664230093778734e-14,8.049573178235603e-18
493.79,-1.2662808873989527e-14,8.116976918481691e-18
493.8,-1.2662171453624527e-14,8.067174899548347e-18
493.81,-1.2662435034460504e-14,8.863700183632071e-18
493.82,-1.2659446298100903e-14,8.181034627652295e-18
493.83,-1.2657932876500736e-14,8.368891564765784e-18
493.84,-1.2657027065671907e-14,8.326543989034804e-18
493.85,-1.2655246078489747e-14,6.419664667539466e-18
493.86,-1.2654371566266369e-14,8.134039855011266e-18
493.87,-1.2653572050694473e-14,8.288194039157593e-18
493.88,-1.2651818676565589e-14,8.137516165494781e-18
493.89,-1.2650594177723048e-14,8.107268730647342e-18
493.9,-1.2650587061765649e-14,8.773629079958561e-18
493.91,-1.2648232416759406e-14,8.137084823077684e-18
493.92,-1.2647116063493947e-14,8.12288728864978e-18
493.93,-1.2645406244643114e-14,8.058370199586428e-18
493.94,-1.2647096853323072e-14,9.64952013733522e-18
493.95,-1.2642932796406145e-14,8.017439831821413e-18
493.96,-1.2642091844252013e-14,8.134410537901525e-18
493.97,-1.2640594994243103e-14,8.031581757601903e-18
493.98,-1.263960220641172e-14,8.196820649703959e-18
493.99,-1.2638837174527258e-14,8.718520850339357e-18
494.0,-1.2636882934786368e-14,8.020896613361239e-18
494.01,-1.2635788575500713e-14,8.14261167771731e-18
494.02,-1.2634666517165443e-14,8.11066918525799e-18
494.03,-1.2630855897727085e-14,8.144449290759718e-18
494.04,-1.2632199103288875e-14,8.061670549929674e-18
494.05,-1.2630874609057069e-14,8.06829049572271e-18
494.06,-1.2629714564834668e-14,8.049195219171485e-18
494.07,-1.2628402890628479e-14,8.098746204519862e-18
494.08,-1.262667386675691e-14,8.242343465109136e-18
494.09,-1.2625530572960018e-14,7.935988833218269e-18
494.1,-1.2624810874050415e-14,8.059775549551191e-18
494.11,-1.2623484074455376e-14,8.208972587115069e-18
494.12,-1.2621038351048229e-14,8.440975763923192e-18
494.13,-1.2620880383013042e-14,8.037181024219275e-18
494.14,-1.261962399034696e-14,8.153892355674023e-18
494.15,-1.261828585071955e-14,8.055864352668632e-18
494.16,-1.2617298627389604e-14,8.273539549037893e-18
494.17,-1.2615471745987543e-14,8.057870842495162e-18
494.18,-1.2614507367060891e-14,7.990491283699643e-18
494.19,-1.26134750115032e-14,8.121923208391952e-18
494.2,-1.2612306351136118e-14,7.853123192966156e-18
494.21,-1.2611786063432226e-14,7.74384039983458e-18
494.22,-1.2609404672413571e-14,7.880748337100605e-18
494.23,-1.2608612709390632e-14,8.073779542490596e-18
494.24,-1.2607481412364188e-14,8.133247344304275e-18
494.25,-1.2606082922911026e-14,8.16813446438272e-18
494.26,-1.2604451622605134e-14,7.893071379667587e-18
494.27,-1.2603689431591926e-14,8.01678549319626e-18
494.28,-1.2602298696681821e-14,8.210215877554529e-18
494.29,-1.2601191941787658e-14,8.209012120061054e-18
494.3,-1.2600046029527246e-14,7.673649273800101e-18
494.31,-1.2599003024526658e-14,8.217474959504968e-18
494.32,-1.2598151177591115e-14,8.186652479415345e-18
494.33,-1.2596750857956018e-14,8.35511206834942e-18
494.34,-1.2594754240407316e-14,7.961267368637399e-18
494.35,-1.2593486913138896e-14,7.850394849583262e-18
494.36,-1.2592465583816605e-14,7.956211872779227e-18
494.37,-1.2591418797751325e-14,8.295097820387612e-18
494.38,-1.2589768771602368e-14,7.882081300594788e-18
494.39,-1.2588894676649613e-14,8.351869274347786e-18
494.4,-1.25878513136219e-14,8.018078872071877e-18
494.41,-1.2586754208850075e-14,8.31031733100583e-18
494.42,-1.2585430392028537e-14,8.094460504020582e-18
494.43,-1.2583832210775841e-14,7.96036574124112e-18
494.44,-1.2582595981487405e-14,8.021716367826733e-18
494.45,-1.2581527528370582e-14,8.086068406904771e-18
494.46,-1.2580544115178362e-14,8.339475643219768e-18
494.47,-1.2579152914336677e-14,7.942040447156182e-18
494.48,-1.2578011792415831e-14,8.542627122169473e-18
494.49,-1.2576482574977667e-14,7.874941772865513e-18
494.5,-1.257574062538626e-14,7.983291958618616e-18
494.51,-1.2574234259099765e-14,8.210525370829698e-18
494.52,-1.2572883137502109e-14,8.075123555886085e-18
494.53,-1.2572791803240184e-14,8.270489267055583e-18
494.54,-1.2570504077809096e-14,8.025507831279727e-18
494.55,-1.2569576053335789e-14,8.255636021684141e-18
494.56,-1.2566239141590849e-14,7.353445721045927e-18
494.57,-1.256628286261768e-14,7.547131726625563e-18
494.58,-1.2565524166976277e-14,8.000442766179307e-18
494.59,-1.2564626430791671e-14,7.516774575291966e-18
494.6,-1.2563027430819145e-14,8.028221294407961e-18
494.61,-1.2561842871629364e-14,8.006023432116316e-18
494.62,-1.255979511203627e-14,8.238247073176117e-18
494.63,-1.2559386186480782e-14,7.867016376692459e-18
494.64,-1.2558462107779598e-14,8.267825539673467e-18
494.65,-1.25563371400192e-14,7.82066326426622e-18
494.66,-1.2555489222302915e-14,7.729415195627763e-18
494.67,-1.2554323801238087e-14,8.020160883380571e-18
494.68,-1.2553644594332548e-14,8.135277254381747e-18
494.69,-1.2552051826525949e-14,7.86788776621694e-18
494.7,-1.255092809742754e-14,7.997267939194585e-18
494.71,-1.2550017656382794e-14,8.360979546327275e-18
494.72,-1.2548181396570852e-14,8.057104633196811e-18
494.73,-1.2547430584575628e-14,7.934205920998592e-18
494.74,-1.2545926757375274e-14,7.76069657337661e-18
494.75,-1.2544914192202673e-14,8.190034010145166e-18
494.76,-1.2543187619563334e-14,7.896470100712572e-18
494.77,-1.2542366071860154e-14,7.931928616040186e-18
494.78,-1.2540980593305978e-14,7.978700004895904e-18
494.79,-1.2539693088810874e-14,7.957729916788472e-18
494.8,-1.2538646310927502e-14,8.230204458579953e-18
494.81,-1.253734865729289e-14,7.908329710940098e-18
494.82,-1.2536694274909157e-14,7.810750019626813e-18
494.83,-1.253474251205053e-14,8.046579191323199e-18
494.84,-1.2533133802818802e-14,7.758570108115115e-18
494.85,-1.2532359058046237e-14,8.096058479783083e-18
494.86,-1.2531409680912641e-14,7.874778393780517e-18
494.87,-1.252918468133937e-14,7.997634120712035e-18
494.88,-1.2529067812670246e-14,8.026573613442115e-18
494.89,-1.2527567579115736e-14,8.132334595652451e-18
494.9,-1.252617909300543e-14,7.970520223759714e-18
494.91,-1.252511811815807e-14,7.475588758174507e-18
494.92,-1.2523662734673386e-14,7.935224407677097e-18
494.93,-1.2522433712556956e-14,7.782745953030857e-18
494.94,-1.2521708315626076e-14,7.970520897280515e-18
494.95,-1.251992854748392e-14,7.777031036862035e-18
494.96,-1.251896835975071e-14,8.059530882093806e-18
494.97,-1.2517758576598237e-14,8.03654499993599e-18
494.98,-1.2515989731504695e-14,8.094915509714307e-18
494.99,-1.2515349275775881e-14,7.908004118661472e-18
495.0,-1.2513439262769307e-14,7.142093538633975e-18
495.01,-1.2512964457147984e-14,8.014901874443876e-18
495.02,-1.2512052393236166e-14,8.175759952642785e-18
495.03,-1.2510608396219071e-14,8.075080549028803e-18
495.04,-1.2508997495635541e-14,7.93874038163746e-18
495.05,-1.2508361051705481e-14,8.184161577523954e-18
495.06,-1.2506518726733127e-14,7.908966553559058e-18
495.07,-1.2505576420304442e-14,7.860253224657698e-18
495.08,-1.2504114669193981e-14,8.096684408626716e-18
495.09,-1.2501067025068091e-14,7.441517635142236e-18
495.1,-1.2501824664153947e-14,8.067681179448728e-18
495.11,-1.2501078925419416e-14,8.218869924959848e-18
495.12,-1.2499356018226943e-14,7.984102688616259e-18
495.13,-1.2498020537479432e-14,7.856414274038594e-18
495.14,-1.2496943415505055e-14,7.786776436852405e-18
495.15,-1.2495951159659e-14,7.981749902460554e-18
495.16,-1.2494420545871085e-14,7.970260209447566e-18
495.17,-1.2493133669507853e-14,7.892413597608085e-18
495.18,-1.2494240940590676e-14,8.796321625902263e-18
495.19,-1.2490912694799888e-14,7.901127539720244e-18
495.2,-1.2489534192841176e-14,7.725738745199032e-18
495.21,-1.2488688955440687e-14,7.960840391730432e-18
495.22,-1.2487117875234861e-14,7.850833706575697e-18
495.23,-1.2485929155367159e-14,7.909343197029436e-18
495.24,-1.2484742665621097e-14,7.960399219279846e-18
495.25,-1.248370250419427e-14,7.94459133531691e-18
495.26,-1.248199413647165e-14,7.797765822393619e-18
495.27,-1.2482611351642266e-14,8.508694909774884e-18
495.28,-1.2480014226432176e-14,7.935350172810631e-18
495.29,-1.247845368131342e-14,7.936857462867506e-18
495.3,-1.2477577378306182e-14,7.948629108329197e-18
495.31,-1.2476204007556493e-14,8.001418015349936e-18
495.32,-1.247492811385597e-14,7.883682212412986e-18
495.33,-1.2473583882339267e-14,7.787208067846046e-18
495.34,-1.2472789170008623e-14,8.155738290305556e-18
495.35,-1.2471472820148875e-14,7.890620696815548e-18
495.36,-1.2470947189707774e-14,8.078832910886653e-18
495.37,-1.2468695325555874e-14,7.881492278479443e-18
495.38,-1.2467706894737413e-14,7.82542793710655e-18
495.39,-1.2466392251690492e-14,7.840381394105872e-18
495.4,-1.2465492386562709e-14,8.002197354222801e-18
495.41,-1.2463600793533606e-14,7.732270903295325e-18
495.42,-1.2462517767693089e-14,7.752459896847048e-18
495.43,-1.2461119460273273e-14,7.763719913473598e-18
495.44,-1.246033374549545e-14,7.892432161031532e-18
495.45,-1.2459529225857249e-14,7.884837681584984e-18
495.46,-1.245691183693756e-14,7.504786619593193e-18
495.47,-1.2456839736435539e-14,7.769747423864765e-18
495.48,-1.2455405384769526e-14,7.816255144597473e-18
495.49,-1.245472988954577e-14,7.797348745557876e-18
495.5,-1.2453015043020118e-14,7.871056770590624e-18
495.51,-1.2451950815929324e-14,7.89346491987389e-18
495.52,-1.2451155555569704e-14,8.242528689813733e-18
495.53,-1.2449628430889165e-14,7.932748040722723e-18
495.54,-1.244865075502519e-14,7.669212127372658e-18
495.55,-1.244686546984612e-14,8.130803916940605e-18
495.56,-1.2445771225353369e-14,7.92693777488786e-18
495.57,-1.2444460281864593e-14,7.855542760236623e-18
495.58,-1.2443154647493857e-14,7.8678873309166e-18
495.59,-1.244244966620339e-14,7.856884642878751e-18
495.6,-1.2441087698114028e-14,7.989328156914706e-18
495.61,-1.2439844786242234e-14,8.19753417179746e-18
495.62,-1.2438973085331548e-14,7.89181867468167e-18
495.63,-1.243737621953502e-14,7.669402839820359e-18
495.64,-1.2436119413919064e-14,7.87790046579361e-18
495.65,-1.2435354514402767e-14,7.972258698482827e-18
495.66,-1.2433983493139035e-14,8.035596482965331e-18
495.67,-1.2432691042959082e-14,7.906379950759737e-18
495.68,-1.2431384992254017e-14,7.971632083512914e-18
495.69,-1.2430069988669675e-14,7.842940141896282e-18
495.7,-1.2429398222059187e-14,7.935692780441725e-18
495.71,-1.2427179517367518e-14,7.523480695939023e-18
495.72,-1.242618334725579e-14,7.628502019999474e-18
495.73,-1.2425262576815329e-14,7.806361350306779e-18
495.74,-1.2424240494925958e-14,7.909607657289793e-18
495.75,-1.2422869676459917e-14,7.820156907613958e-18
495.76,-1.242173665740666e-14,8.089487236152932e-18
495.77,-1.2420286851777384e-14,7.971644288115345e-18
495.78,-1.2418971946274834e-14,7.859217291999955e-18
495.79,-1.2418289677313866e-14,7.93966908757164e-18
495.8,-1.2414254086663802e-14,7.701026705316625e-18
495.81,-1.2415077122493684e-14,7.741656918061821e-18
495.82,-1.2414365644728032e-14,7.933046571841232e-18
495.83,-1.2412975129661121e-14,7.974048011848955e-18
495.84,-1.2411890519992466e-14,7.939573607835514e-18
495.85,-1.241051930570631e-14,7.885228667717724e-18
495.86,-1.2409774945189523e-14,7.97336847020305e-18
495.87,-1.2408888019844516e-14,8.083274254279464e-18
495.88,-1.240714611227987e-14,8.044462190108516e-18
495.89,-1.240613964276859e-14,7.98788075024278e-18
495.9,-1.240482656971762e-14,7.853686527819568e-18
495.91,-1.2403466280925735e-14,7.834157911673147e-18
495.92,-1.2402349148448313e-14,7.897420524401402e-18
495.93,-1.2400771950718858e-14,7.740401197766975e-18
495.94,-1.240026120921394e-14,8.041006681096464e-18
495.95,-1.2399036778973624e-14,7.960242286299737e-18
495.96,-1.2397745950728134e-14,7.889998228784047e-18
495.97,-1.2395989685869555e-14,7.917686067094279e-18
495.98,-1.2394898102422745e-14,7.877405981163263e-18
495.99,-1.2393650320878637e-14,7.83415284170449e-18
496.0,-1.2392441544150684e-14,7.847980750917297e-18
496.01,-1.2391348085052176e-14,7.875414356451658e-18
496.02,-1.23902162402411e-14,7.746938689263341e-18
496.03,-1.2389015479779862e-14,7.842090126388608e-18
496.04,-1.2387436647070496e-14,7.927336608604321e-18
496.05,-1.2386395887503483e-14,7.705403758245906e-18
496.06,-1.2384992861468009e-14,7.761796153750243e-18
496.07,-1.238356325342955e-14,7.693810474152532e-18
496.08,-1.2383067750454444e-14,8.027995969840068e-18
496.09,-1.2382024544919486e-14,7.960917312650856e-18
496.1,-1.2380431896085676e-14,7.748709580301785e-18
496.11,-1.2379307345239491e-14,7.87907904896601e-18
496.12,-1.2378206518156209e-14,7.887300162899565e-18
496.13,-1.237662179454269e-14,7.796341255330824e-18
496.14,-1.2375942358325433e-14,7.972690418373052e-18
496.15,-1.2374382914237833e-14,7.805241868551933e-18
496.16,-1.2373560962950485e-14,7.989446987719761e-18
496.17,-1.2371984741395961e-14,8.04898142306868e-18
496.18,-1.2370807334423115e-14,7.924294378328876e-18
496.19,-1.2369577249764491e-14,7.969194890692768e-18
496.2,-1.2368475478345536e-14,7.777608836614727e-18
496.21,-1.2367335842447763e-14,7.93672519054354e-18
496.22,-1.236597758072732e-14,7.803495659760214e-18
496.23,-1.2364910364327132e-14,7.959045322927617e-18
496.24,-1.2363627902548368e-14,7.878745704089056e-18
496.25,-1.2362403130597614e-14,7.805369860148294e-18
496.26,-1.2361130278327464e-14,7.905971397069092e-18
496.27,-1.2359952872547365e-14,7.837283720271967e-18
496.28,-1.2358969479864352e-14,7.729456508414349e-18
496.29,-1.2357573791639237e-14,7.767318492469748e-18
496.3,-1.2356418109908631e-14,7.885464424814796e-18
496.31,-1.2355058612894689e-14,7.781225482714263e-18
496.32,-1.2353740428544239e-14,7.783594748802361e-18
496.33,-1.2352625201948486e-14,7.845142039249672e-18
496.34,-1.2351701510300989e-14,7.924707865862198e-18
496.35,-1.2350678470629751e-14,8.09467771000347e-18
496.36,-1.234923633040893e-14,7.820417438125298e-18
496.37,-1.2347914586929293e-14,7.728507527608237e-18
496.38,-1.2346982108770909e-14,8.019276118227947e-18
496.39,-1.2345654145216069e-14,7.916755716326456e-18
496.4,-1.2344509832550386e-14,7.752162338094576e-18
496.41,-1.2343136038874328e-14,7.820061935519783e-18
496.42,-1.2342264166482405e-14,7.914460919837954e-18
496.43,-1.2340854704709047e-14,7.920026692486963e-18
496.44,-1.2339636435034706e-14,7.970893729750072e-18
496.45,-1.2338489245652122e-14,7.864775393410261e-18
496.46,-1.2337261863402087e-14,7.975094178310378e-18
496.47,-1.2336159637774019e-14,8.033580442565102e-18
496.48,-1.2334879611142894e-14,7.908955222190301e-18
496.49,-1.2333655060306481e-14,7.74118679948809e-18
496.5,-1.2332304868179514e-14,7.902336814462852e-18
496.51,-1.2331339462834278e-14,7.901890150632335e-18
496.52,-1.2329960297700865e-14,7.77605084397499e-18
496.53,-1.2329104118049969e-14,7.924021029463347e-18
496.54,-1.2327711335518666e-14,7.857319942559691e-18
496.55,-1.232643394890899e-14,7.917609509527533e-18
496.56,-1.2325098467499677e-14,7.751862739295514e-18
496.57,-1.2324031574344713e-14,7.905420059469546e-18
496.58,-1.232328333647741e-14,7.931091985771099e-18
496.59,-1.2321532432012922e-14,7.81688037122063e-18
496.6,-1.2320591355450536e-14,7.977508383349448e-18
496.61,-1.2319066714520667e-14,7.728038877194006e-18
496.62,-1.2318003903779743e-14,7.852213603779884e-18
496.63,-1.2317081613175118e-14,7.998571750665205e-18
496.64,-1.2315687029790512e-14,7.763508304717149e-18
496.65,-1.2314184768822495e-14,7.735452382811953e-18
496.66,-1.2313514448646291e-14,8.065320944542624e-18
496.67,-1.2312351077622813e-14,7.99314198814365e-18
496.68,-1.2311090699610062e-14,7.861175942891885e-18
496.69,-1.2309741375495798e-14,7.832252641517655e-18
496.7,-1.230830575232151e-14,7.840069978939882e-18
496.71,-1.2307748899260108e-14,8.239173194296487e-18
496.72,-1.2305901797043402e-14,7.835169304660992e-18
496.73,-1.230465330067229e-14,7.70214033088971e-18
496.74,-1.2303359825073238e-14,7.804094633553538e-18
496.75,-1.2302480465171506e-14,7.782141696391015e-18
496.76,-1.2301410415153184e-14,7.969781225570693e-18
496.77,-1.2299913980599713e-14,7.8171537853845e-18
496.78,-1.2298962835490583e-14,7.742734013161982e-18
496.79,-1.2297760342147737e-14,7.799294353369268e-18
496.8,-1.2296530846501222e-14,7.89873707747433e-18
496.81,-1.2295379131552613e-14,7.702369334808542e-18
496.82,-1.2294249493832872e-14,7.975901042014248e-18
496.83,-1.229302013930029e-14,7.857548141834437e-18
496.84,-1.2291699548671835e-14,7.830482104880696e-18
496.85,-1.229054728216182e-14,8.014673218080736e-18
496.86,-1.2289230745678357e-14,7.78482237132591e-18
496.87,-1.2288616409616967e-14,8.082319687535892e-18
496.88,-1.2287133646427303e-14,7.629521315271564e-18
496.89,-1.228564836688493e-14,7.828359037239389e-18
496.9,-1.2284498016491046e-14,7.768481711343776e-18
496.91,-1.228327512456066e-14,8.026568975680025e-18
496.92,-1.2282523171764034e-14,8.044796920995442e-18
496.93,-1.2281300403679328e-14,8.010701996717464e-18
496.94,-1.2279547889880854e-14,7.935627630469019e-18
496.95,-1.2279636019049483e-14,8.24130572124521e-18
496.96,-1.2277120203770506e-14,7.694916929283071e-18
496.97,-1.2276184401706981e-14,8.033006123108726e-18
496.98,-1.227506521207849e-14,7.980240661089107e-18
496.99,-1.2274144850766898e-14,7.902065246030347e-18
497.0,-1.2272497208365514e-14,7.693574406954161e-18
497.01,-1.2271311910779185e-14,7.684945490129244e-18
497.02,-1.2270102696387515e-14,7.793005598266145e-18
497.03,-1.2269002428018964e-14,7.900709019475181e-18
497.04,-1.22682540195342e-14,8.440891223239172e-18
497.05,-1.2265700345429713e-14,7.387106640419565e-18
497.06,-1.2265407325222713e-14,7.853901411366865e-18
497.07,-1.2264151333272547e-14,7.673054059071722e-18
497.08,-1.2262790086709856e-14,7.795730795875079e-18
497.09,-1.2261910559748108e-14,7.978034466683525e-18
497.1,-1.2260445484557036e-14,7.753750452359268e-18
497.11,-1.2259516412847348e-14,7.995025617164723e-18
497.12,-1.2257979396250504e-14,7.720180905508694e-18
497.13,-1.2256979237065687e-14,7.933156213681906e-18
497.14,-1.2256050206502381e-14,8.19010829109048e-18
497.15,-1.2254547154065672e-14,7.86177456728642e-18
497.16,-1.225339241329826e-14,7.776437633109449e-18
497.17,-1.2252604817054559e-14,8.145339365483787e-18
497.18,-1.2251293363867459e-14,7.891934607477842e-18
497.19,-1.2250022011319075e-14,7.978577886299576e-18
497.2,-1.2248976143677084e-14,7.942721930917622e-18
497.21,-1.2247279358202084e-14,7.634158596592158e-18
497.22,-1.224639264137996e-14,7.888345443488924e-18
497.23,-1.2245292168084678e-14,7.916412296020633e-18
497.24,-1.2243922496123243e-14,7.912730411940444e-18
497.25,-1.2242808274551124e-14,7.82057489586184e-18
497.26,-1.22425531014449e-14,7.923800446200176e-18
497.27,-1.2240246512025254e-14,7.83543626692738e-18
497.28,-1.2238769249205632e-14,7.629893326904098e-18
497.29,-1.223895174243608e-14,7.981191340573661e-18
497.3,-1.2236510101171644e-14,7.524668279783558e-18
497.31,-1.2235840856209352e-14,7.903633195350759e-18
497.32,-1.2234326400570972e-14,8.147990574081023e-18
497.33,-1.2233312188962285e-14,7.894138710427552e-18
497.34,-1.2232148720294714e-14,7.757500332485166e-18
497.35,-1.223073375564908e-14,8.024415774170327e-18
497.36,-1.2229724782555655e-14,7.861670937764268e-18
497.37,-1.2228799862200179e-14,7.858223634226142e-18
497.38,-1.2227436514932423e-14,7.976494921746987e-18
497.39,-1.2226436304590569e-14,7.474746099393963e-18
497.4,-1.2224980433502561e-14,7.831379987890995e-18
497.41,-1.2224287788432287e-14,8.158671700630549e-18
497.42,-1.2222040926052823e-14,7.768995350209334e-18
497.43,-1.222134239962512e-14,7.757446368901782e-18
497.44,-1.2220296165354e-14,7.985992669941678e-18
497.45,-1.2219189985164238e-14,7.927630874003311e-18
497.46,-1.22176102998323e-14,7.884375671722517e-18
497.47,-1.2216542187956188e-14,7.860249106649349e-18
497.48,-1.2216551575324842e-14,7.70391002009637e-18
497.49,-1.2214357958397871e-14,7.854625880148162e-18
497.5,-1.221332028861465e-14,7.86961797375524e-18
497.51,-1.2211991046931655e-14,7.861297123449883e-18
497.52,-1.2210530477258255e-14,7.819444257174336e-18
497.53,-1.2209412651582587e-14,7.793602859294489e-18
497.54,-1.2208471271943737e-14,7.904448999398205e-18
497.55,-1.2207185417449271e-14,7.799003623559544e-18
497.56,-1.2206087754610426e-14,7.827550206159664e-18
497.57,-1.2202438797225574e-14,7.747063327473873e-18
497.58,-1.2203817799125245e-14,7.968209096893086e-18
497.59,-1.2202544507044427e-14,7.962366054318424e-18
497.6,-1.220136386646582e-14,7.832817481129232e-18
497.61,-1.2200046508119519e-14,7.88785079169614e-18
497.62,-1.2198677974200761e-14,7.760459193365602e-18
497.63,-1.2197577802386868e-14,7.733905629912654e-18
497.64,-1.219678026883872e-14,8.09067631711994e-18
497.65,-1.2195371812018594e-14,7.91507886964546e-18
497.66,-1.219103864796132e-14,7.187420704572719e-18
497.67,-1.2193660477922365e-14,8.398053057114304e-18
497.68,-1.2191616860543295e-14,7.418511664792024e-18
497.69,-1.2190494043620861e-14,7.855442537813452e-18
497.7,-1.218903825440644e-14,7.725256622788943e-18
497.71,-1.2188035890393615e-14,7.740923283289047e-18
497.72,-1.2186990585628599e-14,7.968854093905819e-18
497.73,-1.2185844392393896e-14,7.973959298390233e-18
497.74,-1.2184722060325607e-14,8.003717065709469e-18
497.75,-1.2182434517652994e-14,6.95032116574207e-18
497.76,-1.2182226537416936e-14,7.881861965306686e-18
497.77,-1.218131509603845e-14,8.02418054610831e-18
497.78,-1.2179616566003444e-14,7.735218339335588e-18
497.79,-1.2178525137080682e-14,7.792497881275639e-18
497.8,-1.2177375418404025e-14,7.79628750847606e-18
497.81,-1.217647768660257e-14,7.987699180698457e-18
497.82,-1.217472195014265e-14,7.632205771717707e-18
497.83,-1.2174088898608518e-14,7.905594414995214e-18
497.84,-1.2172585011629246e-14,7.338845954359824e-18
497.85,-1.2171807560525659e-14,7.8816379888336e-18
497.86,-1.217098184081648e-14,8.091720189055547e-18
497.87,-1.2169183521926525e-14,7.938208596151986e-18
497.88,-1.216779391233316e-14,8.057172426567525e-18
497.89,-1.2167037131309057e-14,7.936320731032616e-18
497.9,-1.2165512788469807e-14,7.893879467452071e-18
497.91,-1.216425343704843e-14,7.7974182203609e-18
497.92,-1.21630840767263e-14,7.754667437899285e-18
497.93,-1.2162240255289948e-14,7.643102938622055e-18
497.94,-1.2160667110087903e-14,7.74319048122261e-18
497.95,-1.2159828561658886e-14,7.856709392528827e-18
497.96,-1.2158544212807798e-14,7.806484969415564e-18
497.97,-1.215738563661035e-14,7.883458623517156e-18
497.98,-1.2156175204875871e-14,7.697400329500813e-18
497.99,-1.2154938596585177e-14,7.829869519016036e-18
498.0,-1.2154057361389092e-14,8.138967129938979e-18
498.01,-1.2152597759346848e-14,7.67628237277104e-18
498.02,-1.215175100580219e-14,7.827475602277186e-18
498.03,-1.2150481369974505e-14,7.848911075355142e-18
498.04,-1.2149413537983872e-14,8.000087551623737e-18
498.05,-1.21478941789847e-14,7.824948520628159e-18
498.06,-1.2146621077299696e-14,7.894288117642082e-18
498.07,-1.2146004516570065e-14,8.04033532751379e-18
498.08,-1.2144543008982482e-14,7.933837395060018e-18
498.09,-1.2143332132076328e-14,7.676206600364197e-18
498.1,-1.214158725071986e-14,7.485027033205282e-18
498.11,-1.2141145362881175e-14,7.994213219558009e-18
498.12,-1.2139633766300427e-14,7.861136670678493e-18
498.13,-1.2138144412416914e-14,7.785044805915563e-18
498.14,-1.2137138950302393e-14,7.782401626447237e-18
498.15,-1.2136369665299413e-14,7.88492175451697e-18
498.16,-1.2135993889120825e-14,7.784131162044533e-18
498.17,-1.2133760726546024e-14,7.819231954096402e-18
498.18,-1.2132876015605241e-14,7.585745311976612e-18
498.19,-1.213107444262704e-14,7.074896954745282e-18
498.2,-1.2130591970761548e-14,8.025917555206185e-18
498.21,-1.2129018996784262e-14,7.872567678386293e-18
498.22,-1.2128753279077861e-14,8.396696921660859e-18
498.23,-1.2126816564472953e-14,7.963977950739585e-18
498.24,-1.2125335806625329e-14,7.700335492085754e-18
498.25,-1.2125109902161816e-14,8.11724964648637e-18
498.26,-1.2123284760289946e-14,7.811769287252427e-18
498.27,-1.2121159412502941e-14,7.85321736568224e-18
498.28,-1.2121272799023437e-14,7.983459176614209e-18
498.29,-1.2119991720475517e-14,7.968397041319708e-18
498.3,-1.2118497789720094e-14,7.852236516652176e-18
498.31,-1.2116898481511746e-14,7.65972690809989e-18
498.32,-1.2116176342915744e-14,7.820893286628549e-18
498.33,-1.2115233485771308e-14,7.9965766272263e-18
498.34,-1.2113765511135315e-14,7.760704182739866e-18
498.35,-1.2112531970883161e-14,7.847342791907325e-18
498.36,-1.2110602904906993e-14,7.593208363764844e-18
498.37,-1.2110402797349754e-14,7.87966146436361e-18
498.38,-1.2109208417543928e-14,7.888481689532969e-18
498.39,-1.2107913600856217e-14,7.79197771204927e-18
498.4,-1.210701027742081e-14,7.653515131053241e-18
498.41,-1.2105439854227418e-14,7.74330905142672e-18
498.42,-1.2104436001238087e-14,8.220122540950445e-18
498.43,-1.2103334394860165e-14,7.895012499007857e-18
498.44,-1.210223296915749e-14,7.854004649362264e-18
498.45,-1.2102222817150515e-14,8.17361694741655e-18
498.46,-1.209986359723763e-14,7.842867097669973e-18
498.47,-1.209860876633938e-14,7.924061448083924e-18
498.48,-1.2097251808746632e-14,7.880736161856096e-18
498.49,-1.209587270657767e-14,7.586129082971672e-18
498.5,-1.2094793208659133e-14,7.615785649972401e-18
498.51,-1.2093796006872567e-14,7.939380058678408e-18
498.52,-1.2092561349481105e-14,7.726331608068073e-18
498.53,-1.2091262393000674e-14,7.893247303406664e-18
498.54,-1.2091713892147097e-14,8.375020129344085e-18
498.55,-1.2089037928336452e-14,7.799247607918598e-18
498.56,-1.2087712455009193e-14,7.768268650752414e-18
498.57,-1.2086997128016857e-14,7.89707564804787e-18
498.58,-1.20849388562522e-14,7.727557102602907e-18
498.59,-1.2084846782847272e-14,7.967530661599888e-18
498.6,-1.2083137057613196e-14,7.800212972289388e-18
498.61,-1.2082178570658115e-14,7.754907657071676e-18
498.62,-1.2080916588033721e-14,7.83108288491042e-18
498.63,-1.2078214871453216e-14,6.445586969275307e-18
498.64,-1.2078576663537645e-14,7.784315431596314e-18
498.65,-1.207738566357506e-14,7.722026283524519e-18
498.66,-1.207635386387846e-14,7.936047430219296e-18
498.67,-1.2074487704995956e-14,7.674067011979032e-18
498.68,-1.2074052197212887e-14,7.890006985081086e-18
498.69,-1.2072641828313545e-14,7.808213053704548e-18
498.7,-1.207162910859293e-14,7.82187219974708e-18
498.71,-1.2070368178443531e-14,7.716598855945295e-18
498.72,-1.2070082998061332e-14,6.167003871120616e-18
498.73,-1.2068006941742374e-14,7.743935158392647e-18
498.74,-1.2066775788777598e-14,7.753458980702451e-18
498.75,-1.2065745760858303e-14,7.919641295813318e-18
498.76,-1.2064149799977254e-14,7.814930146645305e-18
498.77,-1.2063398900312818e-14,7.752191578685598e-18
498.78,-1.2061901340041203e-14,7.714851067651187e-18
498.79,-1.2061149741469128e-14,7.838631679263827e-18
498.8,-1.2059851196368777e-14,7.786181374442939e-18
498.81,-1.2055312113375068e-14,7.676111074320225e-18
498.82,-1.2057455811881702e-14,7.814244529324374e-18
498.83,-1.2056353565952861e-14,7.721288368221616e-18
498.84,-1.2054989199456974e-14,7.772003494947664e-18
498.85,-1.205317303982257e-14,7.86949899379087e-18
498.86,-1.2052983941044484e-14,7.757566616095018e-18
498.87,-1.2051732019846679e-14,7.670365669453664e-18
498.88,-1.2050377344440993e-14,7.746514324421709e-18
498.89,-1.204942448653792e-14,7.824302702383455e-18
498.9,-1.2050385974315702e-14,9.352036971117998e-18
498.91,-1.2047171813651308e-14,7.840147005970112e-18
498.92,-1.2042362509844379e-14,7.579809578931901e-18
498.93,-1.2044555457275346e-14,7.784920287769726e-18
498.94,-1.2043587562484794e-14,8.399678520845843e-18
498.95,-1.2042554218561393e-14,8.119941277061255e-18
498.96,-1.2041278583230084e-14,7.621628951370733e-18
498.97,-1.2040117736623233e-14,7.779175074618306e-18
498.98,-1.2038999852003174e-14,7.967773360134532e-18
498.99,-1.2038489913977502e-14,9.251298932489083e-18
499.0,-1.203633891157589e-14,7.898020676362445e-18
499.01,-1.2035308542252639e-14,7.614815245978256e-18
499.02,-1.2034089671134548e-14,7.799055033694704e-18
499.03,-1.2033327332036811e-14,7.849020892026862e-18
499.04,-1.2032333579254438e-14,7.59568677195066e-18
499.05,-1.203077264215184e-14,7.726688626095395e-18
499.06,-1.2029533128480019e-14,7.67757373937819e-18
499.07,-1.2028247686545742e-14,7.77991703769435e-18
499.08,-1.2027355901263143e-14,6.784011154654656e-18
499.09,-1.2026034125375517e-14,7.784691253044821e-18
499.1,-1.2024818231338914e-14,7.544646939871251e-18
499.11,-1.202350652538246e-14,7.759875883275396e-18
499.12,-1.2017221906107289e-14,5.766547723286402e-18
499.13,-1.202134542074227e-14,7.825347258635155e-18
499.14,-1.2020014704617442e-14,7.823839901173538e-18
499.15,-1.2018934957704213e-14,7.715547240100251e-18
499.16,-1.2017800496746128e-14,7.662675132459653e-18
499.17,-1.2017650305910945e-14,7.497988138522344e-18
499.18,-1.2015397676751579e-14,7.636344838783217e-18
499.19,-1.2014663059986001e-14,7.708185713015836e-18
499.2,-1.2013080922344285e-14,7.699525717866263e-18
499.21,-1.2010684234142631e-14,7.012432612801363e-18
499.22,-1.2010971106668173e-14,7.75058695766485e-18
499.23,-1.200972772883162e-14,7.741208001438498e-18
499.24,-1.2008409319217819e-14,7.649114285040548e-18
499.25,-1.200728346403409e-14,7.736054473547914e-18
499.26,-1.2005360399698584e-14,7.633428749106773e-18
499.27,-1.2005185236059065e-14,7.574037021178168e-18
499.28,-1.2004139505988043e-14,7.888501668192662e-18
499.29,-1.2002664450050696e-14,7.66848732156766e-18
499.3,-1.2000550575063127e-14,7.163429835642031e-18
499.31,-1.2000651954626633e-14,7.958780620299825e-18
499.32,-1.1999514415922556e-14,7.747305703861253e-18
499.33,-1.1998087686701323e-14,7.763147592462452e-18
499.34,-1.1997481746365584e-14,8.490354079423918e-18
499.35,-1.1994821742822324e-14,7.465390144508626e-18
499.36,-1.1994410739198706e-14,7.71735573139857e-18
499.37,-1.1995021916257953e-14,8.190335181897036e-18
499.38,-1.1991672813273832e-14,7.576812850542328e-18
499.39,-1.1990647919996462e-14,7.338985808137272e-18
499.4,-1.1990231665666803e-14,7.606587957730995e-18
499.41,-1.1988621419416368e-14,7.640600943121596e-18
499.42,-1.198759627139937e-14,7.706716279146208e-18
499.43,-1.1986602820735049e-14,7.523153716728877e-18
499.44,-1.1986076914928072e-14,7.962275698790706e-18
499.45,-1.1984053280164382e-14,7.536113617712806e-18
499.46,-1.1983153788524948e-14,7.765455587641656e-18
499.47,-1.198191137834216e-14,7.837597266059668e-18
499.48,-1.198009780046439e-14,7.475378225260904e-18
499.49,-1.1979583325128385e-14,7.743677007584597e-18
499.5,-1.1978211122421618e-14,7.624156286050836e-18
499.51,-1.1977020973354686e-14,7.676231721794932e-18
499.52,-1.1976180914693765e-14,7.809792916022902e-18
499.53,-1.1974010614464374e-14,7.408404063850076e-18
499.54,-1.1973430961336495e-14,7.656998354735429e-18
499.55,-1.1972710253319809e-14,7.739974556303911e-18
499.56,-1.1971453777731613e-14,7.736903106073565e-18
499.57,-1.1969919344702369e-14,7.759985031560656e-18
499.58,-1.196892293074971e-14,7.670399241753708e-18
499.59,-1.1967932900924321e-14,7.625085624167755e-18
499.6,-1.1966743529554982e-14,7.675071451878289e-18
499.61,-1.196538050933325e-14,7.715497739217525e-18
499.62,-1.1963840449016645e-14,7.365739116585784e-18
499.63,-1.1963143048694922e-14,7.58749540443989e-18
499.64,-1.1962060424958635e-14,7.696527501833008e-18
499.65,-1.1962183183644989e-14,8.517686232398598e-18
499.66,-1.1959242611940228e-14,7.662224475951474e-18
499.67,-1.1958227417783044e-14,7.507435154052174e-18
499.68,-1.1957280611965315e-14,7.528633391933994e-18
499.69,-1.1956210196689789e-14,7.636894932028066e-18
499.7,-1.1955038703134412e-14,7.640212252633695e-18
499.71,-1.1954370211731443e-14,8.015270948045964e-18
499.72,-1.1952760781870901e-14,7.616022676635123e-18
499.73,-1.195105913206331e-14,7.709687783418138e-18
499.74,-1.194966691110407e-14,7.524422563570287e-18
499.75,-1.1948951821455147e-14,7.490506634159866e-18
499.76,-1.1948262470986394e-14,7.628474690273597e-18
499.77,-1.1946854034211544e-14,7.615083864466001e-18
499.78,-1.194563653685077e-14,7.566559967634945e-18
499.79,-1.1944700485463455e-14,7.731113315350105e-18
499.8,-1.1943663694861036e-14,7.953132312652767e-18
499.81,-1.1942438488325659e-14,7.69844990029657e-18
499.82,-1.194002831276296e-14,7.425321176543295e-18
499.83,-1.1939928688474577e-14,7.656458660778164e-18
499.84,-1.1938954051956297e-14,7.753210413874259e-18
499.85,-1.1937122933126014e-14,7.268206646505847e-18
499.86,-1.1936379780799966e-14,7.463168161464188e-18
499.87,-1.193512609899061e-14,7.451284618867674e-18
499.88,-1.1934460996563043e-14,7.681731199248897e-18
499.89,-1.1933015586306305e-14,7.501015979992143e-18
499.9,-1.19319409955824e-14,7.71352987520346e-18
499.91,-1.1931029342390309e-14,7.653222034705213e-18
499.92,-1.1929747091724507e-14,7.602113840659244e-18
499.93,-1.1928797903620912e-14,7.77621832474375e-18
499.94,-1.1927452934235576e-14,7.75660166852776e-18
499.95,-1.1926138770353158e-14,7.620375259273992e-18
499.96,-1.1924764871749048e-14,8.017930239880211e-18
499.97,-1.1923824234139495e-14,7.621016129326185e-18
499.98,-1.1922476486388691e-14,7.677139926945982e-18
499.99,-1.192170767303985e-14,7.631865269826497e-18
500.0,-1.1920540655622237e-14,7.629476762844652e-18
500.01,-1.1919278975080086e-14,7.45965184468753e-18
500.02,-1.1917702084498233e-14,7.445591649787601e-18
500.03,-1.1916884305598799e-14,7.494706001611331e-18
500.04,-1.1915650276916625e-14,7.614434277611735e-18
500.05,-1.1914849642357054e-14,7.533813453595261e-18
500.06,-1.1913289600665347e-14,7.384059416927346e-18
500.07,-1.1912072206872218e-14,7.60900150188765e-18
500.08,-1.1910947241358917e-14,7.587899018758562e-18
500.09,-1.1910191680264373e-14,7.638700566260617e-18
500.1,-1.1908492852478934e-14,7.617427076778892e-18
500.11,-1.1907649952295158e-14,7.650364578463902e-18
500.12,-1.1906204434580518e-14,7.419149479513723e-18
500.13,-1.190505402613746e-14,7.295098857166451e-18
500.14,-1.1904245277485306e-14,7.570481632295942e-18
500.15,-1.1902896198395568e-14,7.519424349629548e-18
500.16,-1.1901610176170198e-14,7.570740075498381e-18
500.17,-1.1900824014762249e-14,7.504128882294651e-18
500.18,-1.1899318564394532e-14,7.508948140862801e-18
500.19,-1.1898592704407834e-14,7.609449684167923e-18
500.2,-1.1897713282588002e-14,7.71728584611121e-18
500.21,-1.1896162082701513e-14,7.62021712354055e-18
500.22,-1.1894811994864028e-14,7.386819063097948e-18
500.23,-1.189377932451093e-14,7.6023389796008e-18
500.24,-1.1892674755814738e-14,7.553134464063235e-18
500.25,-1.1891701114587876e-14,7.417764698757115e-18
500.26,-1.1890379817176485e-14,7.554641475417307e-18
500.27,-1.1889228437835024e-14,7.447496204557628e-18
500.28,-1.1887938178637201e-14,7.44720042544828e-18
500.29,-1.1887423840138878e-14,7.662355503328318e-18
500.3,-1.1885830912590679e-14,7.549470179334397e-18
500.31,-1.1884831840932374e-14,7.575575905166468e-18
500.32,-1.1883534881071978e-14,7.451624146220623e-18
500.33,-1.1882412543324049e-14,7.478694710317638e-18
500.34,-1.1880864299924793e-14,7.346196515815316e-18
500.35,-1.1880137747168497e-14,7.545978953840649e-18
500.36,-1.1878968169601944e-14,7.559302374216826e-18
500.37,-1.1877888026856485e-14,7.519562620712097e-18
500.38,-1.1876384836880404e-14,7.530369538330183e-18
500.39,-1.1875409479552552e-14,7.449988390956933e-18
500.4,-1.1874249075475724e-14,7.51884328002288e-18
500.41,-1.1873314141284564e-14,7.626593027904305e-18
500.42,-1.187193407660277e-14,7.451227885074532e-18
500.43,-1.187052055659238e-14,7.357973394738361e-18
500.44,-1.1869564874251645e-14,7.431088895900516e-18
500.45,-1.1868597189088783e-14,7.504547794724715e-18
500.46,-1.1867818803106197e-14,7.6689673570638e-18
500.47,-1.1866187850404447e-14,7.490740311386256e-18
500.48,-1.1865455862586459e-14,7.493719609331278e-18
500.49,-1.186420089133311e-14,7.62892934656853e-18
500.5,-1.186239835793715e-14,7.556479065289336e-18
500.51,-1.1861755010301558e-14,7.455924894153458e-18
500.52,-1.1860943593937771e-14,7.480053720313374e-18
500.53,-1.1859359254785091e-14,7.410775269404257e-18
500.54,-1.1858108531467994e-14,7.486082642781188e-18
500.55,-1.1856952287761818e-14,7.441682044519218e-18
500.56,-1.1856263671488142e-14,7.469960160423907e-18
500.57,-1.1854580548395798e-14,7.411722143121072e-18
500.58,-1.1854245241540633e-14,7.464035546265042e-18
500.59,-1.1852802548666503e-14,7.635636354667452e-18
500.6,-1.185164407934427e-14,7.456579185121354e-18
500.61,-1.1850659797716225e-14,7.692093259799464e-18
500.62,-1.1849252789977424e-14,7.540518620307265e-18
500.63,-1.1847765996341327e-14,7.326304037805933e-18
500.64,-1.1846797783591031e-14,7.410766208732687e-18
500.65,-1.1845317796823156e-14,7.420528047580686e-18
500.66,-1.184440454943892e-14,7.418053313348165e-18
500.67,-1.184366079769384e-14,7.418138746486745e-18
500.68,-1.1842182338482732e-14,7.426426032917651e-18
500.69,-1.1840976252761596e-14,7.377269601578417e-18
500.7,-1.183993360227466e-14,7.419900759057056e-18
500.71,-1.1838895924658798e-14,7.58961652576932e-18
500.72,-1.1837872162456667e-14,7.457386364521644e-18
500.73,-1.1836580564630721e-14,7.430197025866989e-18
500.74,-1.1835267580345999e-14,7.564324374625571e-18
500.75,-1.183414181500805e-14,7.502791326589239e-18
500.76,-1.1832941686848564e-14,7.473652718676635e-18
500.77,-1.1832199863347202e-14,7.468703129620299e-18
500.78,-1.1830811684458026e-14,7.491768793713804e-18
500.79,-1.1830033635148952e-14,7.514578485146579e-18
500.8,-1.1828604151485932e-14,7.511504090698241e-18
500.81,-1.1827053253326756e-14,7.294835081353837e-18
500.82,-1.1826244898463625e-14,7.433719347458125e-18
500.83,-1.182540475514689e-14,7.382489346200712e-18
500.84,-1.1823844120704217e-14,7.457823072987986e-18
500.85,-1.1822871391831056e-14,7.476493717892634e-18
500.86,-1.182159652210543e-14,7.328467185201016e-18
500.87,-1.1820306459946146e-14,7.395283761174914e-18
500.88,-1.1819786608765358e-14,7.707743415748647e-18
500.89,-1.1818007684683263e-14,6.701596513562457e-18
500.9,-1.1817238677081595e-14,7.490668309695371e-18
500.91,-1.1816021874585229e-14,7.492353839476073e-18
500.92,-1.1815133280621396e-14,7.150808847271921e-18
500.93,-1.1813945131928825e-14,7.451757117671295e-18
500.94,-1.1812542245296099e-14,7.41900528918912e-18
500.95,-1.1811399408634204e-14,7.449282308924938e-18
500.96,-1.1810351830039786e-14,7.364182043388831e-18
500.97,-1.180896418963602e-14,7.559372486962271e-18
500.98,-1.1808011380398643e-14,7.328203152934431e-18
500.99,-1.1806972615140683e-14,7.354098765026127e-18
501.0,-1.1805971240353505e-14,7.508386797345525e-18
501.01,-1.1804933138599765e-14,7.628843298361697e-18
501.02,-1.1803508651335627e-14,7.35823472673419e-18
501.03,-1.1802083251347718e-14,7.270978990834295e-18
501.04,-1.1801067176189778e-14,7.392578180715093e-18
501.05,-1.18002405517123e-14,7.339202366402734e-18
501.06,-1.1799008069283678e-14,7.549198862024042e-18
501.07,-1.1797817861238323e-14,7.340685452365261e-18
501.08,-1.1796640047920345e-14,7.253369962689728e-18
501.09,-1.1795655096251e-14,7.421555465913877e-18
501.1,-1.1794347002819541e-14,7.68884887599384e-18
501.11,-1.1793073073802635e-14,7.06132424461849e-18
501.12,-1.1792070207869428e-14,7.406351368337398e-18
501.13,-1.1790798005309273e-14,7.421026183355984e-18
501.14,-1.1789336749295747e-14,7.09580322109568e-18
501.15,-1.178809294876155e-14,7.572213031002386e-18
501.16,-1.1787687505014591e-14,7.50051132807422e-18
501.17,-1.1785556108230515e-14,7.076288296537123e-18
501.18,-1.1785372284489243e-14,7.375166014433645e-18
501.19,-1.178401739743682e-14,6.938116575420903e-18
501.2,-1.1785576237495142e-14,7.902624655347536e-18
501.21,-1.1781814165934102e-14,7.411952718577474e-18
501.22,-1.1780637078834793e-14,7.366831470434021e-18
501.23,-1.1780255563758168e-14,7.6350482438326e-18
501.24,-1.1777341008144759e-14,7.30542825235302e-18
501.25,-1.17775076149247e-14,7.411581604402196e-18
501.26,-1.1776378211605996e-14,7.390263615153511e-18
501.27,-1.1774610111318772e-14,7.284270705343736e-18
501.28,-1.1774126553100957e-14,7.872764055777841e-18
501.29,-1.1772939728987626e-14,7.49995293404093e-18
501.3,-1.1771613380174426e-14,7.41506566853724e-18
501.31,-1.1770600326252948e-14,7.458361676357617e-18
501.32,-1.1769364567192222e-14,7.348779786934584e-18
501.33,-1.1766973304516469e-14,6.854027152444478e-18
501.34,-1.1767126565293832e-14,7.401962504570486e-18
501.35,-1.1765922089462774e-14,7.244062500249011e-18
501.36,-1.1764825694904993e-14,7.491044632993233e-18
501.37,-1.1763987370937066e-14,8.165377153944349e-18
501.38,-1.176231839993631e-14,7.251786051874161e-18
501.39,-1.1761283369624705e-14,7.377771732137775e-18
501.4,-1.1760468445524159e-14,7.481697779854228e-18
501.41,-1.1759105644400284e-14,7.329544217635833e-18
501.42,-1.1751919204296184e-14,5.959552893595468e-18
501.43,-1.175655108304404e-14,7.363381118674499e-18
501.44,-1.1755405667923604e-14,7.207655446458895e-18
501.45,-1.1754623753282857e-14,7.343454510712623e-18
501.46,-1.1752630941484778e-14,6.2630276900813585e-18
501.47,-1.175231465820416e-14,7.316883469947762e-18
501.48,-1.175097623132776e-14,7.281631644936957e-18
501.49,-1.1750183306156394e-14,7.457504660893997e-18
501.5,-1.1749255795684778e-14,7.550299449255983e-18
501.51,-1.1749954515262345e-14,8.000014240016514e-18
501.52,-1.174648335958688e-14,7.367674693729266e-18
501.53,-1.1745277582323005e-14,7.269414183996597e-18
501.54,-1.1744429579381326e-14,7.191628968923298e-18
501.55,-1.1741777679640634e-14,6.09276147888236e-18
501.56,-1.1741498203156563e-14,7.267780722271349e-18
501.57,-1.174111421063477e-14,7.277981698262736e-18
501.58,-1.1739382569524553e-14,7.179980132791961e-18
501.59,-1.1739039098834739e-14,7.673956863944558e-18
501.6,-1.1738701091394437e-14,8.364630947469407e-18
501.61,-1.173635443273721e-14,7.293472364459425e-18
501.62,-1.1734739848121797e-14,7.318566489428488e-18
501.63,-1.1733958359124607e-14,7.086302943182656e-18
501.64,-1.1735504853287126e-14,8.416507423377842e-18
501.65,-1.1731675117945526e-14,7.22438966850121e-18
501.66,-1.173075114571355e-14,7.341201363771106e-18
501.67,-1.1729884594670367e-14,7.426741710643563e-18
501.68,-1.1728595974976472e-14,7.521045965761595e-18
501.69,-1.1727911262673184e-14,8.083598768049333e-18
501.7,-1.1726355839185133e-14,7.418580641695189e-18
501.71,-1.1724994332026236e-14,7.401752083032684e-18
501.72,-1.1724003397492399e-14,7.378312807365615e-18
501.73,-1.1726233866277042e-14,8.081612941725187e-18
501.74,-1.1721805885939548e-14,7.273413526301546e-18
501.75,-1.1720683354691041e-14,7.323453857853672e-18
501.76,-1.17196275364843e-14,7.3143979504302e-18
501.77,-1.1718573002423172e-14,7.455760069026144e-18
501.78,-1.1716661579359194e-14,7.336056375218553e-18
501.79,-1.1717021863290996e-14,7.24015750799254e-18
501.8,-1.1714972706003742e-14,7.415582277292514e-18
501.81,-1.1713920333973881e-14,7.361484390490034e-18
501.82,-1.1709844458908708e-14,8.138271147954384e-18
501.83,-1.1711814078192764e-14,7.54793164277014e-18
501.84,-1.1710456957891292e-14,7.368067638483147e-18
501.85,-1.1709500899020832e-14,7.38923262094619e-18
501.86,-1.1708205829205151e-14,7.299381105723508e-18
501.87,-1.1706448261725744e-14,7.198834835752852e-18
501.88,-1.1705934363989123e-14,7.331866068833607e-18
501.89,-1.1704875771411699e-14,7.409234173105493e-18
501.9,-1.1703803606994617e-14,7.271589308338552e-18
501.91,-1.1701463238465601e-14,8.865461239568507e-18
501.92,-1.1701543925205134e-14,7.396329465281948e-18
501.93,-1.16999112505445e-14,7.26976932532192e-18
501.94,-1.1699374705674034e-14,7.342410428038463e-18
501.95,-1.1697863607152439e-14,7.2648032009415e-18
501.96,-1.169650496789831e-14,7.310374702283713e-18
501.97,-1.1695937636785833e-14,7.284286240688215e-18
501.98,-1.169488971993758e-14,7.398996793354196e-18
501.99,-1.1693799391044644e-14,7.2391814258731e-18
502.0,-1.1691457462173827e-14,6.218519772809257e-18
502.01,-1.1691499430244018e-14,7.30921182142076e-18
502.02,-1.1690381259307051e-14,7.411780564896105e-18
502.03,-1.1689311411566668e-14,7.458067863175976e-18
502.04,-1.1687953796025193e-14,7.391317086340362e-18
502.05,-1.1686525009641563e-14,7.227726105986396e-18
502.06,-1.1685753244768689e-14,7.369153999628695e-18
502.07,-1.168487384943734e-14,7.506048919485906e-18
502.08,-1.1683032509668993e-14,7.10430467187057e-18
502.09,-1.1683350171698831e-14,8.038123014679882e-18
502.1,-1.1681525590808442e-14,7.322735548707114e-18
502.11,-1.1680111849814768e-14,7.2235671684774e-18
502.12,-1.167952201590359e-14,7.721716678807724e-18
502.13,-1.1677787521104687e-14,7.318289722471214e-18
502.14,-1.1676661215784205e-14,7.16002825433877e-18
502.15,-1.1675711501001032e-14,7.337405795376012e-18
502.16,-1.1674635907328821e-14,7.468707670948848e-18
502.17,-1.1672972358610965e-14,7.112414923832335e-18
502.18,-1.1673148950357875e-14,7.81831647226135e-18
502.19,-1.1671171253550415e-14,7.289854937676082e-18
502.2,-1.1669841760560953e-14,7.16302555333185e-18
502.21,-1.1668929002109114e-14,7.39387003653321e-18
502.22,-1.1667686920457292e-14,7.35381188729199e-18
502.23,-1.1666758804292472e-14,7.254773302788636e-18
502.24,-1.1665802219362243e-14,7.384836909015647e-18
502.25,-1.1664667495852165e-14,7.54185266477864e-18
502.26,-1.1663725814016273e-14,7.636522752541932e-18
502.27,-1.1661230833382426e-14,6.7462011596647784e-18
502.28,-1.1661369205391461e-14,7.400222195799938e-18
502.29,-1.1659763649869552e-14,7.050468430522292e-18
502.3,-1.1659453114278023e-14,7.407945622094399e-18
502.31,-1.1657700215051343e-14,7.355888027015889e-18
502.32,-1.1656873974850133e-14,6.80753379234434e-18
502.33,-1.1655598092456756e-14,7.330271176706324e-18
502.34,-1.1654768230722605e-14,7.442702890626933e-18
502.35,-1.1653059859293251e-14,7.80935247343927e-18
502.36,-1.1651868291818037e-14,6.948746124442442e-18
502.37,-1.1651305955375749e-14,7.491007776291899e-18
502.38,-1.1648402551603705e-14,6.8161893630046346e-18
502.39,-1.1648668139172008e-14,7.262016250980048e-18
502.4,-1.1647585843721884e-14,7.365369428442042e-18
502.41,-1.1647736844450824e-14,7.735438467945885e-18
502.42,-1.164555696544932e-14,7.288753684032433e-18
502.43,-1.1644539437712775e-14,7.553973987075208e-18
502.44,-1.1643397228387326e-14,7.853183672790904e-18
502.45,-1.1642364230322912e-14,7.54798845140624e-18
502.46,-1.1641011433860434e-14,7.260345879893513e-18
502.47,-1.1639800600217853e-14,6.954928521447931e-18
502.48,-1.163888884238701e-14,7.21068762236945e-18
502.49,-1.163768425654036e-14,7.329987188423825e-18
502.5,-1.163681781621262e-14,7.10731894971619e-18
502.51,-1.1635448528964005e-14,7.251799112069186e-18
502.52,-1.1634900360997593e-14,7.658398440185921e-18
502.53,-1.1633454314305296e-14,7.399347910504622e-18
502.54,-1.163251144743246e-14,7.700668581035334e-18
502.55,-1.1631406823517306e-14,7.604053278830504e-18
502.56,-1.1629207810641558e-14,7.275713023217482e-18
502.57,-1.1628684976437924e-14,7.347015761700854e-18
502.58,-1.1627495390120858e-14,7.325525611266758e-18
502.59,-1.1626104098541994e-14,7.188097758332042e-18
502.6,-1.162571276331668e-14,7.290172340542065e-18
502.61,-1.1624857317935109e-14,7.615621459924126e-18
502.62,-1.1623227271124895e-14,7.351076642953861e-18
502.63,-1.1621570053786553e-14,7.144549959051227e-18
502.64,-1.1620885841870255e-14,7.340179380734998e-18
502.65,-1.1620021741691204e-14,7.405507529447299e-18
502.66,-1.1618363564591446e-14,7.21456224536754e-18
502.67,-1.1617514944456553e-14,7.337961493581729e-18
502.68,-1.161650794374517e-14,7.325464633147203e-18
502.69,-1.1614056586195345e-14,7.012725068804357e-18
502.7,-1.1614821199952042e-14,7.530854692505436e-18
502.71,-1.1612989228290461e-14,7.215160382394205e-18
502.72,-1.1611530293757947e-14,7.129172172624092e-18
502.73,-1.1611162516883709e-14,7.708734601400952e-18
502.74,-1.160990448862821e-14,7.493801143526914e-18
502.75,-1.1608503890303475e-14,7.277369600555842e-18
502.76,-1.1607501588743577e-14,7.306253609705898e-18
502.77,-1.1606337445465667e-14,7.474375597653942e-18
502.78,-1.1605334503854317e-14,7.413864509746637e-18
502.79,-1.1604857808995949e-14,7.50438242864803e-18
502.8,-1.1602653852940654e-14,7.092016947807685e-18
502.81,-1.1602360594495023e-14,7.433683690350527e-18
502.82,-1.1600688871948841e-14,7.271050753185692e-18
502.83,-1.159983075034434e-14,7.268005028922343e-18
502.84,-1.159837439748187e-14,7.257124819049566e-18
502.85,-1.1597471412824927e-14,7.418481700225381e-18
502.86,-1.1598178064853257e-14,8.399100524144925e-18
502.87,-1.1595278269738272e-14,7.260431715617436e-18
502.88,-1.1595702913773497e-14,7.30986483393664e-18
502.89,-1.1593397139817454e-14,7.418500398721609e-18
502.9,-1.1591392242960699e-14,7.111684747896946e-18
502.91,-1.1591020263107527e-14,7.389857958681848e-18
502.92,-1.1589742505462997e-14,7.406417139039305e-18
502.93,-1.1588362495591063e-14,7.254936225048535e-18
502.94,-1.1587435130456213e-14,7.293721294377997e-18
502.95,-1.15861448390747e-14,7.34090376262737e-18
502.96,-1.1585184630395994e-14,7.323196797501605e-18
502.97,-1.1585339170292446e-14,7.050890540069773e-18
502.98,-1.1583129708032912e-14,7.263719055858437e-18
502.99,-1.1581656009745781e-14,7.15801643983397e-18
503.0,-1.1580825931652418e-14,7.243588202581385e-18
503.01,-1.157941753762455e-14,7.237322946719136e-18
503.02,-1.1578334644169313e-14,7.221409165169856e-18
503.03,-1.1577519272484571e-14,7.352910507397491e-18
503.04,-1.1576413073188197e-14,7.233004481410827e-18
503.05,-1.1575070140733564e-14,7.243968824511236e-18
503.06,-1.1574194797971621e-14,8.340675023157148e-18
503.07,-1.1573151391054471e-14,7.15937693763795e-18
503.08,-1.157193826179338e-14,7.351524743874505e-18
503.09,-1.1570765155896736e-14,7.270286863163335e-18
503.1,-1.1569473756715716e-14,7.198998257031635e-18
503.11,-1.1568326137064273e-14,7.200666608082362e-18
503.12,-1.1567527308473587e-14,7.391979796713245e-18
503.13,-1.1566527019028586e-14,7.087897661927043e-18
503.14,-1.1564997539422845e-14,7.32314003902411e-18
503.15,-1.156350861995604e-14,7.716518843095711e-18
503.16,-1.1563048758936153e-14,7.29330595005472e-18
503.17,-1.1562331229513942e-14,7.520972405599392e-18
503.18,-1.1560871348559538e-14,7.327549294304752e-18
503.19,-1.1559692329203427e-14,7.313130905349093e-18
503.2,-1.1558535510372097e-14,7.215604532765152e-18
503.21,-1.1557474570229751e-14,7.343789287413706e-18
503.22,-1.155666099771576e-14,7.27773734186111e-18
503.23,-1.1555544841539655e-14,7.338245466066242e-18
503.24,-1.155385884527076e-14,7.652873003218064e-18
503.25,-1.1554281283590651e-14,7.124658314928663e-18
503.26,-1.1551797926049064e-14,7.377102158461523e-18
503.27,-1.1550771588229659e-14,7.192251401146031e-18
503.28,-1.1549094520184123e-14,7.28325109990452e-18
503.29,-1.154867261654917e-14,7.380019341885199e-18
503.3,-1.1547519085885897e-14,7.336536000230357e-18
503.31,-1.154547247505968e-14,7.132263928269142e-18
503.32,-1.1545408281832491e-14,7.348549412803766e-18
503.33,-1.1544316277281408e-14,7.6399670747368e-18
503.34,-1.1542811560053463e-14,7.174895199756581e-18
503.35,-1.1541698980542442e-14,7.1447481158226e-18
503.36,-1.1540649011936547e-14,7.113632535040506e-18
503.37,-1.153951118610434e-14,7.132375716134563e-18
503.38,-1.1538790892060379e-14,7.31827706203106e-18
503.39,-1.1537407277319945e-14,7.290774523301295e-18
503.4,-1.1535861806641008e-14,6.929948122230572e-18
503.41,-1.1535295581142156e-14,7.369871015710097e-18
503.42,-1.153401622142775e-14,7.490100832873332e-18
503.43,-1.1532929518992516e-14,7.242375284691554e-18
503.44,-1.1532158014883305e-14,7.368461001093755e-18
503.45,-1.1530959754560779e-14,7.409928409939236e-18
503.46,-1.1529861730871714e-14,7.256515288712873e-18
503.47,-1.1529254960970827e-14,7.422017391915367e-18
503.48,-1.1527538607075602e-14,7.270988790226271e-18
503.49,-1.1525941211022833e-14,7.393436503494966e-18
503.5,-1.1525337307705474e-14,7.203486211328935e-18
503.51,-1.1524245811105983e-14,7.626136231656974e-18
503.52,-1.1522939770867608e-14,7.235104204137839e-18
503.53,-1.1521800827056694e-14,7.209986661879956e-18
503.54,-1.1521123068388604e-14,7.398869912027126e-18
503.55,-1.1519883496069395e-14,7.237518977608191e-18
503.56,-1.1519073112587933e-14,7.442302134558876e-18
503.57,-1.1518112318557644e-14,7.525045282131517e-18
503.58,-1.1516038816685078e-14,7.3093429390436e-18
503.59,-1.1512248720030652e-14,6.0942208598352476e-18
503.6,-1.1514354252834843e-14,7.218639748076563e-18
503.61,-1.1513784951036306e-14,7.384309447043992e-18
503.62,-1.1512116783105302e-14,7.300097709872425e-18
503.63,-1.1510971362452936e-14,7.162369840545215e-18
503.64,-1.1510073316122533e-14,7.324112293949794e-18
503.65,-1.1509042641007674e-14,7.415838066828256e-18
503.66,-1.1507881924318719e-14,7.283633637340174e-18
503.67,-1.1505899283594205e-14,7.045489668115112e-18
503.68,-1.150559027158625e-14,7.16194818518983e-18
503.69,-1.1504495383265012e-14,7.482061062572899e-18
503.7,-1.1503236578942108e-14,7.308718606059851e-18
503.71,-1.1502374830943754e-14,7.478159517469884e-18
503.72,-1.1501013736060686e-14,7.250028455729571e-18
503.73,-1.1499789950747346e-14,7.380942196640315e-18
503.74,-1.1498769024482756e-14,7.299482438021022e-18
503.75,-1.1498242139655237e-14,7.377623738184742e-18
503.76,-1.1496681720132575e-14,7.160255214426075e-18
503.77,-1.1495316305158588e-14,7.22039365772821e-18
503.78,-1.1494581614254116e-14,7.410130634428702e-18
503.79,-1.1493301727554178e-14,7.31002230720787e-18
503.8,-1.1492038558526841e-14,7.308550146605859e-18
503.81,-1.149114039266308e-14,7.389970607274207e-18
503.82,-1.1490129526498048e-14,7.44741639826671e-18
503.83,-1.1489112792642424e-14,7.158043881462249e-18
503.84,-1.1487761319192551e-14,7.24992468050391e-18
503.85,-1.148654363108979e-14,7.303052585447594e-18
503.86,-1.1485452178140134e-14,7.230190498330685e-18
503.87,-1.1484837724736045e-14,7.393117649287757e-18
503.88,-1.1483068763697001e-14,7.289387459735712e-18
503.89,-1.1482004640150945e-14,7.295878509366038e-18
503.9,-1.1482007974354858e-14,7.277987426612458e-18
503.91,-1.1479737255142372e-14,7.13027416008419e-18
503.92,-1.1478817355240978e-14,7.284952200970119e-18
503.93,-1.1477774963097453e-14,7.243116134536184e-18
503.94,-1.1476459316557194e-14,7.20022314229081e-18
503.95,-1.1475675836662526e-14,7.25141442163134e-18
503.96,-1.147491445051721e-14,7.261220397945819e-18
503.97,-1.147327201177494e-14,7.340950944892353e-18
503.98,-1.1471030763004427e-14,7.059623875789542e-18
503.99,-1.147131646151054e-14,7.189508525854066e-18
504.0,-1.1470633331408199e-14,7.373366295230352e-18
504.01,-1.1469007125383803e-14,7.336188719423354e-18
504.02,-1.1467353848311594e-14,7.074120771783419e-18
504.03,-1.1466697288896671e-14,7.22757991221387e-18
504.04,-1.1465743785411005e-14,7.273858935245375e-18
504.05,-1.1464917198016669e-14,7.47182637512754e-18
504.06,-1.1463310106961325e-14,7.195954720262749e-18
504.07,-1.1462647847093026e-14,7.38436982312863e-18
504.08,-1.1461255087125986e-14,7.213866370414298e-18
504.09,-1.1460293966452587e-14,7.240641305252447e-18
504.1,-1.1458806687104777e-14,7.148190941421594e-18
504.11,-1.1458114218276047e-14,7.272585092027594e-18
504.12,-1.1456908071849307e-14,7.275453215332352e-18
504.13,-1.145620263030953e-14,7.442793679019466e-18
504.14,-1.145508262064629e-14,7.391377485332079e-18
504.15,-1.1453762972352035e-14,7.310969457027402e-18
504.16,-1.145272561501256e-14,7.360249154785385e-18
504.17,-1.1451337404759116e-14,7.196415830824862e-18
504.18,-1.1450351746049327e-14,7.247488855394402e-18
504.19,-1.1449364591049095e-14,7.206240801584506e-18
504.2,-1.1448219352584897e-14,7.287488836714478e-18
504.21,-1.1447410667393121e-14,7.375143030997014e-18
504.22,-1.1445994540690882e-14,7.336944106969648e-18
504.23,-1.144476851191865e-14,7.316160442469388e-18
504.24,-1.1443976712900395e-14,7.333448092711395e-18
504.25,-1.1442491814374441e-14,7.213230032804291e-18
504.26,-1.1441567436381301e-14,7.298273934812553e-18
504.27,-1.1440547324622049e-14,7.208838009966778e-18
504.28,-1.1439143137426278e-14,7.209818652043228e-18
504.29,-1.1438495890080883e-14,7.307169182511018e-18
504.3,-1.1437622198910549e-14,7.3859252959896e-18
504.31,-1.1436299934703951e-14,7.187058328790096e-18
504.32,-1.1434805018624389e-14,7.280111783896022e-18
504.33,-1.1434047945758824e-14,7.314327225216584e-18
504.34,-1.143305153229301e-14,7.309838967894166e-18
504.35,-1.1431956534925977e-14,7.305354028675404e-18
504.36,-1.1430679718784079e-14,7.30733222825851e-18
504.37,-1.1429110302580775e-14,7.031318845975132e-18
504.38,-1.1428803726033655e-14,7.483007238051644e-18
504.39,-1.142764956616793e-14,7.287124350847525e-18
504.4,-1.1426281934190556e-14,7.289766071108545e-18
504.41,-1.1425133581664087e-14,7.192378035168795e-18
504.42,-1.1424159417540872e-14,7.25817731457913e-18
504.43,-1.1423055197008593e-14,7.355971735277698e-18
504.44,-1.1421354951119573e-14,6.95992812587474e-18
504.45,-1.1420668329937737e-14,7.255043471782881e-18
504.46,-1.1419726562822739e-14,7.169060434799984e-18
504.47,-1.1418731028693825e-14,7.326864659091949e-18
504.48,-1.1417760343948665e-14,7.36243390618962e-18
504.49,-1.14167139331548e-14,7.396244126536333e-18
504.5,-1.1414607660585872e-14,7.014174361821636e-18
504.51,-1.1414166352716942e-14,7.219439025192607e-18
504.52,-1.1412909776389073e-14,7.164321760968511e-18
504.53,-1.1412183525542163e-14,7.45051063709186e-18
504.54,-1.1411040127275821e-14,7.270259699579608e-18
504.55,-1.1409629988794186e-14,7.087977843025178e-18
504.56,-1.1408592790744094e-14,7.299226509133877e-18
504.57,-1.1408080796302485e-14,7.379655950028776e-18
504.58,-1.1406883164152379e-14,7.371669803227166e-18
504.59,-1.140556816694568e-14,7.258956810378656e-18
504.6,-1.1404372256918494e-14,7.29651086114418e-18
504.61,-1.140340885472655e-14,7.256116210851705e-18
504.62,-1.1402386558804486e-14,7.524200182167187e-18
504.63,-1.1401088321379391e-14,7.234437164425629e-18
504.64,-1.1400103905486368e-14,7.248750833798101e-18
504.65,-1.1399010797387511e-14,7.311286846465098e-18
504.66,-1.13981910820194e-14,7.282140880903816e-18
504.67,-1.1396208401480801e-14,7.447470404735044e-18
504.68,-1.1395889051525156e-14,7.289243081941676e-18
504.69,-1.1394689669023763e-14,7.143571739859232e-18
504.7,-1.1393484679470636e-14,7.26171898238392e-18
504.71,-1.1392323674852858e-14,7.246442270418e-18
504.72,-1.1391313533571042e-14,7.165337196529321e-18
504.73,-1.1390541522328048e-14,7.211010983972453e-18
504.74,-1.1387656355834772e-14,7.09757366452452e-18
504.75,-1.1387165144385718e-14,6.858207253725418e-18
504.76,-1.1386721893388323e-14,7.291946109446959e-18
504.77,-1.1385862746832213e-14,7.218356299163636e-18
504.78,-1.1384218121039405e-14,7.265863495015203e-18
504.79,-1.1384160763414338e-14,7.4720881801414e-18
504.8,-1.1382919855106848e-14,7.135376748685422e-18
504.81,-1.1381311308331602e-14,7.041258888738187e-18
504.82,-1.1380373687225303e-14,7.225001662731295e-18
504.83,-1.137919660863071e-14,7.121633482711897e-18
504.84,-1.1378354217064146e-14,7.355921906586761e-18
504.85,-1.1377332965159357e-14,7.303607000494811e-18
504.86,-1.137636296534931e-14,7.319544056163661e-18
504.87,-1.1374961206844707e-14,7.340125307388523e-18
504.88,-1.1373713440137541e-14,7.21203967009402e-18
504.89,-1.1372758025175087e-14,7.366176060178818e-18
504.9,-1.1371845671598772e-14,7.315256463279593e-18
504.91,-1.1370818099374767e-14,7.366981987852017e-18
504.92,-1.13694434648773e-14,7.201684524190275e-18
504.93,-1.136862262267097e-14,7.544278589553622e-18
504.94,-1.1367435389085687e-14,7.207391813618054e-18
504.95,-1.1366317181105078e-14,7.227592023476535e-18
504.96,-1.1364974208553051e-14,7.287415610021429e-18
504.97,-1.136398049433514e-14,7.12177751571489e-18
504.98,-1.1362868874628125e-14,7.358339493579683e-18
504.99,-1.1361855362673799e-14,7.369252736251283e-18
505.0,-1.1361529684276665e-14,7.591822351686878e-18
505.01,-1.1359538900671424e-14,7.211154588718375e-18
505.02,-1.1358863407703092e-14,7.480739001663802e-18
505.03,-1.1357336746364847e-14,7.104554162880944e-18
505.04,-1.1356990677886863e-14,7.360000838980607e-18
505.05,-1.13553398440348e-14,7.509735946402962e-18
505.06,-1.1354416358292326e-14,7.357855386959008e-18
505.07,-1.135340758255577e-14,7.267750115022888e-18
505.08,-1.1352601627078642e-14,7.346290541198723e-18
505.09,-1.1351742943662609e-14,7.662775641023845e-18
505.1,-1.1349798492993133e-14,7.272937641364189e-18
505.11,-1.1348914213406879e-14,7.04823361372063e-18
505.12,-1.1347808095911948e-14,7.348403693958193e-18
505.13,-1.134656436205409e-14,7.200135554306939e-18
505.14,-1.1345145559077642e-14,6.996779654026164e-18
505.15,-1.1344373981616277e-14,7.255822312624239e-18
505.16,-1.134350322340512e-14,7.236560541180862e-18
505.17,-1.1341921398781535e-14,6.956187123295422e-18
505.18,-1.1342094713387385e-14,7.836126302286746e-18
505.19,-1.134007118102795e-14,7.310231650269826e-18
505.2,-1.1339127738145273e-14,7.302197137670784e-18
505.21,-1.1337775453802684e-14,7.102554760820831e-18
505.22,-1.1336879796919767e-14,7.130355960212591e-18
505.23,-1.1335404789095712e-14,7.115953654923176e-18
505.24,-1.133465426143277e-14,7.2320828250646e-18
505.25,-1.1333509731195446e-14,7.170210012113103e-18
505.26,-1.133240184625344e-14,7.19552002656622e-18
505.27,-1.1334007776207103e-14,9.067322538537285e-18
505.28,-1.1330324005389243e-14,7.247852143379067e-18
505.29,-1.1330078004249817e-14,7.377584961139473e-18
505.3,-1.1328291328330858e-14,7.270996301214153e-18
505.31,-1.1327588052121758e-14,7.231373520243463e-18
505.32,-1.1325932525902922e-14,7.219637311507465e-18
505.33,-1.1325088608149804e-14,7.279692699136261e-18
505.34,-1.1324519106033858e-14,7.438146287267589e-18
505.35,-1.1322540501611036e-14,7.183851150689645e-18
505.36,-1.1322369587597103e-14,7.779686762564243e-18
505.37,-1.1320470612230753e-14,7.171606442699534e-18
505.38,-1.1319343182502834e-14,7.221994649589536e-18
505.39,-1.1318610526858166e-14,7.404423260481697e-18
505.4,-1.13172118253044e-14,7.157487033525189e-18
505.41,-1.1316103180569842e-14,7.148381446175149e-18
505.42,-1.1315209533063835e-14,7.241194874580813e-18
505.43,-1.1314269382022243e-14,7.361426372781407e-18
505.44,-1.1312942026137464e-14,7.262204946337606e-18
505.45,-1.131159544047703e-14,6.26699453592911e-18
505.46,-1.131026370470648e-14,6.903943410037471e-18
505.47,-1.1309743686074937e-14,7.342511888069276e-18
505.48,-1.1308409980087526e-14,7.243192009103334e-18
505.49,-1.1307413653619969e-14,7.170538334810307e-18
505.5,-1.130651231901777e-14,7.29537820874006e-18
505.51,-1.130542421068764e-14,7.105835294499566e-18
505.52,-1.1303728971866015e-14,6.662628513560529e-18
505.53,-1.1303165652807956e-14,7.173692621780236e-18
505.54,-1.1302290661864529e-14,6.725228762418393e-18
505.55,-1.1300713612485533e-14,7.081333386525218e-18
505.56,-1.1302515102012191e-14,7.826477355978341e-18
505.57,-1.1298889070872098e-14,7.142606526622509e-18
505.58,-1.1297710276344501e-14,7.082982530384568e-18
505.59,-1.1296652251431631e-14,7.192460456947943e-18
505.6,-1.1295553378441786e-14,7.094014975969616e-18
505.61,-1.1294095861018536e-14,6.936488986860248e-18
505.62,-1.1293510899024296e-14,7.295360706151372e-18
505.63,-1.1292721228670384e-14,7.126396740315981e-18
505.64,-1.1291135202064256e-14,7.125217646045823e-18
505.65,-1.1290214696486509e-14,7.06718561338351e-18
505.66,-1.1289046876033834e-14,7.104731980535244e-18
505.67,-1.1287722047653562e-14,7.133077571678703e-18
505.68,-1.128669294575112e-14,7.127100937648245e-18
505.69,-1.1286070420209685e-14,7.175523383499416e-18
505.7,-1.1285093215962195e-14,7.363445941497246e-18
505.71,-1.1283576106498084e-14,7.21329983936502e-18
505.72,-1.1283392475871755e-14,7.349564025816105e-18
505.73,-1.1281439553848377e-14,7.214025886891718e-18
505.74,-1.128033323106573e-14,7.039864530584219e-18
505.75,-1.1279366258493011e-14,7.211240157982934e-18
505.76,-1.1278290608507035e-14,7.071655012650042e-18
505.77,-1.1277382155589193e-14,7.188516345981843e-18
505.78,-1.1275928095845074e-14,7.166158967212779e-18
505.79,-1.1275441717238356e-14,7.470029967708711e-18
505.8,-1.1273767237205526e-14,7.10416094126736e-18
505.81,-1.1273598477776347e-14,7.469615004116897e-18
505.82,-1.1271823425856911e-14,7.107974389197668e-18
505.83,-1.1270665447547375e-14,7.09545903932693e-18
505.84,-1.126966417393468e-14,7.121673697538454e-18
505.85,-1.1268483292319723e-14,7.11351671184286e-18
505.86,-1.1267898991024353e-14,7.28117242223417e-18
505.87,-1.1266354964572186e-14,7.13116573469538e-18
505.88,-1.1265187278993287e-14,6.8462625165769406e-18
505.89,-1.1264443441243673e-14,7.06483293412751e-18
505.9,-1.1263518751797023e-14,7.32388330319595e-18
505.91,-1.1262152456327026e-14,7.153321621738229e-18
505.92,-1.126109696175664e-14,7.413149497639758e-18
505.93,-1.1259989027805333e-14,7.214573080152936e-18
505.94,-1.1258755011916366e-14,7.11244765949737e-18
505.95,-1.1257866395306516e-14,7.764880642585034e-18
505.96,-1.1256642590521632e-14,7.206835847471912e-18
505.97,-1.125544084416246e-14,6.890410079023778e-18
505.98,-1.1253980934784186e-14,6.732574569453541e-18
505.99,-1.1253690590510752e-14,7.236110266983944e-18
506.0,-1.1252300052669465e-14,7.127608590130308e-18
506.01,-1.1249675555064191e-14,6.417392548006664e-18
506.02,-1.1250334307449159e-14,7.26865682538825e-18
506.03,-1.1249257173133525e-14,6.99004276021888e-18
506.04,-1.1249495729494298e-14,7.570194844083725e-18
506.05,-1.1247235089182157e-14,7.147210786976313e-18
506.06,-1.1245799461738727e-14,7.526945864761264e-18
506.07,-1.1245475422345252e-14,7.021658150046289e-18
506.08,-1.1243946927160235e-14,7.340284304112203e-18
506.09,-1.1242551126680193e-14,7.082608294000656e-18
506.1,-1.1240751693946191e-14,7.130986140557556e-18
506.11,-1.1240370727863137e-14,6.980311879630842e-18
506.12,-1.1239133084634682e-14,6.9288662716733256e-18
506.13,-1.1238271500713156e-14,7.242149481576336e-18
506.14,-1.1237300481265284e-14,7.150297829292242e-18
506.15,-1.1236851763086256e-14,6.948506489005634e-18
506.16,-1.123514429471086e-14,6.986827855850078e-18
506.17,-1.1234202493503543e-14,7.208288720312818e-18
506.18,-1.1233019803392705e-14,7.07364561944475e-18
506.19,-1.1231889589494614e-14,6.895585752531134e-18
506.2,-1.1230668998011128e-14,6.978641719184121e-18
506.21,-1.1229074825667996e-14,6.538280246098463e-18
506.22,-1.1228589836240988e-14,7.157582085267543e-18
506.23,-1.1227615593223022e-14,7.053502876076836e-18
506.24,-1.1227102522732139e-14,6.768316381638468e-18
506.25,-1.1225366671848337e-14,7.166797986267612e-18
506.26,-1.1224518635518141e-14,7.245376678884643e-18
506.27,-1.1223184091772485e-14,7.167099997419136e-18
506.28,-1.1221688611781244e-14,6.906211822309558e-18
506.29,-1.1220866793709095e-14,7.04974742939892e-18
506.3,-1.1220460247835045e-14,7.17357071925428e-18
506.31,-1.1218933982577582e-14,7.016499952271044e-18
506.32,-1.1217881466471141e-14,7.127812039753589e-18
506.33,-1.1214496774031931e-14,7.295721252000617e-18
506.34,-1.1215801972775834e-14,7.02363163814337e-18
506.35,-1.1214376244857018e-14,7.044665311038046e-18
506.36,-1.1213516556256737e-14,7.099609084676208e-18
506.37,-1.1212086856816923e-14,6.857471804817253e-18
506.38,-1.121136016600624e-14,6.991359676645486e-18
506.39,-1.1210407037209835e-14,7.124324244924151e-18
506.4,-1.1209386675918614e-14,6.925553980619838e-18
506.41,-1.1208209960568167e-14,7.112539089551435e-18
506.42,-1.12031970125668e-14,6.407025335074614e-18
506.43,-1.1206111594009523e-14,6.9701786640977e-18
506.44,-1.1204851647366372e-14,7.095720333275942e-18
506.45,-1.1203886164461713e-14,7.077268304324435e-18
506.46,-1.120244130529086e-14,6.835394387160757e-18
506.47,-1.1201835482083232e-14,6.963457393577019e-18
506.48,-1.1200595463417728e-14,7.074251458516191e-18
506.49,-1.1199510232579637e-14,7.004599308354688e-18
506.5,-1.1198682050052912e-14,6.98706020077965e-18
506.51,-1.1199877310051953e-14,9.525293400619841e-18
506.52,-1.1196302913915026e-14,7.117182177536977e-18
506.53,-1.1195087256765536e-14,7.107636505559337e-18
506.54,-1.1194178260708329e-14,7.059019783843704e-18
506.55,-1.119256140579805e-14,6.752822730807273e-18
506.56,-1.119227294525843e-14,7.063118026412046e-18
506.57,-1.1190961093429164e-14,7.148205142231208e-18
506.58,-1.1189891404126785e-14,6.8898657190655245e-18
506.59,-1.118893774791725e-14,7.050781370128105e-18
506.6,-1.1188521113999637e-14,9.38212278381396e-18
506.61,-1.1186703189396333e-14,7.026436111658754e-18
506.62,-1.1185548547411622e-14,7.15558658767967e-18
506.63,-1.1184554739773901e-14,6.994948786871884e-18
506.64,-1.1182418084151607e-14,6.588470289552317e-18
506.65,-1.1182601781899498e-14,7.154498564158131e-18
506.66,-1.1181328300282343e-14,7.085604848776946e-18
506.67,-1.1180359888158831e-14,6.97879970993813e-18
506.68,-1.1179269943085336e-14,7.174229803923552e-18
506.69,-1.1179928748793773e-14,6.376198061546915e-18
506.7,-1.1176897592280387e-14,7.045330239908939e-18
506.71,-1.117385958115463e-14,5.895093754967655e-18
506.72,-1.1175016560979023e-14,7.058642980418718e-18
506.73,-1.1173136965961037e-14,6.534989274690379e-18
506.74,-1.1173005876639761e-14,7.175624618178542e-18
506.75,-1.1170721031304218e-14,6.961891701262205e-18
506.76,-1.1171105689326703e-14,7.040821572970934e-18
506.77,-1.1169480659146669e-14,6.993569482075716e-18
506.78,-1.1166455805659495e-14,6.67898140697642e-18
506.79,-1.1167596166755653e-14,6.9266532492465465e-18
506.8,-1.1166169778923367e-14,6.807712482047467e-18
506.81,-1.1165747348161757e-14,7.382100057759043e-18
506.82,-1.116234345396041e-14,6.514862120643398e-18
506.83,-1.1163219979713461e-14,7.572978915125528e-18
506.84,-1.11622167232961e-14,7.077136265481536e-18
506.85,-1.1160978870537112e-14,7.057712593545915e-18
506.86,-1.116017730672368e-14,6.965212524824386e-18
506.87,-1.1157321142400588e-14,6.4373033909608395e-18
506.88,-1.1157902678973079e-14,6.861850435175435e-18
506.89,-1.1156816285197316e-14,7.037959746480096e-18
506.9,-1.1155733918580954e-14,7.019465320341914e-18
506.91,-1.1152181587945524e-14,7.052616515327625e-18
506.92,-1.1153810117113527e-14,7.077792408302516e-18
506.93,-1.1152280245149005e-14,7.006914719635118e-18
506.94,-1.1151483098326075e-14,7.024031260574281e-18
506.95,-1.1150460779156218e-14,7.055679889100932e-18
506.96,-1.1150367976147639e-14,7.463715572211014e-18
506.97,-1.1148220749667421e-14,6.996976942829855e-18
506.98,-1.1146864529108645e-14,6.942004731500396e-18
506.99,-1.1146209433519832e-14,7.009713985838105e-18
507.0,-1.1150856912116924e-14,7.698678911587795e-18
507.01,-1.1143787964302449e-14,7.02343667361837e-18
507.02,-1.1143135727627768e-14,6.964341197948795e-18
507.03,-1.1141832088963417e-14,6.977975240596627e-18
507.04,-1.11408533023936e-14,7.153847652017403e-18
507.05,-1.1140677377378044e-14,7.546791469603135e-18
507.06,-1.1138246898186408e-14,6.85425942812621e-18
507.07,-1.1137310043985968e-14,7.033558680743748e-18
507.08,-1.1136310211064844e-14,6.968452623804803e-18
507.09,-1.113680368859649e-14,7.21496747476698e-18
507.1,-1.1133995159137514e-14,7.058116587839064e-18
507.11,-1.1133146425179843e-14,6.908286430155416e-18
507.12,-1.1132191218913523e-14,6.933873777726131e-18
507.13,-1.1130923839831397e-14,6.908761435572815e-18
507.14,-1.1129573058523939e-14,6.544446794564398e-18
507.15,-1.1129300048776925e-14,7.119076938872184e-18
507.16,-1.1126801662061488e-14,6.646529177819909e-18
507.17,-1.1126804236073161e-14,6.98154169175525e-18
507.18,-1.1126830609389228e-14,7.164539726307926e-18
507.19,-1.112571040402475e-14,7.011364435137697e-18
507.2,-1.1123781670887132e-14,6.963381134328908e-18
507.21,-1.1122483077852008e-14,6.984849044358315e-18
507.22,-1.1122226231617682e-14,6.846228861600769e-18
507.23,-1.1120245046822919e-14,6.512962924550222e-18
507.24,-1.1119587596316276e-14,7.01990327711245e-18
507.25,-1.111834812174921e-14,7.076199506063219e-18
507.26,-1.1117282913592952e-14,6.932346506903164e-18
507.27,-1.1116691232647337e-14,7.099020230282816e-18
507.28,-1.1115857612366678e-14,7.238999397923882e-18
507.29,-1.1114177763176019e-14,6.960411431027381e-18
507.3,-1.1112863632355756e-14,7.046298751699314e-18
507.31,-1.111219032054821e-14,7.120441970698144e-18
507.32,-1.1111273006615721e-14,7.177792292354863e-18
507.33,-1.110985191241787e-14,6.853500833588759e-18
507.34,-1.1108762907521624e-14,6.9638797282458e-18
507.35,-1.1107659171510944e-14,6.954789876216413e-18
507.36,-1.1106581248996007e-14,6.944559436981139e-18
507.37,-1.1105888801645294e-14,6.967368976226649e-18
507.38,-1.110447652332698e-14,6.940350567041097e-18
507.39,-1.1103579821805992e-14,6.8583476556929785e-18
507.4,-1.1102524822006677e-14,6.962112510765699e-18
507.41,-1.1102057222632173e-14,7.323635235847415e-18
507.42,-1.1100289822954733e-14,6.956578389908239e-18
507.43,-1.1099086919361144e-14,6.743975253453818e-18
507.44,-1.1097943462055353e-14,6.927757666436892e-18
507.45,-1.1097639153929389e-14,6.859785306647777e-18
507.46,-1.1096030835713943e-14,6.904381022148613e-18
507.47,-1.1094788167078999e-14,6.961967908640263e-18
507.48,-1.1093126851032709e-14,6.874893976489833e-18
507.49,-1.1092916444161626e-14,6.945372367111632e-18
507.5,-1.1092199435349009e-14,6.874894862230247e-18
507.51,-1.1090812496568556e-14,6.980641212872553e-18
507.52,-1.1088314352909739e-14,6.652874813834916e-18
507.53,-1.108685269527157e-14,7.092629745365357e-18
507.54,-1.1088013112766811e-14,6.973626007657389e-18
507.55,-1.1086660167087614e-14,6.963213021114109e-18
507.56,-1.1085594627258826e-14,6.920867230028945e-18
507.57,-1.1084046428325635e-14,6.786498211579556e-18
507.58,-1.1083180222883139e-14,6.85042214156163e-18
507.59,-1.1082312817326891e-14,7.1070175768033e-18
507.6,-1.1081294521374442e-14,6.899713218082326e-18
507.61,-1.1080158561625091e-14,6.984857860161101e-18
507.62,-1.1079227326830671e-14,6.951807885767976e-18
507.63,-1.1077951079925557e-14,6.924489715590704e-18
507.64,-1.1076768779251038e-14,6.94375583292838e-18
507.65,-1.1076153982876225e-14,6.981128248456288e-18
507.66,-1.107472378412418e-14,6.858227435125931e-18
507.67,-1.1073903084240918e-14,6.939619825932759e-18
507.68,-1.1072605223495761e-14,7.194512654824062e-18
507.69,-1.107160266498761e-14,6.9298446356801935e-18
507.7,-1.1070881558110941e-14,6.874764593090907e-18
507.71,-1.1069344859206857e-14,6.8999939177507406e-18
507.72,-1.1068847457070019e-14,6.967913890891687e-18
507.73,-1.1067781851168394e-14,7.01246770434106e-18
507.74,-1.1066329129930489e-14,6.841998346840112e-18
507.75,-1.1065504610104678e-14,7.20403532480244e-18
507.76,-1.1064394533144194e-14,6.7623797997153106e-18
507.77,-1.1062207658754467e-14,6.632263423212369e-18
507.78,-1.1062436564179703e-14,6.932985703948638e-18
507.79,-1.1060765690278028e-14,6.682833334587823e-18
507.8,-1.1060358552563499e-14,6.898551836514069e-18
507.81,-1.1059456109731528e-14,6.998320602087158e-18
507.82,-1.1057819267939759e-14,6.929758202792399e-18
507.83,-1.1056754546669531e-14,6.7542963973522994e-18
507.84,-1.1056065667299354e-14,7.10117292967986e-18
507.85,-1.105487352621875e-14,6.978144980477385e-18
507.86,-1.1053855054431954e-14,6.891212330242336e-18
507.87,-1.105265506142371e-14,6.834309421240671e-18
507.88,-1.1051451648576466e-14,6.769673112675985e-18
507.89,-1.1050342083844087e-14,6.5378593240329296e-18
507.9,-1.1049677175589564e-14,6.96308898743984e-18
507.91,-1.1048413381413804e-14,6.884923041430587e-18
507.92,-1.1047587565794002e-14,6.9266846882918815e-18
507.93,-1.1046515763325103e-14,6.91860284361029e-18
507.94,-1.1045284745877557e-14,6.7865971583153585e-18
507.95,-1.1043392998136143e-14,6.9227675713444566e-18
507.96,-1.1043422257225815e-14,7.031300266227099e-18
507.97,-1.1042346221766086e-14,6.864665516215605e-18
507.98,-1.1040948511187334e-14,6.754399155878823e-18
507.99,-1.1039672843567575e-14,6.894860337187177e-18
508.0,-1.1039093429925284e-14,6.849056179497594e-18
508.01,-1.1037762726003347e-14,6.881108205120609e-18
508.02,-1.103661792743565e-14,6.7781249138037815e-18
508.03,-1.1035970351946731e-14,6.891579958855305e-18
508.04,-1.103479429706058e-14,7.019509191875629e-18
508.05,-1.1033912346626693e-14,6.887853443555747e-18
508.06,-1.1032589559513144e-14,6.818944171042025e-18
508.07,-1.1031614471990668e-14,6.830081045264018e-18
508.08,-1.1030892769719503e-14,6.848324641512512e-18
508.09,-1.1029651435103884e-14,6.864203115221335e-18
508.1,-1.1028457562517676e-14,6.836522264623609e-18
508.11,-1.102736884795405e-14,6.865051877290469e-18
508.12,-1.1026331538195873e-14,6.884361825350397e-18
508.13,-1.1025589547491787e-14,6.835130142806209e-18
508.14,-1.1024682368267213e-14,6.896242137258776e-18
508.15,-1.1023244321506514e-14,6.880132920272863e-18
508.16,-1.102212618349729e-14,6.788317651606245e-18
508.17,-1.1021216168567405e-14,6.686634890781646e-18
508.18,-1.1020108331722894e-14,6.8368954873034194e-18
508.19,-1.1019158871823375e-14,6.96973018896226e-18
508.2,-1.1017701788975601e-14,6.675238650870026e-18
508.21,-1.1016961024829778e-14,6.830608892607794e-18
508.22,-1.1016376251499567e-14,6.8005310818550406e-18
508.23,-1.1015108370147857e-14,6.903080054348384e-18
508.24,-1.101367887919617e-14,6.828839071619602e-18
508.25,-1.1012019803531127e-14,6.4408566692979625e-18
508.26,-1.1011682272555452e-14,6.871948756314581e-18
508.27,-1.1011029880034165e-14,6.956823899431191e-18
508.28,-1.1009650394533396e-14,6.873956505174772e-18
508.29,-1.100835510136368e-14,6.670253865299665e-18
508.3,-1.1007505095598098e-14,6.92897249456653e-18
508.31,-1.1006217391549154e-14,6.8345566959252595e-18
508.32,-1.100495143971448e-14,6.869786495252337e-18
508.33,-1.1004470455930013e-14,6.811015459661609e-18
508.34,-1.1003282465536948e-14,6.7435621628448935e-18
508.35,-1.1002270101140423e-14,6.779519126089679e-18
508.36,-1.1001319217724407e-14,6.70947118319237e-18
508.37,-1.1002075972454739e-14,7.208317589289131e-18
508.38,-1.0999100538778187e-14,6.879189235346608e-18
508.39,-1.0998081702320686e-14,6.781543982918031e-18
508.4,-1.099704342232709e-14,6.770503609377008e-18
508.41,-1.0995814123687256e-14,6.780547093402883e-18
508.42,-1.0995126277334219e-14,7.007993471911098e-18
508.43,-1.0993794943509192e-14,6.803458952978281e-18
508.44,-1.0993190848417448e-14,6.80402331947309e-18
508.45,-1.099184433239559e-14,6.939749016201306e-18
508.46,-1.0991063454165391e-14,6.996410341479539e-18
508.47,-1.0989795693881547e-14,6.85870317330658e-18
508.48,-1.0988640002028511e-14,6.703916339326776e-18
508.49,-1.0987851845927355e-14,6.737362178073243e-18
508.5,-1.0986612301431557e-14,6.915599978493055e-18
508.51,-1.0985775752127674e-14,6.872802946374231e-18
508.52,-1.0984406097900532e-14,6.8278736082151874e-18
508.53,-1.0983357623518707e-14,6.817752833332717e-18
508.54,-1.0982493185089634e-14,6.811439289346465e-18
508.55,-1.0981476671191477e-14,6.876013399660479e-18
508.56,-1.0980299053183075e-14,6.765266475121625e-18
508.57,-1.0979248965435615e-14,6.708472647527081e-18
508.58,-1.0977612283999197e-14,6.544058991396712e-18
508.59,-1.0977119537437731e-14,6.680310274052833e-18
508.6,-1.0976385956819928e-14,6.804516647164262e-18
508.61,-1.0975157254738374e-14,6.800447346111318e-18
508.62,-1.0973996099230343e-14,6.785754142237031e-18
508.63,-1.0973214428267209e-14,6.8136031489674185e-18
508.64,-1.0971981443538069e-14,6.7639096740463706e-18
508.65,-1.0970863078150011e-14,6.715680821981614e-18
508.66,-1.0970086804370794e-14,6.6784984351612815e-18
508.67,-1.0968269384165061e-14,6.5007346614736355e-18
508.68,-1.0969709138645919e-14,7.389541827817038e-18
508.69,-1.0967046554363942e-14,6.982430787135837e-18
508.7,-1.0965889234292004e-14,6.7688759036479586e-18
508.71,-1.0965210722053663e-14,6.831885954895611e-18
508.72,-1.0963711236576021e-14,6.759275266395885e-18
508.73,-1.0963335858617264e-14,6.818341003936616e-18
508.74,-1.0961954264370781e-14,6.8301754890472115e-18
508.75,-1.0960443829156064e-14,6.796343571746529e-18
508.76,-1.095898869362281e-14,6.52722659382361e-18
508.77,-1.095853337060442e-14,6.871085522829498e-18
508.78,-1.0956312034109936e-14,6.703483814693726e-18
508.79,-1.0956290496998672e-14,6.769111478475766e-18
508.8,-1.0955597121411886e-14,6.63752164646256e-18
508.81,-1.0954339595508347e-14,6.823990496432623e-18
508.82,-1.0953013340051767e-14,6.783644140056743e-18
508.83,-1.0952242448642691e-14,6.7387673215122526e-18
508.84,-1.0951255105218564e-14,6.759043991779866e-18
508.85,-1.0950781636484165e-14,6.74272645267684e-18
508.86,-1.0949065977713489e-14,6.7170565853794634e-18
508.87,-1.0948335989178154e-14,6.841663217843939e-18
508.88,-1.0947029212539044e-14,6.711084064617959e-18
508.89,-1.0945767674134532e-14,6.8321246603576446e-18
508.9,-1.0945012889889233e-14,6.746011802371607e-18
508.91,-1.0944257535861657e-14,6.812155356232209e-18
508.92,-1.0942912521851226e-14,6.780578139604966e-18
508.93,-1.0941881746831547e-14,6.678368421949314e-18
508.94,-1.0940432863405096e-14,6.28353106776724e-18
508.95,-1.0939328573377546e-14,6.6768446314226626e-18
508.96,-1.0938919108368624e-14,6.606139974673005e-18
508.97,-1.0937686678581458e-14,6.705234694423307e-18
508.98,-1.0936217130507466e-14,6.720240447232379e-18
508.99,-1.0935618243286035e-14,6.345093293630512e-18
509.0,-1.0934723910855498e-14,6.717955383883051e-18
509.01,-1.0933281131333675e-14,6.751637561553248e-18
509.02,-1.0933022828843914e-14,7.109965934919345e-18
509.03,-1.0931917175905713e-14,6.389252371755943e-18
509.04,-1.0930561279123041e-14,6.75081834224453e-18
509.05,-1.0928621236225414e-14,7.015655682622529e-18
509.06,-1.0928091990035472e-14,6.712937035145856e-18
509.07,-1.0927898292438977e-14,6.6972279186115806e-18
509.08,-1.0926177830898092e-14,6.83112309437534e-18
509.09,-1.0925147702489126e-14,6.694049793007381e-18
509.1,-1.0924268693878386e-14,6.8313957465496856e-18
509.11,-1.0923267801741403e-14,7.022940064455118e-18
509.12,-1.092297376683898e-14,6.39389394168668e-18
509.13,-1.0921101175437856e-14,6.7437823684703736e-18
509.14,-1.0920364796625874e-14,6.908179711600401e-18
509.15,-1.0919019292078498e-14,6.765400243514865e-18
509.16,-1.0918708609129413e-14,6.7031670134677105e-18
509.17,-1.0916808397415969e-14,6.8025831632539255e-18
509.18,-1.0915883294198937e-14,6.7117714318291405e-18
509.19,-1.0915316337024921e-14,6.813608525548653e-18
509.2,-1.091444787788262e-14,6.831068567100068e-18
509.21,-1.0910054868861955e-14,6.054067980472338e-18
509.22,-1.0911632786543677e-14,6.670996214899764e-18
509.23,-1.0911095963845553e-14,6.8929445994178114e-18
509.24,-1.0909756265015047e-14,6.710177582500582e-18
509.25,-1.0908361869692762e-14,6.783429514411569e-18
509.26,-1.0907811017139703e-14,6.778064314045991e-18
509.27,-1.0906692937301558e-14,6.7617644039155416e-18
509.28,-1.0905673662844104e-14,6.746427413154247e-18
509.29,-1.0904879933082892e-14,6.631498377830635e-18
509.3,-1.0902470752512436e-14,7.086363629566069e-18
509.31,-1.090245155271952e-14,6.709433723797871e-18
509.32,-1.0901637680588825e-14,6.717893894961949e-18
509.33,-1.0900558207240894e-14,6.7062907165899455e-18
509.34,-1.0900429821905536e-14,6.479123689095825e-18
509.35,-1.0898461816615347e-14,6.692191237891434e-18
509.36,-1.0897197133087224e-14,6.809233944740882e-18
509.37,-1.0896326530029669e-14,6.812960369991919e-18
509.38,-1.0895810149706952e-14,6.7040387710852635e-18
509.39,-1.089360807758255e-14,6.8088291682170384e-18
509.4,-1.0893450568701606e-14,6.857848068609366e-18
509.41,-1.0892464305498999e-14,6.577562093103026e-18
509.42,-1.089095807250959e-14,6.503188281961171e-18
509.43,-1.0891250530853319e-14,6.1529737010171516e-18
509.44,-1.0889041700677e-14,6.725558200453409e-18
509.45,-1.0888009840276111e-14,6.658751654094223e-18
509.46,-1.0887029766020353e-14,6.723167557583856e-18
509.47,-1.0886096301377336e-14,6.760112681298277e-18
509.48,-1.0884597583773703e-14,6.615138162574834e-18
509.49,-1.0883987413648594e-14,6.686153978036509e-18
509.5,-1.0881723279093016e-14,6.167641983041928e-18
509.51,-1.0882084239317115e-14,6.7703913517848035e-18
509.52,-1.0880164496524488e-14,8.043299187403595e-18
509.53,-1.0879743988967566e-14,6.647840431195133e-18
509.54,-1.0878773376833372e-14,6.6280380564887475e-18
509.55,-1.0877686972187543e-14,6.716586172699894e-18
509.56,-1.0876743617221185e-14,6.622369720681642e-18
509.57,-1.0874998969090383e-14,6.404834803450601e-18
509.58,-1.0875419052286019e-14,7.070062776559156e-18
509.59,-1.0873776192102984e-14,6.798468182587768e-18
509.6,-1.0872784404429456e-14,6.7242745664338054e-18
509.61,-1.0871946131868095e-14,8.893283208111684e-18
509.62,-1.0870910968030925e-14,6.804176503097435e-18
509.63,-1.0869497166669462e-14,6.709219627648526e-18
509.64,-1.0868358087401875e-14,6.6640016700273896e-18
509.65,-1.0867926024170597e-14,6.932911434720163e-18
509.66,-1.0865674409813819e-14,6.355968104541574e-18
509.67,-1.0865428487645365e-14,6.656166689677699e-18
509.68,-1.0864488375804373e-14,6.7411910399668394e-18
509.69,-1.0863514036727806e-14,6.7283794009751044e-18
509.7,-1.0860059328848474e-14,4.128264085934311e-18
509.71,-1.0861338851032001e-14,6.630353787020146e-18
509.72,-1.0860173187164238e-14,6.569827886131269e-18
509.73,-1.0859227282523532e-14,6.733184164825277e-18
509.74,-1.0858269276309062e-14,6.67836349054216e-18
509.75,-1.0856888709966436e-14,6.548644201847838e-18
509.76,-1.08563679842202e-14,6.821828873115326e-18
509.77,-1.085546467918418e-14,6.7922077516279166e-18
509.78,-1.0854183679718345e-14,6.648601966774522e-18
509.79,-1.0849383954330379e-14,4.8054477687483426e-18
509.8,-1.0852160916329037e-14,6.646646022159873e-18
509.81,-1.0851291061670525e-14,6.6667742872002194e-18
509.82,-1.085029364637892e-14,6.789646709245866e-18
509.83,-1.0849153382676288e-14,6.5813167795686904e-18
509.84,-1.0847473455358006e-14,6.33057323351054e-18
509.85,-1.0847063611228887e-14,6.664975118885862e-18
509.86,-1.0846508016324883e-14,6.967873296123567e-18
509.87,-1.0844950047476913e-14,6.678557995279943e-18
509.88,-1.0847003111297516e-14,7.196246756302614e-18
509.89,-1.0843288995253697e-14,6.807026840239657e-18
509.9,-1.0842010409822808e-14,6.751972539152055e-18
509.91,-1.0841341324210063e-14,6.889231078619987e-18
509.92,-1.0839263609542285e-14,6.406000265901941e-18
509.93,-1.0838418619910034e-14,6.384122388920391e-18
509.94,-1.0837947948435758e-14,6.745478975008957e-18
509.95,-1.0837147350129405e-14,6.8583618091086345e-18
509.96,-1.0836182607468872e-14,6.795457424401779e-18
509.97,-1.0836638228219792e-14,7.055543377255773e-18
509.98,-1.0834163956851935e-14,6.764042582634222e-18
509.99,-1.0832418942820823e-14,6.55055984621161e-18
510.0,-1.0832166840020524e-14,6.926591181707751e-18
510.01,-1.0830403316226982e-14,6.6047649460789796e-18
510.02,-1.0829084478176014e-14,6.4906746482783115e-18
510.03,-1.0828854636893361e-14,6.731450119495401e-18
510.04,-1.0827919586528025e-14,6.686434620963823e-18
510.05,-1.0826940280485673e-14,6.6604348636773794e-18
510.06,-1.0824453612526145e-14,6.627328933871049e-18
510.07,-1.0824622061388115e-14,6.8460479991479694e-18
510.08,-1.0824332130334568e-14,6.823418602493697e-18
510.09,-1.0822070628871447e-14,6.7901195251940544e-18
510.1,-1.0821710529804517e-14,6.796664578923018e-18
510.11,-1.0819170019649906e-14,6.316851721692859e-18
510.12,-1.0819610084441554e-14,6.6637227005017426e-18
510.13,-1.0818791084493137e-14,6.825797438475115e-18
510.14,-1.0816960111826083e-14,5.863549048225899e-18
510.15,-1.0817440408879997e-14,6.94059627785672e-18
510.16,-1.0815543636307406e-14,6.6696567473747456e-18
510.17,-1.0814392819932969e-14,7.470912356844242e-18
510.18,-1.0813060248260435e-14,6.540978248791e-18
510.19,-1.0812318287161774e-14,6.666834840024826e-18
510.2,-1.0810163304786189e-14,6.626973407568555e-18
510.21,-1.081021663032341e-14,6.579427634614981e-18
510.22,-1.0809519171102846e-14,6.81317896040498e-18
510.23,-1.0808264657400248e-14,6.5383684883822534e-18
510.24,-1.0807943060130539e-14,6.8718454307061854e-18
510.25,-1.0806364384021341e-14,6.773286518081993e-18
510.26,-1.0805617541108564e-14,6.819773542136546e-18
510.27,-1.080472234578856e-14,6.633719523581814e-18
510.28,-1.0803102740031854e-14,6.786858113924171e-18
510.29,-1.0801478945591347e-14,6.342650634838861e-18
510.3,-1.0801044224266512e-14,6.691124580520621e-18
510.31,-1.0800654845956682e-14,6.92161531521951e-18
510.32,-1.0798651994597218e-14,6.4379632556556695e-18
510.33,-1.079719651100063e-14,6.380466274449137e-18
510.34,-1.0797185388766139e-14,6.848544373988311e-18
510.35,-1.0796061681898128e-14,6.799840911982407e-18
510.36,-1.0795047723981662e-14,6.643118758629592e-18
510.37,-1.079399779673674e-14,6.7306905479841655e-18
510.38,-1.0793121794581343e-14,6.6782522561986725e-18
510.39,-1.0792167022105864e-14,6.597182463425523e-18
510.4,-1.0791320676899516e-14,7.032334626985237e-18
510.41,-1.078987031584781e-14,6.5685098339611205e-18
510.42,-1.0788329257491069e-14,6.584265710427552e-18
510.43,-1.0787946060876287e-14,6.72089941651053e-18
510.44,-1.0786762459991152e-14,6.571388890525388e-18
510.45,-1.0785920533793498e-14,6.6392599673198724e-18
510.46,-1.078499245690247e-14,6.732482231278581e-18
510.47,-1.0784050664939346e-14,6.707895828302721e-18
510.48,-1.0783022063237215e-14,6.776675223993754e-18
510.49,-1.0782207651205475e-14,7.11185079210218e-18
510.5,-1.0780749635961753e-14,6.711919661698763e-18
510.51,-1.078065328167124e-14,6.737510788674328e-18
510.52,-1.0778367882706204e-14,6.526980746092107e-18
510.53,-1.077758999554358e-14,6.874934072304896e-18
510.54,-1.0776497286555267e-14,6.565017864513883e-18
510.55,-1.0775745215841916e-14,6.739629975803674e-18
510.56,-1.0774867570778248e-14,6.490614369482938e-18
510.57,-1.0773591212901495e-14,6.621064549531026e-18
510.58,-1.0773397043274106e-14,7.256194797933052e-18
510.59,-1.0771729674599728e-14,6.659138639452834e-18
510.6,-1.0771093800421995e-14,6.925189383113784e-18
510.61,-1.0769655017920981e-14,6.778403819610885e-18
510.62,-1.076876430677261e-14,6.771478104193806e-18
510.63,-1.0767636686015644e-14,6.8654229727714644e-18
510.64,-1.0766435369359979e-14,6.5815014831043104e-18
510.65,-1.0765271794570886e-14,6.806392088220842e-18
510.66,-1.076437772415253e-14,6.613711540194062e-18
510.67,-1.0764560936688845e-14,7.511380654187843e-18
510.68,-1.0762921143437289e-14,6.765254982613412e-18
510.69,-1.0760551349271359e-14,6.338541025224643e-18
510.7,-1.0760575401785481e-14,6.651652214017717e-18
510.71,-1.075966030117637e-14,6.58432664009995e-18
510.72,-1.0758701240039536e-14,6.712679606437417e-18
510.73,-1.075772085024218e-14,6.558701777578485e-18
510.74,-1.0756220894077499e-14,6.655411139938749e-18
510.75,-1.0756329663317336e-14,6.507122338562383e-18
510.76,-1.0756554830977394e-14,7.574501636786776e-18
510.77,-1.0753401037345854e-14,6.738512760138272e-18
510.78,-1.0752742624370428e-14,6.862448344711103e-18
510.79,-1.075140245042308e-14,6.738017432191686e-18
510.8,-1.0750229638490849e-14,6.678377751186645e-18
510.81,-1.0749304461473921e-14,6.6159923996993156e-18
510.82,-1.0748400689956549e-14,6.7837346667293096e-18
510.83,-1.0747518209154654e-14,6.750631462602163e-18
510.84,-1.0746241050215548e-14,6.693846467661589e-18
510.85,-1.074809562751895e-14,6.969532436685155e-18
510.86,-1.074437114073082e-14,6.822002206675861e-18
510.87,-1.0743559367673785e-14,6.844740065719502e-18
510.88,-1.0741848174095899e-14,6.760024962454424e-18
510.89,-1.0741347368419893e-14,6.6534452780561095e-18
510.9,-1.0740272713538787e-14,6.695451479320454e-18
510.91,-1.0739136834093233e-14,6.746505986017408e-18
510.92,-1.0737458182408607e-14,6.549621021502837e-18
510.93,-1.0737178510835207e-14,6.625364238406375e-18
510.94,-1.0731864361336999e-14,5.1162325955578654e-18
510.95,-1.0735277657733407e-14,6.7256648705612665e-18
510.96,-1.0733775288795511e-14,6.562963631857167e-18
510.97,-1.0732855411770124e-14,6.6750446610313916e-18
510.98,-1.0732533436330334e-14,6.870139683716203e-18
510.99,-1.073102584352349e-14,6.691091810231666e-18
511.0,-1.0729255737106238e-14,6.485664528185424e-18
511.01,-1.0729496716747335e-14,7.002815598303805e-18
511.02,-1.0728407169083765e-14,6.772526477502223e-18
511.03,-1.0726013719781516e-14,5.9879672754891584e-18
511.04,-1.0726443632534066e-14,6.938566404641215e-18
511.05,-1.072457811896875e-14,6.522363769939373e-18
511.06,-1.0724225432272616e-14,6.80109199609496e-18
511.07,-1.0722773918557722e-14,6.931072625243616e-18
511.08,-1.0721934259750473e-14,6.6915024030473536e-18
511.09,-1.0720959255038933e-14,6.7319596275825695e-18
511.1,-1.0719110131824583e-14,6.575631574474662e-18
511.11,-1.0718970207945681e-14,6.693009238122233e-18
511.12,-1.0717335096375142e-14,6.24679928953453e-18
511.13,-1.071664763602009e-14,6.432475144589329e-18
511.14,-1.0715855672536903e-14,6.865882124909914e-18
511.15,-1.0715172531295402e-14,6.684282843774211e-18
511.16,-1.0713595365924961e-14,6.438649738706234e-18
511.17,-1.0712139386348496e-14,6.7015348147914416e-18
511.18,-1.071181584784228e-14,6.682644694259917e-18
511.19,-1.0710988983063482e-14,6.802118359912585e-18
511.2,-1.0709957385008688e-14,6.689506403610126e-18
511.21,-1.0708692762706715e-14,6.410117711580514e-18
511.22,-1.0707756971378975e-14,6.500378780243057e-18
511.23,-1.0706885148235586e-14,6.864352802323515e-18
511.24,-1.0705713499746859e-14,6.695207420315916e-18
511.25,-1.0704893786294516e-14,6.724741389810955e-18
511.26,-1.0704170921125176e-14,6.91680389850831e-18
511.27,-1.0702665820256832e-14,6.6367302859806e-18
511.28,-1.070023635147331e-14,6.686657753692808e-18
511.29,-1.0700950348061952e-14,6.767513027457188e-18
511.3,-1.0699597518220171e-14,6.58361001100338e-18
511.31,-1.0698722717179067e-14,6.644286717820969e-18
511.32,-1.0697656402666678e-14,6.637445067634358e-18
511.33,-1.0696932131828352e-14,6.822093266695017e-18
511.34,-1.0695967066737243e-14,6.761840546390206e-18
511.35,-1.0694301009962725e-14,6.6679855523245025e-18
511.36,-1.0693728459068764e-14,6.610465996026365e-18
511.37,-1.0692645135679503e-14,6.576655298926057e-18
511.38,-1.069250365033609e-14,6.985423104299859e-18
511.39,-1.0690860677939432e-14,6.744766859265335e-18
511.4,-1.068966915659539e-14,6.8996826123149285e-18
511.41,-1.0687925451952435e-14,6.50429876037797e-18
511.42,-1.0687619405929988e-14,6.5891732368853946e-18
511.43,-1.0686469490159236e-14,6.532520464834257e-18
511.44,-1.0685609416756877e-14,6.725286773281227e-18
511.45,-1.0684871569056188e-14,6.8797547566412816e-18
511.46,-1.0683425307471786e-14,6.504859991005471e-18
511.47,-1.0686139094175423e-14,6.90470054154977e-18
511.48,-1.0681110903827451e-14,6.594808284295429e-18
511.49,-1.0680828069418263e-14,6.7772583901906394e-18
511.5,-1.0680461990406573e-14,6.908167915507556e-18
511.51,-1.0678376404191637e-14,6.696254360088754e-18
511.52,-1.0676483216936158e-14,6.708900622603463e-18
511.53,-1.0676631664528884e-14,6.7803042164826474e-18
511.54,-1.0676211218427179e-14,7.014735202436358e-18
511.55,-1.067407840862131e-14,6.562292344231085e-18
511.56,-1.067348921428738e-14,6.8021791700798e-18
511.57,-1.0672319847603405e-14,6.533654948043936e-18
511.58,-1.0671472662707243e-14,6.694034793510837e-18
511.59,-1.067044666226278e-14,6.651595622801399e-18
511.6,-1.0669360548367823e-14,6.612514020469534e-18
511.61,-1.0668515195499854e-14,6.704150642153411e-18
511.62,-1.0667474026566476e-14,6.691571752519689e-18
511.63,-1.06667262394323e-14,6.886986734447918e-18
511.64,-1.0664574993863874e-14,6.691784712793841e-18
511.65,-1.0664027640924513e-14,6.671501160396927e-18
511.66,-1.0663551088695762e-14,6.71992431452447e-18
511.67,-1.0662392815015262e-14,6.687409011118963e-18
511.68,-1.0661482855197707e-14,6.696923822125904e-18
511.69,-1.0660832738677518e-14,7.139811047196766e-18
511.7,-1.065941393578638e-14,6.617729730549505e-18
511.71,-1.0658411275236404e-14,6.69133381062698e-18
511.72,-1.0657670714495446e-14,6.7094746010866414e-18
511.73,-1.0655700701621421e-14,6.688687255655643e-18
511.74,-1.0655145002396997e-14,6.66870219988497e-18
511.75,-1.0654763476093532e-14,6.583218420860975e-18
511.76,-1.0652945461044653e-14,6.680846335526518e-18
511.77,-1.065164251437527e-14,6.4696308162254406e-18
511.78,-1.0651477939187366e-14,6.763244379781226e-18
511.79,-1.0650521246535938e-14,6.69074163365383e-18
511.8,-1.0649231284194912e-14,6.776540845798254e-18
511.81,-1.0648310769410098e-14,6.661490616225057e-18
511.82,-1.064679640129414e-14,6.552689619143512e-18
511.83,-1.0646645359762687e-14,6.731172865236084e-18
511.84,-1.0645286019785203e-14,6.586250973816797e-18
511.85,-1.0644363183089294e-14,6.828548012125657e-18
511.86,-1.06434613577166e-14,6.714818129775026e-18
511.87,-1.0641963874983609e-14,6.592668808734214e-18
511.88,-1.0641026371788211e-14,6.670938586479841e-18
511.89,-1.0640293217571478e-14,6.754547738570134e-18
511.9,-1.0639366058144276e-14,6.80647216557887e-18
511.91,-1.0638045106473652e-14,6.6256437405874506e-18
511.92,-1.0637214510624733e-14,6.730260945978526e-18
511.93,-1.0636422117503466e-14,6.6677653851078764e-18
511.94,-1.0635159542213154e-14,6.681969693975475e-18
511.95,-1.0634359501658118e-14,6.657247948073771e-18
511.96,-1.0633476020542097e-14,6.871273004901731e-18
511.97,-1.0632256961726556e-14,6.7235119436732244e-18
511.98,-1.0631069022237234e-14,6.753093765136203e-18
511.99,-1.0630318702425499e-14,6.7601345162213245e-18
512.0,-1.0629269288341551e-14,6.743115671344073e-18
512.01,-1.0628221134499807e-14,6.7318320841224125e-18
512.02,-1.062748760091682e-14,6.7471545944497404e-18
512.03,-1.0626287127506438e-14,6.766132272685662e-18
512.04,-1.0625212511629375e-14,6.7548373388238586e-18
512.05,-1.062391157529518e-14,6.683929458362119e-18
512.06,-1.0623455452856834e-14,6.740095527706252e-18
512.07,-1.062210720026322e-14,6.833576926029289e-18
512.08,-1.062082724275184e-14,6.681228876911668e-18
512.09,-1.0620367586946673e-14,6.765184090204444e-18
512.1,-1.0619221951078675e-14,6.685952091360643e-18
512.11,-1.0618279980994246e-14,6.757527103919897e-18
512.12,-1.0617526110804388e-14,6.834588116144662e-18
512.13,-1.0616550259029819e-14,6.90658300020338e-18
512.14,-1.0615098418985637e-14,6.776475957677166e-18
512.15,-1.0614244022389372e-14,6.6820010666692704e-18
512.16,-1.0613162490636635e-14,6.7801615941081546e-18
512.17,-1.061249670835311e-14,6.886511218755572e-18
512.18,-1.0611039905560806e-14,6.771786412949148e-18
512.19,-1.0610828549089307e-14,6.8513682418682925e-18
512.2,-1.0609222274030022e-14,6.727826221988643e-18
512.21,-1.0607985046471062e-14,6.69116417343313e-18
512.22,-1.0607093359738276e-14,6.695026452411559e-18
512.23,-1.0606725493326519e-14,6.92038277688932e-18
512.24,-1.0605602295535047e-14,6.851630899710097e-18
512.25,-1.0603580480913011e-14,6.7480230729320005e-18
512.26,-1.060336671743476e-14,6.820785028200857e-18
512.27,-1.0602848817178066e-14,6.849761901072207e-18
512.28,-1.0600854772013581e-14,6.73212834901983e-18
512.29,-1.0600292776399416e-14,6.651219358153562e-18
512.3,-1.059931161754741e-14,6.743425411396947e-18
512.31,-1.0598004018747142e-14,6.645277717188688e-18
512.32,-1.0597308509798746e-14,6.73822056216905e-18
512.33,-1.0595929254413545e-14,6.827436517437585e-18
512.34,-1.0595176746331337e-14,6.739497385413591e-18
512.35,-1.059452796486694e-14,6.852410037421941e-18
512.36,-1.0594077371398089e-14,6.943207726543571e-18
512.37,-1.0592095397192498e-14,6.618645747278031e-18
512.38,-1.0591164216878289e-14,6.772179775954708e-18
512.39,-1.059004493884611e-14,6.758539335649147e-18
512.4,-1.0589139362110257e-14,6.8322729739565926e-18
512.41,-1.0588306224637115e-14,6.767717920226488e-18
512.42,-1.0586914741916442e-14,6.828297198033957e-18
512.43,-1.0586006915681405e-14,6.699086027697722e-18
512.44,-1.0585112014446964e-14,6.756027527492984e-18
512.45,-1.0584065240158292e-14,6.531742400727211e-18
512.46,-1.058416658015469e-14,6.973483292864679e-18
512.47,-1.0582199133454958e-14,6.7497469328395285e-18
512.48,-1.058219771837722e-14,6.943437437158977e-18
512.49,-1.0580195443756146e-14,6.771872238141081e-18
512.5,-1.0578561639135086e-14,6.545905876540402e-18
512.51,-1.0577933520802758e-14,6.692079196468337e-18
512.52,-1.0577196526225434e-14,6.8755443369188135e-18
512.53,-1.0572804127201539e-14,5.918493549361316e-18
512.54,-1.0574688953636228e-14,6.678820471313258e-18
512.55,-1.0573918561392432e-14,6.562786224160604e-18
512.56,-1.0573336975067344e-14,6.6072327745510466e-18
512.57,-1.0571929222076458e-14,6.6974512657982264e-18
512.58,-1.0571074203976433e-14,6.824801146387137e-18
512.59,-1.0570379887852073e-14,6.7216452963022505e-18
512.6,-1.0569359767449066e-14,6.820196050846472e-18
512.61,-1.0567748042259116e-14,6.515452916214321e-18
512.62,-1.0566517508588027e-14,6.0041313087218375e-18
512.63,-1.0565749850326837e-14,6.776249369270393e-18
512.64,-1.056472471144239e-14,6.629834839899643e-18
512.65,-1.0564477623140862e-14,6.889190433956561e-18
512.66,-1.0562594320380849e-14,6.751482967201667e-18
512.67,-1.0562130726934584e-14,6.738195467858191e-18
512.68,-1.0560983346426732e-14,6.67476406010039e-18
512.69,-1.0560035649103771e-14,6.798317475593942e-18
512.7,-1.0559055801129413e-14,6.888568986211655e-18
512.71,-1.05576949106112e-14,6.645980800762939e-18
512.72,-1.0558425457042007e-14,7.243642852291047e-18
512.73,-1.0556065804761943e-14,6.690760892978561e-18
512.74,-1.055526061253607e-14,6.724336260465425e-18
512.75,-1.0553911608502565e-14,6.712195600117496e-18
512.76,-1.0552999405420498e-14,6.741673920811909e-18
512.77,-1.0552415869244784e-14,6.82545132329618e-18
512.78,-1.0550694461914025e-14,6.666704627494934e-18
512.79,-1.0549282466035923e-14,6.639868965856861e-18
512.8,-1.0549142222751233e-14,6.787431591084594e-18
512.81,-1.0547562434607055e-14,6.639794622772802e-18
512.82,-1.0546833305083392e-14,6.67206057787641e-18
512.83,-1.0546315838464827e-14,6.776881327547032e-18
512.84,-1.0545029569231099e-14,6.755017065269815e-18
512.85,-1.0543653362636552e-14,6.626899967997645e-18
512.86,-1.054356009490757e-14,6.906319966303685e-18
512.87,-1.0541778318663403e-14,6.659838122797726e-18
512.88,-1.0539994251268396e-14,6.618958720322916e-18
512.89,-1.0539898999737866e-14,6.768317825113613e-18
512.9,-1.0538232799990519e-14,6.84556512801208e-18
512.91,-1.0537595199102458e-14,6.629844191994686e-18
512.92,-1.0537173802641312e-14,6.763585389808073e-18
512.93,-1.0537046558321285e-14,6.8806821386713235e-18
512.94,-1.0534735257377176e-14,6.667587536153817e-18
512.95,-1.0534505108623588e-14,7.02776227951761e-18
512.96,-1.053296298567427e-14,6.8074968046513735e-18
512.97,-1.0530294019283996e-14,6.4789132503777145e-18
512.98,-1.0530852503267332e-14,6.695390268246431e-18
512.99,-1.0530556856104342e-14,6.795049002755966e-18
513.0,-1.052939767466367e-14,6.712647308376593e-18
513.01,-1.052819651905794e-14,6.7771730314342425e-18
513.02,-1.0527051531910739e-14,6.693529420381941e-18
513.03,-1.0525904866679346e-14,6.723648647068963e-18
513.04,-1.0525742475368692e-14,6.940884331355966e-18
513.05,-1.0524200550408163e-14,6.680160568914619e-18
513.06,-1.0523452468273455e-14,6.3688002139053155e-18
513.07,-1.0521566082763439e-14,6.562626966506857e-18
513.08,-1.0521542501326697e-14,6.826972713582158e-18
513.09,-1.0520239059843855e-14,6.791223115359833e-18
513.1,-1.0519211343152536e-14,6.7360367300759485e-18
513.11,-1.0517934903712692e-14,6.666806588091516e-18
513.12,-1.0517102331344831e-14,6.831149842801158e-18
513.13,-1.051639198935063e-14,6.785942531080748e-18
513.14,-1.0515157802227822e-14,6.705096021545314e-18
513.15,-1.0516871129788177e-14,6.593328052831496e-18
513.16,-1.0513053702563208e-14,6.677517617595539e-18
513.17,-1.0511773947556863e-14,6.651997378684495e-18
513.18,-1.051133967857497e-14,6.924471332922548e-18
513.19,-1.0510190275966513e-14,6.761696488637035e-18
513.2,-1.0509026345575944e-14,6.740641703050572e-18
513.21,-1.0508017451799996e-14,6.75578674670219e-18
513.22,-1.0507570015292087e-14,6.794394335927654e-18
513.23,-1.0506310605583516e-14,6.7042595145005164e-18
513.24,-1.0506782017825355e-14,7.047055506297995e-18
513.25,-1.0503191298693227e-14,6.120548943505091e-18
513.26,-1.0503053250498144e-14,6.7204441406712445e-18
513.27,-1.0501813562466585e-14,6.547348669213042e-18
513.28,-1.0501247142404474e-14,6.683523059385114e-18
513.29,-1.0500427796720295e-14,6.899300315601086e-18
513.3,-1.0499221755108716e-14,6.819870558621759e-18
513.31,-1.0498829145988316e-14,6.961987804623827e-18
513.32,-1.049717884519295e-14,6.638925745128096e-18
513.33,-1.0497345939430282e-14,7.305409283711231e-18
513.34,-1.0495057364386667e-14,6.612909452747959e-18
513.35,-1.0493981737427047e-14,6.914921490539905e-18
513.36,-1.0493024773904403e-14,6.6569337556218416e-18
513.37,-1.0492312684538153e-14,6.8908786683524634e-18
513.38,-1.0491241697000991e-14,6.732334928224138e-18
513.39,-1.0490109239819957e-14,6.666126325629589e-18
513.4,-1.0489867442678897e-14,6.88530983352717e-18
513.41,-1.048830201457329e-14,6.70069140850286e-18
513.42,-1.0487831151174546e-14,7.032409586322399e-18
513.43,-1.0486127278425238e-14,6.6327181624467295e-18
513.44,-1.0485776122744838e-14,7.495727308756937e-18
513.45,-1.0484094845607401e-14,6.590548176089149e-18
513.46,-1.0483327785617518e-14,6.772228667561775e-18
513.47,-1.0482343454171576e-14,6.899047490952366e-18
513.48,-1.048058336577147e-14,6.406979108061185e-18
513.49,-1.0480638275150522e-14,6.58077569782418e-18
513.5,-1.0479342555592904e-14,6.652232892163458e-18
513.51,-1.0478506111196337e-14,6.937925826325165e-18
513.52,-1.0477120708611517e-14,6.618834951330738e-18
513.53,-1.0476191840132122e-14,6.631771975251143e-18
513.54,-1.0475253098887269e-14,6.669418346813842e-18
513.55,-1.0474578031062488e-14,6.770315150725941e-18
513.56,-1.0473419212625304e-14,6.7628873805798376e-18
513.57,-1.0472053787184096e-14,6.611122939081161e-18
513.58,-1.0471936324551901e-14,6.858589142653747e-18
513.59,-1.0470498840961098e-14,6.748946046040362e-18
513.6,-1.0469529488072915e-14,6.8371004124585925e-18
513.61,-1.046811714445863e-14,6.4059028934354435e-18
513.62,-1.0467072793739122e-14,6.578735875563692e-18
513.63,-1.0466382378631983e-14,6.717769347326536e-18
513.64,-1.0465415011760094e-14,6.694376761290585e-18
513.65,-1.0464135944262943e-14,6.709779815016527e-18
513.66,-1.0463074108841229e-14,6.896097744719952e-18
513.67,-1.0463283937225938e-14,6.994243445748978e-18
513.68,-1.0461479282884797e-14,6.812431936312473e-18
513.69,-1.0460380546373357e-14,6.7440570175101495e-18
513.7,-1.0459176293218188e-14,6.37051612413464e-18
513.71,-1.0458263796778427e-14,6.63690091462972e-18
513.72,-1.0457351756015862e-14,6.743259544129157e-18
513.73,-1.0456861628201456e-14,6.734580095339627e-18
513.74,-1.045553514357682e-14,6.830743910588814e-18
513.75,-1.0454170965864135e-14,6.527143921383083e-18
513.76,-1.0454248697163775e-14,6.95941588723734e-18
513.77,-1.0452999050804731e-14,6.726385504644762e-18
513.78,-1.0451522861949442e-14,6.60803874356231e-18
513.79,-1.0450345028551038e-14,6.450658079599539e-18
513.8,-1.045016533777812e-14,6.3891188782476594e-18
513.81,-1.0448257366454544e-14,6.6956615783160415e-18
513.82,-1.0447525385768162e-14,6.697706157350114e-18
513.83,-1.0447001530215384e-14,6.667630104847376e-18
513.84,-1.0444967283656185e-14,6.321105382609403e-18
513.85,-1.0445626801950418e-14,7.096188789901546e-18
513.86,-1.0444361623599886e-14,6.143623962112705e-18
513.87,-1.0442747508281026e-14,6.689750854009767e-18
513.88,-1.044147747606591e-14,6.479714164625882e-18
513.89,-1.0439261832538268e-14,5.8019809144424624e-18
513.9,-1.04396321125163e-14,6.731239464279056e-18
513.91,-1.0438810849703797e-14,6.572406758449443e-18
513.92,-1.0436950942462501e-14,6.262067827095894e-18
513.93,-1.043624209605554e-14,6.458374278842006e-18
513.94,-1.0437112876649168e-14,7.333928492087814e-18
513.95,-1.0434136646728514e-14,6.284992631080244e-18
513.96,-1.0433713023666572e-14,6.508328824433865e-18
513.97,-1.0432529988497573e-14,6.49198024597455e-18
513.98,-1.0430811967564111e-14,6.135715409752322e-18
513.99,-1.0430394823028206e-14,6.445123566425426e-18
514.0,-1.0429327589846872e-14,6.8588743226309894e-18
514.01,-1.04281165863741e-14,6.2984102481656946e-18
514.02,-1.0427853842218945e-14,6.569533140078555e-18
514.03,-1.042830552649038e-14,7.62433280063459e-18
514.04,-1.0425831745603122e-14,6.372183163425929e-18
514.05,-1.0424732206354279e-14,6.537683108031112e-18
514.06,-1.0423471605414368e-14,6.493711084379093e-18
514.07,-1.0422084854727899e-14,6.225909665835781e-18
514.08,-1.0421546952093734e-14,6.443915035241357e-18
514.09,-1.0420343913743013e-14,6.2726115330211164e-18
514.1,-1.0419552715422639e-14,6.546189208153282e-18
514.11,-1.0418792332151903e-14,6.5173481721581386e-18
514.12,-1.0418902464191972e-14,8.330658135830601e-18
514.13,-1.0416716680306674e-14,6.4724577120527385e-18
514.14,-1.0415709997825908e-14,6.667912015168117e-18
514.15,-1.0414715573145709e-14,6.433569935803507e-18
514.16,-1.0413310018355055e-14,6.22696899399429e-18
514.17,-1.041309514372098e-14,6.600914536983155e-18
514.18,-1.0411884194647257e-14,6.404960286063484e-18
514.19,-1.0410319522625884e-14,6.235728668116316e-18
514.2,-1.04095871005418e-14,6.359007369271748e-18
514.21,-1.0406859585352521e-14,8.246548565682631e-18
514.22,-1.0408085152558617e-14,6.527954645324831e-18
514.23,-1.0406870613423642e-14,6.522844004226836e-18
514.24,-1.0405338140561912e-14,6.4354831472116115e-18
514.25,-1.0404567891660613e-14,6.121103343544222e-18
514.26,-1.0404128339170268e-14,6.504478434229798e-18
514.27,-1.0402926329709725e-14,6.4131168262558735e-18
514.28,-1.0401822577266509e-14,6.3338953409717534e-18
514.29,-1.0400907327136306e-14,6.465455287144948e-18
514.3,-1.0396196103630955e-14,5.605831122634601e-18
514.31,-1.0398936049404957e-14,6.515543892866188e-18
514.32,-1.0397767834858092e-14,6.4322899424297765e-18
514.33,-1.0396347457234242e-14,6.3751967856551295e-18
514.34,-1.0395626537682193e-14,6.126768081623316e-18
514.35,-1.0394713467126395e-14,6.508225414240418e-18
514.36,-1.0394255908608203e-14,6.3775850409223985e-18
514.37,-1.0392750393758375e-14,6.245288897806402e-18
514.38,-1.0392065287681334e-14,6.452465285863347e-18
514.39,-1.0388647525316982e-14,4.9655071159807484e-18
514.4,-1.0390058663775191e-14,6.438162537111996e-18
514.41,-1.0389165171132628e-14,6.404238948311362e-18
514.42,-1.0388238183440064e-14,6.383917358182011e-18
514.43,-1.0386429014572444e-14,5.863493560235603e-18
514.44,-1.0386233632628319e-14,6.417039644762271e-18
514.45,-1.0384488824790939e-14,6.36047290709473e-18
514.46,-1.0383818425365017e-14,6.3039393397343136e-18
514.47,-1.0383660877588906e-14,6.337182521784747e-18
514.48,-1.0380714773327289e-14,4.8703791983375236e-18
514.49,-1.0381041661083946e-14,6.410280973990801e-18
514.5,-1.0383156443110775e-14,6.433431385458643e-18
514.51,-1.0379294218112485e-14,6.352316754825178e-18
514.52,-1.0377878512567109e-14,5.888464445115894e-18
514.53,-1.0377470541439837e-14,6.451843760839959e-18
514.54,-1.0376114045447914e-14,6.168273864829986e-18
514.55,-1.0375811078317076e-14,6.28511237955081e-18
514.56,-1.0374441629221515e-14,6.126740220558509e-18
514.57,-1.0372300550913547e-14,5.136804533869981e-18
514.58,-1.0371814490151909e-14,6.3400567961670035e-18
514.59,-1.0371775452370625e-14,6.646741139266395e-18
514.6,-1.037016449999761e-14,6.253401608856338e-18
514.61,-1.0368762671019244e-14,5.52825433815792e-18
514.62,-1.0368403819144855e-14,6.651479555459046e-18
514.63,-1.0367859649018362e-14,6.308178754685334e-18
514.64,-1.0366378720885362e-14,6.015283513046143e-18
514.65,-1.0365676080370369e-14,6.318830654039214e-18
514.66,-1.0364065527493664e-14,5.685163551118491e-18
514.67,-1.0364027383107972e-14,6.307995509369646e-18
514.68,-1.036269102673826e-14,6.420772626638272e-18
514.69,-1.0360254150869424e-14,6.24411943734558e-18
514.7,-1.0359491966863146e-14,5.2122767025884394e-18
514.71,-1.036060615698042e-14,6.238358111466205e-18
514.72,-1.03590445715685e-14,6.4091845434064516e-18
514.73,-1.0357566266320876e-14,6.179107536534834e-18
514.74,-1.0356556685108207e-14,6.205662076895744e-18
514.75,-1.0355571283880577e-14,5.951268921450374e-18
514.76,-1.0354773677100338e-14,6.291737999585465e-18
514.77,-1.0353711050726254e-14,6.233059774266179e-18
514.78,-1.0353009456183275e-14,6.309527845158574e-18
514.79,-1.0354126360035926e-14,7.340021816362048e-18
514.8,-1.035074927085405e-14,6.230099037111606e-18
514.81,-1.0350971080084642e-14,6.479025979079027e-18
514.82,-1.0349184279010352e-14,6.271015624161785e-18
514.83,-1.034790459012121e-14,6.296575707041665e-18
514.84,-1.0347165404565972e-14,6.043758973639899e-18
514.85,-1.0345957201350197e-14,6.20940037235851e-18
514.86,-1.0345126896197122e-14,6.2111539029901405e-18
514.87,-1.0344023923589361e-14,6.2395966480612914e-18
514.88,-1.0341954901122506e-14,7.293819434100014e-18
514.89,-1.0342023181533016e-14,6.032116620475416e-18
514.9,-1.0341411189892221e-14,6.298453182878842e-18
514.91,-1.0340087390784967e-14,6.1623036950720975e-18
514.92,-1.0339618147630826e-14,5.910105375938627e-18
514.93,-1.0338279614131188e-14,6.085856894324752e-18
514.94,-1.0337737485605807e-14,6.365052111579441e-18
514.95,-1.033638303212075e-14,6.0642036586482e-18
514.96,-1.0335199859242944e-14,6.2286076427249415e-18
514.97,-1.0334063700565354e-14,6.787796784964619e-18
514.98,-1.0332540182661387e-14,6.090780332974866e-18
514.99,-1.0333084815474556e-14,6.380851154989414e-18
515.0,-1.0331034083337947e-14,6.11060863691567e-18
515.01,-1.0330296890523283e-14,6.655559042790062e-18
515.02,-1.0329812614391403e-14,6.144184842222392e-18
515.03,-1.0328536143944587e-14,6.2814576337117424e-18
515.04,-1.0327601291883473e-14,6.3245878190252896e-18
515.05,-1.0326712545862182e-14,6.161853633621391e-18
515.06,-1.0325411706626753e-14,6.3892056539517495e-18
515.07,-1.0324662800443553e-14,6.357462379427685e-18
515.08,-1.032415259212461e-14,6.349128457868711e-18
515.09,-1.032223764474007e-14,6.1022755205273825e-18
515.1,-1.0321825637011733e-14,6.208817316615877e-18
515.11,-1.0320955190769198e-14,6.062930460514846e-18
515.12,-1.0319643033027205e-14,6.2449247716069314e-18
515.13,-1.0318889934215188e-14,6.2799412787705e-18
515.14,-1.0317760913951832e-14,6.195319603214815e-18
515.15,-1.0315928249719375e-14,6.116128958758962e-18
515.16,-1.0316271584936983e-14,6.3678246259995375e-18
515.17,-1.0314924578759967e-14,6.30290538182482e-18
515.18,-1.031396209559282e-14,5.9692088406497205e-18
515.19,-1.0312915846471464e-14,6.145480921632066e-18
515.2,-1.0312074688374257e-14,6.038898999185736e-18
515.21,-1.0311037010307231e-14,6.211568315232244e-18
515.22,-1.0311784179187028e-14,6.559065590451235e-18
515.23,-1.0308894924461115e-14,6.138959457719095e-18
515.24,-1.0308567712173146e-14,6.368295800931931e-18
515.25,-1.030740387807907e-14,6.31819379377917e-18
515.26,-1.0305953442817046e-14,6.2148161936840216e-18
515.27,-1.030424480214025e-14,5.920134681535367e-18
515.28,-1.0304356370759966e-14,6.17896027264623e-18
515.29,-1.0303574918095399e-14,6.226253798630774e-18
515.3,-1.0302315130672729e-14,6.177869680800031e-18
515.31,-1.030089350443297e-14,6.1277405716756904e-18
515.32,-1.0300428711710311e-14,5.714108871199006e-18
515.33,-1.0299254992313757e-14,6.151709174924912e-18
515.34,-1.0298155934015641e-14,6.1769459246381646e-18
515.35,-1.0297644770983264e-14,6.3480713382686464e-18
515.36,-1.0296511765158184e-14,6.0739661183570485e-18
515.37,-1.029548732665191e-14,6.1099636809777e-18
515.38,-1.0294699269637696e-14,6.1149971473342965e-18
515.39,-1.0293610738050164e-14,6.1374812296372615e-18
515.4,-1.0292595383477333e-14,6.204971256376473e-18
515.41,-1.0291842609320377e-14,6.1937853775918134e-18
515.42,-1.029053320378726e-14,6.1091548614831635e-18
515.43,-1.0289483850801233e-14,6.23617744519076e-18
515.44,-1.0288112163370132e-14,6.054402980978224e-18
515.45,-1.0288117155170091e-14,6.2157309897548295e-18
515.46,-1.0288490328414054e-14,6.545952909251116e-18
515.47,-1.0286152858869182e-14,6.268923927107874e-18
515.48,-1.0285118844299025e-14,6.185437850280698e-18
515.49,-1.028422344493447e-14,6.1619005167778374e-18
515.5,-1.0283303986283809e-14,6.2385790924107605e-18
515.51,-1.0281553537680393e-14,6.008719846393378e-18
515.52,-1.0281138030593627e-14,6.235404093754589e-18
515.53,-1.0280281975691923e-14,6.2478338980577466e-18
515.54,-1.0278195509403177e-14,5.664048531760913e-18
515.55,-1.027849963731921e-14,6.2444213003251616e-18
515.56,-1.0276943441224596e-14,6.188178600743547e-18
515.57,-1.027643767882964e-14,6.088334612006929e-18
515.58,-1.0276092625172676e-14,6.339498911882061e-18
515.59,-1.0274725763116598e-14,6.2133088177914204e-18
515.6,-1.0273409605274524e-14,6.0774532141256054e-18
515.61,-1.0272093152068566e-14,6.200057430274239e-18
515.62,-1.0271576607047633e-14,6.28408005304667e-18
515.63,-1.0268967757388037e-14,5.3775812877518824e-18
515.64,-1.0269473899148723e-14,6.119613893363034e-18
515.65,-1.0268822765053926e-14,6.188131563820037e-18
515.66,-1.0267497940480442e-14,6.155624523551105e-18
515.67,-1.0266349872751773e-14,6.129467854480184e-18
515.68,-1.0265627684173312e-14,5.891222315527044e-18
515.69,-1.0264155839934395e-14,5.892930938803677e-18
515.7,-1.0264227000026018e-14,6.238132774556136e-18
515.71,-1.026322440773598e-14,6.233717031042647e-18
515.72,-1.0261955066633514e-14,6.05506831789793e-18
515.73,-1.0260836200187053e-14,6.152684521516454e-18
515.74,-1.0260239154766992e-14,6.207136983845971e-18
515.75,-1.0259153796875175e-14,6.065062939543012e-18
515.76,-1.0258083781735121e-14,6.15833551429453e-18
515.77,-1.0257076318012351e-14,6.054298219267075e-18
515.78,-1.0255160293933452e-14,5.848315952392921e-18
515.79,-1.0255377041466684e-14,6.18915695948442e-18
515.8,-1.025371018438094e-14,6.047312366446596e-18
515.81,-1.0253255267342881e-14,6.0217725992501104e-18
515.82,-1.0252473596107497e-14,6.168345162720593e-18
515.83,-1.0251592807119425e-14,6.216369332129261e-18
515.84,-1.0250174724908184e-14,6.170843924110019e-18
515.85,-1.024921855737128e-14,5.990951654066479e-18
515.86,-1.0248200430329183e-14,5.969890963192849e-18
515.87,-1.0247031510680292e-14,5.900381962268671e-18
515.88,-1.024656982158961e-14,6.119526195583162e-18
515.89,-1.024556358978062e-14,6.248552357285171e-18
515.9,-1.0244821279229984e-14,6.0979940090780234e-18
515.91,-1.0243669846790965e-14,6.097402644911254e-18
515.92,-1.0243030418596204e-14,6.226938526788394e-18
515.93,-1.0241847953074802e-14,6.116870670515376e-18
515.94,-1.0240803525574055e-14,6.045208845126766e-18
515.95,-1.0240047582520546e-14,6.150907000063286e-18
515.96,-1.023857638426549e-14,6.016862933547489e-18
515.97,-1.0237721517493845e-14,6.02022561082917e-18
515.98,-1.0236854780348278e-14,6.1927636402143875e-18
515.99,-1.0236592192970758e-14,6.192613945476514e-18
516.0,-1.0234877014656332e-14,6.0316367295966725e-18
516.01,-1.0234997262007286e-14,6.407580270204695e-18
516.02,-1.0233135214019825e-14,6.091407465295907e-18
516.03,-1.0231990324396223e-14,5.99890156351363e-18
516.04,-1.0231103426425442e-14,6.2408728002205526e-18
516.05,-1.0230010159869627e-14,5.984783885568162e-18
516.06,-1.0229344770806035e-14,6.073902103239248e-18
516.07,-1.02282869833756e-14,6.1371939411883994e-18
516.08,-1.0227896865542298e-14,6.103671529406326e-18
516.09,-1.0226639691299824e-14,6.154019822487227e-18
516.1,-1.022592963961626e-14,6.281982118552936e-18
516.11,-1.0224125468446777e-14,5.910723668694079e-18
516.12,-1.0223743968558599e-14,6.061324705165791e-18
516.13,-1.0222858406437074e-14,6.096986956981781e-18
516.14,-1.0221484610088591e-14,5.931946810257726e-18
516.15,-1.0220803489165157e-14,6.175770256556219e-18
516.16,-1.0220468658656657e-14,6.611941245529588e-18
516.17,-1.0218947536386671e-14,6.052845823130396e-18
516.18,-1.0218480917329088e-14,6.1332581650751495e-18
516.19,-1.0217451161344737e-14,6.3432831635544465e-18
516.2,-1.0216347978312017e-14,6.170192102235685e-18
516.21,-1.0214506181784398e-14,5.880004926869412e-18
516.22,-1.02144806206083e-14,6.058560461912914e-18
516.23,-1.021309083771748e-14,5.994875780316991e-18
516.24,-1.0211974974119024e-14,5.96247241656922e-18
516.25,-1.021150592320373e-14,6.62296778753892e-18
516.26,-1.0210371401045828e-14,6.0699035081461245e-18
516.27,-1.0209459071049587e-14,6.0656850449119964e-18
516.28,-1.0208676491064547e-14,6.2068592941217515e-18
516.29,-1.0207162995345498e-14,5.907432125036864e-18
516.3,-1.0206144469691781e-14,6.020416511190623e-18
516.31,-1.0205430641092603e-14,6.056759972294503e-18
516.32,-1.0204353533835892e-14,5.915611892185254e-18
516.33,-1.020337605935674e-14,6.102033145193202e-18
516.34,-1.020263457481802e-14,6.133389651054362e-18
516.35,-1.020211154036201e-14,6.131596574904181e-18
516.36,-1.020093579735285e-14,6.148038543684324e-18
516.37,-1.0199832583903738e-14,6.2258976559435265e-18
516.38,-1.0198496762997813e-14,6.076483050326669e-18
516.39,-1.0198159082717478e-14,6.145957745397653e-18
516.4,-1.019697984627071e-14,6.051626792473184e-18
516.41,-1.0195713690508789e-14,6.0498203248968715e-18
516.42,-1.019504029950357e-14,6.146920779565508e-18
516.43,-1.0193895241944742e-14,6.066007553785792e-18
516.44,-1.0193932759500054e-14,6.353727502254139e-18
516.45,-1.0192428649377125e-14,6.1550105074421125e-18
516.46,-1.0191505865210043e-14,6.20640451917736e-18
516.47,-1.0192050297169725e-14,7.138866109621872e-18
516.48,-1.0189727301394175e-14,5.9998292354038024e-18
516.49,-1.018839918001535e-14,6.069744115024646e-18
516.5,-1.018712573322591e-14,6.0519379485522036e-18
516.51,-1.0186400946155742e-14,6.083704212832091e-18
516.52,-1.0185580580600452e-14,6.215277745009944e-18
516.53,-1.0185055421503849e-14,6.2532770762290115e-18
516.54,-1.0183801170400111e-14,6.0818998390155234e-18
516.55,-1.018288235804945e-14,6.168418915354926e-18
516.56,-1.0181756900670593e-14,6.1305215327523e-18
516.57,-1.018081930363358e-14,6.052482707870379e-18
516.58,-1.0179840832541119e-14,6.1006926502724935e-18
516.59,-1.0178545210706418e-14,5.867589156180516e-18
516.6,-1.01783652942228e-14,6.157088573993704e-18
516.61,-1.0176672227972596e-14,5.993452732230551e-18
516.62,-1.0176426879708374e-14,6.230342905618763e-18
516.63,-1.0175182588136323e-14,6.041527649772941e-18
516.64,-1.0174854232506636e-14,6.4929960359368456e-18
516.65,-1.0173009698811012e-14,6.089962004672557e-18
516.66,-1.0172291004769961e-14,6.15985362017922e-18
516.67,-1.0171459944566626e-14,6.129276685684619e-18
516.68,-1.0170060867694577e-14,5.945732367308119e-18
516.69,-1.0169588977007045e-14,6.101050845381422e-18
516.7,-1.0168369119575138e-14,6.055382382912772e-18
516.71,-1.0167958986027966e-14,6.223224046131269e-18
516.72,-1.016701672195085e-14,6.309624687602641e-18
516.73,-1.016618403581353e-14,6.435632802059572e-18
516.74,-1.0164475124862285e-14,6.055074221605298e-18
516.75,-1.0164063399438033e-14,6.2036458174630205e-18
516.76,-1.0162893720579007e-14,6.142016405924896e-18
516.77,-1.0161467963821231e-14,5.829288946525519e-18
516.78,-1.0162147188718832e-14,6.452386826350736e-18
516.79,-1.015976635768862e-14,6.102466174835205e-18
516.8,-1.0159092027456205e-14,5.981540153462372e-18
516.81,-1.0158579889262008e-14,5.87898439356182e-18
516.82,-1.0158300860047784e-14,6.574434010779072e-18
516.83,-1.0156177326665393e-14,6.093078702441201e-18
516.84,-1.0156242087131796e-14,6.288654311445265e-18
516.85,-1.0154542494876007e-14,6.1962498681469145e-18
516.86,-1.0152899164480962e-14,5.8482156878417865e-18
516.87,-1.0150762121462422e-14,5.739787164615515e-18
516.88,-1.0151100213621366e-14,6.0273896887603366e-18
516.89,-1.0150681833665086e-14,6.050728417355621e-18
516.9,-1.0149156643456688e-14,5.959142647808873e-18
516.91,-1.0153570590488506e-14,7.550487279410507e-18
516.92,-1.0147731933324108e-14,6.066287543598034e-18
516.93,-1.01465458024447e-14,6.0023891905552925e-18
516.94,-1.0145394206115004e-14,6.161653738018361e-18
516.95,-1.014441370932855e-14,5.774718393197467e-18
516.96,-1.0143691267537864e-14,6.084068634980501e-18
516.97,-1.0142621996573131e-14,5.944424198752961e-18
516.98,-1.0142273730835292e-14,6.028181002506588e-18
516.99,-1.0141174373106889e-14,6.142400700886492e-18
517.0,-1.0138766530449964e-14,6.945446052604523e-18
517.01,-1.0139125444777213e-14,6.160459914232657e-18
517.02,-1.0138228786689037e-14,6.1053321153848965e-18
517.03,-1.013734377061858e-14,6.093364855047781e-18
517.04,-1.0135767381946115e-14,5.807791238861521e-18
517.05,-1.0135470265781724e-14,6.078703178160952e-18
517.06,-1.0134196221774142e-14,5.9912569343479055e-18
517.07,-1.0133802504083177e-14,6.188519689793237e-18
517.08,-1.0132718645677198e-14,6.113386388368126e-18
517.09,-1.0128415904777086e-14,5.345735225211721e-18
517.1,-1.0130509015784709e-14,6.0583468681395236e-18
517.11,-1.0129919802536114e-14,6.245910588576993e-18
517.12,-1.0128831255135719e-14,5.974975151353189e-18
517.13,-1.0127149615710178e-14,5.594938102964877e-18
517.14,-1.012702686289238e-14,6.240552450964356e-18
517.15,-1.0125741232238524e-14,5.882643912235757e-18
517.16,-1.0125716312722375e-14,6.239100475449055e-18
517.17,-1.0124535196360034e-14,6.536347971787254e-18
517.18,-1.012195021077737e-14,5.384458643954023e-18
517.19,-1.0121796345373823e-14,6.2282844522667886e-18
517.2,-1.0121373318949151e-14,6.1494695450035145e-18
517.21,-1.0120183804366398e-14,6.1540606403689876e-18
517.22,-1.0118371165613863e-14,5.263631929774374e-18
517.23,-1.0118250056054119e-14,5.9651071610978734e-18
517.24,-1.0117657875878722e-14,5.985195141273925e-18
517.25,-1.0117223666509475e-14,6.115304891574939e-18
517.26,-1.011590945312354e-14,6.320833447137022e-18
517.27,-1.011383711318442e-14,5.717070632852972e-18
517.28,-1.0113803356250152e-14,6.126753597239854e-18
517.29,-1.0113703037386068e-14,5.816609769960181e-18
517.3,-1.0111817545425938e-14,6.225248792900319e-18
517.31,-1.0109182741654837e-14,4.895539829174353e-18
517.32,-1.011001019655371e-14,6.188574425075325e-18
517.33,-1.0108972691668289e-14,6.012789685631044e-18
517.34,-1.0108309237498841e-14,6.288406166686599e-18
517.35,-1.0107439282209791e-14,6.263670777644185e-18
517.36,-1.0105387804025669e-14,5.739722184602807e-18
517.37,-1.0105368340644146e-14,6.16258167696032e-18
517.38,-1.010469058140101e-14,6.182210151386336e-18
517.39,-1.010375169522148e-14,6.335782423037616e-18
517.4,-1.0100292692724428e-14,4.874928885108209e-18
517.41,-1.010167445595881e-14,6.291719014355793e-18
517.42,-1.0100279598671158e-14,5.93768204303149e-18
517.43,-1.0100234795341686e-14,6.2724865319835064e-18
517.44,-1.009876029771517e-14,6.249286783800342e-18
517.45,-1.0097239026295343e-14,5.97397082862233e-18
517.46,-1.009697033926435e-14,6.118098334376988e-18
517.47,-1.0095990088658834e-14,6.115747393426046e-18
517.48,-1.0095161281678798e-14,6.1770993649468685e-18
517.49,-1.0090697401135352e-14,4.923052397518828e-18
517.5,-1.0093053544303574e-14,6.264984173489611e-18
517.51,-1.0092118387525113e-14,6.078281676309332e-18
517.52,-1.0091750088846362e-14,6.366793436028841e-18
517.53,-1.0090500223380442e-14,6.332328672473055e-18
517.54,-1.0088972483494734e-14,5.960635623968885e-18
517.55,-1.0088166239542696e-14,6.1589230024254345e-18
517.56,-1.0087512684174314e-14,6.2277328661122635e-18
517.57,-1.0086727003021454e-14,6.295804518086476e-18
517.58,-1.0081681629586422e-14,5.721473233956083e-18
517.59,-1.0084594910998656e-14,6.220733371138451e-18
517.6,-1.0084537350200434e-14,6.085704324353426e-18
517.61,-1.0083023503080989e-14,6.267404950194644e-18
517.62,-1.0082048465968833e-14,6.331292089695275e-18
517.63,-1.0080548513963761e-14,6.072397634241897e-18
517.64,-1.0080034763408024e-14,6.19239137016959e-18
517.65,-1.0079355566924153e-14,6.287517786691476e-18
517.66,-1.007815228569467e-14,6.223183828540064e-18
517.67,-1.007530163925579e-14,7.780808476344122e-18
517.68,-1.0076154235101705e-14,6.105015049279315e-18
517.69,-1.0075185298425024e-14,6.122293270164255e-18
517.7,-1.007495438597362e-14,6.482781718151333e-18
517.71,-1.0073256238078203e-14,6.312435111791488e-18
517.72,-1.0071933269347848e-14,6.039016056601037e-18
517.73,-1.0071320575736182e-14,6.186572120398584e-18
517.74,-1.0070961804692716e-14,6.287562364395167e-18
517.75,-1.007008930045392e-14,6.237691949792892e-18
517.76,-1.0068656741056252e-14,7.509628972315525e-18
517.77,-1.0067694764185463e-14,6.103788701653237e-18
517.78,-1.0066746755081875e-14,5.997781737955116e-18
517.79,-1.0065464951347418e-14,6.3710561551156055e-18
517.8,-1.0064721590273891e-14,6.1800896032604955e-18
517.81,-1.0063575244616799e-14,5.862000274764189e-18
517.82,-1.006299452873283e-14,6.196566348278864e-18
517.83,-1.0062665685182873e-14,6.352257902374008e-18
517.84,-1.0061279214866418e-14,6.173651560283463e-18
517.85,-1.0060288381799886e-14,6.926415200618694e-18
517.86,-1.0058921120046073e-14,6.06236292500987e-18
517.87,-1.0058567927136127e-14,6.0188384001448414e-18
517.88,-1.0058596560686115e-14,6.5762440406695774e-18
517.89,-1.005644003201261e-14,6.385515618834859e-18
517.9,-1.0056102437812342e-14,5.764714270380307e-18
517.91,-1.0054882976903825e-14,6.289583066089902e-18
517.92,-1.0054207313391495e-14,6.492239959071763e-18
517.93,-1.0054463601481659e-14,7.009182374657075e-18
517.94,-1.0052361404824534e-14,7.098497685302652e-18
517.95,-1.0050901486489459e-14,6.222481092126555e-18
517.96,-1.0051342243543062e-14,6.3014065410574554e-18
517.97,-1.0049638696084026e-14,6.615854917199568e-18
517.98,-1.0047529274654556e-14,6.13100039551128e-18
517.99,-1.004810561249954e-14,6.9157866698760894e-18
518.0,-1.0046560109927101e-14,6.325111434319006e-18
518.01,-1.0045860060738373e-14,6.500892331166492e-18
518.02,-1.0044830200435183e-14,6.853220750568399e-18
518.03,-1.0043634771909545e-14,6.61678371186577e-18
518.04,-1.0042434929270748e-14,6.176813498547135e-18
518.05,-1.0041758116185316e-14,6.49109667041027e-18
518.06,-1.0041503307012027e-14,6.4956403465409705e-18
518.07,-1.0039528933673222e-14,6.316337455120658e-18
518.08,-1.0038952029767442e-14,6.6367782516940374e-18
518.09,-1.0037823473995945e-14,6.341848537913967e-18
518.1,-1.0037227495582388e-14,6.465165151602797e-18
518.11,-1.0036107137855025e-14,6.507069524841992e-18
518.12,-1.0035249212274172e-14,6.631298006181626e-18
518.13,-1.003263105057388e-14,5.910251884354375e-18
518.14,-1.0033167458754114e-14,6.282687272584903e-18
518.15,-1.0032698482137801e-14,6.532966094818241e-18
518.16,-1.0031226505645519e-14,6.342312488427363e-18
518.17,-1.003050675351408e-14,6.382942285948827e-18
518.18,-1.0030154653933773e-14,6.4712459754573106e-18
518.19,-1.0028848980144693e-14,6.521724369099879e-18
518.2,-1.0027527486445433e-14,6.450535476169603e-18
518.21,-1.0026689112559739e-14,6.589504614847267e-18
518.22,-1.0025655230951884e-14,6.108143408594623e-18
518.23,-1.0024798424627269e-14,6.3788216730373604e-18
518.24,-1.0024301325999759e-14,6.633765914894298e-18
518.25,-1.0022769947375256e-14,6.2843104519276654e-18
518.26,-1.0021844451271923e-14,6.4089957931179805e-18
518.27,-1.0021057088569057e-14,6.368748499066502e-18
518.28,-1.0020553826935511e-14,6.509612010053967e-18
518.29,-1.0019353086081289e-14,6.4925782387129426e-18
518.3,-1.0019103175497338e-14,6.791061501436473e-18
518.31,-1.0017402066363049e-14,6.026819822756213e-18
518.32,-1.0016407930408423e-14,6.410064793330116e-18
518.33,-1.001580113230629e-14,6.482271190304168e-18
518.34,-1.0014489835810198e-14,6.3212713636226924e-18
518.35,-1.0013221904542515e-14,6.411029017086317e-18
518.36,-1.0012703881787318e-14,6.341761417813783e-18
518.37,-1.0012202517885527e-14,6.697361037707597e-18
518.38,-1.0010597060985374e-14,6.2839890792911e-18
518.39,-1.0009594528808022e-14,6.467825992692871e-18
518.4,-1.000875130852259e-14,6.276697517273874e-18
518.41,-1.0008116287461245e-14,6.374580603115658e-18
518.42,-1.0007683821935625e-14,6.667979823283618e-18
518.43,-1.0006212438995805e-14,6.258448893974585e-18
518.44,-1.000240387284828e-14,5.3966679352292235e-18
518.45,-1.0004295009873126e-14,6.32105744520069e-18
518.46,-1.0003631113948215e-14,6.6940682071398606e-18
518.47,-1.0002031124777687e-14,6.351471774185011e-18
518.48,-1.0001414823438677e-14,6.409704458647284e-18
518.49,-9.999804057380989e-15,6.060627306365152e-18
518.5,-9.999914232884474e-15,6.490216985363342e-18
518.51,-9.999326792230337e-15,6.710229089727531e-18
518.52,-9.99831385771978e-15,6.519619713484653e-18
518.53,-9.996614756484365e-15,6.2538849848366165e-18
518.54,-9.997426925762658e-15,6.8745361758039544e-18
518.55,-9.99536138580976e-15,6.998096479219401e-18
518.56,-9.993712009301239e-15,6.235685812393099e-18
518.57,-9.992707445076571e-15,6.350918312809548e-18
518.58,-9.992176485956363e-15,6.276746003399301e-18
518.59,-9.991134164663119e-15,6.3067864646193826e-18
518.6,-9.991065352977528e-15,6.783585007668553e-18
518.61,-9.989026071373227e-15,6.1944576382421825e-18
518.62,-9.988577675486017e-15,6.415545901412563e-18
518.63,-9.987341312009026e-15,6.32038573800643e-18
518.64,-9.986412414003886e-15,7.259230430442945e-18
518.65,-9.985163330443387e-15,6.342431256632899e-18
518.66,-9.984587922103982e-15,6.4736407315958186e-18
518.67,-9.983597545791715e-15,6.148139453583186e-18
518.68,-9.98277440682297e-15,6.31358326531112e-18
518.69,-9.982528740735918e-15,6.710311075482266e-18
518.7,-9.981125082565626e-15,6.424057734097253e-18
518.71,-9.98081522236775e-15,6.835387480544579e-18
518.72,-9.979028649902694e-15,6.326248985678583e-18
518.73,-9.977043800050483e-15,6.64886901541969e-18
518.74,-9.9770700138793e-15,6.254961741859878e-18
518.75,-9.975407447520235e-15,6.16856308040275e-18
518.76,-9.975287101916866e-15,6.205687660812518e-18
518.77,-9.973962861731949e-15,6.2757702255227405e-18
518.78,-9.973855598911567e-15,6.574029889345048e-18
518.79,-9.972264871995436e-15,6.4271571220126395e-18
518.8,-9.971270313617938e-15,6.3858277485964164e-18
518.81,-9.970865524396724e-15,6.284414790779389e-18
518.82,-9.973414127554133e-15,6.194971577269474e-18
518.83,-9.968578749142351e-15,6.263237303552177e-18
518.84,-9.967614219142194e-15,6.421395477507634e-18
518.85,-9.967028739112247e-15,6.290504380936333e-18
518.86,-9.964653457919387e-15,6.3118928850221185e-18
518.87,-9.965643894658687e-15,6.695176977728547e-18
518.88,-9.96431225174659e-15,6.363063537458931e-18
518.89,-9.963782566065697e-15,6.195108329375669e-18
518.9,-9.962402073022564e-15,6.379907034170397e-18
518.91,-9.962251211369613e-15,6.6256324292294754e-18
518.92,-9.960339593065701e-15,6.2967299764813345e-18
518.93,-9.959345156544384e-15,6.366343777031827e-18
518.94,-9.958812765983409e-15,6.466301827227351e-18
518.95,-9.958391744311048e-15,6.4660117472414514e-18
518.96,-9.95708926814571e-15,6.551679056734782e-18
518.97,-9.955776631127051e-15,6.35101172050816e-18
518.98,-9.955333182525288e-15,6.3651253884310956e-18
518.99,-9.953914496110067e-15,6.38377943965785e-18
519.0,-9.953590886854152e-15,6.607188176309974e-18
519.01,-9.95210880308215e-15,6.296820923380327e-18
519.02,-9.950864972193589e-15,6.427260614882212e-18
519.03,-9.95027238821798e-15,6.40204126217444e-18
519.04,-9.949237080093593e-15,6.217520198558038e-18
519.05,-9.948577181835413e-15,6.614384593113429e-18
519.06,-9.947637979528708e-15,6.302567037411897e-18
519.07,-9.946487438797e-15,6.485421153891929e-18
519.08,-9.945640098693e-15,6.3492203997775224e-18
519.09,-9.945456105352155e-15,6.761353101375332e-18
519.1,-9.943308412332134e-15,6.172096431752762e-18
519.11,-9.94261157179809e-15,6.284254436745412e-18
519.12,-9.941757493431782e-15,6.394119842222812e-18
519.13,-9.941148660398182e-15,6.333061295911425e-18
519.14,-9.940469577550803e-15,6.572747865403516e-18
519.15,-9.939211151761862e-15,6.265742463784182e-18
519.16,-9.93854755098605e-15,6.496863253826473e-18
519.17,-9.936886374700725e-15,6.829850540207391e-18
519.18,-9.936139390199551e-15,6.508068085224547e-18
519.19,-9.935122323038018e-15,6.2479348659812955e-18
519.2,-9.934484751207193e-15,6.4317362194166275e-18
519.21,-9.934377813801626e-15,6.909032905662858e-18
519.22,-9.932150372121213e-15,6.38492364578738e-18
519.23,-9.931835439278769e-15,6.671189164885339e-18
519.24,-9.930494113957462e-15,6.33844379454507e-18
519.25,-9.930231229739472e-15,6.232785035638657e-18
519.26,-9.930750901177096e-15,7.4693033991776e-18
519.27,-9.927477964705593e-15,6.286635202582469e-18
519.28,-9.926834476731753e-15,6.284629321899948e-18
519.29,-9.926032832915213e-15,6.4443618517857396e-18
519.3,-9.925498835287788e-15,6.502173713578142e-18
519.31,-9.923657870072837e-15,5.9567916491952824e-18
519.32,-9.92360970833957e-15,6.606364092011468e-18
519.33,-9.922383834500357e-15,6.31663062427107e-18
519.34,-9.9212675631206e-15,6.379387414845589e-18
519.35,-9.920746133453497e-15,6.3193322369350575e-18
519.36,-9.91903248405078e-15,6.387104407015303e-18
519.37,-9.918709671401461e-15,6.36719180844411e-18
519.38,-9.917433669387838e-15,6.251240119723184e-18
519.39,-9.917004319271607e-15,6.353898939891793e-18
519.4,-9.915964445940539e-15,6.3051052493344824e-18
519.41,-9.915365461794794e-15,6.602946292923642e-18
519.42,-9.913487438660616e-15,6.254794104082175e-18
519.43,-9.912702314356745e-15,6.054640270348288e-18
519.44,-9.912133363755336e-15,6.318488914902401e-18
519.45,-9.910863965564214e-15,6.358869211671399e-18
519.46,-9.910111887784455e-15,6.447376680849421e-18
519.47,-9.908919062397237e-15,6.132213942292603e-18
519.48,-9.908558404740907e-15,6.3439808184141084e-18
519.49,-9.907278158764224e-15,6.222555819496624e-18
519.5,-9.907287502629437e-15,6.237344023506513e-18
519.51,-9.905667734972865e-15,6.297813017943426e-18
519.52,-9.904444232370804e-15,6.172135455279525e-18
519.53,-9.90375659295769e-15,6.282046035492837e-18
519.54,-9.902556735326603e-15,6.280980528742004e-18
519.55,-9.901551956440482e-15,6.103755163582163e-18
519.56,-9.900142260889746e-15,6.262788549121512e-18
519.57,-9.901140630364434e-15,6.942346186536762e-18
519.58,-9.899445208554737e-15,6.377514385483221e-18
519.59,-9.898320902280857e-15,6.50852606228905e-18
519.6,-9.897181507838712e-15,6.275026453708952e-18
519.61,-9.896572812692039e-15,6.363158086298732e-18
519.62,-9.895570378213874e-15,6.4670740301499414e-18
519.63,-9.893748514830899e-15,5.9755296580287255e-18
519.64,-9.89325269575231e-15,6.194527126736795e-18
519.65,-9.892446377857798e-15,6.1648220346422725e-18
519.66,-9.891902827664813e-15,6.255661832242382e-18
519.67,-9.890825589919895e-15,6.209788405123593e-18
519.68,-9.890340399497216e-15,6.512132320159593e-18
519.69,-9.888460760464987e-15,6.249390883839177e-18
519.7,-9.887865889167443e-15,6.238165485339344e-18
519.71,-9.887076725431771e-15,6.36581495050913e-18
519.72,-9.885968295604852e-15,6.219601571628099e-18
519.73,-9.88517399665405e-15,6.321093693679563e-18
519.74,-9.883903699678909e-15,6.2203740757656226e-18
519.75,-9.88379817660989e-15,6.358928273495251e-18
519.76,-9.882578248597583e-15,6.251448557297244e-18
519.77,-9.882062585621916e-15,6.4534033014190256e-18
519.78,-9.88044281849668e-15,6.195956133560254e-18
519.79,-9.879738340983187e-15,6.253043114902173e-18
519.8,-9.878882879079292e-15,6.255463028806783e-18
519.81,-9.877433039870342e-15,5.957432719618596e-18
519.82,-9.876726159728836e-15,6.1632735049961466e-18
519.83,-9.875589666946223e-15,6.104329346649259e-18
519.84,-9.875387085633439e-15,6.327608931606252e-18
519.85,-9.874230028903924e-15,6.271515326044094e-18
519.86,-9.873736063323516e-15,6.413735791347278e-18
519.87,-9.872085047380972e-15,6.075869722483267e-18
519.88,-9.871331929943522e-15,6.209442911595407e-18
519.89,-9.870511869762642e-15,6.261932771166795e-18
519.9,-9.868950725453662e-15,5.790446188743788e-18
519.91,-9.868494930703591e-15,6.252269673944081e-18
519.92,-9.867090634974243e-15,6.00692781501667e-18
519.93,-9.867111335770537e-15,6.2741968103624714e-18
519.94,-9.865891257957912e-15,6.29338972246603e-18
519.95,-9.865333361772937e-15,6.343622799189424e-18
519.96,-9.863966306759272e-15,6.309210537607106e-18
519.97,-9.862968168523389e-15,6.2018108913947316e-18
519.98,-9.862820843709737e-15,6.327493626845847e-18
519.99,-9.86066671400182e-15,5.898140496884601e-18
520.0,-9.85988603983287e-15,6.19330300925974e-18
520.01,-9.859129586072202e-15,5.9845896808275495e-18
520.02,-9.859182176793357e-15,6.1978225676584174e-18
520.03,-9.857504009679104e-15,6.301801633415881e-18
520.04,-9.85696464470917e-15,6.2696182817682615e-18
520.05,-9.85579237284712e-15,6.065532288754823e-18
520.06,-9.854666015257814e-15,6.284467071581052e-18
520.07,-9.853895403183594e-15,6.212437960132469e-18
520.08,-9.85249840834853e-15,5.935875782145495e-18
520.09,-9.851960755051213e-15,6.251661873289379e-18
520.1,-9.850871756262072e-15,5.778041752319946e-18
520.11,-9.850398904900459e-15,6.2933243999003264e-18
520.12,-9.848691372580343e-15,6.029048448853763e-18
520.13,-9.849402395332405e-15,6.577610146363636e-18
520.14,-9.84747995287764e-15,6.2147154852094796e-18
520.15,-9.84634909777326e-15,6.259509845639454e-18
520.16,-9.845715484741053e-15,6.353429601211971e-18
520.17,-9.84407015053114e-15,5.757234424543059e-18
520.18,-9.84338695044517e-15,5.99689986225413e-18
520.19,-9.842576829497867e-15,6.056700171914804e-18
520.2,-9.842072160018047e-15,6.2230167760283745e-18
520.21,-9.841185266075356e-15,6.0946038505414494e-18
520.22,-9.840419854976369e-15,6.371582789404445e-18
520.23,-9.839359853213064e-15,6.2135288795235785e-18
520.24,-9.838096181841565e-15,6.159196595106547e-18
520.25,-9.836850252541014e-15,6.448269573670892e-18
520.26,-9.836101250582394e-15,5.870622027729056e-18
520.27,-9.83533615955396e-15,6.292234428914977e-18
520.28,-9.834290624363469e-15,6.063145808127982e-18
520.29,-9.833859850649643e-15,6.195637291234446e-18
520.3,-9.8329084281263e-15,6.201207855412607e-18
520.31,-9.832264012418894e-15,6.3498223154191404e-18
520.32,-9.830613058645899e-15,6.059465250222891e-18
520.33,-9.829797703537722e-15,6.08484096270718e-18
520.34,-9.828851280856303e-15,5.889276879387101e-18
520.35,-9.828109301186056e-15,5.988496574371636e-18
520.36,-9.827073410880079e-15,6.084403927222529e-18
520.37,-9.826404972199074e-15,6.0871429214759346e-18
520.38,-9.825629440527089e-15,6.3051445862537936e-18
520.39,-9.824508222973272e-15,6.318500742327918e-18
520.4,-9.824153387356621e-15,6.354847455710515e-18
520.41,-9.823278306691165e-15,6.2562630188069454e-18
520.42,-9.821517081020115e-15,5.805411202233168e-18
520.43,-9.820493971037835e-15,5.935548800170702e-18
520.44,-9.819933382880196e-15,6.002677496953964e-18
520.45,-9.81891068071871e-15,6.1260238945857955e-18
520.46,-9.818278147868793e-15,5.851278309104359e-18
520.47,-9.817300326990893e-15,6.05991899839693e-18
520.48,-9.816040770832356e-15,6.0908547662390945e-18
520.49,-9.815489187598351e-15,6.142754400941804e-18
520.5,-9.81407885010014e-15,5.934456315199181e-18
520.51,-9.812741449323468e-15,6.0463218098174355e-18
520.52,-9.812365513319026e-15,5.989884736292197e-18
520.53,-9.811720014633874e-15,6.052028891764999e-18
520.54,-9.810088790807616e-15,5.921168311899952e-18
520.55,-9.809634584319256e-15,5.948111674069519e-18
520.56,-9.808842918798725e-15,6.206656257714542e-18
520.57,-9.807791449183526e-15,6.070468523510296e-18
520.58,-9.80756608008427e-15,5.99564947483276e-18
520.59,-9.805801634026422e-15,5.932817655409938e-18
520.6,-9.805209323962086e-15,6.027570582282509e-18
520.61,-9.804139798868186e-15,5.947062669894861e-18
520.62,-9.803481223721875e-15,5.9508513268356415e-18
520.63,-9.801962756525662e-15,5.841146301590545e-18
520.64,-9.801357465450548e-15,5.9705470759318304e-18
520.65,-9.800739915931359e-15,6.203454177492523e-18
520.66,-9.799056712594725e-15,5.758254347258492e-18
520.67,-9.798677841632017e-15,5.698632038113806e-18
520.68,-9.797865128000286e-15,5.941689479961165e-18
520.69,-9.7963191959596e-15,5.628983882473062e-18
520.7,-9.7958985564837e-15,5.979059768290258e-18
520.71,-9.795178196760666e-15,5.925837948400963e-18
520.72,-9.793692835167766e-15,5.645022996093583e-18
520.73,-9.79322938638998e-15,5.9379752695812514e-18
520.74,-9.792094825172083e-15,5.9696175993192336e-18
520.75,-9.790473005304468e-15,5.927706714380597e-18
520.76,-9.790551879544756e-15,5.391058264881086e-18
520.77,-9.789375016660076e-15,5.881084891130674e-18
520.78,-9.788637631655012e-15,6.227129562634032e-18
520.79,-9.78811518551021e-15,5.9942236027246714e-18
520.8,-9.787118385139937e-15,5.92796986771965e-18
520.81,-9.78580686171183e-15,6.050562732719132e-18
520.82,-9.785178871919293e-15,5.877403621345297e-18
520.83,-9.784161868728016e-15,6.093096648295046e-18
520.84,-9.782995467901583e-15,6.032155222788377e-18
520.85,-9.778272269317473e-15,4.3650672366432515e-18
520.86,-9.781365649150306e-15,5.750631536493755e-18
520.87,-9.780548484404947e-15,6.063686283822254e-18
520.88,-9.779594301535321e-15,6.0066722162416095e-18
520.89,-9.778784292721004e-15,5.984670662093675e-18
520.9,-9.776975255222591e-15,5.807995935340848e-18
520.91,-9.776373307473675e-15,5.744061890961538e-18
520.92,-9.776261707943943e-15,6.13649335840242e-18
520.93,-9.774672171646711e-15,5.896696878767192e-18
520.94,-9.776152887515865e-15,6.308289599805942e-18
520.95,-9.773013412727076e-15,5.890830508359806e-18
520.96,-9.772853045996258e-15,5.94912541700778e-18
520.97,-9.771252197295227e-15,5.7967895488614385e-18
520.98,-9.770907598843012e-15,6.098187705682998e-18
520.99,-9.768933148269959e-15,5.730458145362129e-18
521.0,-9.768138318749854e-15,5.725668434491266e-18
521.01,-9.767953375486116e-15,6.171531291518675e-18
521.02,-9.766699655604402e-15,5.904823643573821e-18
521.03,-9.767247606689216e-15,6.78495354138141e-18
521.04,-9.765899063462952e-15,6.104496033042623e-18
521.05,-9.764083905275519e-15,5.874844869144615e-18
521.06,-9.763387285723178e-15,5.9293280733016855e-18
521.07,-9.762998398518755e-15,6.144560353503774e-18
521.08,-9.761588646304854e-15,5.92418429487486e-18
521.09,-9.76028226055136e-15,5.772837294355502e-18
521.1,-9.759293313769096e-15,5.972288612205892e-18
521.11,-9.758536381117107e-15,5.8928229490373895e-18
521.12,-9.75850633940258e-15,6.5336627696761726e-18
521.13,-9.756758564857722e-15,5.887535803887631e-18
521.14,-9.755886616181432e-15,5.629652755903584e-18
521.15,-9.754941623496843e-15,5.760098959071997e-18
521.16,-9.75445660032165e-15,5.990043696417209e-18
521.17,-9.75313286460434e-15,5.842541504146865e-18
521.18,-9.751992797770945e-15,5.902345044495675e-18
521.19,-9.750984139447654e-15,5.940485372739775e-18
521.2,-9.74988791269208e-15,5.8074171141167116e-18
521.21,-9.75044627386556e-15,6.37474545351975e-18
521.22,-9.748542244453344e-15,5.746403183687481e-18
521.23,-9.745988353811655e-15,5.4115384383205695e-18
521.24,-9.74699849568063e-15,5.882115009882727e-18
521.25,-9.746213020393431e-15,5.9649844239116564e-18
521.26,-9.74450146230967e-15,5.661510113477134e-18
521.27,-9.743669991156746e-15,5.4457755739621035e-18
521.28,-9.743567826999166e-15,6.167905022668393e-18
521.29,-9.742381220928584e-15,6.006603743557498e-18
521.3,-9.741957724124407e-15,5.98578025865373e-18
521.31,-9.7403514533837e-15,5.850085264685965e-18
521.32,-9.739778547245167e-15,6.020712151277694e-18
521.33,-9.738779703191607e-15,5.8476987213937784e-18
521.34,-9.738053034252183e-15,6.015849995121665e-18
521.35,-9.73668471099167e-15,5.788162824731153e-18
521.36,-9.735705886108576e-15,5.719577830103621e-18
521.37,-9.734856190066985e-15,6.025201403873232e-18
521.38,-9.734081019232849e-15,5.929379181102888e-18
521.39,-9.733716929210238e-15,6.008270800226571e-18
521.4,-9.73275374434408e-15,5.957414749936123e-18
521.41,-9.731528545567025e-15,5.962421281253192e-18
521.42,-9.730091804925885e-15,5.630763826679032e-18
521.43,-9.730233603964244e-15,6.078371283539112e-18
521.44,-9.728567384673476e-15,5.769072789639014e-18
521.45,-9.727518188825801e-15,5.62703109855818e-18
521.46,-9.726624759342139e-15,5.93447625278411e-18
521.47,-9.725849422281197e-15,5.825640817672887e-18
521.48,-9.725722796582e-15,5.971262693101572e-18
521.49,-9.724342943570179e-15,5.879511990474606e-18
521.5,-9.723435849507349e-15,5.9808146462267946e-18
521.51,-9.721886796661351e-15,5.551598190961612e-18
521.52,-9.722399984342812e-15,6.2226665847057526e-18
521.53,-9.720352919105236e-15,5.7574810679664564e-18
521.54,-9.719692998417406e-15,5.7358782152268494e-18
521.55,-9.718246373646835e-15,5.934556095278745e-18
521.56,-9.717803433374909e-15,6.259384427008414e-18
521.57,-9.716990967317451e-15,5.698263946224899e-18
521.58,-9.71614964555363e-15,5.728704885336834e-18
521.59,-9.71498703484478e-15,5.899215047982417e-18
521.6,-9.714018008666121e-15,5.644203853207622e-18
521.61,-9.714001210624495e-15,6.136644589889382e-18
521.62,-9.71227323626889e-15,6.121914777342141e-18
521.63,-9.711313871854565e-15,5.465269752078847e-18
521.64,-9.709988564321247e-15,5.966786286375051e-18
521.65,-9.710548970810868e-15,6.570322699721762e-18
521.66,-9.70876778733531e-15,5.567902351803495e-18
521.67,-9.708038323028494e-15,5.760831620162233e-18
521.68,-9.708263531331768e-15,6.0663685598830294e-18
521.69,-9.70554196236408e-15,5.4186696681576995e-18
521.7,-9.705695235139488e-15,6.130257301431091e-18
521.71,-9.70523409625672e-15,6.432664262016413e-18
521.72,-9.703418665597999e-15,5.641029885633337e-18
521.73,-9.70138518561461e-15,6.130103006188044e-18
521.74,-9.702909865472296e-15,5.760099642071592e-18
521.75,-9.700860175464448e-15,5.815903081812126e-18
521.76,-9.699841336514419e-15,5.739154265700458e-18
521.77,-9.699074812993202e-15,5.529986417625912e-18
521.78,-9.697563478750559e-15,5.530395879832403e-18
521.79,-9.696981421361413e-15,5.548896192431817e-18
521.8,-9.696173325706831e-15,5.485417895724975e-18
521.81,-9.69517190205477e-15,5.665831211783109e-18
521.82,-9.692049817860246e-15,5.721739463261746e-18
521.83,-9.69365863986063e-15,5.547109561859923e-18
521.84,-9.69260932293772e-15,5.738799303912664e-18
521.85,-9.691479029002816e-15,5.614577360306236e-18
521.86,-9.69064502939303e-15,5.46517103573034e-18
521.87,-9.689492046627343e-15,5.554612577813336e-18
521.88,-9.689752837213027e-15,6.045239924767919e-18
521.89,-9.68794768436196e-15,5.766718924480866e-18
521.9,-9.68692354229673e-15,5.548344030177403e-18
521.91,-9.681668665071559e-15,3.9182818308808804e-18
521.92,-9.68544892204098e-15,5.729962064838984e-18
521.93,-9.68415994403402e-15,5.437902251110497e-18
521.94,-9.683416678713667e-15,5.547973619539101e-18
521.95,-9.682458668805102e-15,5.492537042209214e-18
521.96,-9.681605029002472e-15,5.439584666581557e-18
521.97,-9.68154601165574e-15,6.043396466207393e-18
521.98,-9.67998585434068e-15,5.689686667750214e-18
521.99,-9.679076926264311e-15,5.5614563669814264e-18
522.0,-9.675137100494014e-15,2.9017295810042394e-18
522.01,-9.677539519020138e-15,5.81658159951815e-18
522.02,-9.676433041630761e-15,5.631160757396429e-18
522.03,-9.675180740520357e-15,5.3993430071450846e-18
522.04,-9.674352221187943e-15,5.511264352909839e-18
522.05,-9.673587138039543e-15,5.646203307401088e-18
522.06,-9.673271361088061e-15,6.034274135098593e-18
522.07,-9.673215037167874e-15,6.250288387434512e-18
522.08,-9.670864369552634e-15,5.5978926378301486e-18
522.09,-9.669755676748492e-15,3.441104400520721e-18
522.1,-9.669268066161773e-15,5.597526266473566e-18
522.11,-9.667964223950904e-15,5.431636498138288e-18
522.12,-9.666965126789909e-15,5.4374542054828036e-18
522.13,-9.666088339890885e-15,5.3472203246275644e-18
522.14,-9.665402276847684e-15,5.405531834194175e-18
522.15,-9.6649004352614e-15,5.9884096106715124e-18
522.16,-9.663909280185571e-15,5.60402664007523e-18
522.17,-9.663074583576279e-15,5.591894188624125e-18
522.18,-9.662978260902274e-15,4.99460075124001e-18
522.19,-9.661176830326855e-15,5.569980309875583e-18
522.2,-9.660055033930619e-15,5.4640252146516905e-18
522.21,-9.659499345967e-15,5.5015943074695825e-18
522.22,-9.658012533074738e-15,5.357647528568344e-18
522.23,-9.657338086300119e-15,5.527059012773646e-18
522.24,-9.656265813111798e-15,5.539831870737703e-18
522.25,-9.655942170941304e-15,5.6291405397783156e-18
522.26,-9.655116340017466e-15,5.8107252381880935e-18
522.27,-9.655357396744835e-15,5.6261126014142036e-18
522.28,-9.65317792631874e-15,5.7949476772744294e-18
522.29,-9.653520165960501e-15,6.5967080545137464e-18
522.3,-9.651416019117835e-15,5.666182040817765e-18
522.31,-9.650502824805879e-15,5.4363670417337415e-18
522.32,-9.649418698969502e-15,5.646594513751171e-18
522.33,-9.648650234017333e-15,5.9101474685862065e-18
522.34,-9.64783050960224e-15,5.7296940009592844e-18
522.35,-9.646614638081453e-15,5.449415679132841e-18
522.36,-9.647054475332077e-15,5.735351233316493e-18
522.37,-9.645130653798575e-15,5.385485653382676e-18
522.38,-9.643747308547554e-15,5.542573460435646e-18
522.39,-9.643520389495253e-15,5.677815076264282e-18
522.4,-9.642838308750964e-15,5.596512611279952e-18
522.41,-9.64084578895022e-15,5.40984091990907e-18
522.42,-9.640781008644065e-15,5.9689102417973456e-18
522.43,-9.640169351975342e-15,5.913613995541557e-18
522.44,-9.639042026008597e-15,5.570276165736814e-18
522.45,-9.639076062419766e-15,5.997777506596216e-18
522.46,-9.637067100780841e-15,5.660832460710844e-18
522.47,-9.635850061474509e-15,5.51564086278335e-18
522.48,-9.634426436856366e-15,5.099121814959347e-18
522.49,-9.635076122825616e-15,5.635151791145592e-18
522.5,-9.633529989788208e-15,6.1252592080816436e-18
522.51,-9.632236897730291e-15,5.6490633721531884e-18
522.52,-9.632031220999627e-15,5.732774311457166e-18
522.53,-9.630834278253355e-15,5.526458862820264e-18
522.54,-9.630547114061182e-15,5.854185109235912e-18
522.55,-9.628880288031646e-15,5.566249828359991e-18
522.56,-9.627737426648276e-15,5.4720262569958055e-18
522.57,-9.627329275470303e-15,5.639640442430286e-18
522.58,-9.628068672260941e-15,5.657514324731662e-18
522.59,-9.62591386789074e-15,5.6592204357993956e-18
522.6,-9.62434582714791e-15,5.730802294810832e-18
522.61,-9.62385291454013e-15,5.6820800938921845e-18
522.62,-9.622963491989047e-15,5.717769339331902e-18
522.63,-9.622623152273114e-15,6.052901670195749e-18
522.64,-9.62087480300648e-15,5.500916443273579e-18
522.65,-9.620081937169187e-15,5.624104110641096e-18
522.66,-9.619538325613137e-15,5.723184118516936e-18
522.67,-9.614589922878123e-15,4.724029231155663e-18
522.68,-9.617946569615672e-15,5.807089403854764e-18
522.69,-9.616512338085442e-15,5.828497669641234e-18
522.7,-9.61602546638264e-15,5.7891940898739336e-18
522.71,-9.615067552529518e-15,5.9234659491296356e-18
522.72,-9.614634790798714e-15,6.007433347409012e-18
522.73,-9.613574375812494e-15,5.561398087157881e-18
522.74,-9.612602815355218e-15,5.804963936499384e-18
522.75,-9.611140317257479e-15,5.656025739424383e-18
522.76,-9.608839807336238e-15,4.865354259766682e-18
522.77,-9.608670601571694e-15,5.792722980794247e-18
522.78,-9.608326399276095e-15,5.638057683617024e-18
522.79,-9.607876473308918e-15,5.669710391446959e-18
522.8,-9.606439576605265e-15,5.566627410099087e-18
522.81,-9.60649758742913e-15,5.9454809692175355e-18
522.82,-9.605091950338868e-15,5.570453984575961e-18
522.83,-9.60328145655367e-15,5.4008775055466456e-18
522.84,-9.60334256028617e-15,5.669942061539227e-18
522.85,-9.60169542021756e-15,5.162949279147669e-18
522.86,-9.601647348012268e-15,5.656045909766306e-18
522.87,-9.600058289703116e-15,5.4715481439664544e-18
522.88,-9.599800144808253e-15,5.633809020130051e-18
522.89,-9.599481193194612e-15,5.864728450556784e-18
522.9,-9.598657690018436e-15,5.941244847751646e-18
522.91,-9.597612083529528e-15,5.8916280262384594e-18
522.92,-9.596227368117341e-15,5.558139407623076e-18
522.93,-9.595653076765845e-15,5.691178745399773e-18
522.94,-9.594365805312363e-15,5.391995956808439e-18
522.95,-9.593669751480632e-15,5.7232321112186004e-18
522.96,-9.592236997860683e-15,5.582421441334702e-18
522.97,-9.591896946604654e-15,5.687682481533341e-18
522.98,-9.591250733363169e-15,5.8670593622944766e-18
522.99,-9.590979487715637e-15,6.0130560475739655e-18
523.0,-9.589202808874382e-15,5.77701288583804e-18
523.01,-9.588434439163663e-15,5.959303799377842e-18
523.02,-9.587613626171098e-15,5.704392525811286e-18
523.03,-9.586791710897759e-15,5.585618183812202e-18
523.04,-9.58572458256239e-15,5.721927609375991e-18
523.05,-9.583956535243048e-15,5.33732956447173e-18
523.06,-9.583623088322561e-15,5.4938930718161535e-18
523.07,-9.583250518988736e-15,5.848498410705607e-18
523.08,-9.58260712549758e-15,5.954316828600437e-18
523.09,-9.58143760605682e-15,5.768388685238542e-18
523.1,-9.580174265398912e-15,5.59332447508445e-18
523.11,-9.579903571507234e-15,5.7493982237989504e-18
523.12,-9.5787931384246e-15,5.725892162409374e-18
523.13,-9.577838814348684e-15,5.5887528912848836e-18
523.14,-9.57608600656166e-15,5.393728595656786e-18
523.15,-9.576047737563954e-15,5.763039536153338e-18
523.16,-9.575168784908052e-15,5.703142317433757e-18
523.17,-9.574864852603177e-15,5.9235494288472476e-18
523.18,-9.573094771899353e-15,5.6962799535203286e-18
523.19,-9.572027787453819e-15,5.688879937802625e-18
523.2,-9.571721011535455e-15,5.158203692117524e-18
523.21,-9.57083527429115e-15,5.709940015977698e-18
523.22,-9.569674913823348e-15,5.6305450145675675e-18
523.23,-9.568370640713064e-15,5.329331251114504e-18
523.24,-9.56826350084156e-15,5.730918526518064e-18
523.25,-9.567115024561835e-15,5.9428262119318695e-18
523.26,-9.566484291953244e-15,5.872431860802985e-18
523.27,-9.565388330674662e-15,5.772409493320266e-18
523.28,-9.564614986288605e-15,5.7111166994751934e-18
523.29,-9.563324381565395e-15,5.76218708946727e-18
523.3,-9.563071965873083e-15,5.738995773985731e-18
523.31,-9.561555723602024e-15,5.511388312333572e-18
523.32,-9.560350381759736e-15,5.4635007257293494e-18
523.33,-9.559881578678114e-15,5.687213629431488e-18
523.34,-9.559177241423842e-15,5.798985779543076e-18
523.35,-9.558961975675131e-15,5.941431613648514e-18
523.36,-9.557192607789749e-15,5.712469046571597e-18
523.37,-9.556381957675806e-15,5.740286986035919e-18
523.38,-9.556151487720856e-15,5.892867352963234e-18
523.39,-9.555459748683114e-15,5.885113583477066e-18
523.4,-9.55372080645718e-15,5.71678094939652e-18
523.41,-9.552506514662058e-15,5.4381151779455784e-18
523.42,-9.552687439258081e-15,5.949126975347448e-18
523.43,-9.551264231442942e-15,5.631400476035965e-18
523.44,-9.550353351525668e-15,5.812217928272909e-18
523.45,-9.549121840066673e-15,5.566085566562527e-18
523.46,-9.54857903916479e-15,5.682662174372482e-18
523.47,-9.547980536180937e-15,5.6497062822519715e-18
523.48,-9.547159643110358e-15,5.824272030665655e-18
523.49,-9.546150751964773e-15,5.73956704337761e-18
523.5,-9.545339576403895e-15,5.546260847184746e-18
523.51,-9.544340178350246e-15,5.932836750962214e-18
523.52,-9.54358168680987e-15,5.884459769081748e-18
523.53,-9.542972965983044e-15,5.944120092788492e-18
523.54,-9.542146196549831e-15,5.714340655563373e-18
523.55,-9.540931523047194e-15,5.7465704759336076e-18
523.56,-9.539925521937247e-15,5.7687705394113015e-18
523.57,-9.538876957603797e-15,5.749195739959213e-18
523.58,-9.538331941621537e-15,5.68382742539411e-18
523.59,-9.536982759598967e-15,5.489785826107241e-18
523.6,-9.536446630857986e-15,5.9777379089371335e-18
523.61,-9.535653439441054e-15,5.871636820311836e-18
523.62,-9.534814854046395e-15,5.8130258493886424e-18
523.63,-9.533594850895181e-15,5.648885767508401e-18
523.64,-9.533217044247004e-15,5.925222402651976e-18
523.65,-9.53203096725387e-15,5.8698284862034785e-18
523.66,-9.530711366238641e-15,5.758372118611111e-18
523.67,-9.530262223395006e-15,5.766908700157366e-18
523.68,-9.529181260745132e-15,5.657456732054682e-18
523.69,-9.52862004889459e-15,6.0144123499594626e-18
523.7,-9.527864271314453e-15,5.858909106277618e-18
523.71,-9.52667193680489e-15,5.832996328357635e-18
523.72,-9.525695004749063e-15,5.6820983495182056e-18
523.73,-9.525007539333915e-15,5.795010918850428e-18
523.74,-9.52424637042881e-15,5.870322549257986e-18
523.75,-9.522963533043714e-15,5.728541874344911e-18
523.76,-9.522300639687497e-15,5.747503299612838e-18
523.77,-9.521424396673636e-15,5.639453130515528e-18
523.78,-9.520698735587793e-15,6.012763730329949e-18
523.79,-9.519874675617657e-15,5.877163767698806e-18
523.8,-9.518757452260743e-15,5.93635809215667e-18
523.81,-9.518083323739185e-15,5.740616132071493e-18
523.82,-9.517073931196595e-15,5.8203331883278845e-18
523.83,-9.51625923587919e-15,5.8568967427598936e-18
523.84,-9.51535184164192e-15,5.904010292163701e-18
523.85,-9.514368592458597e-15,5.769171125914308e-18
523.86,-9.513556268754334e-15,5.709107213034018e-18
523.87,-9.512598927618226e-15,6.134218263253131e-18
523.88,-9.511960623859337e-15,5.9599376330070704e-18
523.89,-9.511065190047145e-15,5.873282012206251e-18
523.9,-9.510170690558384e-15,5.757341622764423e-18
523.91,-9.509104168640557e-15,5.857611900850036e-18
523.92,-9.508512996364025e-15,5.9481860785517926e-18
523.93,-9.507309844940273e-15,5.736535331072117e-18
523.94,-9.506601204274893e-15,5.860644508670947e-18
523.95,-9.505786669282821e-15,5.643699664335251e-18
523.96,-9.504377779903837e-15,5.873569900188681e-18
523.97,-9.504055707283789e-15,5.937238262991667e-18
523.98,-9.503369591926083e-15,5.878968882835867e-18
523.99,-9.501787351211456e-15,5.934082425383587e-18
524.0,-9.501608015658753e-15,5.904694283740223e-18
524.01,-9.500829278995636e-15,6.0692123238782264e-18
524.02,-9.499567921020451e-15,5.697309679149374e-18
524.03,-9.499035674714042e-15,5.869107263250054e-18
524.04,-9.497191852690306e-15,5.578135755399192e-18
524.05,-9.497121857778088e-15,6.041118122531408e-18
524.06,-9.496292428176777e-15,5.9945229237424806e-18
524.07,-9.49468924628594e-15,5.578779019767811e-18
524.08,-9.49455396168468e-15,5.871915607634044e-18
524.09,-9.49361315838901e-15,5.9542555046366395e-18
524.1,-9.492895067727546e-15,5.962911798581393e-18
524.11,-9.491875500607398e-15,5.7411735624934636e-18
524.12,-9.49068196555938e-15,5.808483959615208e-18
524.13,-9.490096399596816e-15,6.027178439325787e-18
524.14,-9.489174895560549e-15,6.2352120864150915e-18
524.15,-9.488409162060672e-15,6.076997210789064e-18
524.16,-9.48709129254052e-15,5.6476132342069584e-18
524.17,-9.487026349619376e-15,5.874777297209005e-18
524.18,-9.485670436705841e-15,5.904888288274276e-18
524.19,-9.484892884323998e-15,5.954291578679417e-18
524.2,-9.484011724753616e-15,5.824400999894048e-18
524.21,-9.483647701274756e-15,6.086783737149783e-18
524.22,-9.482236724576339e-15,5.901725465389213e-18
524.23,-9.480998061854607e-15,5.9567077863765115e-18
524.24,-9.480439756861925e-15,5.9456047337994415e-18
524.25,-9.478955001921692e-15,5.6874218226633655e-18
524.26,-9.47702086331438e-15,5.233027508363935e-18
524.27,-9.47791473724976e-15,6.0449405023797e-18
524.28,-9.47683295920843e-15,5.8066223795798915e-18
524.29,-9.47596932336286e-15,5.741737840947414e-18
524.3,-9.474884049884423e-15,5.751674036900878e-18
524.31,-9.473900343754362e-15,5.61607052591043e-18
524.32,-9.473449482235719e-15,6.1264507219384945e-18
524.33,-9.472483963290589e-15,6.0367890433462074e-18
524.34,-9.471302756785995e-15,5.7343150408477045e-18
524.35,-9.470327999140737e-15,5.5422765177058914e-18
524.36,-9.46947122118088e-15,5.701466552914801e-18
524.37,-9.468796707710323e-15,5.6875895962214655e-18
524.38,-9.467651674953808e-15,5.641691679591382e-18
524.39,-9.46724974375309e-15,5.801026422245636e-18
524.4,-9.466055578820411e-15,5.839112200570686e-18
524.41,-9.465557186220412e-15,6.004687594777196e-18
524.42,-9.464667487299362e-15,5.915613691312559e-18
524.43,-9.462799338443039e-15,5.654047779970665e-18
524.44,-9.462745010166042e-15,5.816942423411949e-18
524.45,-9.462855623163683e-15,6.282701342271233e-18
524.46,-9.461084954864203e-15,5.831988555873233e-18
524.47,-9.46024248726325e-15,5.709003219104989e-18
524.48,-9.459538566662725e-15,5.831828671829339e-18
524.49,-9.458519057333981e-15,5.928092387222785e-18
524.5,-9.457569775782138e-15,6.08942564198394e-18
524.51,-9.456445288614212e-15,5.925483946472468e-18
524.52,-9.455027057074614e-15,5.715771954148001e-18
524.53,-9.455278554394718e-15,5.8051176082485834e-18
524.54,-9.454314203422867e-15,5.963195693787424e-18
524.55,-9.45318182280993e-15,5.865408643902523e-18
524.56,-9.45281374468186e-15,5.909974810323748e-18
524.57,-9.451745589851945e-15,5.899508822064042e-18
524.58,-9.450680872027783e-15,5.896230943763454e-18
524.59,-9.450019705976356e-15,6.095706802731893e-18
524.6,-9.449390811064274e-15,6.161250608171258e-18
524.61,-9.446782023289999e-15,5.7715495604952316e-18
524.62,-9.447203311764015e-15,6.015978445386219e-18
524.63,-9.44677769946641e-15,6.353288336147776e-18
524.64,-9.445517877349502e-15,6.049439342772939e-18
524.65,-9.444583332886363e-15,5.806312472068365e-18
524.66,-9.443060611975783e-15,5.637986220374163e-18
524.67,-9.442596188518276e-15,5.809250480397184e-18
524.68,-9.442145747965309e-15,6.248634396753058e-18
524.69,-9.44134854776763e-15,6.2078426672421175e-18
524.7,-9.43748556798768e-15,5.972205239914585e-18
524.71,-9.439334186185965e-15,5.99285430820714e-18
524.72,-9.43954448746713e-15,5.955061660459086e-18
524.73,-9.437637499762663e-15,5.715370755341387e-18
524.74,-9.436783511465379e-15,5.875013676680899e-18
524.75,-9.436134713728875e-15,5.889436894554278e-18
524.76,-9.435075222185423e-15,5.905826068045013e-18
524.77,-9.434539188161002e-15,6.344910290287309e-18
524.78,-9.433379120282432e-15,5.982162669414431e-18
524.79,-9.431861962087064e-15,4.849517971024919e-18
524.8,-9.431562119720709e-15,5.8680822150097134e-18
524.81,-9.431143015000323e-15,6.0728603841412695e-18
524.82,-9.42973996475694e-15,5.9706756947082346e-18
524.83,-9.428872414684928e-15,5.839918142198772e-18
524.84,-9.428585411615888e-15,6.1986241664201536e-18
524.85,-9.427318989147627e-15,5.915321053632727e-18
524.86,-9.42610026792583e-15,6.084889025973181e-18
524.87,-9.42569627805164e-15,6.013202680793802e-18
524.88,-9.424002434660325e-15,4.857788993955842e-18
524.89,-9.423774623133455e-15,5.959728933186443e-18
524.9,-9.422895918719256e-15,6.005650988085933e-18
524.91,-9.422325075972034e-15,6.1097775796494435e-18
524.92,-9.42144570724385e-15,6.0203322376242156e-18
524.93,-9.41984235611289e-15,5.77981175340518e-18
524.94,-9.419428339728494e-15,5.938293957745045e-18
524.95,-9.418384294069017e-15,6.123476633116054e-18
524.96,-9.417725097027353e-15,6.39648106621449e-18
524.97,-9.416424924732603e-15,5.256521828163718e-18
524.98,-9.415243218759146e-15,5.394564155875622e-18
524.99,-9.415170379990647e-15,6.031042939320029e-18
525.0,-9.413909225370033e-15,5.698307463883728e-18
525.01,-9.413453134404434e-15,5.76856097544084e-18
525.02,-9.412469048871784e-15,5.927181436381768e-18
525.03,-9.411816320635397e-15,6.0256765035519465e-18
525.04,-9.410719479012727e-15,6.392984760746695e-18
525.05,-9.409718061656298e-15,5.9789411483224916e-18
525.06,-9.408490025087022e-15,5.4585781965166294e-18
525.07,-9.40788557128884e-15,5.8063203905455475e-18
525.08,-9.407302099340366e-15,6.0745835805333865e-18
525.09,-9.406183750103644e-15,5.579294671296786e-18
525.1,-9.405972836936732e-15,5.8590633817731835e-18
525.11,-9.404669150325493e-15,5.9726054376554865e-18
525.12,-9.403868683145058e-15,5.877606761788826e-18
525.13,-9.402716170403419e-15,6.170754604930184e-18
525.14,-9.401952926862558e-15,6.0080617623290426e-18
525.15,-9.40033450548297e-15,5.666444826623256e-18
525.16,-9.400605809183358e-15,5.923323796218627e-18
525.17,-9.398488061173652e-15,5.8341604134878965e-18
525.18,-9.39838004061551e-15,5.902654870910873e-18
525.19,-9.398497252269708e-15,5.6499587330150225e-18
525.2,-9.397140252191962e-15,6.1424423543829736e-18
525.21,-9.39635641488208e-15,6.1542028459399496e-18
525.22,-9.394566103560072e-15,5.8705648724588134e-18
525.23,-9.393886392947071e-15,5.801522464787789e-18
525.24,-9.39332279004186e-15,5.8514685997952024e-18
525.25,-9.392363663500574e-15,5.942403946510927e-18
525.26,-9.391099432062364e-15,5.780476811753732e-18
525.27,-9.390699454374243e-15,5.992688620246491e-18
525.28,-9.390888286254836e-15,4.894858908068059e-18
525.29,-9.388804326051296e-15,5.8165546452577396e-18
525.3,-9.3884748582534e-15,5.859374468867664e-18
525.31,-9.387501768769091e-15,6.249116874881134e-18
525.32,-9.385933885978737e-15,5.6223149702958256e-18
525.33,-9.385201871348407e-15,5.6901901011168166e-18
525.34,-9.384256481365535e-15,5.6218301027223675e-18
525.35,-9.38310641456867e-15,5.5960975921977126e-18
525.36,-9.382794109208814e-15,5.9586720176436964e-18
525.37,-9.382334286962978e-15,4.122905486362234e-18
525.38,-9.380914327307496e-15,5.8416367602028966e-18
525.39,-9.381334301590765e-15,6.3937595226797175e-18
525.4,-9.3795910309227e-15,6.169733919040377e-18
525.41,-9.377864327387695e-15,5.6781546733916695e-18
525.42,-9.377673020885826e-15,5.901501022348939e-18
525.43,-9.376769297754e-15,5.870631865464061e-18
525.44,-9.375153555354222e-15,5.476889508528232e-18
525.45,-9.375262789897539e-15,6.003645157298718e-18
525.46,-9.373702850971204e-15,3.42963341051297e-18
525.47,-9.372860543164509e-15,5.657754672888026e-18
525.48,-9.372898566867281e-15,5.9382313116050126e-18
525.49,-9.371821957774253e-15,6.296363523452456e-18
525.5,-9.370849920453717e-15,5.619424427888119e-18
525.51,-9.369725428024797e-15,5.8879497828206e-18
525.52,-9.368877578910741e-15,5.772174933513057e-18
525.53,-9.367774736187702e-15,5.63300648474522e-18
525.54,-9.36779034448465e-15,6.1233799221902214e-18
525.55,-9.362379982678746e-15,3.8031054591288844e-18
525.56,-9.36599414919907e-15,5.84840030883293e-18
525.57,-9.365092219649456e-15,5.883714107170584e-18
525.58,-9.363977271275723e-15,6.1301902323980346e-18
525.59,-9.36270158413334e-15,5.617293763308015e-18
525.6,-9.362188857211791e-15,5.923480118869877e-18
525.61,-9.361198192326931e-15,5.812541627294562e-18
525.62,-9.360324791119563e-15,5.6551761608626715e-18
525.63,-9.359808887955528e-15,5.885382880685785e-18
525.64,-9.355101686600562e-15,4.735452326968776e-18
525.65,-9.357846608584806e-15,5.655026573682752e-18
525.66,-9.358474275490738e-15,6.355124094769927e-18
525.67,-9.355979956769858e-15,6.519308501454432e-18
525.68,-9.354970783972515e-15,5.677122736307884e-18
525.69,-9.355127126488153e-15,6.013066437909356e-18
525.7,-9.35353563882527e-15,5.863408890929646e-18
525.71,-9.352356485292653e-15,5.8016990661946415e-18
525.72,-9.35274283992826e-15,6.585438176915985e-18
525.73,-9.348380208178912e-15,5.3531455060657755e-18
525.74,-9.35018361099123e-15,5.837350173255585e-18
525.75,-9.348907000658253e-15,6.5462205471447065e-18
525.76,-9.348308667798172e-15,6.101666312535429e-18
525.77,-9.347192632865816e-15,5.650282552233018e-18
525.78,-9.346040073419014e-15,6.054592094192511e-18
525.79,-9.345849298186562e-15,5.97928950576224e-18
525.8,-9.34504695781523e-15,5.85491618348428e-18
525.81,-9.342744879637926e-15,5.7102810707984185e-18
525.82,-9.341359742590393e-15,5.48818553699299e-18
525.83,-9.342467400800232e-15,5.869988651188223e-18
525.84,-9.340805364464648e-15,5.786353866865648e-18
525.85,-9.3405222247815e-15,6.113811751774122e-18
525.86,-9.339557508543624e-15,5.6966410407138934e-18
525.87,-9.33847382325515e-15,5.819951310458147e-18
525.88,-9.33778339052957e-15,5.827833706619711e-18
525.89,-9.337477009146423e-15,5.810831782438662e-18
525.9,-9.335687789990267e-15,5.534796238213927e-18
525.91,-9.334366321942724e-15,5.557643273979203e-18
525.92,-9.334605393061254e-15,5.588026415106166e-18
525.93,-9.333635865844797e-15,5.752183188611813e-18
525.94,-9.333127972495055e-15,6.211340092260519e-18
525.95,-9.331663564316014e-15,5.815786679618294e-18
525.96,-9.331038840746547e-15,5.682207598383977e-18
525.97,-9.330462462349712e-15,6.0107786257104635e-18
525.98,-9.329798391939801e-15,5.974121647255257e-18
525.99,-9.327922467962222e-15,5.594501560903988e-18
526.0,-9.326259921915679e-15,5.446050170868526e-18
526.01,-9.327225157539465e-15,6.020234873056711e-18
526.02,-9.3257378318767e-15,5.68690159340465e-18
526.03,-9.324973493805819e-15,5.988340241188396e-18
526.04,-9.324247889875247e-15,5.769385148471368e-18
526.05,-9.323666046370796e-15,5.871034236678712e-18
526.06,-9.322262606972593e-15,5.840111998758356e-18
526.07,-9.322165234202248e-15,6.014690083819305e-18
526.08,-9.320595270324766e-15,5.7342824058948294e-18
526.09,-9.319154307876187e-15,5.501868918857492e-18
526.1,-9.319421266477179e-15,5.967807690941571e-18
526.11,-9.318031064014497e-15,5.745835840621721e-18
526.12,-9.317847027024869e-15,6.36322659742461e-18
526.13,-9.316244347639002e-15,5.654976771058492e-18
526.14,-9.316215441816388e-15,5.86952979657851e-18
526.15,-9.314523626349737e-15,5.784133978107555e-18
526.16,-9.313979643614345e-15,5.825333508930057e-18
526.17,-9.312602668501491e-15,5.577685048205808e-18
526.18,-9.311527520721115e-15,5.485105282545046e-18
526.19,-9.311509075321788e-15,5.926341284215002e-18
526.2,-9.310157764412393e-15,5.595396534715166e-18
526.21,-9.309573494029626e-15,6.1586185831342436e-18
526.22,-9.308772835754119e-15,5.6434445298564156e-18
526.23,-9.307819753624964e-15,5.3265464263771176e-18
526.24,-9.306896798249843e-15,5.832536723343587e-18
526.25,-9.305732254537224e-15,5.803442265009255e-18
526.26,-9.304807125074437e-15,5.380952168269443e-18
526.27,-9.304330335318145e-15,5.416287598328548e-18
526.28,-9.303343037916348e-15,5.706397370804175e-18
526.29,-9.302486253742564e-15,5.84327398566666e-18
526.3,-9.301775100607026e-15,6.007201128073431e-18
526.31,-9.301033915732896e-15,5.882223763744938e-18
526.32,-9.300065187980861e-15,5.771300679550417e-18
526.33,-9.299316861868179e-15,5.8522073507457416e-18
526.34,-9.297730162664047e-15,5.565306898050869e-18
526.35,-9.297323268401223e-15,5.5964883351072936e-18
526.36,-9.296056669450765e-15,5.384596183326521e-18
526.37,-9.29578551800794e-15,5.799788008644453e-18
526.38,-9.295066070785927e-15,5.816952574144551e-18
526.39,-9.294144715335908e-15,6.0253100945434984e-18
526.4,-9.293340574328168e-15,5.7152002550509035e-18
526.41,-9.292598618592265e-15,5.754210830625096e-18
526.42,-9.291588525402546e-15,5.774377873401874e-18
526.43,-9.288220893206966e-15,4.763564463637449e-18
526.44,-9.289789009001814e-15,5.624527234682577e-18
526.45,-9.288367183373667e-15,5.472311242509714e-18
526.46,-9.288102049485873e-15,5.685996753224616e-18
526.47,-9.287118333012804e-15,5.740156136057292e-18
526.48,-9.28663468234116e-15,6.079783724067854e-18
526.49,-9.285423865295754e-15,5.7155375004506e-18
526.5,-9.283991976623527e-15,5.680618812309931e-18
526.51,-9.283802735737847e-15,5.738524052443021e-18
526.52,-9.279683618890194e-15,5.339195216569587e-18
526.53,-9.28246697097092e-15,5.675129969006941e-18
526.54,-9.280996753070813e-15,5.461250545386304e-18
526.55,-9.280524235739315e-15,5.760142240814236e-18
526.56,-9.27943512731531e-15,5.5817782147495995e-18
526.57,-9.279032591500655e-15,6.134661507675405e-18
526.58,-9.27771207200869e-15,5.711406717322348e-18
526.59,-9.276733507905321e-15,5.382367679926662e-18
526.6,-9.275835126630229e-15,5.6634870360563715e-18
526.61,-9.276394205530964e-15,6.909085558112141e-18
526.62,-9.274402610917154e-15,5.595517557293303e-18
526.63,-9.272956506441618e-15,5.407997110699079e-18
526.64,-9.272880310222732e-15,5.7041695956914705e-18
526.65,-9.271461259865095e-15,5.33665404311705e-18
526.66,-9.271354518436177e-15,6.1039198428414054e-18
526.67,-9.269940754223679e-15,5.6218140738224745e-18
526.68,-9.269920694631957e-15,6.0273995888315614e-18
526.69,-9.267847419450485e-15,5.4838877960093154e-18
526.7,-9.268575292463954e-15,6.9004381766011906e-18
526.71,-9.267969768529158e-15,5.905352945220947e-18
526.72,-9.265450316661233e-15,5.4028626683553785e-18
526.73,-9.265163141801734e-15,5.803653876925301e-18
526.74,-9.264535183555136e-15,5.982718905969433e-18
526.75,-9.263745762746739e-15,6.012634199219853e-18
526.76,-9.26221601533828e-15,5.5192314252231544e-18
526.77,-9.261662121947931e-15,5.742744712420015e-18
526.78,-9.26049873858264e-15,5.547200848152316e-18
526.79,-9.2595206585135e-15,5.851906406221571e-18
526.8,-9.258981208217526e-15,5.645499238559111e-18
526.81,-9.257605498705027e-15,5.3887551584873865e-18
526.82,-9.257431494425988e-15,5.8011780921267105e-18
526.83,-9.256871782483632e-15,5.674695563886957e-18
526.84,-9.255723802999878e-15,6.005660788893146e-18
526.85,-9.254866031695838e-15,5.482641901271863e-18
526.86,-9.253503739112685e-15,5.334286759412893e-18
526.87,-9.253105358075401e-15,5.634825177132223e-18
526.88,-9.251637573368064e-15,5.594148583343236e-18
526.89,-9.250833114709034e-15,5.357860595478902e-18
526.9,-9.250036822502905e-15,5.452840851157188e-18
526.91,-9.249415745068585e-15,5.602075192275014e-18
526.92,-9.248817850339844e-15,5.631814065729597e-18
526.93,-9.24851648935654e-15,6.017655801815564e-18
526.94,-9.247253546903389e-15,5.662707176244918e-18
526.95,-9.24619198154785e-15,5.507198225277332e-18
526.96,-9.245341874867366e-15,5.63339699733333e-18
526.97,-9.244126295766246e-15,5.561641740680778e-18
526.98,-9.243503697794729e-15,5.586997022156375e-18
526.99,-9.242142728834248e-15,5.470243931226989e-18
527.0,-9.241643368624461e-15,5.574110162568284e-18
527.01,-9.241014412580229e-15,5.467369486226484e-18
527.02,-9.240619021603006e-15,5.745024553481773e-18
527.03,-9.239522052084582e-15,5.492552809454964e-18
527.04,-9.23899088653525e-15,5.720142528981473e-18
527.05,-9.23687129930295e-15,5.352295914371988e-18
527.06,-9.236348818889154e-15,5.381918930498693e-18
527.07,-9.235660392605742e-15,5.326800290829528e-18
527.08,-9.234999469174651e-15,5.315002517210446e-18
527.09,-9.234227733528578e-15,5.555279084277692e-18
527.1,-9.233429519493766e-15,5.5511274232881335e-18
527.11,-9.23287243621832e-15,5.837993942501506e-18
527.12,-9.23180528304773e-15,5.51246312093856e-18
527.13,-9.230982327381039e-15,5.540801006416875e-18
527.14,-9.229941610961484e-15,5.448264082721917e-18
527.15,-9.22859501437306e-15,5.28072550755099e-18
527.16,-9.228564246115476e-15,5.596167070950233e-18
527.17,-9.22734097312187e-15,5.335660390872532e-18
527.18,-9.226577140823246e-15,5.60610728025039e-18
527.19,-9.226312111083935e-15,5.7779678602683874e-18
527.2,-9.225547161342154e-15,5.807593918198559e-18
527.21,-9.224724046385426e-15,5.790609020955169e-18
527.22,-9.223271519961703e-15,5.354987112970693e-18
527.23,-9.222503650219194e-15,5.644000859092937e-18
527.24,-9.220984667283507e-15,5.272639413474465e-18
527.25,-9.220362279046053e-15,5.329446696740283e-18
527.26,-9.2200170171274e-15,5.465012356348704e-18
527.27,-9.218939656663201e-15,5.630136949725851e-18
527.28,-9.218325848587356e-15,5.538868392679354e-18
527.29,-9.218409492290694e-15,6.113151819740376e-18
527.3,-9.21655026100515e-15,5.4753948340189e-18
527.31,-9.215685617213317e-15,5.530226525422503e-18
527.32,-9.214533510683187e-15,5.385250969034679e-18
527.33,-9.213800465291144e-15,5.3463716112688865e-18
527.34,-9.213193957989648e-15,5.4583335333707764e-18
527.35,-9.212236488670786e-15,5.477301176199392e-18
527.36,-9.210954524795829e-15,5.361756827488837e-18
527.37,-9.210427843965596e-15,5.517351492272555e-18
527.38,-9.20975650024666e-15,5.395435162562241e-18
527.39,-9.208594141958964e-15,5.329684480389833e-18
527.4,-9.20816771168443e-15,5.576909552982936e-18
527.41,-9.206835434705948e-15,5.386321555627909e-18
527.42,-9.206616818698043e-15,5.436292482678048e-18
527.43,-9.20560207945137e-15,5.533715129898723e-18
527.44,-9.204073853197278e-15,5.066049845951866e-18
527.45,-9.203550268527433e-15,5.543279357532465e-18
527.46,-9.203042315344925e-15,5.61662425058566e-18
527.47,-9.202578395352184e-15,5.524581501650136e-18
527.48,-9.200849310560422e-15,5.350079516014338e-18
527.49,-9.200567719662846e-15,5.506200247412598e-18
527.5,-9.199281480751773e-15,5.3733310829080755e-18
527.51,-9.198482354283743e-15,5.395839705275891e-18
527.52,-9.197871928351851e-15,5.4396731068667724e-18
527.53,-9.196544342783313e-15,5.1681910882904085e-18
527.54,-9.1959802435533e-15,5.469090800946819e-18
527.55,-9.195451930055453e-15,5.52494959630369e-18
527.56,-9.194535055179802e-15,5.590457923679298e-18
527.57,-9.193512180864505e-15,5.317338731377576e-18
527.58,-9.192833745480995e-15,5.519289396459373e-18
527.59,-9.191793580815582e-15,5.394481303338054e-18
527.6,-9.190923616539847e-15,5.318828374030893e-18
527.61,-9.190245842327592e-15,5.421525482724967e-18
527.62,-9.189385343310903e-15,5.311581017411488e-18
527.63,-9.188612601332858e-15,5.537622185635466e-18
527.64,-9.187527390713553e-15,5.413390871190342e-18
527.65,-9.186911239427502e-15,5.555124203488877e-18
527.66,-9.1860137143211e-15,5.344700099041163e-18
527.67,-9.184939747485732e-15,5.306514962442776e-18
527.68,-9.184256333696587e-15,5.430838329645911e-18
527.69,-9.183274687117836e-15,5.340530555554264e-18
527.7,-9.182382041218623e-15,5.2899575793695254e-18
527.71,-9.181602601282486e-15,5.214335160186123e-18
527.72,-9.180971209249372e-15,5.445506477914405e-18
527.73,-9.17975787159876e-15,5.340146524419035e-18
527.74,-9.179326209589327e-15,5.600881273701395e-18
527.75,-9.178211046413668e-15,5.2359953138007436e-18
527.76,-9.177229367792129e-15,5.279024414121084e-18
527.77,-9.176726589305494e-15,5.615601634313613e-18
527.78,-9.175447853660904e-15,5.150291862728246e-18
527.79,-9.175011695436177e-15,5.384375284827705e-18
527.8,-9.174403126163247e-15,5.4040582125417584e-18
527.81,-9.173341541907854e-15,5.692116808744359e-18
527.82,-9.172388742570152e-15,5.327893928757814e-18
527.83,-9.171337442901228e-15,5.429858459564378e-18
527.84,-9.17072668699106e-15,5.249366054575542e-18
527.85,-9.170070328550643e-15,5.3076634244180834e-18
527.86,-9.169230715855214e-15,5.5137528163820915e-18
527.87,-9.167879269853798e-15,5.159039341331681e-18
527.88,-9.167409338812628e-15,5.255356045276561e-18
527.89,-9.167223769790763e-15,5.726312443076676e-18
527.9,-9.165572969912336e-15,5.356179704513489e-18
527.91,-9.16477743976531e-15,5.285366347088174e-18
527.92,-9.163935774166492e-15,5.305681920422907e-18
527.93,-9.163283912180678e-15,5.473612676383441e-18
527.94,-9.161974230542208e-15,5.090758771261334e-18
527.95,-9.160949933541389e-15,5.249096598333763e-18
527.96,-9.16009213279688e-15,4.7823753340988135e-18
527.97,-9.159466691651949e-15,5.3339609393799715e-18
527.98,-9.159079225684636e-15,5.401229977045247e-18
527.99,-9.15781073600541e-15,5.3752078151867114e-18
528.0,-9.157064966010748e-15,5.238440815176675e-18
528.01,-9.156164262998336e-15,5.221957941724586e-18
528.02,-9.15547300457759e-15,5.406765315927429e-18
528.03,-9.154151452696847e-15,5.356524625627983e-18
528.04,-9.15351840156938e-15,4.904833565271635e-18
528.05,-9.152752683061333e-15,5.09934420570959e-18
528.06,-9.151618634025263e-15,5.019732931977544e-18
528.07,-9.151852734790396e-15,5.493486498534703e-18
528.08,-9.150523635480361e-15,5.412507258764096e-18
528.09,-9.149779769060269e-15,5.340450619324912e-18
528.1,-9.148852215002141e-15,5.3688197505207085e-18
528.11,-9.147450195911996e-15,5.400224489476219e-18
528.12,-9.147151627307235e-15,5.223464976380688e-18
528.13,-9.146779698210755e-15,5.3147485615246665e-18
528.14,-9.145874632385192e-15,5.295499047870274e-18
528.15,-9.144753023541593e-15,5.17565969254412e-18
528.16,-9.144066705095246e-15,5.422513750489257e-18
528.17,-9.142719989021914e-15,5.2700241951248546e-18
528.18,-9.141946938356753e-15,5.19881964217766e-18
528.19,-9.141541436819623e-15,5.554789144003844e-18
528.2,-9.141703810460233e-15,6.219356961932099e-18
528.21,-9.139774645430164e-15,5.104989377983026e-18
528.22,-9.139078721457352e-15,5.462856415402408e-18
528.23,-9.138265375257936e-15,5.317663201999196e-18
528.24,-9.137409058499742e-15,5.453293099839056e-18
528.25,-9.136660709992557e-15,5.729096385759844e-18
528.26,-9.135652101230181e-15,5.4614818405397045e-18
528.27,-9.134933842912064e-15,5.3599273643641064e-18
528.28,-9.133860679308704e-15,5.391480382689596e-18
528.29,-9.133281629513515e-15,5.447344608340855e-18
528.3,-9.13204845531228e-15,4.986102969284067e-18
528.31,-9.13134944250461e-15,5.4505890865394465e-18
528.32,-9.131274606006793e-15,5.394295351564065e-18
528.33,-9.129814758098088e-15,5.345913670835963e-18
528.34,-9.129117170821683e-15,5.2444260422583165e-18
528.35,-9.127589978765895e-15,5.316867357653859e-18
528.36,-9.12727906014061e-15,5.320557355908782e-18
528.37,-9.127046529943844e-15,5.6850574149825596e-18
528.38,-9.12538474580099e-15,5.2455382520685556e-18
528.39,-9.124590691344298e-15,5.499669742048941e-18
528.4,-9.124194534263227e-15,5.347562730965987e-18
528.41,-9.123971115033552e-15,5.5369068014860165e-18
528.42,-9.12192514218109e-15,5.224753678130901e-18
528.43,-9.121275924370937e-15,5.330897478981042e-18
528.44,-9.120186209410383e-15,5.227877378356839e-18
528.45,-9.11959259225123e-15,5.454848344945729e-18
528.46,-9.119846163058839e-15,5.731705596925278e-18
528.47,-9.117669743274921e-15,5.348513044595516e-18
528.48,-9.1173009530055e-15,5.246624137431426e-18
528.49,-9.116439735895833e-15,5.317879575691521e-18
528.5,-9.116197603734257e-15,5.498897243572363e-18
528.51,-9.114589413680171e-15,5.158019349895008e-18
528.52,-9.114157921754618e-15,5.42530929731974e-18
528.53,-9.112823407381105e-15,5.213400948127223e-18
528.54,-9.112497903572254e-15,5.028169521092972e-18
528.55,-9.116622774699196e-15,5.97754521484602e-18
528.56,-9.110545711237181e-15,5.272764059847289e-18
528.57,-9.110025424026714e-15,5.307467761490452e-18
528.58,-9.108838275017532e-15,5.298880695702666e-18
528.59,-9.108887316523788e-15,5.588769529131312e-18
528.6,-9.107358007405172e-15,5.061235790055455e-18
528.61,-9.106642949671077e-15,5.450394211503453e-18
528.62,-9.10518617642802e-15,5.262035888475259e-18
528.63,-9.104125254858314e-15,5.141642393151407e-18
528.64,-9.101894024421698e-15,6.008981719519596e-18
528.65,-9.103215764583232e-15,5.5432163652190656e-18
528.66,-9.102173713162768e-15,5.359706283299815e-18
528.67,-9.101406441840595e-15,5.339081948136664e-18
528.68,-9.101370670704716e-15,5.671178842155258e-18
528.69,-9.099360665997972e-15,5.265986674617044e-18
528.7,-9.0989191453029e-15,5.269726626235342e-18
528.71,-9.09729810406641e-15,5.029034275068384e-18
528.72,-9.09736855170836e-15,5.32049292197979e-18
528.73,-9.094221318950452e-15,5.8080981119748875e-18
528.74,-9.095362623206913e-15,5.317641832326836e-18
528.75,-9.094497669304304e-15,5.622090729601423e-18
528.76,-9.093710387061897e-15,5.1646903547787885e-18
528.77,-9.093802992217555e-15,5.827917562329389e-18
528.78,-9.092263708522831e-15,5.268942686067405e-18
528.79,-9.09168258508716e-15,5.2669993160407315e-18
528.8,-9.09015941386789e-15,5.300765022270647e-18
528.81,-9.089530179801747e-15,5.2491561878103485e-18
528.82,-9.087736288580282e-15,5.3652793534005926e-18
528.83,-9.087932697713143e-15,5.4585050511173845e-18
528.84,-9.087731160175402e-15,5.357899055758095e-18
528.85,-9.086057921604853e-15,5.2455891362953435e-18
528.86,-9.086575900099753e-15,5.772770363225698e-18
528.87,-9.084998235204893e-15,5.534415405644263e-18
528.88,-9.083950570546735e-15,5.336838520149047e-18
528.89,-9.082075624076123e-15,4.9658709054198186e-18
528.9,-9.081761015584232e-15,5.129648886139092e-18
528.91,-9.081282488070626e-15,5.4121718627819606e-18
528.92,-9.080825460934018e-15,5.373657992212133e-18
528.93,-9.07931191428437e-15,5.190564240558593e-18
528.94,-9.079102959618532e-15,5.482266077453658e-18
528.95,-9.07880365333603e-15,5.741982138369891e-18
528.96,-9.077187772343153e-15,5.282638287147477e-18
528.97,-9.076378553739883e-15,5.197459775239921e-18
528.98,-9.075028111686804e-15,5.090325754257721e-18
528.99,-9.0740706405022e-15,5.033574961956834e-18
529.0,-9.073988756276909e-15,5.560426387794706e-18
529.01,-9.0733800056535e-15,5.447392697410233e-18
529.02,-9.071319340601915e-15,4.5264405548335986e-18
529.03,-9.071270042944481e-15,5.503143705215038e-18
529.04,-9.071227830225098e-15,5.7303411364598105e-18
529.05,-9.069609940583598e-15,5.1756064680760945e-18
529.06,-9.06935562366555e-15,5.436666056599746e-18
529.07,-9.067351364700532e-15,5.052419110875704e-18
529.08,-9.066914456856233e-15,5.154612123214362e-18
529.09,-9.067014859546011e-15,5.620117691878593e-18
529.1,-9.065197474503434e-15,5.355685171205599e-18
529.11,-9.065981045815256e-15,5.2589552182769835e-18
529.12,-9.063748216285432e-15,5.423252487484908e-18
529.13,-9.063611445135555e-15,5.708940888151234e-18
529.14,-9.062361244119361e-15,5.4965666718863185e-18
529.15,-9.06168684609917e-15,5.401389530911233e-18
529.16,-9.0598897376118e-15,4.967831053434222e-18
529.17,-9.059636065949848e-15,5.246623543690452e-18
529.18,-9.059490772165675e-15,5.508970527470876e-18
529.19,-9.058607817651296e-15,5.483594194125736e-18
529.2,-9.05743153007055e-15,5.296222166450369e-18
529.21,-9.056523795964889e-15,5.423140072176143e-18
529.22,-9.055943490343031e-15,5.646132532423816e-18
529.23,-9.054550518278814e-15,5.2486990430693196e-18
529.24,-9.054247272866716e-15,5.395446458648829e-18
529.25,-9.052382200804026e-15,4.9899101722705105e-18
529.26,-9.052092680939406e-15,5.274451667589747e-18
529.27,-9.052278920976087e-15,5.714924144697422e-18
529.28,-9.050866038312797e-15,5.4157488401386545e-18
529.29,-9.049880690099653e-15,5.340008312052333e-18
529.3,-9.04937790269045e-15,5.448716331140486e-18
529.31,-9.048295608698614e-15,5.6281101568214024e-18
529.32,-9.047188534411695e-15,5.410284773870304e-18
529.33,-9.046888096050257e-15,5.2966033865972896e-18
529.34,-9.044478139488258e-15,4.8471417996371406e-18
529.35,-9.044574107615435e-15,5.1288908650685325e-18
529.36,-9.044689854601159e-15,5.448411818641177e-18
529.37,-9.043312350481224e-15,5.523799938947441e-18
529.38,-9.042496364120084e-15,5.231108405886852e-18
529.39,-9.041698385520948e-15,5.378055421647054e-18
529.4,-9.040285395239998e-15,5.44806186955434e-18
529.41,-9.039438612234449e-15,5.135344303906995e-18
529.42,-9.039571757433507e-15,5.603364031994304e-18
529.43,-9.036760832479716e-15,4.657652315238493e-18
529.44,-9.036237574738799e-15,4.934509999292958e-18
529.45,-9.037350587918291e-15,5.575176912554789e-18
529.46,-9.035965994784721e-15,5.451247466026119e-18
529.47,-9.03467364881217e-15,5.2759608992191036e-18
529.48,-9.034173153327116e-15,5.230293568939449e-18
529.49,-9.032716226181461e-15,5.368231753168055e-18
529.5,-9.031247033723029e-15,5.2929297081885026e-18
529.51,-9.032117737081471e-15,5.548963138503882e-18
529.52,-9.028653119046796e-15,4.066259059637996e-18
529.53,-9.030001589706067e-15,6.08451574958022e-18
529.54,-9.029219074134419e-15,5.303677560954789e-18
529.55,-9.028529835775151e-15,5.427748355750382e-18
529.56,-9.028526365291097e-15,5.905814652420332e-18
529.57,-9.02684494061864e-15,5.373588329939676e-18
529.58,-9.02442454456371e-15,5.300207916694764e-18
529.59,-9.0257256334921e-15,6.145439072767157e-18
529.6,-9.024746337929604e-15,5.478243628487789e-18
529.61,-9.022593551523178e-15,3.254028076387668e-18
529.62,-9.023262269750072e-15,5.597176910337803e-18
529.63,-9.022000760170307e-15,5.28629721181714e-18
529.64,-9.021180637519119e-15,5.4177888840975465e-18
529.65,-9.020764371501185e-15,5.639813615542527e-18
529.66,-9.019154535805191e-15,5.072758607627233e-18
529.67,-9.017480483989869e-15,5.342250827739172e-18
529.68,-9.018220946296078e-15,5.506159172649003e-18
529.69,-9.017357987935552e-15,5.430287157925219e-18
529.7,-9.01786660518061e-15,3.482512544801528e-18
529.71,-9.015668157221095e-15,5.5381089273766624e-18
529.72,-9.014446688264546e-15,5.146628131258042e-18
529.73,-9.013772170391354e-15,5.3950923710162605e-18
529.74,-9.013121440945119e-15,5.56756777942303e-18
529.75,-9.012431823555174e-15,5.310336686411349e-18
529.76,-9.010079119273058e-15,5.304635159562261e-18
529.77,-9.010291906934728e-15,5.52620410331321e-18
529.78,-9.009745951745348e-15,5.523951867652186e-18
529.79,-9.011643504970152e-15,5.9295863169229014e-18
529.8,-9.008284791641707e-15,5.526208984890883e-18
529.81,-9.006934396462832e-15,5.2409055042597996e-18
529.82,-9.006574757145205e-15,5.468972144380384e-18
529.83,-9.005196083020569e-15,5.404363547062937e-18
529.84,-9.00455801811143e-15,5.297389155250456e-18
529.85,-9.002355095784184e-15,5.080455048855211e-18
529.86,-9.002790875535376e-15,5.530930069244745e-18
529.87,-9.001864681344053e-15,5.273476221997493e-18
529.88,-9.004105439002047e-15,6.820888158506652e-18
529.89,-9.00085157647486e-15,5.568332083352621e-18
529.9,-8.999693602988219e-15,5.291662267894446e-18
529.91,-8.99878477109157e-15,5.386709414615146e-18
529.92,-8.997502778198347e-15,5.130116049962841e-18
529.93,-8.997273522270569e-15,5.3645441772709856e-18
529.94,-8.995342208552212e-15,5.117264219841528e-18
529.95,-8.995745764749568e-15,5.47303303800848e-18
529.96,-8.994229579661953e-15,5.1955985139289735e-18
529.97,-8.995464932011032e-15,6.70188833975241e-18
529.98,-8.993271897145585e-15,5.4624697296789305e-18
529.99,-8.992078680212656e-15,5.379366043629439e-18
530.0,-8.991890502015862e-15,5.595611779378093e-18
530.01,-8.990301230776713e-15,5.207529628210824e-18
530.02,-8.989724152615991e-15,5.294544210224155e-18
530.03,-8.987860660945906e-15,4.942074830132584e-18
530.04,-8.98831126324277e-15,5.626227004241256e-18
530.05,-8.987213585008263e-15,5.362132978851951e-18
530.06,-8.987356097305023e-15,6.34737277291839e-18
530.07,-8.985815446132419e-15,5.47650862165299e-18
530.08,-8.983548851500245e-15,5.3180807835805885e-18
530.09,-8.98459644688687e-15,5.5774908893780926e-18
530.1,-8.98317769796797e-15,5.380850057591995e-18
530.11,-8.982037782273383e-15,5.266342797030209e-18
530.12,-8.980442700764055e-15,4.9232610357273105e-18
530.13,-8.980609185297601e-15,5.388140850247302e-18
530.14,-8.97998802460842e-15,5.3774886149229194e-18
530.15,-8.979819505935676e-15,6.163722067876232e-18
530.16,-8.978755137855228e-15,5.7070080574217936e-18
530.17,-8.978039248417202e-15,5.600920235813487e-18
530.18,-8.976865038507795e-15,5.513106606775196e-18
530.19,-8.97642868295319e-15,5.624768134846903e-18
530.2,-8.9745456730594e-15,5.1826414594952776e-18
530.21,-8.972680683744982e-15,4.6909220823372386e-18
530.22,-8.973154639486793e-15,5.450244639989869e-18
530.23,-8.972817335438126e-15,5.596627634375431e-18
530.24,-8.97215733120337e-15,5.984736298940563e-18
530.25,-8.970978620176027e-15,5.4586827925464006e-18
530.26,-8.970750414129211e-15,5.705482646416727e-18
530.27,-8.969667309039679e-15,5.564432431276191e-18
530.28,-8.969798235016624e-15,6.033915113754996e-18
530.29,-8.967189249147322e-15,5.127422257038623e-18
530.3,-8.966381340217101e-15,5.006422586508267e-18
530.31,-8.9663392956083e-15,5.562249097938673e-18
530.32,-8.965513854137465e-15,5.56311926035459e-18
530.33,-8.964586433925536e-15,5.9259832485340815e-18
530.34,-8.963617709587477e-15,5.487392016399745e-18
530.35,-8.963312399811737e-15,5.624854069736101e-18
530.36,-8.962088003971009e-15,5.39347327308318e-18
530.37,-8.96297519285328e-15,6.508592199372582e-18
530.38,-8.960699227253394e-15,5.69278866167504e-18
530.39,-8.958669598335837e-15,5.053811623824908e-18
530.4,-8.958838636255731e-15,5.6197400932224865e-18
530.41,-8.957990594208244e-15,5.519659663977796e-18
530.42,-8.957182768685598e-15,5.6167447283965785e-18
530.43,-8.95651883358912e-15,5.526467914013042e-18
530.44,-8.956113474186472e-15,5.547780978371241e-18
530.45,-8.954656973471838e-15,5.5059261713131146e-18
530.46,-8.956602206210606e-15,6.772044140634473e-18
530.47,-8.95295466205302e-15,5.395122963289546e-18
530.48,-8.951785918408435e-15,5.018594061222834e-18
530.49,-8.95131189577374e-15,5.54928342423901e-18
530.5,-8.950061509585664e-15,5.267358781307734e-18
530.51,-8.94995648249942e-15,5.787822969504169e-18
530.52,-8.949279513706934e-15,5.722465494463859e-18
530.53,-8.94827999992514e-15,5.761842444817531e-18
530.54,-8.947735896645716e-15,5.7804808723627325e-18
530.55,-8.946710574251865e-15,4.4926124211505626e-18
530.56,-8.944870990302225e-15,4.878327227791429e-18
530.57,-8.944806678516415e-15,5.2578445556161734e-18
530.58,-8.94375309334973e-15,5.498939076507637e-18
530.59,-8.942919985564952e-15,5.313387091617949e-18
530.6,-8.942449253917201e-15,5.669019154255808e-18
530.61,-8.941717332288034e-15,5.482918835490313e-18
530.62,-8.940295045031019e-15,5.027569347047662e-18
530.63,-8.940103496096943e-15,5.487722577539915e-18
530.64,-8.940274517779417e-15,5.526234851459957e-18
530.65,-8.938049149397726e-15,5.3400496353709085e-18
530.66,-8.937762470712946e-15,5.327775484410993e-18
530.67,-8.937144602302455e-15,5.669851780262044e-18
530.68,-8.935749853116211e-15,5.658076984681947e-18
530.69,-8.93511560956927e-15,5.611695647573923e-18
530.7,-8.93427130743983e-15,5.575325853333782e-18
530.71,-8.933155487964885e-15,5.2851135413970376e-18
530.72,-8.932355357035628e-15,5.48576446246301e-18
530.73,-8.932879740334215e-15,5.690222835597004e-18
530.74,-8.93105572904074e-15,5.34872470495872e-18
530.75,-8.930397373056993e-15,5.332284387068113e-18
530.76,-8.929550350493564e-15,5.762954125395239e-18
530.77,-8.928400463028063e-15,5.536179296068511e-18
530.78,-8.928143495001272e-15,5.822591507793317e-18
530.79,-8.927097641427387e-15,5.5035696046993596e-18
530.8,-8.92582422442268e-15,5.148733305047209e-18
530.81,-8.925301716698642e-15,5.5590669063278264e-18
530.82,-8.924887911193463e-15,5.540594672015525e-18
530.83,-8.923824504218512e-15,5.670373854725525e-18
530.84,-8.923441382988295e-15,5.40886565605948e-18
530.85,-8.922255054068101e-15,5.6878583752562454e-18
530.86,-8.921377472331986e-15,5.595018834886124e-18
530.87,-8.920510826149378e-15,5.5820359046514064e-18
530.88,-8.919878024546098e-15,5.45141391992579e-18
530.89,-8.918584871442922e-15,5.314233156444274e-18
530.9,-8.918509707500644e-15,5.604890588748304e-18
530.91,-8.917913814516408e-15,5.9326574532999274e-18
530.92,-8.916685071266619e-15,5.566422764041666e-18
530.93,-8.916213199795033e-15,5.658074699766571e-18
530.94,-8.915210634273301e-15,5.703295257736204e-18
530.95,-8.91429559632644e-15,5.619415558289899e-18
530.96,-8.913467968142618e-15,5.687414533999226e-18
530.97,-8.91264533742424e-15,5.6326434352443195e-18
530.98,-8.911152805410222e-15,5.200745576230488e-18
530.99,-8.91147241613693e-15,6.253077499745298e-18
531.0,-8.909818635475578e-15,5.506743196808178e-18
531.01,-8.909154055575671e-15,5.5240608031912346e-18
531.02,-8.908676959795407e-15,5.612806729407961e-18
531.03,-8.9077095467805e-15,5.700503151180472e-18
531.04,-8.906334589348436e-15,5.170117200860479e-18
531.05,-8.905633514712897e-15,5.466096971487675e-18
531.06,-8.90498437051708e-15,5.288416032433212e-18
531.07,-8.904417985774134e-15,5.509876495100509e-18
531.08,-8.90386956086625e-15,5.7317457122245224e-18
531.09,-8.902682951524037e-15,5.473213483921049e-18
531.1,-8.901665427748575e-15,5.305629629615854e-18
531.11,-8.90112888437273e-15,5.51453771403963e-18
531.12,-8.900463889817499e-15,5.5114057664751024e-18
531.13,-8.899626688833792e-15,5.6902177681296955e-18
531.14,-8.898424707367808e-15,5.539829621894396e-18
531.15,-8.897556499312576e-15,5.201890610042834e-18
531.16,-8.896915985399385e-15,5.449501263026994e-18
531.17,-8.895999533714125e-15,5.51267714362727e-18
531.18,-8.895082478519141e-15,5.332255159740818e-18
531.19,-8.895056724808149e-15,5.658949680699868e-18
531.2,-8.894045822487358e-15,5.560153485485582e-18
531.21,-8.893029738457328e-15,5.948948103177585e-18
531.22,-8.891768358556974e-15,5.524602718345331e-18
531.23,-8.891072645075343e-15,5.2985335155419994e-18
531.24,-8.890239237456772e-15,5.393828956575635e-18
531.25,-8.889834412818189e-15,5.650150041359464e-18
531.26,-8.889178529907779e-15,5.786640285404993e-18
531.27,-8.887715058217288e-15,5.351140646723049e-18
531.28,-8.887233726342893e-15,5.521176246821442e-18
531.29,-8.886682962915355e-15,5.687929107052355e-18
531.3,-8.885751138690971e-15,5.639171487444051e-18
531.31,-8.884765778535471e-15,5.51620690659641e-18
531.32,-8.883450980972663e-15,5.4026859994779625e-18
531.33,-8.883433676154749e-15,5.530700321240773e-18
531.34,-8.882531354035717e-15,5.602597391015986e-18
531.35,-8.881380806370276e-15,5.573346425720566e-18
531.36,-8.88061228651905e-15,5.1318295005773955e-18
531.37,-8.880012471587764e-15,5.5373458430515905e-18
531.38,-8.879262703861663e-15,5.5127406815471555e-18
531.39,-8.877984798996426e-15,5.453692915795296e-18
531.4,-8.877485173259882e-15,5.489548083269154e-18
531.41,-8.87643975130909e-15,5.3966781038662115e-18
531.42,-8.875620538821417e-15,5.376382310663147e-18
531.43,-8.875414164876129e-15,5.57740340539763e-18
531.44,-8.873724191653305e-15,5.396385838492249e-18
531.45,-8.873693972268835e-15,5.507707491655315e-18
531.46,-8.87275557253826e-15,5.485830190510354e-18
531.47,-8.871495305679412e-15,5.3565763050529795e-18
531.48,-8.870920140392548e-15,5.502427952709216e-18
531.49,-8.870093495758158e-15,5.461979618227321e-18
531.5,-8.869176461721482e-15,5.487518312213958e-18
531.51,-8.868473124967127e-15,5.383345845668807e-18
531.52,-8.867855195977681e-15,5.4647336458442025e-18
531.53,-8.86683819583173e-15,5.454069914193758e-18
531.54,-8.866517696821159e-15,5.515261230992271e-18
531.55,-8.865418234437944e-15,5.488117176737879e-18
531.56,-8.864583582220992e-15,5.472036765667985e-18
531.57,-8.863516463236716e-15,5.451568959780576e-18
531.58,-8.862863680588378e-15,5.489897970743846e-18
531.59,-8.861835825567785e-15,5.381383660504107e-18
531.6,-8.861111826042493e-15,5.383788062366266e-18
531.61,-8.860476804685394e-15,5.5258189391990845e-18
531.62,-8.859696667834139e-15,5.4753521267967515e-18
531.63,-8.859067917459674e-15,5.517123038650235e-18
531.64,-8.858099684325762e-15,5.476617904616082e-18
531.65,-8.85735055501102e-15,5.520580244365984e-18
531.66,-8.855933959510327e-15,5.220375435744925e-18
531.67,-8.855652623753911e-15,5.4894902037929036e-18
531.68,-8.854736588165222e-15,5.4269452127355134e-18
531.69,-8.854030609097655e-15,5.4843513790878875e-18
531.7,-8.853521172044551e-15,5.530732986341472e-18
531.71,-8.852505057931279e-15,5.218899380741891e-18
531.72,-8.851415242520283e-15,5.499645672500775e-18
531.73,-8.850979631083993e-15,5.509781986808872e-18
531.74,-8.850182887497809e-15,5.36396294705146e-18
531.75,-8.849187766889472e-15,5.2441759287743825e-18
531.76,-8.848229018316583e-15,5.523732193233985e-18
531.77,-8.847381460738034e-15,5.56954202240054e-18
531.78,-8.846796228334673e-15,5.076142454226607e-18
531.79,-8.846076897369117e-15,5.5798203766475915e-18
531.8,-8.84515453952122e-15,5.5039192865698466e-18
531.81,-8.84460108916801e-15,5.666818410780734e-18
531.82,-8.843854851633004e-15,5.535702848031691e-18
531.83,-8.842732612822597e-15,5.177544508388892e-18
531.84,-8.841772534475826e-15,5.369223766305701e-18
531.85,-8.8408837702126e-15,5.4080758393040515e-18
531.86,-8.840143520463949e-15,5.5154203442260976e-18
531.87,-8.839487828090416e-15,5.57321483073525e-18
531.88,-8.838878909369066e-15,5.4639648107889275e-18
531.89,-8.838115308890616e-15,5.441006682927863e-18
531.9,-8.837403711264589e-15,5.616447965599302e-18
531.91,-8.836389923750204e-15,5.241689080152509e-18
531.92,-8.835231108285675e-15,5.370474756091113e-18
531.93,-8.834273234358274e-15,5.24996778827702e-18
531.94,-8.83380521772396e-15,5.432182582117588e-18
531.95,-8.833142151597807e-15,5.567122112445428e-18
531.96,-8.832202836852096e-15,5.426259096198225e-18
531.97,-8.8320476644085e-15,5.5359654117438284e-18
531.98,-8.83113015408677e-15,5.660760897150772e-18
531.99,-8.830116648809198e-15,5.517233341883466e-18
532.0,-8.829213223390944e-15,5.693754902965702e-18
532.01,-8.828254870319055e-15,5.4587463350082076e-18
532.02,-8.826997361805415e-15,5.119667375637541e-18
532.03,-8.826936098278918e-15,5.4707169213479746e-18
532.04,-8.826184552382593e-15,5.459387811176462e-18
532.05,-8.824703021190968e-15,4.89121494988373e-18
532.06,-8.824064756793816e-15,5.575624060856878e-18
532.07,-8.823234567099267e-15,5.437483943085047e-18
532.08,-8.822624835365109e-15,5.3588893461089104e-18
532.09,-8.821554562336625e-15,5.463869173204592e-18
532.1,-8.821065988476662e-15,5.485227029197541e-18
532.11,-8.819841105061113e-15,5.216913877552384e-18
532.12,-8.819103692525953e-15,5.332297134989615e-18
532.13,-8.818908873259221e-15,5.4934678526984286e-18
532.14,-8.818059111771576e-15,5.449221224767594e-18
532.15,-8.816967759021701e-15,5.49066345478299e-18
532.16,-8.816602255905579e-15,5.3872807182359945e-18
532.17,-8.815777389743154e-15,5.414199098787003e-18
532.18,-8.814574602675724e-15,5.294037392402353e-18
532.19,-8.814177757246388e-15,5.395728920319281e-18
532.2,-8.812527651229659e-15,5.126862761227459e-18
532.21,-8.812105712802803e-15,5.237628873473505e-18
532.22,-8.81198947578218e-15,5.344355161075483e-18
532.23,-8.810586476746519e-15,5.3571122122329995e-18
532.24,-8.80988135670076e-15,5.581250307143088e-18
532.25,-8.80914745506051e-15,5.381999184530864e-18
532.26,-8.80851805997866e-15,5.544075653963501e-18
532.27,-8.80767457521253e-15,5.51241371379055e-18
532.28,-8.806540680755742e-15,5.4399766767529165e-18
532.29,-8.80532142981273e-15,5.118015657364722e-18
532.3,-8.804978139764987e-15,5.318061312299547e-18
532.31,-8.803969726857351e-15,5.1057943885831375e-18
532.32,-8.803329138035641e-15,5.3702976236744576e-18
532.33,-8.80284882444334e-15,5.5758823974229125e-18
532.34,-8.801419713586194e-15,5.220168860885064e-18
532.35,-8.801190126653485e-15,5.514138511045248e-18
532.36,-8.800804603280255e-15,5.622115432517178e-18
532.37,-8.799720744799778e-15,5.5701466505563545e-18
532.38,-8.797936007583593e-15,5.247123043358541e-18
532.39,-8.797743349062698e-15,5.405586853050111e-18
532.4,-8.79598410172762e-15,4.720234376928276e-18
532.41,-8.796142734179759e-15,5.2890173717116394e-18
532.42,-8.794987678738057e-15,5.2938570225834154e-18
532.43,-8.79451021571289e-15,5.337753895216042e-18
532.44,-8.794192430275507e-15,5.579650307131982e-18
532.45,-8.792572350064337e-15,5.258458195733099e-18
532.46,-8.792389592489612e-15,5.451416290150289e-18
532.47,-8.790563436726436e-15,5.144594377003976e-18
532.48,-8.789778403442136e-15,5.365526680876784e-18
532.49,-8.783820711988499e-15,3.880367247957699e-18
532.5,-8.788706748838042e-15,5.31105708879105e-18
532.51,-8.78956053768177e-15,5.706783924351169e-18
532.52,-8.787815787781791e-15,5.384484302516281e-18
532.53,-8.786518944385464e-15,5.424298475824039e-18
532.54,-8.785708529889333e-15,5.403406805759506e-18
532.55,-8.784955594354404e-15,5.486373108836561e-18
532.56,-8.783484417811603e-15,4.923137538921267e-18
532.57,-8.783302439058495e-15,5.551762884965643e-18
532.58,-8.78539260871924e-15,4.723997887951443e-18
532.59,-8.781534307286386e-15,5.2198398409700776e-18
532.6,-8.780181842065776e-15,4.965226721740064e-18
532.61,-8.779848918780789e-15,5.305113248746527e-18
532.62,-8.779398832551335e-15,5.4214484069842795e-18
532.63,-8.778421979011961e-15,5.264582129658404e-18
532.64,-8.777910761746677e-15,5.516478800994029e-18
532.65,-8.776087563825544e-15,4.880473675925414e-18
532.66,-8.776288486904438e-15,5.341206482390584e-18
532.67,-8.776499196010346e-15,5.7883918233839896e-18
532.68,-8.774630691410891e-15,5.326406658435395e-18
532.69,-8.77343499516508e-15,5.085674222117013e-18
532.7,-8.772748762223885e-15,5.18666001555764e-18
532.71,-8.772564754288859e-15,5.604592977862479e-18
532.72,-8.771194406535135e-15,5.2578558890913285e-18
532.73,-8.770578313175031e-15,5.5053853298954664e-18
532.74,-8.768446012147908e-15,4.6916133378935476e-18
532.75,-8.768133050288919e-15,5.018932306371744e-18
532.76,-8.768596150050292e-15,5.664152435641422e-18
532.77,-8.76752332255966e-15,5.3358205555939775e-18
532.78,-8.766563611212173e-15,5.211036805062683e-18
532.79,-8.765881636068071e-15,5.328381475143098e-18
532.8,-8.765165580620003e-15,5.6031177198020125e-18
532.81,-8.764255402022326e-15,5.352888169907205e-18
532.82,-8.763068836008853e-15,5.227855469973157e-18
532.83,-8.761480370424864e-15,4.776415682903303e-18
532.84,-8.761606518002099e-15,5.0677248658590816e-18
532.85,-8.761047183273518e-15,5.267331108238961e-18
532.86,-8.759812200914851e-15,5.186366477919205e-18
532.87,-8.75959520117467e-15,5.299002589868855e-18
532.88,-8.758543071523302e-15,5.343255653372587e-18
532.89,-8.758356180687009e-15,5.827903974481632e-18
532.9,-8.756969559731492e-15,5.2973222576255484e-18
532.91,-8.756216736935566e-15,5.44395112353833e-18
532.92,-8.753664028646744e-15,4.612841188405978e-18
532.93,-8.754126431220813e-15,5.130368993096455e-18
532.94,-8.753733667123749e-15,5.147590176471974e-18
532.95,-8.752784416158387e-15,5.1329432606966595e-18
532.96,-8.751945988169595e-15,5.2532177915579144e-18
532.97,-8.7511717436659e-15,5.08112842800299e-18
532.98,-8.751393975045536e-15,6.016976479992052e-18
532.99,-8.74967062806017e-15,5.2179783216253575e-18
533.0,-8.748865931119065e-15,5.3250383237771615e-18
533.01,-8.746563496159518e-15,4.605285696282475e-18
533.02,-8.747308089785592e-15,5.0938037861951115e-18
533.03,-8.746070391101728e-15,5.167533475006057e-18
533.04,-8.745697941425272e-15,5.214506572020399e-18
533.05,-8.74458250705704e-15,5.10760765929882e-18
533.06,-8.744043920974092e-15,5.201511430732404e-18
533.07,-8.744846460865563e-15,6.3161445880415976e-18
533.08,-8.742721778759608e-15,5.123807463911194e-18
533.09,-8.741931956176828e-15,5.47239066530452e-18
533.1,-8.739233393605249e-15,4.609121294042352e-18
533.11,-8.7401182205696e-15,5.157728807554719e-18
533.12,-8.739034172316606e-15,5.1351385604161475e-18
533.13,-8.738951317456208e-15,5.320773224065556e-18
533.14,-8.737394966334116e-15,5.005545909529523e-18
533.15,-8.736741854103455e-15,5.187680173136466e-18
533.16,-8.738412994354961e-15,6.623894130752644e-18
533.17,-8.734919133471732e-15,5.033585867569868e-18
533.18,-8.73465645393666e-15,5.3406596751268245e-18
533.19,-8.732229747809089e-15,4.608319794018028e-18
533.2,-8.73242895670895e-15,4.8378897504754115e-18
533.21,-8.732407674148791e-15,5.351938571399842e-18
533.22,-8.731677177297855e-15,5.24319552922993e-18
533.23,-8.730539862938081e-15,5.142597751176602e-18
533.24,-8.729816837823086e-15,5.128156196449226e-18
533.25,-8.731872388234048e-15,6.73016733896199e-18
533.26,-8.728715441190813e-15,5.150239565601997e-18
533.27,-8.727880455016022e-15,5.4746446862696125e-18
533.28,-8.725528986296497e-15,4.748840270170528e-18
533.29,-8.726273591040138e-15,5.199565405130108e-18
533.3,-8.725015787117325e-15,5.214558378158408e-18
533.31,-8.724356197640788e-15,5.2442309541799e-18
533.32,-8.72330739075875e-15,4.985397595462621e-18
533.33,-8.722591385529914e-15,5.205547627731026e-18
533.34,-8.72559439596071e-15,6.414828338901864e-18
533.35,-8.721691764809612e-15,5.190823977978122e-18
533.36,-8.720934813956237e-15,5.357892553405796e-18
533.37,-8.71815359544302e-15,4.782051424108223e-18
533.38,-8.718841636499914e-15,5.197188785803602e-18
533.39,-8.718115083332872e-15,5.300199241691527e-18
533.4,-8.717379897276338e-15,5.2397549979592785e-18
533.41,-8.716786264351847e-15,5.245410225650802e-18
533.42,-8.715729895971292e-15,5.403438134548064e-18
533.43,-8.718145321041426e-15,4.282558748668431e-18
533.44,-8.714724900095094e-15,5.492180898337118e-18
533.45,-8.713526549253794e-15,5.495929300561426e-18
533.46,-8.71134142242148e-15,5.001226124562785e-18
533.47,-8.711761437011202e-15,5.21794748395669e-18
533.48,-8.710679047019612e-15,5.750283829009482e-18
533.49,-8.710042179014868e-15,5.154222169282531e-18
533.5,-8.709511464187868e-15,5.129617529243284e-18
533.51,-8.706961201650557e-15,4.767210792704526e-18
533.52,-8.708937930896673e-15,3.7425578002004924e-18
533.53,-8.70810987955695e-15,5.596173080240807e-18
533.54,-8.705384652236744e-15,4.619961848600576e-18
533.55,-8.703675122331072e-15,4.5991770922290955e-18
533.56,-8.704979246487018e-15,5.22268101087015e-18
533.57,-8.702836369611518e-15,4.620382197396693e-18
533.58,-8.702759479685163e-15,5.10823253283699e-18
533.59,-8.702844855779322e-15,5.2815057785050295e-18
533.6,-8.700999584220859e-15,4.520670032518712e-18
533.61,-8.700684095258234e-15,4.148340629158399e-18
533.62,-8.700137070889072e-15,5.386936717880785e-18
533.63,-8.69913243425381e-15,4.837101537610511e-18
533.64,-8.696801245852834e-15,4.6702931719456935e-18
533.65,-8.69762518447232e-15,5.320246078975169e-18
533.66,-8.696582203195567e-15,4.897574394391701e-18
533.67,-8.69562017237992e-15,5.110843455977506e-18
533.68,-8.695639343463419e-15,5.45051372435364e-18
533.69,-8.693618670220858e-15,4.436657111157833e-18
533.7,-8.693391903700746e-15,4.39141666194403e-18
533.71,-8.692919091616744e-15,5.4156481685260804e-18
533.72,-8.692011422310736e-15,4.976669918647261e-18
533.73,-8.68965635952991e-15,4.755078217370882e-18
533.74,-8.69023176083974e-15,4.961902080874321e-18
533.75,-8.689704904689251e-15,5.163676515736113e-18
533.76,-8.688575954876487e-15,5.083727151938718e-18
533.77,-8.688223274423717e-15,5.3622836229171346e-18
533.78,-8.687125166930022e-15,4.942896590810649e-18
533.79,-8.686089413471465e-15,4.488927898477587e-18
533.8,-8.685372459076459e-15,5.2214739762161294e-18
533.81,-8.685053016427184e-15,5.126351767471357e-18
533.82,-8.682334659175042e-15,4.560959665041016e-18
533.83,-8.683510459676232e-15,5.071457161641716e-18
533.84,-8.681974372716878e-15,4.803707589982053e-18
533.85,-8.681607030889491e-15,5.0278849318287564e-18
533.86,-8.681457917040666e-15,5.398104215445437e-18
533.87,-8.679570488075516e-15,4.984773488719197e-18
533.88,-8.6791435638522e-15,4.830762075448431e-18
533.89,-8.678349251122923e-15,5.08538613215075e-18
533.9,-8.677662159883864e-15,5.0195420391201335e-18
533.91,-8.675671651739415e-15,4.8330037285652345e-18
533.92,-8.675860817154198e-15,5.074401720342128e-18
533.93,-8.677642797649473e-15,5.381860479793599e-18
533.94,-8.674582126960282e-15,5.018384244221297e-18
533.95,-8.673945146245332e-15,5.255666433046862e-18
533.96,-8.672777429021963e-15,4.89186786063425e-18
533.97,-8.671920937251313e-15,4.658413716551456e-18
533.98,-8.67134425222426e-15,5.088881976317353e-18
533.99,-8.67032770917039e-15,4.767748996780061e-18
534.0,-8.668514489840948e-15,4.660170625319093e-18
534.01,-8.669009751314612e-15,5.193551322961216e-18
534.02,-8.668456582503369e-15,5.59593892538864e-18
534.03,-8.667305625893764e-15,4.987411216829156e-18
534.04,-8.666240605632958e-15,4.8986802370869825e-18
534.05,-8.666104362364753e-15,5.0653511294675445e-18
534.06,-8.665386727054564e-15,5.107166664838878e-18
534.07,-8.664713691842369e-15,5.196874665759109e-18
534.08,-8.663543071478604e-15,5.069133885597255e-18
534.09,-8.66162038388096e-15,4.739616454642775e-18
534.1,-8.661539020349718e-15,4.930823951061134e-18
534.11,-8.660781103297476e-15,5.006593418951406e-18
534.12,-8.659900213411748e-15,4.9780091528886855e-18
534.13,-8.658962403198752e-15,4.718214474874932e-18
534.14,-8.659106283448803e-15,5.027194289168478e-18
534.15,-8.657979922161331e-15,4.861875913975969e-18
534.16,-8.657572291430332e-15,5.166874295614693e-18
534.17,-8.655995513721964e-15,5.015826681411486e-18
534.18,-8.655080154767532e-15,4.932589338081257e-18
534.19,-8.654833885628373e-15,5.024700924634369e-18
534.2,-8.654208887985307e-15,5.19984214154461e-18
534.21,-8.65304399447763e-15,4.7547099120775135e-18
534.22,-8.651023173266656e-15,4.367757382734052e-18
534.23,-8.651997798965686e-15,5.115909435642485e-18
534.24,-8.650969541368833e-15,4.880824029967291e-18
534.25,-8.65011500301757e-15,5.1427039536640745e-18
534.26,-8.64906787656467e-15,4.890111222538774e-18
534.27,-8.64768678796814e-15,5.042927617696094e-18
534.28,-8.647562474324466e-15,5.0062356198453264e-18
534.29,-8.646845151345333e-15,4.683273411520095e-18
534.3,-8.646219189139774e-15,5.049685205153587e-18
534.31,-8.643848282526803e-15,3.606029591751512e-18
534.32,-8.644811616318536e-15,5.252090900679287e-18
534.33,-8.644206653989833e-15,4.8793898113882524e-18
534.34,-8.643329307245557e-15,5.128132088854243e-18
534.35,-8.641907035353805e-15,4.983867497919184e-18
534.36,-8.641045822107831e-15,5.068702376774705e-18
534.37,-8.640772667550159e-15,4.859975625320412e-18
534.38,-8.64039707167833e-15,5.223921914168101e-18
534.39,-8.639191820594153e-15,4.955999785846776e-18
534.4,-8.63755646115927e-15,3.783668509743019e-18
534.41,-8.637939713977757e-15,5.035934542826317e-18
534.42,-8.637217202293093e-15,4.931671529334518e-18
534.43,-8.636183735984274e-15,5.168264532600715e-18
534.44,-8.635637753389864e-15,5.195355970609541e-18
534.45,-8.63429967870218e-15,5.049527212128618e-18
534.46,-8.633573344163465e-15,4.827654145562016e-18
534.47,-8.633535224265703e-15,5.114711802435758e-18
534.48,-8.632215547814565e-15,4.867136636994146e-18
534.49,-8.629616939074065e-15,4.855301360404452e-18
534.5,-8.630675205964421e-15,5.428327054935075e-18
534.51,-8.629769486283125e-15,4.920154426289225e-18
534.52,-8.628822327635677e-15,5.008372079439364e-18
534.53,-8.628323736735674e-15,5.054771436783416e-18
534.54,-8.627400154254232e-15,5.2201168281117815e-18
534.55,-8.626879379453145e-15,5.0076382998517194e-18
534.56,-8.625553605049976e-15,4.9683978551556606e-18
534.57,-8.624954576928431e-15,5.066968939601465e-18
534.58,-8.622143561764838e-15,4.35025018630083e-18
534.59,-8.6238326252322e-15,5.085335212082281e-18
534.6,-8.62304374457906e-15,4.807441425541723e-18
534.61,-8.621651947281254e-15,4.937299117922938e-18
534.62,-8.621439870636907e-15,5.2356146060351684e-18
534.63,-8.620314975696895e-15,5.03917070338528e-18
534.64,-8.619870032035348e-15,5.2319337603434324e-18
534.65,-8.61892865000679e-15,4.934066413173412e-18
534.66,-8.617837662268854e-15,4.927406720832455e-18
534.67,-8.617125646948819e-15,4.759696488431868e-18
534.68,-8.616482252458507e-15,4.853410557386287e-18
534.69,-8.615974107880239e-15,5.001854792513892e-18
534.7,-8.614805271433543e-15,4.9934995015458576e-18
534.71,-8.614049707261026e-15,5.078571712228528e-18
534.72,-8.613411456558096e-15,5.093768189119861e-18
534.73,-8.612617736159823e-15,5.039429741645193e-18
534.74,-8.611584164871806e-15,5.104891637686753e-18
534.75,-8.611138394576956e-15,5.068789956332983e-18
534.76,-8.610578138602515e-15,4.8828889944591955e-18
534.77,-8.609089874480929e-15,4.9791401873157404e-18
534.78,-8.608875050817477e-15,4.85411660624251e-18
534.79,-8.607736599736793e-15,4.788759121460109e-18
534.8,-8.60745330994276e-15,5.0821044253399046e-18
534.81,-8.606776930363545e-15,5.219189426959594e-18
534.82,-8.605220976091601e-15,4.810209140270372e-18
534.83,-8.604870625270406e-15,4.8491248938312575e-18
534.84,-8.6039843073964e-15,4.989855355233845e-18
534.85,-8.60391734145047e-15,5.0731902858831824e-18
534.86,-8.602658132660155e-15,5.025719693833525e-18
534.87,-8.601900879185826e-15,4.924164443556612e-18
534.88,-8.600795272551949e-15,5.00195069761079e-18
534.89,-8.600083161411335e-15,4.943517127406713e-18
534.9,-8.599347302242639e-15,5.00800546456341e-18
534.91,-8.598784884938887e-15,5.132235335352369e-18
534.92,-8.597863631214864e-15,5.052999131101152e-18
534.93,-8.5965490862034e-15,4.4884416590958886e-18
534.94,-8.59689845398491e-15,5.2146018032015455e-18
534.95,-8.595664411183024e-15,5.2166422329933316e-18
534.96,-8.5950884980769e-15,4.9829279084233255e-18
534.97,-8.594018364061214e-15,4.898502100181717e-18
534.98,-8.592973300238128e-15,5.021515178542498e-18
534.99,-8.592525061573264e-15,5.153385529929602e-18
535.0,-8.591307337673319e-15,5.17544344852693e-18
535.01,-8.591096973340025e-15,5.047255923306581e-18
535.02,-8.589811110578998e-15,5.090228470259945e-18
535.03,-8.589750764593736e-15,5.1792709752274104e-18
535.04,-8.588654838932503e-15,4.992797465114779e-18
535.05,-8.588097511477066e-15,5.150890471193143e-18
535.06,-8.586093914422912e-15,4.672600540339803e-18
535.07,-8.585985727451944e-15,4.9562886351695664e-18
535.08,-8.58532148358383e-15,5.2185463051677985e-18
535.09,-8.585207742727672e-15,5.128398028595988e-18
535.1,-8.584072818666901e-15,5.293286186451303e-18
535.11,-8.583011788544494e-15,5.037349329553455e-18
535.12,-8.582439708138253e-15,5.187287136885917e-18
535.13,-8.581566518751334e-15,5.104840155539108e-18
535.14,-8.581151316858487e-15,5.121162332404223e-18
535.15,-8.579380737670706e-15,4.632005151885043e-18
535.16,-8.578903738705454e-15,4.864300773966695e-18
535.17,-8.578544483440025e-15,4.9444658512322515e-18
535.18,-8.577905288274512e-15,5.040020333027146e-18
535.19,-8.577071444309907e-15,5.1330282154195635e-18
535.2,-8.57571088650623e-15,4.873798294604562e-18
535.21,-8.575535472370687e-15,5.1502573314904516e-18
535.22,-8.574809990434005e-15,5.0937181366241234e-18
535.23,-8.5740570934144e-15,5.026120582736313e-18
535.24,-8.572368379692857e-15,4.812187714529045e-18
535.25,-8.57187149718864e-15,4.982831312230365e-18
535.26,-8.571708487035063e-15,5.196877717930004e-18
535.27,-8.570331774081888e-15,4.797633290695756e-18
535.28,-8.570141020254654e-15,5.121312482716518e-18
535.29,-8.568971421254447e-15,4.943634947601438e-18
535.3,-8.568115654719567e-15,4.951592828119901e-18
535.31,-8.567846125771245e-15,5.104598602687573e-18
535.32,-8.566992700413108e-15,5.1451766338951164e-18
535.33,-8.565771717653531e-15,4.965440329468342e-18
535.34,-8.564930401454296e-15,4.908466505940529e-18
535.35,-8.564240804877672e-15,4.960325945300864e-18
535.36,-8.563971608725508e-15,5.079651916635634e-18
535.37,-8.56295930379155e-15,5.11442814011837e-18
535.38,-8.562165447917122e-15,4.989905048457052e-18
535.39,-8.561337995580155e-15,4.9138655729752894e-18
535.4,-8.560693113758435e-15,5.1130855677625034e-18
535.41,-8.560264434660079e-15,5.1223132214109545e-18
535.42,-8.558757656999821e-15,4.887975522301263e-18
535.43,-8.558145040040249e-15,4.922717019177777e-18
535.44,-8.557339226675483e-15,4.961951097812077e-18
535.45,-8.556756218067195e-15,5.042084820419873e-18
535.46,-8.556057863289348e-15,5.107433268490985e-18
535.47,-8.555152554849375e-15,4.999612890842108e-18
535.48,-8.554378272836786e-15,4.9932909181037264e-18
535.49,-8.553716861069147e-15,5.0605913511065765e-18
535.5,-8.553139010528037e-15,5.162653665127274e-18
535.51,-8.5519188154542e-15,4.95164049854265e-18
535.52,-8.55111617633637e-15,4.9458899968837686e-18
535.53,-8.550448667169629e-15,4.979650646836615e-18
535.54,-8.550057318108702e-15,5.083891578956786e-18
535.55,-8.548689687481132e-15,4.926677954472366e-18
535.56,-8.547748995634196e-15,4.8526278809255795e-18
535.57,-8.547316051547636e-15,4.968951338648304e-18
535.58,-8.546899986017073e-15,5.112561862946867e-18
535.59,-8.546359806222107e-15,5.224746318375824e-18
535.6,-8.544570179769515e-15,4.918477340005441e-18
535.61,-8.544381760109853e-15,5.0666925717408126e-18
535.62,-8.543728189668087e-15,4.8789342116902545e-18
535.63,-8.543172033294841e-15,5.1964858899620835e-18
535.64,-8.542323017455942e-15,5.028566567004017e-18
535.65,-8.54103181068814e-15,4.952697213187674e-18
535.66,-8.540416059459094e-15,5.05011367655003e-18
535.67,-8.539926578142015e-15,5.118926624003726e-18
535.68,-8.539510531085847e-15,5.270886167469881e-18
535.69,-8.537276181048138e-15,4.748452123396645e-18
535.7,-8.53743247850717e-15,5.050454811413879e-18
535.71,-8.537091939619374e-15,5.123647667282824e-18
535.72,-8.535550478316305e-15,4.982621284852314e-18
535.73,-8.535120524006707e-15,4.969136196148463e-18
535.74,-8.534189099906305e-15,4.793688184983137e-18
535.75,-8.533882732996812e-15,5.136500676987091e-18
535.76,-8.532792580449685e-15,4.932614143552271e-18
535.77,-8.532347544100237e-15,5.161693741056264e-18
535.78,-8.53084318000283e-15,4.849709668526417e-18
535.79,-8.530674673215832e-15,5.017307416107099e-18
535.8,-8.529833911272083e-15,4.939598266229983e-18
535.81,-8.528937498640242e-15,4.870301081015871e-18
535.82,-8.527961788585095e-15,4.997324377739237e-18
535.83,-8.527019714414385e-15,4.888837633668567e-18
535.84,-8.526552196881365e-15,4.966568296716414e-18
535.85,-8.52619206910199e-15,5.1479478549867596e-18
535.86,-8.524682579246129e-15,5.074828814154192e-18
535.87,-8.523830090685521e-15,4.999320775022413e-18
535.88,-8.52334027950439e-15,5.100166764185949e-18
535.89,-8.52254389399009e-15,4.8867039144985e-18
535.9,-8.519989160545267e-15,5.3860396453071685e-18
535.91,-8.521896216303744e-15,4.9674895062429386e-18
535.92,-8.520551459314162e-15,5.35789327097994e-18
535.93,-8.519555011416902e-15,5.082143225851765e-18
535.94,-8.519029181088294e-15,4.982498560304485e-18
535.95,-8.51820693290123e-15,5.0877133413671246e-18
535.96,-8.517551108283022e-15,5.0371095059231374e-18
535.97,-8.516347664673675e-15,4.961523910265298e-18
535.98,-8.515186686709994e-15,4.784240056221894e-18
535.99,-8.514678031733553e-15,4.9981010693962486e-18
536.0,-8.514620563241645e-15,5.156213657736508e-18
536.01,-8.513497967428876e-15,5.055648251862888e-18
536.02,-8.51270288257119e-15,5.215199635458731e-18
536.03,-8.51193998829905e-15,5.161918597477171e-18
536.04,-8.511122492683832e-15,5.012418870468659e-18
536.05,-8.509914728155486e-15,4.93243793123665e-18
536.06,-8.509867881224875e-15,5.2407324420625866e-18
536.07,-8.508120283523726e-15,4.608763633958549e-18
536.08,-8.508164378933861e-15,4.923863546426401e-18
536.09,-8.507631733724623e-15,5.1145286084635234e-18
536.1,-8.506274563015463e-15,5.2313339384615605e-18
536.11,-8.506033396982881e-15,5.22054924110573e-18
536.12,-8.505438484255647e-15,5.1614121103598746e-18
536.13,-8.504750215192213e-15,5.386787253925156e-18
536.14,-8.50357466262672e-15,4.826509327128878e-18
536.15,-8.503082651036535e-15,5.146872846273949e-18
536.16,-8.500981401121642e-15,4.813137649006911e-18
536.17,-8.501385592589717e-15,5.1373159905070716e-18
536.18,-8.5005331574188e-15,4.957431290331821e-18
536.19,-8.499703177265578e-15,5.026451076603394e-18
536.2,-8.499669245563984e-15,5.2946109751459815e-18
536.21,-8.498624018361814e-15,5.247050793639278e-18
536.22,-8.497463342093587e-15,5.22729786162637e-18
536.23,-8.496440049915242e-15,4.878793437680123e-18
536.24,-8.495583517006369e-15,4.855543907673381e-18
536.25,-8.494139176147953e-15,5.009319896987105e-18
536.26,-8.494610420823716e-15,5.177544351462232e-18
536.27,-8.493283125164017e-15,5.229620295374876e-18
536.28,-8.49302834681681e-15,5.235776145444694e-18
536.29,-8.492939182470928e-15,5.5025274297307476e-18
536.3,-8.49204025355128e-15,5.1359687103513776e-18
536.31,-8.490716458981734e-15,5.205561402686179e-18
536.32,-8.489719760230425e-15,4.8479011690658055e-18
536.33,-8.48900531214693e-15,5.0443220466777004e-18
536.34,-8.486813561819937e-15,5.503414566161072e-18
536.35,-8.487182622672521e-15,4.908706593989637e-18
536.36,-8.486971502830564e-15,5.2040929406559896e-18
536.37,-8.485664049047381e-15,5.039880973726662e-18
536.38,-8.486250527531107e-15,5.576555586599909e-18
536.39,-8.485393434323492e-15,5.120306932613796e-18
536.4,-8.483681710345078e-15,5.145204076576594e-18
536.41,-8.482735782523459e-15,4.943991579762952e-18
536.42,-8.482685988120998e-15,4.906602117154953e-18
536.43,-8.477810996945483e-15,4.303808379636751e-18
536.44,-8.48071437468982e-15,5.244508149920844e-18
536.45,-8.478615190069859e-15,4.604813534436731e-18
536.46,-8.478694226761887e-15,4.8417674548706685e-18
536.47,-8.479112193146939e-15,5.734469428673532e-18
536.48,-8.478014510480044e-15,5.169655433398359e-18
536.49,-8.476888028740818e-15,5.190479218825898e-18
536.5,-8.475583241196898e-15,4.68609156684834e-18
536.51,-8.474712332492022e-15,5.059352033366907e-18
536.52,-8.471937780471915e-15,3.840849400402519e-18
536.53,-8.473479228295877e-15,5.105605069270958e-18
536.54,-8.472545914265592e-15,4.790404357095197e-18
536.55,-8.472600617635749e-15,5.137119503385346e-18
536.56,-8.471724412688187e-15,5.3955055531876784e-18
536.57,-8.471305070030517e-15,5.343738893358536e-18
536.58,-8.469856720937635e-15,5.182274886566268e-18
536.59,-8.468661217275723e-15,4.749510118205136e-18
536.6,-8.468373276204951e-15,5.033973477212226e-18
536.61,-8.466461923387244e-15,4.3016277499270614e-18
536.62,-8.466342307332238e-15,4.892933101057369e-18
536.63,-8.466254297239873e-15,5.415140406906264e-18
536.64,-8.465088616416132e-15,5.0839839139721485e-18
536.65,-8.464903783669838e-15,5.552504639639919e-18
536.66,-8.463545154679133e-15,5.003643147699257e-18
536.67,-8.463492148978457e-15,5.283093073380846e-18
536.68,-8.462116210599482e-15,4.732969302611453e-18
536.69,-8.461822203462282e-15,4.919108092994487e-18
536.7,-8.46040188811409e-15,4.7935084154383e-18
536.71,-8.459740673076402e-15,4.8418714483389234e-18
536.72,-8.459261017482328e-15,5.202638473798296e-18
536.73,-8.458674729361702e-15,5.2105464940298496e-18
536.74,-8.457874565925456e-15,5.4056492711560895e-18
536.75,-8.457080042434458e-15,5.189634033025844e-18
536.76,-8.456240376268509e-15,5.099811712349635e-18
536.77,-8.455366643477213e-15,4.799805852373997e-18
536.78,-8.454600953549236e-15,5.024890407784829e-18
536.79,-8.454152092599596e-15,5.2232201642071686e-18
536.8,-8.453126548385699e-15,5.22102899487112e-18
536.81,-8.45297547620194e-15,5.466240169698757e-18
536.82,-8.45192117540334e-15,5.156815934362105e-18
536.83,-8.450773126207816e-15,5.353800671583847e-18
536.84,-8.45007817068367e-15,5.125575112676313e-18
536.85,-8.449932071037123e-15,5.322743363516205e-18
536.86,-8.448914343226458e-15,4.873789731306251e-18
536.87,-8.447824089227035e-15,5.012985653232515e-18
536.88,-8.44777823409451e-15,5.5366966395617856e-18
536.89,-8.445162598543262e-15,4.9486290179937506e-18
536.9,-8.448875454135816e-15,5.457178861470472e-18
536.91,-8.444559095601634e-15,4.8914571008865105e-18
536.92,-8.4431257037549e-15,5.07517328923888e-18
536.93,-8.442760226318929e-15,5.101677282824564e-18
536.94,-8.442410910260551e-15,5.413099442583039e-18
536.95,-8.441891307109194e-15,4.8135482075936286e-18
536.96,-8.440883031224074e-15,4.9676446877529995e-18
536.97,-8.440624373480773e-15,5.2910467567693785e-18
536.98,-8.439258394107147e-15,5.200746820058585e-18
536.99,-8.43874775124406e-15,5.0585398009478835e-18
537.0,-8.43774071692661e-15,5.010473016735285e-18
537.01,-8.435794988884383e-15,4.901760343560457e-18
537.02,-8.436396883117886e-15,4.99020772154419e-18
537.03,-8.435376744619605e-15,5.175634426825114e-18
537.04,-8.43483691004473e-15,4.716960642966014e-18
537.05,-8.433901107856927e-15,5.050889647818879e-18
537.06,-8.433169625592922e-15,5.151957091570339e-18
537.07,-8.432433440765596e-15,4.990097144594395e-18
537.08,-8.431519629999902e-15,5.001553469101357e-18
537.09,-8.431270166390083e-15,5.238460377296137e-18
537.1,-8.428921461194344e-15,4.65015155471088e-18
537.11,-8.42939812384733e-15,4.882847961033664e-18
537.12,-8.428919044623819e-15,5.3088491106611996e-18
537.13,-8.428636852095228e-15,4.6435511782780515e-18
537.14,-8.427326434197941e-15,4.981939776060941e-18
537.15,-8.426662185393352e-15,5.228253065259165e-18
537.16,-8.425306491449512e-15,4.955413488884016e-18
537.17,-8.425121647975726e-15,5.040140947227345e-18
537.18,-8.424391170559604e-15,5.13187328311579e-18
537.19,-8.421814545993887e-15,4.3991111931955016e-18
537.2,-8.422264216056203e-15,4.93034065802028e-18
537.21,-8.421862729164167e-15,5.030061296608825e-18
537.22,-8.421841172683583e-15,4.610151416990745e-18
537.23,-8.419977263060665e-15,4.7043015198375034e-18
537.24,-8.419949778403345e-15,5.259400565082068e-18
537.25,-8.418877971616002e-15,5.04925957107543e-18
537.26,-8.418122451341219e-15,4.8741205600906345e-18
537.27,-8.417707937497002e-15,5.260958392896153e-18
537.28,-8.414812063885883e-15,4.227172416043111e-18
537.29,-8.415424617973949e-15,4.433164066920948e-18
537.3,-8.415406639999095e-15,5.195455851269616e-18
537.31,-8.41858026790786e-15,5.404706906809815e-18
537.32,-8.413661854949125e-15,4.79792638967678e-18
537.33,-8.412491516881743e-15,5.0684757341281805e-18
537.34,-8.411900768092475e-15,5.010073059650371e-18
537.35,-8.410996554798446e-15,4.363857950578752e-18
537.36,-8.410847064291802e-15,5.137555011928825e-18
537.37,-8.408225439305941e-15,3.835150589984211e-18
537.38,-8.407772304237519e-15,4.510062279320204e-18
537.39,-8.408826801363352e-15,5.337928107506636e-18
537.4,-8.411840328414032e-15,7.102629558228638e-18
537.41,-8.405771837091672e-15,5.179842429982325e-18
537.42,-8.406658706496406e-15,5.206025662313503e-18
537.43,-8.405420814258776e-15,5.165217660350384e-18
537.44,-8.403315007443258e-15,4.969659766681218e-18
537.45,-8.404911587783478e-15,5.409850586235927e-18
537.46,-8.401375226842489e-15,4.561249865618209e-18
537.47,-8.401319016917442e-15,5.121374381332057e-18
537.48,-8.40255623991716e-15,5.471118023786873e-18
537.49,-8.403190805149219e-15,7.658170475247968e-18
537.5,-8.399741228228873e-15,5.205175295695589e-18
537.51,-8.399707518928432e-15,5.427182044819708e-18
537.52,-8.39846466920499e-15,5.11809766313024e-18
537.53,-8.397591122978694e-15,5.256348742796125e-18
537.54,-8.397600547421271e-15,5.390635519563405e-18
537.55,-8.394891242114418e-15,4.18471257719063e-18
537.56,-8.395138213675414e-15,5.08527899073631e-18
537.57,-8.395005576600174e-15,5.319879014350302e-18
537.58,-8.394375916958143e-15,7.112857564574068e-18
537.59,-8.393487869162546e-15,5.324085137020579e-18
537.6,-8.392620570996793e-15,5.222082981730563e-18
537.61,-8.391690981410691e-15,5.087725613242648e-18
537.62,-8.390403807268325e-15,5.008386178088668e-18
537.63,-8.390634841626467e-15,5.197537779375585e-18
537.64,-8.388371588017144e-15,4.215243577461143e-18
537.65,-8.388203546832209e-15,4.792302937001094e-18
537.66,-8.388120978812155e-15,5.213400075288497e-18
537.67,-8.386334682309213e-15,5.752403244024775e-18
537.68,-8.38629739120592e-15,5.200733460228427e-18
537.69,-8.385807683878376e-15,5.09865292323088e-18
537.7,-8.385028458967443e-15,5.151129190215115e-18
537.71,-8.383880384609412e-15,5.1492303828840445e-18
537.72,-8.383342276030596e-15,5.07744860417765e-18
537.73,-8.381866047270252e-15,4.550680633833809e-18
537.74,-8.381772461804803e-15,5.144901867950244e-18
537.75,-8.381002990623611e-15,4.862585589523177e-18
537.76,-8.379301856206883e-15,5.297794454161037e-18
537.77,-8.379655226795198e-15,5.108636940477859e-18
537.78,-8.379359065665272e-15,5.123387688252846e-18
537.79,-8.377776287987107e-15,5.141817883334506e-18
537.8,-8.37697219256327e-15,4.945621842922635e-18
537.81,-8.376639295933105e-15,5.128806219986154e-18
537.82,-8.376171724686671e-15,4.67610304849185e-18
537.83,-8.374733096565353e-15,5.0645134957630464e-18
537.84,-8.373915748390634e-15,4.969635893028077e-18
537.85,-8.372559464592521e-15,4.932914353470093e-18
537.86,-8.372973456291708e-15,5.100162629063114e-18
537.87,-8.369591529811807e-15,4.3289516093540415e-18
537.88,-8.372075850391777e-15,5.309113925981292e-18
537.89,-8.370229378254307e-15,4.929416029546287e-18
537.9,-8.369841489636368e-15,4.995278433759174e-18
537.91,-8.369825055805131e-15,4.915804973231382e-18
537.92,-8.368093680375964e-15,4.91787694004893e-18
537.93,-8.367789595160569e-15,5.251548195625891e-18
537.94,-8.366105010873533e-15,4.917171796680605e-18
537.95,-8.36641856545966e-15,5.102481551840883e-18
537.96,-8.36520458208309e-15,4.674815703393685e-18
537.97,-8.364266401006645e-15,5.035948437813252e-18
537.98,-8.364018023350909e-15,5.2453421553545585e-18
537.99,-8.363076973205913e-15,5.0489046968348084e-18
538.0,-8.363263340724442e-15,4.9629212340961875e-18
538.01,-8.361331645578459e-15,4.921978355313636e-18
538.02,-8.360625846094497e-15,4.974028505854542e-18
538.03,-8.359229470598804e-15,4.708788159018294e-18
538.04,-8.359325246093764e-15,5.116612359262127e-18
538.05,-8.358091569357542e-15,5.030487686423137e-18
538.06,-8.358044580712678e-15,5.353604298075969e-18
538.07,-8.357495999261893e-15,5.2960024259768384e-18
538.08,-8.356354091003138e-15,5.002908589583571e-18
538.09,-8.356807666230833e-15,5.2991440796264895e-18
538.1,-8.354502978301017e-15,4.949454374030131e-18
538.11,-8.354296803941165e-15,5.170908709909332e-18
538.12,-8.352301138006267e-15,4.710457983000827e-18
538.13,-8.352375620472798e-15,4.9646253128188475e-18
538.14,-8.352005458761254e-15,5.201856274436766e-18
538.15,-8.351152912657405e-15,5.017033949019975e-18
538.16,-8.350775744942448e-15,5.442428579736074e-18
538.17,-8.349125384099466e-15,4.965933576556873e-18
538.18,-8.349452190027296e-15,5.218382867893555e-18
538.19,-8.347721616246916e-15,5.008875663281783e-18
538.2,-8.347091431628596e-15,5.0655157423752466e-18
538.21,-8.345784164297458e-15,4.7714896686548725e-18
538.22,-8.34559485090689e-15,5.053117800766748e-18
538.23,-8.34561978651276e-15,5.519421199451506e-18
538.24,-8.343851762530203e-15,4.895368322288861e-18
538.25,-8.34286555774223e-15,5.528541792716021e-18
538.26,-8.342851757620095e-15,5.1506962745160865e-18
538.27,-8.34280672480539e-15,5.221104050789929e-18
538.28,-8.341132880239896e-15,4.95022608714933e-18
538.29,-8.340185560702074e-15,4.824575019090272e-18
538.3,-8.338927584981427e-15,4.824503498711361e-18
538.31,-8.338647212266553e-15,5.069941110680055e-18
538.32,-8.338744814090317e-15,5.244097768798169e-18
538.33,-8.337520940279294e-15,5.053019395111967e-18
538.34,-8.33482778320558e-15,5.859333846189768e-18
538.35,-8.334970299016338e-15,4.696381236419318e-18
538.36,-8.335806277140878e-15,5.284365214760586e-18
538.37,-8.334273222404038e-15,4.915359143007926e-18
538.38,-8.334529115851558e-15,4.8270393574581074e-18
538.39,-8.33222627931774e-15,4.9130141194559405e-18
538.4,-8.33179250923256e-15,4.900298277344899e-18
538.41,-8.33157099324313e-15,5.016780313671274e-18
538.42,-8.330780917013154e-15,5.041902669114715e-18
538.43,-8.332604520384203e-15,6.051081062632069e-18
538.44,-8.329643062281692e-15,5.037952444328034e-18
538.45,-8.32903461224867e-15,5.439666756076401e-18
538.46,-8.32754270744435e-15,4.999213619389785e-18
538.47,-8.326898935833996e-15,5.028419591494483e-18
538.48,-8.325963277244093e-15,4.957760124883773e-18
538.49,-8.325231833724122e-15,4.787759166609077e-18
538.5,-8.324745754989642e-15,5.124725972508713e-18
538.51,-8.323815296108829e-15,4.875824917384448e-18
538.52,-8.323579979173137e-15,5.358657764485364e-18
538.53,-8.322516114547645e-15,5.0469751017303746e-18
538.54,-8.322022509404607e-15,5.1601753713452074e-18
538.55,-8.32076076089215e-15,4.931444580733665e-18
538.56,-8.320001955899194e-15,4.906725464143429e-18
538.57,-8.319220944642843e-15,4.861403185574952e-18
538.58,-8.318729467821066e-15,4.934864690935191e-18
538.59,-8.318429894409103e-15,5.365637662255021e-18
538.6,-8.317061636587007e-15,5.050958433829713e-18
538.61,-8.316092285885662e-15,4.8631296416181796e-18
538.62,-8.315522956154705e-15,4.991744731825524e-18
538.63,-8.31536610628701e-15,5.2103908117236326e-18
538.64,-8.313791626842228e-15,4.808876100155958e-18
538.65,-8.313233207817842e-15,4.8854681876081355e-18
538.66,-8.312398856864269e-15,4.881126469244238e-18
538.67,-8.312283071128125e-15,5.158821533445526e-18
538.68,-8.311184125316146e-15,5.050409377459347e-18
538.69,-8.310102034335406e-15,4.756964240445083e-18
538.7,-8.308865767292942e-15,4.7828908313341236e-18
538.71,-8.309237433933928e-15,5.1281300224776744e-18
538.72,-8.308505681744085e-15,5.1837511813695654e-18
538.73,-8.307481156555709e-15,5.2232790804262506e-18
538.74,-8.306365079098994e-15,4.930085149820339e-18
538.75,-8.305845636467157e-15,4.9454077944305486e-18
538.76,-8.305184210940129e-15,5.0348271108536436e-18
538.77,-8.304694084604315e-15,5.066341701631392e-18
538.78,-8.303722421847312e-15,5.086055980448658e-18
538.79,-8.302634572912346e-15,4.8244364402102955e-18
538.8,-8.302110147722766e-15,5.02034438144041e-18
538.81,-8.301453849070716e-15,5.056358572494524e-18
538.82,-8.300648827144402e-15,4.920979356043283e-18
538.83,-8.29992895837051e-15,5.0179630556964e-18
538.84,-8.298962011003427e-15,4.8296266094230035e-18
538.85,-8.298529913754337e-15,4.8217763595299475e-18
538.86,-8.29757788850537e-15,4.930492519846884e-18
538.87,-8.296578751371192e-15,5.510471349305684e-18
538.88,-8.296268013794086e-15,5.105109192015233e-18
538.89,-8.295596526654844e-15,5.0321996340567985e-18
538.9,-8.294789685411036e-15,4.852260060103783e-18
538.91,-8.294177799364179e-15,5.14047869569714e-18
538.92,-8.293018236207499e-15,4.962166483340379e-18
538.93,-8.29203159818622e-15,4.678237396421759e-18
538.94,-8.291883007590914e-15,5.116788759442133e-18
538.95,-8.290656987655615e-15,4.93718907441847e-18
538.96,-8.290375678201134e-15,5.015171689013012e-18
538.97,-8.28968104691551e-15,5.011994469686608e-18
538.98,-8.28874332106738e-15,5.179926286745202e-18
538.99,-8.288164676980532e-15,5.0766869938046704e-18
539.0,-8.286570326434012e-15,4.592014271653053e-18
539.01,-8.286376799325102e-15,4.889470259278465e-18
539.02,-8.285434645884969e-15,4.7796993875011275e-18
539.03,-8.28529581734547e-15,5.016049519902983e-18
539.04,-8.284170345327574e-15,4.897278838297254e-18
539.05,-8.282801487536545e-15,4.776903474683969e-18
539.06,-8.282791857044258e-15,5.029095212376474e-18
539.07,-8.282221486138182e-15,4.9314381040860046e-18
539.08,-8.281610503073988e-15,5.030805444414681e-18
539.09,-8.279799692430823e-15,4.567766373176372e-18
539.1,-8.279311877975702e-15,4.88029387852017e-18
539.11,-8.279139509190536e-15,4.687182541005801e-18
539.12,-8.278277803817518e-15,5.053228108360882e-18
539.13,-8.277194710994595e-15,4.8139628810291e-18
539.14,-8.27644623207846e-15,4.7313551264092606e-18
539.15,-8.276612036788596e-15,5.141519473860489e-18
539.16,-8.275272779639828e-15,4.9481712455460784e-18
539.17,-8.274993166955e-15,4.990224233072556e-18
539.18,-8.273265347763066e-15,4.555352104086046e-18
539.19,-8.272949352735659e-15,4.831352674202778e-18
539.2,-8.272504153770232e-15,4.793152711194532e-18
539.21,-8.27152081871485e-15,4.9494871603803716e-18
539.22,-8.27075233336906e-15,4.862993354499373e-18
539.23,-8.270162743409327e-15,4.660181423769122e-18
539.24,-8.269540279500047e-15,5.037813870187453e-18
539.25,-8.268614170473035e-15,4.915465718854466e-18
539.26,-8.268653037257973e-15,5.101407473761098e-18
539.27,-8.26655528334154e-15,4.599025152432849e-18
539.28,-8.266204083787764e-15,4.868624656141102e-18
539.29,-8.265765868214096e-15,4.9359353509890565e-18
539.3,-8.265066175672273e-15,4.917738441870333e-18
539.31,-8.263998923440936e-15,4.95000170131093e-18
539.32,-8.263417068017695e-15,4.778336839118567e-18
539.33,-8.262241782050588e-15,4.909437280068323e-18
539.34,-8.262046257131003e-15,4.929593070992874e-18
539.35,-8.261662237190226e-15,5.117865142053126e-18
539.36,-8.259977122503187e-15,4.6552431036794976e-18
539.37,-8.259536430946456e-15,4.8356204519363104e-18
539.38,-8.2592308945386e-15,4.9549226204455775e-18
539.39,-8.25828646981162e-15,5.029972227037168e-18
539.4,-8.257325035597436e-15,4.887796401576419e-18
539.41,-8.25675040715773e-15,4.858019237226675e-18
539.42,-8.255960789314743e-15,4.932425055614761e-18
539.43,-8.255108475611907e-15,4.8951142719797285e-18
539.44,-8.255089850529447e-15,5.13691110023773e-18
539.45,-8.253326171676041e-15,4.665844918546718e-18
539.46,-8.252942803758693e-15,4.8292406364519955e-18
539.47,-8.25255856763301e-15,4.871610274597022e-18
539.48,-8.251268536514924e-15,4.757144229005958e-18
539.49,-8.250847182990068e-15,4.9042129519236905e-18
539.5,-8.250584222337736e-15,5.120235400649695e-18
539.51,-8.2492501459202e-15,4.756335215854443e-18
539.52,-8.24876261380155e-15,4.972202792579263e-18
539.53,-8.248305202450551e-15,5.20361924502328e-18
539.54,-8.247168759159604e-15,4.890602981588674e-18
539.55,-8.24620795236928e-15,4.754731973306711e-18
539.56,-8.24529472109583e-15,4.658803607291343e-18
539.57,-8.24489315980232e-15,4.940906186164338e-18
539.58,-8.243841561112837e-15,4.7607569728713026e-18
539.59,-8.243481138574244e-15,4.79908079577597e-18
539.6,-8.242804710335127e-15,4.877063740120557e-18
539.61,-8.241638318595695e-15,4.827895165659385e-18
539.62,-8.241365945377447e-15,5.150821575485044e-18
539.63,-8.240013957644676e-15,4.6017758833556344e-18
539.64,-8.239567275815513e-15,4.695035219460711e-18
539.65,-8.238493961939603e-15,4.672190556437737e-18
539.66,-8.237689148394617e-15,4.793951202262035e-18
539.67,-8.237523797610909e-15,4.9715416762889904e-18
539.68,-8.236601187382286e-15,4.778567974383184e-18
539.69,-8.235776565830084e-15,4.997876318953497e-18
539.7,-8.235330989885217e-15,4.93383148073121e-18
539.71,-8.234509003880475e-15,5.12497610320587e-18
539.72,-8.233313356870272e-15,4.552803713850206e-18
539.73,-8.232574346919126e-15,4.72636245295386e-18
539.74,-8.231729092932857e-15,4.637122636407273e-18
539.75,-8.231396141623229e-15,4.787753991188864e-18
539.76,-8.230987160137868e-15,4.864640550203748e-18
539.77,-8.229498219809822e-15,4.8785680445226414e-18
539.78,-8.22928969352691e-15,4.948849558141584e-18
539.79,-8.228650953368671e-15,4.79315090838103e-18
539.8,-8.227671836203352e-15,4.725615509299432e-18
539.81,-8.226724152161231e-15,4.432805012928181e-18
539.82,-8.226735169917849e-15,4.9317355187476786e-18
539.83,-8.225234641383182e-15,4.6312547938908914e-18
539.84,-8.227918372211505e-15,5.1524394747788484e-18
539.85,-8.223457782718193e-15,4.797000186801832e-18
539.86,-8.223442145402453e-15,4.7208806695075104e-18
539.87,-8.222569887385798e-15,4.8966470657785996e-18
539.88,-8.2217132153646e-15,4.806773512892049e-18
539.89,-8.220754710358214e-15,4.742461326471741e-18
539.9,-8.219880400067327e-15,4.6320803435842496e-18
539.91,-8.219572997494993e-15,4.675863244279891e-18
539.92,-8.219016902120272e-15,4.952017889784365e-18
539.93,-8.218034177191009e-15,4.957862061915025e-18
539.94,-8.217720775582046e-15,4.782015439126592e-18
539.95,-8.21693541097659e-15,4.908237338249242e-18
539.96,-8.215950549303895e-15,4.8504448288580375e-18
539.97,-8.215638368651232e-15,4.808589321422532e-18
539.98,-8.214342148843279e-15,4.8587996290353065e-18
539.99,-8.214082127772753e-15,4.849243008658421e-18
540.0,-8.21325298825301e-15,4.9643106160162165e-18
540.01,-8.213556715107414e-15,5.300753251059629e-18
540.02,-8.211966576820029e-15,4.910984425284275e-18
540.03,-8.21063168378406e-15,4.650908487826804e-18
540.04,-8.210129638086218e-15,4.9057813580691986e-18
540.05,-8.209164198281625e-15,4.940423412943049e-18
540.06,-8.208187954066423e-15,4.738215888933508e-18
540.07,-8.208221253355679e-15,4.837612843113537e-18
540.08,-8.20739482875827e-15,4.694193522892707e-18
540.09,-8.206261815719833e-15,4.629802708711238e-18
540.1,-8.206728711897789e-15,5.213016195813932e-18
540.11,-8.204889269660822e-15,4.803842690672111e-18
540.12,-8.203615093373311e-15,4.494169063062498e-18
540.13,-8.202953133903452e-15,4.822377753574727e-18
540.14,-8.202885110098575e-15,4.881750300115331e-18
540.15,-8.201712291307155e-15,4.978492678686532e-18
540.16,-8.201190097626806e-15,4.842441104164008e-18
540.17,-8.20040594298462e-15,4.622375537835402e-18
540.18,-8.19956255253826e-15,4.621633627024364e-18
540.19,-8.200474971128816e-15,5.165275824322032e-18
540.2,-8.198029752044991e-15,4.6657115524755215e-18
540.21,-8.197892407823171e-15,4.977957488208477e-18
540.22,-8.196953230959648e-15,4.7569968869831484e-18
540.23,-8.196183009130306e-15,4.8454844271334844e-18
540.24,-8.195010637526683e-15,4.696837911960163e-18
540.25,-8.194827807883653e-15,4.937653911198882e-18
540.26,-8.19389790403085e-15,4.5082921781810605e-18
540.27,-8.192262453058222e-15,4.417258252822607e-18
540.28,-8.191984389302731e-15,4.893391760693605e-18
540.29,-8.191672242094405e-15,4.716559696400577e-18
540.3,-8.190869702120785e-15,4.5908539043154956e-18
540.31,-8.190284872265773e-15,4.945815193420068e-18
540.32,-8.18964889205992e-15,4.902287559215182e-18
540.33,-8.187949354825107e-15,4.428060894584133e-18
540.34,-8.188306263742454e-15,4.973465370911479e-18
540.35,-8.187880017603386e-15,4.753435714984845e-18
540.36,-8.185191599639134e-15,4.769594214183029e-18
540.37,-8.187895487133457e-15,6.458971278940279e-18
540.38,-8.18524620218516e-15,4.9214960707767144e-18
540.39,-8.184352007686527e-15,4.6910204916123924e-18
540.4,-8.183476367823973e-15,4.590170050049802e-18
540.41,-8.182960754318398e-15,4.9505987593351526e-18
540.42,-8.181603570369915e-15,4.646523477188677e-18
540.43,-8.181410169232173e-15,4.758741445938531e-18
540.44,-8.181382448371827e-15,4.985670091302731e-18
540.45,-8.180255284816901e-15,4.747561518255196e-18
540.46,-8.180802728219084e-15,6.079161894274987e-18
540.47,-8.178790789378475e-15,4.841157060713266e-18
540.48,-8.178101048108492e-15,4.8650521280238634e-18
540.49,-8.176868109349449e-15,4.85694990815313e-18
540.5,-8.175965320333644e-15,4.868355132494582e-18
540.51,-8.175460095728591e-15,4.746781668054184e-18
540.52,-8.174266504815734e-15,4.7180133791515655e-18
540.53,-8.174617986481254e-15,4.73640620120105e-18
540.54,-8.17332557131451e-15,4.4731971286971024e-18
540.55,-8.17305394038912e-15,5.066534777243867e-18
540.56,-8.171925092332763e-15,4.9200307227928646e-18
540.57,-8.171340664501477e-15,4.965180434167689e-18
540.58,-8.170301717900804e-15,4.640447066764852e-18
540.59,-8.169363106887437e-15,4.727341133052096e-18
540.6,-8.16915786782648e-15,4.882496912933601e-18
540.61,-8.168286399748917e-15,4.778258456357837e-18
540.62,-8.16803996861447e-15,4.7564972393405905e-18
540.63,-8.166351104887008e-15,4.6177111292829075e-18
540.64,-8.166249531749364e-15,4.759684924832718e-18
540.65,-8.164972806639542e-15,4.664775982053126e-18
540.66,-8.164523121372058e-15,4.74290790920593e-18
540.67,-8.163689999668333e-15,4.67532178542429e-18
540.68,-8.162699562849255e-15,4.72661132718453e-18
540.69,-8.16243689045303e-15,4.824570661479134e-18
540.7,-8.16138305587564e-15,4.728949828801296e-18
540.71,-8.16128824031423e-15,4.560242954124043e-18
540.72,-8.160213987040308e-15,4.6691722771926515e-18
540.73,-8.159351870479943e-15,4.714668197217829e-18
540.74,-8.158987853109637e-15,4.882583494322463e-18
540.75,-8.157730680879299e-15,4.376753133533241e-18
540.76,-8.157511466735948e-15,4.694616665101873e-18
540.77,-8.15598358015172e-15,4.809865532231815e-18
540.78,-8.155627360484574e-15,4.6745169828309934e-18
540.79,-8.154581965918011e-15,4.510047625634992e-18
540.8,-8.154589768003006e-15,4.56888840143491e-18
540.81,-8.153809217836416e-15,4.797319590614391e-18
540.82,-8.152516492501888e-15,4.585947063556071e-18
540.83,-8.152520158417166e-15,4.9469213325908874e-18
540.84,-8.148134803732606e-15,3.742215798290512e-18
540.85,-8.150331671926695e-15,4.5085621352189945e-18
540.86,-8.149660173117351e-15,4.877571373677949e-18
540.87,-8.149508923820791e-15,4.862866755232179e-18
540.88,-8.148045417343925e-15,4.859245082213498e-18
540.89,-8.147686555663728e-15,4.28583865622032e-18
540.9,-8.147114970638093e-15,4.75377811895357e-18
540.91,-8.145818277281296e-15,4.58025523166769e-18
540.92,-8.14553231582192e-15,4.75610931663481e-18
540.93,-8.144995273036325e-15,4.7760733005251604e-18
540.94,-8.14396778576283e-15,4.7182985791395904e-18
540.95,-8.14301498297893e-15,4.915880994193204e-18
540.96,-8.1422799268345e-15,4.630049833446609e-18
540.97,-8.141720261610474e-15,4.668589540569336e-18
540.98,-8.140969637899463e-15,4.186075300930836e-18
540.99,-8.140554038376573e-15,4.774711725298536e-18
541.0,-8.139346138545852e-15,4.825052343915314e-18
541.01,-8.13904379852344e-15,4.747019226055835e-18
541.02,-8.138377271729971e-15,4.736455874018524e-18
541.03,-8.137333820883361e-15,4.727245636596436e-18
541.04,-8.135664509069163e-15,5.392219543861172e-18
541.05,-8.136251274011451e-15,4.987708612862371e-18
541.06,-8.134635573400504e-15,4.565851281018035e-18
541.07,-8.134061732270282e-15,4.280727397157773e-18
541.08,-8.134082651843802e-15,4.849478846391046e-18
541.09,-8.13269238993646e-15,4.6856565836537194e-18
541.1,-8.132343914750636e-15,4.77980184362787e-18
541.11,-8.13225536125126e-15,4.9327090410009625e-18
541.12,-8.130654368576863e-15,4.5748938242669014e-18
541.13,-8.12935524930082e-15,5.954170599677392e-18
541.14,-8.130038096331688e-15,5.039988997524444e-18
541.15,-8.128276471380232e-15,4.611003940757822e-18
541.16,-8.126812381797595e-15,4.082894893337489e-18
541.17,-8.127479316453461e-15,4.839817802643212e-18
541.18,-8.126409719198046e-15,4.8160830788016885e-18
541.19,-8.125690048038132e-15,4.759625414049851e-18
541.2,-8.12583023833743e-15,4.918433559474707e-18
541.21,-8.123799815216149e-15,4.562217167167662e-18
541.22,-8.12341327413008e-15,6.641965683082861e-18
541.23,-8.123186576542372e-15,4.864274813761642e-18
541.24,-8.121049071997397e-15,4.4452128400276796e-18
541.25,-8.12004408113074e-15,3.9665525291117225e-18
541.26,-8.121086985699319e-15,5.005835898940303e-18
541.27,-8.119306688339903e-15,4.022679541555846e-18
541.28,-8.119161923760616e-15,4.740810570954519e-18
541.29,-8.11849225879465e-15,5.0061937277992554e-18
541.3,-8.118173337143995e-15,4.160817564251434e-18
541.31,-8.119597062559607e-15,7.202376481769586e-18
541.32,-8.1165012054804e-15,4.9440161619557646e-18
541.33,-8.115472803489296e-15,4.008541180327597e-18
541.34,-8.114503566083735e-15,4.022917619442885e-18
541.35,-8.114291372689637e-15,5.0224587306998444e-18
541.36,-8.11375460511391e-15,4.45340689105676e-18
541.37,-8.11253219952031e-15,4.622842920329607e-18
541.38,-8.111585718562754e-15,4.9238081983141056e-18
541.39,-8.111664844322774e-15,4.738474308570618e-18
541.4,-8.114008130015204e-15,6.265800546429116e-18
541.41,-8.10951902310606e-15,4.764303665817962e-18
541.42,-8.109894631625626e-15,5.067189972448988e-18
541.43,-8.107046225485977e-15,3.83030981548068e-18
541.44,-8.107416657468938e-15,4.952150214110034e-18
541.45,-8.107261951793689e-15,4.781795215860027e-18
541.46,-8.106106100225648e-15,4.6668851614216424e-18
541.47,-8.104816117060243e-15,4.67294647265705e-18
541.48,-8.10529761411443e-15,4.911173326278951e-18
541.49,-8.107100853659826e-15,5.645387971500627e-18
541.5,-8.102537510123986e-15,4.533528820994608e-18
541.51,-8.102813318521608e-15,5.049596427844671e-18
541.52,-8.100225335617602e-15,3.6712587302727685e-18
541.53,-8.100816995770697e-15,4.6568650494628526e-18
541.54,-8.100234400469319e-15,4.713657285147009e-18
541.55,-8.099440768057401e-15,4.623082117503955e-18
541.56,-8.098752922840239e-15,4.5712364176520426e-18
541.57,-8.098353061629614e-15,4.766400983071217e-18
541.58,-8.099541022342477e-15,5.236919391188326e-18
541.59,-8.095978141776191e-15,4.555757114946681e-18
541.6,-8.09597906690783e-15,4.777463262099625e-18
541.61,-8.093801847002264e-15,3.872698057202369e-18
541.62,-8.094516698750633e-15,4.878704966588836e-18
541.63,-8.09385201615823e-15,4.704377554490913e-18
541.64,-8.092732825465481e-15,4.5397719349262824e-18
541.65,-8.092791275791423e-15,4.844477838971432e-18
541.66,-8.091685763743249e-15,4.563338529458808e-18
541.67,-8.091717039769692e-15,4.90702519037958e-18
541.68,-8.089915215658016e-15,4.5459057331140445e-18
541.69,-8.089501284167322e-15,4.944633117543351e-18
541.7,-8.087442500722748e-15,3.7315406594409785e-18
541.71,-8.088008868415322e-15,4.7150552083798176e-18
541.72,-8.086974120733701e-15,4.6034508339327295e-18
541.73,-8.086805639686758e-15,4.643973654338807e-18
541.74,-8.086216511961614e-15,4.850408065891421e-18
541.75,-8.08542746174711e-15,4.806026573187118e-18
541.76,-8.085435886347003e-15,5.005908265038064e-18
541.77,-8.083743725352464e-15,4.785572191375012e-18
541.78,-8.083111297292693e-15,4.752882687527399e-18
541.79,-8.080847517841349e-15,3.9276266123773204e-18
541.8,-8.081497437661867e-15,4.694664746272258e-18
541.81,-8.081008188694458e-15,4.81949103498725e-18
541.82,-8.07968726711215e-15,4.464295097870049e-18
541.83,-8.079294089818237e-15,4.943337908602707e-18
541.84,-8.07880443805458e-15,4.859310921373344e-18
541.85,-8.078637529169226e-15,4.960488335958535e-18
541.86,-8.076792670471247e-15,4.847757450837684e-18
541.87,-8.076567919367613e-15,4.709580029281516e-18
541.88,-8.074446013294028e-15,4.048060994633297e-18
541.89,-8.075180899693047e-15,4.4128992972761866e-18
541.9,-8.07435206754774e-15,4.698613127960574e-18
541.91,-8.073272675250587e-15,4.419838704281131e-18
541.92,-8.072026386981615e-15,4.5132833222597666e-18
541.93,-8.072530389810979e-15,4.8825132412053296e-18
541.94,-8.072002700106286e-15,4.935572146338768e-18
541.95,-8.070743471168274e-15,4.6855383334904756e-18
541.96,-8.069703549673887e-15,4.574959080349414e-18
541.97,-8.068115625216335e-15,4.141967086527724e-18
541.98,-8.068203627994792e-15,4.559748886856739e-18
541.99,-8.06797958571948e-15,4.800368996861677e-18
542.0,-8.066866737955012e-15,4.541111129672743e-18
542.01,-8.065876423160317e-15,4.357602374669123e-18
542.02,-8.065955574024162e-15,4.705005675568404e-18
542.03,-8.065584071737129e-15,4.9576908201723974e-18
542.04,-8.064019235718839e-15,4.614062107317467e-18
542.05,-8.063569887176143e-15,4.6886392969916656e-18
542.06,-8.061915509086275e-15,4.054670213725489e-18
542.07,-8.06217802722313e-15,4.754325610270124e-18
542.08,-8.06121959713922e-15,4.347345840320577e-18
542.09,-8.060527396313447e-15,4.62471262658562e-18
542.1,-8.06022311676413e-15,4.725602589969782e-18
542.11,-8.058989767183268e-15,4.699000278671439e-18
542.12,-8.059409457109369e-15,5.066065105226541e-18
542.13,-8.057233499039894e-15,4.674194261046424e-18
542.14,-8.05677494006013e-15,4.620404114008492e-18
542.15,-8.055575614529039e-15,4.376997449913302e-18
542.16,-8.055997963582281e-15,4.950213043608016e-18
542.17,-8.054518487490821e-15,4.683434145495636e-18
542.18,-8.054218272395012e-15,4.706732920457732e-18
542.19,-8.054798198152815e-15,5.1024737461876514e-18
542.2,-8.052173152654266e-15,4.6319200774923954e-18
542.21,-8.0524690943189e-15,4.996502194728345e-18
542.22,-8.051151178209562e-15,4.63300413002559e-18
542.23,-8.050449544808804e-15,4.544573787536759e-18
542.24,-8.049305206322035e-15,4.58376662763501e-18
542.25,-8.049375402813922e-15,4.814988267741292e-18
542.26,-8.047604355911495e-15,4.770075183866742e-18
542.27,-8.047710232624221e-15,4.817319689227333e-18
542.28,-8.049228731990401e-15,4.002833097972569e-18
542.29,-8.045866937238459e-15,4.580819099966429e-18
542.3,-8.046270154887871e-15,4.863393156237425e-18
542.31,-8.044694162148218e-15,4.54783396103444e-18
542.32,-8.04306335963476e-15,4.469090789792587e-18
542.33,-8.043502267943796e-15,4.651938446476143e-18
542.34,-8.043078142622802e-15,4.998040316661294e-18
542.35,-8.04177655824324e-15,4.591706112978576e-18
542.36,-8.04107691750828e-15,4.462965550427039e-18
542.37,-8.037641173916286e-15,3.3846224093717926e-18
542.38,-8.039823017457383e-15,4.85858184537273e-18
542.39,-8.039960690178048e-15,5.154307176270439e-18
542.4,-8.038179007899249e-15,4.5385709004131695e-18
542.41,-8.037347588039752e-15,4.5747248193874424e-18
542.42,-8.037104975935363e-15,4.731815816218347e-18
542.43,-8.035781563061483e-15,4.650421599164338e-18
542.44,-8.036109168118322e-15,4.764232872212233e-18
542.45,-8.034533127244838e-15,4.599987894337963e-18
542.46,-8.034844295630489e-15,4.6548295690155165e-18
542.47,-8.033422024808119e-15,4.6906069066581566e-18
542.48,-8.03304990751497e-15,4.977103860096354e-18
542.49,-8.031921127747515e-15,4.620765648811661e-18
542.5,-8.030724665980932e-15,4.504967070221532e-18
542.51,-8.030738085289456e-15,4.694108381753569e-18
542.52,-8.029807421520876e-15,4.685377295667005e-18
542.53,-8.029081272089271e-15,4.68084740064609e-18
542.54,-8.028239465003954e-15,4.683749946972438e-18
542.55,-8.028311419597355e-15,4.986821825304239e-18
542.56,-8.027192567202152e-15,4.773259174999844e-18
542.57,-8.026431961206145e-15,4.848372822150575e-18
542.58,-8.025495232570204e-15,4.661343890922317e-18
542.59,-8.024681936526232e-15,4.681769068577508e-18
542.6,-8.024706730427854e-15,4.6532055036690395e-18
542.61,-8.023656389403924e-15,4.713257690362573e-18
542.62,-8.022827254648853e-15,4.872784118143235e-18
542.63,-8.02158417814677e-15,4.631022858787407e-18
542.64,-8.02124963747181e-15,4.897781593403658e-18
542.65,-8.02070829028796e-15,4.881310388738978e-18
542.66,-8.020497914762846e-15,4.9543524354537865e-18
542.67,-8.018893813578777e-15,4.679914578415008e-18
542.68,-8.018147014723422e-15,4.624894001814716e-18
542.69,-8.017605921370026e-15,4.669723751049826e-18
542.7,-8.016615344099217e-15,4.5714813046026964e-18
542.71,-8.015638309278018e-15,4.465529581129791e-18
542.72,-8.01548564852304e-15,4.880697545696271e-18
542.73,-8.014446756579185e-15,4.707553305591993e-18
542.74,-8.013517671233728e-15,4.551712548405465e-18
542.75,-8.013483524805384e-15,4.9584841956216475e-18
542.76,-8.012918950922775e-15,4.9311146615347815e-18
542.77,-8.011677866540409e-15,4.563049077837802e-18
542.78,-8.010871731336966e-15,4.560006855329699e-18
542.79,-8.010352955497701e-15,4.4696402244259804e-18
542.8,-8.009551422004818e-15,4.75068471798119e-18
542.81,-8.009067427635547e-15,4.61772805596918e-18
542.82,-8.00790265146083e-15,4.466292199743401e-18
542.83,-8.00774704685174e-15,4.7886587437559e-18
542.84,-8.006931671566374e-15,5.03527765236565e-18
542.85,-8.006420276325522e-15,4.506106113174288e-18
542.86,-8.005549422321171e-15,4.661735002846521e-18
542.87,-8.004369642874981e-15,4.432464124512914e-18
542.88,-8.003595633694401e-15,5.001332404855338e-18
542.89,-8.00331109485525e-15,4.712098818436041e-18
542.9,-8.002710748713e-15,4.807824102657902e-18
542.91,-8.001644891368523e-15,4.615129901616672e-18
542.92,-8.001016464031275e-15,4.753726054715965e-18
542.93,-8.000513895934057e-15,4.881246285514493e-18
542.94,-8.000105672228058e-15,4.534472475246439e-18
542.95,-7.999050807304968e-15,4.5640328925447885e-18
542.96,-7.998037097426099e-15,4.488437526819983e-18
542.97,-7.997923175789902e-15,4.924282818918896e-18
542.98,-7.996734373947503e-15,4.686474371187676e-18
542.99,-7.996456772029281e-15,4.6268077662181555e-18
543.0,-7.995828498612863e-15,4.8453652349495e-18
543.01,-7.994811975462351e-15,4.7916549338949246e-18
543.02,-7.994345691736503e-15,4.806232857890636e-18
543.03,-7.993052027153782e-15,4.47624637459483e-18
543.04,-7.992650899581867e-15,4.7187274333738925e-18
543.05,-7.991775846318017e-15,4.68068746736514e-18
543.06,-7.99191441447748e-15,4.8807115680544675e-18
543.07,-7.990644463234678e-15,4.791732503059375e-18
543.08,-7.989824601970585e-15,4.699606615906037e-18
543.09,-7.989292615894398e-15,4.693215100433292e-18
543.1,-7.988341650511584e-15,4.649615833420495e-18
543.11,-7.987707841327633e-15,4.810732018061442e-18
543.12,-7.986887800579987e-15,4.684330169872881e-18
543.13,-7.986100371135634e-15,4.650301760908552e-18
543.14,-7.985620793559915e-15,4.537465256245911e-18
543.15,-7.984425663887938e-15,4.729675092747888e-18
543.16,-7.984105656384307e-15,4.719283584093172e-18
543.17,-7.9836502644214e-15,4.683999824506869e-18
543.18,-7.983126093176546e-15,4.991920743506724e-18
543.19,-7.981594487231928e-15,4.641107816476024e-18
543.2,-7.980902910165012e-15,4.6738531825287256e-18
543.21,-7.980705045359906e-15,4.713948569466041e-18
543.22,-7.97995142924389e-15,4.713500622839059e-18
543.23,-7.979091160408331e-15,4.6438413293548875e-18
543.24,-7.978345239211668e-15,4.694329847400082e-18
543.25,-7.977686139366852e-15,4.708211025841875e-18
543.26,-7.976902315758035e-15,4.662542300073458e-18
543.27,-7.97634246375047e-15,4.77090098198343e-18
543.28,-7.97546680037867e-15,4.701557154795458e-18
543.29,-7.974857455836035e-15,4.769350165842132e-18
543.3,-7.97416065931992e-15,4.654981584082585e-18
543.31,-7.97350431665468e-15,4.728347948705147e-18
543.32,-7.972331320908703e-15,4.554886991894079e-18
543.33,-7.972149000090101e-15,4.690417688913861e-18
543.34,-7.971358723460567e-15,4.717528782776866e-18
543.35,-7.970433372430139e-15,4.603627744519332e-18
543.36,-7.96987193924639e-15,4.706960954906823e-18
543.37,-7.969232120894561e-15,4.714050909345936e-18
543.38,-7.968415255798821e-15,4.869809379760271e-18
543.39,-7.967714214505787e-15,4.4289659859521435e-18
543.4,-7.967072759125049e-15,4.66234208429791e-18
543.41,-7.966292510483295e-15,4.668957755287584e-18
543.42,-7.965655802874976e-15,4.7341532172420886e-18
543.43,-7.964940199840086e-15,4.7794513796583395e-18
543.44,-7.963994650038995e-15,4.540678111089331e-18
543.45,-7.96343764946785e-15,4.784556188139904e-18
543.46,-7.962712305512094e-15,4.687587821485397e-18
543.47,-7.962183588731556e-15,4.7872424129072796e-18
543.48,-7.961125678389104e-15,4.4008113771880145e-18
543.49,-7.960507296896233e-15,4.538590441995249e-18
543.5,-7.959502545509404e-15,4.68037815043499e-18
543.51,-7.959135681336623e-15,4.627491019436307e-18
543.52,-7.958414064306388e-15,4.655572814756372e-18
543.53,-7.958132145004261e-15,4.8619270947112075e-18
543.54,-7.957117064277308e-15,4.843763097010114e-18
543.55,-7.956404764292112e-15,4.9080792557023525e-18
543.56,-7.955796131110705e-15,4.8758644565838044e-18
543.57,-7.954915929025427e-15,4.5697905196219545e-18
543.58,-7.954043618873429e-15,4.546728879802083e-18
543.59,-7.953295957800796e-15,4.628324375309497e-18
543.6,-7.952682594554107e-15,4.589448417533591e-18
543.61,-7.952507729163383e-15,4.8415797179242615e-18
543.62,-7.951909269334101e-15,4.673558953991702e-18
543.63,-7.950720240281316e-15,4.747378171569098e-18
543.64,-7.94992994765836e-15,4.712370615017795e-18
543.65,-7.948752184510835e-15,4.446886610412941e-18
543.66,-7.94835965573096e-15,4.536248979835908e-18
543.67,-7.947592465159797e-15,4.3917852479149496e-18
543.68,-7.947209112943015e-15,4.83497360050332e-18
543.69,-7.946704410631887e-15,4.755888904713963e-18
543.7,-7.945968146216545e-15,4.824853544955812e-18
543.71,-7.944970521174552e-15,4.8465414740628144e-18
543.72,-7.944174782314212e-15,4.779721029162147e-18
543.73,-7.943926578167887e-15,4.928153670147826e-18
543.74,-7.942465914222507e-15,4.60551603934392e-18
543.75,-7.942242470377005e-15,4.8091349896515015e-18
543.76,-7.941664790964427e-15,4.646652169689016e-18
543.77,-7.941150752696186e-15,4.645833843493105e-18
543.78,-7.94003050951992e-15,4.33473401056955e-18
543.79,-7.939688712030613e-15,4.838629419815535e-18
543.8,-7.93862716440818e-15,4.649579233173134e-18
543.81,-7.936974104896883e-15,4.3550577677876296e-18
543.82,-7.937444181799212e-15,4.778565803015834e-18
543.83,-7.93682683046602e-15,4.7060961910576704e-18
543.84,-7.936349291213596e-15,4.843113291617043e-18
543.85,-7.935314111749848e-15,4.838672307661324e-18
543.86,-7.935363552322973e-15,4.915518294025268e-18
543.87,-7.933519738056048e-15,4.544417717653285e-18
543.88,-7.933310720369936e-15,4.672271488697194e-18
543.89,-7.932324894752057e-15,4.5883404473761944e-18
543.9,-7.931222677888876e-15,4.5767355628217025e-18
543.91,-7.931114015489106e-15,4.8172915514344714e-18
543.92,-7.929883349058063e-15,4.641483612121153e-18
543.93,-7.929843834586242e-15,4.913122695854109e-18
543.94,-7.92861798174782e-15,4.489999896620865e-18
543.95,-7.928300357430935e-15,4.7114061184830364e-18
543.96,-7.927210976205467e-15,4.7065640668439885e-18
543.97,-7.926837956481856e-15,4.878564284996923e-18
543.98,-7.926140281479235e-15,4.7427162122310335e-18
543.99,-7.92526608737569e-15,4.614526675005517e-18
544.0,-7.92467921920357e-15,4.865215806743994e-18
544.01,-7.92364883515607e-15,4.487356353798861e-18
544.02,-7.92363768211182e-15,4.7313480878798984e-18
544.03,-7.922610527701363e-15,4.644564295221117e-18
544.04,-7.920836147240633e-15,4.262139600841196e-18
544.05,-7.921015822710175e-15,4.742994363684305e-18
544.06,-7.919734182491193e-15,4.347435987314879e-18
544.07,-7.919983954458215e-15,4.791757268245525e-18
544.08,-7.91900643772472e-15,4.701915121623488e-18
544.09,-7.918542165513775e-15,4.772026567685114e-18
544.1,-7.917596526238683e-15,4.722635029665057e-18
544.11,-7.917311228473236e-15,4.835702018254517e-18
544.12,-7.916462543759467e-15,4.901884397245508e-18
544.13,-7.910647026153252e-15,4.1086427308706856e-18
544.14,-7.914764679539005e-15,4.595685753878486e-18
544.15,-7.91447759589971e-15,4.952164922956548e-18
544.16,-7.912915034213857e-15,4.535339006363625e-18
544.17,-7.912873281628194e-15,4.925969632812558e-18
544.18,-7.912054401898238e-15,5.035987237008613e-18
544.19,-7.910935986186222e-15,4.5462229163880226e-18
544.2,-7.910945666187817e-15,4.892779912858191e-18
544.21,-7.910319439479475e-15,4.912641089116611e-18
544.22,-7.909560441571523e-15,3.3892808502350766e-18
544.23,-7.908200594192744e-15,4.633747087584851e-18
544.24,-7.907870887213867e-15,5.1164422511566455e-18
544.25,-7.907008733838665e-15,4.6224612885135005e-18
544.26,-7.906049686352084e-15,4.539812823405293e-18
544.27,-7.906228482041265e-15,4.889148934299158e-18
544.28,-7.905014208915939e-15,4.732189158897025e-18
544.29,-7.904889782453712e-15,4.740644018449086e-18
544.3,-7.902593872011829e-15,4.517879788611355e-18
544.31,-7.901968796853442e-15,3.979444292657967e-18
544.32,-7.902202642247814e-15,4.604904493842463e-18
544.33,-7.901336808379478e-15,4.6615131234244246e-18
544.34,-7.900619182653271e-15,4.800448908011725e-18
544.35,-7.899894324663312e-15,4.822687820201594e-18
544.36,-7.899217922415566e-15,4.727332090712773e-18
544.37,-7.898628687433945e-15,4.66772642214625e-18
544.38,-7.898651094712759e-15,4.8680292718476705e-18
544.39,-7.897514848367931e-15,4.785598751080721e-18
544.4,-7.895428252914457e-15,4.283148099908484e-18
544.41,-7.895633113978254e-15,4.521084094374651e-18
544.42,-7.894436205238729e-15,4.364907514792015e-18
544.43,-7.894331641204093e-15,4.632921806852204e-18
544.44,-7.893401557163674e-15,4.5834231353167e-18
544.45,-7.893103943168278e-15,4.718214258969124e-18
544.46,-7.892084984460695e-15,4.6013696676846346e-18
544.47,-7.892036770087484e-15,4.726329722423169e-18
544.48,-7.891457069490575e-15,5.132859092318509e-18
544.49,-7.889236447917624e-15,4.390910887052603e-18
544.5,-7.889421370260616e-15,4.6126533050649e-18
544.51,-7.888053252132212e-15,4.5003256730154425e-18
544.52,-7.888189175949475e-15,4.674808915657351e-18
544.53,-7.887032593021045e-15,4.365564362795595e-18
544.54,-7.886490744298534e-15,4.6399770759902465e-18
544.55,-7.885759867597134e-15,4.699931692446244e-18
544.56,-7.886082673083646e-15,4.942220228081566e-18
544.57,-7.88525094737093e-15,4.982370690023493e-18
544.58,-7.883291697180293e-15,4.6141382289914494e-18
544.59,-7.883009972100417e-15,4.6358997053589675e-18
544.6,-7.882397196861087e-15,4.674489923777277e-18
544.61,-7.881240105319129e-15,4.696908278032897e-18
544.62,-7.88024633740913e-15,4.4338692713748194e-18
544.63,-7.87977130196924e-15,4.440756928917029e-18
544.64,-7.878950857820549e-15,4.7074750137355094e-18
544.65,-7.879903802559885e-15,5.045780619958555e-18
544.66,-7.878445627150782e-15,4.8345937384565946e-18
544.67,-7.87754839956838e-15,4.7126866558340854e-18
544.68,-7.876384668807482e-15,4.371192301967654e-18
544.69,-7.876217018969727e-15,4.933590454347558e-18
544.7,-7.875480909704167e-15,4.525472759152765e-18
544.71,-7.873610425709091e-15,4.243907662848119e-18
544.72,-7.873513673459938e-15,4.552615511653111e-18
544.73,-7.872797553147513e-15,4.347834318787034e-18
544.74,-7.874000356809673e-15,4.989310307997375e-18
544.75,-7.872147174713042e-15,4.713604416660266e-18
544.76,-7.87154981611739e-15,4.7924397486130364e-18
544.77,-7.870171659398386e-15,4.553734737875531e-18
544.78,-7.870718793952183e-15,4.874893262756182e-18
544.79,-7.869198985743399e-15,4.656237520809837e-18
544.8,-7.866179846498873e-15,3.794820506587109e-18
544.81,-7.867661696784538e-15,4.564222113975279e-18
544.82,-7.867129498847878e-15,4.581313240957668e-18
544.83,-7.867663756768715e-15,5.206515879611618e-18
544.84,-7.865920156747922e-15,4.750818499506506e-18
544.85,-7.86495985707216e-15,4.652185857155061e-18
544.86,-7.864154881970648e-15,4.6235925967723125e-18
544.87,-7.863615469428437e-15,4.6249903109451065e-18
544.88,-7.862674084331121e-15,4.553698616307146e-18
544.89,-7.860558588695836e-15,3.924198825934397e-18
544.9,-7.861253472513714e-15,4.6618402707514715e-18
544.91,-7.860740594077892e-15,4.648517411039236e-18
544.92,-7.862705543628684e-15,5.536676267005641e-18
544.93,-7.859689818181221e-15,4.794148360831079e-18
544.94,-7.858668171297557e-15,4.4381348010549444e-18
544.95,-7.858014064277723e-15,4.64344536863383e-18
544.96,-7.857244360387984e-15,4.705731041675306e-18
544.97,-7.856127357510395e-15,4.468850833656662e-18
544.98,-7.854268602692896e-15,3.941480541399665e-18
544.99,-7.855225892774524e-15,4.63768629235475e-18
545.0,-7.853836468117124e-15,4.459295842052133e-18
545.01,-7.856534523966593e-15,6.285904828382355e-18
545.02,-7.853708223860678e-15,4.800194326956088e-18
545.03,-7.851695450057934e-15,4.455493995109541e-18
545.04,-7.85160662772173e-15,4.622098728157741e-18
545.05,-7.850710482443288e-15,4.77052039217615e-18
545.06,-7.849979596567078e-15,4.610566900336299e-18
545.07,-7.848665210661078e-15,4.032757047992716e-18
545.08,-7.848968270671569e-15,4.6495224678498455e-18
545.09,-7.847471557191685e-15,4.353578620263011e-18
545.1,-7.848310946849666e-15,6.956980645073516e-18
545.11,-7.84737484396721e-15,4.9347142688317114e-18
545.12,-7.84607203479866e-15,4.683951706474517e-18
545.13,-7.845340703394942e-15,4.580124915397691e-18
545.14,-7.845365135155822e-15,4.800578751461169e-18
545.15,-7.843912771741365e-15,4.7436215205580505e-18
545.16,-7.843593387617127e-15,4.669052303600786e-18
545.17,-7.843241663908129e-15,4.302182735413223e-18
545.18,-7.841871536671908e-15,4.8133180493686204e-18
545.19,-7.83879514152759e-15,6.2319842400070344e-18
545.2,-7.841331817515408e-15,4.8216025758913736e-18
545.21,-7.839896496004122e-15,4.9308912820774584e-18
545.22,-7.83907521548491e-15,4.570778256573914e-18
545.23,-7.83859475378017e-15,4.04750085860875e-18
545.24,-7.838287377374304e-15,5.1610826481012805e-18
545.25,-7.837348699037292e-15,4.211565182826936e-18
545.26,-7.835134912981946e-15,3.914502056884326e-18
545.27,-7.835725774652038e-15,4.98651756267641e-18
545.28,-7.832492037442779e-15,4.130209317490335e-18
545.29,-7.833417538254571e-15,4.288244339825743e-18
545.3,-7.834155506463481e-15,5.1121849514373275e-18
545.31,-7.832717615681762e-15,4.585221765380509e-18
545.32,-7.831660550865493e-15,4.203580962326419e-18
545.33,-7.831842794792924e-15,5.094479068473602e-18
545.34,-7.831790497877678e-15,4.5919683595461445e-18
545.35,-7.82919789622245e-15,4.315643356722959e-18
545.36,-7.82945760891425e-15,4.756614669456711e-18
545.37,-7.826369797310259e-15,3.618039071153008e-18
545.38,-7.827587082836762e-15,4.541588845497939e-18
545.39,-7.827988867583567e-15,5.00329810652007e-18
545.4,-7.826583273153132e-15,4.591997669022968e-18
545.41,-7.825755880450929e-15,4.519716658687646e-18
545.42,-7.825167205511598e-15,4.845744745820162e-18
545.43,-7.82663107997385e-15,5.15730971779226e-18
545.44,-7.823322172081443e-15,4.464360883843342e-18
545.45,-7.823291805713037e-15,4.580765930791354e-18
545.46,-7.820695154350373e-15,3.419982838163942e-18
545.47,-7.821318460103258e-15,4.453530349684337e-18
545.48,-7.821290473208021e-15,4.764736246599688e-18
545.49,-7.820307366749497e-15,4.671619931834075e-18
545.5,-7.819228938593158e-15,4.47567546724013e-18
545.51,-7.819098403869662e-15,4.715629059162608e-18
545.52,-7.820613880440249e-15,5.1319337483274e-18
545.53,-7.817027362468117e-15,4.405172202689377e-18
545.54,-7.817074507690509e-15,4.749701364937432e-18
545.55,-7.815200645714246e-15,3.809068326794344e-18
545.56,-7.815326472408846e-15,4.547938153491493e-18
545.57,-7.814781395005593e-15,4.595595553960931e-18
545.58,-7.813904109721713e-15,4.6874399781398315e-18
545.59,-7.813023650899437e-15,4.437989521195906e-18
545.6,-7.812782121432607e-15,4.64386221113278e-18
545.61,-7.814863012154873e-15,5.528076749179468e-18
545.62,-7.811206403852269e-15,4.528261032590494e-18
545.63,-7.810476538150883e-15,4.5272728469757315e-18
545.64,-7.809032591629682e-15,3.959520267140201e-18
545.65,-7.809192177308598e-15,4.6649127926118695e-18
545.66,-7.80921869290949e-15,4.426133311484867e-18
545.67,-7.807741098666025e-15,4.648451778306407e-18
545.68,-7.80733193133105e-15,4.509926322116005e-18
545.69,-7.8062823500349e-15,4.7081299266174534e-18
545.7,-7.808185539413959e-15,5.455601019977827e-18
545.71,-7.80467017184823e-15,4.332691186428422e-18
545.72,-7.803952658795364e-15,4.3081014848330855e-18
545.73,-7.803277627690105e-15,4.077931896859561e-18
545.74,-7.802865584504504e-15,4.794916943645178e-18
545.75,-7.802606065074274e-15,4.896793840917012e-18
545.76,-7.801442888330314e-15,4.438630974457082e-18
545.77,-7.800945950596337e-15,4.601002023931931e-18
545.78,-7.800299136696202e-15,4.719790302782612e-18
545.79,-7.801211877513804e-15,5.482677641187236e-18
545.8,-7.79886442753651e-15,4.4394612434038065e-18
545.81,-7.79814127927832e-15,4.502531423365966e-18
545.82,-7.79692895555443e-15,4.098262803719504e-18
545.83,-7.79635373138689e-15,4.331137039808376e-18
545.84,-7.796209267485405e-15,4.737710334555635e-18
545.85,-7.795196933139282e-15,4.729142008404666e-18
545.86,-7.795231312408352e-15,4.783175185010874e-18
545.87,-7.794267822873029e-15,4.778027391723382e-18
545.88,-7.793996199600974e-15,5.1330288349639146e-18
545.89,-7.792630391271352e-15,4.4999973974488955e-18
545.9,-7.79223607690581e-15,4.653684028219469e-18
545.91,-7.790711991235391e-15,4.172270445521523e-18
545.92,-7.790334142952675e-15,4.6463773745836935e-18
545.93,-7.789196460949019e-15,4.517025729033196e-18
545.94,-7.788721467380637e-15,4.536309124315489e-18
545.95,-7.788552927744493e-15,4.810955111723325e-18
545.96,-7.787983011857175e-15,4.875495671229137e-18
545.97,-7.78762594009985e-15,5.100443031400266e-18
545.98,-7.786204700356206e-15,4.454576868769973e-18
545.99,-7.78548012348035e-15,4.493294663495086e-18
546.0,-7.78474497744538e-15,4.467139197704099e-18
546.01,-7.784103476471129e-15,4.46955666134108e-18
546.02,-7.782788563074327e-15,4.535692243537947e-18
546.03,-7.782973252444947e-15,4.5722757263393935e-18
546.04,-7.781179032199354e-15,4.008293236729952e-18
546.05,-7.781373477941138e-15,4.557205676780508e-18
546.06,-7.78073038300592e-15,4.7461859112574084e-18
546.07,-7.780284997315145e-15,4.5399442088039945e-18
546.08,-7.779660652599812e-15,4.663865196696012e-18
546.09,-7.778536080218864e-15,4.35024787373898e-18
546.1,-7.777940582208371e-15,4.480384558289623e-18
546.11,-7.777365637060122e-15,4.722381069206969e-18
546.12,-7.776082180212298e-15,4.562174228406282e-18
546.13,-7.773173305156412e-15,3.3155517886041752e-18
546.14,-7.774601542375717e-15,4.491201608406804e-18
546.15,-7.774204275157533e-15,4.560637282386546e-18
546.16,-7.773927347028152e-15,4.53446013162173e-18
546.17,-7.774362842805806e-15,5.0100528042626236e-18
546.18,-7.772226390089158e-15,4.197715162489627e-18
546.19,-7.77170411432616e-15,4.448310710381948e-18
546.2,-7.772175454860943e-15,4.82675771438663e-18
546.21,-7.770428548677135e-15,4.377038072064598e-18
546.22,-7.766320698752657e-15,3.63653059691261e-18
546.23,-7.76961213598121e-15,4.8334988516646024e-18
546.24,-7.767528987404991e-15,4.372314277566237e-18
546.25,-7.767500872617158e-15,4.411666333453574e-18
546.26,-7.766763493242496e-15,4.525539929556231e-18
546.27,-7.766427843336174e-15,4.559540907424273e-18
546.28,-7.766133095592022e-15,4.687299016396967e-18
546.29,-7.764380001854221e-15,4.456442423512741e-18
546.3,-7.764328138848727e-15,4.600781823177496e-18
546.31,-7.761022482914603e-15,4.117636166475027e-18
546.32,-7.762942877458407e-15,4.5115700480560566e-18
546.33,-7.762041575543294e-15,4.462759400401351e-18
546.34,-7.761300285911698e-15,4.3760272471460005e-18
546.35,-7.760943640383508e-15,4.422696181323125e-18
546.36,-7.759942310376248e-15,4.4424617809511046e-18
546.37,-7.75923975147681e-15,4.61060804777063e-18
546.38,-7.75884759326463e-15,4.58864926114049e-18
546.39,-7.757741048523702e-15,4.4270928603537114e-18
546.4,-7.75646208302276e-15,4.390237686685366e-18
546.41,-7.756223277923355e-15,4.319821374249547e-18
546.42,-7.755585600615434e-15,4.6093920557243736e-18
546.43,-7.755007718871985e-15,4.385799735416361e-18
546.44,-7.754533361904513e-15,4.466004813314114e-18
546.45,-7.75379668852605e-15,4.485568496776654e-18
546.46,-7.753092768684882e-15,4.509770101888364e-18
546.47,-7.75238338905844e-15,4.632862499501318e-18
546.48,-7.751780959804021e-15,4.5016486621878656e-18
546.49,-7.75075707202923e-15,4.329800623401053e-18
546.5,-7.749822886320843e-15,4.481080196799673e-18
546.51,-7.749135211916772e-15,4.5707285687483526e-18
546.52,-7.748143873947397e-15,4.210192401562244e-18
546.53,-7.747840077883331e-15,4.1653760829849305e-18
546.54,-7.74733020056537e-15,4.389767791916438e-18
546.55,-7.746820760805282e-15,4.4704328034263485e-18
546.56,-7.746683409022151e-15,4.697071144999846e-18
546.57,-7.745060835581124e-15,4.207076477894913e-18
546.58,-7.745375203775643e-15,4.452856396543069e-18
546.59,-7.743903620615428e-15,4.434169612942524e-18
546.6,-7.743474129952281e-15,4.509703658192253e-18
546.61,-7.742558569520408e-15,4.303110229905177e-18
546.62,-7.741709456520866e-15,4.3961441881899836e-18
546.63,-7.741306068392624e-15,4.413342568225912e-18
546.64,-7.740855805035362e-15,4.695247952095758e-18
546.65,-7.740173896220486e-15,4.432130590586727e-18
546.66,-7.737554136992636e-15,3.756739258071245e-18
546.67,-7.738945403245584e-15,4.51332629488808e-18
546.68,-7.738327976045625e-15,4.5721331060712995e-18
546.69,-7.737863749733853e-15,4.7212524365345614e-18
546.7,-7.736272258923264e-15,4.235828881922612e-18
546.71,-7.735847415001446e-15,4.5595439237864e-18
546.72,-7.735474588260782e-15,4.535071821872233e-18
546.73,-7.734614925503455e-15,4.489416149453046e-18
546.74,-7.733436439842282e-15,4.173674126264503e-18
546.75,-7.733073885789489e-15,4.488485246282314e-18
546.76,-7.732450186491462e-15,4.5376739602793355e-18
546.77,-7.731267001976596e-15,4.331194298555427e-18
546.78,-7.731272036045714e-15,4.7599283412541754e-18
546.79,-7.730569269807976e-15,4.3242655809944084e-18
546.8,-7.729453385801945e-15,4.372403254982976e-18
546.81,-7.729778820807932e-15,4.637473455041589e-18
546.82,-7.729059472964597e-15,4.823706639082125e-18
546.83,-7.727317497584857e-15,4.2897453217468094e-18
546.84,-7.726926294725602e-15,4.564077680361692e-18
546.85,-7.726191953836832e-15,4.5086928056271806e-18
546.86,-7.725837232424741e-15,4.52439130170207e-18
546.87,-7.725101539993914e-15,4.691761489299839e-18
546.88,-7.724416523959996e-15,4.3196433430591374e-18
546.89,-7.723327906293975e-15,4.2536268292295384e-18
546.9,-7.723880256072985e-15,5.0084258736880855e-18
546.91,-7.722287314348958e-15,4.740105758817301e-18
546.92,-7.721671068129418e-15,4.4253239266857316e-18
546.93,-7.721153483361797e-15,4.59722791035376e-18
546.94,-7.71979049367224e-15,4.315714416590579e-18
546.95,-7.719568439168436e-15,4.6202667536798355e-18
546.96,-7.71861050088952e-15,4.5447243586679065e-18
546.97,-7.718573551472704e-15,4.564006305060953e-18
546.98,-7.717621088871575e-15,4.489593156933963e-18
546.99,-7.717270462126706e-15,4.776885894158551e-18
547.0,-7.716101823913929e-15,4.454059528502122e-18
547.01,-7.715118024232145e-15,4.3882861151342606e-18
547.02,-7.71543348061774e-15,4.82531565447724e-18
547.03,-7.714154882705917e-15,4.537284048080518e-18
547.04,-7.713339636262078e-15,4.509951999899146e-18
547.05,-7.712689913988529e-15,4.653541926783565e-18
547.06,-7.712400278166166e-15,4.462173339355182e-18
547.07,-7.711365774230355e-15,4.4400404004667954e-18
547.08,-7.710579438659089e-15,4.480285569689157e-18
547.09,-7.710395170948827e-15,4.76073015697492e-18
547.1,-7.709242415175185e-15,4.532058369734681e-18
547.11,-7.708528503993089e-15,4.390275582894179e-18
547.12,-7.708299995790835e-15,4.500146212633899e-18
547.13,-7.707103443307478e-15,4.393134460690931e-18
547.14,-7.705883611439607e-15,4.4248734107796275e-18
547.15,-7.70624587108123e-15,4.536837614900595e-18
547.16,-7.704992298902788e-15,4.389933914058403e-18
547.17,-7.704208442052376e-15,4.347783576709207e-18
547.18,-7.703346404493789e-15,4.373835778438118e-18
547.19,-7.702636471934938e-15,4.2695904310441614e-18
547.2,-7.702638791671181e-15,4.555117174079366e-18
547.21,-7.701785808258544e-15,4.504409405791895e-18
547.22,-7.700753091758475e-15,4.364277275467901e-18
547.23,-7.699587760587345e-15,4.321502975597729e-18
547.24,-7.700026422050741e-15,4.5577003135652064e-18
547.25,-7.69902224347703e-15,4.4422142359893054e-18
547.26,-7.698323540444167e-15,4.515734561990812e-18
547.27,-7.697337085725208e-15,4.367115992401522e-18
547.28,-7.696713114792858e-15,4.340724615548926e-18
547.29,-7.696613791745342e-15,4.598343690245534e-18
547.3,-7.695443586918703e-15,4.4559562449697454e-18
547.31,-7.694648234740135e-15,4.4106176457652344e-18
547.32,-7.693512668330619e-15,4.143593078175293e-18
547.33,-7.6936607941942e-15,4.645731098921468e-18
547.34,-7.692894937752292e-15,4.403490968644369e-18
547.35,-7.691674124137539e-15,4.330537984260473e-18
547.36,-7.691239020289486e-15,4.3856610824175e-18
547.37,-7.690564612986663e-15,4.358545692160553e-18
547.38,-7.690228577252445e-15,4.5277362312629794e-18
547.39,-7.688950419416164e-15,4.274737111824315e-18
547.4,-7.688600877479235e-15,4.316794585320566e-18
547.41,-7.687536147196781e-15,4.446120762888468e-18
547.42,-7.687766697660506e-15,4.5391952221408526e-18
547.43,-7.68716939211502e-15,4.6091541511544056e-18
547.44,-7.68630813893855e-15,4.49913155966582e-18
547.45,-7.68508297203288e-15,4.5452448329928815e-18
547.46,-7.68451522682465e-15,4.383513407504078e-18
547.47,-7.68417882688735e-15,4.443830685258384e-18
547.48,-7.68264351116645e-15,3.948995440005721e-18
547.49,-7.682307502616882e-15,4.3185595091141176e-18
547.5,-7.681721279006803e-15,4.359921527784819e-18
547.51,-7.681580490329295e-15,4.305187388895386e-18
547.52,-7.680373423035058e-15,4.219361229731295e-18
547.53,-7.680264026677182e-15,4.4737151923810635e-18
547.54,-7.67929221554905e-15,4.431514146853886e-18
547.55,-7.678656796858386e-15,4.404071890737343e-18
547.56,-7.677307802022993e-15,3.916862061337309e-18
547.57,-7.677124894460875e-15,4.332233288123461e-18
547.58,-7.676154805342704e-15,4.366638125837209e-18
547.59,-7.676169755321777e-15,4.8513392996350105e-18
547.6,-7.675303482771281e-15,4.540533654700313e-18
547.61,-7.674346085635523e-15,4.464812080642643e-18
547.62,-7.674327419310842e-15,4.509828545879315e-18
547.63,-7.674344636548408e-15,5.344604388391141e-18
547.64,-7.672181839212996e-15,4.273347063624226e-18
547.65,-7.671460671114919e-15,4.528549323717779e-18
547.66,-7.670957992561343e-15,4.39849660085497e-18
547.67,-7.669941603915935e-15,4.251769711006243e-18
547.68,-7.66923802427176e-15,4.277195548657006e-18
547.69,-7.669433812733348e-15,4.448357831166435e-18
547.7,-7.668103999638777e-15,4.305075841916338e-18
547.71,-7.66733387063682e-15,4.254574492351966e-18
547.72,-7.666784832990226e-15,4.517141796688218e-18
547.73,-7.666126256176177e-15,4.513227827621151e-18
547.74,-7.665573677523187e-15,4.451023691145011e-18
547.75,-7.664545617637472e-15,4.327512658224996e-18
547.76,-7.664508967640673e-15,4.570364672672877e-18
547.77,-7.663829584402491e-15,4.4834526056337855e-18
547.78,-7.66279183652772e-15,4.36353483779403e-18
547.79,-7.662591807777684e-15,4.5732493867592306e-18
547.8,-7.660594515268454e-15,4.442217523023593e-18
547.81,-7.660808556178035e-15,4.649372412259642e-18
547.82,-7.660559197156148e-15,4.3728287595176474e-18
547.83,-7.6593390601902e-15,4.307716787286146e-18
547.84,-7.65835992225369e-15,4.385023173829434e-18
547.85,-7.657872933589445e-15,4.534101075654213e-18
547.86,-7.657571594700151e-15,4.749970815386616e-18
547.87,-7.657191424324658e-15,4.516377373615483e-18
547.88,-7.656133002713567e-15,4.344090744822196e-18
547.89,-7.654756454487044e-15,4.448784103351577e-18
547.9,-7.654785941440022e-15,4.351654469276202e-18
547.91,-7.654371905177874e-15,4.4503871729113625e-18
547.92,-7.653265956159512e-15,4.244754747171141e-18
547.93,-7.652628119305362e-15,4.335109523957329e-18
547.94,-7.651674450030367e-15,4.327034412903969e-18
547.95,-7.651497120849794e-15,4.4772488834535985e-18
547.96,-7.650793438829403e-15,4.508195619837441e-18
547.97,-7.650010802149077e-15,4.3727525574055864e-18
547.98,-7.649462488589745e-15,4.9531788853551645e-18
547.99,-7.64877234031085e-15,4.4645872989988685e-18
548.0,-7.648562178632015e-15,4.6666123652223235e-18
548.01,-7.647258499630402e-15,4.598865593300868e-18
548.02,-7.646345660873977e-15,4.3139608801663525e-18
548.03,-7.645843172877813e-15,4.3405600187025086e-18
548.04,-7.645028623876352e-15,4.311966924725213e-18
548.05,-7.645432812229328e-15,4.537168268853934e-18
548.06,-7.643938470002458e-15,4.212417272478521e-18
548.07,-7.646773617550706e-15,5.61183135964604e-18
548.08,-7.642569240975476e-15,4.337199896613414e-18
548.09,-7.642140468240087e-15,4.406809070460407e-18
548.1,-7.641427096018658e-15,4.593564149920582e-18
548.11,-7.64071309222745e-15,4.415719063472404e-18
548.12,-7.640077164142315e-15,4.338517061594999e-18
548.13,-7.638673987980556e-15,4.215000862996863e-18
548.14,-7.639490579849734e-15,4.999391234039964e-18
548.15,-7.636616127206033e-15,3.945222540305299e-18
548.16,-7.635707522487054e-15,4.284861174267671e-18
548.17,-7.636187178752146e-15,4.3280905382841155e-18
548.18,-7.6366476978349e-15,4.613144785675297e-18
548.19,-7.635266983590079e-15,4.337627934091841e-18
548.2,-7.634264927488821e-15,4.4235977023462994e-18
548.21,-7.633968818448145e-15,4.146349274592353e-18
548.22,-7.632745785939644e-15,4.1979987308089984e-18
548.23,-7.633257654807012e-15,4.820137112582226e-18
548.24,-7.63230843017347e-15,4.527697676936401e-18
548.25,-7.63095367208277e-15,4.3853956945520655e-18
548.26,-7.630407084126289e-15,4.2851498355944285e-18
548.27,-7.629867526033137e-15,4.415864324900458e-18
548.28,-7.629640241815956e-15,4.40536653318854e-18
548.29,-7.628079144900319e-15,4.1320599541291004e-18
548.3,-7.62762125630819e-15,4.279648536106077e-18
548.31,-7.626914489309292e-15,4.094040197693936e-18
548.32,-7.627333600864808e-15,4.848086634525126e-18
548.33,-7.625956682653206e-15,4.145712469361959e-18
548.34,-7.626106574398812e-15,4.464511370718565e-18
548.35,-7.624328061256562e-15,4.222577485453237e-18
548.36,-7.623269830685512e-15,4.247082030638049e-18
548.37,-7.623347389932776e-15,4.3460528520501635e-18
548.38,-7.622191022942276e-15,4.197815753795772e-18
548.39,-7.621620895002543e-15,4.235803481394125e-18
548.4,-7.62093107793672e-15,4.3475864210035486e-18
548.41,-7.621479066989887e-15,4.855012394703165e-18
548.42,-7.619593042890527e-15,4.304958444186089e-18
548.43,-7.619436242401938e-15,4.484307366724804e-18
548.44,-7.618359238346889e-15,4.288357354931376e-18
548.45,-7.617124314282524e-15,4.423151263900382e-18
548.46,-7.617361793970728e-15,4.451045423907748e-18
548.47,-7.6155236843641e-15,4.00453567535996e-18
548.48,-7.615663625266105e-15,4.402243196052981e-18
548.49,-7.614936804701462e-15,4.2668324178587125e-18
548.5,-7.61568462495875e-15,4.93906053490918e-18
548.51,-7.614268881308106e-15,4.403333373465347e-18
548.52,-7.612682654204734e-15,4.2373072384947315e-18
548.53,-7.612289791446745e-15,4.506751674965021e-18
548.54,-7.611490577585048e-15,4.257673755068314e-18
548.55,-7.611388671706108e-15,4.60747378896075e-18
548.56,-7.609578148269142e-15,3.845856579140801e-18
548.57,-7.6100991100573e-15,4.501411172644155e-18
548.58,-7.608895896072995e-15,4.183618190141595e-18
548.59,-7.610119982906432e-15,5.1267273061359144e-18
548.6,-7.608147307073335e-15,4.583445434568887e-18
548.61,-7.606620617507772e-15,4.234086418306772e-18
548.62,-7.606086566494212e-15,4.305821276994753e-18
548.63,-7.60563393553268e-15,4.0926193952912055e-18
548.64,-7.605591870116351e-15,4.3019222961352525e-18
548.65,-7.603720411633566e-15,3.839978401845279e-18
548.66,-7.603267471868274e-15,4.337986991770805e-18
548.67,-7.602658162037236e-15,4.177913019750336e-18
548.68,-7.603914495276034e-15,5.164429194454407e-18
548.69,-7.60152149696363e-15,4.424840119157134e-18
548.7,-7.600656112955585e-15,4.218015295662746e-18
548.71,-7.60030446764689e-15,4.3864644551614136e-18
548.72,-7.598687185954021e-15,4.168096161256502e-18
548.73,-7.5989145083031e-15,4.360359254349077e-18
548.74,-7.597832724095289e-15,3.827035876012951e-18
548.75,-7.597499835735897e-15,4.209468407773725e-18
548.76,-7.596923269430973e-15,4.30906667358293e-18
548.77,-7.597832620716427e-15,4.957842465829893e-18
548.78,-7.595350802714379e-15,4.395209696243432e-18
548.79,-7.594845232221507e-15,4.3018985404404075e-18
548.8,-7.594130803802816e-15,4.253239768303894e-18
548.81,-7.593880563285433e-15,4.520138975715342e-18
548.82,-7.592981298562743e-15,4.4291214376077654e-18
548.83,-7.591301120924845e-15,3.4217884687102963e-18
548.84,-7.591625837397882e-15,4.3514657333704805e-18
548.85,-7.590639295084883e-15,4.181054838423115e-18
548.86,-7.592108282272776e-15,4.814125595808784e-18
548.87,-7.589639214408686e-15,4.390913769921748e-18
548.88,-7.589110925993303e-15,4.316786995573142e-18
548.89,-7.58805463687967e-15,4.2767422980537004e-18
548.9,-7.588159589275142e-15,4.610348554792021e-18
548.91,-7.586918123012799e-15,4.210960166040667e-18
548.92,-7.58459386605559e-15,3.009618495055771e-18
548.93,-7.58566573453848e-15,4.299775162500326e-18
548.94,-7.584753960107377e-15,4.155320633432811e-18
548.95,-7.586280952693056e-15,4.806696533782376e-18
548.96,-7.583777978422053e-15,4.588888477272421e-18
548.97,-7.582937564299403e-15,4.288257808662005e-18
548.98,-7.58206210346226e-15,4.319924881732257e-18
548.99,-7.582541389731015e-15,4.8216473426442964e-18
549.0,-7.580675919611212e-15,4.1174064170887306e-18
549.01,-7.578285771108036e-15,2.9892265269393723e-18
549.02,-7.579519473774545e-15,4.406644361250815e-18
549.03,-7.57933289291106e-15,3.907574964475293e-18
549.04,-7.579902432992726e-15,4.4436604224972015e-18
549.05,-7.577633701467041e-15,4.321595461352208e-18
549.06,-7.578195641925435e-15,4.650770624776613e-18
549.07,-7.575973819631826e-15,4.2956050886454165e-18
549.08,-7.576242828990181e-15,4.578302025749108e-18
549.09,-7.576119493320963e-15,4.300605194905123e-18
549.1,-7.571479498299348e-15,2.740639968707391e-18
549.11,-7.572736684451398e-15,4.0342638116475335e-18
549.12,-7.573544450055443e-15,4.7740634001767514e-18
549.13,-7.572882255136612e-15,4.81992190135837e-18
549.14,-7.57083095313321e-15,4.153163493880152e-18
549.15,-7.570942781427785e-15,4.75302103444028e-18
549.16,-7.570313912645308e-15,4.372647620336793e-18
549.17,-7.568501991210333e-15,4.067158762312982e-18
549.18,-7.568968920218083e-15,4.676902010043123e-18
549.19,-7.563696983545103e-15,3.010140103610315e-18
549.2,-7.566584985086497e-15,3.883977581445331e-18
549.21,-7.567078342964722e-15,4.684421529889209e-18
549.22,-7.567921914781442e-15,4.5743333901870185e-18
549.23,-7.564784583300149e-15,4.060199640606361e-18
549.24,-7.564886664648635e-15,4.618732282990575e-18
549.25,-7.56421560209014e-15,4.350380739705182e-18
549.26,-7.562236724918779e-15,4.0371675158181496e-18
549.27,-7.562712031141416e-15,4.551000710969697e-18
549.28,-7.559120833801619e-15,5.332966007432763e-18
549.29,-7.561141529596331e-15,3.968422195148697e-18
549.3,-7.560622907315597e-15,4.21929877130754e-18
549.31,-7.560910021047423e-15,4.429925840512016e-18
549.32,-7.558946126193084e-15,4.188155625014627e-18
549.33,-7.558702409237058e-15,4.354876516177774e-18
549.34,-7.558223540724453e-15,4.410826703410245e-18
549.35,-7.557064421841171e-15,4.02882929136502e-18
549.36,-7.557208901253119e-15,4.587595589450869e-18
549.37,-7.555505377388903e-15,5.51147612912494e-18
549.38,-7.555484511577507e-15,4.0148962715688754e-18
549.39,-7.554937063603783e-15,4.322187788801174e-18
549.4,-7.554835434071376e-15,4.385157118106918e-18
549.41,-7.553513679924411e-15,4.1926604944459224e-18
549.42,-7.553127847848268e-15,4.4488088266730635e-18
549.43,-7.55254013832702e-15,4.3246606138470876e-18
549.44,-7.551602260449736e-15,4.229309051521393e-18
549.45,-7.550699655763713e-15,4.470626113375616e-18
549.46,-7.550226683570282e-15,5.241731456670151e-18
549.47,-7.549898580633068e-15,4.410143319661234e-18
549.48,-7.549012184702795e-15,4.3168936325052295e-18
549.49,-7.548931385747008e-15,4.364364945337999e-18
549.5,-7.547690373923211e-15,4.3799567665656335e-18
549.51,-7.547660474942434e-15,4.3736158436164486e-18
549.52,-7.546454400910758e-15,4.505189434773448e-18
549.53,-7.545918155630666e-15,4.419980613376556e-18
549.54,-7.545200817916223e-15,4.5324429695974075e-18
549.55,-7.544520932452694e-15,4.885985913412671e-18
549.56,-7.543327117675792e-15,4.262677902469295e-18
549.57,-7.543118020538714e-15,4.291679507087724e-18
549.58,-7.542910965678375e-15,4.273759941618589e-18
549.59,-7.541868035880149e-15,4.321072487325075e-18
549.6,-7.539491585419104e-15,3.630254686888603e-18
549.61,-7.540641222310905e-15,4.445834198612702e-18
549.62,-7.539104870633651e-15,4.196082380341076e-18
549.63,-7.538755070027345e-15,4.343182650257048e-18
549.64,-7.53788018638621e-15,4.6212234733926875e-18
549.65,-7.537212933484391e-15,4.041692934956963e-18
549.66,-7.537255097282678e-15,4.50862778427641e-18
549.67,-7.536246394616282e-15,4.172869991926014e-18
549.68,-7.5361898230782e-15,4.645693828576202e-18
549.69,-7.535125710874044e-15,4.0722357115728385e-18
549.7,-7.533926488479184e-15,4.200128306167337e-18
549.71,-7.533192357249171e-15,4.177661666420712e-18
549.72,-7.53311228557131e-15,4.505070041494268e-18
549.73,-7.531895612560636e-15,4.5709786513933026e-18
549.74,-7.5318035261982e-15,4.388227565691754e-18
549.75,-7.531554316434498e-15,4.494126346361558e-18
549.76,-7.529906837695117e-15,4.0342199873103e-18
549.77,-7.530032642387728e-15,4.3624972458211564e-18
549.78,-7.52908654281666e-15,4.486267883095581e-18
549.79,-7.528432629487178e-15,4.327700331716159e-18
549.8,-7.527845506930094e-15,4.43981284469668e-18
549.81,-7.527313120964622e-15,4.558611704116834e-18
549.82,-7.526290305028017e-15,4.6534407543748346e-18
549.83,-7.52586020047694e-15,4.229831507242936e-18
549.84,-7.524687114686392e-15,4.330770265866451e-18
549.85,-7.523670477388095e-15,4.0847689747799e-18
549.86,-7.52439932382789e-15,4.510903296690004e-18
549.87,-7.523952587670901e-15,4.698119933268697e-18
549.88,-7.522445805610772e-15,4.3828619740627234e-18
549.89,-7.522921000283335e-15,4.7839246073034796e-18
549.9,-7.52087268560174e-15,4.248134272873238e-18
549.91,-7.520789214914259e-15,4.747110322509095e-18
549.92,-7.519527934855332e-15,4.12634113375134e-18
549.93,-7.518612771761632e-15,4.22911747408459e-18
549.94,-7.518391437426267e-15,4.363315110189277e-18
549.95,-7.517830323138688e-15,4.515788129801734e-18
549.96,-7.51742820122771e-15,4.621653269186955e-18
549.97,-7.516522535457305e-15,4.368038859136777e-18
549.98,-7.516867644221594e-15,5.053309318434504e-18
549.99,-7.514347990036364e-15,4.116316775030615e-18
550.0,-7.514363034816914e-15,4.485876329486019e-18
550.01,-7.513667637580024e-15,4.238623999574475e-18
550.02,-7.512288556499139e-15,4.187570427065093e-18
550.03,-7.511676486954854e-15,4.0431919905769365e-18
550.04,-7.511532558671017e-15,4.379644278716395e-18
550.05,-7.510694121099709e-15,3.877019772682996e-18
550.06,-7.50987522560621e-15,4.294396846515124e-18
550.07,-7.511849940300262e-15,5.812873022305093e-18
550.08,-7.509922890287313e-15,4.340480098271143e-18
550.09,-7.507961186257649e-15,4.4476337161283745e-18
550.1,-7.508063960660886e-15,4.267585100263203e-18
550.11,-7.506173916628786e-15,3.810160566897082e-18
550.12,-7.506329866206646e-15,4.385881171401184e-18
550.13,-7.50572027077804e-15,4.381898301656235e-18
550.14,-7.50536657448686e-15,4.246315047370033e-18
550.15,-7.504812254601971e-15,4.404062688542149e-18
550.16,-7.504396070372713e-15,4.943352814529095e-18
550.17,-7.502901667601905e-15,4.2082386767456464e-18
550.18,-7.502394770428398e-15,4.561667902444899e-18
550.19,-7.502294608888558e-15,4.4734959007348995e-18
550.2,-7.501356099463085e-15,4.43056929195512e-18
550.21,-7.500706338998434e-15,4.342487229232606e-18
550.22,-7.499599038845208e-15,4.074547799483615e-18
550.23,-7.499387369671467e-15,4.494174358020805e-18
550.24,-7.498574003040515e-15,4.3303182475718776e-18
550.25,-7.501710926420336e-15,5.237555428636601e-18
550.26,-7.497299276353542e-15,4.439670765509606e-18
550.27,-7.496542096538375e-15,4.396875858746498e-18
550.28,-7.495831512365263e-15,4.317111500423731e-18
550.29,-7.495328777010554e-15,4.2438644880055855e-18
550.3,-7.494801071544014e-15,4.445516901329926e-18
550.31,-7.49360502515651e-15,4.288738532423736e-18
550.32,-7.493357594721157e-15,4.25618355579929e-18
550.33,-7.492835525342522e-15,4.439889886734996e-18
550.34,-7.49238051632964e-15,4.54763661364655e-18
550.35,-7.491341488631588e-15,4.3448680091562e-18
550.36,-7.490548882080848e-15,4.475735824235535e-18
550.37,-7.490110384548412e-15,4.343098074159208e-18
550.38,-7.489874002230773e-15,4.4928057924486765e-18
550.39,-7.489455509303589e-15,4.769001949794358e-18
550.4,-7.487754295922733e-15,4.352207853768133e-18
550.41,-7.487380472996341e-15,4.371772456410158e-18
550.42,-7.486531220554034e-15,4.346414988756599e-18
550.43,-7.484720833302554e-15,4.032131081497215e-18
550.44,-7.48536896083524e-15,4.3619175158178766e-18
550.45,-7.484378429868327e-15,4.45813558345738e-18
550.46,-7.484016921807463e-15,4.347252546367464e-18
550.47,-7.48366139353338e-15,4.3724799987026576e-18
550.48,-7.482931988130014e-15,4.466476318424415e-18
550.49,-7.4825104274151e-15,4.433035952495247e-18
550.5,-7.48140073803661e-15,4.273338551142771e-18
550.51,-7.481350538374206e-15,4.495528367196985e-18
550.52,-7.479779551581345e-15,4.208360130477151e-18
550.53,-7.479461219691626e-15,4.177406939826129e-18
550.54,-7.47854614727244e-15,4.345386679680298e-18
550.55,-7.478247454455751e-15,4.4529542749400676e-18
550.56,-7.477902297101861e-15,4.397057995899293e-18
550.57,-7.47747910933341e-15,4.6708771813600804e-18
550.58,-7.47628829500032e-15,4.33378041997695e-18
550.59,-7.475150908830803e-15,4.190610361893173e-18
550.6,-7.476570621976091e-15,5.313999901583622e-18
550.61,-7.474370738526259e-15,4.497524140986314e-18
550.62,-7.473063285474525e-15,4.150244905258535e-18
550.63,-7.472647579594328e-15,4.1650981243e-18
550.64,-7.473373233310411e-15,4.738700101680445e-18
550.65,-7.471793222359337e-15,4.3274654212924e-18
550.66,-7.471901131976649e-15,4.5360851076233616e-18
550.67,-7.469694352224092e-15,3.8042086977894745e-18
550.68,-7.469743259372164e-15,4.33035841210818e-18
550.69,-7.46882224425829e-15,4.436067085014653e-18
550.7,-7.468732120930949e-15,4.47003304743663e-18
550.71,-7.467917032660233e-15,4.4117285916049436e-18
550.72,-7.46663178076783e-15,4.2049613375513304e-18
550.73,-7.467008225687013e-15,4.900815184287161e-18
550.74,-7.465959352002139e-15,4.519717384473452e-18
550.75,-7.465672590091988e-15,4.495620379275184e-18
550.76,-7.46392293503808e-15,4.133499537572535e-18
550.77,-7.463979445833698e-15,4.3510599257647516e-18
550.78,-7.463579837186529e-15,4.677276022095633e-18
550.79,-7.462357286177207e-15,4.380016522184372e-18
550.8,-7.461549210877344e-15,4.2810397186015595e-18
550.81,-7.461137932860876e-15,4.488434328978492e-18
550.82,-7.461241429925342e-15,4.592141662037308e-18
550.83,-7.460011150078915e-15,4.578070315404887e-18
550.84,-7.45913067974412e-15,4.2835132754891756e-18
550.85,-7.458682256352351e-15,4.3854827655468436e-18
550.86,-7.457934079950534e-15,4.411224610838126e-18
550.87,-7.457512844320782e-15,4.5150158880424284e-18
550.88,-7.45677100920948e-15,4.444119769839515e-18
550.89,-7.455922151214975e-15,4.460273046750127e-18
550.9,-7.454986828919433e-15,4.358815339557961e-18
550.91,-7.454367687377688e-15,4.23359096108e-18
550.92,-7.45388139854158e-15,4.300976961504311e-18
550.93,-7.452954672376775e-15,4.367596958399038e-18
550.94,-7.452886792630574e-15,4.77159382188026e-18
550.95,-7.452201421353268e-15,4.414679659733837e-18
550.96,-7.451069533288886e-15,4.33631763438837e-18
550.97,-7.451055269272058e-15,4.637247364797975e-18
550.98,-7.449947660218705e-15,4.402858789854175e-18
550.99,-7.449174734085908e-15,4.30290622313959e-18
551.0,-7.449256458804201e-15,4.584505546834099e-18
551.01,-7.447946655507153e-15,4.339457506749275e-18
551.02,-7.447448293210853e-15,4.547722440944881e-18
551.03,-7.446592167569847e-15,4.399836279678051e-18
551.04,-7.446156366877372e-15,4.356741406022807e-18
551.05,-7.445419994925007e-15,4.417040866742679e-18
551.06,-7.444820542058811e-15,4.388784220366786e-18
551.07,-7.444124130689695e-15,4.408945305196444e-18
551.08,-7.443281972147638e-15,4.335021080512517e-18
551.09,-7.443032999407046e-15,4.496150782963483e-18
551.1,-7.442115569809339e-15,4.3621405088663355e-18
551.11,-7.441309928596017e-15,4.37413079740104e-18
551.12,-7.441152843688256e-15,4.40720524919367e-18
551.13,-7.440021511285646e-15,4.379099525190814e-18
551.14,-7.439787772335735e-15,4.437687077179566e-18
551.15,-7.438479198189929e-15,4.407485125260414e-18
551.16,-7.438293298551401e-15,4.462892758573555e-18
551.17,-7.437365675177107e-15,4.3374795457157585e-18
551.18,-7.437695307652682e-15,4.615891918524489e-18
551.19,-7.436428484304207e-15,4.440831234480873e-18
551.2,-7.435346281876575e-15,4.244226871687202e-18
551.21,-7.435008517517513e-15,4.395744405936114e-18
551.22,-7.434005200572542e-15,4.328181821680211e-18
551.23,-7.433361391155238e-15,4.258134824555663e-18
551.24,-7.432283389914721e-15,4.2226035205341626e-18
551.25,-7.432247163852665e-15,4.345835080499376e-18
551.26,-7.431691605510994e-15,4.373354244239706e-18
551.27,-7.431395581727704e-15,4.545435852036705e-18
551.28,-7.4306695689729e-15,4.467415898902257e-18
551.29,-7.429161263569196e-15,4.152957637960305e-18
551.3,-7.428693868135783e-15,4.294979808523039e-18
551.31,-7.428531833599076e-15,4.394316986283648e-18
551.32,-7.427993577800144e-15,4.376567235472404e-18
551.33,-7.426457184839594e-15,4.370311389943814e-18
551.34,-7.426350942480375e-15,4.312005776712177e-18
551.35,-7.425443094814907e-15,4.218051184474137e-18
551.36,-7.425160406006674e-15,4.3751609393070166e-18
551.37,-7.42487329417199e-15,4.449805371528817e-18
551.38,-7.423468066043202e-15,4.253281795422745e-18
551.39,-7.42387236731439e-15,4.237531050142165e-18
551.4,-7.422239320270376e-15,4.388950370418526e-18
551.41,-7.421355108145982e-15,4.557167814537365e-18
551.42,-7.420232668545745e-15,4.056257434219122e-18
551.43,-7.420543481810849e-15,4.403568531226325e-18
551.44,-7.41924731242786e-15,4.162051862872215e-18
551.45,-7.419061791695533e-15,4.440162267710584e-18
551.46,-7.418704227572779e-15,4.503111700506162e-18
551.47,-7.417137598019275e-15,4.220784493032382e-18
551.48,-7.417658628288344e-15,4.554045376833809e-18
551.49,-7.416402631733461e-15,4.354940980649539e-18
551.5,-7.415779033252255e-15,4.235264242945456e-18
551.51,-7.414671847098614e-15,4.1141025509037e-18
551.52,-7.41462949838872e-15,4.520650982648946e-18
551.53,-7.414255485750366e-15,4.141457283939767e-18
551.54,-7.413213258518727e-15,4.352348331039427e-18
551.55,-7.412613922460864e-15,4.4186845529244656e-18
551.56,-7.411958301314789e-15,4.425100472599381e-18
551.57,-7.411231032864967e-15,4.0296426988579904e-18
551.58,-7.41057668816167e-15,4.287958316762647e-18
551.59,-7.410460362769352e-15,4.315710572940585e-18
551.6,-7.409400673178926e-15,4.210946926538501e-18
551.61,-7.408627656805892e-15,4.31718685944994e-18
551.62,-7.408334341129818e-15,4.479485143137982e-18
551.63,-7.407452122999026e-15,4.619958754038418e-18
551.64,-7.406953850285075e-15,4.477700581049054e-18
551.65,-7.40664930266329e-15,4.538570272706526e-18
551.66,-7.40527152240845e-15,4.3792074533449564e-18
551.67,-7.404508629837224e-15,4.394457700524732e-18
551.68,-7.404370190872375e-15,4.440966127164116e-18
551.69,-7.403907142613817e-15,4.338276469326838e-18
551.7,-7.402922585511548e-15,4.261268874305528e-18
551.71,-7.401857269854471e-15,4.265965325386424e-18
551.72,-7.401990639028657e-15,4.702703476143663e-18
551.73,-7.400958885614099e-15,4.3631110907853e-18
551.74,-7.401667455626673e-15,4.8017901420807034e-18
551.75,-7.39947759626173e-15,4.1925054150961706e-18
551.76,-7.399051313152808e-15,4.3559555457413214e-18
551.77,-7.398337069306202e-15,4.473941076395136e-18
551.78,-7.39804277581892e-15,4.388388388136016e-18
551.79,-7.397073909162598e-15,4.298485375823425e-18
551.8,-7.396352024545812e-15,4.360105080552353e-18
551.81,-7.396216988614858e-15,4.623858832331346e-18
551.82,-7.394802179457739e-15,4.300163017143117e-18
551.83,-7.396293749962984e-15,4.751599344980636e-18
551.84,-7.393653047873737e-15,4.28801825853432e-18
551.85,-7.393297715991263e-15,4.429433400963869e-18
551.86,-7.3925435655842e-15,4.513913017869862e-18
551.87,-7.39221939989794e-15,4.453594440533733e-18
551.88,-7.390488589205697e-15,4.2321423960865755e-18
551.89,-7.390503430911693e-15,4.258506541687408e-18
551.9,-7.3900865237974e-15,4.568832550288411e-18
551.91,-7.3894261196598e-15,4.4949708595623585e-18
551.92,-7.389467960972746e-15,3.849650768009679e-18
551.93,-7.387632493170979e-15,4.4135722367133554e-18
551.94,-7.387468764558703e-15,4.371038670503319e-18
551.95,-7.387191853164656e-15,4.409078862949871e-18
551.96,-7.386254622941605e-15,4.3237229375531574e-18
551.97,-7.385068039903169e-15,4.30919529736203e-18
551.98,-7.384618355347122e-15,4.241717619118573e-18
551.99,-7.383875899822054e-15,4.486496477583276e-18
552.0,-7.38367984093844e-15,4.4999578677283305e-18
552.01,-7.386956930654647e-15,5.247903113678159e-18
552.02,-7.381696888889861e-15,4.176749465959003e-18
552.03,-7.380441682390283e-15,4.187138307650384e-18
552.04,-7.380193773800448e-15,4.350504572053866e-18
552.05,-7.38017001673697e-15,4.313382406892859e-18
552.06,-7.37862998809085e-15,4.4704016936373705e-18
552.07,-7.378543703820505e-15,4.299330744353517e-18
552.08,-7.378642188828044e-15,4.4043232568370054e-18
552.09,-7.377744501218295e-15,4.723644348114039e-18
552.1,-7.378683388032901e-15,5.391455484010464e-18
552.11,-7.375984155492431e-15,4.387472198287893e-18
552.12,-7.374879041195416e-15,4.360721105375265e-18
552.13,-7.37450047395057e-15,4.131885809111596e-18
552.14,-7.373719229952232e-15,4.0054283603062655e-18
552.15,-7.373285660688416e-15,4.116931120001015e-18
552.16,-7.372571260747176e-15,4.271595695539403e-18
552.17,-7.372614164799066e-15,4.730662702986836e-18
552.18,-7.37127738142717e-15,4.3701389005881545e-18
552.19,-7.371247574874618e-15,4.666460156465365e-18
552.2,-7.37010703755403e-15,4.36614268722244e-18
552.21,-7.369811782407531e-15,4.480520654614837e-18
552.22,-7.368553295272377e-15,4.2218459990749104e-18
552.23,-7.367534591019795e-15,3.9530465140006695e-18
552.24,-7.367440388393383e-15,4.318515221583226e-18
552.25,-7.367057555772888e-15,4.260706614636714e-18
552.26,-7.36714584664707e-15,4.810343682106677e-18
552.27,-7.365460244043973e-15,4.310631507013905e-18
552.28,-7.36423658848476e-15,3.990717219398675e-18
552.29,-7.364451534993349e-15,4.4765492260675604e-18
552.3,-7.363730844974451e-15,4.201994369934379e-18
552.31,-7.363011753776506e-15,4.3275094691382224e-18
552.32,-7.361305112832738e-15,3.766999587096028e-18
552.33,-7.361678250595739e-15,4.411498708264891e-18
552.34,-7.36071305536398e-15,4.168876223677125e-18
552.35,-7.36054496139376e-15,4.656587049670247e-18
552.36,-7.359981848062868e-15,4.55788474925914e-18
552.37,-7.358333083650605e-15,4.022844767030455e-18
552.38,-7.358447679576442e-15,4.180118882266561e-18
552.39,-7.357873212463664e-15,4.334457217710161e-18
552.4,-7.356762805734439e-15,4.06772943301056e-18
552.41,-7.355775266693328e-15,3.8855259024263904e-18
552.42,-7.356617771755783e-15,4.314164719209988e-18
552.43,-7.354928320429958e-15,3.893168135103464e-18
552.44,-7.35516048633728e-15,4.78436945094271e-18
552.45,-7.353922610574843e-15,4.322635696986389e-18
552.46,-7.353087701317287e-15,4.263140900364136e-18
552.47,-7.352774743282594e-15,4.385671066349701e-18
552.48,-7.351988584825181e-15,4.251350641715343e-18
552.49,-7.35187801805403e-15,4.506118636764389e-18
552.5,-7.350131556956362e-15,3.9397371628171364e-18
552.51,-7.35046472140083e-15,4.254031570207913e-18
552.52,-7.349474746337136e-15,4.2118955008097724e-18
552.53,-7.349056228214796e-15,4.8038183538746816e-18
552.54,-7.348489860607269e-15,4.476434633664675e-18
552.55,-7.34707825055074e-15,4.3320916647082835e-18
552.56,-7.347060151900883e-15,4.157180143142062e-18
552.57,-7.34527227457247e-15,3.848643478153748e-18
552.58,-7.345550835330495e-15,4.264042757357813e-18
552.59,-7.344681885775989e-15,3.94929642593378e-18
552.6,-7.344776002819971e-15,4.490025268712979e-18
552.61,-7.343860150922364e-15,4.3558467455383524e-18
552.62,-7.34309351337958e-15,4.905313692396094e-18
552.63,-7.342727010210395e-15,4.533586621085979e-18
552.64,-7.341674159596873e-15,4.225493734689341e-18
552.65,-7.341228129886981e-15,4.36074675682843e-18
552.66,-7.340713231115715e-15,4.43462859972872e-18
552.67,-7.340256527036861e-15,4.369137169352335e-18
552.68,-7.339673776700105e-15,4.198697354085202e-18
552.69,-7.338912524623344e-15,4.488923845767579e-18
552.7,-7.338270864544677e-15,4.268303198243347e-18
552.71,-7.336343540629275e-15,5.0391369125464294e-18
552.72,-7.337360337032814e-15,4.642321408808206e-18
552.73,-7.335719948890979e-15,4.1995076485850315e-18
552.74,-7.335357595196575e-15,4.4123797726076465e-18
552.75,-7.334850420140442e-15,4.328528906592186e-18
552.76,-7.333673469464775e-15,4.004057458738607e-18
552.77,-7.334043786658254e-15,4.355045906659742e-18
552.78,-7.33291792928782e-15,4.389042596427785e-18
552.79,-7.332133157642128e-15,3.991918182557551e-18
552.8,-7.326424967537726e-15,3.648885102221907e-18
552.81,-7.331127548586324e-15,4.5850830964520124e-18
552.82,-7.329810969386686e-15,4.222563328877985e-18
552.83,-7.329465252840174e-15,4.242130184049514e-18
552.84,-7.328902141503516e-15,4.350494915534925e-18
552.85,-7.32783125531978e-15,4.1363820661391754e-18
552.86,-7.328778774396698e-15,4.693153918519718e-18
552.87,-7.326611259192482e-15,4.265796140014974e-18
552.88,-7.326513949800892e-15,4.190784559965579e-18
552.89,-7.321404136756966e-15,2.292438019810964e-18
552.9,-7.324769404938366e-15,4.169465207877304e-18
552.91,-7.3239206018154e-15,4.368470621780302e-18
552.92,-7.323732149966944e-15,4.310555087679536e-18
552.93,-7.322606542222134e-15,4.471411869390393e-18
552.94,-7.321485859000966e-15,4.06083143089775e-18
552.95,-7.322898474787232e-15,4.759097740023145e-18
552.96,-7.321427990805003e-15,4.40246440629872e-18
552.97,-7.319358303897304e-15,3.947881735771831e-18
552.98,-7.317488092363064e-15,1.823620170625236e-18
552.99,-7.31917007773792e-15,4.627908442774541e-18
553.0,-7.317791198381239e-15,4.147779941257541e-18
553.01,-7.31768211900105e-15,4.339360677206895e-18
553.02,-7.317348541031626e-15,4.664876978577612e-18
553.03,-7.315269138212752e-15,3.911842452776556e-18
553.04,-7.318248232479147e-15,4.961380700995625e-18
553.05,-7.316269490256222e-15,4.4551783413439085e-18
553.06,-7.313564495895099e-15,3.771827479000226e-18
553.07,-7.313776174005299e-15,2.403456732374329e-18
553.08,-7.314331495425364e-15,4.874819547247116e-18
553.09,-7.311556349948383e-15,3.8545282200390515e-18
553.1,-7.311873981908729e-15,4.141614466528054e-18
553.11,-7.312562037356931e-15,4.1795095768536936e-18
553.12,-7.309617604184947e-15,3.830797385957893e-18
553.13,-7.311699566636921e-15,5.2298291629174556e-18
553.14,-7.309395289810725e-15,3.967722347923527e-18
553.15,-7.308404471178154e-15,4.151658420017412e-18
553.16,-7.308066706445601e-15,3.4540220023971394e-18
553.17,-7.307352989433919e-15,4.028359678063542e-18
553.18,-7.306587687026226e-15,4.158122395585935e-18
553.19,-7.306114166565847e-15,4.138368898268429e-18
553.2,-7.306176773668777e-15,4.312369841826103e-18
553.21,-7.304756804786811e-15,4.236557047959231e-18
553.22,-7.30607681759129e-15,5.34272177202097e-18
553.23,-7.303180933168078e-15,4.020129181179502e-18
553.24,-7.303065705150209e-15,4.3544137439308335e-18
553.25,-7.303269587094855e-15,3.881721080064787e-18
553.26,-7.30158502193049e-15,4.027197427606055e-18
553.27,-7.301249834307993e-15,4.261640324451309e-18
553.28,-7.30026611307374e-15,4.105984410349278e-18
553.29,-7.29958124184719e-15,4.155126614548922e-18
553.3,-7.29925733003193e-15,4.307431402988285e-18
553.31,-7.300249861615242e-15,5.441492903730471e-18
553.32,-7.296907404648201e-15,4.044594548412238e-18
553.33,-7.297452419932717e-15,4.260921906298649e-18
553.34,-7.297633970728517e-15,4.271538751106449e-18
553.35,-7.295712598474742e-15,4.1494772847721714e-18
553.36,-7.295054329107406e-15,4.1481607796198006e-18
553.37,-7.29459859964791e-15,4.195762041945994e-18
553.38,-7.293989933453678e-15,4.291700706405135e-18
553.39,-7.29323855894865e-15,4.214125773584062e-18
553.4,-7.294037624307436e-15,5.333822565873812e-18
553.41,-7.291893341063629e-15,4.1282803770807716e-18
553.42,-7.291452312223581e-15,4.343285685774927e-18
553.43,-7.29104522845075e-15,4.3789702923993545e-18
553.44,-7.290295117853585e-15,4.2588169010213335e-18
553.45,-7.288610989357404e-15,4.233609304384842e-18
553.46,-7.289200155962708e-15,4.171960541893668e-18
553.47,-7.287915576431008e-15,4.134810579649697e-18
553.48,-7.287271359657633e-15,4.085447921137944e-18
553.49,-7.287634717790623e-15,5.0369545856064444e-18
553.5,-7.286573811941492e-15,4.229837421482294e-18
553.51,-7.285614112571555e-15,4.186061024817489e-18
553.52,-7.286129769806761e-15,4.409746054553133e-18
553.53,-7.283974103196705e-15,3.905776417416735e-18
553.54,-7.283071426120096e-15,4.248667000708577e-18
553.55,-7.283330368849587e-15,4.2362352816895155e-18
553.56,-7.282898346841046e-15,4.3359694775830446e-18
553.57,-7.281630656796103e-15,4.183920077278929e-18
553.58,-7.281581934024218e-15,4.7702072529232876e-18
553.59,-7.280785526173673e-15,4.348278183741033e-18
553.6,-7.280112889479104e-15,4.091106291048883e-18
553.61,-7.279577314634995e-15,4.311859273035825e-18
553.62,-7.278666931796874e-15,4.188105140180672e-18
553.63,-7.278304358875923e-15,4.2420466469325526e-18
553.64,-7.277065849764854e-15,3.957754584171142e-18
553.65,-7.2772119944483e-15,4.2739422183860855e-18
553.66,-7.276094563345237e-15,4.2953057047812446e-18
553.67,-7.27479367495385e-15,4.26223932483791e-18
553.68,-7.274929546264399e-15,4.3602646806274484e-18
553.69,-7.274047864783852e-15,4.073074889662118e-18
553.7,-7.273906755319286e-15,4.37965288203627e-18
553.71,-7.272645266390908e-15,4.187998874896206e-18
553.72,-7.272447566978077e-15,4.084581301288736e-18
553.73,-7.271483398705457e-15,3.987376748029414e-18
553.74,-7.271029658262424e-15,3.934407081308608e-18
553.75,-7.270275041679439e-15,4.157051967268778e-18
553.76,-7.268380944420472e-15,4.135780749685546e-18
553.77,-7.269896565011292e-15,4.35711373282516e-18
553.78,-7.268643573852759e-15,4.156650058984487e-18
553.79,-7.268105160036317e-15,4.260271645331156e-18
553.8,-7.267722273541528e-15,4.3145872011620765e-18
553.81,-7.265787343370334e-15,3.627980287377298e-18
553.82,-7.266449174438903e-15,4.2258015747052744e-18
553.83,-7.264634510672086e-15,3.938487965049936e-18
553.84,-7.26478256498975e-15,4.551525519274655e-18
553.85,-7.262061037875929e-15,3.648844752454219e-18
553.86,-7.263634615741236e-15,4.282517415476115e-18
553.87,-7.262821288938585e-15,4.182646226820404e-18
553.88,-7.262392718374499e-15,4.2783954488088986e-18
553.89,-7.261341800998438e-15,4.061749093381468e-18
553.9,-7.260053020785949e-15,4.0507445326898545e-18
553.91,-7.259783651457316e-15,3.844140024221999e-18
553.92,-7.258573790800582e-15,3.4328099930159753e-18
553.93,-7.258055899521622e-15,4.243984779531919e-18
553.94,-7.255844447021808e-15,3.640082056045822e-18
553.95,-7.258271694697494e-15,4.338555315891494e-18
553.96,-7.258326219602014e-15,4.423629593444421e-18
553.97,-7.256453219270026e-15,4.366473657908941e-18
553.98,-7.25599221914584e-15,4.15126687759809e-18
553.99,-7.25501426592031e-15,4.521116914953861e-18
554.0,-7.255169120514221e-15,4.29667613635882e-18
554.01,-7.254384878892802e-15,2.9723318822076653e-18
554.02,-7.25348661008252e-15,4.1607989511959814e-18
554.03,-7.251478856845236e-15,3.646619733695122e-18
554.04,-7.252333719026511e-15,4.1787012144475525e-18
554.05,-7.2508618289945e-15,3.986317129319613e-18
554.06,-7.250400342550379e-15,4.107335113928538e-18
554.07,-7.250161888520138e-15,4.344487016500277e-18
554.08,-7.249075641112717e-15,3.963319526899285e-18
554.09,-7.248791776057668e-15,3.931449271586665e-18
554.1,-7.24899961670904e-15,2.733987685226917e-18
554.11,-7.247218650642469e-15,4.052980811331821e-18
554.12,-7.246086962243039e-15,4.095626752039159e-18
554.13,-7.246406592945746e-15,4.1724262101747425e-18
554.14,-7.245619024543887e-15,4.263709413534058e-18
554.15,-7.244992209723395e-15,4.179529699275059e-18
554.16,-7.243914027870298e-15,3.997243108064225e-18
554.17,-7.242204595566165e-15,3.78322625881659e-18
554.18,-7.242828925128596e-15,4.017548608603085e-18
554.19,-7.237754242550605e-15,2.8123196564838207e-18
554.2,-7.241636736176408e-15,3.928334860839794e-18
554.21,-7.240698838645376e-15,3.903169198377336e-18
554.22,-7.240622389795104e-15,4.102340323674663e-18
554.23,-7.23996563750257e-15,4.146649562183606e-18
554.24,-7.239000386634517e-15,4.065057548552306e-18
554.25,-7.238824237829168e-15,4.139546683938747e-18
554.26,-7.237251299237265e-15,3.921934400020777e-18
554.27,-7.237313426801691e-15,4.121298669388519e-18
554.28,-7.237095080295843e-15,4.158209927486955e-18
554.29,-7.235221094216922e-15,3.7657064071433845e-18
554.3,-7.235371139037113e-15,3.64261637817513e-18
554.31,-7.234494367981361e-15,3.801592284322224e-18
554.32,-7.23449444150045e-15,4.120635048130092e-18
554.33,-7.233216440661131e-15,3.9758125191969395e-18
554.34,-7.232667419579252e-15,3.8767607631227585e-18
554.35,-7.231915427477237e-15,3.620955677950194e-18
554.36,-7.231720096183298e-15,3.953633846718886e-18
554.37,-7.231302418837408e-15,4.202166849317559e-18
554.38,-7.230013602694244e-15,3.942716540015389e-18
554.39,-7.230186901913643e-15,4.045618965128089e-18
554.4,-7.228823591491267e-15,3.8918223728709245e-18
554.41,-7.228338305707731e-15,3.858814675994729e-18
554.42,-7.228304143456123e-15,4.179809561123615e-18
554.43,-7.227055744347942e-15,4.143116889225444e-18
554.44,-7.226762718392319e-15,4.041034429613002e-18
554.45,-7.22566514329536e-15,4.100560842744632e-18
554.46,-7.22498146435295e-15,4.1211016806149116e-18
554.47,-7.224202029511006e-15,3.993876414539554e-18
554.48,-7.224635817778615e-15,4.384819374017463e-18
554.49,-7.223044942726875e-15,3.9251067798974695e-18
554.5,-7.222288298308548e-15,4.043557180507466e-18
554.51,-7.222326367302301e-15,4.23491162979158e-18
554.52,-7.221296086119044e-15,3.897083103261495e-18
554.53,-7.221267145167106e-15,4.082832328112767e-18
554.54,-7.221422802273133e-15,4.0211651941436754e-18
554.55,-7.21930961111205e-15,3.9015566263289724e-18
554.56,-7.218691161822886e-15,3.820041489383736e-18
554.57,-7.21820852564025e-15,4.188029688209646e-18
554.58,-7.217487923340079e-15,3.7087265772212954e-18
554.59,-7.217208599760009e-15,4.129271114070273e-18
554.6,-7.21663512405162e-15,4.1161654087341716e-18
554.61,-7.215597481956541e-15,4.0751013977749566e-18
554.62,-7.21544008603732e-15,4.196570416990525e-18
554.63,-7.214290224341429e-15,3.8313631202620775e-18
554.64,-7.213796240164028e-15,4.05329577051267e-18
554.65,-7.212957784560092e-15,4.0902955979132064e-18
554.66,-7.211931025022664e-15,3.9511709012068155e-18
554.67,-7.211944447532254e-15,4.147415177872634e-18
554.68,-7.211468321677455e-15,4.092527566864594e-18
554.69,-7.211166998934888e-15,4.1715233310513715e-18
554.7,-7.209355583834184e-15,4.202616825459141e-18
554.71,-7.209496893599043e-15,4.1188475713127484e-18
554.72,-7.209637339139688e-15,4.3757495201319524e-18
554.73,-7.208699227034748e-15,4.298984876544713e-18
554.74,-7.207071302628857e-15,3.874951092768085e-18
554.75,-7.205881742233095e-15,3.638098006205202e-18
554.76,-7.207074377259353e-15,4.314331265527877e-18
554.77,-7.20579623922723e-15,4.0536990720312205e-18
554.78,-7.204383586752971e-15,3.91715897164828e-18
554.79,-7.204362780066856e-15,3.8853957626988844e-18
554.8,-7.204274375540515e-15,4.067373672848505e-18
554.81,-7.203194370674348e-15,4.24266851148099e-18
554.82,-7.202549999921161e-15,3.972757650006096e-18
554.83,-7.202008937544456e-15,3.93956997088822e-18
554.84,-7.200577634349713e-15,3.6068190602929994e-18
554.85,-7.201322743887718e-15,4.561740083442924e-18
554.86,-7.200255833118792e-15,4.05491102031966e-18
554.87,-7.199734476572667e-15,4.114681136342896e-18
554.88,-7.198696711935969e-15,4.0094107842847094e-18
554.89,-7.198759418875472e-15,4.230055820213126e-18
554.9,-7.198047813133494e-15,4.0975577351283124e-18
554.91,-7.196437092549584e-15,3.8722669449092675e-18
554.92,-7.196285749573075e-15,3.9524435242934794e-18
554.93,-7.194901645361004e-15,3.5977712293265696e-18
554.94,-7.195461603275371e-15,4.275150970610308e-18
554.95,-7.194755971434372e-15,4.1263430173978704e-18
554.96,-7.193828453755714e-15,4.055767482853771e-18
554.97,-7.193282110392968e-15,3.951099500629299e-18
554.98,-7.192345943548679e-15,3.960495833060449e-18
554.99,-7.192292985702736e-15,4.115828368181694e-18
555.0,-7.191225599363876e-15,3.9391459250342554e-18
555.01,-7.19062023537895e-15,3.918439988731504e-18
555.02,-7.189357199320626e-15,3.606376780930196e-18
555.03,-7.190142425271899e-15,4.3739918525343884e-18
555.04,-7.188854818097258e-15,4.0300952724517705e-18
555.05,-7.187876850914736e-15,3.960949270277464e-18
555.06,-7.18747348594568e-15,3.973354824145515e-18
555.07,-7.186779089979352e-15,3.911202475047274e-18
555.08,-7.186247054728247e-15,3.964150340349928e-18
555.09,-7.185732187357585e-15,3.927157914305832e-18
555.1,-7.185037885657312e-15,3.908264636546806e-18
555.11,-7.184645987419423e-15,3.867945093302662e-18
555.12,-7.184247107909342e-15,4.195052189461343e-18
555.13,-7.183462626084811e-15,4.069122802424537e-18
555.14,-7.18246084079434e-15,3.765143227900134e-18
555.15,-7.18165696709155e-15,3.865613321364631e-18
555.16,-7.18125595138886e-15,3.9976689540986934e-18
555.17,-7.18069178724387e-15,4.046312308717372e-18
555.18,-7.180425017473307e-15,3.881888091370063e-18
555.19,-7.179578429455602e-15,3.997673361736787e-18
555.2,-7.17815193915863e-15,3.6820452317586e-18
555.21,-7.179090233202785e-15,4.461133644143773e-18
555.22,-7.177778178178246e-15,4.128283851452842e-18
555.23,-7.176360478585801e-15,3.970719195851196e-18
555.24,-7.176336001437482e-15,3.9474395681797784e-18
555.25,-7.175446131808134e-15,3.8767356634142544e-18
555.26,-7.175295384642136e-15,4.0952863798230844e-18
555.27,-7.174478861765262e-15,3.894917487167798e-18
555.28,-7.173962493598043e-15,3.913990446282696e-18
555.29,-7.174083583779448e-15,4.185536642926503e-18
555.3,-7.173632238624946e-15,4.3474971273637896e-18
555.31,-7.17220230880047e-15,4.086347224551746e-18
555.32,-7.170901675779838e-15,3.827706912023193e-18
555.33,-7.170315403386106e-15,3.877099043274082e-18
555.34,-7.170202936289436e-15,3.990370321956133e-18
555.35,-7.170010950394652e-15,3.923749581601604e-18
555.36,-7.168401224655734e-15,3.776081337473876e-18
555.37,-7.168222729943463e-15,3.903199840776315e-18
555.38,-7.167372212172527e-15,3.812355674671039e-18
555.39,-7.167339182033558e-15,4.107883119008761e-18
555.4,-7.166477114985925e-15,3.870334762687152e-18
555.41,-7.166172636540229e-15,4.258414445484933e-18
555.42,-7.164642899856495e-15,3.649963138618734e-18
555.43,-7.164181322028397e-15,4.061030083989182e-18
555.44,-7.164523515787013e-15,4.1616562053408394e-18
555.45,-7.163527594721055e-15,3.972413073814297e-18
555.46,-7.162451175696757e-15,3.775998274609164e-18
555.47,-7.162402843040867e-15,4.256877581203319e-18
555.48,-7.161258828957448e-15,4.1879902285268195e-18
555.49,-7.161124152712404e-15,4.071366500590627e-18
555.5,-7.160916395328003e-15,4.0797866957410364e-18
555.51,-7.159402113038291e-15,3.65949855783511e-18
555.52,-7.158819858100307e-15,3.8823533756284276e-18
555.53,-7.158460880013703e-15,4.001118408400963e-18
555.54,-7.15759953433476e-15,3.847677554451974e-18
555.55,-7.156702618091166e-15,3.7188988867797154e-18
555.56,-7.156006517616937e-15,3.896441672446625e-18
555.57,-7.156109444969165e-15,4.30381593976295e-18
555.58,-7.155492981065983e-15,4.049608035977491e-18
555.59,-7.15469299544239e-15,3.8887518476126574e-18
555.6,-7.154007064319743e-15,4.0357200081872186e-18
555.61,-7.154537266124525e-15,4.329933899160429e-18
555.62,-7.152639039881295e-15,3.812585290761829e-18
555.63,-7.151820561706125e-15,3.677323212163966e-18
555.64,-7.151053180167197e-15,3.714570103477628e-18
555.65,-7.149584049550968e-15,3.481534356152305e-18
555.66,-7.14923495856913e-15,4.045644709526071e-18
555.67,-7.149443471618068e-15,4.106812750361913e-18
555.68,-7.147384809236093e-15,3.3937867962991185e-18
555.69,-7.147880437000544e-15,3.76949475365374e-18
555.7,-7.147397637148064e-15,3.981656131025696e-18
555.71,-7.14654118416489e-15,3.9078412678998406e-18
555.72,-7.145913008540112e-15,3.779719109611207e-18
555.73,-7.145632542361719e-15,3.861516947303082e-18
555.74,-7.144992541775384e-15,3.824352086768416e-18
555.75,-7.143856621965975e-15,3.896287447702091e-18
555.76,-7.144103887612536e-15,3.9980427157531254e-18
555.77,-7.141228590256446e-15,4.161160256138454e-18
555.78,-7.14263783094104e-15,4.008561678346079e-18
555.79,-7.142495970747754e-15,4.056929587969787e-18
555.8,-7.141415586902384e-15,3.794677183045338e-18
555.81,-7.140757972244133e-15,3.833259345149037e-18
555.82,-7.14081688395842e-15,4.169933791939994e-18
555.83,-7.13858563060235e-15,3.5790946322673975e-18
555.84,-7.138297639390877e-15,4.0816205435967815e-18
555.85,-7.138502074760564e-15,4.0475484179189986e-18
555.86,-7.135499167703887e-15,3.247756451830662e-18
555.87,-7.137308127963578e-15,3.9845737604791756e-18
555.88,-7.13586586008397e-15,3.889020316217012e-18
555.89,-7.135305311736204e-15,3.7788840422895336e-18
555.9,-7.135262740237448e-15,3.951397741854765e-18
555.91,-7.135096875766954e-15,4.151906728548534e-18
555.92,-7.134332157177356e-15,3.843056010130569e-18
555.93,-7.132359312836884e-15,3.9770093377541885e-18
555.94,-7.133111044118626e-15,4.0724975784621434e-18
555.95,-7.128703237027777e-15,2.2008318634898845e-18
555.96,-7.131571871057461e-15,4.164765239111526e-18
555.97,-7.132348473179387e-15,4.540297384892772e-18
555.98,-7.12949385468791e-15,4.266223257524016e-18
555.99,-7.12971041526567e-15,3.66508140020799e-18
556.0,-7.13051688074036e-15,4.034427600756091e-18
556.01,-7.129108037099044e-15,4.0244884969200034e-18
556.02,-7.12749704826994e-15,4.041990172483719e-18
556.03,-7.12774738950238e-15,4.061022127333534e-18
556.04,-7.126308126709219e-15,3.670946592085619e-18
556.05,-7.12627194385044e-15,3.963594733344667e-18
556.06,-7.125173433613687e-15,3.986212246490572e-18
556.07,-7.124939016933664e-15,4.323700591828563e-18
556.08,-7.12412164410849e-15,3.80436478873693e-18
556.09,-7.123454995938569e-15,4.016069282561225e-18
556.1,-7.123612755278907e-15,4.094810425868276e-18
556.11,-7.122185463326696e-15,4.283150583088583e-18
556.12,-7.122212087257356e-15,4.410126825510652e-18
556.13,-7.122318960796607e-15,4.320018104989382e-18
556.14,-7.120677518286447e-15,3.836786301869265e-18
556.15,-7.119820803773268e-15,3.858881441443154e-18
556.16,-7.119555039817194e-15,4.1683708940256035e-18
556.17,-7.118821846116357e-15,4.016941423543239e-18
556.18,-7.118191343614516e-15,3.976298438916265e-18
556.19,-7.118105186076797e-15,4.25923809007283e-18
556.2,-7.116863196804224e-15,4.255450626669891e-18
556.21,-7.11559887241435e-15,3.980528428130589e-18
556.22,-7.116199546643514e-15,4.2149437885596486e-18
556.23,-7.115560285132777e-15,3.959795329823911e-18
556.24,-7.113458603000522e-15,3.532351411747314e-18
556.25,-7.11423486755727e-15,4.024211370229423e-18
556.26,-7.11341907363594e-15,3.7092487401534975e-18
556.27,-7.113233161709735e-15,4.164875177296087e-18
556.28,-7.112330819656146e-15,4.0868658899085864e-18
556.29,-7.111825434858856e-15,4.625911631584133e-18
556.3,-7.111523595835079e-15,4.456916860729243e-18
556.31,-7.109905536449224e-15,3.8192933810227906e-18
556.32,-7.109677227161797e-15,4.079505473422586e-18
556.33,-7.10907318280879e-15,4.0091009478641196e-18
556.34,-7.108563334334824e-15,4.1136472461014416e-18
556.35,-7.107986299466114e-15,3.931367868777613e-18
556.36,-7.107261139191566e-15,4.187611544483251e-18
556.37,-7.107572293105735e-15,4.348553071330398e-18
556.38,-7.106577051587775e-15,4.695573820839138e-18
556.39,-7.10525603424387e-15,4.131271997454873e-18
556.4,-7.104843544454998e-15,4.1160837047101864e-18
556.41,-7.10382935868576e-15,3.8682211807490635e-18
556.42,-7.103721463689485e-15,4.529439076294583e-18
556.43,-7.103249053582867e-15,4.448377526910529e-18
556.44,-7.1029050849945105e-15,3.962224569279655e-18
556.45,-7.1010523011361436e-15,4.031510281469736e-18
556.46,-7.101119482561865e-15,4.03723734470999e-18
556.47,-7.1010907264574216e-15,4.46962348892825e-18
556.48,-7.099403192314094e-15,3.949672281611255e-18
556.49,-7.099674150746866e-15,4.251429577932181e-18
556.5,-7.098361717772362e-15,4.066880690902839e-18
556.51,-7.097929912133039e-15,4.240229630514391e-18
556.52,-7.0976362980739525e-15,4.117418361748469e-18
556.53,-7.0970197284016735e-15,4.024272679053485e-18
556.54,-7.096667095986893e-15,4.1320042135685036e-18
556.55,-7.095612019768374e-15,4.082068033135368e-18
556.56,-7.095805411785547e-15,4.540328620670687e-18
556.57,-7.093825419898813e-15,3.9247093136283474e-18
556.58,-7.093966834567829e-15,4.141121758940745e-18
556.59,-7.093039189706959e-15,3.95102103887864e-18
556.6,-7.0930296670127566e-15,4.2655172044549976e-18
556.61,-7.0919832546899105e-15,4.076258730582702e-18
556.62,-7.09175890666083e-15,4.0074365152405206e-18
556.63,-7.0906982369605214e-15,4.16941675282125e-18
556.64,-7.0904250023507665e-15,4.1631771994923195e-18
556.65,-7.090469987377616e-15,4.8119328906451984e-18
556.66,-7.088609926421868e-15,4.059443651025151e-18
556.67,-7.088441250236358e-15,4.0728659206174785e-18
556.68,-7.0874589899637775e-15,4.01211671440662e-18
556.69,-7.086816243738029e-15,4.251248497730474e-18
556.7,-7.086089608989135e-15,4.197506438972021e-18
556.71,-7.0860859041191815e-15,3.965171509263157e-18
556.72,-7.08504223156153e-15,3.969029712887798e-18
556.73,-7.084479770434692e-15,4.26083994766379e-18
556.74,-7.085256201211661e-15,4.8924371344771985e-18
556.75,-7.0821537931579035e-15,3.905491768515122e-18
556.76,-7.083031013851192e-15,4.076081718625689e-18
556.77,-7.0820164157769015e-15,4.038805229521961e-18
556.78,-7.080634327384159e-15,3.954021850784295e-18
556.79,-7.081973398687263e-15,4.2865288959003056e-18
556.8,-7.0811799478452844e-15,3.7430732671563304e-18
556.81,-7.078726085064039e-15,3.911750636856683e-18
556.82,-7.078644217664129e-15,3.912126492797459e-18
556.83,-7.0800773350761505e-15,4.9923225322364656e-18
556.84,-7.076795551459183e-15,3.925035386823996e-18
556.85,-7.078084881817577e-15,4.481520136151625e-18
556.86,-7.076442761650648e-15,4.003209223203181e-18
556.87,-7.07560716358247e-15,4.124726488019839e-18
556.88,-7.075375014254084e-15,4.746139312003935e-18
556.89,-7.076080630543019e-15,3.521182165345612e-18
556.9,-7.074021312389806e-15,3.941657562160764e-18
556.91,-7.072687907944344e-15,4.2443334117249745e-18
556.92,-7.07511643815214e-15,5.239970572915306e-18
556.93,-7.0717098120551025e-15,3.717003073298641e-18
556.94,-7.0708712089351035e-15,4.455846850301728e-18
556.95,-7.071062204902282e-15,3.96982654980743e-18
556.96,-7.070467291719539e-15,4.050850206076445e-18
556.97,-7.068855317805041e-15,3.80846095275109e-18
556.98,-7.0702700324180594e-15,2.743627974765596e-18
556.99,-7.068646004874056e-15,3.9022523528469696e-18
557.0,-7.067665071028817e-15,3.952813402276353e-18
557.01,-7.06884711095827e-15,5.2125756756885194e-18
557.02,-7.066750269525081e-15,3.5811946875091005e-18
557.03,-7.065956026556287e-15,3.9433512029072315e-18
557.04,-7.065387217000877e-15,4.1372624553813286e-18
557.05,-7.064498551331827e-15,3.546013285838728e-18
557.06,-7.063847296250262e-15,3.912001187253669e-18
557.07,-7.064618323272408e-15,2.133774547010058e-18
557.08,-7.062861337807656e-15,3.679429503660642e-18
557.09,-7.062335744773552e-15,3.905707497715444e-18
557.1,-7.063582126695617e-15,5.3143137107040035e-18
557.11,-7.060787720281722e-15,3.786592439663703e-18
557.12,-7.060490057815999e-15,4.0049551540490845e-18
557.13,-7.0597501825981e-15,4.092689354697449e-18
557.14,-7.059455229480657e-15,4.143699263811581e-18
557.15,-7.058368494033427e-15,4.097820201156237e-18
557.16,-7.055170951622272e-15,1.94260683202684e-18
557.17,-7.0588923030578436e-15,4.3451361428432506e-18
557.18,-7.057043999842696e-15,4.155741733883936e-18
557.19,-7.057413739000768e-15,4.980824508023913e-18
557.2,-7.055608537703598e-15,4.011219072578908e-18
557.21,-7.054578409676679e-15,3.976035642315483e-18
557.22,-7.054804159973438e-15,4.302797069325034e-18
557.23,-7.054410949032446e-15,4.2582089616076555e-18
557.24,-7.052850886575338e-15,3.948536513844296e-18
557.25,-7.0491532996119735e-15,2.7941421278077197e-18
557.26,-7.0525139699333105e-15,4.3904068446736404e-18
557.27,-7.051605016309492e-15,4.2322830650400995e-18
557.28,-7.053160221098652e-15,5.059938827406715e-18
557.29,-7.050031353522113e-15,4.0828165348661644e-18
557.3,-7.050927511265429e-15,3.964084968020568e-18
557.31,-7.048530364166513e-15,4.124346485305213e-18
557.32,-7.0487332946853524e-15,4.183407567706071e-18
557.33,-7.0477067458506675e-15,4.145014815028896e-18
557.34,-7.0443152350370356e-15,3.338139274781393e-18
557.35,-7.046909564359584e-15,4.240086073689026e-18
557.36,-7.046124176655892e-15,4.1397018343794366e-18
557.37,-7.047703157499288e-15,4.862071250806841e-18
557.38,-7.044350555007713e-15,4.266334703889641e-18
557.39,-7.0441424780555956e-15,3.834299084858107e-18
557.4,-7.043581325644449e-15,4.140864722548959e-18
557.41,-7.042942757188989e-15,4.0513417902952995e-18
557.42,-7.041865634928404e-15,3.961317656930459e-18
557.43,-7.040642238635466e-15,3.729350525662913e-18
557.44,-7.0411278499509846e-15,4.187549611638742e-18
557.45,-7.040611994476594e-15,3.984861686146385e-18
557.46,-7.041253252086821e-15,4.8108986962925136e-18
557.47,-7.039396727746944e-15,4.321162349955629e-18
557.48,-7.0396422295794375e-15,4.3292434263285015e-18
557.49,-7.037822133445275e-15,4.1770225546843626e-18
557.5,-7.0372498157327474e-15,4.076923892934663e-18
557.51,-7.036543308741251e-15,4.046118517456131e-18
557.52,-7.034209654576401e-15,3.568220802147966e-18
557.53,-7.036019816882729e-15,4.210735739588278e-18
557.54,-7.0351330747822474e-15,4.3373342584843276e-18
557.55,-7.035129945952152e-15,4.3424318551852845e-18
557.56,-7.0339889139463334e-15,4.266852489726523e-18
557.57,-7.0331711664560586e-15,4.2069041787404235e-18
557.58,-7.032249011368597e-15,4.400916698674467e-18
557.59,-7.03182368765583e-15,4.230515514222495e-18
557.6,-7.03071425055143e-15,4.040818033540195e-18
557.61,-7.02908821062245e-15,3.702953854115309e-18
557.62,-7.030553283709231e-15,4.315619464902135e-18
557.63,-7.0296123137334205e-15,4.208003662219742e-18
557.64,-7.028682978205067e-15,4.058969774637152e-18
557.65,-7.028163894108785e-15,4.195566375463816e-18
557.66,-7.027191728627021e-15,4.224913107623756e-18
557.67,-7.026079605804014e-15,4.2681080320307244e-18
557.68,-7.026769590648727e-15,4.34222772045601e-18
557.69,-7.025364063468871e-15,4.137683100850457e-18
557.7,-7.024068666647806e-15,3.738528709498011e-18
557.71,-7.0242942056096645e-15,4.0640393836261146e-18
557.72,-7.023426409726043e-15,4.076792570596255e-18
557.73,-7.023100349213149e-15,4.146029251103793e-18
557.74,-7.022269458353757e-15,4.057836564037526e-18
557.75,-7.021750812251568e-15,3.913722097677211e-18
557.76,-7.020952433201199e-15,4.15546734393113e-18
557.77,-7.021598405883791e-15,4.4384554375053614e-18
557.78,-7.020900277792495e-15,4.0166651109755375e-18
557.79,-7.019419867320925e-15,3.82679676243628e-18
557.8,-7.019382224407409e-15,4.20139253525744e-18
557.81,-7.017075723645931e-15,3.872163313807317e-18
557.82,-7.017549907328587e-15,4.0276351998034534e-18
557.83,-7.0168334685991955e-15,3.944970034775897e-18
557.84,-7.017272418248137e-15,4.233485474504593e-18
557.85,-7.0164395559789395e-15,4.241280437765851e-18
557.86,-7.015855243806024e-15,4.313460559529591e-18
557.87,-7.0161427947147265e-15,4.247262049215097e-18
557.88,-7.0131692266605195e-15,3.6790242750510996e-18
557.89,-7.013983628462864e-15,4.316546478608715e-18
557.9,-7.012979838144209e-15,4.125389382505085e-18
557.91,-7.011212629357214e-15,3.867056609040833e-18
557.92,-7.0113948568005676e-15,3.8746435033477035e-18
557.93,-7.0113999689367475e-15,4.240827591130213e-18
557.94,-7.009725155409023e-15,3.900994974224369e-18
557.95,-7.0085683871648194e-15,4.208531340755456e-18
557.96,-7.008637556911893e-15,4.124672267159671e-18
557.97,-7.007793618495536e-15,3.744911597690602e-18
557.98,-7.008037082387309e-15,4.255342333055673e-18
557.99,-7.007719791802878e-15,4.1330323675612424e-18
558.0,-7.005975037601503e-15,4.2162066658687496e-18
558.01,-7.005927071573422e-15,4.012731241843759e-18
558.02,-7.005504191964436e-15,4.107684643842146e-18
558.03,-7.0054337878548916e-15,4.271637347390262e-18
558.04,-7.007751787121894e-15,5.37611399187636e-18
558.05,-7.0036585524856236e-15,4.113569076613523e-18
558.06,-7.0026274502011205e-15,3.921625741603344e-18
558.07,-7.0025884124414255e-15,4.181482611021976e-18
558.08,-7.001887686628115e-15,4.232056546671065e-18
558.09,-7.0005598189649454e-15,4.12631261048762e-18
558.1,-7.0007776568082946e-15,4.196048638475982e-18
558.11,-7.001378864807039e-15,4.216714040832859e-18
558.12,-6.9998873800458895e-15,4.2637466293762726e-18
558.13,-6.996640831660781e-15,4.013093635004167e-18
558.14,-6.9985160527283006e-15,4.0541683743756746e-18
558.15,-6.99703099802023e-15,3.874903601389177e-18
558.16,-6.997025280678544e-15,4.328107233595719e-18
558.17,-6.996427050694949e-15,4.278471456079133e-18
558.18,-6.9957595694261344e-15,4.3290760751032264e-18
558.19,-6.994868624325718e-15,4.08797681902876e-18
558.2,-6.994956723059529e-15,4.240470555066857e-18
558.21,-6.994070154616829e-15,4.218342835043144e-18
558.22,-6.992392459756183e-15,3.7530217905415685e-18
558.23,-6.992601537592072e-15,4.116553460720138e-18
558.24,-6.9916136621865624e-15,3.855787744488924e-18
558.25,-6.991764132706657e-15,4.1585816799008674e-18
558.26,-6.991518615164646e-15,4.3011377855283714e-18
558.27,-6.99065203185776e-15,4.3595793543844084e-18
558.28,-6.989621978577959e-15,4.258869887729671e-18
558.29,-6.9888295172201896e-15,4.095514573963484e-18
558.3,-6.988871723873146e-15,4.349712686683821e-18
558.31,-6.9886853157369424e-15,4.140690835960176e-18
558.32,-6.98728170777581e-15,4.2131286513119205e-18
558.33,-6.986138492267943e-15,3.855713400220016e-18
558.34,-6.9857817133489324e-15,4.2975090110516854e-18
558.35,-6.985337907637908e-15,4.313178459106419e-18
558.36,-6.985362825885479e-15,4.4301272894520195e-18
558.37,-6.984380101702408e-15,4.24690980994689e-18
558.38,-6.983098763878993e-15,4.038762556265483e-18
558.39,-6.983002619746455e-15,4.177131409522034e-18
558.4,-6.982371840548813e-15,4.13074457774283e-18
558.41,-6.98169212740445e-15,4.031459996348654e-18
558.42,-6.980749373007481e-15,3.979003607641075e-18
558.43,-6.980807188814688e-15,4.540009810467452e-18
558.44,-6.980703727229867e-15,4.39673012824991e-18
558.45,-6.980235721835293e-15,4.5414639268731556e-18
558.46,-6.9785418275102166e-15,4.21049911511595e-18
558.47,-6.9779860380650744e-15,4.118583404318963e-18
558.48,-6.97507787885385e-15,4.0653464306888295e-18
558.49,-6.976711380798137e-15,4.100921924326621e-18
558.5,-6.976357637281512e-15,4.272312632696701e-18
558.51,-6.9759008957998744e-15,4.017086793516621e-18
558.52,-6.974309542365636e-15,4.109170946110061e-18
558.53,-6.9742743946456654e-15,4.223787692145371e-18
558.54,-6.974323027098358e-15,4.346719372633971e-18
558.55,-6.97342300300808e-15,4.0159175359282696e-18
558.56,-6.973388804772346e-15,4.179105048621531e-18
558.57,-6.9719365332712445e-15,4.306935142828874e-18
558.58,-6.9717760016652725e-15,4.165399737572665e-18
558.59,-6.9711793184635395e-15,4.134947021325468e-18
558.6,-6.970049676363545e-15,3.990146001876851e-18
558.61,-6.970236653139829e-15,4.5034819128797396e-18
558.62,-6.968880421113295e-15,4.089723247675785e-18
558.63,-6.969564731193539e-15,4.3640833705928105e-18
558.64,-6.968122844412698e-15,4.225304328027463e-18
558.65,-6.967311445404577e-15,4.173058542205401e-18
558.66,-6.966827046902813e-15,4.190660754243085e-18
558.67,-6.9667374997001135e-15,4.401412222186955e-18
558.68,-6.965653134991342e-15,4.148791940953872e-18
558.69,-6.9647347358833465e-15,4.039024974241199e-18
558.7,-6.963024814529386e-15,4.121964503418185e-18
558.71,-6.963437664303806e-15,4.126160583703713e-18
558.72,-6.963770688989812e-15,4.526029434233528e-18
558.73,-6.962089141930882e-15,3.983754720214298e-18
558.74,-6.961999076303054e-15,4.217595632170097e-18
558.75,-6.961274049858644e-15,4.206474045395855e-18
558.76,-6.9606838011171014e-15,4.255554755145101e-18
558.77,-6.959520229136495e-15,4.006624052467113e-18
558.78,-6.959146835780511e-15,3.9969881498974965e-18
558.79,-6.958994523696036e-15,4.310609596260525e-18
558.8,-6.958112450874625e-15,4.168651457304738e-18
558.81,-6.9576567769203006e-15,4.0612656101065335e-18
558.82,-6.956638126257647e-15,4.070644557907292e-18
558.83,-6.9563886388502665e-15,4.175867982574669e-18
558.84,-6.955207114171074e-15,4.1281799508635805e-18
558.85,-6.9552490056873855e-15,4.2534617323768654e-18
558.86,-6.954211260761572e-15,4.0493504762774185e-18
558.87,-6.953347879936045e-15,3.963673578986386e-18
558.88,-6.952890292819812e-15,4.207921296260144e-18
558.89,-6.9529613754128344e-15,4.2432208053852864e-18
558.9,-6.951758262845808e-15,4.0085539131093615e-18
558.91,-6.9514492220249585e-15,4.102161643187029e-18
558.92,-6.950550028937181e-15,4.050733735819624e-18
558.93,-6.950416566257615e-15,4.271322517752898e-18
558.94,-6.949412564255886e-15,4.07177362416859e-18
558.95,-6.948835587718868e-15,4.055657407226731e-18
558.96,-6.94869744082455e-15,4.005837210340798e-18
558.97,-6.948143409324787e-15,4.30701360734418e-18
558.98,-6.947300705595286e-15,4.1956235625933306e-18
558.99,-6.9463571032393114e-15,3.915801925704242e-18
559.0,-6.946275424341234e-15,4.161023742581847e-18
559.01,-6.944916834317315e-15,3.985884357184783e-18
559.02,-6.94486021743006e-15,4.122997122974965e-18
559.03,-6.943767504247942e-15,3.945902609373548e-18
559.04,-6.943632462866682e-15,4.037700959252885e-18
559.05,-6.943408240735702e-15,4.157665979658661e-18
559.06,-6.94234555275079e-15,4.1919444170281884e-18
559.07,-6.941606262347213e-15,4.055986168581347e-18
559.08,-6.940563203255111e-15,3.997292015469278e-18
559.09,-6.940233586557774e-15,3.9872244166076766e-18
559.1,-6.9396785453157805e-15,4.034726077898148e-18
559.11,-6.939847950934326e-15,4.260844376102565e-18
559.12,-6.937643844613852e-15,3.718323525117038e-18
559.13,-6.937903922347146e-15,4.037881461774904e-18
559.14,-6.937292660428754e-15,4.020310980716172e-18
559.15,-6.936742339834036e-15,4.218949616991049e-18
559.16,-6.936346478645557e-15,4.280296798035917e-18
559.17,-6.935273278602562e-15,4.197290313834674e-18
559.18,-6.935842014458393e-15,4.566157317759691e-18
559.19,-6.9343071933691454e-15,4.127608732025257e-18
559.2,-6.933677212834342e-15,4.07179292930748e-18
559.21,-6.933073184189717e-15,3.8727945439284524e-18
559.22,-6.932872919774936e-15,4.034075257221176e-18
559.23,-6.932021174789327e-15,3.943395312068987e-18
559.24,-6.931315285642711e-15,3.9921994762302386e-18
559.25,-6.9306840325136525e-15,4.069030262825255e-18
559.26,-6.930036729334357e-15,3.99064898710725e-18
559.27,-6.93131155240966e-15,4.45572509068172e-18
559.28,-6.928302005970276e-15,3.9909375204703206e-18
559.29,-6.9289791925516426e-15,4.089135206878671e-18
559.3,-6.927290612884501e-15,3.7668010727635725e-18
559.31,-6.927093842492806e-15,3.982531509015041e-18
559.32,-6.9266426172560124e-15,4.0943845648257205e-18
559.33,-6.925796699462859e-15,4.129097124531282e-18
559.34,-6.925149178688357e-15,4.111182869291839e-18
559.35,-6.924753498318492e-15,4.094838211892649e-18
559.36,-6.9245597482568185e-15,4.553933915196798e-18
559.37,-6.923278149642094e-15,3.945272350301952e-18
559.38,-6.923095041948455e-15,4.3433329886312015e-18
559.39,-6.9224931207993966e-15,4.061707159602385e-18
559.4,-6.921823248654035e-15,3.961674283825978e-18
559.41,-6.9209427583216214e-15,4.039865678810875e-18
559.42,-6.9198321309569355e-15,3.7328816172426765e-18
559.43,-6.919732960117222e-15,4.075564665288758e-18
559.44,-6.918773951452479e-15,3.9746266612823746e-18
559.45,-6.918758473556255e-15,4.201217928543795e-18
559.46,-6.917888862703519e-15,3.94332728488808e-18
559.47,-6.917253230100819e-15,4.0592027175204924e-18
559.48,-6.9174840292950784e-15,4.1548499212497575e-18
559.49,-6.916535079941837e-15,4.2805224827978906e-18
559.5,-6.915638611921072e-15,3.971469647580064e-18
559.51,-6.913911868833573e-15,3.8411128883955746e-18
559.52,-6.91404162769981e-15,4.016870993488662e-18
559.53,-6.913223757788703e-15,4.23688230900675e-18
559.54,-6.913364474711758e-15,3.99591693875722e-18
559.55,-6.912674988507237e-15,3.997399624504103e-18
559.56,-6.911973893748289e-15,3.9580358559899475e-18
559.57,-6.912329967982337e-15,4.2619278404240814e-18
559.58,-6.911071678925228e-15,4.0691594419035625e-18
559.59,-6.91052880601902e-15,4.082520620157436e-18
559.6,-6.909243464391423e-15,3.855808263966337e-18
559.61,-6.909553838655499e-15,4.058360731207552e-18
559.62,-6.909986371866856e-15,4.853968434825436e-18
559.63,-6.907837456770984e-15,3.9871993936510545e-18
559.64,-6.906461585246979e-15,3.850700043646397e-18
559.65,-6.9060166460625814e-15,3.8036679980271015e-18
559.66,-6.9066429436096185e-15,4.2170579987968055e-18
559.67,-6.904647578898078e-15,3.733484999200694e-18
559.68,-6.9048653861739045e-15,4.0677568909140555e-18
559.69,-6.9034148295436564e-15,3.896904226878834e-18
559.7,-6.903194077991387e-15,4.0015356262337295e-18
559.71,-6.905188067702573e-15,4.638233135427278e-18
559.72,-6.9027220554980985e-15,4.081354177441064e-18
559.73,-6.901370222941573e-15,3.923294636104788e-18
559.74,-6.901432444725452e-15,4.2263525184741935e-18
559.75,-6.900689848233901e-15,4.052927421774841e-18
559.76,-6.900089590584596e-15,3.9677926289504364e-18
559.77,-6.899548373516117e-15,4.032430630006023e-18
559.78,-6.898278922087362e-15,3.887272275912115e-18
559.79,-6.897766007210328e-15,3.91519392257202e-18
559.8,-6.899266273855461e-15,5.406561456873011e-18
559.81,-6.897256178662067e-15,4.018743055092737e-18
559.82,-6.896481105421832e-15,3.893382765224736e-18
559.83,-6.896101649865185e-15,4.26109734135336e-18
559.84,-6.8952574215252425e-15,4.030340565410665e-18
559.85,-6.8939316156561714e-15,3.714386087220223e-18
559.86,-6.893990614219096e-15,3.978936132270654e-18
559.87,-6.893006814300078e-15,4.2039969791172996e-18
559.88,-6.892277535677655e-15,3.5231568114350665e-18
559.89,-6.892930403344961e-15,4.2941735804248065e-18
559.9,-6.891382164802531e-15,3.9607423835390295e-18
559.91,-6.890629221672292e-15,3.7943691173156784e-18
559.92,-6.89066527442939e-15,3.935734341137421e-18
559.93,-6.889156319076793e-15,3.7675435555933535e-18
559.94,-6.88760524746521e-15,3.546369261593923e-18
559.95,-6.888363996593326e-15,3.7864852706357e-18
559.96,-6.887313163216209e-15,3.9240798215489716e-18
559.97,-6.887261376429681e-15,3.970113189716054e-18
559.98,-6.886631458259666e-15,4.008131371618613e-18
559.99,-6.885802545185619e-15,3.8213201926544355e-18
560.0,-6.885267200432332e-15,3.857951301578445e-18
560.01,-6.88504746170053e-15,3.744921735455692e-18
560.02,-6.8835761349920495e-15,3.696217077871372e-18
560.03,-6.88367882977844e-15,3.850732825915492e-18
560.04,-6.883246830427898e-15,3.9728779779665354e-18
560.05,-6.881743366087142e-15,3.885322150403328e-18
560.06,-6.881715909964738e-15,3.660898631733325e-18
560.07,-6.880449095395731e-15,3.5773704122316135e-18
560.08,-6.88090595424324e-15,4.066097044807829e-18
560.09,-6.879952472609876e-15,4.117575277317881e-18
560.1,-6.879830711870843e-15,3.6425748775899874e-18
560.11,-6.87846201097896e-15,3.586521195579021e-18
560.12,-6.878533448114596e-15,4.019607133770072e-18
560.13,-6.8778969440980825e-15,3.7423135534632206e-18
560.14,-6.876105799617676e-15,3.48117406952168e-18
560.15,-6.8762269243871914e-15,3.7229257958461566e-18
560.16,-6.876065624579926e-15,3.8744674224186655e-18
560.17,-6.875458599211388e-15,3.860385975804672e-18
560.18,-6.8750637394040545e-15,3.807079390899955e-18
560.19,-6.874050431777718e-15,3.9134706708869525e-18
560.2,-6.873054472265255e-15,3.5995693327908454e-18
560.21,-6.873232541285522e-15,4.031473542858347e-18
560.22,-6.872619404084843e-15,3.954888420869846e-18
560.23,-6.870453074236559e-15,3.63668543580385e-18
560.24,-6.8712547849407176e-15,3.9011028507388455e-18
560.25,-6.870731268884158e-15,3.910883522300127e-18
560.26,-6.86965421558968e-15,3.967310061366265e-18
560.27,-6.868939570643267e-15,3.7103304506352685e-18
560.28,-6.868579269836057e-15,3.974003591610907e-18
560.29,-6.869003064681614e-15,4.1706848982320815e-18
560.3,-6.8683343504805734e-15,4.180531340297796e-18
560.31,-6.866861617028318e-15,3.948052994892243e-18
560.32,-6.864571830479285e-15,3.3335676306861802e-18
560.33,-6.865414502750257e-15,3.703075041782399e-18
560.34,-6.864941688760491e-15,3.659984806679144e-18
560.35,-6.864878885801882e-15,3.954744116273145e-18
560.36,-6.8639034259198224e-15,3.5347663487597344e-18
560.37,-6.863431205738962e-15,3.847791777132618e-18
560.38,-6.864258358357066e-15,4.4107143341789384e-18
560.39,-6.862601577921903e-15,4.0514810737654515e-18
560.4,-6.861701267739578e-15,3.968733477479954e-18
560.41,-6.858146598184413e-15,3.0724793938314186e-18
560.42,-6.8596539467196405e-15,3.724174588329191e-18
560.43,-6.85945417997025e-15,3.820429705405456e-18
560.44,-6.859925541176169e-15,4.0790179491544835e-18
560.45,-6.858977510083366e-15,3.322260763815653e-18
560.46,-6.858172517162779e-15,3.972471542160476e-18
560.47,-6.859026956064932e-15,4.404416795132302e-18
560.48,-6.8572810408013705e-15,4.0992740604497184e-18
560.49,-6.856938749302194e-15,4.12203584975595e-18
560.5,-6.8524222449027664e-15,1.844667337632952e-18
560.51,-6.854731249366322e-15,4.031246080691299e-18
560.52,-6.854416713891671e-15,3.7362264953284824e-18
560.53,-6.853696858249196e-15,4.010670126004544e-18
560.54,-6.853159791212112e-15,3.7713772095427036e-18
560.55,-6.8529972188278375e-15,4.074638185027506e-18
560.56,-6.853543256035621e-15,4.6897694912291646e-18
560.57,-6.8518558971933276e-15,3.950189950016441e-18
560.58,-6.851191054841948e-15,3.891930788129635e-18
560.59,-6.849553529674593e-15,1.2801581146023075e-18
560.6,-6.849149492537043e-15,3.687537219387404e-18
560.61,-6.848985781233304e-15,3.8372753674942025e-18
560.62,-6.848566964166202e-15,3.86385613507904e-18
560.63,-6.847639671777883e-15,3.703250642979263e-18
560.64,-6.847047944367759e-15,3.835388655101212e-18
560.65,-6.8481220000370474e-15,4.454278492800852e-18
560.66,-6.846474664862522e-15,3.677162825217518e-18
560.67,-6.845966814830066e-15,3.922618918328483e-18
560.68,-6.8477972711399484e-15,3.258127597934627e-18
560.69,-6.844322084834796e-15,3.7014506852263804e-18
560.7,-6.843618140327445e-15,3.8729089539962496e-18
560.71,-6.84312281259242e-15,3.891621427228424e-18
560.72,-6.842255274964745e-15,3.884743224780834e-18
560.73,-6.841545860502689e-15,3.565787336204368e-18
560.74,-6.8418604125470585e-15,4.202841491251018e-18
560.75,-6.840942442828585e-15,3.890082965112176e-18
560.76,-6.84003556785071e-15,3.6525980623228784e-18
560.77,-6.842446485642615e-15,4.293209179204563e-18
560.78,-6.838552098782743e-15,3.610244474405026e-18
560.79,-6.838167518861288e-15,3.331634988018598e-18
560.8,-6.837457121591448e-15,3.79820133667625e-18
560.81,-6.836609370324325e-15,3.698818208893567e-18
560.82,-6.8359236402377976e-15,3.330025358608426e-18
560.83,-6.836416716686077e-15,4.041560881171803e-18
560.84,-6.834921737480363e-15,3.592404382810851e-18
560.85,-6.835037145288365e-15,3.2867779385471847e-18
560.86,-6.8366065886714615e-15,4.242047226718639e-18
560.87,-6.832869677440537e-15,3.906206861455029e-18
560.88,-6.832533136960766e-15,3.3216847813579512e-18
560.89,-6.8325069915202454e-15,3.7490136837772876e-18
560.9,-6.831543189235881e-15,4.43855358723277e-18
560.91,-6.830489176166263e-15,3.3209878716366282e-18
560.92,-6.83004847598021e-15,3.842134504128508e-18
560.93,-6.830524246234194e-15,4.112014446838405e-18
560.94,-6.829024009657499e-15,3.557187483460891e-18
560.95,-6.8298868012523774e-15,4.85428142505063e-18
560.96,-6.828119044365579e-15,4.351368593660977e-18
560.97,-6.826587311567874e-15,3.3770763254755517e-18
560.98,-6.82725940811719e-15,3.7514852592025096e-18
560.99,-6.82675791232499e-15,4.06567961900116e-18
561.0,-6.825181722882244e-15,3.3823918380155674e-18
561.01,-6.8244955546276154e-15,3.78687406328391e-18
561.02,-6.8240541744988116e-15,3.579867346518134e-18
561.03,-6.823872088230079e-15,3.668562373203773e-18
561.04,-6.824615534158899e-15,4.516387594912424e-18
561.05,-6.823520562436703e-15,3.954362677850717e-18
561.06,-6.822866415355546e-15,3.83950298094085e-18
561.07,-6.8220323660945994e-15,3.7421985395174085e-18
561.08,-6.8216097016133705e-15,3.919956127240337e-18
561.09,-6.8207208371564215e-15,3.6347066077900276e-18
561.1,-6.818955709474193e-15,3.61485428617111e-18
561.11,-6.81928101112359e-15,3.6495107804041625e-18
561.12,-6.819263847134453e-15,3.8535309942901006e-18
561.13,-6.818693700268732e-15,4.4210186732331145e-18
561.14,-6.817872529182035e-15,3.6009717522621186e-18
561.15,-6.81724916373804e-15,3.735223935652859e-18
561.16,-6.816386490165702e-15,3.746504954121997e-18
561.17,-6.815864658171027e-15,3.805142581513566e-18
561.18,-6.815144555995714e-15,3.67209923684102e-18
561.19,-6.8135086460713204e-15,3.575772618080127e-18
561.2,-6.8147756858732665e-15,3.960253675738475e-18
561.21,-6.813544631691717e-15,3.8534178638591695e-18
561.22,-6.81307917935384e-15,4.049383992231313e-18
561.23,-6.81234257735331e-15,3.6751271752051324e-18
561.24,-6.809674182763239e-15,3.769853300004558e-18
561.25,-6.8120216673549726e-15,3.7532460305777225e-18
561.26,-6.810550668594777e-15,3.7230674933802186e-18
561.27,-6.809658567267676e-15,3.5574552277275874e-18
561.28,-6.807415015231901e-15,3.341750524288912e-18
561.29,-6.8089317610168966e-15,3.898569483630702e-18
561.3,-6.807324093094672e-15,3.8836752951455495e-18
561.31,-6.808592621168533e-15,4.110556560243342e-18
561.32,-6.807199798154364e-15,3.731201896118128e-18
561.33,-6.806114389197666e-15,3.4474506750376633e-18
561.34,-6.805898678010207e-15,3.6835798373231656e-18
561.35,-6.80525159175332e-15,3.5956977844757815e-18
561.36,-6.8042125775288424e-15,3.565848869096531e-18
561.37,-6.801491587184246e-15,3.189068954936693e-18
561.38,-6.803542240429136e-15,3.790167151095518e-18
561.39,-6.803258448536141e-15,3.950137160782929e-18
561.4,-6.802544952362924e-15,3.913462436186751e-18
561.41,-6.8015125774669194e-15,3.685726453705701e-18
561.42,-6.801585788290365e-15,3.88343154222699e-18
561.43,-6.801348754015121e-15,3.784930100306161e-18
561.44,-6.800453354511412e-15,3.8095709857963326e-18
561.45,-6.7992466080890144e-15,3.655058338765214e-18
561.46,-6.796349336837628e-15,3.0649584942945567e-18
561.47,-6.797278493865393e-15,3.780808887334527e-18
561.48,-6.798043588926001e-15,3.701464243584563e-18
561.49,-6.7970191920097654e-15,3.8859679153298305e-18
561.5,-6.796485831964304e-15,3.666336339292426e-18
561.51,-6.7964596300397965e-15,3.795675638799147e-18
561.52,-6.794941829488574e-15,3.637980681672288e-18
561.53,-6.795634822887588e-15,4.034191529476573e-18
561.54,-6.794045174136608e-15,3.569276098792097e-18
561.55,-6.791102994768761e-15,2.706381637697943e-18
561.56,-6.792869544788691e-15,3.822440329433273e-18
561.57,-6.792399793250623e-15,3.7269553176361815e-18
561.58,-6.791861719987152e-15,4.163842134089982e-18
561.59,-6.790888251607106e-15,3.786383294570257e-18
561.6,-6.790869823316999e-15,3.648414573756265e-18
561.61,-6.791009262793842e-15,3.791639485475375e-18
561.62,-6.789043074816021e-15,3.653121113151263e-18
561.63,-6.789073805922535e-15,3.5418008820373234e-18
561.64,-6.786376087820183e-15,2.8206490926819013e-18
561.65,-6.787879799343601e-15,3.801241588879286e-18
561.66,-6.7870518350286634e-15,3.733106500421423e-18
561.67,-6.786660598621068e-15,3.889379825981675e-18
561.68,-6.785772425107731e-15,3.718541836037397e-18
561.69,-6.785664697274684e-15,3.8568605928929745e-18
561.7,-6.7851367671792135e-15,3.7516631610469085e-18
561.71,-6.783787671426814e-15,3.4747823170791454e-18
561.72,-6.783502578228962e-15,3.712073583427465e-18
561.73,-6.780882522270106e-15,2.781223750381838e-18
561.74,-6.782431050855659e-15,3.861498654551796e-18
561.75,-6.7823718934166026e-15,3.733903223496818e-18
561.76,-6.78136996669782e-15,3.722155189836651e-18
561.77,-6.78039140612504e-15,3.798218631521422e-18
561.78,-6.779353854775634e-15,3.330454906769264e-18
561.79,-6.779801398472349e-15,3.914778735307054e-18
561.8,-6.780328025267677e-15,4.263544388759696e-18
561.81,-6.778888024690007e-15,3.659622294836366e-18
561.82,-6.777520817969532e-15,3.316389508341872e-18
561.83,-6.776923269198252e-15,3.784790216446716e-18
561.84,-6.776333121499576e-15,3.616001734442317e-18
561.85,-6.776142942099224e-15,3.987186377163792e-18
561.86,-6.775741347290815e-15,3.681213611425822e-18
561.87,-6.7745602914458204e-15,3.709590410832372e-18
561.88,-6.774613701541235e-15,3.965234448702674e-18
561.89,-6.777886908518493e-15,4.854949594549226e-18
561.9,-6.773358884098658e-15,3.7749472681714305e-18
561.91,-6.772877039590413e-15,3.4005441425740244e-18
561.92,-6.772292232489371e-15,3.865768566593236e-18
561.93,-6.7719657388861444e-15,3.851044547167461e-18
561.94,-6.7712929027530606e-15,3.692287914433022e-18
561.95,-6.77040373182861e-15,3.712516726808453e-18
561.96,-6.770432369381807e-15,3.711101599568893e-18
561.97,-6.769080054165212e-15,3.7254511672315485e-18
561.98,-6.767793588952728e-15,3.4184673126169654e-18
561.99,-6.768209505942467e-15,3.855933802135472e-18
562.0,-6.768319707496305e-15,3.810527432467326e-18
562.01,-6.767199981823191e-15,3.8902312492215515e-18
562.02,-6.766463534735604e-15,3.9070407565661406e-18
562.03,-6.765514868143009e-15,3.7626835162357986e-18
562.04,-6.765354966426963e-15,3.8086810096780264e-18
562.05,-6.763944136222215e-15,3.535511710904114e-18
562.06,-6.7639545544220945e-15,3.642071431914121e-18
562.07,-6.766988388380782e-15,4.137449252742519e-18
562.08,-6.762401800822639e-15,3.7574685199614945e-18
562.09,-6.763363945336917e-15,4.1390245236395425e-18
562.1,-6.762052009881277e-15,3.7863816321613556e-18
562.11,-6.761459872642433e-15,3.948706818766353e-18
562.12,-6.760993881623513e-15,3.8515825818095956e-18
562.13,-6.7604217885375465e-15,3.94047236554002e-18
562.14,-6.759321206201929e-15,3.930345338341291e-18
562.15,-6.758141365702316e-15,3.8267890846150845e-18
562.16,-6.7574652413474626e-15,3.6380096064681516e-18
562.17,-6.757251257032851e-15,3.679696133379426e-18
562.18,-6.757072317730235e-15,3.944978128610723e-18
562.19,-6.757000985123289e-15,4.143449163525547e-18
562.2,-6.755484168216551e-15,3.8724150052138405e-18
562.21,-6.754843996870049e-15,3.744895584851994e-18
562.22,-6.754798923791808e-15,3.731595835486876e-18
562.23,-6.754319839198562e-15,3.786697121101335e-18
562.24,-6.7530227014749606e-15,3.651772092534742e-18
562.25,-6.7518869082190044e-15,3.603819709964349e-18
562.26,-6.751820328265791e-15,3.648551790520723e-18
562.27,-6.750704509804418e-15,3.705705949111904e-18
562.28,-6.751451472111792e-15,3.855219061753952e-18
562.29,-6.749785084206484e-15,3.6441362355298676e-18
562.3,-6.7494891707550126e-15,3.629291554773235e-18
562.31,-6.749265039765378e-15,3.664274760835521e-18
562.32,-6.7495189566002235e-15,4.086396006724848e-18
562.33,-6.7484666621878414e-15,4.049275384237173e-18
562.34,-6.748112751721787e-15,3.949521720485499e-18
562.35,-6.747092298187639e-15,3.77294200637501e-18
562.36,-6.74581258594282e-15,3.3797035079032573e-18
562.37,-6.745583447335099e-15,3.920367086569301e-18
562.38,-6.7454746715761885e-15,3.790168396240114e-18
562.39,-6.7445317326499554e-15,3.769081294030193e-18
562.4,-6.744113637012252e-15,3.639722101304553e-18
562.41,-6.743013077186813e-15,3.7291639625068656e-18
562.42,-6.7431365139265575e-15,3.553389749787255e-18
562.43,-6.741870944478692e-15,3.5988247696296075e-18
562.44,-6.7422910692191476e-15,3.919900833762744e-18
562.45,-6.740048105843057e-15,3.2984023831147397e-18
562.46,-6.739971489248419e-15,3.6867598926513556e-18
562.47,-6.740205736220485e-15,3.779171250201578e-18
562.48,-6.7392200576659916e-15,3.70046496831023e-18
562.49,-6.737600923367528e-15,2.994221239190691e-18
562.5,-6.737486049293266e-15,3.6958245842816414e-18
562.51,-6.737891131285649e-15,3.854701677185915e-18
562.52,-6.736193117723536e-15,3.5271909790836495e-18
562.53,-6.7358682449342996e-15,3.537443575520886e-18
562.54,-6.7352703243029154e-15,3.387695872265556e-18
562.55,-6.73591471948321e-15,3.847861633193704e-18
562.56,-6.735021402292948e-15,3.876200257951939e-18
562.57,-6.733848082505001e-15,3.536586451051162e-18
562.58,-6.733239835519412e-15,3.509628939942035e-18
562.59,-6.733382122975021e-15,3.820466455207085e-18
562.6,-6.732349555354087e-15,3.7808206510415e-18
562.61,-6.731478324773605e-15,3.6137586010542254e-18
562.62,-6.731303360644515e-15,3.730263977325113e-18
562.63,-6.731252543610708e-15,3.6444701343895304e-18
562.64,-6.729636365864644e-15,3.538919867296235e-18
562.65,-6.729568866026303e-15,3.753464701560513e-18
562.66,-6.729064782269913e-15,3.7972801429477116e-18
562.67,-6.7284457970247526e-15,3.726660825865217e-18
562.68,-6.7280855973736265e-15,3.812450575542628e-18
562.69,-6.726495140907431e-15,3.5313161381288856e-18
562.7,-6.726426628970852e-15,3.591774858872204e-18
562.71,-6.726376846561169e-15,3.83594770580412e-18
562.72,-6.725842602569154e-15,3.7012941403501274e-18
562.73,-6.7237178676052454e-15,3.5525743162025805e-18
562.74,-6.7243950259596085e-15,3.775375093166945e-18
562.75,-6.723147230843979e-15,3.626614278511728e-18
562.76,-6.724007756267792e-15,3.9302584299341186e-18
562.77,-6.722520046639192e-15,3.763260679329654e-18
562.78,-6.722046389913235e-15,3.791512868040497e-18
562.79,-6.721612077807581e-15,3.813412272147668e-18
562.8,-6.721132765789161e-15,3.798273909464329e-18
562.81,-6.721265877971452e-15,3.865841823960707e-18
562.82,-6.7190616042628904e-15,3.656324847241397e-18
562.83,-6.7190133627950806e-15,3.7643104465470365e-18
562.84,-6.718386665374689e-15,3.696462240496882e-18
562.85,-6.7182516064144824e-15,3.775902190336774e-18
562.86,-6.71750213546566e-15,3.759162851853394e-18
562.87,-6.716596592168878e-15,3.636154161449049e-18
562.88,-6.716471497093229e-15,3.9556143485951504e-18
562.89,-6.715897583794648e-15,3.8247244289738065e-18
562.9,-6.716085395421821e-15,4.0691362907449814e-18
562.91,-6.714407970138007e-15,3.9120309280155094e-18
562.92,-6.7141307535147595e-15,3.787141258307292e-18
562.93,-6.714044602929076e-15,4.174289933075208e-18
562.94,-6.712805245693651e-15,3.7428531751446995e-18
562.95,-6.712379816915061e-15,3.7779986473238665e-18
562.96,-6.711264170059181e-15,3.580663975496775e-18
562.97,-6.7107059098274585e-15,3.622033823879724e-18
562.98,-6.710759071576955e-15,3.803952255138662e-18
562.99,-6.710313037374116e-15,3.8150622501406786e-18
563.0,-6.7092785219710734e-15,3.763062597862015e-18
563.01,-6.709160106782068e-15,4.009323654442433e-18
563.02,-6.70838081457066e-15,3.6947967473018224e-18
563.03,-6.707931721707113e-15,3.779311842008271e-18
563.04,-6.7070660508266e-15,3.789539796220347e-18
563.05,-6.7066538354561165e-15,3.849376530244138e-18
563.06,-6.706544574727637e-15,3.992285299315773e-18
563.07,-6.70541811030511e-15,3.73269931822635e-18
563.08,-6.70522015733671e-15,3.892903361516385e-18
563.09,-6.704583978083606e-15,3.8887879961692685e-18
563.1,-6.703814735822605e-15,3.830159034894569e-18
563.11,-6.703328222766207e-15,3.798695425665785e-18
563.12,-6.7023806334551285e-15,3.7453202852691785e-18
563.13,-6.701995535172264e-15,3.772140905973908e-18
563.14,-6.702212488768108e-15,4.260705883584912e-18
563.15,-6.701497894860249e-15,3.941135001728194e-18
563.16,-6.7004083079960825e-15,3.925012537867723e-18
563.17,-6.699781363281391e-15,3.719146440200019e-18
563.18,-6.699807271004219e-15,3.9756386832275364e-18
563.19,-6.698495745636649e-15,3.966056221821654e-18
563.2,-6.697295166862256e-15,3.731049328401306e-18
563.21,-6.695722853720516e-15,3.1597398895493012e-18
563.22,-6.697318704186807e-15,3.877274878067206e-18
563.23,-6.6966434615101796e-15,4.060788029749067e-18
563.24,-6.695977455789056e-15,4.002058998962534e-18
563.25,-6.69541762460034e-15,3.972981865884496e-18
563.26,-6.693846905250531e-15,3.5894348392664584e-18
563.27,-6.6938297154114125e-15,3.701441412203549e-18
563.28,-6.693336064438944e-15,3.743114210270042e-18
563.29,-6.692982841590235e-15,3.929600572439233e-18
563.3,-6.692170994849286e-15,3.919948330012698e-18
563.31,-6.692151162512119e-15,3.870673058982043e-18
563.32,-6.691347551855802e-15,3.9053633397095e-18
563.33,-6.690387723011364e-15,3.734548238808885e-18
563.34,-6.689995928409844e-15,3.965553471520471e-18
563.35,-6.6893746028060146e-15,4.113350199598666e-18
563.36,-6.688983319215102e-15,3.934654038124553e-18
563.37,-6.688235652340987e-15,4.017270931879293e-18
563.38,-6.688796021655973e-15,4.009507685609187e-18
563.39,-6.6867108680293876e-15,3.750132151169781e-18
563.4,-6.687081508671095e-15,4.177224752317253e-18
563.41,-6.686179637831537e-15,3.940755880936138e-18
563.42,-6.685232250634099e-15,3.723146286361983e-18
563.43,-6.684518465051784e-15,3.6639403594682536e-18
563.44,-6.683874881637045e-15,3.727605164564792e-18
563.45,-6.684141729713485e-15,4.1111276684957644e-18
563.46,-6.683053094949174e-15,3.945612586786998e-18
563.47,-6.683665196041049e-15,3.992690079789113e-18
563.48,-6.681743105159008e-15,3.62342845612875e-18
563.49,-6.6809889651333284e-15,3.581492157266251e-18
563.5,-6.680287577587146e-15,3.4311501495756586e-18
563.51,-6.680086189004401e-15,3.716633290959407e-18
563.52,-6.679696230586996e-15,3.856017074899467e-18
563.53,-6.6791388940624626e-15,3.878540154004269e-18
563.54,-6.677425365848728e-15,3.3331917589474186e-18
563.55,-6.677968265451688e-15,3.828829212303302e-18
563.56,-6.676905846103365e-15,2.5699633209611145e-18
563.57,-6.676757166926909e-15,3.80780650163111e-18
563.58,-6.676487205909988e-15,4.139766273311123e-18
563.59,-6.675769710560872e-15,3.913254734272239e-18
563.6,-6.674956199781196e-15,3.836240768976376e-18
563.61,-6.6742399613856714e-15,3.8294118567716986e-18
563.62,-6.673805072641416e-15,3.626825629761006e-18
563.63,-6.671836670967648e-15,3.1229782806214234e-18
563.64,-6.672631745852065e-15,3.885533541674169e-18
563.65,-6.673333961620301e-15,2.7951939066353188e-18
563.66,-6.6712143934751285e-15,3.723733375330442e-18
563.67,-6.670664360475374e-15,3.442205114663148e-18
563.68,-6.670106533248018e-15,3.558568034175097e-18
563.69,-6.669914120120926e-15,3.94881376112617e-18
563.7,-6.668931566155097e-15,3.576073612367953e-18
563.71,-6.668825890061521e-15,3.8045325322788574e-18
563.72,-6.666270421701564e-15,3.231501534890934e-18
563.73,-6.667966698218113e-15,4.015917040529759e-18
563.74,-6.666633591769271e-15,3.2985831736867034e-18
563.75,-6.666175734549606e-15,3.5414906119455624e-18
563.76,-6.666531701463459e-15,4.211902120165905e-18
563.77,-6.6644672414499584e-15,3.0934350030846833e-18
563.78,-6.665346110489044e-15,3.9939758949839835e-18
563.79,-6.664349075398351e-15,4.387132817395439e-18
563.8,-6.6640726173169805e-15,4.062982234009875e-18
563.81,-6.660746929304906e-15,3.097423259416257e-18
563.82,-6.661908540655396e-15,4.157360783633158e-18
563.83,-6.661075850025656e-15,3.858305185153695e-18
563.84,-6.661438746471324e-15,4.037420764593424e-18
563.85,-6.660466236662647e-15,4.0694339303304816e-18
563.86,-6.6592316430134254e-15,3.569323334638582e-18
563.87,-6.659944671753857e-15,3.940384747803276e-18
563.88,-6.658841425588434e-15,3.823162060291947e-18
563.89,-6.659078707311087e-15,4.183934994527208e-18
563.9,-6.655847258468273e-15,3.326384443116201e-18
563.91,-6.656489777872988e-15,3.718962039162917e-18
563.92,-6.6572193951064795e-15,4.1568088393909514e-18
563.93,-6.65651831188105e-15,3.9478111688013755e-18
563.94,-6.655213262775997e-15,3.7797712819333655e-18
563.95,-6.653868693169888e-15,3.513209318605115e-18
563.96,-6.654713716211423e-15,3.954244359361184e-18
563.97,-6.653663313389835e-15,3.941402111771578e-18
563.98,-6.654016104586511e-15,4.083811168165612e-18
563.99,-6.6509884234735935e-15,3.4252710307201716e-18
564.0,-6.651970205975294e-15,3.5490388649052816e-18
564.01,-6.652048823797021e-15,3.975260705024817e-18
564.02,-6.651261128644694e-15,4.0590378944995765e-18
564.03,-6.6511542222555435e-15,3.81070219768743e-18
564.04,-6.64966821712069e-15,3.892918904759859e-18
564.05,-6.649755907819314e-15,4.347255714390256e-18
564.06,-6.648588952393986e-15,3.822656406255113e-18
564.07,-6.6488240705552704e-15,4.193082592934813e-18
564.08,-6.6459425435036646e-15,3.4716739304992844e-18
564.09,-6.6468860219867085e-15,3.8408476065082966e-18
564.1,-6.6465711318051426e-15,3.7192449958369304e-18
564.11,-6.6458842840613634e-15,3.882794228828046e-18
564.12,-6.6458330012782446e-15,4.046349339196552e-18
564.13,-6.644858963325116e-15,3.944852242885897e-18
564.14,-6.6449226888988774e-15,4.23005707878601e-18
564.15,-6.643711071609972e-15,3.870520537589523e-18
564.16,-6.6429575510873704e-15,4.378600726426704e-18
564.17,-6.641906173100062e-15,3.686088506682811e-18
564.18,-6.641564180787851e-15,3.779462874703909e-18
564.19,-6.640953040621706e-15,3.8876949805170676e-18
564.2,-6.640983241940982e-15,4.016108227756307e-18
564.21,-6.640536238793158e-15,4.1664460674115936e-18
564.22,-6.639762174861104e-15,3.885840449148155e-18
564.23,-6.6399241320234875e-15,4.2645844513401045e-18
564.24,-6.638301615923096e-15,3.489853932613393e-18
564.25,-6.6381635253959915e-15,4.077201684720454e-18
564.26,-6.636896794149248e-15,3.719550545737319e-18
564.27,-6.636457405009289e-15,3.709349878333258e-18
564.28,-6.636501699404274e-15,4.216908538264074e-18
564.29,-6.6356424657117366e-15,3.7665946747095054e-18
564.3,-6.634171457539628e-15,4.306435517435146e-18
564.31,-6.634713207431256e-15,4.041504879417838e-18
564.32,-6.634558658965978e-15,4.172992049272234e-18
564.33,-6.633791869245408e-15,4.018272176899181e-18
564.34,-6.632860642995329e-15,4.024247764576367e-18
564.35,-6.631651965416064e-15,3.812704550811327e-18
564.36,-6.631610754870886e-15,3.8301400786278694e-18
564.37,-6.631622834932529e-15,4.027073448698139e-18
564.38,-6.630962127914888e-15,3.867126350303221e-18
564.39,-6.630400482342225e-15,3.995036722371363e-18
564.4,-6.629642797291669e-15,4.008658079236438e-18
564.41,-6.6297698324816425e-15,4.425300650459762e-18
564.42,-6.628507141703049e-15,3.978162488045141e-18
564.43,-6.627780708195744e-15,4.06541125808641e-18
564.44,-6.6262640181181334e-15,3.8813216632709936e-18
564.45,-6.6268178504619036e-15,3.8905562606608906e-18
564.46,-6.625840674094963e-15,3.955380715076522e-18
564.47,-6.626045858303404e-15,3.8986478324257614e-18
564.48,-6.624854560964797e-15,3.815213451874767e-18
564.49,-6.6245972489139524e-15,3.703933919565269e-18
564.5,-6.624902468275187e-15,4.3470373569974886e-18
564.51,-6.623090743250779e-15,3.756905608757407e-18
564.52,-6.6220198717066425e-15,3.895953623882862e-18
564.53,-6.6204893374189305e-15,3.801362229310724e-18
564.54,-6.620848765497474e-15,3.5678591062053406e-18
564.55,-6.620799801380285e-15,4.013214836099545e-18
564.56,-6.620514297654915e-15,3.868728225535265e-18
564.57,-6.619276871567932e-15,3.676130750691255e-18
564.58,-6.619613843070573e-15,4.0360464172217194e-18
564.59,-6.6189343779308924e-15,4.459684504630257e-18
564.6,-6.617323823114196e-15,3.669931375590214e-18
564.61,-6.617213948427533e-15,4.024217773679748e-18
564.62,-6.615027604682676e-15,3.8454575833633345e-18
564.63,-6.615661474278125e-15,3.5396416851754815e-18
564.64,-6.614370527274435e-15,3.945370786894457e-18
564.65,-6.615296601461096e-15,3.8690421473150335e-18
564.66,-6.614167096581354e-15,3.5847457057468525e-18
564.67,-6.613492146786223e-15,3.35265620854576e-18
564.68,-6.614093734585402e-15,5.1796773364208995e-18
564.69,-6.613076881289103e-15,3.796771569706365e-18
564.7,-6.6115776115969405e-15,3.469890830843086e-18
564.71,-6.60974292200291e-15,3.9031374379088104e-18
564.72,-6.611303095792638e-15,3.746029666776373e-18
564.73,-6.6098068541873405e-15,3.38287632749056e-18
564.74,-6.610477598195245e-15,3.954325771089515e-18
564.75,-6.6088536308584205e-15,3.9456444501728195e-18
564.76,-6.609068555399385e-15,3.471690399488282e-18
564.77,-6.610191611051505e-15,5.5069196351666485e-18
564.78,-6.608403003628123e-15,4.159661861335069e-18
564.79,-6.6078227000363054e-15,3.751581040038374e-18
564.8,-6.604957594290635e-15,3.605291795229715e-18
564.81,-6.607043118560615e-15,4.106168121606815e-18
564.82,-6.605468468705592e-15,3.5847246559837096e-18
564.83,-6.6048498652263984e-15,3.843454741620895e-18
564.84,-6.6044946275578485e-15,3.91920304047323e-18
564.85,-6.604015763236974e-15,3.627271853091014e-18
564.86,-6.6065183325971686e-15,5.748004599329782e-18
564.87,-6.603595608105735e-15,4.304982276764466e-18
564.88,-6.602335076703294e-15,3.905488844571213e-18
564.89,-6.600048726236753e-15,3.732828873296724e-18
564.9,-6.6024346641427435e-15,4.0736834783730205e-18
564.91,-6.6002913862190445e-15,3.719846574718147e-18
564.92,-6.599883836174977e-15,3.856975388629105e-18
564.93,-6.600533522335909e-15,4.086368938455639e-18
564.94,-6.598666783794757e-15,3.783831634941214e-18
564.95,-6.60156840294468e-15,5.394415238596134e-18
564.96,-6.599967056448583e-15,4.385162942774987e-18
564.97,-6.597623758224138e-15,4.1666798711864345e-18
564.98,-6.595882506678231e-15,4.014814757581496e-18
564.99,-6.596840280469043e-15,3.990982173082795e-18
565.0,-6.595186189939052e-15,3.686021354841978e-18
565.01,-6.594579359898393e-15,3.8681875218233954e-18
565.02,-6.594440401836209e-15,4.029945120230552e-18
565.03,-6.593609657881434e-15,3.6707454073669314e-18
565.04,-6.5970724014447854e-15,3.350885463243737e-18
565.05,-6.591865697529118e-15,3.9186239673370416e-18
565.06,-6.592261405456596e-15,3.9132392314452795e-18
565.07,-6.5917915499440835e-15,4.21891580140202e-18
565.08,-6.59037053918856e-15,4.0511405887254265e-18
565.09,-6.590157646192239e-15,3.9519118999474626e-18
565.1,-6.589578234645814e-15,3.800568850767702e-18
565.11,-6.5890618286171405e-15,3.8460555990088075e-18
565.12,-6.588566178372682e-15,3.672153143255443e-18
565.13,-6.589921848320566e-15,2.7011249011698837e-18
565.14,-6.587407761792027e-15,3.834881517106892e-18
565.15,-6.5870987856976326e-15,3.96287820726413e-18
565.16,-6.588342361965842e-15,4.719622161789687e-18
565.17,-6.5852337654612896e-15,3.509958376923852e-18
565.18,-6.585366614923073e-15,4.23414007037362e-18
565.19,-6.583756281825844e-15,3.639380937477729e-18
565.2,-6.584212691589798e-15,3.735536358730356e-18
565.21,-6.583174047675904e-15,3.652289858887442e-18
565.22,-6.5837725602175375e-15,2.9757828873455604e-18
565.23,-6.582508222022857e-15,3.897598322978851e-18
565.24,-6.5827763160985645e-15,3.9155563934058595e-18
565.25,-6.583014112680084e-15,4.5075759185598875e-18
565.26,-6.580429810323187e-15,3.951236800399009e-18
565.27,-6.58022007583058e-15,3.863240901471927e-18
565.28,-6.579081387566834e-15,3.739518133674875e-18
565.29,-6.579246096675054e-15,3.922800247611769e-18
565.3,-6.57841175447146e-15,3.850645795468878e-18
565.31,-6.577951529662926e-15,3.2487886474748186e-18
565.32,-6.57774739610402e-15,4.06017820471411e-18
565.33,-6.576383540380455e-15,3.5519207719528225e-18
565.34,-6.577407078587682e-15,4.188206895798385e-18
565.35,-6.5756518185747476e-15,3.777127758068943e-18
565.36,-6.574989288260725e-15,3.71638335233943e-18
565.37,-6.574041586904275e-15,3.4457091005851356e-18
565.38,-6.573093890320396e-15,3.648211921602152e-18
565.39,-6.5734616256979966e-15,3.763447496306677e-18
565.4,-6.572589642098941e-15,3.188989614818013e-18
565.41,-6.5722625129935555e-15,3.970264583000722e-18
565.42,-6.571780695823987e-15,3.7877645409882716e-18
565.43,-6.572312352959777e-15,4.060851310030131e-18
565.44,-6.569862319944728e-15,3.557124789680057e-18
565.45,-6.569302105565856e-15,3.715784403822883e-18
565.46,-6.56929795012273e-15,3.802842737568537e-18
565.47,-6.568919858719279e-15,3.763270941174759e-18
565.48,-6.568388912543544e-15,3.758798883633781e-18
565.49,-6.568055841940231e-15,3.500561621106677e-18
565.5,-6.5679171998241425e-15,4.000795982960282e-18
565.51,-6.566262262479315e-15,3.631628226456623e-18
565.52,-6.566349289691752e-15,3.7552601626799804e-18
565.53,-6.565526343122529e-15,3.649671636024195e-18
565.54,-6.565485054567472e-15,3.8834713410399156e-18
565.55,-6.56368474119039e-15,3.6593327943074274e-18
565.56,-6.5640005685882104e-15,3.827084621225348e-18
565.57,-6.562796030078319e-15,3.684948995846369e-18
565.58,-6.5630740323513905e-15,3.477812027319037e-18
565.59,-6.562170071496868e-15,3.920204289903389e-18
565.6,-6.561384536885368e-15,3.825567795504124e-18
565.61,-6.5609232763990514e-15,3.772618140816256e-18
565.62,-6.560743823005418e-15,3.6521460282303195e-18
565.63,-6.561494291663276e-15,4.091126965346559e-18
565.64,-6.55979743816373e-15,3.888926300822538e-18
565.65,-6.5585180155259465e-15,3.494835455718626e-18
565.66,-6.5592341765102875e-15,4.2815278597810165e-18
565.67,-6.557037551109388e-15,3.384728871999434e-18
565.68,-6.557413161696514e-15,3.890380625498358e-18
565.69,-6.55632808957144e-15,3.911137295453343e-18
565.7,-6.555588297801136e-15,3.835820087040229e-18
565.71,-6.5563362804061634e-15,4.063991465701584e-18
565.72,-6.5549743961101104e-15,4.012414114126032e-18
565.73,-6.554003418673822e-15,3.6584671078558935e-18
565.74,-6.551780794503898e-15,2.797231723078185e-18
565.75,-6.552360903867697e-15,3.610789621300457e-18
565.76,-6.552834795094555e-15,3.479378121692594e-18
565.77,-6.551698074944397e-15,3.669051031767271e-18
565.78,-6.551925278338526e-15,3.854841027007608e-18
565.79,-6.548917100275134e-15,3.1819157906492036e-18
565.8,-6.550242525520958e-15,3.7953002666716936e-18
565.81,-6.549666485550952e-15,3.6127920302439054e-18
565.82,-6.548721348424061e-15,3.3007696149488422e-18
565.83,-6.545002295105715e-15,1.6313012000561856e-18
565.84,-6.548290126597204e-15,3.712165838794648e-18
565.85,-6.547321841138782e-15,3.628610592592178e-18
565.86,-6.546737844564207e-15,3.691543782951753e-18
565.87,-6.546217505270412e-15,3.73702717833363e-18
565.88,-6.544484880684487e-15,3.448996922664711e-18
565.89,-6.545465518842508e-15,3.808209131208656e-18
565.9,-6.5455295863930335e-15,3.971950785775627e-18
565.91,-6.5440609762172304e-15,3.734390076350516e-18
565.92,-6.5380335280990925e-15,2.695609518303615e-18
565.93,-6.543152223394241e-15,3.686523549514829e-18
565.94,-6.54250139164604e-15,3.5428427025879925e-18
565.95,-6.541630400421436e-15,3.616049920932609e-18
565.96,-6.542226558691903e-15,4.259890861274473e-18
565.97,-6.540090261469566e-15,3.478127296667011e-18
565.98,-6.5402516828749825e-15,3.764728187951388e-18
565.99,-6.540704713220134e-15,3.963364425038791e-18
566.0,-6.538965749219967e-15,3.701105172214012e-18
566.01,-6.538959306636977e-15,3.659755592647098e-18
566.02,-6.537847386043101e-15,3.4415428341271334e-18
566.03,-6.537780651328604e-15,3.5528367070584216e-18
566.04,-6.5365898244134725e-15,3.64548543566746e-18
566.05,-6.5365237715195134e-15,3.803716597108128e-18
566.06,-6.535709988223527e-15,3.73179757840107e-18
566.07,-6.535533545863953e-15,3.830703682836943e-18
566.08,-6.5349071830686e-15,3.756589340713418e-18
566.09,-6.534636791252713e-15,3.864784083499792e-18
566.1,-6.534289324032636e-15,3.90617171488568e-18
566.11,-6.533216165149187e-15,3.6193401227154745e-18
566.12,-6.532728727791071e-15,3.5528389914471966e-18
566.13,-6.5308286450032816e-15,3.3472367711929038e-18
566.14,-6.53102202975022e-15,3.46967712510147e-18
566.15,-6.5303024518252805e-15,3.5857234187450474e-18
566.16,-6.530171175247318e-15,3.67968271430682e-18
566.17,-6.529135767178551e-15,3.584985872127641e-18
566.18,-6.528581785905587e-15,3.389192154022489e-18
566.19,-6.529218622195349e-15,3.898832082493359e-18
566.2,-6.5282364255049234e-15,3.71772896725575e-18
566.21,-6.528192456054236e-15,4.080018793563776e-18
566.22,-6.5266589659586045e-15,3.731016977664073e-18
566.23,-6.526155954067523e-15,3.692125598025885e-18
566.24,-6.5255986493343304e-15,3.742311037107351e-18
566.25,-6.524809131162944e-15,3.513791919497401e-18
566.26,-6.5242748776924e-15,3.532813359339386e-18
566.27,-6.521110253724768e-15,2.623280618809263e-18
566.28,-6.523267514844508e-15,3.5615959641136166e-18
566.29,-6.522673659416444e-15,3.511579036158723e-18
566.3,-6.522766885776294e-15,3.972122419769081e-18
566.31,-6.520662258938679e-15,3.3020502787825165e-18
566.32,-6.521114152543961e-15,3.802348064810507e-18
566.33,-6.521043336181759e-15,3.806391299005535e-18
566.34,-6.519603509251338e-15,3.688819426404555e-18
566.35,-6.519917489881764e-15,3.863638156245512e-18
566.36,-6.518516005578591e-15,3.561488613375863e-18
566.37,-6.519306270685075e-15,3.89809686278764e-18
566.38,-6.517876338021699e-15,3.891994362779838e-18
566.39,-6.517135553430126e-15,3.709475159061046e-18
566.4,-6.516633293167197e-15,3.612445788812732e-18
566.41,-6.515828696548042e-15,3.578617990376124e-18
566.42,-6.516028363087649e-15,3.9356428245893836e-18
566.43,-6.5153768101713914e-15,3.756974237709931e-18
566.44,-6.515226626440037e-15,3.81567835461177e-18
566.45,-6.513237773167535e-15,3.2261883719063864e-18
566.46,-6.514212034648078e-15,4.19055014944934e-18
566.47,-6.513052300034606e-15,3.839634115283224e-18
566.48,-6.51233954044354e-15,3.690025743813554e-18
566.49,-6.510411584341712e-15,3.2670885823693297e-18
566.5,-6.510943441995545e-15,3.708609732025606e-18
566.51,-6.510463176587628e-15,3.6657068365494095e-18
566.52,-6.509600078250628e-15,3.439415961409249e-18
566.53,-6.5096472597636266e-15,3.748443904892475e-18
566.54,-6.5087443586536725e-15,3.581887647602274e-18
566.55,-6.5076879954337925e-15,3.363685235709939e-18
566.56,-6.507583015159088e-15,3.5737416808702636e-18
566.57,-6.506875713901727e-15,3.353421041839532e-18
566.58,-6.505591145759849e-15,3.4565401127648667e-18
566.59,-6.506182727362725e-15,3.646207075556065e-18
566.6,-6.505434819052202e-15,3.616385007010919e-18
566.61,-6.504890238056428e-15,3.463439028346849e-18
566.62,-6.504513133252736e-15,3.689698801202076e-18
566.63,-6.5036551243443514e-15,3.3686035822742163e-18
566.64,-6.5030220145335546e-15,3.4961587887605454e-18
566.65,-6.502683721380358e-15,3.676931784938292e-18
566.66,-6.502326187205976e-15,3.609692147588257e-18
566.67,-6.50129417399591e-15,3.490498924360131e-18
566.68,-6.5012437993602796e-15,3.6731996634601024e-18
566.69,-6.500732089696852e-15,3.652084561952998e-18
566.7,-6.499536984131548e-15,3.4362591129275405e-18
566.71,-6.499333762919236e-15,3.682100463624047e-18
566.72,-6.498394685943745e-15,3.466026634976531e-18
566.73,-6.498442600602831e-15,3.685137864981773e-18
566.74,-6.4975311408913074e-15,3.576500572423735e-18
566.75,-6.4973899071276625e-15,3.664517582726105e-18
566.76,-6.4967836981848215e-15,3.621648122107475e-18
566.77,-6.496235012974971e-15,3.612138319062095e-18
566.78,-6.496058535956195e-15,3.881892945301261e-18
566.79,-6.495018383578981e-15,3.83855265677933e-18
566.8,-6.494152749483552e-15,3.513073111529436e-18
566.81,-6.493860042753355e-15,3.8617196923361876e-18
566.82,-6.493474339210415e-15,3.656228047715191e-18
566.83,-6.492644255436623e-15,3.568399608492888e-18
566.84,-6.4925871690753515e-15,3.684395199553604e-18
566.85,-6.491312742072224e-15,3.4388944092008547e-18
566.86,-6.490896857364091e-15,3.612638285297371e-18
566.87,-6.490479305728833e-15,3.4356567904877837e-18
566.88,-6.4900710993463774e-15,3.624695225535001e-18
566.89,-6.489409909866406e-15,3.61416611694884e-18
566.9,-6.488873476986811e-15,3.812836044294583e-18
566.91,-6.488375681468798e-15,3.385771005629982e-18
566.92,-6.4879687153930695e-15,3.626418315027412e-18
566.93,-6.487845293368373e-15,3.9311141583884786e-18
566.94,-6.486251182079717e-15,3.6243788708653896e-18
566.95,-6.4859088298796766e-15,3.5657190588886825e-18
566.96,-6.484878653878487e-15,3.40460595011561e-18
566.97,-6.4847341569976514e-15,3.689724993472962e-18
566.98,-6.484433366691841e-15,3.495425220339313e-18
566.99,-6.483586628190419e-15,3.492498689247323e-18
567.0,-6.483232859157677e-15,3.771917295290021e-18
567.01,-6.4830433444591656e-15,3.7765807680751454e-18
567.02,-6.482722491647957e-15,3.843963060448843e-18
567.03,-6.4814346321076e-15,3.597124128022101e-18
567.04,-6.4810980431912365e-15,3.485060397642544e-18
567.05,-6.480682101384706e-15,3.422147246501609e-18
567.06,-6.48019638997644e-15,4.167596826414067e-18
567.07,-6.479227447382556e-15,3.674179017474093e-18
567.08,-6.479230263601316e-15,3.612539942307933e-18
567.09,-6.4783844580519965e-15,3.555246166382497e-18
567.1,-6.478046955138119e-15,3.658323926495996e-18
567.11,-6.477371295275419e-15,3.647195360698139e-18
567.12,-6.4763526545285514e-15,3.4627283393588386e-18
567.13,-6.475470365935007e-15,3.4507132653639017e-18
567.14,-6.4756722170391575e-15,3.55165600192029e-18
567.15,-6.474915619842672e-15,3.633746425158646e-18
567.16,-6.473831898473837e-15,3.34641163369533e-18
567.17,-6.4735730842497714e-15,3.5207384675869655e-18
567.18,-6.4735279221716675e-15,3.737564351985528e-18
567.19,-6.473350713225223e-15,3.77680548126098e-18
567.2,-6.472340899666307e-15,4.0771940574528145e-18
567.21,-6.471322981687913e-15,3.675144920556205e-18
567.22,-6.470982144218386e-15,3.561898689860708e-18
567.23,-6.4704559551095505e-15,3.392140715142654e-18
567.24,-6.469970638445297e-15,3.4435592137561988e-18
567.25,-6.469136879449632e-15,3.3621324886598024e-18
567.26,-6.468686142960068e-15,3.542317197855152e-18
567.27,-6.46854214615895e-15,3.722490505644008e-18
567.28,-6.467742361861994e-15,3.5607065111719465e-18
567.29,-6.4673379624920284e-15,3.720152939268013e-18
567.3,-6.466251808413315e-15,3.093534003796938e-18
567.31,-6.465836633207182e-15,3.4125794695870115e-18
567.32,-6.464127068473065e-15,3.0296936720173703e-18
567.33,-6.465159654960818e-15,3.821825544357313e-18
567.34,-6.463929629751399e-15,3.504187396862321e-18
567.35,-6.463928923365848e-15,3.610679595700374e-18
567.36,-6.463746740653768e-15,3.794734546585696e-18
567.37,-6.463232374105987e-15,3.675630487980442e-18
567.38,-6.462203178139441e-15,3.669455685066823e-18
567.39,-6.461214298191345e-15,3.3406671789788894e-18
567.4,-6.460466389203089e-15,3.720218953258904e-18
567.41,-6.461024116731199e-15,4.09957080613251e-18
567.42,-6.459795863693706e-15,3.568817997088067e-18
567.43,-6.459494005795021e-15,3.4675980690693557e-18
567.44,-6.4586517553831985e-15,3.603932960459975e-18
567.45,-6.459177629220184e-15,3.913878919018219e-18
567.46,-6.457531774200831e-15,3.667644919911719e-18
567.47,-6.4571404122461155e-15,3.584199161651209e-18
567.48,-6.4562930507706e-15,3.2069058621834892e-18
567.49,-6.4556236739941265e-15,3.358148468821473e-18
567.5,-6.452113446167281e-15,3.858777220023127e-18
567.51,-6.454777972697363e-15,3.529094840190441e-18
567.52,-6.4546330943262354e-15,3.536006205243639e-18
567.53,-6.453782196227212e-15,3.536302202628494e-18
567.54,-6.4531816046416585e-15,3.693571719860775e-18
567.55,-6.452560092077616e-15,3.63221599421188e-18
567.56,-6.4523842810787596e-15,3.708344694085561e-18
567.57,-6.45106490663456e-15,3.2672224926811435e-18
567.58,-6.45084793389577e-15,3.4010296220561396e-18
567.59,-6.447411444139092e-15,2.9537223290364215e-18
567.6,-6.4501981938763435e-15,3.785582722480136e-18
567.61,-6.4495595964318424e-15,3.7639186980956466e-18
567.62,-6.448791343305914e-15,3.5584091101221525e-18
567.63,-6.4479409095644654e-15,3.77758033587552e-18
567.64,-6.447340506148723e-15,3.345003751148849e-18
567.65,-6.447086167236189e-15,3.6616522019517165e-18
567.66,-6.445632749847131e-15,2.9509282719560184e-18
567.67,-6.447053486886221e-15,3.652929092004984e-18
567.68,-6.4466125730539326e-15,3.56457168486801e-18
567.69,-6.444279451796753e-15,3.7304862528817086e-18
567.7,-6.444322724865898e-15,3.4375446879930242e-18
567.71,-6.442861806988563e-15,3.853813790087957e-18
567.72,-6.4425577321935215e-15,3.3525245150863312e-18
567.73,-6.4432463422285745e-15,3.325912230256127e-18
567.74,-6.442413011119254e-15,3.65424873885017e-18
567.75,-6.44103303178608e-15,3.1390484090455308e-18
567.76,-6.441389069943846e-15,3.530146001843387e-18
567.77,-6.4409346283440684e-15,3.4063170499898474e-18
567.78,-6.440082865406419e-15,3.515809521363983e-18
567.79,-6.439506946875794e-15,3.590085235701682e-18
567.8,-6.4393211435544255e-15,3.8562297435691266e-18
567.81,-6.437815173010112e-15,3.4693903283320104e-18
567.82,-6.437744831614885e-15,3.50490566993681e-18
567.83,-6.4377227699575635e-15,3.730130920104543e-18
567.84,-6.436560867077358e-15,3.2555618609835612e-18
567.85,-6.437357887009285e-15,3.559610537346867e-18
567.86,-6.4352735663236134e-15,3.4399335689263637e-18
567.87,-6.434964867906206e-15,3.6169679306428935e-18
567.88,-6.434728508409812e-15,3.531491651679839e-18
567.89,-6.434717492542106e-15,3.997435023907053e-18
567.9,-6.433176449462019e-15,3.670035757442081e-18
567.91,-6.4326360030556325e-15,3.657406884280703e-18
567.92,-6.432817965966121e-15,3.785063789577821e-18
567.93,-6.431539173240905e-15,3.1803064352518082e-18
567.94,-6.431170775898993e-15,3.611227441714626e-18
567.95,-6.430827683647301e-15,3.6655684550784336e-18
567.96,-6.429539620321612e-15,3.516766289984766e-18
567.97,-6.429837350304768e-15,3.846972255819067e-18
567.98,-6.429138227273494e-15,3.597139975771755e-18
567.99,-6.429551529505393e-15,3.728661723665479e-18
568.0,-6.428487484989288e-15,3.76806828635653e-18
568.01,-6.427696588280904e-15,3.750673053146375e-18
568.02,-6.426051707953579e-15,2.9397428205068795e-18
568.03,-6.426155716522601e-15,3.4466925428546026e-18
568.04,-6.426662309305781e-15,3.729932329283506e-18
568.05,-6.424992532021304e-15,3.368058941177636e-18
568.06,-6.424778659647798e-15,3.511953436907513e-18
568.07,-6.424137903115194e-15,3.6204021182322694e-18
568.08,-6.42492817969049e-15,4.0050750805432056e-18
568.09,-6.423033903200739e-15,3.7753376689229646e-18
568.1,-6.423131123521047e-15,3.871293193716837e-18
568.11,-6.421584932564008e-15,2.7648711879008414e-18
568.12,-6.421220077935727e-15,3.502504400091201e-18
568.13,-6.421600413835669e-15,3.7233087004533344e-18
568.14,-6.420332683354727e-15,3.687027519223056e-18
568.15,-6.419587584948245e-15,3.662302785527249e-18
568.16,-6.4181916914085545e-15,3.614947385545695e-18
568.17,-6.420378420035532e-15,4.374323239777577e-18
568.18,-6.417896628064351e-15,3.472163390810572e-18
568.19,-6.4174458735975995e-15,3.656843623612001e-18
568.2,-6.4174429436931106e-15,2.6049147180418924e-18
568.21,-6.415857389839606e-15,3.3902053149366158e-18
568.22,-6.415965412552068e-15,3.603696933283168e-18
568.23,-6.415209029874838e-15,3.583193815474156e-18
568.24,-6.4168709722076654e-15,3.962965091447724e-18
568.25,-6.41372192481357e-15,3.486530323882736e-18
568.26,-6.4146199711513465e-15,4.259326852636959e-18
568.27,-6.41294713784232e-15,3.637402597819148e-18
568.28,-6.412698571312709e-15,3.756535808974564e-18
568.29,-6.4167839098870345e-15,4.298909280548715e-18
568.3,-6.411172091767153e-15,3.3650531397414036e-18
568.31,-6.4113465477416815e-15,3.742152388860912e-18
568.32,-6.409738440771309e-15,3.545283922709719e-18
568.33,-6.410066442012148e-15,3.597939857555713e-18
568.34,-6.4099042083153666e-15,3.6554376897470924e-18
568.35,-6.409099519324333e-15,4.079504401265937e-18
568.36,-6.40816685147591e-15,3.602841825163057e-18
568.37,-6.40785927254118e-15,3.7919598099155684e-18
568.38,-6.4109022523041496e-15,5.62723724700407e-18
568.39,-6.406326083961432e-15,3.4693051820585266e-18
568.4,-6.4055973057768145e-15,3.695728598878315e-18
568.41,-6.40526791252672e-15,3.621986092108129e-18
568.42,-6.4046993611949194e-15,3.516568870386915e-18
568.43,-6.40391648197733e-15,3.417947856406364e-18
568.44,-6.403027132945334e-15,3.747342420631143e-18
568.45,-6.403028032188814e-15,3.624779325060263e-18
568.46,-6.403449825900589e-15,3.880859851804901e-18
568.47,-6.404193335919106e-15,5.7815224714947556e-18
568.48,-6.401435027498261e-15,3.4070229529779994e-18
568.49,-6.40100134985131e-15,3.521560753284767e-18
568.5,-6.400107994697039e-15,3.515803839223369e-18
568.51,-6.3992506222642334e-15,3.2677442238017286e-18
568.52,-6.399818671019444e-15,3.5567526433696936e-18
568.53,-6.397282255905019e-15,3.3176903000932944e-18
568.54,-6.397722126201606e-15,3.3784725741218445e-18
568.55,-6.398270441806384e-15,3.757477524813513e-18
568.56,-6.397464663142816e-15,4.927588530901115e-18
568.57,-6.396763129300175e-15,3.509938387732169e-18
568.58,-6.396538292583174e-15,3.592861846671198e-18
568.59,-6.395278634716676e-15,3.5372118243322885e-18
568.6,-6.3950326458944125e-15,3.586803114720303e-18
568.61,-6.395659552356126e-15,3.770083040109537e-18
568.62,-6.391875892458524e-15,3.340318875515594e-18
568.63,-6.393629395927491e-15,3.540965493210179e-18
568.64,-6.3945736876074545e-15,4.2481628614353e-18
568.65,-6.393323454305904e-15,4.960567063115359e-18
568.66,-6.3912944810350444e-15,3.0249324644652693e-18
568.67,-6.391582150288501e-15,3.7091412395981765e-18
568.68,-6.390813539689726e-15,3.680197937447073e-18
568.69,-6.390441848114763e-15,3.4912759404024555e-18
568.7,-6.390427447256793e-15,3.895304234240121e-18
568.71,-6.385587543207241e-15,2.4447440152164573e-18
568.72,-6.387809212108233e-15,2.9327587049382614e-18
568.73,-6.387927053753266e-15,3.650740606746757e-18
568.74,-6.386195577143626e-15,3.582744189784564e-18
568.75,-6.385273139082705e-15,3.03248236304853e-18
568.76,-6.385860409295269e-15,3.3976788808111305e-18
568.77,-6.385959254777435e-15,3.723464173436238e-18
568.78,-6.384074931054673e-15,3.627323728147737e-18
568.79,-6.3841292201300185e-15,3.3904402831217615e-18
568.8,-6.382980578139687e-15,2.8297834853390795e-18
568.81,-6.383417035967821e-15,3.79214192277896e-18
568.82,-6.382790469802494e-15,3.602856031765266e-18
568.83,-6.381530752366268e-15,3.6403509796321726e-18
568.84,-6.381612046575751e-15,3.954839748064885e-18
568.85,-6.380621488133508e-15,3.420628615070585e-18
568.86,-6.3807206312231375e-15,3.5620536112306e-18
568.87,-6.379603063882126e-15,3.65520594435109e-18
568.88,-6.37998729459295e-15,3.696794562717542e-18
568.89,-6.378259153902569e-15,2.83213393023326e-18
568.9,-6.3778241785263266e-15,3.564960692895429e-18
568.91,-6.37818360921282e-15,3.684008569649677e-18
568.92,-6.376923758509063e-15,3.4666664039090985e-18
568.93,-6.377954443004241e-15,4.0094046741503245e-18
568.94,-6.37663119403486e-15,3.51591605653071e-18
568.95,-6.376045952786205e-15,3.677414149584168e-18
568.96,-6.375987864639097e-15,4.023692776588857e-18
568.97,-6.3747635649433326e-15,3.618968275513646e-18
568.98,-6.373153097110874e-15,2.7784135055001325e-18
568.99,-6.373945517339639e-15,3.686375380730752e-18
569.0,-6.373055235429724e-15,3.484247780312174e-18
569.01,-6.372132083953148e-15,3.4570723807471634e-18
569.02,-6.372117866203881e-15,3.7627268301006086e-18
569.03,-6.369656140369526e-15,2.8384423862148216e-18
569.04,-6.371720151701531e-15,3.943242288037214e-18
569.05,-6.3701417458684896e-15,3.662610885880827e-18
569.06,-6.369945372908276e-15,3.6221835732523004e-18
569.07,-6.368388877695913e-15,2.788598853070572e-18
569.08,-6.368345327621195e-15,3.560840336437936e-18
569.09,-6.367719052292973e-15,3.412982238186834e-18
569.1,-6.367096084048261e-15,3.2747897764213954e-18
569.11,-6.3670388119060974e-15,3.716226150793559e-18
569.12,-6.367216613700799e-15,3.5542878953074205e-18
569.13,-6.3664493231182465e-15,3.753691277328897e-18
569.14,-6.365673883789703e-15,3.647275274283711e-18
569.15,-6.36476724392417e-15,3.499224187309056e-18
569.16,-6.3622231729535415e-15,2.3251762657113765e-18
569.17,-6.363351931230997e-15,3.471758960262622e-18
569.18,-6.362987532034429e-15,3.581582565453921e-18
569.19,-6.362386795120568e-15,3.502845192599529e-18
569.2,-6.362287950287042e-15,3.6971726885656055e-18
569.21,-6.361487696392056e-15,3.607591385386681e-18
569.22,-6.361435486674484e-15,3.758487870526535e-18
569.23,-6.3607280484991376e-15,3.648304209486857e-18
569.24,-6.359819908015037e-15,3.4131224255650846e-18
569.25,-6.357254595401562e-15,2.1679781337852265e-18
569.26,-6.357462737207835e-15,2.8325211099070995e-18
569.27,-6.3586558458044936e-15,3.969282849020142e-18
569.28,-6.357323122254861e-15,3.513671834134783e-18
569.29,-6.357048224194065e-15,3.627540757719782e-18
569.3,-6.3576997391677715e-15,3.862248612593602e-18
569.31,-6.3559613625698996e-15,3.518959283922371e-18
569.32,-6.35615853878977e-15,3.721099804197198e-18
569.33,-6.354925538808199e-15,3.489836917129274e-18
569.34,-6.353264259017102e-15,2.6646337410087115e-18
569.35,-6.353541247140915e-15,3.4498350986350782e-18
569.36,-6.3538305774918405e-15,3.856127047312997e-18
569.37,-6.352323232106206e-15,3.166905487888514e-18
569.38,-6.3517617375127896e-15,3.4336032758495316e-18
569.39,-6.3529926217959525e-15,4.1906199392905344e-18
569.4,-6.3518130380230905e-15,3.793821191027911e-18
569.41,-6.350239555481778e-15,3.5389891914917926e-18
569.42,-6.351044903787539e-15,3.8136840971657966e-18
569.43,-6.350283034131695e-15,3.3416990955911183e-18
569.44,-6.348334731496693e-15,3.4562911725776046e-18
569.45,-6.348387441210516e-15,3.844883530399235e-18
569.46,-6.348036181655464e-15,3.664551422439975e-18
569.47,-6.346987960246261e-15,3.537249282476114e-18
569.48,-6.3478831647564806e-15,3.957681951005135e-18
569.49,-6.3464696921547925e-15,3.586335047227071e-18
569.5,-6.345637721883986e-15,3.686761964869888e-18
569.51,-6.345580129834186e-15,3.486825038536953e-18
569.52,-6.346263313189432e-15,3.6108436242800694e-18
569.53,-6.343917681872073e-15,3.514842043551791e-18
569.54,-6.343862277244591e-15,3.4301012743520604e-18
569.55,-6.343204628083012e-15,3.531037353505499e-18
569.56,-6.342607309355685e-15,3.2650209960699987e-18
569.57,-6.340687546173125e-15,3.3176139481636653e-18
569.58,-6.3412005868879655e-15,3.5666368913324e-18
569.59,-6.341375567325086e-15,3.7165617647879015e-18
569.6,-6.339947394149235e-15,3.4010242419203583e-18
569.61,-6.342771557185096e-15,4.1389245156740306e-18
569.62,-6.3391917274577956e-15,3.528660684283687e-18
569.63,-6.338602915129699e-15,3.568908005718341e-18
569.64,-6.337673321807901e-15,3.2904552532573995e-18
569.65,-6.338787949391418e-15,3.6558860798367055e-18
569.66,-6.3370314985484155e-15,3.544052733395882e-18
569.67,-6.3363769732284554e-15,3.6294286003105644e-18
569.68,-6.337704619706658e-15,4.979890945262237e-18
569.69,-6.335895657320295e-15,3.789511249654599e-18
569.7,-6.337449371629508e-15,4.254645556432382e-18
569.71,-6.334791900957597e-15,3.773103279193523e-18
569.72,-6.333581024282356e-15,3.3759163948206577e-18
569.73,-6.333551136922052e-15,3.8861439174005884e-18
569.74,-6.3328855697962004e-15,3.61025263854089e-18
569.75,-6.332836100704288e-15,4.242649694499867e-18
569.76,-6.3322421778735885e-15,3.7219577749123716e-18
569.77,-6.3305938905420716e-15,5.148020422508842e-18
569.78,-6.331176761050159e-15,3.755017627786141e-18
569.79,-6.33141595374999e-15,4.0320620724714784e-18
569.8,-6.330111129948113e-15,3.695483716930355e-18
569.81,-6.329445695209384e-15,3.665711757227098e-18
569.82,-6.328910314576763e-15,3.6108391221831846e-18
569.83,-6.328224439134644e-15,3.6618457467643765e-18
569.84,-6.327084927867445e-15,3.493066072861246e-18
569.85,-6.327342649052424e-15,3.6772664236702986e-18
569.86,-6.331460215335981e-15,4.822974926397647e-18
569.87,-6.3261060388650655e-15,3.549395432821652e-18
569.88,-6.325617993053311e-15,3.800196479599338e-18
569.89,-6.325190371813374e-15,3.7177624233089475e-18
569.9,-6.324550869554496e-15,3.6926934018662354e-18
569.91,-6.3239727168437285e-15,3.846549144415974e-18
569.92,-6.323143689415962e-15,3.778659388609446e-18
569.93,-6.322456437493217e-15,3.722641732918174e-18
569.94,-6.322342021372685e-15,3.706634194008192e-18
569.95,-6.320694140223712e-15,3.7695291327042695e-18
569.96,-6.321280909402491e-15,4.2659636618584986e-18
569.97,-6.320182813513997e-15,3.975183479729862e-18
569.98,-6.320344259713299e-15,3.723565678655873e-18
569.99,-6.319262823784727e-15,3.475700119375039e-18
570.0,-6.318511110603528e-15,3.3526635755415807e-18
570.01,-6.318347725993187e-15,3.672685228376051e-18
570.02,-6.3177427277771875e-15,3.49864311052747e-18
570.03,-6.317390646922495e-15,3.61598277580592e-18
570.04,-6.3168944997571255e-15,3.476871086108001e-18
570.05,-6.316105086497794e-15,3.641429123718604e-18
570.06,-6.31480293418011e-15,3.0639656527500205e-18
570.07,-6.315420422228811e-15,3.821358040876865e-18
570.08,-6.314340849181633e-15,3.6442817723694775e-18
570.09,-6.313715447877775e-15,3.518963325310489e-18
570.1,-6.313327599620793e-15,3.482019137890039e-18
570.11,-6.312970452689805e-15,3.553036443628393e-18
570.12,-6.312754980684644e-15,3.757505658920178e-18
570.13,-6.31282507767568e-15,3.66572376001026e-18
570.14,-6.3114058953128375e-15,3.535143951694461e-18
570.15,-6.310479989197e-15,3.4526727269558137e-18
570.16,-6.30960544233746e-15,3.3189691623312273e-18
570.17,-6.309794050457223e-15,3.61089956843721e-18
570.18,-6.3090850562429216e-15,3.456222986758588e-18
570.19,-6.308426868151087e-15,3.64049024519794e-18
570.2,-6.307924000685721e-15,3.506006316937797e-18
570.21,-6.308475188053199e-15,4.194578145614692e-18
570.22,-6.306941281327683e-15,3.6060342737479624e-18
570.23,-6.3065197481636e-15,3.594963835586387e-18
570.24,-6.306083753096522e-15,3.5147062404437805e-18
570.25,-6.3052912583957876e-15,3.122310371789597e-18
570.26,-6.3051838998541086e-15,3.597842654654265e-18
570.27,-6.304447817607527e-15,3.2650586551773713e-18
570.28,-6.304020496996356e-15,3.499293058102415e-18
570.29,-6.303061898817134e-15,3.482935822873373e-18
570.3,-6.302805858149695e-15,3.327126546662668e-18
570.31,-6.302634423111436e-15,3.3032611047886135e-18
570.32,-6.30205477927478e-15,3.652183968673493e-18
570.33,-6.302031218239692e-15,3.650351803566557e-18
570.34,-6.3003450850207526e-15,3.3532328738714065e-18
570.35,-6.30005042239424e-15,3.4055170736812732e-18
570.36,-6.29928332101087e-15,3.3724636742847836e-18
570.37,-6.2993610327700485e-15,3.5829784244165595e-18
570.38,-6.2984743643806006e-15,3.693825076901623e-18
570.39,-6.297455240212152e-15,3.474570186857508e-18
570.4,-6.297752684856034e-15,3.636519633110328e-18
570.41,-6.297013411066014e-15,3.635475437316008e-18
570.42,-6.297793451981893e-15,3.977962865747269e-18
570.43,-6.295626791838797e-15,3.354015631428442e-18
570.44,-6.29518426653479e-15,3.462407782424951e-18
570.45,-6.294825686774459e-15,3.4280220382887305e-18
570.46,-6.294480708096625e-15,3.658768511311557e-18
570.47,-6.29394901636985e-15,3.630645760765991e-18
570.48,-6.292828850099922e-15,3.3318346793010098e-18
570.49,-6.293380250794057e-15,3.717726299634164e-18
570.5,-6.292022070411388e-15,3.642068153832026e-18
570.51,-6.2919615844096294e-15,3.670537710718414e-18
570.52,-6.290274629265911e-15,3.086598534176704e-18
570.53,-6.290383712496909e-15,3.526111579057331e-18
570.54,-6.290509609032034e-15,3.515826567259225e-18
570.55,-6.290053783074753e-15,3.819748983880386e-18
570.56,-6.289035798166875e-15,3.531907201344021e-18
570.57,-6.2882410287091345e-15,3.550874347589278e-18
570.58,-6.287985354209061e-15,3.706563234721084e-18
570.59,-6.287494377579958e-15,3.690396599033512e-18
570.6,-6.287593481839849e-15,3.854329775217735e-18
570.61,-6.285599604151129e-15,3.218923118933492e-18
570.62,-6.285477280406631e-15,3.4700401628197065e-18
570.63,-6.285342856458059e-15,3.548429246428991e-18
570.64,-6.2848921307209974e-15,3.681700876212006e-18
570.65,-6.2843248502889876e-15,3.547789095711762e-18
570.66,-6.283794194949304e-15,3.480932144298451e-18
570.67,-6.2830618460035735e-15,3.498212160953624e-18
570.68,-6.28275095424329e-15,3.6106329342423306e-18
570.69,-6.282624464882686e-15,3.866549049766887e-18
570.7,-6.280369166653585e-15,3.0468271786769967e-18
570.71,-6.2806753615009595e-15,3.474063893002241e-18
570.72,-6.28051730985493e-15,3.420617803455567e-18
570.73,-6.280096766539265e-15,3.610757766241491e-18
570.74,-6.279337485961634e-15,3.534096892251879e-18
570.75,-6.2792850660818734e-15,3.4505867279721526e-18
570.76,-6.278653720530121e-15,3.545503211130462e-18
570.77,-6.277999802254619e-15,3.572732981044083e-18
570.78,-6.277562897734218e-15,3.855596961164217e-18
570.79,-6.276393391621956e-15,3.207567997641333e-18
570.8,-6.276113841585095e-15,3.4530639106292046e-18
570.81,-6.275946694971122e-15,3.623793398557498e-18
570.82,-6.2755247496668765e-15,3.654328667443828e-18
570.83,-6.2746507736492605e-15,3.519901460272612e-18
570.84,-6.2739263555710734e-15,3.518473466100056e-18
570.85,-6.2729253110718624e-15,3.518014855569226e-18
570.86,-6.273150390948962e-15,3.589631527680857e-18
570.87,-6.272924124839535e-15,3.75541920416462e-18
570.88,-6.271330798590193e-15,3.39681073013708e-18
570.89,-6.2711890968622925e-15,3.476430503712193e-18
570.9,-6.270894046737842e-15,3.6486947938899785e-18
570.91,-6.270479797828484e-15,3.730377467160226e-18
570.92,-6.2700200681462085e-15,3.5920426794958325e-18
570.93,-6.268076425986588e-15,3.570785349115736e-18
570.94,-6.269105170551223e-15,3.6506498175643246e-18
570.95,-6.2681192528800585e-15,3.5058516334592435e-18
570.96,-6.2679028265688545e-15,3.64496201719032e-18
570.97,-6.266704682904449e-15,3.283810849812341e-18
570.98,-6.266037360700816e-15,3.344928044435298e-18
570.99,-6.2655781837574225e-15,3.4414519356094725e-18
571.0,-6.266494682207617e-15,3.658855058471449e-18
571.01,-6.2650707691782835e-15,3.553931687519306e-18
571.02,-6.26498541416917e-15,3.512130862738847e-18
571.03,-6.2640182587654365e-15,3.571285693120352e-18
571.04,-6.263089253685333e-15,3.54191015527478e-18
571.05,-6.262999080559056e-15,3.2968220123480795e-18
571.06,-6.263266872256572e-15,3.596580685655306e-18
571.07,-6.2621189925249894e-15,3.556000931751442e-18
571.08,-6.260928677679983e-15,3.3663059866129824e-18
571.09,-6.260988323826051e-15,3.777847271746107e-18
571.1,-6.2609593639059974e-15,3.7593843108515876e-18
571.11,-6.259697423126784e-15,3.514956276550496e-18
571.12,-6.25980000974647e-15,3.738633246285333e-18
571.13,-6.258543721935836e-15,3.4479060942436713e-18
571.14,-6.257224300090833e-15,3.269407073730431e-18
571.15,-6.2583210548077255e-15,3.4124666333935687e-18
571.16,-6.256629332180706e-15,3.320775636621684e-18
571.17,-6.256644188043803e-15,3.789762923420038e-18
571.18,-6.255982771407487e-15,3.430284282500484e-18
571.19,-6.2554468332939574e-15,3.528553699532609e-18
571.2,-6.254839143842859e-15,3.498367514398433e-18
571.21,-6.254766601453266e-15,3.613495220454562e-18
571.22,-6.253925855462323e-15,3.642543902610491e-18
571.23,-6.253394015966168e-15,3.520818894212133e-18
571.24,-6.253348661988414e-15,3.442551245080558e-18
571.25,-6.251702371292203e-15,3.3005097884352536e-18
571.26,-6.25418026042255e-15,4.198473959570424e-18
571.27,-6.251310907902305e-15,3.540235392183575e-18
571.28,-6.250325564200936e-15,3.456381245979622e-18
571.29,-6.2512884898387325e-15,3.7507366708460894e-18
571.3,-6.2501984032110725e-15,3.4748044986363356e-18
571.31,-6.249296727811032e-15,3.5873779836832925e-18
571.32,-6.248468364425804e-15,3.634852455586662e-18
571.33,-6.250117357602383e-15,3.850792449752697e-18
571.34,-6.2488370213712806e-15,3.663604645814949e-18
571.35,-6.2471740995096095e-15,3.2684502505407715e-18
571.36,-6.246724451137795e-15,3.500939824891472e-18
571.37,-6.24489621334172e-15,3.2278295463400493e-18
571.38,-6.245179567370363e-15,3.354291332087486e-18
571.39,-6.245138847306836e-15,3.5388704964835934e-18
571.4,-6.244345382746413e-15,3.445880186454301e-18
571.41,-6.24410156396131e-15,3.549359674080345e-18
571.42,-6.243986553673785e-15,3.42810908519158e-18
571.43,-6.242635074515047e-15,3.474240499740912e-18
571.44,-6.246446609386134e-15,4.763535482758735e-18
571.45,-6.241501620473722e-15,3.4250452432712893e-18
571.46,-6.240306607418266e-15,3.2035461655868173e-18
571.47,-6.2405071944528025e-15,3.3973742998538833e-18
571.48,-6.240269852687666e-15,3.503871611973404e-18
571.49,-6.239760785831401e-15,3.556298491293812e-18
571.5,-6.2399061149296004e-15,3.760888268389142e-18
571.51,-6.239064903445208e-15,3.0691588925646075e-18
571.52,-6.2381600185537154e-15,3.4208614626394096e-18
571.53,-6.237665641493435e-15,3.959604614430544e-18
571.54,-6.237732188300104e-15,3.7774188164767755e-18
571.55,-6.235963288777893e-15,3.3561104090896225e-18
571.56,-6.2372547799495295e-15,3.78456287059234e-18
571.57,-6.235621858687073e-15,3.3254687771029634e-18
571.58,-6.234708172339209e-15,3.5207600018216794e-18
571.59,-6.2351206954399786e-15,3.748017940932623e-18
571.6,-6.233754123804333e-15,3.228250082934724e-18
571.61,-6.2324697675898044e-15,3.1748456489909308e-18
571.62,-6.2314809404491094e-15,3.2819375362178745e-18
571.63,-6.232359601965062e-15,3.442780350402712e-18
571.64,-6.2314421936733085e-15,3.2827774635266395e-18
571.65,-6.231359900522679e-15,3.171165127947808e-18
571.66,-6.230742851073727e-15,3.575716379356372e-18
571.67,-6.230009591580795e-15,3.4227214464198903e-18
571.68,-6.229508198461156e-15,3.5857806638005106e-18
571.69,-6.228038878968419e-15,2.678369791778732e-18
571.7,-6.2276810969224525e-15,3.3640959750519473e-18
571.71,-6.227756257667349e-15,3.485052106332893e-18
571.72,-6.2281845025404194e-15,3.602467691992655e-18
571.73,-6.226918129553031e-15,3.2823889357579955e-18
571.74,-6.226444065027738e-15,3.1098029514546303e-18
571.75,-6.226161393012237e-15,3.6266122916516896e-18
571.76,-6.225036591112489e-15,3.1950415157197616e-18
571.77,-6.224692100685783e-15,3.482581053821008e-18
571.78,-6.222613130153751e-15,2.461064054087467e-18
571.79,-6.224687126640326e-15,3.636993914979967e-18
571.8,-6.223642624318012e-15,3.5494385091900734e-18
571.81,-6.223433969706646e-15,3.671414976567086e-18
571.82,-6.22245725284042e-15,3.498798586933269e-18
571.83,-6.221409514562377e-15,3.0843547135762213e-18
571.84,-6.221273485228985e-15,3.653593226434656e-18
571.85,-6.220898036685281e-15,3.557751936548411e-18
571.86,-6.219569088316472e-15,3.4273761760729638e-18
571.87,-6.217929118900586e-15,2.5916880962374605e-18
571.88,-6.219030669653206e-15,3.3186436000687763e-18
571.89,-6.219186902965003e-15,3.638109294919397e-18
571.9,-6.218096709846871e-15,3.4576630790288224e-18
571.91,-6.218175436016715e-15,3.537782793035834e-18
571.92,-6.21636346245747e-15,3.2671390487723007e-18
571.93,-6.216264986589592e-15,3.4881591236223166e-18
571.94,-6.215499540967989e-15,3.239113687017819e-18
571.95,-6.215087453448631e-15,3.343475149872161e-18
571.96,-6.21384104064993e-15,3.027374983181444e-18
571.97,-6.2141736809450024e-15,3.1879983844047486e-18
571.98,-6.213101659410172e-15,3.262523272213303e-18
571.99,-6.213265869431579e-15,3.4576706510035113e-18
572.0,-6.212413104074724e-15,3.203615391308262e-18
572.01,-6.21182982127409e-15,3.378543293806165e-18
572.02,-6.211988707359372e-15,3.621030427174144e-18
572.03,-6.21162331815819e-15,3.754456160517974e-18
572.04,-6.21029018650237e-15,3.280693039338883e-18
572.05,-6.2098686301783736e-15,3.13465230032224e-18
572.06,-6.209826133408107e-15,3.515557570738839e-18
572.07,-6.208706994200468e-15,3.281734760115397e-18
572.08,-6.208621717644547e-15,3.4363578018928715e-18
572.09,-6.208191626429521e-15,3.343308543258626e-18
572.1,-6.20734815153055e-15,3.222304949035147e-18
572.11,-6.2071034748460865e-15,3.632173540284107e-18
572.12,-6.206316438333979e-15,3.508199546067919e-18
572.13,-6.205825850906692e-15,3.444346262046231e-18
572.14,-6.2046364489983325e-15,3.0003079093532234e-18
572.15,-6.205244548863992e-15,3.475240208406662e-18
572.16,-6.2044743061318076e-15,3.515338031920018e-18
572.17,-6.2043585478314994e-15,3.645038742873968e-18
572.18,-6.20339017494597e-15,3.439174484322222e-18
572.19,-6.202538558680508e-15,3.23088220644585e-18
572.2,-6.202208878928407e-15,3.506703665316531e-18
572.21,-6.201361878990327e-15,3.1379482035982525e-18
572.22,-6.200892123028297e-15,3.4569737549737764e-18
572.23,-6.200041566614434e-15,2.860661744826014e-18
572.24,-6.2004456095798606e-15,3.4797978046694255e-18
572.25,-6.1991579492960765e-15,3.188655999268899e-18
572.26,-6.199698649875206e-15,3.620034824404955e-18
572.27,-6.198384999791738e-15,3.4031101457211537e-18
572.28,-6.198162929386736e-15,3.66450638458703e-18
572.29,-6.1976048174222734e-15,3.5039684020208185e-18
572.3,-6.197080810115226e-15,3.425940121241351e-18
572.31,-6.195561653285316e-15,3.2107529906300466e-18
572.32,-6.195131288078446e-15,2.731808548953504e-18
572.33,-6.19560860371538e-15,3.4482448187298068e-18
572.34,-6.19495132551263e-15,3.4574105811351134e-18
572.35,-6.194584201597395e-15,3.4100291996541374e-18
572.36,-6.19387483361591e-15,3.196584919709329e-18
572.37,-6.193041646140298e-15,3.47531772359466e-18
572.38,-6.192726291254656e-15,3.4272645693577815e-18
572.39,-6.191997625912156e-15,3.160503634608681e-18
572.4,-6.1912474793045365e-15,2.870355419577227e-18
572.41,-6.188761754210942e-15,2.0158271869234126e-18
572.42,-6.191143723565428e-15,3.4675232392756776e-18
572.43,-6.1901059468245775e-15,2.7267663305126654e-18
572.44,-6.189966370026899e-15,3.5238738678013334e-18
572.45,-6.1891565583661835e-15,3.3393991986570116e-18
572.46,-6.188789819977625e-15,2.8810697463842277e-18
572.47,-6.1877582339450994e-15,3.344669940231308e-18
572.48,-6.188077530376642e-15,3.695516151643759e-18
572.49,-6.187736020054171e-15,3.169422740952201e-18
572.5,-6.183829884213089e-15,1.8673472848144707e-18
572.51,-6.186886539323069e-15,3.516572026824518e-18
572.52,-6.186034165905952e-15,3.2533157488852096e-18
572.53,-6.1852978526694344e-15,3.515283957520344e-18
572.54,-6.184072036217461e-15,3.01891444682059e-18
572.55,-6.184648177176883e-15,3.4624267712091712e-18
572.56,-6.181948301506722e-15,3.4882109498369325e-18
572.57,-6.1833732258404425e-15,3.509508669282207e-18
572.58,-6.18290884028632e-15,3.503008341626353e-18
572.59,-6.178843575948451e-15,1.740423948465185e-18
572.6,-6.1816839862466e-15,3.60900902615164e-18
572.61,-6.181296169343617e-15,3.5948461611280826e-18
572.62,-6.180155528546748e-15,3.336148153811609e-18
572.63,-6.1793428073272425e-15,3.445286607887126e-18
572.64,-6.179488976530742e-15,3.503009394644401e-18
572.65,-6.178147501279704e-15,3.959564714905457e-18
572.66,-6.178152202299036e-15,3.640643198434989e-18
572.67,-6.177905538627886e-15,3.4684542009647833e-18
572.68,-6.174095600224907e-15,2.1582244111525343e-18
572.69,-6.1771726491904004e-15,3.7525219870913736e-18
572.7,-6.176143315568367e-15,3.590684129781002e-18
572.71,-6.175438094741464e-15,3.280980409970184e-18
572.72,-6.175469032615177e-15,3.754262395981659e-18
572.73,-6.175033585300478e-15,3.588764214431714e-18
572.74,-6.17271126396096e-15,4.235027733535126e-18
572.75,-6.174313825391691e-15,4.08394970044153e-18
572.76,-6.173136874259462e-15,3.5779416770815714e-18
572.77,-6.170119379427299e-15,2.60979963356645e-18
572.78,-6.172800916173926e-15,3.880203779877383e-18
572.79,-6.1715445508689035e-15,3.631321837354053e-18
572.8,-6.170857571253938e-15,3.358462402449731e-18
572.81,-6.169788516308099e-15,3.3295489626720474e-18
572.82,-6.1702103934066466e-15,3.4330804831207433e-18
572.83,-6.167846492923869e-15,4.8319645904961314e-18
572.84,-6.169237017864519e-15,3.6977074419660494e-18
572.85,-6.167918082317334e-15,3.3606971478971568e-18
572.86,-6.16619420705943e-15,2.9386191630810372e-18
572.87,-6.166631182221052e-15,2.972575174219984e-18
572.88,-6.166861700138292e-15,3.268882344942003e-18
572.89,-6.1659460038624325e-15,3.38754333665485e-18
572.9,-6.165224463075647e-15,3.3076998841353852e-18
572.91,-6.1653879812645426e-15,3.414208727468186e-18
572.92,-6.166909451879594e-15,6.12156435958172e-18
572.93,-6.16397437111137e-15,3.3957446549220514e-18
572.94,-6.163497064606725e-15,3.4601557268609674e-18
572.95,-6.16200057844755e-15,3.1084906951705944e-18
572.96,-6.162432895997441e-15,3.387219750983747e-18
572.97,-6.162907582052759e-15,4.148191509335565e-18
572.98,-6.160815014366574e-15,3.013937593863317e-18
572.99,-6.1614663960674165e-15,3.510614681081764e-18
573.0,-6.1606630237374104e-15,3.3582783656549442e-18
573.01,-6.16369052983387e-15,5.419363887482007e-18
573.02,-6.159404672582894e-15,3.4083484324396155e-18
573.03,-6.158844597604925e-15,3.653158763388724e-18
573.04,-6.158786361284819e-15,3.636941327170777e-18
573.05,-6.157594684338513e-15,3.029442082244556e-18
573.06,-6.15778158120753e-15,3.403985090319083e-18
573.07,-6.1565987398720524e-15,3.3028980934003537e-18
573.08,-6.156632276260116e-15,3.5286967477944736e-18
573.09,-6.155984683870512e-15,3.47808696124916e-18
573.1,-6.158599186175617e-15,4.469411376216048e-18
573.11,-6.1545720645520135e-15,3.3797289131711405e-18
573.12,-6.1547676134347746e-15,3.576164734097991e-18
573.13,-6.15467999100366e-15,3.664326032145879e-18
573.14,-6.153025426917979e-15,3.393585324583684e-18
573.15,-6.1527119228161595e-15,3.54701064521231e-18
573.16,-6.152125377013003e-15,3.2329257212222657e-18
573.17,-6.151520499503623e-15,3.2798611626837827e-18
573.18,-6.151007428283136e-15,3.479141553171467e-18
573.19,-6.153044920584768e-15,4.376649351823824e-18
573.2,-6.149816974807379e-15,3.5028743467294886e-18
573.21,-6.1495592263498095e-15,3.1091107089849703e-18
573.22,-6.149909692333321e-15,3.703735764373695e-18
573.23,-6.148759055829748e-15,3.27887183698103e-18
573.24,-6.14766562907472e-15,3.1521594519945015e-18
573.25,-6.147549274078688e-15,3.2475237474969103e-18
573.26,-6.146795278901318e-15,3.426773402864007e-18
573.27,-6.146840068774725e-15,3.4742712326162735e-18
573.28,-6.147813453989564e-15,4.048812436369287e-18
573.29,-6.145178482188978e-15,3.4910493867512516e-18
573.3,-6.145778646357389e-15,3.360221125616059e-18
573.31,-6.144790010180115e-15,3.4008774721795918e-18
573.32,-6.144222401812458e-15,3.4376704607622508e-18
573.33,-6.143658607982529e-15,3.5697484837185686e-18
573.34,-6.1424977858276046e-15,3.165180369013151e-18
573.35,-6.142654378751786e-15,3.4384597486800984e-18
573.36,-6.1418411205614996e-15,3.3733089966057675e-18
573.37,-6.142472536954517e-15,3.779794630830071e-18
573.38,-6.14069039895681e-15,3.3513155797371206e-18
573.39,-6.139395221619477e-15,3.1856596990047458e-18
573.4,-6.1396848842732054e-15,3.3103846578577474e-18
573.41,-6.139958370253684e-15,4.011698650196754e-18
573.42,-6.1396036711780864e-15,3.713854195888243e-18
573.43,-6.138335497523483e-15,3.531210057812506e-18
573.44,-6.1383683776845346e-15,3.541681581159904e-18
573.45,-6.136207745701193e-15,3.398350517441053e-18
573.46,-6.1378898881715696e-15,3.945608046972421e-18
573.47,-6.135899879136448e-15,3.3904545871448838e-18
573.48,-6.13508613620629e-15,3.4331178298064867e-18
573.49,-6.135098932939025e-15,3.31252436130491e-18
573.5,-6.134332575877766e-15,3.6757530382238245e-18
573.51,-6.13372300880391e-15,3.3991448070012675e-18
573.52,-6.133589814107685e-15,3.54544793845355e-18
573.53,-6.130984974018014e-15,2.9843256356356492e-18
573.54,-6.132355989045885e-15,3.354711701223509e-18
573.55,-6.133409197530395e-15,3.989429198804959e-18
573.56,-6.130984571725328e-15,3.2066083787347517e-18
573.57,-6.131332985379839e-15,3.482853096193094e-18
573.58,-6.130237650063211e-15,3.398990303751405e-18
573.59,-6.1294029327686935e-15,3.352793867324702e-18
573.6,-6.129532698944748e-15,3.5671786542992304e-18
573.61,-6.1298717086472385e-15,3.598050281265044e-18
573.62,-6.128320241067627e-15,3.1601906051518214e-18
573.63,-6.128285388516965e-15,3.659730721877741e-18
573.64,-6.127737415335245e-15,3.3652594577523426e-18
573.65,-6.126605773831347e-15,3.271352360052807e-18
573.66,-6.12577025754197e-15,3.206238661628035e-18
573.67,-6.125679360594104e-15,3.17670997827076e-18
573.68,-6.1253500960949595e-15,3.505096062787963e-18
573.69,-6.124900041907378e-15,3.498687554474879e-18
573.7,-6.12407331965248e-15,3.255328088442656e-18
573.71,-6.126926038399807e-15,3.1913375952263777e-18
573.72,-6.123036170167503e-15,3.5067718383655085e-18
573.73,-6.1232690183766725e-15,3.6905859494808886e-18
573.74,-6.122530792361876e-15,3.4312766788051143e-18
573.75,-6.120726914339296e-15,3.426662972308882e-18
573.76,-6.1209361052434775e-15,3.2157232579335564e-18
573.77,-6.120419466731642e-15,3.492788617045957e-18
573.78,-6.120392052806186e-15,3.664975729059446e-18
573.79,-6.119207908537078e-15,3.3078888641199905e-18
573.8,-6.12188053139333e-15,3.671700078080998e-18
573.81,-6.11913255939409e-15,3.38145437341465e-18
573.82,-6.118441775175432e-15,3.780606634145385e-18
573.83,-6.117109010577892e-15,3.2187437270098887e-18
573.84,-6.116781669527516e-15,3.3286376440341695e-18
573.85,-6.115686024466951e-15,3.176903888016896e-18
573.86,-6.1160034089277536e-15,3.590646902156122e-18
573.87,-6.1157242324732406e-15,3.368109809902651e-18
573.88,-6.115110713731715e-15,3.481388425152944e-18
573.89,-6.1155518609908316e-15,3.712870688583734e-18
573.9,-6.11401749507434e-15,3.512604684393407e-18
573.91,-6.11420385379655e-15,3.9872098561305814e-18
573.92,-6.112957099037804e-15,3.33224529239078e-18
573.93,-6.11225345162606e-15,3.4482301007994515e-18
573.94,-6.111638443899604e-15,3.3826181215212107e-18
573.95,-6.111256981526903e-15,3.438609351131404e-18
573.96,-6.1101128381206435e-15,3.379543096733231e-18
573.97,-6.1100289143764116e-15,3.364821096553366e-18
573.98,-6.109519884294172e-15,3.487943832618631e-18
573.99,-6.109825001294461e-15,3.7095703842521215e-18
574.0,-6.108323821847489e-15,3.641125395589301e-18
574.01,-6.107988866317942e-15,3.3392087420873148e-18
574.02,-6.10706015912361e-15,3.299177272748149e-18
574.03,-6.106582108773427e-15,3.265389296229021e-18
574.04,-6.1064613304116166e-15,3.4385358188789764e-18
574.05,-6.105643548601666e-15,3.473499207815976e-18
574.06,-6.1058610216410815e-15,3.2855885321416656e-18
574.07,-6.1044662469210785e-15,3.505101083914513e-18
574.08,-6.104678078035235e-15,3.60656990248848e-18
574.09,-6.104008562543492e-15,3.438601162245362e-18
574.1,-6.104174885948112e-15,3.112374523128524e-18
574.11,-6.102100945763584e-15,3.227651257774118e-18
574.12,-6.101838621080242e-15,3.292335296135651e-18
574.13,-6.1019323924495446e-15,3.3948446532701804e-18
574.14,-6.100934072229815e-15,3.4001192603483513e-18
574.15,-6.0999790772415486e-15,3.267227140646099e-18
574.16,-6.101104907287522e-15,3.820943360793075e-18
574.17,-6.099724511574202e-15,3.3193720466183854e-18
574.18,-6.099339471341564e-15,3.4520639446866705e-18
574.19,-6.098192479227724e-15,3.2011437538759456e-18
574.2,-6.0977953303327674e-15,3.3177148477526965e-18
574.21,-6.096533951419458e-15,3.1108463850948634e-18
574.22,-6.0972529042338895e-15,3.652862007173942e-18
574.23,-6.096826440115331e-15,3.4141023931662687e-18
574.24,-6.096570065231031e-15,3.530037215726955e-18
574.25,-6.0947900233203106e-15,3.3846787983738896e-18
574.26,-6.095340233179571e-15,3.561646781626827e-18
574.27,-6.094686849300962e-15,3.596355234119328e-18
574.28,-6.094004051675136e-15,3.1757506524168185e-18
574.29,-6.093274121021911e-15,3.3254884932527887e-18
574.3,-6.093178904190602e-15,3.417875849581134e-18
574.31,-6.092335904496892e-15,3.42219177799619e-18
574.32,-6.0919238405627425e-15,3.3898990867760285e-18
574.33,-6.091826928089363e-15,3.5507051938137996e-18
574.34,-6.090393148871798e-15,3.3275611663719606e-18
574.35,-6.090215161348074e-15,3.3768635847934055e-18
574.36,-6.090072428868465e-15,3.7318200289847965e-18
574.37,-6.0895558053826215e-15,3.2897544867869195e-18
574.38,-6.0890353734030955e-15,3.478491392817397e-18
574.39,-6.088706790503056e-15,3.535181281775863e-18
574.4,-6.088128149886762e-15,3.618342685076038e-18
574.41,-6.087401571674119e-15,3.410159425217367e-18
574.42,-6.0871258197542966e-15,3.500687483661124e-18
574.43,-6.086250701037812e-15,3.3923419150010787e-18
574.44,-6.085737049723968e-15,3.4612721902789357e-18
574.45,-6.08596651011086e-15,3.725056262605855e-18
574.46,-6.084606943414898e-15,3.2583056841546875e-18
574.47,-6.084412671804308e-15,3.443204720641989e-18
574.48,-6.084028747998489e-15,3.3815776911768524e-18
574.49,-6.083391271662804e-15,3.515145557947509e-18
574.5,-6.082466478288905e-15,3.3505209355121207e-18
574.51,-6.082040307253529e-15,3.4348901766293405e-18
574.52,-6.081740449796147e-15,3.525259745333118e-18
574.53,-6.081123785106882e-15,3.4482440348864017e-18
574.54,-6.080820925123777e-15,3.584816452682699e-18
574.55,-6.080227244534656e-15,3.4041298267274023e-18
574.56,-6.079947453854448e-15,3.501811728903696e-18
574.57,-6.079382573897447e-15,3.4043509121690517e-18
574.58,-6.0785563508217814e-15,3.3702553333278554e-18
574.59,-6.078140937615073e-15,3.4734688128858654e-18
574.6,-6.077450744672903e-15,3.3580694630934963e-18
574.61,-6.076621998731017e-15,3.457462845875491e-18
574.62,-6.076461596902867e-15,3.4613708373796045e-18
574.63,-6.076165936553298e-15,3.662008461807361e-18
574.64,-6.076008285399379e-15,3.380072697883841e-18
574.65,-6.075120189842783e-15,3.4507909256300707e-18
574.66,-6.075540497136537e-15,3.58908331755594e-18
574.67,-6.073802133684169e-15,3.4919025148571176e-18
574.68,-6.073464777759655e-15,3.520988542859521e-18
574.69,-6.0723509202447535e-15,3.2659805935176496e-18
574.7,-6.072591173309355e-15,3.4444304784765893e-18
574.71,-6.0719267549343185e-15,3.549412037031535e-18
574.72,-6.071407189392175e-15,3.483957936242865e-18
574.73,-6.070344457872754e-15,3.1822113393712566e-18
574.74,-6.070340192531332e-15,3.4552698063212e-18
574.75,-6.070298806044773e-15,3.482805173529169e-18
574.76,-6.0689612226520735e-15,3.2295376056285817e-18
574.77,-6.0692067796835205e-15,3.624436915825543e-18
574.78,-6.069185780367032e-15,3.484948211404576e-18
574.79,-6.068869556861516e-15,3.801237091357235e-18
574.8,-6.067022243996833e-15,3.492869709161285e-18
574.81,-6.067004712044693e-15,3.63486919012993e-18
574.82,-6.066574220418652e-15,3.3582868960407836e-18
574.83,-6.065536448428782e-15,3.3469192182460534e-18
574.84,-6.065514134897718e-15,3.621894908239347e-18
574.85,-6.0650394165289345e-15,3.1395460919452306e-18
574.86,-6.064151800727947e-15,3.3593989852597293e-18
574.87,-6.064084074481032e-15,3.678349838491459e-18
574.88,-6.064049911564329e-15,3.813550249650977e-18
574.89,-6.06265524234749e-15,3.474612921989431e-18
574.9,-6.061855352351738e-15,3.444532840473665e-18
574.91,-6.061874264899091e-15,3.4385721013235192e-18
574.92,-6.0613208056924285e-15,3.299313396621101e-18
574.93,-6.0603676618196764e-15,3.4576617677959843e-18
574.94,-6.058186208906098e-15,2.6673418475664933e-18
574.95,-6.0601616808130544e-15,3.715891289309949e-18
574.96,-6.058427105119479e-15,3.092779056487854e-18
574.97,-6.05891734639586e-15,3.621703528803968e-18
574.98,-6.058224136150802e-15,3.6263906443283375e-18
574.99,-6.057144171351088e-15,3.087957097780597e-18
575.0,-6.056735978730616e-15,3.14132085822964e-18
575.01,-6.0572389912259206e-15,3.533323451293787e-18
575.02,-6.057180644894039e-15,3.64503315565292e-18
575.03,-6.055604193997783e-15,3.648160522328108e-18
575.04,-6.054976630028106e-15,3.591248233535557e-18
575.05,-6.054247297792454e-15,3.368720675366636e-18
575.06,-6.054095224789103e-15,3.513140736914899e-18
575.07,-6.053268023905191e-15,3.499851506375458e-18
575.08,-6.052408055658307e-15,3.4195424819426336e-18
575.09,-6.052652941644231e-15,3.675866347698598e-18
575.1,-6.05188409974698e-15,3.3302035946460543e-18
575.11,-6.0520990857797614e-15,3.2591040151030196e-18
575.12,-6.050377294587036e-15,3.3139557852202265e-18
575.13,-6.049996180941447e-15,3.4363660774045367e-18
575.14,-6.0497068285714195e-15,3.3555333786988494e-18
575.15,-6.048752866032091e-15,3.368645963004654e-18
575.16,-6.049075730321668e-15,3.527958576893321e-18
575.17,-6.0479121150759986e-15,3.4384946511705637e-18
575.18,-6.048203838144736e-15,3.375993005968907e-18
575.19,-6.046975392219988e-15,3.310977429361769e-18
575.2,-6.043841405352163e-15,2.66933726221494e-18
575.21,-6.04599468933538e-15,3.3560503330350685e-18
575.22,-6.046210514095613e-15,3.559351096633262e-18
575.23,-6.044968435649201e-15,3.281266199223086e-18
575.24,-6.044219636988939e-15,3.3360854892076807e-18
575.25,-6.043644519531266e-15,3.164966793407445e-18
575.26,-6.0433381593814025e-15,3.3395822533436683e-18
575.27,-6.043551099860413e-15,3.510266964776948e-18
575.28,-6.042562605960856e-15,3.296049570102458e-18
575.29,-6.0390815775539e-15,1.3834512697229e-18
575.3,-6.04159351414058e-15,3.4818844890223794e-18
575.31,-6.041471071393539e-15,3.59751284273358e-18
575.32,-6.04076847939574e-15,3.4389591999010303e-18
575.33,-6.039593980770241e-15,3.3305262400736904e-18
575.34,-6.040952205375684e-15,4.021688577733596e-18
575.35,-6.039121321009366e-15,3.4482312564221274e-18
575.36,-6.039033099545742e-15,3.3646752545493266e-18
575.37,-6.038306133844837e-15,3.3998406787949105e-18
575.38,-6.035724094484927e-15,2.157569156770792e-18
575.39,-6.036563313505734e-15,3.3025556778464395e-18
575.4,-6.035861650686492e-15,3.305036444013315e-18
575.41,-6.036059819317413e-15,3.309601497978669e-18
575.42,-6.0341158356427215e-15,3.0620195157060982e-18
575.43,-6.0350540727014354e-15,3.47069923057197e-18
575.44,-6.0339863986565e-15,3.311834655465202e-18
575.45,-6.034549483676348e-15,3.669114417499891e-18
575.46,-6.033122525523602e-15,3.410869109058518e-18
575.47,-6.032307254411735e-15,2.874396906696022e-18
575.48,-6.032294882395938e-15,3.0105523458673914e-18
575.49,-6.032189489684792e-15,3.485841821586262e-18
575.5,-6.0305990135474704e-15,2.679114335850736e-18
575.51,-6.0301829431977305e-15,3.2140600809865444e-18
575.52,-6.031171269859545e-15,3.814961851043363e-18
575.53,-6.0300248339806805e-15,3.526409373463093e-18
575.54,-6.029736613546223e-15,3.3248326214330937e-18
575.55,-6.029547504398864e-15,3.5735684712251814e-18
575.56,-6.028747815881148e-15,3.5104127430624434e-18
575.57,-6.027736780165284e-15,3.378133090147532e-18
575.58,-6.02717196494211e-15,3.577521510949668e-18
575.59,-6.026230511212286e-15,3.2298052003410104e-18
575.6,-6.0258252389845045e-15,3.2768618447410034e-18
575.61,-6.025993006606776e-15,3.510306605346714e-18
575.62,-6.025144258489368e-15,3.388369236405248e-18
575.63,-6.02556076934383e-15,3.567699255600517e-18
575.64,-6.025086246265801e-15,4.095880811563784e-18
575.65,-6.0228455117171006e-15,3.093292101612438e-18
575.66,-6.0228710473599695e-15,3.299847393561315e-18
575.67,-6.022563174323085e-15,3.4366648752457097e-18
575.68,-6.021613190919911e-15,3.3961575924221614e-18
575.69,-6.021436233314816e-15,3.2625234878558117e-18
575.7,-6.021262209562652e-15,3.486550309388223e-18
575.71,-6.020049394874219e-15,3.4355255617524432e-18
575.72,-6.0210715191906614e-15,3.574073834776548e-18
575.73,-6.019444960280597e-15,3.3722514008280735e-18
575.74,-6.018822911843077e-15,3.3581284242381012e-18
575.75,-6.017924603646309e-15,3.0440969834081044e-18
575.76,-6.017789506879417e-15,3.1471535129702577e-18
575.77,-6.017086346646492e-15,3.388249488683441e-18
575.78,-6.017450384487828e-15,3.806345149624397e-18
575.79,-6.016356602440571e-15,3.4214652954982775e-18
575.8,-6.015739343377885e-15,3.370709170332653e-18
575.81,-6.0178459711668165e-15,3.6496920942185875e-18
575.82,-6.015012361597791e-15,3.4003252888611963e-18
575.83,-6.014910724149013e-15,3.597346411938464e-18
575.84,-6.0139699079995736e-15,3.1916714031159707e-18
575.85,-6.013114593795789e-15,3.301095085451325e-18
575.86,-6.01325546649278e-15,3.561843904025065e-18
575.87,-6.013296660794995e-15,3.6656964533231124e-18
575.88,-6.010955630718469e-15,3.155002519956766e-18
575.89,-6.011389508581196e-15,3.491642499886721e-18
575.9,-6.014472330486228e-15,4.342119539665742e-18
575.91,-6.010677012777527e-15,3.4216021928142943e-18
575.92,-6.010731451639896e-15,3.67788513415083e-18
575.93,-6.009402382491971e-15,3.315425917295011e-18
575.94,-6.008719366140923e-15,3.44131767366082e-18
575.95,-6.009043757118575e-15,3.587266529681975e-18
575.96,-6.008751572839886e-15,3.650723656725542e-18
575.97,-6.007267012339686e-15,2.956436088969318e-18
575.98,-6.0069127617098165e-15,3.328344483770125e-18
575.99,-6.0088198288772645e-15,5.34291724550442e-18
576.0,-6.00568001265661e-15,3.4331149910400526e-18
576.01,-6.0053352260872435e-15,3.4129593047771598e-18
576.02,-6.004825023445834e-15,3.2521683237843822e-18
576.03,-6.005380263830393e-15,4.045944444187814e-18
576.04,-6.00329464626014e-15,3.0988427105645852e-18
576.05,-6.003350761445752e-15,3.4244087611097088e-18
576.06,-6.0026758664074934e-15,3.3299263713244597e-18
576.07,-6.001984266278152e-15,3.1133249584025455e-18
576.08,-6.002384865274205e-15,5.856191280272251e-18
576.09,-6.001328998932582e-15,3.3041708615651883e-18
576.1,-6.0003055016316064e-15,3.206669346322316e-18
576.11,-5.999862218394208e-15,3.0279446148487748e-18
576.12,-5.999254929935489e-15,3.3358788504976265e-18
576.13,-5.999070658789165e-15,3.569249278946218e-18
576.14,-5.9978454028923895e-15,3.0219118358292784e-18
576.15,-5.997988735364762e-15,3.2900415807559905e-18
576.16,-5.997375767755462e-15,3.1923738735967153e-18
576.17,-5.995081020980063e-15,3.8714396559893015e-18
576.18,-5.996977658775822e-15,3.4337648663392126e-18
576.19,-5.996155095981873e-15,3.3770718551721136e-18
576.2,-5.995403846901268e-15,3.1290229086570177e-18
576.21,-5.9957898762263265e-15,3.203847841821039e-18
576.22,-5.9953740257545355e-15,3.1725997520084885e-18
576.23,-5.9923412971693435e-15,2.7790117599584942e-18
576.24,-5.993426324390354e-15,3.205507950009271e-18
576.25,-5.99386527002608e-15,3.503178222569961e-18
576.26,-5.990553994820744e-15,3.0415599279310058e-18
576.27,-5.992544349477489e-15,3.3055350553079915e-18
576.28,-5.991667403072257e-15,3.2970917137383974e-18
576.29,-5.991063524702288e-15,3.2025631359080846e-18
576.3,-5.9906444822181994e-15,3.2622996164393307e-18
576.31,-5.990610956662026e-15,3.748057312673328e-18
576.32,-5.987170502610349e-15,2.4906636746146698e-18
576.33,-5.9891823929194145e-15,3.3032746289178267e-18
576.34,-5.9884820847901104e-15,3.2831377987360716e-18
576.35,-5.986089326398297e-15,2.4537875912586585e-18
576.36,-5.987969894083538e-15,3.4193088871290704e-18
576.37,-5.986807417731438e-15,3.588019158899913e-18
576.38,-5.9865048276908894e-15,3.224489573528896e-18
576.39,-5.986370022903691e-15,3.2902002478283625e-18
576.4,-5.98608911921166e-15,4.098640582275175e-18
576.41,-5.982619221308257e-15,2.3423766957992886e-18
576.42,-5.9847739763281796e-15,3.4500534608988923e-18
576.43,-5.984769646178155e-15,3.830690837494527e-18
576.44,-5.981801976760558e-15,2.4468589110862067e-18
576.45,-5.983095857182472e-15,3.3451651789192742e-18
576.46,-5.983014265842361e-15,3.989430649060074e-18
576.47,-5.982017596070747e-15,3.22068817261611e-18
576.48,-5.981990188005948e-15,3.52245806677767e-18
576.49,-5.982130865412646e-15,3.875392222564108e-18
576.5,-5.97979487734504e-15,2.1696182654201637e-18
576.51,-5.981011537799278e-15,3.424601166624278e-18
576.52,-5.979941106402731e-15,3.359079841718989e-18
576.53,-5.9783690201734874e-15,2.4364468692624883e-18
576.54,-5.979281415279647e-15,3.076096129452875e-18
576.55,-5.9787120025040355e-15,3.472313964838017e-18
576.56,-5.977782373986217e-15,3.3725359416451325e-18
576.57,-5.977689776491077e-15,3.2743875065113303e-18
576.58,-5.9774702441094585e-15,3.567111350666083e-18
576.59,-5.976291274498343e-15,3.029923797593208e-18
576.6,-5.976400844076791e-15,2.9703886850372876e-18
576.61,-5.97482550676477e-15,3.254056029344093e-18
576.62,-5.974486537915256e-15,2.590893318519479e-18
576.63,-5.973145326765404e-15,2.6974139131841642e-18
576.64,-5.973026357779315e-15,3.0483693169845864e-18
576.65,-5.9731046302959056e-15,3.240028811686736e-18
576.66,-5.971708537223044e-15,2.8740979556143854e-18
576.67,-5.972063780541217e-15,3.3047659135084887e-18
576.68,-5.973124675236839e-15,3.492133468247422e-18
576.69,-5.970415868496652e-15,3.0254113735650082e-18
576.7,-5.970447949507365e-15,3.201768446658825e-18
576.71,-5.96973776450565e-15,2.919505200490956e-18
576.72,-5.9688943624308534e-15,3.0349614825386647e-18
576.73,-5.969561154637169e-15,3.48206370348194e-18
576.74,-5.9685745521312685e-15,3.312515681364803e-18
576.75,-5.967333028136378e-15,3.1244887260627025e-18
576.76,-5.967524092379326e-15,3.3475198355565216e-18
576.77,-5.968180420425898e-15,3.440840028070836e-18
576.78,-5.966298019731807e-15,3.222315003926635e-18
576.79,-5.9661106742386925e-15,3.1491500293965784e-18
576.8,-5.965361626148637e-15,2.9550496752933836e-18
576.81,-5.964575893477753e-15,3.1749965529329833e-18
576.82,-5.964921199594431e-15,3.5761775541636286e-18
576.83,-5.964285786330376e-15,3.3259227480286052e-18
576.84,-5.963732519333333e-15,3.1901384885941565e-18
576.85,-5.962793673990283e-15,3.239812367166773e-18
576.86,-5.9634346095606714e-15,3.5193238027017954e-18
576.87,-5.961644625016055e-15,2.9631707084590425e-18
576.88,-5.961549150798693e-15,3.1335301146104427e-18
576.89,-5.960787361162018e-15,3.0525480975538974e-18
576.9,-5.960174401921964e-15,3.0856044248437915e-18
576.91,-5.96029777485442e-15,3.4993754493387915e-18
576.92,-5.959550829880334e-15,3.226200656551948e-18
576.93,-5.959056527462115e-15,3.3366023924637444e-18
576.94,-5.95874181063027e-15,3.3253973712594507e-18
576.95,-5.9582805181854166e-15,3.3330313124952234e-18
576.96,-5.957220637111617e-15,3.0887711516744942e-18
576.97,-5.9573609870701004e-15,3.1826982317199197e-18
576.98,-5.956168602703673e-15,2.973910200931138e-18
576.99,-5.955699271822264e-15,3.218060393024533e-18
577.0,-5.954877718910884e-15,3.1339267125169347e-18
577.01,-5.9548111245878226e-15,3.176041767170801e-18
577.02,-5.954233692959275e-15,3.1006822285808054e-18
577.03,-5.9537510550593215e-15,3.2322702217084408e-18
577.04,-5.95501657434777e-15,3.4219934020277624e-18
577.05,-5.953026526265688e-15,3.1488264705820513e-18
577.06,-5.9515684862500646e-15,2.9549530914096864e-18
577.07,-5.9513666718389256e-15,2.8474434848955708e-18
577.08,-5.951270598838399e-15,3.2783636426280472e-18
577.09,-5.950508741726683e-15,3.0386330482301243e-18
577.1,-5.950128476581707e-15,2.982192635537245e-18
577.11,-5.949924640392241e-15,3.160534291917009e-18
577.12,-5.9497259384049884e-15,3.265781291128993e-18
577.13,-5.9516758597269126e-15,3.6873170836680126e-18
577.14,-5.948422101688133e-15,3.0636342515519443e-18
577.15,-5.947857194273705e-15,3.2215731481452484e-18
577.16,-5.947956393645634e-15,3.1494094549704475e-18
577.17,-5.94679686751871e-15,3.0039517940769167e-18
577.18,-5.945715175731749e-15,3.361188913134601e-18
577.19,-5.945716001708383e-15,3.1477248643800146e-18
577.2,-5.945222005589416e-15,3.162415223958573e-18
577.21,-5.94500897853191e-15,3.304150213070889e-18
577.22,-5.948040834873961e-15,3.860845726160191e-18
577.23,-5.943511528498642e-15,2.991559358988088e-18
577.24,-5.942538629928782e-15,3.0617602868171552e-18
577.25,-5.9427533437951774e-15,3.0432239738988975e-18
577.26,-5.9422437694528344e-15,2.8543612073216344e-18
577.27,-5.942403111815384e-15,3.3482880596905126e-18
577.28,-5.941387012336839e-15,3.085308020594972e-18
577.29,-5.940246365962229e-15,2.9597504015067645e-18
577.3,-5.942161540996801e-15,3.4014634338959237e-18
577.31,-5.943727657213706e-15,4.4530755095403415e-18
577.32,-5.939215134983119e-15,2.931782742488565e-18
577.33,-5.93970564754928e-15,3.469645540550101e-18
577.34,-5.938491276457483e-15,3.137434688590551e-18
577.35,-5.93887172551998e-15,3.0709976956561357e-18
577.36,-5.937844640707024e-15,3.2433546454156147e-18
577.37,-5.936847568335454e-15,3.0852635717436054e-18
577.38,-5.936801246342953e-15,3.3066497384575006e-18
577.39,-5.9362520187719185e-15,3.1210472055748265e-18
577.4,-5.93838121668267e-15,4.417952692660469e-18
577.41,-5.934900309157426e-15,3.033258285343623e-18
577.42,-5.9347971934473914e-15,3.2854536369570745e-18
577.43,-5.934525309635477e-15,3.0942455159916683e-18
577.44,-5.934480537544415e-15,3.472510583148852e-18
577.45,-5.933478001628436e-15,3.30283988953879e-18
577.46,-5.932771411748065e-15,3.1849441830737637e-18
577.47,-5.934150283516565e-15,3.523886039359646e-18
577.48,-5.9317014526608454e-15,3.1822716534487996e-18
577.49,-5.932224332410338e-15,3.8387716449066886e-18
577.5,-5.930146201591486e-15,2.9862299918776516e-18
577.51,-5.92997557792031e-15,3.096370807726104e-18
577.52,-5.929409792591791e-15,2.8882854985402195e-18
577.53,-5.928372710954424e-15,3.1865062824822425e-18
577.54,-5.927589058736378e-15,2.753523679427748e-18
577.55,-5.9280631058953395e-15,3.305337749916415e-18
577.56,-5.9236059934655495e-15,1.9336603411910912e-18
577.57,-5.926676216952794e-15,3.0995712321875406e-18
577.58,-5.925975662659798e-15,3.8260009654849016e-18
577.59,-5.925686449637881e-15,2.9895888365679294e-18
577.6,-5.9258326250989624e-15,3.19846321519868e-18
577.61,-5.925194762327162e-15,3.1639422187117346e-18
577.62,-5.925023766802466e-15,3.3124068735261402e-18
577.63,-5.92410587021524e-15,3.1515907279214667e-18
577.64,-5.923884455651514e-15,3.3263503155169484e-18
577.65,-5.9214706379306146e-15,2.9683289017581914e-18
577.66,-5.923028935003335e-15,3.2111747310312547e-18
577.67,-5.9210747552510815e-15,3.203966006543509e-18
577.68,-5.921598807930471e-15,3.155126228455822e-18
577.69,-5.92137050183185e-15,3.1552663855545993e-18
577.7,-5.920503965755677e-15,3.105371724335065e-18
577.71,-5.9206576233219705e-15,3.3300131588770387e-18
577.72,-5.919664658957046e-15,3.1374919872522005e-18
577.73,-5.9189335537493654e-15,3.2102829513095463e-18
577.74,-5.913766414807995e-15,2.880192444726787e-18
577.75,-5.917328268650533e-15,2.6516730817214546e-18
577.76,-5.916348870640205e-15,2.6666055413542874e-18
577.77,-5.9177272978575915e-15,3.19271377253146e-18
577.78,-5.916863284190023e-15,3.1485144590420896e-18
577.79,-5.916700300405919e-15,3.2626273551376536e-18
577.8,-5.915406361502756e-15,3.1213135757458657e-18
577.81,-5.915618709925123e-15,3.2001501889153005e-18
577.82,-5.9150544650935e-15,3.1407896409450623e-18
577.83,-5.913831403884008e-15,3.096534287259961e-18
577.84,-5.913680772859272e-15,3.2572732017770854e-18
577.85,-5.9127407378623145e-15,2.8507711323813483e-18
577.86,-5.9132528969881865e-15,3.13507109334586e-18
577.87,-5.912191742899773e-15,3.043381666367184e-18
577.88,-5.911709691456078e-15,3.03116342026692e-18
577.89,-5.911251284270605e-15,3.0366787636382235e-18
577.9,-5.91025479444345e-15,2.956158805022952e-18
577.91,-5.910382104904904e-15,3.1992803797160198e-18
577.92,-5.910198753660033e-15,3.2946545926674387e-18
577.93,-5.909577654985583e-15,3.2860176731094143e-18
577.94,-5.909005430341625e-15,3.3186854025929265e-18
577.95,-5.908521829661061e-15,3.1657080296444814e-18
577.96,-5.907834740931511e-15,3.1339504984912526e-18
577.97,-5.907496808165657e-15,3.1713675422764064e-18
577.98,-5.907007694802498e-15,3.2563439979430466e-18
577.99,-5.9067370585638566e-15,3.083350585160589e-18
578.0,-5.905076386045894e-15,2.7645320642851726e-18
578.01,-5.904109559020413e-15,3.012058131166101e-18
578.02,-5.904884020681642e-15,3.1119656046360523e-18
578.03,-5.904821801524835e-15,3.4458622699583807e-18
578.04,-5.904798703478689e-15,3.4603941358474634e-18
578.05,-5.904137030310595e-15,3.2148419135714994e-18
578.06,-5.903487811888468e-15,3.3077301375418714e-18
578.07,-5.902358403762833e-15,3.143044909819398e-18
578.08,-5.901922800152273e-15,3.2963624392097595e-18
578.09,-5.90219625614513e-15,3.2923542958468115e-18
578.1,-5.901182638242662e-15,3.1843439068681437e-18
578.11,-5.90042105655435e-15,3.3184109494481762e-18
578.12,-5.900444147447729e-15,3.4185227651276174e-18
578.13,-5.8999966353267874e-15,3.2141211599499092e-18
578.14,-5.898576914697062e-15,2.9289382211115886e-18
578.15,-5.89889765284076e-15,3.3153526162856033e-18
578.16,-5.899560672341559e-15,3.581542722933234e-18
578.17,-5.897065172448842e-15,2.953808050488246e-18
578.18,-5.8974334422390675e-15,2.924899339607284e-18
578.19,-5.897559147253365e-15,3.6869728421302165e-18
578.2,-5.8958520683881735e-15,3.0136341572068558e-18
578.21,-5.8958685707549576e-15,3.43128901597898e-18
578.22,-5.894615170287194e-15,2.8911935629056022e-18
578.23,-5.894668203987562e-15,3.1096203741304502e-18
578.24,-5.8951772421429684e-15,3.6597545889483875e-18
578.25,-5.893421860046095e-15,3.206228270239445e-18
578.26,-5.89283795731735e-15,3.11427771413741e-18
578.27,-5.8931574938520805e-15,3.2441081149712144e-18
578.28,-5.8923455615926845e-15,3.3009652103400843e-18
578.29,-5.8915561129186786e-15,3.2113703261591967e-18
578.3,-5.890951844014202e-15,3.3406080376385076e-18
578.31,-5.890647852449312e-15,3.0524510384141216e-18
578.32,-5.890341228716197e-15,3.119535436064846e-18
578.33,-5.8893718899924216e-15,3.0610736618480166e-18
578.34,-5.889342986767128e-15,3.1132910672464833e-18
578.35,-5.888344513696751e-15,3.0135176454803208e-18
578.36,-5.8881576999498894e-15,3.170462168651047e-18
578.37,-5.887384840311341e-15,3.0981339307631833e-18
578.38,-5.88717869879129e-15,3.259974841692599e-18
578.39,-5.887009735535573e-15,3.4168928505768245e-18
578.4,-5.886419413739405e-15,3.082281064668114e-18
578.41,-5.8857049875197946e-15,3.1491178220425237e-18
578.42,-5.885334112431237e-15,3.296094966668423e-18
578.43,-5.884557358493824e-15,3.202825754254924e-18
578.44,-5.8845531301081055e-15,3.2647322608876576e-18
578.45,-5.8839318440332066e-15,3.186164184517216e-18
578.46,-5.883432002271842e-15,3.252927095259277e-18
578.47,-5.8827973177541364e-15,3.217418685679084e-18
578.48,-5.8823964318392735e-15,3.3604677569276678e-18
578.49,-5.881669651370281e-15,3.030983371673698e-18
578.5,-5.881359624584488e-15,3.130136679834873e-18
578.51,-5.881563769775714e-15,3.4233339332838378e-18
578.52,-5.88044797654254e-15,3.253998781655632e-18
578.53,-5.879865418887235e-15,3.1794467465879386e-18
578.54,-5.880171714294057e-15,3.52819575258371e-18
578.55,-5.87872601639812e-15,3.2051350690925587e-18
578.56,-5.878262069665182e-15,3.140885849626592e-18
578.57,-5.877385154818796e-15,3.118453070229956e-18
578.58,-5.877199039346076e-15,3.023657390584378e-18
578.59,-5.8770919248040105e-15,3.171944097147801e-18
578.6,-5.876432309198131e-15,3.0526608957005233e-18
578.61,-5.875928880761026e-15,3.1454798031110313e-18
578.62,-5.87584858690108e-15,3.226526655102113e-18
578.63,-5.874952813458518e-15,3.188264471462714e-18
578.64,-5.873539298906857e-15,2.8174453375277855e-18
578.65,-5.873965865581729e-15,3.170146737110417e-18
578.66,-5.873161174305781e-15,3.2725968908974686e-18
578.67,-5.873077549421004e-15,3.241962923830316e-18
578.68,-5.872410085967577e-15,3.1334594304715906e-18
578.69,-5.871971912741464e-15,3.2646069533691184e-18
578.7,-5.871252857668775e-15,3.3529206193057607e-18
578.71,-5.871214548215191e-15,3.16914837864587e-18
578.72,-5.8705778898665725e-15,3.1593436822315566e-18
578.73,-5.870065824764784e-15,3.1530597262932805e-18
578.74,-5.869534816269549e-15,3.197048495283858e-18
578.75,-5.868026114140764e-15,2.9929537973168355e-18
578.76,-5.8684674126724416e-15,3.1632169874143132e-18
578.77,-5.868196499464565e-15,3.0827608687237594e-18
578.78,-5.867555059841791e-15,3.1576427371710686e-18
578.79,-5.86800956034752e-15,3.8246865380309894e-18
578.8,-5.866834390579341e-15,3.1563975468921418e-18
578.81,-5.866150505007304e-15,3.2877183539485865e-18
578.82,-5.865613715792023e-15,3.139263247305268e-18
578.83,-5.8651410618632385e-15,3.2115054788509602e-18
578.84,-5.863971309636259e-15,3.0119965034860218e-18
578.85,-5.864129819827784e-15,3.231516525402373e-18
578.86,-5.863865655028734e-15,3.301643301566311e-18
578.87,-5.864054364365403e-15,3.414779922082931e-18
578.88,-5.862107393944017e-15,3.181105548875153e-18
578.89,-5.8623962738664525e-15,3.1770007259848675e-18
578.9,-5.861880957414869e-15,3.350820344406227e-18
578.91,-5.860710556890677e-15,3.0911752225523894e-18
578.92,-5.860960821198774e-15,3.2038777202228324e-18
578.93,-5.8601444089299195e-15,3.0156676383203265e-18
578.94,-5.859757901907994e-15,3.538365344164464e-18
578.95,-5.859104847160413e-15,3.209648412300244e-18
578.96,-5.857767323430649e-15,2.9393401616372347e-18
578.97,-5.858862016245491e-15,3.1970344502818813e-18
578.98,-5.857955641284274e-15,3.124832903618655e-18
578.99,-5.8574049328511066e-15,3.1721177965304498e-18
579.0,-5.856848640223258e-15,3.361543728791025e-18
579.01,-5.856426269520324e-15,3.1822830636758368e-18
579.02,-5.856280702413354e-15,3.4064076178688262e-18
579.03,-5.856749192682348e-15,3.493362513379608e-18
579.04,-5.855054414815937e-15,3.2998552533226486e-18
579.05,-5.857768270520964e-15,3.97567600774673e-18
579.06,-5.853784001385676e-15,3.0538281746569538e-18
579.07,-5.85307896292493e-15,3.0159142876350564e-18
579.08,-5.853037553591587e-15,3.432552426733408e-18
579.09,-5.852753556218928e-15,3.2756645772576523e-18
579.1,-5.851645587876193e-15,3.0185293443021534e-18
579.11,-5.852425942446866e-15,3.41281084623169e-18
579.12,-5.852300047506547e-15,3.993270241011586e-18
579.13,-5.8505986831717244e-15,3.6953378653158754e-18
579.14,-5.8497190462164986e-15,4.723925116108742e-18
579.15,-5.849543965903984e-15,3.312552646019041e-18
579.16,-5.848281906422389e-15,2.8628552617427807e-18
579.17,-5.848510498874777e-15,3.2262852284369916e-18
579.18,-5.847989741068635e-15,3.2220942776258666e-18
579.19,-5.847803717666578e-15,3.3636471408414527e-18
579.2,-5.847185006033319e-15,3.2868486311116294e-18
579.21,-5.848923859083178e-15,4.042427935202326e-18
579.22,-5.8465457432113505e-15,3.2514762021693157e-18
579.23,-5.845850169515172e-15,4.357642362531281e-18
579.24,-5.8451546201663225e-15,3.1852935267027876e-18
579.25,-5.844242170652524e-15,2.963046301425705e-18
579.26,-5.8444722827547856e-15,3.2988435708367115e-18
579.27,-5.84416425004871e-15,3.3439286252676423e-18
579.28,-5.842987594999701e-15,3.2779847611096533e-18
579.29,-5.8425503861590104e-15,3.3055033318989084e-18
579.3,-5.845529734275276e-15,4.042312533021008e-18
579.31,-5.84212320057118e-15,3.1989554283090272e-18
579.32,-5.841898614191566e-15,3.794291122922106e-18
579.33,-5.84138934439016e-15,3.441200652383412e-18
579.34,-5.84056373200618e-15,3.389590939686742e-18
579.35,-5.8400337362576885e-15,3.3748995488946473e-18
579.36,-5.839504004159152e-15,3.6813673543976085e-18
579.37,-5.8386442062662975e-15,3.1645825426802097e-18
579.38,-5.838134198140223e-15,3.307366897609414e-18
579.39,-5.840405985648068e-15,3.838592265489824e-18
579.4,-5.836533404139454e-15,2.976718122850653e-18
579.41,-5.836174672849251e-15,2.8587912143100812e-18
579.42,-5.8362202759946826e-15,3.198136603949958e-18
579.43,-5.8365207536512414e-15,3.094606203627838e-18
579.44,-5.835717301881326e-15,3.776995365680284e-18
579.45,-5.8345759730237135e-15,3.070877923027816e-18
579.46,-5.8338488723092705e-15,2.834331411128014e-18
579.47,-5.833505598869424e-15,3.069686560041731e-18
579.48,-5.835417642634429e-15,3.58027157748486e-18
579.49,-5.832177250651531e-15,2.770874412212695e-18
579.5,-5.832329154369918e-15,3.2319976474708258e-18
579.51,-5.831740268756543e-15,3.1119584592069852e-18
579.52,-5.831872410226845e-15,3.368243665184814e-18
579.53,-5.8318490603298634e-15,3.637634255799628e-18
579.54,-5.8301947898534384e-15,3.148447323394193e-18
579.55,-5.8299044030993504e-15,3.2498328727587127e-18
579.56,-5.829108076231388e-15,3.0666312532466758e-18
579.57,-5.83053960924299e-15,3.562337409937267e-18
579.58,-5.829192753994271e-15,3.530375445472829e-18
579.59,-5.82869424699329e-15,3.4383830984318343e-18
579.6,-5.827418436397282e-15,3.2749201519338423e-18
579.61,-5.827656303281682e-15,3.3334923498600022e-18
579.62,-5.8267773064717755e-15,3.3482822231904107e-18
579.63,-5.825718731804529e-15,3.2270269191294245e-18
579.64,-5.824948015111767e-15,3.2396372422791872e-18
579.65,-5.8249606764973635e-15,3.046403486171319e-18
579.66,-5.8241870361135926e-15,3.0575317965684025e-18
579.67,-5.824292108545454e-15,3.3673443205975106e-18
579.68,-5.823779278403633e-15,3.2595826198282285e-18
579.69,-5.8235640999616175e-15,3.506310648813465e-18
579.7,-5.822839739777424e-15,3.286899878988308e-18
579.71,-5.822667263678527e-15,3.3582381650465747e-18
579.72,-5.821878776352878e-15,3.2486462028276686e-18
579.73,-5.821407347594836e-15,3.232547504799082e-18
579.74,-5.82063581433834e-15,3.171190788616465e-18
579.75,-5.8195570370220264e-15,2.993445131532562e-18
579.76,-5.819702292298805e-15,3.2103708765804178e-18
579.77,-5.818899472087279e-15,3.1322363190629444e-18
579.78,-5.818736472383808e-15,3.2344414337120767e-18
579.79,-5.8186255209444665e-15,3.2648019668678766e-18
579.8,-5.817707510684543e-15,3.007335854064296e-18
579.81,-5.816966897267834e-15,3.0644391120711895e-18
579.82,-5.817233285182775e-15,3.401177049388074e-18
579.83,-5.815917418207955e-15,2.917214516744808e-18
579.84,-5.81558495626938e-15,3.0196385504051105e-18
579.85,-5.815327392681818e-15,3.257686183774856e-18
579.86,-5.814803539197062e-15,3.2170403697285888e-18
579.87,-5.813847581495852e-15,3.2750289563496082e-18
579.88,-5.813886364219247e-15,3.2349380170719507e-18
579.89,-5.813350969804135e-15,3.307833433726519e-18
579.9,-5.81277415064211e-15,3.0924816983698052e-18
579.91,-5.812711416910539e-15,3.199308224192941e-18
579.92,-5.811424852126773e-15,3.038027272350629e-18
579.93,-5.812301111801848e-15,3.1135372904434537e-18
579.94,-5.8113745547685715e-15,3.4150910728959555e-18
579.95,-5.810861543140457e-15,3.245937399578704e-18
579.96,-5.8097059814749374e-15,3.2239714006413566e-18
579.97,-5.809446167067609e-15,3.0537980378922646e-18
579.98,-5.809118037884411e-15,3.2437016427968743e-18
579.99,-5.808027794837468e-15,3.080909268144549e-18
580.0,-5.808291323826035e-15,3.2700019977100444e-18
580.01,-5.807524998120485e-15,3.1143518951604624e-18
580.02,-5.808849501575418e-15,3.306927045343859e-18
580.03,-5.80674455464691e-15,3.324111535790498e-18
580.04,-5.8058713223574015e-15,3.1875157822624834e-18
580.05,-5.805957507437987e-15,3.348761209700281e-18
580.06,-5.804921197952463e-15,3.184173355497505e-18
580.07,-5.804773914985158e-15,3.1735434683990646e-18
580.08,-5.803134482317893e-15,2.8148978646283326e-18
580.09,-5.803610787295524e-15,3.1510757807193684e-18
580.1,-5.803262491421581e-15,3.2398135994096804e-18
580.11,-5.8049584638269e-15,2.968304755853092e-18
580.12,-5.802290451747671e-15,3.2904057374982353e-18
580.13,-5.801602510058527e-15,3.202353162769786e-18
580.14,-5.801329631941385e-15,3.3287102557906133e-18
580.15,-5.801214650481499e-15,3.5875581652428954e-18
580.16,-5.800536725227333e-15,2.889010530585542e-18
580.17,-5.799731269564779e-15,3.0109826682611927e-18
580.18,-5.799012585268715e-15,3.2538729593860492e-18
580.19,-5.798955457559639e-15,2.9803613274710493e-18
580.2,-5.800636442429333e-15,3.181411213771715e-18
580.21,-5.797746916558175e-15,3.428765360913117e-18
580.22,-5.7984463623228175e-15,3.0842435623696355e-18
580.23,-5.79695126561863e-15,3.2694892882926635e-18
580.24,-5.796623429672117e-15,3.316947108855491e-18
580.25,-5.796770606591228e-15,3.685695048099436e-18
580.26,-5.795089332675264e-15,2.8813081271976485e-18
580.27,-5.7949137018261075e-15,3.2472524086618003e-18
580.28,-5.7953576649703814e-15,3.827764024671787e-18
580.29,-5.794617979640589e-15,2.927224512989863e-18
580.3,-5.7941907758877086e-15,3.618790684297147e-18
580.31,-5.7933963371529045e-15,3.677391238554974e-18
580.32,-5.792518482044621e-15,3.2775712943770124e-18
580.33,-5.792687474367841e-15,3.528424282299662e-18
580.34,-5.792128587901322e-15,3.774615175679816e-18
580.35,-5.7916057698024166e-15,2.7883270247611955e-18
580.36,-5.79083809913296e-15,3.3725766233021758e-18
580.37,-5.790316959815462e-15,3.624559601010056e-18
580.38,-5.7897863878454375e-15,2.854013149517021e-18
580.39,-5.788961286386229e-15,3.3177246567633436e-18
580.4,-5.788100469191518e-15,3.350395110214591e-18
580.41,-5.788107485860153e-15,3.2716305912200834e-18
580.42,-5.78758887298712e-15,3.1268614971314705e-18
580.43,-5.7871572413684035e-15,3.311786143733873e-18
580.44,-5.785141485380634e-15,2.2292749313007254e-18
580.45,-5.786100669342858e-15,3.1355334321684725e-18
580.46,-5.785521778588625e-15,3.2887637704664498e-18
580.47,-5.7836019885173675e-15,2.6843747315214773e-18
580.48,-5.7849358418847185e-15,3.146927362562647e-18
580.49,-5.784436023212111e-15,3.275912318797411e-18
580.5,-5.7837464653574045e-15,3.271175060144587e-18
580.51,-5.783195369314857e-15,3.012595877034217e-18
580.52,-5.782852171571061e-15,3.4037074544725792e-18
580.53,-5.781165965193163e-15,1.960445069859007e-18
580.54,-5.7811359892735615e-15,2.8831497018483453e-18
580.55,-5.7810067223031585e-15,3.0815867498976412e-18
580.56,-5.778915331248864e-15,2.4126873711180602e-18
580.57,-5.780127967097777e-15,3.1608265253000503e-18
580.58,-5.780356043743289e-15,3.510345472605066e-18
580.59,-5.77941382872379e-15,3.2949849573859837e-18
580.6,-5.777597150861207e-15,2.8676320103003077e-18
580.61,-5.778740232259444e-15,3.4843185180325285e-18
580.62,-5.775956517969339e-15,1.4824456132829661e-18
580.63,-5.775508371197147e-15,2.911781469163715e-18
580.64,-5.776815150895538e-15,3.1755225617532272e-18
580.65,-5.775019838146015e-15,2.649153470676707e-18
580.66,-5.775731686209614e-15,3.304120530580578e-18
580.67,-5.7743230954288884e-15,2.9280819286033027e-18
580.68,-5.775011730276785e-15,3.27006547967873e-18
580.69,-5.773414620576201e-15,3.0080938179988056e-18
580.7,-5.774674431456198e-15,3.4920867364883396e-18
580.71,-5.77088681775122e-15,1.5741552630002187e-18
580.72,-5.772298669646477e-15,2.839474061578639e-18
580.73,-5.772301680806855e-15,3.0936852073741246e-18
580.74,-5.771237800182743e-15,2.880041779860923e-18
580.75,-5.771826195971134e-15,3.2576772379019848e-18
580.76,-5.7707853676170564e-15,2.8715812224360877e-18
580.77,-5.77050588581591e-15,3.2283176488144397e-18
580.78,-5.770259887145183e-15,3.325270263297108e-18
580.79,-5.769785827381008e-15,3.4083840950765077e-18
580.8,-5.764775373371356e-15,2.9043158084697436e-18
580.81,-5.768763023181913e-15,3.1530614677579372e-18
580.82,-5.768043550320953e-15,3.1138365232558412e-18
580.83,-5.767517143618425e-15,3.036235398427182e-18
580.84,-5.767112666262623e-15,3.3757131920409084e-18
580.85,-5.766604049623681e-15,2.9755795646327666e-18
580.86,-5.766203956306941e-15,3.0777220860815757e-18
580.87,-5.765773347347152e-15,3.1777453551026962e-18
580.88,-5.7654499004887394e-15,3.283414190820303e-18
580.89,-5.761363845860694e-15,3.982479006514974e-18
580.9,-5.764243709010621e-15,3.1088190908018344e-18
580.91,-5.763796213739999e-15,3.498586376273554e-18
580.92,-5.7637747243731444e-15,3.382756208030623e-18
580.93,-5.762945058492943e-15,3.2687186398918956e-18
580.94,-5.762791970896921e-15,3.5202519880923365e-18
580.95,-5.762180660532688e-15,3.4104768966729396e-18
580.96,-5.761524715733669e-15,3.2836204566978876e-18
580.97,-5.760692414113271e-15,3.2033238352638704e-18
580.98,-5.758526846783219e-15,4.091367518646354e-18
580.99,-5.759460438626353e-15,2.9497824208611962e-18
581.0,-5.760040292823395e-15,3.513850708411046e-18
581.01,-5.759142467401494e-15,3.233650481739704e-18
581.02,-5.758287717586026e-15,3.4031884758219294e-18
581.03,-5.7583736232607974e-15,3.36596590735081e-18
581.04,-5.7578426582242426e-15,3.3333210185954545e-18
581.05,-5.757195641336312e-15,3.2458118345529935e-18
581.06,-5.756715249467623e-15,3.30125310599112e-18
581.07,-5.755638030521257e-15,4.004546691822196e-18
581.08,-5.755348302059503e-15,3.209230713287154e-18
581.09,-5.755317278261861e-15,3.07285014359982e-18
581.1,-5.754354792572696e-15,3.003427875198571e-18
581.11,-5.754199268677624e-15,3.460418063477056e-18
581.12,-5.753651071772989e-15,3.3730122266993972e-18
581.13,-5.753831323643767e-15,3.440070038972684e-18
581.14,-5.75279497922205e-15,3.2570085302186657e-18
581.15,-5.752339969913088e-15,3.2252049342446655e-18
581.16,-5.751576314674738e-15,3.665516379321464e-18
581.17,-5.751191985115289e-15,3.080686916757621e-18
581.18,-5.750906316528851e-15,3.0343960731463916e-18
581.19,-5.750529184142535e-15,3.314732653814681e-18
581.2,-5.749490405187062e-15,3.4052629130495376e-18
581.21,-5.749437078797539e-15,3.0501728566674936e-18
581.22,-5.748696297330477e-15,3.2226676091815185e-18
581.23,-5.7486094768907034e-15,3.4437021981678704e-18
581.24,-5.7466781971158015e-15,2.7656788653655527e-18
581.25,-5.747126025415011e-15,3.556671302172787e-18
581.26,-5.746900005639845e-15,3.1121118671298186e-18
581.27,-5.746284339883236e-15,3.132040840576799e-18
581.28,-5.7463223735036526e-15,3.500401395299687e-18
581.29,-5.745345726811044e-15,2.96914535668266e-18
581.3,-5.744861609175947e-15,3.2201585898964836e-18
581.31,-5.744855340814892e-15,3.2647933274759335e-18
581.32,-5.7437800413103954e-15,3.239467720410636e-18
581.33,-5.7420588773941466e-15,2.705041274032169e-18
581.34,-5.74314374420254e-15,3.766096811712765e-18
581.35,-5.742505352768121e-15,3.092146066997678e-18
581.36,-5.742201965431523e-15,3.22890808642933e-18
581.37,-5.742136454722469e-15,3.3217244685317763e-18
581.38,-5.741417672967576e-15,3.282042490137853e-18
581.39,-5.740776453374019e-15,3.2776677850525916e-18
581.4,-5.740668559234651e-15,3.724083189081198e-18
581.41,-5.740732077285805e-15,3.824286898485593e-18
581.42,-5.739185327202892e-15,3.376375468364127e-18
581.43,-5.7395069091627044e-15,3.8649135063936834e-18
581.44,-5.738542936411983e-15,3.2176257477751633e-18
581.45,-5.738268596798134e-15,3.306660388505199e-18
581.46,-5.738202173845972e-15,3.743823037465402e-18
581.47,-5.737517979626346e-15,3.3221372714857054e-18
581.48,-5.736771197234666e-15,3.38193827941736e-18
581.49,-5.7364335258554425e-15,3.2540103131322118e-18
581.5,-5.739292202164418e-15,5.099386063526691e-18
581.51,-5.734844821407879e-15,3.2143612224589395e-18
581.52,-5.73418730244119e-15,3.4113314613423314e-18
581.53,-5.734679062197523e-15,3.473667264026376e-18
581.54,-5.732470557274878e-15,2.6127313184880723e-18
581.55,-5.7336843137373395e-15,3.2856697624893706e-18
581.56,-5.732114665138159e-15,3.0507893125121236e-18
581.57,-5.732001286244403e-15,3.206114610049383e-18
581.58,-5.731820835633512e-15,3.2038986249736294e-18
581.59,-5.7340029567497e-15,4.9863862987905494e-18
581.6,-5.7304367923650696e-15,3.2689802487474292e-18
581.61,-5.729928167617022e-15,3.2751330424335558e-18
581.62,-5.729760280836863e-15,3.165917864813702e-18
581.63,-5.729395977817379e-15,3.2735094139013915e-18
581.64,-5.729332665898742e-15,3.2461036122957884e-18
581.65,-5.72855122852937e-15,3.313907123210556e-18
581.66,-5.727702203914032e-15,3.2237573026489137e-18
581.67,-5.72729664982069e-15,3.297245837836596e-18
581.68,-5.726663662712324e-15,3.4622918562770974e-18
581.69,-5.726282450617636e-15,3.424084306022776e-18
581.7,-5.725490977951017e-15,3.449739371660472e-18
581.71,-5.725367446820163e-15,3.3491721311140778e-18
581.72,-5.724910030461201e-15,3.1365134931752486e-18
581.73,-5.7244859109091054e-15,3.1526230170370398e-18
581.74,-5.723834516422425e-15,3.161630859351412e-18
581.75,-5.72277079850967e-15,2.910384124795443e-18
581.76,-5.7227821406505474e-15,3.1745831583444787e-18
581.77,-5.721428146261282e-15,2.981119442276326e-18
581.78,-5.721878298512493e-15,3.1166253430405863e-18
581.79,-5.7211851889872236e-15,2.8895601032867515e-18
581.8,-5.72108851154838e-15,3.1545748360899257e-18
581.81,-5.720616271250891e-15,2.939776065788614e-18
581.82,-5.719906230453192e-15,3.0665358942334934e-18
581.83,-5.719492020730212e-15,3.1053036450208044e-18
581.84,-5.719091736635939e-15,3.0010976738436483e-18
581.85,-5.71883144327238e-15,3.1654348537668988e-18
581.86,-5.71789062595073e-15,3.0016704737970703e-18
581.87,-5.7171890877170384e-15,3.0758334363289025e-18
581.88,-5.716683714199776e-15,3.2714728173263448e-18
581.89,-5.718224455515687e-15,3.910779930528579e-18
581.9,-5.716033777894586e-15,2.984971883848874e-18
581.91,-5.715205469686456e-15,2.9387246965238017e-18
581.92,-5.715240461501895e-15,3.2688348945062083e-18
581.93,-5.714606385815398e-15,2.959353693738445e-18
581.94,-5.714994697591872e-15,3.702913113215818e-18
581.95,-5.714505588994307e-15,3.2670371728265942e-18
581.96,-5.7133407475238805e-15,3.2889470000499768e-18
581.97,-5.712227098279621e-15,3.0396124534559193e-18
581.98,-5.7128368461688e-15,3.2365655332909938e-18
581.99,-5.711872076079802e-15,3.1342294626192545e-18
582.0,-5.710997735041822e-15,2.928133154823576e-18
582.01,-5.710762808959888e-15,3.025082122209526e-18
582.02,-5.71037873254605e-15,3.1167702540166503e-18
582.03,-5.710857454583943e-15,3.4492360578319633e-18
582.04,-5.708277388658944e-15,2.6096310054195875e-18
582.05,-5.7089326409095375e-15,3.183703340252477e-18
582.06,-5.708445534082151e-15,3.1478388238925423e-18
582.07,-5.708216621662094e-15,3.2035978338873985e-18
582.08,-5.7078736958732536e-15,3.2284134091622916e-18
582.09,-5.706839760199425e-15,3.149601897544459e-18
582.1,-5.706168098709792e-15,2.9109012207211115e-18
582.11,-5.7063990815370095e-15,3.1004622486690504e-18
582.12,-5.705044773073776e-15,3.2636804543477575e-18
582.13,-5.704854445231336e-15,2.855484857704208e-18
582.14,-5.704522614694027e-15,3.0337685643725085e-18
582.15,-5.704027825180192e-15,3.0802505429452826e-18
582.16,-5.704124158560491e-15,3.344806398889914e-18
582.17,-5.703634591816066e-15,3.299517451438895e-18
582.18,-5.7027811335328194e-15,3.2416450811220726e-18
582.19,-5.702255820749195e-15,3.034330415136785e-18
582.2,-5.701726238427678e-15,3.052107134953226e-18
582.21,-5.701170779969826e-15,3.031540130615438e-18
582.22,-5.700982829292994e-15,3.103294004285966e-18
582.23,-5.7003975524809665e-15,3.0781763785620572e-18
582.24,-5.69992603308876e-15,2.990314384697251e-18
582.25,-5.699547919003876e-15,3.1784710365768936e-18
582.26,-5.699240316745525e-15,3.1800560560161274e-18
582.27,-5.699263751552732e-15,3.306248404808494e-18
582.28,-5.698262404933363e-15,3.2098458402578618e-18
582.29,-5.697311801176454e-15,2.979487509532822e-18
582.3,-5.696985582714112e-15,3.1345119744483116e-18
582.31,-5.696359293921792e-15,3.1053441826528752e-18
582.32,-5.696252503365877e-15,3.0432783483286553e-18
582.33,-5.695427036203304e-15,3.1859223697482384e-18
582.34,-5.6956795346299315e-15,3.3455291408196913e-18
582.35,-5.694866369857218e-15,3.1310053939704242e-18
582.36,-5.694775458737504e-15,3.224589236966663e-18
582.37,-5.6939473059615456e-15,3.035805542337267e-18
582.38,-5.693169230867528e-15,3.1358529477846956e-18
582.39,-5.692438536556511e-15,3.0221956382221415e-18
582.4,-5.692021699221924e-15,3.0581207223160322e-18
582.41,-5.691578364865928e-15,3.0559441221459716e-18
582.42,-5.690808306404086e-15,3.0135067885777438e-18
582.43,-5.691164168251589e-15,3.3043554302255038e-18
582.44,-5.690394378174885e-15,3.119893735440482e-18
582.45,-5.689555229084915e-15,3.0059715484190914e-18
582.46,-5.689212687138688e-15,2.899955105402772e-18
582.47,-5.689220865820811e-15,3.1292534154909174e-18
582.48,-5.688211068977743e-15,2.9441139486648116e-18
582.49,-5.688496227362298e-15,3.070966002065751e-18
582.5,-5.6870724142984075e-15,3.0008455516787062e-18
582.51,-5.686634798660104e-15,2.9772627715829262e-18
582.52,-5.686625989779468e-15,2.9101979892382166e-18
582.53,-5.6859895126195294e-15,2.9845354602728795e-18
582.54,-5.686151541752931e-15,3.289154652332483e-18
582.55,-5.685752102050214e-15,3.1910247392840646e-18
582.56,-5.684619918908943e-15,3.1432996344392335e-18
582.57,-5.683915810512495e-15,2.8883633226446683e-18
582.58,-5.6835524936991386e-15,3.0997011557459383e-18
582.59,-5.682901858745133e-15,3.1046110934372185e-18
582.6,-5.682258173774094e-15,2.781116304987818e-18
582.61,-5.6827097421752e-15,3.2872058664929083e-18
582.62,-5.681831996273392e-15,3.0864444485202715e-18
582.63,-5.681752307266196e-15,3.311515679909713e-18
582.64,-5.682767872388134e-15,3.019285362731144e-18
582.65,-5.679895642679435e-15,2.984867275904789e-18
582.66,-5.680166811983725e-15,2.980244484513408e-18
582.67,-5.679728007625964e-15,3.2647342893490598e-18
582.68,-5.678690684344447e-15,3.018823442258948e-18
582.69,-5.678394911361558e-15,2.9413803625886123e-18
582.7,-5.6782948327153296e-15,3.3155060300010315e-18
582.71,-5.6778095605141124e-15,3.1891393892040666e-18
582.72,-5.677917628769665e-15,3.3069946707293217e-18
582.73,-5.676371614051931e-15,2.575948197854067e-18
582.74,-5.6762381453414826e-15,3.109710163563669e-18
582.75,-5.675651434567594e-15,2.8965629908122326e-18
582.76,-5.675340638777575e-15,3.128059123558229e-18
582.77,-5.674333216370354e-15,2.8234725338023296e-18
582.78,-5.674126475573912e-15,2.910067369910186e-18
582.79,-5.674103531826364e-15,3.1116809112367783e-18
582.8,-5.6734292548982635e-15,3.2377127879710474e-18
582.81,-5.6741378115890206e-15,3.529226761272518e-18
582.82,-5.673320727027789e-15,3.1672910768368127e-18
582.83,-5.6715156883575225e-15,3.2338767189045884e-18
582.84,-5.671735233929526e-15,2.9870786679794127e-18
582.85,-5.67090181668745e-15,3.0984461158176907e-18
582.86,-5.669999920632637e-15,2.8737511324223775e-18
582.87,-5.670251507513942e-15,2.5673211462446968e-18
582.88,-5.669686523756044e-15,2.9593066701115726e-18
582.89,-5.668764767567202e-15,3.148909959515154e-18
582.9,-5.671848430108939e-15,3.66598966012539e-18
582.91,-5.6676651904266934e-15,2.941284016464605e-18
582.92,-5.668008110865677e-15,2.9153851173386207e-18
582.93,-5.66717745008427e-15,3.129289255855152e-18
582.94,-5.666220659434117e-15,2.834726418177316e-18
582.95,-5.666273956869091e-15,3.0483906516380775e-18
582.96,-5.6657946953222095e-15,2.9785739996813734e-18
582.97,-5.665144068082755e-15,3.212320553953002e-18
582.98,-5.665071474714378e-15,3.0615124151003457e-18
582.99,-5.662221194168309e-15,2.3270949068872686e-18
583.0,-5.663890578889422e-15,3.0232117404579615e-18
583.01,-5.6639175119396855e-15,3.1383494687564075e-18
583.02,-5.663403269275071e-15,3.18802299082114e-18
583.03,-5.661970829871665e-15,2.7782854854673978e-18
583.04,-5.661905059773636e-15,2.9460779542840965e-18
583.05,-5.6615089108925766e-15,2.8494850904853785e-18
583.06,-5.6615124322593106e-15,3.298331488072775e-18
583.07,-5.66106145164439e-15,3.333019045359096e-18
583.08,-5.663694500052424e-15,2.8762971010902637e-18
583.09,-5.660159835993254e-15,3.0050824240755298e-18
583.1,-5.65941529281015e-15,3.183730336788956e-18
583.11,-5.659219336288007e-15,2.9603919111799136e-18
583.12,-5.657404443468824e-15,2.6677417393530657e-18
583.13,-5.6577752720723355e-15,3.1265875890830625e-18
583.14,-5.657071865096197e-15,2.844618990098845e-18
583.15,-5.657404781355096e-15,3.4799471319724755e-18
583.16,-5.656636065373453e-15,3.1642159899100884e-18
583.17,-5.655326850803099e-15,3.071098144319632e-18
583.18,-5.654942826197177e-15,2.7596809351233697e-18
583.19,-5.654994188686664e-15,2.9750749269330312e-18
583.2,-5.654453006048317e-15,2.9895775702342143e-18
583.21,-5.653359815871552e-15,2.5465576347085748e-18
583.22,-5.653614814843951e-15,2.989513854850286e-18
583.23,-5.652803964828483e-15,2.838050532443525e-18
583.24,-5.652750118730244e-15,3.0419504394000927e-18
583.25,-5.652198032586314e-15,2.9868122138815735e-18
583.26,-5.6511442810578836e-15,3.2043020871050375e-18
583.27,-5.652235807349688e-15,3.1434806683001817e-18
583.28,-5.651077187285708e-15,3.160927224690749e-18
583.29,-5.65060804442245e-15,3.0502579988598313e-18
583.3,-5.6498189121374085e-15,2.9720653850603138e-18
583.31,-5.649456266821133e-15,3.09111153746439e-18
583.32,-5.648791399152691e-15,2.850372743509844e-18
583.33,-5.649106440075479e-15,3.617985307447059e-18
583.34,-5.6489129519976e-15,3.2196365346538854e-18
583.35,-5.647550422110794e-15,3.159275199015454e-18
583.36,-5.647267372240249e-15,3.171816696132818e-18
583.37,-5.64568012188105e-15,2.9409248063350757e-18
583.38,-5.6462153066860495e-15,2.8149923792391634e-18
583.39,-5.645787354163925e-15,2.9584675787795663e-18
583.4,-5.6452921763793015e-15,2.940386303019356e-18
583.41,-5.644837635413879e-15,2.8782085123178634e-18
583.42,-5.644451674946449e-15,3.553875428587293e-18
583.43,-5.642754725023368e-15,2.88109294098727e-18
583.44,-5.643439095416638e-15,2.922326535690482e-18
583.45,-5.642797592212237e-15,3.041929313806616e-18
583.46,-5.64230248847646e-15,2.990722576136786e-18
583.47,-5.642049795005264e-15,2.737808023185519e-18
583.48,-5.641549021586113e-15,3.0247599154393007e-18
583.49,-5.6411284805932775e-15,2.731967633619306e-18
583.5,-5.64004720946403e-15,2.660240615471776e-18
583.51,-5.640490761753769e-15,3.5489646252980306e-18
583.52,-5.639726177578438e-15,2.959098226218318e-18
583.53,-5.638406959612764e-15,2.8726184565845777e-18
583.54,-5.638557063711211e-15,2.914953069804748e-18
583.55,-5.6382713694284274e-15,3.016752782658916e-18
583.56,-5.636534356860263e-15,2.3589443140585413e-18
583.57,-5.637562762611812e-15,3.0721478017410118e-18
583.58,-5.6376521306448126e-15,3.086160641519662e-18
583.59,-5.6356800707283214e-15,2.6900606352485248e-18
583.6,-5.636611862413595e-15,4.054264915835196e-18
583.61,-5.63526832188079e-15,3.0997353800584866e-18
583.62,-5.63454299435257e-15,2.9936596299052126e-18
583.63,-5.635025385497988e-15,3.059380438933594e-18
583.64,-5.633460919677195e-15,2.7181630387451116e-18
583.65,-5.632539423250819e-15,2.864704084410716e-18
583.66,-5.633049025710943e-15,2.9412846314012098e-18
583.67,-5.632016375319654e-15,2.3887079795558498e-18
583.68,-5.631623618782452e-15,2.825938349874281e-18
583.69,-5.630867198329606e-15,4.464102788657369e-18
583.7,-5.630630658973141e-15,2.9850219338432644e-18
583.71,-5.630750915311041e-15,3.0391849473164217e-18
583.72,-5.630163951330455e-15,3.010321089419056e-18
583.73,-5.6290674869421024e-15,2.8124440851077385e-18
583.74,-5.628931808034171e-15,3.064582840041402e-18
583.75,-5.628701038488715e-15,2.8382074700313797e-18
583.76,-5.628723202040415e-15,3.2611703246617823e-18
583.77,-5.628046181345751e-15,2.8897427543348666e-18
583.78,-5.622905189185493e-15,2.1642144069878996e-18
583.79,-5.626938558310129e-15,2.9738315625063363e-18
583.8,-5.626497684803779e-15,2.9787582631443465e-18
583.81,-5.625960089655822e-15,2.9804259911949125e-18
583.82,-5.625793442313499e-15,2.977791545708969e-18
583.83,-5.626593486304858e-15,3.3403170799428356e-18
583.84,-5.624173454043844e-15,2.675837431495985e-18
583.85,-5.623538848325439e-15,2.844530372744537e-18
583.86,-5.62416312904945e-15,3.017781377349639e-18
583.87,-5.619513184829087e-15,1.0260425184490351e-18
583.88,-5.622916210830522e-15,2.9949447982712946e-18
583.89,-5.622529118814441e-15,2.9422471641146587e-18
583.9,-5.621914400558169e-15,3.0961406032919866e-18
583.91,-5.61894759043292e-15,2.6522366990955155e-18
583.92,-5.6194911802156595e-15,2.4921607984042563e-18
583.93,-5.619557407951195e-15,2.546797696164406e-18
583.94,-5.619757360365363e-15,2.98961709863828e-18
583.95,-5.618948878229972e-15,2.685150752093209e-18
583.96,-5.6169596290636266e-15,9.482209293028754e-19
583.97,-5.61875766453969e-15,3.0663433976172047e-18
583.98,-5.617717769354741e-15,2.7629028021912015e-18
583.99,-5.617928098563846e-15,3.000677188329128e-18
584.0,-5.617256475202125e-15,3.2015283820433963e-18
584.01,-5.6171676812963716e-15,3.442476501418816e-18
584.02,-5.6147078346282395e-15,2.3358024513416976e-18
584.03,-5.615784746132633e-15,2.9775700134476146e-18
584.04,-5.6152203180606964e-15,2.9531757603222504e-18
584.05,-5.614434970382256e-15,1.759626070202155e-18
584.06,-5.614863259244029e-15,3.169837878058561e-18
584.07,-5.614422725907813e-15,3.2884683530651556e-18
584.08,-5.613825494613913e-15,3.071257185277673e-18
584.09,-5.6125893500532356e-15,2.7471385422601996e-18
584.1,-5.612513419257891e-15,3.1230250847879403e-18
584.11,-5.610558441493546e-15,2.278650906264001e-18
584.12,-5.611666455877141e-15,2.9045987869976375e-18
584.13,-5.610995075797822e-15,2.8867068880147806e-18
584.14,-5.610632219414398e-15,2.083933102622857e-18
584.15,-5.610098133685817e-15,3.0378522190805803e-18
584.16,-5.6074216562818576e-15,2.3857393911313606e-18
584.17,-5.609290885411048e-15,2.9992975349405265e-18
584.18,-5.609582996863389e-15,3.2317910356173474e-18
584.19,-5.6067121701980526e-15,2.8277170461051822e-18
584.2,-5.606952638042065e-15,2.3013303053870555e-18
584.21,-5.6077608169780325e-15,3.2524682869903226e-18
584.22,-5.604665776958286e-15,2.1811843885628098e-18
584.23,-5.6055508259749165e-15,2.2464466301839263e-18
584.24,-5.606425346142574e-15,3.133985189288706e-18
584.25,-5.6047235983066385e-15,2.5585940570485905e-18
584.26,-5.605299456508704e-15,3.0130257593882835e-18
584.27,-5.6044573793298296e-15,2.9955960057356236e-18
584.28,-5.604012152605235e-15,2.9329858957749e-18
584.29,-5.605958661260442e-15,3.5803833908903596e-18
584.3,-5.603762422754195e-15,3.3666104040939875e-18
584.31,-5.603208536555617e-15,3.0154143816954275e-18
584.32,-5.602442638016025e-15,2.3259076118825786e-18
584.33,-5.601767104353135e-15,2.990496666516812e-18
584.34,-5.602288643548464e-15,3.4006547358484047e-18
584.35,-5.6009524042507825e-15,2.97072838333761e-18
584.36,-5.60034205692052e-15,3.2822900819670104e-18
584.37,-5.6001015416814295e-15,3.0898806689813197e-18
584.38,-5.602316389672029e-15,3.4672711276427265e-18
584.39,-5.59963373215328e-15,3.4714073752943344e-18
584.4,-5.598929356066147e-15,2.9073978056988434e-18
584.41,-5.5999987561039995e-15,3.498546797579233e-18
584.42,-5.598662755138106e-15,3.112891078565597e-18
584.43,-5.597234316489296e-15,2.9382274252932876e-18
584.44,-5.5968748531303765e-15,2.9915456691116717e-18
584.45,-5.5974373323340605e-15,3.516411539824159e-18
584.46,-5.595928644773027e-15,3.0445049737359868e-18
584.47,-5.59796575429683e-15,3.6751778793677935e-18
584.48,-5.595545907497392e-15,2.824583499784471e-18
584.49,-5.594571321549057e-15,3.037628418491737e-18
584.5,-5.593695314103441e-15,3.025174579132681e-18
584.51,-5.5933310484477745e-15,2.662761749179074e-18
584.52,-5.59316971169613e-15,3.152994123313325e-18
584.53,-5.592751301578696e-15,3.053950090874499e-18
584.54,-5.591950814665655e-15,2.618687866432533e-18
584.55,-5.591187035854536e-15,2.9118638863351177e-18
584.56,-5.591841176013279e-15,3.68309830654765e-18
584.57,-5.591591751629856e-15,3.078726781118306e-18
584.58,-5.5902978469959164e-15,2.893561351355411e-18
584.59,-5.5901794846228114e-15,2.945168414729829e-18
584.6,-5.589023341817738e-15,2.424655698543304e-18
584.61,-5.5896894067422755e-15,3.198509771863416e-18
584.62,-5.588489137385657e-15,2.97652381446867e-18
584.63,-5.588313059603973e-15,3.0147050737146933e-18
584.64,-5.587227601264218e-15,2.788913027618116e-18
584.65,-5.586844514817745e-15,3.577881807717334e-18
584.66,-5.587364239714173e-15,3.152495637875937e-18
584.67,-5.586731016044395e-15,3.1207503385766674e-18
584.68,-5.585679148615371e-15,2.9982362920661152e-18
584.69,-5.585309249495845e-15,2.9046204929037994e-18
584.7,-5.584369858423743e-15,3.257618556809594e-18
584.71,-5.5842201400547144e-15,2.9288157372197475e-18
584.72,-5.5839912342808705e-15,3.0637149187014478e-18
584.73,-5.583272943626384e-15,2.922623604442087e-18
584.74,-5.58263884447198e-15,3.5392536481976026e-18
584.75,-5.582630524194878e-15,3.0154079261117494e-18
584.76,-5.582102885152022e-15,3.082466347660696e-18
584.77,-5.581723379307754e-15,2.9921988210447777e-18
584.78,-5.5807285786323295e-15,2.7779271102614287e-18
584.79,-5.5805796816184985e-15,2.8017943383611e-18
584.8,-5.580196949549551e-15,2.819254738526798e-18
584.81,-5.579230097595112e-15,2.8607285597747954e-18
584.82,-5.578991291774267e-15,2.819185038865773e-18
584.83,-5.579004491959457e-15,3.611245709156223e-18
584.84,-5.578672162650242e-15,3.0158878152132194e-18
584.85,-5.578193856528032e-15,3.0158615394763078e-18
584.86,-5.577267582158772e-15,2.873575663665297e-18
584.87,-5.57703198527013e-15,2.8867958217237582e-18
584.88,-5.575874396301727e-15,2.8489946762390366e-18
584.89,-5.575939453181115e-15,2.8899449885664244e-18
584.9,-5.575438944247632e-15,2.8126373039552867e-18
584.91,-5.575251322620729e-15,3.0756331075977552e-18
584.92,-5.576878887412261e-15,4.413514759164198e-18
584.93,-5.574426003680655e-15,2.952675248529858e-18
584.94,-5.573729953927439e-15,2.684908891246772e-18
584.95,-5.573778440563666e-15,3.275455380327065e-18
584.96,-5.573461523601604e-15,2.991260682133158e-18
584.97,-5.571862939739867e-15,2.8059331729329154e-18
584.98,-5.571362972999057e-15,2.9140601415694576e-18
584.99,-5.571584232863636e-15,2.9298779366622105e-18
585.0,-5.570535376443328e-15,2.950971165857701e-18
585.01,-5.573290552176209e-15,4.67842368416625e-18
585.02,-5.5698631058476e-15,2.9132862946031253e-18
585.03,-5.5691415881211346e-15,2.7637552580927624e-18
585.04,-5.56912779952521e-15,2.9807445073581337e-18
585.05,-5.569511834959598e-15,3.25892102018541e-18
585.06,-5.567587891959068e-15,2.9209868431758128e-18
585.07,-5.567316869964679e-15,2.9184737124649223e-18
585.08,-5.5674458412842e-15,3.07890899271911e-18
585.09,-5.566332495990557e-15,2.9064493675535523e-18
585.1,-5.568888791039901e-15,4.484098447443821e-18
585.11,-5.566096874664011e-15,3.0343353184366894e-18
585.12,-5.565036858420536e-15,3.157554406418557e-18
585.13,-5.56516052120338e-15,3.1317286933716325e-18
585.14,-5.564910909522197e-15,3.5997758617048965e-18
585.15,-5.564422922339401e-15,3.3798489733886297e-18
585.16,-5.56372747809034e-15,3.0703450950398284e-18
585.17,-5.563574648016759e-15,3.0601896598368525e-18
585.18,-5.5629135842495255e-15,3.2238931295526418e-18
585.19,-5.563764415715276e-15,4.074167641167056e-18
585.2,-5.561751954707654e-15,3.0995832665502183e-18
585.21,-5.561465707008256e-15,3.1795113176631962e-18
585.22,-5.5615136815490815e-15,3.152829023696004e-18
585.23,-5.559882290129887e-15,3.230680657320285e-18
585.24,-5.559848419688671e-15,2.993554822083692e-18
585.25,-5.559519390929971e-15,3.155922509681296e-18
585.26,-5.559747009487602e-15,3.2022408378386656e-18
585.27,-5.559353358853905e-15,3.3415119507400613e-18
585.28,-5.555786844920931e-15,2.846024066923013e-18
585.29,-5.557601714971529e-15,2.9791165123942896e-18
585.3,-5.556970410476635e-15,3.119814662834365e-18
585.31,-5.5571696709995755e-15,2.9884496370834617e-18
585.32,-5.555805249810535e-15,2.8718195296572235e-18
585.33,-5.55657246898619e-15,3.2047557730086823e-18
585.34,-5.5554809372977924e-15,3.0821423027947997e-18
585.35,-5.553946047159893e-15,2.691482683355364e-18
585.36,-5.5542773107122236e-15,2.9843486586988937e-18
585.37,-5.551080569668127e-15,2.0958216636800108e-18
585.38,-5.553650268285407e-15,3.0622043085167964e-18
585.39,-5.5529672867004596e-15,2.928496527294553e-18
585.4,-5.552315716620745e-15,3.0602996291895234e-18
585.41,-5.5518609345354e-15,3.092156455095021e-18
585.42,-5.55192413230253e-15,3.1220851638635005e-18
585.43,-5.550889835516757e-15,3.0426830707374553e-18
585.44,-5.548378774303064e-15,1.855755858432601e-18
585.45,-5.550075309579565e-15,2.9927298761366986e-18
585.46,-5.547354488963265e-15,2.446253075700964e-18
585.47,-5.5491989845831096e-15,3.062969593945636e-18
585.48,-5.549078264120918e-15,3.100867648489266e-18
585.49,-5.5486211204557325e-15,3.163313380668979e-18
585.5,-5.548227882961485e-15,3.184299708579417e-18
585.51,-5.547918564468389e-15,3.1627126683072954e-18
585.52,-5.546738087341536e-15,2.831812481766363e-18
585.53,-5.544001407647899e-15,1.7036147789928418e-18
585.54,-5.5463977147636864e-15,2.9203643476294857e-18
585.55,-5.544875885607551e-15,2.607186648788761e-18
585.56,-5.545185958698822e-15,3.096291030924761e-18
585.57,-5.5446200115325735e-15,2.6649008891647353e-18
585.58,-5.54451593132495e-15,2.8977114485747444e-18
585.59,-5.5437568481126106e-15,2.9330759000607284e-18
585.6,-5.543642979095818e-15,3.17822169755631e-18
585.61,-5.543049639606279e-15,3.1595498836006983e-18
585.62,-5.5436496908175085e-15,2.8093942833842037e-18
585.63,-5.541514365991752e-15,2.873320398227741e-18
585.64,-5.5420745023064555e-15,3.2857734430916776e-18
585.65,-5.541044611436269e-15,3.2724070557152213e-18
585.66,-5.540864377106653e-15,3.142693442019507e-18
585.67,-5.540146235762354e-15,3.073141031389404e-18
585.68,-5.5397353226103774e-15,3.1403157050513155e-18
585.69,-5.5401399716881814e-15,3.26929002776867e-18
585.7,-5.53909129625513e-15,3.1732198993158465e-18
585.71,-5.538964579472248e-15,3.1513221297736274e-18
585.72,-5.537684688355457e-15,3.0158337787287124e-18
585.73,-5.5373860891934415e-15,3.0118315137963538e-18
585.74,-5.5374996034243314e-15,3.2405606877473296e-18
585.75,-5.536321732344309e-15,3.135867986414167e-18
585.76,-5.536259591549067e-15,3.138393194948653e-18
585.77,-5.535599078930382e-15,3.1937121731239694e-18
585.78,-5.535397580691447e-15,3.2277192037270467e-18
585.79,-5.53418073799658e-15,2.754638193769195e-18
585.8,-5.533712944972488e-15,3.089116426137275e-18
585.81,-5.5338754204334845e-15,3.0491523847087464e-18
585.82,-5.533648926171123e-15,2.9976241137894943e-18
585.83,-5.533476134655548e-15,3.47103183452338e-18
585.84,-5.532210979187345e-15,3.0013968034425273e-18
585.85,-5.5321894384604486e-15,3.3050716329739266e-18
585.86,-5.531656527492355e-15,2.9849919630890773e-18
585.87,-5.530608364449338e-15,3.0368053376286404e-18
585.88,-5.531092745261175e-15,2.7000627525442752e-18
585.89,-5.531261707157474e-15,3.4039800781447253e-18
585.9,-5.5294128424900666e-15,3.0423745063180384e-18
585.91,-5.529212048320763e-15,3.058215988384397e-18
585.92,-5.529773329368523e-15,3.512122873203641e-18
585.93,-5.5285817803394974e-15,3.1013870852156844e-18
585.94,-5.528120300006104e-15,3.413300369603271e-18
585.95,-5.527076437223257e-15,2.9871704737622447e-18
585.96,-5.526767455767322e-15,3.0077276762396204e-18
585.97,-5.526356409795901e-15,3.0443710047083245e-18
585.98,-5.526238142740402e-15,3.2556052288248243e-18
585.99,-5.525611649070325e-15,3.078705403283653e-18
586.0,-5.524900687374263e-15,3.0308599483282896e-18
586.01,-5.5255662982321e-15,3.2597827808374238e-18
586.02,-5.524216253125535e-15,3.0756197985844513e-18
586.03,-5.523164331156202e-15,3.3185430996010505e-18
586.04,-5.522896805231956e-15,2.9663774737054584e-18
586.05,-5.522729849857935e-15,2.950899035676531e-18
586.06,-5.522680671220881e-15,3.2624427224954948e-18
586.07,-5.521318389194535e-15,3.0334848031860582e-18
586.08,-5.521556791760467e-15,3.0738462113563966e-18
586.09,-5.520429612502113e-15,2.827827184397566e-18
586.1,-5.521590392124449e-15,3.41327550357331e-18
586.11,-5.520225963129755e-15,3.1806179250139133e-18
586.12,-5.52017078154956e-15,3.1653427286014507e-18
586.13,-5.519412469747084e-15,3.258134473744733e-18
586.14,-5.518168910843298e-15,2.9636900251207676e-18
586.15,-5.5181400324417416e-15,3.1525279452839025e-18
586.16,-5.517654790132091e-15,3.0376019594981876e-18
586.17,-5.517198022721976e-15,3.1048595678471936e-18
586.18,-5.516653881334782e-15,2.9476161883827462e-18
586.19,-5.5171619506407155e-15,3.39337083322139e-18
586.2,-5.516063818499134e-15,3.104775026504923e-18
586.21,-5.515368730586022e-15,3.0974094503966965e-18
586.22,-5.514670873259897e-15,3.03980414713957e-18
586.23,-5.514910244668126e-15,3.1283812813546974e-18
586.24,-5.513963921307065e-15,3.1177507749752063e-18
586.25,-5.513399024546273e-15,3.042121136638802e-18
586.26,-5.5129843440333045e-15,3.0342189640317653e-18
586.27,-5.511930113389874e-15,2.9115511546702945e-18
586.28,-5.5123244551235825e-15,3.2291050557187544e-18
586.29,-5.5118347851314205e-15,3.1738892726209755e-18
586.3,-5.51133353739064e-15,3.1317923919702006e-18
586.31,-5.510951614796541e-15,3.03979253667306e-18
586.32,-5.5107459191080285e-15,3.164069952800923e-18
586.33,-5.510202552680902e-15,3.1586110935487563e-18
586.34,-5.509500298834779e-15,3.045124490177104e-18
586.35,-5.508985722434057e-15,3.0549653763544427e-18
586.36,-5.507617337461871e-15,2.5806946595660377e-18
586.37,-5.50845656034476e-15,3.197743185651448e-18
586.38,-5.507776884880699e-15,3.1936871222575718e-18
586.39,-5.5073487864604885e-15,3.2543530098902766e-18
586.4,-5.506729851017162e-15,3.038146619289051e-18
586.41,-5.506563479839432e-15,3.2146615811411298e-18
586.42,-5.505614614579266e-15,3.1062458132087524e-18
586.43,-5.506421089964953e-15,3.0906359243511305e-18
586.44,-5.504789424369606e-15,3.0634998520291637e-18
586.45,-5.503599942633496e-15,2.7830599749129268e-18
586.46,-5.504029360851687e-15,3.1850878063823193e-18
586.47,-5.503502213918728e-15,3.184442958660553e-18
586.48,-5.503017164869592e-15,3.1177073360430063e-18
586.49,-5.5021541648976995e-15,2.8119852344475214e-18
586.5,-5.502343099895433e-15,3.197463327225789e-18
586.51,-5.501967733425237e-15,3.1440784248586848e-18
586.52,-5.500980849578739e-15,3.022704008985968e-18
586.53,-5.500909652160689e-15,3.0966768938364675e-18
586.54,-5.499761985888861e-15,2.7391423245058164e-18
586.55,-5.499862377146162e-15,3.2450927126000573e-18
586.56,-5.4992963133075746e-15,3.0658744291368557e-18
586.57,-5.4989778941903286e-15,3.2252277747095216e-18
586.58,-5.495662664889436e-15,2.815100401917922e-18
586.59,-5.4986933933500726e-15,3.240630569348493e-18
586.6,-5.497703705733366e-15,3.2355612099677095e-18
586.61,-5.4969453170736885e-15,2.8879360287247825e-18
586.62,-5.496907542921169e-15,3.043143375733933e-18
586.63,-5.496129810634495e-15,2.9648101693378236e-18
586.64,-5.4954353343364615e-15,3.311802717335159e-18
586.65,-5.4949671930507704e-15,3.0819622243170553e-18
586.66,-5.4953485755941415e-15,3.1425315364916555e-18
586.67,-5.493449275937795e-15,2.8209947279147305e-18
586.68,-5.49452039941926e-15,3.182647778086987e-18
586.69,-5.493167423100133e-15,3.0233035008215838e-18
586.7,-5.49284831310273e-15,3.0961369016263924e-18
586.71,-5.492635750932033e-15,3.140514786465643e-18
586.72,-5.492222719181139e-15,2.9771233205224728e-18
586.73,-5.490926420998322e-15,3.1590201981283384e-18
586.74,-5.491206490996402e-15,3.022002666283949e-18
586.75,-5.4903317534126485e-15,2.7867020137736067e-18
586.76,-5.490576762573364e-15,3.3554922597338062e-18
586.77,-5.4897008812391205e-15,3.1267398318386035e-18
586.78,-5.48969344966008e-15,3.2832087785441056e-18
586.79,-5.488712648632195e-15,2.949928037842672e-18
586.8,-5.488527808528778e-15,3.010125571075908e-18
586.81,-5.488224943725181e-15,3.027535232422114e-18
586.82,-5.486409141902522e-15,3.2435886051132855e-18
586.83,-5.488264453456553e-15,3.2198117873076824e-18
586.84,-5.482329067787966e-15,2.3312093749746053e-18
586.85,-5.4866417487879776e-15,3.1676675424481983e-18
586.86,-5.485533936377158e-15,3.0011865896482413e-18
586.87,-5.4855110189034385e-15,3.1178880264294094e-18
586.88,-5.485072596555724e-15,3.089779514608624e-18
586.89,-5.484583329528583e-15,3.1345860327736733e-18
586.9,-5.484370808527437e-15,3.2731577208485503e-18
586.91,-5.483200502911227e-15,3.0793382940364167e-18
586.92,-5.482964142911929e-15,2.9547165109084196e-18
586.93,-5.478045336824787e-15,1.9949833738953374e-18
586.94,-5.482303698060812e-15,3.2210442855833965e-18
586.95,-5.48209364666245e-15,3.0990901088025894e-18
586.96,-5.481015440261389e-15,3.040491064930961e-18
586.97,-5.480093869266413e-15,2.8762180217041776e-18
586.98,-5.4797846416901984e-15,3.066351974475453e-18
586.99,-5.47967380111046e-15,3.0307008141621315e-18
587.0,-5.479441420721783e-15,3.613797161041749e-18
587.01,-5.4791012193019465e-15,3.1622641887615867e-18
587.02,-5.477340989998288e-15,2.179074966168609e-18
587.03,-5.4781232186440185e-15,3.1784235781762814e-18
587.04,-5.477715711802702e-15,3.1745170572013644e-18
587.05,-5.4772135565547784e-15,3.2568914313336517e-18
587.06,-5.476524883117142e-15,3.1896543071798906e-18
587.07,-5.475736920714039e-15,2.9690995009219023e-18
587.08,-5.475503779373238e-15,3.0881447791707534e-18
587.09,-5.477394482928337e-15,4.015602038431048e-18
587.1,-5.475092688811985e-15,3.1997727605483186e-18
587.11,-5.474902961326714e-15,2.7275527658408408e-18
587.12,-5.474419729179725e-15,3.286555618229629e-18
587.13,-5.473698755892405e-15,3.051208829610102e-18
587.14,-5.473503988158703e-15,3.22647243351787e-18
587.15,-5.4715801714620184e-15,2.638795948492568e-18
587.16,-5.472250756037702e-15,3.063189267047338e-18
587.17,-5.471550520747645e-15,2.9366936046253257e-18
587.18,-5.474022427436095e-15,4.137795924273861e-18
587.19,-5.4711879776748814e-15,3.2280315288570305e-18
587.2,-5.4709321939717564e-15,2.7715856280635385e-18
587.21,-5.469565371190789e-15,2.6551300180815423e-18
587.22,-5.469186860679143e-15,2.965637363338225e-18
587.23,-5.468909159448198e-15,2.909953209450567e-18
587.24,-5.4684661174873836e-15,2.8762350929420222e-18
587.25,-5.468266640227661e-15,3.137331082658412e-18
587.26,-5.467372360101046e-15,2.9838412630657527e-18
587.27,-5.469591078088038e-15,4.020259658325659e-18
587.28,-5.466712210374475e-15,3.2509685330993674e-18
587.29,-5.465978432238139e-15,3.076882133496033e-18
587.3,-5.465448074910347e-15,3.0216847840149165e-18
587.31,-5.465699222068617e-15,3.263796316579593e-18
587.32,-5.4652334468046345e-15,3.1323226266200493e-18
587.33,-5.464092634125678e-15,3.00860981839997e-18
587.34,-5.4645631223283096e-15,3.093474382197781e-18
587.35,-5.463074133798237e-15,2.9509443300821857e-18
587.36,-5.465290484537072e-15,3.804766708984905e-18
587.37,-5.46289168896887e-15,3.334672566840366e-18
587.38,-5.462460085416856e-15,3.051516581223139e-18
587.39,-5.461613863243381e-15,2.9801941142148517e-18
587.4,-5.461919879751899e-15,3.3470546633322075e-18
587.41,-5.460523312823977e-15,3.2169751977703515e-18
587.42,-5.460064485914584e-15,2.7118692009691187e-18
587.43,-5.4588836217314134e-15,2.8188443458189328e-18
587.44,-5.459129525159506e-15,2.873900796749129e-18
587.45,-5.460213510114315e-15,3.4416169961926025e-18
587.46,-5.458012843101624e-15,3.0149151737634798e-18
587.47,-5.458178298517631e-15,3.0798262261558586e-18
587.48,-5.457056968998749e-15,2.9465218692650505e-18
587.49,-5.45765959789488e-15,3.0215625318268694e-18
587.5,-5.456883824945653e-15,3.631874579197079e-18
587.51,-5.456077185279407e-15,3.0826465273772013e-18
587.52,-5.4555394396168625e-15,3.0663670824844126e-18
587.53,-5.4555609511377264e-15,3.1128864171065283e-18
587.54,-5.454976193674698e-15,3.1504725593742087e-18
587.55,-5.454619990739304e-15,3.2000476973747394e-18
587.56,-5.453851297898257e-15,2.9277987192273386e-18
587.57,-5.453085439415305e-15,2.8314739067028443e-18
587.58,-5.451503437332401e-15,2.5298365913461787e-18
587.59,-5.452908793783785e-15,3.4587653303152874e-18
587.6,-5.4520530211267255e-15,2.9141219630381648e-18
587.61,-5.451195792340992e-15,3.1044051645833352e-18
587.62,-5.451562571507772e-15,3.254173264618386e-18
587.63,-5.450898654215493e-15,3.300381849696322e-18
587.64,-5.449959841593626e-15,3.024027531603719e-18
587.65,-5.449888276627533e-15,3.050109198156315e-18
587.66,-5.4480923036630615e-15,2.690498716592762e-18
587.67,-5.448422346668918e-15,3.0586489522014575e-18
587.68,-5.448561206204986e-15,2.954096584377916e-18
587.69,-5.447755036816546e-15,2.8096235037354437e-18
587.7,-5.447586537677222e-15,2.7346943875931606e-18
587.71,-5.447774638697826e-15,3.1289858434222687e-18
587.72,-5.447217275754848e-15,3.50927356108741e-18
587.73,-5.446463485258942e-15,3.1545641176830256e-18
587.74,-5.446512374357527e-15,3.206538555849436e-18
587.75,-5.445290078821354e-15,3.0389719271415733e-18
587.76,-5.445188699120732e-15,3.363075068648585e-18
587.77,-5.444255042528631e-15,2.9917091371919886e-18
587.78,-5.444034799780517e-15,2.8658476933434636e-18
587.79,-5.443535277081861e-15,3.137069510664846e-18
587.8,-5.443524465968955e-15,3.1459166166339796e-18
587.81,-5.446012806637145e-15,4.296388849325194e-18
587.82,-5.442016430691591e-15,2.9524968165972037e-18
587.83,-5.441622915418197e-15,3.072794161330038e-18
587.84,-5.441325748091371e-15,2.9025827328070834e-18
587.85,-5.4431004944840096e-15,3.6196195211564415e-18
587.86,-5.440469550901288e-15,3.121539598584739e-18
587.87,-5.4397346314989585e-15,2.720932440764492e-18
587.88,-5.439171655278787e-15,2.992233308574811e-18
587.89,-5.439040666050129e-15,2.938008594750839e-18
587.9,-5.4430884989618655e-15,4.780250197974539e-18
587.91,-5.437661489471075e-15,2.9933774013537916e-18
587.92,-5.438495296207726e-15,3.0079239751678387e-18
587.93,-5.437405790397234e-15,2.9688094304147948e-18
587.94,-5.436725523839942e-15,2.9424533928669763e-18
587.95,-5.4369099913899866e-15,2.865046934507983e-18
587.96,-5.4359259411439815e-15,2.945788161821542e-18
587.97,-5.435778822347768e-15,3.0165297732200466e-18
587.98,-5.436132504736193e-15,3.305673310329255e-18
587.99,-5.439127056862093e-15,4.8974413427004256e-18
588.0,-5.433395635611539e-15,2.8266224689537152e-18
588.01,-5.4342455677948414e-15,3.692297912715061e-18
588.02,-5.433214380698324e-15,2.926087566693148e-18
588.03,-5.4327086351927315e-15,3.022280841500025e-18
588.04,-5.431773390592738e-15,3.2094437878334045e-18
588.05,-5.432409389498139e-15,3.0422942757195477e-18
588.06,-5.431843217960994e-15,3.0011130626618086e-18
588.07,-5.4305420364653585e-15,3.3430892622102766e-18
588.08,-5.434159882234989e-15,4.372378997175476e-18
588.09,-5.430106811548913e-15,3.074119015454708e-18
588.1,-5.429324478234154e-15,3.142351318728334e-18
588.11,-5.429143119369666e-15,2.933155457138416e-18
588.12,-5.428340154439175e-15,2.8521930335340053e-18
588.13,-5.4279267201540184e-15,3.0345051079494536e-18
588.14,-5.4289655044503954e-15,3.554011391057489e-18
588.15,-5.4277673610366515e-15,3.09723138234432e-18
588.16,-5.427067235945446e-15,2.9313158617120653e-18
588.17,-5.4288156740610075e-15,3.818031533479077e-18
588.18,-5.425181192761461e-15,3.000574845552935e-18
588.19,-5.4251025735991425e-15,2.7621052165128583e-18
588.2,-5.424976752611831e-15,2.911345126289099e-18
588.21,-5.424254040056828e-15,3.01830696094076e-18
588.22,-5.423984482851701e-15,2.9348321206944248e-18
588.23,-5.4238829256830206e-15,2.815891029636632e-18
588.24,-5.4228518402017825e-15,2.887442344690289e-18
588.25,-5.422881343988568e-15,2.7747853302937153e-18
588.26,-5.423308984712161e-15,3.0870610461518255e-18
588.27,-5.422116885516232e-15,2.89865715702553e-18
588.28,-5.421637998685334e-15,2.976125477006445e-18
588.29,-5.421083884783012e-15,2.978279520812097e-18
588.3,-5.420817247148911e-15,2.9812453854005012e-18
588.31,-5.419884945236083e-15,2.8751626522247484e-18
588.32,-5.419546230289825e-15,2.4193795140362317e-18
588.33,-5.420231592577022e-15,3.02968669358618e-18
588.34,-5.418286148777688e-15,2.7839892830219007e-18
588.35,-5.418572145535032e-15,3.0343290555390712e-18
588.36,-5.417957124422415e-15,2.7652810023365947e-18
588.37,-5.417318027650444e-15,2.9081584708914843e-18
588.38,-5.41704017865804e-15,2.918013719215368e-18
588.39,-5.416048838349245e-15,2.3511165848527746e-18
588.4,-5.4160982141603705e-15,2.8600940584831844e-18
588.41,-5.416790701455105e-15,2.873213671510434e-18
588.42,-5.413851724979891e-15,1.8578284501921454e-18
588.43,-5.414493304444857e-15,2.7779068532938824e-18
588.44,-5.414332556799846e-15,3.002877442691974e-18
588.45,-5.412896052057917e-15,2.146940623296452e-18
588.46,-5.413594505584235e-15,2.9282661313427678e-18
588.47,-5.413263839471186e-15,2.9977274622391454e-18
588.48,-5.412212074830705e-15,2.5387693845381677e-18
588.49,-5.411871326082798e-15,3.0062116313338537e-18
588.5,-5.413096446636649e-15,2.5140239164465127e-18
588.51,-5.4119415636283845e-15,2.992652448298399e-18
588.52,-5.410522070973481e-15,2.7270684418003826e-18
588.53,-5.409884977568865e-15,2.763493135473559e-18
588.54,-5.410442206901957e-15,2.9842279117297878e-18
588.55,-5.409521643869041e-15,2.7680538873182005e-18
588.56,-5.4092941086989736e-15,3.0703871893988578e-18
588.57,-5.409273798657566e-15,2.973405953441657e-18
588.58,-5.4079820333919256e-15,2.7780169097000385e-18
588.59,-5.409290084473787e-15,2.0294407137800273e-18
588.6,-5.408022273170348e-15,2.964179592858359e-18
588.61,-5.406975199927172e-15,2.859145246649699e-18
588.62,-5.405840378434824e-15,2.6895915093478275e-18
588.63,-5.4058909243190424e-15,2.8019711244069128e-18
588.64,-5.405254095673927e-15,2.851675490722808e-18
588.65,-5.4051914910184844e-15,3.0063616270233613e-18
588.66,-5.403963258248753e-15,2.8224946763842134e-18
588.67,-5.40410130126473e-15,2.961989131272084e-18
588.68,-5.402790116717119e-15,3.1313524543955213e-19
588.69,-5.4036202918675146e-15,2.980446561291706e-18
588.7,-5.402815365804005e-15,2.756249618883775e-18
588.71,-5.401637876056821e-15,2.6898780226750885e-18
588.72,-5.401981722962506e-15,3.508551002282621e-18
588.73,-5.401000596187523e-15,2.8186474428810494e-18
588.74,-5.4008594107188464e-15,2.946418551489822e-18
588.75,-5.400552358540576e-15,2.8321628768830045e-18
588.76,-5.3999396320943776e-15,2.7838584467266343e-18
588.77,-5.396439173750498e-15,1.6109371727185973e-19
588.78,-5.399279514371103e-15,2.8738387180365495e-18
588.79,-5.39883400337755e-15,3.0282572464596866e-18
588.8,-5.397827092447636e-15,2.785305242082327e-18
588.81,-5.397347196956406e-15,2.778948663329017e-18
588.82,-5.3974646962487486e-15,2.8057147923697683e-18
588.83,-5.397015025649431e-15,3.091635873146267e-18
588.84,-5.39621252852153e-15,2.8306525272828403e-18
588.85,-5.3960265894746605e-15,2.8562718810465877e-18
588.86,-5.3923895931989344e-15,1.2934352154480991e-18
588.87,-5.39547282896328e-15,2.8429071303414807e-18
588.88,-5.395044871946103e-15,3.383072148793002e-18
588.89,-5.394218257363695e-15,2.868584934547023e-18
588.9,-5.393348838078983e-15,2.678726521887759e-18
588.91,-5.393064760519695e-15,2.708629901350338e-18
588.92,-5.39340162640411e-15,2.9854720770485483e-18
588.93,-5.392181404256475e-15,2.7482185894773447e-18
588.94,-5.391806268115122e-15,2.787255809934722e-18
588.95,-5.388720024444523e-15,1.754362845836196e-18
588.96,-5.391437573016456e-15,2.928017864149709e-18
588.97,-5.390623412808037e-15,3.12346530461997e-18
588.98,-5.3901503011651264e-15,3.218734545747026e-18
588.99,-5.389441539597364e-15,2.3453708907185077e-18
589.0,-5.389763715251482e-15,2.9153885813103503e-18
589.01,-5.388980695591377e-15,2.8644988665649403e-18
589.02,-5.388276483555138e-15,2.681927499805305e-18
589.03,-5.3882417170787485e-15,2.7351623139330335e-18
589.04,-5.38555562779806e-15,2.0699141567909684e-18
589.05,-5.3872891596505395e-15,2.940054981601109e-18
589.06,-5.386874599661393e-15,2.8805386833933135e-18
589.07,-5.386371256451658e-15,3.172255772453961e-18
589.08,-5.385923552662168e-15,2.4903560046245605e-18
589.09,-5.385590536521127e-15,2.6711380519950844e-18
589.1,-5.384255074729193e-15,2.6980741657853765e-18
589.11,-5.384276410309417e-15,2.8713674554114512e-18
589.12,-5.3849072245227264e-15,2.4354335290412205e-18
589.13,-5.382006499668223e-15,2.2760641935370264e-18
589.14,-5.38328990626314e-15,2.879456160105163e-18
589.15,-5.382800009919408e-15,2.7874530072417445e-18
589.16,-5.383043912813647e-15,3.1158832587150023e-18
589.17,-5.381704167460408e-15,2.8750252752752938e-18
589.18,-5.3808158718217264e-15,2.7328508584682964e-18
589.19,-5.380975953421542e-15,2.9217154809139655e-18
589.2,-5.380378873137892e-15,2.8888627048810618e-18
589.21,-5.379623534440418e-15,2.626225877557929e-18
589.22,-5.377925977552529e-15,2.2730881057427587e-18
589.23,-5.379476077395501e-15,3.073994469662394e-18
589.24,-5.37857076130114e-15,2.7909122311502046e-18
589.25,-5.378759867857761e-15,3.0554071148995256e-18
589.26,-5.377487000119011e-15,2.799876514467684e-18
589.27,-5.377434907934505e-15,2.88106642617417e-18
589.28,-5.376913682626858e-15,3.1773848692857982e-18
589.29,-5.3779430000926874e-15,3.3478393508765325e-18
589.3,-5.375854056299054e-15,2.6984655198137163e-18
589.31,-5.374809743249466e-15,2.443608040495881e-18
589.32,-5.375077046928566e-15,2.9805236491441822e-18
589.33,-5.3746749644060486e-15,2.8202651671792465e-18
589.34,-5.3754625958787346e-15,3.2776109022976076e-18
589.35,-5.373871522698001e-15,2.7980718905163376e-18
589.36,-5.373501071562615e-15,2.7868551319350464e-18
589.37,-5.373297704495398e-15,3.0716971281183476e-18
589.38,-5.370594860917113e-15,3.2357383556810037e-18
589.39,-5.371767278056586e-15,2.7169659456320306e-18
589.4,-5.370952571966008e-15,2.554657605999301e-18
589.41,-5.371450450749148e-15,3.0046708396729205e-18
589.42,-5.371182761897574e-15,2.9141688651521954e-18
589.43,-5.370660776659275e-15,3.190532351869272e-18
589.44,-5.370009660819052e-15,2.6724208421389368e-18
589.45,-5.36936423399262e-15,2.730257436863268e-18
589.46,-5.369342130599915e-15,3.0304994498730025e-18
589.47,-5.367433874284359e-15,3.717822418267173e-18
589.48,-5.367603077326382e-15,2.725185515049156e-18
589.49,-5.36680676138852e-15,2.3141485684743192e-18
589.5,-5.367264876156959e-15,2.8600843010546074e-18
589.51,-5.366935184470005e-15,2.9080156070052805e-18
589.52,-5.366531594016823e-15,2.9577959724291166e-18
589.53,-5.366199061730343e-15,2.89005979569027e-18
589.54,-5.365018710089001e-15,2.6962961819778187e-18
589.55,-5.365112275173994e-15,2.838808821553247e-18
589.56,-5.364243991204437e-15,2.7369693628752305e-18
589.57,-5.363823955715032e-15,2.7813688273684053e-18
589.58,-5.3635495598179706e-15,2.097342694068121e-18
589.59,-5.3640334681740535e-15,2.9435629472990685e-18
589.6,-5.362890017498422e-15,2.8762764889313326e-18
589.61,-5.362360885258367e-15,3.0218345541881738e-18
589.62,-5.362120312403297e-15,2.8267415676004572e-18
589.63,-5.362099898802405e-15,2.7125073693024048e-18
589.64,-5.361343322670412e-15,2.855819827469847e-18
589.65,-5.361298546183297e-15,2.893448018183659e-18
589.66,-5.360204014730138e-15,2.6258312346522046e-18
589.67,-5.359088870550372e-15,2.516699193143767e-18
589.68,-5.359408584653282e-15,3.088309683287998e-18
589.69,-5.35949806883255e-15,3.0754224059090023e-18
589.7,-5.35853425397878e-15,2.8906026882130994e-18
589.71,-5.3579817021855266e-15,2.8080649328894186e-18
589.72,-5.357841117303091e-15,2.7232517625730574e-18
589.73,-5.35769567658896e-15,3.087129570311042e-18
589.74,-5.3562891988104524e-15,2.51431472702344e-18
589.75,-5.355994750816234e-15,2.658977301611662e-18
589.76,-5.355307069487905e-15,2.4525732843309087e-18
589.77,-5.3558187756336475e-15,3.1559496131668493e-18
589.78,-5.355322821805085e-15,2.972359827791697e-18
589.79,-5.354302587703975e-15,2.7896303044979372e-18
589.8,-5.35411659807064e-15,2.7665495699156897e-18
589.81,-5.353636089856102e-15,2.7385875205648436e-18
589.82,-5.3513834757137755e-15,3.0165421479141284e-18
589.83,-5.350902042953179e-15,2.286555012676174e-18
589.84,-5.35239502612855e-15,2.7919678087351874e-18
589.85,-5.351785702721251e-15,2.6137723265779432e-18
589.86,-5.351365572965263e-15,2.9420137039131012e-18
589.87,-5.351023355063111e-15,2.928102888647051e-18
589.88,-5.350198517648282e-15,2.644947383683548e-18
589.89,-5.3499590886427025e-15,2.6732141995521526e-18
589.9,-5.349857470831874e-15,2.846686474649272e-18
589.91,-5.348395219936807e-15,2.596104025599444e-18
589.92,-5.349787853863301e-15,2.8735451754118756e-18
589.93,-5.348113161525746e-15,2.8023966616894933e-18
589.94,-5.347531239871554e-15,2.6505910789440303e-18
589.95,-5.347768920409756e-15,3.0824424828610107e-18
589.96,-5.346916212658809e-15,2.8301821076916524e-18
589.97,-5.3464024421096655e-15,2.796775701903086e-18
589.98,-5.345909009965633e-15,2.7717484887112936e-18
589.99,-5.345861081522277e-15,2.866793759289507e-18
590.0,-5.34519673042428e-15,2.7871664700858547e-18
590.01,-5.3445371360924954e-15,2.803161545964682e-18
590.02,-5.344672346829218e-15,2.8440019904085467e-18
590.03,-5.343923402092352e-15,2.6738094736546307e-18
590.04,-5.3434828973188946e-15,2.817998459904798e-18
590.05,-5.343221730500488e-15,2.909564327807036e-18
590.06,-5.3422105189093316e-15,2.9045878607155716e-18
590.07,-5.3423962027299945e-15,2.797044411492551e-18
590.08,-5.341975088140199e-15,2.8604354213975437e-18
590.09,-5.3419776343416235e-15,2.7611658951878117e-18
590.1,-5.3406414288089775e-15,2.614627539096411e-18
590.11,-5.340509077392921e-15,2.7859445291104968e-18
590.12,-5.3396101307121244e-15,2.6150475154550076e-18
590.13,-5.3399393265303135e-15,2.9639473284985173e-18
590.14,-5.3391318126640165e-15,2.8404336448081023e-18
590.15,-5.338972149425413e-15,2.9644213905128522e-18
590.16,-5.338575712082806e-15,2.877057725405616e-18
590.17,-5.337536687880319e-15,2.7463092264586294e-18
590.18,-5.337103808986386e-15,2.7218062192077545e-18
590.19,-5.3374401429560355e-15,2.875606117193489e-18
590.2,-5.33629187104577e-15,2.7347095731439017e-18
590.21,-5.3359426254764255e-15,2.6404451344798805e-18
590.22,-5.3354128404383116e-15,2.9092549026606826e-18
590.23,-5.334780936657877e-15,2.7120319065333118e-18
590.24,-5.33493459402617e-15,2.9570709443991152e-18
590.25,-5.3343878281505005e-15,2.871328694526205e-18
590.26,-5.3336148215448676e-15,2.7466927273081297e-18
590.27,-5.333506675066245e-15,2.8768270060888043e-18
590.28,-5.33340208960796e-15,2.9293639399722702e-18
590.29,-5.332575434275701e-15,2.6656338688476897e-18
590.3,-5.331771206052415e-15,2.5927301772080556e-18
590.31,-5.33193815929272e-15,2.9954449964736645e-18
590.32,-5.330955883933063e-15,2.8123276908128995e-18
590.33,-5.330426200068937e-15,2.81158238554127e-18
590.34,-5.3300607352497655e-15,2.6797128222761923e-18
590.35,-5.329590916633976e-15,2.6614055737040636e-18
590.36,-5.3292313898906905e-15,2.8307110435495766e-18
590.37,-5.328805487643301e-15,2.7008842636141627e-18
590.38,-5.328293209224468e-15,2.6956658470758902e-18
590.39,-5.3278988668253995e-15,2.6249057625657585e-18
590.4,-5.327868005309408e-15,2.912300358884868e-18
590.41,-5.327472795385004e-15,2.7322438714098743e-18
590.42,-5.32741130663215e-15,2.8002615556208186e-18
590.43,-5.328863409587962e-15,3.3635472809820597e-18
590.44,-5.326230427467092e-15,2.790048895965586e-18
590.45,-5.324900951664261e-15,2.403361468412362e-18
590.46,-5.325093820314167e-15,2.7846016008391703e-18
590.47,-5.324241175622198e-15,2.517697399947648e-18
590.48,-5.323983685041737e-15,2.6088562657847653e-18
590.49,-5.32349767251293e-15,2.705331800574473e-18
590.5,-5.3233759576870575e-15,2.800540217349038e-18
590.51,-5.3236530437320535e-15,2.962517497020189e-18
590.52,-5.32365352771336e-15,3.363486038509539e-18
590.53,-5.321768204339066e-15,2.6827387279661064e-18
590.54,-5.321768665122084e-15,2.9499174114919526e-18
590.55,-5.320722068234263e-15,2.591979694936414e-18
590.56,-5.320778824362729e-15,2.693341615779876e-18
590.57,-5.320253487041936e-15,2.6287173731902952e-18
590.58,-5.3195462841317774e-15,2.856523412893453e-18
590.59,-5.319852030288439e-15,3.0394374911559398e-18
590.6,-5.318283064837222e-15,2.8515329986816997e-18
590.61,-5.319020250120855e-15,2.876062122899727e-18
590.62,-5.317401932120915e-15,2.472155985408993e-18
590.63,-5.318141349169902e-15,3.0046815428084346e-18
590.64,-5.31699980755173e-15,2.584859943389311e-18
590.65,-5.31659489101455e-15,2.6425724691572053e-18
590.66,-5.318254251407451e-15,3.502555040996092e-18
590.67,-5.316384651501339e-15,2.9231407636255245e-18
590.68,-5.31459444415399e-15,2.667475620699129e-18
590.69,-5.3142186075953935e-15,3.0195078626191403e-18
590.7,-5.3145250985402146e-15,2.6186318425613876e-18
590.71,-5.3144929331446405e-15,2.69904654340875e-18
590.72,-5.313832175809031e-15,2.8781994118880295e-18
590.73,-5.313174012354485e-15,2.7113810595263628e-18
590.74,-5.312619124443795e-15,2.7048129725971144e-18
590.75,-5.312441971901887e-15,2.914369764980536e-18
590.76,-5.3117881201259004e-15,2.5838027906134744e-18
590.77,-5.311789679087944e-15,2.9775589422190277e-18
590.78,-5.313289868687155e-15,4.0721085583229355e-18
590.79,-5.310605505903585e-15,2.6630368647860365e-18
590.8,-5.310061799441661e-15,2.616391211574278e-18
590.81,-5.30957189946979e-15,2.7942332932455194e-18
590.82,-5.309110995955026e-15,2.6719506493146727e-18
590.83,-5.3083700622566635e-15,2.7056785695267284e-18
590.84,-5.309006846817368e-15,2.8133858988942006e-18
590.85,-5.306496287976206e-15,2.5408614754885294e-18
590.86,-5.30736403597243e-15,2.9419500621872826e-18
590.87,-5.310195915140293e-15,4.75268961612772e-18
590.88,-5.3072739652991684e-15,2.996453929056839e-18
590.89,-5.306632467566746e-15,3.1502422394831435e-18
590.9,-5.3065531267145786e-15,3.1235476221324113e-18
590.91,-5.305636605959339e-15,2.768301456371928e-18
590.92,-5.3053461324008485e-15,2.596718589413091e-18
590.93,-5.304847526491968e-15,2.877024461429598e-18
590.94,-5.303828893405363e-15,2.9017137551084656e-18
590.95,-5.3037347099843e-15,2.852963218263884e-18
590.96,-5.3042966338050466e-15,3.711850442009587e-18
590.97,-5.303313482761446e-15,2.845672811606034e-18
590.98,-5.3026045632150095e-15,2.8367464834765146e-18
590.99,-5.302285858564437e-15,2.8411450419408345e-18
591.0,-5.302319234767505e-15,2.8724341017236732e-18
591.01,-5.301223240942702e-15,2.8689137038006323e-18
591.02,-5.301259906410995e-15,2.965098091713786e-18
591.03,-5.300396582248105e-15,3.0098572905663248e-18
591.04,-5.300274194675794e-15,2.8740053156978927e-18
591.05,-5.2987218472694155e-15,2.7711898126839533e-18
591.06,-5.299668807219274e-15,3.2919187074576773e-18
591.07,-5.298550171843636e-15,2.7025638565117253e-18
591.08,-5.298180582260369e-15,2.802278414455459e-18
591.09,-5.298593031230932e-15,3.3512532003362084e-18
591.1,-5.2975371471128884e-15,2.957085469067442e-18
591.11,-5.297046394137715e-15,2.9519552721691793e-18
591.12,-5.2951439341795795e-15,2.6702262396372317e-18
591.13,-5.2963473692851325e-15,3.031076826239669e-18
591.14,-5.295927770819628e-15,2.6810728571991818e-18
591.15,-5.294846792104255e-15,2.765777832902037e-18
591.16,-5.293469975270369e-15,2.5417012329689455e-18
591.17,-5.293945861571882e-15,3.059931584892049e-18
591.18,-5.2948144273954145e-15,3.0881215935199037e-18
591.19,-5.293411188414675e-15,2.839521655381156e-18
591.2,-5.29311884153785e-15,2.8780690192610977e-18
591.21,-5.291648687871431e-15,2.804989373866213e-18
591.22,-5.291535038987462e-15,2.4619029163486762e-18
591.23,-5.291862395599907e-15,2.8544208141760043e-18
591.24,-5.29114880788842e-15,2.8892859726842155e-18
591.25,-5.290843068686558e-15,2.808808877427854e-18
591.26,-5.290863672871718e-15,3.2261985493639158e-18
591.27,-5.290238896867682e-15,2.9126175450551436e-18
591.28,-5.290064707127133e-15,2.89244992301888e-18
591.29,-5.289651459985444e-15,2.8807687223435277e-18
591.3,-5.285838508002364e-15,2.5893728397772922e-18
591.31,-5.2885441753074e-15,2.885346744875587e-18
591.32,-5.2871227794291015e-15,2.8614345201622965e-18
591.33,-5.2873672173888825e-15,2.9044623449269174e-18
591.34,-5.2865310870523275e-15,2.751869246534336e-18
591.35,-5.287090367784971e-15,2.960400130082129e-18
591.36,-5.285896613531996e-15,2.979632836917467e-18
591.37,-5.286795162219398e-15,3.166357430740761e-18
591.38,-5.28532444866709e-15,2.8432529163957073e-18
591.39,-5.2806621803941414e-15,1.6829543310160236e-18
591.4,-5.284340652619104e-15,2.889881617315291e-18
591.41,-5.2832241523992005e-15,2.577387544525187e-18
591.42,-5.283415636605769e-15,2.838471835832945e-18
591.43,-5.282836265879759e-15,2.760600066161536e-18
591.44,-5.283004968378395e-15,2.7805208976556576e-18
591.45,-5.282018780675416e-15,2.9352088811028114e-18
591.46,-5.282228175644815e-15,2.9305000067161144e-18
591.47,-5.2812558137299064e-15,2.838588103612246e-18
591.48,-5.2781098484881245e-15,5.044937954118285e-19
591.49,-5.280365843667495e-15,2.6326257931407263e-18
591.5,-5.279428181243143e-15,2.7195272255269276e-18
591.51,-5.27953931016667e-15,2.7756095760278915e-18
591.52,-5.279191652938949e-15,2.742897973035915e-18
591.53,-5.278447436954252e-15,2.4204206042756295e-18
591.54,-5.277596850658499e-15,2.707006799549357e-18
591.55,-5.278033256050484e-15,3.0948462203227092e-18
591.56,-5.2775604233790735e-15,2.9978575805735457e-18
591.57,-5.2763942753367416e-15,4.1620897904137e-19
591.58,-5.27672470577912e-15,2.8458397892089398e-18
591.59,-5.275679292643606e-15,2.8087790531999874e-18
591.6,-5.2763744754728615e-15,3.125561126264725e-18
591.61,-5.275795494395752e-15,3.056680276170912e-18
591.62,-5.274727571160757e-15,3.1994326898104764e-18
591.63,-5.274099382644824e-15,2.6900798519516052e-18
591.64,-5.273758452603442e-15,2.817433139442022e-18
591.65,-5.2741446541702565e-15,3.1258658779389587e-18
591.66,-5.2750093761526384e-15,2.3320039565013484e-18
591.67,-5.272664721635814e-15,3.045755463317667e-18
591.68,-5.272967978348476e-15,3.0540150495599253e-18
591.69,-5.271875690741719e-15,2.8897201408344087e-18
591.7,-5.270811212836832e-15,2.5631509509592265e-18
591.71,-5.2713883543074576e-15,3.0802885943693073e-18
591.72,-5.270348331833923e-15,2.7342003800949037e-18
591.73,-5.269884261828246e-15,2.716242708040442e-18
591.74,-5.2701896716689565e-15,2.909240656036909e-18
591.75,-5.2711106015074095e-15,3.046238740297235e-18
591.76,-5.269037557275642e-15,3.0525745568107464e-18
591.77,-5.267976511823923e-15,2.948426379669067e-18
591.78,-5.2680771335238124e-15,3.1062576332618765e-18
591.79,-5.267836894717158e-15,2.9310694133937947e-18
591.8,-5.265839753863855e-15,2.6568704814090543e-18
591.81,-5.266402954650292e-15,2.7525596403763344e-18
591.82,-5.266229659611829e-15,2.8237712663451607e-18
591.83,-5.2652531891278665e-15,2.9215942592812047e-18
591.84,-5.2670620190407424e-15,3.4063250959041162e-18
591.85,-5.2649462790282555e-15,2.9182436144039102e-18
591.86,-5.263858525120676e-15,2.8506501208618018e-18
591.87,-5.2640269703338375e-15,2.9894275873147455e-18
591.88,-5.262898025349991e-15,2.899168454168788e-18
591.89,-5.262998315172637e-15,2.69971766397113e-18
591.9,-5.262836370457354e-15,2.9672440211472304e-18
591.91,-5.2622773004877484e-15,2.903512933494039e-18
591.92,-5.261753445732902e-15,2.662263300603653e-18
591.93,-5.2623804334781485e-15,3.5582055973069276e-18
591.94,-5.261472629036694e-15,3.1037302303871346e-18
591.95,-5.261083077004837e-15,2.716441804791981e-18
591.96,-5.260143022395996e-15,2.941583438852824e-18
591.97,-5.259875099988841e-15,2.997130240837418e-18
591.98,-5.258421963329993e-15,1.9011011554565763e-18
591.99,-5.260045524757842e-15,3.2297827545625037e-18
592.0,-5.257997765385395e-15,2.839990658880374e-18
592.01,-5.257418683278058e-15,2.3155404716212636e-18
592.02,-5.258192200908515e-15,3.10770422482355e-18
592.03,-5.257004914092975e-15,2.8514583547776573e-18
592.04,-5.255676714845613e-15,2.4909106497957737e-18
592.05,-5.256278716597576e-15,3.002228260924399e-18
592.06,-5.255629877477786e-15,2.818935602885051e-18
592.07,-5.254053745436231e-15,2.2736169780796148e-18
592.08,-5.256958321295349e-15,3.646735467634146e-18
592.09,-5.2539695810702426e-15,2.8288822181368806e-18
592.1,-5.253491999752521e-15,2.8170690192326195e-18
592.11,-5.2547110685386994e-15,3.4347486353636897e-18
592.12,-5.253020614220072e-15,2.7685237703702894e-18
592.13,-5.25273657589719e-15,2.9639569852807584e-18
592.14,-5.252414672193685e-15,2.9156231924610124e-18
592.15,-5.251698596500301e-15,2.8476948121585174e-18
592.16,-5.251182617185103e-15,2.7070287512458507e-18
592.17,-5.253945147740139e-15,4.050374760290187e-18
592.18,-5.250141717437557e-15,2.9055931369865364e-18
592.19,-5.250340004177116e-15,2.9961993424060812e-18
592.2,-5.2495276412619885e-15,3.253859420775349e-18
592.21,-5.248608672080048e-15,2.7038996699625824e-18
592.22,-5.24934282696287e-15,2.8845201139417374e-18
592.23,-5.248489117458669e-15,2.9107101978594418e-18
592.24,-5.2477366572571955e-15,3.1232982793598058e-18
592.25,-5.247662175691842e-15,2.947454709268867e-18
592.26,-5.249320962168892e-15,3.884551516747347e-18
592.27,-5.246615644291732e-15,3.545599428500883e-18
592.28,-5.2466903048386496e-15,2.919480432408508e-18
592.29,-5.245779957368846e-15,3.0332433072730985e-18
592.3,-5.246265584499662e-15,3.2332094125026278e-18
592.31,-5.244585913519796e-15,2.6692204081987088e-18
592.32,-5.244608143485044e-15,2.999446073397476e-18
592.33,-5.244997373466926e-15,3.567841491977552e-18
592.34,-5.243721060264576e-15,2.789694095317249e-18
592.35,-5.2439969588988454e-15,3.2813766166132228e-18
592.36,-5.2440702402700405e-15,3.534924406556447e-18
592.37,-5.242677418985224e-15,2.932461298899655e-18
592.38,-5.242546813088773e-15,3.3295679189716585e-18
592.39,-5.242435870088847e-15,3.1827133793554943e-18
592.4,-5.24091583561183e-15,3.0248556235879743e-18
592.41,-5.240812871176331e-15,2.9582464993938107e-18
592.42,-5.24074671689498e-15,3.150334385975873e-18
592.43,-5.2399981144481384e-15,2.928287617920224e-18
592.44,-5.2386737961505226e-15,2.832891268830824e-18
592.45,-5.239706986872379e-15,3.2608540922949115e-18
592.46,-5.238760947255588e-15,3.038214446362135e-18
592.47,-5.238726736936173e-15,3.2327835066991118e-18
592.48,-5.238033517689874e-15,3.034789616775591e-18
592.49,-5.2369142829619496e-15,2.57562199945938e-18
592.5,-5.2366617249979796e-15,2.8413271563840254e-18
592.51,-5.236552481943233e-15,2.8877290187620572e-18
592.52,-5.236249433642343e-15,2.8498717509320777e-18
592.53,-5.23341612845522e-15,2.5169365852665643e-18
592.54,-5.235069414059657e-15,2.9763182774048395e-18
592.55,-5.2345088820917666e-15,2.919332302066197e-18
592.56,-5.23447546645403e-15,3.210457376346352e-18
592.57,-5.2339026414702786e-15,2.939425601950733e-18
592.58,-5.233518981178025e-15,2.759612101191978e-18
592.59,-5.2330605502876745e-15,2.9916425081328428e-18
592.6,-5.233032021980975e-15,3.0138024721092765e-18
592.61,-5.232058124316199e-15,2.9025061225803838e-18
592.62,-5.230645055820147e-15,2.5652791206917615e-18
592.63,-5.231901679386432e-15,3.1617673389423486e-18
592.64,-5.2311836398114426e-15,3.23821096376791e-18
592.65,-5.23118714252668e-15,3.1234268507422518e-18
592.66,-5.23067618353036e-15,3.1035045293005757e-18
592.67,-5.2292998453264764e-15,2.7779255399416203e-18
592.68,-5.229169667141932e-15,2.9486899743314405e-18
592.69,-5.2286814852173644e-15,2.9376896565839165e-18
592.7,-5.228347543616778e-15,2.913560909150632e-18
592.71,-5.2280415339981555e-15,2.794874734658204e-18
592.72,-5.227989100893902e-15,3.065227100867988e-18
592.73,-5.227517782885995e-15,3.2932608661696105e-18
592.74,-5.2268562603020665e-15,3.0787753283292783e-18
592.75,-5.2268623235769914e-15,3.3459970073905174e-18
592.76,-5.226008252720519e-15,2.702783901919297e-18
592.77,-5.225670591519411e-15,2.7909037858101902e-18
592.78,-5.225566065049225e-15,3.0536917851145373e-18
592.79,-5.224240398405699e-15,2.787397916768272e-18
592.8,-5.223265641716747e-15,2.741563604146315e-18
592.81,-5.224035190733563e-15,2.9886328325038434e-18
592.82,-5.223969032004157e-15,2.8266245766683475e-18
592.83,-5.222465069390709e-15,2.7941643345100377e-18
592.84,-5.222863262436171e-15,3.398531645563318e-18
592.85,-5.221666310088412e-15,2.927687712572325e-18
592.86,-5.221502180312611e-15,2.8402318701662865e-18
592.87,-5.221088511694348e-15,2.8532690930761842e-18
592.88,-5.2204743606558095e-15,2.749200662588025e-18
592.89,-5.21792480448121e-15,2.4905133657300903e-18
592.9,-5.220214230329573e-15,3.1639877096706657e-18
592.91,-5.218760375897658e-15,2.7975609465238914e-18
592.92,-5.2188729640932626e-15,3.0112077059639903e-18
592.93,-5.2172096464815095e-15,2.617560585870251e-18
592.94,-5.217554941441124e-15,2.628323641960013e-18
592.95,-5.217581406824958e-15,3.0333720849509115e-18
592.96,-5.216786782991472e-15,2.8497144639454326e-18
592.97,-5.215601350527202e-15,2.6290221391156288e-18
592.98,-5.2125580203454185e-15,2.228713742208762e-18
592.99,-5.216193038350471e-15,2.9890771946994516e-18
593.0,-5.2153409605078796e-15,2.8187710681115543e-18
593.01,-5.214701166468626e-15,3.0797377434135568e-18
593.02,-5.214037619099486e-15,2.579038502256629e-18
593.03,-5.214134842355587e-15,2.9527005045396864e-18
593.04,-5.213726116628033e-15,2.9597058269626712e-18
593.05,-5.213223231177713e-15,2.8291463269249607e-18
593.06,-5.213167074177466e-15,3.0211782040844527e-18
593.07,-5.207869226686833e-15,1.884242860360221e-18
593.08,-5.211992785654121e-15,2.9286362731520075e-18
593.09,-5.211499678170813e-15,2.9346023550822805e-18
593.1,-5.2109762413695895e-15,3.0965340390341056e-18
593.11,-5.210711662671732e-15,2.826849532484917e-18
593.12,-5.211518364097109e-15,3.2086187066819807e-18
593.13,-5.2101075283725455e-15,2.9512972240452633e-18
593.14,-5.208886593312356e-15,2.839800010101848e-18
593.15,-5.208910801000218e-15,2.945585932855979e-18
593.16,-5.2063620768128584e-15,2.1146944771558373e-18
593.17,-5.208061099937237e-15,3.027898669697746e-18
593.18,-5.2077500135484e-15,2.9454553747451443e-18
593.19,-5.20741426166397e-15,3.165640264578492e-18
593.2,-5.2072547272084424e-15,2.9623354443207937e-18
593.21,-5.206592364805684e-15,3.1112440973847056e-18
593.22,-5.206708019728449e-15,3.023943749716713e-18
593.23,-5.204969402738416e-15,2.9360803125248666e-18
593.24,-5.205017553704304e-15,2.8532654237964614e-18
593.25,-5.203654079297516e-15,2.0313780945269102e-18
593.26,-5.203836206366457e-15,2.7542997286333293e-18
593.27,-5.2039495588728374e-15,2.914650514544255e-18
593.28,-5.203340422183513e-15,2.8945242691447686e-18
593.29,-5.203033053627929e-15,2.8931304123135557e-18
593.3,-5.2034851377132135e-15,3.148539306904367e-18
593.31,-5.202691192770266e-15,3.0269688475042055e-18
593.32,-5.204506516258345e-15,3.8589991398617364e-18
593.33,-5.201745041383448e-15,3.1746933308658317e-18
593.34,-5.202535816686943e-15,2.557013948808254e-18
593.35,-5.2009941660379045e-15,3.0940612468348378e-18
593.36,-5.201062930567691e-15,3.304463563226864e-18
593.37,-5.19970068464547e-15,3.0636621252551394e-18
593.38,-5.199231078311431e-15,3.0067606759873808e-18
593.39,-5.199331606570973e-15,3.164329592174202e-18
593.4,-5.1986082930590036e-15,2.972887831107673e-18
593.41,-5.200699659418413e-15,2.8589297989826523e-18
593.42,-5.197437538901634e-15,2.813767389713282e-18
593.43,-5.1969209223874424e-15,2.6047116294025915e-18
593.44,-5.196214763981138e-15,2.897893717311598e-18
593.45,-5.196501101880717e-15,3.0009839299242603e-18
593.46,-5.1958295652478324e-15,2.902569673138658e-18
593.47,-5.195273690718424e-15,2.8347247351652075e-18
593.48,-5.1953919745561275e-15,3.036293378088994e-18
593.49,-5.194270202059612e-15,2.798343540571772e-18
593.5,-5.193814553201441e-15,2.8272959402564117e-18
593.51,-5.193632762772837e-15,2.8014711647541316e-18
593.52,-5.1938983279306425e-15,2.657959821791463e-18
593.53,-5.1926454883319304e-15,3.032883991033763e-18
593.54,-5.192318976110514e-15,2.7453653089070314e-18
593.55,-5.191856074708192e-15,2.8801041081816807e-18
593.56,-5.191148462281324e-15,2.745815902223267e-18
593.57,-5.190670068100614e-15,2.779629206336846e-18
593.58,-5.190211761306076e-15,2.7503141449260357e-18
593.59,-5.189290988033037e-15,2.5514823824851285e-18
593.6,-5.1897831860407725e-15,2.579516186683328e-18
593.61,-5.189983720178913e-15,2.939085090054132e-18
593.62,-5.188426524813502e-15,2.8787511860385873e-18
593.63,-5.18860427375446e-15,2.8316419382947167e-18
593.64,-5.187567122962463e-15,2.768395857763859e-18
593.65,-5.187973406317695e-15,3.032858846432649e-18
593.66,-5.187515402737061e-15,2.7703126042346303e-18
593.67,-5.188359298010699e-15,3.207453955929909e-18
593.68,-5.1871217732089476e-15,3.0618083608784466e-18
593.69,-5.186621826600431e-15,3.008001901366772e-18
593.7,-5.185833232013535e-15,2.867808580440312e-18
593.71,-5.184663350426721e-15,2.787613186707976e-18
593.72,-5.184690008092056e-15,2.9629539611443473e-18
593.73,-5.184120138270087e-15,2.8211465046955092e-18
593.74,-5.1840365366772015e-15,2.7730187797519236e-18
593.75,-5.183414187244077e-15,2.9935984794230486e-18
593.76,-5.183024753966734e-15,2.9512433585739545e-18
593.77,-5.182063493456803e-15,2.633054109396009e-18
593.78,-5.182253510933525e-15,2.9407060439872668e-18
593.79,-5.181918259946292e-15,2.8295775259424233e-18
593.8,-5.1814871454648405e-15,2.984355776086535e-18
593.81,-5.1812828676553144e-15,2.988092773876402e-18
593.82,-5.1802942834629436e-15,2.9192941967973698e-18
593.83,-5.178465760064171e-15,1.9900241765697415e-18
593.84,-5.179413940180301e-15,2.7814854802236145e-18
593.85,-5.179566524097651e-15,3.00433896980126e-18
593.86,-5.177972189798981e-15,2.5490589061346767e-18
593.87,-5.1786916475542364e-15,2.8438749449798984e-18
593.88,-5.17812741563388e-15,2.872513844690996e-18
593.89,-5.177687775547783e-15,3.2998560548071383e-18
593.9,-5.177008840799744e-15,2.920733969421687e-18
593.91,-5.177266048978765e-15,3.0071141393362032e-18
593.92,-5.175786108483587e-15,2.7662238916696914e-18
593.93,-5.175977755843461e-15,2.909003140689821e-18
593.94,-5.17534953226574e-15,2.8993331739761954e-18
593.95,-5.174843278287749e-15,2.705940528044352e-18
593.96,-5.174470518541195e-15,2.849077178587914e-18
593.97,-5.1741894592450584e-15,2.901626395932093e-18
593.98,-5.174433330160355e-15,3.2247457973776023e-18
593.99,-5.173474074653726e-15,2.942884977519859e-18
594.0,-5.17318660301188e-15,2.828692889806684e-18
594.01,-5.1720956615396795e-15,2.640942424536328e-18
594.02,-5.172426047976604e-15,2.9795225391970747e-18
594.03,-5.171636949349978e-15,2.810167613756394e-18
594.04,-5.170823415336863e-15,2.7144180353916652e-18
594.05,-5.170578846749986e-15,2.8032417940726075e-18
594.06,-5.169373918323745e-15,2.4235828041276197e-18
594.07,-5.1701928009436796e-15,2.9528559727502805e-18
594.08,-5.1693196606771766e-15,2.8411343740874896e-18
594.09,-5.168529359465185e-15,2.723070601801621e-18
594.1,-5.168254579006702e-15,2.622848681532167e-18
594.11,-5.168175629562737e-15,2.8544147888241447e-18
594.12,-5.167802368346637e-15,2.927742405199851e-18
594.13,-5.167725788166917e-15,2.832322899949175e-18
594.14,-5.166832860157538e-15,2.7522572319054614e-18
594.15,-5.166458984754711e-15,2.7369132910835275e-18
594.16,-5.166088448182237e-15,2.9535816458647105e-18
594.17,-5.165476851635907e-15,2.8184139407490045e-18
594.18,-5.164523090225478e-15,2.6810957353159048e-18
594.19,-5.164769008207464e-15,2.702886431901624e-18
594.2,-5.164336960128035e-15,2.856360006951881e-18
594.21,-5.163784719466111e-15,2.721768631849569e-18
594.22,-5.163307276337323e-15,2.7083689265206422e-18
594.23,-5.163017332457392e-15,2.8006725307477674e-18
594.24,-5.162483334520325e-15,2.5891991298626525e-18
594.25,-5.161560758998298e-15,2.61044379960512e-18
594.26,-5.161529306100762e-15,2.6927988480611358e-18
594.27,-5.161331388039065e-15,2.755693401812955e-18
594.28,-5.161016244423574e-15,2.734586560019529e-18
594.29,-5.1604287577966385e-15,2.792310393722501e-18
594.3,-5.160476887028184e-15,2.9937820736109273e-18
594.31,-5.159556840410893e-15,2.743311836396742e-18
594.32,-5.1594917922646306e-15,2.9153582565496273e-18
594.33,-5.159474075803336e-15,2.7882580649725152e-18
594.34,-5.157569717666628e-15,2.501109543612607e-18
594.35,-5.157831639837299e-15,2.761321978565399e-18
594.36,-5.15747088026816e-15,2.7764283850826615e-18
594.37,-5.155550352735329e-15,2.0475973319785612e-18
594.38,-5.156868702180921e-15,2.755745176025867e-18
594.39,-5.156025450360307e-15,2.9495892654688913e-18
594.4,-5.156286001736573e-15,2.8588882673939618e-18
594.41,-5.155981141611009e-15,2.9448781304233106e-18
594.42,-5.155469232333708e-15,2.816356923697256e-18
594.43,-5.1540864426841654e-15,2.436340658612724e-18
594.44,-5.153994614989528e-15,2.700901951565886e-18
594.45,-5.153374222009269e-15,2.7056336108282756e-18
594.46,-5.152998630371432e-15,2.5725402755354375e-18
594.47,-5.1526236220768616e-15,2.7201962712048653e-18
594.48,-5.152038340975682e-15,2.6622080085742085e-18
594.49,-5.151867815557974e-15,2.682023965335757e-18
594.5,-5.1517644845598305e-15,2.781494047866371e-18
594.51,-5.151874466880804e-15,2.8375244288353652e-18
594.52,-5.149480228992069e-15,2.1147686393529565e-18
594.53,-5.150678066411988e-15,2.7802362195935953e-18
594.54,-5.152021132863032e-15,2.8335017717310305e-18
594.55,-5.149419052445597e-15,2.720525024726313e-18
594.56,-5.148640972629561e-15,2.753812935219553e-18
594.57,-5.1479133042874265e-15,2.5052931987821475e-18
594.58,-5.147806622400591e-15,2.682172947913587e-18
594.59,-5.147689905973232e-15,2.734152575356361e-18
594.6,-5.147770322072727e-15,2.8452571636323013e-18
594.61,-5.145040400987624e-15,1.996261095930088e-18
594.62,-5.146871626615191e-15,3.0715354559728264e-18
594.63,-5.1422111858406246e-15,1.903805589969988e-18
594.64,-5.1461672898056675e-15,2.8676329928033873e-18
594.65,-5.1455686119096744e-15,2.7838496056141577e-18
594.66,-5.144639331167354e-15,2.69562236950445e-18
594.67,-5.1450905039221194e-15,2.9190911564077513e-18
594.68,-5.144566240768796e-15,2.8270540520926247e-18
594.69,-5.144007852788767e-15,2.869922922524828e-18
594.7,-5.141040800158641e-15,2.048446485837749e-18
594.71,-5.142736451083897e-15,2.71388496539828e-18
594.72,-5.141619868771338e-15,1.0954447640878808e-18
594.73,-5.141938699608851e-15,2.8054483992258246e-18
594.74,-5.142142723821206e-15,3.1983220257015172e-18
594.75,-5.140702455168565e-15,2.582754519202066e-18
594.76,-5.1402154362543375e-15,2.4243328743351257e-18
594.77,-5.139969879207356e-15,2.414627769872693e-18
594.78,-5.140199334969651e-15,2.7151546594066888e-18
594.79,-5.1365066040981215e-15,2.1043233980287507e-18
594.8,-5.1387232429098075e-15,2.7606508947991613e-18
594.81,-5.138593520877365e-15,2.4554201708967765e-18
594.82,-5.1374698897356845e-15,2.446291260947095e-18
594.83,-5.138225516467699e-15,2.845656318245352e-18
594.84,-5.137319465578993e-15,2.6067665488767486e-18
594.85,-5.1368344023585374e-15,2.6537352720870173e-18
594.86,-5.13652529940263e-15,2.8367805892218868e-18
594.87,-5.136389726523934e-15,2.639026198609195e-18
594.88,-5.133345694926844e-15,2.7759596385640153e-18
594.89,-5.135141582263861e-15,2.728311395397161e-18
594.9,-5.135206607437745e-15,2.9430075685747054e-18
594.91,-5.1340344682483e-15,2.6141046724297574e-18
594.92,-5.134117450279325e-15,2.806850915854712e-18
594.93,-5.132997237988747e-15,2.582187284879111e-18
594.94,-5.132917735797475e-15,2.576582616008777e-18
594.95,-5.132651265852675e-15,2.726393097827465e-18
594.96,-5.132160216124974e-15,2.696070761305511e-18
594.97,-5.130240475795782e-15,2.1966501092130093e-18
594.98,-5.131078578838432e-15,2.8765621797101226e-18
594.99,-5.131248716070661e-15,2.862955134767163e-18
595.0,-5.131143783292074e-15,2.8626755767665374e-18
595.01,-5.1302324818695255e-15,2.681584033158722e-18
595.02,-5.129348283381706e-15,2.5702440553850973e-18
595.03,-5.129440976908137e-15,2.6971533806980764e-18
595.04,-5.129402607933535e-15,2.8681580145128058e-18
595.05,-5.128377676289703e-15,2.683853373825786e-18
595.06,-5.129242321639743e-15,3.0198550281008444e-18
595.07,-5.127628138054625e-15,2.669981553584299e-18
595.08,-5.126553510243632e-15,2.6929688096402977e-18
595.09,-5.12679939158851e-15,2.7275899353422977e-18
595.1,-5.1276861330107305e-15,3.1464329158803795e-18
595.11,-5.126431822038683e-15,2.7610226185792243e-18
595.12,-5.125760279318835e-15,2.6593483009882424e-18
595.13,-5.125496347303108e-15,2.8540962171704972e-18
595.14,-5.124722664600284e-15,2.6829899327946613e-18
595.15,-5.126308479182169e-15,3.2246113486177656e-18
595.16,-5.123677150905322e-15,2.510408628907948e-18
595.17,-5.12404181678822e-15,2.7633163276396902e-18
595.18,-5.123195605677283e-15,2.7569699996728947e-18
595.19,-5.122097185667829e-15,2.732554692044991e-18
595.2,-5.12204047044443e-15,2.3143496968468577e-18
595.21,-5.12218662607746e-15,2.8407151129168846e-18
595.22,-5.120907565189857e-15,2.647761045932925e-18
595.23,-5.12146924365182e-15,2.9704297950830515e-18
595.24,-5.1221764736665835e-15,3.110545546845062e-18
595.25,-5.119082396540666e-15,2.350541505184148e-18
595.26,-5.119387059156387e-15,2.6774398601841384e-18
595.27,-5.119108342794255e-15,2.5280868859335576e-18
595.28,-5.1191954878000966e-15,2.7640936254127646e-18
595.29,-5.117828584933213e-15,2.392499840657316e-18
595.3,-5.118261534406493e-15,2.6314085169239116e-18
595.31,-5.117139879416977e-15,2.44936409567344e-18
595.32,-5.1175231289785764e-15,2.8224098591037876e-18
595.33,-5.1170407445700786e-15,2.938234186831295e-18
595.34,-5.11584745409555e-15,2.4752707379189614e-18
595.35,-5.11549719797321e-15,2.530351125430943e-18
595.36,-5.115569701585725e-15,2.7217423777032382e-18
595.37,-5.115016983780849e-15,2.274054317412197e-18
595.38,-5.1140132478431405e-15,2.4866800060182293e-18
595.39,-5.115055827567574e-15,2.897419781944451e-18
595.4,-5.114401526674757e-15,2.33332824186561e-18
595.41,-5.1135861815182135e-15,2.815603518008306e-18
595.42,-5.111535062409964e-15,2.7944393800792625e-18
595.43,-5.112242544018334e-15,2.5018437692300564e-18
595.44,-5.112857329926718e-15,2.8724900423920926e-18
595.45,-5.111876993601265e-15,2.704774184328693e-18
595.46,-5.111727163982292e-15,2.6800035073249562e-18
595.47,-5.110357989905182e-15,2.9228795370812524e-18
595.48,-5.110899047724168e-15,2.7391409693019173e-18
595.49,-5.11031495425166e-15,2.705335736905984e-18
595.5,-5.110021617642728e-15,2.820380511961215e-18
595.51,-5.106607051420265e-15,3.0173586240342288e-18
595.52,-5.108493767635183e-15,2.6127203341484084e-18
595.53,-5.108595979654342e-15,2.766191158242703e-18
595.54,-5.1079219325825926e-15,2.610972573467863e-18
595.55,-5.107172148687121e-15,2.669736911239128e-18
595.56,-5.107306436779399e-15,2.6495184570765165e-18
595.57,-5.106997159936771e-15,2.7899181202374937e-18
595.58,-5.106619494554168e-15,2.8043097110695037e-18
595.59,-5.106359375019815e-15,2.833769742172226e-18
595.6,-5.103428884668828e-15,3.250624725216287e-18
595.61,-5.105192509208825e-15,2.6048396815578983e-18
595.62,-5.104594544110588e-15,2.552168899238063e-18
595.63,-5.104367514054002e-15,2.741114235700594e-18
595.64,-5.1036287705215395e-15,2.9158546382218804e-18
595.65,-5.103242488583526e-15,2.5871950410666937e-18
595.66,-5.103446655731847e-15,2.922661959319093e-18
595.67,-5.1027785301687665e-15,2.801524483483475e-18
595.68,-5.102978380967129e-15,2.9331117878189207e-18
595.69,-5.100467871893573e-15,3.2889832441844035e-18
595.7,-5.101049534107973e-15,2.4487845455039005e-18
595.71,-5.101221123353632e-15,2.7907158811418313e-18
595.72,-5.10056187157774e-15,2.6760621446818194e-18
595.73,-5.10003098882789e-15,2.7311881688891524e-18
595.74,-5.100038974965213e-15,3.1508933724336385e-18
595.75,-5.09935419480352e-15,2.800925294837541e-18
595.76,-5.099221385694006e-15,2.8446436591805803e-18
595.77,-5.0978025098604076e-15,2.9491320025062675e-18
595.78,-5.09938907427632e-15,3.605083071218422e-18
595.79,-5.09704605484104e-15,2.434475431217391e-18
595.8,-5.096197297502876e-15,2.3727444096663236e-18
595.81,-5.096915960712841e-15,2.6853861597256648e-18
595.82,-5.096732875317005e-15,2.6242146038379383e-18
595.83,-5.095051386824369e-15,2.420557054837767e-18
595.84,-5.096489142427659e-15,3.1103454632459975e-18
595.85,-5.095367551737526e-15,2.753295852590523e-18
595.86,-5.094100958814788e-15,2.376070192199854e-18
595.87,-5.096645059104898e-15,3.5874104911990804e-18
595.88,-5.093518802135013e-15,2.5306623462817052e-18
595.89,-5.093368544326374e-15,2.36710776514573e-18
595.9,-5.0932073421259126e-15,2.711367619653075e-18
595.91,-5.0925900982919585e-15,2.6714825594656447e-18
595.92,-5.092080921952491e-15,2.2844865424795266e-18
595.93,-5.092764067371506e-15,3.1166793834745898e-18
595.94,-5.091374084773607e-15,2.7686799977070235e-18
595.95,-5.09033219955533e-15,2.183024630126788e-18
595.96,-5.092764049386552e-15,3.51807454852262e-18
595.97,-5.08961547758556e-15,2.4773196018934357e-18
595.98,-5.0903060217938425e-15,2.6223879801378903e-18
595.99,-5.089513690815798e-15,2.673194681206277e-18
596.0,-5.088326479010148e-15,2.3712308772985803e-18
596.01,-5.088047364575894e-15,2.4529426346610505e-18
596.02,-5.089224377833704e-15,3.2156907106595032e-18
596.03,-5.087387806517338e-15,2.567551722853035e-18
596.04,-5.0870543538796894e-15,2.6148981884152572e-18
596.05,-5.088540077761484e-15,3.35248493652366e-18
596.06,-5.086628632585592e-15,2.6243713472422153e-18
596.07,-5.0862308629977705e-15,2.7683534703192777e-18
596.08,-5.08550007108153e-15,2.656196225736353e-18
596.09,-5.085111535695097e-15,2.4720425192708593e-18
596.1,-5.085016675141548e-15,2.621787742374036e-18
596.11,-5.085525941240961e-15,3.0681927167039377e-18
596.12,-5.084566969463066e-15,3.0980587356410793e-18
596.13,-5.083871730252379e-15,2.544613335497024e-18
596.14,-5.083802697066782e-15,3.159491479170538e-18
596.15,-5.0826754763509574e-15,2.8079240509922082e-18
596.16,-5.082306692840442e-15,2.5492065610563463e-18
596.17,-5.081797005335019e-15,2.6692306628030704e-18
596.18,-5.081433492800942e-15,2.913058747587727e-18
596.19,-5.081075348929621e-15,2.5413054398135057e-18
596.2,-5.080959512557509e-15,3.1257675587452375e-18
596.21,-5.080479451932566e-15,2.964458748750872e-18
596.22,-5.0797095697362246e-15,2.7140691149841038e-18
596.23,-5.080142562949651e-15,3.1261162891820167e-18
596.24,-5.079416481102882e-15,2.9738453064908546e-18
596.25,-5.0787919254897015e-15,2.812452160774881e-18
596.26,-5.078518108580928e-15,2.72058499598756e-18
596.27,-5.0788138783936886e-15,2.892848819532334e-18
596.28,-5.075989446415021e-15,2.3613615614605895e-18
596.29,-5.077760554512527e-15,3.753999304485139e-18
596.3,-5.078601947683763e-15,3.0639017718821886e-18
596.31,-5.076594134719033e-15,2.7252256525972318e-18
596.32,-5.076469883188432e-15,2.9385063210949996e-18
596.33,-5.0773583158524585e-15,2.677439607811312e-18
596.34,-5.075967473027893e-15,2.901980177873633e-18
596.35,-5.074710449253335e-15,2.674131423510109e-18
596.36,-5.075509321811394e-15,2.9338710640394677e-18
596.37,-5.073255685714204e-15,2.5740653225779443e-18
596.38,-5.07453858064557e-15,4.120527472534337e-18
596.39,-5.073135923882754e-15,3.1100125466919394e-18
596.4,-5.073082863077123e-15,2.936167716791325e-18
596.41,-5.072162595505514e-15,2.759846487879589e-18
596.42,-5.07085452146286e-15,2.8265277817498875e-18
596.43,-5.071531748399177e-15,2.819741506861271e-18
596.44,-5.070822131366129e-15,2.7349911301163554e-18
596.45,-5.069700596976858e-15,2.6527370544878466e-18
596.46,-5.069944795244329e-15,2.6248004279143175e-18
596.47,-5.071534666222419e-15,4.463313726189947e-18
596.48,-5.069288205634188e-15,2.7451517743760892e-18
596.49,-5.0690602804102656e-15,2.697843216607869e-18
596.5,-5.068228135251542e-15,2.5796874826657074e-18
596.51,-5.066885879006002e-15,2.0690167082252847e-18
596.52,-5.0674024064995976e-15,2.5141277723406394e-18
596.53,-5.067079769890397e-15,2.6630814448594246e-18
596.54,-5.066394959620112e-15,2.5717735389793028e-18
596.55,-5.066468143620156e-15,2.6994261384695117e-18
596.56,-5.069933494516819e-15,3.744763632700544e-18
596.57,-5.065366179754876e-15,2.6585498133765483e-18
596.58,-5.065225451904881e-15,2.6400882332260048e-18
596.59,-5.063331050927527e-15,2.1850549030313398e-18
596.6,-5.063817437676919e-15,2.3043171084286267e-18
596.61,-5.063450668499667e-15,2.6671458535394042e-18
596.62,-5.062955273854511e-15,2.5116421909476314e-18
596.63,-5.0631648764536805e-15,2.618269235601569e-18
596.64,-5.062636191829021e-15,2.7559629207200778e-18
596.65,-5.06653835849063e-15,2.7731905554664774e-18
596.66,-5.062380993944969e-15,3.0144070815708064e-18
596.67,-5.060564512278365e-15,2.3571490881315903e-18
596.68,-5.059865550601928e-15,2.623319222965322e-18
596.69,-5.0609310678792214e-15,2.5411603107182693e-18
596.7,-5.060258776326674e-15,2.615722655551625e-18
596.71,-5.059723796348356e-15,2.7392304601532006e-18
596.72,-5.0590420406597385e-15,2.421485279196674e-18
596.73,-5.058701220188449e-15,2.534191365692305e-18
596.74,-5.061167851201615e-15,1.8782937757957522e-18
596.75,-5.058028870702054e-15,2.7996820417866468e-18
596.76,-5.056403568239518e-15,2.453572916639726e-18
596.77,-5.0560190559029e-15,2.4216819077762e-18
596.78,-5.0581386131938036e-15,3.152719239410157e-18
596.79,-5.05654498380428e-15,2.854250724106556e-18
596.8,-5.056032747693506e-15,2.580045498204195e-18
596.81,-5.0559158815452115e-15,2.6298825568071833e-18
596.82,-5.054716926726369e-15,2.530685406601866e-18
596.83,-5.056248338666059e-15,2.0109666045100886e-18
596.84,-5.054566667005253e-15,2.8493614175317907e-18
596.85,-5.054009455854722e-15,2.8658323982600194e-18
596.86,-5.05313692859036e-15,2.5988473174727816e-18
596.87,-5.053470961067018e-15,3.0052680451450123e-18
596.88,-5.0523810582487936e-15,2.523762507439091e-18
596.89,-5.0521303217520595e-15,2.453027273687534e-18
596.9,-5.052441371213368e-15,2.6564846695775033e-18
596.91,-5.053123122358354e-15,3.510428661376435e-18
596.92,-5.0511482823143266e-15,2.021151108994675e-18
596.93,-5.050441877329832e-15,2.764303522194131e-18
596.94,-5.049761857034245e-15,2.7842111867909978e-18
596.95,-5.049451329463155e-15,2.6614491519218398e-18
596.96,-5.049529129841596e-15,2.880752530197779e-18
596.97,-5.049273350941388e-15,2.6922894751783977e-18
596.98,-5.048568580824887e-15,2.658177285281523e-18
596.99,-5.048398208602578e-15,2.815835572518234e-18
597.0,-5.047738195805174e-15,2.6766370628818643e-18
597.01,-5.04751813913976e-15,2.0647454549348332e-18
597.02,-5.046511215498424e-15,2.6304657131303266e-18
597.03,-5.046527608041131e-15,2.6059287241482704e-18
597.04,-5.04616390543444e-15,2.5952610830228915e-18
597.05,-5.045110359858693e-15,2.436225977609467e-18
597.06,-5.045093995704144e-15,2.669707657055256e-18
597.07,-5.044910630828376e-15,2.4665837550699088e-18
597.08,-5.044693173208189e-15,2.6177497535875906e-18
597.09,-5.044256542576549e-15,2.7206249882599895e-18
597.1,-5.043634629426926e-15,1.820051063825166e-18
597.11,-5.042977786555453e-15,2.502978630192619e-18
597.12,-5.042982641630162e-15,2.7460347617286902e-18
597.13,-5.041867775292473e-15,2.814314810992098e-18
597.14,-5.0419300032421744e-15,2.8111574181381224e-18
597.15,-5.041521126553478e-15,2.6784625022595617e-18
597.16,-5.04129603828396e-15,2.8366090431047294e-18
597.17,-5.038006764679705e-15,1.3718353344772029e-18
597.18,-5.0401128334491334e-15,2.4775260936822204e-18
597.19,-5.040086239256289e-15,2.501532793248077e-18
597.2,-5.039364690363294e-15,2.7155997795106753e-18
597.21,-5.039091949229172e-15,2.7910799025479963e-18
597.22,-5.038375591442736e-15,2.7640225023532012e-18
597.23,-5.038806618019916e-15,2.970427868255359e-18
597.24,-5.037996599621751e-15,2.6912986281295936e-18
597.25,-5.0372832143677744e-15,2.6835885316491183e-18
597.26,-5.032557583993359e-15,7.657843541193733e-19
597.27,-5.036447150194238e-15,2.4471636179007424e-18
597.28,-5.0366201248924634e-15,2.360924892620863e-18
597.29,-5.035939540264313e-15,2.6702341797049946e-18
597.3,-5.0352614242062855e-15,2.5502580059211044e-18
597.31,-5.035367701545141e-15,2.73230656308431e-18
597.32,-5.034535227658238e-15,2.4810481240638146e-18
597.33,-5.03389448063497e-15,2.5198592648095683e-18
597.34,-5.03353284347349e-15,2.5835562735739646e-18
597.35,-5.030865415867083e-15,1.9854178967067267e-18
597.36,-5.032668642012629e-15,2.5669393178753147e-18
597.37,-5.03345736376278e-15,3.2118937603026727e-18
597.38,-5.032159972925953e-15,2.8771122160822206e-18
597.39,-5.03185647407914e-15,2.660960893047388e-18
597.4,-5.031734812623605e-15,2.6561701316762804e-18
597.41,-5.031135857127507e-15,2.7999240664055378e-18
597.42,-5.0314360006068986e-15,3.110621110191889e-18
597.43,-5.030291060676717e-15,2.7788009990272938e-18
597.44,-5.030221645414196e-15,2.4562198905209903e-18
597.45,-5.0290351052683455e-15,2.6280865972612575e-18
597.46,-5.029314983820112e-15,2.7447557315055053e-18
597.47,-5.0272735606780854e-15,2.2802460407587195e-18
597.48,-5.028538071762765e-15,2.923823462531843e-18
597.49,-5.02794546435453e-15,2.7393785117688814e-18
597.5,-5.027447219309302e-15,2.7295639405601196e-18
597.51,-5.027484562114666e-15,2.9983835690538824e-18
597.52,-5.026284133945633e-15,2.6315525405797626e-18
597.53,-5.025399441169901e-15,2.6368024090650587e-18
597.54,-5.025835813256046e-15,2.7074386007662975e-18
597.55,-5.025651273839382e-15,2.6945557968503374e-18
597.56,-5.024542911248955e-15,2.5420331310136814e-18
597.57,-5.024440969139704e-15,2.668301548622602e-18
597.58,-5.024654046956137e-15,2.8816296059440188e-18
597.59,-5.023487740973967e-15,2.6613093199982743e-18
597.6,-5.0229452873223475e-15,2.721595019092543e-18
597.61,-5.020645160749243e-15,1.5114828065510532e-18
597.62,-5.022809481162692e-15,2.7605136099717126e-18
597.63,-5.022192269230665e-15,2.750901002322349e-18
597.64,-5.022737839343082e-15,2.9957811515490275e-18
597.65,-5.0211479805352346e-15,2.661454585112524e-18
597.66,-5.02053637207933e-15,2.644453792725522e-18
597.67,-5.020252851155497e-15,2.664606782140555e-18
597.68,-5.020475199338594e-15,2.8066003076634284e-18
597.69,-5.019602140089691e-15,2.821489785123332e-18
597.7,-5.018925257757475e-15,2.659546562750396e-18
597.71,-5.019984892533301e-15,2.862819794605966e-18
597.72,-5.018552797471092e-15,2.749771696458263e-18
597.73,-5.018588410509681e-15,2.683357916236977e-18
597.74,-5.017267062821726e-15,2.6495590830785724e-18
597.75,-5.016860528614487e-15,2.6801054688595425e-18
597.76,-5.016247190430777e-15,2.549676448995937e-18
597.77,-5.0165531755920094e-15,2.7078199269407437e-18
597.78,-5.016077869953372e-15,2.7999187139985135e-18
597.79,-5.015893350396883e-15,2.821780592738137e-18
597.8,-5.014756277386102e-15,2.6729420299404535e-18
597.81,-5.0151117219113745e-15,2.840265237289988e-18
597.82,-5.014436408432387e-15,2.7179670864510355e-18
597.83,-5.0140400847410175e-15,2.7794938724290186e-18
597.84,-5.0132916189590645e-15,2.664895703080882e-18
597.85,-5.012711625700252e-15,2.4830515440783662e-18
597.86,-5.012872527786374e-15,2.9032271434512368e-18
597.87,-5.012319256993602e-15,2.781518552649052e-18
597.88,-5.012445070553229e-15,3.0706953734817612e-18
597.89,-5.0121765616613765e-15,2.970769350543251e-18
597.9,-5.0112427705366534e-15,2.8067841198635142e-18
597.91,-5.010627350201033e-15,2.7097039149216806e-18
597.92,-5.00974538905032e-15,2.6745596235761414e-18
597.93,-5.009810344868939e-15,2.697269742014619e-18
597.94,-5.0087803780746856e-15,2.524889174488232e-18
597.95,-5.008635553782697e-15,2.7541307739453877e-18
597.96,-5.008563997946259e-15,2.757745703758307e-18
597.97,-5.008113469526045e-15,2.769197040906914e-18
597.98,-5.008137231344715e-15,2.8407412302789867e-18
597.99,-5.007639597890606e-15,2.8488457544176274e-18
598.0,-5.007245430591149e-15,2.8454668669541644e-18
598.01,-5.006277925159338e-15,2.6666855323499912e-18
598.02,-5.005822725497415e-15,2.6056250563146137e-18
598.03,-5.005811941077577e-15,2.756151363573159e-18
598.04,-5.005393667321645e-15,2.786337437199884e-18
598.05,-5.004823572999236e-15,2.647561666397437e-18
598.06,-5.004493422709915e-15,2.7676178166955433e-18
598.07,-5.003698920862158e-15,2.5672299547402208e-18
598.08,-5.004024446110454e-15,2.8775482199583862e-18
598.09,-5.003436934767569e-15,2.744435697484954e-18
598.1,-5.002604424394691e-15,2.5675714271543705e-18
598.11,-5.002263120211714e-15,2.693681618454729e-18
598.12,-5.002121041173667e-15,2.5228082232490815e-18
598.13,-5.001737098819433e-15,2.865466041384925e-18
598.14,-5.001128138242371e-15,2.678091056853177e-18
598.15,-5.000689390970633e-15,2.637280641484398e-18
598.16,-5.000551429258464e-15,2.81816977550301e-18
598.17,-5.000366989979967e-15,2.768444345469084e-18
598.18,-5.000105778992498e-15,2.8980703393216567e-18
598.19,-4.999392491527001e-15,2.7464643879579084e-18
598.2,-4.998565328748686e-15,2.5508331763623258e-18
598.21,-4.997735365930068e-15,2.5284832916312196e-18
598.22,-4.997903737797919e-15,2.6622882192935673e-18
598.23,-4.997585480519191e-15,2.791023955033783e-18
598.24,-4.997394230442988e-15,2.6745578172739172e-18
598.25,-4.996365494062235e-15,2.626618352716675e-18
598.26,-4.996590412610302e-15,2.7263164902337625e-18
598.27,-4.9963961781960696e-15,2.759982808305817e-18
598.28,-4.995355056016041e-15,2.5733532759669685e-18
598.29,-4.995185604196549e-15,2.692813739769337e-18
598.3,-4.994661916877183e-15,2.6130500402225867e-18
598.31,-4.9946484278566234e-15,3.0990758540823485e-18
598.32,-4.993713496460918e-15,2.625352278948407e-18
598.33,-4.9936898092563985e-15,2.834097209671789e-18
598.34,-4.992626518539878e-15,2.647127524050621e-18
598.35,-4.9931450462657175e-15,2.74956697391226e-18
598.36,-4.992946307493119e-15,2.8551361548809916e-18
598.37,-4.991203802917841e-15,2.5657640330261792e-18
598.38,-4.991735151430495e-15,2.7806334390191865e-18
598.39,-4.989898089813366e-15,2.3588714756668237e-18
598.4,-4.991537472473949e-15,2.8091689166883483e-18
598.41,-4.990115038847278e-15,2.6367780875390153e-18
598.42,-4.989888186431672e-15,2.812710680334253e-18
598.43,-4.989703674667409e-15,2.704106680451907e-18
598.44,-4.988753342657055e-15,2.806823822572025e-18
598.45,-4.988922646759453e-15,2.79338062064825e-18
598.46,-4.9878910270102074e-15,2.5786423932319786e-18
598.47,-4.987918549615934e-15,2.7693929423841348e-18
598.48,-4.9841505070274375e-15,2.2907132883812086e-18
598.49,-4.987279669142154e-15,2.9145743288884295e-18
598.5,-4.987485871999005e-15,2.9145547883595483e-18
598.51,-4.9862049702230444e-15,2.7750473801763578e-18
598.52,-4.98578853419153e-15,2.6971668342629524e-18
598.53,-4.985341953315019e-15,2.6399784640798942e-18
598.54,-4.984637521730597e-15,2.718453985316368e-18
598.55,-4.984478014532618e-15,2.6386864510718165e-18
598.56,-4.983988480226584e-15,2.732435236100466e-18
598.57,-4.984995743183308e-15,3.479477124511247e-18
598.58,-4.983392360534199e-15,2.7568925416209467e-18
598.59,-4.982695797424638e-15,2.7119423366920983e-18
598.6,-4.982627229160571e-15,2.7569585419202502e-18
598.61,-4.982583582112879e-15,2.878745212293482e-18
598.62,-4.9816608761462224e-15,2.6028619116800123e-18
598.63,-4.981606422988651e-15,2.9973392239685946e-18
598.64,-4.981119525623205e-15,2.0870402499823656e-18
598.65,-4.980293382776559e-15,2.5047779923614297e-18
598.66,-4.980820818982357e-15,2.673033422737602e-18
598.67,-4.98000674462467e-15,2.7941147330468e-18
598.68,-4.9792299538019895e-15,2.604029743039353e-18
598.69,-4.979107025842716e-15,2.644209211597547e-18
598.7,-4.979429547502941e-15,2.9037920086028918e-18
598.71,-4.978561269784054e-15,2.7513435532788625e-18
598.72,-4.9780694214227416e-15,2.8372183540468917e-18
598.73,-4.976437501771193e-15,2.3292600730016634e-18
598.74,-4.976635141078908e-15,2.7887263275461898e-18
598.75,-4.976330464068853e-15,2.6192983369468678e-18
598.76,-4.9764518170377085e-15,2.970869005423776e-18
598.77,-4.975829148815577e-15,2.8699910980093283e-18
598.78,-4.9755262370714246e-15,2.942873621927524e-18
598.79,-4.9759964341766795e-15,3.2368843584364915e-18
598.8,-4.974550280332437e-15,2.8156759117525427e-18
598.81,-4.974334976897052e-15,2.926125580860256e-18
598.82,-4.9733101459200945e-15,2.4150137037436864e-18
598.83,-4.973004434233584e-15,2.676805771154137e-18
598.84,-4.972829460044304e-15,2.4597680826306977e-18
598.85,-4.972638031667817e-15,3.121747758114246e-18
598.86,-4.972160990736796e-15,2.850489732862155e-18
598.87,-4.971786541841273e-15,2.834055368179273e-18
598.88,-4.971611756005061e-15,2.8704945161045448e-18
598.89,-4.971010404165391e-15,2.8185527971469346e-18
598.9,-4.970778997726764e-15,2.867085310726152e-18
598.91,-4.969029329100806e-15,2.0338721296855256e-18
598.92,-4.969029119436781e-15,2.3648988454559146e-18
598.93,-4.970304854487611e-15,3.032535403733319e-18
598.94,-4.968512017225095e-15,2.6144445358190336e-18
598.95,-4.968318745029327e-15,2.6397056992132483e-18
598.96,-4.968070250779715e-15,2.700345767670836e-18
598.97,-4.967983650277923e-15,3.0749746878262184e-18
598.98,-4.966818018678073e-15,2.7251610502880393e-18
598.99,-4.967210462535742e-15,2.833092664189326e-18
599.0,-4.9654935355196025e-15,1.9563688028157873e-18
599.01,-4.967201634629592e-15,2.3263698346229065e-18
599.02,-4.96601480466337e-15,2.7484007047104342e-18
599.03,-4.9652901511962435e-15,2.6251323517624305e-18
599.04,-4.96564088506278e-15,2.8236684730630673e-18
599.05,-4.9640997459778045e-15,2.898109423012416e-18
599.06,-4.964437904945015e-15,2.9084631513102184e-18
599.07,-4.9636048170377906e-15,2.868873435524222e-18
599.08,-4.963419584022138e-15,2.7831735155648945e-18
599.09,-4.962060020549493e-15,1.4731856445908555e-18
599.1,-4.962011838707495e-15,2.6851480551136995e-18
599.11,-4.961760609185108e-15,2.630155470701497e-18
599.12,-4.96202037803394e-15,2.887253394853507e-18
599.13,-4.9615085319506904e-15,2.9180557126318488e-18
599.14,-4.961004642575222e-15,3.104545421472724e-18
599.15,-4.9604331528209235e-15,2.7817258315724894e-18
599.16,-4.960501779051454e-15,3.090238440440924e-18
599.17,-4.9602041698928755e-15,2.982617072917963e-18
599.18,-4.9626920133573705e-15,1.856526032498839e-18
599.19,-4.960190034637531e-15,2.987590120798658e-18
599.2,-4.958782449062643e-15,2.826843293201997e-18
599.21,-4.958132904094631e-15,2.738833596313945e-18
599.22,-4.957420133886265e-15,2.6876282592672228e-18
599.23,-4.957833661389545e-15,3.2095188915904894e-18
599.24,-4.955928264939159e-15,2.6604236831917718e-18
599.25,-4.956972309435641e-15,3.1919512822106617e-18
599.26,-4.956081922282176e-15,2.7260167451058544e-18
599.27,-4.959830174618879e-15,3.555879865268069e-18
599.28,-4.9559548552123924e-15,2.9611775486439717e-18
599.29,-4.953704028125076e-15,2.4635612820848775e-18
599.3,-4.954673517094609e-15,2.8572408963319413e-18
599.31,-4.9541585668334945e-15,2.8568640168133226e-18
599.32,-4.954071915956137e-15,3.203231182840639e-18
599.33,-4.9525193740907695e-15,2.524375323361922e-18
599.34,-4.952174482942423e-15,2.7775801297395823e-18
599.35,-4.9524774370989025e-15,2.846040872261006e-18
599.36,-4.955198308170284e-15,4.34444533150656e-18
599.37,-4.9517547385604e-15,2.909065232271176e-18
599.38,-4.9507808122072725e-15,2.5784905096173197e-18
599.39,-4.950344676664371e-15,2.575640782672307e-18
599.4,-4.950345500244977e-15,2.634895259015057e-18
599.41,-4.950380836619756e-15,2.4390169900888437e-18
599.42,-4.9494589417892375e-15,2.655979964867977e-18
599.43,-4.949530229692885e-15,2.7298590660277976e-18
599.44,-4.948888446454964e-15,2.826601458948837e-18
599.45,-4.951191881870423e-15,4.742972262960143e-18
599.46,-4.947917532660862e-15,2.705133539799693e-18
599.47,-4.947094237045736e-15,2.659093284895565e-18
599.48,-4.947168960185631e-15,2.800500151286849e-18
599.49,-4.9475097420097816e-15,2.667260419019889e-18
599.5,-4.946467402448799e-15,2.8164790808011746e-18
599.51,-4.9463426267036344e-15,2.8510593482049e-18
599.52,-4.945887992957692e-15,2.7545925923889238e-18
599.53,-4.945696961728882e-15,2.98857489957774e-18
599.54,-4.945228005776862e-15,3.924450070652867e-18
599.55,-4.9440402211172816e-15,2.688887738166236e-18
599.56,-4.943645509503484e-15,2.491738233611479e-18
599.57,-4.943572447630296e-15,2.7646063948624927e-18
599.58,-4.943744152357653e-15,2.899233313326903e-18
599.59,-4.942590103857462e-15,2.798458284503673e-18
599.6,-4.94307643390051e-15,2.9694365348918864e-18
599.61,-4.942046283454142e-15,2.7594552645795837e-18
599.62,-4.940957204844889e-15,2.487161058904668e-18
599.63,-4.9416584453913375e-15,3.620667981880382e-18
599.64,-4.940908268624309e-15,2.6994954258031017e-18
599.65,-4.940221741118212e-15,2.5523324418322135e-18
599.66,-4.9398116104873494e-15,2.6876148684993414e-18
599.67,-4.9395883679686806e-15,2.6561683857355283e-18
599.68,-4.9405724969997696e-15,2.668411462846884e-18
599.69,-4.939785379431881e-15,3.1814189887505236e-18
599.7,-4.938333436149737e-15,2.6901314866156413e-18
599.71,-4.938760487432042e-15,2.7826532194280372e-18
599.72,-4.937677820985176e-15,3.3887264949569067e-18
599.73,-4.937239564493144e-15,2.6349709775112725e-18
599.74,-4.939363739987703e-15,3.0851217979513477e-18
599.75,-4.9362523091965e-15,2.6587537585299902e-18
599.76,-4.935526004662374e-15,2.819344521114223e-18
599.77,-4.937661380554066e-15,3.1901332778917743e-18
599.78,-4.936534335184302e-15,3.362161940845098e-18
599.79,-4.934267364190124e-15,2.5786670559945203e-18
599.8,-4.934206630516756e-15,3.035309650139281e-18
599.81,-4.934718365348219e-15,3.2412188423760016e-18
599.82,-4.9333655369395786e-15,2.5926647403702524e-18
599.83,-4.934418697552768e-15,3.2170996037504892e-18
599.84,-4.932631542024859e-15,2.6620868671162277e-18
599.85,-4.9319511237460786e-15,2.5091256892098284e-18
599.86,-4.931714043867842e-15,2.683277804748718e-18
599.87,-4.932269000430786e-15,3.2721590931599926e-18
599.88,-4.930995506099413e-15,2.5724131457192143e-18
599.89,-4.930598141959268e-15,2.642487208479973e-18
599.9,-4.9305402169924534e-15,3.045245883481312e-18
599.91,-4.9298656908537555e-15,2.7250160574257475e-18
599.92,-4.929787415719439e-15,2.614776087097977e-18
599.93,-4.92912757066914e-15,2.7187512028323417e-18
599.94,-4.9288426216481846e-15,2.5916956166053955e-18
599.95,-4.928726068603861e-15,2.7520386836203628e-18
599.96,-4.928761548212395e-15,3.3084919274852904e-18
599.97,-4.92698622257936e-15,2.541855976084895e-18
599.98,-4.926937581776905e-15,2.7222255069716364e-18
599.99,-4.925656681670265e-15,2.277610843222818e-18
600.0,-4.9263692565208676e-15,2.5328514563502777e-18
